147;18;336;0;0;5;99;4.00;3;1;1;69;0;599;-2;0
147;18;336;0;0;11;99;3.00;3;1;1;78;0;1199;579;0
147;18;336;0;0;11;33;3.00;2;1;1;60;0;1133;-2;0
147;18;336;0;0;12;99;4.60;1;1;1;69;0;1299;-2;0
147;18;336;0;0;16;99;4.40;3;1;1;78;0;1699;486;0
147;18;336;0;0;18;99;3.40;2;1;1;77;0;1899;748;0
147;18;336;0;0;20;99;3.80;3;1;1;78;0;2099;379;0
147;18;336;0;0;21;99;3.20;6;2;1;77;0;2199;-2;0
147;18;336;0;0;26;99;3.80;2;1;1;76;0;2699;784;0
147;18;336;0;0;30;96;3.00;6;2;1;72;0;3096;882;0
147;18;336;0;0;30;99;5.20;2;1;1;72;0;3099;382;0
147;18;336;0;0;31;99;3.40;7;2;1;71;0;3199;-2;0
147;18;336;0;0;35;20;3.40;3;1;1;79;0;3520;1403;0
147;18;336;0;0;36;99;3.60;4;1;1;78;0;3699;-2;0
147;18;336;0;0;36;99;3.60;6;2;1;85;0;3699;588;0
147;18;336;0;0;37;61;3.40;3;1;1;77;0;3761;225;0
147;18;336;0;0;39;4;3.80;5;2;1;82;0;3904;-2;0
147;18;336;0;0;39;99;3.20;3;1;1;80;0;3999;222;0
147;18;336;0;0;42;21;3.40;6;2;1;80;0;4221;506;0
147;18;336;0;0;46;99;3.40;3;1;1;75;0;4699;685;0
147;18;336;0;0;47;9;3.00;2;1;1;81;0;4709;1584;0
147;18;336;0;0;47;46;3.40;3;1;1;83;0;4746;30;0
147;18;336;0;0;51;99;3.80;6;2;1;75;0;5199;962;0
147;18;336;0;0;53;99;3.60;3;1;1;82;0;5399;638;0
147;18;336;0;0;56;99;3.80;2;1;1;80;0;5699;976;0
147;18;336;0;0;58;59;4.20;6;2;1;76;0;5859;641;0
147;18;336;0;0;59;99;3.60;8;2;1;77;0;5999;-2;0
147;18;336;0;1;3;83;3.80;2;1;1;76;0;6383;666;0
147;18;336;0;1;3;99;3.40;6;2;1;78;0;6399;520;0
147;18;336;0;1;3;99;3.80;3;1;1;77;0;6399;984;0
147;18;336;0;1;12;99;10.80;6;2;2;87;0;7299;884;0
147;18;336;0;1;14;99;3.40;6;2;1;86;0;7499;155;0
147;18;336;0;1;19;99;3.60;6;2;1;83;0;7999;485;0
147;18;336;0;1;21;88;3.40;6;2;1;79;0;8188;173;0
147;18;336;0;1;23;11;3.60;5;2;1;93;0;8311;4390;0
147;18;336;0;1;26;99;3.80;3;1;1;75;0;8699;2282;0
147;18;336;0;1;27;99;3.80;2;1;1;77;0;8799;2398;0
147;18;336;0;1;28;99;3.40;1;1;1;70;0;8899;7576;0
147;18;336;0;1;31;73;3.60;2;1;1;74;0;9173;356;0
147;18;336;0;1;35;99;3.60;6;2;1;85;0;9599;1395;0
147;18;336;0;1;39;67;3.40;6;2;1;75;0;9967;352;0
147;18;336;0;1;43;4;3.60;7;2;1;80;0;10304;7087;0
147;18;336;0;1;51;39;3.40;3;1;1;79;0;11139;2421;0
147;18;336;0;1;55;99;3.80;3;1;1;83;0;11599;444;0
147;18;336;0;1;59;42;4.20;8;2;1;85;0;11942;5926;0
147;18;336;0;2;2;5;3.60;3;1;1;83;0;12205;589;0
147;18;336;0;2;3;4;4.00;2;1;1;75;0;12304;3113;0
147;18;336;0;2;4;0;4.00;4;1;1;76;0;12400;8684;0
147;18;336;0;2;13;99;3.60;3;1;1;94;0;13399;1178;0
147;18;336;0;2;14;17;5.00;2;1;1;63;0;13417;1093;0
147;18;336;0;2;15;99;3.60;6;2;1;85;0;13599;3615;0
147;18;336;0;2;15;99;4.00;1;1;1;74;0;13599;4682;0
147;18;336;0;2;15;99;3.80;3;1;1;82;0;13599;186;0
147;18;336;0;2;20;99;3.00;6;2;1;79;0;14099;484;0
147;18;336;0;2;22;15;3.80;6;2;1;80;0;14215;102;0
147;18;336;0;2;23;7;4.00;2;1;1;79;0;14307;861;0
147;18;336;0;2;24;27;3.40;2;1;1;80;0;14427;101;0
147;18;336;0;2;25;18;3.60;7;2;1;79;0;14518;4197;0
147;18;336;0;2;29;15;3.40;6;2;1;85;0;14915;682;0
147;18;336;0;2;31;99;4.00;3;1;1;76;0;15199;1583;0
147;18;336;0;2;33;99;4.00;6;2;1;79;0;15399;469;0
147;18;336;0;2;33;99;3.80;3;1;1;84;0;15399;181;0
147;18;336;0;2;39;99;3.80;3;1;1;72;0;15999;583;0
147;18;336;0;2;40;14;3.20;2;1;1;74;0;16014;1571;0
147;18;336;0;2;41;3;3.60;2;1;1;74;0;16103;73;0
147;18;336;0;2;49;9;3.80;7;2;1;78;0;16909;2374;0
147;18;336;0;2;53;50;4.60;8;2;1;78;0;17350;5390;0
147;18;336;0;2;54;99;3.40;1;1;1;86;0;17499;3880;0
147;18;336;0;2;54;99;3.60;2;1;1;84;0;17499;1378;0
147;18;336;0;2;57;88;13.60;2;1;4;78;0;17788;273;0
147;18;336;0;3;0;99;3.80;2;1;1;78;0;18099;248;0
147;18;336;0;3;3;28;3.80;5;2;1;84;0;18328;10003;0
147;18;336;0;3;3;52;3.60;3;1;1;70;0;18352;2334;0
147;18;336;0;3;7;99;3.20;6;2;1;66;0;18799;3381;0
147;18;336;0;3;10;99;4.00;6;2;1;70;0;19099;282;0
147;18;336;0;3;10;8;3.80;2;1;1;79;0;19008;891;0
147;18;336;0;3;11;99;3.40;2;1;1;77;0;19199;173;0
147;18;336;0;3;11;99;3.20;6;2;1;75;0;19199;79;0
147;18;336;0;3;13;49;4.20;3;1;1;84;0;19349;978;0
147;18;336;0;3;21;63;3.80;6;2;1;72;0;20163;948;0
147;18;336;0;3;24;99;3.60;6;2;1;72;0;20499;317;0
147;18;336;0;3;24;99;3.60;5;2;1;81;0;20499;2154;0
147;18;336;0;3;25;99;4.00;2;1;1;81;0;20599;1384;0
147;18;336;0;3;26;11;4.00;7;2;1;75;0;20611;3684;0
147;18;336;0;3;28;28;4.00;8;2;1;76;0;20828;3456;0
147;18;336;0;3;29;13;3.00;3;1;1;72;0;20913;1546;0
147;18;336;0;3;30;99;3.60;2;1;1;75;0;21099;482;0
147;18;336;0;3;31;16;3.40;6;2;1;72;0;21116;599;0
147;18;336;0;3;31;56;3.80;5;2;1;79;0;21156;641;0
147;18;336;0;3;32;99;3.40;6;2;1;74;0;21299;166;0
147;18;336;0;3;33;2;3.80;6;2;1;78;0;21302;-1;0
147;18;336;0;3;33;11;3.80;2;1;1;62;0;21311;194;0
147;18;336;0;3;40;27;3.00;1;1;1;82;0;22027;4513;0
147;18;336;0;3;40;99;4.20;6;2;1;80;0;22099;779;0
147;18;336;0;3;49;19;4.00;5;2;1;83;0;22919;1745;0
147;18;336;0;3;49;25;11.00;6;2;2;83;0;22925;807;0
147;18;336;0;3;56;99;3.20;1;1;1;72;0;23699;1658;0
147;18;336;0;4;3;99;3.80;3;1;1;95;0;24399;3471;0
147;18;336;0;4;5;61;3.60;8;2;1;67;0;24561;3714;0
147;18;336;0;4;5;99;4.00;1;1;1;81;0;24599;884;0
147;18;336;0;4;8;23;3.20;3;1;1;78;0;24823;409;0
147;18;336;0;4;8;99;3.40;6;2;1;75;0;24899;1926;0
147;18;336;0;4;17;15;4.00;6;2;1;75;0;25715;799;0
147;18;336;0;4;19;99;3.80;2;1;1;89;0;25999;4665;0
147;18;336;0;4;29;99;5.00;6;2;1;81;0;26999;1264;0
147;18;336;0;4;30;72;4.00;7;2;1;83;0;27072;6441;0
147;18;336;0;4;32;17;3.00;4;1;1;83;0;27217;14798;0
147;18;336;0;4;33;99;3.40;3;1;1;71;0;27399;2561;0
147;18;336;0;4;38;99;3.60;3;1;1;68;0;27899;482;0
147;18;336;0;4;41;21;3.80;6;2;1;84;0;28121;1099;0
147;18;336;0;4;42;20;4.00;7;2;1;95;0;28220;1130;0
147;18;336;0;4;43;51;3.20;4;1;1;77;0;28351;1120;0
147;18;336;0;4;43;53;3.20;3;1;1;71;0;28353;434;0
147;18;336;0;5;3;10;3.40;3;1;1;75;0;30310;1940;0
147;18;336;0;5;9;10;4.40;3;1;1;77;0;30910;583;0
147;18;336;0;5;12;99;3.80;3;1;1;76;0;31299;368;0
147;18;336;0;5;15;99;3.60;6;2;1;67;0;31599;3461;0
147;18;336;0;5;18;12;4.00;2;1;1;98;0;31812;5797;0
147;18;336;0;5;19;91;3.60;7;2;1;86;0;31991;3755;0
147;18;336;0;5;19;90;3.80;5;2;1;80;0;31990;9053;0
147;18;336;0;5;20;99;3.80;2;1;1;86;0;32099;272;0
147;18;336;0;5;22;98;4.40;6;2;1;79;0;32298;679;0
147;18;336;0;5;25;99;3.60;6;2;1;81;0;32599;280;0
147;18;336;0;5;29;99;4.40;3;1;1;76;0;32999;1682;0
147;18;336;0;5;30;99;3.80;7;2;1;83;0;33099;1092;0
147;18;336;0;5;34;71;3.00;3;1;1;71;0;33471;451;0
147;18;336;0;5;35;99;3.80;2;1;1;77;0;33599;1484;0
147;18;336;0;5;36;24;3.20;2;1;1;76;0;33624;7;0
147;18;336;0;5;40;99;3.60;7;2;1;88;0;34099;983;0
147;18;336;0;5;41;9;3.00;3;1;1;74;0;34109;622;0
147;18;336;0;5;45;99;7.80;6;2;6;88;0;34599;1984;0
147;18;336;0;5;50;94;3.80;2;1;1;79;0;35094;1454;0
147;18;336;0;5;50;99;3.20;8;2;1;71;0;35099;10518;0
147;18;336;0;5;51;5;3.80;6;2;1;77;0;35105;474;0
147;18;336;0;5;53;12;5.40;3;1;1;72;0;35312;1188;0
147;18;336;0;6;0;69;3.80;3;1;1;79;0;36069;730;0
147;18;336;0;6;4;13;3.20;3;1;1;79;0;36413;326;0
147;18;336;0;6;9;99;3.60;8;2;1;72;0;36999;1883;0
147;18;336;0;6;10;55;3.60;6;2;1;78;0;37055;1932;0
147;18;336;0;6;10;99;4.00;8;2;1;73;0;37099;82;0
147;18;336;0;6;11;99;3.60;3;1;1;85;0;37199;771;0
147;18;336;0;6;15;72;3.60;6;2;1;87;0;37572;500;0
147;18;336;0;6;19;99;4.00;6;2;1;87;0;37999;412;0
147;18;336;0;6;22;9;3.40;3;1;1;78;0;38209;994;0
147;18;336;0;6;23;99;3.60;6;2;1;79;0;38399;383;0
147;18;336;0;6;25;12;3.20;6;2;1;79;0;38512;96;0
147;18;336;0;6;29;10;3.40;1;1;1;77;0;38910;14293;0
147;18;336;0;6;37;99;3.20;6;2;1;82;0;39799;1272;0
147;18;336;0;6;41;88;4.20;8;2;1;82;0;40188;3069;0
147;18;336;0;6;44;99;3.40;7;2;1;81;0;40499;6385;0
147;18;336;0;6;44;99;3.40;6;2;1;82;0;40499;685;0
147;18;336;0;6;49;21;3.40;6;2;1;83;0;40921;407;0
147;18;336;0;6;51;64;3.40;5;2;1;87;0;41164;9156;0
147;18;336;0;6;51;71;3.20;2;1;1;78;0;41171;6059;0
147;18;336;0;6;51;76;3.40;6;2;1;69;0;41176;240;0
147;18;336;0;6;54;1;3.60;6;2;1;71;0;41401;207;0
147;18;336;0;6;56;20;3.40;6;2;1;72;0;41620;200;0
147;18;336;0;6;58;3;3.60;8;2;1;86;0;41803;1596;0
147;18;336;0;7;1;39;4.00;3;1;1;81;0;42139;3914;0
147;18;336;0;7;6;9;4.00;6;2;1;84;0;42609;972;0
147;18;336;0;7;5;73;7.40;7;2;1;66;0;42573;2058;0
147;18;336;0;7;7;97;3.60;7;2;1;73;0;42797;183;0
147;18;336;0;7;9;99;3.60;4;1;1;93;0;42999;14633;0
147;18;336;0;7;13;99;3.20;7;2;1;82;0;43399;584;0
147;18;336;0;7;14;3;3.20;3;1;1;85;0;43403;1246;0
147;18;336;0;7;15;8;2.80;6;2;1;84;0;43508;881;0
147;18;336;0;7;15;20;3.40;2;1;1;79;0;43520;2334;0
147;18;336;0;7;17;5;3.40;3;1;1;76;0;43705;288;0
147;18;336;0;7;25;99;3.80;2;1;1;67;0;44599;1063;0
147;18;336;0;7;26;11;3.20;6;2;1;79;0;44611;1091;0
147;18;336;0;7;27;72;3.60;2;1;1;65;0;44772;152;0
147;18;336;0;7;28;99;3.40;2;1;1;66;0;44899;107;0
147;18;336;0;7;37;83;3.80;6;2;1;78;0;45783;1157;0
147;18;336;0;7;38;99;3.60;2;1;1;68;0;45899;981;0
147;18;336;0;7;40;99;3.40;2;1;1;71;0;46099;180;0
147;18;336;0;7;42;16;3.00;7;2;1;72;0;46216;2802;0
147;18;336;0;7;45;99;4.00;7;2;1;83;0;46599;368;0
147;18;336;0;7;46;2;3.20;6;2;1;75;0;46602;801;0
147;18;336;0;7;46;10;4.00;3;1;1;79;0;46610;2888;0
147;18;336;0;7;46;99;4.00;7;2;1;85;0;46699;82;0
147;18;336;0;7;49;5;4.00;7;2;1;88;0;46905;189;0
147;18;336;0;7;50;75;3.80;3;1;1;76;0;47075;446;0
147;18;336;0;7;53;22;3.20;3;1;1;74;0;47322;229;0
147;18;336;0;7;55;45;3.40;8;2;1;66;0;47545;5726;0
147;18;336;0;7;56;13;3.80;3;1;1;79;0;47613;275;0
147;18;336;0;7;57;10;3.80;4;1;1;100;0;47710;4697;0
147;18;336;0;7;58;32;4.00;4;1;1;90;0;47832;108;0
147;18;336;0;8;3;5;3.20;3;1;1;78;0;48305;674;0
147;18;336;0;8;5;44;6.60;2;1;1;67;0;48544;2427;0
147;18;336;0;8;7;12;3.20;2;1;1;66;0;48712;132;0
147;18;336;0;8;8;20;3.60;6;2;1;76;0;48820;2202;0
147;18;336;0;8;9;32;3.40;7;2;1;93;0;48932;2010;0
147;18;336;0;8;11;99;3.00;2;1;1;73;0;49199;469;0
147;18;336;0;8;11;99;3.60;3;1;1;76;0;49199;879;0
147;18;336;0;8;13;78;2.80;3;1;1;77;0;49378;161;0
147;18;336;0;8;19;99;3.40;6;2;1;83;0;49999;1161;0
147;18;336;0;8;21;99;3.60;7;2;1;80;0;50199;1253;0
147;18;336;0;8;22;99;3.80;2;1;1;81;0;50299;1085;0
147;18;336;0;8;25;99;3.80;3;1;1;77;0;50599;1207;0
147;18;336;0;8;27;17;3.40;7;2;1;82;0;50717;501;0
147;18;336;0;8;27;99;3.80;3;1;1;78;0;50799;182;0
147;18;336;0;8;28;9;4.00;2;1;1;79;0;50809;493;0
147;18;336;0;8;29;99;3.40;3;1;1;81;0;50999;182;0
147;18;336;0;8;30;8;3.40;6;2;1;79;0;51008;994;0
147;18;336;0;8;32;99;4.00;4;1;1;79;0;51299;3451;0
147;18;336;0;8;35;12;3.60;6;2;1;83;0;51512;488;0
147;18;336;0;8;36;77;3.00;3;1;1;94;0;51677;662;0
147;18;336;0;8;40;21;4.00;6;2;1;88;0;52021;493;0
147;18;336;0;8;42;99;3.60;7;2;1;95;0;52299;1567;0
147;18;336;0;8;47;99;3.20;1;1;1;80;0;52799;13873;0
147;18;336;0;8;49;25;3.20;6;2;1;79;0;52925;887;0
147;18;336;0;8;50;99;3.80;6;2;1;77;0;53099;159;0
147;18;336;0;8;58;99;3.80;6;2;1;74;0;53899;782;0
147;18;336;0;8;59;71;3.00;5;2;1;82;0;53971;12792;0
147;18;336;0;9;5;99;4.00;7;2;1;82;0;54599;2286;0
147;18;336;0;9;10;99;3.80;6;2;1;75;0;55099;1181;0
147;18;336;0;9;11;5;4.00;3;1;1;85;0;55105;3416;0
147;18;336;0;9;14;59;4.00;3;1;1;81;0;55459;337;0
147;18;336;0;9;15;99;3.80;2;1;1;82;0;55599;4771;0
147;18;336;0;9;16;99;3.60;7;2;1;75;0;55699;1082;0
147;18;336;0;9;21;99;3.60;2;1;1;78;0;56199;583;0
147;18;336;0;9;25;99;4.00;3;1;1;77;0;56599;1122;0
147;18;336;0;9;26;99;4.00;2;1;1;87;0;56699;483;0
147;18;336;0;9;29;99;3.20;2;1;1;75;0;56999;283;0
147;18;336;0;9;31;99;4.00;6;2;1;81;0;57199;2081;0
147;18;336;0;9;31;99;3.80;5;2;1;83;0;57199;3214;0
147;18;336;0;9;38;19;3.60;6;2;1;76;0;57819;602;0
147;18;336;0;9;40;4;3.00;2;1;1;79;0;58004;989;0
147;18;336;0;9;48;99;3.40;6;2;1;76;0;58899;1062;0
147;18;336;0;9;53;99;3.20;2;1;1;81;0;59399;1381;0
147;18;336;0;9;59;99;3.80;8;2;1;69;0;59999;12435;0
147;18;336;0;10;6;16;3.00;4;1;1;71;0;60616;9298;0
147;18;336;0;10;6;86;3.20;3;1;1;59;0;60686;4068;0
147;18;336;0;10;7;99;3.60;7;2;1;84;0;60799;5082;0
147;18;336;0;10;9;12;3.40;6;2;1;74;0;60912;1996;0
147;18;336;0;10;9;99;3.80;3;1;1;64;0;60999;293;0
147;18;336;0;10;11;15;3.00;3;1;1;69;0;61115;94;0
147;18;336;0;10;15;0;3.20;6;2;1;79;0;61500;571;0
147;18;336;0;10;15;99;3.80;8;2;1;71;0;61599;1580;0
147;18;336;0;10;20;7;3.00;7;2;1;78;0;62007;1192;0
147;18;336;0;10;23;67;3.60;7;2;1;73;0;62367;346;0
147;18;336;0;10;24;99;4.00;6;2;1;80;0;62499;984;0
147;18;336;0;10;26;8;3.80;3;1;1;79;0;62608;1477;0
147;18;336;0;10;27;99;3.20;3;1;1;79;0;62799;173;0
147;18;336;0;10;33;19;4.00;2;1;1;107;0;63319;3905;0
147;18;336;0;10;36;20;3.80;3;1;1;78;0;63620;806;0
147;18;336;0;10;37;27;3.40;2;1;1;77;0;63727;394;0
147;18;336;0;10;47;8;3.40;6;2;1;78;0;64708;2191;0
147;18;336;0;10;48;99;3.00;2;1;1;75;0;64899;1156;0
147;18;336;0;10;49;99;3.60;6;2;1;80;0;64999;275;0
147;18;336;0;10;52;5;3.60;3;1;1;79;0;65205;1567;0
147;18;336;0;10;55;99;3.80;3;1;1;87;0;65599;377;0
147;18;336;0;10;57;67;3.20;2;1;1;77;0;65767;853;0
147;18;336;0;11;1;10;4.00;3;1;1;74;0;66110;495;0
147;18;336;0;11;1;99;3.20;6;2;1;87;0;66199;1183;0
147;18;336;0;11;1;12;4.00;2;1;1;71;0;66112;330;0
147;18;336;0;11;2;95;3.40;1;1;1;75;0;66295;13481;0
147;18;336;0;11;4;9;3.20;3;1;1;74;0;66409;279;0
147;18;336;0;11;5;99;3.40;3;1;1;74;0;66599;174;0
147;18;336;0;11;11;99;3.40;3;1;1;84;0;67199;583;0
147;18;336;0;11;16;99;4.00;3;1;1;70;0;67699;485;0
147;18;336;0;11;22;9;3.40;3;1;1;77;0;68209;489;0
147;18;336;0;11;27;2;3.40;6;2;1;73;0;68702;2489;0
147;18;336;0;11;27;15;3.80;5;2;1;81;0;68715;11499;0
147;18;336;0;11;28;74;12.20;3;1;2;71;0;68874;649;0
147;18;336;0;11;35;78;3.60;8;2;1;63;0;69578;7959;0
147;18;336;0;11;35;95;3.80;3;1;1;74;0;69595;659;0
147;18;336;0;11;36;99;3.80;4;1;1;80;0;69699;9067;0
147;18;336;0;11;37;82;8.60;2;1;2;68;0;69782;3649;0
147;18;336;0;11;38;65;3.60;6;2;1;67;0;69865;1146;0
147;18;336;0;11;39;7;3.60;2;1;1;68;0;69907;79;0
147;18;336;0;11;39;99;4.40;1;1;1;65;0;69999;3687;0
147;18;336;0;11;40;15;3.60;6;2;1;65;0;70015;130;0
147;18;336;0;11;41;99;3.80;1;1;1;70;0;70199;175;0
147;18;336;0;11;57;7;3.80;3;1;1;83;0;71707;2093;0
147;18;336;0;11;58;28;3.60;2;1;1;74;0;71828;1901;0
147;18;336;0;12;4;99;3.60;3;1;1;77;0;72499;775;0
147;18;336;0;12;9;99;3.20;6;2;1;75;0;72999;2964;0
147;18;336;0;12;14;99;3.20;3;1;1;69;0;73499;983;0
147;18;336;0;12;15;15;2.80;6;2;1;75;0;73515;500;0
147;18;336;0;12;22;99;3.80;4;1;1;83;0;74299;4582;0
147;18;336;0;12;23;27;3.20;3;1;1;76;0;74327;811;0
147;18;336;0;12;24;66;4.00;3;1;1;78;0;74466;123;0
147;18;336;0;12;28;99;3.60;6;2;1;79;0;74899;1370;0
147;18;336;0;12;31;27;3.60;6;2;1;79;0;75127;211;0
147;18;336;0;12;31;69;3.40;3;1;1;78;0;75169;684;0
147;18;336;0;12;32;99;3.80;2;1;1;77;0;75299;3453;0
147;18;336;0;12;37;99;3.60;1;1;1;70;0;75799;5580;0
147;18;336;0;12;43;99;3.60;3;1;1;79;0;76399;1214;0
147;18;336;0;12;44;24;3.60;5;2;1;74;0;76424;7692;0
147;18;336;0;12;53;7;3.00;3;1;1;81;0;77307;891;0
147;18;336;0;12;55;99;3.80;6;2;1;100;0;77599;2455;0
147;18;336;0;12;57;52;3.80;6;2;1;95;0;77752;139;0
147;18;336;0;13;1;99;3.40;3;1;1;81;0;78199;878;0
147;18;336;0;13;6;0;3.20;7;2;1;76;0;78600;16215;0
147;18;336;0;13;10;87;3.80;6;2;1;79;0;79087;1320;0
147;18;336;0;13;11;99;3.60;7;2;1;83;0;79199;583;0
147;18;336;0;13;13;99;3.80;6;2;1;80;0;79399;294;0
147;18;336;0;13;14;4;3.20;2;1;1;79;0;79404;4087;0
147;18;336;0;13;21;99;3.40;6;2;1;76;0;80199;782;0
147;18;336;0;13;23;99;4.00;4;1;1;77;0;80399;6083;0
147;18;336;0;13;24;99;3.60;2;1;1;75;0;80499;1080;0
147;18;336;0;13;25;21;16.40;6;2;4;80;0;80521;305;0
147;18;336;0;13;25;66;5.80;2;1;1;67;0;80566;49;0
147;18;336;0;13;27;99;3.20;3;1;1;57;0;80799;2584;0
147;18;336;0;13;29;99;3.60;6;2;1;89;0;80999;404;0
147;18;336;0;13;31;99;3.80;7;2;1;83;0;81199;1984;0
147;18;336;0;13;34;27;3.40;6;2;1;80;0;81427;413;0
147;18;336;0;13;39;99;3.20;7;2;1;76;0;81999;783;0
147;18;336;0;13;44;99;4.00;2;1;1;74;0;82499;1901;0
147;18;336;0;13;47;99;3.60;3;1;1;77;0;82799;1979;0
147;18;336;0;13;53;3;3.20;3;1;1;80;0;83303;487;0
147;18;336;0;13;53;28;3.40;7;2;1;80;0;83328;1313;0
147;18;336;0;13;53;47;3.00;6;2;1;74;0;83347;1904;0
147;18;336;0;13;54;99;3.80;4;1;1;72;0;83499;3081;0
147;18;336;0;13;56;65;5.00;7;2;1;75;0;83665;321;0
147;18;336;0;14;3;7;5.00;6;2;1;82;0;84307;945;0
147;18;336;0;14;3;1;3.60;3;1;1;73;0;84301;983;0
147;18;336;0;14;7;99;3.60;2;1;1;74;0;84799;2280;0
147;18;336;0;14;12;99;3.80;2;1;1;67;0;85299;482;0
147;18;336;0;14;13;10;3.60;8;2;1;69;0;85310;15711;0
147;18;336;0;14;16;21;3.60;2;1;1;80;0;85621;301;0
147;18;336;0;14;16;56;3.00;7;2;1;71;0;85656;1967;0
147;18;336;0;14;19;83;3.60;2;1;1;75;0;85983;345;0
147;18;336;0;14;25;99;4.40;2;1;1;69;0;86599;598;0
147;18;336;0;14;25;99;3.60;3;1;1;89;0;86599;2280;0
147;18;336;0;14;27;99;3.80;3;1;1;73;0;86799;185;0
147;18;336;0;14;29;76;3.20;6;2;1;75;0;86976;2647;0
147;18;336;0;14;31;16;3.40;3;1;1;74;0;87116;298;0
147;18;336;0;14;33;99;4.60;6;2;1;82;0;87399;407;0
147;18;336;0;14;35;99;3.80;7;2;1;76;0;87599;1927;0
147;18;336;0;14;35;99;3.40;2;1;1;71;0;87599;977;0
147;18;336;0;14;45;99;3.60;8;2;1;76;0;88599;3270;0
147;18;336;0;14;47;65;3.60;6;2;1;81;0;88765;1345;0
147;18;336;0;14;55;99;3.60;3;1;1;74;0;89599;2466;0
147;18;336;0;14;57;0;3.80;4;1;1;97;0;89700;6182;0
147;18;336;0;15;0;71;6.00;2;1;1;81;0;90071;2454;0
147;18;336;0;15;5;27;3.00;6;2;1;81;0;90527;1746;0
147;18;336;0;15;6;99;3.60;6;2;1;74;0;90699;158;0
147;18;336;0;15;7;99;3.80;2;1;1;78;0;90799;701;0
147;18;336;0;15;8;14;4.00;3;1;1;76;0;90814;1197;0
147;18;336;0;15;9;17;3.20;7;2;1;78;0;90917;3300;0
147;18;336;0;15;17;99;3.20;4;1;1;76;0;91799;2084;0
147;18;336;0;15;17;99;3.20;2;1;1;67;0;91799;982;0
147;18;336;0;15;23;4;3.40;3;1;1;68;0;92304;1471;0
147;18;336;0;15;24;99;3.20;3;1;1;68;0;92499;177;0
147;18;336;0;15;30;27;4.00;3;1;1;79;0;93027;511;0
147;18;336;0;15;31;99;3.20;4;1;1;82;0;93199;1384;0
147;18;336;0;15;31;99;5.00;6;2;1;83;0;93199;2482;0
147;18;336;0;15;33;52;4.00;3;1;1;78;0;93352;306;0
147;18;336;0;15;35;5;3.80;2;1;1;75;0;93505;1688;0
147;18;336;0;15;36;78;3.60;7;2;1;76;0;93678;2746;0
147;18;336;0;15;36;99;3.20;2;1;1;79;0;93699;175;0
147;18;336;0;15;48;28;3.80;2;1;1;91;0;94828;1114;0
147;18;336;0;15;51;92;4.00;8;2;1;85;0;95192;6575;0
147;18;336;0;15;53;99;5.00;6;2;1;78;0;95399;2178;0
147;18;336;0;15;54;93;11.60;2;1;3;78;0;95493;649;0
147;18;336;0;15;59;81;3.00;3;1;1;66;0;95981;2610;0
147;18;336;0;15;59;99;4.00;1;1;1;79;0;95999;20181;0
147;18;336;0;16;2;99;3.40;6;2;1;78;0;96299;876;0
147;18;336;0;16;4;99;3.40;2;1;1;76;0;96499;952;0
147;18;336;0;16;5;99;3.80;3;1;1;79;0;96599;601;0
147;18;336;0;16;17;99;3.40;7;2;1;77;0;97799;4103;0
147;18;336;0;16;19;58;3.40;5;2;1;87;0;97958;21516;0
147;18;336;0;16;20;7;4.00;6;2;1;76;0;98007;1692;0
147;18;336;0;16;21;11;3.60;6;2;1;79;0;98111;85;0
147;18;336;0;16;22;99;3.20;8;2;1;71;0;98299;3090;0
147;18;336;0;16;24;21;3.80;6;2;1;78;0;98421;293;0
147;18;336;0;16;27;9;3.00;3;1;1;73;0;98709;2092;0
147;18;336;0;16;27;82;3.80;2;1;1;78;0;98782;2266;0
147;18;336;0;16;28;99;3.80;1;1;1;77;0;98899;2881;0
147;18;336;0;16;30;99;2.80;3;1;1;75;0;99099;375;0
147;18;336;0;16;31;99;3.40;2;1;1;75;0;99199;399;0
147;18;336;0;16;37;27;3.00;6;2;1;82;0;99727;1288;0
147;18;336;0;17;2;5;3.60;7;2;1;92;0;102205;4390;0
147;18;336;0;17;3;26;3.60;3;1;1;86;0;102326;3213;0
147;18;336;0;17;5;11;3.80;6;2;1;78;0;102511;2770;0
147;18;336;0;17;5;33;3.00;7;2;1;74;0;102533;313;0
147;18;336;0;17;6;99;3.80;6;2;1;78;0;102699;170;0
147;18;336;0;17;6;99;3.40;5;2;1;78;0;102699;4726;0
147;18;336;0;17;9;99;3.60;6;2;1;75;0;102999;282;0
147;18;336;0;17;12;99;3.60;8;2;1;80;0;103299;4983;0
147;18;336;0;17;17;99;3.00;6;2;1;76;0;103799;782;0
147;18;336;0;17;19;10;3.20;3;1;1;76;0;103910;1568;0
147;18;336;0;17;26;68;3.20;7;2;1;81;0;104668;2120;0
147;18;336;0;17;26;99;3.40;3;1;1;75;0;104699;773;0
147;18;336;0;17;29;99;3.60;2;1;1;78;0;104999;5783;0
147;18;336;0;17;33;16;3.80;8;2;1;80;0;105316;2000;0
147;18;336;0;17;34;99;4.60;4;1;1;82;0;105499;12285;0
147;18;336;0;17;34;99;4.60;3;1;1;85;0;105499;783;0
147;18;336;0;17;35;5;4.00;4;1;1;87;0;105505;-1;0
147;18;336;0;17;36;12;3.60;2;1;1;77;0;105612;596;0
147;18;336;0;17;37;99;3.60;3;1;1;74;0;105799;280;0
147;18;336;0;17;39;99;5.20;3;1;1;83;0;105999;182;0
147;18;336;0;17;50;18;3.60;3;1;1;78;0;107018;996;0
147;18;336;0;17;52;99;3.80;6;2;1;74;0;107299;3485;0
147;18;336;0;18;0;99;3.20;3;1;1;61;0;108099;1064;0
147;18;336;0;18;9;16;3.40;7;2;1;80;0;108916;4233;0
147;18;336;0;18;10;21;3.40;2;1;1;83;0;109021;3392;0
147;18;336;0;18;14;41;3.40;6;2;1;77;0;109441;2123;0
147;18;336;0;18;15;8;4.20;8;2;1;80;0;109508;4174;0
147;18;336;0;18;16;99;3.20;2;1;1;69;0;109699;663;0
147;18;336;0;18;21;99;3.80;3;1;1;73;0;110199;2081;0
147;18;336;0;18;23;13;3.40;3;1;1;75;0;110313;95;0
147;18;336;0;18;23;99;3.20;6;2;1;77;0;110399;942;0
147;18;336;0;18;24;99;4.00;8;2;1;86;0;110499;972;0
147;18;336;0;18;28;99;3.40;3;1;1;82;0;110899;569;0
147;18;336;0;18;33;2;4.60;8;2;1;79;0;111302;786;0
147;18;336;0;18;37;54;3.80;2;1;1;81;0;111754;2038;0
147;18;336;0;18;49;99;3.40;6;2;1;76;0;112999;2585;0
147;18;336;0;18;52;23;3.60;6;2;1;79;0;113223;207;0
147;18;336;0;19;5;19;3.60;2;1;1;72;0;114519;2748;0
147;18;336;0;19;11;99;3.20;2;1;1;77;0;115199;662;0
147;18;336;0;19;27;99;3.60;3;1;1;77;0;116799;5885;0
147;18;336;0;19;30;99;4.00;2;1;1;73;0;117099;1885;0
147;18;336;0;19;31;77;3.80;7;2;1;78;0;117177;8245;0
147;18;336;0;19;34;16;2.80;2;1;1;71;0;117416;297;0
147;18;336;0;19;35;99;3.60;2;1;1;72;0;117599;168;0
147;18;336;0;19;37;21;3.60;6;2;1;83;0;117721;4481;0
147;18;336;0;19;45;99;3.80;1;1;1;71;0;118599;19682;0
147;18;336;0;19;49;76;3.40;7;2;1;87;0;118976;1781;0
147;18;336;0;19;53;99;3.60;3;1;1;84;0;119399;2583;0
147;18;336;0;19;55;99;4.00;3;1;1;84;0;119599;184;0
147;18;336;0;20;5;15;3.80;2;1;1;85;0;120515;2898;0
147;18;336;0;20;9;48;4.00;7;2;1;82;0;120948;1957;0
147;18;336;0;20;13;99;3.00;7;2;1;74;0;121399;433;0
147;18;336;0;20;15;94;3.00;2;1;1;69;0;121594;1062;0
147;18;336;0;20;16;99;4.20;6;2;1;79;0;121699;3962;0
147;18;336;0;20;18;99;3.20;5;2;1;81;0;121899;19184;0
147;18;336;0;20;22;0;3.80;3;1;1;78;0;122200;2583;0
147;18;336;0;20;22;8;3.40;6;2;1;85;0;122208;489;0
147;18;336;0;20;25;85;4.00;3;1;1;82;0;122585;367;0
147;18;336;0;20;29;99;3.60;6;2;1;76;0;122999;776;0
147;18;336;0;20;32;35;3.40;6;2;1;76;0;123235;218;0
147;18;336;0;20;34;17;3.60;6;2;1;80;0;123417;165;0
147;18;336;0;20;34;99;11.00;2;1;2;80;0;123499;1889;0
147;18;336;0;20;46;99;3.60;6;2;1;80;0;124699;1265;0
147;18;336;0;20;48;7;3.20;2;1;1;81;0;124807;1258;0
147;18;336;0;20;51;7;3.60;7;2;1;77;0;125107;3693;0
147;18;336;0;20;53;30;3.80;5;2;1;92;0;125330;3416;0
147;18;336;0;20;54;99;3.40;2;1;1;80;0;125499;677;0
147;18;336;0;20;59;99;4.20;6;2;1;83;0;125999;1283;0
147;18;336;0;21;4;4;3.20;2;1;1;75;0;126404;889;0
147;18;336;0;21;8;65;4.00;7;2;1;88;0;126865;1741;0
147;18;336;0;21;11;38;3.00;3;1;1;71;0;127138;4535;0
147;18;336;0;21;14;0;3.60;2;1;1;76;0;127400;980;0
147;18;336;0;21;14;99;2.80;6;2;1;84;0;127499;1481;0
147;18;336;0;21;24;99;4.00;6;2;1;79;0;128499;988;0
147;18;336;0;21;26;4;3.80;3;1;1;74;0;128604;1450;0
147;18;336;0;21;33;99;3.00;6;2;1;81;0;129399;881;0
147;18;336;0;21;34;60;4.40;4;1;1;81;0;129460;23938;0
147;18;336;0;21;34;79;3.60;3;1;1;77;0;129479;856;0
147;18;336;0;21;35;99;4.40;4;1;1;78;0;129599;119;0
147;18;336;0;21;40;99;3.80;2;1;1;76;0;130099;2681;0
147;18;336;0;21;43;99;3.40;2;1;1;93;0;130399;282;0
147;18;336;0;21;45;99;3.80;2;1;1;80;0;130599;186;0
147;18;336;0;21;50;99;3.40;2;1;1;82;0;131099;482;0
147;18;336;0;21;51;99;3.20;6;2;1;75;0;131199;1786;0
147;18;336;0;21;54;99;4.00;1;1;1;67;0;131499;12880;0
147;18;336;0;21;54;30;3.80;3;1;1;77;0;131430;1934;0
147;18;336;0;21;55;99;3.60;6;2;1;74;0;131599;384;0
147;18;336;0;21;59;99;3.80;3;1;1;76;0;131999;551;0
147;18;336;0;22;4;30;3.80;2;1;1;73;0;132430;1316;0
147;18;336;0;22;5;99;3.40;2;1;1;74;0;132599;150;0
147;18;336;0;22;12;15;3.80;5;2;1;77;0;133215;7870;0
147;18;336;0;22;13;99;3.60;6;2;1;69;0;133399;1782;0
147;18;336;0;22;14;23;3.20;7;2;1;78;0;133423;6541;0
147;18;336;0;22;15;18;3.80;6;2;1;76;0;133518;100;0
147;18;336;0;22;15;94;3.40;3;1;1;73;0;133594;1577;0
147;18;336;0;22;17;36;3.40;3;1;1;77;0;133736;125;0
147;18;336;0;22;20;55;3.20;6;2;1;79;0;134055;519;0
147;18;336;0;22;20;99;6.00;2;1;1;77;0;134099;1483;0
147;18;336;0;22;23;79;3.60;6;2;1;80;0;134379;309;0
147;18;336;0;22;29;99;3.80;8;2;1;71;0;134999;23676;0
147;18;336;0;22;30;16;3.40;5;2;1;77;0;135016;1783;0
147;18;336;0;22;36;2;3.20;7;2;1;80;0;135602;2164;0
147;18;336;0;22;39;18;3.20;3;1;1;86;0;135918;2166;0
147;18;336;0;22;45;99;3.40;3;1;1;85;0;136599;667;0
147;18;336;0;22;46;72;3.60;1;1;1;74;0;136672;5151;0
147;18;336;0;22;49;99;3.80;6;2;1;78;0;136999;2603;0
147;18;336;0;22;49;99;3.40;2;1;1;69;0;136999;2871;0
147;18;336;0;22;51;96;3.60;3;1;1;81;0;137196;582;0
147;18;336;0;22;55;99;3.80;6;2;1;77;0;137599;582;0
147;18;336;0;22;58;30;3.20;6;2;1;81;0;137830;213;0
147;18;336;0;23;2;99;3.40;6;2;1;88;0;138299;454;0
147;18;336;0;23;7;1;3.40;6;2;1;77;0;138701;388;0
147;18;336;0;23;8;99;3.60;2;1;1;79;0;138899;1882;0
147;18;336;0;23;11;14;4.20;8;2;1;85;0;139114;4095;0
147;18;336;0;23;11;15;4.40;6;2;1;76;0;139115;398;0
147;18;336;0;23;13;99;3.80;2;1;1;79;0;139399;483;0
147;18;336;0;23;14;22;3.40;6;2;1;82;0;139422;286;0
147;18;336;0;23;14;57;4.20;3;1;1;79;0;139457;2245;0
147;18;336;0;23;15;0;3.40;7;2;1;72;0;139500;3883;0
147;18;336;0;23;16;9;3.60;2;1;1;80;0;139609;192;0
147;18;336;0;23;17;20;3.20;6;2;1;74;0;139720;283;0
147;18;336;0;23;19;99;3.40;6;2;1;76;0;139999;263;0
147;18;336;0;23;24;17;3.60;6;2;1;77;0;140417;401;0
147;18;336;0;23;25;99;4.80;8;2;1;70;0;140599;1467;0
147;18;336;0;23;26;99;3.60;7;2;1;70;0;140699;1182;0
147;18;336;0;23;28;99;4.00;6;2;1;77;0;140899;465;0
147;18;336;0;23;30;99;3.60;3;1;1;81;0;141099;1622;0
147;18;336;0;23;34;12;4.00;6;2;1;83;0;141412;494;0
147;18;336;0;23;35;99;3.60;3;1;1;81;0;141599;484;0
147;18;336;0;23;37;50;4.00;6;2;1;81;0;141750;320;0
147;18;336;0;23;37;99;3.60;2;1;1;82;0;141799;2173;0
147;18;336;0;23;41;99;4.00;6;2;1;83;0;142199;431;0
147;18;336;0;23;58;99;3.20;6;2;1;76;0;143899;1682;0
147;18;336;0;24;0;99;3.40;6;2;1;82;0;144099;184;0
147;18;336;0;24;3;99;3.60;3;1;1;73;0;144399;2784;0
147;18;336;0;24;4;1;3.40;1;1;1;79;0;144401;7711;0
147;18;336;0;24;5;82;3.60;3;1;1;78;0;144582;165;0
147;18;336;0;24;6;99;6.20;7;2;1;87;0;144699;3981;0
147;18;336;0;24;10;55;3.40;6;2;1;79;0;145055;941;0
147;18;336;0;24;11;8;4.40;7;2;1;89;0;145108;383;0
147;18;336;0;24;11;99;3.60;2;1;1;72;0;145199;3384;0
147;18;336;0;24;12;29;3.60;2;1;1;76;0;145229;12;0
147;18;336;0;24;18;93;3.80;2;1;1;82;0;145893;646;0
147;18;336;0;24;21;99;4.00;3;1;1;77;0;146199;1600;0
147;18;336;0;24;23;4;3.20;2;1;1;78;0;146304;394;0
147;18;336;0;24;29;99;3.40;2;1;1;80;0;146999;680;0
147;18;336;0;24;35;99;3.40;3;1;1;72;0;147599;1381;0
147;18;336;0;24;35;33;3.00;2;1;1;90;0;147533;518;0
147;18;336;0;24;38;28;3.60;3;1;1;73;0;147828;212;0
147;18;336;0;24;40;11;3.40;6;2;1;74;0;148011;2940;0
147;18;336;0;24;41;99;3.60;7;2;1;87;0;148199;3073;0
147;18;336;0;24;49;99;3.40;3;1;1;78;0;148999;1153;0
147;18;336;0;24;50;99;3.00;7;2;1;72;0;149099;885;0
147;18;336;0;24;58;13;3.20;2;1;1;84;0;149813;2268;0
147;18;336;0;24;58;99;3.60;7;2;1;80;0;149899;785;0
147;18;336;0;25;0;99;3.80;4;1;1;81;0;150099;20479;0
147;18;336;0;25;2;99;3.60;6;2;1;82;0;150299;2271;0
147;18;336;0;25;3;99;3.00;2;1;1;76;0;150399;572;0
147;18;336;0;25;6;6;4.00;7;2;1;76;0;150606;690;0
147;18;336;0;25;7;99;3.00;2;1;1;59;0;150799;385;0
147;18;336;0;25;8;99;3.00;3;1;1;81;0;150899;1884;0
147;18;336;0;25;10;2;3.40;2;1;1;70;0;151002;184;0
147;18;336;0;25;23;99;3.40;2;1;1;82;0;152399;1379;0
147;18;336;0;25;25;2;3.20;3;1;1;89;0;152502;1589;0
147;18;336;0;25;28;99;3.40;2;1;1;78;0;152899;485;0
147;18;336;0;25;32;23;3.40;6;2;1;79;0;153223;2908;0
147;18;336;0;25;32;78;3.60;3;1;1;80;0;153278;763;0
147;18;336;0;25;34;23;3.40;6;2;1;97;0;153423;184;0
147;18;336;0;25;37;57;3.60;6;2;1;81;0;153757;321;0
147;18;336;0;25;39;24;3.20;2;1;1;77;0;153924;1009;0
147;18;336;0;25;39;25;3.80;7;2;1;81;0;153925;3300;0
147;18;336;0;25;44;99;4.00;1;1;1;86;0;154499;10082;0
147;18;336;0;25;45;99;3.60;6;2;1;73;0;154599;826;0
147;18;336;0;25;47;25;3.80;8;2;1;78;0;154725;14101;0
147;18;336;0;25;48;9;3.40;6;2;1;83;0;154809;192;0
147;18;336;0;25;55;74;4.00;7;2;1;80;0;155574;1632;0
147;18;336;0;25;59;19;3.80;3;1;1;75;0;155919;2624;0
147;18;336;0;26;0;66;3.20;1;1;1;75;0;156066;1550;0
147;18;336;0;26;3;81;3.20;6;2;1;86;0;156381;1557;0
147;18;336;0;26;8;59;3.20;7;2;1;75;0;156859;1267;0
147;18;336;0;26;11;99;3.60;3;1;1;71;0;157199;1261;0
147;18;336;0;26;13;72;4.20;4;1;1;84;0;157372;7256;0
147;18;336;0;26;16;12;3.60;6;2;1;76;0;157612;1217;0
147;18;336;0;26;22;99;3.40;6;2;1;88;0;158299;669;0
147;18;336;0;26;28;36;3.80;3;1;1;74;0;158836;1618;0
147;18;336;0;26;31;73;3.40;6;2;1;76;0;159173;860;0
147;18;336;0;26;40;99;3.20;6;2;1;80;0;160099;909;0
147;18;336;0;26;43;99;3.60;6;2;1;80;0;160399;285;0
147;18;336;0;26;50;99;3.40;7;2;1;87;0;161099;4224;0
147;18;336;0;26;50;99;4.60;1;1;1;72;0;161099;5017;0
147;18;336;0;26;53;99;3.40;3;1;1;75;0;161399;2544;0
147;18;336;0;26;54;71;3.20;7;2;1;82;0;161471;357;0
147;18;336;0;26;55;15;3.60;6;2;1;76;0;161515;1099;0
147;18;336;0;26;56;45;3.40;3;1;1;83;0;161645;229;0
147;18;336;0;26;58;1;3.60;3;1;1;85;0;161801;141;0
147;18;336;0;26;58;99;3.20;6;2;1;76;0;161899;366;0
147;18;336;0;27;3;23;3.60;7;2;1;91;0;162323;837;0
147;18;336;0;27;3;99;3.40;6;2;1;82;0;162399;484;0
147;18;336;0;27;13;99;3.40;4;1;1;76;0;163399;6009;0
147;18;336;0;27;15;88;3.80;2;1;1;65;0;163588;9649;0
147;18;336;0;27;18;99;4.00;3;1;1;79;0;163899;2082;0
147;18;336;0;27;19;32;3.60;6;2;1;87;0;163932;1518;0
147;18;336;0;27;22;60;3.40;6;2;1;79;0;164260;313;0
147;18;336;0;27;25;9;3.80;2;1;1;95;0;164509;899;0
147;18;336;0;27;26;99;3.00;6;2;1;74;0;164699;423;0
147;18;336;0;27;29;99;3.80;6;2;1;78;0;164999;285;0
147;18;336;0;27;30;88;3.60;3;1;1;81;0;165088;1170;0
147;18;336;0;27;30;99;3.20;7;2;1;77;0;165099;2761;0
147;18;336;0;27;32;72;3.80;6;2;1;77;0;165272;255;0
147;18;336;0;27;34;0;3.40;3;1;1;78;0;165400;296;0
147;18;336;0;27;34;99;3.40;6;2;1;75;0;165499;209;0
147;18;336;0;27;35;99;4.00;5;2;1;80;0;165599;30567;0
147;18;336;0;27;37;26;4.00;1;1;1;90;0;165726;4604;0
147;18;336;0;27;38;21;3.40;5;2;1;83;0;165821;204;0
147;18;336;0;27;39;5;3.80;2;1;1;89;0;165905;1381;0
147;18;336;0;27;39;11;3.60;8;2;1;80;0;165911;11168;0
147;18;336;0;27;40;15;3.80;7;2;1;79;0;166015;901;0
147;18;336;0;27;42;99;3.60;2;1;1;79;0;166299;378;0
147;18;336;0;27;42;29;4.20;8;2;1;79;0;166229;301;0
147;18;336;0;27;43;99;4.00;7;2;1;81;0;166399;366;0
147;18;336;0;27;43;99;4.00;3;1;1;65;0;166399;983;0
147;18;336;0;27;55;26;3.40;7;2;1;82;0;167526;1109;0
147;18;336;0;28;7;99;4.40;3;1;1;79;0;168799;2377;0
147;18;336;0;28;9;99;4.40;3;1;1;79;0;168999;179;0
147;18;336;0;28;10;22;3.20;2;1;1;94;0;169022;2706;0
147;18;336;0;28;16;99;3.00;2;1;1;79;0;169699;664;0
147;18;336;0;28;19;84;3.80;8;2;1;67;0;169984;3735;0
147;18;336;0;28;20;4;3.80;6;2;1;82;0;170004;4488;0
147;18;336;0;28;24;99;3.80;3;1;1;72;0;170499;1479;0
147;18;336;0;28;26;64;4.20;3;1;1;73;0;170664;146;0
147;18;336;0;28;27;99;3.60;4;1;1;74;0;170799;7383;0
147;18;336;0;28;29;0;3.40;3;1;1;75;0;170900;215;0
147;18;336;0;28;33;99;4.00;3;1;1;85;0;171399;482;0
147;18;336;0;28;45;99;3.80;6;2;1;79;0;172599;2578;0
147;18;336;0;28;46;11;3.00;2;1;1;80;0;172611;2898;0
147;18;336;0;28;47;99;3.80;3;1;1;86;0;172799;1383;0
147;18;336;0;28;50;5;3.80;6;2;1;77;0;173005;388;0
147;18;336;0;28;53;99;3.40;1;1;1;78;0;173399;7657;0
147;18;336;0;28;53;99;3.20;6;2;1;80;0;173399;376;0
147;18;336;0;28;54;75;3.80;4;1;1;87;0;173475;2658;0
147;18;336;0;28;55;99;3.40;3;1;1;79;0;173599;784;0
147;18;336;0;28;55;58;9.80;7;2;3;53;0;173558;6017;0
147;18;336;0;29;0;18;4.00;3;1;1;88;0;174018;403;0
147;18;336;0;29;4;49;3.60;6;2;1;72;0;174449;1035;0
147;18;336;0;29;9;46;3.20;3;1;1;76;0;174946;911;0
147;18;336;0;29;10;8;3.60;6;2;1;79;0;175008;541;0
147;18;336;0;29;14;99;3.20;2;1;1;74;0;175499;2874;0
147;18;336;0;29;22;13;3.60;3;1;1;74;0;176213;1251;0
147;18;336;0;29;23;99;3.20;5;2;1;85;0;176399;10563;0
147;18;336;0;29;24;99;3.40;2;1;1;81;0;176499;984;0
147;18;336;0;29;25;60;3.20;6;2;1;66;0;176560;1535;0
147;18;336;0;29;27;27;3.60;2;1;1;79;0;176727;212;0
147;18;336;0;29;30;53;3.60;5;2;1;78;0;177053;640;0
147;18;336;0;29;32;6;3.20;6;2;1;72;0;177206;628;0
147;18;336;0;29;38;92;4.00;1;1;1;90;0;177892;4477;0
147;18;336;0;29;39;99;4.00;2;1;1;70;0;177999;1255;0
147;18;336;0;29;42;99;10.60;3;1;3;78;0;178299;2068;0
147;18;336;0;29;42;12;4.00;2;1;1;75;0;178212;192;0
147;18;336;0;29;48;88;3.60;7;2;1;80;0;178888;5263;0
147;18;336;0;29;50;2;3.40;6;2;1;73;0;179002;1780;0
147;18;336;0;29;51;12;3.40;6;2;1;71;0;179112;93;0
147;18;336;0;30;1;75;3.60;6;2;1;80;0;180175;1045;0
147;18;336;0;30;2;99;3.80;3;1;1;80;0;180299;1951;0
147;18;336;0;30;9;99;3.60;7;2;1;82;0;180999;2094;0
147;18;336;0;30;9;99;3.40;6;2;1;75;0;180999;807;0
147;18;336;0;30;14;16;3.40;2;1;1;85;0;181416;3184;0
147;18;336;0;30;19;85;3.80;6;2;1;82;0;181985;969;0
147;18;336;0;30;20;99;4.00;3;1;1;81;0;182099;1782;0
147;18;336;0;30;24;3;3.60;2;1;1;78;0;182403;972;0
147;18;336;0;30;24;25;4.00;6;2;1;86;0;182425;423;0
147;18;336;0;30;26;46;3.80;7;2;1;80;0;182646;1631;0
147;18;336;0;30;27;99;3.40;5;2;1;81;0;182799;5729;0
147;18;336;0;30;37;99;4.00;8;2;1;80;0;183799;13794;0
147;18;336;0;30;48;99;3.40;3;1;1;81;0;184899;2782;0
147;18;336;0;31;4;19;4.00;8;2;1;100;0;186419;2602;0
147;18;336;0;31;17;99;3.20;2;1;1;87;0;187799;5379;0
147;18;336;0;31;18;99;3.80;2;1;1;84;0;187899;86;0
147;18;336;0;31;22;13;3.60;2;1;1;69;0;188213;297;0
147;18;336;0;31;24;99;3.40;2;1;1;77;0;188499;267;0
147;18;336;0;31;25;55;3.60;6;2;1;79;0;188555;6113;0
147;18;336;0;31;30;6;3.60;3;1;1;86;0;189006;4091;0
147;18;336;0;31;31;99;3.40;3;1;1;85;0;189199;177;0
147;18;336;0;31;38;55;4.00;3;1;1;78;0;189855;641;0
147;18;336;0;31;38;82;3.40;6;2;1;78;0;189882;1310;0
147;18;336;0;31;49;22;4.00;1;1;1;88;0;190922;13014;0
147;18;336;0;31;53;13;3.00;2;1;1;80;0;191313;2798;0
147;18;336;0;31;54;99;3.60;6;2;1;76;0;191499;1601;0
147;18;336;0;31;55;5;3.60;6;2;1;77;0;191505;-1;0
147;18;336;0;31;58;49;3.80;3;1;1;79;0;191849;1975;0
147;18;336;0;32;0;99;4.60;2;1;1;80;0;192099;772;0
147;18;336;0;32;4;93;3.80;4;1;1;81;0;192493;19002;0
147;18;336;0;32;7;99;3.80;2;1;1;71;0;192799;679;0
147;18;336;0;32;12;99;4.00;1;1;1;84;0;193299;2360;0
147;18;336;0;32;19;85;3.80;8;2;1;74;0;193985;7551;0
147;18;336;0;32;20;99;3.80;2;1;1;84;0;194099;1280;0
147;18;336;0;32;22;88;4.20;4;1;1;81;0;194288;1778;0
147;18;336;0;32;22;90;3.80;3;1;1;79;0;194290;2423;0
147;18;336;0;32;29;73;3.40;3;1;1;69;0;194973;665;0
147;18;336;0;32;33;99;3.60;3;1;1;68;0;195399;408;0
147;18;336;0;32;35;99;3.60;6;2;1;73;0;195599;4077;0
147;18;336;0;32;36;99;3.20;5;2;1;82;0;195699;12884;0
147;18;336;0;32;38;30;3.20;6;2;1;82;0;195830;213;0
147;18;336;0;32;44;47;3.60;3;1;1;82;0;196447;1028;0
147;18;336;0;32;46;99;3.40;3;1;1;72;0;196699;236;0
147;18;336;0;32;48;99;3.60;8;2;1;83;0;196899;2895;0
147;18;336;0;33;4;99;3.80;7;2;1;80;0;198499;15835;0
147;18;336;0;33;11;99;3.60;6;2;1;71;0;199199;3354;0
147;18;336;0;33;27;5;3.60;2;1;1;80;0;200705;6589;0
147;18;336;0;33;27;99;3.00;6;2;1;65;0;200799;1581;0
147;18;336;0;33;31;99;3.60;2;1;1;93;0;201199;477;0
147;18;336;0;33;33;54;4.00;4;1;1;83;0;201354;7047;0
147;18;336;0;33;35;29;3.60;6;2;1;77;0;201529;713;0
147;18;336;0;33;36;66;3.40;3;1;1;73;0;201666;4950;0
147;18;336;0;33;37;99;3.40;2;1;1;81;0;201799;586;0
147;18;336;0;33;48;99;3.20;3;1;1;82;0;202899;1216;0
147;18;336;0;33;54;99;3.80;1;1;1;72;0;203499;10182;0
147;18;336;0;33;57;99;3.20;3;1;1;78;0;203799;885;0
147;18;336;0;34;0;14;3.60;2;1;1;76;0;204014;2199;0
147;18;336;0;34;2;5;4.00;7;2;1;15;0;204205;5688;0
147;18;336;0;34;7;99;3.60;6;2;1;73;0;204799;3253;0
147;18;336;0;34;11;99;4.00;6;2;1;79;0;205199;382;0
147;18;336;0;34;20;99;4.40;6;2;1;76;0;206099;881;0
147;18;336;0;34;43;99;3.60;7;2;1;82;0;208399;4098;0
147;18;336;0;34;52;11;3.60;8;2;1;83;0;209211;12296;0
147;18;336;0;34;52;27;4.00;2;1;1;99;0;209227;5195;0
147;18;336;0;34;54;99;3.60;6;2;1;81;0;209499;3379;0
147;18;336;0;35;1;99;3.40;6;2;1;80;0;210199;684;0
147;18;336;0;35;5;68;4.40;6;2;1;101;0;210568;353;0
147;18;336;0;35;14;99;3.60;3;1;1;86;0;211499;7685;0
147;18;336;0;35;17;18;3.80;7;2;1;82;0;211718;3303;0
147;18;336;0;35;19;99;3.40;6;2;1;83;0;211999;1415;0
147;18;336;0;35;23;32;3.60;2;1;1;80;0;212332;3090;0
147;18;336;0;35;23;77;3.80;3;1;1;82;0;212377;862;0
147;18;336;0;35;25;22;3.40;6;2;1;77;0;212522;508;0
147;18;336;0;35;26;99;3.80;1;1;1;75;0;212699;9181;0
147;18;336;0;35;28;42;3.80;6;2;1;80;0;212842;304;0
147;18;336;0;35;29;99;3.40;3;1;1;76;0;212999;605;0
147;18;336;0;35;29;99;3.60;2;1;1;78;0;212999;650;0
147;18;336;0;35;32;99;3.60;2;1;1;85;0;213299;283;0
147;18;336;0;35;43;99;3.60;8;2;1;77;0;214399;5172;0
147;18;336;0;35;43;99;3.40;7;2;1;69;0;214399;2664;0
147;18;336;0;35;43;18;3.80;3;1;1;80;0;214318;1302;0
147;18;336;0;35;44;99;3.80;2;1;1;76;0;214499;1184;0
147;18;336;0;35;50;99;3.80;4;1;1;76;0;215099;13727;0
147;18;336;0;35;55;99;3.20;7;2;1;75;0;215599;1182;0
147;18;336;0;36;5;99;3.40;3;1;1;68;0;216599;2263;0
147;18;336;0;36;8;99;3.80;3;1;1;84;0;216899;282;0
147;18;336;0;36;21;99;3.80;6;2;1;83;0;218199;5339;0
147;18;336;0;36;22;24;3.80;3;1;1;87;0;218224;1308;0
147;18;336;0;36;24;99;3.60;3;1;1;78;0;218499;259;0
147;18;336;0;36;25;13;4.20;3;1;1;81;0;218513;-1;0
147;18;336;0;36;29;2;3.80;6;2;1;94;0;218902;686;0
147;18;336;0;36;33;15;3.40;6;2;1;75;0;219315;398;0
147;18;336;0;36;39;22;3.40;6;2;1;84;0;219922;590;0
147;18;336;0;36;49;99;3.60;3;1;1;80;0;220999;2467;0
147;18;336;0;36;52;3;3.40;2;1;1;79;0;221203;6686;0
147;18;336;0;36;53;99;3.60;6;2;1;66;0;221399;1462;0
147;18;336;0;36;56;99;3.40;6;2;1;78;0;221699;280;0
147;18;336;0;37;3;34;3.60;6;2;1;86;0;222334;619;0
147;18;336;0;37;9;99;3.80;2;1;1;85;0;222999;1780;0
147;18;336;0;37;15;99;3.60;6;2;1;77;0;223599;1249;0
147;18;336;0;37;15;16;3.60;2;1;1;82;0;223516;500;0
147;18;336;0;37;25;99;11.00;3;1;2;79;0;224599;3583;0
147;18;336;0;37;28;20;4.80;1;1;1;79;0;224820;12102;0
147;18;336;0;37;29;75;3.40;6;2;1;79;0;224975;1359;0
147;18;336;0;37;32;99;3.60;6;2;1;71;0;225299;308;0
147;18;336;0;37;38;99;3.80;6;2;1;81;0;225899;581;0
147;18;336;0;37;42;99;3.40;3;1;1;66;0;226299;1649;0
147;18;336;0;37;43;20;3.40;4;1;1;82;0;226320;11203;0
147;18;336;0;37;48;99;3.60;7;2;1;81;0;226899;11284;0
147;18;336;0;37;49;77;3.40;3;1;1;88;0;226977;659;0
147;18;336;0;37;50;99;3.00;7;2;1;80;0;227099;184;0
147;18;336;0;37;54;45;3.80;3;1;1;79;0;227445;454;0
147;18;336;0;38;5;1;3.40;6;2;1;75;0;228501;2585;0
147;18;336;0;38;10;4;3.80;1;1;1;74;0;229004;4162;0
147;18;336;0;38;13;99;3.80;7;2;1;82;0;229399;2286;0
147;18;336;0;38;37;99;3.20;6;2;1;79;0;231799;3281;0
147;18;336;0;38;44;99;3.80;6;2;1;78;0;232499;685;0
147;18;336;0;38;44;99;3.60;3;1;1;79;0;232499;5036;0
147;18;336;0;38;46;2;3.80;4;1;1;85;0;232602;6267;0
147;18;336;0;38;47;99;3.80;2;1;1;77;0;232799;9267;0
147;18;336;0;38;48;76;3.60;6;2;1;76;0;232876;359;0
147;18;336;0;38;51;99;3.40;3;1;1;88;0;233199;683;0
147;18;336;0;38;54;99;4.00;5;2;1;80;0;233499;37785;0
147;18;336;0;39;3;25;3.80;4;1;1;80;0;234325;1706;0
147;18;336;0;39;4;99;3.80;3;1;1;75;0;234499;1286;0
147;18;336;0;39;15;99;3.60;6;2;1;76;0;235599;2705;0
147;18;336;0;39;18;99;3.80;2;1;1;78;0;235899;3082;0
147;18;336;0;39;22;99;3.60;2;1;1;81;0;236299;382;0
147;18;336;0;39;26;62;4.20;6;2;1;84;0;236662;1045;0
147;18;336;0;39;27;99;7.20;2;1;1;76;0;236799;484;0
147;18;336;0;39;29;69;3.20;3;1;1;76;0;236969;2451;0
147;18;336;0;39;32;99;3.40;2;1;1;73;0;237299;465;0
147;18;336;0;39;40;99;3.60;4;1;1;77;0;238099;3756;0
147;18;336;0;39;44;71;3.40;6;2;1;78;0;238471;1791;0
147;18;336;0;39;47;47;3.80;7;2;1;79;0;238747;9331;0
147;18;336;0;39;49;21;3.40;2;1;1;83;0;238921;1605;0
147;18;336;0;39;54;1;3.20;1;1;1;71;0;239401;10378;0
147;18;336;0;39;54;99;3.40;3;1;1;80;0;239499;2514;0
147;18;336;0;39;56;17;3.20;6;2;1;82;0;239617;1130;0
147;18;336;0;39;58;22;3.60;6;2;1;89;0;239822;190;0
147;18;336;0;40;3;21;3.80;2;1;1;81;0;240321;1385;0
147;18;336;0;40;17;23;3.80;6;2;1;84;0;241723;1886;0
147;18;336;0;40;29;99;3.60;6;2;1;78;0;242999;1259;0
147;18;336;0;40;39;10;3.00;1;1;1;74;0;243910;4492;0
147;18;336;0;40;39;99;4.40;6;2;1;70;0;243999;983;0
147;18;336;0;40;40;99;4.20;8;2;1;77;0;244099;29683;0
147;18;336;0;40;47;17;3.80;3;1;1;76;0;244717;5202;0
147;18;336;0;40;54;99;3.00;6;2;1;78;0;245499;1477;0
147;18;336;0;41;2;99;3.80;2;1;1;75;0;246299;5961;0
147;18;336;0;41;4;59;4.40;6;2;1;73;0;246459;946;0
147;18;336;0;41;10;99;3.60;2;1;1;67;0;247099;781;0
147;18;336;0;41;10;99;4.00;7;2;1;77;0;247099;8334;0
147;18;336;0;41;15;99;3.20;2;1;1;71;0;247599;480;0
147;18;336;0;41;28;99;3.60;2;1;1;88;0;248899;1283;0
147;18;336;0;41;33;99;3.20;2;1;1;82;0;249399;485;0
147;18;336;0;41;35;25;3.60;2;1;1;88;0;249525;111;0
147;18;336;0;41;40;99;3.80;7;2;1;77;0;250099;2981;0
147;18;336;0;41;44;22;3.20;1;1;1;92;0;250422;6497;0
147;18;336;0;41;47;77;3.40;7;2;1;76;0;250777;660;0
147;18;336;0;41;49;99;3.40;6;2;1;83;0;250999;4518;0
147;18;336;0;42;0;10;3.60;7;2;1;85;0;252010;1216;0
147;18;336;0;42;6;11;4.60;7;2;1;82;0;252611;585;0
147;18;336;0;42;25;13;3.60;7;2;1;79;0;254513;1881;0
147;18;336;0;42;25;99;3.60;5;2;1;74;0;254599;21082;0
147;18;336;0;42;28;77;3.80;8;2;1;71;0;254877;10758;0
147;18;336;0;42;28;91;3.80;3;1;1;76;0;254891;10156;0
147;18;336;0;42;50;99;3.60;8;2;1;84;0;257099;2202;0
147;18;336;0;42;58;20;4.00;7;2;1;79;0;257820;3290;0
147;18;336;0;43;0;99;3.80;6;2;1;81;0;258099;7085;0
147;18;336;0;43;9;56;3.60;3;1;1;83;0;258956;4047;0
147;18;336;0;43;14;72;3.40;3;1;1;83;0;259472;500;0
147;18;336;0;43;29;99;3.60;6;2;1;79;0;260999;2883;0
147;18;336;0;43;31;99;3.80;3;1;1;88;0;261199;1712;0
147;18;336;0;43;32;57;3.60;1;1;1;78;0;261257;10822;0
147;18;336;0;43;42;8;3.60;3;1;1;78;0;262208;993;0
147;18;336;0;43;50;46;3.60;3;1;1;80;0;263046;821;0
147;18;336;0;43;51;99;6.20;4;1;1;76;0;263199;25083;0
147;18;336;0;43;55;19;3.60;7;2;1;80;0;263519;5680;0
147;18;336;0;43;55;82;3.40;3;1;1;72;0;263582;519;0
147;18;336;0;44;2;99;4.00;6;2;1;80;0;264299;3283;0
147;18;336;0;44;12;99;3.60;3;1;1;80;0;265299;1700;0
147;18;336;0;44;18;26;3.20;6;2;1;72;0;265826;1509;0
147;18;336;0;44;23;11;3.80;2;1;1;81;0;266311;16771;0
147;18;336;0;44;26;99;3.80;6;2;1;79;0;266699;857;0
147;18;336;0;44;34;99;3.20;3;1;1;71;0;267499;2183;0
147;18;336;0;44;39;98;3.60;6;2;1;76;0;267998;1281;0
147;18;336;0;44;43;99;2.80;6;2;1;77;0;268399;383;0
147;18;336;0;44;46;57;4.20;7;2;1;89;0;268657;5121;0
147;18;336;0;44;48;0;3.20;6;2;1;84;0;268800;387;0
147;18;336;0;44;51;11;3.80;7;2;1;84;0;269111;437;0
147;18;336;0;44;52;1;4.20;6;2;1;73;0;269201;387;0
147;18;336;0;44;53;99;3.40;6;2;1;74;0;269399;177;0
147;18;336;0;44;55;16;3.40;6;2;1;74;0;269516;100;0
147;18;336;0;44;56;99;3.80;8;2;1;76;0;269699;12584;0
147;18;336;0;44;56;16;3.00;3;1;1;77;0;269616;2100;0
147;18;336;0;44;59;62;4.60;6;2;1;90;0;269962;429;0
147;18;336;0;45;1;13;3.60;7;2;1;91;0;270113;985;0
147;18;336;0;45;2;17;4.20;7;2;1;94;0;270217;89;0
147;18;336;0;45;3;99;4.00;1;1;1;85;0;270399;9125;0
147;18;336;0;45;12;99;3.80;2;1;1;80;0;271299;4971;0
147;18;336;0;45;13;99;3.80;7;2;1;86;0;271399;1165;0
147;18;336;0;45;17;12;6.60;6;2;1;85;0;271712;1731;0
147;18;336;0;45;25;99;3.80;3;1;1;79;0;272599;2968;0
147;18;336;0;45;29;99;3.60;3;1;1;71;0;272999;382;0
147;18;336;0;45;30;18;4.20;4;1;1;98;0;273018;9789;0
147;18;336;0;45;32;65;4.00;6;2;1;82;0;273265;1525;0
147;18;336;0;45;33;27;3.40;3;1;1;81;0;273327;309;0
147;18;336;0;45;35;91;3.40;6;2;1;80;0;273591;308;0
147;18;336;0;45;42;99;3.40;6;2;1;73;0;274299;692;0
147;18;336;0;45;44;16;3.60;8;2;1;77;0;274416;4699;0
147;18;336;0;45;47;6;4.40;3;1;1;76;0;274706;1363;0
147;18;336;0;45;50;73;3.80;5;2;1;82;0;275073;20456;0
147;18;336;0;46;1;25;3.60;2;1;1;88;0;276125;4808;0
147;18;336;0;46;3;39;3.40;7;2;1;75;0;276339;4924;0
147;18;336;0;46;5;99;3.60;2;1;1;73;0;276599;459;0
147;18;336;0;46;6;99;3.60;7;2;1;78;0;276699;343;0
147;18;336;0;46;8;43;3.60;6;2;1;79;0;276843;2527;0
147;18;336;0;46;11;73;3.40;6;2;1;77;0;277173;313;0
147;18;336;0;46;13;4;3.00;6;2;1;78;0;277304;115;0
147;18;336;0;46;17;99;4.00;7;2;1;78;0;277799;1083;0
147;18;336;0;46;19;99;3.80;3;1;1;76;0;277999;3272;0
147;18;336;0;46;20;11;3.80;7;2;1;84;0;278011;193;0
147;18;336;0;46;22;99;3.20;3;1;1;71;0;278299;282;0
147;18;336;0;46;24;99;3.20;1;1;1;81;0;278499;8083;0
147;18;336;0;46;35;99;3.80;3;1;1;89;0;279599;1283;0
147;18;336;0;46;42;99;3.80;3;1;1;73;0;280299;684;0
147;18;336;0;46;50;2;4.00;3;1;1;79;0;281002;684;0
147;18;336;0;46;52;16;4.00;2;1;1;85;0;281216;4599;0
147;18;336;0;46;53;22;3.60;3;1;1;83;0;281322;301;0
147;18;336;0;47;0;99;2.80;2;1;1;72;0;282099;866;0
147;18;336;0;47;0;99;11.20;6;2;3;84;0;282099;4781;0
147;18;336;0;47;2;99;3.40;6;2;1;85;0;282299;152;0
147;18;336;0;47;9;99;3.60;1;1;1;82;0;282999;4485;0
147;18;336;0;47;11;99;3.40;3;1;1;72;0;283199;1861;0
147;18;336;0;47;19;99;3.60;2;1;1;83;0;283999;1886;0
147;18;336;0;47;20;72;3.20;6;2;1;75;0;284072;1758;0
147;18;336;0;47;22;12;3.60;7;2;1;69;0;284212;6184;0
147;18;336;0;47;25;37;3.40;3;1;1;76;0;284537;1321;0
147;18;336;0;47;26;99;3.60;5;2;1;81;0;284699;9609;0
147;18;336;0;47;27;50;3.80;3;1;1;78;0;284750;196;0
147;18;336;0;47;28;99;4.40;6;2;1;75;0;284899;811;0
147;18;336;0;47;33;78;3.40;2;1;1;72;0;285378;1363;0
147;18;336;0;47;34;99;3.40;2;1;1;73;0;285499;104;0
147;18;336;0;47;41;99;3.20;6;2;1;76;0;286199;1278;0
147;18;336;0;47;43;13;3.20;6;2;1;77;0;286313;98;0
147;18;336;0;47;43;81;3.80;5;2;1;82;0;286381;1666;0
147;18;336;0;47;47;99;5.00;6;2;1;78;0;286799;471;0
147;18;336;0;47;49;14;3.80;2;1;1;88;0;286914;1398;0
147;18;336;0;48;5;99;3.60;6;2;1;86;0;288599;1776;0
147;18;336;0;48;5;6;3.40;3;1;1;80;0;288506;3738;0
147;18;336;0;48;10;99;3.60;3;1;1;74;0;289099;577;0
147;18;336;0;48;10;99;5.80;1;1;1;79;0;289099;6084;0
147;18;336;0;48;20;99;3.60;7;2;1;76;0;290099;5868;0
147;18;336;0;48;21;27;4.00;3;1;1;93;0;290127;1010;0
147;18;336;0;48;22;99;4.00;7;2;1;83;0;290299;182;0
147;18;336;0;48;24;67;3.80;3;1;1;76;0;290467;324;0
147;18;336;0;48;25;99;4.00;6;2;1;81;0;290599;1984;0
147;18;336;0;48;33;99;3.80;6;2;1;84;0;291399;782;0
147;18;336;0;48;37;31;3.60;6;2;1;86;0;291731;315;0
147;18;336;0;48;38;99;3.80;6;2;1;80;0;291899;152;0
147;18;336;0;48;41;27;3.60;6;2;1;73;0;292127;210;0
147;18;336;0;48;46;99;4.00;3;1;1;79;0;292699;2214;0
147;18;336;0;48;47;99;3.40;2;1;1;72;0;292799;5869;0
147;18;336;0;48;48;99;3.40;2;1;1;74;0;292899;83;0
147;18;336;0;48;54;99;3.60;3;1;1;76;0;293499;781;0
147;18;336;0;48;56;99;3.20;4;1;1;83;0;293699;20665;0
147;18;336;0;48;56;99;3.60;2;1;1;77;0;293699;783;0
147;18;336;0;48;57;79;3.40;1;1;1;74;0;293779;4653;0
147;18;336;0;49;5;52;3.40;3;1;1;77;0;294552;1035;0
147;18;336;0;49;5;92;2.80;6;2;1;81;0;294592;2447;0
147;18;336;0;49;10;99;4.00;6;2;1;71;0;295099;494;0
147;18;336;0;49;14;16;4.00;7;2;1;83;0;295416;5099;0
147;18;336;0;49;20;13;4.20;7;2;1;88;0;296013;579;0
147;18;336;0;49;20;68;3.00;6;2;1;77;0;296068;948;0
147;18;336;0;49;23;25;3.80;3;1;1;86;0;296325;1757;0
147;18;336;0;49;29;99;4.60;3;1;1;68;0;296999;658;0
147;18;336;0;49;32;99;3.60;1;1;1;79;0;297299;3503;0
147;18;336;0;49;39;7;3.60;6;2;1;76;0;297907;1824;0
147;18;336;0;49;43;77;3.80;6;2;1;79;0;298377;452;0
147;18;336;0;49;48;37;3.80;2;1;1;89;0;298837;5121;0
147;18;336;0;49;53;99;3.60;2;1;1;78;0;299399;546;0
147;18;336;0;50;8;99;3.40;7;2;1;74;0;300899;4868;0
147;18;336;0;50;13;99;3.40;3;1;1;71;0;301399;4375;0
147;18;336;0;50;18;18;3.60;2;1;1;94;0;301818;2402;0
147;18;336;0;50;18;99;3.60;6;2;1;74;0;301899;3504;0
147;18;336;0;50;21;99;3.80;6;2;1;71;0;302199;282;0
147;18;336;0;50;28;99;3.40;6;2;1;94;0;302899;680;0
147;18;336;0;50;46;99;4.00;6;2;1;77;0;304699;1786;0
147;18;336;0;50;49;11;3.40;3;1;1;71;0;304911;3494;0
147;18;336;0;50;52;6;3.80;6;2;1;85;0;305206;488;0
147;18;336;0;51;4;27;3.60;6;2;1;103;0;306427;1204;0
147;18;336;0;51;14;22;3.20;7;2;1;73;0;307422;6506;0
147;18;336;0;51;14;99;3.60;6;2;1;79;0;307499;1059;0
147;18;336;0;51;19;99;3.80;6;2;1;82;0;307999;483;0
147;18;336;0;51;21;98;3.00;6;2;1;84;0;308198;182;0
147;18;336;0;51;27;99;4.40;3;1;1;70;0;308799;3870;0
147;18;336;0;51;28;47;3.60;2;1;1;62;0;308847;7015;0
147;18;336;0;51;33;21;3.40;6;2;1;88;0;309321;1110;0
147;18;336;0;51;37;99;3.60;1;1;1;77;0;309799;12483;0
147;18;336;0;51;58;2;3.40;6;2;1;72;0;311802;2467;0
147;18;336;0;52;5;99;3.60;2;1;1;74;0;312599;3731;0
147;18;336;0;52;9;95;3.60;3;1;1;78;0;312995;4173;0
147;18;336;0;52;11;38;3.40;3;1;1;72;0;313138;126;0
147;18;336;0;52;14;99;6.80;8;2;1;76;0;313499;39066;0
147;18;336;0;52;21;99;4.00;3;1;1;80;0;314199;1044;0
147;18;336;0;52;29;16;3.60;7;2;1;77;0;314916;7478;0
147;18;336;0;52;35;99;3.20;6;2;1;75;0;315599;3780;0
147;18;336;0;52;39;99;3.40;3;1;1;76;0;315999;1782;0
147;18;336;0;52;40;99;3.60;2;1;1;89;0;316099;3482;0
147;18;336;0;52;42;25;4.00;2;1;1;89;0;316225;111;0
147;18;336;0;52;45;26;3.80;1;1;1;87;0;316526;6710;0
147;18;336;0;52;47;99;3.40;3;1;1;74;0;316799;783;0
147;18;336;0;52;48;99;3.80;2;1;1;86;0;316899;657;0
147;18;336;0;52;50;52;5.40;4;1;1;85;0;317052;23339;0
147;18;336;0;52;51;99;3.20;3;1;1;81;0;317199;383;0
147;18;336;0;52;52;10;3.20;6;2;1;76;0;317210;1595;0
147;18;336;0;52;52;27;3.80;2;1;1;89;0;317227;312;0
147;18;336;0;52;54;8;4.60;6;2;1;80;0;317408;182;0
147;18;336;0;53;3;16;3.20;6;2;1;82;0;318316;887;0
147;18;336;0;53;12;7;3.80;1;1;1;80;0;319207;2665;0
147;18;336;0;53;14;99;4.00;3;1;1;81;0;319499;2285;0
147;18;336;0;53;21;72;3.40;1;1;1;82;0;320172;947;0
147;18;336;0;53;29;99;3.20;2;1;1;77;0;320999;3756;0
147;18;336;0;53;38;99;3.80;6;2;1;82;0;321899;3568;0
147;18;336;0;53;43;99;4.00;4;1;1;81;0;322399;5324;0
147;18;336;0;53;43;24;3.00;6;2;1;78;0;322324;408;0
147;18;336;0;53;44;43;3.60;3;1;1;57;0;322443;2926;0
147;18;336;0;53;45;99;3.40;6;2;1;77;0;322599;261;0
147;18;336;0;53;45;99;3.00;2;1;1;92;0;322599;1585;0
147;18;336;0;53;46;99;3.60;3;1;1;64;0;322699;233;0
147;18;336;0;53;49;66;3.80;3;1;1;129;0;322966;246;0
147;18;336;0;53;51;19;4.00;6;2;1;81;0;323119;504;0
147;18;336;0;53;53;99;5.40;3;1;1;73;0;323399;422;0
147;18;336;0;54;7;59;5.20;4;1;1;84;0;324759;2342;0
147;18;336;0;54;7;99;3.00;3;1;1;76;0;324799;1373;0
147;18;336;0;54;14;40;3.20;4;1;1;80;0;325440;658;0
147;18;336;0;54;17;11;3.40;6;2;1;76;0;325711;2574;0
147;18;336;0;54;17;85;3.60;2;1;1;76;0;325785;3174;0
147;18;336;0;54;20;75;3.80;7;2;1;83;0;326075;11142;0
147;18;336;0;54;20;99;3.80;3;1;1;79;0;326099;1285;0
147;18;336;0;54;28;99;3.20;2;1;1;77;0;326899;1096;0
147;18;336;0;54;31;2;4.40;7;2;1;80;0;327102;1010;0
147;18;336;0;54;32;25;3.20;6;2;1;87;0;327225;1497;0
147;18;336;0;54;44;99;2.40;2;1;1;69;0;328499;1585;0
147;18;336;0;54;44;99;4.40;3;1;1;69;0;328499;2382;0
147;18;336;0;54;48;29;3.60;7;2;1;84;0;328829;1707;0
147;18;336;0;54;52;99;4.20;6;2;1;70;0;329299;2060;0
147;18;336;0;54;59;99;3.60;6;2;1;77;0;329999;678;0
147;18;336;0;55;6;73;3.20;1;1;1;82;0;330673;10486;0
147;18;336;0;55;10;9;3.80;3;1;1;72;0;331009;2487;0
147;18;336;0;55;12;9;4.00;8;2;1;87;0;331209;17677;0
147;18;336;0;55;13;11;4.20;3;1;1;72;0;331311;283;0
147;18;336;0;55;17;1;3.60;3;1;1;72;0;331701;369;0
147;18;336;0;55;18;9;3.60;8;2;1;91;0;331809;583;0
147;18;336;0;55;18;24;4.00;6;2;1;85;0;331824;1808;0
147;18;336;0;55;25;4;3.80;6;2;1;82;0;332504;663;0
147;18;336;0;55;25;99;3.80;2;1;1;80;0;332599;4087;0
147;18;336;0;55;27;99;3.60;6;2;1;77;0;332799;278;0
147;18;336;0;55;33;99;3.20;5;2;1;81;0;333399;47001;0
147;18;336;0;55;33;99;3.60;7;2;1;78;0;333399;4554;0
147;18;336;0;55;35;8;3.60;6;2;1;78;0;333508;692;0
147;18;336;0;55;38;99;3.60;3;1;1;72;0;333899;2180;0
147;18;336;0;55;39;42;4.80;2;1;1;80;0;333942;1325;0
147;18;336;0;55;39;65;3.80;7;2;1;86;0;333965;549;0
147;18;336;0;55;43;99;3.80;1;1;1;73;0;334399;3711;0
147;18;336;0;55;43;99;3.60;6;2;1;76;0;334399;874;0
147;18;336;0;55;44;75;3.80;5;2;1;90;0;334475;1061;0
147;18;336;0;55;45;99;3.80;6;2;1;78;0;334599;182;0
147;18;336;0;55;45;99;3.80;2;1;1;81;0;334599;635;0
147;18;336;0;55;45;99;3.60;3;1;1;83;0;334599;682;0
147;18;336;0;55;48;99;3.40;6;2;1;78;0;334899;282;0
147;18;336;0;55;59;23;3.20;4;1;1;89;0;335923;10468;0
147;18;336;0;56;5;99;3.40;6;2;1;81;0;336599;1684;0
147;18;336;0;56;14;99;3.60;2;1;1;72;0;337499;2883;0
147;18;336;0;56;16;99;4.00;3;1;1;67;0;337699;3084;0
147;18;336;0;56;17;47;3.60;6;2;1;74;0;337747;1132;0
147;18;336;0;56;40;13;4.00;7;2;1;81;0;340013;6032;0
147;18;336;0;56;42;99;3.40;6;2;1;74;0;340299;2534;0
147;18;336;0;56;46;21;4.00;3;1;1;86;0;340621;2900;0
147;18;336;0;56;47;24;6.40;4;1;1;94;0;340724;4788;0
147;18;336;0;56;48;41;5.00;7;2;1;80;0;340841;810;0
147;18;336;0;56;56;83;6.60;6;2;1;79;0;341683;1367;0
147;18;336;0;56;58;72;3.40;7;2;1;80;0;341872;1008;0
147;18;336;0;57;2;99;3.60;7;2;1;76;0;342299;411;0
147;18;336;0;57;8;34;3.40;3;1;1;79;0;342834;2196;0
147;18;336;0;57;9;99;3.40;7;2;1;81;0;342999;682;0
147;18;336;0;57;12;99;3.80;3;1;1;82;0;343299;449;0
147;18;336;0;57;19;57;3.60;8;2;1;79;0;343957;12133;0
147;18;336;0;57;20;15;3.80;6;2;1;84;0;344015;2301;0
147;18;336;0;57;27;99;3.40;6;2;1;72;0;344799;767;0
147;18;336;0;57;31;20;3.80;6;2;1;85;0;345120;304;0
147;18;336;0;57;34;14;3.40;6;2;1;86;0;345414;277;0
147;18;336;0;57;51;99;3.20;6;2;1;75;0;347199;1770;0
147;18;336;0;58;24;99;3.20;6;2;1;72;0;350499;3284;0
147;18;336;0;58;27;32;4.00;7;2;1;89;0;350732;7717;0
147;18;336;0;58;28;29;3.20;7;2;1;86;0;350829;80;0
147;18;336;0;58;31;4;3.40;6;2;1;79;0;351104;589;0
147;18;336;0;58;35;99;3.20;6;2;1;77;0;351599;479;0
147;18;336;0;58;41;63;3.60;2;1;1;74;0;352163;14646;0
147;18;336;0;58;43;23;3.80;2;1;1;92;0;352323;142;0
147;18;336;0;58;45;8;3.80;3;1;1;77;0;352508;9192;0
147;18;336;0;58;48;27;3.60;3;1;1;102;0;352827;301;0
147;18;336;0;58;54;21;5.40;7;2;1;32;0;353421;2578;0
147;18;336;0;58;58;99;3.60;2;1;1;73;0;353899;1561;0
147;18;336;0;59;3;1;3.60;3;1;1;79;0;354301;1461;0
147;18;336;0;59;4;71;13.00;3;1;5;73;0;354471;153;0
147;18;336;0;59;12;99;3.60;3;1;1;77;0;355299;763;0
147;18;336;0;59;14;67;4.00;6;2;1;78;0;355467;3853;0
147;18;336;0;59;15;99;3.20;6;2;1;80;0;355599;113;0
147;18;336;0;59;19;52;3.60;7;2;1;76;0;355952;2470;0
147;18;336;0;59;21;23;4.00;2;1;1;82;0;356123;2206;0
147;18;336;0;59;20;9;4.00;7;2;1;13;0;356009;39;0
147;18;336;0;59;25;99;4.60;6;2;1;74;0;356599;985;0
147;18;336;0;59;26;99;4.40;6;2;1;80;0;356699;77;0
147;18;336;0;59;28;24;3.00;6;2;1;79;0;356824;105;0
147;18;336;0;59;34;30;3.00;6;2;1;80;0;357430;592;0
147;18;336;0;59;40;99;3.80;6;2;1;74;0;358099;655;0
147;18;336;0;59;42;76;3.40;6;2;1;81;0;358276;158;0
147;18;336;0;59;43;99;3.60;7;2;1;85;0;358399;2279;0
147;18;336;0;59;45;99;3.20;5;2;1;91;0;358599;24108;0
147;18;336;0;59;47;72;3.00;7;2;1;81;0;358772;357;0
147;18;336;0;59;49;99;3.40;3;1;1;80;0;358999;3683;0
147;18;336;1;0;0;33;3.60;3;1;1;79;0;360033;1018;0
147;18;336;1;0;7;28;3.60;3;1;1;91;0;360728;678;0
147;18;336;1;0;12;5;3.40;3;1;1;79;0;361205;462;0
147;18;336;1;0;16;99;3.20;3;1;1;85;0;361699;478;0
147;18;336;1;0;16;99;3.40;5;2;1;84;0;361699;3087;0
147;18;336;1;0;17;99;3.80;6;2;1;81;0;361799;3507;0
147;18;336;1;0;19;99;3.60;7;2;1;80;0;361999;3213;0
147;18;336;1;0;22;99;3.40;7;2;1;66;0;362299;283;0
147;18;336;1;0;25;99;7.20;3;1;2;79;0;362599;886;0
147;18;336;1;0;26;99;4.00;6;2;1;82;0;362699;883;0
147;18;336;1;0;31;6;3.80;6;2;1;76;0;363106;389;0
147;18;336;1;0;31;78;3.40;2;1;1;77;0;363178;7037;0
147;18;336;1;0;32;99;4.00;6;2;1;76;0;363299;175;0
147;18;336;1;0;35;99;3.60;7;2;1;71;0;363599;1281;0
147;18;336;1;0;37;2;3.80;6;2;1;79;0;363702;384;0
147;18;336;1;0;37;99;2.40;6;2;1;78;0;363799;79;0
147;18;336;1;0;38;99;4.00;5;2;1;82;0;363899;2185;0
147;18;336;1;0;38;99;3.40;3;1;1;76;0;363899;1267;0
147;18;336;1;0;38;15;3.60;2;1;1;76;0;363815;621;0
147;18;336;1;0;39;99;4.00;6;2;1;76;0;363999;188;0
147;18;336;1;0;42;26;3.60;3;1;1;83;0;364226;310;0
147;18;336;1;0;46;82;3.00;6;2;1;78;0;364682;664;0
147;18;336;1;0;50;14;3.40;6;2;1;68;0;365014;318;0
147;18;336;1;0;51;43;3.80;6;2;1;72;0;365143;111;0
147;18;336;1;0;53;99;3.40;6;2;1;78;0;365399;237;0
147;18;336;1;0;54;99;4.00;2;1;1;82;0;365499;1666;0
147;18;336;1;1;2;11;3.60;3;1;1;81;0;366211;1969;0
147;18;336;1;1;4;76;3.20;6;2;1;57;0;366476;1061;0
147;18;336;1;1;5;99;3.20;3;1;1;77;0;366599;372;0
147;18;336;1;1;15;99;3.00;6;2;1;83;0;367599;1102;0
147;18;336;1;1;23;11;3.20;1;1;1;66;0;368311;33893;0
147;18;336;1;1;23;99;3.60;6;2;1;73;0;368399;786;0
147;18;336;1;1;45;17;3.60;6;2;1;78;0;370517;2100;0
147;18;336;1;1;52;99;4.00;7;2;1;82;0;371299;7681;0
147;18;336;1;1;53;99;3.80;7;2;1;83;0;371399;82;0
147;18;336;1;1;57;24;4.00;8;2;1;94;0;371724;27750;0
147;18;336;1;1;59;99;3.60;3;1;1;67;0;371999;5385;0
147;18;336;1;2;1;99;5.80;3;1;1;68;0;372199;180;0
147;18;336;1;2;5;99;3.40;8;2;1;74;0;372599;859;0
147;18;336;1;2;9;99;3.60;7;2;1;77;0;372999;1583;0
147;18;336;1;2;17;99;3.40;2;1;1;75;0;373799;8282;0
147;18;336;1;2;28;99;3.40;2;1;1;82;0;374899;1083;0
147;18;336;1;2;35;7;3.40;6;2;1;76;0;375507;4973;0
147;18;336;1;2;41;23;3.60;1;1;1;84;0;376123;7794;0
147;18;336;1;2;54;26;3.20;3;1;1;76;0;377426;5196;0
147;18;336;1;2;57;17;3.80;4;1;1;78;0;377717;36968;0
147;18;336;1;2;57;83;3.60;3;1;1;73;0;377783;341;0
147;18;336;1;2;57;99;3.80;6;2;1;79;0;377799;2275;0
147;18;336;1;3;0;99;3.80;3;1;1;80;0;378099;298;0
147;18;336;1;3;2;55;3.60;2;1;1;76;0;378255;3341;0
147;18;336;1;3;3;99;4.80;2;1;1;80;0;378399;126;0
147;18;336;1;3;8;0;3.60;2;1;1;66;0;378800;379;0
147;18;336;1;3;18;99;3.40;3;1;1;80;0;379899;1782;0
147;18;336;1;3;21;99;4.20;3;1;1;94;0;380199;284;0
147;18;336;1;3;26;16;3.40;3;1;1;75;0;380616;400;0
147;18;336;1;3;27;51;3.40;8;2;1;58;0;380751;8135;0
147;18;336;1;3;31;99;2.80;7;2;1;71;0;381199;8183;0
147;18;336;1;3;33;99;3.00;6;2;1;80;0;381399;3582;0
147;18;336;1;3;36;99;5.00;2;1;1;76;0;381699;2879;0
147;18;336;1;3;37;99;3.60;7;2;1;78;0;381799;585;0
147;18;336;1;3;38;82;3.40;2;1;1;64;0;381882;159;0
147;18;336;1;3;39;99;3.20;7;2;1;75;0;381999;183;0
147;18;336;1;3;40;61;4.00;2;1;1;65;0;382061;159;0
147;18;336;1;3;42;28;4.00;3;1;1;75;0;382228;1595;0
147;18;336;1;3;53;93;6.80;7;2;1;73;0;383393;1378;0
147;18;336;1;3;57;99;3.60;3;1;1;74;0;383799;1551;0
147;18;336;1;3;58;53;3.00;3;1;1;73;0;383853;36;0
147;18;336;1;4;17;9;3.60;3;1;1;73;0;385709;1841;0
147;18;336;1;4;25;14;4.00;8;2;1;76;0;386514;5741;0
147;18;336;1;4;32;99;2.80;2;1;1;75;0;387299;5215;0
147;18;336;1;4;43;99;3.40;3;1;1;75;0;388399;2672;0
147;18;336;1;4;44;33;3.80;6;2;1;75;0;388433;7020;0
147;18;336;1;4;45;99;3.40;2;1;1;70;0;388599;1286;0
147;18;336;1;4;46;99;3.40;6;2;1;74;0;388699;247;0
147;18;336;1;4;48;99;3.60;1;1;1;69;0;388899;12760;0
147;18;336;1;4;57;2;3.40;7;2;1;82;0;389702;6275;0
147;18;336;1;5;1;99;4.00;3;1;1;76;0;390199;1783;0
147;18;336;1;5;2;16;3.20;6;2;1;79;0;390216;1500;0
147;18;336;1;5;6;99;3.40;2;1;1;77;0;390699;2082;0
147;18;336;1;5;8;99;4.40;7;2;1;67;0;390899;1182;0
147;18;336;1;5;9;99;4.00;5;2;1;76;0;390999;27082;0
147;18;336;1;5;10;99;3.00;6;2;1;69;0;391099;868;0
147;18;336;1;5;12;57;3.80;3;1;1;73;0;391257;1039;0
147;18;336;1;5;15;0;3.80;3;1;1;80;0;391500;224;0
147;18;336;1;5;20;97;3.40;6;2;1;80;0;392097;982;0
147;18;336;1;5;22;61;4.00;7;2;1;17;0;392261;1338;0
147;18;336;1;5;30;44;3.80;3;1;1;85;0;393044;1526;0
147;18;336;1;5;33;99;3.60;8;2;1;78;0;393399;6866;0
147;18;336;1;5;34;99;3.80;2;1;1;87;0;393499;2784;0
147;18;336;1;5;36;99;3.40;2;1;1;81;0;393699;184;0
147;18;336;1;5;39;99;3.60;2;1;1;58;0;393999;284;0
147;18;336;1;5;39;99;3.80;3;1;1;81;0;393999;938;0
147;18;336;1;5;41;93;4.00;2;1;1;66;0;394193;171;0
147;18;336;1;5;42;99;3.60;6;2;1;69;0;394299;2186;0
147;18;336;1;5;43;54;4.00;8;2;1;77;0;394354;938;0
147;18;336;1;5;44;99;4.00;6;2;1;99;0;394499;181;0
147;18;336;1;5;46;99;3.40;7;2;1;79;0;394699;2353;0
147;18;336;1;5;47;99;3.80;6;2;1;88;0;394799;285;0
147;18;336;1;5;49;99;3.80;3;1;1;78;0;394999;983;0
147;18;336;1;5;53;5;4.80;3;1;1;79;0;395305;288;0
147;18;336;1;5;57;99;3.40;5;2;1;84;0;395799;4781;0
147;18;336;1;5;57;99;3.80;1;1;1;77;0;395799;6881;0
147;18;336;1;5;58;19;3.60;6;2;1;76;0;395819;1004;0
147;18;336;1;5;59;99;3.00;3;1;1;81;0;395999;672;0
147;18;336;1;6;0;16;3.80;6;2;1;75;0;396016;179;0
147;18;336;1;6;5;99;3.80;7;2;1;72;0;396599;1884;0
147;18;336;1;6;16;49;5.80;2;1;1;76;0;397649;3434;0
147;18;336;1;6;17;2;3.80;4;1;1;84;0;397702;19967;0
147;18;336;1;6;18;99;3.60;3;1;1;79;0;397899;1886;0
147;18;336;1;6;18;99;4.00;2;1;1;69;0;397899;222;0
147;18;336;1;6;22;49;6.40;7;2;1;45;0;398249;1631;0
147;18;336;1;6;26;23;3.40;6;2;1;75;0;398623;2588;0
147;18;336;1;6;40;99;3.40;4;1;1;82;0;400099;2380;0
147;18;336;1;6;40;99;3.40;3;1;1;74;0;400099;2183;0
147;18;336;1;6;41;99;3.40;2;1;1;65;0;400199;2279;0
147;18;336;1;6;42;66;3.40;4;1;1;86;0;400266;152;0
147;18;336;1;6;55;99;3.80;8;2;1;77;0;401599;7226;0
147;18;336;1;6;56;99;3.80;6;2;1;77;0;401699;3059;0
147;18;336;1;7;13;1;4.00;3;1;1;82;0;403301;3185;0
147;18;336;1;7;26;99;4.00;2;1;1;80;0;404699;4481;0
147;18;336;1;7;29;99;3.20;6;2;1;82;0;404999;3282;0
147;18;336;1;7;31;79;3.80;7;2;1;79;0;405179;6878;0
147;18;336;1;7;32;99;4.80;7;2;1;88;0;405299;102;0
147;18;336;1;7;41;0;3.80;6;2;1;82;0;406100;1086;0
147;18;336;1;7;42;99;3.40;7;2;1;82;0;406299;980;0
147;18;336;1;7;43;62;3.20;6;2;1;73;0;406362;245;0
147;18;336;1;7;46;86;3.80;7;2;1;76;0;406686;372;0
147;18;336;1;7;47;99;3.40;3;1;1;72;0;406799;3480;0
147;18;336;1;7;48;14;4.00;6;2;1;74;0;406814;436;0
147;18;336;1;7;51;47;3.80;7;2;1;77;0;407147;443;0
147;18;336;1;7;52;99;3.80;6;2;1;83;0;407299;465;0
147;18;336;1;7;53;99;3.40;4;1;1;79;0;407399;7118;0
147;18;336;1;7;58;21;3.40;6;2;1;79;0;407821;505;0
147;18;336;1;7;58;99;3.80;3;1;1;80;0;407899;1083;0
147;18;336;1;8;3;22;3.20;3;1;1;74;0;408322;405;0
147;18;336;1;8;7;99;3.20;6;2;1;68;0;408799;962;0
147;18;336;1;8;9;65;3.60;1;1;1;72;0;408965;13148;0
147;18;336;1;8;10;99;4.00;6;2;1;76;0;409099;283;0
147;18;336;1;8;13;99;3.80;1;1;1;70;0;409399;416;0
147;18;336;1;8;22;99;4.00;8;2;1;88;0;410299;8682;0
147;18;336;1;8;24;31;3.40;2;1;1;78;0;410431;5714;0
147;18;336;1;8;27;64;3.80;6;2;1;85;0;410764;1646;0
147;18;336;1;8;28;99;3.80;1;1;1;74;0;410899;1480;0
147;18;336;1;8;33;99;6.00;8;2;1;98;0;411399;1083;0
147;18;336;1;8;34;43;3.80;2;1;1;77;0;411443;996;0
147;18;336;1;8;35;99;3.20;2;1;1;75;0;411599;138;0
147;18;336;1;8;40;99;4.00;7;2;1;87;0;412099;4934;0
147;18;336;1;8;42;8;3.20;3;1;1;76;0;412208;3870;0
147;18;336;1;8;48;99;4.60;3;1;1;81;0;412899;675;0
147;18;336;1;8;57;99;3.60;6;2;1;81;0;413799;3018;0
147;18;336;1;8;59;3;4.20;8;2;1;82;0;413903;2481;0
147;18;336;1;9;0;92;3.80;3;1;1;79;0;414092;1172;0
147;18;336;1;9;3;99;3.80;6;2;1;77;0;414399;584;0
147;18;336;1;9;2;55;4.20;7;2;1;14;0;414255;2139;0
147;18;336;1;9;8;99;3.60;3;1;1;82;0;414899;789;0
147;18;336;1;9;13;6;3.80;2;1;1;82;0;415306;3691;0
147;18;336;1;9;14;99;3.80;6;2;1;73;0;415499;1082;0
147;18;336;1;9;18;9;3.00;6;2;1;76;0;415809;291;0
147;18;336;1;9;20;7;3.80;4;1;1;88;0;416007;8592;0
147;18;336;1;9;20;0;3.60;3;1;1;72;0;416000;1085;0
147;18;336;1;9;23;5;4.00;1;1;1;80;0;416305;5387;0
147;18;336;1;9;36;59;3.20;6;2;1;65;0;417659;1835;0
147;18;336;1;9;39;18;5.20;2;1;1;78;0;417918;2595;0
147;18;336;1;9;39;99;3.00;6;2;1;81;0;417999;322;0
147;18;336;1;9;48;4;3.80;3;1;1;79;0;418804;2786;0
147;18;336;1;9;48;99;4.80;8;2;1;79;0;418899;4977;0
147;18;336;1;9;50;99;4.00;3;1;1;81;0;419099;277;0
147;18;336;1;9;50;99;4.00;6;2;1;77;0;419099;1086;0
147;18;336;1;9;52;16;3.60;2;1;1;81;0;419216;1274;0
147;18;336;1;9;52;99;4.00;6;2;1;79;0;419299;181;0
147;18;336;1;10;2;99;3.00;6;2;1;75;0;420299;981;0
147;18;336;1;10;5;99;3.20;5;2;1;87;0;420599;24785;0
147;18;336;1;10;5;99;4.00;6;2;1;81;0;420599;285;0
147;18;336;1;10;5;99;3.60;8;2;1;72;0;420599;1678;0
147;18;336;1;10;9;8;3.40;6;2;1;79;0;420908;291;0
147;18;336;1;10;18;99;3.60;6;2;1;68;0;421899;975;0
147;18;336;1;10;23;99;3.80;7;2;1;84;0;422399;8036;0
147;18;336;1;10;31;99;3.00;6;2;1;79;0;423199;1280;0
147;18;336;1;10;36;12;3.40;3;1;1;81;0;423612;4495;0
147;18;336;1;10;37;15;4.20;4;1;1;85;0;423715;7692;0
147;18;336;1;10;37;37;3.80;7;2;1;82;0;423737;1321;0
147;18;336;1;10;46;86;6.00;7;2;1;66;0;424686;932;0
147;18;336;1;10;48;99;3.00;6;2;1;79;0;424899;1686;0
147;18;336;1;10;48;99;3.80;4;1;1;81;0;424899;1166;0
147;18;336;1;10;52;48;4.00;7;2;1;13;0;425248;529;0
147;18;336;1;10;57;3;3.40;3;1;1;78;0;425703;2075;0
147;18;336;1;11;0;56;3.60;3;1;1;77;0;426056;337;0
147;18;336;1;11;3;42;3.60;3;1;1;79;0;426342;269;0
147;18;336;1;11;10;18;3.40;6;2;1;75;0;427018;2105;0
147;18;336;1;11;12;99;3.20;8;2;1;85;0;427299;6682;0
147;18;336;1;11;12;99;3.40;6;2;1;74;0;427299;264;0
147;18;336;1;11;18;45;3.80;6;2;1;85;0;427845;529;0
147;18;336;1;11;19;99;3.00;3;1;1;71;0;427999;1640;0
147;18;336;1;11;24;20;3.80;4;1;1;96;0;428420;3504;0
147;18;336;1;11;34;99;3.60;6;2;1;77;0;429499;1637;0
147;18;336;1;11;35;99;3.20;2;1;1;74;0;429599;10367;0
147;18;336;1;11;38;99;3.60;2;1;1;74;0;429899;284;0
147;18;336;1;11;43;5;3.60;7;2;1;85;0;430305;4946;0
147;18;336;1;11;45;99;4.00;3;1;1;80;0;430599;2584;0
147;18;336;1;11;49;40;3.80;2;1;1;76;0;430940;1023;0
147;18;336;1;11;55;99;3.60;6;2;1;81;0;431599;2083;0
147;18;336;1;12;0;99;3.40;6;2;1;79;0;432099;484;0
147;18;336;1;12;9;8;3.40;7;2;1;81;0;432908;2587;0
147;18;336;1;12;11;99;3.80;6;2;1;80;0;433199;1084;0
147;18;336;1;12;19;99;4.60;6;2;1;85;0;433999;782;0
147;18;336;1;12;19;7;3.40;1;1;1;53;0;433907;17584;0
147;18;336;1;12;20;99;3.60;7;2;1;89;0;434099;1175;0
147;18;336;1;12;26;8;3.80;6;2;1;88;0;434608;589;0
147;18;336;1;12;36;99;3.60;7;2;1;79;0;435699;1585;0
147;18;336;1;12;37;1;4.00;2;1;1;82;0;435701;4743;0
147;18;336;1;12;38;67;3.80;1;1;1;58;0;435867;1936;0
147;18;336;1;12;46;99;3.80;5;2;1;80;0;436699;16086;0
147;18;336;1;12;46;99;3.80;2;1;1;82;0;436699;980;0
147;18;336;1;12;50;37;3.80;3;1;1;76;0;437037;6420;0
147;18;336;1;12;56;99;3.80;6;2;1;79;0;437699;3075;0
147;18;336;1;13;12;99;3.20;7;2;1;88;0;439299;3583;0
147;18;336;1;13;13;0;3.20;6;2;1;77;0;439300;1583;0
147;18;336;1;13;13;26;3.00;3;1;1;78;0;439326;2271;0
147;18;336;1;13;15;6;3.80;2;1;1;68;0;439506;2790;0
147;18;336;1;13;22;99;3.80;2;1;1;75;0;440299;772;0
147;18;336;1;13;26;25;4.00;1;1;1;69;0;440625;4734;0
147;18;336;1;13;26;3;4.60;2;1;1;69;0;440603;285;0
147;18;336;1;13;40;4;3.80;8;2;1;71;0;442004;14691;0
147;18;336;1;13;44;57;3.60;6;2;1;80;0;442457;3142;0
147;18;336;1;13;49;54;3.80;6;2;1;76;0;442954;480;0
147;18;336;1;13;53;22;4.00;2;1;1;78;0;443322;2695;0
147;18;336;1;14;2;55;3.60;7;2;1;78;0;444255;4942;0
147;18;336;1;14;3;99;3.80;6;2;1;86;0;444399;1427;0
147;18;336;1;14;3;99;3.40;2;1;1;87;0;444399;1058;0
147;18;336;1;14;4;16;3.60;6;2;1;76;0;444416;1;0
147;18;336;1;14;7;63;3.20;6;2;1;80;0;444763;329;0
147;18;336;1;14;12;3;3.40;6;2;1;81;0;445203;425;0
147;18;336;1;14;15;41;3.40;7;2;1;76;0;445541;1269;0
147;18;336;1;14;18;99;3.20;6;2;1;79;0;445899;680;0
147;18;336;1;14;24;99;4.00;3;1;1;80;0;446499;7159;0
147;18;336;1;14;36;0;3.60;6;2;1;65;0;447600;1686;0
147;18;336;1;14;37;99;3.60;7;2;1;76;0;447799;2241;0
147;18;336;1;14;38;84;3.00;5;2;1;79;0;447884;11167;0
147;18;336;1;14;39;99;6.20;6;2;1;71;0;447999;379;0
147;18;336;1;14;57;7;3.60;5;2;1;74;0;449707;1809;0
147;18;336;1;14;58;1;3.60;6;2;1;72;0;449801;1770;0
147;18;336;1;14;59;92;3.40;3;1;1;64;0;449992;3475;0
147;18;336;1;15;21;36;4.00;6;2;1;76;0;452136;2317;0
147;18;336;1;15;26;1;3.60;3;1;1;77;0;452601;2589;0
147;18;336;1;15;28;99;3.20;6;2;1;83;0;452899;744;0
147;18;336;1;15;32;94;3.20;7;2;1;75;0;453294;5477;0
147;18;336;1;15;35;99;3.80;3;1;1;70;0;453599;981;0
147;18;336;1;15;37;0;3.80;2;1;1;71;0;453700;9286;0
147;18;336;1;15;38;99;4.60;2;1;1;69;0;453899;179;0
147;18;336;1;15;39;8;3.80;3;1;1;77;0;453908;289;0
147;18;336;1;15;40;99;3.60;6;2;1;66;0;454099;1186;0
147;18;336;1;15;51;99;3.60;6;2;1;81;0;455199;1080;0
147;18;336;1;15;53;99;3.40;7;2;1;91;0;455399;2089;0
147;18;336;1;15;57;68;4.40;6;2;1;72;0;455768;553;0
147;18;336;1;16;6;99;4.00;5;2;1;82;0;456699;6974;0
147;18;336;1;16;7;7;3.60;3;1;1;80;0;456707;2781;0
147;18;336;1;16;11;99;3.00;3;1;1;83;0;457199;475;0
147;18;336;1;16;48;40;3.40;2;1;1;83;0;460840;6917;0
147;18;336;1;16;51;28;12.60;2;1;3;82;0;461128;273;0
147;18;336;1;16;54;0;3.80;2;1;1;77;0;461400;216;0
147;18;336;1;16;58;0;4.00;7;2;1;12;0;461800;6387;0
147;18;336;1;17;3;2;3.40;2;1;1;68;0;462302;884;0
147;18;336;1;17;5;3;3.60;6;2;1;75;0;462503;6713;0
147;18;336;1;17;7;99;4.00;6;2;1;75;0;462799;278;0
147;18;336;1;17;8;99;3.40;3;1;1;74;0;462899;5686;0
147;18;336;1;17;13;99;3.00;7;2;1;74;0;463399;1479;0
147;18;336;1;17;15;99;3.60;6;2;1;84;0;463599;780;0
147;18;336;1;17;17;99;4.00;1;1;1;84;0;463799;23153;0
147;18;336;1;17;17;99;3.80;2;1;1;74;0;463799;1479;0
147;18;336;1;17;22;26;3.20;8;2;1;84;0;464226;22202;0
147;18;336;1;17;26;19;3.60;6;2;1;80;0;464619;1004;0
147;18;336;1;17;30;12;3.40;5;2;1;84;0;465012;8295;0
147;18;336;1;17;30;99;3.40;6;2;1;73;0;465099;463;0
147;18;336;1;17;43;10;3.80;2;1;1;77;0;466310;2492;0
147;18;336;1;17;45;99;3.20;5;2;1;81;0;466599;1572;0
147;18;336;1;17;47;67;3.40;6;2;1;76;0;466767;1651;0
147;18;336;1;17;52;6;2.80;6;2;1;79;0;467206;422;0
147;18;336;1;18;0;21;3.80;6;2;1;77;0;468021;802;0
147;18;336;1;18;2;16;3.80;3;1;1;81;0;468216;5300;0
147;18;336;1;18;5;70;3.60;7;2;1;82;0;468570;5156;0
147;18;336;1;18;8;25;14.60;3;1;4;72;0;468825;592;0
147;18;336;1;18;10;18;3.40;6;2;1;71;0;469018;979;0
147;18;336;1;18;14;99;3.60;6;2;1;73;0;469499;463;0
147;18;336;1;18;18;89;3.80;2;1;1;58;0;469889;3561;0
147;18;336;1;18;22;99;3.60;2;1;1;77;0;470299;386;0
147;18;336;1;18;34;99;11.20;3;1;2;71;0;471499;2601;0
147;18;336;1;18;35;99;3.80;7;2;1;78;0;471599;3013;0
147;18;336;1;18;36;97;3.40;3;1;1;70;0;471697;141;0
147;18;336;1;18;36;99;5.60;2;1;1;75;0;471699;1383;0
147;18;336;1;18;44;99;3.80;3;1;1;80;0;472499;784;0
147;18;336;1;18;45;99;3.60;2;1;1;104;0;472599;873;0
147;18;336;1;18;53;99;3.40;2;1;1;74;0;473399;787;0
147;18;336;1;18;57;99;3.40;7;2;1;72;0;473799;2182;0
147;18;336;1;18;59;87;3.00;3;1;1;82;0;473987;1470;0
147;18;336;1;19;3;0;3.80;7;2;1;82;0;474300;484;0
147;18;336;1;19;9;55;3.00;3;1;1;68;0;474955;954;0
147;18;336;1;19;12;84;3.60;6;2;1;78;0;475284;5767;0
147;18;336;1;19;23;99;4.00;3;1;1;78;0;476399;1428;0
147;18;336;1;19;26;99;3.80;6;2;1;80;0;476699;1398;0
147;18;336;1;19;32;46;3.20;3;1;1;84;0;477246;828;0
147;18;336;1;19;34;99;3.80;8;2;1;80;0;477499;13259;0
147;18;336;1;19;39;99;3.80;3;1;1;79;0;477999;739;0
147;18;336;1;19;42;99;5.60;8;2;1;96;0;478299;782;0
147;18;336;1;19;49;99;3.20;5;2;1;82;0;478999;12385;0
147;18;336;1;19;50;24;3.60;6;2;1;83;0;479024;2307;0
147;18;336;1;19;55;99;12.80;7;2;7;76;0;479599;5282;0
147;18;336;1;19;57;99;3.40;7;2;1;78;0;479799;139;0
147;18;336;1;20;6;92;3.60;2;1;1;76;0;480692;7276;0
147;18;336;1;20;8;21;3.20;3;1;1;70;0;480821;2804;0
147;18;336;1;20;11;87;3.80;3;1;1;76;0;481187;349;0
147;18;336;1;20;18;66;3.80;7;2;1;68;0;481866;2051;0
147;18;336;1;20;20;14;3.60;6;2;1;77;0;482014;2974;0
147;18;336;1;20;26;97;3.80;8;2;1;75;0;482697;4377;0
147;18;336;1;20;27;99;4.00;2;1;1;89;0;482799;2089;0
147;18;336;1;20;30;17;3.00;2;1;1;80;0;483017;201;0
147;18;336;1;20;32;99;3.20;6;2;1;91;0;483299;1268;0
147;18;336;1;20;33;9;3.60;3;1;1;79;0;483309;2104;0
147;18;336;1;20;36;80;3.00;6;2;1;80;0;483680;368;0
147;18;336;1;20;41;5;3.20;8;2;1;66;0;484105;1389;0
147;18;336;1;20;43;99;4.00;8;2;1;67;0;484399;276;0
147;18;336;1;20;44;47;3.20;2;1;1;81;0;484447;1416;0
147;18;336;1;20;45;99;3.60;6;2;1;75;0;484599;905;0
147;18;336;1;20;54;7;4.20;8;2;1;81;0;485407;986;0
147;18;336;1;20;58;23;3.40;2;1;1;77;0;485823;1361;0
147;18;336;1;21;2;99;3.60;1;1;1;77;0;486299;22482;0
147;18;336;1;21;4;2;3.40;2;1;1;79;0;486402;563;0
147;18;336;1;21;4;48;3.00;6;2;1;68;0;486448;1831;0
147;18;336;1;21;6;99;3.80;8;2;1;68;0;486699;1273;0
147;18;336;1;21;13;99;3.60;3;1;1;79;0;487399;4073;0
147;18;336;1;21;14;3;4.20;7;2;1;79;0;487403;5516;0
147;18;336;1;21;24;99;4.40;2;1;1;144;0;488499;2081;0
147;18;336;1;21;27;3;3.60;1;1;1;93;0;488703;2387;0
147;18;336;1;21;36;99;3.60;2;1;1;82;0;489699;1189;0
147;18;336;1;21;39;99;3.60;3;1;1;87;0;489999;2583;0
147;18;336;1;21;40;9;3.20;6;2;1;81;0;490009;3545;0
147;18;336;1;21;45;4;3.80;6;2;1;92;0;490504;480;0
147;18;336;1;21;57;99;3.60;3;1;1;82;0;491799;1785;0
147;18;336;1;22;9;99;3.40;6;2;1;82;0;492999;2480;0
147;18;336;1;22;15;99;4.00;3;1;1;83;0;493599;1784;0
147;18;336;1;22;24;99;3.60;3;1;1;80;0;494499;882;0
147;18;336;1;22;35;99;4.00;1;1;1;97;0;495599;6882;0
147;18;336;1;22;47;82;3.60;6;2;1;81;0;496782;3768;0
147;18;336;1;22;56;99;3.40;7;2;1;64;0;497699;10276;0
147;18;336;1;22;58;99;4.60;2;1;1;82;0;497899;8184;0
147;18;336;1;23;9;18;4.00;6;2;1;79;0;498918;2120;0
147;18;336;1;23;10;64;4.80;6;2;1;82;0;499064;127;0
147;18;336;1;23;12;49;3.80;7;2;1;89;0;499249;1530;0
147;18;336;1;23;14;99;4.20;6;2;1;101;0;499499;413;0
147;18;336;1;23;14;6;3.40;1;1;1;78;0;499406;3792;0
147;18;336;1;23;16;99;3.80;2;1;1;76;0;499699;1779;0
147;18;336;1;23;29;13;3.40;6;2;1;81;0;500913;1399;0
147;18;336;1;23;31;99;3.40;6;2;1;79;0;501199;270;0
147;18;336;1;23;34;99;3.60;6;2;1;77;0;501499;284;0
147;18;336;1;23;41;99;4.00;3;1;1;82;0;502199;7683;0
147;18;336;1;23;46;99;3.60;3;1;1;77;0;502699;482;0
147;18;336;1;23;57;13;3.00;2;1;1;74;0;503713;3996;0
147;18;336;1;23;57;99;3.20;3;1;1;68;0;503799;1083;0
147;18;336;1;24;3;11;3.60;2;1;1;74;0;504311;583;0
147;18;336;1;24;4;76;3.60;6;2;1;80;0;504476;2960;0
147;18;336;1;24;7;99;3.60;7;2;1;73;0;504799;5534;0
147;18;336;1;24;12;99;3.80;2;1;1;88;0;505299;970;0
147;18;336;1;24;17;99;3.40;6;2;1;80;0;505799;1306;0
147;18;336;1;24;19;99;4.00;6;2;1;84;0;505999;184;0
147;18;336;1;24;22;99;3.80;6;2;1;77;0;506299;282;0
147;18;336;1;24;22;99;3.00;3;1;1;75;0;506299;2483;0
147;18;336;1;24;24;3;3.60;7;2;1;79;0;506403;1586;0
147;18;336;1;24;30;7;3.80;2;1;1;86;0;507007;1692;0
147;18;336;1;24;41;19;3.40;6;2;1;77;0;508119;1802;0
147;18;336;1;24;55;99;3.60;2;1;1;81;0;509599;2576;0
147;18;336;1;25;12;17;3.80;2;1;1;83;0;511217;1602;0
147;18;336;1;25;25;99;3.80;8;2;1;66;0;512599;25879;0
147;18;336;1;25;26;99;3.40;8;2;1;64;0;512699;79;0
147;18;336;1;25;37;99;5.00;2;1;1;76;0;513799;2565;0
147;18;336;1;25;39;99;3.60;2;1;1;70;0;513999;176;0
147;18;336;1;25;41;59;3.60;6;2;1;66;0;514159;6024;0
147;18;336;1;25;46;19;3.60;6;2;1;77;0;514619;440;0
147;18;336;1;25;54;99;4.40;1;1;1;79;0;515499;16077;0
147;18;336;1;26;10;9;4.20;8;2;1;82;0;517009;4290;0
147;18;336;1;26;10;22;3.40;3;1;1;76;0;517022;10708;0
147;18;336;1;26;18;99;3.20;7;2;1;79;0;517899;11479;0
147;18;336;1;26;20;99;3.80;2;1;1;83;0;518099;4081;0
147;18;336;1;26;24;0;3.60;2;1;1;70;0;518400;284;0
147;18;336;1;26;33;99;3.40;6;2;1;77;0;519399;4763;0
147;18;336;1;26;35;24;3.00;2;1;1;73;0;519524;1105;0
147;18;336;1;26;37;19;3.80;6;2;1;81;0;519719;304;0
147;18;336;1;26;38;19;3.40;8;2;1;127;0;519819;2791;0
147;18;336;1;26;38;99;3.80;3;1;1;82;0;519899;2860;0
147;18;336;1;26;39;10;4.00;6;2;1;82;0;519910;174;0
147;18;336;1;26;51;99;3.80;6;2;1;94;0;521199;1271;0
147;18;336;1;27;2;13;4.00;7;2;1;94;0;522213;4299;0
147;18;336;1;27;13;99;4.60;6;2;1;91;0;523399;2185;0
147;18;336;1;27;20;99;3.60;3;1;1;61;0;524099;4183;0
147;18;336;1;27;30;99;3.40;6;2;1;79;0;525099;1681;0
147;18;336;1;27;33;33;3.20;3;1;1;69;0;525333;1212;0
147;18;336;1;27;37;6;3.20;6;2;1;77;0;525706;591;0
147;18;336;1;27;41;36;8.20;3;1;2;71;0;526136;786;0
147;18;336;1;27;51;11;3.20;3;1;1;74;0;527111;933;0
147;18;336;1;27;58;99;3.00;6;2;1;66;0;527899;2178;0
147;18;336;1;27;59;77;3.80;1;1;1;78;0;527977;12457;0
147;18;336;1;28;10;99;3.20;6;2;1;76;0;529099;1183;0
147;18;336;1;28;11;21;3.40;4;1;1;78;0;529121;100686;0
147;18;336;1;28;12;2;3.00;3;1;1;60;0;529202;2075;0
147;18;336;1;28;15;99;3.60;3;1;1;64;0;529599;379;0
147;18;336;1;28;16;3;5.40;6;2;1;85;0;529603;488;0
147;18;336;1;28;17;39;4.40;2;1;1;63;0;529739;10200;0
147;18;336;1;28;23;99;4.00;6;2;1;70;0;530399;773;0
147;18;336;1;28;26;99;3.60;6;2;1;72;0;530699;279;0
147;18;336;1;28;37;42;3.40;7;2;1;85;0;531742;9513;0
147;18;336;1;28;39;99;3.40;3;1;1;77;0;531999;2379;0
147;18;336;1;28;42;29;3.40;6;2;1;72;0;532229;1512;0
147;18;336;1;28;45;45;3.80;7;2;1;74;0;532545;788;0
147;18;336;1;28;46;99;4.40;8;2;1;88;0;532699;12870;0
147;18;336;1;28;54;99;4.00;8;2;1;73;0;533499;782;0
147;18;336;1;28;55;12;3.60;2;1;1;77;0;533512;3747;0
147;18;336;1;28;59;99;4.00;7;2;1;89;0;533999;1435;0
147;18;336;1;29;2;99;3.60;7;2;1;82;0;534299;283;0
147;18;336;1;29;4;3;3.20;8;2;1;77;0;534403;884;0
147;18;336;1;29;4;99;3.40;3;1;1;77;0;534499;2484;0
147;18;336;1;29;19;99;3.60;2;1;1;87;0;535999;2470;0
147;18;336;1;29;27;99;3.40;6;2;1;72;0;536799;4553;0
147;18;336;1;29;29;9;3.40;6;2;1;72;0;536909;93;0
147;18;336;1;29;31;12;3.40;6;2;1;74;0;537112;186;0
147;18;336;1;29;32;15;4.20;1;1;1;71;0;537215;9220;0
147;18;336;1;29;33;25;3.40;8;2;1;86;0;537325;2907;0
147;18;336;1;29;48;99;3.00;3;1;1;75;0;538899;4384;0
147;18;336;1;29;50;99;3.40;3;1;1;71;0;539099;185;0
147;18;336;1;30;2;53;3.00;6;2;1;78;0;540253;3124;0
147;18;336;1;30;17;55;3.80;3;1;1;77;0;541755;2638;0
147;18;336;1;30;24;2;4.60;3;1;1;84;0;542402;629;0
147;18;336;1;30;25;23;3.60;6;2;1;84;0;542523;2256;0
147;18;336;1;30;37;99;3.80;7;2;1;83;0;543799;9484;0
147;18;336;1;30;39;6;3.20;3;1;1;69;0;543906;1484;0
147;18;336;1;30;41;99;4.80;6;2;1;65;0;544199;1660;0
147;18;336;1;30;48;99;3.80;1;1;1;84;0;544899;7662;0
147;18;336;1;30;57;25;3.40;3;1;1;78;0;545725;1802;0
147;18;336;1;30;58;15;3.60;4;1;1;82;0;545815;16678;0
147;18;336;1;31;0;16;3.20;6;2;1;75;0;546016;1790;0
147;18;336;1;31;2;99;3.80;1;1;1;82;0;546299;1383;0
147;18;336;1;31;11;35;4.00;2;1;1;76;0;547135;11121;0
147;18;336;1;31;11;55;3.80;7;2;1;72;0;547155;3339;0
147;18;336;1;31;13;44;3.80;2;1;1;80;0;547344;190;0
147;18;336;1;31;24;38;7.80;7;2;1;79;0;548438;1264;0
147;18;336;1;31;32;7;3.60;2;1;1;78;0;549207;1845;0
147;18;336;1;31;33;99;3.40;1;1;1;81;0;549399;3083;0
147;18;336;1;31;38;14;3.60;7;2;1;75;0;549814;1340;0
147;18;336;1;31;42;78;3.80;7;2;1;79;0;550278;446;0
147;18;336;1;31;42;99;3.80;2;1;1;86;0;550299;1075;0
147;18;336;1;31;49;99;5.40;7;2;1;39;0;550999;703;0
147;18;336;1;31;52;54;3.40;6;2;1;67;0;551254;5222;0
147;18;336;1;31;57;17;3.40;2;1;1;77;0;551717;1402;0
147;18;336;1;31;58;99;4.00;6;2;1;87;0;551899;626;0
147;18;336;1;31;58;99;4.00;3;1;1;81;0;551899;6158;0
147;18;336;1;31;59;25;4.20;1;1;1;77;0;551925;2510;0
147;18;336;1;32;7;14;3.60;3;1;1;81;0;552714;797;0
147;18;336;1;32;7;65;3.40;8;2;1;72;0;552765;15425;0
147;18;336;1;32;7;65;3.80;6;2;1;67;0;552765;849;0
147;18;336;1;32;9;20;4.00;2;1;1;87;0;552920;1187;0
147;18;336;1;32;9;99;3.80;3;1;1;82;0;552999;269;0
147;18;336;1;32;10;76;3.80;7;2;1;75;0;553076;2027;0
147;18;336;1;32;19;10;3.80;7;2;1;71;0;553910;815;0
147;18;336;1;32;21;99;3.40;3;1;1;82;0;554199;1183;0
147;18;336;1;32;23;99;3.60;3;1;1;81;0;554399;185;0
147;18;336;1;32;34;99;3.00;3;1;1;73;0;555499;1084;0
147;18;336;1;32;49;99;3.40;6;2;1;70;0;556999;4213;0
147;18;336;1;32;49;99;4.40;2;1;1;73;0;556999;4062;0
147;18;336;1;32;57;99;3.40;8;2;1;81;0;557799;5017;0
147;18;336;1;33;2;99;3.80;6;2;1;80;0;558299;1282;0
147;18;336;1;33;16;1;4.00;2;1;1;82;0;559601;2580;0
147;18;336;1;33;35;99;3.80;3;1;1;76;0;561599;6085;0
147;18;336;1;33;39;27;4.00;1;1;1;89;0;561927;9982;0
147;18;336;1;33;39;43;3.40;2;1;1;76;0;561943;2324;0
147;18;336;1;33;41;25;3.80;7;2;1;93;0;562125;8195;0
147;18;336;1;33;43;99;3.40;7;2;1;75;0;562399;259;0
147;18;336;1;33;54;22;3.60;7;2;1;83;0;563422;1006;0
147;18;336;1;33;57;36;4.00;6;2;1;80;0;563736;5419;0
147;18;336;1;34;16;11;3.80;8;2;1;84;0;565611;7796;0
147;18;336;1;34;26;99;3.60;8;2;1;76;0;566699;1071;0
147;18;336;1;34;30;40;2.80;3;1;1;80;0;567040;5423;0
147;18;336;1;34;34;99;3.40;6;2;1;67;0;567499;3745;0
147;18;336;1;34;40;99;3.60;6;2;1;63;0;568099;581;0
147;18;336;1;34;48;31;3.40;3;1;1;81;0;568831;1778;0
147;18;336;1;34;52;99;6.00;6;2;1;75;0;569299;1179;0
147;18;336;1;35;0;20;3.40;1;1;1;89;0;570020;8076;0
147;18;336;1;35;3;13;3.40;2;1;1;85;0;570313;8353;0
147;18;336;1;35;5;13;3.40;2;1;1;81;0;570513;185;0
147;18;336;1;35;5;99;3.20;3;1;1;80;0;570599;1752;0
147;18;336;1;35;15;99;4.80;2;1;1;82;0;571599;1070;0
147;18;336;1;35;24;8;3.80;6;2;1;76;0;572408;3080;0
147;18;336;1;35;42;42;4.00;6;2;1;85;0;574242;1816;0
147;18;336;1;35;45;18;3.60;2;1;1;73;0;574518;2897;0
147;18;336;1;35;46;15;3.80;2;1;1;74;0;574615;79;0
147;18;336;1;36;1;99;3.80;7;2;1;70;0;576199;12761;0
147;18;336;1;36;8;9;3.40;3;1;1;72;0;576809;6195;0
147;18;336;1;36;16;99;3.80;6;2;1;92;0;577699;3440;0
147;18;336;1;36;16;99;3.20;8;2;1;74;0;577699;10982;0
147;18;336;1;36;35;16;3.80;7;2;1;80;0;579516;3297;0
147;18;336;1;36;40;23;3.60;6;2;1;86;0;580023;2309;0
147;18;336;1;36;49;21;3.80;6;2;1;76;0;580921;882;0
147;18;336;1;36;53;99;3.80;3;1;1;83;0;581399;4573;0
147;18;336;1;36;55;99;4.00;3;1;1;80;0;581599;183;0
147;18;336;1;36;56;42;3.60;3;1;1;79;0;581642;25;0
147;18;336;1;36;57;99;3.00;2;1;1;71;0;581799;7165;0
147;18;336;1;36;59;58;6.00;3;1;1;63;0;581958;299;0
147;18;336;1;37;10;14;3.80;2;1;1;75;0;583014;1199;0
147;18;336;1;37;11;99;3.60;6;2;1;77;0;583199;2260;0
147;18;336;1;37;12;23;3.40;3;1;1;84;0;583223;1230;0
147;18;336;1;37;14;10;7.40;6;2;2;81;0;583410;194;0
147;18;336;1;37;23;2;3.00;6;2;1;80;0;584302;859;0
147;18;336;1;37;22;15;17.60;2;1;5;75;0;584215;1182;0
147;18;336;1;37;28;99;3.60;6;2;1;80;0;584899;583;0
147;18;336;1;37;31;99;3.40;6;2;1;84;0;585199;283;0
147;18;336;1;37;36;99;3.60;3;1;1;76;0;585699;2461;0
147;18;336;1;37;38;17;3.80;2;1;1;77;0;585817;1517;0
147;18;336;1;37;38;99;4.00;3;1;1;83;0;585899;182;0
147;18;336;1;37;51;99;3.20;2;1;1;76;0;587199;1364;0
147;18;336;1;37;55;28;3.20;7;2;1;82;0;587528;7994;0
147;18;336;1;38;0;99;3.60;6;2;1;85;0;588099;2885;0
147;18;336;1;38;6;83;3.00;3;1;1;79;0;588683;2766;0
147;18;336;1;38;6;99;6.20;3;1;1;86;0;588699;2;0
147;18;336;1;38;7;99;4.00;4;1;1;86;0;588799;42968;0
147;18;336;1;38;9;28;3.40;3;1;1;83;0;588928;203;0
147;18;336;1;38;10;99;3.80;6;2;1;81;0;589099;984;0
147;18;336;1;38;13;36;5.00;3;1;1;76;0;589336;393;0
147;18;336;1;38;17;99;3.60;7;2;1;77;0;589799;2256;0
147;18;336;1;38;19;99;3.80;8;2;1;80;0;589999;12284;0
147;18;336;1;38;25;19;3.60;6;2;1;78;0;590519;1403;0
147;18;336;1;38;41;30;3.20;6;2;1;81;0;592130;1594;0
147;18;336;1;38;47;77;4.20;2;1;1;83;0;592777;5562;0
147;18;336;1;38;49;65;3.60;3;1;1;80;0;592965;3605;0
147;18;336;1;38;53;99;3.60;2;1;1;79;0;593399;603;0
147;18;336;1;38;54;59;3.80;6;2;1;82;0;593459;1314;0
147;18;336;1;39;21;99;3.00;3;1;1;79;0;596199;3217;0
147;18;336;1;39;55;99;3.00;2;1;1;75;0;599599;6183;0
147;18;336;1;39;55;35;4.00;4;1;1;83;0;599535;10719;0
147;18;336;1;39;59;20;3.20;2;1;1;77;0;599920;306;0
147;18;336;1;40;0;7;3.60;6;2;1;75;0;600007;6531;0
147;18;336;1;40;1;83;3.00;1;1;1;77;0;600183;30149;0
147;18;336;1;40;5;99;3.80;6;2;1;84;0;600599;574;0
147;18;336;1;40;8;99;3.80;7;2;1;82;0;600899;11083;0
147;18;336;1;40;14;72;3.40;3;1;1;74;0;601472;5259;0
147;18;336;1;40;19;98;3.80;6;2;1;76;0;601998;1382;0
147;18;336;1;40;30;99;3.60;6;2;1;81;0;603099;1083;0
147;18;336;1;40;35;99;2.80;2;1;1;64;0;603599;3664;0
147;18;336;1;40;38;23;3.80;6;2;1;80;0;603823;708;0
147;18;336;1;40;45;99;3.40;6;2;1;82;0;604599;758;0
147;18;336;1;40;48;99;4.00;8;2;1;76;0;604899;14882;0
147;18;336;1;40;50;16;3.80;2;1;1;84;0;605016;1401;0
147;18;336;1;40;52;32;4.00;2;1;1;75;0;605232;199;0
147;18;336;1;41;8;99;3.20;6;2;1;74;0;606899;2285;0
147;18;336;1;41;9;99;3.60;8;2;1;74;0;606999;2081;0
147;18;336;1;41;31;1;3.80;7;2;1;75;0;609101;8185;0
147;18;336;1;41;32;1;3.40;8;2;1;79;0;609201;2184;0
147;18;336;1;41;45;99;3.40;6;2;1;84;0;610599;3684;0
147;18;336;1;41;49;99;3.60;2;1;1;70;0;610999;5747;0
147;18;336;1;41;51;72;3.60;3;1;1;75;0;611172;9683;0
147;18;336;1;41;55;11;3.40;3;1;1;78;0;611511;321;0
147;18;336;1;41;58;9;3.20;6;2;1;78;0;611809;1195;0
147;18;336;1;42;5;99;3.40;7;2;1;78;0;612599;3479;0
147;18;336;1;42;11;1;3.40;6;2;1;78;0;613101;1277;0
147;18;336;1;42;25;99;3.20;3;1;1;77;0;614599;3072;0
147;18;336;1;42;25;99;3.00;6;2;1;74;0;614599;1482;0
147;18;336;1;42;28;5;3.00;7;2;1;70;0;614805;2190;0
147;18;336;1;42;41;99;5.00;7;2;1;77;0;616199;1378;0
147;18;336;1;42;42;99;3.20;6;2;1;82;0;616299;1685;0
147;18;336;1;42;43;99;3.80;3;1;1;77;0;616399;1785;0
147;18;336;1;42;48;99;3.60;2;1;1;82;0;616899;5881;0
147;18;336;1;42;48;99;3.80;3;1;1;85;0;616899;482;0
147;18;336;1;42;53;99;3.80;3;1;1;76;0;617399;483;0
147;18;336;1;43;4;99;3.60;6;2;1;74;0;618499;2185;0
147;18;336;1;43;12;99;3.20;7;2;1;69;0;619299;3076;0
147;18;336;1;43;19;99;3.60;3;1;1;78;0;619999;2582;0
147;18;336;1;43;20;9;3.60;1;1;1;65;0;620009;19811;0
147;18;336;1;43;28;42;3.80;7;2;1;71;0;620842;1526;0
147;18;336;1;43;31;54;3.80;2;1;1;69;0;621154;4239;0
147;18;336;1;43;35;99;3.20;3;1;1;74;0;621599;1583;0
147;18;336;1;43;37;99;3.20;2;1;1;73;0;621799;625;0
147;18;336;1;43;48;99;3.80;7;2;1;81;0;622899;2037;0
147;18;336;1;43;49;99;4.00;3;1;1;88;0;622999;1384;0
147;18;336;1;43;53;14;2.80;1;1;1;86;0;623314;3285;0
147;18;336;1;43;53;13;4.00;1;1;1;82;0;623313;-1;0
147;18;336;1;43;57;20;3.40;6;2;1;79;0;623720;5203;0
147;18;336;1;44;6;9;3.00;6;2;1;89;0;624609;873;0
147;18;336;1;44;13;99;3.60;3;1;1;79;0;625399;2383;0
147;18;336;1;44;14;36;3.60;6;2;1;80;0;625436;814;0
147;18;336;1;44;31;99;3.80;7;2;1;82;0;627199;4283;0
147;18;336;1;44;32;93;3.20;6;2;1;78;0;627293;1840;0
147;18;336;1;44;40;2;3.40;6;2;1;77;0;628002;694;0
147;18;336;1;44;42;22;3.80;7;2;1;80;0;628222;1006;0
147;18;336;1;44;42;99;3.40;3;1;1;73;0;628299;2883;0
147;18;336;1;44;44;99;3.00;6;2;1;79;0;628499;481;0
147;18;336;1;44;53;13;5.00;6;2;1;81;0;629313;800;0
147;18;336;1;44;57;5;3.40;3;1;1;81;0;629705;1389;0
147;18;336;1;45;0;5;3.60;3;1;1;84;0;630005;284;0
147;18;336;1;45;7;0;3.00;6;2;1;69;0;630700;1364;0
147;18;336;1;45;7;99;3.20;7;2;1;81;0;630799;2559;0
147;18;336;1;45;9;99;3.60;6;2;1;74;0;630999;283;0
147;18;336;1;45;14;99;3.20;6;2;1;80;0;631499;482;0
147;18;336;1;45;22;99;3.40;3;1;1;73;0;632299;2278;0
147;18;336;1;45;27;27;3.60;6;2;1;85;0;632727;1213;0
147;18;336;1;45;33;15;3.60;3;1;1;71;0;633315;999;0
147;18;336;1;45;45;7;3.40;3;1;1;72;0;634507;1173;0
147;18;336;1;46;2;20;3.60;7;2;1;82;0;636220;5406;0
147;18;336;1;46;3;99;3.60;1;1;1;76;0;636399;13068;0
147;18;336;1;46;5;99;4.40;4;1;1;87;0;636599;37046;0
147;18;336;1;46;6;99;3.60;3;1;1;80;0;636699;2175;0
147;18;336;1;46;7;3;2.80;2;1;1;65;0;636703;14888;0
147;18;336;1;46;8;99;5.40;3;1;1;80;0;636899;183;0
147;18;336;1;46;16;99;3.80;2;1;1;77;0;637699;980;0
147;18;336;1;46;21;99;3.40;3;1;1;78;0;638199;1275;0
147;18;336;1;46;29;99;3.60;6;2;1;83;0;638999;6256;0
147;18;336;1;46;30;3;4.00;8;2;1;81;0;639003;29786;0
147;18;336;1;46;39;6;3.40;6;2;1;80;0;639906;891;0
147;18;336;1;46;39;99;3.20;8;2;1;73;0;639999;978;0
147;18;336;1;46;39;99;4.00;7;2;1;78;0;639999;3763;0
147;18;336;1;46;41;99;3.80;2;1;1;78;0;640199;2482;0
147;18;336;1;46;43;98;3.40;8;2;1;74;0;640398;383;0
147;18;336;1;46;46;99;4.00;8;2;1;77;0;640699;284;0
147;18;336;1;46;47;17;4.20;3;1;1;83;0;640717;2502;0
147;18;336;1;46;54;99;3.60;6;2;1;95;0;641499;1577;0
147;18;336;1;46;57;99;3.20;1;1;1;81;0;641799;5382;0
147;18;336;1;47;2;8;3.20;3;1;1;76;0;642208;1472;0
147;18;336;1;47;2;99;3.40;6;2;1;82;0;642299;786;0
147;18;336;1;47;4;21;3.80;4;1;1;75;0;642421;5803;0
147;18;336;1;47;8;4;3.80;2;1;1;69;0;642804;2587;0
147;18;336;1;47;8;75;3.00;3;1;1;74;0;642875;651;0
147;18;336;1;47;21;67;4.80;7;2;1;82;0;644167;4149;0
147;18;336;1;47;22;9;3.40;5;2;1;87;0;644209;165195;0
147;18;336;1;47;26;39;3.60;7;2;1;82;0;644639;450;0
147;18;336;1;47;28;99;3.80;7;2;1;79;0;644899;244;0
147;18;336;1;47;29;45;9.80;7;2;2;54;0;644945;28;0
147;18;336;1;47;32;9;4.20;7;2;1;78;0;645209;198;0
147;18;336;1;47;40;27;3.20;6;2;1;83;0;646027;3713;0
147;18;336;1;47;43;99;3.80;2;1;1;78;0;646399;3575;0
147;18;336;1;47;44;26;3.40;6;2;1;77;0;646426;385;0
147;18;336;1;47;58;99;3.60;6;2;1;78;0;647899;1457;0
147;18;336;1;48;5;99;3.20;4;1;1;89;0;648599;6159;0
147;18;336;1;48;17;18;3.80;2;1;1;79;0;649718;3301;0
147;18;336;1;48;25;97;5.40;2;1;1;80;0;650597;861;0
147;18;336;1;48;27;17;3.60;3;1;1;78;0;650717;7827;0
147;18;336;1;48;28;10;4.00;6;2;1;86;0;650810;2894;0
147;18;336;1;48;32;14;3.80;3;1;1;75;0;651214;480;0
147;18;336;1;48;37;7;3.80;2;1;1;82;0;651707;1085;0
147;18;336;1;48;38;99;3.80;6;2;1;80;0;651899;1072;0
147;18;336;1;48;47;99;3.00;2;1;1;78;0;652799;1075;0
147;18;336;1;48;48;75;3.40;1;1;1;81;0;652875;11061;0
147;18;336;1;48;56;99;3.80;7;2;1;77;0;653699;8470;0
147;18;336;1;49;3;10;3.40;6;2;1;83;0;654310;2393;0
147;18;336;1;49;7;99;2.80;3;1;1;69;0;654799;3566;0
147;18;336;1;49;11;69;4.00;3;1;1;77;0;655169;355;0
147;18;336;1;49;24;65;3.40;6;2;1;79;0;656465;2140;0
147;18;336;1;49;35;22;3.00;6;2;1;85;0;657522;1041;0
147;18;336;1;49;38;99;3.80;6;2;1;77;0;657899;364;0
147;18;336;1;49;47;99;4.00;6;2;1;82;0;658799;882;0
147;18;336;1;49;59;33;3.40;6;2;1;92;0;659933;1116;0
147;18;336;1;50;2;72;4.00;7;2;1;87;0;660272;6555;0
147;18;336;1;50;9;99;3.60;6;2;1;83;0;660999;1052;0
147;18;336;1;50;21;23;4.00;3;1;1;82;0;662123;6935;0
147;18;336;1;50;30;57;3.60;6;2;1;83;0;663057;2042;0
147;18;336;1;50;39;99;3.80;3;1;1;69;0;663999;1858;0
147;18;336;1;50;59;99;4.40;3;1;1;80;0;665999;1980;0
147;18;336;1;51;2;99;3.80;2;1;1;88;0;666299;13486;0
147;18;336;1;51;3;99;3.20;3;1;1;67;0;666399;380;0
147;18;336;1;51;15;21;3.40;6;2;1;85;0;667521;4448;0
147;18;336;1;51;18;2;5.00;7;2;1;83;0;667802;7513;0
147;18;336;1;51;28;99;3.40;3;1;1;85;0;668899;2482;0
147;18;336;1;52;0;32;3.80;3;1;1;77;0;672032;3118;0
147;18;336;1;52;3;12;3.80;7;2;1;76;0;672312;4488;0
147;18;336;1;52;4;99;5.00;7;2;1;75;0;672499;169;0
147;18;336;1;52;8;76;3.40;3;1;1;81;0;672876;826;0
147;18;336;1;52;17;99;4.00;4;1;1;89;0;673799;25187;0
147;18;336;1;52;19;4;3.80;3;1;1;81;0;673904;1012;0
147;18;336;1;52;24;11;3.60;6;2;1;76;0;674411;6875;0
147;18;336;1;52;29;99;4.00;6;2;1;77;0;674999;570;0
147;18;336;1;52;37;99;3.00;1;1;1;74;0;675799;22908;0
147;18;336;1;52;45;99;3.60;7;2;1;72;0;676599;4076;0
147;18;336;1;53;2;99;3.00;6;2;1;73;0;678299;3281;0
147;18;336;1;53;12;7;4.00;4;1;1;84;0;679207;5391;0
147;18;336;1;53;13;99;3.80;6;2;1;84;0;679399;1085;0
147;18;336;1;53;18;99;3.40;3;1;1;86;0;679899;5978;0
147;18;336;1;53;18;99;3.80;6;2;1;82;0;679899;483;0
147;18;336;1;53;27;57;3.60;2;1;1;77;0;680757;14442;0
147;18;336;1;53;30;4;3.60;3;1;1;83;0;681004;1090;0
147;18;336;1;53;44;6;3.80;6;2;1;83;0;682406;2490;0
147;18;336;1;53;49;12;3.40;6;2;1;87;0;682912;489;0
147;18;336;1;53;57;10;4.40;6;2;1;75;0;683710;783;0
147;18;336;1;54;7;99;3.60;2;1;1;75;0;684799;4025;0
147;18;336;1;54;7;99;3.80;1;1;1;83;0;684799;8985;0
147;18;336;1;54;7;99;3.60;3;1;1;69;0;684799;3779;0
147;18;336;1;54;12;99;4.60;3;1;1;69;0;685299;481;0
147;18;336;1;54;28;12;3.80;3;1;1;81;0;686812;1489;0
147;18;336;1;54;31;73;4.00;6;2;1;69;0;687173;3441;0
147;18;336;1;54;34;99;4.20;3;1;1;85;0;687499;670;0
147;18;336;1;54;41;56;3.40;6;2;1;80;0;688156;962;0
147;18;336;1;54;47;99;5.00;6;2;1;80;0;688799;627;0
147;18;336;1;54;49;99;5.20;6;2;1;80;0;688999;177;0
147;18;336;1;55;15;99;3.60;6;2;1;83;0;691599;2576;0
147;18;336;1;55;29;99;3.40;2;1;1;65;0;692999;8182;0
147;18;336;1;55;32;13;3.80;2;1;1;69;0;693213;195;0
147;18;336;1;55;38;22;3.80;6;2;1;84;0;693822;2207;0
147;18;336;1;55;39;99;3.40;3;1;1;77;0;693999;6482;0
147;18;336;1;55;52;99;4.20;3;1;1;77;0;695299;1284;0
147;18;336;1;56;2;99;3.20;6;2;1;78;0;696299;2460;0
147;18;336;1;56;2;99;3.40;5;2;1;81;0;696299;52075;0
147;18;336;1;56;5;99;3.80;8;2;1;79;0;696599;55881;0
147;18;336;1;56;8;42;3.80;6;2;1;80;0;696842;528;0
147;18;336;1;56;10;99;3.60;2;1;1;84;0;697099;3866;0
147;18;336;1;56;12;99;5.60;8;2;1;85;0;697299;682;0
147;18;336;1;56;12;99;3.80;6;2;1;84;0;697299;439;0
147;18;336;1;56;13;64;3.20;8;2;1;76;0;697364;41;0
147;18;336;1;56;17;99;3.40;3;1;1;78;0;697799;2480;0
147;18;336;1;56;18;17;3.40;1;1;1;74;0;697817;13001;0
147;18;336;1;56;22;99;3.60;6;2;1;70;0;698299;983;0
147;18;336;1;56;26;46;3.20;6;2;1;83;0;698646;328;0
147;18;336;1;56;38;99;3.60;7;2;1;77;0;699899;23282;0
147;18;336;1;56;41;0;3.20;3;1;1;74;0;700100;2285;0
147;18;336;1;56;43;99;4.20;6;2;1;79;0;700399;1739;0
147;18;336;1;56;49;58;3.60;6;2;1;75;0;700958;539;0
147;18;336;1;56;55;99;4.00;7;2;1;75;0;701599;1683;0
147;18;336;1;56;59;10;4.20;6;2;1;69;0;701910;934;0
147;18;336;1;57;1;99;3.40;6;2;1;72;0;702199;267;0
147;18;336;1;57;7;17;3.20;3;1;1;76;0;702717;2601;0
147;18;336;1;57;7;80;4.00;6;2;1;85;0;702780;564;0
147;18;336;1;57;11;15;2.80;4;1;1;71;0;703115;23890;0
147;18;336;1;57;14;0;3.40;5;2;1;78;0;703400;7085;0
147;18;336;1;57;22;44;5.60;3;1;1;72;0;704244;1511;0
147;18;336;1;57;31;99;3.60;6;2;1;77;0;705199;2402;0
147;18;336;1;57;32;99;3.40;5;2;1;80;0;705299;1883;0
147;18;336;1;57;33;20;3.60;6;2;1;74;0;705320;104;0
147;18;336;1;57;39;99;3.00;6;2;1;67;0;705999;661;0
147;18;336;1;57;44;25;4.00;3;1;1;83;0;706425;2153;0
147;18;336;1;57;56;99;3.40;6;2;1;79;0;707699;1683;0
147;18;336;1;57;57;19;3.80;5;2;1;82;0;707719;2404;0
147;18;336;1;58;18;99;3.80;6;2;1;80;0;709899;2184;0
147;18;336;1;58;27;84;3.80;4;1;1;82;0;710784;7654;0
147;18;336;1;58;28;99;3.80;2;1;1;85;0;710899;13784;0
147;18;336;1;58;30;5;3.60;6;2;1;81;0;711005;1088;0
147;18;336;1;58;32;99;3.20;2;1;1;85;0;711299;383;0
147;18;336;1;58;40;99;3.60;7;2;1;76;0;712099;10480;0
147;18;336;1;58;52;58;4.40;3;1;1;73;0;713258;6815;0
147;18;336;1;58;55;99;3.80;7;2;1;78;0;713599;1482;0
147;18;336;1;58;56;99;3.80;2;1;1;79;0;713699;2386;0
147;18;336;1;59;0;86;3.40;2;1;1;76;0;714086;369;0
147;18;336;1;59;12;99;3.20;2;1;1;81;0;715299;1196;0
147;18;336;1;59;17;22;3.60;6;2;1;79;0;715722;4701;0
147;18;336;1;59;18;20;3.20;3;1;1;83;0;715820;2540;0
147;18;336;1;59;27;99;4.40;2;1;1;80;0;716799;1485;0
147;18;336;1;59;29;99;3.40;3;1;1;80;0;716999;1165;0
147;18;336;1;59;48;18;3.80;2;1;1;84;0;718818;1999;0
147;18;336;1;59;59;99;3.20;2;1;1;76;0;719999;1164;0
147;18;336;2;0;4;99;3.40;6;2;1;83;0;720499;4760;0
147;18;336;2;0;10;0;4.00;6;2;1;80;0;721000;486;0
147;18;336;2;0;39;19;3.60;6;2;1;85;0;723919;2901;0
147;18;336;2;0;48;99;3.60;6;2;1;73;0;724899;964;0
147;18;336;2;0;50;79;3.60;6;2;1;78;0;725079;162;0
147;18;336;2;0;53;99;3.60;2;1;1;91;0;725399;5384;0
147;18;336;2;0;56;99;3.40;2;1;1;79;0;725699;285;0
147;18;336;2;0;57;48;3.40;3;1;1;83;0;725748;8733;0
147;18;336;2;1;0;1;3.60;8;2;1;70;0;726001;28621;0
147;18;336;2;1;3;91;4.20;7;2;1;91;0;726391;12774;0
147;18;336;2;1;10;16;3.40;6;2;1;83;0;727016;1920;0
147;18;336;2;1;19;99;3.40;4;1;1;80;0;727999;17198;0
147;18;336;2;1;21;99;3.80;4;1;1;83;0;728199;184;0
147;18;336;2;1;21;99;3.60;3;1;1;69;0;728199;2436;0
147;18;336;2;1;24;99;10.80;3;1;2;77;0;728499;281;0
147;18;336;2;1;51;11;3.60;3;1;1;73;0;731111;2561;0
147;18;336;2;1;57;99;3.20;6;2;1;81;0;731799;4768;0
147;18;336;2;2;4;0;3.60;3;1;1;78;0;732400;1271;0
147;18;336;2;2;10;10;3.40;7;2;1;79;0;733010;6602;0
147;18;336;2;2;13;21;3.80;3;1;1;79;0;733321;904;0
147;18;336;2;2;18;99;5.40;8;2;1;78;0;733899;7879;0
147;18;336;2;2;21;99;5.20;1;1;1;76;0;734199;36365;0
147;18;336;2;2;22;99;3.80;7;2;1;76;0;734299;1273;0
147;18;336;2;2;25;99;3.80;3;1;1;79;0;734599;1260;0
147;18;336;2;2;32;52;3.60;1;1;1;69;0;735252;1028;0
147;18;336;2;2;45;7;3.80;6;2;1;80;0;736507;4693;0
147;18;336;2;3;2;8;3.60;8;2;1;85;0;738208;4284;0
147;18;336;2;3;4;99;3.80;6;2;1;82;0;738499;1974;0
147;18;336;2;3;6;99;3.80;6;2;1;86;0;738699;183;0
147;18;336;2;3;14;99;3.60;6;2;1;74;0;739499;784;0
147;18;336;2;3;16;11;3.80;7;2;1;84;0;739611;5294;0
147;18;336;2;3;19;99;3.80;2;1;1;72;0;739999;14284;0
147;18;336;2;3;23;2;4.00;2;1;1;78;0;740302;284;0
147;18;336;2;3;24;99;4.00;3;1;1;80;0;740499;5882;0
147;18;336;2;3;29;90;4.00;7;2;1;90;0;740990;1362;0
147;18;336;2;3;32;0;7.00;6;2;1;87;0;741200;1683;0
147;18;336;2;3;38;99;3.80;8;2;1;84;0;741899;3675;0
147;18;336;2;3;52;89;4.60;3;1;1;89;0;743289;2772;0
147;18;336;2;3;54;52;3.80;2;1;1;79;0;743452;3131;0
147;18;336;2;3;57;67;4.00;2;1;1;81;0;743767;297;0
147;18;336;2;4;3;7;3.20;6;2;1;81;0;744307;3078;0
147;18;336;2;4;5;99;4.00;3;1;1;81;0;744599;1291;0
147;18;336;2;4;11;99;4.00;5;2;1;73;0;745199;37463;0
147;18;336;2;4;15;12;3.60;7;2;1;73;0;745512;4506;0
147;18;336;2;4;37;99;3.80;2;1;1;76;0;747799;4014;0
147;18;336;2;4;44;22;3.40;2;1;1;78;0;748422;605;0
147;18;336;2;4;46;99;3.80;3;1;1;73;0;748699;4082;0
147;18;336;2;4;59;10;3.40;6;2;1;79;0;749910;5588;0
147;18;336;2;5;6;19;4.00;4;1;1;77;0;750619;22403;0
147;18;336;2;5;6;99;3.80;3;1;1;75;0;750699;1981;0
147;18;336;2;5;8;36;3.00;3;1;1;76;0;750836;118;0
147;18;336;2;5;13;19;3.40;6;2;1;86;0;751319;1393;0
147;18;336;2;5;15;99;4.00;3;1;1;71;0;751599;748;0
147;18;336;2;5;17;99;3.00;6;2;1;80;0;751799;465;0
147;18;336;2;5;19;18;3.80;1;1;1;75;0;751918;16647;0
147;18;336;2;5;29;7;3.20;6;2;1;82;0;752907;1094;0
147;18;336;2;5;32;99;3.80;6;2;1;91;0;753299;377;0
147;18;336;2;5;47;5;5.20;8;2;1;81;0;754705;12789;0
147;18;336;2;5;50;3;3.80;7;2;1;75;0;755003;9473;0
147;18;336;2;5;53;21;5.00;7;2;1;84;0;755321;299;0
147;18;336;2;6;1;6;3.60;6;2;1;87;0;756106;2791;0
147;18;336;2;6;7;36;4.00;2;1;1;80;0;756736;8298;0
147;18;336;2;6;16;99;3.80;6;2;1;76;0;757699;1578;0
147;18;336;2;6;21;20;3.60;4;1;1;83;0;758120;7482;0
147;18;336;2;6;22;11;3.40;3;1;1;78;0;758211;6591;0
147;18;336;2;6;25;12;3.00;2;1;1;76;0;758512;1758;0
147;18;336;2;6;26;99;3.40;3;1;1;74;0;758699;472;0
147;18;336;2;6;43;1;3.60;5;2;1;83;0;760301;15082;0
147;18;336;2;6;43;56;3.20;6;2;1;68;0;760356;2639;0
147;18;336;2;6;43;83;3.60;7;2;1;78;0;760383;5040;0
147;18;336;2;6;44;66;4.00;7;2;1;14;0;760466;66;0
147;18;336;2;6;52;99;4.00;3;1;1;70;0;761299;2583;0
147;18;336;2;7;3;99;3.60;6;2;1;72;0;762399;2026;0
147;18;336;2;7;18;99;3.40;7;2;1;64;0;763899;3330;0
147;18;336;2;7;19;97;3.20;2;1;1;74;0;763997;5470;0
147;18;336;2;7;24;94;3.40;8;2;1;78;0;764494;9765;0
147;18;336;2;7;28;99;3.60;6;2;1;79;0;764899;2482;0
147;18;336;2;7;29;51;3.80;2;1;1;83;0;764951;938;0
147;18;336;2;7;30;99;3.80;6;2;1;90;0;765099;183;0
147;18;336;2;7;39;12;3.80;6;2;1;74;0;765912;797;0
147;18;336;2;7;49;25;3.60;6;2;1;79;0;766925;994;0
147;18;336;2;7;59;19;4.00;3;1;1;73;0;767919;6599;0
147;18;336;2;8;0;6;3.60;5;2;1;74;0;768006;7689;0
147;18;336;2;8;3;99;4.00;3;1;1;73;0;768399;460;0
147;18;336;2;8;11;99;4.40;7;2;1;80;0;769199;5280;0
147;18;336;2;8;12;3;3.00;6;2;1;77;0;769203;2261;0
147;18;336;2;8;13;86;3.20;2;1;1;79;0;769386;4418;0
147;18;336;2;8;31;99;5.80;3;1;1;77;0;771199;2780;0
147;18;336;2;8;33;14;3.80;2;1;1;80;0;771314;1913;0
147;18;336;2;8;36;80;5.20;6;2;1;81;0;771680;2462;0
147;18;336;2;8;36;92;3.60;2;1;1;80;0;771692;360;0
147;18;336;2;8;37;99;3.80;2;1;1;77;0;771799;90;0
147;18;336;2;8;37;99;6.20;7;2;1;75;0;771799;2580;0
147;18;336;2;8;39;6;3.40;6;2;1;74;0;771906;202;0
147;18;336;2;8;44;99;3.60;1;1;1;87;0;772499;20562;0
147;18;336;2;8;48;3;3.00;3;1;1;76;0;772803;1576;0
147;18;336;2;8;50;2;3.80;6;2;1;89;0;773002;1079;0
147;18;336;2;8;56;79;3.80;6;2;1;85;0;773679;661;0
147;18;336;2;8;57;99;3.80;2;1;1;75;0;773799;1982;0
147;18;336;2;9;5;99;7.00;6;2;1;81;0;774599;903;0
147;18;336;2;9;8;99;3.80;3;1;1;78;0;774899;2081;0
147;18;336;2;9;19;12;4.00;5;2;1;81;0;775912;7888;0
147;18;336;2;9;20;8;3.80;6;2;1;77;0;776008;1377;0
147;18;336;2;9;37;58;3.40;3;1;1;83;0;777758;2841;0
147;18;336;2;9;38;99;3.60;6;2;1;80;0;777899;1873;0
147;18;336;2;9;39;11;3.80;8;2;1;83;0;777911;13401;0
147;18;336;2;9;40;15;3.80;2;1;1;80;0;778015;4197;0
147;18;336;2;9;44;99;3.60;1;1;1;79;0;778499;5985;0
147;18;336;2;9;49;1;3.80;2;1;1;85;0;778901;868;0
147;18;336;2;9;51;99;4.00;1;1;1;81;0;779199;683;0
147;18;336;2;10;6;25;3.00;7;2;1;78;0;780625;8796;0
147;18;336;2;10;13;48;3.40;6;2;1;78;0;781348;3432;0
147;18;336;2;10;23;17;3.00;3;1;1;74;0;782317;4544;0
147;18;336;2;10;39;99;3.20;6;2;1;75;0;783999;2635;0
147;18;336;2;10;43;14;4.40;8;2;1;83;0;784314;6386;0
147;18;336;2;10;47;7;3.80;2;1;1;80;0;784707;5789;0
147;18;336;2;10;53;99;3.80;8;2;1;89;0;785399;1065;0
147;18;336;2;10;57;99;3.80;5;2;1;115;0;785799;9869;0
147;18;336;2;10;59;99;3.40;6;2;1;80;0;785999;1984;0
147;18;336;2;11;1;5;3.80;6;2;1;80;0;786105;90;0
147;18;336;2;11;9;81;3.00;2;1;1;76;0;786981;2256;0
147;18;336;2;11;16;99;4.00;7;2;1;80;0;787699;7060;0
147;18;336;2;11;17;99;3.20;6;2;1;79;0;787799;1676;0
147;18;336;2;11;23;99;3.20;6;2;1;82;0;788399;585;0
147;18;336;2;11;25;99;6.40;6;2;1;81;0;788599;185;0
147;18;336;2;11;28;99;4.00;3;1;1;86;0;788899;6567;0
147;18;336;2;11;51;99;4.60;2;1;1;76;0;791199;4203;0
147;18;336;2;11;54;99;3.40;3;1;1;79;0;791499;2583;0
147;18;336;2;11;55;31;3.40;2;1;1;71;0;791531;310;0
147;18;336;2;11;59;99;4.00;2;1;1;80;0;791999;450;0
147;18;336;2;12;1;99;3.60;7;2;1;79;0;792199;4482;0
147;18;336;2;12;5;4;3.20;6;2;1;81;0;792504;3876;0
147;18;336;2;12;5;30;4.00;5;2;1;85;0;792530;6719;0
147;18;336;2;12;12;99;3.60;7;2;1;85;0;793299;1083;0
147;18;336;2;12;16;71;4.00;7;2;1;82;0;793671;356;0
147;18;336;2;12;18;23;3.60;2;1;1;79;0;793823;1806;0
147;18;336;2;12;19;99;3.60;7;2;1;78;0;793999;310;0
147;18;336;2;12;24;99;3.80;7;2;1;76;0;794499;483;0
147;18;336;2;12;27;99;4.00;3;1;1;77;0;794799;3284;0
147;18;336;2;12;29;99;3.80;2;1;1;74;0;794999;1159;0
147;18;336;2;12;42;14;3.80;6;2;1;81;0;796214;3695;0
147;18;336;2;12;48;23;3.20;8;2;1;80;0;796823;11408;0
147;18;336;2;12;50;99;4.00;2;1;1;85;0;797099;2081;0
147;18;336;2;12;50;99;10.20;3;1;2;76;0;797099;2281;0
147;18;336;2;12;55;99;3.40;2;1;1;92;0;797599;483;0
147;18;336;2;13;1;99;3.40;3;1;1;96;0;798199;1051;0
147;18;336;2;13;30;41;3.40;3;1;1;77;0;801041;2829;0
147;18;336;2;13;36;99;3.60;2;1;1;78;0;801699;4086;0
147;18;336;2;13;42;99;3.40;3;1;1;80;0;802299;1242;0
147;18;336;2;13;48;99;3.40;2;1;1;81;0;802899;1183;0
147;18;336;2;13;58;65;3.60;1;1;1;86;0;803865;24648;0
147;18;336;2;14;4;99;3.80;2;1;1;80;0;804499;1584;0
147;18;336;2;14;6;11;3.40;1;1;1;73;0;804611;730;0
147;18;336;2;14;12;99;3.20;3;1;1;74;0;805299;2984;0
147;18;336;2;14;12;99;4.60;2;1;1;74;0;805299;782;0
147;18;336;2;14;22;99;4.00;6;2;1;79;0;806299;10068;0
147;18;336;2;14;32;23;3.00;6;2;1;73;0;807223;905;0
147;18;336;2;14;33;99;3.80;3;1;1;83;0;807399;2084;0
147;18;336;2;14;44;28;3.80;7;2;1;81;0;808428;13911;0
147;18;336;2;14;48;99;5.40;6;2;1;77;0;808899;1661;0
147;18;336;2;14;51;99;3.80;8;2;1;71;0;809199;12361;0
147;18;336;2;14;52;64;4.20;6;2;1;82;0;809264;339;0
147;18;336;2;14;57;99;3.80;3;1;1;78;0;809799;2383;0
147;18;336;2;15;1;99;3.80;6;2;1;75;0;810199;916;0
147;18;336;2;15;6;99;2.00;7;2;1;82;0;810699;2254;0
147;18;336;2;15;6;99;3.20;8;2;1;83;0;810699;1480;0
147;18;336;2;15;11;15;3.20;2;1;1;73;0;811115;5793;0
147;18;336;2;15;22;26;3.80;7;2;1;90;0;812226;1518;0
147;18;336;2;15;26;99;3.60;6;2;1;89;0;812699;2481;0
147;18;336;2;15;31;99;4.00;3;1;1;60;0;813199;3382;0
147;18;336;2;15;34;99;3.40;6;2;1;71;0;813499;785;0
147;18;336;2;15;45;99;4.20;7;2;1;79;0;814599;2357;0
147;18;336;2;15;51;64;3.40;6;2;1;74;0;815164;1647;0
147;18;336;2;16;1;71;3.40;3;1;1;76;0;816171;2948;0
147;18;336;2;16;8;7;3.60;3;1;1;68;0;816807;619;0
147;18;336;2;16;8;30;3.80;6;2;1;70;0;816830;1649;0
147;18;336;2;16;14;54;3.80;6;2;1;80;0;817454;604;0
147;18;336;2;16;21;14;2.80;6;2;1;70;0;818114;642;0
147;18;336;2;16;27;99;3.20;2;1;1;79;0;818799;7668;0
147;18;336;2;16;29;82;3.60;6;2;1;59;0;818982;853;0
147;18;336;2;16;31;99;3.60;6;2;1;63;0;819199;195;0
147;18;336;2;16;38;9;4.40;3;1;1;83;0;819809;2982;0
147;18;336;2;16;46;18;4.00;6;2;1;87;0;820618;1398;0
147;18;336;2;16;50;89;4.20;3;1;1;81;0;821089;1260;0
147;18;336;2;17;1;99;3.60;3;1;1;79;0;822199;1091;0
147;18;336;2;17;19;99;3.60;8;2;1;76;0;823999;13286;0
147;18;336;2;17;23;71;3.60;6;2;1;80;0;824371;3736;0
147;18;336;2;17;33;35;3.60;2;1;1;79;0;825335;6521;0
147;18;336;2;17;33;78;3.60;6;2;1;68;0;825378;990;0
147;18;336;2;17;36;99;4.00;1;1;1;83;0;825699;21071;0
147;18;336;2;17;46;77;3.40;6;2;1;76;0;826677;1279;0
147;18;336;2;17;47;3;3.80;7;2;1;81;0;826703;12084;0
147;18;336;2;17;48;8;3.60;5;2;1;80;0;826808;34261;0
147;18;336;2;18;13;99;5.60;2;1;1;85;0;829399;4047;0
147;18;336;2;18;32;42;3.40;6;2;1;70;0;831242;4548;0
147;18;336;2;18;41;99;3.40;3;1;1;75;0;832199;9983;0
147;18;336;2;18;50;99;3.40;6;2;1;88;0;833099;1839;0
147;18;336;2;19;2;99;3.60;2;1;1;74;0;834299;4876;0
147;18;336;2;19;2;14;3.20;6;2;1;73;0;834214;1101;0
147;18;336;2;19;3;99;3.00;2;1;1;75;0;834399;82;0
147;18;336;2;19;4;99;6.20;2;1;1;77;0;834499;85;0
147;18;336;2;19;8;24;3.20;3;1;1;83;0;834824;2608;0
147;18;336;2;19;13;66;5.40;3;1;1;85;0;835366;528;0
147;18;336;2;19;16;16;3.80;6;2;1;81;0;835616;1386;0
147;18;336;2;19;20;30;5.40;7;2;1;78;0;836030;9310;0
147;18;336;2;19;21;99;3.60;3;1;1;80;0;836199;810;0
147;18;336;2;19;38;5;3.60;6;2;1;80;0;837805;2172;0
147;18;336;2;19;46;22;3.40;6;2;1;95;0;838622;800;0
147;18;336;2;19;59;63;4.20;2;1;1;81;0;839963;5435;0
147;18;336;2;20;1;4;3.80;7;2;1;77;0;840104;4049;0
147;18;336;2;20;2;99;4.00;7;2;1;80;0;840299;177;0
147;18;336;2;20;18;99;3.80;3;1;1;73;0;841899;5683;0
147;18;336;2;20;25;93;3.60;6;2;1;85;0;842593;3958;0
147;18;336;2;20;28;99;3.20;7;2;1;71;0;842899;2582;0
147;18;336;2;20;30;27;3.80;3;1;1;84;0;843027;1109;0
147;18;336;2;20;49;99;5.20;6;2;1;86;0;844999;2390;0
147;18;336;2;20;51;99;3.80;6;2;1;86;0;845199;178;0
147;18;336;2;20;56;99;4.00;6;2;1;92;0;845699;484;0
147;18;336;2;20;58;26;3.20;7;2;1;85;0;845826;2910;0
147;18;336;2;21;14;99;3.40;6;2;1;72;0;847499;1784;0
147;18;336;2;21;16;96;3.40;3;1;1;77;0;847696;4652;0
147;18;336;2;21;21;46;4.00;1;1;1;91;0;848146;22429;0
147;18;336;2;21;39;67;15.60;7;2;3;83;0;849967;4127;0
147;18;336;2;21;49;24;3.40;2;1;1;78;0;850924;10942;0
147;18;336;2;22;14;0;3.20;7;2;1;74;0;853400;3365;0
147;18;336;2;22;42;8;3.60;6;2;1;79;0;856208;8692;0
147;18;336;2;22;44;23;6.20;3;1;1;85;0;856423;8711;0
147;18;336;2;22;47;99;3.60;6;2;1;73;0;856799;574;0
147;18;336;2;22;51;8;3.80;3;1;1;82;0;857108;658;0
147;18;336;2;22;52;99;13.60;1;1;3;70;0;857299;9137;0
147;18;336;2;23;9;99;3.40;3;1;1;71;0;858999;1874;0
147;18;336;2;23;14;12;3.60;3;1;1;83;0;859412;395;0
147;18;336;2;23;19;76;3.00;6;2;1;83;0;859976;3159;0
147;18;336;2;23;40;13;3.60;3;1;1;80;0;862013;2585;0
147;18;336;2;23;43;99;3.80;6;2;1;77;0;862399;2409;0
147;18;336;2;23;47;99;3.80;7;2;1;79;0;862799;9383;0
147;18;336;2;23;48;99;3.80;3;1;1;80;0;862899;869;0
147;18;336;2;23;54;5;3.60;1;1;1;87;0;863405;6036;0
147;18;336;2;23;54;1;5.80;3;1;1;85;0;863401;484;0
147;18;336;2;24;10;59;3.80;3;1;1;82;0;865059;1633;0
147;18;336;2;24;11;99;4.00;6;2;1;96;0;865199;2782;0
147;18;336;2;24;19;99;3.40;6;2;1;80;0;865999;785;0
147;18;336;2;24;26;99;4.60;6;2;1;82;0;866699;684;0
147;18;336;2;24;42;99;3.60;3;1;1;85;0;868299;3223;0
147;18;336;2;24;45;99;3.60;7;2;1;82;0;868599;5782;0
147;18;336;2;24;51;81;3.80;8;2;1;71;0;869181;45164;0
147;18;336;2;24;56;99;3.40;3;1;1;85;0;869699;1384;0
147;18;336;2;25;8;99;4.20;4;1;1;122;0;870899;112763;0
147;18;336;2;25;17;99;3.60;3;1;1;77;0;871799;2085;0
147;18;336;2;25;19;19;3.80;6;2;1;80;0;871919;5199;0
147;18;336;2;25;28;29;3.00;6;2;1;80;0;872829;892;0
147;18;336;2;25;31;99;3.80;2;1;1;87;0;873199;22259;0
147;18;336;2;25;32;62;3.40;2;1;1;80;0;873262;47;0
147;18;336;2;25;36;99;3.40;6;2;1;87;0;873699;856;0
147;18;336;2;25;46;99;3.60;2;1;1;81;0;874699;1421;0
147;18;336;2;25;51;99;3.40;3;1;1;72;0;875199;3383;0
147;18;336;2;26;3;99;3.80;3;1;1;84;0;876399;1183;0
147;18;336;2;26;17;99;4.80;7;2;1;70;0;877799;9184;0
147;18;336;2;26;18;99;3.40;3;1;1;74;0;877899;1483;0
147;18;336;2;26;29;99;3.80;7;2;1;73;0;878999;1175;0
147;18;336;2;26;32;25;2.80;6;2;1;76;0;879225;5511;0
147;18;336;2;26;37;99;4.00;2;1;1;82;0;879799;5084;0
147;18;336;2;26;49;99;3.00;2;1;1;68;0;880999;1182;0
147;18;336;2;26;55;99;4.00;6;2;1;87;0;881599;2360;0
147;18;336;2;26;57;99;3.60;3;1;1;76;0;881799;3883;0
147;18;336;2;26;57;99;3.80;6;2;1;86;0;881799;183;0
147;18;336;2;26;58;99;5.00;2;1;1;76;0;881899;884;0
147;18;336;2;26;59;99;3.40;8;2;1;85;0;881999;12798;0
147;18;336;2;27;1;51;3.60;2;1;1;72;0;882151;228;0
147;18;336;2;27;7;19;3.40;6;2;1;80;0;882719;904;0
147;18;336;2;27;27;99;4.00;3;1;1;79;0;884799;2982;0
147;18;336;2;27;34;12;3.80;4;1;1;82;0;885412;14500;0
147;18;336;2;27;35;99;3.80;6;2;1;77;0;885599;2864;0
147;18;336;2;27;38;5;3.80;2;1;1;74;0;885805;3636;0
147;18;336;2;27;41;99;3.20;2;1;1;78;0;886199;375;0
147;18;336;2;27;52;99;3.40;3;1;1;77;0;887299;2481;0
147;18;336;2;28;2;99;3.80;2;1;1;75;0;888299;2085;0
147;18;336;2;28;5;15;4.20;2;1;1;84;0;888515;197;0
147;18;336;2;28;14;99;3.80;6;2;1;91;0;889499;3882;0
147;18;336;2;28;40;3;3.40;6;2;1;95;0;892003;2488;0
147;18;336;2;28;41;49;5.00;6;2;1;101;0;892149;133;0
147;18;336;2;28;45;99;3.60;6;2;1;79;0;892599;432;0
147;18;336;2;28;46;41;3.40;3;1;1;79;0;892641;5326;0
147;18;336;2;28;46;74;3.60;2;1;1;80;0;892674;4141;0
147;18;336;2;28;50;99;3.40;2;1;1;79;0;893099;408;0
147;18;336;2;28;52;93;3.80;2;1;1;70;0;893293;178;0
147;18;336;2;28;59;14;3.60;3;1;1;80;0;893914;1257;0
147;18;336;2;29;8;99;3.40;3;1;1;76;0;894899;968;0
147;18;336;2;29;8;82;14.00;7;2;3;79;0;894882;15864;0
147;18;336;2;29;22;29;3.60;3;1;1;80;0;896229;1313;0
147;18;336;2;29;26;6;3.40;6;2;1;77;0;896606;3990;0
147;18;336;2;29;27;53;3.40;6;2;1;73;0;896753;131;0
147;18;336;2;29;30;99;3.40;7;2;1;76;0;897099;2153;0
147;18;336;2;29;48;55;3.80;2;1;1;66;0;898855;5542;0
147;18;336;2;29;56;99;3.80;7;2;1;79;0;899699;2583;0
147;18;336;2;30;0;18;3.40;7;2;1;79;0;900018;301;0
147;18;336;2;30;4;99;6.60;2;1;1;72;0;900499;1623;0
147;18;336;2;30;7;99;3.80;8;2;1;67;0;900799;18785;0
147;18;336;2;30;9;99;3.80;6;2;1;85;0;900999;4229;0
147;18;336;2;30;12;99;5.40;3;1;1;86;0;901299;5053;0
147;18;336;2;30;27;99;3.60;3;1;1;89;0;902799;1477;0
147;18;336;2;30;33;20;3.60;6;2;1;86;0;903320;2304;0
147;18;336;2;30;37;99;3.60;3;1;1;75;0;903799;985;0
147;18;336;2;31;9;41;4.00;8;2;1;72;0;906941;6121;0
147;18;336;2;31;38;81;3.40;7;2;1;67;0;909881;9847;0
147;18;336;2;31;53;78;6.80;3;1;1;74;0;911378;7561;0
147;18;336;2;32;1;68;3.80;2;1;1;78;0;912168;11636;0
147;18;336;2;32;9;99;3.80;7;2;1;76;0;912999;3099;0
147;18;336;2;32;10;99;3.80;7;2;1;81;0;913099;82;0
147;18;336;2;32;13;3;3.40;6;2;1;76;0;913303;9967;0
147;18;336;2;32;28;99;3.20;2;1;1;76;0;914899;2713;0
147;18;336;2;32;31;18;3.80;6;2;1;79;0;915118;1798;0
147;18;336;2;32;33;99;3.60;2;1;1;77;0;915399;484;0
147;18;336;2;32;42;5;3.80;6;2;1;76;0;916205;1069;0
147;18;336;2;32;44;22;3.80;6;2;1;77;0;916422;199;0
147;18;336;2;32;48;99;4.40;6;2;1;82;0;916899;459;0
147;18;336;2;32;54;20;3.40;3;1;1;81;0;917420;6008;0
147;18;336;2;33;7;63;6.00;2;1;1;79;0;918763;3347;0
147;18;336;2;33;15;85;3.60;2;1;1;78;0;919585;794;0
147;18;336;2;33;21;99;4.00;6;2;1;79;0;920199;3280;0
147;18;336;2;33;25;26;3.80;2;1;1;83;0;920526;924;0
147;18;336;2;33;28;48;3.40;3;1;1;75;0;920848;3412;0
147;18;336;2;33;34;99;4.00;6;2;1;81;0;921499;1281;0
147;18;336;2;33;46;75;3.80;7;2;1;72;0;922675;9559;0
147;18;336;2;33;52;23;3.00;5;2;1;75;0;923223;96398;0
147;18;336;2;33;58;41;3.20;6;2;1;70;0;923841;2324;0
147;18;336;2;34;0;99;3.80;5;2;1;80;0;924099;861;0
147;18;336;2;34;18;99;4.00;3;1;1;72;0;925899;5034;0
147;18;336;2;34;19;85;3.60;6;2;1;79;0;925985;2127;0
147;18;336;2;34;23;99;3.60;3;1;1;78;0;926399;480;0
147;18;336;2;34;29;64;3.40;6;2;1;85;0;926964;962;0
147;18;336;2;34;51;99;3.60;6;2;1;83;0;929199;2220;0
147;18;336;2;34;54;24;4.00;2;1;1;87;0;929424;8881;0
147;18;336;2;35;3;99;3.60;3;1;1;79;0;930399;3983;0
147;18;336;2;35;4;99;3.80;6;2;1;80;0;930499;1284;0
147;18;336;2;35;16;22;3.00;7;2;1;77;0;931622;8928;0
147;18;336;2;35;36;99;3.80;2;1;1;47;0;933699;4258;0
147;18;336;2;35;45;99;11.80;7;2;2;84;0;934599;2962;0
147;18;336;2;35;52;99;3.80;5;2;1;81;0;935299;11182;0
147;18;336;2;35;57;96;3.40;2;1;1;60;0;935796;2067;0
147;18;336;2;36;5;10;3.60;2;1;1;76;0;936510;693;0
147;18;336;2;36;7;97;4.00;2;1;1;83;0;936797;269;0
147;18;336;2;36;17;99;6.00;7;2;1;75;0;937799;3149;0
147;18;336;2;36;19;26;4.20;3;1;1;87;0;937926;7510;0
147;18;336;2;36;42;4;3.20;2;1;1;77;0;940204;3389;0
147;18;336;2;36;46;99;3.40;1;1;1;77;0;940699;77279;0
147;18;336;2;36;54;3;3.60;6;2;1;80;0;941403;10886;0
147;18;336;2;36;54;21;4.00;2;1;1;80;0;941421;1202;0
147;18;336;2;36;56;23;3.80;3;1;1;80;0;941623;3679;0
147;18;336;2;36;58;71;3.80;1;1;1;82;0;941871;1156;0
147;18;336;2;37;14;11;3.60;6;2;1;73;0;943411;1991;0
147;18;336;2;37;31;75;3.80;6;2;1;85;0;945175;1746;0
147;18;336;2;37;49;84;3.80;2;1;1;77;0;946984;5545;0
147;18;336;2;37;59;40;3.20;3;1;1;77;0;947940;6299;0
147;18;336;2;38;2;19;3.60;2;1;1;80;0;948219;1217;0
147;18;336;2;38;2;92;3.60;6;2;1;79;0;948292;3100;0
147;18;336;2;38;7;97;3.60;6;2;1;76;0;948797;488;0
147;18;336;2;38;13;99;3.60;8;2;1;73;0;949399;42438;0
147;18;336;2;38;17;74;4.00;6;2;1;85;0;949774;959;0
147;18;336;2;38;23;99;3.60;6;2;1;81;0;950399;608;0
147;18;336;2;38;24;99;3.80;8;2;1;77;0;950499;1082;0
147;18;336;2;38;26;99;3.00;2;1;1;66;0;950699;2463;0
147;18;336;2;38;28;99;4.00;5;2;1;87;0;950899;15583;0
147;18;336;2;38;29;99;3.20;6;2;1;76;0;950999;584;0
147;18;336;2;38;30;99;3.60;7;2;1;78;0;951099;13271;0
147;18;336;2;38;55;21;3.80;6;2;1;79;0;953521;2506;0
147;18;336;2;39;0;13;3.20;3;1;1;77;0;954013;6058;0
147;18;336;2;39;30;13;4.00;7;2;1;83;0;957013;5897;0
147;18;336;2;39;30;99;4.00;2;1;1;92;0;957099;6383;0
147;18;336;2;39;31;46;3.80;7;2;1;83;0;957146;115;0
147;18;336;2;39;38;99;3.80;6;2;1;78;0;957899;4360;0
147;18;336;2;39;40;99;4.00;2;1;1;77;0;958099;984;0
147;18;336;2;39;43;99;3.40;6;2;1;82;0;958399;482;0
147;18;336;2;40;2;99;3.80;3;1;1;82;0;960299;6271;0
147;18;336;2;40;4;28;3.60;3;1;1;87;0;960428;112;0
147;18;336;2;40;8;99;3.60;2;1;1;80;0;960899;2781;0
147;18;336;2;40;20;63;4.00;3;1;1;77;0;962063;1620;0
147;18;336;2;40;27;4;3.60;3;1;1;74;0;962704;622;0
147;18;336;2;40;28;92;3.60;6;2;1;75;0;962892;4478;0
147;18;336;2;40;30;17;3.00;6;2;1;75;0;963017;107;0
147;18;336;2;40;32;99;3.60;6;2;1;77;0;963299;267;0
147;18;336;2;40;33;99;3.20;2;1;1;78;0;963399;2483;0
147;18;336;2;40;40;23;3.80;2;1;1;83;0;964023;609;0
147;18;336;2;40;43;75;3.00;2;1;1;83;0;964375;335;0
147;18;336;2;40;47;12;4.20;3;1;1;80;0;964712;1990;0
147;18;336;2;40;49;13;3.80;3;1;1;90;0;964913;182;0
147;18;336;2;41;12;99;3.80;7;2;1;83;0;967299;10136;0
147;18;336;2;41;15;99;3.60;2;1;1;68;0;967599;3210;0
147;18;336;2;41;26;55;4.40;6;2;1;82;0;968655;5339;0
147;18;336;2;41;29;50;3.80;6;2;1;82;0;968950;275;0
147;18;336;2;41;39;52;4.40;6;2;1;82;0;969952;985;0
147;18;336;2;41;42;58;3.20;6;2;1;80;0;970258;286;0
147;18;336;2;41;49;6;3.60;3;1;1;80;0;970906;5977;0
147;18;336;2;41;53;99;6.00;6;2;1;80;0;971399;1126;0
147;18;336;2;41;58;16;3.60;2;1;1;74;0;971816;4197;0
147;18;336;2;41;59;30;4.00;7;2;1;78;0;971930;4614;0
147;18;336;2;42;2;44;3.80;6;2;1;74;0;972244;818;0
147;18;336;2;42;3;99;3.00;8;2;1;76;0;972399;21882;0
147;18;336;2;42;9;6;3.40;6;2;1;78;0;972906;643;0
147;18;336;2;42;8;99;5.40;2;1;1;72;0;972899;1065;0
147;18;336;2;42;16;99;5.20;7;2;1;85;0;973699;1750;0
147;18;336;2;42;20;60;3.80;6;2;1;80;0;974060;1138;0
147;18;336;2;42;24;99;3.60;6;2;1;79;0;974499;421;0
147;18;336;2;42;29;21;3.80;6;2;1;87;0;974921;405;0
147;18;336;2;42;31;99;3.40;3;1;1;74;0;975199;4276;0
147;18;336;2;42;46;99;4.20;6;2;1;80;0;976699;1762;0
147;18;336;2;42;48;2;4.60;6;2;1;78;0;976802;84;0
147;18;336;2;42;55;99;4.00;3;1;1;74;0;977599;2383;0
147;18;336;2;42;57;99;3.80;8;2;1;78;0;977799;5385;0
147;18;336;2;43;0;12;4.20;3;1;1;72;0;978012;393;0
147;18;336;2;43;2;7;3.80;3;1;1;82;0;978207;174;0
147;18;336;2;43;6;29;4.00;2;1;1;85;0;978629;5703;0
147;18;336;2;43;8;5;3.60;2;1;1;96;0;978805;159;0
147;18;336;2;43;14;79;3.40;1;1;1;81;0;979479;37591;0
147;18;336;2;43;18;0;3.60;1;1;1;77;0;979800;305;0
147;18;336;2;43;33;99;4.00;6;2;1;85;0;981399;4575;0
147;18;336;2;43;43;99;3.80;6;2;1;79;0;982399;983;0
147;18;336;2;43;47;1;4.80;7;2;1;71;0;982701;8979;0
147;18;336;2;43;54;15;3.60;2;1;1;65;0;983415;4596;0
147;18;336;2;43;57;50;3.20;3;1;1;78;0;983750;5526;0
147;18;336;2;44;1;99;3.60;6;2;1;87;0;984199;1782;0
147;18;336;2;44;1;99;4.00;7;2;1;82;0;984199;1473;0
147;18;336;2;44;3;2;3.80;3;1;1;77;0;984302;537;0
147;18;336;2;44;15;64;3.40;3;1;1;74;0;985564;1244;0
147;18;336;2;44;17;99;3.60;6;2;1;76;0;985799;1585;0
147;18;336;2;44;19;99;3.60;3;1;1;77;0;985999;418;0
147;18;336;2;44;40;3;3.80;3;1;1;78;0;988003;1987;0
147;18;336;2;45;19;99;4.00;3;1;1;77;0;991999;3978;0
147;18;336;2;45;20;15;3.60;6;2;1;76;0;992015;6198;0
147;18;336;2;45;22;99;6.00;7;2;1;91;0;992299;8082;0
147;18;336;2;45;24;20;3.20;6;2;1;89;0;992420;387;0
147;18;336;2;45;44;2;3.80;2;1;1;79;0;994402;10967;0
147;18;336;2;45;46;99;3.80;6;2;1;81;0;994699;2266;0
147;18;336;2;45;48;99;3.00;3;1;1;74;0;994899;2881;0
147;18;336;2;45;53;4;3.60;6;2;1;83;0;995304;588;0
147;18;336;2;46;19;99;3.80;3;1;1;76;0;997999;3085;0
147;18;336;2;46;20;10;4.20;6;2;1;79;0;998010;2690;0
147;18;336;2;46;32;3;3.40;3;1;1;68;0;999203;1186;0
147;18;336;2;46;35;99;4.40;3;1;1;81;0;999599;378;0
147;18;336;2;46;35;99;3.40;7;2;1;81;0;999599;7276;0
147;18;336;2;46;51;99;3.60;2;1;1;84;0;1001199;6779;0
147;18;336;2;46;58;18;3.20;3;1;1;75;0;1001818;2199;0
147;18;336;2;46;59;60;5.20;6;2;1;77;0;1001960;3930;0
147;18;336;2;47;26;99;3.60;3;1;1;77;0;1004699;2865;0
147;18;336;2;47;37;9;3.40;2;1;1;74;0;1005709;4494;0
147;18;336;2;47;43;99;4.00;1;1;1;79;0;1006399;26582;0
147;18;336;2;47;59;99;4.20;6;2;1;79;0;1007999;6014;0
147;18;336;2;48;10;2;3.80;7;2;1;82;0;1009002;9387;0
147;18;336;2;48;11;58;3.40;7;2;1;82;0;1009158;139;0
147;18;336;2;48;25;99;3.60;7;2;1;79;0;1010599;1426;0
147;18;336;2;48;26;3;3.40;3;1;1;76;0;1010603;5887;0
147;18;336;2;48;57;16;3.80;3;1;1;70;0;1013716;3096;0
147;18;336;2;49;1;99;3.60;6;2;1;68;0;1014199;6180;0
147;18;336;2;49;8;99;4.00;2;1;1;66;0;1014899;9173;0
147;18;336;2;49;35;18;5.20;7;2;1;81;0;1017518;6902;0
147;18;336;2;49;52;17;3.60;6;2;1;80;0;1019217;4998;0
147;18;336;2;50;4;99;3.80;6;2;1;81;0;1020499;1265;0
147;18;336;2;50;5;99;3.40;2;1;1;79;0;1020599;5678;0
147;18;336;2;50;14;99;3.40;2;1;1;71;0;1021499;884;0
147;18;336;2;50;16;1;3.20;6;2;1;75;0;1021601;1085;0
147;18;336;2;50;31;30;3.80;6;2;1;83;0;1023130;1513;0
147;18;336;2;50;33;99;3.20;5;2;1;82;0;1023399;72483;0
147;18;336;2;50;39;20;5.00;6;2;1;80;0;1023920;773;0
147;18;336;2;50;44;38;3.80;6;2;1;81;0;1024438;495;0
147;18;336;2;50;59;99;4.60;3;1;1;81;0;1025999;12263;0
147;18;336;2;51;9;99;3.80;2;1;1;77;0;1026999;5482;0
147;18;336;2;51;27;99;3.40;7;2;1;76;0;1028799;11257;0
147;18;336;2;51;33;10;3.60;3;1;1;82;0;1029310;3290;0
147;18;336;2;51;43;78;4.00;7;2;1;17;0;1030378;1562;0
147;18;336;2;51;52;99;4.60;7;2;1;68;0;1031299;836;0
147;18;336;2;51;56;61;3.60;6;2;1;82;0;1031661;7206;0
147;18;336;2;52;0;99;3.80;7;2;1;90;0;1032099;775;0
147;18;336;2;52;6;52;3.20;3;1;1;75;0;1032652;3326;0
147;18;336;2;52;19;26;4.40;6;2;1;75;0;1033926;2249;0
147;18;336;2;52;31;14;3.60;8;2;1;73;0;1035114;57297;0
147;18;336;2;52;40;99;3.80;3;1;1;74;0;1036099;3431;0
147;18;336;2;52;42;24;4.20;3;1;1;81;0;1036224;106;0
147;18;336;2;52;42;22;3.40;4;1;1;79;0;1036222;150793;0
147;18;336;2;53;0;99;3.80;7;2;1;71;0;1038099;5984;0
147;18;336;2;53;9;99;3.80;2;1;1;79;0;1038999;11982;0
147;18;336;2;53;11;99;3.60;6;2;1;80;0;1039199;5251;0
147;18;336;2;53;30;99;3.40;6;2;1;74;0;1041099;1883;0
147;18;336;2;53;32;99;4.60;2;1;1;75;0;1041299;2282;0
147;18;336;2;53;41;49;3.40;6;2;1;79;0;1042149;1033;0
147;18;336;2;53;41;61;4.00;8;2;1;76;0;1042161;7029;0
147;18;336;2;54;21;99;3.80;2;1;1;70;0;1046199;4877;0
147;18;336;2;54;34;99;4.20;6;2;1;77;0;1047499;5334;0
147;18;336;2;54;35;99;4.00;6;2;1;77;0;1047599;80;0
147;18;336;2;54;37;5;4.80;2;1;1;68;0;1047705;1486;0
147;18;336;2;54;41;14;3.60;6;2;1;80;0;1048114;496;0
147;18;336;2;54;43;99;3.60;6;2;1;82;0;1048399;268;0
147;18;336;2;54;45;73;3.60;2;1;1;76;0;1048573;842;0
147;18;336;2;54;48;99;3.20;3;1;1;86;0;1048899;12656;0
147;18;336;2;54;58;79;4.00;3;1;1;101;0;1049879;966;0
147;18;336;2;55;0;56;3.60;8;2;1;85;0;1050056;7876;0
147;18;336;2;55;5;55;4.40;6;2;1;87;0;1050555;2140;0
147;18;336;2;55;6;14;3.80;2;1;1;81;0;1050614;2023;0
147;18;336;2;55;13;42;3.40;6;2;1;72;0;1051342;768;0
147;18;336;2;55;13;87;3.20;4;1;1;90;0;1051387;15149;0
147;18;336;2;55;14;99;3.00;3;1;1;82;0;1051499;1605;0
147;18;336;2;55;23;44;4.00;6;2;1;84;0;1052344;985;0
147;18;336;2;55;25;7;3.40;3;1;1;69;0;1052507;994;0
147;18;336;2;55;44;21;3.80;2;1;1;82;0;1054421;3790;0
147;18;336;2;55;59;52;3.20;7;2;1;73;0;1055952;17833;0
147;18;336;2;56;5;99;3.80;6;2;1;78;0;1056599;4237;0
147;18;336;2;56;10;90;4.00;7;2;1;79;0;1057090;1122;0
147;18;336;2;56;19;20;3.80;7;2;1;75;0;1057920;811;0
147;18;336;2;56;20;90;3.60;6;2;1;76;0;1058090;1473;0
147;18;336;2;56;21;99;3.00;3;1;1;80;0;1058199;5674;0
147;18;336;2;56;36;16;3.00;3;1;1;84;0;1059616;1403;0
147;18;336;2;57;4;99;3.80;6;2;1;76;0;1062499;4391;0
147;18;336;2;57;23;1;3.60;6;2;1;83;0;1064301;1784;0
147;18;336;2;57;30;99;3.80;6;2;1;82;0;1065099;782;0
147;18;336;2;57;40;99;3.80;6;2;1;81;0;1066099;983;0
147;18;336;2;57;57;43;3.40;2;1;1;66;0;1067743;13305;0
147;18;336;2;58;1;99;3.20;6;2;1;72;0;1068199;2083;0
147;18;336;2;58;2;68;4.20;7;2;1;74;0;1068268;10329;0
147;18;336;2;58;8;99;3.60;6;2;1;80;0;1068899;684;0
147;18;336;2;58;19;99;3.60;6;2;1;81;0;1069999;1083;0
147;18;336;2;58;21;99;3.40;6;2;1;76;0;1070199;184;0
147;18;336;2;58;23;68;13.00;6;2;3;75;0;1070368;152;0
147;18;336;2;58;28;15;5.20;3;1;1;82;0;1070815;11186;0
147;18;336;2;58;31;99;4.60;7;2;1;84;0;1071199;2910;0
147;18;336;2;58;33;22;5.40;2;1;1;78;0;1071322;3560;0
147;18;336;2;58;35;0;3.40;6;2;1;85;0;1071500;1069;0
147;18;336;2;58;37;99;3.40;6;2;1;84;0;1071799;284;0
147;18;336;2;58;53;34;3.20;6;2;1;70;0;1073334;1520;0
147;18;336;2;59;17;99;3.40;2;1;1;87;0;1075799;4452;0
147;18;336;2;59;18;28;4.00;6;2;1;89;0;1075828;2477;0
147;18;336;2;59;23;99;4.00;3;1;1;79;0;1076399;5561;0
147;18;336;2;59;31;36;4.00;6;2;1;82;0;1077136;1291;0
147;18;336;2;59;49;2;3.80;2;1;1;81;0;1078902;3088;0
147;18;336;2;59;55;99;6.20;2;1;1;82;0;1079599;680;0
147;18;336;2;59;59;21;3.80;5;2;1;77;0;1079921;56507;0
147;18;336;3;0;23;19;4.00;2;1;1;80;0;1082319;2692;0
147;18;336;3;0;49;0;3.20;3;1;1;76;0;1084900;8482;0
147;18;336;3;1;7;99;3.60;2;1;1;75;0;1086799;4462;0
147;18;336;3;1;12;99;3.60;3;1;1;75;0;1087299;2383;0
147;18;336;3;1;26;4;3.60;3;1;1;81;0;1088604;1287;0
147;18;336;3;1;27;98;3.80;4;1;1;78;0;1088798;37398;0
147;18;336;3;1;35;81;4.00;6;2;1;84;0;1089581;12427;0
147;18;336;3;1;37;8;5.00;7;2;1;84;0;1089708;18489;0
147;18;336;3;1;41;99;3.40;2;1;1;78;0;1090199;3382;0
147;18;336;3;1;42;62;3.00;2;1;1;74;0;1090262;47;0
147;18;336;3;1;47;1;6.00;2;1;1;81;0;1090701;424;0
147;18;336;3;1;51;22;4.00;1;1;1;81;0;1091122;84704;0
147;18;336;3;2;10;19;3.60;6;2;1;83;0;1093019;3420;0
147;18;336;3;2;23;47;3.60;7;2;1;79;0;1094347;4617;0
147;18;336;3;2;25;99;3.40;1;1;1;82;0;1094599;3459;0
147;18;336;3;2;41;54;6.60;6;2;1;81;0;1096154;3119;0
147;18;336;3;2;42;99;4.20;7;2;1;83;0;1096299;1935;0
147;18;336;3;2;47;99;4.00;3;1;1;83;0;1096799;8179;0
147;18;336;3;3;4;31;3.40;6;2;1;75;0;1098431;2247;0
147;18;336;3;3;24;99;3.40;8;2;1;67;0;1100499;50427;0
147;18;336;3;3;32;27;4.00;8;2;1;78;0;1101227;709;0
147;18;336;3;3;36;99;3.40;3;1;1;72;0;1101699;4882;0
147;18;336;3;3;42;26;3.40;2;1;1;82;0;1102226;11498;0
147;18;336;3;3;46;99;6.00;3;1;1;81;0;1102699;983;0
147;18;336;3;3;57;99;4.00;3;1;1;83;0;1103799;1073;0
147;18;336;3;4;16;4;4.00;7;2;1;80;0;1105604;9286;0
147;18;336;3;4;17;99;3.20;6;2;1;84;0;1105799;7351;0
147;18;336;3;4;19;99;3.80;7;2;1;93;0;1105999;377;0
147;18;336;3;4;22;4;5.40;6;2;1;86;0;1106204;391;0
147;18;336;3;4;27;15;3.40;3;1;1;76;0;1106715;2898;0
147;18;336;3;4;30;99;3.80;3;1;1;76;0;1107099;367;0
147;18;336;3;4;43;12;3.40;6;2;1;78;0;1108312;2085;0
147;18;336;3;4;54;70;3.60;3;1;1;78;0;1109470;2353;0
147;18;336;3;4;57;99;3.60;6;2;1;79;0;1109799;1471;0
147;18;336;3;5;3;99;3.80;6;2;1;76;0;1110399;583;0
147;18;336;3;5;34;17;3.60;3;1;1;78;0;1113417;3930;0
147;18;336;3;5;39;99;3.40;2;1;1;66;0;1113999;11758;0
147;18;336;3;5;45;39;3.40;6;2;1;81;0;1114539;4122;0
147;18;336;3;5;56;7;3.20;2;1;1;66;0;1115607;1589;0
147;18;336;3;6;6;99;4.00;7;2;1;83;0;1116699;10685;0
147;18;336;3;6;9;99;3.80;6;2;1;76;0;1116999;2444;0
147;18;336;3;6;14;8;3.80;7;2;1;77;0;1117408;691;0
147;18;336;3;6;17;99;3.40;3;1;1;76;0;1117799;4365;0
147;18;336;3;6;36;4;3.60;6;2;1;82;0;1119604;2587;0
147;18;336;3;6;49;51;3.40;3;1;1;77;0;1120951;3135;0
147;18;336;3;6;49;46;3.00;2;1;1;65;0;1120946;5321;0
147;18;336;3;6;56;99;3.60;3;1;1;78;0;1121699;732;0
147;18;336;3;6;58;99;3.00;6;2;1;73;0;1121899;2279;0
147;18;336;3;7;6;99;3.60;6;2;1;82;0;1122699;785;0
147;18;336;3;7;10;17;3.60;5;2;1;79;0;1123017;43078;0
147;18;336;3;7;18;99;3.60;6;2;1;75;0;1123899;1184;0
147;18;336;3;7;19;99;3.80;7;2;1;74;0;1123999;6573;0
147;18;336;3;7;30;18;3.40;7;2;1;76;0;1125018;1000;0
147;18;336;3;7;42;99;4.00;3;1;1;82;0;1126299;4583;0
147;18;336;3;7;43;3;4.40;2;1;1;81;0;1126303;5340;0
147;18;336;3;7;49;3;3.60;2;1;1;82;0;1126903;580;0
147;18;336;3;7;55;99;3.60;7;2;1;81;0;1127599;2564;0
147;18;336;3;7;59;26;3.80;6;2;1;88;0;1127926;4009;0
147;18;336;3;8;4;2;5.00;7;2;1;85;0;1128402;787;0
147;18;336;3;8;4;99;3.20;3;1;1;69;0;1128499;2182;0
147;18;336;3;8;11;24;4.20;2;1;1;78;0;1129124;2205;0
147;18;336;3;8;26;31;3.80;2;1;1;65;0;1130631;1487;0
147;18;336;3;8;38;99;3.80;3;1;1;85;0;1131899;3383;0
147;18;336;3;8;43;99;4.00;5;2;1;82;0;1132399;9365;0
147;18;336;3;8;44;99;3.20;2;1;1;75;0;1132499;1846;0
147;18;336;3;8;45;99;3.40;6;2;1;68;0;1132599;4657;0
147;18;336;3;9;1;20;3.00;2;1;1;80;0;1134120;1605;0
147;18;336;3;9;2;45;4.60;1;1;1;76;0;1134245;39631;0
147;18;336;3;9;5;5;3.60;7;2;1;91;0;1134505;6081;0
147;18;336;3;9;10;48;3.40;6;2;1;82;0;1135048;2431;0
147;18;336;3;9;15;61;5.00;6;2;1;83;0;1135561;498;0
147;18;336;3;9;18;99;3.80;1;1;1;83;0;1135899;1632;0
147;18;336;3;9;50;2;3.40;6;2;1;89;0;1139002;3419;0
147;18;336;3;9;56;29;3.00;3;1;1;82;0;1139629;7713;0
147;18;336;3;9;59;99;3.20;6;2;1;86;0;1139999;983;0
147;18;336;3;10;0;99;4.00;3;1;1;83;0;1140099;456;0
147;18;336;3;10;6;19;3.00;7;2;1;84;0;1140619;6099;0
147;18;336;3;10;7;14;3.60;3;1;1;79;0;1140714;597;0
147;18;336;3;10;15;99;4.20;2;1;1;77;0;1141599;7465;0
147;18;336;3;10;18;99;3.80;3;1;1;78;0;1141899;1168;0
147;18;336;3;10;25;99;5.80;6;2;1;77;0;1142599;2586;0
147;18;336;3;10;26;99;3.80;7;2;1;75;0;1142699;2067;0
147;18;336;3;10;33;99;3.80;2;1;1;84;0;1143399;1780;0
147;18;336;3;10;36;25;4.00;6;2;1;90;0;1143625;998;0
147;18;336;3;10;51;99;3.40;7;2;1;73;0;1145199;2481;0
147;18;336;3;11;5;19;3.40;3;1;1;83;0;1146519;4602;0
147;18;336;3;11;11;99;3.40;6;2;1;70;0;1147199;3558;0
147;18;336;3;11;11;99;2.80;7;2;1;78;0;1147199;1983;0
147;18;336;3;11;16;99;3.80;2;1;1;78;0;1147699;4283;0
147;18;336;3;11;24;99;3.60;6;2;1;70;0;1148499;1282;0
147;18;336;3;11;33;18;3.80;1;1;1;84;0;1149318;13402;0
147;18;336;3;11;53;99;3.80;2;1;1;77;0;1151399;3682;0
147;18;336;3;12;8;99;3.40;3;1;1;75;0;1152899;6365;0
147;18;336;3;12;9;18;4.20;2;1;1;76;0;1152918;1501;0
147;18;336;3;12;24;8;3.40;6;2;1;79;0;1154408;5890;0
147;18;336;3;12;40;29;3.60;3;1;1;71;0;1156029;3113;0
147;18;336;3;12;42;99;3.20;3;1;1;72;0;1156299;251;0
147;18;336;3;12;46;99;3.60;6;2;1;81;0;1156699;2275;0
147;18;336;3;12;51;99;3.80;6;2;1;68;0;1157199;484;0
147;18;336;3;13;26;24;3.60;6;2;1;71;0;1160624;3404;0
147;18;336;3;13;36;12;3.20;3;1;1;74;0;1161612;5297;0
147;18;336;3;13;41;16;3.60;2;1;1;83;0;1162116;9178;0
147;18;336;3;13;48;99;3.60;4;1;1;73;0;1162899;74083;0
147;18;336;3;13;50;99;3.40;3;1;1;81;0;1163099;1471;0
147;18;336;3;13;58;99;3.80;5;2;1;91;0;1163899;31482;0
147;18;336;3;14;15;13;3.60;2;1;1;72;0;1165513;3381;0
147;18;336;3;14;18;99;3.80;6;2;1;78;0;1165899;5256;0
147;18;336;3;14;19;26;4.40;6;2;1;74;0;1165926;9;0
147;18;336;3;14;29;7;3.40;3;1;1;78;0;1166907;3792;0
147;18;336;3;14;33;99;4.60;2;1;1;78;0;1167399;1868;0
147;18;336;3;14;34;89;12.40;2;1;3;80;0;1167489;68;0
147;18;336;3;14;39;99;3.20;8;2;1;73;0;1167999;66753;0
147;18;336;3;14;41;99;3.20;6;2;1;75;0;1168199;2251;0
147;18;336;3;14;55;31;3.60;6;2;1;82;0;1169531;1316;0
147;18;336;3;15;3;28;3.80;7;2;1;79;0;1170328;23116;0
147;18;336;3;15;5;21;3.40;3;1;1;75;0;1170521;3598;0
147;18;336;3;15;11;8;3.80;4;1;1;86;0;1171108;8191;0
147;18;336;3;15;11;23;3.20;2;1;1;59;0;1171123;3578;0
147;18;336;3;15;28;18;3.60;3;1;1;73;0;1172818;2280;0
147;18;336;3;15;38;99;3.60;6;2;1;79;0;1173899;4352;0
147;18;336;3;15;43;99;3.60;2;1;1;75;0;1174399;3256;0
147;18;336;3;15;47;83;3.40;6;2;1;91;0;1174783;867;0
147;18;336;3;15;49;14;3.60;6;2;1;80;0;1174914;117;0
147;18;336;3;15;51;99;4.00;7;2;1;78;0;1175199;4853;0
147;18;336;3;15;51;8;3.80;3;1;1;80;0;1175108;2272;0
147;18;336;3;15;53;24;3.60;2;1;1;82;0;1175324;907;0
147;18;336;3;16;2;37;3.40;6;2;1;81;0;1176237;1306;0
147;18;336;3;16;15;37;3.60;2;1;1;76;0;1177537;2197;0
147;18;336;3;16;21;99;16.60;3;1;4;78;0;1178199;3073;0
147;18;336;3;16;25;43;3.60;6;2;1;91;0;1178543;2290;0
147;18;336;3;16;25;85;13.00;2;1;4;74;0;1178585;1030;0
147;18;336;3;16;28;10;4.00;4;1;1;79;0;1178810;7686;0
147;18;336;3;17;0;99;4.40;6;2;1;82;0;1182099;3541;0
147;18;336;3;17;19;65;3.40;6;2;1;78;0;1183965;1846;0
147;18;336;3;17;22;6;4.00;3;1;1;75;0;1184206;5930;0
147;18;336;3;17;56;5;3.80;7;2;1;79;0;1187605;12387;0
147;18;336;3;18;8;94;3.60;3;1;1;68;0;1188894;4668;0
147;18;336;3;18;23;83;4.00;6;2;1;87;0;1190383;6402;0
147;18;336;3;18;28;56;3.80;4;1;1;81;0;1190856;12027;0
147;18;336;3;18;29;99;3.20;3;1;1;74;0;1190999;2085;0
147;18;336;3;18;30;44;3.40;2;1;1;71;0;1191044;12395;0
147;18;336;3;18;45;7;3.40;6;2;1;74;0;1192507;2107;0
147;18;336;3;18;45;10;3.80;1;1;1;74;0;1192510;43175;0
147;18;336;3;19;6;20;3.80;7;2;1;88;0;1194620;6997;0
147;18;336;3;19;8;99;3.20;6;2;1;86;0;1194899;2375;0
147;18;336;3;19;14;92;3.20;6;2;1;78;0;1195492;579;0
147;18;336;3;19;20;99;3.20;6;2;1;79;0;1196099;592;0
147;18;336;3;19;21;99;3.20;8;2;1;79;0;1196199;28184;0
147;18;336;3;19;22;60;3.80;7;2;1;78;0;1196260;1624;0
147;18;336;3;19;28;99;3.60;7;2;1;82;0;1196899;621;0
147;18;336;3;19;56;99;3.80;7;2;1;79;0;1199699;2784;0
147;18;336;3;20;4;99;3.80;6;2;1;75;0;1200499;4385;0
147;18;336;3;20;11;24;3.60;2;1;1;77;0;1201124;10062;0
147;18;336;3;20;14;99;4.20;8;2;1;80;0;1201499;5285;0
147;18;336;3;20;16;71;3.20;3;1;1;70;0;1201671;10656;0
147;18;336;3;20;23;70;3.40;3;1;1;70;0;1202370;682;0
147;18;336;3;20;34;99;4.40;3;1;1;77;0;1203499;1111;0
147;18;336;3;20;39;99;3.80;2;1;1;71;0;1203999;2858;0
147;18;336;3;20;42;21;3.80;3;1;1;96;0;1204221;701;0
147;18;336;3;20;44;12;3.80;6;2;1;74;0;1204412;3894;0
147;18;336;3;20;45;22;3.40;3;1;1;78;0;1204522;286;0
147;18;336;3;20;50;99;3.80;6;2;1;79;0;1205099;668;0
147;18;336;3;20;56;99;4.00;6;2;1;74;0;1205699;582;0
147;18;336;3;20;58;99;3.20;6;2;1;72;0;1205899;180;0
147;18;336;3;20;59;96;4.00;3;1;1;77;0;1205996;1458;0
147;18;336;3;21;14;17;3.40;3;1;1;80;0;1207417;1402;0
147;18;336;3;21;16;12;3.60;3;1;1;81;0;1207612;179;0
147;18;336;3;21;35;63;3.60;2;1;1;83;0;1209563;5544;0
147;18;336;3;21;44;20;3.40;3;1;1;75;0;1210420;2792;0
147;18;336;3;22;5;39;3.60;3;1;1;82;0;1212539;2102;0
147;18;336;3;22;6;74;4.00;6;2;1;77;0;1212674;6759;0
147;18;336;3;22;7;99;3.60;8;2;1;64;0;1212799;11281;0
147;18;336;3;22;13;75;3.60;7;2;1;93;0;1213375;13658;0
147;18;336;3;22;25;99;3.60;3;1;1;77;0;1214599;2044;0
147;18;336;3;22;29;99;6.00;3;1;1;85;0;1214999;383;0
147;18;336;3;22;40;99;3.60;6;2;1;77;0;1216099;3406;0
147;18;336;3;22;48;99;3.60;3;1;1;80;0;1216899;1874;0
147;18;336;3;22;49;25;4.00;6;2;1;67;0;1216925;809;0
147;18;336;3;23;7;65;3.60;6;2;1;81;0;1218765;1818;0
147;18;336;3;23;9;99;7.40;3;1;1;77;0;1218999;2083;0
147;18;336;3;23;13;99;5.60;2;1;1;86;0;1219399;9820;0
147;18;336;3;23;27;22;3.60;3;1;1;82;0;1220722;1688;0
147;18;336;3;23;30;54;3.80;8;2;1;87;0;1221054;8234;0
147;18;336;3;23;39;5;3.80;3;1;1;107;0;1221905;1167;0
147;18;336;3;23;40;54;3.40;6;2;1;77;0;1222054;3273;0
147;18;336;3;23;46;99;4.00;7;2;1;79;0;1222699;9310;0
147;18;336;3;23;51;11;3.40;6;2;1;94;0;1223111;1041;0
147;18;336;3;23;53;22;3.60;3;1;1;77;0;1223322;1404;0
147;18;336;3;24;15;99;3.60;3;1;1;83;0;1225599;2260;0
147;18;336;3;24;20;99;4.20;6;2;1;79;0;1226099;2974;0
147;18;336;3;24;20;99;5.60;7;2;1;67;0;1226099;3381;0
147;18;336;3;24;27;28;3.40;8;2;1;80;0;1226728;5658;0
147;18;336;3;24;30;18;3.40;3;1;1;78;0;1227018;1403;0
147;18;336;3;24;53;1;3.60;3;1;1;67;0;1229301;2267;0
147;18;336;3;25;10;0;3.40;2;1;1;78;0;1231000;11577;0
147;18;336;3;25;10;14;3.60;6;2;1;77;0;1231014;4895;0
147;18;336;3;25;11;99;3.80;1;1;1;75;0;1231199;38670;0
147;18;336;3;25;18;4;3.80;2;1;1;79;0;1231804;788;0
147;18;336;3;25;38;64;4.00;3;1;1;79;0;1233864;4543;0
147;18;336;3;26;26;15;3.60;3;1;1;79;0;1238615;4732;0
147;18;336;3;26;27;99;3.00;7;2;1;76;0;1238799;12669;0
147;18;336;3;26;27;99;4.20;2;1;1;66;0;1238799;6977;0
147;18;336;3;26;32;64;3.40;2;1;1;80;0;1239264;442;0
147;18;336;3;26;34;58;3.80;7;2;1;73;0;1239458;644;0
147;18;336;3;26;37;81;3.20;2;1;1;80;0;1239781;501;0
147;18;336;3;26;42;65;3.80;8;2;1;74;0;1240265;13521;0
147;18;336;3;26;46;99;3.80;3;1;1;80;0;1240699;2067;0
147;18;336;3;26;49;99;4.00;6;2;1;78;0;1240999;9968;0
147;18;336;3;26;53;99;3.80;6;2;1;79;0;1241399;381;0
147;18;336;3;27;20;30;3.60;3;1;1;75;0;1244030;3313;0
147;18;336;3;27;27;99;5.00;6;2;1;81;0;1244799;3382;0
147;18;336;3;27;33;21;3.60;2;1;1;78;0;1245321;5525;0
147;18;336;3;27;49;99;5.20;7;2;1;81;0;1246999;7522;0
147;18;336;3;27;54;23;3.60;3;1;1;79;0;1247423;3375;0
147;18;336;3;27;57;99;4.00;6;2;1;78;0;1247799;2977;0
147;18;336;3;28;4;39;3.40;7;2;1;73;0;1248439;1416;0
147;18;336;3;28;9;83;3.80;3;1;1;76;0;1248983;1543;0
147;18;336;3;28;16;24;3.40;6;2;1;83;0;1249624;1806;0
147;18;336;3;28;45;99;4.00;2;1;1;78;0;1252599;7261;0
147;18;336;3;28;49;7;3.60;6;2;1;81;0;1252907;3268;0
147;18;336;3;28;52;99;4.40;3;1;1;78;0;1253299;4298;0
147;18;336;3;29;6;99;3.80;3;1;1;91;0;1254699;1379;0
147;18;336;3;29;26;6;3.80;2;1;1;84;0;1256606;3988;0
147;18;336;3;29;43;16;4.00;2;1;1;81;0;1258316;1693;0
147;18;336;3;29;48;7;4.00;8;2;1;80;0;1258807;18523;0
147;18;336;3;29;50;31;4.00;2;1;1;89;0;1259031;697;0
147;18;336;3;30;12;62;4.40;2;1;1;79;0;1261262;2214;0
147;18;336;3;30;14;61;15.60;7;2;4;80;0;1261461;13005;0
147;18;336;3;30;39;99;3.00;2;1;1;67;0;1263999;2716;0
147;18;336;3;30;50;58;4.00;7;2;1;66;0;1265058;3526;0
147;18;336;3;30;56;99;3.00;2;1;1;80;0;1265699;1683;0
147;18;336;3;31;12;99;3.40;6;2;1;77;0;1267299;14376;0
147;18;336;3;31;23;99;3.80;6;2;1;90;0;1268399;1084;0
147;18;336;3;31;31;80;3.60;6;2;1;77;0;1269180;765;0
147;18;336;3;31;39;81;4.00;3;1;1;84;0;1269981;15266;0
147;18;336;3;31;52;93;3.20;2;1;1;82;0;1271293;5580;0
147;18;336;3;31;56;99;3.80;2;1;1;81;0;1271699;391;0
147;18;336;3;32;12;71;3.20;8;2;1;77;0;1273271;14446;0
147;18;336;3;32;26;99;3.60;1;1;1;74;0;1274699;43481;0
147;18;336;3;32;48;29;4.40;2;1;1;75;0;1276829;5113;0
147;18;336;3;33;15;99;3.80;2;1;1;77;0;1279599;2748;0
147;18;336;3;33;33;99;3.20;3;1;1;76;0;1281399;11400;0
147;18;336;3;33;45;26;4.00;2;1;1;89;0;1282526;2909;0
147;18;336;3;33;50;99;4.00;3;1;1;73;0;1283099;1684;0
147;18;336;3;34;1;99;3.60;2;1;1;82;0;1284199;1656;0
147;18;336;3;34;18;70;4.00;2;1;1;76;0;1285870;1655;0
147;18;336;3;34;22;99;3.80;7;2;1;89;0;1286299;21219;0
147;18;336;3;34;24;99;3.20;3;1;1;84;0;1286499;3380;0
147;18;336;3;34;37;99;3.20;2;1;1;90;0;1287799;1910;0
147;18;336;3;34;48;44;3.60;2;1;1;80;0;1288844;1032;0
147;18;336;3;34;52;99;3.80;6;2;1;82;0;1289299;20102;0
147;18;336;3;34;59;97;3.80;3;1;1;82;0;1289997;3484;0
147;18;336;3;35;14;12;3.80;6;2;1;78;0;1291412;2096;0
147;18;336;3;35;16;99;3.60;6;2;1;79;0;1291699;269;0
147;18;336;3;35;16;32;3.60;2;1;1;81;0;1291632;2771;0
147;18;336;3;35;30;99;3.60;6;2;1;75;0;1293099;1383;0
147;18;336;3;35;38;0;3.80;5;2;1;84;0;1293800;129885;0
147;18;336;3;35;38;99;3.60;6;2;1;80;0;1293899;782;0
147;18;336;3;35;39;99;4.00;3;1;1;68;0;1293999;3985;0
147;18;336;3;35;47;68;3.40;3;1;1;77;0;1294768;747;0
147;18;336;3;35;54;0;3.20;6;2;1;75;0;1295400;1484;0
147;18;336;3;35;58;99;3.40;3;1;1;67;0;1295899;1115;0
147;18;336;3;36;16;99;3.80;6;2;1;72;0;1297699;2283;0
147;18;336;3;36;27;99;3.60;6;2;1;78;0;1298799;1081;0
147;18;336;3;36;30;99;3.80;8;2;1;84;0;1299099;25813;0
147;18;336;3;36;35;99;3.40;4;1;1;82;0;1299599;108726;0
147;18;336;3;36;37;4;3.40;3;1;1;77;0;1299704;3786;0
147;18;336;3;36;47;99;3.40;2;1;1;79;0;1300799;9151;0
147;18;336;3;36;54;89;3.60;2;1;1;78;0;1301489;674;0
147;18;336;3;36;56;54;3.20;6;2;1;79;0;1301654;2838;0
147;18;336;3;36;59;99;4.20;6;2;1;80;0;1301999;330;0
147;18;336;3;37;18;99;3.40;6;2;1;86;0;1303899;1881;0
147;18;336;3;37;20;99;3.60;6;2;1;73;0;1304099;185;0
147;18;336;3;37;31;99;3.40;6;2;1;77;0;1305199;1082;0
147;18;336;3;37;35;12;3.80;7;2;1;88;0;1305512;19197;0
147;18;336;3;37;50;63;4.60;1;1;1;77;0;1307063;32346;0
147;18;336;3;37;57;26;3.60;6;2;1;83;0;1307726;2511;0
147;18;336;3;38;0;26;3.60;4;1;1;84;0;1308026;8412;0
147;18;336;3;38;3;75;3.20;7;2;1;79;0;1308375;2847;0
147;18;336;3;38;5;29;3.20;3;1;1;72;0;1308529;8809;0
147;18;336;3;38;19;99;4.00;2;1;1;66;0;1309999;8493;0
147;18;336;3;38;26;99;3.40;2;1;1;72;0;1310699;678;0
147;18;336;3;38;34;99;3.60;2;1;1;74;0;1311499;783;0
147;18;336;3;38;50;10;3.60;2;1;1;85;0;1313010;1493;0
147;18;336;3;38;52;99;4.40;3;1;1;79;0;1313299;4754;0
147;18;336;3;38;55;99;4.00;3;1;1;91;0;1313599;279;0
147;18;336;3;38;58;99;4.00;3;1;1;90;0;1313899;284;0
147;18;336;3;39;4;34;3.40;8;2;1;70;0;1314434;15318;0
147;18;336;3;39;11;99;4.20;3;1;1;72;0;1315199;1284;0
147;18;336;3;39;12;99;3.80;6;2;1;80;0;1315299;7557;0
147;18;336;3;39;14;99;4.00;6;2;1;80;0;1315499;182;0
147;18;336;3;39;23;99;3.60;6;2;1;78;0;1316399;882;0
147;18;336;3;39;26;99;3.40;2;1;1;69;0;1316699;3673;0
147;18;336;3;39;28;0;4.00;6;2;1;89;0;1316800;384;0
147;18;336;3;39;30;94;3.00;6;2;1;84;0;1317094;277;0
147;18;336;3;39;35;87;3.80;7;2;1;80;0;1317587;9197;0
147;18;336;3;39;45;79;4.00;3;1;1;80;0;1318579;3359;0
147;18;336;3;39;47;3;3.80;6;2;1;79;0;1318703;1596;0
147;18;336;3;39;48;78;3.20;2;1;1;76;0;1318878;2161;0
147;18;336;3;39;51;12;4.00;2;1;1;78;0;1319112;218;0
147;18;336;3;40;3;70;3.20;6;2;1;79;0;1320370;1649;0
147;18;336;3;40;15;99;3.40;6;2;1;83;0;1321599;1214;0
147;18;336;3;40;22;99;4.20;3;1;1;77;0;1322299;3702;0
147;18;336;3;40;34;7;3.80;1;1;1;75;0;1323407;16322;0
147;18;336;3;40;44;67;3.80;6;2;1;82;0;1324467;2853;0
147;18;336;3;40;49;80;3.80;6;2;1;75;0;1324980;496;0
147;18;336;3;40;51;12;3.80;6;2;1;83;0;1325112;113;0
147;18;336;3;41;6;99;4.00;3;1;1;80;0;1326699;4380;0
147;18;336;3;41;11;7;3.40;6;2;1;97;0;1327107;1978;0
147;18;336;3;41;20;14;4.00;4;1;1;81;0;1328014;19972;0
147;18;336;3;41;23;76;4.60;7;2;1;79;0;1328376;10771;0
147;18;336;3;41;24;99;14.20;8;2;3;86;0;1328499;14047;0
147;18;336;3;41;34;99;5.60;3;1;1;75;0;1329499;2782;0
147;18;336;3;41;41;84;3.80;3;1;1;73;0;1330184;658;0
147;18;336;3;42;2;99;3.80;6;2;1;77;0;1332299;5179;0
147;18;336;3;42;12;99;3.60;3;1;1;80;0;1333299;3096;0
147;18;336;3;42;25;99;3.20;6;2;1;80;0;1334599;2282;0
147;18;336;3;42;33;28;3.40;2;1;1;83;0;1335328;16197;0
147;18;336;3;42;45;99;3.40;6;2;1;75;0;1336599;1985;0
147;18;336;3;43;1;99;3.80;6;2;1;89;0;1338199;1583;0
147;18;336;3;43;3;99;4.00;6;2;1;82;0;1338399;184;0
147;18;336;3;43;4;99;4.00;6;2;1;82;0;1338499;82;0
147;18;336;3;43;17;99;3.80;3;1;1;80;0;1339799;6483;0
147;18;336;3;43;26;99;3.00;2;1;1;60;0;1340699;5356;0
147;18;336;3;43;49;99;3.80;3;1;1;76;0;1342999;3182;0
147;18;336;3;43;53;25;3.40;2;1;1;81;0;1343325;2608;0
147;18;336;3;43;54;17;4.40;3;1;1;90;0;1343417;400;0
147;18;336;3;44;12;8;5.80;6;2;1;78;0;1345208;6691;0
147;18;336;3;44;13;14;4.00;3;1;1;78;0;1345314;1879;0
147;18;336;3;44;14;46;4.40;3;1;1;76;0;1345446;113;0
147;18;336;3;44;36;99;4.80;8;2;1;72;0;1347699;19140;0
147;18;336;3;44;37;89;5.20;6;2;1;83;0;1347789;2554;0
147;18;336;3;44;39;99;4.40;2;1;1;76;0;1347999;4658;0
147;18;336;3;44;42;4;3.80;7;2;1;80;0;1348204;19807;0
147;18;336;3;44;53;99;3.80;3;1;1;81;0;1349399;3932;0
147;18;336;3;44;58;99;3.20;2;1;1;82;0;1349899;1879;0
147;18;336;3;45;3;9;3.60;3;1;1;78;0;1350309;893;0
147;18;336;3;45;8;86;3.40;7;2;1;74;0;1350886;2664;0
147;18;336;3;45;35;19;3.80;6;2;1;78;0;1353519;5707;0
147;18;336;3;45;35;99;3.20;2;1;1;72;0;1353599;3685;0
147;18;336;3;45;36;50;3.60;6;2;1;80;0;1353650;113;0
147;18;336;3;45;45;99;3.20;8;2;1;72;0;1354599;6876;0
147;18;336;3;46;1;18;5.80;2;1;1;87;0;1356118;2503;0
147;18;336;3;46;12;19;3.80;7;2;1;79;0;1357219;6316;0
147;18;336;3;46;12;55;3.80;3;1;1;73;0;1357255;6929;0
147;18;336;3;46;18;18;4.00;2;1;1;81;0;1357818;1676;0
147;18;336;3;46;29;34;3.40;3;1;1;70;0;1358934;1660;0
147;18;336;3;46;43;3;4.20;7;2;1;12;0;1360303;3066;0
147;18;336;3;47;0;3;4.20;7;2;1;82;0;1362003;1574;0
147;18;336;3;47;9;99;3.80;2;1;1;78;0;1362999;5163;0
147;18;336;3;47;13;10;3.40;3;1;1;62;0;1363310;4358;0
147;18;336;3;47;13;48;3.80;2;1;1;69;0;1363348;331;0
147;18;336;3;47;21;18;3.60;3;1;1;75;0;1364118;788;0
147;18;336;3;47;21;85;3.60;6;2;1;78;0;1364185;10518;0
147;18;336;3;47;36;4;4.80;5;2;1;111;0;1365604;71787;0
147;18;336;3;47;36;23;3.80;3;1;1;102;0;1365623;1487;0
147;18;336;3;47;39;99;3.40;2;1;1;83;0;1365999;2631;0
147;18;336;3;47;45;99;4.80;8;2;1;83;0;1366599;11984;0
147;18;336;3;47;51;27;3.40;6;2;1;91;0;1367127;2925;0
147;18;336;3;48;5;99;3.80;2;1;1;76;0;1368599;2585;0
147;18;336;3;48;19;7;3.60;6;2;1;72;0;1369907;2766;0
147;18;336;3;48;40;62;3.40;3;1;1;81;0;1372062;6425;0
147;18;336;3;48;46;99;3.60;7;2;1;73;0;1372699;10677;0
147;18;336;3;48;50;19;3.60;2;1;1;70;0;1373019;4402;0
147;18;336;3;48;50;65;3.40;6;2;1;76;0;1373065;3140;0
147;18;336;3;49;4;15;4.00;3;1;1;73;0;1374415;2337;0
147;18;336;3;49;7;99;5.60;2;1;1;72;0;1374799;1761;0
147;18;336;3;49;15;99;3.80;2;1;1;71;0;1375599;772;0
147;18;336;3;49;21;94;3.60;6;2;1;74;0;1376194;3112;0
147;18;336;3;49;23;23;3.60;2;1;1;92;0;1376323;704;0
147;18;336;3;49;29;92;3.80;7;2;1;78;0;1376992;4275;0
147;18;336;3;49;32;99;3.80;6;2;1;82;0;1377299;1087;0
147;18;336;3;50;17;5;3.60;5;2;1;72;0;1381705;16085;0
147;18;336;3;50;29;99;3.40;7;2;1;76;0;1382999;5989;0
147;18;336;3;50;36;99;3.80;6;2;1;77;0;1383699;6383;0
147;18;336;3;50;41;99;4.20;3;1;1;79;0;1384199;9764;0
147;18;336;3;50;48;25;3.80;6;2;1;83;0;1384825;1108;0
147;18;336;3;50;56;57;3.40;3;1;1;75;0;1385657;1438;0
147;18;336;3;50;58;11;4.00;3;1;1;82;0;1385811;137;0
147;18;336;3;51;4;16;3.60;7;2;1;82;0;1386416;3400;0
147;18;336;3;51;49;19;3.20;7;2;1;81;0;1390919;4487;0
147;18;336;3;51;54;99;4.40;3;1;1;81;0;1391499;5670;0
147;18;336;3;52;6;99;6.20;8;2;1;76;0;1392699;26079;0
147;18;336;3;52;31;99;3.40;6;2;1;81;0;1395199;10357;0
147;18;336;3;52;48;12;4.00;1;1;1;81;0;1396812;73386;0
147;18;336;3;53;15;99;3.80;3;1;1;86;0;1399599;8080;0
147;18;336;3;53;21;99;3.80;3;1;1;86;0;1400199;584;0
147;18;336;3;53;24;60;3.20;2;1;1;75;0;1400460;24122;0
147;18;336;3;53;49;99;3.60;1;1;1;78;0;1402999;6169;0
147;18;336;3;53;54;99;3.40;2;1;1;78;0;1403499;3023;0
147;18;336;3;54;3;61;5.40;6;2;1;84;0;1404361;9146;0
147;18;336;3;54;8;53;5.80;2;1;1;73;0;1404853;1338;0
147;18;336;3;54;10;43;3.80;6;2;1;77;0;1405043;658;0
147;18;336;3;54;38;2;2.60;7;2;1;81;0;1407802;16868;0
147;18;336;3;54;40;99;2.80;6;2;1;78;0;1408099;3038;0
147;18;336;3;55;11;99;3.80;3;1;1;80;0;1411199;10984;0
147;18;336;3;55;18;99;3.60;3;1;1;77;0;1411899;682;0
147;18;336;3;55;21;99;3.60;3;1;1;73;0;1412199;283;0
147;18;336;3;55;25;99;4.20;3;1;1;77;0;1412599;382;0
147;18;336;3;55;42;19;3.20;6;2;1;75;0;1414219;6107;0
147;18;336;3;55;53;4;3.40;6;2;1;79;0;1415304;1069;0
147;18;336;3;55;58;10;3.60;3;1;1;88;0;1415810;3191;0
147;18;336;3;56;1;10;3.60;4;1;1;76;0;1416110;88078;0
147;18;336;3;56;56;24;3.20;6;2;1;67;0;1421624;6304;0
147;18;336;3;57;7;49;3.20;6;2;1;71;0;1422749;1107;0
147;18;336;3;57;9;16;3.80;6;2;1;74;0;1422916;150;0
147;18;336;3;57;11;99;3.80;2;1;1;82;0;1423199;18317;0
147;18;336;3;57;12;48;3.80;3;1;1;75;0;1423248;7423;0
147;18;336;3;57;33;87;3.80;3;1;1;83;0;1425387;2120;0
147;18;336;3;57;39;99;3.60;3;1;1;89;0;1425999;595;0
147;18;336;3;57;42;99;3.20;6;2;1;93;0;1426299;3364;0
147;18;336;3;57;52;99;4.00;2;1;1;76;0;1427299;4083;0
147;18;336;3;58;26;99;3.40;3;1;1;62;0;1430699;4685;0
147;18;336;3;58;32;99;3.00;6;2;1;77;0;1431299;4987;0
147;18;336;3;58;34;52;3.40;3;1;1;73;0;1431452;733;0
147;18;336;3;58;36;42;3.80;2;1;1;82;0;1431642;4324;0
147;18;336;3;58;52;4;3.80;7;2;1;80;0;1433204;25390;0
147;18;336;3;59;16;6;3.60;3;1;1;72;0;1435606;4137;0
147;18;336;3;59;18;99;3.60;3;1;1;67;0;1435899;275;0
147;18;336;3;59;25;84;3.60;6;2;1;83;0;1436584;5270;0
147;18;336;3;59;48;87;4.00;6;2;1;75;0;1438887;2287;0
147;18;336;3;59;53;7;3.80;3;1;1;83;0;1439307;3388;0
147;18;336;3;59;54;13;3.40;8;2;1;81;0;1439413;46684;0
147;18;336;3;59;57;99;3.20;3;1;1;79;0;1439799;475;0
147;18;336;4;0;13;99;3.80;2;1;1;73;0;1441399;9740;0
147;18;336;4;0;13;7;3.00;8;2;1;63;0;1441307;1878;0
147;18;336;4;0;24;50;3.20;3;1;1;75;0;1442450;2636;0
147;18;336;4;0;49;99;3.60;6;2;1;82;0;1444999;6092;0
147;18;336;4;1;1;99;3.40;6;2;1;74;0;1446199;1184;0
147;18;336;4;1;28;25;3.40;2;1;1;83;0;1448825;7407;0
147;18;336;4;1;39;68;4.20;7;2;1;13;0;1449968;16746;0
147;18;336;4;1;58;99;3.60;6;2;1;79;0;1451899;5683;0
147;18;336;4;2;12;99;3.40;3;1;1;81;0;1453299;10833;0
147;18;336;4;2;15;23;3.80;6;2;1;83;0;1453523;1607;0
147;18;336;4;2;17;99;3.80;3;1;1;79;0;1453799;484;0
147;18;336;4;2;30;99;5.80;6;2;1;80;0;1455099;1559;0
147;18;336;4;3;6;7;3.60;6;2;1;76;0;1458607;3481;0
147;18;336;4;3;13;78;3.80;6;2;1;79;0;1459378;753;0
147;18;336;4;3;14;99;7.00;6;2;2;83;0;1459499;103;0
147;18;336;4;3;19;99;3.40;3;1;1;77;0;1459999;6182;0
147;18;336;4;3;21;7;3.20;2;1;1;75;0;1460107;11267;0
147;18;336;4;3;26;99;3.80;3;1;1;79;0;1460699;684;0
147;18;336;4;3;32;14;3.20;4;1;1;73;0;1461214;45086;0
147;18;336;4;3;36;57;3.60;2;1;1;77;0;1461657;1534;0
147;18;336;4;4;9;76;3.60;2;1;1;73;0;1464976;3302;0
147;18;336;4;4;14;6;3.40;6;2;1;83;0;1465406;5876;0
147;18;336;4;4;17;11;3.80;3;1;1;72;0;1465711;4994;0
147;18;336;4;4;17;99;4.00;2;1;1;78;0;1465799;805;0
147;18;336;4;4;20;14;4.00;2;1;1;81;0;1466014;196;0
147;18;336;4;4;32;15;4.80;3;1;1;95;0;1467215;1485;0
147;18;336;4;4;38;99;3.60;2;1;1;73;0;1467899;1867;0
147;18;336;4;4;40;66;4.00;6;2;1;75;0;1468066;2645;0
147;18;336;4;4;49;6;3.60;6;2;1;79;0;1468906;820;0
147;18;336;4;4;59;99;4.20;2;1;1;82;0;1469999;2082;0
147;18;336;4;5;25;99;3.40;6;2;1;79;0;1472599;3676;0
147;18;336;4;5;41;16;3.80;6;2;1;77;0;1474116;1501;0
147;18;336;4;5;49;26;4.20;8;2;1;84;0;1474926;33601;0
147;18;336;4;6;4;12;3.40;3;1;1;81;0;1476412;9178;0
147;18;336;4;6;9;27;3.80;6;2;1;83;0;1476927;2793;0
147;18;336;4;6;13;99;4.00;7;2;1;76;0;1477399;27314;0
147;18;336;4;6;17;6;3.80;2;1;1;60;0;1477706;7688;0
147;18;336;4;6;19;6;3.40;7;2;1;83;0;1477906;488;0
147;18;336;4;6;22;61;3.40;6;2;1;76;0;1478261;1317;0
147;18;336;4;6;23;99;3.20;2;1;1;77;0;1478399;670;0
147;18;336;4;6;35;28;3.20;6;2;1;78;0;1479528;1250;0
147;18;336;4;6;48;81;3.80;5;2;1;83;0;1480881;99158;0
147;18;336;4;6;51;99;3.60;6;2;1;69;0;1481199;1656;0
147;18;336;4;7;12;99;3.40;6;2;1;78;0;1483299;2081;0
147;18;336;4;7;15;14;3.80;2;1;1;82;0;1483514;5100;0
147;18;336;4;7;19;67;4.00;2;1;1;78;0;1483967;436;0
147;18;336;4;7;23;20;3.80;3;1;1;84;0;1484320;7892;0
147;18;336;4;7;37;93;3.80;2;1;1;73;0;1485793;1807;0
147;18;336;4;7;42;89;3.40;2;1;1;93;0;1486289;477;0
147;18;336;4;7;44;3;4.60;6;2;1;80;0;1486403;3088;0
147;18;336;4;8;18;99;3.20;6;2;1;78;0;1489899;3475;0
147;18;336;4;8;23;99;3.60;6;2;1;78;0;1490399;485;0
147;18;336;4;8;25;85;3.60;7;2;1;85;0;1490585;12664;0
147;18;336;4;8;26;99;5.80;2;1;1;80;0;1490699;4396;0
147;18;336;4;8;28;99;3.40;4;1;1;81;0;1490899;29669;0
147;18;336;4;8;38;95;3.80;1;1;1;76;0;1491895;88879;0
147;18;336;4;8;41;99;3.60;2;1;1;80;0;1492199;1473;0
147;18;336;4;8;58;31;4.40;3;1;1;87;0;1493831;9494;0
147;18;336;4;9;30;99;3.80;7;2;1;83;0;1497099;6498;0
147;18;336;4;9;42;67;3.20;2;1;1;74;0;1498267;6051;0
147;18;336;4;9;43;9;3.80;3;1;1;82;0;1498309;4459;0
147;18;336;4;9;43;99;3.60;6;2;1;79;0;1498399;7983;0
147;18;336;4;9;47;86;3.60;7;2;1;76;0;1498786;1670;0
147;18;336;4;9;50;99;3.40;3;1;1;94;0;1499099;773;0
147;18;336;4;9;56;99;3.60;6;2;1;71;0;1499699;1283;0
147;18;336;4;10;9;19;3.60;2;1;1;79;0;1500919;2636;0
147;18;336;4;10;12;99;6.00;7;2;1;79;0;1501299;2495;0
147;18;336;4;10;15;63;3.40;3;1;1;88;0;1501563;2450;0
147;18;336;4;10;50;99;3.20;3;1;1;98;0;1505099;3522;0
147;18;336;4;11;38;19;3.60;4;1;1;83;0;1509819;18904;0
147;18;336;4;11;41;99;3.40;3;1;1;73;0;1510199;5088;0
147;18;336;4;11;43;99;4.00;6;2;1;77;0;1510399;10681;0
147;18;336;4;12;6;99;3.60;6;2;1;77;0;1512699;2281;0
147;18;336;4;12;17;99;3.60;3;1;1;74;0;1513799;3583;0
147;18;336;4;12;18;42;3.80;6;2;1;79;0;1513842;1126;0
147;18;336;4;12;19;99;3.60;5;2;1;85;0;1513999;33101;0
147;18;336;4;12;33;15;3.20;7;2;1;74;0;1515315;13988;0
147;18;336;4;12;53;99;3.60;3;1;1;81;0;1517399;3582;0
147;18;336;4;12;54;2;3.80;6;2;1;82;0;1517402;3542;0
147;18;336;4;13;9;26;3.80;6;2;1;76;0;1518926;1507;0
147;18;336;4;13;13;99;3.60;6;2;1;77;0;1519399;455;0
147;18;336;4;13;27;0;3.20;6;2;1;71;0;1520700;1284;0
147;18;336;4;13;34;99;4.60;7;2;1;71;0;1521499;6168;0
147;18;336;4;13;41;12;3.80;2;1;1;80;0;1522112;21176;0
147;18;336;4;14;0;23;3.20;1;1;1;72;0;1524023;32110;0
147;18;336;4;14;1;10;4.20;2;1;1;88;0;1524110;1980;0
147;18;336;4;14;1;9;3.80;3;1;1;79;0;1524109;6694;0
147;18;336;4;14;6;99;3.60;6;2;1;78;0;1524699;3982;0
147;18;336;4;14;19;9;3.80;3;1;1;79;0;1525909;1782;0
147;18;336;4;14;40;99;3.80;6;2;1;76;0;1528099;3383;0
147;18;336;4;14;42;99;4.00;2;1;1;72;0;1528299;4171;0
147;18;336;4;14;52;99;3.60;2;1;1;78;0;1529299;980;0
147;18;336;4;14;55;99;3.40;3;1;1;85;0;1529599;3672;0
147;18;336;4;15;15;96;3.60;2;1;1;81;0;1531596;2280;0
147;18;336;4;15;19;99;3.80;2;1;1;81;0;1531999;387;0
147;18;336;4;15;24;13;3.40;7;2;1;65;0;1532413;10890;0
147;18;336;4;15;31;99;3.80;7;2;1;75;0;1533199;767;0
147;18;336;4;15;38;9;3.20;6;2;1;80;0;1533809;5692;0
147;18;336;4;15;51;99;5.80;6;2;1;76;0;1535199;1375;0
147;18;336;4;15;57;18;3.40;3;1;1;94;0;1535718;6104;0
147;18;336;4;16;1;62;3.00;2;1;1;79;0;1536162;4146;0
147;18;336;4;16;10;99;2.80;3;1;1;84;0;1537099;1367;0
147;18;336;4;16;20;99;4.00;4;1;1;81;0;1538099;28264;0
147;18;336;4;16;21;9;3.60;3;1;1;76;0;1538109;998;0
147;18;336;4;16;26;3;3.80;7;2;1;80;0;1538603;5385;0
147;18;336;4;16;28;13;3.60;3;1;1;80;0;1538813;686;0
147;18;336;4;16;31;18;3.60;3;1;1;74;0;1539118;288;0
147;18;336;4;16;34;95;3.80;7;2;1;18;0;1539495;874;0
147;18;336;4;16;39;88;4.20;6;2;1;77;0;1539988;4761;0
147;18;336;4;16;43;99;3.60;4;1;1;80;0;1540399;2282;0
147;18;336;4;16;54;2;3.80;7;2;1;78;0;1541402;1831;0
147;18;336;4;17;14;14;4.60;2;1;1;78;0;1543414;7238;0
147;18;336;4;17;16;99;3.20;6;2;1;75;0;1543699;3691;0
147;18;336;4;17;25;22;4.00;2;1;1;81;0;1544522;1086;0
147;18;336;4;17;38;39;3.60;3;1;1;76;0;1545839;6703;0
147;18;336;4;17;47;99;2.60;2;1;1;90;0;1546799;2259;0
147;18;336;4;17;52;99;3.60;2;1;1;80;0;1547299;489;0
147;18;336;4;17;58;5;3.20;6;2;1;67;0;1547805;4090;0
147;18;336;4;18;6;15;4.60;8;2;1;74;0;1548615;73671;0
147;18;336;4;18;19;91;4.40;3;1;1;81;0;1549991;4134;0
147;18;336;4;18;52;47;3.20;6;2;1;74;0;1553247;5424;0
147;18;336;4;18;53;0;3.60;2;1;1;88;0;1553300;5984;0
147;18;336;4;18;53;99;4.40;7;2;1;68;0;1553399;11979;0
147;18;336;4;19;3;99;3.80;2;1;1;79;0;1554399;1084;0
147;18;336;4;19;5;29;3.20;7;2;1;85;0;1554529;1106;0
147;18;336;4;19;7;35;6.20;6;2;1;83;0;1554735;1472;0
147;18;336;4;19;11;99;3.40;6;2;1;89;0;1555199;437;0
147;18;336;4;19;31;99;3.20;8;2;1;75;0;1557199;8561;0
147;18;336;4;19;42;9;4.00;2;1;1;80;0;1558209;3792;0
147;18;336;4;19;43;1;2.60;6;2;1;57;0;1558301;3088;0
147;18;336;4;19;48;23;3.60;2;1;1;81;0;1558823;596;0
147;18;336;4;19;50;99;3.60;2;1;1;85;0;1559099;260;0
147;18;336;4;20;5;99;3.40;6;2;1;85;0;1560599;2281;0
147;18;336;4;20;10;99;3.80;2;1;1;66;0;1561099;1984;0
147;18;336;4;20;25;86;3.80;3;1;1;79;0;1562586;12575;0
147;18;336;4;20;26;99;3.80;8;2;1;92;0;1562699;5484;0
147;18;336;4;20;29;1;3.60;2;1;1;73;0;1562901;1781;0
147;18;336;4;20;31;99;3.60;2;1;1;76;0;1563199;280;0
147;18;336;4;20;41;99;4.20;3;1;1;100;0;1564199;1595;0
147;18;336;4;20;49;99;3.40;6;2;1;76;0;1564999;4385;0
147;18;336;4;20;56;99;3.80;2;1;1;79;0;1565699;2482;0
147;18;336;4;21;2;8;3.80;3;1;1;80;0;1566208;1993;0
147;18;336;4;21;9;99;3.20;3;1;1;77;0;1566999;773;0
147;18;336;4;21;32;99;3.20;2;1;1;72;0;1569299;3582;0
147;18;336;4;22;8;22;3.80;1;1;1;86;0;1572822;48783;0
147;18;336;4;22;14;36;3.20;3;1;1;73;0;1573436;6422;0
147;18;336;4;22;16;5;3.00;2;1;1;76;0;1573605;4290;0
147;18;336;4;22;25;80;3.60;6;2;1;85;0;1574580;9564;0
147;18;336;4;22;27;11;4.20;5;2;1;87;0;1574711;60696;0
147;18;336;4;22;27;26;3.20;6;2;1;80;0;1574726;130;0
147;18;336;4;22;36;3;4.00;6;2;1;80;0;1575603;862;0
147;18;336;4;22;42;3;3.20;2;1;1;74;0;1576203;2583;0
147;18;336;4;22;50;69;3.80;6;2;1;86;0;1577069;1448;0
147;18;336;4;23;2;0;3.60;6;2;1;88;0;1578200;1115;0
147;18;336;4;23;5;99;4.20;8;2;1;76;0;1578599;15885;0
147;18;336;4;23;10;22;3.60;6;2;1;76;0;1579022;807;0
147;18;336;4;23;14;99;4.00;3;1;1;79;0;1579499;6047;0
147;18;336;4;23;27;99;3.00;3;1;1;74;0;1580799;1281;0
147;18;336;4;23;54;13;4.20;2;1;1;75;0;1583413;7194;0
147;18;336;4;23;59;4;3.40;8;2;1;75;0;1583904;5285;0
147;18;336;4;24;1;0;3.40;6;2;1;85;0;1584100;5060;0
147;18;336;4;24;7;66;4.40;7;2;1;85;0;1584766;30223;0
147;18;336;4;24;44;99;4.40;3;1;1;72;0;1588499;7685;0
147;18;336;4;24;48;33;3.00;3;1;1;76;0;1588833;312;0
147;18;336;4;24;49;99;4.00;2;1;1;82;0;1588999;5565;0
147;18;336;4;24;50;99;3.60;6;2;1;78;0;1589099;4984;0
147;18;336;4;24;55;99;3.60;3;1;1;83;0;1589599;751;0
147;18;336;4;25;21;69;3.80;6;2;1;96;0;1592169;3053;0
147;18;336;4;25;24;16;4.00;3;1;1;78;0;1592416;2801;0
147;18;336;4;25;32;80;3.80;6;2;1;80;0;1593280;1096;0
147;18;336;4;25;40;99;4.00;7;2;1;84;0;1594099;9314;0
147;18;336;4;25;41;25;3.80;2;1;1;83;0;1594125;5108;0
147;18;336;4;25;43;99;4.20;2;1;1;81;0;1594399;257;0
147;18;336;4;26;7;55;3.60;6;2;1;68;0;1596755;3457;0
147;18;336;4;26;8;15;3.60;2;1;1;75;0;1596815;2397;0
147;18;336;4;26;10;61;4.00;3;1;1;84;0;1597061;4626;0
147;18;336;4;26;15;62;3.60;6;2;1;70;0;1597562;787;0
147;18;336;4;26;27;13;3.60;6;2;1;73;0;1598713;1132;0
147;18;336;4;26;29;99;3.60;3;1;1;60;0;1598999;1920;0
147;18;336;4;26;40;67;5.60;7;2;1;36;0;1600067;5950;0
147;18;336;4;26;43;8;4.00;6;2;1;78;0;1600308;1577;0
147;18;336;4;27;1;21;3.80;2;1;1;76;0;1602121;5288;0
147;18;336;4;27;18;99;3.60;3;1;1;87;0;1603899;4878;0
147;18;336;4;27;26;6;4.00;2;1;1;83;0;1604606;2467;0
147;18;336;4;27;33;99;3.40;2;1;1;75;0;1605399;775;0
147;18;336;4;27;45;84;3.80;6;2;1;84;0;1606584;6257;0
147;18;336;4;27;45;99;3.80;5;2;1;91;0;1606599;31870;0
147;18;336;4;27;46;99;3.80;6;2;1;86;0;1606699;98;0
147;18;336;4;28;10;99;3.60;3;1;1;77;0;1609099;5185;0
147;18;336;4;28;24;41;3.20;6;2;1;79;0;1610441;3726;0
147;18;336;4;28;30;99;3.60;3;1;1;77;0;1611099;1983;0
147;18;336;4;28;30;99;3.80;6;2;1;80;0;1611099;643;0
147;18;336;4;28;35;2;3.60;2;1;1;89;0;1611502;6086;0
147;18;336;4;28;57;12;3.80;2;1;1;83;0;1613712;2195;0
147;18;336;4;29;8;2;3.60;3;1;1;77;0;1614802;3686;0
147;18;336;4;29;17;20;4.60;6;2;1;87;0;1615720;4603;0
147;18;336;4;29;23;90;3.80;6;2;1;76;0;1616390;650;0
147;18;336;4;29;37;99;3.40;2;1;1;68;0;1617799;4070;0
147;18;336;4;29;39;99;3.00;3;1;1;62;0;1617999;3180;0
147;18;336;4;29;52;4;2.80;6;2;1;76;0;1619204;2796;0
147;18;336;4;29;54;82;5.00;6;2;1;79;0;1619482;264;0
147;18;336;4;30;1;7;3.80;2;1;1;83;0;1620107;2290;0
147;18;336;4;30;1;16;3.40;3;1;1;88;0;1620116;2099;0
147;18;336;4;30;12;99;3.80;3;1;1;79;0;1621299;1169;0
147;18;336;4;30;22;10;3.60;3;1;1;82;0;1622210;893;0
147;18;336;4;30;31;99;3.60;6;2;1;81;0;1623199;3694;0
147;18;336;4;30;43;13;3.20;3;1;1;72;0;1624313;2087;0
147;18;336;4;30;43;99;3.40;8;2;1;78;0;1624399;40478;0
147;18;336;4;30;45;99;3.60;6;2;1;80;0;1624599;1384;0
147;18;336;4;30;50;50;3.40;6;2;1;76;0;1625050;434;0
147;18;336;4;30;52;58;3.80;6;2;1;82;0;1625258;191;0
147;18;336;4;31;7;19;3.20;6;2;1;67;0;1626719;1444;0
147;18;336;4;31;9;99;4.00;2;1;1;75;0;1626999;6875;0
147;18;336;4;31;17;99;3.80;2;1;1;72;0;1627799;780;0
147;18;336;4;31;20;20;4.00;6;2;1;83;0;1628020;1283;0
147;18;336;4;31;27;99;3.60;3;1;1;81;0;1628799;4470;0
147;18;336;4;31;28;73;3.00;3;1;1;76;0;1628873;58;0
147;18;336;4;31;36;7;3.20;6;2;1;102;0;1629607;1569;0
147;18;336;4;31;46;34;3.60;6;2;1;85;0;1630634;1015;0
147;18;336;4;32;5;99;3.00;6;2;1;78;0;1632599;1949;0
147;18;336;4;32;9;22;3.80;2;1;1;76;0;1632922;5104;0
147;18;336;4;32;10;99;4.20;4;1;1;76;0;1633099;92683;0
147;18;336;4;32;23;99;4.00;2;1;1;77;0;1634399;1459;0
147;18;336;4;32;25;80;3.40;6;2;1;84;0;1634580;1967;0
147;18;336;4;32;31;99;3.80;7;2;1;79;0;1635199;35076;0
147;18;336;4;32;41;99;3.80;3;1;1;82;0;1636199;7311;0
147;18;336;4;32;42;21;3.40;2;1;1;86;0;1636221;1803;0
147;18;336;4;33;2;99;3.60;7;2;1;76;0;1638299;3082;0
147;18;336;4;33;5;75;13.00;7;2;3;81;0;1638575;258;0
147;18;336;4;33;21;99;3.80;6;2;1;73;0;1640199;5604;0
147;18;336;4;33;24;1;3.40;2;1;1;84;0;1640401;4165;0
147;18;336;4;33;24;98;4.00;8;2;1;81;0;1640498;16083;0
147;18;336;4;33;28;99;4.40;2;1;1;84;0;1640899;483;0
147;18;336;4;33;33;17;4.20;7;2;1;72;0;1641317;2684;0
147;18;336;4;33;38;29;3.40;6;2;1;86;0;1641829;1611;0
147;18;336;4;33;39;66;3.80;4;1;1;82;0;1641966;8847;0
147;18;336;4;33;40;99;3.60;3;1;1;76;0;1642099;5883;0
147;18;336;4;33;42;11;3.60;2;1;1;76;0;1642211;1293;0
147;18;336;4;33;47;99;3.20;1;1;1;82;0;1642799;69961;0
147;18;336;4;33;50;99;3.60;2;1;1;83;0;1643099;870;0
147;18;336;4;33;53;99;3.60;3;1;1;76;0;1643399;1282;0
147;18;336;4;34;3;24;3.40;3;1;1;81;0;1644324;907;0
147;18;336;4;34;9;99;3.20;6;2;1;83;0;1644999;3155;0
147;18;336;4;34;12;94;3.60;3;1;1;68;0;1645294;954;0
147;18;336;4;34;13;99;4.20;6;2;1;77;0;1645399;386;0
147;18;336;4;34;15;99;4.00;4;1;1;70;0;1645599;3616;0
147;18;336;4;34;16;99;4.00;3;1;1;73;0;1645699;385;0
147;18;336;4;34;25;93;3.40;2;1;1;77;0;1646593;3478;0
147;18;336;4;34;30;76;3.40;2;1;1;78;0;1647076;467;0
147;18;336;4;34;37;35;3.80;6;2;1;84;0;1647735;2316;0
147;18;336;4;34;38;99;3.60;5;2;1;88;0;1647899;41284;0
147;18;336;4;34;42;12;3.20;6;2;1;86;0;1648212;460;0
147;18;336;4;34;44;99;5.00;3;1;1;85;0;1648499;2780;0
147;18;336;4;34;49;17;3.40;3;1;1;76;0;1648917;396;0
147;18;336;4;34;52;99;2.60;2;1;1;72;0;1649299;2207;0
147;18;336;4;35;11;53;3.60;6;2;1;88;0;1651153;2927;0
147;18;336;4;35;11;63;4.80;7;2;1;79;0;1651163;9825;0
147;18;336;4;35;55;98;3.40;2;1;1;85;0;1655598;6286;0
147;18;336;4;36;3;99;3.80;3;1;1;84;0;1656399;7465;0
147;18;336;4;36;6;7;3.80;2;1;1;78;0;1656607;994;0
147;18;336;4;36;7;20;3.00;2;1;1;76;0;1656720;95;0
147;18;336;4;36;11;99;3.80;6;2;1;80;0;1657199;6031;0
147;18;336;4;36;12;1;3.60;7;2;1;82;0;1657201;6016;0
147;18;336;4;36;12;61;3.60;7;2;1;84;0;1657261;44;0
147;18;336;4;36;31;2;3.60;2;1;1;73;0;1659102;2367;0
147;18;336;4;36;43;45;3.60;6;2;1;81;0;1660345;3128;0
147;18;336;4;36;45;17;3.80;3;1;1;77;0;1660517;4101;0
147;18;336;4;36;50;99;3.40;2;1;1;83;0;1661099;1979;0
147;18;336;4;36;51;25;3.60;7;2;1;90;0;1661125;3848;0
147;18;336;4;36;53;42;2.80;2;1;1;74;0;1661342;228;0
147;18;336;4;36;54;99;3.60;3;1;1;74;0;1661499;964;0
147;18;336;4;36;58;21;3.40;3;1;1;82;0;1661821;304;0
147;18;336;4;37;1;51;5.00;2;1;1;69;0;1662151;795;0
147;18;336;4;37;26;99;3.20;2;1;1;81;0;1664699;2521;0
147;18;336;4;37;25;95;13.60;8;2;3;90;0;1664595;24079;0
147;18;336;4;37;34;28;4.00;3;1;1;75;0;1665428;3592;0
147;18;336;4;37;34;76;3.40;7;2;1;80;0;1665476;4336;0
147;18;336;4;38;1;99;3.60;3;1;1;66;0;1668199;2751;0
147;18;336;4;38;10;76;3.60;6;2;1;87;0;1669076;8715;0
147;18;336;4;38;15;6;3.60;7;2;1;83;0;1669506;4014;0
147;18;336;4;38;25;99;3.60;1;1;1;86;0;1670599;27785;0
147;18;336;4;38;38;15;3.60;6;2;1;77;0;1671815;2724;0
147;18;336;4;38;38;78;3.80;2;1;1;81;0;1671878;7164;0
147;18;336;4;38;40;99;4.00;3;1;1;80;0;1672099;3880;0
147;18;336;4;38;47;2;3.20;7;2;1;77;0;1672702;3180;0
147;18;336;4;38;57;14;3.20;2;1;1;67;0;1673714;1819;0
147;18;336;4;39;3;21;4.00;2;1;1;80;0;1674321;589;0
147;18;336;4;39;5;99;3.80;3;1;1;83;0;1674599;2482;0
147;18;336;4;39;6;33;4.00;1;1;1;85;0;1674633;4018;0
147;18;336;4;39;17;99;3.60;6;2;1;75;0;1675799;3967;0
147;18;336;4;39;25;99;4.20;3;1;1;81;0;1676599;1983;0
147;18;336;4;39;26;99;3.80;2;1;1;85;0;1676699;2360;0
147;18;336;4;39;27;13;3.40;6;2;1;73;0;1676713;896;0
147;18;336;4;39;40;92;3.60;6;2;1;75;0;1678092;1362;0
147;18;336;4;39;43;99;3.40;2;1;1;86;0;1678399;1683;0
147;18;336;4;39;46;99;3.40;2;1;1;87;0;1678699;285;0
147;18;336;4;39;46;99;3.40;6;2;1;77;0;1678699;589;0
147;18;336;4;39;52;16;5.00;2;1;1;81;0;1679216;502;0
147;18;336;4;39;53;99;4.60;7;2;1;75;0;1679399;6682;0
147;18;336;4;39;57;99;4.00;6;2;1;73;0;1679799;1084;0
147;18;336;4;40;1;99;4.00;2;1;1;77;0;1680199;960;0
147;18;336;4;40;4;99;3.20;2;1;1;78;0;1680499;281;0
147;18;336;4;40;6;99;4.20;7;2;1;70;0;1680699;1277;0
147;18;336;4;40;7;99;4.00;6;2;1;74;0;1680799;980;0
147;18;336;4;40;14;99;3.80;2;1;1;84;0;1681499;985;0
147;18;336;4;40;16;99;3.60;6;2;1;82;0;1681699;880;0
147;18;336;4;40;20;28;3.60;2;1;1;73;0;1682028;512;0
147;18;336;4;40;35;99;3.80;2;1;1;72;0;1683599;1553;0
147;18;336;4;40;35;99;3.60;1;1;1;84;0;1683599;8949;0
147;18;336;4;40;44;17;3.60;2;1;1;86;0;1684417;799;0
147;18;336;4;40;56;1;3.60;3;1;1;76;0;1685601;8983;0
147;18;336;4;41;3;99;3.60;7;2;1;89;0;1686399;5678;0
147;18;336;4;41;8;99;3.40;1;1;1;89;0;1686899;3284;0
147;18;336;4;41;9;99;5.40;2;1;1;68;0;1686999;2566;0
147;18;336;4;41;9;11;3.60;6;2;1;76;0;1686911;5196;0
147;18;336;4;41;23;17;3.80;2;1;1;80;0;1688317;1289;0
147;18;336;4;41;25;99;4.00;7;2;1;86;0;1688599;2185;0
147;18;336;4;41;31;99;3.60;7;2;1;77;0;1689199;583;0
147;18;336;4;41;37;26;3.80;7;2;1;83;0;1689726;510;0
147;18;336;4;42;5;10;3.60;6;2;1;76;0;1692510;5581;0
147;18;336;4;42;20;99;3.60;3;1;1;80;0;1694099;8480;0
147;18;336;4;42;28;96;11.60;3;1;2;79;0;1694896;780;0
147;18;336;4;42;39;99;3.60;7;2;1;70;0;1695999;6256;0
147;18;336;4;42;44;50;3.60;8;2;1;72;0;1696450;31800;0
147;18;336;4;42;45;99;3.60;2;1;1;86;0;1696599;8264;0
147;18;336;4;42;47;99;3.80;6;2;1;80;0;1696799;4271;0
147;18;336;4;42;48;99;3.00;6;2;1;71;0;1696899;82;0
147;18;336;4;43;7;86;5.20;3;1;1;79;0;1698786;3837;0
147;18;336;4;43;9;32;3.60;6;2;1;83;0;1698932;2017;0
147;18;336;4;43;11;99;3.20;2;1;1;78;0;1699199;2584;0
147;18;336;4;43;20;99;3.80;6;2;1;80;0;1700099;1151;0
147;18;336;4;43;25;73;10.40;3;1;3;67;0;1700573;1763;0
147;18;336;4;43;29;14;3.60;4;1;1;84;0;1700914;55294;0
147;18;336;4;43;30;51;3.00;2;1;1;76;0;1701051;1837;0
147;18;336;4;43;33;87;3.80;2;1;1;74;0;1701387;321;0
147;18;336;4;43;46;99;3.60;7;2;1;82;0;1702699;6681;0
147;18;336;4;43;49;99;3.20;2;1;1;63;0;1702999;1593;0
147;18;336;4;44;16;45;4.00;7;2;1;85;0;1705645;2930;0
147;18;336;4;44;21;15;2.80;6;2;1;71;0;1706115;5998;0
147;18;336;4;44;33;99;3.80;3;1;1;75;0;1707399;6770;0
147;18;336;4;44;36;2;3.80;3;1;1;81;0;1707602;184;0
147;18;336;4;44;57;30;3.80;4;1;1;77;0;1709730;8800;0
147;18;336;4;44;59;99;3.00;3;1;1;72;0;1709999;2380;0
147;18;336;4;45;5;99;3.60;3;1;1;72;0;1710599;585;0
147;18;336;4;45;49;99;3.40;2;1;1;84;0;1714999;11981;0
147;18;336;4;45;56;81;3.80;7;2;1;83;0;1715681;10019;0
147;18;336;4;46;2;14;3.20;6;2;1;72;0;1716214;10084;0
147;18;336;4;46;23;15;3.40;2;1;1;80;0;1718315;3301;0
147;18;336;4;46;37;51;4.00;2;1;1;80;0;1719751;1420;0
147;18;336;4;46;39;5;3.40;6;2;1;75;0;1719905;3675;0
147;18;336;4;46;45;71;3.60;2;1;1;72;0;1720571;802;0
147;18;336;4;46;47;23;3.80;7;2;1;82;0;1720723;5025;0
147;18;336;4;47;8;80;3.40;6;2;1;70;0;1722880;2958;0
147;18;336;4;47;9;27;3.60;3;1;1;88;0;1722927;12310;0
147;18;336;4;47;9;99;3.80;7;2;1;87;0;1722999;2259;0
147;18;336;4;47;12;99;3.80;2;1;1;74;0;1723299;2710;0
147;18;336;4;47;24;0;3.40;3;1;1;74;0;1724400;1458;0
147;18;336;4;47;28;18;3.80;6;2;1;85;0;1724818;1920;0
147;18;336;4;47;30;30;3.40;2;1;1;86;0;1725030;1712;0
147;18;336;4;47;31;64;4.00;3;1;1;80;0;1725164;747;0
147;18;336;4;47;47;99;3.60;6;2;1;77;0;1726799;1964;0
147;18;336;4;47;49;99;2.60;2;1;1;53;0;1726999;1954;0
147;18;336;4;47;54;99;4.00;4;1;1;80;0;1727499;17751;0
147;18;336;4;47;55;99;3.60;3;1;1;77;0;1727599;2417;0
147;18;336;4;48;12;75;4.00;6;2;1;84;0;1729275;2459;0
147;18;336;4;48;20;99;3.60;6;2;1;79;0;1730099;806;0
147;18;336;4;48;25;99;3.40;3;1;1;80;0;1730599;2983;0
147;18;336;4;48;33;99;3.40;2;1;1;82;0;1731399;4382;0
147;18;336;4;48;37;25;3.80;3;1;1;83;0;1731725;1110;0
147;18;336;4;48;55;84;3.60;7;2;1;78;0;1733584;10569;0
147;18;336;4;49;8;75;4.00;6;2;1;81;0;1734875;4759;0
147;18;336;4;49;11;99;3.40;3;1;1;87;0;1735199;3457;0
147;18;336;4;49;12;13;3.60;6;2;1;74;0;1735213;320;0
147;18;336;4;49;14;21;4.00;2;1;1;85;0;1735421;4007;0
147;18;336;4;49;21;17;3.60;3;1;1;78;0;1736117;903;0
147;18;336;4;49;24;99;3.20;7;2;1;65;0;1736499;2898;0
147;18;336;4;49;29;99;3.00;6;2;1;69;0;1736999;1768;0
147;18;336;4;49;31;42;4.40;2;1;1;80;0;1737142;1704;0
147;18;336;4;49;35;9;3.40;2;1;1;76;0;1737509;347;0
147;18;336;4;50;29;1;3.60;6;2;1;74;0;1742901;5886;0
147;18;336;4;50;33;99;3.40;2;1;1;83;0;1743399;5873;0
147;18;336;4;50;35;75;4.00;6;2;1;77;0;1743575;656;0
147;18;336;4;50;38;99;3.40;6;2;1;75;0;1743899;305;0
147;18;336;4;50;42;27;5.20;3;1;1;76;0;1744227;8093;0
147;18;336;4;50;44;99;3.60;6;2;1;79;0;1744499;583;0
147;18;336;4;50;48;99;3.80;3;1;1;92;0;1744899;647;0
147;18;336;4;50;56;9;3.60;2;1;1;87;0;1745609;2195;0
147;18;336;4;50;57;99;3.60;6;2;1;74;0;1745799;1283;0
147;18;336;4;51;14;99;5.00;6;2;1;80;0;1747499;1682;0
147;18;336;4;51;20;99;4.00;3;1;1;75;0;1748099;3185;0
147;18;336;4;51;24;96;3.60;3;1;1;76;0;1748496;377;0
147;18;336;4;51;36;62;3.60;3;1;1;76;0;1749662;1148;0
147;18;336;4;51;40;4;3.60;2;1;1;80;0;1750004;4380;0
147;18;336;4;51;49;28;5.00;7;2;1;81;0;1750928;14411;0
147;18;336;4;52;1;99;3.60;7;2;1;81;0;1752199;1248;0
147;18;336;4;52;15;23;3.40;3;1;1;75;0;1753523;3843;0
147;18;336;4;52;28;81;3.80;3;1;1;78;0;1754881;1341;0
147;18;336;4;52;32;22;2.80;2;1;1;75;0;1755222;5201;0
147;18;336;4;52;36;99;3.40;2;1;1;71;0;1755699;463;0
147;18;336;4;52;42;99;4.00;6;2;1;78;0;1756299;8777;0
147;18;336;4;52;50;99;3.80;6;2;1;81;0;1757099;781;0
147;18;336;4;53;3;61;3.80;2;1;1;81;0;1758361;2644;0
147;18;336;4;53;13;38;4.00;6;2;1;71;0;1759338;2222;0
147;18;336;4;53;19;17;3.60;6;2;1;85;0;1759917;558;0
147;18;336;4;53;19;99;3.80;2;1;1;76;0;1759999;1621;0
147;18;336;4;53;42;11;3.80;2;1;1;75;0;1762211;2194;0
147;18;336;4;53;46;99;4.00;2;1;1;84;0;1762699;469;0
147;18;336;4;53;49;14;3.40;3;1;1;78;0;1762914;8015;0
147;18;336;4;53;56;99;3.80;6;2;1;77;0;1763699;3766;0
147;18;336;4;54;1;99;3.80;3;1;1;118;0;1764199;1269;0
147;18;336;4;54;4;1;3.80;2;1;1;92;0;1764401;1684;0
147;18;336;4;54;6;99;3.60;3;1;1;91;0;1764699;488;0
147;18;336;4;54;25;16;4.00;6;2;1;77;0;1766516;2799;0
147;18;336;4;54;37;99;3.80;6;2;1;82;0;1767799;1264;0
147;18;336;4;54;50;11;3.40;3;1;1;77;0;1769011;4297;0
147;18;336;4;55;5;99;3.80;7;2;1;75;0;1770599;18384;0
147;18;336;4;55;9;99;3.80;2;1;1;77;0;1770999;6583;0
147;18;336;4;55;12;90;4.60;3;1;1;76;0;1771290;2263;0
147;18;336;4;55;26;11;3.80;2;1;1;86;0;1772611;1594;0
147;18;336;4;55;26;25;4.00;8;2;1;82;0;1772625;76157;0
147;18;336;4;55;31;19;3.20;2;1;1;79;0;1773119;492;0
147;18;336;4;55;57;31;4.00;1;1;1;88;0;1775731;88818;0
147;18;336;4;56;26;99;3.80;2;1;1;76;0;1778699;5565;0
147;18;336;4;56;31;99;3.20;2;1;1;77;0;1779199;482;0
147;18;336;4;56;34;99;3.40;6;2;1;74;0;1779499;11683;0
147;18;336;4;56;35;14;3.80;7;2;1;84;0;1779514;8896;0
147;18;336;4;56;53;99;3.60;7;2;1;75;0;1781399;1868;0
147;18;336;4;57;7;82;3.60;2;1;1;81;0;1782782;3568;0
147;18;336;4;57;35;99;3.40;1;1;1;76;0;1785599;9851;0
147;18;336;4;57;37;34;4.00;3;1;1;80;0;1785734;14422;0
147;18;336;4;57;47;37;3.60;2;1;1;81;0;1786737;3939;0
147;18;336;4;57;59;99;3.40;3;1;1;76;0;1787999;2247;0
147;18;336;4;58;6;99;3.60;6;2;1;69;0;1788699;9183;0
147;18;336;4;58;9;5;4.00;3;1;1;83;0;1788905;889;0
147;18;336;4;58;9;99;3.40;4;1;1;81;0;1788999;61482;0
147;18;336;4;58;21;99;3.60;6;2;1;83;0;1790199;1481;0
147;18;336;4;58;27;14;3.80;3;1;1;75;0;1790714;1791;0
147;18;336;4;58;27;99;3.60;6;2;1;74;0;1790799;584;0
147;18;336;4;58;37;20;3.80;2;1;1;77;0;1791720;4967;0
147;18;336;4;58;38;35;3.80;2;1;1;77;0;1791835;97;0
147;18;336;4;59;1;99;3.80;6;2;1;78;0;1794199;3382;0
147;18;336;4;59;6;0;3.40;8;2;1;75;0;1794600;21957;0
147;18;336;4;59;6;9;3.60;2;1;1;75;0;1794609;2756;0
147;18;336;4;59;11;17;4.00;3;1;1;85;0;1795117;4384;0
147;18;336;4;59;16;99;3.80;7;2;1;81;0;1795699;14282;0
147;18;336;4;59;25;99;3.60;5;2;1;76;0;1796599;148685;0
147;18;336;4;59;55;26;3.80;7;2;1;78;0;1799526;3810;0
147;18;336;5;0;6;99;3.60;2;1;1;74;0;1800699;6072;0
147;18;336;5;0;24;99;3.60;2;1;1;67;0;1802499;1782;0
147;18;336;5;0;38;99;3.60;6;2;1;80;0;1803899;9682;0
147;18;336;5;1;31;2;4.00;1;1;1;87;0;1809102;23486;0
147;18;336;5;1;42;99;3.60;6;2;1;86;0;1810299;6383;0
147;18;336;5;1;54;10;4.00;4;1;1;110;0;1811410;22395;0
147;18;336;5;1;55;99;3.40;3;1;1;81;0;1811599;16465;0
147;18;336;5;2;1;51;3.80;6;2;1;83;0;1812151;1836;0
147;18;336;5;2;6;4;3.40;3;1;1;74;0;1812604;989;0
147;18;336;5;2;11;52;3.20;6;2;1;73;0;1813152;984;0
147;18;336;5;2;15;99;3.60;7;2;1;80;0;1813599;14055;0
147;18;336;5;2;21;21;4.00;6;2;1;80;0;1814121;953;0
147;18;336;5;2;51;3;3.80;6;2;1;66;0;1817103;2964;0
147;18;336;5;2;52;30;3.60;7;2;1;63;0;1817230;3614;0
147;18;336;5;3;19;99;3.60;3;1;1;74;0;1819999;7378;0
147;18;336;5;3;26;99;3.80;3;1;1;79;0;1820699;682;0
147;18;336;5;3;35;12;3.40;6;2;1;75;0;1821512;4388;0
147;18;336;5;3;40;9;3.40;3;1;1;74;0;1822009;1292;0
147;18;336;5;3;49;99;3.80;3;1;1;77;0;1822999;973;0
147;18;336;5;3;51;13;3.40;7;2;1;79;0;1823113;5862;0
147;18;336;5;4;4;17;3.80;3;1;1;74;0;1824417;1400;0
147;18;336;5;4;9;1;5.80;2;1;1;75;0;1824901;22382;0
147;18;336;5;4;25;21;3.60;2;1;1;84;0;1826521;1592;0
147;18;336;5;4;28;16;3.40;2;1;1;87;0;1826816;279;0
147;18;336;5;4;28;99;5.00;5;2;1;79;0;1826899;30282;0
147;18;336;5;4;29;6;3.80;6;2;1;71;0;1826906;5377;0
147;18;336;5;4;29;70;3.80;2;1;1;82;0;1826970;139;0
147;18;336;5;4;32;43;5.00;6;2;1;79;0;1827243;317;0
147;18;336;5;5;2;99;3.80;7;2;1;84;0;1830299;7170;0
147;18;336;5;5;5;9;3.40;6;2;1;82;0;1830509;3243;0
147;18;336;5;5;10;12;3.80;7;2;1;85;0;1831012;696;0
147;18;336;5;5;10;31;4.20;3;1;1;87;0;1831031;6595;0
147;18;336;5;5;26;2;3.20;3;1;1;75;0;1832602;1553;0
147;18;336;5;5;34;9;3.40;1;1;1;85;0;1833409;24290;0
147;18;336;5;5;34;99;3.80;3;1;1;81;0;1833499;881;0
147;18;336;5;5;49;88;4.00;6;2;1;80;0;1834988;4464;0
147;18;336;5;5;53;18;3.60;2;1;1;68;0;1835318;8331;0
147;18;336;5;6;3;10;4.40;4;1;1;89;0;1836310;24886;0
147;18;336;5;6;4;81;3.80;3;1;1;80;0;1836481;2965;0
147;18;336;5;6;17;55;5.80;3;1;1;75;0;1837755;1256;0
147;18;336;5;6;34;17;3.40;3;1;1;80;0;1839417;1634;0
147;18;336;5;6;49;99;11.20;3;1;3;76;0;1840999;1566;0
147;18;336;5;6;52;0;3.00;6;2;1;80;0;1841200;6194;0
147;18;336;5;6;52;16;3.60;3;1;1;75;0;1841216;163;0
147;18;336;5;6;56;6;3.80;3;1;1;81;0;1841606;372;0
147;18;336;5;6;57;16;3.60;6;2;1;79;0;1841716;502;0
147;18;336;5;7;13;3;3.60;6;2;1;66;0;1843303;1570;0
147;18;336;5;7;17;99;3.60;6;2;1;97;0;1843799;476;0
147;18;336;5;7;37;99;3.60;2;1;1;79;0;1845799;10461;0
147;18;336;5;7;45;99;4.00;8;2;1;77;0;1846599;51982;0
147;18;336;5;7;59;73;4.00;6;2;1;82;0;1847973;4160;0
147;18;336;5;8;6;15;4.80;6;2;1;75;0;1848615;624;0
147;18;336;5;8;25;57;4.00;3;1;1;83;0;1850557;8934;0
147;18;336;5;8;31;5;3.20;2;1;1;77;0;1851105;5289;0
147;18;336;5;8;56;99;3.60;7;2;1;84;0;1853699;22670;0
147;18;336;5;9;4;12;3.60;3;1;1;78;0;1854412;3837;0
147;18;336;5;9;6;99;3.60;2;1;1;81;0;1854699;3579;0
147;18;336;5;9;8;30;4.00;2;1;1;77;0;1854830;115;0
147;18;336;5;9;9;99;3.40;3;1;1;79;0;1854999;570;0
147;18;336;5;9;10;17;3.80;2;1;1;76;0;1855017;168;0
147;18;336;5;9;11;45;3.80;2;1;1;76;0;1855145;110;0
147;18;336;5;9;12;99;3.40;2;1;1;75;0;1855299;136;1854699
147;18;336;5;9;13;38;3.60;6;2;1;91;0;1855338;6699;0
147;18;336;5;9;14;99;4.80;1;1;1;81;0;1855499;22075;0
147;18;336;5;9;48;99;3.40;3;1;1;80;0;1858899;3884;0
147;18;336;5;10;1;15;3.60;7;2;1;77;0;1860115;6400;0
147;18;336;5;10;3;99;4.00;4;1;1;86;0;1860399;24071;0
147;18;336;5;10;5;99;3.20;3;1;1;75;0;1860599;1684;0
147;18;336;5;10;25;13;3.60;2;1;1;79;0;1862513;7197;0
147;18;336;5;10;33;99;3.60;3;1;1;108;0;1863399;2784;0
147;18;336;5;10;35;28;4.20;8;2;1;71;0;1863528;16910;0
147;18;336;5;10;57;99;3.40;3;1;1;77;0;1865799;2388;0
147;18;336;5;10;59;15;3.60;4;1;1;79;0;1865915;5499;0
147;18;336;5;10;59;99;3.40;6;2;1;78;0;1865999;10646;0
147;18;336;5;11;10;99;3.40;6;2;1;76;0;1867099;1084;0
147;18;336;5;11;11;7;3.60;3;1;1;67;0;1867107;1292;0
147;18;336;5;11;16;38;3.80;2;1;1;77;0;1867638;5108;0
147;18;336;5;11;16;58;3.20;6;2;1;67;0;1867658;542;0
147;18;336;5;11;23;15;3.40;3;1;1;74;0;1868315;1188;0
147;18;336;5;11;29;36;3.80;3;1;1;80;0;1868936;604;0
147;18;336;5;12;3;99;3.80;3;1;1;79;0;1872399;3445;0
147;18;336;5;12;6;99;3.60;3;1;1;74;0;1872699;282;0
147;18;336;5;12;11;99;5.80;6;2;1;82;0;1873199;5523;0
147;18;336;5;12;18;16;3.80;2;1;1;87;0;1873816;6160;0
147;18;336;5;12;33;11;3.40;3;1;1;84;0;1875311;2594;0
147;18;336;5;12;41;69;3.00;7;2;1;80;0;1876169;16037;0
147;18;336;5;12;42;99;3.60;3;1;1;78;0;1876299;973;0
147;18;336;5;12;50;14;3.60;6;2;1;74;0;1877014;3789;0
147;18;336;5;12;52;99;4.80;7;2;1;75;0;1877299;1116;0
147;18;336;5;12;55;99;3.40;3;1;1;84;0;1877599;1283;0
147;18;336;5;12;56;31;3.80;3;1;1;79;0;1877631;17;0
147;18;336;5;12;59;77;4.00;2;1;1;84;0;1877977;4145;0
147;18;336;5;13;18;99;3.40;2;1;1;75;0;1879899;1904;0
147;18;336;5;13;21;3;3.60;3;1;1;77;0;1880103;2454;0
147;18;336;5;13;36;4;3.60;7;2;1;72;0;1881604;4281;0
147;18;336;5;13;38;5;3.60;4;1;1;93;0;1881805;15873;0
147;18;336;5;13;42;9;4.00;3;1;1;80;0;1882209;2089;0
147;18;336;5;13;51;99;6.20;7;2;1;77;0;1883199;1577;0
147;18;336;5;13;52;42;3.80;3;1;1;86;0;1883242;1015;0
147;18;336;5;13;55;85;3.40;3;1;1;81;0;1883585;327;0
147;18;336;5;13;58;19;2.80;6;2;1;92;0;1883819;6787;0
147;18;336;5;14;7;19;3.40;3;1;1;77;0;1884719;1118;0
147;18;336;5;14;11;99;3.40;6;2;1;74;0;1885199;1369;0
147;18;336;5;14;12;6;3.80;6;2;1;76;0;1885206;-1;0
147;18;336;5;14;16;99;3.60;3;1;1;74;0;1885699;964;0
147;18;336;5;14;27;99;3.40;2;1;1;75;0;1886799;6883;0
147;18;336;5;14;30;17;3.00;3;1;1;76;0;1887017;1300;0
147;18;336;5;14;35;99;3.00;3;1;1;79;0;1887599;567;0
147;18;336;5;14;52;99;3.60;5;2;1;79;0;1889299;62377;0
147;18;336;5;14;55;99;3.60;3;1;1;73;0;1889599;1986;0
147;18;336;5;14;57;23;3.20;6;2;1;86;0;1889723;4499;0
147;18;336;5;14;57;99;3.20;1;1;1;79;0;1889799;34278;0
147;18;336;5;15;10;99;4.20;5;2;1;88;0;1891099;1783;0
147;18;336;5;15;28;99;3.60;2;1;1;83;0;1892899;6083;0
147;18;336;5;15;30;25;3.40;3;1;1;80;0;1893025;3408;0
147;18;336;5;15;36;99;2.80;3;1;1;70;0;1893699;658;0
147;18;336;5;15;38;7;4.40;3;1;1;68;0;1893807;93;0
147;18;336;5;15;38;99;3.40;4;1;1;85;0;1893899;12080;0
147;18;336;5;15;39;34;3.20;3;1;1;78;0;1893934;103;0
147;18;336;5;15;50;12;3.60;2;1;1;73;0;1895012;2097;0
147;18;336;5;16;3;92;3.40;6;2;1;79;0;1896392;6655;0
147;18;336;5;16;8;2;3.60;4;1;1;81;0;1896802;2888;0
147;18;336;5;16;8;82;3.40;3;1;1;77;0;1896882;2933;0
147;18;336;5;16;17;16;3.80;2;1;1;84;0;1897716;2686;0
147;18;336;5;16;17;99;3.60;3;1;1;82;0;1897799;901;0
147;18;336;5;16;24;99;3.60;2;1;1;75;0;1898499;766;0
147;18;336;5;16;30;99;3.80;3;1;1;82;0;1899099;1284;0
147;18;336;5;16;51;13;3.60;6;2;1;73;0;1901113;4705;0
147;18;336;5;16;54;93;3.60;3;1;1;73;0;1901493;2377;0
147;18;336;5;16;57;81;3.80;3;1;1;75;0;1901781;270;0
147;18;336;5;17;0;99;4.20;3;1;1;78;0;1902099;299;0
147;18;336;5;17;1;18;3.80;2;1;1;73;0;1902118;3601;0
147;18;336;5;17;3;99;3.60;2;1;1;77;0;1902399;262;0
147;18;336;5;17;6;99;3.40;2;1;1;70;0;1902699;283;0
147;18;336;5;17;15;99;3.40;3;1;1;74;0;1903599;1480;0
147;18;336;5;17;28;99;3.60;3;1;1;81;0;1904899;1283;0
147;18;336;5;17;32;24;3.80;3;1;1;66;0;1905224;309;0
147;18;336;5;17;49;99;7.20;6;2;1;77;0;1906999;5868;0
147;18;336;5;18;12;99;3.00;3;1;1;78;0;1909299;4054;0
147;18;336;5;18;13;59;3.60;6;2;1;76;0;1909359;2326;0
147;18;336;5;18;17;99;4.20;7;2;1;72;0;1909799;26571;0
147;18;336;5;18;26;51;3.60;2;1;1;83;0;1910651;7934;0
147;18;336;5;18;37;11;3.40;6;2;1;76;0;1911711;2334;0
147;18;336;5;18;42;10;4.00;6;2;1;80;0;1912210;482;0
147;18;336;5;18;42;83;3.80;3;1;1;80;0;1912283;2970;0
147;18;336;5;18;46;99;3.60;6;2;1;66;0;1912699;471;0
147;18;336;5;18;52;99;4.00;7;2;1;80;0;1913299;3479;0
147;18;336;5;19;7;76;3.20;7;2;1;79;0;1914776;1459;0
147;18;336;5;19;10;99;2.80;6;2;1;75;0;1915099;2380;0
147;18;336;5;19;16;99;3.80;3;1;1;80;0;1915699;3398;0
147;18;336;5;19;28;79;3.80;4;1;1;87;0;1916879;20061;0
147;18;336;5;19;29;99;3.40;3;1;1;77;0;1916999;1282;0
147;18;336;5;19;41;85;3.60;3;1;1;79;0;1918185;1170;0
147;18;336;5;19;56;53;4.00;3;1;1;77;0;1919653;1451;0
147;18;336;5;19;59;12;3.00;3;1;1;77;0;1919912;240;0
147;18;336;5;20;3;36;4.00;2;1;1;86;0;1920336;9669;0
147;18;336;5;20;14;67;3.20;6;2;1;79;0;1921467;6354;0
147;18;336;5;20;17;99;3.00;2;1;1;79;0;1921799;1446;0
147;18;336;5;20;24;99;3.00;2;1;1;79;0;1922499;686;0
147;18;336;5;20;34;73;3.60;3;1;1;79;0;1923473;3546;0
147;18;336;5;20;39;11;4.80;2;1;1;77;0;1923911;1398;0
147;18;336;5;20;48;99;3.60;2;1;1;85;0;1924899;965;0
147;18;336;5;20;54;99;3.20;2;1;1;86;0;1925499;584;0
147;18;336;5;21;15;85;3.80;2;1;1;78;0;1927585;2072;0
147;18;336;5;21;21;99;3.80;2;1;1;76;0;1928199;596;0
147;18;336;5;21;24;99;3.40;6;2;1;78;0;1928499;7017;0
147;18;336;5;21;25;99;3.40;3;1;1;79;0;1928599;5109;0
147;18;336;5;21;25;0;4.00;7;2;1;79;0;1928500;13709;0
147;18;336;5;21;35;12;3.80;6;2;1;76;0;1929512;997;0
147;18;336;5;21;37;99;3.80;3;1;1;96;0;1929799;1184;0
147;18;336;5;21;41;24;3.60;3;1;1;79;0;1930124;310;0
147;18;336;5;21;41;51;3.60;7;2;1;75;0;1930151;1632;0
147;18;336;5;21;48;17;3.60;2;1;1;82;0;1930817;2600;0
147;18;336;5;21;49;99;3.20;2;1;1;83;0;1930999;166;0
147;18;336;5;21;57;99;3.80;6;2;1;80;0;1931799;2269;0
147;18;336;5;21;59;78;3.40;2;1;1;80;0;1931978;965;0
147;18;336;5;22;5;99;3.40;4;1;1;85;0;1932599;15704;0
147;18;336;5;22;9;92;3.80;2;1;1;82;0;1932992;998;0
147;18;336;5;22;14;50;3.00;4;1;1;68;0;1933450;836;0
147;18;336;5;22;14;82;3.80;3;1;1;52;0;1933482;3341;0
147;18;336;5;22;30;9;7.20;7;2;1;86;0;1935009;4840;0
147;18;336;5;22;32;64;3.40;3;1;1;84;0;1935264;1755;0
147;18;336;5;22;34;8;3.20;6;2;1;84;0;1935408;3591;0
147;18;336;5;22;36;6;3.40;6;2;1;81;0;1935606;184;0
147;18;336;5;22;36;99;3.40;6;2;1;75;0;1935699;77;0
147;18;336;5;22;38;99;3.60;6;2;1;82;0;1935899;183;0
147;18;336;5;22;40;99;3.60;2;1;1;82;0;1936099;3090;0
147;18;336;5;22;45;96;3.60;7;2;1;78;0;1936596;1556;0
147;18;336;5;22;49;20;3.80;6;2;1;78;0;1936920;1005;0
147;18;336;5;22;52;60;3.20;2;1;1;73;0;1937260;1145;0
147;18;336;5;23;1;96;12.20;3;1;2;80;0;1938196;2917;0
147;18;336;5;23;3;99;3.80;6;2;1;77;0;1938399;1461;0
147;18;336;5;23;6;99;3.80;2;1;1;78;0;1938699;1423;0
147;18;336;5;23;9;99;3.80;6;2;1;82;0;1938999;582;0
147;18;336;5;23;15;4;3.60;2;1;1;80;0;1939504;787;0
147;18;336;5;23;23;47;3.00;7;2;1;31;0;1940347;3734;0
147;18;336;5;23;23;51;4.80;6;2;1;72;0;1940351;1335;0
147;18;336;5;23;51;65;3.80;7;2;1;89;0;1943165;2783;0
147;18;336;5;24;1;31;3.40;3;1;1;64;0;1944131;5880;0
147;18;336;5;24;10;4;3.80;2;1;1;68;0;1945004;5483;0
147;18;336;5;24;12;66;3.20;2;1;1;70;0;1945266;241;0
147;18;336;5;24;13;3;3.40;1;1;1;75;0;1945303;55489;0
147;18;336;5;24;13;99;3.20;2;1;1;69;0;1945399;116;0
147;18;336;5;24;19;50;3.40;2;1;1;79;0;1945950;534;0
147;18;336;5;24;42;99;4.00;3;1;1;75;0;1948299;4148;0
147;18;336;5;24;44;9;3.80;3;1;1;73;0;1948409;90;0
147;18;336;5;24;47;26;4.20;8;2;1;76;0;1948726;85176;0
147;18;336;5;24;50;16;4.20;6;2;1;76;0;1949016;8641;0
147;18;336;5;24;51;99;4.00;6;2;1;78;0;1949199;163;0
147;18;336;5;24;56;99;3.80;6;2;1;82;0;1949699;481;0
147;18;336;5;25;9;99;2.80;2;1;1;67;0;1950999;5033;0
147;18;336;5;25;24;99;3.40;4;1;1;77;0;1952499;19033;0
147;18;336;5;25;27;3;3.80;7;2;1;74;0;1952703;9522;0
147;18;336;5;25;27;99;3.80;2;1;1;78;0;1952799;1784;0
147;18;336;5;25;31;48;4.00;6;2;1;84;0;1953148;3432;0
147;18;336;5;25;39;79;3.20;3;1;1;75;0;1953979;5551;0
147;18;336;5;25;46;52;3.20;2;1;1;75;0;1954652;1835;0
147;18;336;5;25;49;99;3.60;6;2;1;82;0;1954999;1833;0
147;18;336;5;25;56;10;4.00;3;1;1;82;0;1955610;1615;0
147;18;336;5;25;57;71;3.80;2;1;1;86;0;1955771;1103;0
147;18;336;5;25;58;99;3.60;3;1;1;81;0;1955899;271;0
147;18;336;5;26;1;99;3.40;6;2;1;79;0;1956199;1184;0
147;18;336;5;26;2;78;3.80;2;1;1;71;0;1956278;491;0
147;18;336;5;26;28;97;3.80;2;1;1;76;0;1958897;2599;0
147;18;336;5;26;46;99;3.40;6;2;1;81;0;1960699;4484;0
147;18;336;5;26;48;80;3.80;6;2;1;78;0;1960880;165;0
147;18;336;5;26;52;11;3.20;6;2;1;75;0;1961211;313;0
147;18;336;5;26;55;2;4.00;2;1;1;76;0;1961502;2587;0
147;18;336;5;27;2;99;3.60;3;1;1;72;0;1962299;6384;0
147;18;336;5;27;6;26;3.80;7;2;1;89;0;1962626;9904;0
147;18;336;5;27;6;28;3.80;6;2;1;90;0;1962628;1401;0
147;18;336;5;27;6;99;4.00;2;1;1;80;0;1962699;1178;0
147;18;336;5;27;7;99;3.40;6;2;1;76;0;1962799;155;0
147;18;336;5;27;9;99;3.40;7;2;1;76;0;1962999;357;0
147;18;336;5;27;17;99;4.40;1;1;1;71;0;1963799;18479;0
147;18;336;5;27;18;6;3.60;3;1;1;81;0;1963806;1489;0
147;18;336;5;27;19;19;4.00;4;1;1;97;0;1963919;11404;0
147;18;336;5;27;19;20;4.00;1;1;1;82;0;1963920;98;0
147;18;336;5;27;25;99;13.60;2;1;4;88;0;1964599;1882;0
147;18;336;5;27;29;83;4.00;2;1;1;89;0;1964983;328;0
147;18;336;5;27;50;99;3.60;3;1;1;78;0;1967099;3277;0
147;18;336;5;28;2;0;3.80;7;2;1;94;0;1968200;5184;0
147;18;336;5;28;2;47;3.40;3;1;1;78;0;1968247;1131;0
147;18;336;5;28;3;21;3.40;2;1;1;83;0;1968321;3321;0
147;18;336;5;28;8;99;3.80;2;1;1;81;0;1968899;563;0
147;18;336;5;28;9;31;3.60;3;1;1;92;0;1968931;668;0
147;18;336;5;28;13;19;3.80;6;2;1;76;0;1969319;6503;0
147;18;336;5;28;20;39;20.60;7;2;5;63;0;1970039;1824;0
147;18;336;5;28;32;7;3.20;2;1;1;89;0;1971207;2291;0
147;18;336;5;28;35;1;3.80;6;2;1;82;0;1971501;2164;0
147;18;336;5;28;44;99;4.20;3;1;1;80;0;1972499;3553;0
147;18;336;5;28;46;99;3.60;2;1;1;69;0;1972699;1479;0
147;18;336;5;28;59;96;3.60;6;2;1;78;0;1973996;2478;0
147;18;336;5;29;4;99;3.00;5;2;1;70;0;1974499;83382;0
147;18;336;5;29;13;4;3.80;2;1;1;69;0;1975304;2586;0
147;18;336;5;29;21;7;3.60;2;1;1;82;0;1976107;783;0
147;18;336;5;29;28;99;3.80;6;2;1;79;0;1976899;2886;0
147;18;336;5;29;34;75;4.00;7;2;1;81;0;1977475;7318;0
147;18;336;5;29;43;99;3.60;2;1;1;86;0;1978399;2276;0
147;18;336;5;29;44;6;3.60;7;2;1;78;0;1978406;913;0
147;18;336;5;29;53;99;3.40;2;1;1;76;0;1979399;984;0
147;18;336;5;29;55;99;3.20;6;2;1;77;0;1979599;2682;0
147;18;336;5;29;56;27;3.80;3;1;1;86;0;1979627;7109;0
147;18;336;5;29;59;99;3.40;2;1;1;85;0;1979999;583;0
147;18;336;5;30;3;7;3.40;4;1;1;79;0;1980307;16373;0
147;18;336;5;30;16;17;3.80;6;2;1;74;0;1981617;2003;0
147;18;336;5;30;17;2;3.60;2;1;1;76;0;1981702;1688;0
147;18;336;5;30;21;99;3.40;6;2;1;77;0;1982199;563;0
147;18;336;5;30;21;99;4.00;7;2;1;82;0;1982199;3776;0
147;18;336;5;30;27;99;3.80;3;1;1;76;0;1982799;3156;0
147;18;336;5;30;28;26;3.40;4;1;1;79;0;1982826;2503;0
147;18;336;5;30;48;45;4.40;7;2;1;79;0;1984845;2628;0
147;18;336;5;30;57;99;3.80;2;1;1;79;0;1985799;4079;0
147;18;336;5;30;58;99;3.40;6;2;1;78;0;1985899;3684;0
147;18;336;5;31;23;1;3.80;2;1;1;86;0;1988301;2484;0
147;18;336;5;31;25;22;4.40;4;1;1;87;0;1988522;5680;0
147;18;336;5;31;27;4;3.60;2;1;1;81;0;1988704;387;0
147;18;336;5;31;28;20;4.60;7;2;1;81;0;1988820;3954;0
147;18;336;5;31;35;0;3.40;6;2;1;81;0;1989500;3585;0
147;18;336;5;31;44;30;3.20;2;1;1;84;0;1990430;1710;0
147;18;336;5;31;45;99;3.00;6;2;1;82;0;1990599;1083;0
147;18;336;5;31;50;53;3.40;6;2;1;80;0;1991053;440;0
147;18;336;5;32;6;99;3.00;2;1;1;87;0;1992699;2255;0
147;18;336;5;32;18;72;4.60;6;2;1;91;0;1993872;2803;0
147;18;336;5;32;21;15;3.80;3;1;1;79;0;1994115;11298;0
147;18;336;5;32;38;3;3.60;2;1;1;83;0;1995803;3091;0
147;18;336;5;32;49;96;3.80;6;2;1;73;0;1996996;3105;0
147;18;336;5;32;54;99;3.40;6;2;1;60;0;1997499;484;0
147;18;336;5;33;1;4;3.60;6;2;1;75;0;1998104;584;0
147;18;336;5;33;1;99;3.60;3;1;1;76;0;1998199;4066;0
147;18;336;5;33;7;86;6.80;1;1;1;83;0;1998786;34848;0
147;18;336;5;33;11;13;3.80;6;2;1;75;0;1999113;991;0
147;18;336;5;33;25;99;3.20;7;2;1;82;0;2000599;11758;0
147;18;336;5;33;33;19;3.60;3;1;1;79;0;2001319;3102;0
147;18;336;5;34;0;1;3.40;6;2;1;79;0;2004001;4869;0
147;18;336;5;34;1;99;3.40;7;2;1;76;0;2004199;3585;0
147;18;336;5;34;5;22;3.80;6;2;1;78;0;2004522;505;0
147;18;336;5;34;18;44;3.20;2;1;1;79;0;2005844;10025;0
147;18;336;5;34;21;62;3.20;6;2;1;76;0;2006162;1622;0
147;18;336;5;34;51;5;3.20;6;2;1;72;0;2009105;2927;0
147;18;336;5;34;59;4;3.20;2;1;1;74;0;2009904;4045;0
147;18;336;5;35;1;99;3.40;2;1;1;72;0;2010199;279;0
147;18;336;5;35;11;99;3.60;7;2;1;80;0;2011199;6983;0
147;18;336;5;35;35;0;3.40;6;2;1;74;0;2013500;4379;0
147;18;336;5;35;52;99;3.00;2;1;1;59;0;2015299;5083;0
147;18;336;5;36;2;99;3.40;7;2;1;79;0;2016299;5083;0
147;18;336;5;36;4;99;3.60;2;1;1;71;0;2016499;1181;0
147;18;336;5;36;31;47;3.60;6;2;1;79;0;2019147;5630;0
147;18;336;5;36;37;99;3.40;3;1;1;80;0;2019799;18463;0
147;18;336;5;36;43;99;3.40;6;2;1;79;0;2020399;1235;0
147;18;336;5;36;49;32;3.60;6;2;1;83;0;2020932;517;0
147;18;336;5;37;5;47;4.00;3;1;1;71;0;2022547;2732;0
147;18;336;5;37;5;83;3.40;7;2;1;78;0;2022583;6268;0
147;18;336;5;37;17;32;3.80;6;2;1;84;0;2023732;2784;0
147;18;336;5;37;18;99;3.80;7;2;1;80;0;2023899;1300;0
147;18;336;5;37;25;81;3.80;2;1;1;90;0;2024581;8063;0
147;18;336;5;37;34;99;4.00;7;2;1;82;0;2025499;1582;0
147;18;336;5;37;40;22;3.80;6;2;1;82;0;2026022;2273;0
147;18;336;5;37;42;6;4.20;4;1;1;82;0;2026206;37665;0
147;18;336;5;37;42;99;3.40;3;1;1;73;0;2026299;3731;0
147;18;336;5;37;58;99;4.00;2;1;1;85;0;2027899;3302;0
147;18;336;5;38;2;99;3.20;2;1;1;76;0;2028299;383;0
147;18;336;5;38;5;99;3.20;1;1;1;78;0;2028599;29783;0
147;18;336;5;38;7;99;3.60;2;1;1;77;0;2028799;484;0
147;18;336;5;38;13;99;6.20;2;1;1;84;0;2029399;583;0
147;18;336;5;38;17;0;3.40;2;1;1;68;0;2029700;274;0
147;18;336;5;38;19;93;3.40;3;1;1;76;0;2029993;3677;0
147;18;336;5;38;35;99;3.60;6;2;1;77;0;2031599;5560;0
147;18;336;5;38;35;99;3.60;2;1;1;79;0;2031599;1881;0
147;18;336;5;38;39;3;3.40;2;1;1;80;0;2031903;287;0
147;18;336;5;38;41;5;3.80;6;2;1;80;0;2032105;489;0
147;18;336;5;38;46;13;3.80;6;2;1;77;0;2032613;490;0
147;18;336;5;38;56;19;3.60;3;1;1;81;0;2033619;3609;0
147;18;336;5;38;56;99;3.60;5;2;1;82;0;2033699;59184;0
147;18;336;5;38;58;99;3.60;2;1;1;82;0;2033899;1980;0
147;18;336;5;39;2;99;3.40;6;2;1;76;0;2034299;1668;0
147;18;336;5;39;5;32;3.40;2;1;1;79;0;2034532;617;0
147;18;336;5;39;9;99;4.40;2;1;1;68;0;2034999;451;0
147;18;336;5;39;14;99;3.20;3;1;1;73;0;2035499;1864;0
147;18;336;5;39;17;6;3.40;2;1;1;75;0;2035706;683;0
147;18;336;5;39;31;19;3.40;2;1;1;80;0;2037119;1396;0
147;18;336;5;39;31;99;3.80;3;1;1;84;0;2037199;1684;0
147;18;336;5;39;31;99;3.40;6;2;1;78;0;2037199;2883;0
147;18;336;5;39;33;29;3.60;3;1;1;89;0;2037329;113;0
147;18;336;5;39;33;49;3.20;2;1;1;81;0;2037349;214;0
147;18;336;5;39;40;12;4.80;8;2;1;70;0;2038012;89266;0
147;18;336;5;39;41;92;3.80;2;1;1;82;0;2038192;828;0
147;18;336;5;39;45;99;11.20;6;2;3;70;0;2038599;1384;0
147;18;336;5;39;49;99;3.80;5;2;1;95;0;2038999;5284;0
147;18;336;5;39;49;99;3.60;6;2;1;72;0;2038999;342;0
147;18;336;5;39;52;99;3.60;2;1;1;71;0;2039299;1090;0
147;18;336;5;39;53;99;3.80;4;1;1;84;0;2039399;13174;0
147;18;336;5;39;54;11;3.80;3;1;1;86;0;2039411;2067;0
147;18;336;5;39;56;61;5.00;2;1;1;81;0;2039661;343;0
147;18;336;5;39;58;9;3.40;6;2;1;79;0;2039809;792;0
147;18;336;5;39;59;22;3.20;7;2;1;84;0;2039922;14405;0
147;18;336;5;40;1;2;3.60;7;2;1;85;0;2040102;166;0
147;18;336;5;40;5;99;3.20;2;1;1;87;0;2040599;915;0
147;18;336;5;40;6;39;3.40;2;1;1;87;0;2040639;26;0
147;18;336;5;40;10;99;4.00;2;1;1;88;0;2041099;445;0
147;18;336;5;40;28;99;3.60;3;1;1;78;0;2042899;3472;0
147;18;336;5;40;34;11;3.40;7;2;1;83;0;2043411;3293;0
147;18;336;5;40;35;99;3.20;2;1;1;81;0;2043599;2483;0
147;18;336;5;40;37;57;4.00;6;2;1;82;0;2043757;3932;0
147;18;336;5;40;39;23;3.80;2;1;1;81;0;2043923;309;0
147;18;336;5;40;50;51;3.00;6;2;1;69;0;2045051;1276;0
147;18;336;5;40;51;99;5.20;7;2;1;84;0;2045199;1773;0
147;18;336;5;41;7;7;3.60;3;1;1;78;0;2046707;3791;0
147;18;336;5;41;19;99;5.20;7;2;1;67;0;2047999;2777;0
147;18;336;5;41;21;99;3.20;6;2;1;77;0;2048199;3132;0
147;18;336;5;41;22;99;3.20;7;2;1;76;0;2048299;272;0
147;18;336;5;41;27;99;3.40;7;2;1;71;0;2048799;484;0
147;18;336;5;41;44;85;3.20;3;1;1;76;0;2050485;3761;0
147;18;336;5;41;47;99;4.60;2;1;1;77;0;2050799;6859;0
147;18;336;5;41;53;18;3.80;2;1;1;84;0;2051318;497;0
147;18;336;5;42;7;99;3.80;2;1;1;79;0;2052799;1464;0
147;18;336;5;42;11;22;4.00;2;1;1;86;0;2053122;305;0
147;18;336;5;42;15;3;3.80;1;1;1;93;0;2053503;24889;0
147;18;336;5;42;15;20;3.60;2;1;1;81;0;2053520;381;0
147;18;336;5;42;19;99;3.80;6;2;1;79;0;2053999;5785;0
147;18;336;5;42;37;99;3.20;6;2;1;78;0;2055799;1782;0
147;18;336;5;42;43;90;3.40;6;2;1;78;0;2056390;576;0
147;18;336;5;42;46;99;3.40;1;1;1;80;0;2056699;3181;0
147;18;336;5;42;51;99;3.80;7;2;1;74;0;2057199;8382;0
147;18;336;5;42;54;99;3.20;1;1;1;69;0;2057499;784;0
147;18;336;5;42;54;99;3.80;6;2;1;82;0;2057499;1093;0
147;18;336;5;42;55;8;3.20;3;1;1;75;0;2057508;7007;0
147;18;336;5;43;11;79;3.80;4;1;1;90;0;2059179;19763;0
147;18;336;5;43;13;7;3.80;2;1;1;79;0;2059307;5771;0
147;18;336;5;43;20;99;4.40;3;1;1;87;0;2060099;2575;0
147;18;336;5;43;23;28;3.60;3;1;1;73;0;2060328;210;0
147;18;336;5;43;25;99;3.80;2;1;1;75;0;2060599;1274;0
147;18;336;5;43;25;99;5.00;4;1;1;83;0;2060599;1404;0
147;18;336;5;43;27;99;4.00;3;1;1;76;0;2060799;453;0
147;18;336;5;43;28;16;4.00;4;1;1;81;0;2060816;195;0
147;18;336;5;43;31;62;3.40;2;1;1;74;0;2061162;544;0
147;18;336;5;43;38;5;3.60;3;1;1;80;0;2061805;987;0
147;18;336;5;43;43;99;4.20;7;2;1;78;0;2062399;5181;0
147;18;336;5;43;45;99;4.00;7;2;1;81;0;2062599;180;0
147;18;336;5;43;48;99;4.00;7;2;1;78;0;2062899;282;0
147;18;336;5;43;54;8;3.80;2;1;1;82;0;2063408;2229;0
147;18;336;5;44;0;99;3.60;6;2;1;79;0;2064099;6583;0
147;18;336;5;44;5;99;3.20;7;2;1;79;0;2064599;1681;0
147;18;336;5;44;15;3;3.80;3;1;1;82;0;2065503;3681;0
147;18;336;5;44;34;99;3.00;6;2;1;78;0;2067499;3383;0
147;18;336;5;44;44;15;3.60;7;2;1;75;0;2068415;3801;0
147;18;336;5;44;45;29;3.60;3;1;1;85;0;2068529;3009;0
147;18;336;5;44;48;8;4.00;2;1;1;78;0;2068808;5383;0
147;18;336;5;44;50;45;3.80;1;1;1;80;0;2069045;11529;0
147;18;336;5;44;51;99;3.20;7;2;1;81;0;2069199;766;0
147;18;336;5;44;52;99;3.80;2;1;1;80;0;2069299;472;0
147;18;336;5;44;57;6;4.20;7;2;1;89;0;2069706;492;0
147;18;336;5;44;59;99;4.20;2;1;1;77;0;2069999;682;0
147;18;336;5;45;0;1;3.60;1;1;1;89;0;2070001;938;0
147;18;336;5;45;3;55;3.00;3;1;1;85;0;2070355;1810;0
147;18;336;5;45;4;99;3.80;5;2;1;84;0;2070499;31485;0
147;18;336;5;45;14;99;3.60;6;2;1;80;0;2071499;3986;0
147;18;336;5;45;29;62;3.20;3;1;1;83;0;2072962;2594;0
147;18;336;5;45;33;99;3.80;6;2;1;70;0;2073399;1883;0
147;18;336;5;45;49;0;3.40;2;1;1;66;0;2074900;4881;0
147;18;336;5;45;52;48;3.60;2;1;1;82;0;2075248;329;0
147;18;336;5;46;1;99;3.80;7;2;1;80;0;2076199;6476;0
147;18;336;5;46;4;99;3.80;3;1;1;80;0;2076499;3523;0
147;18;336;5;46;8;99;3.40;3;1;1;66;0;2076899;382;0
147;18;336;5;46;9;99;3.60;7;2;1;86;0;2076999;782;0
147;18;336;5;46;12;5;3.40;6;2;1;81;0;2077205;3786;0
147;18;336;5;46;15;43;5.20;3;1;1;65;0;2077543;625;0
147;18;336;5;46;16;99;3.00;2;1;1;62;0;2077699;2435;0
147;18;336;5;46;18;91;3.40;3;1;1;77;0;2077891;319;0
147;18;336;5;46;21;2;3.60;3;1;1;83;0;2078102;195;0
147;18;336;5;46;23;72;3.60;1;1;1;76;0;2078372;8356;0
147;18;336;5;46;23;98;3.60;6;2;1;75;0;2078398;1177;0
147;18;336;5;46;27;99;3.20;7;2;1;74;0;2078799;1784;0
147;18;336;5;46;39;99;3.40;2;1;1;81;0;2079999;2282;0
147;18;336;5;46;55;16;3.80;2;1;1;85;0;2081516;1501;0
147;18;336;5;47;1;60;3.80;6;2;1;78;0;2082160;3744;0
147;18;336;5;47;3;7;3.60;3;1;1;83;0;2082307;4189;0
147;18;336;5;47;7;99;3.60;6;2;1;80;0;2082799;621;0
147;18;336;5;47;12;99;3.80;7;2;1;79;0;2083299;4484;0
147;18;336;5;47;21;9;4.40;7;2;1;74;0;2084109;792;0
147;18;336;5;47;23;99;3.80;7;2;1;80;0;2084399;268;0
147;18;336;5;47;26;99;4.00;7;2;1;75;0;2084699;282;0
147;18;336;5;47;37;99;3.60;6;2;1;81;0;2085799;2983;0
147;18;336;5;47;43;9;3.20;2;1;1;68;0;2086309;4776;0
147;18;336;5;47;52;52;3.80;5;2;1;73;0;2087252;16736;0
147;18;336;5;47;54;10;3.40;7;2;1;81;0;2087410;2691;0
147;18;336;5;48;19;19;4.40;7;2;1;93;0;2089919;2493;0
147;18;336;5;48;27;16;3.00;2;1;1;79;0;2090716;4390;0
147;18;336;5;49;2;99;3.80;7;2;1;80;0;2094299;4362;0
147;18;336;5;49;3;13;3.00;3;1;1;77;0;2094313;11990;0
147;18;336;5;49;21;99;3.20;6;2;1;79;0;2096199;10384;0
147;18;336;5;49;37;63;3.80;7;2;1;83;0;2097763;3446;0
147;18;336;5;49;50;56;3.60;6;2;1;84;0;2099056;2842;0
147;18;336;5;49;51;99;3.60;3;1;1;80;0;2099199;4871;0
147;18;336;5;50;4;99;4.80;6;2;1;68;0;2100499;1427;0
147;18;336;5;50;17;4;4.00;7;2;1;75;0;2101704;3924;0
147;18;336;5;50;25;99;3.80;3;1;1;76;0;2102599;3383;0
147;18;336;5;50;41;49;3.60;3;1;1;84;0;2104149;1532;0
147;18;336;5;50;42;99;4.20;7;2;1;74;0;2104299;2575;0
147;18;336;5;51;6;99;4.20;7;2;1;84;0;2106699;2379;0
147;18;336;5;51;9;5;3.80;6;2;1;69;0;2106905;6380;0
147;18;336;5;51;13;29;3.80;8;2;1;85;0;2107329;69292;0
147;18;336;5;51;15;99;3.40;6;2;1;90;0;2107599;674;0
147;18;336;5;51;33;5;3.40;2;1;1;78;0;2109305;18575;0
147;18;336;5;51;37;8;3.80;2;1;1;81;0;2109708;387;0
147;18;336;5;51;41;99;3.60;6;2;1;82;0;2110199;2586;0
147;18;336;5;51;43;97;3.60;7;2;1;75;0;2110397;3680;0
147;18;336;5;51;44;99;3.80;6;2;1;78;0;2110499;284;0
147;18;336;5;51;52;7;3.20;6;2;1;75;0;2111207;690;0
147;18;336;5;52;1;93;3.80;2;1;1;93;0;2112193;2468;0
147;18;336;5;52;9;99;3.60;3;1;1;77;0;2112999;8834;0
147;18;336;5;52;11;99;3.40;6;2;1;64;0;2113199;1976;0
147;18;336;5;52;21;11;3.60;5;2;1;87;0;2114111;26840;0
147;18;336;5;52;21;71;3.40;6;2;1;76;0;2114171;952;0
147;18;336;5;52;23;39;3.20;6;2;1;79;0;2114339;151;0
147;18;336;5;52;27;99;3.80;3;1;1;85;0;2114799;1783;0
147;18;336;5;52;43;99;3.80;2;1;1;83;0;2116399;4191;0
147;18;336;5;52;45;99;4.00;6;2;1;85;0;2116599;2245;0
147;18;336;5;52;47;99;3.20;2;1;1;75;0;2116799;383;0
147;18;336;5;52;52;83;3.60;2;1;1;77;0;2117283;468;0
147;18;336;5;53;8;99;4.00;2;1;1;80;0;2118899;1599;0
147;18;336;5;53;16;4;4.20;7;2;1;125;0;2119604;9189;0
147;18;336;5;53;16;31;4.20;5;2;1;150;0;2119631;5505;0
147;18;336;5;53;19;22;4.00;2;1;1;90;0;2119922;1005;0
147;18;336;5;53;19;99;3.40;5;2;1;79;0;2119999;357;0
147;18;336;5;53;29;29;3.60;7;2;1;84;0;2120929;1312;0
147;18;336;5;53;32;99;4.00;6;2;1;82;0;2121299;4683;0
147;18;336;5;53;41;69;15.60;6;2;4;82;0;2122169;852;0
147;18;336;5;53;45;52;4.00;6;2;1;81;0;2122552;314;0
147;18;336;5;53;51;97;3.20;1;1;1;46;0;2123197;44807;0
147;18;336;5;53;51;99;3.80;2;1;1;44;0;2123199;3261;0
147;18;336;5;54;0;99;3.60;2;1;1;63;0;2124099;868;0
147;18;336;5;54;1;91;3.80;3;1;1;71;0;2124191;9375;0
147;18;336;5;54;2;2;3.20;2;1;1;68;0;2124202;82;0
147;18;336;5;54;2;99;3.80;4;1;1;81;0;2124299;63465;0
147;18;336;5;54;6;74;3.80;6;2;1;80;0;2124674;2104;0
147;18;336;5;54;7;3;3.60;3;1;1;89;0;2124703;492;0
147;18;336;5;54;24;63;3.60;7;2;1;80;0;2126463;5518;0
147;18;336;5;54;34;24;3.40;6;2;1;83;0;2127424;2732;0
147;18;336;5;54;36;99;4.00;2;1;1;76;0;2127699;3480;0
147;18;336;5;54;37;94;10.60;7;2;3;76;0;2127794;1314;0
147;18;336;5;54;49;39;3.60;3;1;1;84;0;2128939;4221;0
147;18;336;5;54;58;99;3.60;6;2;1;99;0;2129899;2460;0
147;18;336;5;55;6;99;3.60;6;2;1;74;0;2130699;786;0
147;18;336;5;55;14;99;3.60;3;1;1;79;0;2131499;2544;0
147;18;336;5;55;17;99;3.00;6;2;1;77;0;2131799;1082;0
147;18;336;5;55;22;99;4.20;7;2;1;79;0;2132299;4454;0
147;18;336;5;55;26;99;3.40;6;2;1;80;0;2132699;885;0
147;18;336;5;55;28;63;3.20;6;2;1;82;0;2132863;148;0
147;18;336;5;55;28;68;4.00;7;2;1;83;0;2132868;549;0
147;18;336;5;55;30;8;4.20;6;2;1;80;0;2133008;130;0
147;18;336;5;55;40;18;4.60;3;1;1;80;0;2134018;2502;0
147;18;336;5;55;50;99;3.80;2;1;1;77;0;2135099;7381;0
147;18;336;5;55;51;67;3.40;3;1;1;73;0;2135167;1128;0
147;18;336;5;55;53;1;4.40;2;1;1;73;0;2135301;184;0
147;18;336;5;55;53;13;3.40;7;2;1;80;0;2135313;2427;0
147;18;336;5;56;8;99;3.60;3;1;1;79;0;2136899;1715;0
147;18;336;5;56;31;99;3.60;2;1;1;76;0;2139199;3876;0
147;18;336;5;56;41;99;3.40;2;1;1;73;0;2140199;982;0
147;18;336;5;57;2;20;3.60;3;1;1;70;0;2142220;5304;0
147;18;336;5;57;21;7;5.80;2;1;1;76;0;2144107;3891;0
147;18;336;5;57;28;1;3.60;6;2;1;77;0;2144801;11774;0
147;18;336;5;57;31;85;3.40;3;1;1;72;0;2145185;2946;0
147;18;336;5;57;34;99;4.40;3;1;1;76;0;2145499;297;0
147;18;336;5;57;37;99;3.60;4;1;1;97;0;2145799;21483;0
147;18;336;5;57;37;99;3.80;2;1;1;91;0;2145799;1664;0
147;18;336;5;58;3;99;4.00;2;1;1;83;0;2148399;2584;0
147;18;336;5;58;10;24;3.40;1;1;1;82;0;2149024;25801;0
147;18;336;5;58;16;13;2.80;6;2;1;75;0;2149613;4795;0
147;18;336;5;58;21;99;3.80;2;1;1;77;0;2150199;1782;0
147;18;336;5;58;24;6;3.40;6;2;1;86;0;2150406;779;0
147;18;336;5;58;24;36;3.60;5;2;1;89;0;2150436;30421;0
147;18;336;5;58;26;99;3.60;2;1;1;82;0;2150699;482;0
147;18;336;5;58;27;84;3.80;6;2;1;73;0;2150784;363;0
147;18;336;5;58;28;99;3.60;4;1;1;85;0;2150899;5086;0
147;18;336;5;58;29;37;3.20;3;1;1;73;0;2150937;5417;0
147;18;336;5;58;33;99;3.80;3;1;1;92;0;2151399;446;0
147;18;336;5;58;35;17;3.60;6;2;1;73;0;2151517;714;0
147;18;336;5;58;36;99;3.60;2;1;1;81;0;2151699;984;0
147;18;336;5;58;45;74;4.00;6;2;1;77;0;2152574;1039;0
147;18;336;5;58;53;84;3.60;6;2;1;87;0;2153384;791;0
147;18;336;5;59;5;61;3.80;1;1;1;78;0;2154561;5522;0
147;18;336;5;59;8;82;3.60;8;2;1;69;0;2154882;47536;0
147;18;336;5;59;9;11;4.00;6;2;1;83;0;2154911;1512;0
147;18;336;5;59;18;34;3.60;6;2;1;79;0;2155834;905;0
147;18;336;5;59;25;99;13.20;2;1;4;67;0;2156599;4884;0
147;18;336;5;59;28;27;3.80;2;1;1;70;0;2156827;157;0
147;18;336;5;59;30;99;3.80;1;1;1;83;0;2157099;2520;0
147;18;336;5;59;32;99;3.60;3;1;1;76;0;2157299;5885;0
147;18;336;5;59;40;0;4.00;3;1;1;92;0;2158000;683;0
147;18;336;5;59;47;99;3.00;6;2;1;76;0;2158799;2948;0
147;18;336;5;59;49;82;3.20;2;1;1;79;0;2158982;2135;0
147;18;336;6;0;0;99;4.00;3;1;1;84;0;2160099;2083;0
147;18;336;6;0;13;99;3.80;2;1;1;80;0;2161399;2402;0
147;18;336;6;0;14;99;3.60;8;2;1;61;0;2161499;6598;0
147;18;336;6;0;28;99;3.00;6;2;1;77;0;2162899;4085;0
147;18;336;6;0;47;99;3.40;6;2;1;76;0;2164799;1885;0
147;18;336;6;0;48;6;2.80;2;1;1;87;0;2164806;3389;0
147;18;336;6;0;55;20;3.80;2;1;1;76;0;2165520;702;0
147;18;336;6;1;4;14;3.60;7;2;1;78;0;2166414;31085;0
147;18;336;6;1;51;99;5.60;2;1;1;77;0;2171199;5661;0
147;18;336;6;2;0;99;3.60;6;2;1;77;0;2172099;7283;0
147;18;336;6;2;0;99;3.40;7;2;1;70;0;2172099;5668;0
147;18;336;6;2;2;62;4.00;8;2;1;80;0;2172262;10741;0
147;18;336;6;2;2;96;3.40;6;2;1;71;0;2172296;180;0
147;18;336;6;2;7;13;4.20;2;1;1;81;0;2172713;1487;0
147;18;336;6;2;10;79;3.80;2;1;1;80;0;2173079;347;0
147;18;336;6;2;12;1;4.00;8;2;1;90;0;2173201;921;0
147;18;336;6;2;12;52;3.60;6;2;1;78;0;2173252;938;0
147;18;336;6;2;13;23;3.80;7;2;1;89;0;2173323;1206;0
147;18;336;6;2;13;99;3.20;2;1;1;73;0;2173399;302;0
147;18;336;6;2;14;14;3.80;1;1;1;81;0;2173414;16298;0
147;18;336;6;2;14;99;3.60;5;2;1;96;0;2173499;23048;0
147;18;336;6;2;15;62;4.00;2;1;1;77;0;2173562;147;0
147;18;336;6;2;17;14;3.60;2;1;1;80;0;2173714;133;0
147;18;336;6;2;17;49;3.00;3;1;1;84;0;2173749;13632;0
147;18;336;6;2;28;85;3.20;6;2;1;73;0;2174885;1616;0
147;18;336;6;2;35;41;3.60;3;1;1;65;0;2175541;1779;0
147;18;336;6;2;37;99;3.60;7;2;1;82;0;2175799;2460;0
147;18;336;6;2;39;99;3.80;6;2;1;81;0;2175999;1098;0
147;18;336;6;2;49;99;9.40;8;2;2;74;0;2176999;3782;0
147;18;336;6;2;55;99;4.20;6;2;1;81;0;2177599;1583;0
147;18;336;6;2;56;70;3.80;3;1;1;86;0;2177670;2109;0
147;18;336;6;3;13;7;5.60;2;1;1;77;0;2179307;5576;0
147;18;336;6;3;26;50;3.80;3;1;1;87;0;2180650;2964;0
147;18;336;6;3;46;27;3.80;4;1;1;96;0;2182627;31712;0
147;18;336;6;3;50;99;5.00;6;2;1;81;0;2183099;5481;0
147;18;336;6;3;53;99;3.80;2;1;1;70;0;2183399;4065;0
147;18;336;6;4;3;99;3.80;2;1;1;82;0;2184399;980;0
147;18;336;6;4;6;99;3.20;2;1;1;79;0;2184699;283;0
147;18;336;6;4;7;99;3.80;3;1;1;74;0;2184799;4133;0
147;18;336;6;4;14;99;3.40;5;2;1;81;0;2185499;11986;0
147;18;336;6;4;15;75;3.40;6;2;1;73;0;2185575;2453;0
147;18;336;6;4;16;99;3.80;7;2;1;76;0;2185699;9884;0
147;18;336;6;4;17;99;3.40;2;1;1;74;0;2185799;1085;0
147;18;336;6;4;19;5;4.20;7;2;1;81;0;2185905;188;0
147;18;336;6;4;25;16;12.40;6;2;3;74;0;2186516;924;0
147;18;336;6;4;28;23;3.60;7;2;1;85;0;2186823;899;0
147;18;336;6;4;28;23;3.20;6;2;1;73;0;2186823;246;0
147;18;336;6;4;33;21;3.60;6;2;1;77;0;2187321;482;0
147;18;336;6;4;33;86;3.20;2;1;1;77;0;2187386;1570;0
147;18;336;6;4;35;15;3.40;6;2;1;77;0;2187515;177;0
147;18;336;6;4;38;69;4.00;7;2;1;83;0;2187869;1030;0
147;18;336;6;4;53;17;3.80;1;1;1;89;0;2189317;15886;0
147;18;336;6;4;55;19;4.00;3;1;1;85;0;2189519;4701;0
147;18;336;6;4;59;72;3.60;3;1;1;82;0;2189972;436;0
147;18;336;6;5;5;99;11.80;2;1;2;82;0;2190599;3198;0
147;18;336;6;5;13;99;3.80;8;2;1;70;0;2191399;14354;0
147;18;336;6;5;14;17;3.80;7;2;1;83;0;2191417;3530;0
147;18;336;6;5;16;4;3.80;3;1;1;80;0;2191604;1616;0
147;18;336;6;5;21;24;3.80;2;1;1;78;0;2192124;1473;0
147;18;336;6;5;24;10;3.80;6;2;1;80;0;2192410;4879;0
147;18;336;6;5;26;99;4.20;7;2;1;73;0;2192699;1265;0
147;18;336;6;5;30;99;3.60;3;1;1;80;0;2193099;1477;0
147;18;336;6;5;44;99;3.80;3;1;1;79;0;2194499;1383;0
147;18;336;6;5;45;99;3.40;2;1;1;78;0;2194599;2457;0
147;18;336;6;5;53;1;3.80;2;1;1;87;0;2195301;686;0
147;18;336;6;5;55;3;3.60;6;2;1;79;0;2195503;3075;0
147;18;336;6;5;55;97;4.40;3;1;1;75;0;2195597;1080;0
147;18;336;6;6;2;15;4.00;7;2;1;75;0;2196215;3495;0
147;18;336;6;6;3;90;3.40;6;2;1;76;0;2196390;870;0
147;18;336;6;6;6;99;3.80;7;2;1;86;0;2196699;464;0
147;18;336;6;6;7;99;3.40;2;1;1;82;0;2196799;1482;0
147;18;336;6;6;8;28;3.20;6;2;1;84;0;2196828;421;0
147;18;336;6;6;11;99;3.20;7;2;1;75;0;2197199;484;0
147;18;336;6;6;13;99;4.00;7;2;1;78;0;2197399;184;0
147;18;336;6;6;22;99;4.20;3;1;1;76;0;2198299;2680;0
147;18;336;6;6;26;76;3.80;6;2;1;79;0;2198676;1834;0
147;18;336;6;6;27;99;3.40;3;1;1;78;0;2198799;480;0
147;18;336;6;6;28;19;3.20;8;2;1;88;0;2198819;7400;0
147;18;336;6;6;28;48;3.60;6;2;1;71;0;2198848;154;0
147;18;336;6;6;30;99;3.60;3;1;1;84;0;2199099;284;0
147;18;336;6;6;53;99;3.60;6;2;1;75;0;2201399;2532;0
147;18;336;6;6;56;17;3.80;7;2;1;79;0;2201617;4199;0
147;18;336;6;7;1;39;3.40;6;2;1;78;0;2202139;722;0
147;18;336;6;7;12;18;3.80;6;2;1;90;0;2203218;1063;0
147;18;336;6;7;22;99;3.80;6;2;1;84;0;2204299;1065;0
147;18;336;6;7;28;99;3.40;2;1;1;78;0;2204899;8085;0
147;18;336;6;7;34;99;3.80;6;2;1;77;0;2205499;1183;0
147;18;336;6;7;35;99;3.40;6;2;1;81;0;2205599;82;0
147;18;336;6;7;43;20;3.60;6;2;1;75;0;2206320;705;0
147;18;336;6;8;1;10;5.20;6;2;1;71;0;2208110;1772;0
147;18;336;6;8;5;12;3.80;2;1;1;82;0;2208512;3597;0
147;18;336;6;8;10;99;3.20;6;2;1;80;0;2209099;962;0
147;18;336;6;8;24;99;3.40;6;2;1;74;0;2210499;1385;0
147;18;336;6;8;33;6;3.00;6;2;1;73;0;2211306;790;0
147;18;336;6;8;45;12;4.00;2;1;1;88;0;2212512;3983;0
147;18;336;6;8;46;9;3.20;7;2;1;73;0;2212609;10974;0
147;18;336;6;8;55;99;5.60;2;1;1;71;0;2213599;1070;0
147;18;336;6;9;2;99;3.60;3;1;1;68;0;2214299;15184;0
147;18;336;6;9;4;71;3.20;2;1;1;74;0;2214471;843;0
147;18;336;6;9;9;29;3.60;2;1;1;92;0;2214929;442;0
147;18;336;6;9;11;99;3.20;6;2;1;77;0;2215199;3878;0
147;18;336;6;9;13;99;3.60;2;1;1;80;0;2215399;455;0
147;18;336;6;9;21;99;3.40;2;1;1;80;0;2216199;783;0
147;18;336;6;9;23;18;4.80;2;1;1;77;0;2216318;103;0
147;18;336;6;9;31;99;3.40;6;2;1;72;0;2217199;1985;0
147;18;336;6;9;41;10;3.00;2;1;1;84;0;2218110;1769;0
147;18;336;6;9;46;99;4.00;2;1;1;86;0;2218699;576;0
147;18;336;6;9;51;96;3.40;6;2;1;69;0;2219196;1980;0
147;18;336;6;10;0;19;4.20;6;2;1;75;0;2220019;805;0
147;18;336;6;10;4;99;3.80;2;1;1;86;0;2220499;1783;0
147;18;336;6;10;5;25;3.60;3;1;1;82;0;2220525;6206;0
147;18;336;6;10;6;76;2.80;6;2;1;73;0;2220676;636;0
147;18;336;6;10;7;11;3.80;2;1;1;84;0;2220711;196;0
147;18;336;6;10;7;15;3.40;7;2;1;81;0;2220715;8090;0
147;18;336;6;10;14;24;3.60;6;2;1;79;0;2221424;734;0
147;18;336;6;10;26;24;3.20;6;2;1;76;0;2222624;1183;0
147;18;336;6;10;29;99;3.60;7;2;1;84;0;2222999;2268;0
147;18;336;6;10;39;6;3.00;2;1;1;77;0;2223906;3178;0
147;18;336;6;10;40;99;3.80;2;1;1;75;0;2224099;178;0
147;18;336;6;10;50;99;3.60;3;1;1;80;0;2225099;4558;0
147;18;336;6;10;51;99;3.60;6;2;1;81;0;2225199;2559;0
147;18;336;6;10;53;19;3.60;6;2;1;72;0;2225319;104;0
147;18;336;6;10;54;48;4.20;3;1;1;82;0;2225448;332;0
147;18;336;6;10;59;35;3.80;7;2;1;85;0;2225935;2920;0
147;18;336;6;11;0;99;3.60;3;1;1;85;0;2226099;632;0
147;18;336;6;11;1;20;3.40;2;1;1;77;0;2226120;2002;0
147;18;336;6;11;2;13;3.60;2;1;1;80;0;2226213;77;0
147;18;336;6;11;8;99;3.60;5;2;1;84;0;2226899;41384;0
147;18;336;6;11;13;0;4.00;7;2;1;80;0;2227300;1348;0
147;18;336;6;11;15;99;3.20;6;2;1;81;0;2227599;2262;0
147;18;336;6;11;17;99;3.40;2;1;1;49;0;2227799;1569;0
147;18;336;6;11;21;99;3.60;6;2;1;74;0;2228199;585;0
147;18;336;6;11;23;99;3.60;3;1;1;75;0;2228399;2284;0
147;18;336;6;11;26;99;3.20;6;2;1;81;0;2228699;482;0
147;18;336;6;11;28;20;3.80;6;2;1;76;0;2228820;106;0
147;18;336;6;11;31;99;4.00;7;2;1;70;0;2229199;1881;0
147;18;336;6;11;32;5;3.80;8;2;1;79;0;2229205;30372;0
147;18;336;6;11;43;17;3.20;6;2;1;77;0;2230317;1479;0
147;18;336;6;11;46;24;3.60;5;2;1;82;0;2230624;3709;0
147;18;336;6;11;55;99;3.20;7;2;1;72;0;2231599;2379;0
147;18;336;6;11;55;3;3.60;6;2;1;75;0;2231503;1171;0
147;18;336;6;12;3;5;3.40;3;1;1;76;0;2232305;3888;0
147;18;336;6;12;5;5;3.40;1;1;1;81;0;2232505;43172;0
147;18;336;6;12;7;99;3.60;6;2;1;79;0;2232799;1278;0
147;18;336;6;12;17;99;3.20;2;1;1;78;0;2233799;5975;0
147;18;336;6;12;18;29;4.20;3;1;1;73;0;2233829;1507;0
147;18;336;6;12;18;99;3.60;7;2;1;84;0;2233899;2284;0
147;18;336;6;12;18;99;3.60;4;1;1;88;0;2233899;51257;0
147;18;336;6;12;19;99;3.40;3;1;1;102;0;2233999;149;0
147;18;336;6;12;21;3;3.40;7;2;1;70;0;2234103;188;0
147;18;336;6;12;21;54;3.80;6;2;1;73;0;2234154;1338;0
147;18;336;6;12;29;62;3.60;6;2;1;79;0;2234962;789;0
147;18;336;6;12;30;12;3.80;3;1;1;73;0;2235012;1001;0
147;18;336;6;12;33;99;4.80;8;2;1;76;0;2235399;6176;0
147;18;336;6;12;34;67;3.80;5;2;1;72;0;2235467;4827;0
147;18;336;6;12;41;10;3.40;6;2;1;80;0;2236110;1131;0
147;18;336;6;12;54;8;4.00;2;1;1;73;0;2237408;3594;0
147;18;336;6;13;6;99;3.60;3;1;1;79;0;2238699;3668;0
147;18;336;6;13;10;52;4.40;2;1;1;72;0;2239052;1624;0
147;18;336;6;13;25;0;3.40;3;1;1;74;0;2240500;1784;0
147;18;336;6;13;29;99;3.60;6;2;1;74;0;2240999;4873;0
147;18;336;6;13;31;99;3.20;2;1;1;77;0;2241199;2125;0
147;18;336;6;13;33;55;4.00;6;2;1;90;0;2241355;338;0
147;18;336;6;13;35;21;3.60;7;2;1;87;0;2241521;7400;0
147;18;336;6;13;45;99;3.40;6;2;1;75;0;2242599;1228;0
147;18;336;6;13;59;57;3.80;2;1;1;73;0;2243957;2743;0
147;18;336;6;14;1;6;3.40;6;2;1;76;0;2244106;1490;0
147;18;336;6;14;4;65;3.60;3;1;1;78;0;2244465;3948;0
147;18;336;6;14;7;99;3.00;2;1;1;74;0;2244799;823;0
147;18;336;6;14;19;78;3.60;2;1;1;79;0;2245978;1164;0
147;18;336;6;14;21;18;3.40;7;2;1;82;0;2246118;4582;0
147;18;336;6;14;24;42;3.60;7;2;1;77;0;2246442;309;0
147;18;336;6;14;28;99;2.80;6;2;1;75;0;2246899;2776;0
147;18;336;6;14;29;48;3.80;6;2;1;75;0;2246948;35;0
147;18;336;6;14;33;99;3.80;2;1;1;85;0;2247399;1404;0
147;18;336;6;14;48;99;3.20;3;1;1;77;0;2248899;4417;0
147;18;336;6;14;55;96;3.20;6;2;1;78;0;2249596;2629;0
147;18;336;6;15;1;4;3.60;3;1;1;73;0;2250104;1190;0
147;18;336;6;15;4;99;3.40;2;1;1;67;0;2250499;3083;0
147;18;336;6;15;9;99;3.20;6;2;1;81;0;2250999;1388;0
147;18;336;6;15;10;39;3.80;2;1;1;74;0;2251039;521;0
147;18;336;6;15;15;59;3.60;3;1;1;77;0;2251559;1437;0
147;18;336;6;15;18;0;3.40;6;2;1;81;0;2251800;786;0
147;18;336;6;15;18;65;3.80;3;1;1;81;0;2251865;289;0
147;18;336;6;15;20;9;3.40;7;2;1;85;0;2252009;5550;0
147;18;336;6;15;21;99;3.60;5;2;1;94;0;2252199;16713;0
147;18;336;6;15;22;99;3.80;7;2;1;96;0;2252299;275;0
147;18;336;6;15;23;85;3.80;2;1;1;85;0;2252385;1327;0
147;18;336;6;15;25;99;3.60;2;1;1;82;0;2252599;197;0
147;18;336;6;15;30;99;4.00;2;1;1;74;0;2253099;484;0
147;18;336;6;15;39;99;3.80;2;1;1;83;0;2253999;880;0
147;18;336;6;15;45;99;4.00;5;2;1;86;0;2254599;2386;0
147;18;336;6;15;46;74;5.20;7;2;1;81;0;2254674;2360;0
147;18;336;6;15;51;14;3.60;6;2;1;75;0;2255114;3298;0
147;18;336;6;15;52;99;3.60;5;2;1;88;0;2255299;683;0
147;18;336;6;15;52;99;3.60;2;1;1;80;0;2255299;1283;0
147;18;336;6;15;54;70;3.20;6;2;1;80;0;2255470;338;0
147;18;336;6;16;3;99;3.80;2;1;1;73;0;2256399;1083;0
147;18;336;6;16;4;84;4.00;2;1;1;76;0;2256484;66;0
147;18;336;6;16;21;99;4.00;3;1;1;82;0;2258199;6317;0
147;18;336;6;16;31;99;4.00;3;1;1;102;0;2259199;982;0
147;18;336;6;16;35;99;3.80;2;1;1;94;0;2259599;3096;0
147;18;336;6;16;37;68;3.60;3;1;1;75;0;2259768;554;0
147;18;336;6;16;40;6;3.60;5;2;1;82;0;2260006;4692;0
147;18;336;6;16;41;99;5.60;6;2;1;68;0;2260199;4714;0
147;18;336;6;16;42;34;3.40;5;2;1;75;0;2260234;212;0
147;18;336;6;16;52;14;5.40;6;2;1;72;0;2261214;985;0
147;18;336;6;16;53;98;3.80;2;1;1;69;0;2261398;1784;0
147;18;336;6;17;0;99;3.80;3;1;1;83;0;2262099;2313;0
147;18;336;6;17;4;99;4.00;7;2;1;73;0;2262499;7801;0
147;18;336;6;17;17;99;7.00;2;1;1;75;0;2263799;2381;0
147;18;336;6;17;18;54;3.60;6;2;1;83;0;2263854;2613;0
147;18;336;6;17;23;4;3.20;2;1;1;80;0;2264304;471;0
147;18;336;6;17;34;99;3.40;2;1;1;80;0;2265499;1180;0
147;18;336;6;17;37;99;3.60;6;2;1;83;0;2265799;1929;0
147;18;336;6;17;41;43;3.80;2;1;1;82;0;2266143;628;0
147;18;336;6;17;47;99;3.80;6;2;1;79;0;2266799;984;0
147;18;336;6;17;54;82;3.60;7;2;1;81;0;2267482;4963;0
147;18;336;6;18;8;99;3.60;2;1;1;81;0;2268899;2739;0
147;18;336;6;18;8;99;3.80;3;1;1;80;0;2268899;6783;0
147;18;336;6;18;19;31;3.00;6;2;1;74;0;2269931;3114;0
147;18;336;6;18;21;99;3.80;6;2;1;75;0;2270199;253;0
147;18;336;6;18;22;65;3.80;2;1;1;81;0;2270265;1350;0
147;18;336;6;18;24;99;3.80;6;2;1;70;0;2270499;281;0
147;18;336;6;18;32;12;3.20;6;2;1;77;0;2271212;693;0
147;18;336;6;18;47;99;3.80;2;1;1;74;0;2272799;2517;0
147;18;336;6;18;48;97;3.80;6;2;1;76;0;2272897;1670;0
147;18;336;6;18;57;99;3.60;6;2;1;82;0;2273799;884;0
147;18;336;6;18;58;7;3.60;3;1;1;76;0;2273807;4890;0
147;18;336;6;18;57;98;13.00;7;2;3;78;0;2273798;6300;0
147;18;336;6;19;4;99;4.00;5;2;1;82;0;2274499;14248;0
147;18;336;6;19;6;99;4.60;2;1;1;68;0;2274699;1881;0
147;18;336;6;19;8;21;3.40;6;2;1;73;0;2274821;1006;0
147;18;336;6;19;8;39;3.40;2;1;1;73;0;2274839;115;0
147;18;336;6;19;22;99;3.80;2;1;1;82;0;2276299;1443;0
147;18;336;6;19;32;99;3.40;6;2;1;73;0;2277299;2461;0
147;18;336;6;19;42;99;3.60;3;1;1;75;0;2278299;4474;0
147;18;336;6;20;5;99;3.60;6;2;1;78;0;2280599;3283;0
147;18;336;6;20;6;99;3.40;7;2;1;68;0;2280699;6841;0
147;18;336;6;20;8;99;3.40;3;1;1;69;0;2280899;2582;0
147;18;336;6;20;11;2;3.80;7;2;1;81;0;2281102;385;0
147;18;336;6;20;11;99;3.40;2;1;1;73;0;2281199;4883;0
147;18;336;6;20;13;6;3.60;5;2;1;83;0;2281306;6789;0
147;18;336;6;20;13;99;3.60;2;1;1;99;0;2281399;183;0
147;18;336;6;20;13;99;3.60;6;2;1;83;0;2281399;783;0
147;18;336;6;20;17;4;3.80;3;1;1;79;0;2281704;787;0
147;18;336;6;20;26;99;3.20;7;2;1;77;0;2282699;1580;0
147;18;336;6;20;34;99;2.80;3;1;1;81;0;2283499;1777;0
147;18;336;6;20;50;18;3.40;5;2;1;86;0;2285018;3696;0
147;18;336;6;21;8;99;3.00;3;1;1;71;0;2286899;3387;0
147;18;336;6;21;9;99;3.60;6;2;1;66;0;2286999;5584;0
147;18;336;6;21;10;7;3.60;5;2;1;78;0;2287007;1974;0
147;18;336;6;21;11;9;3.20;3;1;1;68;0;2287109;194;0
147;18;336;6;21;13;4;3.40;7;2;1;78;0;2287304;4590;0
147;18;336;6;21;13;99;3.80;3;1;1;66;0;2287399;273;0
147;18;336;6;21;23;99;3.80;6;2;1;83;0;2288399;1380;0
147;18;336;6;21;34;14;5.00;7;2;1;83;0;2289414;2094;0
147;18;336;6;21;41;99;3.60;7;2;1;82;0;2290199;763;0
147;18;336;6;21;47;32;4.00;1;1;1;94;0;2290732;58211;0
147;18;336;6;21;47;55;3.60;2;1;1;76;0;2290755;9342;0
147;18;336;6;21;49;3;3.60;3;1;1;74;0;2290903;3483;0
147;18;336;6;21;49;20;3.60;6;2;1;87;0;2290920;2504;0
147;18;336;6;21;49;23;3.80;7;2;1;75;0;2290923;708;0
147;18;336;6;21;56;22;3.60;2;1;1;87;0;2291622;849;0
147;18;336;6;22;4;99;3.40;7;2;1;76;0;2292499;1557;0
147;18;336;6;22;5;4;4.20;5;2;1;112;0;2292504;5480;0
147;18;336;6;22;7;43;3.80;3;1;1;99;0;2292743;1822;0
147;18;336;6;22;17;7;3.40;2;1;1;50;0;2293707;2070;0
147;18;336;6;22;19;99;3.80;6;2;1;83;0;2293999;3064;0
147;18;336;6;22;25;99;3.40;2;1;1;75;0;2294599;867;0
147;18;336;6;22;29;99;3.80;7;2;1;85;0;2294999;2483;0
147;18;336;6;22;29;99;3.60;6;2;1;84;0;2294999;983;0
147;18;336;6;22;32;99;3.60;2;1;1;78;0;2295299;683;0
147;18;336;6;22;34;99;3.40;2;1;1;75;0;2295499;183;0
147;18;336;6;22;36;76;4.40;6;2;1;81;0;2295676;661;0
147;18;336;6;22;41;24;3.40;6;2;1;82;0;2296124;428;0
147;18;336;6;22;46;42;3.40;6;2;1;80;0;2296642;503;0
147;18;336;6;22;55;99;3.60;3;1;1;81;0;2297599;4842;0
147;18;336;6;22;59;99;3.40;6;2;1;83;0;2297999;1341;0
147;18;336;6;23;3;8;3.80;2;1;1;74;0;2298308;2792;0
147;18;336;6;23;4;5;3.60;3;1;1;73;0;2298405;790;0
147;18;336;6;23;6;9;3.80;2;1;1;83;0;2298609;282;0
147;18;336;6;23;8;99;3.80;3;1;1;87;0;2298899;476;0
147;18;336;6;23;8;99;5.80;2;1;1;84;0;2298899;273;0
147;18;336;6;23;15;99;3.40;1;1;1;80;0;2299599;8851;0
147;18;336;6;23;23;99;3.40;6;2;1;72;0;2300399;2385;0
147;18;336;6;23;24;10;3.60;7;2;1;78;0;2300410;5394;0
147;18;336;6;23;34;4;3.80;7;2;1;84;0;2301404;977;0
147;18;336;6;23;35;22;3.20;3;1;1;79;0;2301522;2607;0
147;18;336;6;23;53;99;3.80;3;1;1;78;0;2303399;1862;0
147;18;336;6;23;55;99;3.40;2;1;1;78;0;2303599;4675;0
147;18;336;6;24;6;99;3.60;5;2;1;83;0;2304699;12181;0
147;18;336;6;24;21;99;3.60;5;2;1;89;0;2306199;1484;0
147;18;336;6;24;27;99;4.40;7;2;1;81;0;2306799;5378;0
147;18;336;6;24;27;99;3.00;6;2;1;65;0;2306799;6383;0
147;18;336;6;24;29;99;3.60;5;2;1;80;0;2306999;785;0
147;18;336;6;24;29;99;3.40;3;1;1;76;0;2306999;3582;0
147;18;336;6;24;31;85;3.80;6;2;1;77;0;2307185;369;0
147;18;336;6;24;32;99;3.20;3;1;1;77;0;2307299;283;0
147;18;336;6;24;39;92;3.60;6;2;1;79;0;2307992;789;0
147;18;336;6;24;45;99;3.20;3;1;1;80;0;2308599;1285;0
147;18;336;6;24;45;99;3.40;1;1;1;75;0;2308599;8984;0
147;18;336;6;24;47;99;3.80;2;1;1;82;0;2308799;5184;0
147;18;336;6;24;49;23;3.40;6;2;1;82;0;2308923;914;0
147;18;336;6;24;58;99;3.20;6;2;1;79;0;2309899;961;0
147;18;336;6;25;7;7;3.20;3;1;1;80;0;2310707;2093;0
147;18;336;6;25;14;22;3.40;2;1;1;75;0;2311422;2606;0
147;18;336;6;25;19;17;3.60;2;1;1;79;0;2311917;478;0
147;18;336;6;25;20;99;3.80;6;2;1;82;0;2312099;2185;0
147;18;336;6;25;21;99;3.80;3;1;1;77;0;2312199;1477;0
147;18;336;6;25;24;22;4.00;2;1;1;86;0;2312422;488;0
147;18;336;6;25;27;69;3.60;6;2;1;78;0;2312769;653;0
147;18;336;6;25;30;99;3.80;6;2;1;82;0;2313099;313;0
147;18;336;6;25;33;99;4.00;2;1;1;80;0;2313399;960;0
147;18;336;6;25;37;21;3.20;6;2;1;85;0;2313721;605;0
147;18;336;6;25;37;2;5.00;2;1;1;76;0;2313702;285;0
147;18;336;6;25;45;79;3.60;2;1;1;84;0;2314579;853;0
147;18;336;6;25;48;15;3.80;2;1;1;86;0;2314815;220;0
147;18;336;6;25;49;99;3.60;2;1;1;82;0;2314999;168;0
147;18;336;6;25;49;99;3.20;6;2;1;75;0;2314999;1264;0
147;18;336;6;26;10;99;3.00;3;1;1;77;0;2317099;4882;0
147;18;336;6;26;16;3;3.20;7;2;1;82;0;2317603;10784;0
147;18;336;6;26;16;65;3.20;2;1;1;73;0;2317665;2650;0
147;18;336;6;26;17;3;3.40;6;2;1;77;0;2317703;2688;0
147;18;336;6;26;18;25;2.80;6;2;1;81;0;2317825;106;0
147;18;336;6;26;18;38;3.60;2;1;1;78;0;2317838;157;0
147;18;336;6;26;19;25;3.60;3;1;1;90;0;2317925;811;0
147;18;336;6;26;19;99;3.80;2;1;1;82;0;2317999;144;0
147;18;336;6;26;37;4;3.20;6;2;1;78;0;2319704;1866;0
147;18;336;6;26;46;5;4.00;7;2;1;76;0;2320605;2987;0
147;18;336;6;26;47;99;3.60;6;2;1;78;0;2320799;1080;0
147;18;336;6;26;50;9;3.80;2;1;1;80;0;2321009;2993;0
147;18;336;6;26;50;99;4.60;3;1;1;76;0;2321099;3159;0
147;18;336;6;26;51;15;3.40;7;2;1;80;0;2321115;491;0
147;18;336;6;27;7;86;3.40;2;1;1;74;0;2322786;1759;0
147;18;336;6;27;8;99;3.40;8;2;1;72;0;2322899;87477;0
147;18;336;6;27;10;13;3.80;3;1;1;84;0;2323013;1892;0
147;18;336;6;27;13;99;2.80;2;1;1;76;0;2323399;596;0
147;18;336;6;27;24;99;3.60;6;2;1;89;0;2324499;3683;0
147;18;336;6;27;52;9;3.40;6;2;1;79;0;2327209;2695;0
147;18;336;6;27;54;99;16.60;7;2;4;81;0;2327499;6368;0
147;18;336;6;28;6;3;4.00;6;2;1;82;0;2328603;1378;0
147;18;336;6;28;9;99;3.20;3;1;1;71;0;2328999;5969;0
147;18;336;6;28;19;99;3.20;3;1;1;96;0;2329999;983;0
147;18;336;6;28;20;99;3.20;2;1;1;75;0;2330099;6686;0
147;18;336;6;28;33;99;3.40;7;2;1;77;0;2331399;3826;0
147;18;336;6;28;35;24;3.00;8;2;1;86;0;2331524;8608;0
147;18;336;6;28;35;99;11.60;2;1;2;71;0;2331599;1484;0
147;18;336;6;28;38;99;4.00;3;1;1;79;0;2331899;1888;0
147;18;336;6;28;38;99;4.20;4;1;1;81;0;2331899;97985;0
147;18;336;6;28;43;99;10.40;2;1;2;81;0;2332399;741;0
147;18;336;6;28;54;43;3.20;8;2;1;77;0;2333443;1906;0
147;18;336;6;28;58;13;3.40;3;1;1;81;0;2333813;1895;0
147;18;336;6;28;58;99;3.20;7;2;1;76;0;2333899;2484;0
147;18;336;6;28;59;17;3.40;6;2;1;83;0;2333917;5296;0
147;18;336;6;29;4;99;3.80;7;2;1;78;0;2334499;584;0
147;18;336;6;29;10;99;4.20;6;2;1;76;0;2335099;1167;0
147;18;336;6;29;11;20;3.60;3;1;1;80;0;2335120;1291;0
147;18;336;6;29;20;86;3.20;3;1;1;77;0;2336086;949;0
147;18;336;6;29;20;91;3.80;6;2;1;81;0;2336091;972;0
147;18;336;6;29;22;99;3.00;3;1;1;83;0;2336299;198;0
147;18;336;6;29;27;5;3.20;2;1;1;86;0;2336705;4259;0
147;18;336;6;29;29;9;4.00;6;2;1;79;0;2336909;801;0
147;18;336;6;29;30;24;4.00;7;2;1;81;0;2337024;2507;0
147;18;336;6;29;33;61;3.20;6;2;1;76;0;2337361;433;0
147;18;336;6;29;39;8;3.80;5;2;1;89;0;2337908;30892;0
147;18;336;6;29;41;21;3.40;3;1;1;76;0;2338121;1808;0
147;18;336;6;29;41;75;3.40;6;2;1;76;0;2338175;798;0
147;18;336;6;29;43;61;3.60;6;2;1;76;0;2338361;169;0
147;18;336;6;29;44;99;4.20;7;2;1;94;0;2338499;1457;0
147;18;336;6;29;44;99;3.80;6;2;1;75;0;2338499;120;0
147;18;336;6;29;47;85;11.20;6;2;3;81;0;2338785;267;0
147;18;336;6;29;49;5;3.80;7;2;1;84;0;2338905;389;0
147;18;336;6;29;52;99;3.80;2;1;1;70;0;2339299;2580;0
147;18;336;6;29;53;42;3.40;3;1;1;66;0;2339342;1204;0
147;18;336;6;30;2;16;3.20;7;2;1;75;0;2340216;1294;0
147;18;336;6;30;5;99;3.40;3;1;1;83;0;2340599;1238;0
147;18;336;6;30;8;31;4.60;3;1;1;78;0;2340831;217;0
147;18;336;6;30;15;25;3.20;7;2;1;84;0;2341525;1293;0
147;18;336;6;30;15;99;3.40;2;1;1;74;0;2341599;2280;0
147;18;336;6;30;17;99;4.00;8;2;1;77;0;2341799;8341;0
147;18;336;6;30;17;69;12.00;3;1;4;81;0;2341769;916;0
147;18;336;6;30;21;34;3.40;6;2;1;82;0;2342134;3299;0
147;18;336;6;30;22;27;3.60;2;1;1;87;0;2342227;611;0
147;18;336;6;30;24;38;3.40;6;2;1;90;0;2342438;289;0
147;18;336;6;30;30;99;4.80;2;1;1;75;0;2343099;857;0
147;18;336;6;30;33;3;5.40;3;1;1;77;0;2343303;1480;0
147;18;336;6;30;39;47;3.60;6;2;1;77;0;2343947;1495;0
147;18;336;6;30;40;93;3.40;3;1;1;79;0;2344093;764;0
147;18;336;6;30;42;99;3.40;1;1;1;74;0;2344299;35683;0
147;18;336;6;30;47;17;3.60;1;1;1;74;0;2344717;401;0
147;18;336;6;30;56;99;3.80;3;1;1;82;0;2345699;1590;0
147;18;336;6;30;59;99;3.40;3;1;1;73;0;2345999;283;0
147;18;336;6;31;5;53;3.40;6;2;1;68;0;2346553;2589;0
147;18;336;6;31;8;99;3.80;6;2;1;68;0;2346899;328;0
147;18;336;6;31;10;29;3.20;6;2;1;69;0;2347029;109;0
147;18;336;6;31;12;26;3.60;3;1;1;80;0;2347226;1210;0
147;18;336;6;31;17;19;3.20;2;1;1;74;0;2347719;4596;0
147;18;336;6;31;18;99;3.80;6;2;1;79;0;2347899;853;0
147;18;336;6;31;21;99;3.80;3;1;1;72;0;2348199;956;0
147;18;336;6;31;24;99;3.20;6;2;1;78;0;2348499;582;0
147;18;336;6;31;25;36;3.80;6;2;1;79;0;2348536;22;0
147;18;336;6;31;31;99;3.40;1;1;1;72;0;2349199;4464;0
147;18;336;6;31;35;99;3.40;6;2;1;74;0;2349599;1045;0
147;18;336;6;31;38;8;3.60;3;1;1;72;0;2349808;1590;0
147;18;336;6;31;40;99;4.00;7;2;1;80;0;2350099;8560;0
147;18;336;6;31;44;98;3.60;6;2;1;76;0;2350498;882;0
147;18;336;6;31;45;99;3.80;3;1;1;80;0;2350599;773;0
147;18;336;6;31;47;99;3.60;2;1;1;78;0;2350799;3064;0
147;18;336;6;31;52;99;3.40;7;2;1;87;0;2351299;1182;0
147;18;336;6;31;53;2;3.60;2;1;1;76;0;2351302;486;0
147;18;336;6;31;55;20;4.00;6;2;1;85;0;2351520;1004;0
147;18;336;6;31;56;26;3.20;6;2;1;77;0;2351626;89;0
147;18;336;6;32;1;43;3.20;6;2;1;78;0;2352143;502;0
147;18;336;6;32;3;5;3.80;6;2;1;81;0;2352305;147;0
147;18;336;6;32;8;99;3.80;6;2;1;82;0;2352899;577;0
147;18;336;6;32;13;99;3.80;6;2;1;81;0;2353399;483;0
147;18;336;6;32;14;17;3.60;3;1;1;68;0;2353417;2800;0
147;18;336;6;32;27;89;3.40;6;2;1;72;0;2354789;1373;0
147;18;336;6;32;36;99;3.20;2;1;1;76;0;2355699;4379;0
147;18;336;6;32;37;60;4.60;3;1;1;82;0;2355760;2323;0
147;18;336;6;32;39;7;3.80;3;1;1;79;0;2355907;126;0
147;18;336;6;32;43;99;4.60;2;1;1;80;0;2356399;684;0
147;18;336;6;32;47;11;3.80;2;1;1;80;0;2356711;291;0
147;18;336;6;32;51;99;3.60;6;2;1;78;0;2357199;2393;0
147;18;336;6;32;58;99;3.40;2;1;1;72;0;2357899;1170;0
147;18;336;6;33;16;99;4.00;3;1;1;81;0;2359699;3774;0
147;18;336;6;33;20;11;4.00;2;1;1;68;0;2360011;2095;0
147;18;336;6;33;23;19;4.00;7;2;1;14;0;2360319;9005;0
147;18;336;6;33;28;43;4.20;2;1;1;76;0;2360843;810;0
147;18;336;6;33;32;99;3.60;2;1;1;76;0;2361299;436;0
147;18;336;6;33;40;0;3.20;7;2;1;77;0;2362000;1578;0
147;18;336;6;33;47;99;3.20;6;2;1;83;0;2362799;5583;0
147;18;336;6;34;0;99;3.40;3;1;1;80;0;2364099;4382;0
147;18;336;6;34;1;99;3.60;6;2;1;80;0;2364199;1386;0
147;18;336;6;34;2;9;3.60;3;1;1;76;0;2364209;94;0
147;18;336;6;34;3;99;3.40;8;2;1;72;0;2364399;22581;0
147;18;336;6;34;9;31;3.00;2;1;1;77;0;2364931;3614;0
147;18;336;6;34;14;20;3.60;3;1;1;73;0;2365420;1193;0
147;18;336;6;34;27;18;4.20;7;2;1;80;0;2366718;4703;0
147;18;336;6;34;32;14;3.80;6;2;1;75;0;2367214;2998;0
147;18;336;6;34;41;99;3.20;4;1;1;88;0;2368199;36281;0
147;18;336;6;34;42;28;3.00;3;1;1;76;0;2368228;2790;0
147;18;336;6;34;43;8;3.40;6;2;1;78;0;2368308;1075;0
147;18;336;6;34;44;99;3.80;3;1;1;79;0;2368499;256;0
147;18;336;6;34;46;99;3.20;7;2;1;85;0;2368699;1962;0
147;18;336;6;34;49;99;4.00;2;1;1;85;0;2368999;4053;0
147;18;336;6;34;53;54;3.20;3;1;1;78;0;2369354;837;0
147;18;336;6;34;53;90;6.20;2;1;1;81;0;2369390;374;0
147;18;336;6;35;6;86;3.40;3;1;1;81;0;2370686;1317;0
147;18;336;6;35;8;57;3.60;2;1;1;82;0;2370857;1439;0
147;18;336;6;35;9;85;11.20;6;2;3;63;0;2370985;2661;0
147;18;336;6;35;23;29;4.00;2;1;1;82;0;2372329;1456;0
147;18;336;6;35;53;99;3.40;4;1;1;81;0;2375399;7186;0
147;18;336;6;35;56;99;3.80;3;1;1;75;0;2375699;4997;0
147;18;336;6;35;58;5;4.00;3;1;1;74;0;2375805;87;0
147;18;336;6;35;59;61;6.00;1;1;1;70;0;2375961;26745;0
147;18;336;6;36;2;93;3.40;6;2;1;80;0;2376293;5244;0
147;18;336;6;36;10;89;3.60;3;1;1;74;0;2377089;1264;0
147;18;336;6;36;14;20;3.20;3;1;1;79;0;2377420;313;0
147;18;336;6;36;18;99;3.60;6;2;1;76;0;2377899;1590;0
147;18;336;6;36;23;99;3.40;6;2;1;77;0;2378399;482;0
147;18;336;6;36;25;59;3.40;7;2;1;82;0;2378559;9846;0
147;18;336;6;36;31;99;3.60;3;1;1;70;0;2379199;1764;0
147;18;336;6;36;32;16;3.20;4;1;1;79;0;2379216;3801;0
147;18;336;6;36;32;99;4.00;6;2;1;75;0;2379299;884;0
147;18;336;6;36;44;99;3.60;7;2;1;79;0;2380499;1925;0
147;18;336;6;36;45;39;3.00;3;1;1;77;0;2380539;1321;0
147;18;336;6;36;45;63;3.60;2;1;1;75;0;2380563;8216;0
147;18;336;6;36;46;14;3.60;7;2;1;82;0;2380614;98;0
147;18;336;6;36;46;99;3.40;4;1;1;82;0;2380699;1468;0
147;18;336;6;36;49;99;3.80;3;1;1;72;0;2380999;445;0
147;18;336;6;36;50;26;2.80;2;1;1;76;0;2381026;445;0
147;18;336;6;36;51;2;4.20;3;1;1;72;0;2381102;84;0
147;18;336;6;36;56;1;3.60;7;2;1;79;0;2381601;971;0
147;18;336;6;36;57;99;3.60;1;1;1;78;0;2381799;5807;0
147;18;336;6;37;16;28;3.60;6;2;1;83;0;2383628;4309;0
147;18;336;6;37;29;40;3.60;2;1;1;80;0;2384940;3900;0
147;18;336;6;37;33;99;3.20;2;1;1;88;0;2385399;442;0
147;18;336;6;37;36;3;4.40;6;2;1;63;0;2385603;1959;0
147;18;336;6;37;39;69;3.60;2;1;1;78;0;2385969;556;0
147;18;336;6;37;44;15;4.80;7;2;1;78;0;2386415;4797;0
147;18;336;6;37;46;6;3.80;3;1;1;70;0;2386606;5483;0
147;18;336;6;37;48;99;3.80;2;1;1;78;0;2386899;913;0
147;18;336;6;37;50;79;5.60;6;2;1;78;0;2387079;1450;0
147;18;336;6;37;51;16;3.80;2;1;1;83;0;2387116;199;0
147;18;336;6;37;51;0;3.40;6;2;1;73;0;2387100;-1;0
147;18;336;6;37;52;61;3.40;5;2;1;93;0;2387261;49337;0
147;18;336;6;37;55;99;4.20;7;2;1;91;0;2387599;1161;0
147;18;336;6;37;58;99;3.40;8;2;1;76;0;2387899;23483;0
147;18;336;6;38;4;24;3.60;6;2;1;80;0;2388424;1307;0
147;18;336;6;38;13;99;4.00;2;1;1;85;0;2389399;2266;0
147;18;336;6;38;13;99;3.20;6;2;1;80;0;2389399;958;0
147;18;336;6;38;14;7;3.80;8;2;1;70;0;2389407;1491;0
147;18;336;6;38;15;7;3.40;7;2;1;70;0;2389507;1891;0
147;18;336;6;38;15;35;3.40;3;1;1;82;0;2389535;2909;0
147;18;336;6;38;22;99;4.00;6;2;1;80;0;2390299;885;0
147;18;336;6;38;36;9;3.40;2;1;1;83;0;2391609;2193;0
147;18;336;6;38;37;99;3.60;2;1;1;83;0;2391799;175;0
147;18;336;6;38;40;38;3.60;2;1;1;82;0;2392038;223;0
147;18;336;6;38;42;99;3.40;4;1;1;78;0;2392299;11585;0
147;18;336;6;38;44;26;3.40;3;1;1;77;0;2392426;2876;0
147;18;336;6;38;48;72;3.60;7;2;1;83;0;2392872;3347;0
147;18;336;6;38;55;12;5.40;3;1;1;87;0;2393512;1070;0
147;18;336;6;38;56;22;3.40;6;2;1;76;0;2393622;3305;0
147;18;336;6;38;57;99;5.40;3;1;1;85;0;2393799;264;0
147;18;336;6;38;57;99;3.20;6;2;1;86;0;2393799;160;0
147;18;336;6;39;1;13;3.40;3;1;1;86;0;2394113;291;0
147;18;336;6;39;7;99;4.00;7;2;1;82;0;2394799;1911;0
147;18;336;6;39;9;16;3.60;7;2;1;83;0;2394916;99;0
147;18;336;6;39;9;18;3.40;2;1;1;79;0;2394918;2864;0
147;18;336;6;39;11;26;3.20;1;1;1;81;0;2395126;13310;0
147;18;336;6;39;16;17;3.20;6;2;1;88;0;2395617;1804;0
147;18;336;6;39;18;99;3.40;3;1;1;75;0;2395899;1771;0
147;18;336;6;39;22;98;3.80;6;2;1;83;0;2396298;667;0
147;18;336;6;39;23;99;3.40;6;2;1;82;0;2396399;84;0
147;18;336;6;39;25;99;5.00;6;2;1;82;0;2396599;185;0
147;18;336;6;39;34;50;3.20;3;1;1;61;0;2397450;1534;0
147;18;336;6;39;39;99;4.20;5;2;1;88;0;2397999;10724;0
147;18;336;6;39;41;99;3.40;6;2;1;79;0;2398199;1578;0
147;18;336;6;39;41;99;3.80;7;2;1;77;0;2398199;3267;0
147;18;336;6;39;45;99;3.60;5;2;1;99;0;2398599;582;0
147;18;336;6;39;46;99;3.40;7;2;1;78;0;2398699;482;0
147;18;336;6;39;49;99;6.60;3;1;1;72;0;2398999;1530;0
147;18;336;6;39;50;31;3.80;6;2;1;95;0;2399031;816;0
147;18;336;6;39;51;99;3.80;6;2;1;81;0;2399199;153;0
147;18;336;6;39;55;95;3.80;2;1;1;82;0;2399595;4661;0
147;18;336;6;39;56;13;3.40;3;1;1;80;0;2399613;581;0
147;18;336;6;39;58;99;3.80;2;1;1;84;0;2399899;287;0
147;18;336;6;40;0;82;4.60;3;1;1;88;0;2400082;453;0
147;18;336;6;40;2;48;3.60;6;2;1;83;0;2400248;1032;0
147;18;336;6;40;9;99;3.80;7;2;1;89;0;2400999;2284;0
147;18;336;6;40;14;99;3.60;7;2;1;77;0;2401499;484;0
147;18;336;6;40;15;12;3.60;3;1;1;79;0;2401512;1411;0
147;18;336;6;40;16;99;4.00;2;1;1;78;0;2401699;1783;0
147;18;336;6;40;21;90;3.60;7;2;1;76;0;2402190;674;0
147;18;336;6;40;25;10;3.80;6;2;1;85;0;2402510;2246;0
147;18;336;6;40;26;13;3.40;7;2;1;82;0;2402613;405;0
147;18;336;6;40;28;70;3.00;5;2;1;70;0;2402870;4257;0
147;18;336;6;40;29;99;3.80;6;2;1;89;0;2402999;472;0
147;18;336;6;40;33;23;4.00;7;2;1;78;0;2403323;695;0
147;18;336;6;40;34;99;4.20;7;2;1;80;0;2403499;157;0
147;18;336;6;40;42;0;4.40;6;2;1;79;0;2404200;1185;0
147;18;336;6;40;45;99;3.80;5;2;1;79;0;2404599;1713;0
147;18;336;6;40;48;44;3.60;1;1;1;76;0;2404844;9703;0
147;18;336;6;40;50;99;3.40;7;2;1;84;0;2405099;1581;0
147;18;336;6;40;55;99;3.00;7;2;1;74;0;2405599;485;0
147;18;336;6;41;1;11;3.40;6;2;1;71;0;2406111;1890;0
147;18;336;6;41;1;24;3.60;7;2;1;83;0;2406124;510;0
147;18;336;6;41;3;28;3.60;5;2;1;99;0;2406328;1711;0
147;18;336;6;41;3;4;3.60;1;1;1;65;0;2406304;1442;0
147;18;336;6;41;3;99;3.40;6;2;1;80;0;2406399;270;0
147;18;336;6;41;3;7;4.40;2;1;1;78;0;2406307;4589;0
147;18;336;6;41;4;7;3.60;3;1;1;83;0;2406407;4878;0
147;18;336;6;41;6;22;3.40;2;1;1;80;0;2406622;294;0
147;18;336;6;41;6;41;3.40;6;2;1;91;0;2406641;226;0
147;18;336;6;41;7;30;3.60;7;2;1;104;0;2406730;590;0
147;18;336;6;41;7;99;3.60;2;1;1;76;0;2406799;161;0
147;18;336;6;41;12;99;3.60;2;1;1;71;0;2407299;482;0
147;18;336;6;41;12;99;4.00;4;1;1;86;0;2407299;14984;0
147;18;336;6;41;16;99;3.40;3;1;1;73;0;2407699;1276;0
147;18;336;6;41;17;99;3.80;2;1;1;78;0;2407799;481;0
147;18;336;6;41;18;15;3.80;8;2;1;76;0;2407815;18388;0
147;18;336;6;41;18;99;3.80;3;1;1;76;0;2407899;183;0
147;18;336;6;41;24;39;3.60;1;1;1;74;0;2408439;2115;0
147;18;336;6;41;28;99;4.00;6;2;1;93;0;2408899;2244;0
147;18;336;6;41;39;24;3.60;3;1;1;84;0;2409924;2007;0
147;18;336;6;41;42;10;3.80;6;2;1;79;0;2410210;1295;0
147;18;336;6;41;43;18;3.80;6;2;1;81;0;2410318;90;0
147;18;336;6;41;46;99;4.40;3;1;1;75;0;2410699;759;0
147;18;336;6;41;47;99;3.40;5;2;1;82;0;2410799;4457;0
147;18;336;6;41;49;7;3.00;7;2;1;82;0;2410907;4164;0
147;18;336;6;41;49;99;3.60;3;1;1;76;0;2410999;278;0
147;18;336;6;41;50;71;3.40;6;2;1;80;0;2411071;736;0
147;18;336;6;41;50;90;3.40;4;1;1;82;0;2411090;3774;0
147;18;336;6;41;56;18;3.20;3;1;1;75;0;2411618;601;0
147;18;336;6;41;57;99;5.00;6;2;1;75;0;2411799;712;0
147;18;336;6;42;0;10;3.60;7;2;1;82;0;2412010;1089;0
147;18;336;6;42;1;99;4.20;7;2;1;90;0;2412199;173;0
147;18;336;6;42;1;99;3.60;6;2;1;81;0;2412199;376;0
147;18;336;6;42;6;7;3.60;6;2;1;75;0;2412607;392;0
147;18;336;6;42;9;99;3.80;3;1;1;75;0;2412999;1365;0
147;18;336;6;42;10;56;4.80;3;1;1;76;0;2413056;38;0
147;18;336;6;42;13;5;3.40;6;2;1;82;0;2413305;680;0
147;18;336;6;42;14;99;3.40;8;2;1;81;0;2413499;5666;0
147;18;336;6;42;27;21;3.60;7;2;1;85;0;2414721;2505;0
147;18;336;6;42;29;99;4.00;7;2;1;78;0;2414999;262;0
147;18;336;6;42;30;99;3.80;6;2;1;87;0;2415099;1779;0
147;18;336;6;42;32;99;3.40;7;2;1;83;0;2415299;281;0
147;18;336;6;42;35;99;3.60;6;2;1;78;0;2415599;484;0
147;18;336;6;42;36;1;3.60;7;2;1;83;0;2415601;287;0
147;18;336;6;42;38;35;3.80;8;2;1;75;0;2415835;2320;0
147;18;336;6;42;43;19;3.80;7;2;1;74;0;2416319;702;0
147;18;336;6;42;44;99;3.60;6;2;1;81;0;2416499;883;0
147;18;336;6;42;47;99;3.60;2;1;1;82;0;2416799;8982;0
147;18;336;6;42;47;99;3.60;6;2;1;79;0;2416799;284;0
147;18;336;6;42;48;99;3.60;8;2;1;87;0;2416899;1045;0
147;18;336;6;42;49;68;3.40;6;2;1;77;0;2416968;152;0
147;18;336;6;42;53;9;3.60;7;2;1;82;0;2417309;971;0
147;18;336;6;42;53;99;3.80;6;2;1;80;0;2417399;415;0
147;18;336;6;42;54;81;3.40;3;1;1;76;0;2417481;4402;0
147;18;336;6;42;57;98;4.20;3;1;1;80;0;2417798;300;0
147;18;336;6;43;8;19;3.80;3;1;1;74;0;2418819;1002;0
147;18;336;6;43;8;99;4.00;6;2;1;87;0;2418899;1482;0
147;18;336;6;43;16;6;3.60;7;2;1;69;0;2419606;2281;0
147;18;336;6;43;19;15;3.40;2;1;1;74;0;2419915;3100;0
147;18;336;6;43;21;99;6.00;8;2;1;74;0;2420199;3285;0
147;18;336;6;43;25;99;3.80;6;2;1;79;0;2420599;1683;0
147;18;336;6;43;29;19;3.60;2;1;1;84;0;2420919;987;0
147;18;336;6;43;32;54;3.60;7;2;1;76;0;2421254;1629;0
147;18;336;6;43;35;99;3.60;6;2;1;80;0;2421599;982;0
147;18;336;6;43;38;3;3.80;3;1;1;77;0;2421803;2965;0
147;18;336;6;43;39;99;3.80;7;2;1;84;0;2421999;727;0
147;18;336;6;43;43;79;3.80;6;2;1;80;0;2422379;763;0
147;18;336;6;43;43;99;3.00;3;1;1;75;0;2422399;578;0
147;18;336;6;43;45;51;4.00;2;1;1;82;0;2422551;1616;0
147;18;336;6;43;49;99;3.40;6;2;1;77;0;2422999;602;0
147;18;336;6;43;58;16;3.80;3;1;1;84;0;2423816;1402;0
147;18;336;6;43;59;99;4.00;7;2;1;72;0;2423999;1983;0
147;18;336;6;44;5;99;3.60;1;1;1;82;0;2424599;16142;0
147;18;336;6;44;7;99;3.40;3;1;1;76;0;2424799;966;0
147;18;336;6;44;8;63;3.60;6;2;1;82;0;2424863;1848;0
147;18;336;6;44;11;99;3.00;6;2;1;63;0;2425199;320;0
147;18;336;6;44;12;99;4.40;3;1;1;79;0;2425299;483;0
147;18;336;6;44;16;27;3.60;2;1;1;84;0;2425627;3058;0
147;18;336;6;44;24;99;3.40;2;1;1;73;0;2426499;856;0
147;18;336;6;44;32;99;4.40;7;2;1;85;0;2427299;3280;0
147;18;336;6;44;33;99;3.40;2;1;1;97;0;2427399;883;0
147;18;336;6;44;37;99;3.60;6;2;1;76;0;2427799;2582;0
147;18;336;6;44;45;99;3.80;6;2;1;85;0;2428599;782;0
147;18;336;6;44;49;59;3.20;2;1;1;78;0;2428959;1547;0
147;18;336;6;44;57;99;4.20;3;1;1;72;0;2429799;4479;0
147;18;336;6;44;57;99;3.80;6;2;1;73;0;2429799;1183;0
147;18;336;6;44;58;99;3.40;6;2;1;79;0;2429899;81;0
147;18;336;6;44;59;13;3.00;4;1;1;74;0;2429913;18808;0
147;18;336;6;45;1;19;3.40;6;2;1;78;0;2430119;204;0
147;18;336;6;45;3;99;3.40;2;1;1;79;0;2430399;1425;0
147;18;336;6;45;10;77;3.20;6;2;1;83;0;2431077;942;0
147;18;336;6;45;11;99;3.60;7;2;1;79;0;2431199;3881;0
147;18;336;6;45;11;99;3.40;6;2;1;80;0;2431199;108;0
147;18;336;6;45;15;54;4.00;2;1;1;77;0;2431554;1139;0
147;18;336;6;45;18;1;3.40;2;1;1;80;0;2431801;228;0
147;18;336;6;45;25;19;4.00;6;2;1;81;0;2432519;1304;0
147;18;336;6;45;26;99;3.80;3;1;1;77;0;2432699;2879;0
147;18;336;6;45;30;78;3.60;7;2;1;81;0;2433078;1862;0
147;18;336;6;45;38;4;3.20;6;2;1;89;0;2433804;1267;0
147;18;336;6;45;43;6;3.60;6;2;1;79;0;2434306;489;0
147;18;336;6;45;44;99;3.20;6;2;1;78;0;2434499;176;0
147;18;336;6;45;47;27;3.80;5;2;1;86;0;2434727;23913;0
147;18;336;6;45;53;31;3.00;4;1;1;80;0;2435331;5403;0
147;18;336;6;45;53;85;3.80;6;2;1;79;0;2435385;871;0
147;18;336;6;45;55;99;3.40;6;2;1;79;0;2435599;196;0
147;18;336;6;45;58;16;4.20;3;1;1;79;0;2435816;3099;0
147;18;336;6;46;1;68;3.40;3;1;1;73;0;2436168;332;0
147;18;336;6;46;3;46;3.80;2;1;1;89;0;2436346;4529;0
147;18;336;6;46;14;99;3.40;3;1;1;77;0;2437499;1314;0
147;18;336;6;46;24;68;3.60;3;1;1;92;0;2438468;953;0
147;18;336;6;46;29;50;4.00;3;1;1;79;0;2438950;467;0
147;18;336;6;46;30;99;3.40;7;2;1;74;0;2439099;6005;0
147;18;336;6;46;33;14;4.00;1;1;1;75;0;2439314;14699;0
147;18;336;6;46;34;45;3.60;8;2;1;86;0;2439445;19216;0
147;18;336;6;46;39;1;3.20;8;2;1;82;0;2439901;440;0
147;18;336;6;46;42;22;3.60;1;1;1;79;0;2440222;888;0
147;18;336;6;46;43;99;3.60;1;1;1;78;0;2440399;160;0
147;18;336;6;46;44;45;3.60;3;1;1;81;0;2440445;1476;0
147;18;336;6;46;50;99;3.80;7;2;1;71;0;2441099;1983;0
147;18;336;6;46;52;77;3.00;3;1;1;74;0;2441277;816;0
147;18;336;6;46;55;83;3.60;3;1;1;82;0;2441583;291;0
147;18;336;6;46;56;99;3.20;2;1;1;70;0;2441699;5337;0
147;18;336;6;46;56;99;3.60;6;2;1;76;0;2441699;6084;0
147;18;336;6;47;7;23;3.60;2;1;1;80;0;2442723;1007;0
147;18;336;6;47;7;45;3.60;6;2;1;82;0;2442745;1028;0
147;18;336;6;47;14;99;3.60;6;2;1;77;0;2443499;738;0
147;18;336;6;47;19;99;3.40;2;1;1;76;0;2443999;1259;0
147;18;336;6;47;22;1;3.60;6;2;1;79;0;2444201;685;0
147;18;336;6;47;25;67;3.00;3;1;1;74;0;2444567;2968;0
147;18;336;6;47;27;99;3.80;7;2;1;79;0;2444799;3680;0
147;18;336;6;47;28;99;4.20;3;1;1;82;0;2444899;317;0
147;18;336;6;47;35;28;3.20;2;1;1;81;0;2445528;1512;0
147;18;336;6;47;37;99;3.00;2;1;1;71;0;2445799;256;0
147;18;336;6;47;38;61;5.80;7;2;1;76;0;2445861;1044;0
147;18;336;6;47;40;99;3.80;8;2;1;74;0;2446099;6183;0
147;18;336;6;47;41;88;3.40;3;1;1;71;0;2446188;1270;0
147;18;336;6;47;42;99;3.00;7;2;1;77;0;2446299;410;0
147;18;336;6;47;42;99;3.60;8;2;1;78;0;2446299;181;0
147;18;336;6;47;52;99;3.00;6;2;1;85;0;2447299;3081;0
147;18;336;6;47;54;99;3.80;6;2;1;84;0;2447499;187;0
147;18;336;6;47;56;40;3.40;7;2;1;84;0;2447640;1326;0
147;18;336;6;48;1;25;3.40;2;1;1;86;0;2448125;2310;0
147;18;336;6;48;2;18;3.60;6;2;1;77;0;2448218;702;0
147;18;336;6;48;3;99;4.60;7;2;1;77;0;2448399;744;0
147;18;336;6;48;4;21;3.60;6;2;1;78;0;2448421;186;0
147;18;336;6;48;4;76;3.80;2;1;1;76;0;2448476;336;0
147;18;336;6;48;8;5;2.80;2;1;1;68;0;2448805;311;0
147;18;336;6;48;11;99;3.60;3;1;1;81;0;2449199;2993;0
147;18;336;6;48;14;36;3.60;6;2;1;77;0;2449436;998;0
147;18;336;6;48;15;99;3.60;6;2;1;77;0;2449599;146;0
147;18;336;6;48;19;90;3.40;6;2;1;70;0;2449990;374;0
147;18;336;6;48;21;99;3.40;8;2;1;77;0;2450199;3883;0
147;18;336;6;48;25;99;9.20;6;2;2;82;0;2450599;591;0
147;18;336;6;48;28;29;2.80;2;1;1;78;0;2450829;2009;0
147;18;336;6;48;32;53;3.60;3;1;1;77;0;2451253;2038;0
147;18;336;6;48;38;99;3.40;7;2;1;77;0;2451899;3478;0
147;18;336;6;48;43;99;3.60;3;1;1;84;0;2452399;1129;0
147;18;336;6;48;44;12;3.20;7;2;1;74;0;2452412;497;0
147;18;336;6;48;50;91;4.00;3;1;1;85;0;2453091;676;0
147;18;336;6;48;51;89;14.40;7;2;3;85;0;2453189;761;0
147;18;336;6;48;52;28;3.60;6;2;1;71;0;2453228;2588;0
147;18;336;6;48;55;7;3.60;3;1;1;80;0;2453507;399;0
147;18;336;6;49;5;84;3.60;6;2;1;75;0;2454584;1337;0
147;18;336;6;49;8;90;3.80;6;2;1;79;0;2454890;288;0
147;18;336;6;49;9;99;3.60;3;1;1;72;0;2454999;1475;0
147;18;336;6;49;14;99;4.00;1;1;1;86;0;2455499;15083;0
147;18;336;6;49;14;99;3.40;3;1;1;77;0;2455499;482;0
147;18;336;6;49;16;99;3.60;2;1;1;80;0;2455699;4857;0
147;18;336;6;49;23;89;3.00;1;1;1;78;0;2456389;873;0
147;18;336;6;49;29;99;4.60;3;1;1;79;0;2456999;1484;0
147;18;336;6;49;33;18;2.80;8;2;1;89;0;2457318;7103;0
147;18;336;6;49;42;99;2.80;6;2;1;76;0;2458299;3391;0
147;18;336;6;49;53;99;5.60;3;1;1;65;0;2459399;2379;0
147;18;336;6;50;1;55;3.60;8;2;1;71;0;2460155;2825;0
147;18;336;6;50;11;19;3.00;6;2;1;70;0;2461119;2806;0
147;18;336;6;50;19;16;3.60;7;2;1;81;0;2461916;8666;0
147;18;336;6;50;23;99;3.60;6;2;1;84;0;2462399;1264;0
147;18;336;6;50;25;99;3.60;7;2;1;80;0;2462599;667;0
147;18;336;6;50;31;99;3.20;2;1;1;74;0;2463199;7483;0
147;18;336;6;50;36;0;3.20;2;1;1;75;0;2463600;385;0
147;18;336;6;50;38;99;3.80;2;1;1;78;0;2463899;283;0
147;18;336;6;50;41;99;4.60;6;2;1;79;0;2464199;1784;0
147;18;336;6;50;47;9;3.40;2;1;1;75;0;2464709;792;0
147;18;336;6;50;49;99;3.80;6;2;1;79;0;2464999;779;0
147;18;336;6;50;58;82;4.20;7;2;1;80;0;2465882;3266;0
147;18;336;6;51;12;99;3.80;6;2;1;82;0;2467299;2282;0
147;18;336;6;51;13;64;3.60;5;2;1;81;0;2467364;32621;0
147;18;336;6;51;17;99;3.80;4;1;1;87;0;2467799;32454;0
147;18;336;6;51;21;91;4.00;2;1;1;72;0;2468191;3465;0
147;18;336;6;51;24;99;4.60;3;1;1;80;0;2468499;9068;0
147;18;336;6;51;26;99;3.40;6;2;1;73;0;2468699;1383;0
147;18;336;6;51;30;4;3.40;6;2;1;78;0;2469004;288;0
147;18;336;6;51;32;15;3.40;6;2;1;78;0;2469215;195;0
147;18;336;6;51;33;99;5.40;5;2;1;81;0;2469399;2019;0
147;18;336;6;51;35;99;3.60;6;2;1;78;0;2469599;368;0
147;18;336;6;51;36;7;3.80;2;1;1;74;0;2469607;1396;0
147;18;336;6;51;37;99;3.80;2;1;1;72;0;2469799;173;0
147;18;336;6;51;39;99;3.80;2;1;1;75;0;2469999;181;0
147;18;336;6;51;48;99;3.60;6;2;1;70;0;2470899;1283;0
147;18;336;6;51;50;99;3.40;6;2;1;73;0;2471099;181;0
147;18;336;6;51;52;99;3.80;7;2;1;73;0;2471299;5398;0
147;18;336;6;51;58;99;3.40;1;1;1;78;0;2471899;15496;0
147;18;336;6;52;7;95;3.20;3;1;1;68;0;2472795;4275;0
147;18;336;6;52;8;99;3.60;6;2;1;74;0;2472899;1783;0
147;18;336;6;52;12;83;3.80;3;1;1;76;0;2473283;471;0
147;18;336;6;52;20;99;3.20;1;1;1;85;0;2474099;2184;0
147;18;336;6;52;24;99;3.80;6;2;1;78;0;2474499;1582;0
147;18;336;6;52;25;99;4.20;7;2;1;81;0;2474599;3281;0
147;18;336;6;52;26;5;3.00;3;1;1;78;0;2474605;1304;0
147;18;336;6;52;27;3;3.40;5;2;1;80;0;2474703;5280;0
147;18;336;6;52;29;99;2.80;2;1;1;78;0;2474999;4981;0
147;18;336;6;52;30;54;3.40;6;2;1;77;0;2475054;537;0
147;18;336;6;52;31;99;3.80;5;2;1;82;0;2475199;480;0
147;18;336;6;52;35;65;4.20;2;1;1;87;0;2475565;553;0
147;18;336;6;52;38;99;3.80;6;2;1;85;0;2475899;829;0
147;18;336;6;52;40;41;3.60;3;1;1;75;0;2476041;1422;0
147;18;336;6;52;41;99;3.00;7;2;1;75;0;2476199;1581;0
147;18;336;6;52;44;99;3.20;3;1;1;77;0;2476499;440;0
147;18;336;6;52;45;31;3.60;8;2;1;85;0;2476531;16357;0
147;18;336;6;52;50;58;3.80;2;1;1;67;0;2477058;1475;0
147;18;336;6;52;52;13;3.80;2;1;1;87;0;2477213;134;0
147;18;336;6;52;52;9;4.80;3;1;1;81;0;2477209;695;0
147;18;336;6;53;3;16;3.20;7;2;1;79;0;2478316;2102;0
147;18;336;6;53;4;12;4.60;3;1;1;83;0;2478412;1181;0
147;18;336;6;53;9;99;4.60;7;2;1;72;0;2478999;668;0
147;18;336;6;53;24;11;3.40;3;1;1;70;0;2480411;1979;0
147;18;336;6;53;25;99;11.20;6;2;3;79;0;2480599;4683;0
147;18;336;6;53;26;27;3.00;4;1;1;80;0;2480627;12812;0
147;18;336;6;53;28;16;4.20;2;1;1;71;0;2480816;3587;0
147;18;336;6;53;33;1;3.40;6;2;1;81;0;2481301;650;0
147;18;336;6;53;37;99;3.60;8;2;1;76;0;2481799;5252;0
147;18;336;6;53;38;99;3.40;7;2;1;78;0;2481899;2877;0
147;18;336;6;53;42;11;4.00;5;2;1;87;0;2482211;6995;0
147;18;336;6;53;44;9;3.60;6;2;1;83;0;2482409;1092;0
147;18;336;6;54;0;99;3.40;2;1;1;72;0;2484099;3261;0
147;18;336;6;54;3;99;5.00;6;2;1;70;0;2484399;1974;0
147;18;336;6;54;11;1;3.80;6;2;1;78;0;2485101;676;0
147;18;336;6;54;12;20;3.40;3;1;1;76;0;2485220;4791;0
147;18;336;6;54;17;10;3.40;3;1;1;76;0;2485710;473;0
147;18;336;6;54;37;5;3.60;7;2;1;77;0;2487705;5790;0
147;18;336;6;54;54;99;3.20;3;1;1;69;0;2489499;3772;0
147;18;336;6;54;58;71;3.80;6;2;1;85;0;2489871;4752;0
147;18;336;6;55;19;82;4.00;7;2;1;93;0;2491982;4260;0
147;18;336;6;55;20;99;3.80;6;2;1;81;0;2492099;2211;0
147;18;336;6;55;22;8;3.80;6;2;1;83;0;2492208;92;0
147;18;336;6;55;23;17;3.80;2;1;1;81;0;2492317;8201;0
147;18;336;6;55;24;63;3.20;7;2;1;79;0;2492463;465;0
147;18;336;6;55;27;99;4.00;3;1;1;73;0;2492799;3283;0
147;18;336;6;55;27;99;3.80;6;2;1;76;0;2492799;574;0
147;18;336;6;55;32;21;3.60;2;1;1;76;0;2493221;887;0
147;18;336;6;55;33;18;3.80;8;2;1;84;0;2493318;11501;0
147;18;336;6;55;37;36;3.60;6;2;1;95;0;2493736;919;0
147;18;336;6;55;36;30;3.60;1;1;1;80;0;2493630;19517;0
147;18;336;6;55;41;99;3.20;6;2;1;89;0;2494199;449;0
147;18;336;6;55;48;99;3.80;6;2;1;81;0;2494899;687;0
147;18;336;6;55;55;76;3.80;2;1;1;51;0;2495576;2337;0
147;18;336;6;55;59;25;3.60;7;2;1;80;0;2495925;3447;0
147;18;336;6;56;2;61;4.60;4;1;1;85;0;2496261;15620;0
147;18;336;6;56;6;16;3.80;3;1;1;82;0;2496616;3797;0
147;18;336;6;56;11;99;3.60;6;2;1;93;0;2497199;2283;0
147;18;336;6;56;22;99;4.80;3;1;1;81;0;2498299;1666;0
147;18;336;6;56;35;18;3.20;6;2;1;85;0;2499518;2305;0
147;18;336;6;56;44;99;3.80;6;2;1;83;0;2500499;967;0
147;18;336;6;56;53;11;3.60;6;2;1;79;0;2501311;795;0
147;18;336;6;57;3;13;3.00;2;1;1;72;0;2502313;6710;0
147;18;336;6;57;7;99;3.80;7;2;1;72;0;2502799;6857;0
147;18;336;6;57;10;99;3.80;7;2;1;78;0;2503099;281;0
147;18;336;6;57;30;99;3.00;6;2;1;75;0;2505099;3771;0
147;18;336;6;57;35;99;3.80;3;1;1;80;0;2505599;7278;0
147;18;336;6;57;37;61;4.40;3;1;1;71;0;2505761;144;0
147;18;336;6;57;50;50;3.40;3;1;1;68;0;2507050;1266;0
147;18;336;6;58;4;99;3.80;6;2;1;87;0;2508499;3385;0
147;18;336;6;58;7;20;3.80;3;1;1;78;0;2508720;1652;0
147;18;336;6;58;8;99;3.40;6;2;1;79;0;2508899;384;0
147;18;336;6;58;18;59;3.00;6;2;1;74;0;2509859;944;0
147;18;336;6;58;22;99;3.40;6;2;1;81;0;2510299;425;0
147;18;336;6;58;26;85;3.80;3;1;1;78;0;2510685;1947;0
147;18;336;6;58;29;99;3.40;1;1;1;81;0;2510999;17352;0
147;18;336;6;58;30;99;3.00;6;2;1;72;0;2511099;784;0
147;18;336;6;58;33;42;3.80;7;2;1;78;0;2511342;8225;0
147;18;336;6;58;49;99;3.20;7;2;1;85;0;2512999;1639;0
147;18;336;6;58;51;61;3.20;7;2;1;82;0;2513161;148;0
147;18;336;6;58;52;2;3.80;6;2;1;75;0;2513202;2088;0
147;18;336;6;59;0;13;3.80;8;2;1;82;0;2514013;20678;0
147;18;336;6;59;16;20;4.00;3;1;1;86;0;2515620;4917;0
147;18;336;6;59;19;13;3.20;6;2;1;81;0;2515913;2692;0
147;18;336;6;59;22;52;3.60;7;2;1;78;0;2516252;3076;0
147;18;336;6;59;23;24;3.20;2;1;1;81;0;2516324;13996;0
147;18;336;6;59;23;99;3.00;3;1;1;85;0;2516399;762;0
147;18;336;6;59;27;26;3.60;1;1;1;83;0;2516726;5711;0
147;18;336;6;59;32;20;3.80;7;2;1;80;0;2517220;951;0
147;18;336;6;59;34;30;3.40;2;1;1;88;0;2517430;1091;0
147;18;336;6;59;46;99;3.40;6;2;1;82;0;2518699;2771;0
147;18;336;7;0;13;52;3.60;3;1;1;79;0;2521352;4940;0
147;18;336;7;0;18;72;3.40;6;2;1;74;0;2521872;3158;0
147;18;336;7;0;27;99;3.80;3;1;1;80;0;2522799;1430;0
147;18;336;7;0;32;99;3.60;3;1;1;78;0;2523299;482;0
147;18;336;7;0;38;16;3.20;2;1;1;87;0;2523816;6372;0
147;18;336;7;0;47;95;3.80;3;1;1;79;0;2524795;1479;0
147;18;336;7;0;51;14;3.40;3;1;1;67;0;2525114;301;0
147;18;336;7;0;53;99;3.40;6;2;1;82;0;2525399;3510;0
147;18;336;7;0;54;30;3.60;4;1;1;84;0;2525430;29149;0
147;18;336;7;0;54;85;3.40;3;1;1;74;0;2525485;352;0
147;18;336;7;0;55;99;3.40;2;1;1;75;0;2525599;1769;0
147;18;336;7;0;56;99;3.40;3;1;1;74;0;2525699;197;0
147;18;336;7;1;20;99;3.80;3;1;1;87;0;2528099;2383;0
147;18;336;7;1;23;99;3.60;6;2;1;71;0;2528399;2985;0
147;18;336;7;1;24;22;3.60;2;1;1;81;0;2528422;2806;0
147;18;336;7;1;26;99;4.00;3;1;1;87;0;2528699;584;0
147;18;336;7;1;30;66;3.20;2;1;1;71;0;2529066;628;0
147;18;336;7;1;31;99;2.80;2;1;1;73;0;2529199;116;0
147;18;336;7;1;35;10;3.40;7;2;1;87;0;2529510;12272;0
147;18;336;7;1;44;99;3.80;6;2;1;77;0;2530499;2081;0
147;18;336;7;1;51;99;3.60;3;1;1;79;0;2531199;2483;0
147;18;336;7;2;1;9;3.60;6;2;1;77;0;2532109;1592;0
147;18;336;7;2;2;1;3.00;5;2;1;83;0;2532201;49973;0
147;18;336;7;2;3;60;3.20;6;2;1;81;0;2532360;234;0
147;18;336;7;2;4;99;3.80;7;2;1;82;0;2532499;2974;0
147;18;336;7;2;4;99;2.80;3;1;1;70;0;2532499;1283;0
147;18;336;7;2;20;99;3.40;6;2;1;65;0;2534099;1724;0
147;18;336;7;2;26;11;3.60;2;1;1;66;0;2534611;5398;0
147;18;336;7;2;30;99;3.80;6;2;1;80;0;2535099;981;0
147;18;336;7;2;33;99;4.20;8;2;1;81;0;2535399;21369;0
147;18;336;7;2;33;99;3.40;6;2;1;75;0;2535399;282;0
147;18;336;7;2;43;99;5.80;2;1;1;79;0;2536399;1768;0
147;18;336;7;2;50;26;3.40;7;2;1;84;0;2537026;4510;0
147;18;336;7;2;52;99;3.80;2;1;1;80;0;2537299;873;0
147;18;336;7;2;54;99;15.60;3;1;4;78;0;2537499;4985;0
147;18;336;7;2;56;99;4.00;6;2;1;80;0;2537699;2283;0
147;18;336;7;3;5;84;3.40;6;2;1;77;0;2538584;867;0
147;18;336;7;3;10;99;3.60;3;1;1;79;0;2539099;1528;0
147;18;336;7;3;27;17;3.40;3;1;1;75;0;2540717;1601;0
147;18;336;7;3;29;99;3.80;1;1;1;77;0;2540999;24257;0
147;18;336;7;3;34;99;4.20;3;1;1;77;0;2541499;765;0
147;18;336;7;3;37;99;3.40;3;1;1;81;0;2541799;280;0
147;18;336;7;3;37;99;3.60;6;2;1;86;0;2541799;3199;0
147;18;336;7;3;39;99;3.20;2;1;1;85;0;2541999;4682;0
147;18;336;7;3;41;99;3.40;6;2;1;65;0;2542199;384;0
147;18;336;7;3;43;41;3.20;6;2;1;68;0;2542341;123;0
147;18;336;7;3;47;99;3.60;2;1;1;68;0;2542799;786;0
147;18;336;7;3;49;99;3.00;2;1;1;69;0;2542999;180;0
147;18;336;7;3;52;16;3.20;6;2;1;72;0;2543216;858;0
147;18;336;7;3;52;99;3.40;7;2;1;75;0;2543299;6258;0
147;18;336;7;3;56;91;3.60;6;2;1;71;0;2543691;459;0
147;18;336;7;4;12;99;3.60;7;2;1;76;0;2545299;1983;0
147;18;336;7;4;37;2;3.60;3;1;1;81;0;2547702;5887;0
147;18;336;7;4;42;3;3.60;2;1;1;81;0;2548203;5188;0
147;18;336;7;4;42;62;3.60;6;2;1;100;0;2548262;4552;0
147;18;336;7;4;42;94;3.60;3;1;1;72;0;2548294;576;0
147;18;336;7;4;47;71;3.80;2;1;1;89;0;2548771;552;0
147;18;336;7;4;48;99;3.60;2;1;1;78;0;2548899;112;0
147;18;336;7;4;49;15;3.60;2;1;1;77;0;2548915;-1;0
147;18;336;7;4;54;1;3.40;7;2;1;74;0;2549401;4084;0
147;18;336;7;4;57;8;3.80;6;2;1;79;0;2549708;1433;0
147;18;336;7;5;8;99;3.40;3;1;1;81;0;2550899;2587;0
147;18;336;7;5;9;99;3.60;6;2;1;80;0;2550999;1273;0
147;18;336;7;5;10;63;3.60;2;1;1;78;0;2551063;2131;0
147;18;336;7;5;19;99;3.00;8;2;1;69;0;2551999;16581;0
147;18;336;7;5;35;99;3.00;6;2;1;69;0;2553599;2583;0
147;18;336;7;5;45;99;3.60;2;1;1;73;0;2554599;3519;0
147;18;336;7;5;53;42;4.00;8;2;1;118;0;2555342;3327;0
147;18;336;7;6;20;99;3.60;6;2;1;77;0;2558099;4484;0
147;18;336;7;6;21;23;3.80;7;2;1;68;0;2558123;8705;0
147;18;336;7;6;32;61;3.40;3;1;1;84;0;2559261;8346;0
147;18;336;7;6;33;19;4.20;3;1;1;82;0;2559319;43;0
147;18;336;7;6;34;37;3.20;7;2;1;87;0;2559437;1293;0
147;18;336;7;6;35;99;4.60;3;1;1;93;0;2559599;261;0
147;18;336;7;6;37;24;3.40;7;2;1;83;0;2559724;273;0
147;18;336;7;6;43;99;5.60;2;1;1;79;0;2560399;5782;0
147;18;336;7;6;44;99;5.40;6;2;1;67;0;2560499;2383;0
147;18;336;7;6;46;99;3.20;6;2;1;68;0;2560699;170;0
147;18;336;7;6;58;99;3.80;6;2;1;83;0;2561899;1183;0
147;18;336;7;6;59;99;3.60;4;1;1;81;0;2561999;36553;0
147;18;336;7;7;0;45;3.00;3;1;1;77;0;2562045;2428;0
147;18;336;7;7;8;99;3.40;6;2;1;83;0;2562899;983;0
147;18;336;7;7;19;99;3.40;3;1;1;93;0;2563999;1939;0
147;18;336;7;7;25;9;2.80;6;2;1;68;0;2564509;1595;0
147;18;336;7;7;29;20;3.60;3;1;1;82;0;2564920;907;0
147;18;336;7;7;36;84;3.80;6;2;1;80;0;2565684;1160;0
147;18;336;7;7;43;26;4.00;2;1;1;76;0;2566326;5901;0
147;18;336;7;7;51;77;3.40;3;1;1;85;0;2567177;2241;0
147;18;336;7;8;5;99;3.60;3;1;1;81;0;2568599;1407;0
147;18;336;7;8;8;18;3.60;6;2;1;80;0;2568818;3116;0
147;18;336;7;8;12;99;3.40;8;2;1;70;0;2569299;13944;0
147;18;336;7;8;22;99;5.00;4;1;1;83;0;2570299;8284;0
147;18;336;7;8;23;99;3.80;6;2;1;76;0;2570399;1564;0
147;18;336;7;8;25;99;3.80;3;1;1;82;0;2570599;1984;0
147;18;336;7;8;27;15;3.40;7;2;1;76;0;2570715;10976;0
147;18;336;7;8;28;99;3.40;7;2;1;75;0;2570899;167;0
147;18;336;7;8;28;99;3.80;6;2;1;80;0;2570899;482;0
147;18;336;7;8;37;48;4.20;3;1;1;79;0;2571748;1132;0
147;18;336;7;8;41;99;3.80;7;2;1;82;0;2572199;1283;0
147;18;336;7;8;47;9;3.60;3;1;1;77;0;2572709;941;0
147;18;336;7;8;51;99;3.80;2;1;1;81;0;2573199;6854;0
147;18;336;7;8;51;99;3.20;7;2;1;77;0;2573199;983;0
147;18;336;7;8;53;99;3.80;3;1;1;84;0;2573399;673;0
147;18;336;7;8;56;99;5.80;6;2;1;76;0;2573699;2782;0
147;18;336;7;9;0;24;3.80;4;1;1;92;0;2574024;3703;0
147;18;336;7;9;11;87;3.40;3;1;1;83;0;2575187;1771;0
147;18;336;7;9;16;50;3.60;6;2;1;72;0;2575650;1923;0
147;18;336;7;9;21;52;3.80;3;1;1;79;0;2576152;950;0
147;18;336;7;9;22;99;3.80;6;2;1;83;0;2576299;631;0
147;18;336;7;9;24;92;3.80;6;2;1;79;0;2576492;176;0
147;18;336;7;9;24;99;3.00;3;1;1;77;0;2576499;329;0
147;18;336;7;9;26;3;4.60;7;2;1;75;0;2576603;3389;0
147;18;336;7;9;27;4;3.60;2;1;1;75;0;2576704;3488;0
147;18;336;7;9;28;4;3.20;3;1;1;67;0;2576804;290;0
147;18;336;7;9;35;99;4.00;6;2;1;75;0;2577599;1089;0
147;18;336;7;9;38;99;3.00;2;1;1;77;0;2577899;1177;0
147;18;336;7;9;43;99;4.20;1;1;1;76;0;2578399;37382;0
147;18;336;7;9;46;25;3.60;3;1;1;79;0;2578625;1803;0
147;18;336;7;9;53;99;3.60;3;1;1;70;0;2579399;757;0
147;18;336;7;9;58;99;3.80;2;1;1;85;0;2579899;1985;0
147;18;336;7;9;59;31;4.00;3;1;1;79;0;2579931;513;0
147;18;336;7;10;0;5;3.40;7;2;1;77;0;2580005;3379;0
147;18;336;7;10;6;99;3.60;2;1;1;76;0;2580699;783;0
147;18;336;7;10;6;99;12.60;6;2;3;79;0;2580699;3080;0
147;18;336;7;10;12;47;3.80;6;2;1;80;0;2581247;490;0
147;18;336;7;10;13;11;4.20;7;2;1;81;0;2581311;1290;0
147;18;336;7;10;15;54;12.00;6;2;7;82;0;2581554;289;0
147;18;336;7;10;20;99;3.80;2;1;1;83;0;2582099;1382;0
147;18;336;7;10;24;99;3.60;3;1;1;76;0;2582499;2549;0
147;18;336;7;10;26;99;3.00;3;1;1;76;0;2582699;182;0
147;18;336;7;10;29;99;3.40;3;1;1;78;0;2582999;285;0
147;18;336;7;10;29;99;3.60;2;1;1;73;0;2582999;883;0
147;18;336;7;10;32;99;3.80;3;1;1;80;0;2583299;284;0
147;18;336;7;10;38;83;3.60;6;2;1;79;0;2583883;2276;0
147;18;336;7;10;40;48;3.40;7;2;1;76;0;2584048;2718;0
147;18;336;7;10;44;22;3.80;7;2;1;78;0;2584422;357;0
147;18;336;7;10;44;99;3.80;6;2;1;88;0;2584499;599;0
147;18;336;7;10;45;51;3.40;7;2;1;76;0;2584551;111;0
147;18;336;7;10;46;99;3.60;6;2;1;82;0;2584699;184;0
147;18;336;7;10;53;32;3.20;2;1;1;74;0;2585332;2315;0
147;18;336;7;10;54;99;5.60;2;1;1;73;0;2585499;151;0
147;18;336;7;10;57;99;3.60;2;1;1;87;0;2585799;272;0
147;18;336;7;11;6;13;3.60;8;2;1;77;0;2586613;17296;0
147;18;336;7;11;11;93;3.60;7;2;1;81;0;2587193;2625;0
147;18;336;7;11;20;11;3.40;3;1;1;83;0;2588011;4694;0
147;18;336;7;11;26;44;3.40;5;2;1;87;0;2588644;56429;0
147;18;336;7;11;28;15;3.00;3;1;1;74;0;2588815;789;0
147;18;336;7;11;28;99;3.40;8;2;1;73;0;2588899;2269;0
147;18;336;7;11;29;97;3.60;3;1;1;83;0;2588997;167;0
147;18;336;7;11;39;50;3.80;1;1;1;82;0;2589950;11531;0
147;18;336;7;11;48;99;3.40;3;1;1;77;0;2590899;1886;0
147;18;336;7;11;55;99;3.60;3;1;1;74;0;2591599;684;0
147;18;336;7;11;57;2;3.20;6;2;1;96;0;2591702;6987;0
147;18;336;7;12;2;57;3.80;2;1;1;84;0;2592257;6443;0
147;18;336;7;12;4;12;3.00;7;2;1;82;0;2592412;5203;0
147;18;336;7;12;5;99;3.60;6;2;1;90;0;2592599;885;0
147;18;336;7;12;8;99;3.80;7;2;1;86;0;2592899;473;0
147;18;336;7;12;9;99;4.00;8;2;1;87;0;2592999;4083;0
147;18;336;7;12;11;99;4.40;2;1;1;82;0;2593199;925;0
147;18;336;7;12;15;5;3.60;3;1;1;76;0;2593505;1888;0
147;18;336;7;12;24;99;3.20;6;2;1;73;0;2594499;1885;0
147;18;336;7;12;25;56;3.40;7;2;1;76;0;2594556;1641;0
147;18;336;7;12;26;99;4.00;5;2;1;89;0;2594699;6040;0
147;18;336;7;12;29;99;3.60;3;1;1;82;0;2594999;1476;0
147;18;336;7;12;30;7;3.80;4;1;1;89;0;2595007;20968;0
147;18;336;7;12;32;19;3.20;7;2;1;72;0;2595219;646;0
147;18;336;7;12;40;22;3.80;3;1;1;79;0;2596022;1007;0
147;18;336;7;12;43;12;3.80;3;1;1;79;0;2596312;272;0
147;18;336;7;12;46;99;4.80;7;2;1;85;0;2596699;1464;0
147;18;336;7;12;47;99;3.60;6;2;1;81;0;2596799;2284;0
147;18;336;7;13;0;99;3.40;7;2;1;84;0;2598099;1379;0
147;18;336;7;13;4;99;3.60;6;2;1;82;0;2598499;1684;0
147;18;336;7;13;5;99;2.80;7;2;1;72;0;2598599;485;0
147;18;336;7;13;6;19;3.80;4;1;1;78;0;2598619;3596;0
147;18;336;7;13;10;99;4.00;3;1;1;66;0;2599099;2769;0
147;18;336;7;13;17;99;4.00;6;2;1;86;0;2599799;1284;0
147;18;336;7;13;20;99;4.20;4;1;1;81;0;2600099;1462;0
147;18;336;7;13;20;99;3.00;3;1;1;74;0;2600099;978;0
147;18;336;7;13;22;99;4.60;3;1;1;79;0;2600299;185;0
147;18;336;7;13;23;99;3.60;6;2;1;76;0;2600399;583;0
147;18;336;7;13;28;99;4.00;2;1;1;77;0;2600899;7680;0
147;18;336;7;13;34;10;3.20;3;1;1;82;0;2601410;1090;0
147;18;336;7;13;41;99;4.00;3;1;1;81;0;2602199;774;0
147;18;336;7;13;48;7;3.60;3;1;1;79;0;2602807;590;0
147;18;336;7;13;53;99;3.60;6;2;1;77;0;2603399;2982;0
147;18;336;7;13;55;49;3.40;1;1;1;59;0;2603549;13582;0
147;18;336;7;14;0;65;3.80;2;1;1;74;0;2604065;3147;0
147;18;336;7;14;3;99;3.00;6;2;1;82;0;2604399;983;0
147;18;336;7;14;3;99;4.00;8;2;1;76;0;2604399;11383;0
147;18;336;7;14;13;23;3.80;2;1;1;85;0;2605323;1239;0
147;18;336;7;14;14;99;3.80;6;2;1;82;0;2605499;1086;0
147;18;336;7;14;15;66;3.80;2;1;1;87;0;2605566;226;0
147;18;336;7;14;22;99;3.40;6;2;1;96;0;2606299;783;0
147;18;336;7;14;26;99;3.60;2;1;1;86;0;2606699;1117;0
147;18;336;7;14;28;82;3.00;2;1;1;80;0;2606882;167;0
147;18;336;7;14;29;99;3.40;5;2;1;79;0;2606999;12283;0
147;18;336;7;14;30;99;3.00;3;1;1;81;0;2607099;4275;0
147;18;336;7;14;33;71;3.40;7;2;1;81;0;2607371;8758;0
147;18;336;7;14;34;99;3.60;6;2;1;82;0;2607499;1187;0
147;18;336;7;14;37;99;3.60;2;1;1;87;0;2607799;903;0
147;18;336;7;14;39;99;3.80;2;1;1;70;0;2607999;185;0
147;18;336;7;14;45;99;3.80;2;1;1;76;0;2608599;580;0
147;18;336;7;14;47;99;3.20;2;1;1;88;0;2608799;182;0
147;18;336;7;14;49;99;3.00;7;2;1;77;0;2608999;1612;0
147;18;336;7;14;49;99;3.40;2;1;1;72;0;2608999;186;0
147;18;336;7;14;50;99;3.60;4;1;1;83;0;2609099;8981;0
147;18;336;7;14;54;99;4.40;3;1;1;79;0;2609499;2386;0
147;18;336;7;15;6;35;4.00;6;2;1;77;0;2610635;3120;0
147;18;336;7;15;8;99;3.00;2;1;1;71;0;2610899;1883;0
147;18;336;7;15;12;23;3.20;6;2;1;76;0;2611223;569;0
147;18;336;7;15;19;3;3.80;3;1;1;84;0;2611903;2383;0
147;18;336;7;15;36;99;3.60;6;2;1;76;0;2613699;2460;0
147;18;336;7;15;37;46;5.20;6;2;1;73;0;2613746;29;0
147;18;336;7;15;38;99;3.40;6;2;1;75;0;2613899;127;0
147;18;336;7;15;41;99;3.60;6;2;1;76;0;2614199;283;0
147;18;336;7;15;43;99;3.60;7;2;1;78;0;2614399;5385;0
147;18;336;7;15;49;99;3.60;7;2;1;73;0;2614999;583;0
147;18;336;7;15;56;33;3.20;7;2;1;89;0;2615633;616;0
147;18;336;7;15;57;9;3.80;6;2;1;85;0;2615709;1492;0
147;18;336;7;15;57;38;4.40;2;1;1;68;0;2615738;4823;0
147;18;336;7;16;2;99;6.20;3;1;1;82;0;2616299;4379;0
147;18;336;7;16;6;99;3.80;8;2;1;79;0;2616699;12281;0
147;18;336;7;16;12;99;3.40;3;1;1;73;0;2617299;972;0
147;18;336;7;16;25;99;3.80;6;2;1;78;0;2618599;2873;0
147;18;336;7;16;36;75;3.00;8;2;1;77;0;2619675;2958;0
147;18;336;7;16;40;99;3.60;8;2;1;75;0;2620099;409;0
147;18;336;7;16;46;71;3.20;8;2;1;76;0;2620671;554;0
147;18;336;7;16;48;99;3.60;3;1;1;74;0;2620899;3583;0
147;18;336;7;16;53;99;3.40;7;2;1;71;0;2621399;5753;0
147;18;336;7;16;54;94;3.60;5;2;1;82;0;2621494;14479;0
147;18;336;7;16;56;0;3.80;6;2;1;82;0;2621600;2983;0
147;18;336;7;17;0;99;3.60;6;2;1;81;0;2622099;482;0
147;18;336;7;17;2;87;3.20;2;1;1;76;0;2622287;6525;0
147;18;336;7;17;8;99;3.20;5;2;1;83;0;2622899;1389;0
147;18;336;7;17;9;5;17.00;6;2;4;78;0;2622905;790;0
147;18;336;7;17;10;32;3.20;8;2;1;87;0;2623032;2345;0
147;18;336;7;17;17;75;3.20;6;2;1;83;0;2623775;791;0
147;18;336;7;17;26;99;3.80;8;2;1;70;0;2624699;1653;0
147;18;336;7;17;29;25;3.40;2;1;1;74;0;2624925;2622;0
147;18;336;7;17;31;30;2.60;2;1;1;75;0;2625130;188;0
147;18;336;7;17;31;99;3.40;6;2;1;74;0;2625199;1410;0
147;18;336;7;17;33;2;3.60;7;2;1;79;0;2625302;3885;0
147;18;336;7;17;38;86;3.20;2;1;1;68;0;2625886;743;0
147;18;336;7;17;41;99;3.60;7;2;1;77;0;2626199;880;0
147;18;336;7;17;41;99;3.80;6;2;1;78;0;2626199;983;0
147;18;336;7;17;46;11;3.40;3;1;1;70;0;2626611;5694;0
147;18;336;7;17;47;99;3.60;3;1;1;69;0;2626799;170;0
147;18;336;7;17;47;99;3.60;4;1;1;75;0;2626799;17684;0
147;18;336;7;17;48;5;3.80;6;2;1;77;0;2626805;588;0
147;18;336;7;17;49;99;3.40;3;1;1;81;0;2626999;181;0
147;18;336;7;17;51;99;3.20;6;2;1;85;0;2627199;376;0
147;18;336;7;17;52;14;4.20;2;1;1;79;0;2627214;1311;0
147;18;336;7;17;54;99;6.00;2;1;1;79;0;2627499;265;0
147;18;336;7;17;57;22;3.60;6;2;1;86;0;2627722;509;0
147;18;336;7;17;59;99;3.40;7;2;1;79;0;2627999;1783;0
147;18;336;7;18;2;14;3.40;6;2;1;84;0;2628214;476;0
147;18;336;7;18;4;99;4.00;5;2;1;82;0;2628499;5586;0
147;18;336;7;18;15;10;3.00;2;1;1;74;0;2629510;1983;0
147;18;336;7;18;15;99;4.00;7;2;1;82;0;2629599;1584;0
147;18;336;7;18;22;99;3.60;3;1;1;80;0;2630299;3284;0
147;18;336;7;18;23;10;3.00;6;2;1;79;0;2630310;2081;0
147;18;336;7;18;26;59;3.80;6;2;1;86;0;2630659;335;0
147;18;336;7;18;28;99;3.80;8;2;1;89;0;2630899;6180;0
147;18;336;7;18;31;87;3.80;2;1;1;81;0;2631187;1662;0
147;18;336;7;18;36;14;3.80;6;2;1;74;0;2631614;939;0
147;18;336;7;18;38;99;3.40;3;1;1;84;0;2631899;1583;0
147;18;336;7;18;39;99;3.60;6;2;1;76;0;2631999;366;0
147;18;336;7;18;55;99;3.60;3;1;1;80;0;2633599;1685;0
147;18;336;7;18;56;99;3.60;8;2;1;85;0;2633699;2784;0
147;18;336;7;19;2;52;3.00;6;2;1;79;0;2634252;2235;0
147;18;336;7;19;5;99;15.40;6;2;4;72;0;2634599;333;0
147;18;336;7;19;18;99;3.80;2;1;1;81;0;2635899;4695;0
147;18;336;7;19;29;99;3.80;2;1;1;85;0;2636999;1083;0
147;18;336;7;19;30;35;3.80;7;2;1;76;0;2637035;7418;0
147;18;336;7;19;33;95;3.00;6;2;1;77;0;2637395;2719;0
147;18;336;7;19;35;49;3.80;6;2;1;94;0;2637549;139;0
147;18;336;7;19;39;99;5.00;7;2;1;79;0;2637999;946;0
147;18;336;7;19;43;99;4.40;6;2;1;77;0;2638399;835;0
147;18;336;7;19;46;99;3.40;1;1;1;80;0;2638699;35129;0
147;18;336;7;19;48;99;3.40;6;2;1;79;0;2638899;479;0
147;18;336;7;19;51;99;3.80;3;1;1;68;0;2639199;5583;0
147;18;336;7;19;53;82;3.60;1;1;1;78;0;2639382;667;0
147;18;336;7;20;2;99;3.20;7;2;1;80;0;2640299;2277;0
147;18;336;7;20;3;59;3.40;1;1;1;71;0;2640359;960;0
147;18;336;7;20;5;14;3.60;6;2;1;74;0;2640514;1599;0
147;18;336;7;20;27;6;3.60;6;2;1;82;0;2642706;2174;0
147;18;336;7;20;39;22;3.80;6;2;1;78;0;2643922;1200;0
147;18;336;7;20;56;99;4.40;6;2;1;80;0;2645699;1759;0
147;18;336;7;21;3;99;3.60;7;2;1;81;0;2646399;6085;0
147;18;336;7;21;5;95;3.20;6;2;1;78;0;2646595;876;0
147;18;336;7;21;6;99;3.60;3;1;1;75;0;2646699;7479;0
147;18;336;7;21;8;99;3.20;2;1;1;77;0;2646899;9883;0
147;18;336;7;21;9;99;5.80;3;1;1;80;0;2646999;282;0
147;18;336;7;21;18;99;3.80;7;2;1;81;0;2647899;1484;0
147;18;336;7;21;23;92;3.20;2;1;1;77;0;2648392;1478;0
147;18;336;7;21;25;1;3.60;6;2;1;72;0;2648501;1891;0
147;18;336;7;21;27;99;3.60;3;1;1;75;0;2648799;1773;0
147;18;336;7;21;29;99;4.60;2;1;1;77;0;2648999;592;0
147;18;336;7;21;37;99;3.40;2;1;1;82;0;2649799;778;0
147;18;336;7;21;39;99;3.60;2;1;1;85;0;2649999;185;0
147;18;336;7;21;43;56;4.00;7;2;1;75;0;2650356;2440;0
147;18;336;7;21;51;99;3.80;8;2;1;84;0;2651199;17484;0
147;18;336;7;21;53;17;4.00;7;2;1;79;0;2651317;941;0
147;18;336;7;21;55;99;3.00;3;1;1;74;0;2651599;2782;0
147;18;336;7;21;56;69;3.60;7;2;1;80;0;2651669;333;0
147;18;336;7;22;0;99;3.60;1;1;1;67;0;2652099;11722;0
147;18;336;7;22;4;23;3.00;2;1;1;74;0;2652423;2408;0
147;18;336;7;22;6;25;3.60;2;1;1;74;0;2652625;187;0
147;18;336;7;22;8;99;3.60;2;1;1;73;0;2652899;256;0
147;18;336;7;22;10;99;14.80;6;2;4;81;0;2653099;4580;0
147;18;336;7;22;11;43;3.60;3;1;1;82;0;2653143;1529;0
147;18;336;7;22;15;99;3.20;6;2;1;79;0;2653599;434;0
147;18;336;7;22;20;99;3.80;3;1;1;86;0;2654099;940;0
147;18;336;7;22;23;23;3.60;3;1;1;80;0;2654323;208;0
147;18;336;7;22;23;99;4.00;4;1;1;83;0;2654399;27582;0
147;18;336;7;22;27;99;3.20;6;2;1;80;0;2654799;1185;0
147;18;336;7;22;28;99;3.80;8;2;1;83;0;2654899;3683;0
147;18;336;7;22;29;46;3.60;7;2;1;82;0;2654946;3260;0
147;18;336;7;22;33;99;3.20;3;1;1;81;0;2655399;1059;0
147;18;336;7;22;34;40;3.00;6;2;1;80;0;2655440;626;0
147;18;336;7;22;38;99;3.20;6;2;1;74;0;2655899;445;0
147;18;336;7;22;41;3;3.40;6;2;1;78;0;2656103;188;0
147;18;336;7;22;42;38;3.80;5;2;1;83;0;2656238;27721;0
147;18;336;7;22;44;33;3.80;2;1;1;83;0;2656433;3516;0
147;18;336;7;22;49;1;3.20;6;2;1;80;0;2656901;782;0
147;18;336;7;22;53;99;3.40;1;1;1;80;0;2657399;5280;0
147;18;336;7;23;4;12;3.40;3;1;1;73;0;2658412;2998;0
147;18;336;7;23;9;99;4.60;4;1;1;74;0;2658999;4582;0
147;18;336;7;23;10;85;3.60;6;2;1;80;0;2659085;2169;0
147;18;336;7;23;14;99;3.20;6;2;1;66;0;2659499;397;0
147;18;336;7;23;15;11;3.20;4;1;1;89;0;2659511;489;0
147;18;336;7;23;19;99;3.60;6;2;1;74;0;2659999;482;0
147;18;336;7;23;34;99;3.20;3;1;1;79;0;2661499;3070;0
147;18;336;7;23;36;3;3.00;6;2;1;77;0;2661603;1586;0
147;18;336;7;23;38;40;8.60;3;1;2;76;0;2661840;326;0
147;18;336;7;23;41;16;3.40;3;1;1;76;0;2662116;235;0
147;18;336;7;23;41;71;4.00;1;1;1;75;0;2662171;4756;0
147;18;336;7;23;46;8;3.00;3;1;1;77;0;2662608;475;0
147;18;336;7;23;48;99;3.80;4;1;1;77;0;2662899;3375;0
147;18;336;7;23;50;99;3.40;2;1;1;75;0;2663099;6649;0
147;18;336;7;23;56;71;4.80;3;1;1;66;0;2663671;1048;0
147;18;336;7;24;17;72;4.00;7;2;1;81;0;2665772;10810;0
147;18;336;7;24;17;99;3.60;6;2;1;77;0;2665799;4181;0
147;18;336;7;24;27;97;3.60;2;1;1;85;0;2666797;3681;0
147;18;336;7;24;31;16;3.80;5;2;1;79;0;2667116;10861;0
147;18;336;7;24;32;69;3.60;6;2;1;60;0;2667269;1453;0
147;18;336;7;24;33;0;3.80;5;2;1;84;0;2667300;166;0
147;18;336;7;24;44;99;8.20;7;2;6;73;0;2668499;2709;0
147;18;336;7;24;45;99;3.60;6;2;1;77;0;2668599;1308;0
147;18;336;7;24;46;99;4.60;3;1;1;83;0;2668699;5001;0
147;18;336;7;24;49;22;3.40;2;1;1;84;0;2668922;2109;0
147;18;336;7;25;1;35;3.60;6;2;1;97;0;2670135;1519;0
147;18;336;7;25;2;99;4.00;6;2;1;99;0;2670299;150;0
147;18;336;7;25;7;99;3.80;2;1;1;76;0;2670799;1862;0
147;18;336;7;25;8;71;3.60;3;1;1;78;0;2670871;2152;0
147;18;336;7;25;9;99;3.00;2;1;1;78;0;2670999;182;0
147;18;336;7;25;11;99;3.80;2;1;1;77;0;2671199;186;0
147;18;336;7;25;12;99;3.40;3;1;1;77;0;2671299;411;0
147;18;336;7;25;14;99;3.60;3;1;1;82;0;2671499;184;0
147;18;336;7;25;15;99;4.60;6;2;1;85;0;2671599;1285;0
147;18;336;7;25;15;1;3.40;2;1;1;83;0;2671501;284;0
147;18;336;7;25;20;7;3.40;7;2;1;79;0;2672007;3467;0
147;18;336;7;25;40;99;8.00;3;1;2;81;0;2674099;2584;0
147;18;336;7;25;41;75;3.80;3;1;1;81;0;2674175;40;0
147;18;336;7;25;42;20;3.80;2;1;1;84;0;2674220;2704;0
147;18;336;7;25;47;6;3.20;2;1;1;79;0;2674706;469;0
147;18;336;7;25;48;99;3.20;7;2;1;86;0;2674899;2876;0
147;18;336;7;26;9;63;3.80;3;1;1;74;0;2676963;2771;0
147;18;336;7;26;10;99;3.60;8;2;1;85;0;2677099;22183;0
147;18;336;7;26;10;99;3.20;2;1;1;77;0;2677099;2378;0
147;18;336;7;26;11;20;4.00;6;2;1;84;0;2677120;5501;0
147;18;336;7;26;24;15;3.40;3;1;1;81;0;2678415;1433;0
147;18;336;7;26;33;9;3.60;1;1;1;78;0;2679309;17118;0
147;18;336;7;26;36;14;3.60;7;2;1;69;0;2679614;4701;0
147;18;336;7;26;41;99;3.60;7;2;1;74;0;2680199;566;0
147;18;336;7;26;41;99;3.40;6;2;1;82;0;2680199;3061;0
147;18;336;7;26;41;99;3.60;3;1;1;81;0;2680199;1768;0
147;18;336;7;26;42;36;3.80;4;1;1;83;0;2680236;17319;0
147;18;336;7;26;45;64;4.80;3;1;1;82;0;2680564;349;0
147;18;336;7;26;48;62;3.60;1;1;1;72;0;2680862;1536;0
147;18;336;7;26;50;76;3.40;2;1;1;82;0;2681076;3962;0
147;18;336;7;26;51;99;3.80;8;2;1;66;0;2681199;4084;0
147;18;336;7;26;53;12;3.80;6;2;1;78;0;2681312;1098;0
147;18;336;7;26;59;99;3.20;3;1;1;84;0;2681999;1413;0
147;18;336;7;27;5;3;3.80;5;2;1;74;0;2682503;15186;0
147;18;336;7;27;6;84;3.80;7;2;1;72;0;2682684;2467;0
147;18;336;7;27;7;99;3.20;7;2;1;78;0;2682799;96;0
147;18;336;7;27;8;66;3.80;3;1;1;74;0;2682866;853;0
147;18;336;7;27;9;99;3.60;7;2;1;71;0;2682999;185;0
147;18;336;7;27;11;45;13.20;7;2;3;74;0;2683145;127;0
147;18;336;7;27;17;99;3.80;2;1;1;67;0;2683799;2708;0
147;18;336;7;27;19;22;3.60;2;1;1;79;0;2683922;102;0
147;18;336;7;27;30;99;3.20;6;2;1;78;0;2685099;3769;0
147;18;336;7;27;34;62;3.20;6;2;1;76;0;2685462;348;0
147;18;336;7;27;37;99;4.00;8;2;1;80;0;2685799;4579;0
147;18;336;7;27;38;6;3.60;6;2;1;96;0;2685806;328;0
147;18;336;7;27;41;99;3.80;3;1;1;82;0;2686199;3314;0
147;18;336;7;27;43;99;3.60;1;1;1;96;0;2686399;5519;0
147;18;336;7;27;49;22;2.40;2;1;1;79;0;2686922;2983;0
147;18;336;7;27;49;40;3.80;6;2;1;90;0;2686940;1120;0
147;18;336;7;27;49;49;3.60;7;2;1;80;0;2686949;3739;0
147;18;336;7;27;54;4;4.80;7;2;1;82;0;2687404;438;0
147;18;336;7;28;2;99;3.80;3;1;1;92;0;2688299;2083;0
147;18;336;7;28;4;17;3.80;6;2;1;79;0;2688417;1461;0
147;18;336;7;28;8;8;3.20;6;2;1;82;0;2688808;373;0
147;18;336;7;28;8;99;3.60;2;1;1;76;0;2688899;1966;0
147;18;336;7;28;9;72;15.80;7;2;3;61;0;2688972;1546;0
147;18;336;7;28;13;99;3.60;2;1;1;74;0;2689399;482;0
147;18;336;7;28;17;71;3.40;6;2;1;77;0;2689771;948;0
147;18;336;7;28;19;15;3.80;6;2;1;83;0;2689915;128;0
147;18;336;7;28;20;63;3.40;3;1;1;78;0;2690063;1749;0
147;18;336;7;28;23;4;3.40;6;2;1;68;0;2690304;372;0
147;18;336;7;28;31;99;3.80;2;1;1;72;0;2691199;1782;0
147;18;336;7;28;33;88;3.80;6;2;1;75;0;2691388;1066;0
147;18;336;7;28;37;99;3.60;6;2;1;79;0;2691799;392;0
147;18;336;7;28;36;46;4.00;7;2;1;18;0;2691646;2580;0
147;18;336;7;28;39;3;4.40;7;2;1;76;0;2691903;177;0
147;18;336;7;28;40;51;3.80;3;1;1;75;0;2692051;1972;0
147;18;336;7;28;49;99;3.60;3;1;1;92;0;2692999;929;0
147;18;336;7;29;0;7;3.80;1;1;1;74;0;2694007;7594;0
147;18;336;7;29;2;21;4.80;6;2;1;81;0;2694221;2405;0
147;18;336;7;29;5;24;3.80;7;2;1;82;0;2694524;2600;0
147;18;336;7;29;5;99;3.40;2;1;1;76;0;2694599;3381;0
147;18;336;7;29;9;99;3.20;2;1;1;74;0;2694999;383;0
147;18;336;7;29;14;88;3.40;3;1;1;77;0;2695488;2474;0
147;18;336;7;29;15;8;3.80;4;1;1;82;0;2695508;15255;0
147;18;336;7;29;17;99;3.80;7;2;1;79;0;2695799;1258;0
147;18;336;7;29;24;76;3.40;6;2;1;77;0;2696476;2233;0
147;18;336;7;29;28;99;3.00;1;1;1;75;0;2696899;2873;0
147;18;336;7;29;28;99;4.40;7;2;1;85;0;2696899;1082;0
147;18;336;7;29;31;35;3.60;6;2;1;68;0;2697135;643;0
147;18;336;7;29;35;99;3.00;6;2;1;69;0;2697599;444;0
147;18;336;7;29;42;13;3.00;2;1;1;83;0;2698213;3198;0
147;18;336;7;29;54;17;4.60;5;2;1;80;0;2699417;16895;0
147;18;336;7;29;55;92;3.40;3;1;1;80;0;2699592;4088;0
147;18;336;7;29;56;99;3.80;5;2;1;84;0;2699699;261;0
147;18;336;7;29;56;99;3.40;7;2;1;76;0;2699699;2781;0
147;18;336;7;29;56;99;3.60;6;2;1;84;0;2699699;2084;0
147;18;336;7;30;3;99;3.40;2;1;1;79;0;2700399;2172;0
147;18;336;7;30;6;99;3.80;7;2;1;82;0;2700699;983;0
147;18;336;7;30;10;2;5.40;5;2;1;84;0;2701002;1286;0
147;18;336;7;30;10;20;3.60;6;2;1;81;0;2701020;1305;0
147;18;336;7;30;11;99;3.80;6;2;1;82;0;2701199;163;0
147;18;336;7;30;19;99;3.80;7;2;1;76;0;2701999;1283;0
147;18;336;7;30;19;99;3.80;3;1;1;80;0;2701999;2391;0
147;18;336;7;30;20;2;3.80;4;1;1;87;0;2702002;6477;0
147;18;336;7;30;20;17;3.00;2;1;1;77;0;2702017;1602;0
147;18;336;7;30;23;99;3.20;6;2;1;75;0;2702399;1183;0
147;18;336;7;30;24;99;4.40;3;1;1;81;0;2702499;482;0
147;18;336;7;30;30;11;3.80;3;1;1;81;0;2703011;492;0
147;18;336;7;30;33;99;3.60;3;1;1;85;0;2703399;371;0
147;18;336;7;30;38;7;3.40;6;2;1;77;0;2703807;1392;0
147;18;336;7;30;41;99;3.60;7;2;1;81;0;2704199;2182;0
147;18;336;7;30;43;44;3.60;3;1;1;75;0;2704344;929;0
147;18;336;7;30;48;67;3.00;7;2;1;77;0;2704867;652;0
147;18;336;7;30;52;99;4.60;6;2;1;77;0;2705299;1476;0
147;18;336;7;30;53;56;3.60;3;1;1;80;0;2705356;994;0
147;18;336;7;30;58;31;3.60;2;1;1;77;0;2705831;3799;0
147;18;336;7;31;9;29;3.80;6;2;1;86;0;2706929;1608;0
147;18;336;7;31;12;99;3.80;2;1;1;79;0;2707299;1451;0
147;18;336;7;31;15;99;3.60;6;2;1;76;0;2707599;654;0
147;18;336;7;31;21;22;3.80;2;1;1;73;0;2708122;805;0
147;18;336;7;31;22;98;3.80;7;2;1;81;0;2708298;3416;0
147;18;336;7;31;24;83;3.60;2;1;1;68;0;2708483;342;0
147;18;336;7;31;25;1;3.80;3;1;1;73;0;2708501;3128;0
147;18;336;7;31;26;26;4.40;3;1;1;75;0;2708626;106;0
147;18;336;7;31;27;99;3.60;3;1;1;77;0;2708799;151;0
147;18;336;7;31;28;3;4.00;2;1;1;79;0;2708803;300;0
147;18;336;7;31;31;99;3.60;3;1;1;90;0;2709199;383;0
147;18;336;7;31;36;5;3.60;4;1;1;77;0;2709605;7587;0
147;18;336;7;31;41;99;3.00;7;2;1;78;0;2710199;1884;0
147;18;336;7;31;50;99;3.60;3;1;1;82;0;2711099;1885;0
147;18;336;7;31;52;16;4.00;8;2;1;75;0;2711216;25399;0
147;18;336;7;31;55;99;3.60;1;1;1;62;0;2711599;14685;0
147;18;336;7;31;58;99;3.40;3;1;1;80;0;2711899;784;0
147;18;336;7;32;3;99;3.00;5;2;1;80;0;2712399;11373;0
147;18;336;7;32;4;99;4.00;7;2;1;72;0;2712499;2286;0
147;18;336;7;32;12;0;2.80;7;2;1;79;0;2713200;681;0
147;18;336;7;32;12;18;3.80;3;1;1;83;0;2713218;1303;0
147;18;336;7;32;16;99;3.60;1;1;1;77;0;2713699;2079;0
147;18;336;7;32;17;99;3.80;3;1;1;81;0;2713799;564;0
147;18;336;7;32;23;37;3.60;7;2;1;75;0;2714337;1124;0
147;18;336;7;32;24;99;3.40;3;1;1;81;0;2714499;683;0
147;18;336;7;32;25;13;3.80;6;2;1;95;0;2714513;6896;0
147;18;336;7;32;26;96;3.40;1;1;1;81;0;2714696;980;0
147;18;336;7;32;29;99;4.80;1;1;1;78;0;2714999;287;0
147;18;336;7;32;30;99;3.40;6;2;1;80;0;2715099;571;0
147;18;336;7;32;33;33;3.20;6;2;1;81;0;2715333;218;0
147;18;336;7;32;34;11;3.60;7;2;1;86;0;2715411;1056;0
147;18;336;7;32;39;99;3.20;6;2;1;83;0;2715999;651;0
147;18;336;7;32;40;25;3.40;7;2;1;77;0;2716025;598;0
147;18;336;7;32;44;2;3.80;6;2;1;79;0;2716402;389;0
147;18;336;7;32;49;99;3.80;6;2;1;77;0;2716999;579;0
147;18;336;7;32;52;99;3.20;5;2;1;83;0;2717299;4886;0
147;18;336;7;32;53;99;3.60;3;1;1;85;0;2717399;2884;0
147;18;336;7;32;56;10;7.00;3;1;1;81;0;2717610;195;0
147;18;336;7;32;57;99;4.00;4;1;1;84;0;2717799;8177;0
147;18;336;7;32;58;2;3.60;1;1;1;71;0;2717802;2780;0
147;18;336;7;33;7;99;3.00;6;2;1;83;0;2718799;1782;0
147;18;336;7;33;13;99;3.80;2;1;1;71;0;2719399;10577;0
147;18;336;7;33;14;14;3.80;3;1;1;70;0;2719414;1772;0
147;18;336;7;33;17;70;4.80;2;1;1;75;0;2719770;351;0
147;18;336;7;33;28;99;3.60;3;1;1;83;0;2720899;1465;0
147;18;336;7;33;33;22;3.60;5;2;1;78;0;2721322;4009;0
147;18;336;7;33;31;92;5.60;7;2;1;31;0;2721192;5151;0
147;18;336;7;33;36;99;3.80;1;1;1;77;0;2721699;3878;0
147;18;336;7;33;38;99;3.60;3;1;1;83;0;2721899;984;0
147;18;336;7;33;41;99;3.40;3;1;1;79;0;2722199;284;0
147;18;336;7;33;50;61;3.40;7;2;1;74;0;2723061;1803;0
147;18;336;7;33;58;3;3.60;3;1;1;90;0;2723803;1588;0
147;18;336;7;34;3;4;3.60;3;1;1;79;0;2724304;486;0
147;18;336;7;34;9;99;3.60;3;1;1;74;0;2724999;678;0
147;18;336;7;34;20;99;3.40;6;2;1;78;0;2726099;7286;0
147;18;336;7;34;21;99;3.60;3;1;1;85;0;2726199;1182;0
147;18;336;7;34;27;99;3.40;8;2;1;76;0;2726799;15563;0
147;18;336;7;34;40;99;4.00;3;1;1;87;0;2728099;1884;0
147;18;336;7;34;48;13;3.40;7;2;1;74;0;2728813;5735;0
147;18;336;7;34;48;99;3.40;6;2;1;79;0;2728899;2784;0
147;18;336;7;34;52;99;3.80;3;1;1;73;0;2729299;1183;0
147;18;336;7;34;55;99;3.60;2;1;1;76;0;2729599;9805;0
147;18;336;7;35;0;99;3.40;3;1;1;75;0;2730099;781;0
147;18;336;7;35;1;16;4.40;6;2;1;82;0;2730116;1201;0
147;18;336;7;35;3;9;3.40;3;1;1;76;0;2730309;193;0
147;18;336;7;35;3;30;3.60;5;2;1;90;0;2730330;8991;0
147;18;336;7;35;6;99;3.80;7;2;1;81;0;2730699;1869;0
147;18;336;7;35;14;13;3.40;6;2;1;70;0;2731413;1277;0
147;18;336;7;35;20;99;3.60;6;2;1;82;0;2732099;668;0
147;18;336;7;35;21;99;4.00;2;1;1;85;0;2732199;2582;0
147;18;336;7;35;27;29;4.40;6;2;1;79;0;2732729;614;0
147;18;336;7;35;32;25;3.60;6;2;1;77;0;2733225;475;0
147;18;336;7;35;33;99;3.80;2;1;1;84;0;2733399;1183;0
147;18;336;7;35;43;99;3.20;6;2;1;77;0;2734399;1157;0
147;18;336;7;35;47;28;3.60;3;1;1;81;0;2734728;4402;0
147;18;336;7;35;54;99;3.20;3;1;1;75;0;2735499;755;0
147;18;336;7;35;56;99;3.60;6;2;1;73;0;2735699;1285;0
147;18;336;7;35;58;72;3.00;3;1;1;73;0;2735872;357;0
147;18;336;7;35;59;99;3.40;7;2;1;74;0;2735999;5283;0
147;18;336;7;35;59;99;5.80;2;1;1;74;0;2735999;2583;0
147;18;336;7;36;0;99;3.40;6;2;1;82;0;2736099;382;0
147;18;336;7;36;1;77;3.60;7;2;1;73;0;2736177;161;0
147;18;336;7;36;2;14;3.80;3;1;1;76;0;2736214;327;0
147;18;336;7;36;2;99;3.80;7;2;1;71;0;2736299;104;0
147;18;336;7;36;4;99;3.60;3;1;1;77;0;2736499;267;0
147;18;336;7;36;7;19;3.40;3;1;1;76;0;2736719;203;0
147;18;336;7;36;10;99;3.40;3;1;1;78;0;2737099;363;0
147;18;336;7;36;22;99;3.40;2;1;1;77;0;2738299;2271;0
147;18;336;7;36;26;30;3.40;7;2;1;77;0;2738630;2311;0
147;18;336;7;36;27;99;3.60;5;2;1;84;0;2738799;8454;0
147;18;336;7;36;29;61;3.40;6;2;1;74;0;2738961;2847;0
147;18;336;7;36;29;65;3.80;2;1;1;77;0;2738965;650;0
147;18;336;7;36;36;42;3.80;6;2;1;79;0;2739642;664;0
147;18;336;7;36;41;53;3.40;6;2;1;88;0;2740153;493;0
147;18;336;7;36;45;99;3.60;3;1;1;78;0;2740599;3484;0
147;18;336;7;36;45;99;3.00;6;2;1;78;0;2740599;432;0
147;18;336;7;36;48;99;3.20;2;1;1;83;0;2740899;1916;0
147;18;336;7;36;48;99;3.20;6;2;1;82;0;2740899;286;0
147;18;336;7;36;54;20;3.20;6;2;1;74;0;2741420;506;0
147;18;336;7;36;57;5;4.00;3;1;1;80;0;2741705;1089;0
147;18;336;7;36;58;99;3.60;6;2;1;74;0;2741899;463;0
147;18;336;7;37;6;99;5.60;3;1;1;82;0;2742699;976;0
147;18;336;7;37;17;23;3.40;6;2;1;80;0;2743723;1806;0
147;18;336;7;37;18;99;3.60;7;2;1;79;0;2743899;5253;0
147;18;336;7;37;21;99;3.40;3;1;1;83;0;2744199;1475;0
147;18;336;7;37;22;19;4.00;7;2;1;85;0;2744219;303;0
147;18;336;7;37;23;99;3.60;6;2;1;85;0;2744399;660;0
147;18;336;7;37;37;99;3.20;1;1;1;84;0;2745799;24082;0
147;18;336;7;37;37;12;3.40;6;2;1;81;0;2745712;1297;0
147;18;336;7;37;37;17;3.40;2;1;1;64;0;2745717;4804;0
147;18;336;7;37;40;19;3.80;6;2;1;84;0;2746019;291;0
147;18;336;7;37;48;20;3.60;1;1;1;76;0;2746820;1007;0
147;18;336;7;37;54;19;3.00;2;1;1;77;0;2747419;1682;0
147;18;336;7;38;1;16;3.60;2;1;1;88;0;2748116;682;0
147;18;336;7;38;9;99;3.40;6;2;1;78;0;2748999;2963;0
147;18;336;7;38;11;68;3.20;2;1;1;76;0;2749168;1037;0
147;18;336;7;38;9;49;4.20;7;2;1;11;0;2748949;4713;0
147;18;336;7;38;16;16;3.40;7;2;1;76;0;2749616;529;0
147;18;336;7;38;18;23;3.40;6;2;1;76;0;2749823;808;0
147;18;336;7;38;21;68;3.40;6;2;1;83;0;2750168;328;0
147;18;336;7;38;24;92;3.80;2;1;1;78;0;2750492;1308;0
147;18;336;7;38;26;19;3.80;6;2;1;80;0;2750619;436;0
147;18;336;7;38;29;99;6.80;2;1;1;73;0;2750999;489;0
147;18;336;7;38;35;99;3.60;3;1;1;82;0;2751599;7385;0
147;18;336;7;38;37;82;3.80;3;1;1;92;0;2751782;167;0
147;18;336;7;38;39;74;3.60;8;2;1;81;0;2751974;25158;0
147;18;336;7;38;44;5;3.20;3;1;1;83;0;2752405;608;0
147;18;336;7;38;46;12;3.80;3;1;1;79;0;2752612;193;0
147;18;336;7;38;48;3;3.80;2;1;1;80;0;2752803;1770;0
147;18;336;7;38;49;2;3.60;6;2;1;76;0;2752902;2265;0
147;18;336;7;38;48;99;4.80;3;1;1;75;0;2752899;269;0
147;18;336;7;38;50;23;4.00;5;2;1;88;0;2753023;14208;0
147;18;336;7;38;51;19;3.60;6;2;1;77;0;2753119;199;0
147;18;336;7;38;56;99;3.40;3;1;1;74;0;2753699;776;0
147;18;336;7;39;0;8;3.80;2;1;1;79;0;2754008;1187;0
147;18;336;7;39;11;99;4.60;6;2;1;76;0;2755199;2063;0
147;18;336;7;39;14;14;3.60;2;1;1;73;0;2755414;1388;0
147;18;336;7;39;14;99;3.60;3;1;1;80;0;2755499;1783;0
147;18;336;7;39;15;75;3.00;7;2;1;75;0;2755575;5942;0
147;18;336;7;39;16;99;2.80;2;1;1;72;0;2755699;267;0
147;18;336;7;39;18;99;4.00;2;1;1;77;0;2755899;186;0
147;18;336;7;39;23;23;3.20;6;2;1;81;0;2756323;1102;0
147;18;336;7;39;24;4;3.60;2;1;1;94;0;2756404;486;0
147;18;336;7;39;24;99;3.60;3;1;1;86;0;2756499;983;0
147;18;336;7;39;26;99;3.60;7;2;1;77;0;2756699;1109;0
147;18;336;7;39;31;99;4.00;6;2;1;96;0;2757199;861;0
147;18;336;7;39;35;44;3.60;2;1;1;70;0;2757544;1126;0
147;18;336;7;39;36;99;3.80;7;2;1;77;0;2757699;983;0
147;18;336;7;39;37;99;3.40;2;1;1;67;0;2757799;236;0
147;18;336;7;39;38;97;3.00;2;1;1;73;0;2757897;79;0
147;18;336;7;39;39;99;3.80;7;2;1;79;0;2757999;282;0
147;18;336;7;39;40;99;3.80;3;1;1;82;0;2758099;1584;0
147;18;336;7;39;40;1;3.80;2;1;1;76;0;2758001;89;0
147;18;336;7;39;43;3;3.40;7;2;1;81;0;2758303;286;0
147;18;336;7;39;46;99;3.60;3;1;1;82;0;2758699;583;0
147;18;336;7;39;47;99;3.80;2;1;1;77;0;2758799;780;0
147;18;336;7;39;50;99;3.80;2;1;1;79;0;2759099;282;0
147;18;336;7;39;56;10;3.20;6;2;1;69;0;2759610;2396;0
147;18;336;7;39;57;10;3.60;2;1;1;77;0;2759710;593;0
147;18;336;7;40;1;17;3.60;7;2;1;81;0;2760117;1798;0
147;18;336;7;40;3;99;3.80;6;2;1;84;0;2760399;772;0
147;18;336;7;40;9;15;3.40;6;2;1;79;0;2760915;499;0
147;18;336;7;40;10;99;4.00;5;2;1;79;0;2761099;8059;0
147;18;336;7;40;11;55;3.40;3;1;1;68;0;2761155;2440;0
147;18;336;7;40;18;1;3.40;7;2;1;76;0;2761801;1668;0
147;18;336;7;40;18;99;3.80;6;2;1;74;0;2761899;968;0
147;18;336;7;40;19;82;3.60;7;2;1;81;0;2761982;164;0
147;18;336;7;40;30;10;3.60;2;1;1;76;0;2763010;3283;0
147;18;336;7;40;32;95;4.00;3;1;1;80;0;2763295;2122;0
147;18;336;7;40;43;99;3.60;2;1;1;81;0;2764399;1371;0
147;18;336;7;40;44;26;3.00;6;2;1;73;0;2764426;2508;0
147;18;336;7;40;48;21;3.80;4;1;1;86;0;2764821;47004;0
147;18;336;7;40;48;99;3.20;6;2;1;75;0;2764899;458;0
147;18;336;7;40;48;99;3.60;2;1;1;81;0;2764899;484;0
147;18;336;7;40;49;99;3.60;3;1;1;80;0;2764999;1686;0
147;18;336;7;40;51;13;3.80;3;1;1;79;0;2765113;97;0
147;18;336;7;40;52;8;3.60;6;2;1;78;0;2765208;293;0
147;18;336;7;40;52;48;3.40;7;2;1;82;0;2765248;3250;0
147;18;336;7;40;59;15;3.40;6;2;1;75;0;2765915;690;0
147;18;336;7;41;2;79;12.00;3;1;3;80;0;2766279;1148;0
147;18;336;7;41;14;99;3.40;5;2;1;85;0;2767499;6381;0
147;18;336;7;41;17;10;3.80;5;2;1;82;0;2767710;196;0
147;18;336;7;41;20;58;3.20;6;2;1;80;0;2768058;2126;0
147;18;336;7;41;27;34;3.40;5;2;1;96;0;2768734;1007;0
147;18;336;7;41;27;99;4.00;7;2;1;83;0;2768799;3536;0
147;18;336;7;41;28;58;3.60;3;1;1;89;0;2768858;2525;0
147;18;336;7;41;28;82;3.40;6;2;1;74;0;2768882;809;0
147;18;336;7;41;31;8;3.80;6;2;1;76;0;2769108;209;0
147;18;336;7;41;33;25;3.20;5;2;1;82;0;2769325;578;0
147;18;336;7;41;42;99;3.00;2;1;1;66;0;2770299;5384;0
147;18;336;7;41;43;12;3.40;3;1;1;78;0;2770312;1439;0
147;18;336;7;41;52;99;3.40;6;2;1;77;0;2771299;2173;0
147;18;336;7;41;54;18;3.20;7;2;1;71;0;2771418;2601;0
147;18;336;7;41;56;68;3.60;3;1;1;87;0;2771668;1340;0
147;18;336;7;42;7;90;3.20;6;2;1;80;0;2772790;1475;0
147;18;336;7;42;8;99;3.80;3;1;1;91;0;2772899;1216;0
147;18;336;7;42;12;85;3.60;7;2;1;85;0;2773285;1850;0
147;18;336;7;42;13;99;3.80;2;1;1;78;0;2773399;3083;0
147;18;336;7;42;13;99;3.60;3;1;1;77;0;2773399;484;0
147;18;336;7;42;15;99;4.00;8;2;1;82;0;2773599;21609;0
147;18;336;7;42;16;1;3.80;6;2;1;87;0;2773601;796;0
147;18;336;7;42;20;17;3.60;3;1;1;74;0;2774017;601;0
147;18;336;7;42;22;9;3.60;2;1;1;84;0;2774209;792;0
147;18;336;7;42;22;59;4.60;3;1;1;81;0;2774259;224;0
147;18;336;7;42;39;99;4.00;6;2;1;86;0;2775999;2382;0
147;18;336;7;42;45;55;3.00;2;1;1;76;0;2776555;2330;0
147;18;336;7;42;51;99;3.20;3;1;1;75;0;2777199;2919;0
147;18;336;7;42;55;27;3.00;3;1;1;76;0;2777527;312;0
147;18;336;7;43;6;99;3.40;3;1;1;80;0;2778699;1157;0
147;18;336;7;43;7;99;4.40;7;2;1;66;0;2778799;5498;0
147;18;336;7;43;9;99;3.40;6;2;1;74;0;2778999;2983;0
147;18;336;7;43;16;99;3.60;2;1;1;82;0;2779699;3129;0
147;18;336;7;43;16;99;3.60;3;1;1;76;0;2779699;984;0
147;18;336;7;43;24;99;3.20;2;1;1;85;0;2780499;784;0
147;18;336;7;43;26;57;3.80;2;1;1;75;0;2780657;144;0
147;18;336;7;43;26;95;3.20;4;1;1;88;0;2780695;15858;0
147;18;336;7;43;28;16;3.40;3;1;1;77;0;2780816;1099;0
147;18;336;7;43;33;99;3.80;6;2;1;76;0;2781399;2383;0
147;18;336;7;43;37;99;3.80;3;1;1;82;0;2781799;967;0
147;18;336;7;43;36;96;4.00;7;2;1;20;0;2781696;2873;0
147;18;336;7;43;38;30;3.00;3;1;1;71;0;2781830;14;0
147;18;336;7;43;39;99;3.40;6;2;1;82;0;2781999;582;0
147;18;336;7;43;42;30;3.80;4;1;1;93;0;2782230;1521;0
147;18;336;7;43;47;99;3.80;3;1;1;83;0;2782799;953;0
147;18;336;7;43;48;3;3.00;3;1;1;83;0;2782803;-1;0
147;18;336;7;43;50;99;3.00;6;2;1;74;0;2783099;1085;0
147;18;336;7;43;54;15;3.60;6;2;1;81;0;2783415;301;0
147;18;336;7;43;59;57;3.60;6;2;1;85;0;2783957;526;0
147;18;336;7;44;2;99;3.80;7;2;1;87;0;2784299;2531;0
147;18;336;7;44;4;44;3.20;4;1;1;85;0;2784444;2199;0
147;18;336;7;44;6;99;3.80;3;1;1;77;0;2784699;1882;0
147;18;336;7;44;7;99;3.60;7;2;1;81;0;2784799;484;0
147;18;336;7;44;9;10;3.80;3;1;1;76;0;2784910;193;0
147;18;336;7;44;12;11;3.40;6;2;1;77;0;2785211;1238;0
147;18;336;7;44;13;22;3.60;4;1;1;82;0;2785322;864;0
147;18;336;7;44;13;99;3.80;1;1;1;70;0;2785399;38561;0
147;18;336;7;44;13;99;4.00;6;2;1;73;0;2785399;172;0
147;18;336;7;44;14;99;3.60;3;1;1;77;0;2785499;571;0
147;18;336;7;44;14;29;3.80;8;2;1;84;0;2785429;11812;0
147;18;336;7;44;15;99;4.40;3;1;1;76;0;2785599;83;0
147;18;336;7;44;16;99;3.40;4;1;1;80;0;2785699;361;0
147;18;336;7;44;18;99;3.60;6;2;1;80;0;2785899;480;0
147;18;336;7;44;27;40;3.60;4;1;1;78;0;2786740;1025;0
147;18;336;7;44;27;46;4.60;3;1;1;79;0;2786746;1126;0
147;18;336;7;44;31;99;3.60;6;2;1;81;0;2787199;1283;0
147;18;336;7;44;34;99;4.00;3;1;1;78;0;2787499;732;0
147;18;336;7;44;35;77;2.80;6;2;1;78;0;2787577;362;0
147;18;336;7;44;42;8;3.60;6;2;1;80;0;2788208;618;0
147;18;336;7;44;48;85;4.00;6;2;1;93;0;2788885;660;0
147;18;336;7;44;48;99;3.60;7;2;1;75;0;2788899;4084;0
147;18;336;7;44;51;99;3.60;7;2;1;83;0;2789199;282;0
147;18;336;7;44;56;92;3.60;1;1;1;82;0;2789692;4273;0
147;18;336;7;45;1;12;4.60;2;1;1;79;0;2790112;9436;0
147;18;336;7;45;7;99;3.40;3;1;1;78;0;2790799;3281;0
147;18;336;7;45;8;66;3.60;6;2;1;83;0;2790866;1965;0
147;18;336;7;45;12;99;3.40;6;2;1;97;0;2791299;417;0
147;18;336;7;45;18;40;4.20;6;2;1;75;0;2791840;528;0
147;18;336;7;45;21;66;3.80;7;2;1;82;0;2792166;2951;0
147;18;336;7;45;34;63;3.80;6;2;1;77;0;2793463;1602;0
147;18;336;7;45;46;12;3.80;7;2;1;75;0;2794612;2429;0
147;18;336;7;45;47;99;4.20;6;2;1;79;0;2794799;1318;0
147;18;336;7;45;54;6;4.00;6;2;1;81;0;2795406;587;0
147;18;336;7;46;2;23;3.00;3;1;1;77;0;2796223;5408;0
147;18;336;7;46;5;19;3.40;8;2;1;90;0;2796519;11073;0
147;18;336;7;46;6;99;3.40;3;1;1;77;0;2796699;461;0
147;18;336;7;46;7;31;3.60;6;2;1;78;0;2796731;1307;0
147;18;336;7;46;9;99;3.60;3;1;1;77;0;2796999;284;0
147;18;336;7;46;10;95;4.80;2;1;1;67;0;2797095;6962;0
147;18;336;7;46;19;14;3.60;6;2;1;82;0;2797914;1166;0
147;18;336;7;46;24;18;3.40;3;1;1;79;0;2798418;1402;0
147;18;336;7;46;28;87;3.60;3;1;1;80;0;2798887;453;0
147;18;336;7;46;30;18;3.40;6;2;1;79;0;2799018;1088;0
147;18;336;7;46;31;3;3.20;5;2;1;80;0;2799103;29763;0
147;18;336;7;46;33;46;3.80;3;1;1;63;0;2799346;442;0
147;18;336;7;46;33;99;3.40;2;1;1;65;0;2799399;2278;0
147;18;336;7;46;37;11;4.20;8;2;1;96;0;2799711;3178;0
147;18;336;7;46;40;26;3.40;6;2;1;85;0;2800026;992;0
147;18;336;7;46;41;99;3.40;3;1;1;78;0;2800199;831;0
147;18;336;7;46;42;99;3.60;2;1;1;72;0;2800299;881;0
147;18;336;7;46;43;99;4.20;2;1;1;75;0;2800399;82;0
147;18;336;7;46;44;99;3.80;3;1;1;78;0;2800499;284;0
147;18;336;7;46;45;17;4.40;6;2;1;90;0;2800517;476;0
147;18;336;7;46;47;99;4.40;6;2;1;88;0;2800799;264;0
147;18;336;7;46;49;99;3.60;3;1;1;80;0;2800999;482;0
147;18;336;7;46;49;99;3.60;6;2;1;81;0;2800999;182;0
147;18;336;7;46;52;99;3.40;4;1;1;83;0;2801299;14542;0
147;18;336;7;46;56;20;3.80;1;1;1;86;0;2801620;11912;0
147;18;336;7;46;57;99;3.60;2;1;1;80;0;2801799;1379;0
147;18;336;7;47;0;6;4.00;6;2;1;91;0;2802006;991;0
147;18;336;7;47;0;13;3.60;3;1;1;82;0;2802013;997;0
147;18;336;7;47;0;7;5.60;2;1;1;73;0;2802007;191;0
147;18;336;7;47;2;99;3.80;6;2;1;76;0;2802299;277;0
147;18;336;7;47;5;21;3.60;6;2;1;75;0;2802521;204;0
147;18;336;7;47;5;0;3.80;3;1;1;76;0;2802500;471;0
147;18;336;7;47;8;4;5.00;5;2;1;85;0;2802804;3686;0
147;18;336;7;47;8;23;3.60;3;1;1;77;0;2802823;305;0
147;18;336;7;47;10;99;3.60;3;1;1;76;0;2803099;259;0
147;18;336;7;47;14;72;5.00;2;1;1;82;0;2803472;1437;0
147;18;336;7;47;16;11;4.40;6;2;1;86;0;2803611;1072;0
147;18;336;7;47;18;2;3.80;5;2;1;90;0;2803802;976;0
147;18;336;7;47;18;99;3.20;6;2;1;81;0;2803899;269;0
147;18;336;7;47;31;9;3.40;6;2;1;83;0;2805109;1195;0
147;18;336;7;47;38;99;3.20;7;2;1;81;0;2805899;11268;0
147;18;336;7;47;42;0;3.60;3;1;1;76;0;2806200;3083;0
147;18;336;7;47;42;16;3.60;4;1;1;80;0;2806216;4902;0
147;18;336;7;47;56;99;3.60;1;1;1;83;0;2807699;6063;0
147;18;336;7;47;58;25;3.00;2;1;1;86;0;2807825;4331;0
147;18;336;7;48;3;99;4.60;6;2;1;85;0;2808399;3275;0
147;18;336;7;48;10;92;3.80;8;2;1;80;0;2809092;9365;0
147;18;336;7;48;14;99;3.80;3;1;1;85;0;2809499;3281;0
147;18;336;7;48;17;14;3.20;3;1;1;77;0;2809714;198;0
147;18;336;7;48;21;8;3.60;2;1;1;73;0;2810108;2270;0
147;18;336;7;48;21;99;3.20;3;1;1;79;0;2810199;470;0
147;18;336;7;48;23;63;3.60;2;1;1;76;0;2810363;237;0
147;18;336;7;48;24;99;4.80;6;2;1;75;0;2810499;2080;0
147;18;336;7;48;24;99;3.80;2;1;1;77;0;2810499;118;0
147;18;336;7;48;26;99;3.60;1;1;1;68;0;2810699;2984;0
147;18;336;7;48;27;10;3.20;6;2;1;73;0;2810710;187;0
147;18;336;7;48;27;99;3.20;2;1;1;80;0;2810799;282;0
147;18;336;7;48;27;99;3.60;8;2;1;80;0;2810799;1689;0
147;18;336;7;48;31;99;4.40;1;1;1;68;0;2811199;480;0
147;18;336;7;48;32;99;3.80;4;1;1;84;0;2811299;5066;0
147;18;336;7;48;32;99;3.60;3;1;1;77;0;2811299;1085;0
147;18;336;7;48;39;99;3.40;6;2;1;84;0;2811999;1273;0
147;18;336;7;48;40;6;4.40;3;1;1;78;0;2812006;690;0
147;18;336;7;48;40;14;1.00;7;2;1;1;1;2812014;6100;0
147;18;336;7;48;50;99;4.00;4;1;1;93;0;2813099;1783;0
147;18;336;7;48;50;99;3.60;3;1;1;79;0;2813099;1072;0
147;18;336;7;48;53;18;3.60;3;1;1;81;0;2813318;202;0
147;18;336;7;48;53;49;3.20;6;2;1;79;0;2813349;1335;0
147;18;336;7;48;54;90;3.60;3;1;1;77;0;2813490;156;0
147;18;336;7;48;55;0;3.80;2;1;1;93;0;2813500;2686;0
147;18;336;7;48;58;99;4.00;6;2;1;88;0;2813899;535;0
147;18;336;7;48;59;82;3.40;7;2;1;78;0;2813982;8068;0
147;18;336;7;48;59;99;4.20;2;1;1;79;0;2813999;484;0
147;18;336;7;49;3;99;4.00;3;1;1;79;0;2814399;892;0
147;18;336;7;49;9;25;3.60;3;1;1;82;0;2814925;507;0
147;18;336;7;49;18;99;3.20;6;2;1;79;0;2815899;1983;0
147;18;336;7;49;18;99;3.80;3;1;1;78;0;2815899;958;0
147;18;336;7;49;26;11;3.40;7;2;1;76;0;2816611;2613;0
147;18;336;7;49;26;15;3.80;6;2;1;80;0;2816615;701;0
147;18;336;7;49;32;97;4.00;7;2;1;86;0;2817297;669;0
147;18;336;7;49;32;97;3.80;6;2;1;85;0;2817297;664;0
147;18;336;7;49;33;99;3.40;6;2;1;80;0;2817399;85;0
147;18;336;7;49;33;99;3.40;3;1;1;82;0;2817399;1482;0
147;18;336;7;49;36;24;3.40;6;2;1;77;0;2817624;209;0
147;18;336;7;49;37;56;3.80;2;1;1;81;0;2817756;3737;0
147;18;336;7;49;44;26;3.00;3;1;1;78;0;2818426;1012;0
147;18;336;7;49;50;1;3.60;6;2;1;76;0;2819001;1361;0
147;18;336;7;49;50;28;3.60;3;1;1;84;0;2819028;588;0
147;18;336;7;50;4;99;2.80;6;2;1;75;0;2820499;1480;0
147;18;336;7;50;9;99;3.40;7;2;1;73;0;2820999;3685;0
147;18;336;7;50;11;13;3.60;7;2;1;75;0;2821113;97;0
147;18;336;7;50;12;2;3.40;7;2;1;76;0;2821202;71;0
147;18;336;7;50;15;28;3.80;6;2;1;90;0;2821528;1015;0
147;18;336;7;50;15;18;3.80;3;1;1;76;0;2821518;2474;0
147;18;336;7;50;20;99;4.00;6;2;1;83;0;2822099;555;0
147;18;336;7;50;22;9;5.00;6;2;1;87;0;2822209;92;0
147;18;336;7;50;25;19;3.60;3;1;1;75;0;2822519;983;0
147;18;336;7;50;25;43;3.80;4;1;1;80;0;2822543;9428;0
147;18;336;7;50;28;27;3.40;6;2;1;77;0;2822827;597;0
147;18;336;7;50;40;19;3.40;6;2;1;76;0;2824019;1176;0
147;18;336;7;50;51;69;3.20;1;1;1;85;0;2825169;13946;0
147;18;336;7;50;52;99;3.60;8;2;1;78;0;2825299;14483;0
147;18;336;7;50;55;99;3.60;3;1;1;83;0;2825599;3062;0
147;18;336;7;50;58;99;3.20;3;1;1;79;0;2825899;284;0
147;18;336;7;51;2;1;3.80;4;1;1;89;0;2826201;3640;0
147;18;336;7;51;1;59;3.60;3;1;1;80;0;2826159;245;0
147;18;336;7;51;7;95;3.40;2;1;1;80;0;2826795;9022;0
147;18;336;7;51;7;99;3.60;8;2;1;82;0;2826799;1483;0
147;18;336;7;51;9;76;3.20;7;2;1;75;0;2826976;5757;0
147;18;336;7;51;20;99;3.40;1;1;1;81;0;2828099;2916;0
147;18;336;7;51;20;99;4.60;7;2;1;77;0;2828099;1107;0
147;18;336;7;51;20;99;4.00;3;1;1;79;0;2828099;1923;0
147;18;336;7;51;23;9;3.60;2;1;1;76;0;2828309;1498;0
147;18;336;7;51;24;19;3.40;6;2;1;91;0;2828419;4383;0
147;18;336;7;51;24;32;4.00;3;1;1;85;0;2828432;314;0
147;18;336;7;51;26;99;3.80;6;2;1;80;0;2828699;266;0
147;18;336;7;51;27;60;3.80;1;1;1;93;0;2828760;645;0
147;18;336;7;51;28;3;3.20;2;1;1;79;0;2828803;476;0
147;18;336;7;51;43;99;3.80;1;1;1;87;0;2830399;1624;0
147;18;336;7;51;49;99;3.60;7;2;1;82;0;2830999;2878;0
147;18;336;7;51;50;18;3.40;2;1;1;84;0;2831018;2200;0
147;18;336;7;51;52;25;6.00;6;2;1;77;0;2831225;2508;0
147;18;336;7;51;55;22;2.80;6;2;1;80;0;2831522;268;0
147;18;336;7;51;59;20;3.60;7;2;1;81;0;2831920;905;0
147;18;336;7;52;1;99;4.00;6;2;1;78;0;2832199;664;0
147;18;336;7;52;3;29;4.00;4;1;1;90;0;2832329;6112;0
147;18;336;7;52;3;85;3.80;7;2;1;77;0;2832385;449;0
147;18;336;7;52;12;22;3.80;2;1;1;80;0;2833222;2189;0
147;18;336;7;52;14;99;5.40;3;1;1;78;0;2833499;5050;0
147;18;336;7;52;14;99;3.40;4;1;1;85;0;2833499;1154;0
147;18;336;7;52;18;59;3.40;3;1;1;72;0;2833859;335;0
147;18;336;7;52;20;4;3.60;3;1;1;71;0;2834004;128;0
147;18;336;7;52;21;99;3.20;1;1;1;67;0;2834199;3784;0
147;18;336;7;52;22;99;3.40;2;1;1;78;0;2834299;1059;0
147;18;336;7;52;28;83;13.00;2;1;3;67;0;2834883;568;0
147;18;336;7;52;35;6;3.60;3;1;1;79;0;2835506;1483;0
147;18;336;7;52;41;24;2.80;6;2;1;73;0;2836124;3906;0
147;18;336;7;52;41;34;3.40;7;2;1;79;0;2836134;3731;0
147;18;336;7;52;43;5;3.20;6;2;1;90;0;2836305;167;0
147;18;336;7;52;48;3;3.40;2;1;1;85;0;2836803;1850;0
147;18;336;7;52;48;99;3.40;6;2;1;81;0;2836899;581;0
147;18;336;7;52;50;3;3.40;6;2;1;89;0;2837003;88;0
147;18;336;7;52;51;12;4.00;7;2;1;82;0;2837112;962;0
147;18;336;7;52;52;99;4.00;3;1;1;81;0;2837299;1776;0
147;18;336;7;52;59;56;5.20;3;1;1;78;0;2837956;639;0
147;18;336;7;53;4;69;3.00;3;1;1;80;0;2838469;489;0
147;18;336;7;53;5;99;3.40;2;1;1;66;0;2838599;1781;0
147;18;336;7;53;7;66;3.40;1;1;1;77;0;2838766;4549;0
147;18;336;7;53;8;99;3.20;2;1;1;75;0;2838899;281;0
147;18;336;7;53;8;99;3.40;3;1;1;80;0;2838899;416;0
147;18;336;7;53;10;24;3.60;1;1;1;80;0;2839024;242;0
147;18;336;7;53;19;99;3.00;3;1;1;85;0;2839999;1084;0
147;18;336;7;53;23;99;3.60;3;1;1;80;0;2840399;387;0
147;18;336;7;53;26;19;3.20;3;1;1;81;0;2840619;203;0
147;18;336;7;53;28;99;3.40;3;1;1;82;0;2840899;265;0
147;18;336;7;53;35;63;3.60;2;1;1;81;0;2841563;2648;0
147;18;336;7;53;37;24;3.20;1;1;1;86;0;2841724;2683;0
147;18;336;7;53;37;14;4.00;3;1;1;78;0;2841714;800;0
147;18;336;7;53;39;99;3.00;3;1;1;78;0;2841999;266;0
147;18;336;7;53;41;99;4.40;4;1;1;83;0;2842199;8685;0
147;18;336;7;53;46;99;3.80;2;1;1;78;0;2842699;1120;0
147;18;336;7;53;46;99;3.20;3;1;1;71;0;2842699;686;0
147;18;336;7;53;54;99;4.60;7;2;1;85;0;2843499;6369;0
147;18;336;7;54;0;99;3.60;1;1;1;77;0;2844099;2361;0
147;18;336;7;54;2;0;3.20;2;1;1;79;0;2844200;1483;0
147;18;336;7;54;2;99;3.60;2;1;1;77;0;2844299;84;0
147;18;336;7;54;16;99;3.40;4;1;1;85;0;2845699;3480;0
147;18;336;7;54;18;2;4.00;6;2;1;80;0;2845802;8785;0
147;18;336;7;54;20;7;3.20;2;1;1;89;0;2846007;1691;0
147;18;336;7;54;23;99;4.60;3;1;1;77;0;2846399;3683;0
147;18;336;7;54;23;99;3.60;2;1;1;75;0;2846399;379;0
147;18;336;7;54;24;93;3.20;2;1;1;77;0;2846493;76;0
147;18;336;7;54;29;96;4.00;2;1;1;77;0;2846996;488;0
147;18;336;7;54;32;99;3.40;6;2;1;81;0;2847299;1479;0
147;18;336;7;54;41;99;5.00;2;1;1;78;0;2848199;1184;0
147;18;336;7;54;43;99;3.60;2;1;1;78;0;2848399;176;0
147;18;336;7;54;46;22;3.40;6;2;1;80;0;2848622;1307;0
147;18;336;7;54;49;10;3.40;6;2;1;79;0;2848910;272;0
147;18;336;7;54;50;99;3.60;6;2;1;92;0;2849099;173;0
147;18;336;7;54;57;39;5.40;6;2;1;87;0;2849739;625;0
147;18;336;7;55;7;24;3.00;6;2;1;75;0;2850724;962;0
147;18;336;7;55;9;99;3.80;6;2;1;78;0;2850999;260;0
147;18;336;7;55;18;99;3.20;7;2;1;78;0;2851899;8380;0
147;18;336;7;55;46;99;3.80;3;1;1;71;0;2854699;8278;0
147;18;336;7;55;47;99;3.80;7;2;1;74;0;2854799;2885;0
147;18;336;7;55;50;12;3.20;3;1;1;67;0;2855012;293;0
147;18;336;7;55;56;13;3.60;7;2;1;78;0;2855613;795;0
147;18;336;7;55;58;4;3.80;3;1;1;71;0;2855804;774;0
147;18;336;7;56;16;30;3.80;7;2;1;77;0;2857630;2000;0
147;18;336;7;56;18;8;3.40;2;1;1;85;0;2857808;9392;0
147;18;336;7;56;22;99;5.00;6;2;1;72;0;2858299;7282;0
147;18;336;7;56;26;99;4.40;1;1;1;60;0;2858699;14583;0
147;18;336;7;56;32;92;4.00;4;1;1;88;0;2859292;13578;0
147;18;336;7;56;34;21;4.20;8;2;1;79;0;2859421;32606;0
147;18;336;7;56;40;99;3.80;7;2;1;81;0;2860099;2451;0
147;18;336;7;56;46;5;3.40;3;1;1;73;0;2860605;4781;0
147;18;336;7;56;50;13;3.40;1;1;1;74;0;2861013;2287;0
147;18;336;7;56;55;84;11.80;2;1;2;83;0;2861584;3761;0
147;18;336;7;56;58;99;3.80;7;2;1;77;0;2861899;1783;0
147;18;336;7;57;0;99;3.00;2;1;1;81;0;2862099;463;0
147;18;336;7;57;3;98;3.80;3;1;1;80;0;2862398;1776;0
147;18;336;7;57;6;99;3.60;3;1;1;80;0;2862699;283;0
147;18;336;7;57;9;99;3.80;3;1;1;81;0;2862999;283;0
147;18;336;7;57;15;39;3.80;3;1;1;84;0;2863539;523;0
147;18;336;7;57;23;99;3.40;6;2;1;79;0;2864399;6075;0
147;18;336;7;57;24;99;3.40;7;2;1;82;0;2864499;2582;0
147;18;336;7;57;25;17;3.40;3;1;1;73;0;2864517;961;0
147;18;336;7;57;27;1;3.00;6;2;1;73;0;2864701;286;0
147;18;336;7;57;29;99;3.80;7;2;1;74;0;2864999;485;0
147;18;336;7;57;32;99;3.40;7;2;1;82;0;2865299;281;0
147;18;336;7;57;37;99;5.00;3;1;1;83;0;2865799;1265;0
147;18;336;7;57;41;24;3.20;6;2;1;76;0;2866124;1408;0
147;18;336;7;57;42;99;3.40;3;1;1;73;0;2866299;478;0
147;18;336;7;57;46;97;3.40;6;2;1;73;0;2866697;557;0
147;18;336;7;57;50;99;3.60;6;2;1;71;0;2867099;385;0
147;18;336;7;57;52;99;3.60;2;1;1;85;0;2867299;5186;0
147;18;336;7;58;5;14;3.80;6;2;1;71;0;2868514;1396;0
147;18;336;7;58;19;3;3.60;6;2;1;74;0;2869903;1369;0
147;18;336;7;58;22;87;4.00;6;2;1;83;0;2870287;366;0
147;18;336;7;58;29;45;4.00;6;2;1;79;0;2870945;640;0
147;18;336;7;58;33;99;3.60;2;1;1;83;0;2871399;4084;0
147;18;336;7;58;35;82;3.00;3;1;1;70;0;2871582;5266;0
147;18;336;7;58;37;27;3.60;6;2;1;76;0;2871727;763;0
147;18;336;7;58;51;22;3.20;6;2;1;79;0;2873122;1377;0
147;18;336;7;58;51;99;3.60;3;1;1;79;0;2873199;1601;0
147;18;336;7;58;52;60;3.80;6;2;1;78;0;2873260;123;0
147;18;336;7;58;54;99;3.60;7;2;1;80;0;2873499;8185;0
147;18;336;7;58;57;6;4.80;3;1;1;79;0;2873706;490;0
147;18;336;7;58;57;42;3.40;6;2;1;79;0;2873742;464;0
147;18;336;7;58;58;99;3.60;3;1;1;80;0;2873899;171;0
147;18;336;7;59;6;9;3.60;6;2;1;76;0;2874609;851;0
147;18;336;7;59;8;52;5.20;8;2;1;69;0;2874852;15411;0
147;18;336;7;59;11;99;3.60;2;1;1;85;0;2875199;3784;0
147;18;336;7;59;17;99;3.80;2;1;1;83;0;2875799;584;0
147;18;336;7;59;17;99;4.00;6;2;1;81;0;2875799;1172;0
147;18;336;7;59;20;1;3.00;3;1;1;77;0;2876001;2085;0
147;18;336;7;59;27;99;3.20;7;2;1;86;0;2876799;3283;0
147;18;336;7;59;37;22;3.40;1;1;1;80;0;2877722;16692;0
147;18;336;7;59;46;46;3.80;6;2;1;70;0;2878646;2829;0
147;18;336;8;0;0;99;4.00;7;2;1;80;0;2880099;3286;0
147;18;336;8;0;2;99;3.80;6;2;1;71;0;2880299;1633;0
147;18;336;8;0;13;31;3.00;6;2;1;81;0;2881331;1012;0
147;18;336;8;0;14;60;3.80;2;1;1;81;0;2881460;5644;0
147;18;336;8;0;16;6;3.60;3;1;1;80;0;2881606;5590;0
147;18;336;8;0;19;0;3.80;2;1;1;79;0;2881900;423;0
147;18;336;8;0;26;99;3.80;1;1;1;71;0;2882699;4961;0
147;18;336;8;0;36;11;4.00;6;2;1;83;0;2883611;2266;0
147;18;336;8;0;38;99;3.80;2;1;1;84;0;2883899;1981;0
147;18;336;8;0;46;6;3.60;6;2;1;79;0;2884606;977;0
147;18;336;8;0;48;81;3.40;7;2;1;81;0;2884881;4764;0
147;18;336;8;0;50;25;3.00;3;1;1;81;0;2885025;3402;0
147;18;336;8;0;50;66;3.20;7;2;1;75;0;2885066;169;0
147;18;336;8;0;50;68;3.60;1;1;1;79;0;2885068;2349;0
147;18;336;8;0;56;99;3.40;3;1;1;78;0;2885699;660;0
147;18;336;8;0;56;99;3.80;4;1;1;80;0;2885699;26390;0
147;18;336;8;1;4;99;3.40;3;1;1;72;0;2886499;784;0
147;18;336;8;1;7;99;3.40;2;1;1;78;0;2886799;2883;0
147;18;336;8;1;20;3;3.80;3;1;1;83;0;2888003;1487;0
147;18;336;8;1;21;8;3.60;6;2;1;82;0;2888108;3485;0
147;18;336;8;1;23;33;3.60;3;1;1;77;0;2888333;313;0
147;18;336;8;1;26;32;6.80;6;2;1;83;0;2888632;508;0
147;18;336;8;1;29;99;3.80;6;2;1;70;0;2888999;337;0
147;18;336;8;1;31;69;3.20;7;2;1;79;0;2889169;4087;0
147;18;336;8;1;33;19;3.80;2;1;1;79;0;2889319;2504;0
147;18;336;8;1;35;99;3.40;3;1;1;78;0;2889599;1249;0
147;18;336;8;1;35;99;4.00;6;2;1;82;0;2889599;580;0
147;18;336;8;1;36;20;3.00;7;2;1;75;0;2889620;436;0
147;18;336;8;1;54;33;4.00;1;1;1;94;0;2891433;6348;0
147;18;336;8;1;54;61;3.20;3;1;1;86;0;2891461;1846;0
147;18;336;8;1;56;99;4.60;6;2;1;86;0;2891699;2082;0
147;18;336;8;1;57;19;3.80;6;2;1;87;0;2891719;0;0
147;18;336;8;1;58;99;3.80;7;2;1;83;0;2891899;2264;0
147;18;336;8;2;0;7;3.60;6;2;1;94;0;2892007;272;0
147;18;336;8;2;3;99;3.40;2;1;1;81;0;2892399;3062;0
147;18;336;8;2;8;13;4.20;4;1;1;93;0;2892813;7096;0
147;18;336;8;2;11;10;3.60;1;1;1;85;0;2893110;1661;0
147;18;336;8;2;11;99;3.80;3;1;1;81;0;2893199;1724;0
147;18;336;8;2;14;99;3.80;2;1;1;83;0;2893499;1084;0
147;18;336;8;2;14;99;3.20;7;2;1;79;0;2893499;1583;0
147;18;336;8;2;24;12;3.40;6;2;1;82;0;2894412;2391;0
147;18;336;8;2;28;99;3.20;6;2;1;78;0;2894899;472;0
147;18;336;8;2;33;8;3.20;6;2;1;79;0;2895308;394;0
147;18;336;8;2;34;99;3.40;3;1;1;80;0;2895499;2283;0
147;18;336;8;2;44;99;3.20;2;1;1;78;0;2896499;2983;0
147;18;336;8;3;2;19;3.60;3;1;1;76;0;2898219;2704;0
147;18;336;8;3;6;99;21.40;7;2;5;75;0;2898699;5185;0
147;18;336;8;3;9;99;4.20;6;2;1;70;0;2898999;3676;0
147;18;336;8;3;13;43;3.80;3;1;1;74;0;2899343;1106;0
147;18;336;8;3;17;99;3.40;6;2;1;79;0;2899799;778;0
147;18;336;8;3;16;64;4.00;7;2;1;12;0;2899664;862;0
147;18;336;8;3;21;46;4.40;6;2;1;76;0;2900146;331;0
147;18;336;8;3;42;99;4.20;3;1;1;81;0;2902299;2937;0
147;18;336;8;3;45;23;3.00;7;2;1;79;0;2902523;2739;0
147;18;336;8;3;47;8;4.20;7;2;1;77;0;2902708;171;0
147;18;336;8;3;51;99;4.00;7;2;1;67;0;2903199;471;0
147;18;336;8;3;56;99;4.00;6;2;1;77;0;2903699;3532;0
147;18;336;8;3;57;52;3.60;4;1;1;81;0;2903752;10922;0
147;18;336;8;3;59;0;3.60;2;1;1;78;0;2903900;7386;0
147;18;336;8;4;1;99;3.60;2;1;1;65;0;2904199;282;0
147;18;336;8;4;5;13;3.20;5;2;1;81;0;2904513;100695;0
147;18;336;8;4;6;6;3.60;6;2;1;75;0;2904606;888;0
147;18;336;8;4;8;99;4.00;3;1;1;77;0;2904899;2581;0
147;18;336;8;4;9;99;5.20;2;1;1;72;0;2904999;780;0
147;18;336;8;4;12;37;4.20;6;2;1;87;0;2905237;613;0
147;18;336;8;4;18;99;4.00;3;1;1;81;0;2905899;981;0
147;18;336;8;4;18;99;5.80;6;2;1;85;0;2905899;644;0
147;18;336;8;4;27;22;3.60;6;2;1;79;0;2906722;798;0
147;18;336;8;4;32;13;3.40;3;1;1;75;0;2907213;1296;0
147;18;336;8;4;33;20;3.40;8;2;1;80;0;2907320;32440;0
147;18;336;8;4;34;99;3.80;2;1;1;74;0;2907499;2474;0
147;18;336;8;4;41;29;3.20;2;1;1;81;0;2908129;611;0
147;18;336;8;4;43;25;3.20;2;1;1;78;0;2908325;181;0
147;18;336;8;4;48;16;4.40;4;1;1;81;0;2908816;5048;0
147;18;336;8;4;51;12;3.80;7;2;1;79;0;2909112;5891;0
147;18;336;8;5;0;99;3.60;6;2;1;80;0;2910099;3360;0
147;18;336;8;5;1;94;5.20;2;1;1;81;0;2910194;1854;0
147;18;336;8;5;5;99;3.60;2;1;1;72;0;2910599;381;0
147;18;336;8;5;9;99;4.00;3;1;1;84;0;2910999;3769;0
147;18;336;8;5;26;99;11.80;2;1;2;73;0;2912699;2082;0
147;18;336;8;5;31;99;3.80;6;2;1;80;0;2913199;3083;0
147;18;336;8;5;35;99;3.80;6;2;1;79;0;2913599;382;0
147;18;336;8;5;39;17;3.60;3;1;1;81;0;2913917;2900;0
147;18;336;8;5;42;50;3.40;3;1;1;77;0;2914250;317;0
147;18;336;8;5;45;99;3.40;6;2;1;81;0;2914599;982;0
147;18;336;8;5;48;99;3.80;7;2;1;77;0;2914899;5769;0
147;18;336;8;5;49;11;3.20;6;2;1;74;0;2914911;296;0
147;18;336;8;5;50;99;3.60;7;2;1;79;0;2915099;182;0
147;18;336;8;5;51;99;3.60;6;2;1;78;0;2915199;272;0
147;18;336;8;5;51;99;3.60;5;2;1;78;0;2915199;10671;0
147;18;336;8;5;53;99;3.60;6;2;1;88;0;2915399;183;0
147;18;336;8;5;54;12;3.80;3;1;1;79;0;2915412;1146;0
147;18;336;8;5;55;77;3.60;5;2;1;83;0;2915577;361;0
147;18;336;8;5;56;17;3.60;7;2;1;79;0;2915617;501;0
147;18;336;8;5;56;99;3.60;6;2;1;79;0;2915699;285;0
147;18;336;8;6;4;21;4.20;2;1;1;90;0;2916421;3663;0
147;18;336;8;6;11;99;3.80;3;1;1;79;0;2917199;1769;0
147;18;336;8;6;15;48;3.60;7;2;1;80;0;2917548;1914;0
147;18;336;8;6;29;99;3.40;3;1;1;80;0;2918999;1782;0
147;18;336;8;6;31;83;4.00;6;2;1;85;0;2919183;3467;0
147;18;336;8;6;33;1;3.20;7;2;1;85;0;2919301;1736;0
147;18;336;8;6;36;94;3.60;2;1;1;72;0;2919694;3256;0
147;18;336;8;6;45;6;4.40;1;1;1;81;0;2920506;27380;0
147;18;336;8;6;51;81;3.80;8;2;1;78;0;2921181;13845;0
147;18;336;8;6;55;99;3.60;4;1;1;78;0;2921599;12763;0
147;18;336;8;6;56;70;3.00;2;1;1;78;0;2921670;1958;0
147;18;336;8;7;4;99;3.40;3;1;1;71;0;2922499;3484;0
147;18;336;8;7;7;99;3.60;6;2;1;83;0;2922799;3599;0
147;18;336;8;7;10;99;3.60;6;2;1;79;0;2923099;284;0
147;18;336;8;7;17;99;4.00;7;2;1;81;0;2923799;4484;0
147;18;336;8;7;23;99;3.40;6;2;1;75;0;2924399;1283;0
147;18;336;8;7;27;3;3.00;3;1;1;77;0;2924703;2186;0
147;18;336;8;7;27;67;3.80;2;1;1;83;0;2924767;3083;0
147;18;336;8;7;31;5;4.40;6;2;1;75;0;2925105;689;0
147;18;336;8;7;34;99;3.40;7;2;1;70;0;2925499;1682;0
147;18;336;8;7;34;35;2.80;6;2;1;71;0;2925435;308;0
147;18;336;8;7;38;17;3.00;6;2;1;80;0;2925817;367;0
147;18;336;8;7;41;26;3.00;3;1;1;79;0;2926126;1408;0
147;18;336;8;7;47;42;4.00;3;1;1;77;0;2926742;602;0
147;18;336;8;7;48;99;3.20;3;1;1;76;0;2926899;138;0
147;18;336;8;7;50;17;3.80;2;1;1;84;0;2927017;2233;0
147;18;336;8;7;53;99;3.40;7;2;1;77;0;2927399;1882;0
147;18;336;8;7;59;99;3.60;3;1;1;85;0;2927999;1084;0
147;18;336;8;8;6;99;3.80;6;2;1;85;0;2928699;2868;0
147;18;336;8;8;19;99;3.20;6;2;1;75;0;2929999;1283;0
147;18;336;8;8;21;99;5.80;6;2;1;83;0;2930199;184;0
147;18;336;8;8;24;99;3.60;3;1;1;80;0;2930499;2484;0
147;18;336;8;8;25;5;6.60;7;2;1;84;0;2930505;3090;0
147;18;336;8;8;25;30;4.60;6;2;1;78;0;2930530;305;0
147;18;336;8;8;26;17;3.00;2;1;1;76;0;2930617;3583;0
147;18;336;8;8;28;34;3.60;3;1;1;77;0;2930834;318;0
147;18;336;8;8;31;62;4.40;6;2;1;81;0;2931162;610;0
147;18;336;8;8;33;99;5.60;2;1;1;73;0;2931399;767;0
147;18;336;8;8;35;8;4.60;2;1;1;74;0;2931508;81;0
147;18;336;8;8;38;10;4.80;2;1;1;77;0;2931810;279;0
147;18;336;8;8;38;27;6.00;6;2;1;76;0;2931827;645;0
147;18;336;8;8;52;99;3.80;6;2;1;82;0;2933299;1443;0
147;18;336;8;9;0;5;3.80;6;2;1;82;0;2934005;689;0
147;18;336;8;9;4;28;3.80;8;2;1;80;0;2934428;13229;0
147;18;336;8;9;8;99;4.00;6;2;1;79;0;2934899;877;0
147;18;336;8;9;22;75;3.40;2;1;1;81;0;2936275;4442;0
147;18;336;8;9;27;2;3.80;3;1;1;79;0;2936702;5851;0
147;18;336;8;9;30;99;3.60;8;2;1;78;0;2937099;2653;0
147;18;336;8;9;34;99;3.40;7;2;1;73;0;2937499;6965;0
147;18;336;8;9;37;19;3.60;2;1;1;76;0;2937719;1428;0
147;18;336;8;9;39;16;3.00;6;2;1;79;0;2937916;2998;0
147;18;336;8;9;53;76;3.60;2;1;1;72;0;2939376;1639;0
147;18;336;8;10;7;99;3.80;2;1;1;80;0;2940799;1405;0
147;18;336;8;10;19;99;3.40;7;2;1;72;0;2941999;4483;0
147;18;336;8;10;31;18;4.20;7;2;1;80;0;2943118;1102;0
147;18;336;8;10;31;71;3.80;1;1;1;80;0;2943171;22645;0
147;18;336;8;10;33;14;3.40;2;1;1;80;0;2943314;2497;0
147;18;336;8;10;44;10;3.60;8;2;1;98;0;2944410;7294;0
147;18;336;8;10;45;99;3.60;2;1;1;99;0;2944599;1269;0
147;18;336;8;10;47;99;4.80;6;2;1;65;0;2944799;6869;0
147;18;336;8;10;53;99;3.80;3;1;1;82;0;2945399;8679;0
147;18;336;8;10;56;7;3.80;6;2;1;76;0;2945607;781;0
147;18;336;8;10;58;3;3.80;6;2;1;80;0;2945803;178;0
147;18;336;8;11;5;21;3.00;2;1;1;77;0;2946521;1908;0
147;18;336;8;11;6;99;3.20;4;1;1;73;0;2946699;25083;0
147;18;336;8;11;9;35;3.40;3;1;1;73;0;2946935;1519;0
147;18;336;8;11;15;99;2.80;4;1;1;79;0;2947599;884;0
147;18;336;8;11;20;95;3.40;3;1;1;64;0;2948095;1143;0
147;18;336;8;11;24;99;5.60;3;1;1;66;0;2948499;384;0
147;18;336;8;11;25;82;3.20;2;1;1;75;0;2948582;2046;0
147;18;336;8;11;27;5;3.40;6;2;1;81;0;2948705;2884;0
147;18;336;8;11;28;99;3.60;7;2;1;82;0;2948899;5762;0
147;18;336;8;11;38;68;2.80;6;2;1;74;0;2949868;1147;0
147;18;336;8;11;41;19;3.60;3;1;1;75;0;2950119;1589;0
147;18;336;8;11;42;99;4.40;3;1;1;69;0;2950299;162;0
147;18;336;8;11;44;99;3.40;1;1;1;80;0;2950499;7310;0
147;18;336;8;11;57;10;4.00;2;1;1;77;0;2951710;3112;0
147;18;336;8;12;1;12;3.40;2;1;1;76;0;2952112;383;0
147;18;336;8;12;2;99;3.80;7;2;1;83;0;2952299;3384;0
147;18;336;8;12;13;18;3.60;3;1;1;77;0;2953318;2996;0
147;18;336;8;12;13;18;8.40;6;2;2;81;0;2953318;3436;0
147;18;336;8;12;16;12;3.60;6;2;1;76;0;2953612;256;0
147;18;336;8;12;18;18;3.40;7;2;1;79;0;2953818;1502;0
147;18;336;8;12;20;99;3.40;1;1;1;79;0;2954099;3584;0
147;18;336;8;12;21;28;3.80;2;1;1;67;0;2954128;1999;0
147;18;336;8;12;23;99;3.40;3;1;1;73;0;2954399;1064;0
147;18;336;8;12;30;99;3.40;2;1;1;93;0;2955099;950;0
147;18;336;8;12;31;8;3.80;4;1;1;81;0;2955108;7496;0
147;18;336;8;12;32;99;4.80;2;1;1;82;0;2955299;186;0
147;18;336;8;12;32;99;2.80;3;1;1;73;0;2955299;883;0
147;18;336;8;12;35;99;3.60;7;2;1;81;0;2955599;1765;0
147;18;336;8;12;36;99;4.80;3;1;1;84;0;2955699;386;0
147;18;336;8;12;38;99;3.60;4;1;1;84;0;2955899;774;0
147;18;336;8;12;39;86;3.40;6;2;1;75;0;2955986;2356;0
147;18;336;8;12;40;99;3.80;2;1;1;78;0;2956099;778;0
147;18;336;8;12;45;99;3.80;6;2;1;76;0;2956599;596;0
147;18;336;8;12;50;99;3.60;6;2;1;76;0;2957099;482;0
147;18;336;8;12;54;34;3.80;3;1;1;76;0;2957434;1714;0
147;18;336;8;12;56;18;4.00;2;1;1;79;0;2957618;1501;0
147;18;336;8;12;59;99;3.60;6;2;1;79;0;2957999;882;0
147;18;336;8;12;59;19;3.80;3;1;1;78;0;2957919;467;0
147;18;336;8;13;6;99;3.80;2;1;1;78;0;2958699;1062;0
147;18;336;8;13;6;99;3.60;3;1;1;84;0;2958699;762;0
147;18;336;8;13;9;5;3.60;1;1;1;84;0;2958905;4790;0
147;18;336;8;13;11;99;3.80;6;2;1;77;0;2959199;1183;0
147;18;336;8;13;14;99;3.60;6;2;1;77;0;2959499;282;0
147;18;336;8;13;19;10;3.20;3;1;1;72;0;2959910;1195;0
147;18;336;8;13;22;14;3.80;2;1;1;69;0;2960214;1497;0
147;18;336;8;13;31;99;3.00;2;1;1;75;0;2961199;965;0
147;18;336;8;13;38;83;4.00;7;2;1;87;0;2961883;6268;0
147;18;336;8;13;41;99;3.60;3;1;1;80;0;2962199;2273;0
147;18;336;8;13;43;10;3.60;2;1;1;80;0;2962310;1096;0
147;18;336;8;13;44;99;3.00;3;1;1;79;0;2962499;283;0
147;18;336;8;13;46;28;3.40;6;2;1;80;0;2962628;3112;0
147;18;336;8;13;47;99;4.00;7;2;1;82;0;2962799;899;0
147;18;336;8;13;49;17;3.00;6;2;1;80;0;2962917;273;0
147;18;336;8;13;49;99;4.40;4;1;1;80;0;2962999;7084;0
147;18;336;8;13;51;91;3.80;3;1;1;77;0;2963191;678;0
147;18;336;8;13;52;25;3.80;6;2;1;80;0;2963225;294;0
147;18;336;8;13;52;99;3.80;8;2;1;76;0;2963299;18875;0
147;18;336;8;13;54;99;4.00;6;2;1;82;0;2963499;256;0
147;18;336;8;13;55;99;3.80;7;2;1;87;0;2963599;782;0
147;18;336;8;14;1;17;3.80;3;1;1;79;0;2964117;908;0
147;18;336;8;14;4;26;3.60;6;2;1;81;0;2964426;909;0
147;18;336;8;14;5;99;3.20;7;2;1;80;0;2964599;984;0
147;18;336;8;14;7;99;3.80;6;2;1;92;0;2964799;357;0
147;18;336;8;14;12;99;3.40;2;1;1;88;0;2965299;2972;0
147;18;336;8;14;18;10;6.20;6;2;1;80;0;2965810;996;0
147;18;336;8;14;20;99;3.20;6;2;1;80;0;2966099;261;0
147;18;336;8;14;21;34;4.00;4;1;1;78;0;2966134;3115;0
147;18;336;8;14;26;99;3.60;6;2;1;76;0;2966699;585;0
147;18;336;8;14;28;99;5.20;3;1;1;90;0;2966899;2764;0
147;18;336;8;14;29;27;3.60;5;2;1;83;0;2966927;51334;0
147;18;336;8;14;29;30;5.60;6;2;1;78;0;2966930;213;0
147;18;336;8;14;32;87;3.20;6;2;1;83;0;2967287;331;0
147;18;336;8;14;36;17;3.40;2;1;1;74;0;2967617;2304;0
147;18;336;8;14;37;82;3.40;7;2;1;78;0;2967782;3168;0
147;18;336;8;14;44;4;3.40;3;1;1;78;0;2968404;1484;0
147;18;336;8;14;57;45;3.60;3;1;1;78;0;2969745;1325;0
147;18;336;8;15;4;99;3.60;6;2;1;84;0;2970499;3198;0
147;18;336;8;15;7;99;4.00;2;1;1;70;0;2970799;3165;0
147;18;336;8;15;8;93;3.60;6;2;1;83;0;2970893;378;0
147;18;336;8;15;9;3;3.80;3;1;1;78;0;2970903;1141;0
147;18;336;8;15;11;99;3.20;2;1;1;79;0;2971199;379;0
147;18;336;8;15;14;10;3.40;3;1;1;73;0;2971410;489;0
147;18;336;8;15;18;99;3.00;6;2;1;79;0;2971899;990;0
147;18;336;8;15;20;43;4.00;6;2;1;74;0;2972043;130;0
147;18;336;8;15;29;99;3.60;3;1;1;71;0;2972999;1572;0
147;18;336;8;15;30;6;3.80;3;1;1;70;0;2973006;-1;0
147;18;336;8;15;32;5;3.00;6;2;1;77;0;2973205;1142;0
147;18;336;8;15;36;12;3.20;7;2;1;84;0;2973612;5814;0
147;18;336;8;15;37;99;3.80;3;1;1;82;0;2973799;773;0
147;18;336;8;15;39;99;3.80;6;2;1;78;0;2973999;779;0
147;18;336;8;15;40;99;4.00;7;2;1;85;0;2974099;473;0
147;18;336;8;15;47;99;4.00;3;1;1;80;0;2974799;983;0
147;18;336;8;15;57;99;3.60;6;2;1;83;0;2975799;1782;0
147;18;336;8;16;1;0;4.00;8;2;1;78;0;2976100;12783;0
147;18;336;8;16;2;99;3.40;3;1;1;74;0;2976299;1482;0
147;18;336;8;16;2;99;3.00;6;2;1;86;0;2976299;484;0
147;18;336;8;16;4;58;3.80;3;1;1;76;0;2976458;142;0
147;18;336;8;16;5;13;5.40;4;1;1;84;0;2976513;10360;0
147;18;336;8;16;6;30;3.00;6;2;1;82;0;2976630;318;0
147;18;336;8;16;9;14;3.20;6;2;1;80;0;2976914;270;0
147;18;336;8;16;10;27;3.40;6;2;1;81;0;2977027;98;0
147;18;336;8;16;11;16;4.00;8;2;1;91;0;2977116;997;0
147;18;336;8;16;11;40;3.80;3;1;1;77;0;2977140;664;0
147;18;336;8;16;12;1;3.40;6;2;1;79;0;2977201;158;0
147;18;336;8;16;18;99;3.40;7;2;1;82;0;2977899;3783;0
147;18;336;8;16;22;14;5.40;3;1;1;72;0;2978214;1056;0
147;18;336;8;16;25;99;3.20;2;1;1;75;0;2978599;7385;0
147;18;336;8;16;35;24;3.60;7;2;1;84;0;2979524;1610;0
147;18;336;8;16;35;99;3.60;2;1;1;81;0;2979599;984;0
147;18;336;8;16;37;79;3.60;6;2;1;80;0;2979779;2562;0
147;18;336;8;16;41;99;3.60;2;1;1;76;0;2980199;584;0
147;18;336;8;16;44;5;4.20;7;2;1;83;0;2980405;865;0
147;18;336;8;16;51;99;3.40;1;1;1;73;0;2981199;22278;0
147;18;336;8;16;52;7;3.20;3;1;1;74;0;2981207;2966;0
147;18;336;8;16;55;1;3.60;3;1;1;84;0;2981501;278;0
147;18;336;8;16;55;77;3.20;6;2;1;75;0;2981577;1781;0
147;18;336;8;16;58;99;3.20;1;1;1;74;0;2981899;683;0
147;18;336;8;16;58;99;3.20;6;2;1;78;0;2981899;306;0
147;18;336;8;17;0;65;3.80;3;1;1;80;0;2982065;548;0
147;18;336;8;17;2;17;3.80;3;1;1;81;0;2982217;134;0
147;18;336;8;17;7;99;3.20;6;2;1;74;0;2982799;885;0
147;18;336;8;17;10;5;3.60;6;2;1;81;0;2983005;190;0
147;18;336;8;17;13;34;3.60;6;2;1;79;0;2983334;313;0
147;18;336;8;17;14;99;3.20;3;1;1;77;0;2983499;1265;0
147;18;336;8;17;18;11;3.60;2;1;1;81;0;2983811;3594;0
147;18;336;8;17;19;99;3.80;3;1;1;89;0;2983999;485;0
147;18;336;8;17;21;99;4.00;7;2;1;78;0;2984199;3775;0
147;18;336;8;17;22;99;3.60;2;1;1;83;0;2984299;472;0
147;18;336;8;17;23;37;3.80;1;1;1;82;0;2984337;2422;0
147;18;336;8;17;27;99;3.80;3;1;1;86;0;2984799;784;0
147;18;336;8;17;36;57;3.20;7;2;1;81;0;2985657;1439;0
147;18;336;8;17;38;33;4.40;7;2;1;79;0;2985833;161;0
147;18;336;8;17;39;24;3.60;2;1;1;81;0;2985924;1609;0
147;18;336;8;17;42;1;3.60;2;1;1;73;0;2986201;261;0
147;18;336;8;17;42;99;3.80;6;2;1;82;0;2986299;2948;0
147;18;336;8;17;43;99;3.40;3;1;1;75;0;2986399;1584;0
147;18;336;8;17;44;5;3.80;2;1;1;73;0;2986405;186;0
147;18;336;8;17;48;99;3.60;6;2;1;80;0;2986899;583;0
147;18;336;8;17;51;17;3.80;3;1;1;82;0;2987117;701;0
147;18;336;8;17;54;9;3.60;6;2;1;81;0;2987409;493;0
147;18;336;8;17;57;99;3.20;6;2;1;88;0;2987799;374;0
147;18;336;8;17;58;99;3.20;3;1;1;81;0;2987899;765;0
147;18;336;8;18;3;99;3.80;1;1;1;81;0;2988399;4045;0
147;18;336;8;18;3;99;3.20;3;1;1;82;0;2988399;485;0
147;18;336;8;18;4;24;3.60;6;2;1;85;0;2988424;611;0
147;18;336;8;18;12;4;2.80;3;1;1;73;0;2989204;790;0
147;18;336;8;18;14;6;3.60;3;1;1;77;0;2989406;188;0
147;18;336;8;18;15;99;3.80;6;2;1;80;0;2989599;1159;0
147;18;336;8;18;17;52;5.80;6;2;1;78;0;2989752;135;0
147;18;336;8;18;19;11;4.80;3;1;1;84;0;2989911;488;0
147;18;336;8;18;19;27;3.60;6;2;1;74;0;2989927;148;0
147;18;336;8;18;29;27;4.00;6;2;1;80;0;2990927;982;0
147;18;336;8;18;37;12;3.80;3;1;1;78;0;2991712;1780;0
147;18;336;8;18;38;12;3.40;2;1;1;84;0;2991812;5388;0
147;18;336;8;18;39;99;3.40;2;1;1;77;0;2991999;172;0
147;18;336;8;18;41;19;3.20;3;1;1;81;0;2992119;389;0
147;18;336;8;18;42;46;4.00;3;1;1;79;0;2992246;112;0
147;18;336;8;18;48;6;3.20;2;1;1;65;0;2992806;791;0
147;18;336;8;18;48;99;3.00;2;1;1;65;0;2992899;75;0
147;18;336;8;18;49;99;3.80;3;1;1;76;0;2992999;734;0
147;18;336;8;18;54;99;3.60;2;1;1;73;0;2993499;583;0
147;18;336;8;18;55;14;3.60;3;1;1;82;0;2993514;497;0
147;18;336;8;19;7;99;3.60;6;2;1;73;0;2994799;3854;0
147;18;336;8;19;8;26;3.60;7;2;1;79;0;2994826;8972;0
147;18;336;8;19;19;99;3.60;6;2;1;79;0;2995999;1182;0
147;18;336;8;19;22;99;3.80;7;2;1;84;0;2996299;1456;0
147;18;336;8;19;27;99;3.80;1;1;1;74;0;2996799;8383;0
147;18;336;8;19;30;18;3.60;3;1;1;83;0;2997018;3488;0
147;18;336;8;19;32;99;3.60;3;1;1;78;0;2997299;265;0
147;18;336;8;19;42;99;4.00;7;2;1;74;0;2998299;1983;0
147;18;336;8;19;44;18;3.80;7;2;1;83;0;2998418;99;0
147;18;336;8;19;45;30;3.20;2;1;1;92;0;2998530;5013;0
147;18;336;8;19;45;99;3.80;7;2;1;84;0;2998599;164;0
147;18;336;8;19;49;95;3.80;6;2;1;78;0;2998995;2979;0
147;18;336;8;19;50;99;3.20;5;2;1;85;0;2999099;32156;0
147;18;336;8;19;52;76;12.40;6;2;7;84;0;2999276;263;0
147;18;336;8;19;54;53;3.60;3;1;1;81;0;2999453;2137;0
147;18;336;8;19;54;52;3.80;7;2;1;77;0;2999452;836;0
147;18;336;8;19;56;5;3.60;3;1;1;82;0;2999605;136;0
147;18;336;8;19;59;57;4.20;1;1;1;86;0;2999957;3139;0
147;18;336;8;20;0;99;3.60;8;2;1;81;0;3000099;22967;0
147;18;336;8;20;3;99;4.00;3;1;1;79;0;3000399;778;0
147;18;336;8;20;5;96;4.40;6;2;1;79;0;3000596;1266;0
147;18;336;8;20;5;99;3.60;4;1;1;79;0;3000599;24062;0
147;18;336;8;20;5;99;3.60;3;1;1;68;0;3000599;181;0
147;18;336;8;20;10;99;3.60;6;2;1;76;0;3001099;482;0
147;18;336;8;20;21;99;3.20;3;1;1;81;0;3002199;1580;0
147;18;336;8;20;26;99;3.60;8;2;1;86;0;3002699;2584;0
147;18;336;8;20;28;15;3.60;2;1;1;81;0;3002815;4272;0
147;18;336;8;20;37;99;3.60;6;2;1;82;0;3003799;2682;0
147;18;336;8;20;39;99;3.40;6;2;1;75;0;3003999;184;0
147;18;336;8;20;40;49;3.40;3;1;1;79;0;3004049;1835;0
147;18;336;8;20;42;5;4.00;2;1;1;84;0;3004205;1374;0
147;18;336;8;20;50;2;3.60;3;1;1;78;0;3005002;937;0
147;18;336;8;21;2;99;4.00;2;1;1;88;0;3006299;2076;0
147;18;336;8;21;3;28;3.20;3;1;1;82;0;3006328;1309;0
147;18;336;8;21;4;99;3.20;6;2;1;83;0;3006499;2483;0
147;18;336;8;21;4;99;3.40;7;2;1;83;0;3006499;7029;0
147;18;336;8;21;13;31;3.40;1;1;1;86;0;3007331;7356;0
147;18;336;8;21;13;99;3.40;3;1;1;81;0;3007399;1056;0
147;18;336;8;21;14;99;3.80;3;1;1;83;0;3007499;84;0
147;18;336;8;21;16;22;4.00;3;1;1;82;0;3007622;106;0
147;18;336;8;21;18;26;3.20;1;1;1;81;0;3007826;480;0
147;18;336;8;21;25;99;3.40;6;2;1;76;0;3008599;2086;0
147;18;336;8;21;28;22;3.80;3;1;1;77;0;3008822;1182;0
147;18;336;8;21;31;10;3.80;2;1;1;83;0;3009110;2794;0
147;18;336;8;21;32;99;6.00;6;2;1;74;0;3009299;683;0
147;18;336;8;21;45;99;3.60;2;1;1;82;0;3010599;1472;0
147;18;336;8;21;45;99;3.80;6;2;1;81;0;3010599;1270;0
147;18;336;8;21;47;63;4.00;7;2;1;65;0;3010763;4249;0
147;18;336;8;21;47;99;3.60;3;1;1;88;0;3010799;1959;0
147;18;336;8;21;48;99;3.20;6;2;1;79;0;3010899;283;0
147;18;336;8;21;48;99;3.60;2;1;1;80;0;3010899;284;0
147;18;336;8;21;50;99;3.40;2;1;1;74;0;3011099;183;0
147;18;336;8;21;57;46;3.40;6;2;1;71;0;3011746;832;0
147;18;336;8;22;0;99;3.20;6;2;1;76;0;3012099;335;0
147;18;336;8;22;5;99;3.40;3;1;1;86;0;3012599;1785;0
147;18;336;8;22;8;5;3.60;3;1;1;82;0;3012805;191;0
147;18;336;8;22;9;99;3.60;2;1;1;76;0;3012999;1883;0
147;18;336;8;22;10;72;3.60;4;1;1;76;0;3013072;12456;0
147;18;336;8;22;22;99;4.40;3;1;1;74;0;3014299;1478;0
147;18;336;8;22;22;0;3.20;8;2;1;85;0;3014200;11485;0
147;18;336;8;22;24;99;3.40;8;2;1;65;0;3014499;285;0
147;18;336;8;22;27;0;3.60;6;2;1;90;0;3014700;2585;0
147;18;336;8;22;28;99;3.20;2;1;1;75;0;3014899;1882;0
147;18;336;8;22;29;99;5.40;6;2;1;83;0;3014999;284;0
147;18;336;8;22;32;6;3.80;6;2;1;77;0;3015206;183;0
147;18;336;8;22;42;13;3.80;3;1;1;84;0;3016213;1892;0
147;18;336;8;22;51;99;3.00;6;2;1;79;0;3017199;1975;0
147;18;336;8;23;5;2;3.40;7;2;1;79;0;3018502;7716;0
147;18;336;8;23;7;28;3.20;3;1;1;79;0;3018728;2498;0
147;18;336;8;23;15;99;3.80;3;1;1;80;0;3019599;856;0
147;18;336;8;23;16;99;4.40;6;2;1;77;0;3019699;2486;0
147;18;336;8;23;16;15;4.00;4;1;1;82;0;3019615;6525;0
147;18;336;8;23;20;99;5.80;6;2;1;78;0;3020099;379;0
147;18;336;8;23;22;91;3.60;6;2;1;86;0;3020291;165;0
147;18;336;8;23;24;28;3.40;6;2;1;80;0;3020428;121;0
147;18;336;8;23;27;4;3.80;6;2;1;76;0;3020704;260;0
147;18;336;8;23;28;99;3.80;6;2;1;79;0;3020899;177;0
147;18;336;8;23;29;40;3.40;5;2;1;90;0;3020940;21827;0
147;18;336;8;23;29;40;3.40;3;1;1;82;0;3020940;1323;0
147;18;336;8;23;31;17;3.40;4;1;1;76;0;3021117;1484;0
147;18;336;8;23;33;16;3.20;2;1;1;79;0;3021316;6401;0
147;18;336;8;23;37;63;3.60;4;1;1;81;0;3021763;629;0
147;18;336;8;23;37;99;3.60;2;1;1;85;0;3021799;468;0
147;18;336;8;23;41;13;3.60;5;2;1;80;0;3022113;1159;0
147;18;336;8;23;41;99;3.60;2;1;1;83;0;3022199;384;0
147;18;336;8;23;42;38;3.00;6;2;1;73;0;3022238;1321;0
147;18;336;8;23;42;63;3.80;4;1;1;77;0;3022263;484;0
147;18;336;8;23;42;75;3.60;2;1;1;75;0;3022275;60;0
147;18;336;8;23;43;99;4.00;6;2;1;81;0;3022399;146;0
147;18;336;8;23;51;99;3.80;7;2;1;75;0;3023199;4681;0
147;18;336;8;23;56;99;3.40;3;1;1;70;0;3023699;2744;0
147;18;336;8;23;59;99;4.80;3;1;1;89;0;3023999;282;0
147;18;336;8;24;5;9;3.40;2;1;1;81;0;3024509;2216;0
147;18;336;8;24;8;99;3.60;6;2;1;65;0;3024899;2482;0
147;18;336;8;24;14;10;3.80;2;1;1;77;0;3025410;885;0
147;18;336;8;24;15;2;3.80;3;1;1;75;0;3025502;1483;0
147;18;336;8;24;20;52;4.40;3;1;1;74;0;3026052;531;0
147;18;336;8;24;29;29;3.00;3;1;1;81;0;3026929;855;0
147;18;336;8;24;29;99;3.80;7;2;1;81;0;3026999;3781;0
147;18;336;8;24;30;5;4.00;6;2;1;81;0;3027005;2086;0
147;18;336;8;24;31;23;3.40;5;2;1;83;0;3027123;4993;0
147;18;336;8;24;32;99;3.80;6;2;1;85;0;3027299;276;0
147;18;336;8;24;33;30;3.60;3;1;1;86;0;3027330;387;0
147;18;336;8;24;37;8;3.60;6;2;1;70;0;3027708;392;0
147;18;336;8;24;37;99;3.40;1;1;1;74;0;3027799;19958;0
147;18;336;8;24;40;99;3.60;2;1;1;75;0;3028099;2671;0
147;18;336;8;24;52;99;3.40;6;2;1;82;0;3029299;1572;0
147;18;336;8;24;53;19;3.60;3;1;1;78;0;3029319;1973;0
147;18;336;8;24;55;23;4.40;7;2;1;85;0;3029523;2507;0
147;18;336;8;24;55;99;4.00;2;1;1;100;0;3029599;1482;0
147;18;336;8;25;2;99;6.80;6;2;1;75;0;3030299;985;0
147;18;336;8;25;3;99;3.20;5;2;1;81;0;3030399;3261;0
147;18;336;8;25;3;99;3.80;8;2;1;72;0;3030399;15881;0
147;18;336;8;25;4;75;3.80;3;1;1;86;0;3030475;1139;0
147;18;336;8;25;6;12;3.80;5;2;1;82;0;3030612;198;0
147;18;336;8;25;7;6;3.60;3;1;1;83;0;3030706;215;0
147;18;336;8;25;7;23;3.60;6;2;1;77;0;3030723;391;0
147;18;336;8;25;7;99;3.80;7;2;1;80;0;3030799;1257;0
147;18;336;8;25;10;16;3.60;6;2;1;83;0;3031016;276;0
147;18;336;8;25;14;91;3.40;3;1;1;73;0;3031491;769;0
147;18;336;8;25;18;99;3.40;3;1;1;77;0;3031899;391;0
147;18;336;8;25;19;52;4.20;6;2;1;80;0;3031952;920;0
147;18;336;8;25;21;10;3.40;3;1;1;86;0;3032110;195;0
147;18;336;8;25;22;77;3.40;2;1;1;77;0;3032277;2663;0
147;18;336;8;25;24;14;3.60;7;2;1;81;0;3032414;1597;0
147;18;336;8;25;26;8;3.80;3;1;1;80;0;3032608;483;0
147;18;336;8;25;27;99;3.80;6;2;1;79;0;3032799;828;0
147;18;336;8;25;30;99;3.20;6;2;1;79;0;3033099;282;0
147;18;336;8;25;31;99;3.60;6;2;1;81;0;3033199;85;0
147;18;336;8;25;31;99;3.60;3;1;1;83;0;3033199;573;0
147;18;336;8;25;32;71;3.60;6;2;1;83;0;3033271;56;0
147;18;336;8;25;41;99;3.80;3;1;1;67;0;3034199;984;0
147;18;336;8;25;42;0;3.40;2;1;1;74;0;3034200;1907;0
147;18;336;8;25;43;18;4.00;6;2;1;87;0;3034318;1031;0
147;18;336;8;25;48;12;3.60;7;2;1;84;0;3034812;2382;0
147;18;336;8;25;54;99;4.00;3;1;1;76;0;3035499;1279;0
147;18;336;8;25;55;18;3.40;6;2;1;76;0;3035518;1183;0
147;18;336;8;25;56;8;4.00;3;1;1;79;0;3035608;90;0
147;18;336;8;25;57;22;3.80;7;2;1;83;0;3035722;894;0
147;18;336;8;26;2;19;3.60;3;1;1;82;0;3036219;592;0
147;18;336;8;26;3;65;3.00;6;2;1;75;0;3036365;830;0
147;18;336;8;26;12;11;4.60;3;1;1;80;0;3037211;976;0
147;18;336;8;26;13;87;3.20;2;1;1;81;0;3037387;3170;0
147;18;336;8;26;19;2;4.00;3;1;1;83;0;3037902;670;0
147;18;336;8;26;24;99;4.00;3;1;1;74;0;3038499;579;0
147;18;336;8;26;25;2;3.40;6;2;1;95;0;3038502;2122;0
147;18;336;8;26;41;69;2.80;6;2;1;82;0;3040169;1654;0
147;18;336;8;26;47;99;3.60;3;1;1;81;0;3040799;2280;0
147;18;336;8;26;49;82;3.80;6;2;1;78;0;3040982;800;0
147;18;336;8;26;51;3;3.20;2;1;1;79;0;3041103;3701;0
147;18;336;8;26;51;39;3.80;6;2;1;82;0;3041139;139;0
147;18;336;8;26;53;1;3.00;3;1;1;82;0;3041301;486;0
147;18;336;8;26;54;14;3.80;6;2;1;88;0;3041414;258;0
147;18;336;8;26;57;99;3.80;6;2;1;81;0;3041799;369;0
147;18;336;8;26;59;46;4.60;7;2;1;74;0;3041946;6207;0
147;18;336;8;27;4;13;3.00;2;1;1;67;0;3042413;1295;0
147;18;336;8;27;6;99;3.60;8;2;1;77;0;3042699;12281;0
147;18;336;8;27;6;99;3.40;2;1;1;70;0;3042699;269;0
147;18;336;8;27;8;16;3.60;2;1;1;71;0;3042816;99;0
147;18;336;8;27;8;99;3.80;7;2;1;76;0;3042899;930;0
147;18;336;8;27;13;99;2.80;3;1;1;77;0;3043399;2084;0
147;18;336;8;27;15;99;3.40;1;1;1;69;0;3043599;15783;0
147;18;336;8;27;19;6;4.20;2;1;1;84;0;3043906;1071;0
147;18;336;8;27;19;6;3.80;3;1;1;80;0;3043906;493;0
147;18;336;8;27;20;11;3.20;4;1;1;83;0;3044011;21730;0
147;18;336;8;27;22;35;12.00;2;1;3;85;0;3044235;311;0
147;18;336;8;27;25;99;3.20;6;2;1;79;0;3044599;2783;0
147;18;336;8;27;26;99;3.80;2;1;1;78;0;3044699;413;0
147;18;336;8;27;32;35;3.20;3;1;1;98;0;3045235;1311;0
147;18;336;8;27;33;99;3.40;2;1;1;79;0;3045399;682;0
147;18;336;8;27;34;99;3.00;6;2;1;76;0;3045499;885;0
147;18;336;8;27;36;99;3.60;8;2;1;75;0;3045699;2983;0
147;18;336;8;27;37;99;4.20;7;2;1;65;0;3045799;2882;0
147;18;336;8;27;42;99;3.00;6;2;1;76;0;3046299;785;0
147;18;336;8;27;42;10;4.60;8;2;1;63;0;3046210;493;0
147;18;336;8;27;44;15;3.60;3;1;1;76;0;3046415;1168;0
147;18;336;8;27;45;84;3.60;4;1;1;83;0;3046584;2559;0
147;18;336;8;27;48;99;4.20;7;2;1;76;0;3046899;1076;0
147;18;336;8;27;56;99;3.20;7;2;1;79;0;3047699;780;0
147;18;336;8;28;3;25;3.40;3;1;1;76;0;3048325;1892;0
147;18;336;8;28;6;91;3.60;7;2;1;79;0;3048691;977;0
147;18;336;8;28;8;6;3.00;3;1;1;75;0;3048806;464;0
147;18;336;8;28;15;99;3.60;3;1;1;70;0;3049599;778;0
147;18;336;8;28;15;99;3.20;2;1;1;69;0;3049599;4184;0
147;18;336;8;28;16;81;3.00;2;1;1;84;0;3049681;65;0
147;18;336;8;28;16;81;3.20;1;1;1;85;0;3049681;6064;0
147;18;336;8;28;23;24;3.80;7;2;1;81;0;3050324;1616;0
147;18;336;8;28;23;39;3.60;6;2;1;80;0;3050339;4025;0
147;18;336;8;28;26;33;4.60;7;2;1;78;0;3050633;292;0
147;18;336;8;28;26;88;3.60;3;1;1;77;0;3050688;1070;0
147;18;336;8;28;33;99;3.80;3;1;1;78;0;3051399;694;0
147;18;336;8;28;31;65;4.20;7;2;1;14;0;3051165;510;0
147;18;336;8;28;44;5;3.60;6;2;1;89;0;3052405;2049;0
147;18;336;8;28;44;55;3.60;3;1;1;86;0;3052455;1038;0
147;18;336;8;28;59;19;3.20;7;2;1;82;0;3053919;2646;0
147;18;336;8;29;2;8;4.00;6;2;1;81;0;3054208;1788;0
147;18;336;8;29;2;50;3.60;3;1;1;76;0;3054250;1779;0
147;18;336;8;29;4;99;3.40;3;1;1;75;0;3054499;231;0
147;18;336;8;29;5;99;3.40;2;1;1;84;0;3054599;4905;0
147;18;336;8;29;5;99;3.60;7;2;1;82;0;3054599;665;0
147;18;336;8;29;8;0;3.40;6;2;1;69;0;3054800;574;0
147;18;336;8;29;10;99;13.00;2;1;4;74;0;3055099;485;0
147;18;336;8;29;13;1;3.40;3;1;1;79;0;3055301;785;0
147;18;336;8;29;17;77;3.60;6;2;1;80;0;3055777;959;0
147;18;336;8;29;19;2;3.80;2;1;1;76;0;3055902;739;0
147;18;336;8;29;27;99;3.40;6;2;1;80;0;3056799;1005;0
147;18;336;8;29;29;11;3.60;5;2;1;81;0;3056911;26282;0
147;18;336;8;29;29;81;14.20;6;2;4;78;0;3056981;166;0
147;18;336;8;29;31;5;3.80;7;2;1;79;0;3057105;2490;0
147;18;336;8;29;32;99;3.20;3;1;1;80;0;3057299;1982;0
147;18;336;8;29;42;15;4.00;1;1;1;93;0;3058215;8520;0
147;18;336;8;29;52;99;3.60;7;2;1;80;0;3059299;2176;0
147;18;336;8;29;53;4;3.60;3;1;1;76;0;3059304;1990;0
147;18;336;8;29;53;42;3.40;2;1;1;70;0;3059342;3422;0
147;18;336;8;29;54;99;3.80;4;1;1;79;0;3059499;12899;0
147;18;336;8;29;54;99;5.00;7;2;1;83;0;3059499;183;0
147;18;336;8;29;57;9;3.60;3;1;1;73;0;3059709;387;0
147;18;336;8;29;57;99;3.60;2;1;1;83;0;3059799;439;0
147;18;336;8;29;57;99;3.80;7;2;1;76;0;3059799;278;0
147;18;336;8;29;57;99;3.60;6;2;1;79;0;3059799;2752;0
147;18;336;8;29;59;99;4.20;7;2;1;81;0;3059999;182;0
147;18;336;8;30;4;99;3.60;6;2;1;83;0;3060499;683;0
147;18;336;8;30;6;65;3.60;1;1;1;78;0;3060665;2434;0
147;18;336;8;30;7;4;4.00;6;2;1;76;0;3060704;189;0
147;18;336;8;30;8;99;7.40;3;1;6;70;0;3060899;1172;0
147;18;336;8;30;10;7;3.80;5;2;1;78;0;3061007;4080;0
147;18;336;8;30;11;58;3.60;3;1;1;73;0;3061158;220;0
147;18;336;8;30;11;65;4.80;6;2;1;78;0;3061165;442;0
147;18;336;8;30;12;99;3.80;6;2;1;80;0;3061299;111;0
147;18;336;8;30;17;8;3.60;6;2;1;80;0;3061708;391;0
147;18;336;8;30;22;5;3.80;6;2;1;76;0;3062205;480;0
147;18;336;8;30;31;1;3.80;3;1;1;80;0;3063101;1925;0
147;18;336;8;30;34;4;3.40;6;2;1;78;0;3063404;1181;0
147;18;336;8;30;40;99;3.40;3;1;1;78;0;3064099;980;0
147;18;336;8;30;41;2;3.20;7;2;1;77;0;3064102;4084;0
147;18;336;8;30;42;84;3.40;6;2;1;77;0;3064284;864;0
147;18;336;8;30;45;7;3.20;6;2;1;71;0;3064507;207;0
147;18;336;8;30;46;10;3.40;7;2;1;73;0;3064610;493;0
147;18;336;8;30;47;50;3.60;6;2;1;80;0;3064750;226;0
147;18;336;8;30;49;99;9.00;6;2;2;80;0;3064999;232;0
147;18;336;8;30;50;99;3.60;4;1;1;84;0;3065099;5582;0
147;18;336;8;30;50;99;3.40;3;1;1;78;0;3065099;984;0
147;18;336;8;30;52;98;3.60;3;1;1;84;0;3065298;183;0
147;18;336;8;30;53;99;3.40;5;2;1;83;0;3065399;4374;0
147;18;336;8;30;54;17;3.20;6;2;1;80;0;3065417;377;0
147;18;336;8;31;0;81;3.00;6;2;1;77;0;3066081;649;0
147;18;336;8;31;7;31;3.60;3;1;1;82;0;3066731;1417;0
147;18;336;8;31;9;99;4.00;2;1;1;74;0;3066999;7184;0
147;18;336;8;31;15;63;4.60;3;1;1;80;0;3067563;816;0
147;18;336;8;31;17;45;3.60;4;1;1;90;0;3067745;2630;0
147;18;336;8;31;19;1;3.60;3;1;1;76;0;3067901;317;0
147;18;336;8;31;20;66;5.00;3;1;1;82;0;3068066;147;0
147;18;336;8;31;24;99;3.40;6;2;1;81;0;3068499;2403;0
147;18;336;8;31;26;27;3.60;7;2;1;84;0;3068627;4000;0
147;18;336;8;31;29;0;3.40;3;1;1;74;0;3068900;812;0
147;18;336;8;31;33;68;3.00;2;1;1;82;0;3069368;2349;0
147;18;336;8;31;34;99;3.60;3;1;1;80;0;3069499;582;0
147;18;336;8;31;35;22;3.80;3;1;1;81;0;3069522;6;0
147;18;336;8;31;36;10;3.60;7;2;1;80;0;3069610;967;0
147;18;336;8;31;36;99;4.20;3;1;1;77;0;3069699;160;0
147;18;336;8;31;36;99;3.80;4;1;1;83;0;3069699;1939;0
147;18;336;8;31;43;13;3.80;3;1;1;79;0;3070313;594;0
147;18;336;8;31;44;99;3.80;3;1;1;84;0;3070499;168;0
147;18;336;8;31;50;99;3.80;8;2;1;77;0;3071099;24862;0
147;18;336;8;31;51;4;5.60;6;2;1;72;0;3071104;2589;0
147;18;336;8;31;52;12;3.60;5;2;1;80;0;3071212;5798;0
147;18;336;8;32;4;70;3.40;3;1;1;81;0;3072470;1954;0
147;18;336;8;32;7;99;3.60;4;1;1;79;0;3072799;3083;0
147;18;336;8;32;7;99;11.60;2;1;2;82;0;3072799;3417;0
147;18;336;8;32;8;8;3.80;2;1;1;71;0;3072808;-1;0
147;18;336;8;32;10;99;3.60;6;2;1;75;0;3073099;1967;0
147;18;336;8;32;11;57;4.80;2;1;1;61;0;3073157;329;0
147;18;336;8;32;12;99;3.60;1;1;1;67;0;3073299;12617;0
147;18;336;8;32;14;87;3.60;4;1;1;74;0;3073487;671;0
147;18;336;8;32;16;47;3.80;3;1;1;72;0;3073647;1161;0
147;18;336;8;32;21;39;5.80;3;1;1;71;0;3074139;473;0
147;18;336;8;32;28;26;3.40;7;2;1;79;0;3074826;5199;0
147;18;336;8;32;31;99;3.20;6;2;1;75;0;3075199;2082;0
147;18;336;8;32;32;54;3.40;4;1;1;78;0;3075254;1749;0
147;18;336;8;32;32;82;3.20;3;1;1;68;0;3075282;1113;0
147;18;336;8;32;36;8;3.60;3;1;1;74;0;3075608;309;0
147;18;336;8;32;39;13;3.00;2;1;1;83;0;3075913;2727;0
147;18;336;8;32;41;99;3.60;8;2;1;71;0;3076199;5082;0
147;18;336;8;32;42;30;4.00;6;2;1;74;0;3076230;1015;0
147;18;336;8;32;42;77;3.40;2;1;1;81;0;3076277;350;0
147;18;336;8;32;43;15;3.00;3;1;1;79;0;3076315;689;0
147;18;336;8;32;44;13;3.80;6;2;1;80;0;3076413;163;0
147;18;336;8;32;44;12;5.00;7;2;1;78;0;3076412;1570;0
147;18;336;8;32;45;99;3.80;3;1;1;77;0;3076599;270;0
147;18;336;8;32;47;25;3.20;3;1;1;87;0;3076725;108;0
147;18;336;8;32;47;60;3.80;6;2;1;84;0;3076760;329;0
147;18;336;8;32;57;99;3.60;4;1;1;81;0;3077799;2529;0
147;18;336;8;33;2;35;3.80;6;2;1;84;0;3078235;1458;0
147;18;336;8;33;8;3;4.20;3;1;1;85;0;3078803;2064;0
147;18;336;8;33;9;99;3.80;7;2;1;77;0;3078999;2563;0
147;18;336;8;33;9;99;3.20;6;2;1;69;0;3078999;747;0
147;18;336;8;33;12;99;4.00;3;1;1;79;0;3079299;478;0
147;18;336;8;33;14;99;3.40;8;2;1;72;0;3079499;3281;0
147;18;336;8;33;14;99;4.00;6;2;1;82;0;3079499;483;0
147;18;336;8;33;16;99;3.40;2;1;1;79;0;3079699;3406;0
147;18;336;8;33;29;99;3.60;6;2;1;83;0;3080999;1482;0
147;18;336;8;33;34;99;3.00;2;1;1;76;0;3081499;1784;0
147;18;336;8;33;50;99;3.80;2;1;1;81;0;3083099;1585;0
147;18;336;8;33;57;99;3.60;5;2;1;84;0;3083799;12570;0
147;18;336;8;33;58;5;3.60;1;1;1;75;0;3083805;10486;0
147;18;336;8;34;1;20;4.40;3;1;1;74;0;3084120;4802;0
147;18;336;8;34;12;99;3.00;6;2;1;75;0;3085299;4284;0
147;18;336;8;34;13;99;3.80;6;2;1;72;0;3085399;85;0
147;18;336;8;34;14;27;3.40;2;1;1;75;0;3085427;2311;0
147;18;336;8;34;15;99;3.20;1;1;1;75;0;3085599;1776;0
147;18;336;8;34;16;99;3.00;6;2;1;76;0;3085699;281;0
147;18;336;8;34;20;99;3.20;3;1;1;72;0;3086099;1957;0
147;18;336;8;34;24;99;3.80;8;2;1;77;0;3086499;6983;0
147;18;336;8;34;25;99;3.80;1;1;1;72;0;3086599;984;0
147;18;336;8;34;29;5;4.00;6;2;1;72;0;3086905;1191;0
147;18;336;8;34;30;99;3.80;3;1;1;77;0;3087099;984;0
147;18;336;8;34;31;99;3.60;3;1;1;82;0;3087199;82;0
147;18;336;8;34;43;99;3.20;6;2;1;76;0;3088399;1474;0
147;18;336;8;34;46;99;3.40;3;1;1;78;0;3088699;1484;0
147;18;336;8;34;47;99;3.40;2;1;1;72;0;3088799;3355;0
147;18;336;8;34;47;46;3.80;1;1;1;80;0;3088746;2128;0
147;18;336;8;34;49;99;3.60;2;1;1;77;0;3088999;183;0
147;18;336;8;34;58;99;3.60;6;2;1;82;0;3089899;1484;0
147;18;336;8;35;1;99;3.80;3;1;1;83;0;3090199;1484;0
147;18;336;8;35;4;99;3.80;4;1;1;86;0;3090499;12684;0
147;18;336;8;35;5;99;3.60;3;1;1;77;0;3090599;383;0
147;18;336;8;35;5;59;3.60;6;2;1;82;0;3090559;644;0
147;18;336;8;35;8;41;4.40;3;1;1;78;0;3090841;225;0
147;18;336;8;35;10;20;4.20;7;2;1;90;0;3091020;12003;0
147;18;336;8;35;13;38;3.40;3;1;1;74;0;3091338;476;0
147;18;336;8;35;14;21;3.20;6;2;1;78;0;3091421;846;0
147;18;336;8;35;14;99;3.80;2;1;1;52;0;3091499;2483;0
147;18;336;8;35;17;99;3.40;2;1;1;62;0;3091799;273;0
147;18;336;8;35;17;99;3.40;6;2;1;82;0;3091799;363;0
147;18;336;8;35;23;7;3.60;4;1;1;81;0;3092307;1792;0
147;18;336;8;35;24;12;3.60;3;1;1;76;0;3092412;1057;0
147;18;336;8;35;25;7;3.60;6;2;1;72;0;3092507;693;0
147;18;336;8;35;26;3;3.80;3;1;1;80;0;3092603;173;0
147;18;336;8;35;40;99;3.20;6;2;1;75;0;3094099;1574;0
147;18;336;8;35;41;69;3.40;6;2;1;78;0;3094169;54;0
147;18;336;8;35;42;99;3.80;2;1;1;80;0;3094299;2480;0
147;18;336;8;35;45;99;3.60;6;2;1;77;0;3094599;414;0
147;18;336;8;35;45;99;3.60;3;1;1;83;0;3094599;1978;0
147;18;336;8;35;46;36;3.80;5;2;1;82;0;3094636;10821;0
147;18;336;8;35;47;99;4.00;6;2;1;86;0;3094799;183;0
147;18;336;8;35;48;3;3.40;7;2;1;84;0;3094803;3766;0
147;18;336;8;35;55;6;3.60;4;1;1;91;0;3095506;3183;0
147;18;336;8;35;56;16;3.40;3;1;1;83;0;3095616;1001;0
147;18;336;8;36;2;99;3.00;3;1;1;77;0;3096299;668;0
147;18;336;8;36;9;15;3.80;3;1;1;72;0;3096915;601;0
147;18;336;8;36;10;99;3.60;3;1;1;72;0;3097099;165;0
147;18;336;8;36;13;99;3.80;3;1;1;73;0;3097399;282;0
147;18;336;8;36;14;19;4.40;3;1;1;73;0;3097419;1;0
147;18;336;8;36;15;99;3.60;6;2;1;79;0;3097599;2783;0
147;18;336;8;36;19;4;3.80;1;1;1;86;0;3097904;9140;0
147;18;336;8;36;22;34;3.40;3;1;1;81;0;3098234;793;0
147;18;336;8;36;26;99;6.80;2;1;1;84;0;3098699;4382;0
147;18;336;8;36;29;2;3.80;5;2;1;97;0;3098902;4249;0
147;18;336;8;36;36;99;3.40;2;1;1;76;0;3099699;970;0
147;18;336;8;36;37;99;3.20;6;2;1;86;0;3099799;2183;0
147;18;336;8;36;37;13;3.60;1;1;1;89;0;3099713;1793;0
147;18;336;8;36;41;99;3.20;6;2;1;74;0;3100199;386;0
147;18;336;8;36;44;4;4.00;8;2;1;78;0;3100404;13887;0
147;18;336;8;36;44;99;3.60;3;1;1;83;0;3100499;2249;0
147;18;336;8;36;45;54;3.40;2;1;1;88;0;3100554;838;0
147;18;336;8;36;49;99;4.00;6;2;1;81;0;3100999;784;0
147;18;336;8;36;51;19;2.80;2;1;1;72;0;3101119;551;0
147;18;336;8;36;55;13;3.60;2;1;1;83;0;3101513;380;0
147;18;336;8;36;57;99;3.20;3;1;1;77;0;3101799;1284;0
147;18;336;8;36;59;99;4.40;3;1;1;81;0;3101999;185;0
147;18;336;8;37;0;17;3.40;6;2;1;79;0;3102017;1000;0
147;18;336;8;37;2;99;3.40;6;2;1;80;0;3102299;266;0
147;18;336;8;37;3;11;11.20;2;1;3;82;0;3102311;782;0
147;18;336;8;37;10;16;3.60;6;2;1;82;0;3103016;701;0
147;18;336;8;37;11;61;3.80;3;1;1;77;0;3103161;1142;0
147;18;336;8;37;12;99;3.80;6;2;1;80;0;3103299;267;0
147;18;336;8;37;24;8;3.40;6;2;1;83;0;3104408;1091;0
147;18;336;8;37;26;42;3.40;6;2;1;80;0;3104642;219;0
147;18;336;8;37;29;13;3.80;4;1;1;92;0;3104913;9392;0
147;18;336;8;37;40;99;3.40;3;1;1;81;0;3106099;2920;0
147;18;336;8;37;43;99;3.40;3;1;1;69;0;3106399;284;0
147;18;336;8;37;53;2;3.60;4;1;1;85;0;3107302;2374;0
147;18;336;8;37;54;72;3.40;3;1;1;80;0;3107472;1055;0
147;18;336;8;38;0;99;3.40;4;1;1;82;0;3108099;781;0
147;18;336;8;38;1;99;3.40;6;2;1;81;0;3108199;3541;0
147;18;336;8;38;6;12;3.80;6;2;1;73;0;3108612;397;0
147;18;336;8;38;8;99;3.80;8;2;1;80;0;3108899;8476;0
147;18;336;8;38;12;30;3.80;6;2;1;77;0;3109230;599;0
147;18;336;8;38;35;69;20.40;3;1;5;80;0;3111569;4081;0
147;18;336;8;38;39;99;3.40;3;1;1;84;0;3111999;338;0
147;18;336;8;38;41;99;3.60;7;2;1;75;0;3112199;17381;0
147;18;336;8;38;49;2;3.20;6;2;1;73;0;3112902;3654;0
147;18;336;8;38;49;99;3.80;3;1;1;77;0;3112999;985;0
147;18;336;8;38;58;61;4.40;6;2;1;80;0;3113861;943;0
147;18;336;8;39;1;93;4.00;6;2;1;79;0;3114193;312;0
147;18;336;8;39;1;98;3.60;3;1;1;80;0;3114198;1181;0
147;18;336;8;39;3;99;3.40;3;1;1;79;0;3114399;184;0
147;18;336;8;39;3;2;3.60;7;2;1;82;0;3114302;2085;0
147;18;336;8;39;8;33;3.40;2;1;1;94;0;3114833;12472;0
147;18;336;8;39;12;99;3.40;6;2;1;85;0;3115299;1087;0
147;18;336;8;39;16;20;4.00;6;2;1;81;0;3115620;306;0
147;18;336;8;39;20;99;4.60;6;2;1;75;0;3116099;461;0
147;18;336;8;39;22;99;3.40;6;2;1;80;0;3116299;177;0
147;18;336;8;39;26;16;3.80;3;1;1;80;0;3116616;2201;0
147;18;336;8;39;29;15;4.00;3;1;1;90;0;3116915;281;0
147;18;336;8;39;32;10;3.20;6;2;1;84;0;3117210;895;0
147;18;336;8;39;44;0;3.40;1;1;1;86;0;3118400;18672;0
147;18;336;8;39;46;99;3.00;6;2;1;78;0;3118699;1475;0
147;18;336;8;39;47;63;4.00;1;1;1;91;0;3118763;348;0
147;18;336;8;39;49;3;3.80;2;1;1;93;0;3118903;4056;0
147;18;336;8;39;50;13;4.00;3;1;1;80;0;3119013;2082;0
147;18;336;8;39;52;44;3.80;3;1;1;81;0;3119244;213;0
147;18;336;8;39;53;99;3.80;2;1;1;86;0;3119399;481;0
147;18;336;8;39;56;99;3.20;4;1;1;101;0;3119699;11585;0
147;18;336;8;39;59;99;3.60;6;2;1;80;0;3119999;1286;0
147;18;336;8;40;10;98;3.00;7;2;1;82;0;3121098;6780;0
147;18;336;8;40;13;11;4.20;6;2;1;75;0;3121311;1295;0
147;18;336;8;40;19;2;3.80;3;1;1;77;0;3121902;2641;0
147;18;336;8;40;19;20;3.80;4;1;1;78;0;3121920;2209;0
147;18;336;8;40;20;61;3.20;6;2;1;80;0;3122061;729;0
147;18;336;8;40;22;99;4.00;7;2;1;78;0;3122299;1187;0
147;18;336;8;40;23;73;3.40;6;2;1;83;0;3122373;297;0
147;18;336;8;40;27;13;3.40;3;1;1;74;0;3122713;793;0
147;18;336;8;40;32;6;3.60;3;1;1;75;0;3123206;476;0
147;18;336;8;40;35;99;3.60;3;1;1;75;0;3123599;375;0
147;18;336;8;40;38;56;3.40;6;2;1;77;0;3123856;1468;0
147;18;336;8;40;44;17;3.40;2;1;1;74;0;3124417;5002;0
147;18;336;8;40;44;99;3.80;6;2;1;74;0;3124499;627;0
147;18;336;8;40;45;99;3.60;2;1;1;76;0;3124599;165;0
147;18;336;8;40;46;89;3.80;6;2;1;78;0;3124689;171;0
147;18;336;8;40;50;14;4.00;6;2;1;79;0;3125014;307;0
147;18;336;8;40;57;99;4.40;2;1;1;84;0;3125799;1182;0
147;18;336;8;41;0;99;4.00;3;1;1;87;0;3126099;2482;0
147;18;336;8;41;14;73;4.00;7;2;1;72;0;3127473;5155;0
147;18;336;8;41;15;99;3.60;3;1;1;85;0;3127599;1483;0
147;18;336;8;41;19;50;3.40;6;2;1;75;0;3127950;2917;0
147;18;336;8;41;21;99;5.40;8;2;1;69;0;3128199;19282;0
147;18;336;8;41;21;99;3.60;6;2;1;81;0;3128199;232;0
147;18;336;8;41;22;98;3.20;6;2;1;73;0;3128298;83;0
147;18;336;8;41;29;6;3.40;3;1;1;74;0;3128906;1291;0
147;18;336;8;41;29;47;3.60;2;1;1;78;0;3128947;3129;0
147;18;336;8;41;31;99;3.00;3;1;1;74;0;3129199;276;0
147;18;336;8;41;33;13;3.20;1;1;1;74;0;3129313;10534;0
147;18;336;8;41;33;99;3.60;6;2;1;83;0;3129399;1085;0
147;18;336;8;41;39;22;3.40;3;1;1;80;0;3129922;708;0
147;18;336;8;41;39;99;3.60;4;1;1;83;0;3129999;8061;0
147;18;336;8;41;41;99;3.00;2;1;1;73;0;3130199;1235;0
147;18;336;8;41;52;27;4.00;6;2;1;107;0;3131227;1812;0
147;18;336;8;41;52;46;3.60;3;1;1;90;0;3131246;1308;0
147;18;336;8;41;54;26;4.00;7;2;1;88;0;3131426;3933;0
147;18;336;8;41;59;99;3.60;6;2;1;79;0;3131999;758;0
147;18;336;8;41;59;99;4.00;8;2;1;80;0;3131999;3771;0
147;18;336;8;42;0;78;4.00;2;1;1;74;0;3132078;1864;0
147;18;336;8;42;7;6;3.80;6;2;1;74;0;3132706;690;0
147;18;336;8;42;9;99;3.40;6;2;1;76;0;3132999;274;0
147;18;336;8;42;9;99;3.40;2;1;1;75;0;3132999;901;0
147;18;336;8;42;10;70;3.40;6;2;1;83;0;3133070;54;0
147;18;336;8;42;13;7;3.80;7;2;1;72;0;3133307;1864;0
147;18;336;8;42;14;99;4.60;6;2;1;74;0;3133499;414;0
147;18;336;8;42;18;71;3.40;3;1;1;80;0;3133871;2610;0
147;18;336;8;42;23;19;4.00;8;2;1;82;0;3134319;2302;0
147;18;336;8;42;24;99;3.60;6;2;1;77;0;3134499;977;0
147;18;336;8;42;26;99;3.40;7;2;1;83;0;3134699;1373;0
147;18;336;8;42;29;99;6.20;6;2;1;83;0;3134999;483;0
147;18;336;8;42;32;99;4.60;2;1;1;78;0;3135299;2283;0
147;18;336;8;42;33;31;3.40;8;2;1;90;0;3135331;994;0
147;18;336;8;42;34;99;4.00;4;1;1;81;0;3135499;5484;0
147;18;336;8;42;37;13;5.20;3;1;1;85;0;3135713;1826;0
147;18;336;8;42;39;7;3.60;7;2;1;85;0;3135907;1193;0
147;18;336;8;42;41;48;3.40;7;2;1;82;0;3136148;225;0
147;18;336;8;42;42;13;3.60;3;1;1;87;0;3136213;477;0
147;18;336;8;42;45;99;3.40;2;1;1;84;0;3136599;1278;0
147;18;336;8;42;46;76;3.80;6;2;1;81;0;3136676;1650;0
147;18;336;8;42;47;99;3.60;3;1;1;75;0;3136799;571;0
147;18;336;8;42;48;30;3.60;2;1;1;84;0;3136830;216;0
147;18;336;8;42;50;2;3.40;8;2;1;73;0;3137002;1657;0
147;18;336;8;42;50;99;3.60;6;2;1;79;0;3137099;406;0
147;18;336;8;42;52;99;3.40;2;1;1;73;0;3137299;453;0
147;18;336;8;43;1;14;4.00;7;2;1;87;0;3138114;1951;0
147;18;336;8;43;2;99;3.20;2;1;1;73;0;3138299;983;0
147;18;336;8;43;5;17;3.60;3;1;1;83;0;3138517;1700;0
147;18;336;8;43;5;99;3.80;4;1;1;83;0;3138599;3082;0
147;18;336;8;43;6;3;3.60;2;1;1;83;0;3138603;288;0
147;18;336;8;43;6;38;3.60;6;2;1;82;0;3138638;1522;0
147;18;336;8;43;8;99;3.80;3;1;1;85;0;3138899;366;0
147;18;336;8;43;8;99;3.40;5;2;1;82;0;3138899;39982;0
147;18;336;8;43;15;17;3.80;2;1;1;88;0;3139517;898;0
147;18;336;8;43;17;98;4.60;3;1;1;75;0;3139798;882;0
147;18;336;8;43;20;99;3.80;6;2;1;80;0;3140099;1445;0
147;18;336;8;43;20;81;19.60;7;2;5;76;0;3140081;1950;0
147;18;336;8;43;24;20;3.60;3;1;1;83;0;3140420;599;0
147;18;336;8;43;25;99;3.40;1;1;1;74;0;3140599;11270;0
147;18;336;8;43;25;99;3.20;3;1;1;83;0;3140599;163;0
147;18;336;8;43;27;54;3.80;1;1;1;73;0;3140754;138;0
147;18;336;8;43;29;74;1.00;7;2;1;1;1;3140974;800;0
147;18;336;8;43;33;99;3.60;6;2;1;78;0;3141399;1282;0
147;18;336;8;43;36;99;3.60;6;2;1;76;0;3141699;283;0
147;18;336;8;43;37;9;3.80;2;1;1;78;0;3141709;2176;0
147;18;336;8;43;37;34;4.20;7;2;1;19;0;3141734;1560;0
147;18;336;8;43;43;99;3.80;6;2;1;77;0;3142399;682;0
147;18;336;8;43;44;99;4.00;7;2;1;84;0;3142499;685;0
147;18;336;8;43;48;99;3.80;3;1;1;80;0;3142899;2286;0
147;18;336;8;43;57;0;4.00;4;1;1;78;0;3143700;5084;0
147;18;336;8;43;57;99;3.40;3;1;1;69;0;3143799;882;0
147;18;336;8;43;58;86;4.20;4;1;1;81;0;3143886;167;0
147;18;336;8;44;4;99;3.20;2;1;1;76;0;3144499;2772;0
147;18;336;8;44;7;99;3.60;7;2;1;80;0;3144799;2282;0
147;18;336;8;44;8;30;4.20;3;1;1;94;0;3144830;1013;0
147;18;336;8;44;11;99;3.40;6;2;1;78;0;3145199;2782;0
147;18;336;8;44;13;56;3.00;3;1;1;77;0;3145356;509;0
147;18;336;8;44;14;99;3.40;7;2;1;80;0;3145499;683;0
147;18;336;8;44;15;26;3.40;2;1;1;76;0;3145526;1011;0
147;18;336;8;44;16;19;3.80;3;1;1;78;0;3145619;248;0
147;18;336;8;44;19;11;3.20;6;2;1;73;0;3145911;696;0
147;18;336;8;44;19;99;3.60;5;2;1;78;0;3145999;7085;0
147;18;336;8;44;22;99;3.20;5;2;1;86;0;3146299;283;0
147;18;336;8;44;25;21;3.80;8;2;1;81;0;3146521;9502;0
147;18;336;8;44;31;33;3.80;5;2;1;80;0;3147133;820;0
147;18;336;8;44;31;48;3.40;6;2;1;80;0;3147148;1221;0
147;18;336;8;44;38;99;3.20;3;1;1;82;0;3147899;2262;0
147;18;336;8;44;41;73;3.80;3;1;1;80;0;3148173;259;0
147;18;336;8;44;42;99;4.20;3;1;1;80;0;3148299;108;0
147;18;336;8;44;43;99;3.40;6;2;1;75;0;3148399;1235;0
147;18;336;8;44;46;61;3.20;6;2;1;83;0;3148661;245;0
147;18;336;8;44;47;18;3.40;3;1;1;82;0;3148718;400;0
147;18;336;8;44;48;99;3.80;6;2;1;88;0;3148899;224;0
147;18;336;8;44;51;6;3.80;5;2;1;86;0;3149106;1955;0
147;18;336;8;44;52;99;3.40;6;2;1;73;0;3149299;384;0
147;18;336;8;44;56;16;3.80;3;1;1;85;0;3149616;883;0
147;18;336;8;44;57;97;3.20;2;1;1;72;0;3149797;4254;0
147;18;336;8;45;2;96;3.60;3;1;1;74;0;3150296;663;0
147;18;336;8;45;3;99;3.20;1;1;1;79;0;3150399;9626;0
147;18;336;8;45;4;62;4.20;3;1;1;83;0;3150462;148;0
147;18;336;8;45;5;99;3.80;7;2;1;80;0;3150599;5084;0
147;18;336;8;45;12;46;3.40;6;2;1;73;0;3151246;1930;0
147;18;336;8;45;20;99;3.40;6;2;1;73;0;3152099;836;0
147;18;336;8;45;21;99;3.80;5;2;1;100;0;3152199;3077;0
147;18;336;8;45;21;99;4.60;3;1;1;79;0;3152199;1718;0
147;18;336;8;45;22;12;5.00;2;1;1;86;0;3152212;2399;0
147;18;336;8;45;28;19;3.80;3;1;1;77;0;3152819;599;0
147;18;336;8;45;30;98;4.00;6;2;1;82;0;3153098;982;0
147;18;336;8;45;31;4;3.20;2;1;1;82;0;3153104;871;0
147;18;336;8;45;32;16;3.80;7;2;1;80;0;3153216;2599;0
147;18;336;8;45;34;12;3.60;1;1;1;74;0;3153412;2998;0
147;18;336;8;45;37;99;3.60;6;2;1;91;0;3153799;683;0
147;18;336;8;45;46;99;3.40;3;1;1;81;0;3154699;1862;0
147;18;336;8;45;55;6;3.40;6;2;1;85;0;3155506;1692;0
147;18;336;8;46;9;99;3.60;6;2;1;82;0;3156999;1478;0
147;18;336;8;46;23;99;3.60;6;2;1;77;0;3158399;1384;0
147;18;336;8;46;28;16;3.60;7;2;1;80;0;3158816;5582;0
147;18;336;8;46;32;99;3.60;6;2;1;86;0;3159299;883;0
147;18;336;8;46;35;11;6.20;3;1;1;83;0;3159511;4796;0
147;18;336;8;46;40;99;3.80;7;2;1;85;0;3160099;1266;0
147;18;336;8;46;41;45;4.00;2;1;1;89;0;3160145;7026;0
147;18;336;8;46;43;99;3.60;3;1;1;76;0;3160399;861;0
147;18;336;8;46;50;99;3.00;6;2;1;91;0;3161099;1784;0
147;18;336;8;46;51;25;3.60;3;1;1;84;0;3161125;708;0
147;18;336;8;46;54;6;3.40;3;1;1;79;0;3161406;265;0
147;18;336;8;46;54;22;3.00;6;2;1;77;0;3161422;311;0
147;18;336;8;46;55;6;3.80;2;1;1;87;0;3161506;1344;0
147;18;336;8;46;55;99;4.00;5;2;1;86;0;3161599;9386;0
147;18;336;8;47;0;99;3.40;3;1;1;69;0;3162099;677;0
147;18;336;8;47;6;99;6.00;6;2;1;78;0;3162699;1262;0
147;18;336;8;47;12;25;4.00;6;2;1;79;0;3163225;498;0
147;18;336;8;47;13;99;3.80;6;2;1;81;0;3163399;155;0
147;18;336;8;47;17;23;4.00;8;2;1;80;0;3163723;17185;0
147;18;336;8;47;21;99;7.00;6;2;1;79;0;3164199;783;0
147;18;336;8;47;21;99;6.00;8;2;1;82;0;3164199;458;0
147;18;336;8;47;23;99;5.40;3;1;1;80;0;3164399;2282;0
147;18;336;8;47;25;1;3.80;3;1;1;78;0;3164501;77;0
147;18;336;8;47;28;87;3.60;3;1;1;77;0;3164887;368;0
147;18;336;8;47;42;3;3.00;8;2;1;67;0;3166203;1977;0
147;18;336;8;47;47;99;3.20;7;2;1;71;0;3166799;6683;0
147;18;336;8;47;48;94;4.00;6;2;1;82;0;3166894;2663;0
147;18;336;8;47;49;99;3.40;3;1;1;77;0;3166999;2095;0
147;18;336;8;47;50;99;3.80;1;1;1;78;0;3167099;13669;0
147;18;336;8;47;55;99;3.60;6;2;1;83;0;3167599;687;0
147;18;336;8;47;58;11;3.40;6;2;1;84;0;3167811;196;0
147;18;336;8;48;0;99;3.40;2;1;1;71;0;3168099;6577;0
147;18;336;8;48;2;99;3.80;6;2;1;79;0;3168299;473;0
147;18;336;8;48;8;99;3.60;6;2;1;70;0;3168899;582;0
147;18;336;8;48;10;99;3.00;6;2;1;81;0;3169099;181;0
147;18;336;8;48;11;35;3.60;2;1;1;76;0;3169135;1018;0
147;18;336;8;48;12;99;3.60;2;1;1;77;0;3169299;146;0
147;18;336;8;48;16;21;3.40;3;1;1;74;0;3169621;2606;0
147;18;336;8;48;18;5;3.80;7;2;1;95;0;3169805;2989;0
147;18;336;8;48;20;99;4.00;1;1;1;81;0;3170099;2982;0
147;18;336;8;48;25;99;4.00;3;1;1;86;0;3170599;961;0
147;18;336;8;48;37;9;3.80;3;1;1;85;0;3171709;1093;0
147;18;336;8;48;37;99;6.40;2;1;1;88;0;3171799;2483;0
147;18;336;8;48;46;99;3.60;3;1;1;76;0;3172699;973;0
147;18;336;8;48;47;4;3.20;2;1;1;70;0;3172704;878;0
147;18;336;8;48;52;3;3.40;3;1;1;76;0;3173203;486;0
147;18;336;8;48;54;17;3.60;6;2;1;79;0;3173417;4304;0
147;18;336;8;48;57;20;3.20;6;2;1;78;0;3173720;286;0
147;18;336;8;48;59;99;3.60;3;1;1;81;0;3173999;779;0
147;18;336;8;49;2;22;3.80;3;1;1;76;0;3174222;207;0
147;18;336;8;49;5;87;3.40;6;2;1;70;0;3174587;852;0
147;18;336;8;49;7;42;3.80;7;2;1;71;0;3174742;4922;0
147;18;336;8;49;8;96;4.60;4;1;1;82;0;3174896;30991;0
147;18;336;8;49;9;11;3.80;7;2;1;73;0;3174911;149;0
147;18;336;8;49;11;33;4.80;4;1;1;86;0;3175133;216;0
147;18;336;8;49;13;9;3.20;3;1;1;77;0;3175309;1069;0
147;18;336;8;49;14;99;4.00;4;1;1;85;0;3175499;345;0
147;18;336;8;49;14;99;4.20;8;2;1;79;0;3175499;9279;0
147;18;336;8;49;16;8;3.20;3;1;1;71;0;3175608;284;0
147;18;336;8;49;20;49;3.60;3;1;1;80;0;3176049;424;0
147;18;336;8;49;21;99;3.40;4;1;1;81;0;3176199;683;0
147;18;336;8;49;22;99;5.00;3;1;1;75;0;3176299;233;0
147;18;336;8;49;28;46;4.00;6;2;1;80;0;3176846;2241;0
147;18;336;8;49;37;10;3.40;3;1;1;89;0;3177710;1387;0
147;18;336;8;49;37;99;3.60;7;2;1;92;0;3177799;2869;0
147;18;336;8;49;38;3;3.40;5;2;1;82;0;3177803;16187;0
147;18;336;8;49;38;13;3.20;7;2;1;87;0;3177813;-1;0
147;18;336;8;49;38;11;3.20;6;2;1;82;0;3177811;947;0
147;18;336;8;49;38;25;4.40;2;1;1;95;0;3177825;5104;0
147;18;336;8;49;39;99;3.80;3;1;1;78;0;3177999;275;0
147;18;336;8;49;40;99;4.60;6;2;1;88;0;3178099;273;0
147;18;336;8;49;40;12;3.60;3;1;1;84;0;3178012;-1;0
147;18;336;8;49;41;91;3.80;3;1;1;86;0;3178191;163;0
147;18;336;8;49;42;99;3.60;1;1;1;76;0;3178299;8182;0
147;18;336;8;49;46;90;3.80;8;2;1;81;0;3178690;3171;0
147;18;336;8;49;52;99;3.20;3;1;1;73;0;3179299;1092;0
147;18;336;8;49;54;10;3.40;6;2;1;77;0;3179410;1292;0
147;18;336;8;50;4;77;11.20;6;2;2;73;0;3180477;1051;0
147;18;336;8;50;5;99;3.40;3;1;1;81;0;3180599;1284;0
147;18;336;8;50;12;6;5.00;6;2;1;84;0;3181206;673;0
147;18;336;8;50;12;99;3.80;3;1;1;73;0;3181299;684;0
147;18;336;8;50;14;19;3.80;8;2;1;81;0;3181419;2712;0
147;18;336;8;50;18;99;3.60;6;2;1;88;0;3181899;671;0
147;18;336;8;50;23;99;3.80;3;1;1;77;0;3182399;1081;0
147;18;336;8;50;24;82;3.40;2;1;1;78;0;3182482;4640;0
147;18;336;8;50;27;7;3.80;2;1;1;81;0;3182707;209;0
147;18;336;8;50;31;99;4.00;8;2;1;81;0;3183199;1763;0
147;18;336;8;50;33;99;3.60;7;2;1;82;0;3183399;5572;0
147;18;336;8;50;36;5;3.60;3;1;1;79;0;3183605;1188;0
147;18;336;8;50;36;99;3.40;2;1;1;87;0;3183699;975;0
147;18;336;8;50;38;10;3.40;3;1;1;83;0;3183810;188;0
147;18;336;8;50;38;99;3.60;3;1;1;78;0;3183899;74;0
147;18;336;8;50;41;99;3.60;4;1;1;77;0;3184199;7984;0
147;18;336;8;50;47;23;4.00;6;2;1;80;0;3184723;2809;0
147;18;336;8;50;48;10;3.20;7;2;1;96;0;3184810;1395;0
147;18;336;8;50;49;3;3.60;6;2;1;87;0;3184903;162;0
147;18;336;8;50;52;10;3.40;3;1;1;79;0;3185210;1294;0
147;18;336;8;50;54;99;4.00;4;1;1;83;0;3185499;1283;0
147;18;336;8;50;55;6;3.80;8;2;1;77;0;3185506;2289;0
147;18;336;8;50;56;99;3.20;6;2;1;81;0;3185699;781;0
147;18;336;8;50;57;35;3.80;5;2;1;80;0;3185735;7917;0
147;18;336;8;51;0;41;3.80;3;1;1;82;0;3186041;815;0
147;18;336;8;51;1;12;3.60;2;1;1;70;0;3186112;2398;0
147;18;336;8;51;2;9;3.60;2;1;1;72;0;3186209;78;0
147;18;336;8;51;2;43;4.00;6;2;1;74;0;3186243;529;0
147;18;336;8;51;4;16;3.40;6;2;1;76;0;3186416;153;0
147;18;336;8;51;5;6;3.00;7;2;1;74;0;3186506;1684;0
147;18;336;8;51;5;10;4.00;3;1;1;79;0;3186510;452;0
147;18;336;8;51;8;99;3.20;7;2;1;74;0;3186899;378;0
147;18;336;8;51;10;27;3.80;6;2;1;86;0;3187027;594;0
147;18;336;8;51;10;60;3.20;3;1;1;80;0;3187060;531;0
147;18;336;8;51;13;64;3.20;1;1;1;76;0;3187364;9047;0
147;18;336;8;51;26;12;3.20;3;1;1;79;0;3188612;1537;0
147;18;336;8;51;26;65;3.60;6;2;1;74;0;3188665;1622;0
147;18;336;8;51;27;99;4.80;8;2;1;93;0;3188799;3275;0
147;18;336;8;51;28;34;3.40;6;2;1;79;0;3188834;151;0
147;18;336;8;51;29;29;4.60;2;1;1;80;0;3188929;2702;0
147;18;336;8;51;30;5;3.60;2;1;1;74;0;3189005;55;0
147;18;336;8;51;35;5;3.60;6;2;1;83;0;3189505;655;0
147;18;336;8;51;35;99;3.60;3;1;1;82;0;3189599;972;0
147;18;336;8;51;39;6;4.00;6;2;1;78;0;3189906;385;0
147;18;336;8;51;39;99;4.80;6;2;1;79;0;3189999;74;0
147;18;336;8;51;41;76;3.60;7;2;1;79;0;3190176;3261;0
147;18;336;8;51;43;42;4.00;4;1;1;96;0;3190342;4825;0
147;18;336;8;51;46;39;3.60;7;2;1;78;0;3190639;446;0
147;18;336;8;51;46;52;4.20;2;1;1;81;0;3190652;1629;0
147;18;336;8;51;46;63;4.00;6;2;1;86;0;3190663;642;0
147;18;336;8;51;47;99;3.60;3;1;1;81;0;3190799;1184;0
147;18;336;8;51;48;99;3.60;1;1;1;78;0;3190899;3519;0
147;18;336;8;52;3;17;4.00;7;2;1;78;0;3192317;1661;0
147;18;336;8;52;6;0;3.60;3;1;1;78;0;3192600;1785;0
147;18;336;8;52;6;38;3.00;7;2;1;79;0;3192638;302;0
147;18;336;8;52;7;99;3.40;4;1;1;82;0;3192799;2442;0
147;18;336;8;52;8;99;3.60;3;1;1;80;0;3192899;282;0
147;18;336;8;52;11;8;3.40;6;2;1;78;0;3193108;2428;0
147;18;336;8;52;12;83;3.40;3;1;1;77;0;3193283;367;0
147;18;336;8;52;15;99;5.00;3;1;1;74;0;3193599;300;0
147;18;336;8;52;16;99;3.60;2;1;1;80;0;3193699;3028;0
147;18;336;8;52;24;32;2.80;7;2;1;75;0;3194432;1780;0
147;18;336;8;52;29;6;3.60;3;1;1;77;0;3194906;1282;0
147;18;336;8;52;41;99;4.00;3;1;1;76;0;3196199;1276;0
147;18;336;8;52;42;99;4.00;4;1;1;78;0;3196299;3485;0
147;18;336;8;52;43;20;3.40;6;2;1;76;0;3196320;3196;0
147;18;336;8;52;48;57;17.20;6;2;4;79;0;3196857;520;0
147;18;336;8;52;58;99;4.00;2;1;1;77;0;3197899;4183;0
147;18;336;8;53;3;1;3.60;2;1;1;80;0;3198301;383;0
147;18;336;8;53;7;2;3.20;3;1;1;78;0;3198702;2484;0
147;18;336;8;53;9;99;3.40;3;1;1;78;0;3198999;282;0
147;18;336;8;53;11;99;3.60;6;2;1;89;0;3199199;2263;0
147;18;336;8;53;13;18;3.00;2;1;1;72;0;3199318;1000;0
147;18;336;8;53;14;99;3.80;6;2;1;79;0;3199499;285;0
147;18;336;8;53;17;18;4.20;6;2;1;82;0;3199718;201;0
147;18;336;8;53;18;47;3.60;3;1;1;89;0;3199847;832;0
147;18;336;8;53;19;99;3.60;6;2;1;82;0;3199999;262;0
147;18;336;8;53;19;99;6.80;2;1;1;73;0;3199999;666;0
147;18;336;8;53;21;39;5.20;7;2;1;57;0;3200139;5693;0
147;18;336;8;53;22;99;3.60;5;2;1;79;0;3200299;14546;0
147;18;336;8;53;23;9;3.20;6;2;1;75;0;3200309;294;0
147;18;336;8;53;37;99;4.00;6;2;1;82;0;3201799;1474;0
147;18;336;8;53;37;99;4.00;3;1;1;81;0;3201799;1937;0
147;18;336;8;53;39;99;7.60;8;2;1;92;0;3201999;13181;0
147;18;336;8;53;43;99;3.60;2;1;1;74;0;3202399;2366;0
147;18;336;8;53;43;99;3.80;8;2;1;78;0;3202399;370;0
147;18;336;8;53;50;99;3.60;1;1;1;76;0;3203099;12183;0
147;18;336;8;53;54;47;3.60;3;1;1;77;0;3203447;1630;0
147;18;336;8;53;57;99;4.00;3;1;1;78;0;3203799;335;0
147;18;336;8;53;59;16;3.00;6;2;1;76;0;3203916;2099;0
147;18;336;8;53;59;66;6.00;3;1;1;80;0;3203966;148;0
147;18;336;8;54;0;99;3.40;4;1;1;86;0;3204099;7781;0
147;18;336;8;54;1;99;3.80;2;1;1;80;0;3204199;1782;0
147;18;336;8;54;3;99;3.40;6;2;1;76;0;3204399;468;0
147;18;336;8;54;5;99;3.20;3;1;1;83;0;3204599;606;0
147;18;336;8;54;8;99;3.20;2;1;1;76;0;3204899;682;0
147;18;336;8;54;10;99;3.80;3;1;1;77;0;3205099;486;0
147;18;336;8;54;16;99;3.60;2;1;1;81;0;3205699;784;0
147;18;336;8;54;17;69;3.60;7;2;1;81;0;3205769;5597;0
147;18;336;8;54;17;81;3.60;3;1;1;76;0;3205781;664;0
147;18;336;8;54;18;99;5.80;2;1;1;75;0;3205899;184;0
147;18;336;8;54;20;2;5.80;2;1;1;74;0;3206002;75;0
147;18;336;8;54;21;21;3.40;2;1;1;77;0;3206121;90;0
147;18;336;8;54;23;99;3.80;6;2;1;75;0;3206399;1983;0
147;18;336;8;54;27;23;3.80;6;2;1;78;0;3206723;305;0
147;18;336;8;54;27;66;3.60;3;1;1;77;0;3206766;967;0
147;18;336;8;54;29;99;3.60;3;1;1;77;0;3206999;216;0
147;18;336;8;54;30;12;4.40;2;1;1;79;0;3207012;875;0
147;18;336;8;54;32;99;4.00;3;1;1;80;0;3207299;283;0
147;18;336;8;54;33;6;3.40;7;2;1;79;0;3207306;1521;0
147;18;336;8;54;33;99;3.40;4;1;1;79;0;3207399;3285;0
147;18;336;8;54;35;63;3.60;1;1;1;75;0;3207563;4446;0
147;18;336;8;54;36;5;3.60;2;1;1;86;0;3207605;572;0
147;18;336;8;54;36;99;3.40;3;1;1;79;0;3207699;382;0
147;18;336;8;54;38;99;3.40;6;2;1;84;0;3207899;1158;0
147;18;336;8;54;42;99;3.60;4;1;1;83;0;3208299;884;0
147;18;336;8;54;46;10;3.40;3;1;1;76;0;3208610;895;0
147;18;336;8;54;47;99;4.00;7;2;1;76;0;3208799;1477;0
147;18;336;8;54;48;87;3.80;7;2;1;77;0;3208887;69;0
147;18;336;8;54;49;99;3.80;3;1;1;79;0;3208999;372;0
147;18;336;8;54;49;99;3.40;6;2;1;76;0;3208999;1085;0
147;18;336;8;54;58;75;4.00;3;1;1;76;0;3209875;858;0
147;18;336;8;55;1;5;4.00;2;1;1;87;0;3210105;2484;0
147;18;336;8;55;4;99;4.60;3;1;1;78;0;3210499;605;0
147;18;336;8;55;7;99;3.80;3;1;1;79;0;3210799;278;0
147;18;336;8;55;8;17;4.00;7;2;1;79;0;3210817;1912;0
147;18;336;8;55;10;99;4.00;7;2;1;81;0;3211099;263;0
147;18;336;8;55;12;99;3.80;6;2;1;82;0;3211299;2283;0
147;18;336;8;55;16;19;4.80;6;2;1;81;0;3211619;303;0
147;18;336;8;55;20;99;3.80;6;2;1;79;0;3212099;458;0
147;18;336;8;55;21;81;3.80;7;2;1;76;0;3212181;1064;0
147;18;336;8;55;22;99;3.80;5;2;1;82;0;3212299;11983;0
147;18;336;8;55;26;10;5.40;6;2;1;101;0;3212610;493;0
147;18;336;8;55;27;99;3.60;1;1;1;89;0;3212799;5218;0
147;18;336;8;55;28;7;3.40;3;1;1;81;0;3212807;1990;0
147;18;336;8;55;30;19;4.40;3;1;1;80;0;3213019;196;0
147;18;336;8;55;30;99;3.20;8;2;1;74;0;3213099;10682;0
147;18;336;8;55;32;84;4.60;6;2;1;74;0;3213284;654;0
147;18;336;8;55;34;74;3.80;6;2;1;76;0;3213474;167;0
147;18;336;8;55;42;19;3.60;2;1;1;75;0;3214219;4097;0
147;18;336;8;55;43;99;3.20;6;2;1;82;0;3214399;907;0
147;18;336;8;55;46;0;3.60;2;1;1;78;0;3214600;363;0
147;18;336;8;55;56;0;3.60;6;2;1;80;0;3215600;1186;0
147;18;336;8;55;56;99;3.20;3;1;1;78;0;3215699;2660;0
147;18;336;8;55;57;26;4.40;8;2;1;94;0;3215726;2611;0
147;18;336;8;55;59;53;3.80;3;1;1;78;0;3215953;239;0
147;18;336;8;56;7;84;3.80;7;2;1;77;0;3216784;4585;0
147;18;336;8;56;9;18;3.20;6;2;1;79;0;3216918;1301;0
147;18;336;8;56;12;35;4.60;6;2;1;82;0;3217235;302;0
147;18;336;8;56;14;13;3.20;1;1;1;67;0;3217413;4599;0
147;18;336;8;56;15;93;3.60;1;1;1;74;0;3217593;162;0
147;18;336;8;56;17;99;3.80;3;1;1;74;0;3217799;1828;0
147;18;336;8;56;17;31;3.80;8;2;1;79;0;3217731;1988;0
147;18;336;8;56;20;99;3.80;3;1;1;77;0;3218099;281;0
147;18;336;8;56;25;94;3.80;6;2;1;80;0;3218594;1338;0
147;18;336;8;56;26;99;3.80;7;2;1;80;0;3218699;1897;0
147;18;336;8;56;28;99;3.60;7;2;1;88;0;3218899;182;0
147;18;336;8;56;31;99;3.00;6;2;1;85;0;3219199;587;0
147;18;336;8;56;35;55;5.20;7;2;1;102;0;3219555;641;0
147;18;336;8;56;36;6;3.20;2;1;1;79;0;3219606;4989;0
147;18;336;8;56;42;22;4.00;4;1;1;77;0;3220222;11907;0
147;18;336;8;56;42;99;3.40;2;1;1;77;0;3220299;678;0
147;18;336;8;56;45;99;14.00;6;2;4;70;0;3220599;1387;0
147;18;336;8;56;48;24;3.40;6;2;1;70;0;3220824;153;0
147;18;336;8;56;50;8;3.40;6;2;1;69;0;3221008;166;0
147;18;336;8;56;52;99;3.60;6;2;1;79;0;3221299;273;0
147;18;336;8;56;55;99;3.60;3;1;1;75;0;3221599;3482;0
147;18;336;8;56;55;99;6.00;1;1;1;77;0;3221599;3988;0
147;18;336;8;56;56;7;5.00;4;1;1;86;0;3221607;1366;0
147;18;336;8;56;58;4;3.40;2;1;1;72;0;3221804;1489;0
147;18;336;8;56;59;99;3.60;7;2;1;77;0;3221999;2425;0
147;18;336;8;57;0;0;3.40;2;1;1;81;0;3222000;179;0
147;18;336;8;57;3;11;3.60;3;1;1;77;0;3222311;694;0
147;18;336;8;57;3;45;3.60;7;2;1;86;0;3222345;329;0
147;18;336;8;57;3;54;3.60;4;1;1;85;0;3222354;726;0
147;18;336;8;57;10;99;3.00;6;2;1;79;0;3223099;1783;0
147;18;336;8;57;12;6;3.60;3;1;1;84;0;3223206;878;0
147;18;336;8;57;12;99;3.00;6;2;1;72;0;3223299;186;0
147;18;336;8;57;25;99;4.00;8;2;1;77;0;3224599;6850;0
147;18;336;8;57;33;99;5.40;6;2;1;80;0;3225399;2085;0
147;18;336;8;57;35;99;3.80;6;2;1;88;0;3225599;175;0
147;18;336;8;57;40;25;3.20;3;1;1;78;0;3226025;2803;0
147;18;336;8;57;45;14;4.40;2;1;1;76;0;3226514;4498;0
147;18;336;8;57;45;99;3.60;7;2;1;82;0;3226599;4238;0
147;18;336;8;57;45;99;3.60;2;1;1;78;0;3226599;64;0
147;18;336;8;57;48;3;3.80;6;2;1;81;0;3226803;1188;0
147;18;336;8;57;52;48;3.60;4;1;1;87;0;3227248;4878;0
147;18;336;8;57;57;25;3.60;5;2;1;84;0;3227725;15409;0
147;18;336;8;57;57;42;3.40;6;2;1;79;0;3227742;922;0
147;18;336;8;57;58;99;4.00;5;2;1;84;0;3227899;158;0
147;18;336;8;58;0;99;3.40;7;2;1;78;0;3228099;1484;0
147;18;336;8;58;3;99;4.00;3;1;1;82;0;3228399;2359;0
147;18;336;8;58;4;99;3.60;2;1;1;82;0;3228499;1883;0
147;18;336;8;58;5;88;3.00;6;2;1;79;0;3228588;830;0
147;18;336;8;58;6;4;3.60;1;1;1;79;0;3228604;6976;0
147;18;336;8;58;8;12;3.40;3;1;1;85;0;3228812;395;0
147;18;336;8;58;11;99;3.60;6;2;1;71;0;3229199;597;0
147;18;336;8;58;15;34;3.40;4;1;1;79;0;3229534;2271;0
147;18;336;8;58;16;5;3.80;6;2;1;81;0;3229605;387;0
147;18;336;8;58;18;1;3.40;3;1;1;78;0;3229801;974;0
147;18;336;8;58;18;99;3.80;8;2;1;85;0;3229899;5281;0
147;18;336;8;58;19;81;16.40;6;2;4;79;0;3229981;359;0
147;18;336;8;58;20;48;3.40;3;1;1;74;0;3230048;231;0
147;18;336;8;58;22;12;3.60;4;1;1;97;0;3230212;662;0
147;18;336;8;58;23;92;3.20;3;1;1;80;0;3230392;327;0
147;18;336;8;58;24;99;3.60;8;2;1;81;0;3230499;583;0
147;18;336;8;58;25;11;4.20;6;2;1;67;0;3230511;455;0
147;18;336;8;58;27;23;3.80;3;1;1;79;0;3230723;316;0
147;18;336;8;58;25;12;1.00;7;2;1;1;1;3230512;2397;0
147;18;336;8;58;30;11;3.40;4;1;1;89;0;3231011;785;0
147;18;336;8;58;31;99;4.80;2;1;1;80;0;3231199;2684;0
147;18;336;8;58;34;99;3.80;3;1;1;87;0;3231499;758;0
147;18;336;8;58;32;23;4.00;7;2;1;11;0;3231223;3108;0
147;18;336;8;58;36;95;3.20;7;2;1;92;0;3231695;341;0
147;18;336;8;58;37;99;4.00;6;2;1;87;0;3231799;1265;0
147;18;336;8;58;40;99;3.80;3;1;1;84;0;3232099;584;0
147;18;336;8;58;52;99;4.20;3;1;1;80;0;3233299;1183;0
147;18;336;8;58;53;33;3.60;3;1;1;82;0;3233333;15;0
147;18;336;8;58;54;29;3.80;2;1;1;96;0;3233429;2208;0
147;18;336;8;58;56;17;3.40;2;1;1;79;0;3233617;173;0
147;18;336;8;59;5;99;3.60;3;1;1;86;0;3234599;1250;0
147;18;336;8;59;15;17;3.40;5;2;1;80;0;3235517;7600;0
147;18;336;8;59;16;99;3.60;6;2;1;69;0;3235699;3883;0
147;18;336;8;59;18;99;3.60;6;2;1;79;0;3235899;181;0
147;18;336;8;59;21;33;3.80;6;2;1;78;0;3236133;217;0
147;18;336;8;59;29;22;3.40;6;2;1;75;0;3236922;771;0
147;18;336;8;59;35;6;4.00;3;1;1;71;0;3237506;2891;0
147;18;336;8;59;35;21;4.00;6;2;1;87;0;3237521;582;0
147;18;336;8;59;37;94;3.60;3;1;1;91;0;3237794;267;0
147;18;336;8;59;39;99;3.40;4;1;1;96;0;3237999;6974;0
147;18;336;8;59;39;99;3.80;3;1;1;93;0;3237999;190;0
147;18;336;8;59;39;40;5.20;6;2;1;77;0;3237940;402;0
147;18;336;8;59;44;5;3.40;3;1;1;86;0;3238405;391;0
147;18;336;8;59;44;17;3.80;7;2;1;81;0;3238417;6709;0
147;18;336;8;59;50;24;3.80;3;1;1;88;0;3239024;604;0
147;18;336;8;59;50;58;3.80;6;2;1;78;0;3239058;1093;0
147;18;336;8;59;53;21;3.60;8;2;1;80;0;3239321;8806;0
147;18;336;8;59;54;99;3.60;6;2;1;76;0;3239499;423;0
147;18;336;8;59;55;15;4.00;5;2;1;81;0;3239515;3982;0
147;18;336;8;59;56;3;3.40;6;2;1;78;0;3239603;86;0
147;18;336;8;59;56;99;3.60;3;1;1;79;0;3239699;659;0
147;18;336;8;59;56;99;3.80;8;2;1;81;0;3239699;361;0
147;18;336;8;59;59;99;3.80;7;2;1;82;0;3239999;1565;0
147;18;336;9;0;7;99;3.20;3;1;1;89;0;3240799;1083;0
147;18;336;9;0;10;58;3.40;8;2;1;82;0;3241058;1342;0
147;18;336;9;0;12;99;3.80;4;1;1;110;0;3241299;3287;0
147;18;336;9;0;13;22;3.60;3;1;1;76;0;3241322;510;0
147;18;336;9;0;13;65;3.80;6;2;1;82;0;3241365;1746;0
147;18;336;9;0;17;4;3.60;3;1;1;77;0;3241704;364;0
147;18;336;9;0;21;99;3.60;6;2;1;79;0;3242199;817;0
147;18;336;9;0;23;41;3.80;7;2;1;80;0;3242341;2325;0
147;18;336;9;0;26;75;3.60;8;2;1;74;0;3242675;1602;0
147;18;336;9;0;26;99;3.40;6;2;1;78;0;3242699;483;0
147;18;336;9;0;31;75;3.40;7;2;1;76;0;3243175;816;0
147;18;336;9;0;31;99;3.60;3;1;1;84;0;3243199;1478;0
147;18;336;9;0;35;99;3.60;1;1;1;79;0;3243599;14978;0
147;18;336;9;0;36;68;3.40;2;1;1;98;0;3243668;10035;0
147;18;336;9;0;38;25;3.80;3;1;1;79;0;3243825;610;0
147;18;336;9;0;41;16;3.80;3;1;1;77;0;3244116;273;0
147;18;336;9;0;41;78;3.60;4;1;1;93;0;3244178;2866;0
147;18;336;9;0;45;99;3.80;4;1;1;77;0;3244599;407;0
147;18;336;9;0;46;26;3.80;6;2;1;79;0;3244626;1911;0
147;18;336;9;0;50;99;3.40;6;2;1;86;0;3245099;455;0
147;18;336;9;0;53;22;3.40;6;2;1;77;0;3245322;208;0
147;18;336;9;0;58;99;3.60;2;1;1;79;0;3245899;2218;0
147;18;336;9;1;2;80;4.00;5;2;1;80;0;3246280;6747;0
147;18;336;9;1;2;99;3.40;6;2;1;82;0;3246299;961;0
147;18;336;9;1;3;99;3.80;3;1;1;76;0;3246399;2265;0
147;18;336;9;1;10;16;3.40;5;2;1;88;0;3247016;718;0
147;18;336;9;1;14;57;3.80;7;2;1;80;0;3247457;4265;0
147;18;336;9;1;17;1;3.80;6;2;1;81;0;3247701;1387;0
147;18;336;9;1;20;99;3.40;3;1;1;80;0;3248099;1682;0
147;18;336;9;1;22;21;3.60;6;2;1;81;0;3248221;503;0
147;18;336;9;1;26;99;3.40;6;2;1;67;0;3248699;462;0
147;18;336;9;1;28;99;3.40;6;2;1;82;0;3248899;181;0
147;18;336;9;1;35;16;4.00;3;1;1;82;0;3249516;1401;0
147;18;336;9;1;36;2;3.40;4;1;1;85;0;3249602;4985;0
147;18;336;9;1;42;99;2.80;3;1;1;72;0;3250299;765;0
147;18;336;9;1;43;99;3.80;3;1;1;72;0;3250399;86;0
147;18;336;9;1;43;99;3.20;4;1;1;85;0;3250399;782;0
147;18;336;9;1;49;99;3.40;6;2;1;80;0;3250999;2085;0
147;18;336;9;1;54;23;3.80;6;2;1;83;0;3251423;408;0
147;18;336;9;1;54;99;3.80;3;1;1;77;0;3251499;1081;0
147;18;336;9;1;56;2;5.80;3;1;1;74;0;3251602;85;0
147;18;336;9;1;57;15;3.80;4;1;1;81;0;3251715;1302;0
147;18;336;9;1;58;23;3.80;3;1;1;83;0;3251823;192;0
147;18;336;9;2;0;13;3.60;3;1;1;83;0;3252013;173;0
147;18;336;9;2;4;99;3.80;8;2;1;82;0;3252499;9806;0
147;18;336;9;2;6;99;3.80;3;1;1;82;0;3252699;670;0
147;18;336;9;2;7;99;4.00;6;2;1;78;0;3252799;1359;0
147;18;336;9;2;9;99;3.60;6;2;1;78;0;3252999;181;0
147;18;336;9;2;9;99;3.40;1;1;1;60;0;3252999;9383;0
147;18;336;9;2;10;99;3.80;6;2;1;78;0;3253099;83;0
147;18;336;9;2;13;9;3.80;3;1;1;74;0;3253309;593;0
147;18;336;9;2;16;99;3.40;6;2;1;76;0;3253699;582;0
147;18;336;9;2;17;2;3.80;1;1;1;68;0;3253702;682;0
147;18;336;9;2;17;99;4.00;3;1;1;88;0;3253799;471;0
147;18;336;9;2;23;21;3.60;8;2;1;82;0;3254321;1805;0
147;18;336;9;2;27;2;3.40;6;2;1;76;0;3254702;986;0
147;18;336;9;2;29;99;3.80;6;2;1;87;0;3254999;280;0
147;18;336;9;2;39;99;2.80;7;2;1;74;0;3255999;8524;0
147;18;336;9;2;40;99;3.60;2;1;1;90;0;3256099;10183;0
147;18;336;9;2;40;99;3.20;7;2;1;73;0;3256099;86;0
147;18;336;9;2;42;99;3.60;8;2;1;79;0;3256299;1962;0
147;18;336;9;2;44;0;3.40;6;2;1;85;0;3256400;1385;0
147;18;336;9;2;50;11;3.80;6;2;1;78;0;3257011;596;0
147;18;336;9;2;51;99;3.40;3;1;1;69;0;3257199;3383;0
147;18;336;9;2;53;99;3.00;3;1;1;70;0;3257399;182;0
147;18;336;9;2;57;99;3.60;1;1;1;82;0;3257799;4076;0
147;18;336;9;2;58;99;4.00;7;2;1;84;0;3257899;1784;0
147;18;336;9;2;59;27;3.60;2;1;1;82;0;3257927;1813;0
147;18;336;9;3;2;75;3.80;2;1;1;77;0;3258275;332;0
147;18;336;9;3;4;4;3.80;6;2;1;83;0;3258404;1375;0
147;18;336;9;3;10;96;3.60;4;1;1;78;0;3259096;7364;0
147;18;336;9;3;12;7;3.40;3;1;1;76;0;3259207;1792;0
147;18;336;9;3;16;99;3.60;2;1;1;78;0;3259699;1406;0
147;18;336;9;3;18;8;4.40;2;1;1;77;0;3259808;92;0
147;18;336;9;3;20;99;3.60;2;1;1;77;0;3260099;270;0
147;18;336;9;3;22;44;3.80;3;1;1;80;0;3260244;1020;0
147;18;336;9;3;22;65;3.80;4;1;1;89;0;3260265;1152;0
147;18;336;9;3;26;99;3.80;3;1;1;84;0;3260699;437;0
147;18;336;9;3;32;64;4.20;7;2;1;18;0;3261264;3347;0
147;18;336;9;3;39;99;3.60;8;2;1;79;0;3261999;5683;0
147;18;336;9;3;41;1;3.40;2;1;1;80;0;3262101;1985;0
147;18;336;9;3;42;99;6.80;6;2;1;74;0;3262299;3878;0
147;18;336;9;3;43;99;3.60;2;1;1;83;0;3262399;282;0
147;18;336;9;3;50;34;4.00;3;1;1;86;0;3263034;2318;0
147;18;336;9;3;51;62;7.00;6;2;2;78;0;3263162;829;0
147;18;336;9;3;55;39;3.60;2;1;1;80;0;3263539;1124;0
147;18;336;9;3;56;99;3.80;3;1;1;86;0;3263699;648;0
147;18;336;9;3;58;33;3.40;8;2;1;80;0;3263833;1817;0
147;18;336;9;4;2;99;3.60;8;2;1;86;0;3264299;450;0
147;18;336;9;4;11;68;3.20;6;2;1;77;0;3265168;1973;0
147;18;336;9;4;15;99;3.80;3;1;1;83;0;3265599;1884;0
147;18;336;9;4;20;99;3.20;6;2;1;80;0;3266099;916;0
147;18;336;9;4;20;99;4.60;5;2;1;84;0;3266099;19069;0
147;18;336;9;4;24;82;3.80;6;2;1;76;0;3266482;368;0
147;18;336;9;4;27;31;3.40;3;1;1;86;0;3266731;1115;0
147;18;336;9;4;28;99;3.40;6;2;1;80;0;3266899;399;0
147;18;336;9;4;33;99;4.60;6;2;1;78;0;3267399;484;0
147;18;336;9;4;37;99;5.40;6;2;1;85;0;3267799;378;0
147;18;336;9;4;38;99;3.40;3;1;1;78;0;3267899;1153;0
147;18;336;9;4;39;28;3.40;6;2;1;77;0;3267928;106;0
147;18;336;9;4;39;76;3.80;4;1;1;77;0;3267976;7695;0
147;18;336;9;4;42;96;3.80;3;1;1;85;0;3268296;381;0
147;18;336;9;4;43;99;3.60;7;2;1;89;0;3268399;7051;0
147;18;336;9;4;46;7;3.80;3;1;1;80;0;3268607;294;0
147;18;336;9;4;50;99;4.00;6;2;1;80;0;3269099;1155;0
147;18;336;9;4;52;99;3.00;6;2;1;81;0;3269299;182;0
147;18;336;9;4;54;33;3.20;3;1;1;71;0;3269433;808;0
147;18;336;9;4;55;99;4.40;2;1;1;74;0;3269599;6043;0
147;18;336;9;4;56;99;3.40;6;2;1;86;0;3269699;386;0
147;18;336;9;5;11;99;3.80;3;1;1;78;0;3271199;1749;0
147;18;336;9;5;18;98;3.80;3;1;1;75;0;3271898;681;0
147;18;336;9;5;19;99;4.00;6;2;1;77;0;3271999;2285;0
147;18;336;9;5;21;99;5.80;3;1;1;74;0;3272199;282;0
147;18;336;9;5;23;99;4.00;6;2;1;85;0;3272399;381;0
147;18;336;9;5;25;59;5.00;6;2;1;84;0;3272559;143;0
147;18;336;9;5;28;94;4.00;6;2;1;79;0;3272894;313;0
147;18;336;9;5;30;3;3.60;1;1;1;83;0;3273003;15188;0
147;18;336;9;5;37;99;3.80;7;2;1;81;0;3273799;5385;0
147;18;336;9;5;39;99;3.40;6;2;1;79;0;3273999;1086;0
147;18;336;9;5;39;99;3.40;3;1;1;79;0;3273999;1771;0
147;18;336;9;5;49;25;3.60;6;2;1;79;0;3274925;910;0
147;18;336;9;5;50;99;3.60;7;2;1;69;0;3275099;1283;0
147;18;336;9;5;52;99;3.60;6;2;1;77;0;3275299;357;0
147;18;336;9;5;58;9;3.00;1;1;1;80;0;3275809;2790;0
147;18;336;9;6;0;5;3.80;3;1;1;83;0;3276005;1990;0
147;18;336;9;6;0;99;3.60;7;2;1;79;0;3276099;981;0
147;18;336;9;6;2;19;3.00;3;1;1;79;0;3276219;197;0
147;18;336;9;6;4;79;4.00;3;1;1;82;0;3276479;246;0
147;18;336;9;6;8;6;3.80;6;2;1;82;0;3276806;1490;0
147;18;336;9;6;11;11;6.60;3;1;1;74;0;3277111;614;0
147;18;336;9;6;11;99;10.00;6;2;2;79;0;3277199;376;0
147;18;336;9;6;13;11;5.00;6;2;1;78;0;3277311;66;0
147;18;336;9;6;15;99;3.60;5;2;1;84;0;3277599;11480;0
147;18;336;9;6;16;11;3.80;4;1;1;87;0;3277611;9617;0
147;18;336;9;6;16;33;3.60;6;2;1;76;0;3277633;298;0
147;18;336;9;6;16;53;3.20;3;1;1;72;0;3277653;509;0
147;18;336;9;6;18;11;3.80;4;1;1;90;0;3277811;184;0
147;18;336;9;6;18;99;3.00;3;1;1;73;0;3277899;230;0
147;18;336;9;6;19;67;3.20;6;2;1;82;0;3277967;316;0
147;18;336;9;6;23;99;3.40;6;2;1;75;0;3278399;417;0
147;18;336;9;6;25;0;3.40;3;1;1;78;0;3278500;586;0
147;18;336;9;6;31;16;4.00;1;1;1;71;0;3279116;3293;0
147;18;336;9;6;34;78;3.60;3;1;1;94;0;3279478;962;0
147;18;336;9;6;42;56;3.20;4;1;1;90;0;3280256;2429;0
147;18;336;9;6;48;99;3.80;3;1;1;79;0;3280899;1407;0
147;18;336;9;6;50;99;3.60;3;1;1;78;0;3281099;182;0
147;18;336;9;6;53;99;3.40;3;1;1;72;0;3281399;283;0
147;18;336;9;6;53;99;3.20;6;2;1;95;0;3281399;2983;0
147;18;336;9;6;57;13;3.60;5;2;1;85;0;3281713;4098;0
147;18;336;9;6;58;99;3.60;6;2;1;79;0;3281899;487;0
147;18;336;9;6;59;99;5.60;6;2;1;82;0;3281999;83;0
147;18;336;9;7;6;22;3.40;3;1;1;75;0;3282622;1206;0
147;18;336;9;7;6;99;3.80;6;2;1;80;0;3282699;675;0
147;18;336;9;7;11;99;3.40;1;1;1;76;0;3283199;4062;0
147;18;336;9;7;13;92;3.60;6;2;1;94;0;3283392;675;0
147;18;336;9;7;20;6;3.60;3;1;1;81;0;3284006;1367;0
147;18;336;9;7;23;8;5.00;3;1;1;82;0;3284308;286;0
147;18;336;9;7;25;51;3.80;1;1;1;83;0;3284551;1335;0
147;18;336;9;7;27;99;3.40;2;1;1;84;0;3284799;15178;0
147;18;336;9;7;29;99;4.00;3;1;1;76;0;3284999;669;0
147;18;336;9;7;30;3;3.40;5;2;1;87;0;3285003;3274;0
147;18;336;9;7;32;99;3.60;3;1;1;81;0;3285299;281;0
147;18;336;9;7;32;99;3.40;7;2;1;81;0;3285299;9183;0
147;18;336;9;7;35;5;5.00;2;1;1;80;0;3285505;691;0
147;18;336;9;7;37;10;4.40;6;2;1;76;0;3285710;2304;0
147;18;336;9;7;37;99;4.00;3;1;1;80;0;3285799;484;0
147;18;336;9;7;41;66;3.40;6;2;1;82;0;3286166;435;0
147;18;336;9;7;44;99;3.40;6;2;1;68;0;3286499;318;0
147;18;336;9;7;45;99;4.40;3;1;1;77;0;3286599;782;0
147;18;336;9;7;48;99;3.80;6;2;1;71;0;3286899;382;0
147;18;336;9;7;50;99;3.60;3;1;1;78;0;3287099;479;0
147;18;336;9;7;56;43;4.40;7;2;1;80;0;3287643;2328;0
147;18;336;9;7;56;71;3.60;6;2;1;84;0;3287671;752;0
147;18;336;9;8;2;99;5.20;6;2;1;79;0;3288299;612;0
147;18;336;9;8;11;1;4.20;3;1;1;82;0;3289101;1985;0
147;18;336;9;8;13;99;3.80;3;1;1;81;0;3289399;279;0
147;18;336;9;8;17;5;3.80;2;1;1;75;0;3289705;4177;0
147;18;336;9;8;21;8;3.00;3;1;1;69;0;3290108;692;0
147;18;336;9;8;23;99;3.40;3;1;1;74;0;3290399;275;0
147;18;336;9;8;30;22;3.60;6;2;1;86;0;3291022;2699;0
147;18;336;9;8;34;15;3.80;3;1;1;78;0;3291415;999;0
147;18;336;9;8;35;99;3.20;8;2;1;69;0;3291599;27284;0
147;18;336;9;8;36;99;3.00;6;2;1;74;0;3291699;661;0
147;18;336;9;8;38;99;3.60;5;2;1;82;0;3291899;6881;0
147;18;336;9;8;38;99;3.20;6;2;1;78;0;3291899;185;0
147;18;336;9;8;39;99;3.80;7;2;1;85;0;3291999;4336;0
147;18;336;9;8;40;99;3.40;3;1;1;84;0;3292099;666;0
147;18;336;9;8;44;24;3.80;6;2;1;85;0;3292424;510;0
147;18;336;9;8;47;15;3.60;1;1;1;75;0;3292715;8147;0
147;18;336;9;8;50;66;3.60;1;1;1;69;0;3293066;333;0
147;18;336;9;8;50;99;3.80;5;2;1;88;0;3293099;1184;0
147;18;336;9;8;50;99;3.60;6;2;1;79;0;3293099;658;0
147;18;336;9;8;53;20;3.00;2;1;1;84;0;3293320;3596;0
147;18;336;9;8;55;2;3.80;6;2;1;85;0;3293502;386;0
147;18;336;9;9;2;14;3.80;6;2;1;77;0;3294214;695;0
147;18;336;9;9;6;99;3.40;5;2;1;84;0;3294699;1584;0
147;18;336;9;9;6;99;3.00;2;1;1;76;0;3294699;1366;0
147;18;336;9;9;7;7;3.60;6;2;1;82;0;3294707;475;0
147;18;336;9;9;8;99;3.20;7;2;1;68;0;3294899;2883;0
147;18;336;9;9;9;99;3.80;3;1;1;74;0;3294999;2885;0
147;18;336;9;9;18;25;3.80;4;1;1;101;0;3295825;15556;0
147;18;336;9;9;18;15;3.40;3;1;1;79;0;3295815;797;0
147;18;336;9;9;18;92;3.60;5;2;1;96;0;3295892;1178;0
147;18;336;9;9;19;10;2.40;4;1;1;80;0;3295910;71;0
147;18;336;9;9;23;65;3.80;3;1;1;80;0;3296365;534;0
147;18;336;9;9;24;99;3.20;4;1;1;83;0;3296499;578;0
147;18;336;9;9;26;3;3.60;6;2;1;84;0;3296603;1880;0
147;18;336;9;9;27;1;3.60;4;1;1;86;0;3296701;188;0
147;18;336;9;9;27;99;3.60;6;2;1;86;0;3296799;180;0
147;18;336;9;9;27;99;3.20;3;1;1;75;0;3296799;416;0
147;18;336;9;9;30;26;4.00;6;2;1;91;0;3297026;211;0
147;18;336;9;9;30;99;4.00;3;1;1;74;0;3297099;284;0
147;18;336;9;9;32;99;4.00;3;1;1;79;0;3297299;180;0
147;18;336;9;9;39;1;3.80;3;1;1;76;0;3297901;583;0
147;18;336;9;9;42;99;4.20;7;2;1;97;0;3298299;3383;0
147;18;336;9;9;43;99;3.20;3;1;1;76;0;3298399;480;0
147;18;336;9;9;48;99;3.40;3;1;1;75;0;3298899;484;0
147;18;336;9;9;48;23;3.60;4;1;1;77;0;3298823;2106;0
147;18;336;9;9;50;6;3.60;2;1;1;91;0;3299006;4292;0
147;18;336;9;9;55;99;3.40;6;2;1;78;0;3299599;2557;0
147;18;336;9;9;56;11;5.00;7;2;1;78;0;3299611;1296;0
147;18;336;9;10;3;18;3.20;2;1;1;80;0;3300318;1297;0
147;18;336;9;10;12;68;3.60;3;1;1;82;0;3301268;2352;0
147;18;336;9;10;13;99;3.80;5;2;1;89;0;3301399;5493;0
147;18;336;9;10;14;66;3.00;6;2;1;78;0;3301466;1851;0
147;18;336;9;10;15;99;3.80;8;2;1;78;0;3301599;9983;0
147;18;336;9;10;18;9;3.60;6;2;1;76;0;3301809;329;0
147;18;336;9;10;23;7;4.00;2;1;1;75;0;3302307;1974;0
147;18;336;9;10;23;99;3.60;3;1;1;79;0;3302399;1115;0
147;18;336;9;10;23;99;3.60;6;2;1;80;0;3302399;572;0
147;18;336;9;10;25;81;3.40;3;1;1;86;0;3302581;165;0
147;18;336;9;10;25;98;3.60;2;1;1;77;0;3302598;271;0
147;18;336;9;10;26;99;4.20;2;1;1;79;0;3302699;84;0
147;18;336;9;10;28;99;3.60;6;2;1;86;0;3302899;483;0
147;18;336;9;10;30;99;5.20;2;1;1;78;0;3303099;380;0
147;18;336;9;10;31;11;3.40;3;1;1;76;0;3303111;515;0
147;18;336;9;10;31;99;3.60;6;2;1;82;0;3303199;284;0
147;18;336;9;10;36;20;3.00;5;2;1;80;0;3303620;2205;0
147;18;336;9;10;37;99;4.80;6;2;1;61;0;3303799;584;0
147;18;336;9;10;39;99;4.40;6;2;1;69;0;3303999;171;0
147;18;336;9;10;40;4;4.00;3;1;1;74;0;3304004;876;0
147;18;336;9;10;40;99;3.40;7;2;1;70;0;3304099;4464;0
147;18;336;9;10;43;99;3.40;3;1;1;73;0;3304399;375;0
147;18;336;9;10;45;35;3.80;3;1;1;78;0;3304535;119;0
147;18;336;9;10;48;99;3.60;6;2;1;83;0;3304899;877;0
147;18;336;9;10;48;99;3.40;2;1;1;76;0;3304899;1776;0
147;18;336;9;10;49;99;4.60;3;1;1;81;0;3304999;446;0
147;18;336;9;10;51;99;3.60;8;2;1;85;0;3305199;3582;0
147;18;336;9;10;53;97;3.80;1;1;1;83;0;3305397;12312;0
147;18;336;9;10;58;1;3.40;6;2;1;74;0;3305801;886;0
147;18;336;9;10;59;3;3.40;6;2;1;76;0;3305903;85;0
147;18;336;9;10;59;99;3.80;5;2;1;82;0;3305999;2365;0
147;18;336;9;11;0;53;3.60;6;2;1;81;0;3306053;133;0
147;18;336;9;11;1;99;3.40;5;2;1;87;0;3306199;183;0
147;18;336;9;11;1;99;3.60;3;1;1;84;0;3306199;1179;0
147;18;336;9;11;3;30;3.80;5;2;1;98;0;3306330;116;0
147;18;336;9;11;3;34;4.00;3;1;1;82;0;3306334;119;0
147;18;336;9;11;5;99;3.60;3;1;1;81;0;3306599;247;0
147;18;336;9;11;7;99;3.80;6;2;1;80;0;3306799;730;0
147;18;336;9;11;8;42;3.80;3;1;1;79;0;3306842;227;0
147;18;336;9;11;9;99;4.00;6;2;1;78;0;3306999;182;0
147;18;336;9;11;12;99;3.60;3;1;1;81;0;3307299;439;0
147;18;336;9;11;13;54;3.80;6;2;1;83;0;3307354;336;0
147;18;336;9;11;13;48;5.40;7;2;1;77;0;3307348;3231;0
147;18;336;9;11;15;99;3.20;6;2;1;82;0;3307599;228;0
147;18;336;9;11;22;99;3.00;3;1;1;76;0;3308299;984;0
147;18;336;9;11;28;99;4.00;2;1;1;76;0;3308899;3983;0
147;18;336;9;11;30;19;3.00;3;1;1;70;0;3309019;705;0
147;18;336;9;11;31;32;4.00;3;1;1;72;0;3309132;97;0
147;18;336;9;11;38;14;3.80;6;2;1;84;0;3309814;2200;0
147;18;336;9;11;46;9;3.80;3;1;1;91;0;3310609;1457;0
147;18;336;9;11;49;27;3.20;3;1;1;79;0;3310927;302;0
147;18;336;9;11;50;99;3.60;6;2;1;75;0;3311099;1268;0
147;18;336;9;11;51;1;3.40;3;1;1;88;0;3311101;159;0
147;18;336;9;11;53;4;3.60;3;1;1;83;0;3311304;189;0
147;18;336;9;11;55;99;4.20;8;2;1;83;0;3311599;6384;0
147;18;336;9;11;55;99;4.00;2;1;1;85;0;3311599;2681;0
147;18;336;9;11;56;99;3.20;7;2;1;76;0;3311699;4325;0
147;18;336;9;12;1;19;4.40;6;2;1;80;0;3312119;1002;0
147;18;336;9;12;1;10;3.80;5;2;1;83;0;3312110;5766;0
147;18;336;9;12;7;24;3.40;3;1;1;80;0;3312724;1404;0
147;18;336;9;12;11;4;3.80;3;1;1;78;0;3313104;364;0
147;18;336;9;12;13;99;3.60;5;2;1;91;0;3313399;1272;0
147;18;336;9;12;14;17;3.20;7;2;1;73;0;3313417;1702;0
147;18;336;9;12;15;99;3.80;6;2;1;87;0;3313599;1460;0
147;18;336;9;12;16;99;3.80;8;2;1;67;0;3313699;2081;0
147;18;336;9;12;16;99;3.20;6;2;1;83;0;3313699;84;0
147;18;336;9;12;20;97;3.00;6;2;1;77;0;3314097;384;0
147;18;336;9;12;21;99;5.00;6;2;1;74;0;3314199;87;0
147;18;336;9;12;26;7;3.60;3;1;1;76;0;3314607;1485;0
147;18;336;9;12;29;99;3.40;3;1;1;80;0;3314999;374;0
147;18;336;9;12;31;3;3.00;2;1;1;81;0;3315103;3487;0
147;18;336;9;12;38;20;3.80;6;2;1;76;0;3315820;1596;0
147;18;336;9;12;43;76;3.80;3;1;1;74;0;3316376;1361;0
147;18;336;9;12;47;99;4.40;2;1;1;68;0;3316799;1682;0
147;18;336;9;12;48;13;4.00;7;2;1;77;0;3316813;3380;0
147;18;336;9;12;49;14;3.40;6;2;1;74;0;3316914;1076;0
147;18;336;9;12;52;24;3.40;3;1;1;81;0;3317224;829;0
147;18;336;9;12;54;8;4.00;6;2;1;86;0;3317408;477;0
147;18;336;9;12;59;99;3.80;3;1;1;65;0;3317999;759;0
147;18;336;9;13;0;99;3.60;2;1;1;71;0;3318099;1276;0
147;18;336;9;13;2;20;3.00;6;2;1;78;0;3318220;795;0
147;18;336;9;13;3;17;3.20;6;2;1;78;0;3318317;83;0
147;18;336;9;13;5;0;3.40;2;1;1;80;0;3318500;382;0
147;18;336;9;13;7;15;7.20;6;2;2;88;0;3318715;383;0
147;18;336;9;13;8;22;4.80;5;2;1;87;0;3318822;5408;0
147;18;336;9;13;12;99;6.00;3;1;1;83;0;3319299;1278;0
147;18;336;9;13;23;99;4.00;8;2;1;76;0;3320399;6679;0
147;18;336;9;13;29;92;3.20;3;1;1;75;0;3320992;1666;0
147;18;336;9;13;34;68;3.80;2;1;1;76;0;3321468;2952;0
147;18;336;9;13;36;27;3.40;3;1;1;80;0;3321627;619;0
147;18;336;9;13;39;83;3.80;1;1;1;88;0;3321983;16569;0
147;18;336;9;13;39;87;3.20;2;1;1;77;0;3321987;501;0
147;18;336;9;13;40;99;3.60;2;1;1;72;0;3322099;97;0
147;18;336;9;13;49;10;4.40;6;2;1;82;0;3322910;4165;0
147;18;336;9;13;50;14;3.20;3;1;1;75;0;3323014;1371;0
147;18;336;9;13;50;22;3.80;2;1;1;80;0;3323022;905;0
147;18;336;9;13;52;96;7.40;3;1;1;79;0;3323296;266;0
147;18;336;9;13;54;18;3.00;6;2;1;79;0;3323418;488;0
147;18;336;9;13;54;14;3.40;2;1;1;76;0;3323414;374;0
147;18;336;9;13;54;21;4.00;3;1;1;79;0;3323421;91;0
147;18;336;9;13;55;99;3.80;2;1;1;79;0;3323599;168;0
147;18;336;9;13;55;99;3.20;4;1;1;81;0;3323599;24759;0
147;18;336;9;13;57;21;3.60;4;1;1;88;0;3323721;107;0
147;18;336;9;13;58;99;2.80;2;1;1;82;0;3323899;282;0
147;18;336;9;13;59;43;3.40;4;1;1;86;0;3323943;207;0
147;18;336;9;14;0;19;3.80;2;1;1;78;0;3324019;107;0
147;18;336;9;14;1;27;3.20;6;2;1;81;0;3324127;695;0
147;18;336;9;14;3;1;3.00;5;2;1;84;0;3324301;5459;0
147;18;336;9;14;5;78;7.00;6;2;2;74;0;3324578;436;0
147;18;336;9;14;8;99;3.40;3;1;1;76;0;3324899;1459;0
147;18;336;9;14;8;99;4.00;6;2;1;73;0;3324899;286;0
147;18;336;9;14;12;0;2.80;6;2;1;74;0;3325200;281;0
147;18;336;9;14;14;99;5.00;6;2;1;81;0;3325499;285;0
147;18;336;9;14;15;8;3.80;2;1;1;80;0;3325508;1471;0
147;18;336;9;14;16;99;3.40;8;2;1;76;0;3325699;5281;0
147;18;336;9;14;17;5;3.40;3;1;1;70;0;3325705;789;0
147;18;336;9;14;21;99;3.00;2;1;1;82;0;3326199;673;0
147;18;336;9;14;22;3;6.00;3;1;1;71;0;3326203;480;0
147;18;336;9;14;24;99;3.40;2;1;1;77;0;3326499;286;0
147;18;336;9;14;30;47;3.20;6;2;1;83;0;3327047;1525;0
147;18;336;9;14;33;99;3.40;6;2;1;85;0;3327399;338;0
147;18;336;9;14;34;99;3.20;2;1;1;72;0;3327499;984;0
147;18;336;9;14;36;99;3.20;2;1;1;73;0;3327699;184;0
147;18;336;9;14;37;1;3.60;7;2;1;79;0;3327701;10869;0
147;18;336;9;14;40;8;3.60;6;2;1;82;0;3328008;594;0
147;18;336;9;14;46;21;4.00;2;1;1;81;0;3328621;906;0
147;18;336;9;14;49;99;3.80;3;1;1;82;0;3328999;2765;0
147;18;336;9;14;49;99;3.80;2;1;1;79;0;3328999;360;0
147;18;336;9;14;52;99;3.20;3;1;1;81;0;3329299;283;0
147;18;336;9;14;54;20;3.40;6;2;1;79;0;3329420;1396;0
147;18;336;9;14;54;99;3.60;3;1;1;80;0;3329499;185;0
147;18;336;9;14;59;92;3.20;3;1;1;83;0;3329992;476;0
147;18;336;9;14;59;99;3.60;6;2;1;79;0;3329999;563;0
147;18;336;9;15;1;88;3.80;6;2;1;73;0;3330188;172;0
147;18;336;9;15;8;99;4.20;6;2;1;79;0;3330899;692;0
147;18;336;9;15;10;17;3.20;3;1;1;79;0;3331017;1011;0
147;18;336;9;15;11;49;7.00;3;1;1;83;0;3331149;117;0
147;18;336;9;15;13;14;2.80;2;1;1;80;0;3331314;2297;0
147;18;336;9;15;14;19;3.40;4;1;1;85;0;3331419;7461;0
147;18;336;9;15;15;26;3.40;4;1;1;85;0;3331526;92;0
147;18;336;9;15;16;18;3.20;4;1;1;77;0;3331618;77;0
147;18;336;9;15;20;99;3.40;3;1;1;83;0;3332099;919;0
147;18;336;9;15;25;99;3.40;3;1;1;73;0;3332599;485;0
147;18;336;9;15;26;13;3.60;2;1;1;74;0;3332613;1286;0
147;18;336;9;15;29;39;3.40;2;1;1;77;0;3332939;308;0
147;18;336;9;15;30;2;3.60;7;2;1;82;0;3333002;5284;0
147;18;336;9;15;30;99;3.60;2;1;1;78;0;3333099;144;0
147;18;336;9;15;30;99;3.40;6;2;1;75;0;3333099;2180;0
147;18;336;9;15;32;99;3.80;6;2;1;74;0;3333299;183;0
147;18;336;9;15;34;66;3.80;6;2;1;82;0;3333466;148;0
147;18;336;9;15;35;36;3.80;3;1;1;103;0;3333536;920;0
147;18;336;9;15;35;99;3.80;2;1;1;78;0;3333599;483;0
147;18;336;9;15;38;27;3.40;3;1;1;88;0;3333827;277;0
147;18;336;9;15;39;49;3.60;6;2;1;80;0;3333949;466;0
147;18;336;9;15;40;99;4.00;3;1;1;80;0;3334099;258;0
147;18;336;9;15;44;49;3.40;3;1;1;78;0;3334449;332;0
147;18;336;9;15;45;99;6.00;5;2;1;88;0;3334599;10285;0
147;18;336;9;15;45;99;3.20;6;2;1;86;0;3334599;633;0
147;18;336;9;15;47;27;3.40;2;1;1;72;0;3334727;1110;0
147;18;336;9;15;48;99;4.20;6;2;1;84;0;3334899;286;0
147;18;336;9;15;51;21;3.60;5;2;1;79;0;3335121;497;0
147;18;336;9;16;3;87;3.60;2;1;1;74;0;3336387;1643;0
147;18;336;9;16;5;88;3.60;6;2;1;79;0;3336588;1671;0
147;18;336;9;16;6;99;3.80;2;1;1;77;0;3336699;294;0
147;18;336;9;16;11;99;3.20;6;2;1;77;0;3337199;594;0
147;18;336;9;16;12;99;3.00;7;2;1;79;0;3337299;4281;0
147;18;336;9;16;17;2;3.60;3;1;1;76;0;3337702;3237;0
147;18;336;9;16;18;11;3.80;2;1;1;79;0;3337811;1094;0
147;18;336;9;16;20;44;3.80;1;1;1;75;0;3338044;16045;0
147;18;336;9;16;20;63;3.80;3;1;1;89;0;3338063;343;0
147;18;336;9;16;22;99;3.40;1;1;1;76;0;3338299;236;0
147;18;336;9;16;24;99;3.40;1;1;1;72;0;3338499;183;0
147;18;336;9;16;27;99;3.20;6;2;1;84;0;3338799;1585;0
147;18;336;9;16;29;31;3.80;6;2;1;88;0;3338931;118;0
147;18;336;9;16;32;14;5.20;7;2;1;88;0;3339214;1901;0
147;18;336;9;16;32;99;3.40;2;1;1;76;0;3339299;1470;0
147;18;336;9;16;33;61;3.60;3;1;1;79;0;3339361;1282;0
147;18;336;9;16;35;18;3.60;3;1;1;75;0;3339518;140;0
147;18;336;9;16;40;9;3.60;3;1;1;95;0;3340009;473;0
147;18;336;9;16;42;99;3.00;6;2;1;80;0;3340299;1352;0
147;18;336;9;16;43;62;3.40;3;1;1;77;0;3340362;339;0
147;18;336;9;16;45;99;3.60;7;2;1;86;0;3340599;1363;0
147;18;336;9;16;46;63;5.80;2;1;1;83;0;3340663;1347;0
147;18;336;9;16;48;4;3.40;6;2;1;89;0;3340804;491;0
147;18;336;9;16;50;26;3.60;3;1;1;79;0;3341026;648;0
147;18;336;9;16;50;99;3.80;2;1;1;81;0;3341099;410;0
147;18;336;9;16;55;99;5.00;6;2;1;80;0;3341599;781;0
147;18;336;9;16;55;99;3.40;8;2;1;95;0;3341599;15883;0
147;18;336;9;17;2;18;3.80;3;1;1;77;0;3342218;1175;0
147;18;336;9;17;2;99;3.60;6;2;1;76;0;3342299;677;0
147;18;336;9;17;3;99;3.60;1;1;1;75;0;3342399;3883;0
147;18;336;9;17;5;99;4.00;6;2;1;81;0;3342599;282;0
147;18;336;9;17;10;99;3.00;3;1;1;73;0;3343099;863;0
147;18;336;9;17;13;99;3.60;4;1;1;85;0;3343399;11766;0
147;18;336;9;17;14;19;3.60;3;1;1;79;0;3343419;305;0
147;18;336;9;17;16;22;3.80;6;2;1;79;0;3343622;1005;0
147;18;336;9;17;16;99;3.40;3;1;1;77;0;3343699;263;0
147;18;336;9;17;18;99;5.20;6;2;1;80;0;3343899;259;0
147;18;336;9;17;18;99;7.20;3;1;1;75;0;3343899;184;0
147;18;336;9;17;18;99;3.80;4;1;1;86;0;3343899;484;0
147;18;336;9;17;20;99;3.20;4;1;1;81;0;3344099;184;0
147;18;336;9;17;22;9;3.00;6;2;1;74;0;3344209;286;0
147;18;336;9;17;26;99;3.60;3;1;1;83;0;3344699;765;0
147;18;336;9;17;26;99;3.40;7;2;1;82;0;3344699;4084;0
147;18;336;9;17;27;78;3.60;3;1;1;76;0;3344778;63;0
147;18;336;9;17;27;91;3.40;6;2;1;76;0;3344791;567;0
147;18;336;9;17;28;99;4.20;3;1;1;74;0;3344899;103;0
147;18;336;9;17;30;99;3.60;3;1;1;76;0;3345099;179;0
147;18;336;9;17;31;10;3.60;2;1;1;82;0;3345110;3994;0
147;18;336;9;17;31;99;3.60;6;2;1;74;0;3345199;391;0
147;18;336;9;17;34;27;3.80;3;1;1;81;0;3345427;310;0
147;18;336;9;17;35;8;3.80;6;2;1;77;0;3345508;291;0
147;18;336;9;17;36;15;3.80;3;1;1;85;0;3345615;171;0
147;18;336;9;17;38;99;3.40;2;1;1;80;0;3345899;773;0
147;18;336;9;17;40;80;3.60;4;1;1;90;0;3346080;1966;0
147;18;336;9;17;43;99;3.40;3;1;1;77;0;3346399;767;0
147;18;336;9;17;46;99;3.40;6;2;1;86;0;3346699;1173;0
147;18;336;9;17;48;14;3.60;6;2;1;80;0;3346814;100;0
147;18;336;9;17;48;99;5.80;3;1;1;75;0;3346899;484;0
147;18;336;9;17;50;26;3.20;6;2;1;77;0;3347026;195;0
147;18;336;9;17;50;63;3.80;3;1;1;71;0;3347063;136;0
147;18;336;9;17;51;99;3.40;7;2;1;82;0;3347199;2485;0
147;18;336;9;17;51;99;3.80;3;1;1;72;0;3347199;116;0
147;18;336;9;17;59;99;3.60;6;2;1;80;0;3347999;958;0
147;18;336;9;18;2;31;3.60;7;2;1;87;0;3348231;1017;0
147;18;336;9;18;8;86;3.60;6;2;1;72;0;3348886;870;0
147;18;336;9;18;8;99;8.20;3;1;6;79;0;3348899;1681;0
147;18;336;9;18;9;99;3.80;6;2;1;72;0;3348999;95;0
147;18;336;9;18;13;51;4.00;7;2;1;16;0;3349351;1105;0
147;18;336;9;18;15;37;3.40;3;1;1;80;0;3349537;600;0
147;18;336;9;18;23;45;3.80;7;2;1;81;0;3350345;904;0
147;18;336;9;18;23;83;4.00;3;1;1;80;0;3350383;830;0
147;18;336;9;18;25;99;3.40;3;1;1;79;0;3350599;198;0
147;18;336;9;18;28;55;3.60;3;1;1;74;0;3350855;240;0
147;18;336;9;18;28;67;3.20;2;1;1;79;0;3350867;4952;0
147;18;336;9;18;31;38;3.80;2;1;1;75;0;3351138;256;0
147;18;336;9;18;32;24;3.60;6;2;1;83;0;3351224;2206;0
147;18;336;9;18;39;99;3.20;6;2;1;79;0;3351999;759;0
147;18;336;9;18;41;57;3.40;7;2;1;84;0;3352157;1795;0
147;18;336;9;18;43;9;3.80;6;2;1;76;0;3352309;295;0
147;18;336;9;18;43;4;3.60;5;2;1;80;0;3352304;17166;0
147;18;336;9;18;44;99;3.00;3;1;1;71;0;3352499;1626;0
147;18;336;9;18;46;50;3.20;3;1;1;63;0;3352650;135;0
147;18;336;9;18;48;12;3.20;6;2;1;85;0;3352812;485;0
147;18;336;9;18;49;15;3.60;3;1;1;77;0;3352915;246;0
147;18;336;9;18;52;87;3.80;3;1;1;75;0;3353287;355;0
147;18;336;9;18;53;22;3.40;6;2;1;79;0;3353322;496;0
147;18;336;9;18;55;25;3.60;2;1;1;81;0;3353525;2368;0
147;18;336;9;19;0;99;3.80;3;1;1;70;0;3354099;793;0
147;18;336;9;19;1;19;3.40;2;1;1;78;0;3354119;578;0
147;18;336;9;19;2;99;4.00;6;2;1;80;0;3354299;961;0
147;18;336;9;19;7;32;3.40;2;1;1;79;0;3354732;597;0
147;18;336;9;19;8;99;5.00;6;2;1;83;0;3354899;582;0
147;18;336;9;19;9;15;3.40;3;1;1;80;0;3354915;796;0
147;18;336;9;19;13;8;5.60;3;1;1;83;0;3355308;377;0
147;18;336;9;19;17;21;3.80;3;1;1;79;0;3355721;388;0
147;18;336;9;19;27;40;3.20;2;1;1;75;0;3356740;1992;0
147;18;336;9;19;30;99;3.40;2;1;1;78;0;3357099;343;0
147;18;336;9;19;31;99;3.20;7;2;1;80;0;3357199;5027;0
147;18;336;9;19;31;99;3.20;8;2;1;86;0;3357199;15587;0
147;18;336;9;19;38;99;3.60;7;2;1;93;0;3357899;685;0
147;18;336;9;19;40;12;4.20;6;2;1;81;0;3358012;3091;0
147;18;336;9;19;42;99;3.40;4;1;1;86;0;3358299;12204;0
147;18;336;9;19;42;6;3.80;7;2;1;86;0;3358206;293;0
147;18;336;9;19;44;0;3.80;3;1;1;76;0;3358400;2661;0
147;18;336;9;19;44;14;3.80;5;2;1;79;0;3358414;6093;0
147;18;336;9;19;45;87;3.80;2;1;1;76;0;3358587;1472;0
147;18;336;9;19;46;99;3.60;3;1;1;75;0;3358699;281;0
147;18;336;9;19;47;99;3.60;2;1;1;84;0;3358799;194;0
147;18;336;9;19;48;17;3.60;4;1;1;80;0;3358817;503;0
147;18;336;9;19;49;99;5.00;6;2;1;80;0;3358999;968;0
147;18;336;9;19;50;61;5.20;2;1;1;75;0;3359061;246;0
147;18;336;9;19;51;99;3.80;6;2;1;82;0;3359199;177;0
147;18;336;9;19;55;61;3.40;3;1;1;84;0;3359561;844;0
147;18;336;9;20;0;99;4.00;6;2;1;79;0;3360099;883;0
147;18;336;9;20;4;4;3.60;7;2;1;82;0;3360404;2182;0
147;18;336;9;20;4;99;3.20;2;1;1;80;0;3360499;1413;0
147;18;336;9;20;5;28;3.00;1;1;1;83;0;3360528;18111;0
147;18;336;9;20;6;99;4.40;3;1;1;81;0;3360699;1123;0
147;18;336;9;20;6;99;2.80;7;2;1;83;0;3360699;279;0
147;18;336;9;20;11;78;4.00;6;2;1;79;0;3361178;1060;0
147;18;336;9;20;12;24;3.80;7;2;1;86;0;3361224;512;0
147;18;336;9;20;21;97;5.00;7;2;1;78;0;3362197;957;0
147;18;336;9;20;23;99;3.60;3;1;1;77;0;3362399;1680;0
147;18;336;9;20;26;18;3.00;6;2;1;72;0;3362618;1421;0
147;18;336;9;20;27;99;3.80;3;1;1;80;0;3362799;383;0
147;18;336;9;20;33;19;4.60;3;1;1;91;0;3363319;502;0
147;18;336;9;20;34;91;3.40;2;1;1;80;0;3363491;2977;0
147;18;336;9;20;35;99;3.40;2;1;1;79;0;3363599;92;0
147;18;336;9;20;36;32;7.80;6;2;6;83;0;3363632;999;0
147;18;336;9;20;41;16;7.00;3;1;2;88;0;3364116;778;0
147;18;336;9;20;45;3;3.80;3;1;1;75;0;3364503;358;0
147;18;336;9;20;47;99;3.40;2;1;1;75;0;3364799;1184;0
147;18;336;9;20;48;99;3.40;2;1;1;74;0;3364899;83;0
147;18;336;9;20;48;99;3.80;3;1;1;81;0;3364899;377;0
147;18;336;9;20;49;72;3.80;2;1;1;77;0;3364972;56;0
147;18;336;9;20;51;99;3.80;3;1;1;83;0;3365199;283;0
147;18;336;9;20;52;67;3.60;6;2;1;81;0;3365267;1601;0
147;18;336;9;20;52;99;4.00;3;1;1;81;0;3365299;83;0
147;18;336;9;20;54;16;3.40;3;1;1;80;0;3365416;99;0
147;18;336;9;20;54;60;3.20;6;2;1;84;0;3365460;177;0
147;18;336;9;20;55;99;3.20;4;1;1;76;0;3365599;6765;0
147;18;336;9;20;56;15;5.80;2;1;1;81;0;3365615;625;0
147;18;336;9;20;57;99;3.20;8;2;1;78;0;3365799;8586;0
147;18;336;9;20;59;23;3.20;3;1;1;78;0;3365923;491;0
147;18;336;9;21;2;73;3.20;6;2;1;76;0;3366273;799;0
147;18;336;9;21;2;88;3.80;3;1;1;85;0;3366288;350;0
147;18;336;9;21;9;99;5.20;5;2;1;84;0;3366999;8567;0
147;18;336;9;21;10;99;3.40;6;2;1;79;0;3367099;810;0
147;18;336;9;21;12;1;3.60;5;2;1;80;0;3367201;179;0
147;18;336;9;21;12;16;3.20;6;2;1;75;0;3367216;101;0
147;18;336;9;21;15;99;3.40;3;1;1;77;0;3367599;1294;0
147;18;336;9;21;16;13;3.80;2;1;1;75;0;3367613;1972;0
147;18;336;9;21;16;99;4.00;3;1;1;76;0;3367699;84;0
147;18;336;9;21;18;99;4.00;3;1;1;75;0;3367899;181;0
147;18;336;9;21;21;99;4.00;3;1;1;81;0;3368199;280;0
147;18;336;9;21;22;42;6.20;3;1;1;83;0;3368242;25;0
147;18;336;9;21;25;99;4.00;3;1;1;83;0;3368599;330;0
147;18;336;9;21;27;18;3.80;4;1;1;86;0;3368718;3103;0
147;18;336;9;21;27;33;4.40;6;2;1;75;0;3368733;1501;0
147;18;336;9;21;30;64;4.40;7;2;1;83;0;3369064;6843;0
147;18;336;9;21;37;99;3.20;2;1;1;81;0;3369799;2167;0
147;18;336;9;21;39;3;3.60;2;1;1;81;0;3369903;89;0
147;18;336;9;21;46;99;3.00;2;1;1;87;0;3370699;780;0
147;18;336;9;21;48;82;3.20;6;2;1;76;0;3370882;2127;0
147;18;336;9;21;51;13;3.80;3;1;1;74;0;3371113;2496;0
147;18;336;9;21;53;0;3.80;7;2;1;90;0;3371300;2216;0
147;18;336;9;21;53;10;4.00;2;1;1;80;0;3371310;598;0
147;18;336;9;21;53;22;3.40;6;2;1;79;0;3371322;424;0
147;18;336;9;21;55;19;3.60;2;1;1;83;0;3371519;191;0
147;18;336;9;21;55;99;3.60;4;1;1;82;0;3371599;2865;0
147;18;336;9;21;57;99;3.80;2;1;1;81;0;3371799;264;0
147;18;336;9;21;58;40;5.00;7;2;1;84;0;3371840;524;0
147;18;336;9;22;0;99;3.20;8;2;1;79;0;3372099;6285;0
147;18;336;9;22;3;7;3.40;2;1;1;77;0;3372307;491;0
147;18;336;9;22;3;7;3.40;3;1;1;78;0;3372307;1175;0
147;18;336;9;22;9;99;8.20;6;2;6;79;0;3372999;1661;0
147;18;336;9;22;10;99;3.00;7;2;1;84;0;3373099;1237;0
147;18;336;9;22;11;62;3.60;8;2;1;83;0;3373162;1048;0
147;18;336;9;22;13;0;4.40;6;2;1;82;0;3373300;263;0
147;18;336;9;22;14;14;3.60;6;2;1;82;0;3373414;94;0
147;18;336;9;22;14;99;3.80;3;1;1;81;0;3373499;1176;0
147;18;336;9;22;17;1;5.80;3;1;1;73;0;3373701;185;0
147;18;336;9;22;18;17;3.40;2;1;1;74;0;3373817;1494;0
147;18;336;9;22;20;99;3.00;6;2;1;88;0;3374099;669;0
147;18;336;9;22;22;9;3.80;1;1;1;84;0;3374209;13667;0
147;18;336;9;22;22;12;4.00;3;1;1;87;0;3374212;482;0
147;18;336;9;22;23;99;3.80;6;2;1;77;0;3374399;287;0
147;18;336;9;22;25;99;4.00;3;1;1;81;0;3374599;370;0
147;18;336;9;22;27;29;3.20;2;1;1;81;0;3374729;895;0
147;18;336;9;22;28;99;3.80;7;2;1;78;0;3374899;1787;0
147;18;336;9;22;29;99;3.00;2;1;1;81;0;3374999;255;0
147;18;336;9;22;31;51;3.00;1;1;1;80;0;3375151;925;0
147;18;336;9;22;38;99;3.80;1;1;1;86;0;3375899;734;0
147;18;336;9;22;46;99;4.40;2;1;1;75;0;3376699;1686;0
147;18;336;9;22;48;0;4.00;3;1;1;78;0;3376800;2183;0
147;18;336;9;22;48;99;3.40;6;2;1;69;0;3376899;2482;0
147;18;336;9;22;49;99;3.00;6;2;1;68;0;3376999;82;0
147;18;336;9;22;50;10;3.60;3;1;1;81;0;3377010;191;0
147;18;336;9;22;52;99;3.40;8;2;1;71;0;3377299;4121;0
147;18;336;9;22;56;29;3.80;4;1;1;100;0;3377629;6014;0
147;18;336;9;23;0;93;3.20;6;2;1;80;0;3378093;1078;0
147;18;336;9;23;0;99;3.40;2;1;1;81;0;3378099;1378;0
147;18;336;9;23;2;58;3.80;3;1;1;76;0;3378258;1232;0
147;18;336;9;23;3;11;4.80;5;2;1;94;0;3378311;11093;0
147;18;336;9;23;3;99;4.80;7;2;1;86;0;3378399;3482;0
147;18;336;9;23;6;99;5.20;6;2;1;80;0;3378699;591;0
147;18;336;9;23;7;20;3.40;2;1;1;76;0;3378720;605;0
147;18;336;9;23;12;42;3.20;6;2;1;82;0;3379242;519;0
147;18;336;9;23;14;99;5.80;2;1;1;76;0;3379499;762;0
147;18;336;9;23;15;12;3.40;3;1;1;78;0;3379512;1236;0
147;18;336;9;23;19;17;3.60;2;1;1;81;0;3379917;390;0
147;18;336;9;23;21;99;3.20;6;2;1;73;0;3380199;942;0
147;18;336;9;23;21;64;9.20;7;2;2;59;0;3380164;1744;0
147;18;336;9;23;24;4;4.00;8;2;1;84;0;3380404;3087;0
147;18;336;9;23;25;25;3.60;3;1;1;84;0;3380525;997;0
147;18;336;9;23;29;99;4.00;3;1;1;90;0;3380999;458;0
147;18;336;9;23;32;99;3.00;2;1;1;78;0;3381299;1366;0
147;18;336;9;23;32;9;3.60;6;2;1;77;0;3381209;994;0
147;18;336;9;23;33;83;3.40;1;1;1;75;0;3381383;5468;0
147;18;336;9;23;33;71;7.60;7;2;1;67;0;3381371;1150;0
147;18;336;9;23;35;52;3.40;6;2;1;80;0;3381552;326;0
147;18;336;9;23;40;99;3.40;3;1;1;76;0;3382099;1084;0
147;18;336;9;23;41;1;4.40;2;1;1;78;0;3382101;788;0
147;18;336;9;23;42;99;3.60;6;2;1;77;0;3382299;731;0
147;18;336;9;23;42;99;3.60;2;1;1;77;0;3382299;177;0
147;18;336;9;23;48;53;3.40;6;2;1;72;0;3382853;537;0
147;18;336;9;23;51;48;3.40;2;1;1;78;0;3383148;832;0
147;18;336;9;23;58;47;4.00;3;1;1;85;0;3383847;1731;0
147;18;336;9;24;1;68;3.60;2;1;1;87;0;3384168;1004;0
147;18;336;9;24;4;64;3.00;2;1;1;69;0;3384464;281;0
147;18;336;9;24;7;99;3.60;2;1;1;75;0;3384799;319;0
147;18;336;9;24;9;63;3.60;3;1;1;79;0;3384963;1099;0
147;18;336;9;24;11;30;3.60;2;1;1;83;0;3385130;313;0
147;18;336;9;24;14;99;3.80;3;1;1;73;0;3385499;519;0
147;18;336;9;24;16;99;3.20;3;1;1;70;0;3385699;181;0
147;18;336;9;24;16;29;3.80;4;1;1;81;0;3385629;7986;0
147;18;336;9;24;17;99;4.60;3;1;1;78;0;3385799;83;0
147;18;336;9;24;19;50;3.80;3;1;1;79;0;3385950;129;0
147;18;336;9;24;21;99;3.40;6;2;1;82;0;3386199;3329;0
147;18;336;9;24;25;99;3.40;2;1;1;83;0;3386599;1453;0
147;18;336;9;24;32;99;3.80;6;2;1;81;0;3387299;1085;0
147;18;336;9;24;36;99;3.80;3;1;1;80;0;3387699;1731;0
147;18;336;9;24;40;99;3.60;7;2;1;81;0;3388099;6687;0
147;18;336;9;24;43;18;3.60;6;2;1;75;0;3388318;1002;0
147;18;336;9;24;43;99;3.80;4;1;1;88;0;3388399;2753;0
147;18;336;9;24;43;99;3.80;3;1;1;80;0;3388399;682;0
147;18;336;9;24;47;17;3.20;3;1;1;75;0;3388717;300;0
147;18;336;9;24;48;7;3.60;4;1;1;84;0;3388807;392;0
147;18;336;9;24;49;30;3.20;3;1;1;75;0;3388930;197;0
147;18;336;9;24;55;5;3.60;3;1;1;76;0;3389505;559;0
147;18;336;9;24;56;99;4.40;6;2;1;80;0;3389699;1363;0
147;18;336;9;24;57;7;4.00;2;1;1;75;0;3389707;3093;0
147;18;336;9;24;57;36;3.80;5;2;1;80;0;3389736;11406;0
147;18;336;9;24;58;28;3.60;4;1;1;92;0;3389828;1005;0
147;18;336;9;25;2;5;3.40;3;1;1;78;0;3390205;682;0
147;18;336;9;25;3;99;3.80;6;2;1;70;0;3390399;680;0
147;18;336;9;25;5;5;3.60;2;1;1;77;0;3390505;778;0
147;18;336;9;25;8;99;4.20;8;2;1;83;0;3390899;10477;0
147;18;336;9;25;8;99;4.80;7;2;1;79;0;3390899;2784;0
147;18;336;9;25;9;4;3.60;3;1;1;86;0;3390904;683;0
147;18;336;9;25;14;8;3.60;2;1;1;81;0;3391408;886;0
147;18;336;9;25;16;7;3.40;6;2;1;81;0;3391607;1188;0
147;18;336;9;25;17;99;3.60;6;2;1;89;0;3391799;176;0
147;18;336;9;25;17;99;4.00;3;1;1;79;0;3391799;879;0
147;18;336;9;25;22;99;4.00;6;2;1;79;0;3392299;485;0
147;18;336;9;25;26;99;3.20;6;2;1;78;0;3392699;381;0
147;18;336;9;25;27;99;4.40;2;1;1;79;0;3392799;1375;0
147;18;336;9;25;28;11;3.40;6;2;1;74;0;3392811;97;0
147;18;336;9;25;32;99;3.80;1;1;1;84;0;3393299;11899;0
147;18;336;9;25;36;1;3.80;8;2;1;79;0;3393601;2683;0
147;18;336;9;25;39;99;3.60;3;1;1;84;0;3393999;2181;0
147;18;336;9;25;42;99;3.40;3;1;1;78;0;3394299;284;0
147;18;336;9;25;43;0;3.60;4;1;1;83;0;3394300;4457;0
147;18;336;9;25;44;99;3.40;6;2;1;80;0;3394499;1671;0
147;18;336;9;25;46;21;3.60;4;1;1;83;0;3394621;305;0
147;18;336;9;25;48;99;3.60;6;2;1;80;0;3394899;384;0
147;18;336;9;25;49;95;3.20;3;1;1;76;0;3394995;680;0
147;18;336;9;25;50;27;3.20;2;1;1;86;0;3395027;2207;0
147;18;336;9;25;52;99;4.00;2;1;1;75;0;3395299;258;0
147;18;336;9;25;58;16;3.40;2;1;1;81;0;3395816;497;0
147;18;336;9;26;6;27;2.80;3;1;1;80;0;3396627;1616;0
147;18;336;9;26;10;99;4.00;3;1;1;81;0;3397099;459;0
147;18;336;9;26;14;71;4.00;3;1;1;85;0;3397471;354;0
147;18;336;9;26;17;71;11.40;7;2;2;84;0;3397771;6850;0
147;18;336;9;26;19;42;3.60;2;1;1;78;0;3397942;2110;0
147;18;336;9;26;20;10;3.60;7;2;1;83;0;3398010;190;0
147;18;336;9;26;20;99;4.60;3;1;1;86;0;3398099;611;0
147;18;336;9;26;28;99;4.00;6;2;1;84;0;3398899;3983;0
147;18;336;9;26;32;0;3.80;6;2;1;79;0;3399200;283;0
147;18;336;9;26;34;99;3.80;2;1;1;85;0;3399499;1540;0
147;18;336;9;26;35;98;3.00;6;2;1;71;0;3399598;380;0
147;18;336;9;26;36;7;3.60;2;1;1;88;0;3399607;91;0
147;18;336;9;26;37;14;3.80;6;2;1;79;0;3399714;100;0
147;18;336;9;26;37;50;3.20;2;1;1;87;0;3399750;128;0
147;18;336;9;26;41;99;3.80;5;2;1;82;0;3400199;10445;0
147;18;336;9;26;42;41;3.40;6;2;1;75;0;3400241;509;0
147;18;336;9;26;45;43;3.80;6;2;1;77;0;3400543;285;0
147;18;336;9;26;47;38;3.80;3;1;1;81;0;3400738;2619;0
147;18;336;9;26;48;88;3.20;6;2;1;76;0;3400888;327;0
147;18;336;9;26;49;99;4.00;5;2;1;84;0;3400999;783;0
147;18;336;9;26;49;99;11.60;2;1;3;80;0;3400999;1235;0
147;18;336;9;26;53;99;3.60;3;1;1;80;0;3401399;644;0
147;18;336;9;26;56;99;3.80;6;2;1;77;0;3401699;795;0
147;18;336;9;26;58;21;3.20;6;2;1;81;0;3401821;104;0
147;18;336;9;27;1;22;3.00;2;1;1;82;0;3402122;1070;0
147;18;336;9;27;3;75;3.40;3;1;1;81;0;3402375;959;0
147;18;336;9;27;4;30;3.80;6;2;1;84;0;3402430;594;0
147;18;336;9;27;5;2;3.60;3;1;1;80;0;3402502;111;0
147;18;336;9;27;5;51;8.60;8;2;6;86;0;3402551;8932;0
147;18;336;9;27;6;23;3.80;4;1;1;80;0;3402623;7986;0
147;18;336;9;27;7;99;3.20;5;2;1;87;0;3402799;1782;0
147;18;336;9;27;7;99;3.60;2;1;1;77;0;3402799;663;0
147;18;336;9;27;10;15;3.40;2;1;1;79;0;3403015;199;0
147;18;336;9;27;11;99;3.00;6;2;1;74;0;3403199;752;0
147;18;336;9;27;14;99;3.00;1;1;1;75;0;3403499;10183;0
147;18;336;9;27;14;99;2.80;6;2;1;81;0;3403499;285;0
147;18;336;9;27;15;28;3.40;2;1;1;77;0;3403528;497;0
147;18;336;9;27;16;99;4.00;7;2;1;81;0;3403699;5673;0
147;18;336;9;27;19;99;3.20;2;1;1;75;0;3403999;455;0
147;18;336;9;27;21;24;3.40;2;1;1;76;0;3404124;109;0
147;18;336;9;27;22;99;3.80;7;2;1;75;0;3404299;582;0
147;18;336;9;27;23;10;5.00;2;1;1;80;0;3404310;169;0
147;18;336;9;27;26;13;2.80;2;1;1;73;0;3404613;280;0
147;18;336;9;27;27;11;3.60;6;2;1;82;0;3404711;1199;0
147;18;336;9;27;27;99;6.60;2;1;1;78;0;3404799;172;0
147;18;336;9;27;29;99;3.20;3;1;1;73;0;3404999;2480;0
147;18;336;9;27;30;99;3.40;6;2;1;80;0;3405099;372;0
147;18;336;9;27;32;99;3.20;6;2;1;79;0;3405299;184;0
147;18;336;9;27;32;99;3.20;3;1;1;77;0;3405299;284;0
147;18;336;9;27;34;86;3.80;3;1;1;78;0;3405486;172;0
147;18;336;9;27;35;99;3.20;6;2;1;83;0;3405599;285;0
147;18;336;9;27;39;92;3.40;6;2;1;77;0;3405992;379;0
147;18;336;9;27;42;99;4.40;7;2;1;83;0;3406299;1981;0
147;18;336;9;27;43;99;3.60;1;1;1;74;0;3406399;2885;0
147;18;336;9;27;44;99;3.60;6;2;1;77;0;3406499;491;0
147;18;336;9;27;45;99;3.20;2;1;1;86;0;3406599;1769;0
147;18;336;9;27;48;99;3.80;2;1;1;79;0;3406899;286;0
147;18;336;9;27;51;24;3.00;6;2;1;78;0;3407124;608;0
147;18;336;9;27;52;99;3.60;3;1;1;79;0;3407299;1795;0
147;18;336;9;27;53;19;4.00;8;2;1;79;0;3407319;4732;0
147;18;336;9;27;54;58;4.00;2;1;1;87;0;3407458;541;0
147;18;336;9;27;55;99;3.80;7;2;1;80;0;3407599;1280;0
147;18;336;9;27;56;99;3.00;3;1;1;75;0;3407699;383;0
147;18;336;9;27;57;99;3.80;6;2;1;86;0;3407799;661;0
147;18;336;9;27;58;99;7.20;6;2;2;99;0;3407899;84;0
147;18;336;9;28;4;26;3.40;3;1;1;77;0;3408426;712;0
147;18;336;9;28;5;99;3.60;3;1;1;78;0;3408599;157;0
147;18;336;9;28;10;3;3.60;1;1;1;90;0;3409003;2586;0
147;18;336;9;28;10;99;3.80;2;1;1;83;0;3409099;1624;0
147;18;336;9;28;11;99;3.80;3;1;1;83;0;3409199;583;0
147;18;336;9;28;12;10;3.20;6;2;1;81;0;3409210;1284;0
147;18;336;9;28;14;8;3.80;2;1;1;79;0;3409408;292;0
147;18;336;9;28;14;38;3.80;6;2;1;83;0;3409438;213;0
147;18;336;9;28;15;99;3.60;3;1;1;83;0;3409599;383;0
147;18;336;9;28;16;24;3.80;7;2;1;80;0;3409624;2007;0
147;18;336;9;28;16;99;3.20;2;1;1;77;0;3409699;273;0
147;18;336;9;28;17;46;3.60;3;1;1;83;0;3409746;131;0
147;18;336;9;28;20;99;3.80;3;1;1;79;0;3410099;337;0
147;18;336;9;28;21;0;3.80;6;2;1;81;0;3410100;645;0
147;18;336;9;28;21;99;3.20;1;1;1;82;0;3410199;1181;0
147;18;336;9;28;24;99;3.80;4;1;1;87;0;3410499;7858;0
147;18;336;9;28;25;17;3.80;6;2;1;78;0;3410517;400;0
147;18;336;9;28;26;18;3.00;7;2;1;81;0;3410618;976;0
147;18;336;9;28;26;99;3.60;1;1;1;76;0;3410699;485;0
147;18;336;9;28;30;12;4.60;4;1;1;80;0;3411012;497;0
147;18;336;9;28;30;82;3.80;7;2;1;85;0;3411082;450;0
147;18;336;9;28;30;99;4.20;8;2;1;79;0;3411099;3761;0
147;18;336;9;28;31;99;3.00;6;2;1;69;0;3411199;664;0
147;18;336;9;28;32;99;3.80;6;2;1;74;0;3411299;84;0
147;18;336;9;28;32;44;5.40;7;2;1;37;0;3411244;145;0
147;18;336;9;28;34;99;3.60;4;1;1;82;0;3411499;466;0
147;18;336;9;28;34;99;3.60;3;1;1;68;0;3411499;1382;0
147;18;336;9;28;35;99;3.40;3;1;1;66;0;3411599;80;0
147;18;336;9;28;36;99;3.80;4;1;1;84;0;3411699;184;0
147;18;336;9;28;37;10;3.40;3;1;1;65;0;3411710;92;0
147;18;336;9;28;38;9;3.80;2;1;1;87;0;3411809;2095;0
147;18;336;9;28;40;30;6.80;8;2;2;92;0;3412030;911;0
147;18;336;9;28;42;7;3.60;6;2;1;94;0;3412207;889;0
147;18;336;9;28;42;4;3.00;3;1;1;78;0;3412204;475;0
147;18;336;9;28;43;25;3.80;6;2;1;90;0;3412325;104;0
147;18;336;9;28;45;24;3.40;3;1;1;75;0;3412524;306;0
147;18;336;9;28;48;83;3.40;2;1;1;74;0;3412883;1058;0
147;18;336;9;29;7;24;3.40;2;1;1;77;0;3414724;1824;0
147;18;336;9;29;8;43;4.20;2;1;1;81;0;3414843;103;0
147;18;336;9;29;11;99;3.60;6;2;1;88;0;3415199;2858;0
147;18;336;9;29;13;10;3.40;3;1;1;79;0;3415310;2769;0
147;18;336;9;29;15;99;3.80;6;2;1;79;0;3415599;385;0
147;18;336;9;29;18;99;3.40;3;1;1;82;0;3415899;573;0
147;18;336;9;29;22;18;3.20;3;1;1;81;0;3416218;304;0
147;18;336;9;29;31;76;3.20;6;2;1;77;0;3417176;1559;0
147;18;336;9;29;33;99;3.40;6;2;1;75;0;3417399;208;0
147;18;336;9;29;38;99;3.80;1;1;1;70;0;3417899;7182;0
147;18;336;9;29;40;99;4.00;3;1;1;76;0;3418099;1866;0
147;18;336;9;29;41;12;3.60;2;1;1;78;0;3418112;3250;0
147;18;336;9;29;42;99;3.00;2;1;1;81;0;3418299;170;0
147;18;336;9;29;45;99;3.20;1;1;1;81;0;3418599;680;0
147;18;336;9;29;45;99;8.60;3;1;6;73;0;3418599;481;0
147;18;336;9;29;50;99;4.40;2;1;1;83;0;3419099;786;0
147;18;336;9;29;50;99;3.00;7;2;1;81;0;3419099;7802;0
147;18;336;9;29;50;99;3.40;3;1;1;80;0;3419099;457;0
147;18;336;9;29;52;99;3.80;7;2;1;83;0;3419299;186;0
147;18;336;9;29;56;5;3.80;3;1;1;84;0;3419605;490;0
147;18;336;9;30;0;11;3.20;6;2;1;76;0;3420011;2595;0
147;18;336;9;30;1;26;3.40;3;1;1;81;0;3420126;504;0
147;18;336;9;30;1;99;3.80;5;2;1;84;0;3420199;17386;0
147;18;336;9;30;1;99;3.60;6;2;1;78;0;3420199;172;0
147;18;336;9;30;4;23;3.60;5;2;1;82;0;3420423;207;0
147;18;336;9;30;4;36;3.80;4;1;1;81;0;3420436;8720;0
147;18;336;9;30;6;99;3.60;6;2;1;77;0;3420699;483;0
147;18;336;9;30;7;5;4.00;7;2;1;81;0;3420705;1389;0
147;18;336;9;30;7;45;3.60;5;2;1;79;0;3420745;306;0
147;18;336;9;30;7;91;3.20;3;1;1;74;0;3420791;649;0
147;18;336;9;30;9;34;3.80;7;2;1;83;0;3420934;211;0
147;18;336;9;30;11;99;3.60;3;1;1;80;0;3421199;392;0
147;18;336;9;30;12;44;3.80;5;2;1;84;0;3421244;482;0
147;18;336;9;30;13;99;3.40;5;2;1;85;0;3421399;138;0
147;18;336;9;30;14;26;3.20;3;1;1;80;0;3421426;210;0
147;18;336;9;30;15;15;3.40;7;2;1;79;0;3421515;564;0
147;18;336;9;30;16;99;3.00;6;2;1;77;0;3421699;983;0
147;18;336;9;30;19;17;4.00;6;2;1;77;0;3421917;203;0
147;18;336;9;30;20;59;3.60;3;1;1;69;0;3422059;618;0
147;18;336;9;30;21;99;3.40;6;2;1;83;0;3422199;263;0
147;18;336;9;30;22;10;3.80;4;1;1;82;0;3422210;1757;0
147;18;336;9;30;22;16;3.60;2;1;1;78;0;3422216;3097;0
147;18;336;9;30;22;11;3.80;3;1;1;69;0;3422211;133;0
147;18;336;9;30;23;99;3.60;3;1;1;72;0;3422399;168;0
147;18;336;9;30;24;99;3.60;2;1;1;73;0;3422499;266;0
147;18;336;9;30;25;4;3.80;4;1;1;79;0;3422504;277;0
147;18;336;9;30;25;25;3.80;3;1;1;73;0;3422525;108;0
147;18;336;9;30;27;13;3.80;6;2;1;77;0;3422713;499;0
147;18;336;9;30;29;25;3.60;6;2;1;81;0;3422925;194;0
147;18;336;9;30;48;16;3.80;2;1;1;85;0;3424816;2299;0
147;18;336;9;30;50;99;3.20;2;1;1;76;0;3425099;266;0
147;18;336;9;30;52;99;3.80;6;2;1;75;0;3425299;2358;0
147;18;336;9;31;1;72;3.20;6;2;1;84;0;3426172;854;0
147;18;336;9;31;1;99;3.80;3;1;1;77;0;3426199;3655;0
147;18;336;9;31;3;63;3.60;7;2;1;80;0;3426363;4832;0
147;18;336;9;31;6;99;3.80;7;2;1;77;0;3426699;319;0
147;18;336;9;31;7;23;3.60;3;1;1;80;0;3426723;506;0
147;18;336;9;31;12;12;3.60;6;2;1;78;0;3427212;1026;0
147;18;336;9;31;13;1;3.60;8;2;1;80;0;3427301;15244;0
147;18;336;9;31;14;99;5.00;3;1;1;81;0;3427499;759;0
147;18;336;9;31;16;86;3.40;4;1;1;79;0;3427686;5164;0
147;18;336;9;31;18;99;3.40;3;1;1;73;0;3427899;377;0
147;18;336;9;31;18;19;3.80;4;1;1;80;0;3427819;117;0
147;18;336;9;31;19;70;3.60;6;2;1;79;0;3427970;741;0
147;18;336;9;31;21;62;3.60;7;2;1;82;0;3428162;1445;0
147;18;336;9;31;22;99;3.00;3;1;1;82;0;3428299;383;0
147;18;336;9;31;28;3;4.40;6;2;1;79;0;3428803;816;0
147;18;336;9;31;31;19;3.80;3;1;1;86;0;3429119;806;0
147;18;336;9;31;32;17;3.80;8;2;1;80;0;3429217;1899;0
147;18;336;9;31;33;9;3.20;1;1;1;76;0;3429309;10695;0
147;18;336;9;31;34;16;4.40;6;2;1;79;0;3429416;592;0
147;18;336;9;31;35;15;4.60;4;1;1;87;0;3429515;1678;0
147;18;336;9;31;35;99;3.80;7;2;1;78;0;3429599;1421;0
147;18;336;9;31;39;60;4.40;6;2;1;81;0;3429960;523;0
147;18;336;9;31;40;17;3.20;2;1;1;91;0;3430017;4902;0
147;18;336;9;31;45;99;3.40;2;1;1;79;0;3430599;569;0
147;18;336;9;31;47;64;3.40;1;1;1;81;0;3430764;1439;0
147;18;336;9;31;51;9;3.00;3;1;1;83;0;3431109;1974;0
147;18;336;9;31;54;15;4.60;2;1;1;77;0;3431415;800;0
147;18;336;9;31;57;77;4.20;3;1;1;74;0;3431777;654;0
147;18;336;9;31;59;31;3.20;2;1;1;99;0;3431931;494;0
147;18;336;9;32;3;99;3.40;2;1;1;79;0;3432399;456;0
147;18;336;9;32;4;99;3.80;3;1;1;82;0;3432499;701;0
147;18;336;9;32;6;24;3.60;7;2;1;78;0;3432624;3007;0
147;18;336;9;32;6;99;3.20;1;1;1;74;0;3432699;1919;0
147;18;336;9;32;8;8;3.60;7;2;1;78;0;3432808;167;0
147;18;336;9;32;8;95;3.80;2;1;1;80;0;3432895;480;0
147;18;336;9;32;9;99;3.80;6;2;1;80;0;3432999;3019;0
147;18;336;9;32;10;83;3.40;6;2;1;83;0;3433083;66;0
147;18;336;9;32;12;99;3.80;7;2;1;80;0;3433299;474;0
147;18;336;9;32;13;86;3.40;3;1;1;81;0;3433386;870;0
147;18;336;9;32;13;99;3.60;5;2;1;82;0;3433399;11985;0
147;18;336;9;32;13;99;3.60;6;2;1;77;0;3433399;301;0
147;18;336;9;32;13;99;3.40;2;1;1;78;0;3433399;486;0
147;18;336;9;32;15;19;4.00;2;1;1;80;0;3433519;104;0
147;18;336;9;32;16;99;3.20;6;2;1;76;0;3433699;283;0
147;18;336;9;32;16;99;3.20;3;1;1;81;0;3433699;297;0
147;18;336;9;32;17;99;3.40;6;2;1;77;0;3433799;84;0
147;18;336;9;32;17;31;3.80;7;2;1;78;0;3433731;414;0
147;18;336;9;32;18;99;3.60;6;2;1;75;0;3433899;84;0
147;18;336;9;32;21;99;4.00;3;1;1;84;0;3434199;485;0
147;18;336;9;32;25;0;3.40;6;2;1;77;0;3434500;583;0
147;18;336;9;32;25;76;3.60;3;1;1;79;0;3434576;359;0
147;18;336;9;32;28;99;3.80;3;1;1;78;0;3434899;306;0
147;18;336;9;32;32;0;3.40;2;1;1;75;0;3435200;1663;0
147;18;336;9;32;35;31;3.00;3;1;1;74;0;3435531;614;0
147;18;336;9;32;38;13;3.40;3;1;1;76;0;3435813;267;0
147;18;336;9;32;39;3;3.60;2;1;1;69;0;3435903;686;0
147;18;336;9;32;39;99;3.40;3;1;1;79;0;3435999;169;0
147;18;336;9;32;42;99;4.00;2;1;1;73;0;3436299;377;0
147;18;336;9;32;44;99;3.00;2;1;1;78;0;3436499;180;0
147;18;336;9;32;45;99;4.00;5;2;1;80;0;3436599;3184;0
147;18;336;9;32;46;53;3.80;6;2;1;78;0;3436653;2137;0
147;18;336;9;32;49;12;3.40;6;2;1;82;0;3436912;241;0
147;18;336;9;32;51;50;3.40;6;2;1;82;0;3437150;223;0
147;18;336;9;32;51;92;3.80;7;2;1;79;0;3437192;3443;0
147;18;336;9;32;53;99;3.80;6;2;1;77;0;3437399;234;0
147;18;336;9;32;58;99;3.80;3;1;1;87;0;3437899;1884;0
147;18;336;9;32;58;99;3.60;6;2;1;83;0;3437899;482;0
147;18;336;9;33;7;11;3.40;6;2;1;80;0;3438711;796;0
147;18;336;9;33;8;1;3.20;3;1;1;79;0;3438801;886;0
147;18;336;9;33;9;99;3.60;2;1;1;81;0;3438999;2486;0
147;18;336;9;33;12;99;3.60;6;2;1;80;0;3439299;572;0
147;18;336;9;33;14;24;3.20;1;1;1;81;0;3439424;6709;0
147;18;336;9;33;14;99;4.00;8;2;1;77;0;3439499;10264;0
147;18;336;9;33;17;99;3.80;7;2;1;78;0;3439799;2589;0
147;18;336;9;33;18;99;3.40;7;2;1;80;0;3439899;82;0
147;18;336;9;33;18;99;6.40;3;1;1;84;0;3439899;1083;0
147;18;336;9;33;20;99;4.60;6;2;1;82;0;3440099;783;0
147;18;336;9;33;20;99;3.80;3;1;1;83;0;3440099;172;0
147;18;336;9;33;22;99;3.20;4;1;1;88;0;3440299;10764;0
147;18;336;9;33;24;5;3.60;3;1;1;86;0;3440405;289;0
147;18;336;9;33;24;59;3.80;2;1;1;83;0;3440459;1444;0
147;18;336;9;33;25;6;3.60;1;1;1;84;0;3440506;1067;0
147;18;336;9;33;26;29;3.80;6;2;1;79;0;3440629;509;0
147;18;336;9;33;26;48;4.20;7;2;1;15;0;3440648;733;0
147;18;336;9;33;29;11;3.60;1;1;1;81;0;3440911;389;0
147;18;336;9;33;30;19;6.20;5;2;1;88;0;3441019;4402;0
147;18;336;9;33;30;99;3.00;3;1;1;78;0;3441099;678;0
147;18;336;9;33;30;99;3.60;6;2;1;79;0;3441099;452;0
147;18;336;9;33;31;99;3.80;1;1;1;82;0;3441199;272;0
147;18;336;9;33;32;99;3.20;2;1;1;73;0;3441299;823;0
147;18;336;9;33;34;51;3.00;2;1;1;76;0;3441451;136;0
147;18;336;9;33;35;4;3.40;6;2;1;79;0;3441504;388;0
147;18;336;9;33;37;24;4.00;2;1;1;82;0;3441724;258;0
147;18;336;9;33;37;41;6.00;6;2;1;79;0;3441741;221;0
147;18;336;9;33;38;1;3.60;3;1;1;79;0;3441801;688;0
147;18;336;9;33;39;37;3.60;3;1;1;79;0;3441937;119;0
147;18;336;9;33;41;99;3.80;4;1;1;81;0;3442199;1886;0
147;18;336;9;33;42;4;3.40;6;2;1;77;0;3442204;435;0
147;18;336;9;33;42;6;3.60;2;1;1;83;0;3442206;464;0
147;18;336;9;33;42;69;3.40;3;1;1;77;0;3442269;315;0
147;18;336;9;33;42;83;4.40;7;2;1;86;0;3442283;1534;0
147;18;336;9;33;46;14;3.40;2;1;1;82;0;3442614;392;0
147;18;336;9;33;47;58;2.80;4;1;1;84;0;3442758;542;0
147;18;336;9;33;47;35;7.00;2;1;1;74;0;3442735;106;0
147;18;336;9;33;49;9;3.60;3;1;1;84;0;3442909;624;0
147;18;336;9;33;50;78;13.00;2;1;4;71;0;3443078;308;0
147;18;336;9;33;54;99;3.60;3;1;1;81;0;3443499;574;0
147;18;336;9;33;58;99;3.60;2;1;1;84;0;3443899;755;0
147;18;336;9;33;59;99;4.20;6;2;1;74;0;3443999;1779;0
147;18;336;9;34;0;73;3.40;4;1;1;82;0;3444073;1303;0
147;18;336;9;34;0;98;3.60;3;1;1;78;0;3444098;583;0
147;18;336;9;34;1;99;3.40;6;2;1;79;0;3444199;179;0
147;18;336;9;34;2;99;3.80;3;1;1;78;0;3444299;184;0
147;18;336;9;34;2;2;3.40;7;2;1;80;0;3444202;1900;0
147;18;336;9;34;2;18;3.80;5;2;1;81;0;3444218;3173;0
147;18;336;9;34;4;3;3.60;3;1;1;79;0;3444403;86;0
147;18;336;9;34;4;11;3.40;1;1;1;76;0;3444411;3195;0
147;18;336;9;34;4;15;4.00;6;2;1;80;0;3444415;200;0
147;18;336;9;34;6;99;3.80;3;1;1;78;0;3444699;279;0
147;18;336;9;34;10;22;3.60;7;2;1;78;0;3445022;804;0
147;18;336;9;34;10;71;3.20;3;1;1;78;0;3445071;354;0
147;18;336;9;34;11;99;4.00;2;1;1;82;0;3445199;1284;0
147;18;336;9;34;12;7;3.20;3;1;1;78;0;3445207;121;0
147;18;336;9;34;14;99;4.00;6;2;1;81;0;3445499;1066;0
147;18;336;9;34;16;99;3.00;5;2;1;85;0;3445699;1464;0
147;18;336;9;34;16;99;5.60;6;2;1;73;0;3445699;182;0
147;18;336;9;34;18;42;3.40;2;1;1;73;0;3445842;625;0
147;18;336;9;34;19;19;3.40;6;2;1;74;0;3445919;192;0
147;18;336;9;34;20;5;3.60;2;1;1;74;0;3446005;146;0
147;18;336;9;34;20;50;3.20;6;2;1;75;0;3446050;114;0
147;18;336;9;34;22;99;3.60;6;2;1;81;0;3446299;233;0
147;18;336;9;34;31;23;3.60;3;1;1;83;0;3447123;1901;0
147;18;336;9;34;32;3;3.60;6;2;1;84;0;3447203;888;0
147;18;336;9;34;32;16;3.80;3;1;1;84;0;3447216;77;0
147;18;336;9;34;37;99;5.80;6;2;1;81;0;3447799;580;0
147;18;336;9;34;38;32;3.80;6;2;1;83;0;3447832;7;0
147;18;336;9;34;39;4;3.40;7;2;1;70;0;3447904;2865;0
147;18;336;9;34;40;99;3.80;4;1;1;85;0;3448099;4011;0
147;18;336;9;34;40;99;3.80;6;2;1;84;0;3448099;250;0
147;18;336;9;34;42;99;4.00;3;1;1;85;0;3448299;1066;0
147;18;336;9;34;43;99;3.40;3;1;1;74;0;3448399;83;0
147;18;336;9;34;44;99;3.60;3;1;1;72;0;3448499;83;0
147;18;336;9;34;44;99;3.40;6;2;1;71;0;3448499;383;0
147;18;336;9;34;45;99;3.40;4;1;1;77;0;3448599;483;0
147;18;336;9;34;45;99;3.20;3;1;1;73;0;3448599;82;0
147;18;336;9;34;45;99;3.40;2;1;1;83;0;3448599;2576;0
147;18;336;9;34;47;99;3.60;1;1;1;75;0;3448799;4371;0
147;18;336;9;34;47;99;3.80;3;1;1;77;0;3448799;184;3448299
147;18;336;9;34;51;39;4.00;2;1;1;89;0;3449139;525;0
147;18;336;9;34;52;2;4.00;3;1;1;77;0;3449202;385;0
147;18;336;9;34;53;99;3.80;3;1;1;77;0;3449399;178;0
147;18;336;9;34;53;24;3.40;6;2;1;83;0;3449324;807;0
147;18;336;9;34;54;99;3.60;3;1;1;80;0;3449499;82;0
147;18;336;9;34;56;7;3.60;6;2;1;79;0;3449607;268;0
147;18;336;9;34;57;1;2.80;1;1;1;77;0;3449701;884;0
147;18;336;9;35;2;24;3.40;2;1;1;79;0;3450224;1068;0
147;18;336;9;35;4;65;3.20;1;1;1;77;0;3450465;750;0
147;18;336;9;35;6;22;3.60;6;2;1;76;0;3450622;998;0
147;18;336;9;35;6;9;3.60;7;2;1;81;0;3450609;2687;0
147;18;336;9;35;9;25;3.60;6;2;1;81;0;3450925;285;0
147;18;336;9;35;12;99;3.60;3;1;1;69;0;3451299;1783;0
147;18;336;9;35;13;99;4.20;1;1;1;73;0;3451399;919;0
147;18;336;9;35;16;99;3.80;2;1;1;81;0;3451699;1459;0
147;18;336;9;35;17;98;3.60;2;1;1;78;0;3451798;82;0
147;18;336;9;35;19;43;3.60;6;2;1;88;0;3451943;1002;0
147;18;336;9;35;20;6;3.80;3;1;1;81;0;3452006;688;0
147;18;336;9;35;20;99;3.80;2;1;1;77;0;3452099;284;0
147;18;336;9;35;20;99;8.60;7;2;2;91;0;3452099;1474;0
147;18;336;9;35;22;7;3.80;3;1;1;76;0;3452207;184;0
147;18;336;9;35;21;99;7.80;8;2;6;68;0;3452199;12681;0
147;18;336;9;35;22;99;4.00;7;2;1;84;0;3452299;165;0
147;18;336;9;35;23;99;3.80;1;1;1;82;0;3452399;979;0
147;18;336;9;35;24;23;3.60;4;1;1;82;0;3452423;3808;0
147;18;336;9;35;25;14;3.60;3;1;1;83;0;3452514;289;0
147;18;336;9;35;27;96;4.00;3;1;1;84;0;3452796;266;0
147;18;336;9;35;33;22;3.80;2;1;1;78;0;3453322;1205;0
147;18;336;9;35;34;8;4.00;3;1;1;83;0;3453408;594;0
147;18;336;9;35;38;99;3.80;7;2;1;81;0;3453899;1582;0
147;18;336;9;35;42;23;3.20;1;1;1;76;0;3454223;1807;0
147;18;336;9;35;42;99;3.80;7;2;1;76;0;3454299;383;0
147;18;336;9;35;43;4;3.80;5;2;1;89;0;3454304;8592;0
147;18;336;9;35;43;20;3.60;3;1;1;76;0;3454320;894;0
147;18;336;9;35;43;99;3.40;6;2;1;80;0;3454399;2441;0
147;18;336;9;35;44;99;4.00;4;1;1;89;0;3454499;2060;0
147;18;336;9;35;46;99;5.20;4;1;1;95;0;3454699;183;0
147;18;336;9;35;47;21;6.80;3;1;1;82;0;3454721;383;0
147;18;336;9;35;48;99;3.40;2;1;1;84;0;3454899;1559;0
147;18;336;9;35;50;43;4.20;3;1;1;81;0;3455043;292;0
147;18;336;9;35;51;99;3.80;3;1;1;82;0;3455199;137;0
147;18;336;9;35;52;11;3.60;6;2;1;74;0;3455211;796;0
147;18;336;9;35;52;23;3.80;2;1;1;87;0;3455223;309;0
147;18;336;9;35;53;26;5.20;6;2;1;80;0;3455326;97;0
147;18;336;9;35;53;99;3.00;3;1;1;76;0;3455399;183;0
147;18;336;9;35;55;24;4.00;7;2;1;81;0;3455524;1207;0
147;18;336;9;35;57;99;6.60;4;1;1;87;0;3455799;1080;0
147;18;336;9;35;58;77;3.40;6;2;1;77;0;3455877;527;0
147;18;336;9;35;59;99;3.80;6;2;1;83;0;3455999;106;0
147;18;336;9;36;0;7;3.20;3;1;1;75;0;3456007;593;0
147;18;336;9;36;2;17;3.80;3;1;1;76;0;3456217;194;0
147;18;336;9;36;2;20;3.80;4;1;1;80;0;3456220;393;0
147;18;336;9;36;2;13;3.20;6;2;1;80;0;3456213;197;0
147;18;336;9;36;3;97;5.40;3;1;1;75;0;3456397;162;0
147;18;336;9;36;6;99;3.80;3;1;1;76;0;3456699;276;0
147;18;336;9;36;7;99;3.60;6;2;1;82;0;3456799;571;0
147;18;336;9;36;9;99;3.60;1;1;1;71;0;3456999;2760;0
147;18;336;9;36;12;99;3.60;7;2;1;80;0;3457299;1757;0
147;18;336;9;36;14;99;3.80;6;2;1;80;0;3457499;684;0
147;18;336;9;36;16;99;4.00;4;1;1;87;0;3457699;1461;0
147;18;336;9;36;17;99;2.80;6;2;1;76;0;3457799;282;0
147;18;336;9;36;18;0;6.20;2;1;1;79;0;3457800;2561;0
147;18;336;9;36;20;24;4.20;3;1;1;75;0;3458024;1307;0
147;18;336;9;36;22;99;3.40;3;1;1;76;0;3458299;254;0
147;18;336;9;36;23;19;3.40;7;2;1;77;0;3458319;1003;0
147;18;336;9;36;23;33;3.40;4;1;1;82;0;3458333;617;0
147;18;336;9;36;28;29;3.80;3;1;1;82;0;3458829;513;0
147;18;336;9;36;30;99;3.80;5;2;1;97;0;3459099;4779;0
147;18;336;9;36;31;98;4.00;3;1;1;84;0;3459198;352;0
147;18;336;9;36;34;25;3.60;7;2;1;75;0;3459425;1090;0
147;18;336;9;36;34;80;3.40;4;1;1;79;0;3459480;1132;0
147;18;336;9;36;35;99;3.40;6;2;1;76;0;3459599;1786;0
147;18;336;9;36;38;5;3.80;8;2;1;84;0;3459805;7564;0
147;18;336;9;36;38;19;4.00;6;2;1;78;0;3459819;203;0
147;18;336;9;36;40;99;3.80;3;1;1;76;0;3460099;883;0
147;18;336;9;36;42;99;4.00;7;2;1;79;0;3460299;856;0
147;18;336;9;36;43;6;3.60;6;2;1;85;0;3460306;468;0
147;18;336;9;36;49;8;3.40;3;1;1;73;0;3460908;791;0
147;18;336;9;36;49;21;4.20;8;2;1;84;0;3460921;1099;0
147;18;336;9;36;49;67;4.00;6;2;1;87;0;3460967;645;0
147;18;336;9;36;50;99;3.80;3;1;1;92;0;3461099;174;0
147;18;336;9;36;52;96;3.20;6;2;1;76;0;3461296;312;0
147;18;336;9;36;52;99;6.00;2;1;1;82;0;3461299;3470;0
147;18;336;9;36;53;99;4.00;7;2;1;82;0;3461399;1081;0
147;18;336;9;36;54;88;3.40;2;1;1;79;0;3461488;162;0
147;18;336;9;36;56;99;3.80;3;1;1;81;0;3461699;585;0
147;18;336;9;36;56;42;3.80;2;1;1;90;0;3461642;138;0
147;18;336;9;36;58;17;3.20;7;2;1;85;0;3461817;400;0
147;18;336;9;36;59;33;3.80;2;1;1;72;0;3461933;275;0
147;18;336;9;37;6;99;3.60;1;1;1;71;0;3462699;5681;0
147;18;336;9;37;8;99;4.00;4;1;1;83;0;3462899;3403;0
147;18;336;9;37;8;99;3.80;2;1;1;80;0;3462899;947;0
147;18;336;9;37;8;99;3.60;3;1;1;73;0;3462899;1183;0
147;18;336;9;37;10;94;3.60;4;1;1;82;0;3463094;177;0
147;18;336;9;37;10;99;4.20;2;1;1;87;0;3463099;182;0
147;18;336;9;37;12;19;3.60;3;1;1;83;0;3463219;302;0
147;18;336;9;37;13;99;3.60;6;2;1;88;0;3463399;2087;0
147;18;336;9;37;15;22;3.60;3;1;1;80;0;3463522;287;0
147;18;336;9;37;19;31;3.40;7;2;1;85;0;3463931;2100;0
147;18;336;9;37;21;99;3.80;3;1;1;76;0;3464199;660;0
147;18;336;9;37;22;17;3.40;6;2;1;80;0;3464217;803;0
147;18;336;9;37;22;41;4.00;2;1;1;81;0;3464241;1124;0
147;18;336;9;37;23;99;3.60;3;1;1;71;0;3464399;182;0
147;18;336;9;37;25;56;3.80;3;1;1;71;0;3464556;138;0
147;18;336;9;37;26;99;3.60;7;2;1;79;0;3464699;753;0
147;18;336;9;37;27;32;3.60;2;1;1;88;0;3464732;473;0
147;18;336;9;37;27;64;3.80;3;1;1;78;0;3464764;188;0
147;18;336;9;37;29;2;3.20;3;1;1;79;0;3464902;120;3464199
147;18;336;9;37;30;98;3.80;7;2;1;76;0;3465098;382;0
147;18;336;9;37;31;99;3.00;3;1;1;75;0;3465199;282;0
147;18;336;9;37;32;24;3.60;6;2;1;83;0;3465224;991;0
147;18;336;9;37;36;99;3.20;7;2;1;81;0;3465699;583;0
147;18;336;9;37;38;7;3.80;3;1;1;81;0;3465807;593;0
147;18;336;9;37;43;99;3.80;5;2;1;80;0;3466399;7285;0
147;18;336;9;37;45;11;3.80;7;2;1;79;0;3466511;797;0
147;18;336;9;37;47;5;4.20;3;1;1;75;0;3466705;881;0
147;18;336;9;37;51;99;3.40;6;2;1;82;0;3467199;1959;0
147;18;336;9;37;54;99;4.60;1;1;1;67;0;3467499;4781;0
147;18;336;9;37;54;99;3.40;4;1;1;89;0;3467499;4389;0
147;18;336;9;37;55;13;3.80;3;1;1;73;0;3467513;787;0
147;18;336;9;37;57;10;3.60;2;1;1;91;0;3467710;2963;0
147;18;336;9;38;0;9;3.40;3;1;1;81;0;3468009;477;0
147;18;336;9;38;1;2;3.60;2;1;1;76;0;3468102;377;0
147;18;336;9;38;1;99;3.80;6;2;1;76;0;3468199;985;0
147;18;336;9;38;2;99;3.60;4;1;1;79;0;3468299;786;0
147;18;336;9;38;3;47;4.60;3;1;1;78;0;3468347;322;0
147;18;336;9;38;6;84;3.00;2;1;1;78;0;3468684;564;0
147;18;336;9;38;11;99;3.40;6;2;1;76;0;3469199;982;0
147;18;336;9;38;15;99;3.60;6;2;1;78;0;3469599;383;0
147;18;336;9;38;13;62;4.00;7;2;1;11;0;3469362;2833;0
147;18;336;9;38;17;17;3.60;6;2;1;81;0;3469717;101;0
147;18;336;9;38;20;4;4.00;3;1;1;81;0;3470004;1635;0
147;18;336;9;38;21;18;3.60;6;2;1;77;0;3470118;385;0
147;18;336;9;38;22;99;4.00;7;2;1;82;0;3470299;806;0
147;18;336;9;38;26;34;4.80;2;1;1;77;0;3470634;1936;0
147;18;336;9;38;28;99;3.40;3;1;1;76;0;3470899;877;0
147;18;336;9;38;30;99;3.40;2;1;1;79;0;3471099;442;0
147;18;336;9;38;31;59;2.80;6;2;1;79;0;3471159;1024;0
147;18;336;9;38;34;60;3.60;3;1;1;84;0;3471460;544;0
147;18;336;9;38;34;99;4.00;6;2;1;81;0;3471499;327;0
147;18;336;9;38;41;1;3.20;3;1;1;83;0;3472101;625;0
147;18;336;9;38;44;69;3.40;7;2;1;79;0;3472469;2152;0
147;18;336;9;38;44;69;3.40;1;1;1;70;0;3472469;4945;0
147;18;336;9;38;46;99;3.60;4;1;1;81;0;3472699;4383;0
147;18;336;9;38;46;99;3.80;3;1;1;78;0;3472699;584;0
147;18;336;9;38;47;15;3.60;7;2;1;75;0;3472715;230;0
147;18;336;9;38;48;0;3.40;4;1;1;78;0;3472800;85;0
147;18;336;9;38;48;99;3.60;3;1;1;70;0;3472899;182;0
147;18;336;9;38;48;99;4.40;6;2;1;78;0;3472899;1382;0
147;18;336;9;38;49;0;3.60;1;1;1;67;0;3472900;413;0
147;18;336;9;38;49;12;3.20;3;1;1;69;0;3472912;-1;0
147;18;336;9;38;49;81;3.00;2;1;1;79;0;3472981;1866;0
147;18;336;9;38;50;8;3.40;6;2;1;80;0;3473008;88;0
147;18;336;9;38;50;1;4.00;1;1;1;65;0;3473001;81;0
147;18;336;9;38;50;99;3.40;3;1;1;74;0;3473099;170;0
147;18;336;9;38;50;99;3.60;5;2;1;85;0;3473099;6682;0
147;18;336;9;38;51;99;3.40;6;2;1;75;0;3473199;175;0
147;18;336;9;38;52;99;3.80;3;1;1;72;0;3473299;183;3472699
147;18;336;9;38;53;17;3.20;6;2;1;76;0;3473317;101;3472699
147;18;336;9;38;55;99;3.60;6;2;1;81;0;3473599;266;0
147;18;336;9;38;55;99;4.60;8;2;1;82;0;3473599;12660;0
147;18;336;9;38;57;98;3.40;6;2;1;78;0;3473798;183;0
147;18;336;9;38;59;99;3.40;8;2;1;81;0;3473999;379;0
147;18;336;9;38;59;32;3.60;6;2;1;78;0;3473932;118;0
147;18;336;9;39;1;99;3.00;2;1;1;64;0;3474199;1204;0
147;18;336;9;39;2;96;3.40;2;1;1;78;0;3474296;80;0
147;18;336;9;39;5;99;4.00;7;2;1;79;0;3474599;1866;0
147;18;336;9;39;6;99;3.80;6;2;1;81;0;3474699;750;0
147;18;336;9;39;6;99;3.60;2;1;1;72;0;3474699;387;0
147;18;336;9;39;10;99;3.60;3;1;1;76;0;3475099;1781;0
147;18;336;9;39;11;99;3.80;2;1;1;81;0;3475199;482;0
147;18;336;9;39;12;43;3.40;3;1;1;78;0;3475243;126;0
147;18;336;9;39;13;5;3.60;6;2;1;83;0;3475305;589;0
147;18;336;9;39;16;99;3.20;2;1;1;73;0;3475699;483;0
147;18;336;9;39;17;36;3.60;6;2;1;78;0;3475736;415;0
147;18;336;9;39;17;65;3.60;2;1;1;75;0;3475765;50;0
147;18;336;9;39;18;99;3.80;3;1;1;79;0;3475899;640;0
147;18;336;9;39;20;69;12.00;6;2;3;85;0;3476069;316;0
147;18;336;9;39;24;99;3.80;3;1;1;79;0;3476499;582;0
147;18;336;9;39;27;5;3.80;4;1;1;79;0;3476705;3889;0
147;18;336;9;39;30;86;3.60;3;1;1;76;0;3477086;569;0
147;18;336;9;39;32;13;3.40;2;1;1;63;0;3477213;1430;0
147;18;336;9;39;32;28;3.60;3;1;1;77;0;3477228;124;0
147;18;336;9;39;34;99;3.20;2;1;1;65;0;3477499;266;0
147;18;336;9;39;37;10;3.00;6;2;1;79;0;3477710;1590;0
147;18;336;9;39;39;99;3.40;6;2;1;80;0;3477999;275;0
147;18;336;9;39;41;99;3.40;2;1;1;72;0;3478199;682;0
147;18;336;9;39;42;3;3.40;6;2;1;80;0;3478203;188;0
147;18;336;9;39;43;57;3.60;5;2;1;83;0;3478357;5242;0
147;18;336;9;39;44;99;2.80;3;1;1;82;0;3478499;1254;0
147;18;336;9;39;45;30;3.60;4;1;1;93;0;3478530;1807;0
147;18;336;9;39;45;27;3.40;3;1;1;81;0;3478527;15;0
147;18;336;9;39;50;3;3.20;6;2;1;67;0;3479003;784;0
147;18;336;9;39;50;30;3.00;7;2;1;70;0;3479030;4412;0
147;18;336;9;39;53;6;3.80;5;2;1;76;0;3479306;933;0
147;18;336;9;39;53;44;3.60;6;2;1;77;0;3479344;323;0
147;18;336;9;39;54;1;3.40;3;1;1;77;0;3479401;858;0
147;18;336;9;39;54;99;3.40;2;1;1;84;0;3479499;1283;0
147;18;336;9;39;55;2;3.20;6;2;1;80;0;3479502;141;0
147;18;336;9;39;57;99;3.40;2;1;1;75;0;3479799;285;0
147;18;336;9;39;57;99;4.00;7;2;1;74;0;3479799;753;0
147;18;336;9;40;1;99;3.20;2;1;1;79;0;3480199;383;0
147;18;336;9;40;4;12;3.80;3;1;1;82;0;3480412;995;0
147;18;336;9;40;7;99;3.60;3;1;1;82;0;3480799;370;0
147;18;336;9;40;9;76;3.80;3;1;1;80;0;3480976;161;0
147;18;336;9;40;9;99;4.00;3;1;1;76;0;3480999;5;0
147;18;336;9;40;10;99;3.60;3;1;1;75;0;3481099;81;0
147;18;336;9;40;11;0;3.80;4;1;1;83;0;3481100;2556;0
147;18;336;9;40;12;99;3.60;7;2;1;74;0;3481299;1480;0
147;18;336;9;40;13;99;3.00;6;2;1;84;0;3481399;1882;0
147;18;336;9;40;14;12;3.40;8;2;1;73;0;3481412;7397;0
147;18;336;9;40;16;12;3.40;7;2;1;82;0;3481612;295;0
147;18;336;9;40;16;39;4.00;6;2;1;77;0;3481639;227;0
147;18;336;9;40;20;10;4.00;7;2;1;82;0;3482010;383;0
147;18;336;9;40;22;99;3.60;7;2;1;84;0;3482299;271;0
147;18;336;9;40;23;99;3.00;3;1;1;77;0;3482399;1282;0
147;18;336;9;40;23;99;3.60;6;2;1;70;0;3482399;741;0
147;18;336;9;40;25;99;3.60;2;1;1;76;0;3482599;2385;0
147;18;336;9;40;28;99;3.40;6;2;1;87;0;3482899;481;0
147;18;336;9;40;34;24;4.20;3;1;1;80;0;3483424;1010;0
147;18;336;9;40;37;99;3.80;7;2;1;91;0;3483799;1484;0
147;18;336;9;40;41;99;3.40;6;2;1;79;0;3484199;1285;0
147;18;336;9;40;42;93;3.80;3;1;1;80;0;3484293;850;0
147;18;336;9;40;43;99;3.20;2;1;1;84;0;3484399;1782;0
147;18;336;9;40;44;7;3.80;4;1;1;81;0;3484407;3290;0
147;18;336;9;40;46;99;3.80;5;2;1;79;0;3484699;5375;0
147;18;336;9;40;47;92;3.40;6;2;1;75;0;3484792;577;0
147;18;336;9;40;48;99;3.60;3;1;1;70;0;3484899;588;0
147;18;336;9;40;48;99;3.80;5;2;1;82;0;3484899;182;0
147;18;336;9;40;49;3;3.60;4;1;1;77;0;3484903;479;0
147;18;336;9;40;49;22;3.40;3;1;1;74;0;3484922;4;0
147;18;336;9;40;50;4;3.60;6;2;1;81;0;3485004;195;0
147;18;336;9;40;50;17;3.80;2;1;1;78;0;3485017;604;0
147;18;336;9;40;51;99;3.80;1;1;1;79;0;3485199;12175;0
147;18;336;9;40;52;13;3.00;4;1;1;83;0;3485213;293;0
147;18;336;9;40;52;33;3.20;3;1;1;77;0;3485233;294;0
147;18;336;9;40;53;99;3.60;2;1;1;77;0;3485399;364;0
147;18;336;9;40;56;99;3.40;3;1;1;80;0;3485699;451;0
147;18;336;9;40;57;62;8.40;6;2;6;86;0;3485762;742;0
147;18;336;9;40;59;99;3.20;6;2;1;84;0;3485999;201;0
147;18;336;9;41;0;99;4.20;3;1;1;75;0;3486099;384;0
147;18;336;9;41;1;10;3.60;5;2;1;86;0;3486110;1194;0
147;18;336;9;41;5;11;5.00;4;1;1;78;0;3486511;1284;0
147;18;336;9;41;5;73;3.00;3;1;1;77;0;3486573;453;0
147;18;336;9;41;6;21;3.60;4;1;1;77;0;3486621;86;0
147;18;336;9;41;7;20;4.40;2;1;1;79;0;3486720;1304;0
147;18;336;9;41;10;46;3.80;7;2;1;79;0;3487046;3231;0
147;18;336;9;41;10;48;3.80;2;1;1;73;0;3487048;307;0
147;18;336;9;41;11;99;3.80;6;2;1;86;0;3487199;1186;0
147;18;336;9;41;13;81;3.40;7;2;1;81;0;3487381;317;0
147;18;336;9;41;14;25;3.80;6;2;1;85;0;3487425;210;0
147;18;336;9;41;14;99;3.60;3;1;1;80;0;3487499;911;0
147;18;336;9;41;16;99;3.20;6;2;1;79;0;3487699;257;0
147;18;336;9;41;19;99;4.00;5;2;1;92;0;3487999;1873;0
147;18;336;9;41;19;99;9.80;7;2;2;130;0;3487999;602;0
147;18;336;9;41;20;54;3.00;6;2;1;79;0;3488054;340;0
147;18;336;9;41;25;67;3.40;6;2;1;82;0;3488567;499;0
147;18;336;9;41;27;99;3.20;3;1;1;71;0;3488799;1283;0
147;18;336;9;41;29;99;3.40;3;1;1;72;0;3488999;183;0
147;18;336;9;41;35;99;8.00;8;2;1;77;0;3489599;8170;0
147;18;336;9;41;36;25;3.20;3;1;1;77;0;3489625;609;0
147;18;336;9;41;37;99;3.40;4;1;1;86;0;3489799;3161;0
147;18;336;9;41;40;29;3.40;7;2;1;82;0;3490029;2002;0
147;18;336;9;41;41;99;3.80;3;1;1;80;0;3490199;559;0
147;18;336;9;41;42;99;4.00;7;2;1;81;0;3490299;255;0
147;18;336;9;41;44;99;3.60;3;1;1;78;0;3490499;282;0
147;18;336;9;41;44;99;4.00;4;1;1;85;0;3490499;685;0
147;18;336;9;41;45;99;3.20;6;2;1;84;0;3490599;2017;0
147;18;336;9;41;47;99;4.60;7;2;1;83;0;3490799;482;0
147;18;336;9;41;49;19;4.60;6;2;1;81;0;3490919;306;0
147;18;336;9;41;49;99;4.00;4;1;1;88;0;3490999;483;0
147;18;336;9;41;50;99;3.60;5;2;1;81;0;3491099;3084;0
147;18;336;9;41;51;24;3.20;3;1;1;76;0;3491124;608;0
147;18;336;9;41;52;99;3.80;3;1;1;78;0;3491299;159;0
147;18;336;9;41;52;99;3.80;6;2;1;81;0;3491299;359;0
147;18;336;9;41;53;11;3.40;2;1;1;75;0;3491311;4244;0
147;18;336;9;41;55;6;3.40;2;1;1;74;0;3491506;178;0
147;18;336;9;41;56;94;3.60;6;2;1;79;0;3491694;378;0
147;18;336;9;41;59;99;3.80;6;2;1;89;0;3491999;288;0
147;18;336;9;42;0;99;3.80;2;1;1;85;0;3492099;576;0
147;18;336;9;42;1;44;3.40;3;1;1;77;0;3492144;827;0
147;18;336;9;42;3;12;3.60;3;1;1;79;0;3492312;152;0
147;18;336;9;42;4;0;3.80;2;1;1;81;0;3492400;284;0
147;18;336;9;42;4;69;3.20;3;1;1;77;0;3492469;140;0
147;18;336;9;42;4;64;4.20;7;2;1;77;0;3492464;1645;0
147;18;336;9;42;5;99;3.40;3;1;1;78;0;3492599;115;0
147;18;336;9;42;5;99;4.00;2;1;1;67;0;3492599;182;0
147;18;336;9;42;6;7;4.40;6;2;1;77;0;3492607;592;0
147;18;336;9;42;6;40;3.60;4;1;1;92;0;3492640;1624;0
147;18;336;9;42;7;0;3.60;3;1;1;77;0;3492700;85;3492144
147;18;336;9;42;7;99;3.60;4;1;1;89;0;3492799;144;3492144
147;18;336;9;42;8;24;3.40;6;2;1;77;0;3492824;196;3492144
147;18;336;9;42;12;93;3.00;6;2;1;76;0;3493293;453;0
147;18;336;9;42;12;99;3.60;3;1;1;75;0;3493299;582;0
147;18;336;9;42;12;99;3.60;7;2;1;80;0;3493299;815;0
147;18;336;9;42;13;99;3.20;6;2;1;79;0;3493399;91;0
147;18;336;9;42;14;64;3.60;7;2;1;81;0;3493464;148;0
147;18;336;9;42;16;99;3.80;3;1;1;83;0;3493699;382;0
147;18;336;9;42;21;3;3.40;6;2;1;81;0;3494103;689;0
147;18;336;9;42;22;87;3.60;6;2;1;77;0;3494287;168;0
147;18;336;9;42;23;17;4.00;5;2;1;81;0;3494317;3202;0
147;18;336;9;42;23;99;3.20;2;1;1;78;0;3494399;1778;0
147;18;336;9;42;25;2;3.60;8;2;1;76;0;3494502;4865;0
147;18;336;9;42;25;9;3.60;6;2;1;82;0;3494509;205;0
147;18;336;9;42;25;19;4.00;2;1;1;80;0;3494519;105;0
147;18;336;9;42;27;65;3.80;3;1;1;86;0;3494765;1049;0
147;18;336;9;42;31;99;3.80;2;1;1;80;0;3495199;662;0
147;18;336;9;42;32;87;3.60;3;1;1;81;0;3495287;506;0
147;18;336;9;42;35;99;3.20;3;1;1;77;0;3495599;296;0
147;18;336;9;42;36;99;3.40;6;2;1;79;0;3495699;1174;0
147;18;336;9;42;40;94;3.20;3;1;1;67;0;3496094;480;0
147;18;336;9;42;40;99;3.00;2;1;1;73;0;3496099;882;0
147;18;336;9;42;41;99;4.60;3;1;1;76;0;3496199;87;0
147;18;336;9;42;44;14;4.80;3;1;1;79;0;3496414;193;0
147;18;336;9;42;46;11;3.60;3;1;1;77;0;3496611;175;0
147;18;336;9;42;46;26;3.40;6;2;1;80;0;3496626;911;0
147;18;336;9;42;48;99;3.80;5;2;1;97;0;3496899;2564;0
147;18;336;9;42;54;99;3.40;3;1;1;81;0;3497499;871;0
147;18;336;9;42;54;99;3.60;7;2;1;79;0;3497499;4019;0
147;18;336;9;42;56;25;3.20;4;1;1;86;0;3497625;4811;0
147;18;336;9;42;56;99;3.80;3;1;1;81;0;3497699;184;0
147;18;336;9;42;56;99;3.40;1;1;1;70;0;3497699;12482;0
147;18;336;9;42;57;2;3.20;7;2;1;83;0;3497702;186;0
147;18;336;9;42;57;25;3.60;6;2;1;77;0;3497725;1083;0
147;18;336;9;42;59;99;3.60;3;1;1;80;0;3497999;283;0
147;18;336;9;43;0;35;3.60;4;1;1;86;0;3498035;396;0
147;18;336;9;43;1;99;3.20;2;1;1;74;0;3498199;2085;0
147;18;336;9;43;1;99;3.60;6;2;1;87;0;3498199;457;0
147;18;336;9;43;1;99;3.40;3;1;1;81;0;3498199;183;0
147;18;336;9;43;5;0;3.60;1;1;1;69;0;3498500;783;0
147;18;336;9;43;5;62;3.40;6;2;1;76;0;3498562;348;0
147;18;336;9;43;7;99;3.20;6;2;1;72;0;3498799;220;0
147;18;336;9;43;7;13;4.80;8;2;1;78;0;3498713;4193;0
147;18;336;9;43;9;99;3.40;6;2;1;75;0;3498999;184;0
147;18;336;9;43;11;99;3.40;6;2;1;78;0;3499199;183;0
147;18;336;9;43;12;99;3.40;1;1;1;82;0;3499299;780;0
147;18;336;9;43;14;99;4.00;3;1;1;86;0;3499499;1284;0
147;18;336;9;43;17;99;3.00;3;1;1;79;0;3499799;283;0
147;18;336;9;43;19;11;3.40;6;2;1;82;0;3499911;696;0
147;18;336;9;43;20;7;4.40;2;1;1;81;0;3500007;1792;0
147;18;336;9;43;21;6;3.20;4;1;1;86;0;3500106;2055;0
147;18;336;9;43;22;16;3.40;3;1;1;73;0;3500216;403;0
147;18;336;9;43;24;99;3.60;7;2;1;74;0;3500499;2783;0
147;18;336;9;43;24;99;3.40;3;1;1;73;0;3500499;266;0
147;18;336;9;43;26;97;3.40;6;2;1;76;0;3500697;771;0
147;18;336;9;43;26;99;3.60;3;1;1;77;0;3500699;183;0
147;18;336;9;43;29;99;3.80;8;2;1;76;0;3500999;2263;0
147;18;336;9;43;33;22;3.40;6;2;1;71;0;3501322;608;0
147;18;336;9;43;36;15;3.40;3;1;1;79;0;3501615;899;0
147;18;336;9;43;41;85;3.40;3;1;1;76;0;3502185;554;0
147;18;336;9;43;43;99;3.20;6;2;1;78;0;3502399;1059;0
147;18;336;9;43;41;39;4.40;7;2;1;18;0;3502139;1622;0
147;18;336;9;43;43;4;3.40;3;1;1;77;0;3502304;102;0
147;18;336;9;43;44;99;3.20;6;2;1;77;0;3502499;85;0
147;18;336;9;43;44;99;3.20;2;1;1;75;0;3502499;2472;0
147;18;336;9;43;44;99;3.80;4;1;1;81;0;3502499;2379;0
147;18;336;9;43;47;99;3.60;3;1;1;76;0;3502799;479;0
147;18;336;9;43;48;13;4.00;2;1;1;82;0;3502813;298;0
147;18;336;9;43;48;20;3.40;7;2;1;77;0;3502820;593;0
147;18;336;9;43;48;27;3.40;5;2;1;81;0;3502827;5913;0
147;18;336;9;43;50;99;3.60;2;1;1;80;0;3503099;268;0
147;18;336;9;43;51;34;4.20;3;1;1;80;0;3503134;317;0
147;18;336;9;43;51;68;3.60;6;2;1;80;0;3503168;654;0
147;18;336;9;43;52;99;3.60;7;2;1;80;0;3503299;463;0
147;18;336;9;43;52;99;3.40;4;1;1;77;0;3503299;783;0
147;18;336;9;43;53;99;8.40;7;2;2;60;0;3503399;83;0
147;18;336;9;43;54;99;3.80;3;1;1;73;0;3503499;346;0
147;18;336;9;43;55;99;3.40;1;1;1;86;0;3503599;4285;0
147;18;336;9;43;55;99;3.80;2;1;1;87;0;3503599;483;0
147;18;336;9;43;56;1;3.60;3;1;1;68;0;3503601;83;0
147;18;336;9;43;57;99;3.60;4;1;1;80;0;3503799;484;0
147;18;336;9;43;58;5;3.40;3;1;1;72;0;3503805;184;0
147;18;336;9;44;0;99;3.20;7;2;1;65;0;3504099;649;0
147;18;336;9;44;0;99;4.00;3;1;1;78;0;3504099;277;0
147;18;336;9;44;4;64;3.00;3;1;1;72;0;3504464;346;0
147;18;336;9;44;5;99;3.20;6;2;1;78;0;3504599;1414;0
147;18;336;9;44;8;16;4.00;6;2;1;77;0;3504816;202;0
147;18;336;9;44;8;99;3.00;8;2;1;83;0;3504899;3882;0
147;18;336;9;44;9;76;3.60;2;1;1;80;0;3504976;1361;0
147;18;336;9;44;11;5;3.40;2;1;1;77;0;3505105;112;0
147;18;336;9;44;11;29;3.00;6;2;1;80;0;3505129;294;0
147;18;336;9;44;13;6;3.60;6;2;1;84;0;3505306;163;0
147;18;336;9;44;15;99;3.60;1;1;1;77;0;3505599;1985;0
147;18;336;9;44;17;16;3.60;6;2;1;80;0;3505716;394;0
147;18;336;9;44;18;99;3.00;2;1;1;78;0;3505899;778;0
147;18;336;9;44;18;99;3.80;3;1;1;85;0;3505899;1420;0
147;18;336;9;44;19;14;3.80;1;1;1;87;0;3505914;298;0
147;18;336;9;44;19;56;3.20;3;1;1;84;0;3505956;40;0
147;18;336;9;44;20;99;3.40;3;1;1;85;0;3506099;129;0
147;18;336;9;44;23;10;4.00;6;2;1;78;0;3506310;577;0
147;18;336;9;44;30;80;4.60;3;1;1;83;0;3507080;966;0
147;18;336;9;44;30;99;4.60;6;2;1;74;0;3507099;770;0
147;18;336;9;44;33;20;3.40;6;2;1;76;0;3507320;198;0
147;18;336;9;44;35;1;3.20;6;2;1;74;0;3507501;164;0
147;18;336;9;44;35;99;3.20;6;2;1;76;0;3507599;82;0
147;18;336;9;44;37;2;4.60;7;2;1;71;0;3507702;3585;0
147;18;336;9;44;37;25;3.80;8;2;1;88;0;3507725;2812;0
147;18;336;9;44;38;99;3.20;6;2;1;72;0;3507899;284;0
147;18;336;9;44;40;44;3.40;6;2;1;73;0;3508044;129;0
147;18;336;9;44;43;99;3.00;3;1;1;81;0;3508399;1299;0
147;18;336;9;44;43;99;3.60;7;2;1;79;0;3508399;673;0
147;18;336;9;44;46;99;3.40;6;2;1;72;0;3508699;638;0
147;18;336;9;44;47;12;3.60;7;2;1;74;0;3508712;296;0
147;18;336;9;44;48;99;3.40;3;1;1;76;0;3508899;486;0
147;18;336;9;44;49;4;4.00;4;1;1;80;0;3508904;5088;0
147;18;336;9;44;49;8;3.40;7;2;1;74;0;3508908;178;0
147;18;336;9;44;51;99;3.80;8;2;1;74;0;3509199;1458;0
147;18;336;9;44;51;99;3.80;3;1;1;83;0;3509199;283;0
147;18;336;9;44;56;11;3.80;2;1;1;78;0;3509611;3698;0
147;18;336;9;44;56;99;3.80;7;2;1;79;0;3509699;774;0
147;18;336;9;44;58;99;3.40;6;2;1;77;0;3509899;1183;0
147;18;336;9;44;59;17;3.20;3;1;1;78;0;3509917;701;0
147;18;336;9;45;1;99;3.20;2;1;1;72;0;3510199;570;0
147;18;336;9;45;5;29;3.40;3;1;1;83;0;3510529;597;0
147;18;336;9;45;11;99;4.00;4;1;1;88;0;3511199;2277;0
147;18;336;9;45;12;99;3.60;5;2;1;81;0;3511299;8456;0
147;18;336;9;45;12;99;3.20;7;2;1;74;0;3511299;1582;0
147;18;336;9;45;12;99;2.80;3;1;1;73;0;3511299;755;0
147;18;336;9;45;15;0;3.20;3;1;1;75;0;3511500;187;0
147;18;336;9;45;15;7;3.20;2;1;1;71;0;3511507;1292;0
147;18;336;9;45;17;99;4.00;6;2;1;80;0;3511799;1884;0
147;18;336;9;45;21;83;5.80;3;1;1;73;0;3512183;667;0
147;18;336;9;45;21;99;3.60;4;1;1;81;0;3512199;983;0
147;18;336;9;45;22;99;3.80;6;2;1;80;0;3512299;482;0
147;18;336;9;45;23;99;3.40;3;1;1;69;0;3512399;187;0
147;18;336;9;45;23;45;3.40;5;2;1;81;0;3512345;1030;0
147;18;336;9;45;25;99;3.20;3;1;1;68;0;3512599;182;0
147;18;336;9;45;25;99;4.20;4;1;1;76;0;3512599;384;0
147;18;336;9;45;26;87;3.40;3;1;1;70;0;3512687;71;0
147;18;336;9;45;27;99;3.00;6;2;1;68;0;3512799;482;0
147;18;336;9;45;30;3;3.00;3;1;1;75;0;3513003;298;0
147;18;336;9;45;30;99;3.60;1;1;1;79;0;3513099;7169;0
147;18;336;9;45;31;41;3.80;6;2;1;74;0;3513141;326;0
147;18;336;9;45;31;45;3.80;2;1;1;78;0;3513145;1621;0
147;18;336;9;45;37;99;3.40;2;1;1;74;0;3513799;636;0
147;18;336;9;45;38;26;3.80;1;1;1;80;0;3513826;710;0
147;18;336;9;45;39;69;3.00;6;2;1;84;0;3513969;809;0
147;18;336;9;45;42;99;3.40;6;2;1;82;0;3514299;317;0
147;18;336;9;45;44;67;3.40;2;1;1;72;0;3514467;651;0
147;18;336;9;45;45;20;3.20;1;1;1;87;0;3514520;676;0
147;18;336;9;45;45;99;3.60;6;2;1;84;0;3514599;285;0
147;18;336;9;45;48;6;3.60;6;2;1;78;0;3514806;191;0
147;18;336;9;45;49;42;3.00;2;1;1;71;0;3514942;458;0
147;18;336;9;45;52;10;3.80;6;2;1;77;0;3515210;387;0
147;18;336;9;45;52;99;3.80;3;1;1;81;0;3515299;2281;0
147;18;336;9;45;53;99;3.60;6;2;1;81;0;3515399;171;0
147;18;336;9;45;55;99;3.80;2;1;1;79;0;3515599;641;0
147;18;336;9;46;1;11;3.40;6;2;1;81;0;3516111;696;0
147;18;336;9;46;3;20;3.80;2;1;1;82;0;3516320;703;0
147;18;336;9;46;7;27;3.20;2;1;1;77;0;3516727;390;0
147;18;336;9;46;10;99;3.80;2;1;1;88;0;3517099;357;0
147;18;336;9;46;11;99;4.20;4;1;1;84;0;3517199;4580;0
147;18;336;9;46;13;99;3.40;7;2;1;79;0;3517399;6084;0
147;18;336;9;46;13;99;3.60;2;1;1;82;0;3517399;284;0
147;18;336;9;46;16;13;3.80;6;2;1;76;0;3517613;1486;0
147;18;336;9;46;17;32;3.20;5;2;1;82;0;3517732;5371;0
147;18;336;9;46;18;99;3.60;4;1;1;93;0;3517899;682;0
147;18;336;9;46;18;99;3.40;6;2;1;76;0;3517899;268;0
147;18;336;9;46;19;99;3.60;2;1;1;83;0;3517999;584;0
147;18;336;9;46;20;77;3.20;6;2;1;78;0;3518077;161;0
147;18;336;9;46;20;99;3.20;7;2;1;80;0;3518099;684;0
147;18;336;9;46;21;99;3.60;4;1;1;93;0;3518199;286;0
147;18;336;9;46;21;99;2.80;3;1;1;74;0;3518199;2883;0
147;18;336;9;46;22;20;3.40;3;1;1;81;0;3518220;7;0
147;18;336;9;46;23;99;4.00;6;2;1;82;0;3518399;307;0
147;18;336;9;46;29;99;3.40;1;1;1;80;0;3518999;4465;0
147;18;336;9;46;32;57;3.80;6;2;1;83;0;3519257;840;0
147;18;336;9;46;37;11;4.00;1;1;1;79;0;3519711;696;0
147;18;336;9;46;41;99;3.20;2;1;1;81;0;3520199;2184;0
147;18;336;9;46;44;11;3.20;2;1;1;73;0;3520411;197;0
147;18;336;9;46;44;99;5.40;3;1;1;65;0;3520499;2263;0
147;18;336;9;46;44;99;3.60;4;1;1;66;0;3520499;2286;0
147;18;336;9;46;46;17;3.40;7;2;1;78;0;3520617;2503;0
147;18;336;9;46;46;99;4.20;3;1;1;69;0;3520699;170;0
147;18;336;9;46;47;99;3.20;6;2;1;81;0;3520799;1525;0
147;18;336;9;46;47;99;3.80;2;1;1;83;0;3520799;372;0
147;18;336;9;46;48;75;3.40;3;1;1;72;0;3520875;154;0
147;18;336;9;46;50;22;3.80;6;2;1;79;0;3521022;208;0
147;18;336;9;46;51;99;3.80;6;2;1;80;0;3521199;159;0
147;18;336;9;46;57;99;4.20;1;1;1;80;0;3521799;2069;0
147;18;336;9;46;58;60;3.40;1;1;1;77;0;3521860;42;0
147;18;336;9;46;58;68;3.20;6;2;1;79;0;3521868;651;0
147;18;336;9;47;1;23;3.60;3;1;1;80;0;3522123;1231;0
147;18;336;9;47;1;99;3.80;5;2;1;84;0;3522199;4452;0
147;18;336;9;47;2;99;3.20;3;1;1;82;0;3522299;159;0
147;18;336;9;47;3;13;3.60;2;1;1;86;0;3522313;1497;0
147;18;336;9;47;3;72;4.20;7;2;1;80;0;3522372;1739;0
147;18;336;9;47;4;15;3.40;5;2;1;81;0;3522415;199;0
147;18;336;9;47;5;23;3.80;6;2;1;81;0;3522523;640;0
147;18;336;9;47;6;22;3.20;3;1;1;74;0;3522622;308;0
147;18;336;9;47;6;93;3.80;7;2;1;81;0;3522693;302;0
147;18;336;9;47;7;99;3.60;7;2;1;79;0;3522799;89;0
147;18;336;9;47;10;17;3.20;3;1;1;73;0;3523017;379;0
147;18;336;9;47;12;99;3.80;6;2;1;81;0;3523299;759;0
147;18;336;9;47;14;99;3.40;5;2;1;85;0;3523499;1068;0
147;18;336;9;47;16;95;4.80;2;1;1;89;0;3523695;1366;0
147;18;336;9;47;18;99;3.00;3;1;1;75;0;3523899;866;0
147;18;336;9;47;19;99;2.80;6;2;1;82;0;3523999;683;0
147;18;336;9;47;21;92;4.00;6;2;1;88;0;3524192;180;0
147;18;336;9;47;23;24;3.40;6;2;1;83;0;3524324;115;0
147;18;336;9;47;23;34;3.60;2;1;1;81;0;3524334;619;0
147;18;336;9;47;25;99;3.60;3;1;1;83;0;3524599;685;0
147;18;336;9;47;28;99;3.00;8;2;1;79;0;3524899;15681;0
147;18;336;9;47;29;8;3.40;3;1;1;82;0;3524908;293;0
147;18;336;9;47;33;6;3.60;2;1;1;78;0;3525306;956;0
147;18;336;9;47;35;99;3.60;1;1;1;70;0;3525599;3723;0
147;18;336;9;47;44;0;3.60;1;1;1;71;0;3526400;782;0
147;18;336;9;47;44;62;4.20;3;1;1;73;0;3526462;1539;0
147;18;336;9;47;46;16;3.40;3;1;1;75;0;3526616;133;0
147;18;336;9;47;47;19;2.80;2;1;1;81;0;3526719;1396;0
147;18;336;9;47;47;74;3.80;7;2;1;82;0;3526774;3958;0
147;18;336;9;47;49;65;4.00;2;1;1;84;0;3526965;233;0
147;18;336;9;47;53;14;4.00;7;2;1;79;0;3527314;523;0
147;18;336;9;47;53;99;3.00;3;1;1;76;0;3527399;766;0
147;18;336;9;47;55;34;4.00;5;2;1;97;0;3527534;4020;0
147;18;336;9;47;55;99;4.40;6;2;1;92;0;3527599;3260;0
147;18;336;9;47;57;99;3.80;7;2;1;91;0;3527799;466;0
147;18;336;9;47;58;99;3.60;5;2;1;83;0;3527899;350;0
147;18;336;9;47;59;38;3.60;6;2;1;80;0;3527938;321;0
147;18;336;9;48;3;17;3.40;6;2;1;78;0;3528317;362;0
147;18;336;9;48;3;99;4.00;3;1;1;77;0;3528399;985;0
147;18;336;9;48;3;99;4.40;8;2;1;66;0;3528399;3486;0
147;18;336;9;48;7;20;3.40;5;2;1;82;0;3528720;805;0
147;18;336;9;48;7;25;3.60;7;2;1;82;0;3528725;910;0
147;18;336;9;48;7;72;2.80;6;2;1;74;0;3528772;439;0
147;18;336;9;48;8;99;3.40;6;2;1;76;0;3528899;113;0
147;18;336;9;48;12;14;3.80;3;1;1;82;0;3529214;796;0
147;18;336;9;48;15;99;3.60;3;1;1;77;0;3529599;368;0
147;18;336;9;48;18;99;3.80;6;2;1;76;0;3529899;983;0
147;18;336;9;48;20;98;4.00;6;2;1;81;0;3530098;181;0
147;18;336;9;48;22;4;3.60;3;1;1;74;0;3530204;588;0
147;18;336;9;48;24;99;3.80;5;2;1;79;0;3530499;1764;0
147;18;336;9;48;25;63;3.20;6;2;1;76;0;3530563;447;0
147;18;336;9;48;25;73;3.00;3;1;1;71;0;3530573;351;0
147;18;336;9;48;27;11;3.40;6;2;1;73;0;3530711;132;0
147;18;336;9;48;27;99;11.80;2;1;3;75;0;3530799;3816;0
147;18;336;9;48;28;99;3.20;2;1;1;74;0;3530899;43;0
147;18;336;9;48;28;99;5.20;6;2;1;77;0;3530899;171;0
147;18;336;9;48;29;99;5.80;6;2;1;77;0;3530999;75;0
147;18;336;9;48;27;40;4.00;7;2;1;12;0;3530740;1999;0
147;18;336;9;48;30;84;3.60;3;1;1;78;0;3531084;495;0
147;18;336;9;48;31;99;3.60;6;2;1;76;0;3531199;172;3530563
147;18;336;9;48;31;99;4.00;2;1;1;75;0;3531199;284;0
147;18;336;9;48;33;65;3.40;3;1;1;78;0;3531365;264;0
147;18;336;9;48;33;99;3.80;6;2;1;80;0;3531399;182;3530563
147;18;336;9;48;37;99;3.80;1;1;1;73;0;3531799;5380;0
147;18;336;9;48;38;54;3.20;3;1;1;75;0;3531854;473;0
147;18;336;9;48;39;7;3.80;2;1;1;79;0;3531907;688;0
147;18;336;9;48;40;4;3.80;5;2;1;82;0;3532004;1487;0
147;18;336;9;48;40;22;3.60;3;1;1;79;0;3532022;152;0
147;18;336;9;48;41;1;3.80;1;1;1;75;0;3532101;283;0
147;18;336;9;48;41;99;3.60;6;2;1;83;0;3532199;782;0
147;18;336;9;48;42;18;3.20;3;1;1;76;0;3532218;179;0
147;18;336;9;48;39;92;4.00;7;2;1;14;0;3531992;1132;0
147;18;336;9;48;43;93;3.20;3;1;1;77;0;3532393;159;0
147;18;336;9;48;44;99;3.00;2;1;1;76;0;3532499;574;0
147;18;336;9;48;46;8;4.00;2;1;1;72;0;3532608;94;0
147;18;336;9;48;47;99;3.60;6;2;1;82;0;3532799;584;0
147;18;336;9;48;48;19;7.60;2;1;6;64;0;3532819;191;0
147;18;336;9;48;49;99;3.00;2;1;1;68;0;3532999;137;0
147;18;336;9;48;49;99;5.80;3;1;1;70;0;3532999;591;0
147;18;336;9;48;51;70;3.80;8;2;1;76;0;3533170;4747;0
147;18;336;9;48;51;67;3.80;2;1;1;66;0;3533167;152;3532499
147;18;336;9;48;51;78;3.20;1;1;1;72;0;3533178;1058;0
147;18;336;9;48;52;99;3.20;3;1;1;64;0;3533299;270;0
147;18;336;9;48;53;43;3.80;2;1;1;66;0;3533343;155;3532499
147;18;336;9;48;54;99;3.60;1;1;1;67;0;3533499;305;0
147;18;336;9;48;55;99;3.60;7;2;1;92;0;3533599;1504;0
147;18;336;9;48;58;39;3.40;2;1;1;74;0;3533839;475;0
147;18;336;9;48;59;99;3.20;3;1;1;75;0;3533999;682;0
147;18;336;9;49;0;99;8.40;6;2;6;80;0;3534099;1284;0
147;18;336;9;49;1;35;3.60;3;1;1;72;0;3534135;120;0
147;18;336;9;49;2;99;3.20;3;1;1;72;0;3534299;146;0
147;18;336;9;49;3;6;3.40;2;1;1;72;0;3534306;450;0
147;18;336;9;49;4;99;3.60;6;2;1;75;0;3534499;362;0
147;18;336;9;49;7;99;3.60;5;2;1;81;0;3534799;2778;0
147;18;336;9;49;9;4;3.40;6;2;1;81;0;3534904;387;0
147;18;336;9;49;10;99;3.00;6;2;1;81;0;3535099;179;0
147;18;336;9;49;11;46;3.80;7;2;1;80;0;3535146;1532;0
147;18;336;9;49;12;99;6.00;8;2;1;66;0;3535299;2111;0
147;18;336;9;49;13;99;3.20;3;1;1;79;0;3535399;1084;0
147;18;336;9;49;15;99;3.40;7;2;1;80;0;3535599;435;0
147;18;336;9;49;16;19;3.60;3;1;1;78;0;3535619;205;0
147;18;336;9;49;16;52;3.80;7;2;1;77;0;3535652;37;0
147;18;336;9;49;17;99;3.80;2;1;1;82;0;3535799;1476;0
147;18;336;9;49;17;99;3.60;1;1;1;71;0;3535799;2280;0
147;18;336;9;49;18;14;3.40;8;2;1;77;0;3535814;482;0
147;18;336;9;49;19;2;3.80;3;1;1;79;0;3535902;266;0
147;18;336;9;49;19;19;3.20;2;1;1;76;0;3535919;103;0
147;18;336;9;49;19;99;3.60;8;2;1;73;0;3535999;169;0
147;18;336;9;49;21;9;3.80;1;1;1;68;0;3536109;291;0
147;18;336;9;49;22;99;4.00;8;2;1;75;0;3536299;282;0
147;18;336;9;49;28;6;3.80;6;2;1;81;0;3536806;1693;0
147;18;336;9;49;30;99;3.00;3;1;1;77;0;3537099;1179;0
147;18;336;9;49;31;21;3.80;2;1;1;80;0;3537121;1186;0
147;18;336;9;49;33;99;3.20;5;2;1;83;0;3537399;2584;0
147;18;336;9;49;34;67;3.80;6;2;1;75;0;3537467;644;0
147;18;336;9;49;36;11;3.00;6;2;1;78;0;3537611;125;0
147;18;336;9;49;37;88;3.00;6;2;1;77;0;3537788;163;0
147;18;336;9;49;38;99;3.40;6;2;1;76;0;3537899;96;0
147;18;336;9;49;40;99;3.60;6;2;1;78;0;3538099;183;3537467
147;18;336;9;49;42;11;3.60;7;2;1;79;0;3538211;2541;0
147;18;336;9;49;42;99;3.80;2;1;1;74;0;3538299;1160;0
147;18;336;9;49;46;99;3.60;1;1;1;71;0;3538699;2569;0
147;18;336;9;49;47;37;3.60;2;1;1;84;0;3538737;419;0
147;18;336;9;49;50;85;3.60;6;2;1;81;0;3539085;969;0
147;18;336;9;49;50;99;3.40;2;1;1;79;0;3539099;346;0
147;18;336;9;49;51;99;3.20;6;2;1;80;0;3539199;98;0
147;18;336;9;49;54;99;3.40;6;2;1;85;0;3539499;285;0
147;18;336;9;49;55;99;3.60;5;2;1;83;0;3539599;2186;0
147;18;336;9;49;59;99;3.40;3;1;1;79;0;3539999;2885;0
147;18;336;9;50;1;99;3.80;6;2;1;80;0;3540199;685;0
147;18;336;9;50;4;11;3.60;1;1;1;107;0;3540411;1693;0
147;18;336;9;50;3;99;3.80;3;1;1;74;0;3540399;384;0
147;18;336;9;50;4;20;3.60;2;1;1;74;0;3540420;1305;0
147;18;336;9;50;4;13;3.00;6;2;1;87;0;3540413;196;0
147;18;336;9;50;5;16;3.80;2;1;1;75;0;3540516;78;0
147;18;336;9;50;5;89;3.20;5;2;1;88;0;3540589;974;0
147;18;336;9;50;6;99;3.80;3;1;1;68;0;3540699;281;0
147;18;336;9;50;7;16;3.40;4;1;1;81;0;3540716;20197;0
147;18;336;9;50;7;28;3.40;4;1;1;79;0;3540728;-1;0
147;18;336;9;50;8;99;3.20;3;1;1;73;0;3540899;179;0
147;18;336;9;50;9;8;3.40;1;1;1;73;0;3540908;484;0
147;18;336;9;50;10;88;4.00;5;2;1;100;0;3541088;485;0
147;18;336;9;50;10;89;3.20;3;1;1;78;0;3541089;174;0
147;18;336;9;50;10;99;3.40;2;1;1;82;0;3541099;564;0
147;18;336;9;50;11;99;3.80;4;1;1;88;0;3541199;455;0
147;18;336;9;50;11;99;4.00;6;2;1;90;0;3541199;773;0
147;18;336;9;50;11;99;3.80;1;1;1;75;0;3541199;274;0
147;18;336;9;50;14;99;4.40;7;2;1;75;0;3541499;3271;0
147;18;336;9;50;15;60;4.60;6;2;1;81;0;3541560;345;0
147;18;336;9;50;17;8;3.80;5;2;1;84;0;3541708;605;0
147;18;336;9;50;17;99;3.80;6;2;1;78;0;3541799;218;0
147;18;336;9;50;19;99;3.60;2;1;1;81;0;3541999;885;0
147;18;336;9;50;20;24;3.80;3;1;1;81;0;3542024;920;0
147;18;336;9;50;21;99;2.40;3;1;1;79;0;3542199;158;0
147;18;336;9;50;25;29;3.00;3;1;1;80;0;3542529;319;0
147;18;336;9;50;26;99;4.00;4;1;1;89;0;3542699;1484;0
147;18;336;9;50;26;99;3.20;6;2;1;82;0;3542699;882;0
147;18;336;9;50;28;47;4.20;8;2;1;77;0;3542847;6528;0
147;18;336;9;50;28;49;3.60;3;1;1;73;0;3542849;306;0
147;18;336;9;50;29;99;3.20;3;1;1;72;0;3542999;132;0
147;18;336;9;50;29;99;3.40;6;2;1;79;0;3542999;285;0
147;18;336;9;50;31;0;3.40;3;1;1;73;0;3543100;85;0
147;18;336;9;50;32;99;3.80;4;1;1;81;0;3543299;583;0
147;18;336;9;50;33;58;3.40;6;2;1;81;0;3543358;343;0
147;18;336;9;50;33;88;4.40;2;1;1;72;0;3543388;1373;0
147;18;336;9;50;34;99;6.00;8;2;1;75;0;3543499;632;0
147;18;336;9;50;35;0;3.60;3;1;1;75;0;3543500;383;0
147;18;336;9;50;35;39;3.40;2;1;1;75;0;3543539;129;0
147;18;336;9;50;36;99;3.00;6;2;1;84;0;3543699;325;0
147;18;336;9;50;39;99;3.40;3;1;1;72;0;3543999;481;0
147;18;336;9;50;39;99;3.60;6;2;1;82;0;3543999;287;0
147;18;336;9;50;40;99;3.00;3;1;1;72;0;3544099;83;0
147;18;336;9;50;40;3;3.60;1;1;1;64;0;3544003;2785;0
147;18;336;9;50;42;99;3.80;2;1;1;68;0;3544299;743;0
147;18;336;9;50;43;14;3.20;1;1;1;79;0;3544314;290;0
147;18;336;9;50;43;30;3.40;5;2;1;82;0;3544330;2605;0
147;18;336;9;50;43;34;3.60;3;1;1;75;0;3544334;220;0
147;18;336;9;50;44;4;3.40;6;2;1;80;0;3544404;389;0
147;18;336;9;50;44;99;3.20;2;1;1;63;0;3544499;179;0
147;18;336;9;50;49;99;3.40;6;2;1;74;0;3544999;579;0
147;18;336;9;50;53;16;3.60;2;1;1;71;0;3545316;798;0
147;18;336;9;50;53;4;3.80;3;1;1;79;0;3545304;952;0
147;18;336;9;50;54;99;6.00;3;1;1;80;0;3545499;177;0
147;18;336;9;50;55;99;3.40;5;2;1;83;0;3545599;1254;0
147;18;336;9;50;56;1;3.40;4;1;1;82;0;3545601;2285;0
147;18;336;9;50;56;31;4.40;6;2;1;74;0;3545631;615;0
147;18;336;9;50;57;99;4.60;3;1;1;74;0;3545799;273;0
147;18;336;9;50;57;99;3.40;6;2;1;74;0;3545799;146;0
147;18;336;9;50;57;99;3.00;2;1;1;80;0;3545799;464;0
147;18;336;9;51;0;99;2.80;3;1;1;77;0;3546099;277;0
147;18;336;9;51;1;24;3.00;2;1;1;67;0;3546124;311;0
147;18;336;9;51;1;16;9.60;8;2;6;82;0;3546116;2588;0
147;18;336;9;51;6;8;3.60;6;2;1;83;0;3546608;792;0
147;18;336;9;51;6;30;3.80;2;1;1;73;0;3546630;489;0
147;18;336;9;51;8;99;4.40;6;2;1;83;0;3546899;275;0
147;18;336;9;51;10;99;3.60;2;1;1;75;0;3547099;450;0
147;18;336;9;51;10;99;3.80;5;2;1;78;0;3547099;1485;0
147;18;336;9;51;11;21;3.40;6;2;1;78;0;3547121;202;0
147;18;336;9;51;13;99;3.20;3;1;1;80;0;3547399;1286;0
147;18;336;9;51;16;34;3.60;6;2;1;78;0;3547634;497;0
147;18;336;9;51;19;7;3.80;5;2;1;95;0;3547907;790;0
147;18;336;9;51;22;99;3.80;8;2;1;76;0;3548299;2140;0
147;18;336;9;51;24;23;3.00;3;1;1;75;0;3548423;1009;0
147;18;336;9;51;24;37;5.60;1;1;1;74;0;3548437;4108;0
147;18;336;9;51;26;8;4.40;6;2;1;78;0;3548608;957;0
147;18;336;9;51;26;99;3.60;1;1;1;76;0;3548699;234;0
147;18;336;9;51;28;12;3.80;2;1;1;79;0;3548812;1695;0
147;18;336;9;51;30;99;3.60;4;1;1;84;0;3549099;3483;0
147;18;336;9;51;30;99;3.60;3;1;1;78;0;3549099;661;0
147;18;336;9;51;31;21;3.60;6;2;1;76;0;3549121;492;0
147;18;336;9;51;32;81;4.00;3;1;1;81;0;3549281;165;0
147;18;336;9;51;38;99;3.60;6;2;1;79;0;3549899;760;0
147;18;336;9;51;41;99;4.40;3;1;1;68;0;3550199;900;0
147;18;336;9;51;46;99;3.60;6;2;1;83;0;3550699;783;0
147;18;336;9;51;47;5;4.00;6;2;1;82;0;3550705;-1;0
147;18;336;9;51;47;1;3.60;7;2;1;68;0;3550701;9180;0
147;18;336;9;51;48;99;6.60;2;1;1;75;0;3550899;2069;0
147;18;336;9;51;48;99;3.80;6;2;1;80;0;3550899;176;0
147;18;336;9;51;51;7;4.00;2;1;1;75;0;3551107;176;0
147;18;336;9;51;51;99;3.20;6;2;1;78;0;3551199;282;0
147;18;336;9;51;52;21;3.40;7;2;1;85;0;3551221;500;0
147;18;336;9;51;53;99;3.80;7;2;1;84;0;3551399;163;0
147;18;336;9;51;55;52;3.60;6;2;1;77;0;3551552;338;0
147;18;336;9;51;55;44;9.40;3;1;6;76;0;3551544;1321;0
147;18;336;9;52;0;30;4.00;3;1;1;80;0;3552030;441;0
147;18;336;9;52;1;13;3.80;6;2;1;81;0;3552113;544;0
147;18;336;9;52;3;2;4.80;3;1;1;82;0;3552302;254;0
147;18;336;9;52;3;99;3.80;8;2;1;80;0;3552399;4082;0
147;18;336;9;52;4;99;3.40;3;1;1;77;0;3552499;175;0
147;18;336;9;52;4;99;4.20;7;2;1;85;0;3552499;1083;0
147;18;336;9;52;7;12;4.40;5;2;1;92;0;3552712;4790;0
147;18;336;9;52;7;5;3.40;7;2;1;80;0;3552705;188;0
147;18;336;9;52;8;92;4.80;6;2;1;84;0;3552892;762;0
147;18;336;9;52;9;99;4.00;2;1;1;94;0;3552999;1872;0
147;18;336;9;52;10;24;3.40;7;2;1;79;0;3553024;303;0
147;18;336;9;52;12;16;4.00;2;1;1;75;0;3553216;201;0
147;18;336;9;52;12;99;3.60;3;1;1;83;0;3553299;784;0
147;18;336;9;52;14;6;4.40;3;1;1;86;0;3553406;91;0
147;18;336;9;52;15;8;4.00;1;1;1;88;0;3553508;4791;0
147;18;336;9;52;16;99;3.20;1;1;1;88;0;3553699;174;0
147;18;336;9;52;19;99;3.80;6;2;1;87;0;3553999;1086;0
147;18;336;9;52;20;23;3.00;1;1;1;84;0;3554023;310;0
147;18;336;9;52;28;65;3.80;6;2;1;79;0;3554865;850;0
147;18;336;9;52;30;20;3.40;6;2;1;74;0;3555020;137;0
147;18;336;9;52;31;76;3.80;3;1;1;76;0;3555176;1751;0
147;18;336;9;52;31;99;3.60;6;2;1;77;0;3555199;162;0
147;18;336;9;52;33;2;3.80;7;2;1;78;0;3555302;2262;0
147;18;336;9;52;37;99;3.80;6;2;1;73;0;3555799;583;0
147;18;336;9;52;38;2;3.00;3;1;1;68;0;3555802;608;0
147;18;336;9;52;38;10;3.80;2;1;1;74;0;3555810;2574;0
147;18;336;9;52;38;32;3.80;3;1;1;70;0;3555832;14;0
147;18;336;9;52;39;1;3.60;5;2;1;91;0;3555901;3171;0
147;18;336;9;52;40;13;3.80;3;1;1;71;0;3556013;161;0
147;18;336;9;52;41;88;3.00;4;1;1;81;0;3556188;7073;0
147;18;336;9;52;44;6;3.20;6;2;1;81;0;3556406;588;0
147;18;336;9;52;45;99;3.80;3;1;1;73;0;3556599;566;0
147;18;336;9;52;47;99;3.20;2;1;1;82;0;3556799;970;0
147;18;336;9;52;49;99;3.40;2;1;1;82;0;3556999;185;0
147;18;336;9;52;55;99;3.60;6;2;1;81;0;3557599;1178;0
147;18;336;9;52;59;92;3.60;3;1;1;82;0;3557992;1374;0
147;18;336;9;53;3;99;3.60;6;2;1;79;0;3558399;784;0
147;18;336;9;53;5;99;3.60;3;1;1;83;0;3558599;591;0
147;18;336;9;53;5;99;3.40;8;2;1;76;0;3558599;6182;0
147;18;336;9;53;7;99;4.60;5;2;1;77;0;3558799;2883;0
147;18;336;9;53;8;99;3.40;3;1;1;76;0;3558899;284;0
147;18;336;9;53;7;95;5.80;7;2;1;29;0;3558795;3475;0
147;18;336;9;53;11;20;3.20;8;2;1;80;0;3559120;504;0
147;18;336;9;53;11;20;3.60;6;2;1;81;0;3559120;704;0
147;18;336;9;53;12;99;3.20;3;1;1;85;0;3559299;383;0
147;18;336;9;53;15;8;3.00;7;2;1;77;0;3559508;641;0
147;18;336;9;53;16;99;3.80;8;2;1;82;0;3559699;564;0
147;18;336;9;53;19;1;3.20;3;1;1;80;0;3559901;588;0
147;18;336;9;53;19;54;3.80;8;2;1;81;0;3559954;238;0
147;18;336;9;53;20;31;3.60;4;1;1;89;0;3560031;3829;0
147;18;336;9;53;22;67;5.00;6;2;1;80;0;3560267;1131;0
147;18;336;9;53;23;99;3.80;3;1;1;78;0;3560399;483;0
147;18;336;9;53;24;24;5.00;4;1;1;81;0;3560424;378;0
147;18;336;9;53;24;33;3.00;2;1;1;76;0;3560433;3419;0
147;18;336;9;53;24;44;3.80;3;1;1;84;0;3560444;27;0
147;18;336;9;53;27;52;3.80;6;2;1;72;0;3560752;462;0
147;18;336;9;53;28;1;3.20;3;1;1;81;0;3560801;340;0
147;18;336;9;53;29;15;3.20;2;1;1;70;0;3560915;467;0
147;18;336;9;53;30;99;3.60;2;1;1;72;0;3561099;167;0
147;18;336;9;53;31;10;3.20;6;2;1;75;0;3561110;339;0
147;18;336;9;53;33;8;3.40;4;1;1;77;0;3561308;861;0
147;18;336;9;53;30;25;4.20;7;2;1;12;0;3561025;1502;0
147;18;336;9;53;33;99;3.20;3;1;1;72;0;3561399;583;0
147;18;336;9;53;34;15;3.20;6;2;1;84;0;3561415;289;0
147;18;336;9;53;35;57;3.60;1;1;1;72;0;3561557;7521;0
147;18;336;9;53;35;77;3.60;3;1;1;79;0;3561577;162;0
147;18;336;9;53;37;8;3.40;2;1;1;77;0;3561708;591;0
147;18;336;9;53;38;99;3.00;5;2;1;72;0;3561899;3078;0
147;18;336;9;53;39;6;3.80;6;2;1;75;0;3561906;477;0
147;18;336;9;53;40;46;3.80;8;2;1;74;0;3562046;2075;0
147;18;336;9;53;40;57;3.20;6;2;1;77;0;3562057;132;0
147;18;336;9;53;44;1;4.00;6;2;1;78;0;3562401;329;0
147;18;336;9;53;46;99;3.20;4;1;1;86;0;3562699;1375;0
147;18;336;9;53;46;99;4.40;3;1;1;74;0;3562699;1105;0
147;18;336;9;53;48;7;4.00;3;1;1;75;0;3562807;86;0
147;18;336;9;53;51;8;3.80;4;1;1;83;0;3563108;395;0
147;18;336;9;53;51;99;4.40;3;1;1;75;0;3563199;372;0
147;18;336;9;53;51;99;3.60;1;1;1;78;0;3563199;1624;0
147;18;336;9;53;55;20;3.20;2;1;1;77;0;3563520;1796;0
147;18;336;9;53;55;65;4.60;7;2;1;73;0;3563565;2414;0
147;18;336;9;53;58;17;3.80;3;1;1;82;0;3563817;596;0
147;18;336;9;54;0;24;3.80;7;2;1;76;0;3564024;436;0
147;18;336;9;54;3;69;23.40;3;1;5;79;0;3564369;535;0
147;18;336;9;54;6;22;4.00;3;1;1;78;0;3564622;146;0
147;18;336;9;54;5;27;3.60;4;1;1;89;0;3564527;1402;0
147;18;336;9;54;7;99;3.40;3;1;1;77;0;3564799;158;0
147;18;336;9;54;10;7;4.20;6;2;1;78;0;3565007;2587;0
147;18;336;9;54;10;15;3.40;3;1;1;75;0;3565015;200;0
147;18;336;9;54;11;20;4.40;4;1;1;79;0;3565120;578;0
147;18;336;9;54;13;48;3.40;7;2;1;75;0;3565348;1306;0
147;18;336;9;54;15;99;3.60;1;1;1;84;0;3565599;2383;0
147;18;336;9;54;16;10;3.00;2;1;1;74;0;3565610;2075;0
147;18;336;9;54;18;58;3.60;3;1;1;81;0;3565858;826;0
147;18;336;9;54;18;71;3.60;2;1;1;75;0;3565871;246;0
147;18;336;9;54;20;6;3.80;2;1;1;78;0;3566006;117;0
147;18;336;9;54;21;98;3.80;6;2;1;80;0;3566198;1171;0
147;18;336;9;54;23;22;3.40;6;2;1;84;0;3566322;106;0
147;18;336;9;54;23;30;3.20;3;1;1;86;0;3566330;456;0
147;18;336;9;54;25;99;3.20;7;2;1;95;0;3566599;1234;0
147;18;336;9;54;27;99;3.80;6;2;1;82;0;3566799;462;0
147;18;336;9;54;31;8;3.60;6;2;1;80;0;3567108;292;0
147;18;336;9;54;33;19;3.60;3;1;1;83;0;3567319;975;0
147;18;336;9;54;33;26;3.60;7;2;1;79;0;3567326;714;0
147;18;336;9;54;34;16;3.80;2;1;1;82;0;3567416;1392;0
147;18;336;9;54;36;46;4.00;3;1;1;75;0;3567646;311;0
147;18;336;9;54;38;99;3.20;6;2;1;82;0;3567899;774;0
147;18;336;9;54;39;80;3.40;4;1;1;85;0;3567980;2839;0
147;18;336;9;54;42;99;3.80;3;1;1;73;0;3568299;633;0
147;18;336;9;54;47;21;3.00;6;2;1;88;0;3568721;807;0
147;18;336;9;54;48;99;3.20;3;1;1;79;0;3568899;581;0
147;18;336;9;54;48;99;3.60;6;2;1;80;0;3568899;165;0
147;18;336;9;54;52;91;4.00;7;2;1;88;0;3569291;1948;0
147;18;336;9;54;55;13;3.20;3;1;1;92;0;3569513;599;0
147;18;336;9;54;56;99;3.40;3;1;1;84;0;3569699;173;0
147;18;336;9;54;57;73;3.40;7;2;1;79;0;3569773;465;0
147;18;336;9;54;58;99;3.80;6;2;1;83;0;3569899;983;0
147;18;336;9;54;59;67;4.20;3;1;1;81;0;3569967;253;0
147;18;336;9;55;7;44;4.00;6;2;1;73;0;3570744;828;0
147;18;336;9;55;8;99;3.20;4;1;1;87;0;3570899;2904;0
147;18;336;9;55;8;99;2.80;2;1;1;79;0;3570899;3466;0
147;18;336;9;55;11;99;3.40;4;1;1;76;0;3571199;286;0
147;18;336;9;55;14;44;3.80;2;1;1;71;0;3571444;532;0
147;18;336;9;55;16;99;5.40;2;1;1;74;0;3571699;235;0
147;18;336;9;55;17;80;3.80;2;1;1;74;0;3571780;54;0
147;18;336;9;55;21;99;3.20;6;2;1;79;0;3572199;1435;0
147;18;336;9;55;22;8;3.40;3;1;1;81;0;3572208;2222;0
147;18;336;9;55;23;99;3.40;4;1;1;84;0;3572399;1183;0
147;18;336;9;55;26;2;3.60;7;2;1;80;0;3572602;2813;0
147;18;336;9;55;26;99;3.40;4;1;1;73;0;3572699;285;0
147;18;336;9;55;28;99;4.80;6;2;1;78;0;3572899;685;0
147;18;336;9;55;31;99;3.60;1;1;1;80;0;3573199;7584;0
147;18;336;9;55;33;87;3.60;2;1;1;81;0;3573387;1588;0
147;18;336;9;55;33;99;3.00;8;2;1;65;0;3573399;11334;0
147;18;336;9;55;34;99;3.20;3;1;1;75;0;3573499;1275;0
147;18;336;9;55;34;99;3.60;7;2;1;82;0;3573499;880;0
147;18;336;9;55;34;99;3.80;4;1;1;84;0;3573499;783;0
147;18;336;9;55;36;99;4.00;8;2;1;72;0;3573699;283;0
147;18;336;9;55;40;65;3.40;3;1;1;76;0;3574065;550;0
147;18;336;9;55;41;99;3.40;6;2;1;87;0;3574199;1277;0
147;18;336;9;55;45;21;3.80;7;2;1;83;0;3574521;1006;0
147;18;336;9;55;45;47;3.60;6;2;1;85;0;3574547;333;0
147;18;336;9;55;45;71;3.20;5;2;1;83;0;3574571;12657;0
147;18;336;9;55;46;99;3.40;6;2;1;81;0;3574699;136;0
147;18;336;9;55;48;69;4.20;7;2;1;91;0;3574869;331;0
147;18;336;9;55;49;21;3.80;6;2;1;83;0;3574921;206;0
147;18;336;9;55;49;99;3.40;3;1;1;77;0;3574999;917;0
147;18;336;9;55;51;1;3.40;3;1;1;76;0;3575101;86;0
147;18;336;9;55;53;0;3.60;6;2;1;84;0;3575300;362;0
147;18;336;9;55;53;75;3.80;5;2;1;89;0;3575375;790;0
147;18;336;9;55;54;8;4.00;4;1;1;85;0;3575408;1892;0
147;18;336;9;55;55;9;3.60;3;1;1;86;0;3575509;391;0
147;18;336;9;55;55;27;3.80;4;1;1;81;0;3575527;102;0
147;18;336;9;55;56;99;4.00;6;2;1;80;0;3575699;383;0
147;18;336;9;55;57;18;3.80;3;1;1;79;0;3575718;193;0
147;18;336;9;55;58;19;3.20;1;1;1;75;0;3575819;2603;0
147;18;336;9;55;58;89;3.80;3;1;1;77;0;3575889;153;0
147;18;336;9;55;59;99;4.00;6;2;1;75;0;3575999;282;0
147;18;336;9;56;0;99;3.60;3;1;1;83;0;3576099;192;0
147;18;336;9;56;1;99;3.20;5;2;1;89;0;3576199;808;0
147;18;336;9;56;1;99;3.60;3;1;1;80;0;3576199;84;3575509
147;18;336;9;56;2;3;3.80;4;1;1;82;0;3576203;659;0
147;18;336;9;56;2;13;3.40;8;2;1;75;0;3576213;2494;0
147;18;336;9;56;2;99;3.80;6;2;1;77;0;3576299;280;0
147;18;336;9;56;3;21;3.80;5;2;1;81;0;3576321;109;0
147;18;336;9;56;3;21;3.80;3;1;1;83;0;3576321;105;3575509
147;18;336;9;56;4;99;4.00;6;2;1;83;0;3576499;182;3575509
147;18;336;9;56;8;4;3.20;3;1;1;73;0;3576804;466;0
147;18;336;9;56;10;99;3.60;3;1;1;79;0;3577099;279;0
147;18;336;9;56;11;2;3.80;2;1;1;84;0;3577102;3699;0
147;18;336;9;56;13;24;3.60;2;1;1;80;0;3577324;205;0
147;18;336;9;56;13;24;3.40;3;1;1;83;0;3577324;208;0
147;18;336;9;56;14;15;3.60;6;2;1;83;0;3577415;898;0
147;18;336;9;56;17;99;3.80;3;1;1;95;0;3577799;460;0
147;18;336;9;56;22;2;3.60;3;1;1;77;0;3578202;388;0
147;18;336;9;56;22;24;3.40;2;1;1;86;0;3578224;883;0
147;18;336;9;56;22;99;3.20;2;1;1;84;0;3578299;60;0
147;18;336;9;56;26;47;3.20;4;1;1;93;0;3578647;2427;0
147;18;336;9;56;26;99;15.40;2;1;4;72;0;3578699;386;0
147;18;336;9;56;27;12;3.60;3;1;1;82;0;3578712;493;0
147;18;336;9;56;27;17;3.60;6;2;1;80;0;3578717;1286;0
147;18;336;9;56;29;19;3.60;1;1;1;83;0;3578919;3084;0
147;18;336;9;56;30;99;3.60;5;2;1;73;0;3579099;2761;0
147;18;336;9;56;30;99;3.40;6;2;1;67;0;3579099;365;0
147;18;336;9;56;33;97;25.00;6;2;5;76;0;3579397;279;0
147;18;336;9;56;35;99;15.60;2;1;4;87;0;3579599;823;0
147;18;336;9;56;38;10;3.20;3;1;1;87;0;3579810;1082;0
147;18;336;9;56;39;22;3.80;6;2;1;80;0;3579922;406;0
147;18;336;9;56;41;11;5.20;5;2;1;81;0;3580111;994;0
147;18;336;9;56;42;10;3.60;6;2;1;79;0;3580210;270;0
147;18;336;9;56;43;99;4.00;6;2;1;77;0;3580399;172;0
147;18;336;9;56;50;12;4.00;3;1;1;86;0;3581012;1188;0
147;18;336;9;56;56;8;3.20;1;1;1;77;0;3581608;2673;0
147;18;336;9;56;57;46;3.00;2;1;1;81;0;3581746;2082;0
147;18;336;9;56;59;3;3.80;6;2;1;76;0;3581903;1485;0
147;18;336;9;57;0;99;3.80;3;1;1;81;0;3582099;1070;0
147;18;336;9;57;0;99;3.80;5;2;1;86;0;3582099;1964;0
147;18;336;9;57;1;18;3.60;6;2;1;70;0;3582118;197;0
147;18;336;9;57;1;99;3.60;4;1;1;83;0;3582199;3539;0
147;18;336;9;57;2;33;3.80;8;2;1;79;0;3582233;6003;0
147;18;336;9;57;2;58;7.60;5;2;6;82;0;3582258;143;0
147;18;336;9;57;2;76;3.60;6;2;1;70;0;3582276;139;0
147;18;336;9;57;4;22;3.20;3;1;1;76;0;3582422;306;0
147;18;336;9;57;6;99;3.40;1;1;1;68;0;3582699;1076;0
147;18;336;9;57;6;99;3.80;6;2;1;68;0;3582699;404;0
147;18;336;9;57;7;2;3.20;3;1;1;76;0;3582702;264;0
147;18;336;9;57;7;26;3.80;6;2;1;72;0;3582726;6;0
147;18;336;9;57;8;99;3.40;7;2;1;78;0;3582899;8013;0
147;18;336;9;57;9;99;3.60;2;1;1;80;0;3582999;1239;0
147;18;336;9;57;10;92;3.80;6;2;1;74;0;3583092;347;0
147;18;336;9;57;14;99;3.40;8;2;1;64;0;3583499;1248;0
147;18;336;9;57;15;99;3.40;6;2;1;83;0;3583599;488;0
147;18;336;9;57;21;7;3.20;6;2;1;79;0;3584107;493;0
147;18;336;9;57;22;7;4.00;6;2;1;79;0;3584207;85;0
147;18;336;9;57;23;75;3.80;3;1;1;73;0;3584375;1657;0
147;18;336;9;57;24;8;3.80;1;1;1;73;0;3584408;1691;0
147;18;336;9;57;24;99;3.80;6;2;1;82;0;3584499;273;0
147;18;336;9;57;28;92;5.60;6;2;1;85;0;3584892;376;0
147;18;336;9;57;32;99;4.00;6;2;1;80;0;3585299;383;0
147;18;336;9;57;33;95;5.60;5;2;1;81;0;3585395;3103;0
147;18;336;9;57;33;99;5.00;2;1;1;81;0;3585399;2383;0
147;18;336;9;57;36;99;3.60;6;2;1;75;0;3585699;382;0
147;18;336;9;57;37;5;3.60;6;2;1;72;0;3585705;-1;0
147;18;336;9;57;39;99;3.60;6;2;1;72;0;3585999;276;0
147;18;336;9;57;39;99;3.80;2;1;1;73;0;3585999;577;0
147;18;336;9;57;41;13;3.20;6;2;1;73;0;3586113;96;0
147;18;336;9;57;41;88;3.20;7;2;1;77;0;3586188;3273;0
147;18;336;9;57;42;0;3.20;7;2;1;76;0;3586200;-1;0
147;18;336;9;57;46;99;3.60;2;1;1;76;0;3586699;681;0
147;18;336;9;57;47;11;3.60;8;2;1;80;0;3586711;3192;0
147;18;336;9;57;47;99;3.40;3;1;1;82;0;3586799;2405;0
147;18;336;9;57;48;53;3.80;7;2;1;77;0;3586853;637;0
147;18;336;9;57;50;13;3.60;7;2;1;77;0;3587013;142;0
147;18;336;9;57;51;61;3.20;1;1;1;62;0;3587161;2734;0
147;18;336;9;57;52;99;3.60;3;1;1;75;0;3587299;485;0
147;18;336;9;57;53;55;3.60;4;1;1;81;0;3587355;5140;0
147;18;336;9;57;54;26;3.00;3;1;1;77;0;3587426;109;0
147;18;336;9;57;54;99;3.60;2;1;1;70;0;3587499;782;0
147;18;336;9;57;55;99;3.20;3;1;1;80;0;3587599;158;0
147;18;336;9;57;58;12;3.60;7;2;1;78;0;3587812;782;0
147;18;336;9;58;3;99;4.20;7;2;1;87;0;3588399;570;0
147;18;336;9;58;5;99;3.40;6;2;1;79;0;3588599;2470;0
147;18;336;9;58;6;75;3.20;6;2;1;75;0;3588675;60;0
147;18;336;9;58;6;95;3.40;2;1;1;65;0;3588695;1177;0
147;18;336;9;58;7;99;3.20;7;2;1;79;0;3588799;382;0
147;18;336;9;58;8;22;3.40;3;1;1;72;0;3588822;1208;0
147;18;336;9;58;12;24;3.40;3;1;1;78;0;3589224;385;0
147;18;336;9;58;12;99;3.60;7;2;1;84;0;3589299;485;0
147;18;336;9;58;13;99;3.40;1;1;1;72;0;3589399;2219;0
147;18;336;9;58;13;20;5.60;7;2;1;92;0;3589320;5;0
147;18;336;9;58;19;45;4.20;8;2;1;81;0;3589945;3217;0
147;18;336;9;58;22;2;5.40;8;2;1;80;0;3590202;238;0
147;18;336;9;58;22;99;3.20;3;1;1;85;0;3590299;1059;0
147;18;336;9;58;24;39;4.60;7;2;1;78;0;3590439;1097;0
147;18;336;9;58;25;99;3.40;1;1;1;76;0;3590599;1183;0
147;18;336;9;58;27;73;3.80;6;2;1;77;0;3590773;2082;0
147;18;336;9;58;26;78;16.00;3;1;4;79;0;3590678;365;0
147;18;336;9;58;28;15;4.40;6;2;1;78;0;3590815;24;0
147;18;336;9;58;32;74;3.80;2;1;1;77;0;3591274;2560;0
147;18;336;9;58;32;99;3.20;7;2;1;81;0;3591299;838;0
147;18;336;9;58;38;99;3.20;2;1;1;77;0;3591899;607;0
147;18;336;9;58;41;99;3.40;2;1;1;78;0;3592199;285;0
147;18;336;9;58;48;99;3.60;2;1;1;87;0;3592899;684;0
147;18;336;9;58;48;99;3.60;7;2;1;73;0;3592899;1585;0
147;18;336;9;58;50;99;3.80;4;1;1;85;0;3593099;5728;0
147;18;336;9;58;50;85;14.80;3;1;4;73;0;3593085;2334;0
147;18;336;9;58;50;39;0.00;7;2;1;15;1;3593039;122;0
147;18;336;9;58;52;60;3.60;3;1;1;88;0;3593260;102;0
147;18;336;9;58;54;99;3.00;3;1;1;75;0;3593499;224;0
147;18;336;9;58;55;99;3.60;4;1;1;89;0;3593599;483;0
147;18;336;9;58;56;99;3.60;4;1;1;89;0;3593699;85;0
147;18;336;9;58;58;99;3.80;3;1;1;75;0;3593899;385;0
147;18;336;9;58;59;99;4.00;4;1;1;85;0;3593999;285;0
147;18;336;9;59;0;54;3.40;3;1;1;74;0;3594054;136;0
147;18;336;9;59;1;99;4.60;3;1;1;74;0;3594199;128;0
147;18;336;9;59;4;1;3.80;8;2;1;75;0;3594401;4174;0
147;18;336;9;59;6;99;4.40;6;2;1;78;0;3594699;3863;0
147;18;336;9;59;7;3;3.40;3;1;1;74;0;3594703;481;0
147;18;336;9;59;9;99;3.80;1;1;1;77;0;3594999;4383;0
147;18;336;9;59;10;62;3.60;3;1;1;80;0;3595062;342;0
147;18;336;9;59;12;8;4.20;2;1;1;79;0;3595208;2294;0
147;18;336;9;59;15;14;3.20;7;2;1;76;0;3595514;2597;0
147;18;336;9;59;16;99;3.80;6;2;1;80;0;3595699;979;0
147;18;336;9;59;17;99;4.00;5;2;1;90;0;3595799;10379;0
147;18;336;9;59;18;99;3.40;2;1;1;77;0;3595899;671;0
147;18;336;9;59;19;4;3.00;6;2;1;86;0;3595904;187;0
147;18;336;9;59;22;99;3.60;3;1;1;80;0;3596299;1220;0
147;18;336;9;59;23;62;3.40;6;2;1;78;0;3596362;445;0
147;18;336;9;59;25;1;3.60;3;1;1;77;0;3596501;185;0
147;18;336;9;59;28;14;3.60;2;1;1;73;0;3596814;899;0
147;18;336;9;59;28;37;3.20;6;2;1;75;0;3596837;459;0
147;18;336;9;59;29;1;4.40;3;1;1;73;0;3596901;383;0
147;18;336;9;59;32;99;3.60;3;1;1;77;0;3597299;376;0
147;18;336;9;59;32;99;3.60;6;2;1;84;0;3597299;446;0
147;18;336;9;59;35;99;3.00;3;1;1;77;0;3597599;283;0
147;18;336;9;59;37;99;3.80;2;1;1;78;0;3597799;967;0
147;18;336;9;59;37;99;4.00;8;2;1;88;0;3597799;3379;0
147;18;336;9;59;38;10;3.80;4;1;1;83;0;3597810;3794;0
147;18;336;9;59;38;62;3.80;6;2;1;75;0;3597862;547;0
147;18;336;9;59;42;99;3.20;1;1;1;78;0;3598299;3282;0
147;18;336;9;59;43;3;3.20;2;1;1;84;0;3598303;486;0
147;18;336;9;59;44;95;11.80;3;1;2;84;0;3598495;881;0
147;18;336;9;59;46;87;4.40;2;1;1;80;0;3598687;370;0
147;18;336;9;59;48;0;4.00;6;2;1;89;0;3598800;919;0
147;18;336;9;59;53;36;3.80;4;1;1;83;0;3599336;1509;0
147;18;336;9;59;54;99;4.00;4;1;1;86;0;3599499;146;0
147;18;336;9;59;54;99;4.00;3;1;1;80;0;3599499;953;0
147;18;336;9;59;56;29;3.40;7;2;1;77;0;3599629;4099;0
147;18;336;9;59;59;54;5.80;2;1;1;73;0;3599954;1247;0
147;18;336;9;59;59;85;4.00;4;1;1;82;0;3599985;469;0
147;18;336;9;59;59;99;3.20;3;1;1;81;0;3599999;482;0
147;18;336;10;0;3;99;3.40;6;2;1;78;0;3600399;1582;0
147;18;336;10;0;9;99;3.60;6;2;1;82;0;3600999;584;0
147;18;336;10;0;12;99;3.20;6;2;1;79;0;3601299;284;0
147;18;336;10;0;15;17;3.20;6;2;1;75;0;3601517;203;0
147;18;336;10;0;16;34;3.60;6;2;1;77;0;3601634;101;0
147;18;336;10;0;17;99;3.60;3;1;1;74;0;3601799;1785;0
147;18;336;10;0;19;47;3.60;3;1;1;75;0;3601947;130;0
147;18;336;10;0;21;1;3.60;6;2;1;78;0;3602101;450;0
147;18;336;10;0;22;13;3.60;3;1;1;77;0;3602213;248;0
147;18;336;10;0;23;99;4.00;6;2;1;77;0;3602399;281;0
147;18;336;10;0;24;9;3.40;5;2;1;82;0;3602409;6594;0
147;18;336;10;0;24;60;3.40;3;1;1;92;0;3602460;230;0
147;18;336;10;0;24;58;3.00;2;1;1;77;0;3602458;2475;0
147;18;336;10;0;25;3;3.60;7;2;1;80;0;3602503;2858;0
147;18;336;10;0;27;54;3.60;6;2;1;90;0;3602754;336;0
147;18;336;10;0;28;99;3.40;1;1;1;64;0;3602899;4585;0
147;18;336;10;0;31;99;3.60;3;1;1;79;0;3603199;725;0
147;18;336;10;0;35;99;3.60;3;1;1;81;0;3603599;383;0
147;18;336;10;0;35;99;3.60;2;1;1;67;0;3603599;1126;0
147;18;336;10;0;35;99;3.40;6;2;1;82;0;3603599;830;0
147;18;336;10;0;38;4;4.00;8;2;1;84;0;3603804;5988;0
147;18;336;10;0;38;6;3.60;6;2;1;73;0;3603806;192;0
147;18;336;10;0;38;16;4.40;5;2;1;78;0;3603816;1392;0
147;18;336;10;0;38;99;3.40;6;2;1;74;0;3603899;75;0
147;18;336;10;0;39;32;3.40;5;2;1;85;0;3603932;95;0
147;18;336;10;0;39;36;3.60;2;1;1;78;0;3603936;317;0
147;18;336;10;0;40;1;3.40;6;2;1;77;0;3604001;85;0
147;18;336;10;0;41;99;7.00;6;2;2;77;0;3604199;182;3603599
147;18;336;10;0;45;66;3.80;6;2;1;89;0;3604566;334;0
147;18;336;10;0;45;78;6.20;1;1;1;75;0;3604578;1659;0
147;18;336;10;0;47;12;3.60;3;1;1;77;0;3604712;1097;0
147;18;336;10;0;47;4;3.40;2;1;1;70;0;3604704;751;0
147;18;336;10;0;49;99;4.00;3;1;1;79;0;3604999;270;0
147;18;336;10;0;49;4;3.60;2;1;1;71;0;3604904;182;0
147;18;336;10;0;50;83;4.20;2;1;1;73;0;3605083;160;0
147;18;336;10;0;51;99;5.60;4;1;1;77;0;3605199;5196;0
147;18;336;10;0;51;99;4.00;2;1;1;74;0;3605199;95;0
147;18;336;10;0;52;0;14.80;3;1;4;77;0;3605200;182;0
147;18;336;10;0;53;84;3.60;6;2;1;76;0;3605384;802;0
147;18;336;10;0;53;99;3.40;2;1;1;77;0;3605399;180;3604704
147;18;336;10;0;55;64;3.40;2;1;1;78;0;3605564;149;3604704
147;18;336;10;0;57;2;4.20;2;1;1;74;0;3605702;122;3604704
147;18;336;10;0;58;99;3.80;3;1;1;78;0;3605899;629;0
147;18;336;10;1;1;99;3.60;1;1;1;76;0;3606199;1591;0
147;18;336;10;1;3;91;3.60;3;1;1;77;0;3606391;474;0
147;18;336;10;1;6;99;3.60;7;2;1;84;0;3606699;4179;0
147;18;336;10;1;8;86;4.00;6;2;1;77;0;3606886;1484;0
147;18;336;10;1;12;99;3.40;2;1;1;68;0;3607299;1576;0
147;18;336;10;1;12;99;4.20;6;2;1;82;0;3607299;394;0
147;18;336;10;1;13;99;3.40;5;2;1;86;0;3607399;3452;0
147;18;336;10;1;14;99;3.40;3;1;1;75;0;3607499;1091;0
147;18;336;10;1;14;99;4.00;8;2;1;79;0;3607499;3677;0
147;18;336;10;1;15;2;3.40;6;2;1;73;0;3607502;184;0
147;18;336;10;1;16;88;3.40;7;2;1;76;0;3607688;973;0
147;18;336;10;1;17;99;3.40;6;2;1;77;0;3607799;280;0
147;18;336;10;1;17;99;3.20;3;1;1;79;0;3607799;283;0
147;18;336;10;1;19;99;3.60;2;1;1;79;0;3607999;682;0
147;18;336;10;1;19;90;16.20;2;1;4;79;0;3607990;-1;0
147;18;336;10;1;21;86;3.20;2;1;1;76;0;3608186;122;0
147;18;336;10;1;22;99;3.40;3;1;1;82;0;3608299;485;0
147;18;336;10;1;22;99;15.80;2;1;4;77;0;3608299;97;0
147;18;336;10;1;23;77;16.60;2;1;4;78;0;3608377;4;3604704
147;18;336;10;1;32;99;4.20;3;1;1;84;0;3609299;985;0
147;18;336;10;1;35;15;3.60;7;2;1;79;0;3609515;1810;0
147;18;336;10;1;39;1;4.00;6;2;1;77;0;3609901;2086;0
147;18;336;10;1;40;99;4.60;7;2;1;76;0;3610099;567;0
147;18;336;10;1;46;21;3.40;3;1;1;78;0;3610621;1304;0
147;18;336;10;1;47;22;3.60;2;1;1;77;0;3610722;2268;0
147;18;336;10;1;48;99;4.00;5;2;1;79;0;3610899;3485;0
147;18;336;10;1;48;99;3.40;6;2;1;70;0;3610899;979;0
147;18;336;10;1;49;81;3.60;2;1;1;79;0;3610981;242;0
147;18;336;10;1;50;99;3.40;2;1;1;73;0;3611099;101;0
147;18;336;10;1;50;99;3.20;6;2;1;83;0;3611099;182;0
147;18;336;10;1;51;3;2.80;2;1;1;75;0;3611103;-1;0
147;18;336;10;1;53;99;3.60;3;1;1;84;0;3611399;762;0
147;18;336;10;1;54;67;3.20;5;2;1;81;0;3611467;549;0
147;18;336;10;1;54;70;3.00;6;2;1;79;0;3611470;357;0
147;18;336;10;1;57;99;4.20;6;2;1;80;0;3611799;315;0
147;18;336;10;1;57;99;3.80;4;1;1;93;0;3611799;6573;0
147;18;336;10;1;57;99;3.60;3;1;1;79;0;3611799;384;0
147;18;336;10;1;58;5;4.20;6;2;1;83;0;3611805;-1;0
147;18;336;10;1;59;14;4.00;2;1;1;84;0;3611914;797;0
147;18;336;10;1;59;91;4.40;5;2;1;80;0;3611991;509;0
147;18;336;10;2;1;0;4.60;2;1;1;77;0;3612100;168;0
147;18;336;10;2;2;87;3.60;6;2;1;77;0;3612287;463;0
147;18;336;10;2;5;19;3.40;4;1;1;85;0;3612519;705;0
147;18;336;10;2;7;53;8.00;3;1;6;77;0;3612753;937;0
147;18;336;10;2;10;99;3.20;3;1;1;75;0;3613099;308;0
147;18;336;10;2;13;99;3.60;2;1;1;90;0;3613399;1277;0
147;18;336;10;2;15;95;3.40;6;2;1;76;0;3613595;1291;0
147;18;336;10;2;17;27;3.20;3;1;1;77;0;3613727;612;0
147;18;336;10;2;17;99;4.20;4;1;1;81;0;3613799;1265;0
147;18;336;10;2;18;23;3.80;8;2;1;81;0;3613823;6305;0
147;18;336;10;2;18;99;3.80;3;1;1;81;0;3613899;157;0
147;18;336;10;2;18;99;3.60;2;1;1;85;0;3613899;485;0
147;18;336;10;2;19;99;4.00;4;1;1;85;0;3613999;181;0
147;18;336;10;2;21;99;4.40;3;1;1;74;0;3614199;283;0
147;18;336;10;2;21;99;3.80;2;1;1;76;0;3614199;284;0
147;18;336;10;2;23;99;3.40;2;1;1;79;0;3614399;182;0
147;18;336;10;2;24;1;3.60;3;1;1;74;0;3614401;180;0
147;18;336;10;2;24;14;3.40;7;2;1;79;0;3614414;4293;0
147;18;336;10;2;26;99;3.40;2;1;1;79;0;3614699;284;0
147;18;336;10;2;27;30;4.20;8;2;1;85;0;3614730;890;0
147;18;336;10;2;29;24;3.80;6;2;1;85;0;3614924;1312;0
147;18;336;10;2;31;0;3.40;7;2;1;80;0;3615100;670;0
147;18;336;10;2;32;17;3.60;3;1;1;86;0;3615217;798;0
147;18;336;10;2;33;99;3.20;3;1;1;85;0;3615399;166;0
147;18;336;10;2;34;99;3.40;4;1;1;90;0;3615499;1483;0
147;18;336;10;2;36;99;3.60;7;2;1;81;0;3615699;583;0
147;18;336;10;2;37;58;4.80;6;2;1;70;0;3615758;817;0
147;18;336;10;2;39;99;5.80;7;2;1;83;0;3615999;284;0
147;18;336;10;2;39;4;3.80;4;1;1;90;0;3615904;391;0
147;18;336;10;2;40;23;3.60;5;2;1;90;0;3616023;4012;0
147;18;336;10;2;41;99;3.20;6;2;1;70;0;3616199;416;0
147;18;336;10;2;41;99;4.00;2;1;1;77;0;3616199;1484;0
147;18;336;10;2;43;4;3.40;2;1;1;76;0;3616304;86;0
147;18;336;10;2;44;21;3.40;3;1;1;78;0;3616421;1008;0
147;18;336;10;2;45;25;3.40;3;1;1;76;0;3616525;88;0
147;18;336;10;2;46;99;3.80;3;1;1;76;0;3616699;157;0
147;18;336;10;2;46;99;3.60;6;2;1;73;0;3616699;483;0
147;18;336;10;2;50;22;3.80;3;1;1;70;0;3617022;305;0
147;18;336;10;2;50;80;3.80;6;2;1;76;0;3617080;363;0
147;18;336;10;2;52;18;3.20;3;1;1;72;0;3617218;176;0
147;18;336;10;2;54;99;3.80;6;2;1;75;0;3617499;401;0
147;18;336;10;2;55;36;3.40;3;1;1;93;0;3617536;302;0
147;18;336;10;2;54;56;15.40;2;1;4;75;0;3617456;1135;0
147;18;336;10;2;57;12;3.80;3;1;1;78;0;3617712;162;0
147;18;336;10;2;58;95;3.80;4;1;1;81;0;3617895;1975;0
147;18;336;10;2;59;99;3.60;6;2;1;79;0;3617999;481;0
147;18;336;10;2;59;99;3.80;2;1;1;87;0;3617999;469;0
147;18;336;10;2;59;99;4.40;3;1;1;78;0;3617999;269;0
147;18;336;10;3;1;0;3.60;7;2;1;81;0;3618100;2075;0
147;18;336;10;3;5;10;3.60;3;1;1;75;0;3618510;490;0
147;18;336;10;3;6;6;3.80;2;1;1;77;0;3618606;591;0
147;18;336;10;3;8;31;15.20;2;1;4;72;0;3618831;207;0
147;18;336;10;3;9;99;3.20;3;1;1;71;0;3618999;471;0
147;18;336;10;3;10;99;8.60;6;2;6;77;0;3619099;1083;0
147;18;336;10;3;10;36;3.20;3;1;1;78;0;3619036;20;0
147;18;336;10;3;11;99;3.80;6;2;1;77;0;3619199;59;0
147;18;336;10;3;11;99;3.20;4;1;1;89;0;3619199;1287;0
147;18;336;10;3;12;99;3.80;8;2;1;81;0;3619299;4551;0
147;18;336;10;3;12;99;3.40;2;1;1;76;0;3619299;392;0
147;18;336;10;3;13;68;3.60;3;1;1;82;0;3619368;317;0
147;18;336;10;3;17;21;3.60;3;1;1;79;0;3619721;337;0
147;18;336;10;3;18;21;3.60;6;2;1;80;0;3619821;604;0
147;18;336;10;3;18;49;4.00;2;1;1;78;0;3619849;533;0
147;18;336;10;3;19;99;4.60;5;2;1;88;0;3619999;3961;0
147;18;336;10;3;20;99;3.40;6;2;1;73;0;3620099;261;0
147;18;336;10;3;22;99;3.80;1;1;1;73;0;3620299;14082;0
147;18;336;10;3;21;2;4.40;7;2;1;18;0;3620102;1986;0
147;18;336;10;3;24;99;3.60;6;2;1;75;0;3620499;383;0
147;18;336;10;3;25;10;3.00;3;1;1;80;0;3620510;772;0
147;18;336;10;3;26;84;4.60;6;2;1;80;0;3620684;167;0
147;18;336;10;3;26;94;3.40;3;1;1;75;0;3620694;170;0
147;18;336;10;3;28;12;3.60;4;1;1;88;0;3620812;1600;0
147;18;336;10;3;29;10;3.40;2;1;1;83;0;3620910;1042;0
147;18;336;10;3;29;99;3.80;6;2;1;79;0;3620999;294;0
147;18;336;10;3;30;99;3.60;3;1;1;85;0;3621099;388;0
147;18;336;10;3;32;0;3.20;6;2;1;77;0;3621200;183;0
147;18;336;10;3;32;99;3.20;2;1;1;80;0;3621299;374;0
147;18;336;10;3;33;99;3.80;7;2;1;74;0;3621399;1209;0
147;18;336;10;3;34;99;3.80;6;2;1;85;0;3621499;284;0
147;18;336;10;3;35;3;3.40;5;2;1;80;0;3621503;1485;0
147;18;336;10;3;38;99;5.00;7;2;1;67;0;3621899;481;0
147;18;336;10;3;42;99;3.60;8;2;1;79;0;3622299;2983;0
147;18;336;10;3;43;12;3.80;3;1;1;77;0;3622312;1197;0
147;18;336;10;3;45;99;3.60;6;2;1;83;0;3622599;1083;0
147;18;336;10;3;44;47;1.00;7;2;1;1;1;3622447;521;0
147;18;336;10;3;47;4;3.00;3;1;1;81;0;3622704;374;0
147;18;336;10;3;51;0;3.60;2;1;1;80;0;3623100;1786;0
147;18;336;10;3;55;99;3.60;1;1;1;81;0;3623599;3281;0
147;18;336;10;3;59;2;3.60;3;1;1;67;0;3623902;1184;0
147;18;336;10;3;59;12;3.80;6;2;1;77;0;3623912;1297;0
147;18;336;10;4;0;99;3.20;3;1;1;65;0;3624099;177;0
147;18;336;10;4;1;99;6.60;6;2;1;81;0;3624199;269;0
147;18;336;10;4;3;99;3.80;3;1;1;91;0;3624399;282;0
147;18;336;10;4;4;23;3.20;2;1;1;79;0;3624423;1306;0
147;18;336;10;4;7;24;3.80;8;2;1;80;0;3624724;2408;0
147;18;336;10;4;8;99;3.40;3;1;1;74;0;3624899;484;0
147;18;336;10;4;11;99;4.00;6;2;1;86;0;3625199;970;0
147;18;336;10;4;13;99;4.00;2;1;1;83;0;3625399;961;0
147;18;336;10;4;13;99;3.60;3;1;1;77;0;3625399;483;0
147;18;336;10;4;15;99;3.60;3;1;1;77;0;3625599;183;0
147;18;336;10;4;17;13;3.40;1;1;1;79;0;3625713;2098;0
147;18;336;10;4;19;99;3.20;3;1;1;83;0;3625999;383;0
147;18;336;10;4;20;75;3.80;7;2;1;83;0;3626075;4149;0
147;18;336;10;4;24;99;3.80;3;1;1;80;0;3626499;486;0
147;18;336;10;4;24;99;3.80;7;2;1;77;0;3626499;407;0
147;18;336;10;4;25;76;3.60;5;2;1;76;0;3626576;5057;0
147;18;336;10;4;27;19;3.20;7;2;1;77;0;3626719;202;0
147;18;336;10;4;27;29;4.20;8;2;1;80;0;3626729;1987;0
147;18;336;10;4;29;99;3.20;6;2;1;76;0;3626999;1783;0
147;18;336;10;4;32;36;3.20;7;2;1;93;0;3627236;502;0
147;18;336;10;4;33;7;3.80;3;1;1;77;0;3627307;790;0
147;18;336;10;4;35;17;3.60;8;2;1;87;0;3627517;769;0
147;18;336;10;4;35;34;3.40;3;1;1;78;0;3627534;209;0
147;18;336;10;4;35;61;3.40;6;2;1;76;0;3627561;546;0
147;18;336;10;4;37;99;3.40;2;1;1;81;0;3627799;2382;0
147;18;336;10;4;39;8;3.40;6;2;1;78;0;3627908;330;0
147;18;336;10;4;41;99;3.20;6;2;1;76;0;3628199;275;0
147;18;336;10;4;44;99;3.60;3;1;1;78;0;3628499;949;0
147;18;336;10;4;46;99;3.40;8;2;1;75;0;3628699;1167;0
147;18;336;10;4;56;99;3.40;3;1;1;77;0;3629699;1183;0
147;18;336;10;4;58;4;6.00;6;2;1;89;0;3629804;1589;0
147;18;336;10;5;2;99;3.40;3;1;1;77;0;3630299;584;0
147;18;336;10;5;2;99;4.40;2;1;1;81;0;3630299;2484;0
147;18;336;10;5;4;99;3.40;5;2;1;94;0;3630499;3905;0
147;18;336;10;5;4;99;3.20;3;1;1;79;0;3630499;184;0
147;18;336;10;5;5;26;3.60;1;1;1;81;0;3630526;4797;0
147;18;336;10;5;6;84;3.80;8;2;1;76;0;3630684;1968;0
147;18;336;10;5;7;6;3.80;6;2;1;78;0;3630706;877;0
147;18;336;10;5;12;99;4.00;3;1;1;79;0;3631299;785;0
147;18;336;10;5;13;45;3.80;5;2;1;80;0;3631345;832;0
147;18;336;10;5;14;99;3.60;6;2;1;75;0;3631499;775;0
147;18;336;10;5;15;21;3.80;7;2;1;85;0;3631521;4272;0
147;18;336;10;5;18;0;3.20;6;2;1;80;0;3631800;283;0
147;18;336;10;5;18;99;13.20;4;1;4;79;0;3631899;11072;0
147;18;336;10;5;23;8;3.20;4;1;1;82;0;3632308;348;0
147;18;336;10;5;23;99;3.60;3;1;1;80;0;3632399;1081;0
147;18;336;10;5;24;81;3.20;6;2;1;84;0;3632481;666;0
147;18;336;10;5;28;99;3.60;4;1;1;80;0;3632899;576;0
147;18;336;10;5;29;12;3.80;6;2;1;85;0;3632912;417;0
147;18;336;10;5;29;47;3.60;3;1;1;79;0;3632947;531;0
147;18;336;10;5;30;99;4.00;4;1;1;80;0;3633099;183;0
147;18;336;10;5;32;98;3.80;2;1;1;84;0;3633298;2979;0
147;18;336;10;5;33;99;11.40;3;1;2;73;0;3633399;435;0
147;18;336;10;5;36;99;3.40;3;1;1;86;0;3633699;243;0
147;18;336;10;5;37;99;3.60;3;1;1;88;0;3633799;85;0
147;18;336;10;5;37;99;5.80;7;2;1;77;0;3633799;2261;0
147;18;336;10;5;38;99;3.60;2;1;1;79;0;3633899;584;0
147;18;336;10;5;40;99;3.60;1;1;1;72;0;3634099;3557;0
147;18;336;10;5;40;99;3.20;5;2;1;77;0;3634099;2736;0
147;18;336;10;5;42;24;3.60;3;1;1;81;0;3634224;410;0
147;18;336;10;5;43;19;3.60;2;1;1;85;0;3634319;403;0
147;18;336;10;5;44;17;3.80;5;2;1;84;0;3634417;303;0
147;18;336;10;5;44;23;3.20;3;1;1;79;0;3634423;183;0
147;18;336;10;5;44;32;3.20;6;2;1;74;0;3634432;1503;0
147;18;336;10;5;47;27;15.40;3;1;4;82;0;3634727;289;0
147;18;336;10;5;48;99;3.20;6;2;1;85;0;3634899;451;0
147;18;336;10;5;48;99;3.80;3;1;1;75;0;3634899;104;0
147;18;336;10;5;51;99;3.40;6;2;1;81;0;3635199;286;0
147;18;336;10;5;52;17;3.40;1;1;1;82;0;3635217;1100;0
147;18;336;10;5;51;40;18.00;3;1;4;76;0;3635140;222;0
147;18;336;10;5;52;75;3.00;7;2;1;81;0;3635275;1448;0
147;18;336;10;5;54;0;3.20;1;1;1;76;0;3635400;168;0
147;18;336;10;5;55;99;3.40;6;2;1;74;0;3635599;384;0
147;18;336;10;5;57;97;3.40;2;1;1;89;0;3635797;1462;0
147;18;336;10;5;59;5;3.00;3;1;1;79;0;3635905;679;0
147;18;336;10;5;59;10;4.00;4;1;1;95;0;3635910;2793;0
147;18;336;10;5;59;32;4.00;5;2;1;102;0;3635932;1498;0
147;18;336;10;6;0;99;3.60;2;1;1;81;0;3636099;288;0
147;18;336;10;6;1;99;4.00;8;2;1;73;0;3636199;5497;0
147;18;336;10;6;6;99;3.80;3;1;1;79;0;3636699;780;0
147;18;336;10;6;7;77;3.20;6;2;1;77;0;3636777;1161;0
147;18;336;10;6;14;99;3.40;6;2;1;68;0;3637499;707;0
147;18;336;10;6;15;60;3.60;6;2;1;68;0;3637560;43;0
147;18;336;10;6;15;90;3.60;7;2;1;81;0;3637590;2301;0
147;18;336;10;6;17;23;3.60;6;2;1;73;0;3637723;143;0
147;18;336;10;6;18;95;4.00;2;1;1;76;0;3637895;1780;0
147;18;336;10;6;18;99;3.60;5;2;1;83;0;3637899;1952;0
147;18;336;10;6;19;99;3.80;3;1;1;75;0;3637999;1282;0
147;18;336;10;6;21;99;3.40;2;1;1;77;0;3638199;285;0
147;18;336;10;6;25;5;5.00;6;2;1;91;0;3638505;764;0
147;18;336;10;6;24;99;3.20;2;1;1;77;0;3638499;284;0
147;18;336;10;6;26;99;3.60;5;2;1;80;0;3638699;784;0
147;18;336;10;6;26;99;4.00;8;2;1;78;0;3638699;2480;0
147;18;336;10;6;26;99;3.40;2;1;1;74;0;3638699;185;0
147;18;336;10;6;26;99;3.20;6;2;1;73;0;3638699;174;0
147;18;336;10;6;28;21;3.80;4;1;1;84;0;3638821;2895;0
147;18;336;10;6;29;19;3.00;7;2;1;80;0;3638919;1313;0
147;18;336;10;6;32;99;4.00;3;1;1;78;0;3639299;1281;0
147;18;336;10;6;33;1;3.80;7;2;1;86;0;3639301;368;0
147;18;336;10;6;33;99;3.60;4;1;1;89;0;3639399;561;0
147;18;336;10;6;36;99;3.60;6;2;1;83;0;3639699;984;0
147;18;336;10;6;36;99;4.00;3;1;1;82;0;3639699;381;0
147;18;336;10;6;38;29;3.60;6;2;1;87;0;3639829;114;0
147;18;336;10;6;40;33;5.00;2;1;1;78;0;3640033;1317;0
147;18;336;10;6;42;11;3.80;6;2;1;82;0;3640211;367;0
147;18;336;10;6;42;99;3.40;6;2;1;78;0;3640299;71;0
147;18;336;10;6;42;99;7.00;7;2;1;83;0;3640299;982;0
147;18;336;10;6;47;99;3.60;3;1;1;82;0;3640799;1082;0
147;18;336;10;6;48;62;4.40;7;2;1;85;0;3640862;532;0
147;18;336;10;6;53;60;3.40;6;2;1;78;0;3641360;1045;0
147;18;336;10;6;55;99;3.60;7;2;1;72;0;3641599;718;0
147;18;336;10;6;55;99;6.40;3;1;1;87;0;3641599;784;0
147;18;336;10;6;59;5;3.20;3;1;1;81;0;3641905;279;0
147;18;336;10;7;1;22;4.60;3;1;1;74;0;3642122;202;0
147;18;336;10;7;1;36;3.40;2;1;1;79;0;3642136;2079;0
147;18;336;10;7;2;2;3.80;4;1;1;82;0;3642202;2788;0
147;18;336;10;7;2;99;3.80;8;2;1;83;0;3642299;3581;0
147;18;336;10;7;10;99;4.00;3;1;1;81;0;3643099;954;0
147;18;336;10;7;11;67;3.80;7;2;1;80;0;3643167;1550;0
147;18;336;10;7;14;48;5.80;3;1;1;82;0;3643448;331;0
147;18;336;10;7;14;89;3.00;6;2;1;81;0;3643489;2113;0
147;18;336;10;7;21;7;3.80;4;1;1;81;0;3644107;1888;0
147;18;336;10;7;21;46;3.20;3;1;1;74;0;3644146;672;0
147;18;336;10;7;24;19;3.40;2;1;1;98;0;3644419;2267;0
147;18;336;10;7;25;12;3.40;4;1;1;81;0;3644512;388;0
147;18;336;10;7;28;99;3.40;3;1;1;77;0;3644899;737;0
147;18;336;10;7;28;99;3.60;5;2;1;76;0;3644899;6183;0
147;18;336;10;7;29;20;4.00;8;2;1;86;0;3644920;2604;0
147;18;336;10;7;30;99;4.00;8;2;1;89;0;3645099;162;0
147;18;336;10;7;34;4;3.80;2;1;1;80;0;3645404;972;0
147;18;336;10;7;35;0;3.60;6;2;1;79;0;3645500;1997;0
147;18;336;10;7;34;76;3.80;3;1;1;71;0;3645476;561;0
147;18;336;10;7;35;99;4.00;8;2;1;80;0;3645599;483;0
147;18;336;10;7;35;99;3.60;4;1;1;82;0;3645599;1071;0
147;18;336;10;7;37;67;3.60;3;1;1;81;0;3645767;271;0
147;18;336;10;7;37;99;3.20;6;2;1;87;0;3645799;282;0
147;18;336;10;7;39;13;3.80;3;1;1;82;0;3645913;130;0
147;18;336;10;7;40;13;3.40;5;2;1;81;0;3646013;1096;0
147;18;336;10;7;40;20;3.60;1;1;1;81;0;3646020;10604;0
147;18;336;10;7;40;86;3.60;2;1;1;72;0;3646086;664;0
147;18;336;10;7;41;99;3.00;2;1;1;77;0;3646199;95;0
147;18;336;10;7;41;99;4.20;6;2;1;77;0;3646199;386;0
147;18;336;10;7;43;99;3.60;6;2;1;84;0;3646399;180;0
147;18;336;10;7;43;99;3.40;2;1;1;82;0;3646399;185;0
147;18;336;10;7;44;24;3.60;5;2;1;89;0;3646424;395;0
147;18;336;10;7;44;16;3.80;4;1;1;81;0;3646416;801;0
147;18;336;10;7;47;85;3.40;6;2;1;86;0;3646785;370;0
147;18;336;10;7;48;99;3.80;3;1;1;70;0;3646899;969;0
147;18;336;10;7;49;32;3.80;2;1;1;78;0;3646932;518;0
147;18;336;10;7;50;70;3.60;8;2;1;79;0;3647070;1453;0
147;18;336;10;7;51;7;3.60;7;2;1;86;0;3647107;3922;0
147;18;336;10;7;51;99;3.80;3;1;1;70;0;3647199;280;0
147;18;336;10;7;51;99;3.40;4;1;1;79;0;3647199;766;0
147;18;336;10;7;53;10;3.20;6;2;1;80;0;3647310;510;0
147;18;336;10;7;53;99;3.80;3;1;1;72;0;3647399;180;0
147;18;336;10;7;56;5;3.60;7;2;1;80;0;3647605;482;0
147;18;336;10;7;57;24;3.40;6;2;1;73;0;3647724;399;0
147;18;336;10;7;58;11;3.40;7;2;1;74;0;3647811;189;0
147;18;336;10;7;59;1;3.00;6;2;1;77;0;3647901;160;0
147;18;336;10;7;59;99;3.80;7;2;1;74;0;3647999;171;0
147;18;336;10;8;2;13;3.40;6;2;1;81;0;3648213;297;0
147;18;336;10;8;5;98;3.80;2;1;1;78;0;3648598;1648;0
147;18;336;10;8;9;1;3.40;6;2;1;79;0;3648901;672;0
147;18;336;10;8;9;21;3.60;8;2;1;80;0;3648921;1834;0
147;18;336;10;8;10;83;3.60;6;2;1;73;0;3649083;166;0
147;18;336;10;8;11;29;4.00;5;2;1;87;0;3649129;2690;0
147;18;336;10;8;10;92;12.40;2;1;3;79;0;3649092;476;0
147;18;336;10;8;11;99;3.40;6;2;1;77;0;3649199;98;0
147;18;336;10;8;12;9;3.60;6;2;1;74;0;3649209;-1;0
147;18;336;10;8;15;0;5.00;8;2;1;87;0;3649500;562;0
147;18;336;10;8;15;13;3.80;2;1;1;82;0;3649513;364;0
147;18;336;10;8;15;56;4.00;3;1;1;78;0;3649556;2138;0
147;18;336;10;8;15;80;20.40;7;2;5;67;0;3649580;1562;0
147;18;336;10;8;18;20;3.20;3;1;1;81;0;3649820;245;0
147;18;336;10;8;18;82;3.20;6;2;1;84;0;3649882;655;0
147;18;336;10;8;20;63;3.20;6;2;1;78;0;3650063;167;0
147;18;336;10;8;21;99;3.00;3;1;1;79;0;3650199;364;0
147;18;336;10;8;18;92;4.20;7;2;1;13;0;3649892;202;0
147;18;336;10;8;22;99;3.40;1;1;1;80;0;3650299;4263;0
147;18;336;10;8;23;3;3.60;6;2;1;79;0;3650303;225;0
147;18;336;10;8;23;74;3.20;2;1;1;89;0;3650374;844;0
147;18;336;10;8;24;9;3.40;6;2;1;81;0;3650409;89;0
147;18;336;10;8;25;1;3.60;3;1;1;75;0;3650501;288;0
147;18;336;10;8;26;92;3.60;6;2;1;79;0;3650692;267;0
147;18;336;10;8;29;99;3.20;1;1;1;77;0;3650999;684;0
147;18;336;10;8;29;99;3.40;6;2;1;78;0;3650999;290;0
147;18;336;10;8;26;56;4.20;7;2;1;11;0;3650656;647;0
147;18;336;10;8;32;30;2.80;6;2;1;87;0;3651230;215;0
147;18;336;10;8;32;99;3.60;2;1;1;75;0;3651299;912;0
147;18;336;10;8;31;97;4.00;7;2;1;20;0;3651197;403;0
147;18;336;10;8;35;23;3.40;2;1;1;76;0;3651523;206;0
147;18;336;10;8;40;13;3.40;2;1;1;79;0;3652013;473;0
147;18;336;10;8;41;93;3.60;3;1;1;77;0;3652193;1674;0
147;18;336;10;8;42;10;3.60;1;1;1;82;0;3652210;1196;0
147;18;336;10;8;43;60;3.60;2;1;1;73;0;3652360;331;0
147;18;336;10;8;46;99;6.00;6;2;1;81;0;3652699;1457;0
147;18;336;10;8;47;99;3.20;6;2;1;80;0;3652799;73;0
147;18;336;10;8;48;38;3.20;2;1;1;78;0;3652838;460;0
147;18;336;10;8;49;99;3.60;3;1;1;76;0;3652999;789;0
147;18;336;10;8;50;15;3.80;6;2;1;84;0;3653015;201;0
147;18;336;10;8;49;12;25.00;7;2;5;74;0;3652912;1643;0
147;18;336;10;8;50;99;3.20;2;1;1;77;0;3653099;246;0
147;18;336;10;8;51;29;3.80;1;1;1;78;0;3653129;903;0
147;18;336;10;8;52;17;3.80;3;1;1;82;0;3653217;200;0
147;18;336;10;8;55;26;3.80;6;2;1;81;0;3653526;494;0
147;18;336;10;8;55;99;3.40;3;1;1;78;0;3653599;365;0
147;18;336;10;8;56;46;3.80;3;1;1;76;0;3653646;31;0
147;18;336;10;8;56;68;3.60;2;1;1;80;0;3653668;554;0
147;18;336;10;8;56;84;3.80;6;2;1;83;0;3653684;141;0
147;18;336;10;8;59;60;3.40;3;1;1;77;0;3653960;296;0
147;18;336;10;9;0;99;3.80;3;1;1;76;0;3654099;123;0
147;18;336;10;9;2;99;3.80;5;2;1;79;0;3654299;5153;0
147;18;336;10;9;3;99;3.80;6;2;1;79;0;3654399;698;0
147;18;336;10;9;3;7;4.20;3;1;1;81;0;3654307;190;0
147;18;336;10;9;4;2;3.60;7;2;1;83;0;3654402;1368;0
147;18;336;10;9;5;99;3.60;6;2;1;88;0;3654599;182;0
147;18;336;10;9;7;99;4.60;7;2;1;80;0;3654799;381;0
147;18;336;10;9;11;24;3.60;3;1;1;79;0;3655124;798;0
147;18;336;10;9;14;47;3.20;3;1;1;77;0;3655447;306;0
147;18;336;10;9;18;2;3.80;3;1;1;80;0;3655802;340;0
147;18;336;10;9;22;16;3.60;6;2;1;77;0;3656216;1602;0
147;18;336;10;9;24;99;4.20;8;2;1;75;0;3656499;6978;0
147;18;336;10;9;24;33;3.40;2;1;1;74;0;3656433;2748;0
147;18;336;10;9;27;64;5.60;2;1;1;75;0;3656764;314;0
147;18;336;10;9;29;4;3.40;2;1;1;74;0;3656904;113;0
147;18;336;10;9;30;99;3.80;6;2;1;81;0;3657099;866;0
147;18;336;10;9;35;99;3.00;6;2;1;75;0;3657599;483;0
147;18;336;10;9;36;99;4.60;6;2;1;75;0;3657699;85;0
147;18;336;10;9;38;99;3.60;2;1;1;72;0;3657899;978;0
147;18;336;10;9;38;99;3.40;6;2;1;78;0;3657899;177;0
147;18;336;10;9;41;21;3.40;6;2;1;77;0;3658121;206;0
147;18;336;10;9;44;99;3.20;6;2;1;74;0;3658499;362;0
147;18;336;10;9;44;99;3.40;2;1;1;76;0;3658499;582;0
147;18;336;10;9;45;99;3.40;3;1;1;79;0;3658599;2779;0
147;18;336;10;9;46;99;3.20;5;2;1;84;0;3658699;4382;0
147;18;336;10;9;47;1;3.40;7;2;1;81;0;3658701;3881;0
147;18;336;10;9;47;6;3.60;5;2;1;82;0;3658706;-1;0
147;18;336;10;9;48;22;3.20;6;2;1;76;0;3658822;307;0
147;18;336;10;9;48;99;3.40;3;1;1;85;0;3658899;284;0
147;18;336;10;9;52;25;3.60;2;1;1;80;0;3659225;709;0
147;18;336;10;9;52;19;3.60;6;2;1;71;0;3659219;381;0
147;18;336;10;9;53;33;3.80;1;1;1;92;0;3659333;6186;0
147;18;336;10;9;53;99;2.80;2;1;1;69;0;3659399;157;0
147;18;336;10;9;54;1;3.40;8;2;1;78;0;3659401;2881;0
147;18;336;10;9;55;13;3.00;4;1;1;80;0;3659513;12298;0
147;18;336;10;9;55;16;5.80;3;1;1;71;0;3659516;602;0
147;18;336;10;9;56;99;3.20;2;1;1;77;0;3659699;285;0
147;18;336;10;9;56;99;4.00;4;1;1;80;0;3659699;172;0
147;18;336;10;9;56;99;3.60;3;1;1;73;0;3659699;153;0
147;18;336;10;9;57;2;3.60;7;2;1;79;0;3659702;985;0
147;18;336;10;9;57;16;3.60;6;2;1;79;0;3659716;478;0
147;18;336;10;9;57;99;3.80;2;1;1;73;0;3659799;85;0
147;18;336;10;9;58;12;5.80;2;1;1;76;0;3659812;-1;0
147;18;336;10;9;59;5;3.80;3;1;1;75;0;3659905;188;0
147;18;336;10;10;0;16;3.60;7;2;1;84;0;3660016;297;0
147;18;336;10;10;1;99;3.80;6;2;1;82;0;3660199;466;0
147;18;336;10;10;2;99;3.40;3;1;1;77;0;3660299;375;0
147;18;336;10;10;3;63;3.60;6;2;1;78;0;3660363;147;0
147;18;336;10;10;4;0;3.60;2;1;1;86;0;3660400;560;0
147;18;336;10;10;5;24;3.40;2;1;1;84;0;3660524;108;0
147;18;336;10;10;6;99;3.60;8;2;1;79;0;3660699;1282;0
147;18;336;10;10;6;99;3.80;3;1;1;78;0;3660699;384;0
147;18;336;10;10;9;22;3.80;6;2;1;78;0;3660922;542;0
147;18;336;10;10;10;54;3.20;2;1;1;69;0;3661054;515;0
147;18;336;10;10;11;12;3.80;6;2;1;82;0;3661112;172;0
147;18;336;10;10;12;99;3.60;6;2;1;84;0;3661299;170;0
147;18;336;10;10;13;11;3.80;4;1;1;88;0;3661311;1594;0
147;18;336;10;10;13;99;3.60;8;2;1;86;0;3661399;683;0
147;18;336;10;10;14;99;4.80;3;1;1;83;0;3661499;782;0
147;18;336;10;10;16;99;3.40;2;1;1;80;0;3661699;628;0
147;18;336;10;10;17;23;3.40;3;1;1;76;0;3661723;203;0
147;18;336;10;10;17;99;3.00;6;2;1;83;0;3661799;484;0
147;18;336;10;10;18;8;8.40;7;2;6;71;0;3661808;1776;0
147;18;336;10;10;19;99;3.80;6;2;1;85;0;3661999;186;0
147;18;336;10;10;22;21;3.80;1;1;1;77;0;3662221;2873;0
147;18;336;10;10;23;63;3.40;6;2;1;81;0;3662363;347;0
147;18;336;10;10;24;99;3.40;7;2;1;79;0;3662499;648;0
147;18;336;10;10;27;99;4.00;4;1;1;82;0;3662799;1472;0
147;18;336;10;10;28;21;3.40;3;1;1;76;0;3662821;1081;0
147;18;336;10;10;29;99;3.80;8;2;1;67;0;3662999;1584;0
147;18;336;10;10;30;9;4.00;8;2;1;72;0;3663009;-1;0
147;18;336;10;10;31;99;4.00;3;1;1;81;0;3663199;361;0
147;18;336;10;10;33;99;5.40;5;2;1;102;0;3663399;4677;0
147;18;336;10;10;33;30;4.00;3;1;1;81;0;3663330;113;0
147;18;336;10;10;33;35;3.60;7;2;1;83;0;3663335;820;0
147;18;336;10;10;36;0;3.40;2;1;1;80;0;3663600;1885;0
147;18;336;10;10;35;4;3.80;4;1;1;84;0;3663504;687;0
147;18;336;10;10;36;99;3.60;7;2;1;78;0;3663699;348;0
147;18;336;10;10;38;15;3.80;6;2;1;86;0;3663815;1436;0
147;18;336;10;10;40;99;3.20;8;2;1;72;0;3664099;1070;0
147;18;336;10;10;40;99;6.40;6;2;1;82;0;3664099;268;0
147;18;336;10;10;42;7;3.40;2;1;1;77;0;3664207;591;0
147;18;336;10;10;42;99;4.00;8;2;1;69;0;3664299;184;0
147;18;336;10;10;45;99;3.80;3;1;1;80;0;3664599;1251;0
147;18;336;10;10;45;99;3.60;2;1;1;76;0;3664599;376;0
147;18;336;10;10;46;61;4.20;4;1;1;93;0;3664661;1140;0
147;18;336;10;10;47;99;3.40;7;2;1;82;0;3664799;1083;0
147;18;336;10;10;48;23;3.60;6;2;1;81;0;3664823;695;0
147;18;336;10;10;52;21;3.40;6;2;1;80;0;3665221;382;0
147;18;336;10;10;52;99;3.40;3;1;1;75;0;3665299;682;0
147;18;336;10;10;53;99;3.40;2;1;1;77;0;3665399;782;0
147;18;336;10;10;54;76;4.00;2;1;1;74;0;3665476;61;0
147;18;336;10;10;55;99;3.80;6;2;1;83;0;3665599;362;0
147;18;336;10;10;57;16;3.60;4;1;1;70;0;3665716;1038;0
147;18;336;10;10;58;11;3.60;3;1;1;80;0;3665811;495;0
147;18;336;10;11;0;99;3.60;4;1;1;80;0;3666099;364;0
147;18;336;10;11;2;99;3.40;2;1;1;85;0;3666299;803;0
147;18;336;10;11;2;99;4.00;7;2;1;82;0;3666299;1485;0
147;18;336;10;11;2;99;3.20;4;1;1;76;0;3666299;183;0
147;18;336;10;11;3;5;3.60;3;1;1;71;0;3666305;477;0
147;18;336;10;11;3;99;3.00;6;2;1;83;0;3666399;783;0
147;18;336;10;11;4;51;3.60;2;1;1;73;0;3666451;137;0
147;18;336;10;11;5;5;3.20;7;2;1;77;0;3666505;188;0
147;18;336;10;11;5;99;3.60;2;1;1;73;0;3666599;130;0
147;18;336;10;11;7;99;3.60;6;2;1;89;0;3666799;386;0
147;18;336;10;11;8;1;2.80;2;1;1;74;0;3666801;184;0
147;18;336;10;11;8;99;3.40;3;1;1;76;0;3666899;575;0
147;18;336;10;11;13;99;4.20;3;1;1;75;0;3667399;483;0
147;18;336;10;11;14;37;3.20;3;1;1;74;0;3667437;17;0
147;18;336;10;11;15;99;3.00;2;1;1;76;0;3667599;784;0
147;18;336;10;11;16;99;3.20;3;1;1;78;0;3667699;246;0
147;18;336;10;11;17;99;3.40;6;2;1;76;0;3667799;985;0
147;18;336;10;11;18;99;4.40;2;1;1;83;0;3667899;285;0
147;18;336;10;11;19;99;3.60;3;1;1;80;0;3667999;285;0
147;18;336;10;11;19;46;4.00;1;1;1;85;0;3667946;5707;0
147;18;336;10;11;20;20;3.40;6;2;1;73;0;3668020;204;0
147;18;336;10;11;20;99;5.40;7;2;1;75;0;3668099;1579;0
147;18;336;10;11;20;99;3.40;6;2;1;75;0;3668099;62;0
147;18;336;10;11;21;99;3.60;2;1;1;78;0;3668199;280;0
147;18;336;10;11;23;99;3.40;6;2;1;76;0;3668399;283;0
147;18;336;10;11;26;99;9.60;3;1;6;81;0;3668699;683;0
147;18;336;10;11;30;68;3.40;3;1;1;80;0;3669068;326;0
147;18;336;10;11;31;99;3.60;2;1;1;79;0;3669199;983;0
147;18;336;10;11;32;17;3.20;6;2;1;81;0;3669217;801;0
147;18;336;10;11;33;9;3.40;1;1;1;80;0;3669309;1346;0
147;18;336;10;11;34;99;3.60;6;2;1;80;0;3669499;267;0
147;18;336;10;11;35;99;3.80;3;1;1;81;0;3669599;515;0
147;18;336;10;11;36;99;3.80;6;2;1;85;0;3669699;183;0
147;18;336;10;11;38;99;3.00;6;2;1;78;0;3669899;183;0
147;18;336;10;11;43;99;3.60;6;2;1;82;0;3670399;486;0
147;18;336;10;11;44;99;4.00;3;1;1;86;0;3670499;883;0
147;18;336;10;11;49;99;3.40;6;2;1;79;0;3670999;584;0
147;18;336;10;11;51;99;3.40;3;1;1;70;0;3671199;683;0
147;18;336;10;11;51;99;5.40;6;2;1;77;0;3671199;184;0
147;18;336;10;11;54;99;3.60;6;2;1;80;0;3671499;274;0
147;18;336;10;11;56;96;3.80;3;1;1;78;0;3671696;479;0
147;18;336;10;11;57;12;3.80;4;1;1;88;0;3671712;5397;0
147;18;336;10;11;58;99;3.60;6;2;1;83;0;3671899;383;0
147;18;336;10;12;0;99;3.80;2;1;1;86;0;3672099;2883;0
147;18;336;10;12;0;28;4.20;7;2;1;81;0;3672028;3903;0
147;18;336;10;12;2;99;3.00;6;2;1;78;0;3672299;384;0
147;18;336;10;12;4;99;3.20;6;2;1;83;0;3672499;186;0
147;18;336;10;12;4;99;3.80;3;1;1;80;0;3672499;785;0
147;18;336;10;12;6;90;4.60;3;1;1;82;0;3672690;173;0
147;18;336;10;12;8;20;3.20;2;1;1;80;0;3672820;705;0
147;18;336;10;12;8;29;6.80;3;1;1;82;0;3672829;118;0
147;18;336;10;12;9;99;3.80;3;1;1;78;0;3672999;140;0
147;18;336;10;12;11;82;3.80;2;1;1;77;0;3673182;347;0
147;18;336;10;12;11;98;5.20;6;2;1;84;0;3673198;685;0
147;18;336;10;12;13;2;4.00;3;1;1;76;0;3673302;285;0
147;18;336;10;12;13;63;3.60;2;1;1;78;0;3673363;163;0
147;18;336;10;12;14;7;3.60;6;2;1;78;0;3673407;186;0
147;18;336;10;12;15;99;4.20;7;2;1;83;0;3673599;1552;0
147;18;336;10;12;15;0;3.00;6;2;1;76;0;3673500;76;0
147;18;336;10;12;16;73;4.00;2;1;1;88;0;3673673;293;0
147;18;336;10;12;18;20;3.80;5;2;1;89;0;3673820;10401;0
147;18;336;10;12;18;24;3.60;6;2;1;80;0;3673824;309;0
147;18;336;10;12;19;99;3.00;3;1;1;78;0;3673999;678;0
147;18;336;10;12;20;99;3.60;4;1;1;80;0;3674099;2371;0
147;18;336;10;12;21;91;3.20;3;1;1;75;0;3674191;178;0
147;18;336;10;12;23;20;3.80;7;2;1;78;0;3674320;702;0
147;18;336;10;12;23;35;3.60;4;1;1;80;0;3674335;219;0
147;18;336;10;12;25;99;3.60;3;1;1;78;0;3674599;392;0
147;18;336;10;12;26;42;3.80;6;2;1;77;0;3674642;801;0
147;18;336;10;12;29;83;3.40;3;1;1;82;0;3674983;367;0
147;18;336;10;12;38;11;3.40;1;1;1;83;0;3675811;6486;0
147;18;336;10;12;38;99;3.60;7;2;1;89;0;3675899;1561;0
147;18;336;10;12;39;97;3.20;1;1;1;84;0;3675997;171;0
147;18;336;10;12;41;8;3.60;5;2;1;89;0;3676108;2272;0
147;18;336;10;12;41;14;3.20;6;2;1;85;0;3676114;1454;0
147;18;336;10;12;43;99;3.60;3;1;1;75;0;3676399;1401;0
147;18;336;10;12;48;99;3.40;8;2;1;106;0;3676899;12579;0
147;18;336;10;12;49;58;3.40;6;2;1;84;0;3676958;830;0
147;18;336;10;12;51;31;3.20;3;1;1;75;0;3677131;714;0
147;18;336;10;12;52;62;4.60;6;2;1;81;0;3677262;289;0
147;18;336;10;12;52;99;3.80;3;1;1;71;0;3677299;152;0
147;18;336;10;12;53;99;3.60;2;1;1;76;0;3677399;3709;0
147;18;336;10;12;54;18;3.40;5;2;1;78;0;3677418;1295;0
147;18;336;10;12;54;23;3.40;2;1;1;80;0;3677423;6;0
147;18;336;10;12;54;34;3.60;6;2;1;77;0;3677434;151;0
147;18;336;10;12;54;43;3.60;3;1;1;75;0;3677443;124;0
147;18;336;10;12;58;99;3.60;6;2;1;82;0;3677899;448;0
147;18;336;10;12;58;99;3.40;7;2;1;78;0;3677899;1985;0
147;18;336;10;13;1;99;3.80;3;1;1;78;0;3678199;738;0
147;18;336;10;13;5;88;3.80;3;1;1;80;0;3678588;371;0
147;18;336;10;13;6;99;3.00;2;1;1;72;0;3678699;1260;0
147;18;336;10;13;8;99;3.40;6;2;1;82;0;3678899;984;0
147;18;336;10;13;12;84;3.80;6;2;1;76;0;3679284;370;0
147;18;336;10;13;15;99;3.20;6;2;1;81;0;3679599;297;0
147;18;336;10;13;17;26;3.40;2;1;1;85;0;3679726;1012;0
147;18;336;10;13;17;11;3.40;3;1;1;82;0;3679711;1105;0
147;18;336;10;13;17;40;4.00;6;2;1;84;0;3679740;126;0
147;18;336;10;13;19;18;3.40;6;2;1;80;0;3679918;160;0
147;18;336;10;13;23;94;3.80;3;1;1;81;0;3680394;668;0
147;18;336;10;13;23;99;3.60;6;2;1;78;0;3680399;465;0
147;18;336;10;13;27;99;3.60;3;1;1;75;0;3680799;388;0
147;18;336;10;13;30;5;3.20;3;1;1;74;0;3681005;188;0
147;18;336;10;13;32;99;3.80;3;1;1;78;0;3681299;278;0
147;18;336;10;13;32;99;4.00;4;1;1;85;0;3681299;6947;0
147;18;336;10;13;33;11;3.80;6;2;1;79;0;3681311;895;0
147;18;336;10;13;34;99;4.00;3;1;1;79;0;3681499;182;0
147;18;336;10;13;34;99;3.40;4;1;1;83;0;3681499;183;0
147;18;336;10;13;35;7;4.40;6;2;1;78;0;3681507;178;0
147;18;336;10;13;35;26;3.20;5;2;1;83;0;3681526;4092;0
147;18;336;10;13;36;13;3.40;6;2;1;80;0;3681613;85;0
147;18;336;10;13;36;99;3.60;2;1;1;76;0;3681699;1958;0
147;18;336;10;13;37;22;3.40;3;1;1;81;0;3681722;204;0
147;18;336;10;13;38;99;3.40;1;1;1;78;0;3681899;5888;0
147;18;336;10;13;38;99;3.80;3;1;1;80;0;3681899;161;0
147;18;336;10;13;40;30;5.20;6;2;1;96;0;3682030;401;0
147;18;336;10;13;41;99;3.40;2;1;1;85;0;3682199;482;0
147;18;336;10;13;41;99;5.80;7;2;1;79;0;3682199;4284;0
147;18;336;10;13;42;1;3.40;1;1;1;71;0;3682201;286;0
147;18;336;10;13;42;99;3.20;1;1;1;76;0;3682299;80;0
147;18;336;10;13;45;14;4.00;6;2;1;80;0;3682514;464;0
147;18;336;10;13;45;46;4.40;3;1;1;76;0;3682546;629;0
147;18;336;10;13;46;99;6.60;4;1;1;85;0;3682699;1185;0
147;18;336;10;13;47;3;3.80;6;2;1;82;0;3682703;171;0
147;18;336;10;13;47;2;3.80;5;2;1;92;0;3682702;1162;0
147;18;336;10;13;47;8;3.60;7;2;1;86;0;3682708;482;0
147;18;336;10;13;48;91;3.60;3;1;1;77;0;3682891;324;0
147;18;336;10;13;50;99;3.60;3;1;1;76;0;3683099;191;0
147;18;336;10;13;50;17;3.80;8;2;1;91;0;3683017;6106;0
147;18;336;10;13;50;17;3.20;6;2;1;78;0;3683017;297;0
147;18;336;10;13;51;99;3.40;6;2;1;80;0;3683199;167;0
147;18;336;10;13;51;99;3.60;3;1;1;76;0;3683199;82;0
147;18;336;10;13;51;99;3.40;8;2;1;88;0;3683199;166;0
147;18;336;10;13;52;99;3.60;2;1;1;81;0;3683299;1085;0
147;18;336;10;13;56;12;3.60;6;2;1;81;0;3683612;397;0
147;18;336;10;13;57;99;3.00;3;1;1;71;0;3683799;582;0
147;18;336;10;13;58;8;3.40;4;1;1;78;0;3683808;1081;0
147;18;336;10;13;58;63;3.20;7;2;1;85;0;3683863;1139;0
147;18;336;10;13;59;99;3.40;6;2;1;87;0;3683999;371;0
147;18;336;10;14;0;8;3.40;3;1;1;79;0;3684008;193;0
147;18;336;10;14;1;12;3.60;6;2;1;86;0;3684112;98;0
147;18;336;10;14;3;56;4.00;6;2;1;89;0;3684356;228;0
147;18;336;10;14;4;99;3.80;6;2;1;90;0;3684499;126;0
147;18;336;10;14;5;99;5.20;3;1;1;74;0;3684599;575;0
147;18;336;10;14;5;2;3.20;6;2;1;84;0;3684502;-1;0
147;18;336;10;14;6;82;3.20;2;1;1;83;0;3684682;1367;0
147;18;336;10;14;6;92;3.60;6;2;1;82;0;3684692;176;0
147;18;336;10;14;6;99;3.60;3;1;1;73;0;3684699;74;0
147;18;336;10;14;7;99;4.20;8;2;1;105;0;3684799;1586;0
147;18;336;10;14;8;99;3.60;3;1;1;77;0;3684899;182;0
147;18;336;10;14;8;5;3.80;6;2;1;86;0;3684805;97;3684356
147;18;336;10;14;9;8;4.80;7;2;1;81;0;3684908;1031;0
147;18;336;10;14;9;99;4.20;3;1;1;74;0;3684999;83;0
147;18;336;10;14;10;99;3.60;6;2;1;84;0;3685099;278;0
147;18;336;10;14;10;99;3.60;3;1;1;71;0;3685099;79;3684599
147;18;336;10;14;11;43;5.80;3;1;1;72;0;3685143;25;3684599
147;18;336;10;14;12;17;3.60;6;2;1;96;0;3685217;102;3684599
147;18;336;10;14;13;25;3.80;7;2;1;85;0;3685325;395;0
147;18;336;10;14;13;99;3.80;3;1;1;72;0;3685399;227;0
147;18;336;10;14;16;9;4.00;6;2;1;92;0;3685609;378;0
147;18;336;10;14;20;20;3.80;3;1;1;82;0;3686020;602;0
147;18;336;10;14;21;4;4.00;4;1;1;87;0;3686104;2280;0
147;18;336;10;14;22;99;3.80;6;2;1;82;0;3686299;674;0
147;18;336;10;14;22;99;3.40;3;1;1;77;0;3686299;262;0
147;18;336;10;14;23;99;3.60;2;1;1;79;0;3686399;1703;0
147;18;336;10;14;23;2;3.80;7;2;1;79;0;3686302;960;0
147;18;336;10;14;27;99;4.00;2;1;1;85;0;3686799;383;0
147;18;336;10;14;33;99;6.60;2;1;1;78;0;3687399;583;0
147;18;336;10;14;37;1;3.60;8;2;1;88;0;3687701;2887;0
147;18;336;10;14;41;17;3.20;6;2;1;79;0;3688117;1801;0
147;18;336;10;14;42;82;3.60;3;1;1;86;0;3688282;1967;0
147;18;336;10;14;42;88;3.80;6;2;1;75;0;3688288;156;0
147;18;336;10;14;46;7;3.80;6;2;1;78;0;3688607;300;0
147;18;336;10;14;48;99;3.40;2;1;1;79;0;3688899;1469;0
147;18;336;10;14;50;99;3.60;6;2;1;80;0;3689099;474;0
147;18;336;10;14;52;99;4.00;2;1;1;80;0;3689299;384;0
147;18;336;10;14;53;26;3.20;3;1;1;78;0;3689326;1028;0
147;18;336;10;14;55;16;3.40;3;1;1;79;0;3689516;175;0
147;18;336;10;14;55;19;3.60;6;2;1;78;0;3689519;403;0
147;18;336;10;14;55;85;3.40;5;2;1;83;0;3689585;6868;0
147;18;336;10;14;56;99;4.40;3;1;1;84;0;3689699;167;0
147;18;336;10;14;58;27;3.20;3;1;1;80;0;3689827;109;0
147;18;336;10;15;0;99;15.20;6;2;3;76;0;3690099;563;0
147;18;336;10;15;1;99;3.40;3;1;1;76;0;3690199;357;0
147;18;336;10;15;8;99;3.20;6;2;1;81;0;3690899;728;0
147;18;336;10;15;8;99;3.40;5;2;1;83;0;3690899;1299;0
147;18;336;10;15;8;99;3.20;3;1;1;74;0;3690899;683;0
147;18;336;10;15;11;99;3.80;3;1;1;75;0;3691199;284;0
147;18;336;10;15;12;31;3.00;6;2;1;75;0;3691231;317;0
147;18;336;10;15;14;15;3.60;7;2;1;81;0;3691415;5095;0
147;18;336;10;15;14;99;3.20;2;1;1;76;0;3691499;2182;0
147;18;336;10;15;16;7;3.00;6;2;1;77;0;3691607;361;0
147;18;336;10;15;16;99;3.40;8;2;1;83;0;3691699;3983;0
147;18;336;10;15;17;15;3.80;5;2;1;86;0;3691715;801;0
147;18;336;10;15;18;11;3.20;3;1;1;81;0;3691811;593;0
147;18;336;10;15;22;17;3.40;6;2;1;78;0;3692217;595;0
147;18;336;10;15;24;99;3.40;2;1;1;75;0;3692499;984;0
147;18;336;10;15;25;15;3.60;5;2;1;80;0;3692515;784;0
147;18;336;10;15;25;37;3.20;6;2;1;75;0;3692537;304;0
147;18;336;10;15;25;66;3.60;2;1;1;78;0;3692566;50;0
147;18;336;10;15;27;99;3.80;1;1;1;79;0;3692799;10484;0
147;18;336;10;15;27;12;3.60;2;1;1;80;0;3692712;129;0
147;18;336;10;15;29;99;4.00;1;1;1;81;0;3692999;182;0
147;18;336;10;15;31;5;3.80;6;2;1;80;0;3693105;552;0
147;18;336;10;15;33;99;3.60;3;1;1;84;0;3693399;1573;0
147;18;336;10;15;35;14;3.60;3;1;1;80;0;3693514;99;0
147;18;336;10;15;37;99;3.60;3;1;1;79;0;3693799;268;0
147;18;336;10;15;38;59;3.60;3;1;1;79;0;3693859;43;0
147;18;336;10;15;39;99;3.60;2;1;1;78;0;3693999;1270;0
147;18;336;10;15;41;19;3.40;3;1;1;73;0;3694119;243;0
147;18;336;10;15;41;88;3.40;6;2;1;69;0;3694188;1065;0
147;18;336;10;15;42;99;3.40;6;2;1;70;0;3694299;93;0
147;18;336;10;15;42;99;3.20;3;1;1;78;0;3694299;163;0
147;18;336;10;15;43;26;2.60;2;1;1;76;0;3694326;310;0
147;18;336;10;15;44;13;3.60;6;2;1;67;0;3694413;96;0
147;18;336;10;15;44;99;3.60;3;1;1;77;0;3694499;185;0
147;18;336;10;15;45;99;3.40;6;2;1;67;0;3694599;166;0
147;18;336;10;15;46;18;3.80;3;1;1;80;0;3694618;102;0
147;18;336;10;15;46;66;3.80;6;2;1;67;0;3694666;48;3694188
147;18;336;10;15;50;99;8.00;6;2;6;77;0;3695099;412;0
147;18;336;10;15;54;13;3.00;1;1;1;80;0;3695413;2396;0
147;18;336;10;15;54;99;3.40;3;1;1;78;0;3695499;863;0
147;18;336;10;15;56;42;4.60;3;1;1;77;0;3695642;127;0
147;18;336;10;15;56;77;3.60;2;1;1;80;0;3695677;1338;0
147;18;336;10;16;0;4;3.80;6;2;1;80;0;3696004;867;0
147;18;336;10;16;2;99;3.40;5;2;1;83;0;3696299;3767;0
147;18;336;10;16;3;99;3.20;6;2;1;75;0;3696399;377;0
147;18;336;10;16;6;69;3.40;7;2;1;76;0;3696669;5238;0
147;18;336;10;16;7;99;9.80;3;1;6;84;0;3696799;1135;0
147;18;336;10;16;7;99;3.00;6;2;1;79;0;3696799;384;0
147;18;336;10;16;9;99;3.80;2;1;1;74;0;3696999;1305;0
147;18;336;10;16;14;85;3.40;3;1;1;71;0;3697485;644;0
147;18;336;10;16;15;14;3.40;2;1;1;81;0;3697514;496;0
147;18;336;10;16;15;18;3.20;1;1;1;74;0;3697518;2091;0
147;18;336;10;16;16;99;3.40;6;2;1;80;0;3697699;886;0
147;18;336;10;16;16;59;3.40;1;1;1;74;0;3697659;125;0
147;18;336;10;16;18;22;3.40;2;1;1;75;0;3697822;292;0
147;18;336;10;16;20;9;3.60;6;2;1;73;0;3698009;294;0
147;18;336;10;16;20;99;3.40;2;1;1;73;0;3698099;260;0
147;18;336;10;16;20;99;3.80;8;2;1;76;0;3698099;6385;0
147;18;336;10;16;22;13;3.60;6;2;1;77;0;3698213;186;0
147;18;336;10;16;22;99;3.40;2;1;1;75;0;3698299;183;0
147;18;336;10;16;23;99;3.80;8;2;1;78;0;3698399;282;0
147;18;336;10;16;24;81;3.80;3;1;1;76;0;3698481;978;0
147;18;336;10;16;25;16;3.80;6;2;1;80;0;3698516;286;0
147;18;336;10;16;25;99;4.20;3;1;1;73;0;3698599;100;0
147;18;336;10;16;27;99;5.20;7;2;1;84;0;3698799;2113;0
147;18;336;10;16;27;99;3.80;2;1;1;74;0;3698799;483;0
147;18;336;10;16;28;99;3.60;1;1;1;90;0;3698899;1223;0
147;18;336;10;16;29;24;2.80;6;2;1;80;0;3698924;390;0
147;18;336;10;16;29;28;3.00;2;1;1;71;0;3698928;110;0
147;18;336;10;16;31;27;3.40;6;2;1;82;0;3699127;190;0
147;18;336;10;16;33;99;4.00;1;1;1;86;0;3699399;485;0
147;18;336;10;16;35;99;3.60;3;1;1;76;0;3699599;979;0
147;18;336;10;16;38;17;3.80;8;2;1;83;0;3699817;1400;0
147;18;336;10;16;39;99;3.40;4;1;1;75;0;3699999;13878;0
147;18;336;10;16;39;26;3.80;3;1;1;79;0;3699926;309;0
147;18;336;10;16;43;99;3.60;5;2;1;82;0;3700399;4085;0
147;18;336;10;16;43;99;3.80;3;1;1;79;0;3700399;455;0
147;18;336;10;16;43;99;3.80;5;2;1;82;0;3700399;-1;0
147;18;336;10;16;43;99;5.40;6;2;1;77;0;3700399;1257;0
147;18;336;10;16;44;2;4.00;7;2;1;78;0;3700402;1580;0
147;18;336;10;16;44;99;3.60;3;1;1;77;0;3700499;82;0
147;18;336;10;16;45;97;3.60;7;2;1;85;0;3700597;176;0
147;18;336;10;16;45;99;3.60;6;2;1;74;0;3700599;174;0
147;18;336;10;16;47;27;3.80;4;1;1;85;0;3700727;711;0
147;18;336;10;16;47;49;3.60;7;2;1;80;0;3700749;136;0
147;18;336;10;16;48;20;3.60;2;1;1;79;0;3700820;1876;0
147;18;336;10;16;48;99;3.80;8;2;1;80;0;3700899;1065;0
147;18;336;10;16;50;28;3.80;6;2;1;81;0;3701028;411;0
147;18;336;10;16;50;99;2.80;2;1;1;73;0;3701099;262;0
147;18;336;10;16;51;99;3.40;2;1;1;78;0;3701199;86;0
147;18;336;10;16;53;99;3.60;3;1;1;81;0;3701399;883;0
147;18;336;10;16;58;99;3.20;6;2;1;81;0;3701899;854;0
147;18;336;10;17;3;99;3.20;3;1;1;82;0;3702399;984;0
147;18;336;10;17;5;29;3.60;3;1;1;81;0;3702529;115;0
147;18;336;10;17;8;99;3.20;3;1;1;85;0;3702899;354;0
147;18;336;10;17;10;24;3.00;2;1;1;80;0;3703024;1809;0
147;18;336;10;17;12;11;3.20;6;2;1;76;0;3703211;1297;0
147;18;336;10;17;12;99;3.60;3;1;1;81;0;3703299;386;0
147;18;336;10;17;12;99;3.60;2;1;1;63;0;3703299;261;0
147;18;336;10;17;12;99;3.80;8;2;1;68;0;3703299;2382;0
147;18;336;10;17;13;99;3.80;1;1;1;81;0;3703399;3983;0
147;18;336;10;17;13;99;3.00;2;1;1;66;0;3703399;79;0
147;18;336;10;17;15;63;3.60;2;1;1;77;0;3703563;147;0
147;18;336;10;17;16;21;3.40;4;1;1;90;0;3703621;2877;0
147;18;336;10;17;17;9;3.60;6;2;1;78;0;3703709;482;0
147;18;336;10;17;17;0;3.40;2;1;1;82;0;3703700;120;0
147;18;336;10;17;18;75;3.80;4;1;1;89;0;3703875;240;0
147;18;336;10;17;18;76;3.40;6;2;1;83;0;3703876;150;0
147;18;336;10;17;21;99;3.40;7;2;1;67;0;3704199;3433;0
147;18;336;10;17;22;10;3.60;2;1;1;79;0;3704210;495;0
147;18;336;10;17;23;33;4.00;2;1;1;78;0;3704333;106;0
147;18;336;10;17;24;99;3.80;6;2;1;81;0;3704499;608;0
147;18;336;10;17;25;2;3.20;3;1;1;73;0;3704502;1187;0
147;18;336;10;17;27;99;4.00;3;1;1;103;0;3704799;281;0
147;18;336;10;17;27;99;3.80;6;2;1;90;0;3704799;283;0
147;18;336;10;17;28;35;3.60;1;1;1;75;0;3704835;1419;0
147;18;336;10;17;28;43;3.60;2;1;1;85;0;3704843;491;0
147;18;336;10;17;30;15;3.00;6;2;1;80;0;3705015;200;0
147;18;336;10;17;30;20;3.60;2;1;1;80;0;3705020;161;0
147;18;336;10;17;30;27;3.20;1;1;1;75;0;3705027;174;0
147;18;336;10;17;31;9;3.60;5;2;1;88;0;3705109;4693;0
147;18;336;10;17;32;99;3.20;2;1;1;77;0;3705299;262;0
147;18;336;10;17;32;99;3.80;3;1;1;78;0;3705299;486;0
147;18;336;10;17;33;60;3.60;2;1;1;76;0;3705360;46;0
147;18;336;10;17;34;99;3.20;3;1;1;86;0;3705499;182;0
147;18;336;10;17;35;6;3.40;2;1;1;74;0;3705506;128;0
147;18;336;10;17;35;26;3.60;2;1;1;76;0;3705526;3;0
147;18;336;10;17;37;18;3.20;6;2;1;73;0;3705718;689;0
147;18;336;10;17;38;15;3.40;6;2;1;73;0;3705815;81;0
147;18;336;10;17;39;3;3.60;5;2;1;80;0;3705903;779;0
147;18;336;10;17;40;99;4.00;3;1;1;85;0;3706099;586;0
147;18;336;10;17;41;99;3.60;3;1;1;85;0;3706199;83;0
147;18;336;10;17;43;27;3.60;6;2;1;78;0;3706327;495;0
147;18;336;10;17;48;99;3.20;6;2;1;88;0;3706899;555;0
147;18;336;10;17;51;29;3.80;7;2;1;77;0;3707129;2911;0
147;18;336;10;17;52;99;3.40;6;2;1;80;0;3707299;386;0
147;18;336;10;17;53;17;4.40;3;1;1;73;0;3707317;1102;0
147;18;336;10;17;54;99;3.60;4;1;1;84;0;3707499;3608;0
147;18;336;10;17;55;99;3.00;3;1;1;76;0;3707599;260;0
147;18;336;10;17;59;11;3.80;7;2;1;91;0;3707911;764;0
147;18;336;10;17;59;99;3.40;6;2;1;74;0;3707999;684;0
147;18;336;10;18;1;9;3.80;7;2;1;80;0;3708109;182;0
147;18;336;10;18;2;99;3.80;6;2;1;80;0;3708299;283;0
147;18;336;10;18;6;99;3.40;6;2;1;72;0;3708699;382;0
147;18;336;10;18;6;26;3.00;3;1;1;78;0;3708626;1012;0
147;18;336;10;18;7;99;3.80;3;1;1;78;0;3708799;159;0
147;18;336;10;18;8;99;3.60;6;2;1;70;0;3708899;183;0
147;18;336;10;18;9;9;3.60;2;1;1;80;0;3708909;3365;0
147;18;336;10;18;9;81;3.60;4;1;1;95;0;3708981;1466;0
147;18;336;10;18;10;99;3.00;6;2;1;72;0;3709099;181;0
147;18;336;10;18;10;99;3.80;3;1;1;73;0;3709099;282;0
147;18;336;10;18;11;13;3.60;4;1;1;98;0;3709113;118;0
147;18;336;10;18;8;87;4.40;7;2;1;12;0;3708887;760;0
147;18;336;10;18;12;75;3.20;8;2;1;69;0;3709275;5955;0
147;18;336;10;18;13;19;3.40;6;2;1;77;0;3709319;205;0
147;18;336;10;18;13;99;3.80;3;1;1;74;0;3709399;281;0
147;18;336;10;18;14;50;3.40;6;2;1;73;0;3709450;115;0
147;18;336;10;18;14;64;3.80;8;2;1;76;0;3709464;172;0
147;18;336;10;18;15;14;3.20;3;1;1;79;0;3709514;96;0
147;18;336;10;18;15;99;3.60;2;1;1;75;0;3709599;673;0
147;18;336;10;18;16;99;3.80;3;1;1;78;0;3709699;170;0
147;18;336;10;18;17;21;3.60;6;2;1;79;0;3709721;254;0
147;18;336;10;18;19;2;3.80;3;1;1;77;0;3709902;185;0
147;18;336;10;18;19;56;4.80;7;2;1;78;0;3709956;937;0
147;18;336;10;18;21;99;3.40;6;2;1;79;0;3710199;461;0
147;18;336;10;18;21;99;3.80;3;1;1;77;0;3710199;279;0
147;18;336;10;18;22;68;3.00;2;1;1;78;0;3710268;651;0
147;18;336;10;18;22;99;4.00;5;2;1;81;0;3710299;4379;0
147;18;336;10;18;23;99;3.60;2;1;1;77;0;3710399;117;0
147;18;336;10;18;24;19;3.60;3;1;1;81;0;3710419;202;0
147;18;336;10;18;24;9;3.80;6;2;1;84;0;3710409;194;0
147;18;336;10;18;25;94;4.00;3;1;1;79;0;3710594;159;0
147;18;336;10;18;25;99;3.40;4;1;1;88;0;3710599;1472;0
147;18;336;10;18;26;0;3.20;4;1;1;89;0;3710600;-1;0
147;18;336;10;18;27;24;3.40;6;2;1;80;0;3710724;298;0
147;18;336;10;18;28;99;3.60;6;2;1;80;0;3710899;159;0
147;18;336;10;18;28;99;3.80;5;2;1;82;0;3710899;582;0
147;18;336;10;18;29;1;16.80;3;1;4;79;0;3710901;288;0
147;18;336;10;18;30;99;3.60;2;1;1;74;0;3711099;683;0
147;18;336;10;18;31;99;3.80;8;2;1;82;0;3711199;1717;0
147;18;336;10;18;29;96;4.20;7;2;1;21;0;3710996;1017;0
147;18;336;10;18;31;99;3.20;4;1;1;85;0;3711199;586;0
147;18;336;10;18;31;67;11.80;2;1;3;73;0;3711167;50;0
147;18;336;10;18;33;6;3.40;3;1;1;76;0;3711306;328;0
147;18;336;10;18;33;99;3.00;2;1;1;71;0;3711399;173;0
147;18;336;10;18;40;5;3.40;3;1;1;81;0;3712005;682;0
147;18;336;10;18;40;20;4.00;4;1;1;86;0;3712020;807;0
147;18;336;10;18;41;99;3.20;3;1;1;78;0;3712199;178;0
147;18;336;10;18;42;42;9.00;7;2;2;55;0;3712242;1174;0
147;18;336;10;18;44;99;3.80;3;1;1;77;0;3712499;285;0
147;18;336;10;18;46;99;3.80;6;2;1;84;0;3712699;1783;0
147;18;336;10;18;51;99;3.40;3;1;1;74;0;3713199;682;0
147;18;336;10;18;51;99;3.40;2;1;1;80;0;3713199;1784;0
147;18;336;10;18;52;34;3.60;2;1;1;81;0;3713234;19;0
147;18;336;10;18;54;99;3.20;6;2;1;78;0;3713499;783;0
147;18;336;10;18;56;99;3.60;3;1;1;78;0;3713699;483;0
147;18;336;10;18;59;99;3.60;3;1;1;78;0;3713999;283;0
147;18;336;10;19;1;99;3.80;3;1;1;79;0;3714199;183;0
147;18;336;10;19;6;99;4.00;6;2;1;79;0;3714699;1185;0
147;18;336;10;19;7;29;3.20;6;2;1;79;0;3714729;11;0
147;18;336;10;19;8;48;3.00;1;1;1;68;0;3714848;9805;0
147;18;336;10;19;9;99;3.60;1;1;1;69;0;3714999;135;0
147;18;336;10;19;9;99;3.40;7;2;1;83;0;3714999;2698;0
147;18;336;10;19;9;99;4.20;8;2;1;87;0;3714999;3783;0
147;18;336;10;19;10;45;3.00;2;1;1;79;0;3715045;1795;0
147;18;336;10;19;13;2;3.60;3;1;1;79;0;3715302;1085;0
147;18;336;10;19;14;12;3.60;3;1;1;82;0;3715412;93;0
147;18;336;10;19;15;24;3.60;4;1;1;79;0;3715524;3487;0
147;18;336;10;19;17;99;3.20;8;2;1;79;0;3715799;782;0
147;18;336;10;19;18;14;3.80;2;1;1;75;0;3715814;755;0
147;18;336;10;19;19;99;2.80;2;1;1;75;0;3715999;166;0
147;18;336;10;19;19;99;3.80;7;2;1;82;0;3715999;985;0
147;18;336;10;19;20;99;3.60;8;2;1;71;0;3716099;285;0
147;18;336;10;19;21;17;3.60;1;1;1;78;0;3716117;1099;0
147;18;336;10;19;21;99;3.00;2;1;1;80;0;3716199;186;0
147;18;336;10;19;22;99;4.40;3;1;1;80;0;3716299;871;0
147;18;336;10;19;24;11;3.60;2;1;1;78;0;3716411;198;0
147;18;336;10;19;25;99;3.80;2;1;1;80;0;3716599;171;3715814
147;18;336;10;19;25;99;3.60;1;1;1;74;0;3716599;465;0
147;18;336;10;19;29;99;3.80;7;2;1;78;0;3716999;983;0
147;18;336;10;19;30;99;3.40;4;1;1;72;0;3717099;1558;0
147;18;336;10;19;30;99;3.40;6;2;1;76;0;3717099;2355;0
147;18;336;10;19;30;99;3.40;1;1;1;73;0;3717099;482;0
147;18;336;10;19;31;45;3.60;3;1;1;83;0;3717145;826;0
147;18;336;10;19;31;99;3.60;6;2;1;80;0;3717199;83;0
147;18;336;10;19;34;99;3.40;7;2;1;86;0;3717499;482;0
147;18;336;10;19;35;11;3.60;1;1;1;75;0;3717511;395;0
147;18;336;10;19;36;22;3.00;2;1;1;78;0;3717622;1005;0
147;18;336;10;19;36;63;4.00;4;1;1;89;0;3717663;547;0
147;18;336;10;19;37;10;3.80;7;2;1;82;0;3717710;196;0
147;18;336;10;19;38;14;3.80;7;2;1;79;0;3717814;87;0
147;18;336;10;19;38;1;3.60;2;1;1;76;0;3717801;165;0
147;18;336;10;19;39;75;3.60;7;2;1;78;0;3717975;143;0
147;18;336;10;19;39;99;4.20;6;2;1;82;0;3717999;783;0
147;18;336;10;19;40;10;3.40;3;1;1;76;0;3718010;849;0
147;18;336;10;19;40;99;3.80;4;1;1;80;0;3718099;419;0
147;18;336;10;19;41;74;3.80;2;1;1;71;0;3718174;355;0
147;18;336;10;19;42;30;2.80;6;2;1;79;0;3718230;212;0
147;18;336;10;19;43;10;3.60;6;2;1;71;0;3718310;67;0
147;18;336;10;19;44;16;3.40;7;2;1;73;0;3718416;424;0
147;18;336;10;19;45;99;3.60;6;2;1;76;0;3718599;270;0
147;18;336;10;19;47;21;3.00;6;2;1;74;0;3718721;104;0
147;18;336;10;19;48;99;3.80;4;1;1;81;0;3718899;782;0
147;18;336;10;19;48;99;4.00;3;1;1;78;0;3718899;872;0
147;18;336;10;19;50;17;3.60;3;1;1;79;0;3719017;99;0
147;18;336;10;19;53;99;12.20;6;2;3;84;0;3719399;663;0
147;18;336;10;19;55;23;3.40;6;2;1;86;0;3719523;71;0
147;18;336;10;19;56;99;3.60;2;1;1;78;0;3719699;1505;0
147;18;336;10;20;1;4;3.80;3;1;1;81;0;3720104;1070;0
147;18;336;10;20;2;85;6.00;6;2;1;82;0;3720285;747;0
147;18;336;10;20;2;99;3.60;3;1;1;77;0;3720299;178;0
147;18;336;10;20;3;2;3.80;1;1;1;89;0;3720302;2773;0
147;18;336;10;20;3;99;3.80;6;2;1;82;0;3720399;87;0
147;18;336;10;20;6;99;4.00;6;2;1;81;0;3720699;283;0
147;18;336;10;20;7;20;3.80;5;2;1;88;0;3720720;9804;0
147;18;336;10;20;8;19;4.00;2;1;1;86;0;3720819;1103;0
147;18;336;10;20;8;99;8.20;6;2;6;81;0;3720899;182;0
147;18;336;10;20;8;99;3.40;7;2;1;92;0;3720899;2466;0
147;18;336;10;20;11;1;3.60;6;2;1;76;0;3721101;165;0
147;18;336;10;20;11;12;5.80;3;1;1;76;0;3721112;796;0
147;18;336;10;20;13;99;3.80;2;1;1;76;0;3721399;563;0
147;18;336;10;20;14;18;3.80;6;2;1;78;0;3721418;299;0
147;18;336;10;20;14;29;3.20;2;1;1;80;0;3721429;12;0
147;18;336;10;20;15;99;3.40;3;1;1;92;0;3721599;459;0
147;18;336;10;20;16;19;3.00;6;2;1;80;0;3721619;183;0
147;18;336;10;20;17;51;3.20;3;1;1;79;0;3721751;138;0
147;18;336;10;20;19;5;3.00;6;2;1;69;0;3721905;272;0
147;18;336;10;20;20;99;4.20;3;1;1;78;0;3722099;333;0
147;18;336;10;20;21;91;11.20;2;1;3;79;0;3722191;747;0
147;18;336;10;20;23;99;3.20;6;2;1;77;0;3722399;478;0
147;18;336;10;20;24;99;3.20;2;1;1;75;0;3722499;256;0
147;18;336;10;20;26;25;3.80;4;1;1;83;0;3722625;3709;0
147;18;336;10;20;26;99;3.20;6;2;1;76;0;3722699;285;0
147;18;336;10;20;27;36;3.00;2;1;1;75;0;3722736;221;0
147;18;336;10;20;27;51;3.20;7;2;1;79;0;3722751;1838;0
147;18;336;10;20;28;99;3.60;5;2;1;82;0;3722899;2163;0
147;18;336;10;20;29;99;3.60;6;2;1;69;0;3722999;284;0
147;18;336;10;20;29;99;4.20;7;2;1;74;0;3722999;233;0
147;18;336;10;20;34;1;3.40;6;2;1;68;0;3723401;383;0
147;18;336;10;20;36;99;3.80;3;1;1;73;0;3723699;1580;0
147;18;336;10;20;36;99;3.60;7;2;1;76;0;3723699;679;0
147;18;336;10;20;37;23;4.40;3;1;1;78;0;3723723;5;0
147;18;336;10;20;38;99;5.00;6;2;1;76;0;3723899;480;0
147;18;336;10;20;41;99;3.20;2;1;1;88;0;3724199;1448;0
147;18;336;10;20;42;16;3.20;6;2;1;76;0;3724216;293;0
147;18;336;10;20;42;14;3.80;4;1;1;81;0;3724214;1572;0
147;18;336;10;20;43;1;3.20;3;1;1;78;0;3724301;557;0
147;18;336;10;20;44;99;3.40;6;2;1;77;0;3724499;267;0
147;18;336;10;20;45;52;3.80;3;1;1;81;0;3724552;236;0
147;18;336;10;20;48;99;3.80;7;2;1;77;0;3724899;1182;0
147;18;336;10;20;48;99;3.40;6;2;1;70;0;3724899;384;0
147;18;336;10;20;50;15;3.20;6;2;1;71;0;3725015;98;0
147;18;336;10;20;50;63;3.20;5;2;1;79;0;3725063;2148;0
147;18;336;10;20;52;99;3.60;3;1;1;78;0;3725299;730;0
147;18;336;10;20;54;99;3.40;3;1;1;81;0;3725499;183;0
147;18;336;10;20;55;17;3.20;6;2;1;82;0;3725517;485;0
147;18;336;10;20;56;23;3.60;6;2;1;81;0;3725623;91;0
147;18;336;10;20;56;99;3.40;7;2;1;67;0;3725699;782;0
147;18;336;10;20;58;10;3.60;6;2;1;82;0;3725810;171;0
147;18;336;10;21;2;99;3.80;6;2;1;75;0;3726299;473;0
147;18;336;10;21;2;99;3.60;2;1;1;77;0;3726299;2086;0
147;18;336;10;21;7;99;3.20;6;2;1;84;0;3726799;481;0
147;18;336;10;21;8;71;3.20;6;2;1;82;0;3726871;58;0
147;18;336;10;21;10;99;4.00;3;1;1;76;0;3727099;1584;0
147;18;336;10;21;10;8;3.80;8;2;1;75;0;3727008;10890;0
147;18;336;10;21;12;99;3.40;1;1;1;81;0;3727299;6981;0
147;18;336;10;21;12;99;3.40;6;2;1;83;0;3727299;413;0
147;18;336;10;21;13;99;7.80;2;1;1;77;0;3727399;1083;0
147;18;336;10;21;14;3;4.00;6;2;1;83;0;3727403;89;0
147;18;336;10;21;15;0;3.80;7;2;1;82;0;3727500;1782;0
147;18;336;10;21;16;99;3.40;2;1;1;80;0;3727699;263;0
147;18;336;10;21;27;99;4.00;2;1;1;78;0;3728799;1084;0
147;18;336;10;21;29;10;3.80;3;1;1;72;0;3728910;1792;0
147;18;336;10;21;29;90;3.20;4;1;1;77;0;3728990;4759;0
147;18;336;10;21;31;10;3.20;6;2;1;75;0;3729110;1689;0
147;18;336;10;21;31;28;3.80;8;2;1;84;0;3729128;2101;0
147;18;336;10;21;33;99;3.80;6;2;1;77;0;3729399;273;0
147;18;336;10;21;34;99;3.20;5;2;1;80;0;3729499;4421;0
147;18;336;10;21;35;99;3.80;3;1;1;85;0;3729599;670;0
147;18;336;10;21;35;99;3.60;6;2;1;75;0;3729599;182;0
147;18;336;10;21;37;7;3.20;6;2;1;73;0;3729707;90;0
147;18;336;10;21;37;99;4.00;5;2;1;86;0;3729799;285;0
147;18;336;10;21;39;50;3.60;3;1;1;83;0;3729950;334;0
147;18;336;10;21;39;99;4.20;2;1;1;80;0;3729999;1181;0
147;18;336;10;21;41;44;3.40;3;1;1;81;0;3730144;178;0
147;18;336;10;21;42;4;3.60;4;1;1;85;0;3730204;1199;0
147;18;336;10;21;42;12;3.80;6;2;1;85;0;3730212;489;0
147;18;336;10;21;43;99;3.40;2;1;1;76;0;3730399;381;0
147;18;336;10;21;44;17;4.20;3;1;1;73;0;3730417;257;0
147;18;336;10;21;44;82;3.80;4;1;1;77;0;3730482;262;0
147;18;336;10;21;44;94;4.00;2;1;1;76;0;3730494;78;0
147;18;336;10;21;49;1;3.60;4;1;1;82;0;3730901;401;0
147;18;336;10;21;49;22;3.40;6;2;1;83;0;3730922;693;0
147;18;336;10;21;50;99;3.60;3;1;1;81;0;3731099;661;0
147;18;336;10;21;51;17;3.40;4;1;1;82;0;3731117;200;0
147;18;336;10;21;54;54;5.20;3;1;1;76;0;3731454;339;0
147;18;336;10;21;55;99;3.00;3;1;1;74;0;3731599;120;0
147;18;336;10;21;56;5;3.40;7;2;1;82;0;3731605;4088;0
147;18;336;10;21;57;58;3.60;3;1;1;74;0;3731758;144;0
147;18;336;10;21;57;87;3.60;6;2;1;80;0;3731787;850;0
147;18;336;10;21;58;99;3.20;6;2;1;81;0;3731899;95;0
147;18;336;10;21;58;99;3.80;2;1;1;79;0;3731899;1386;0
147;18;336;10;22;0;99;3.80;2;1;1;79;0;3732099;182;0
147;18;336;10;22;0;99;3.80;6;2;1;78;0;3732099;185;0
147;18;336;10;22;2;81;3.80;6;2;1;75;0;3732281;164;0
147;18;336;10;22;3;0;3.60;7;2;1;82;0;3732300;680;0
147;18;336;10;22;4;16;3.60;2;1;1;70;0;3732416;299;0
147;18;336;10;22;5;81;3.40;6;2;1;77;0;3732581;281;0
147;18;336;10;22;6;99;7.60;3;1;6;76;0;3732699;923;0
147;18;336;10;22;7;40;4.40;4;1;1;82;0;3732740;1608;0
147;18;336;10;22;9;99;3.40;6;2;1;78;0;3732999;402;0
147;18;336;10;22;10;31;3.40;3;1;1;88;0;3733031;296;0
147;18;336;10;22;10;99;3.60;6;2;1;76;0;3733099;84;0
147;18;336;10;22;11;19;3.80;5;2;1;83;0;3733119;3303;0
147;18;336;10;22;15;90;2.80;2;1;1;73;0;3733590;1155;0
147;18;336;10;22;17;8;3.40;1;1;1;73;0;3733708;6393;0
147;18;336;10;22;19;99;3.60;3;1;1;80;0;3733999;954;0
147;18;336;10;22;19;99;3.00;5;2;1;93;0;3733999;863;0
147;18;336;10;22;20;12;3.20;4;1;1;83;0;3734012;1252;0
147;18;336;10;22;20;93;3.00;7;2;1;74;0;3734093;1777;0
147;18;336;10;22;22;10;3.20;7;2;1;75;0;3734210;102;0
147;18;336;10;22;22;24;4.20;5;2;1;90;0;3734224;213;0
147;18;336;10;22;24;3;3.80;3;1;1;78;0;3734403;387;0
147;18;336;10;22;25;35;3.80;7;2;1;77;0;3734535;309;0
147;18;336;10;22;25;99;5.00;8;2;1;76;0;3734599;5454;0
147;18;336;10;22;25;99;7.00;6;2;1;83;0;3734599;1482;0
147;18;336;10;22;26;99;3.20;2;1;1;79;0;3734699;1095;0
147;18;336;10;22;26;99;12.20;3;1;3;85;0;3734699;278;0
147;18;336;10;22;27;4;3.80;7;2;1;83;0;3734704;151;0
147;18;336;10;22;29;16;4.00;8;2;1;81;0;3734916;293;0
147;18;336;10;22;29;21;3.60;3;1;1;79;0;3734921;170;0
147;18;336;10;22;31;99;3.80;8;2;1;86;0;3735199;265;0
147;18;336;10;22;32;16;3.60;2;1;1;80;0;3735216;502;0
147;18;336;10;22;32;99;3.60;3;1;1;79;0;3735299;361;0
147;18;336;10;22;34;9;3.40;6;2;1;75;0;3735409;779;0
147;18;336;10;22;34;99;3.40;3;1;1;80;0;3735499;183;0
147;18;336;10;22;35;6;4.00;4;1;1;93;0;3735506;1480;0
147;18;336;10;22;36;99;3.80;6;2;1;76;0;3735699;273;0
147;18;336;10;22;37;8;3.40;3;1;1;77;0;3735708;193;0
147;18;336;10;22;39;7;3.40;6;2;1;78;0;3735907;190;0
147;18;336;10;22;39;99;3.60;2;1;1;82;0;3735999;766;0
147;18;336;10;22;40;42;3.40;3;1;1;77;0;3736042;318;0
147;18;336;10;22;41;99;3.40;6;2;1;79;0;3736199;276;0
147;18;336;10;22;43;55;3.80;6;2;1;79;0;3736355;140;0
147;18;336;10;22;43;99;3.40;3;1;1;81;0;3736399;341;0
147;18;336;10;22;44;99;3.60;6;2;1;79;0;3736499;126;0
147;18;336;10;22;45;22;4.00;4;1;1;78;0;3736522;1000;0
147;18;336;10;22;45;21;4.60;3;1;1;75;0;3736521;106;0
147;18;336;10;22;46;3;3.40;2;1;1;79;0;3736603;588;0
147;18;336;10;22;47;99;3.80;2;1;1;81;0;3736799;180;0
147;18;336;10;22;48;34;4.40;3;1;1;79;0;3736834;290;0
147;18;336;10;22;48;47;4.40;2;1;1;71;0;3736847;31;0
147;18;336;10;22;49;99;3.80;3;1;1;78;0;3736999;144;0
147;18;336;10;22;50;99;3.20;6;2;1;80;0;3737099;583;0
147;18;336;10;22;50;40;3.40;2;1;1;76;0;3737040;170;0
147;18;336;10;22;52;18;3.40;2;1;1;77;0;3737218;161;3736603
147;18;336;10;22;52;99;3.40;3;1;1;77;0;3737299;282;0
147;18;336;10;22;53;55;3.20;6;2;1;75;0;3737355;241;0
147;18;336;10;22;55;99;3.40;2;1;1;81;0;3737599;365;0
147;18;336;10;22;55;32;3.20;3;1;1;78;0;3737532;217;0
147;18;336;10;22;55;23;6.40;7;2;1;85;0;3737523;2802;0
147;18;336;10;22;57;99;3.40;6;2;1;82;0;3737799;428;0
147;18;336;10;22;59;99;3.20;7;2;1;79;0;3737999;448;0
147;18;336;10;23;0;99;3.60;2;1;1;86;0;3738099;484;0
147;18;336;10;23;0;5;3.80;8;2;1;80;0;3738005;2790;0
147;18;336;10;23;2;99;3.20;7;2;1;80;0;3738299;285;0
147;18;336;10;23;3;50;3.60;7;2;1;76;0;3738350;36;0
147;18;336;10;23;10;21;3.40;2;1;1;83;0;3739021;906;0
147;18;336;10;23;11;84;3.60;6;2;1;78;0;3739184;1370;0
147;18;336;10;23;13;13;4.00;6;2;1;88;0;3739313;112;0
147;18;336;10;23;13;13;3.40;2;1;1;75;0;3739313;277;0
147;18;336;10;23;14;80;3.40;2;1;1;79;0;3739480;150;0
147;18;336;10;23;15;99;3.60;3;1;1;74;0;3739599;2052;0
147;18;336;10;23;16;11;4.00;1;1;1;80;0;3739611;5886;0
147;18;336;10;23;17;1;3.60;5;2;1;83;0;3739701;5460;0
147;18;336;10;23;17;99;4.00;6;2;1;75;0;3739799;469;0
147;18;336;10;23;17;99;3.60;4;1;1;84;0;3739799;3258;0
147;18;336;10;23;21;13;4.00;3;1;1;82;0;3740113;496;0
147;18;336;10;23;22;99;3.80;7;2;1;86;0;3740299;1931;0
147;18;336;10;23;22;99;4.00;3;1;1;78;0;3740299;168;0
147;18;336;10;23;24;75;3.80;2;1;1;79;0;3740475;979;0
147;18;336;10;23;27;99;3.80;3;1;1;84;0;3740799;481;0
147;18;336;10;23;27;99;3.60;7;2;1;78;0;3740799;484;0
147;18;336;10;23;29;48;4.40;6;2;1;86;0;3740948;1129;0
147;18;336;10;23;29;46;4.00;2;1;1;80;0;3740946;453;0
147;18;336;10;23;29;99;3.40;5;2;1;93;0;3740999;1282;0
147;18;336;10;23;29;99;4.00;7;2;1;78;0;3740999;183;0
147;18;336;10;23;33;99;4.60;6;2;1;76;0;3741399;432;0
147;18;336;10;23;35;99;4.20;4;1;1;78;0;3741599;1784;0
147;18;336;10;23;35;99;3.60;6;2;1;72;0;3741599;178;0
147;18;336;10;23;36;3;3.60;3;1;1;75;0;3741603;787;0
147;18;336;10;23;38;99;3.40;2;1;1;76;0;3741899;935;0
147;18;336;10;23;38;99;3.60;6;2;1;74;0;3741899;282;0
147;18;336;10;23;39;78;4.00;3;1;1;79;0;3741978;357;0
147;18;336;10;23;40;11;3.80;4;1;1;78;0;3742011;392;0
147;18;336;10;23;40;99;4.40;6;2;1;71;0;3742099;182;0
147;18;336;10;23;42;7;4.00;3;1;1;84;0;3742207;210;0
147;18;336;10;23;42;75;3.80;6;2;1;75;0;3742275;153;0
147;18;336;10;23;43;99;3.40;5;2;1;79;0;3742399;1386;0
147;18;336;10;23;43;99;3.80;7;2;1;79;0;3742399;1381;0
147;18;336;10;23;44;50;3.20;2;1;1;71;0;3742450;534;0
147;18;336;10;23;45;8;4.00;8;2;1;76;0;3742508;4485;0
147;18;336;10;23;46;15;3.60;6;2;1;82;0;3742615;321;0
147;18;336;10;23;47;50;3.20;7;2;1;78;0;3742750;333;0
147;18;336;10;23;47;91;3.40;5;2;1;84;0;3742791;376;0
147;18;336;10;23;48;26;3.00;6;2;1;88;0;3742826;195;0
147;18;336;10;23;48;99;4.20;3;1;1;79;0;3742899;674;0
147;18;336;10;23;51;99;3.60;5;2;1;86;0;3743199;393;0
147;18;336;10;23;52;3;3.60;3;1;1;79;0;3743203;284;0
147;18;336;10;23;52;68;3.60;6;2;1;79;0;3743268;429;0
147;18;336;10;23;54;26;3.20;3;1;1;80;0;3743426;206;0
147;18;336;10;23;58;99;6.80;6;2;1;79;0;3743899;614;0
147;18;336;10;23;59;16;3.80;4;1;1;81;0;3743916;1887;0
147;18;336;10;24;0;99;3.80;2;1;1;77;0;3744099;1632;0
147;18;336;10;24;1;99;3.40;6;2;1;79;0;3744199;269;0
147;18;336;10;24;3;99;3.60;3;1;1;80;0;3744399;958;0
147;18;336;10;24;4;4;3.80;6;2;1;81;0;3744404;189;0
147;18;336;10;24;6;99;3.40;6;2;1;81;0;3744699;278;0
147;18;336;10;24;7;44;3.20;7;2;1;79;0;3744744;1979;0
147;18;336;10;24;9;99;3.80;6;2;1;80;0;3744999;284;0
147;18;336;10;24;10;53;4.20;7;2;1;82;0;3745053;294;0
147;18;336;10;24;10;70;3.60;3;1;1;77;0;3745070;654;0
147;18;336;10;24;11;99;3.40;5;2;1;87;0;3745199;1984;0
147;18;336;10;24;11;99;3.80;6;2;1;75;0;3745199;182;0
147;18;336;10;24;12;53;3.60;5;2;1;87;0;3745253;39;0
147;18;336;10;24;13;2;3.60;3;1;1;79;0;3745302;215;0
147;18;336;10;24;13;28;3.60;8;2;1;84;0;3745328;2801;0
147;18;336;10;24;13;99;3.20;5;2;1;90;0;3745399;131;0
147;18;336;10;24;14;18;3.40;7;2;1;87;0;3745418;346;0
147;18;336;10;24;14;0;3.60;1;1;1;75;0;3745400;5771;0
147;18;336;10;24;16;99;4.80;6;2;1;85;0;3745699;481;0
147;18;336;10;24;17;13;4.00;2;1;1;79;0;3745713;1596;0
147;18;336;10;24;17;2;3.40;7;2;1;79;0;3745702;269;0
147;18;336;10;24;18;99;3.40;5;2;1;81;0;3745899;487;0
147;18;336;10;24;19;99;3.80;1;1;1;89;0;3745999;581;0
147;18;336;10;24;19;99;3.60;2;1;1;80;0;3745999;267;0
147;18;336;10;24;21;99;3.00;6;2;1;85;0;3746199;479;0
147;18;336;10;24;22;99;4.00;7;2;1;85;0;3746299;581;0
147;18;336;10;24;23;20;3.60;3;1;1;75;0;3746320;1001;0
147;18;336;10;24;23;99;3.80;6;2;1;88;0;3746399;187;0
147;18;336;10;24;25;14;3.80;3;1;1;75;0;3746514;176;0
147;18;336;10;24;30;99;3.60;6;2;1;79;0;3747099;684;0
147;18;336;10;24;30;2;3.60;4;1;1;89;0;3747002;3069;0
147;18;336;10;24;31;23;3.40;3;1;1;75;0;3747123;590;0
147;18;336;10;24;32;11;3.60;3;1;1;73;0;3747211;71;0
147;18;336;10;24;32;99;3.80;8;2;1;81;0;3747299;1955;0
147;18;336;10;24;32;99;3.80;5;2;1;86;0;3747299;1384;0
147;18;336;10;24;34;99;3.60;4;1;1;81;0;3747499;482;0
147;18;336;10;24;35;21;3.80;5;2;1;93;0;3747521;206;0
147;18;336;10;24;36;94;3.60;6;2;1;82;0;3747694;578;0
147;18;336;10;24;36;92;3.80;3;1;1;71;0;3747692;463;0
147;18;336;10;24;36;99;3.80;4;1;1;85;0;3747699;184;0
147;18;336;10;24;39;34;3.40;5;2;1;103;0;3747934;398;0
147;18;336;10;24;40;99;3.00;3;1;1;79;0;3748099;387;0
147;18;336;10;24;43;75;3.80;3;1;1;79;0;3748375;262;0
147;18;336;10;24;45;0;3.80;7;2;1;81;0;3748500;2184;0
147;18;336;10;24;45;26;3.60;2;1;1;82;0;3748526;2510;0
147;18;336;10;24;46;72;3.40;6;2;1;80;0;3748672;962;0
147;18;336;10;24;46;99;3.00;2;1;1;73;0;3748699;157;0
147;18;336;10;24;47;99;3.60;5;2;1;80;0;3748799;853;0
147;18;336;10;24;47;99;3.00;8;2;1;73;0;3748799;1483;0
147;18;336;10;24;48;7;3.80;1;1;1;75;0;3748807;2792;0
147;18;336;10;24;48;30;3.60;3;1;1;77;0;3748830;437;0
147;18;336;10;24;49;99;3.60;1;1;1;73;0;3748999;173;0
147;18;336;10;24;49;99;3.80;4;1;1;85;0;3748999;1283;0
147;18;336;10;24;51;28;3.60;4;1;1;85;0;3749128;112;0
147;18;336;10;24;52;99;3.80;7;2;1;83;0;3749299;782;0
147;18;336;10;24;53;20;3.80;2;1;1;79;0;3749320;606;0
147;18;336;10;24;55;99;3.60;3;1;1;77;0;3749599;752;0
147;18;336;10;24;57;99;3.00;3;1;1;79;0;3749799;183;0
147;18;336;10;25;0;18;3.20;2;1;1;77;0;3750018;680;0
147;18;336;10;25;0;99;3.60;6;2;1;79;0;3750099;1411;0
147;18;336;10;25;2;18;4.20;7;2;1;82;0;3750218;902;0
147;18;336;10;25;2;99;3.60;5;2;1;82;0;3750299;1483;0
147;18;336;10;25;3;11;3.00;6;2;1;79;0;3750311;195;0
147;18;336;10;25;7;99;3.40;6;2;1;78;0;3750799;474;0
147;18;336;10;25;12;99;3.80;6;2;1;82;0;3751299;484;0
147;18;336;10;25;14;77;3.80;7;2;1;80;0;3751477;1240;0
147;18;336;10;25;15;8;3.20;6;2;1;74;0;3751508;192;0
147;18;336;10;25;16;24;3.60;6;2;1;84;0;3751624;100;0
147;18;336;10;25;18;27;3.00;7;2;1;84;0;3751827;332;0
147;18;336;10;25;20;99;4.00;6;2;1;89;0;3752099;459;0
147;18;336;10;25;25;99;3.60;6;2;1;76;0;3752599;483;0
147;18;336;10;25;26;99;3.20;3;1;1;72;0;3752699;2886;0
147;18;336;10;25;27;26;3.20;4;1;1;87;0;3752726;3582;0
147;18;336;10;25;27;19;4.00;7;2;1;82;0;3752719;879;0
147;18;336;10;25;28;99;4.20;2;1;1;62;0;3752899;2866;0
147;18;336;10;25;28;99;3.00;3;1;1;75;0;3752899;184;0
147;18;336;10;25;28;99;3.60;1;1;1;71;0;3752899;3882;0
147;18;336;10;25;30;99;3.80;2;1;1;68;0;3753099;175;0
147;18;336;10;25;31;99;3.00;6;2;1;76;0;3753199;582;0
147;18;336;10;25;31;10;3.60;3;1;1;81;0;3753110;196;0
147;18;336;10;25;33;99;3.60;5;2;1;82;0;3753399;3084;0
147;18;336;10;25;34;24;3.80;4;1;1;86;0;3753424;684;0
147;18;336;10;25;34;32;3.60;7;2;1;79;0;3753432;695;0
147;18;336;10;25;35;4;3.40;1;1;1;83;0;3753504;586;0
147;18;336;10;25;35;99;3.40;6;2;1;73;0;3753599;385;0
147;18;336;10;25;35;99;3.40;5;2;1;81;0;3753599;184;0
147;18;336;10;25;36;99;3.00;6;2;1;75;0;3753699;83;0
147;18;336;10;25;37;99;3.40;3;1;1;75;0;3753799;673;0
147;18;336;10;25;38;99;4.00;6;2;1;75;0;3753899;185;0
147;18;336;10;25;39;9;3.20;4;1;1;81;0;3753909;469;0
147;18;336;10;25;39;99;3.20;2;1;1;78;0;3753999;879;0
147;18;336;10;25;40;99;3.60;6;2;1;78;0;3754099;180;0
147;18;336;10;25;40;99;3.40;2;1;1;77;0;3754099;85;0
147;18;336;10;25;41;5;3.60;4;1;1;84;0;3754105;181;0
147;18;336;10;25;41;99;3.40;5;2;1;83;0;3754199;584;0
147;18;336;10;25;45;14;4.00;3;1;1;82;0;3754514;698;0
147;18;336;10;25;47;12;3.80;6;2;1;80;0;3754712;596;0
147;18;336;10;25;49;4;3.20;3;1;1;81;0;3754904;372;0
147;18;336;10;25;51;99;3.00;7;2;1;80;0;3755199;1750;0
147;18;336;10;25;53;20;3.20;5;2;1;84;0;3755320;1106;0
147;18;336;10;25;55;13;3.40;4;1;1;82;0;3755513;1392;0
147;18;336;10;25;55;85;3.80;7;2;1;78;0;3755585;372;0
147;18;336;10;25;55;86;3.60;3;1;1;74;0;3755586;667;0
147;18;336;10;25;56;99;3.20;7;2;1;74;0;3755699;96;0
147;18;336;10;25;56;99;3.20;3;1;1;76;0;3755699;95;0
147;18;336;10;25;57;8;3.80;5;2;1;83;0;3755708;374;0
147;18;336;10;25;57;99;3.40;7;2;1;75;0;3755799;84;0
147;18;336;10;25;57;55;3.80;6;2;1;76;0;3755755;1025;0
147;18;336;10;25;58;99;3.40;4;1;1;81;0;3755899;371;0
147;18;336;10;25;59;10;3.60;7;2;1;80;0;3755910;94;0
147;18;336;10;26;0;3;3.60;2;1;1;79;0;3756003;1888;0
147;18;336;10;26;0;39;3.80;7;2;1;71;0;3756039;112;3755585
147;18;336;10;26;0;52;4.00;8;2;1;83;0;3756052;7238;0
147;18;336;10;26;3;99;3.60;6;2;1;79;0;3756399;626;0
147;18;336;10;26;4;99;3.80;2;1;1;76;0;3756499;479;0
147;18;336;10;26;4;99;4.00;3;1;1;71;0;3756499;784;0
147;18;336;10;26;5;43;3.60;1;1;1;76;0;3756543;3024;0
147;18;336;10;26;5;60;3.80;5;2;1;87;0;3756560;835;0
147;18;336;10;26;5;62;3.20;6;2;1;78;0;3756562;146;0
147;18;336;10;26;6;99;4.20;4;1;1;80;0;3756699;784;0
147;18;336;10;26;7;12;3.60;1;1;1;79;0;3756712;151;0
147;18;336;10;26;8;4;3.40;6;2;1;80;0;3756804;227;0
147;18;336;10;26;8;99;3.00;3;1;1;72;0;3756899;379;0
147;18;336;10;26;9;99;5.80;2;1;1;75;0;3756999;482;0
147;18;336;10;26;10;37;3.60;3;1;1;73;0;3757037;123;0
147;18;336;10;26;11;99;3.00;3;1;1;72;0;3757199;144;0
147;18;336;10;26;13;13;3.80;7;2;1;93;0;3757313;1254;0
147;18;336;10;26;15;16;3.80;5;2;1;80;0;3757516;940;0
147;18;336;10;26;16;99;3.80;6;2;1;77;0;3757699;879;0
147;18;336;10;26;17;99;4.40;5;2;1;81;0;3757799;265;0
147;18;336;10;26;19;99;3.80;6;2;1;82;0;3757999;282;0
147;18;336;10;26;20;22;3.40;3;1;1;83;0;3758022;808;0
147;18;336;10;26;21;99;4.20;3;1;1;79;0;3758199;162;0
147;18;336;10;26;21;99;3.60;6;2;1;79;0;3758199;183;0
147;18;336;10;26;24;20;3.00;6;2;1;76;0;3758420;204;0
147;18;336;10;26;24;99;3.80;3;1;1;81;0;3758499;280;0
147;18;336;10;26;25;99;3.20;6;2;1;78;0;3758599;164;0
147;18;336;10;26;28;25;3.20;3;1;1;81;0;3758825;309;0
147;18;336;10;26;28;52;3.80;2;1;1;74;0;3758852;1825;0
147;18;336;10;26;29;99;3.80;4;1;1;86;0;3758999;2281;0
147;18;336;10;26;30;99;3.40;3;1;1;83;0;3759099;259;0
147;18;336;10;26;31;88;3.20;3;1;1;81;0;3759188;74;0
147;18;336;10;26;31;99;3.60;4;1;1;85;0;3759199;184;0
147;18;336;10;26;33;13;3.80;6;2;1;72;0;3759313;699;0
147;18;336;10;26;33;52;3.20;3;1;1;80;0;3759352;149;0
147;18;336;10;26;34;99;3.40;6;2;1;73;0;3759499;167;0
147;18;336;10;26;34;99;3.60;5;2;1;82;0;3759499;1680;0
147;18;336;10;26;35;99;3.40;3;1;1;78;0;3759599;232;0
147;18;336;10;26;36;1;3.80;5;2;1;82;0;3759601;86;0
147;18;336;10;26;36;99;4.40;7;2;1;80;0;3759699;2371;0
147;18;336;10;26;37;99;3.40;2;1;1;81;0;3759799;928;0
147;18;336;10;26;38;49;3.80;6;2;1;77;0;3759849;333;0
147;18;336;10;26;39;99;3.40;3;1;1;80;0;3759999;384;0
147;18;336;10;26;41;99;3.00;2;1;1;84;0;3760199;384;0
147;18;336;10;26;43;27;3.60;5;2;1;95;0;3760327;709;0
147;18;336;10;26;44;99;3.40;3;1;1;78;0;3760499;484;0
147;18;336;10;26;44;99;4.00;2;1;1;83;0;3760499;287;0
147;18;336;10;26;45;99;3.80;5;2;1;93;0;3760599;258;0
147;18;336;10;26;46;7;4.00;6;2;1;80;0;3760607;740;0
147;18;336;10;26;46;94;3.80;2;1;1;78;0;3760694;177;0
147;18;336;10;26;47;16;3.60;3;1;1;88;0;3760716;201;0
147;18;336;10;26;48;99;3.40;2;1;1;74;0;3760899;187;0
147;18;336;10;26;48;28;3.60;6;2;1;85;0;3760828;203;0
147;18;336;10;26;49;0;3.40;8;2;1;76;0;3760900;4830;0
147;18;336;10;26;55;99;3.40;6;2;1;77;0;3761599;755;0
147;18;336;10;26;57;99;3.80;6;2;1;81;0;3761799;184;0
147;18;336;10;26;57;99;3.60;3;1;1;71;0;3761799;1068;0
147;18;336;10;26;57;99;3.40;4;1;1;81;0;3761799;2584;0
147;18;336;10;26;57;99;3.60;5;2;1;87;0;3761799;1185;0
147;18;336;10;26;58;7;4.60;6;2;1;77;0;3761807;-1;0
147;18;336;10;26;58;9;3.40;1;1;1;75;0;3761809;5080;0
147;18;336;10;27;0;99;4.40;2;1;1;77;0;3762099;1183;0
147;18;336;10;27;1;43;3.40;6;2;1;75;0;3762143;314;0
147;18;336;10;27;1;50;3.20;3;1;1;72;0;3762150;332;0
147;18;336;10;27;2;99;3.60;5;2;1;85;0;3762299;485;0
147;18;336;10;27;2;99;3.40;2;1;1;76;0;3762299;179;0
147;18;336;10;27;2;99;3.60;3;1;1;73;0;3762299;133;0
147;18;336;10;27;3;99;3.60;7;2;1;97;0;3762399;2680;0
147;18;336;10;27;4;11;3.60;5;2;1;93;0;3762411;96;0
147;18;336;10;27;4;76;3.00;3;1;1;70;0;3762476;159;0
147;18;336;10;27;5;99;3.20;6;2;1;73;0;3762599;439;0
147;18;336;10;27;7;17;3.40;2;1;1;81;0;3762717;401;0
147;18;336;10;27;8;99;3.20;2;1;1;66;0;3762899;166;0
147;18;336;10;27;9;26;3.20;6;2;1;77;0;3762926;311;0
147;18;336;10;27;10;99;3.80;7;2;1;80;0;3763099;686;0
147;18;336;10;27;10;99;3.40;5;2;1;92;0;3763099;674;0
147;18;336;10;27;11;33;3.00;6;2;1;77;0;3763133;192;0
147;18;336;10;27;12;74;3.60;3;1;1;79;0;3763274;782;0
147;18;336;10;27;14;36;3.80;7;2;1;83;0;3763436;319;0
147;18;336;10;27;15;99;3.80;6;2;1;85;0;3763599;451;0
147;18;336;10;27;16;8;3.40;3;1;1;77;0;3763608;317;0
147;18;336;10;27;16;99;5.60;4;1;1;80;0;3763699;1884;0
147;18;336;10;27;17;99;3.40;6;2;1;77;0;3763799;183;0
147;18;336;10;27;18;99;3.60;2;1;1;75;0;3763899;982;0
147;18;336;10;27;18;99;3.20;3;1;1;66;0;3763899;275;0
147;18;336;10;27;19;0;3.60;4;1;1;86;0;3763900;175;0
147;18;336;10;27;18;99;3.80;5;2;1;81;0;3763899;786;0
147;18;336;10;27;20;99;12.60;2;1;3;79;0;3764099;182;0
147;18;336;10;27;20;99;4.80;4;1;1;83;0;3764099;183;0
147;18;336;10;27;22;0;3.00;3;1;1;69;0;3764200;283;0
147;18;336;10;27;22;90;7.60;4;1;6;82;0;3764290;170;0
147;18;336;10;27;23;99;3.80;3;1;1;75;0;3764399;183;0
147;18;336;10;27;23;99;2.80;2;1;1;69;0;3764399;242;0
147;18;336;10;27;24;99;4.00;3;1;1;75;0;3764499;81;0
147;18;336;10;27;25;99;3.60;3;1;1;74;0;3764599;80;0
147;18;336;10;27;25;99;5.40;2;1;1;66;0;3764599;185;0
147;18;336;10;27;27;0;3.60;1;1;1;64;0;3764700;2874;0
147;18;336;10;27;28;99;3.60;3;1;1;80;0;3764899;282;0
147;18;336;10;27;30;91;3.20;2;1;1;75;0;3765091;462;0
147;18;336;10;27;31;99;3.80;3;1;1;84;0;3765199;283;0
147;18;336;10;27;32;91;4.00;2;1;1;69;0;3765291;184;0
147;18;336;10;27;36;25;3.00;3;1;1;78;0;3765625;409;0
147;18;336;10;27;37;77;3.80;3;1;1;75;0;3765777;138;0
147;18;336;10;27;38;99;4.80;4;1;1;78;0;3765899;1575;0
147;18;336;10;27;38;99;4.00;4;1;1;80;0;3765899;-1;0
147;18;336;10;27;40;4;3.60;6;2;1;80;0;3766004;2189;0
147;18;336;10;27;40;84;3.60;2;1;1;74;0;3766084;772;0
147;18;336;10;27;40;99;3.60;3;1;1;80;0;3766099;303;0
147;18;336;10;27;41;18;4.20;4;1;1;84;0;3766118;201;0
147;18;336;10;27;42;16;3.60;3;1;1;81;0;3766216;100;0
147;18;336;10;27;42;1;3.60;2;1;1;76;0;3766201;99;0
147;18;336;10;27;42;47;4.20;6;2;1;79;0;3766247;226;0
147;18;336;10;27;43;99;3.40;3;1;1;78;0;3766399;167;0
147;18;336;10;27;48;2;3.40;6;2;1;86;0;3766802;535;0
147;18;336;10;27;48;2;3.80;7;2;1;78;0;3766802;3349;0
147;18;336;10;27;48;99;4.00;3;1;1;76;0;3766899;484;0
147;18;336;10;27;51;99;7.40;7;2;6;84;0;3767199;379;0
147;18;336;10;27;52;99;3.20;1;1;1;77;0;3767299;2578;0
147;18;336;10;27;52;2;3.60;2;1;1;81;0;3767202;983;0
147;18;336;10;27;53;99;3.60;7;2;1;79;0;3767399;168;0
147;18;336;10;27;55;34;3.40;2;1;1;81;0;3767534;316;0
147;18;336;10;27;56;20;3.80;5;2;1;92;0;3767620;3704;0
147;18;336;10;27;56;99;3.60;3;1;1;76;0;3767699;781;0
147;18;336;10;27;56;99;4.00;8;2;1;79;0;3767699;6782;0
147;18;336;10;27;59;21;4.00;3;1;1;76;0;3767921;204;0
147;18;336;10;28;4;16;4.40;6;2;1;75;0;3768416;1599;0
147;18;336;10;28;5;12;3.60;3;1;1;79;0;3768512;572;0
147;18;336;10;28;7;99;3.80;3;1;1;80;0;3768799;270;0
147;18;336;10;28;9;99;4.00;3;1;1;78;0;3768999;182;0
147;18;336;10;28;11;99;3.20;2;1;1;85;0;3769199;1649;0
147;18;336;10;28;12;99;3.60;3;1;1;85;0;3769299;281;0
147;18;336;10;28;13;85;3.40;6;2;1;86;0;3769385;947;0
147;18;336;10;28;14;99;3.80;3;1;1;77;0;3769499;184;0
147;18;336;10;28;15;1;3.80;5;2;1;85;0;3769501;1866;0
147;18;336;10;28;15;15;3.40;4;1;1;82;0;3769515;3379;0
147;18;336;10;28;15;29;3.60;6;2;1;70;0;3769529;129;0
147;18;336;10;28;17;1;3.20;4;1;1;81;0;3769701;171;0
147;18;336;10;28;17;99;3.80;5;2;1;79;0;3769799;281;0
147;18;336;10;28;18;13;3.60;5;2;1;81;0;3769813;-1;0
147;18;336;10;28;19;99;5.60;7;2;1;84;0;3769999;2583;0
147;18;336;10;28;19;99;3.60;3;1;1;85;0;3769999;482;0
147;18;336;10;28;19;99;3.60;6;2;1;75;0;3769999;451;0
147;18;336;10;28;21;15;3.60;3;1;1;73;0;3770115;100;0
147;18;336;10;28;22;99;3.20;4;1;1;86;0;3770299;583;0
147;18;336;10;28;24;99;3.20;5;2;1;88;0;3770499;670;0
147;18;336;10;28;24;99;3.80;6;2;1;77;0;3770499;482;0
147;18;336;10;28;27;10;3.40;6;2;1;79;0;3770710;193;0
147;18;336;10;28;28;37;3.60;5;2;1;81;0;3770837;324;0
147;18;336;10;28;29;99;3.00;6;2;1;65;0;3770999;273;0
147;18;336;10;28;30;2;3.80;3;1;1;81;0;3771002;869;0
147;18;336;10;28;30;99;3.80;7;2;1;78;0;3771099;1076;0
147;18;336;10;28;31;18;4.80;6;2;1;67;0;3771118;102;0
147;18;336;10;28;33;99;4.20;7;2;1;72;0;3771399;282;0
147;18;336;10;28;33;20;4.20;3;1;1;80;0;3771320;301;0
147;18;336;10;28;34;82;4.00;5;2;1;82;0;3771482;629;0
147;18;336;10;28;34;98;3.60;4;1;1;82;0;3771498;1185;0
147;18;336;10;28;35;99;3.60;3;1;1;79;0;3771599;260;0
147;18;336;10;28;35;99;3.60;4;1;1;81;0;3771599;85;0
147;18;336;10;28;36;14;3.20;6;2;1;78;0;3771614;470;0
147;18;336;10;28;36;80;3.60;3;1;1;79;0;3771680;64;0
147;18;336;10;28;38;99;3.60;3;1;1;80;0;3771899;202;0
147;18;336;10;28;38;35;3.60;4;1;1;85;0;3771835;220;0
147;18;336;10;28;39;77;5.80;6;2;1;82;0;3771977;348;0
147;18;336;10;28;40;99;3.40;2;1;1;82;0;3772099;2886;0
147;18;336;10;28;41;12;3.40;6;2;1;80;0;3772112;109;0
147;18;336;10;28;43;8;3.40;2;1;1;81;0;3772308;194;0
147;18;336;10;28;44;0;3.80;7;2;1;86;0;3772400;980;0
147;18;336;10;28;44;18;4.00;6;2;1;81;0;3772418;290;0
147;18;336;10;28;44;25;3.40;4;1;1;80;0;3772425;574;0
147;18;336;10;28;45;99;3.60;6;2;1;77;0;3772599;163;0
147;18;336;10;28;46;36;3.40;3;1;1;76;0;3772636;720;0
147;18;336;10;28;47;12;3.60;4;1;1;83;0;3772712;271;0
147;18;336;10;28;51;8;3.80;3;1;1;79;0;3773108;455;0
147;18;336;10;28;53;99;3.60;2;1;1;77;0;3773399;1075;0
147;18;336;10;28;55;99;3.80;6;2;1;83;0;3773599;983;0
147;18;336;10;28;56;39;3.60;7;2;1;78;0;3773639;1223;0
147;18;336;10;28;58;99;4.40;2;1;1;77;0;3773899;483;0
147;18;336;10;28;59;56;3.40;6;2;1;71;0;3773956;340;0
147;18;336;10;29;0;99;3.60;6;2;1;72;0;3774099;125;0
147;18;336;10;29;1;20;3.60;8;2;1;79;0;3774120;6402;0
147;18;336;10;29;4;22;3.80;4;1;1;82;0;3774422;1694;0
147;18;336;10;29;5;99;4.60;3;1;1;78;0;3774599;1473;0
147;18;336;10;29;6;7;3.60;6;2;1;81;0;3774607;490;0
147;18;336;10;29;7;20;3.40;3;1;1;77;0;3774720;99;0
147;18;336;10;29;10;99;4.00;6;2;1;82;0;3775099;476;0
147;18;336;10;29;10;99;3.60;7;2;1;77;0;3775099;1443;0
147;18;336;10;29;11;99;5.00;6;2;1;78;0;3775199;82;0
147;18;336;10;29;12;25;3.00;3;1;1;76;0;3775225;489;0
147;18;336;10;29;12;53;3.60;8;2;1;77;0;3775253;1116;0
147;18;336;10;29;14;8;3.60;6;2;1;82;0;3775408;185;0
147;18;336;10;29;14;13;3.00;3;1;1;75;0;3775413;173;0
147;18;336;10;29;15;95;3.00;4;1;1;77;0;3775595;1156;0
147;18;336;10;29;16;99;4.40;3;1;1;74;0;3775699;271;0
147;18;336;10;29;19;11;3.80;7;2;1;81;0;3775911;795;0
147;18;336;10;29;19;6;3.60;1;1;1;80;0;3775906;8592;0
147;18;336;10;29;19;14;3.60;2;1;1;74;0;3775914;1994;0
147;18;336;10;29;23;8;3.20;3;1;1;73;0;3776308;587;0
147;18;336;10;29;23;99;3.60;6;2;1;89;0;3776399;975;0
147;18;336;10;29;24;99;3.60;3;1;1;78;0;3776499;175;0
147;18;336;10;29;25;71;3.40;4;1;1;87;0;3776571;961;0
147;18;336;10;29;26;99;3.20;3;1;1;75;0;3776699;183;0
147;18;336;10;29;27;12;3.60;4;1;1;79;0;3776712;126;0
147;18;336;10;29;29;6;3.40;5;2;1;82;0;3776906;5406;0
147;18;336;10;29;30;87;3.20;6;2;1;79;0;3777087;673;0
147;18;336;10;29;31;11;3.40;4;1;1;81;0;3777111;382;0
147;18;336;10;29;31;99;3.60;5;2;1;85;0;3777199;278;0
147;18;336;10;29;32;30;3.20;3;1;1;74;0;3777230;515;0
147;18;336;10;29;36;9;6.20;6;2;1;78;0;3777609;507;0
147;18;336;10;29;38;99;3.40;6;2;1;75;0;3777899;261;0
147;18;336;10;29;40;57;3.40;5;2;1;82;0;3778057;842;0
147;18;336;10;29;40;62;3.00;7;2;1;72;0;3778062;2134;0
147;18;336;10;29;41;99;3.40;2;1;1;82;0;3778199;2267;0
147;18;336;10;29;41;99;3.20;6;2;1;73;0;3778199;283;0
147;18;336;10;29;41;99;3.80;7;2;1;74;0;3778199;122;0
147;18;336;10;29;42;99;3.40;5;2;1;92;0;3778299;227;0
147;18;336;10;29;43;10;3.60;3;1;1;78;0;3778310;1064;0
147;18;336;10;29;43;99;3.40;6;2;1;78;0;3778399;184;0
147;18;336;10;29;44;99;4.60;2;1;1;74;0;3778499;285;0
147;18;336;10;29;45;2;3.60;6;2;1;78;0;3778502;87;0
147;18;336;10;29;48;54;3.80;3;1;1;74;0;3778854;527;0
147;18;336;10;29;48;99;3.60;2;1;1;80;0;3778899;377;0
147;18;336;10;29;49;99;3.40;8;2;1;78;0;3778999;3729;0
147;18;336;10;29;49;99;3.60;6;2;1;76;0;3778999;480;0
147;18;336;10;29;49;99;3.60;4;1;1;80;0;3778999;1872;0
147;18;336;10;29;51;99;3.40;3;1;1;78;0;3779199;326;0
147;18;336;10;29;52;99;3.40;6;2;1;74;0;3779299;282;0
147;18;336;10;29;52;99;3.60;3;1;1;80;0;3779299;84;0
147;18;336;10;29;52;0;3.60;7;2;1;80;0;3779200;982;0
147;18;336;10;29;53;99;3.00;2;1;1;63;0;3779399;483;0
147;18;336;10;29;55;41;3.60;3;1;1;77;0;3779541;225;0
147;18;336;10;29;56;3;6.40;7;2;1;78;0;3779603;386;0
147;18;336;10;29;56;99;3.60;6;2;1;79;0;3779699;383;0
147;18;336;10;29;59;99;3.80;6;2;1;79;0;3779999;283;0
147;18;336;10;30;1;83;3.40;7;2;1;79;0;3780183;550;0
147;18;336;10;30;4;99;3.80;3;1;1;71;0;3780499;941;0
147;18;336;10;30;9;99;3.20;3;1;1;72;0;3780999;480;0
147;18;336;10;30;10;2;3.60;6;2;1;70;0;3781002;985;0
147;18;336;10;30;10;99;3.60;7;2;1;82;0;3781099;900;0
147;18;336;10;30;11;22;3.40;3;1;1;74;0;3781122;107;0
147;18;336;10;30;11;55;3.80;4;1;1;84;0;3781155;2139;0
147;18;336;10;30;12;99;3.80;7;2;1;79;0;3781299;184;0
147;18;336;10;30;16;44;3.20;3;1;1;76;0;3781644;505;0
147;18;336;10;30;16;53;3.80;6;2;1;79;0;3781653;632;0
147;18;336;10;30;17;2;3.80;4;1;1;80;0;3781702;530;0
147;18;336;10;30;20;12;3.40;3;1;1;76;0;3782012;352;0
147;18;336;10;30;20;99;3.40;6;2;1;85;0;3782099;428;0
147;18;336;10;30;21;64;3.80;7;2;1;88;0;3782164;847;0
147;18;336;10;30;21;69;3.80;3;1;1;76;0;3782169;140;0
147;18;336;10;30;22;4;3.60;4;1;1;85;0;3782204;484;0
147;18;336;10;30;23;21;3.20;3;1;1;75;0;3782321;134;0
147;18;336;10;30;23;21;3.60;1;1;1;74;0;3782321;6398;0
147;18;336;10;30;24;99;3.40;3;1;1;74;0;3782499;162;0
147;18;336;10;30;25;99;3.40;4;1;1;82;0;3782599;379;0
147;18;336;10;30;26;48;3.00;3;1;1;72;0;3782648;132;3782012
147;18;336;10;30;27;29;3.60;5;2;1;83;0;3782729;4416;0
147;18;336;10;30;27;99;3.40;6;2;1;74;0;3782799;685;0
147;18;336;10;30;27;99;3.20;1;1;1;75;0;3782799;460;0
147;18;336;10;30;28;14;3.80;5;2;1;82;0;3782814;69;0
147;18;336;10;30;29;10;3.00;6;2;1;77;0;3782910;94;0
147;18;336;10;30;31;6;3.40;6;2;1;74;0;3783106;181;0
147;18;336;10;30;31;26;9.60;3;1;2;70;0;3783126;463;0
147;18;336;10;30;32;99;3.80;2;1;1;67;0;3783299;3882;0
147;18;336;10;30;32;99;3.40;6;2;1;75;0;3783299;176;0
147;18;336;10;30;32;99;3.60;3;1;1;72;0;3783299;123;0
147;18;336;10;30;34;47;3.40;6;2;1;72;0;3783447;131;3782799
147;18;336;10;30;35;99;3.60;8;2;1;75;0;3783599;4584;0
147;18;336;10;30;36;8;3.80;6;2;1;88;0;3783608;144;3782799
147;18;336;10;30;36;99;8.80;2;1;6;65;0;3783699;379;0
147;18;336;10;30;37;99;3.80;6;2;1;81;0;3783799;175;3782799
147;18;336;10;30;38;99;3.80;4;1;1;81;0;3783899;1285;0
147;18;336;10;30;39;73;3.40;3;1;1;74;0;3783973;656;0
147;18;336;10;30;40;99;3.60;6;2;1;71;0;3784099;283;0
147;18;336;10;30;41;14;3.60;3;1;1;74;0;3784114;124;0
147;18;336;10;30;42;5;3.40;6;2;1;72;0;3784205;87;0
147;18;336;10;30;42;99;3.20;2;1;1;65;0;3784299;551;0
147;18;336;10;30;43;10;4.60;7;2;1;78;0;3784310;2130;0
147;18;336;10;30;43;99;3.20;6;2;1;70;0;3784399;177;0
147;18;336;10;30;44;75;3.00;6;2;1;75;0;3784475;59;0
147;18;336;10;30;51;16;3.60;6;2;1;77;0;3785116;626;0
147;18;336;10;30;53;99;3.60;8;2;1;76;0;3785399;1782;0
147;18;336;10;30;54;50;3.60;3;1;1;81;0;3785450;1318;0
147;18;336;10;30;56;99;4.00;2;1;1;82;0;3785699;1382;0
147;18;336;10;30;59;19;3.40;2;1;1;81;0;3785919;202;0
147;18;336;10;31;0;24;3.20;3;1;1;81;0;3786024;558;0
147;18;336;10;31;0;23;3.60;7;2;1;80;0;3786023;1691;0
147;18;336;10;31;1;99;3.80;6;2;1;82;0;3786199;1066;0
147;18;336;10;31;3;99;3.60;6;2;1;79;0;3786399;183;0
147;18;336;10;31;4;27;3.80;6;2;1;78;0;3786427;11;0
147;18;336;10;31;5;99;3.60;2;1;1;73;0;3786599;664;0
147;18;336;10;31;6;99;3.80;6;2;1;84;0;3786699;254;0
147;18;336;10;31;8;16;3.60;2;1;1;83;0;3786816;199;0
147;18;336;10;31;10;1;4.20;5;2;1;88;0;3787001;4170;0
147;18;336;10;31;10;99;4.00;3;1;1;95;0;3787099;1060;0
147;18;336;10;31;11;12;4.00;6;2;1;75;0;3787112;396;0
147;18;336;10;31;12;6;3.20;5;2;1;80;0;3787206;187;0
147;18;336;10;31;13;16;3.20;8;2;1;77;0;3787316;1899;0
147;18;336;10;31;13;99;3.40;3;1;1;76;0;3787399;284;0
147;18;336;10;31;15;92;3.40;6;2;1;82;0;3787592;460;0
147;18;336;10;31;18;99;3.40;7;2;1;99;0;3787899;1859;0
147;18;336;10;31;20;15;3.60;6;2;1;102;0;3788015;408;0
147;18;336;10;31;20;99;4.00;4;1;1;83;0;3788099;4183;0
147;18;336;10;31;21;99;3.60;3;1;1;71;0;3788199;783;0
147;18;336;10;31;22;36;3.40;7;2;1;83;0;3788236;324;0
147;18;336;10;31;22;26;3.20;2;1;1;70;0;3788226;1394;0
147;18;336;10;31;23;99;3.40;2;1;1;70;0;3788399;156;0
147;18;336;10;31;28;64;4.60;3;1;1;70;0;3788864;646;0
147;18;336;10;31;28;76;3.40;2;1;1;76;0;3788876;459;0
147;18;336;10;31;30;17;3.60;6;2;1;93;0;3789017;989;0
147;18;336;10;31;31;99;3.60;3;1;1;70;0;3789199;311;0
147;18;336;10;31;32;99;3.80;3;1;1;72;0;3789299;81;0
147;18;336;10;31;32;30;3.40;2;1;1;74;0;3789230;337;0
147;18;336;10;31;34;99;3.40;4;1;1;81;0;3789499;1382;0
147;18;336;10;31;38;77;4.00;4;1;1;99;0;3789877;362;0
147;18;336;10;31;39;99;3.80;6;2;1;82;0;3789999;968;0
147;18;336;10;31;42;12;3.60;3;1;1;83;0;3790212;894;0
147;18;336;10;31;42;4;3.20;2;1;1;90;0;3790204;957;0
147;18;336;10;31;48;11;3.60;3;1;1;85;0;3790811;583;0
147;18;336;10;31;49;99;3.60;3;1;1;86;0;3790999;172;0
147;18;336;10;31;53;58;3.40;3;1;1;89;0;3791358;343;0
147;18;336;10;31;55;14;3.80;1;1;1;84;0;3791514;8699;0
147;18;336;10;31;56;5;3.60;6;2;1;88;0;3791605;1589;0
147;18;336;10;31;56;99;3.80;3;1;1;92;0;3791699;327;0
147;18;336;10;31;57;99;3.60;3;1;1;82;0;3791799;85;0
147;18;336;10;32;0;99;4.60;6;2;1;77;0;3792099;479;0
147;18;336;10;32;0;99;4.00;8;2;1;73;0;3792099;4768;0
147;18;336;10;32;1;99;4.00;5;2;1;82;0;3792199;4978;0
147;18;336;10;32;6;83;3.60;7;2;1;80;0;3792683;4432;0
147;18;336;10;32;7;99;3.60;2;1;1;78;0;3792799;2582;0
147;18;336;10;32;8;16;3.20;3;1;1;76;0;3792816;1001;0
147;18;336;10;32;8;99;4.60;6;2;1;79;0;3792899;778;0
147;18;336;10;32;8;30;3.40;4;1;1;81;0;3792830;2938;0
147;18;336;10;32;9;99;3.60;3;1;1;77;0;3792999;167;0
147;18;336;10;32;10;99;5.40;4;1;1;86;0;3793099;253;0
147;18;336;10;32;11;29;3.60;6;2;1;80;0;3793129;209;0
147;18;336;10;32;12;99;3.00;6;2;1;81;0;3793299;153;0
147;18;336;10;32;13;19;3.20;3;1;1;79;0;3793319;303;0
147;18;336;10;32;14;17;3.60;6;2;1;78;0;3793417;104;0
147;18;336;10;32;14;99;3.40;3;1;1;79;0;3793499;165;0
147;18;336;10;32;17;99;3.40;3;1;1;77;0;3793799;284;0
147;18;336;10;32;19;99;3.80;6;2;1;76;0;3793999;565;0
147;18;336;10;32;20;99;4.80;6;2;1;75;0;3794099;82;0
147;18;336;10;32;23;99;3.20;6;2;1;81;0;3794399;276;0
147;18;336;10;32;23;99;4.40;7;2;1;77;0;3794399;1699;0
147;18;336;10;32;25;4;3.80;8;2;1;80;0;3794504;2385;0
147;18;336;10;32;26;99;4.20;6;2;1;81;0;3794699;285;0
147;18;336;10;32;27;9;4.20;7;2;1;95;0;3794709;289;0
147;18;336;10;32;31;99;3.80;3;1;1;72;0;3795199;1384;0
147;18;336;10;32;32;99;3.80;3;1;1;76;0;3795299;81;0
147;18;336;10;32;33;99;3.60;6;2;1;77;0;3795399;681;0
147;18;336;10;32;34;28;3.40;2;1;1;76;0;3795428;2612;0
147;18;336;10;32;39;65;3.80;6;2;1;89;0;3795965;549;0
147;18;336;10;32;43;99;3.40;2;1;1;79;0;3796399;954;0
147;18;336;10;32;43;99;4.60;8;2;1;78;0;3796399;1877;0
147;18;336;10;32;44;60;3.40;2;1;1;80;0;3796460;45;0
147;18;336;10;32;44;68;3.60;6;2;1;80;0;3796468;487;0
147;18;336;10;32;45;16;3.40;4;1;1;79;0;3796516;3394;0
147;18;336;10;32;45;99;3.20;3;1;1;72;0;3796599;1282;0
147;18;336;10;32;46;99;3.60;3;1;1;76;0;3796699;84;0
147;18;336;10;32;48;15;3.80;3;1;1;79;0;3796815;98;0
147;18;336;10;32;49;19;3.40;8;2;1;79;0;3796919;498;0
147;18;336;10;32;49;48;3.00;2;1;1;78;0;3796948;472;0
147;18;336;10;32;50;9;3.40;6;2;1;82;0;3797009;524;0
147;18;336;10;32;50;99;3.00;3;1;1;80;0;3797099;266;0
147;18;336;10;32;51;99;3.60;6;2;1;82;0;3797199;175;0
147;18;336;10;32;52;72;3.40;5;2;1;88;0;3797272;5055;0
147;18;336;10;32;52;66;3.80;3;1;1;79;0;3797266;153;0
147;18;336;10;32;53;99;3.80;4;1;1;77;0;3797399;867;0
147;18;336;10;32;54;40;3.60;2;1;1;80;0;3797440;478;0
147;18;336;10;32;55;17;3.60;6;2;1;81;0;3797517;302;0
147;18;336;10;32;55;99;4.00;5;2;1;83;0;3797599;313;0
147;18;336;10;32;57;2;3.80;6;2;1;74;0;3797702;169;0
147;18;336;10;32;57;86;5.80;2;1;1;80;0;3797786;329;0
147;18;336;10;32;58;11;3.40;6;2;1;74;0;3797811;90;0
147;18;336;10;32;58;99;3.20;4;1;1;89;0;3797899;482;0
147;18;336;10;32;59;99;3.60;3;1;1;80;0;3797999;715;0
147;18;336;10;33;0;99;3.40;4;1;1;79;0;3798099;187;0
147;18;336;10;33;1;99;3.80;2;1;1;80;0;3798199;386;0
147;18;336;10;33;2;34;3.60;7;2;1;78;0;3798234;3509;0
147;18;336;10;33;3;99;3.40;3;1;1;78;0;3798399;383;0
147;18;336;10;33;4;99;3.80;4;1;1;79;0;3798499;384;0
147;18;336;10;33;4;99;3.40;6;2;1;80;0;3798499;671;0
147;18;336;10;33;6;99;3.60;3;1;1;76;0;3798699;284;0
147;18;336;10;33;12;1;3.60;2;1;1;72;0;3799201;984;0
147;18;336;10;33;14;99;4.00;3;1;1;75;0;3799499;782;0
147;18;336;10;33;14;99;3.80;7;2;1;77;0;3799499;1248;0
147;18;336;10;33;14;99;3.00;2;1;1;80;0;3799499;280;0
147;18;336;10;33;15;13;4.00;8;2;1;80;0;3799513;2578;0
147;18;336;10;33;16;99;3.20;3;1;1;77;0;3799699;180;0
147;18;336;10;33;16;99;3.60;4;1;1;94;0;3799699;1182;0
147;18;336;10;33;17;10;3.60;6;2;1;85;0;3799710;1195;0
147;18;336;10;33;18;7;3.80;8;2;1;81;0;3799807;276;0
147;18;336;10;33;19;99;4.00;7;2;1;79;0;3799999;482;0
147;18;336;10;33;20;7;3.80;3;1;1;84;0;3800007;293;0
147;18;336;10;33;21;99;3.80;6;2;1;82;0;3800199;473;0
147;18;336;10;33;26;21;3.20;6;2;1;80;0;3800621;405;0
147;18;336;10;33;26;99;3.00;3;1;1;77;0;3800699;675;0
147;18;336;10;33;26;99;3.80;7;2;1;87;0;3800699;681;0
147;18;336;10;33;28;12;3.60;2;1;1;75;0;3800812;1299;0
147;18;336;10;33;28;66;3.20;3;1;1;79;0;3800866;152;0
147;18;336;10;33;29;37;3.00;4;1;1;91;0;3800937;1224;0
147;18;336;10;33;29;99;3.40;2;1;1;78;0;3800999;169;0
147;18;336;10;33;29;99;3.40;6;2;1;77;0;3800999;363;0
147;18;336;10;33;30;29;4.40;6;2;1;82;0;3801029;14;0
147;18;336;10;33;31;99;4.40;3;1;1;80;0;3801199;318;0
147;18;336;10;33;33;3;4.00;6;2;1;83;0;3801303;254;0
147;18;336;10;33;38;43;3.00;2;1;1;78;0;3801843;828;0
147;18;336;10;33;40;99;3.80;2;1;1;76;0;3802099;242;0
147;18;336;10;33;41;10;3.80;3;1;1;78;0;3802110;891;0
147;18;336;10;33;41;99;3.60;1;1;1;77;0;3802199;10668;0
147;18;336;10;33;42;99;3.60;5;2;1;91;0;3802299;4682;0
147;18;336;10;33;42;99;3.60;1;1;1;76;0;3802299;83;0
147;18;336;10;33;42;99;4.40;7;2;1;77;0;3802299;1584;0
147;18;336;10;33;43;44;3.20;3;1;1;91;0;3802344;216;0
147;18;336;10;33;44;99;3.00;6;2;1;87;0;3802499;1178;0
147;18;336;10;33;46;54;3.60;6;2;1;78;0;3802654;142;0
147;18;336;10;33;49;99;4.20;5;2;1;83;0;3802999;685;0
147;18;336;10;33;49;99;3.20;6;2;1;73;0;3802999;328;0
147;18;336;10;33;51;75;3.20;6;2;1;86;0;3803175;160;0
147;18;336;10;33;51;80;3.40;3;1;1;92;0;3803180;823;0
147;18;336;10;33;52;21;4.20;7;2;1;99;0;3803221;901;0
147;18;336;10;33;57;33;3.40;4;1;1;88;0;3803733;2784;0
147;18;336;10;33;57;99;4.40;3;1;1;82;0;3803799;605;0
147;18;336;10;33;58;22;4.00;7;2;1;80;0;3803822;585;0
147;18;336;10;34;0;21;3.60;8;2;1;83;0;3804021;4197;0
147;18;336;10;34;3;12;3.80;3;1;1;77;0;3804312;493;0
147;18;336;10;34;3;99;3.00;5;2;1;96;0;3804399;1381;0
147;18;336;10;34;7;13;3.00;6;2;1;79;0;3804713;1524;0
147;18;336;10;34;13;1;3.40;6;2;1;77;0;3805301;574;0
147;18;336;10;34;13;99;3.80;5;2;1;83;0;3805399;988;0
147;18;336;10;34;14;15;3.40;6;2;1;75;0;3805415;98;0
147;18;336;10;34;15;24;3.20;3;1;1;85;0;3805524;1194;0
147;18;336;10;34;16;26;3.40;6;2;1;80;0;3805626;194;0
147;18;336;10;34;16;48;3.40;7;2;1;87;0;3805648;1808;0
147;18;336;10;34;20;13;3.40;2;1;1;84;0;3806013;3896;0
147;18;336;10;34;20;99;3.20;6;2;1;86;0;3806099;457;0
147;18;336;10;34;22;0;3.80;6;2;1;81;0;3806200;87;0
147;18;336;10;34;22;99;4.80;8;2;1;74;0;3806299;2262;0
147;18;336;10;34;23;5;3.60;3;1;1;80;0;3806305;767;0
147;18;336;10;34;23;6;4.00;7;2;1;79;0;3806306;643;0
147;18;336;10;34;23;99;3.40;5;2;1;87;0;3806399;983;0
147;18;336;10;34;23;99;3.00;7;2;1;81;0;3806399;74;0
147;18;336;10;34;26;12;3.20;3;1;1;77;0;3806612;290;0
147;18;336;10;34;27;99;3.80;4;1;1;83;0;3806799;3052;0
147;18;336;10;34;27;99;3.20;7;2;1;85;0;3806799;386;0
147;18;336;10;34;29;4;3.20;3;1;1;76;0;3806904;277;0
147;18;336;10;34;32;87;3.40;6;2;1;86;0;3807287;1070;0
147;18;336;10;34;32;84;3.60;3;1;1;78;0;3807284;364;0
147;18;336;10;34;32;99;3.80;5;2;1;98;0;3807299;885;0
147;18;336;10;34;36;99;3.60;2;1;1;82;0;3807699;1671;0
147;18;336;10;34;37;49;3.60;2;1;1;72;0;3807749;34;0
147;18;336;10;34;38;99;3.40;2;1;1;76;0;3807899;132;0
147;18;336;10;34;39;20;3.60;3;1;1;74;0;3807920;619;0
147;18;336;10;34;40;0;4.20;2;1;1;78;0;3808000;84;0
147;18;336;10;34;41;13;3.40;2;1;1;79;0;3808113;93;3807699
147;18;336;10;34;42;31;3.00;3;1;1;82;0;3808231;293;0
147;18;336;10;34;45;21;3.60;3;1;1;80;0;3808521;276;0
147;18;336;10;34;47;75;4.00;8;2;1;71;0;3808775;2452;0
147;18;336;10;34;49;16;2.80;6;2;1;76;0;3808916;1614;0
147;18;336;10;34;50;99;3.80;1;1;1;74;0;3809099;6782;0
147;18;336;10;34;51;16;3.80;2;1;1;83;0;3809116;987;0
147;18;336;10;34;51;16;3.20;6;2;1;75;0;3809116;186;0
147;18;336;10;34;51;99;3.20;3;1;1;80;0;3809199;661;0
147;18;336;10;34;51;99;4.00;5;2;1;83;0;3809199;1886;0
147;18;336;10;34;52;22;3.20;6;2;1;78;0;3809222;90;0
147;18;336;10;34;54;99;2.80;6;2;1;81;0;3809499;262;0
147;18;336;10;34;54;99;4.00;3;1;1;87;0;3809499;285;0
147;18;336;10;34;55;69;3.40;7;2;1;81;0;3809569;2756;0
147;18;336;10;34;56;99;4.40;8;2;1;92;0;3809699;903;0
147;18;336;10;34;56;99;3.60;2;1;1;78;0;3809699;566;0
147;18;336;10;34;56;99;3.40;3;1;1;84;0;3809699;183;0
147;18;336;10;35;1;99;3.20;3;1;1;70;0;3810199;485;0
147;18;336;10;35;1;99;3.40;2;1;1;58;0;3810199;483;0
147;18;336;10;35;2;99;6.20;6;2;1;81;0;3810299;787;0
147;18;336;10;35;3;86;3.20;3;1;1;69;0;3810386;170;0
147;18;336;10;35;5;18;3.80;2;1;1;61;0;3810518;297;0
147;18;336;10;35;6;99;3.60;3;1;1;73;0;3810699;296;0
147;18;336;10;35;6;99;3.40;4;1;1;80;0;3810699;3883;0
147;18;336;10;35;6;99;3.60;7;2;1;89;0;3810699;1114;0
147;18;336;10;35;6;99;3.60;6;2;1;77;0;3810699;372;0
147;18;336;10;35;8;99;3.80;3;1;1;72;0;3810899;182;0
147;18;336;10;35;11;20;3.40;2;1;1;75;0;3811120;579;0
147;18;336;10;35;11;99;3.60;8;2;1;84;0;3811199;1482;0
147;18;336;10;35;12;21;4.20;7;2;1;96;0;3811221;507;0
147;18;336;10;35;12;18;3.40;2;1;1;76;0;3811218;81;0
147;18;336;10;35;14;99;3.20;2;1;1;77;0;3811499;264;0
147;18;336;10;35;15;12;4.00;3;1;1;79;0;3811512;594;0
147;18;336;10;35;17;8;3.80;3;1;1;77;0;3811708;177;0
147;18;336;10;35;18;64;3.80;2;1;1;81;0;3811864;350;0
147;18;336;10;35;18;78;3.60;5;2;1;77;0;3811878;2661;0
147;18;336;10;35;18;99;2.80;6;2;1;72;0;3811899;1183;0
147;18;336;10;35;20;99;2.80;6;2;1;72;0;3812099;186;0
147;18;336;10;35;22;99;5.00;7;2;1;80;0;3812299;1062;0
147;18;336;10;35;25;17;3.60;3;1;1;81;0;3812517;791;0
147;18;336;10;35;28;53;3.60;6;2;1;74;0;3812853;740;0
147;18;336;10;35;29;99;3.80;6;2;1;76;0;3812999;128;0
147;18;336;10;35;31;73;3.40;6;2;1;76;0;3813173;156;0
147;18;336;10;35;32;99;3.80;7;2;1;79;0;3813299;977;0
147;18;336;10;35;35;99;3.60;2;1;1;76;0;3813599;1718;0
147;18;336;10;35;36;0;3.40;6;2;1;83;0;3813600;410;0
147;18;336;10;35;37;0;3.40;1;1;1;82;0;3813700;4582;0
147;18;336;10;35;37;99;3.60;5;2;1;79;0;3813799;1904;0
147;18;336;10;35;37;99;3.40;5;2;1;79;0;3813799;-1;0
147;18;336;10;35;37;99;3.40;6;2;1;76;0;3813799;184;0
147;18;336;10;35;38;31;4.00;8;2;1;80;0;3813831;2616;0
147;18;336;10;35;38;58;3.20;6;2;1;77;0;3813858;42;0
147;18;336;10;35;40;99;9.80;7;2;6;79;0;3814099;782;0
147;18;336;10;35;42;99;3.80;3;1;1;80;0;3814299;1766;0
147;18;336;10;35;44;93;3.20;3;1;1;82;0;3814493;176;0
147;18;336;10;35;45;99;3.60;6;2;1;76;0;3814599;726;0
147;18;336;10;35;46;9;4.20;3;1;1;85;0;3814609;101;0
147;18;336;10;35;47;11;3.80;6;2;1;76;0;3814711;94;0
147;18;336;10;35;49;99;3.20;3;1;1;77;0;3814999;372;0
147;18;336;10;35;50;99;3.80;5;2;1;84;0;3815099;1284;0
147;18;336;10;35;51;17;3.80;6;2;1;79;0;3815117;388;0
147;18;336;10;35;52;99;11.80;8;2;3;80;0;3815299;1450;0
147;18;336;10;35;53;23;3.60;5;2;1;77;0;3815323;207;0
147;18;336;10;35;54;4;3.00;2;1;1;76;0;3815404;1787;0
147;18;336;10;35;54;62;4.00;3;1;1;80;0;3815462;448;0
147;18;336;10;35;54;99;6.00;1;1;1;84;0;3815499;1784;0
147;18;336;10;35;54;99;3.40;4;1;1;79;0;3815499;4784;0
147;18;336;10;35;56;2;3.40;4;1;1;79;0;3815602;87;0
147;18;336;10;35;58;13;4.00;7;2;1;80;0;3815813;1669;0
147;18;336;10;35;59;55;3.60;3;1;1;79;0;3815955;475;0
147;18;336;10;35;59;92;3.20;6;2;1;77;0;3815992;857;0
147;18;336;10;36;0;99;3.60;1;1;1;82;0;3816099;574;0
147;18;336;10;36;1;99;4.40;7;2;1;82;0;3816199;368;0
147;18;336;10;36;2;99;3.60;7;2;1;77;0;3816299;80;0
147;18;336;10;36;3;16;3.60;3;1;1;79;0;3816316;344;0
147;18;336;10;36;6;11;3.20;3;1;1;75;0;3816611;278;0
147;18;336;10;36;6;20;4.20;7;2;1;89;0;3816620;304;0
147;18;336;10;36;7;99;4.40;8;2;1;87;0;3816799;1446;0
147;18;336;10;36;8;8;3.60;6;2;1;76;0;3816808;801;0
147;18;336;10;36;8;99;3.40;3;1;1;75;0;3816899;272;0
147;18;336;10;36;8;99;3.40;5;2;1;83;0;3816899;1559;0
147;18;336;10;36;9;9;3.20;2;1;1;77;0;3816909;1490;0
147;18;336;10;36;9;85;3.40;6;2;1;79;0;3816985;159;0
147;18;336;10;36;11;99;3.40;2;1;1;77;0;3817199;275;0
147;18;336;10;36;11;2;3.60;3;1;1;80;0;3817102;186;0
147;18;336;10;36;12;14;3.40;7;2;1;77;0;3817214;577;0
147;18;336;10;36;12;99;3.40;1;1;1;73;0;3817299;1184;0
147;18;336;10;36;14;16;3.80;3;1;1;74;0;3817416;297;0
147;18;336;10;36;14;66;3.40;6;2;1;82;0;3817466;465;0
147;18;336;10;36;15;99;4.00;3;1;1;77;0;3817599;164;0
147;18;336;10;36;16;14;4.00;2;1;1;80;0;3817614;399;0
147;18;336;10;36;17;95;3.60;8;2;1;80;0;3817795;977;0
147;18;336;10;36;18;99;3.80;3;1;1;80;0;3817899;281;0
147;18;336;10;36;20;13;3.40;3;1;1;72;0;3818013;96;0
147;18;336;10;36;21;16;3.20;3;1;1;71;0;3818116;86;0
147;18;336;10;36;21;99;3.60;4;1;1;80;0;3818199;2581;0
147;18;336;10;36;22;11;3.40;3;1;1;71;0;3818211;78;0
147;18;336;10;36;22;68;3.80;1;1;1;78;0;3818268;952;0
147;18;336;10;36;23;15;3.60;4;1;1;81;0;3818315;99;0
147;18;336;10;36;23;17;3.80;6;2;1;81;0;3818317;836;0
147;18;336;10;36;23;14;3.40;3;1;1;68;0;3818314;85;3817899
147;18;336;10;36;23;99;3.60;5;2;1;85;0;3818399;1485;0
147;18;336;10;36;24;29;3.80;3;1;1;76;0;3818429;97;3817899
147;18;336;10;36;25;3;3.60;4;1;1;79;0;3818503;172;3817899
147;18;336;10;36;28;99;3.00;3;1;1;69;0;3818899;452;0
147;18;336;10;36;29;11;3.80;2;1;1;80;0;3818911;1279;0
147;18;336;10;36;30;99;3.80;3;1;1;73;0;3819099;184;0
147;18;336;10;36;31;99;4.00;3;1;1;76;0;3819199;81;0
147;18;336;10;36;32;35;3.60;3;1;1;79;0;3819235;17;0
147;18;336;10;36;33;99;7.20;3;1;1;83;0;3819399;147;3818899
147;18;336;10;36;39;2;3.00;2;1;1;74;0;3819902;973;0
147;18;336;10;36;39;11;3.40;6;2;1;88;0;3819911;1577;0
147;18;336;10;36;40;96;3.60;3;1;1;78;0;3820096;665;0
147;18;336;10;36;41;5;3.80;4;1;1;79;0;3820105;1585;0
147;18;336;10;36;42;22;3.80;6;2;1;88;0;3820222;297;0
147;18;336;10;36;42;23;4.00;5;2;1;97;0;3820223;1808;0
147;18;336;10;36;42;58;5.80;3;1;1;75;0;3820258;145;0
147;18;336;10;36;43;99;4.00;2;1;1;77;0;3820399;482;0
147;18;336;10;36;43;99;4.00;6;2;1;85;0;3820399;161;0
147;18;336;10;36;44;99;4.00;3;1;1;81;0;3820499;213;0
147;18;336;10;36;45;99;3.40;2;1;1;79;0;3820599;181;0
147;18;336;10;36;46;19;3.80;3;1;1;82;0;3820619;102;0
147;18;336;10;36;47;26;3.20;6;2;1;80;0;3820726;310;0
147;18;336;10;36;47;44;4.20;3;1;1;82;0;3820744;108;0
147;18;336;10;36;48;99;5.00;6;2;1;82;0;3820899;158;0
147;18;336;10;36;49;23;3.40;2;1;1;77;0;3820923;308;0
147;18;336;10;36;49;99;3.80;3;1;1;83;0;3820999;236;0
147;18;336;10;36;50;31;4.80;4;1;1;100;0;3821031;908;0
147;18;336;10;36;53;99;3.80;5;2;1;81;0;3821399;1161;0
147;18;336;10;36;54;99;3.20;6;2;1;76;0;3821499;578;0
147;18;336;10;36;55;50;4.60;6;2;1;76;0;3821550;35;0
147;18;336;10;36;57;3;3.80;1;1;1;83;0;3821703;3417;0
147;18;336;10;36;57;16;3.80;7;2;1;77;0;3821716;4486;0
147;18;336;10;36;59;99;4.20;3;1;1;80;0;3821999;983;0
147;18;336;10;37;0;24;3.80;2;1;1;81;0;3822024;1085;0
147;18;336;10;37;3;99;3.40;4;1;1;79;0;3822399;1350;0
147;18;336;10;37;5;99;3.60;4;1;1;78;0;3822599;184;0
147;18;336;10;37;6;11;3.60;7;2;1;79;0;3822611;877;0
147;18;336;10;37;6;99;3.60;6;2;1;82;0;3822699;1127;0
147;18;336;10;37;6;99;3.80;3;1;1;91;0;3822699;681;0
147;18;336;10;37;9;99;3.60;7;2;1;80;0;3822999;371;0
147;18;336;10;37;9;99;4.00;2;1;1;73;0;3822999;958;0
147;18;336;10;37;12;9;3.20;6;2;1;83;0;3823209;494;0
147;18;336;10;37;14;99;3.60;6;2;1;83;0;3823499;276;0
147;18;336;10;37;14;99;3.60;7;2;1;88;0;3823499;483;0
147;18;336;10;37;15;35;4.00;7;2;1;87;0;3823535;21;0
147;18;336;10;37;17;99;3.80;5;2;1;86;0;3823799;2383;0
147;18;336;10;37;17;99;3.60;3;1;1;85;0;3823799;1084;0
147;18;336;10;37;17;99;3.80;7;2;1;82;0;3823799;247;0
147;18;336;10;37;18;36;4.00;5;2;1;85;0;3823836;21;0
147;18;336;10;37;18;45;3.60;6;2;1;79;0;3823845;330;0
147;18;336;10;37;20;2;3.40;6;2;1;81;0;3824002;140;0
147;18;336;10;37;20;8;3.60;5;2;1;85;0;3824008;155;0
147;18;336;10;37;21;75;3.40;4;1;1;86;0;3824175;1559;0
147;18;336;10;37;21;99;3.80;2;1;1;83;0;3824199;1180;0
147;18;336;10;37;23;17;3.40;1;1;1;78;0;3824317;2597;0
147;18;336;10;37;24;99;3.00;1;1;1;63;0;3824499;166;0
147;18;336;10;37;27;11;4.20;7;2;1;80;0;3824711;895;0
147;18;336;10;37;28;19;3.40;3;1;1;78;0;3824819;1004;0
147;18;336;10;37;29;99;3.00;6;2;1;75;0;3824999;981;0
147;18;336;10;37;30;99;3.80;6;2;1;77;0;3825099;85;0
147;18;336;10;37;33;13;3.40;1;1;1;83;0;3825313;796;0
147;18;336;10;37;34;72;3.80;6;2;1;81;0;3825472;355;0
147;18;336;10;37;35;99;4.00;6;2;1;80;0;3825599;110;0
147;18;336;10;37;36;43;3.40;2;1;1;79;0;3825643;1427;0
147;18;336;10;37;37;99;3.80;6;2;1;76;0;3825799;182;0
147;18;336;10;37;38;99;3.80;2;1;1;75;0;3825899;240;0
147;18;336;10;37;39;99;3.40;6;2;1;81;0;3825999;182;0
147;18;336;10;37;40;6;3.80;5;2;1;92;0;3826006;1982;0
147;18;336;10;37;40;99;3.60;3;1;1;73;0;3826099;1264;0
147;18;336;10;37;42;99;3.80;3;1;1;72;0;3826299;182;0
147;18;336;10;37;43;99;3.60;2;1;1;77;0;3826399;481;0
147;18;336;10;37;44;99;3.40;3;1;1;70;0;3826499;181;0
147;18;336;10;37;44;99;2.80;2;1;1;71;0;3826499;83;0
147;18;336;10;37;47;10;3.00;6;2;1;87;0;3826710;695;0
147;18;336;10;37;48;20;3.20;3;1;1;73;0;3826820;303;0
147;18;336;10;37;49;6;3.40;3;1;1;71;0;3826906;70;0
147;18;336;10;37;49;70;3.80;4;1;1;79;0;3826970;2780;0
147;18;336;10;37;49;74;4.00;7;2;1;79;0;3826974;2244;0
147;18;336;10;37;49;64;4.00;8;2;1;70;0;3826964;9152;0
147;18;336;10;37;49;93;3.60;1;1;1;76;0;3826993;1665;0
147;18;336;10;37;49;99;3.80;3;1;1;71;0;3826999;75;0
147;18;336;10;37;51;14;4.20;6;2;1;76;0;3827114;391;0
147;18;336;10;37;52;93;3.80;3;1;1;77;0;3827293;274;0
147;18;336;10;37;52;99;3.40;7;2;1;74;0;3827299;306;0
147;18;336;10;37;52;99;3.20;6;2;1;81;0;3827299;165;0
147;18;336;10;37;53;99;3.60;7;2;1;75;0;3827399;83;0
147;18;336;10;37;55;99;3.60;6;2;1;85;0;3827599;285;0
147;18;336;10;37;56;0;4.00;4;1;1;86;0;3827600;612;0
147;18;336;10;37;56;99;3.80;3;1;1;75;0;3827699;388;0
147;18;336;10;37;57;99;3.80;6;2;1;79;0;3827799;184;0
147;18;336;10;38;0;1;3.20;6;2;1;85;0;3828001;184;0
147;18;336;10;38;0;19;4.00;4;1;1;81;0;3828019;402;0
147;18;336;10;38;0;99;3.80;2;1;1;80;0;3828099;1585;0
147;18;336;10;38;1;4;3.60;7;2;1;88;0;3828104;687;0
147;18;336;10;38;1;99;3.60;8;2;1;75;0;3828199;1214;0
147;18;336;10;38;1;2;3.20;3;1;1;76;0;3828102;384;0
147;18;336;10;38;2;11;3.60;2;1;1;78;0;3828211;94;0
147;18;336;10;38;2;72;3.20;6;2;1;80;0;3828272;257;0
147;18;336;10;38;3;99;3.00;2;1;1;78;0;3828399;171;0
147;18;336;10;38;4;18;3.80;6;2;1;83;0;3828418;131;0
147;18;336;10;38;4;28;3.40;1;1;1;81;0;3828428;1417;0
147;18;336;10;38;6;99;3.20;6;2;1;83;0;3828699;264;0
147;18;336;10;38;7;8;3.20;5;2;1;80;0;3828708;2687;0
147;18;336;10;38;9;35;3.80;3;1;1;83;0;3828935;817;0
147;18;336;10;38;11;32;3.40;6;2;1;86;0;3829132;419;0
147;18;336;10;38;12;75;3.40;5;2;1;89;0;3829275;552;0
147;18;336;10;38;13;99;3.40;6;2;1;83;0;3829399;252;0
147;18;336;10;38;14;99;3.60;4;1;1;86;0;3829499;1462;0
147;18;336;10;38;15;5;3.40;7;2;1;77;0;3829505;1386;0
147;18;336;10;38;15;99;3.40;3;1;1;81;0;3829599;647;0
147;18;336;10;38;17;84;3.80;2;1;1;74;0;3829784;1371;0
147;18;336;10;38;20;89;3.40;6;2;1;70;0;3830089;675;0
147;18;336;10;38;21;99;3.20;6;2;1;71;0;3830199;92;0
147;18;336;10;38;23;12;3.60;3;1;1;77;0;3830312;697;0
147;18;336;10;38;24;99;3.80;3;1;1;77;0;3830499;170;0
147;18;336;10;38;26;99;4.60;3;1;1;78;0;3830699;182;0
147;18;336;10;38;28;99;4.00;4;1;1;93;0;3830899;1384;0
147;18;336;10;38;28;99;3.60;6;2;1;86;0;3830899;683;0
147;18;336;10;38;29;99;3.20;3;1;1;80;0;3830999;278;0
147;18;336;10;38;31;2;3.80;6;2;1;79;0;3831102;187;0
147;18;336;10;38;31;99;3.60;4;1;1;84;0;3831199;284;0
147;18;336;10;38;31;99;4.00;3;1;1;75;0;3831199;185;0
147;18;336;10;38;32;25;3.80;7;2;1;77;0;3831225;1704;0
147;18;336;10;38;33;89;3.40;6;2;1;75;0;3831389;269;0
147;18;336;10;38;33;91;4.40;3;1;1;74;0;3831391;172;0
147;18;336;10;38;34;3;4.00;6;2;1;79;0;3831403;-1;0
147;18;336;10;38;35;99;5.40;6;2;1;81;0;3831599;177;0
147;18;336;10;38;37;1;3.20;2;1;1;79;0;3831701;1898;0
147;18;336;10;38;37;30;3.20;4;1;1;88;0;3831730;515;0
147;18;336;10;38;37;37;4.40;6;2;1;82;0;3831737;114;0
147;18;336;10;38;38;20;3.40;3;1;1;82;0;3831820;407;0
147;18;336;10;38;39;99;3.20;6;2;1;77;0;3831999;242;0
147;18;336;10;38;40;61;3.20;5;2;1;87;0;3832061;2772;0
147;18;336;10;38;41;22;3.40;2;1;1;79;0;3832122;406;0
147;18;336;10;38;41;99;4.00;4;1;1;91;0;3832199;455;0
147;18;336;10;38;42;95;5.00;7;2;1;62;0;3832295;1052;0
147;18;336;10;38;44;99;3.20;6;2;1;76;0;3832499;485;0
147;18;336;10;38;44;99;4.40;2;1;1;73;0;3832499;361;0
147;18;336;10;38;48;67;3.60;3;1;1;81;0;3832867;1032;0
147;18;336;10;38;49;99;3.80;3;1;1;84;0;3832999;116;0
147;18;336;10;38;50;2;3.40;6;2;1;80;0;3833002;487;0
147;18;336;10;38;51;21;3.80;6;2;1;76;0;3833121;103;0
147;18;336;10;38;51;99;3.80;4;1;1;83;0;3833199;984;0
147;18;336;10;38;52;17;4.40;6;2;1;77;0;3833217;78;0
147;18;336;10;38;52;99;3.80;4;1;1;84;0;3833299;83;0
147;18;336;10;38;52;99;3.60;2;1;1;75;0;3833299;778;0
147;18;336;10;38;52;99;5.40;8;2;1;80;0;3833299;5082;0
147;18;336;10;38;53;68;3.40;1;1;1;76;0;3833368;4924;0
147;18;336;10;38;54;99;3.40;6;2;1;79;0;3833499;261;0
147;18;336;10;38;54;99;3.60;3;1;1;77;0;3833499;483;0
147;18;336;10;38;55;23;3.60;8;2;1;77;0;3833523;199;0
147;18;336;10;38;56;99;3.20;3;1;1;73;0;3833699;183;0
147;18;336;10;38;57;99;3.40;2;1;1;77;0;3833799;482;0
147;18;336;10;38;58;98;3.80;3;1;1;71;0;3833898;183;0
147;18;336;10;38;59;4;3.40;8;2;1;73;0;3833904;364;0
147;18;336;10;39;0;99;3.60;2;1;1;79;0;3834099;284;0
147;18;336;10;39;1;78;3.00;2;1;1;76;0;3834178;62;0
147;18;336;10;39;2;99;2.80;7;2;1;76;0;3834299;1974;0
147;18;336;10;39;2;99;3.00;3;1;1;77;0;3834299;381;0
147;18;336;10;39;4;99;3.60;1;1;1;78;0;3834499;1114;0
147;18;336;10;39;4;99;3.20;2;1;1;73;0;3834499;306;0
147;18;336;10;39;6;93;3.40;7;2;1;76;0;3834693;380;0
147;18;336;10;39;8;24;3.80;7;2;1;93;0;3834824;114;0
147;18;336;10;39;8;28;3.40;4;1;1;82;0;3834828;1512;0
147;18;336;10;39;8;8;3.60;6;2;1;82;0;3834808;1293;0
147;18;336;10;39;8;11;3.80;3;1;1;79;0;3834811;497;0
147;18;336;10;39;10;15;3.80;6;2;1;80;0;3835015;191;0
147;18;336;10;39;10;30;3.40;7;2;1;88;0;3835030;191;0
147;18;336;10;39;11;14;3.80;8;2;1;86;0;3835114;1193;0
147;18;336;10;39;11;99;3.40;8;2;1;80;0;3835199;69;0
147;18;336;10;39;11;99;3.80;2;1;1;82;0;3835199;684;0
147;18;336;10;39;13;19;3.60;3;1;1;83;0;3835319;490;0
147;18;336;10;39;14;99;3.20;2;1;1;74;0;3835499;283;0
147;18;336;10;39;16;89;4.60;3;1;1;81;0;3835689;354;0
147;18;336;10;39;17;99;3.40;2;1;1;84;0;3835799;284;0
147;18;336;10;39;19;99;3.20;3;1;1;82;0;3835999;289;0
147;18;336;10;39;23;99;3.80;3;1;1;90;0;3836399;385;0
147;18;336;10;39;23;99;3.20;2;1;1;78;0;3836399;585;0
147;18;336;10;39;25;99;3.60;2;1;1;80;0;3836599;185;0
147;18;336;10;39;26;61;3.80;4;1;1;88;0;3836661;1818;0
147;18;336;10;39;27;99;3.60;4;1;1;83;0;3836799;122;0
147;18;336;10;39;27;99;3.40;2;1;1;81;0;3836799;183;0
147;18;336;10;39;27;99;3.00;3;1;1;75;0;3836799;384;0
147;18;336;10;39;28;19;3.00;6;2;1;82;0;3836819;1786;0
147;18;336;10;39;31;11;3.40;6;2;1;74;0;3837111;278;0
147;18;336;10;39;32;99;3.80;6;2;1;79;0;3837299;171;0
147;18;336;10;39;34;61;4.00;3;1;1;78;0;3837461;647;0
147;18;336;10;39;36;22;3.40;8;2;1;78;0;3837622;2407;0
147;18;336;10;39;37;28;3.20;2;1;1;78;0;3837728;913;0
147;18;336;10;39;37;99;3.20;6;2;1;81;0;3837799;482;0
147;18;336;10;39;38;0;3.00;1;1;1;76;0;3837800;3284;0
147;18;336;10;39;39;24;3.60;4;1;1;83;0;3837924;1109;0
147;18;336;10;39;39;75;3.80;3;1;1;73;0;3837975;495;0
147;18;336;10;39;40;99;3.00;1;1;1;80;0;3838099;284;0
147;18;336;10;39;40;99;3.40;6;2;1;79;0;3838099;285;0
147;18;336;10;39;40;99;3.80;3;1;1;78;0;3838099;105;0
147;18;336;10;39;41;15;3.80;8;2;1;91;0;3838115;477;0
147;18;336;10;39;41;40;4.00;3;1;1;76;0;3838140;23;0
147;18;336;10;39;41;34;8.20;6;2;6;77;0;3838134;19;0
147;18;336;10;39;42;93;3.40;7;2;1;81;0;3838293;3249;0
147;18;336;10;39;42;99;4.00;5;2;1;96;0;3838299;6224;0
147;18;336;10;39;43;99;3.40;3;1;1;78;0;3838399;240;0
147;18;336;10;39;47;79;5.00;5;2;1;91;0;3838779;465;0
147;18;336;10;39;47;99;11.60;6;2;3;85;0;3838799;626;0
147;18;336;10;39;48;20;3.80;7;2;1;82;0;3838820;511;0
147;18;336;10;39;48;99;3.60;8;2;1;74;0;3838899;768;0
147;18;336;10;39;51;99;3.40;6;2;1;81;0;3839199;350;0
147;18;336;10;39;51;99;3.40;2;1;1;74;0;3839199;1456;0
147;18;336;10;39;52;13;3.20;3;1;1;83;0;3839213;798;0
147;18;336;10;39;53;99;3.40;6;2;1;82;0;3839399;184;0
147;18;336;10;39;55;99;3.40;4;1;1;77;0;3839599;1659;0
147;18;336;10;39;56;99;3.80;6;2;1;79;0;3839699;285;0
147;18;336;10;40;0;2;3.60;6;2;1;82;0;3840002;285;0
147;18;336;10;40;4;0;5.20;6;2;1;84;0;3840400;382;0
147;18;336;10;40;4;99;8.40;3;1;2;62;0;3840499;1272;0
147;18;336;10;40;6;99;3.00;2;1;1;80;0;3840699;1483;0
147;18;336;10;40;9;28;3.20;2;1;1;79;0;3840928;215;0
147;18;336;10;40;9;99;3.80;2;1;1;86;0;3840999;56;0
147;18;336;10;40;9;99;4.00;6;2;1;80;0;3840999;576;0
147;18;336;10;40;11;13;3.40;3;1;1;75;0;3841113;565;0
147;18;336;10;40;12;46;3.00;3;1;1;79;0;3841246;116;0
147;18;336;10;40;13;13;3.60;4;1;1;87;0;3841313;1698;0
147;18;336;10;40;13;99;3.60;6;2;1;84;0;3841399;382;0
147;18;336;10;40;14;1;5.60;3;1;1;81;0;3841401;141;0
147;18;336;10;40;14;20;4.00;1;1;1;80;0;3841420;3307;0
147;18;336;10;40;18;99;3.60;5;2;1;77;0;3841899;3100;0
147;18;336;10;40;19;15;3.40;4;1;1;83;0;3841915;587;0
147;18;336;10;40;19;99;3.20;6;2;1;80;0;3841999;584;0
147;18;336;10;40;20;6;3.00;3;1;1;74;0;3842006;580;0
147;18;336;10;40;20;4;4.40;2;1;1;81;0;3842004;989;0
147;18;336;10;40;23;85;3.80;3;1;1;75;0;3842385;364;0
147;18;336;10;40;23;99;3.40;2;1;1;81;0;3842399;375;0
147;18;336;10;40;24;18;3.40;3;1;1;76;0;3842418;14;0
147;18;336;10;40;25;15;3.20;2;1;1;81;0;3842515;100;0
147;18;336;10;40;25;40;3.60;6;2;1;83;0;3842540;526;0
147;18;336;10;40;25;58;3.60;3;1;1;71;0;3842558;123;0
147;18;336;10;40;26;18;4.20;2;1;1;78;0;3842618;88;0
147;18;336;10;40;26;99;3.60;6;2;1;81;0;3842699;143;0
147;18;336;10;40;27;99;3.20;7;2;1;82;0;3842799;3962;0
147;18;336;10;40;27;99;3.80;2;1;1;82;0;3842799;161;0
147;18;336;10;40;28;16;3.00;6;2;1;77;0;3842816;101;0
147;18;336;10;40;28;84;4.00;1;1;1;89;0;3842884;1446;0
147;18;336;10;40;28;99;3.60;8;2;1;79;0;3842899;3982;0
147;18;336;10;40;30;8;3.20;2;1;1;81;0;3843008;192;3842399
147;18;336;10;40;31;12;3.40;2;1;1;78;0;3843112;89;3842399
147;18;336;10;40;32;11;3.80;2;1;1;74;0;3843211;83;3842399
147;18;336;10;40;34;99;1.00;7;2;1;1;1;3843499;685;0
147;18;336;10;40;34;98;1.00;7;2;1;1;1;3843498;684;0
147;18;336;10;40;36;16;3.80;7;2;1;77;0;3843616;802;0
147;18;336;10;40;37;10;4.00;5;2;1;86;0;3843710;1794;0
147;18;336;10;40;37;14;3.60;3;1;1;79;0;3843714;1137;0
147;18;336;10;40;37;99;3.60;4;1;1;97;0;3843799;1869;0
147;18;336;10;40;39;99;4.00;4;1;1;93;0;3843999;186;0
147;18;336;10;40;40;99;3.40;1;1;1;75;0;3844099;1198;0
147;18;336;10;40;40;19;4.60;3;1;1;80;0;3844019;288;0
147;18;336;10;40;41;99;3.40;2;1;1;81;0;3844199;969;0
147;18;336;10;40;42;99;3.60;6;2;1;78;0;3844299;1468;0
147;18;336;10;40;41;43;5.60;7;2;1;35;0;3844143;509;0
147;18;336;10;40;43;47;3.40;1;1;1;77;0;3844347;231;0
147;18;336;10;40;45;11;3.40;3;1;1;78;0;3844511;471;0
147;18;336;10;40;49;99;4.40;4;1;1;79;0;3844999;984;0
147;18;336;10;40;50;99;3.40;3;1;1;74;0;3845099;572;0
147;18;336;10;40;50;99;4.00;7;2;1;82;0;3845099;898;0
147;18;336;10;40;52;99;4.00;6;2;1;82;0;3845299;983;0
147;18;336;10;40;52;99;3.80;7;2;1;72;0;3845299;182;0
147;18;336;10;40;53;17;3.40;2;1;1;81;0;3845317;1102;0
147;18;336;10;40;54;22;3.60;3;1;1;81;0;3845422;306;0
147;18;336;10;40;55;21;3.80;7;2;1;82;0;3845521;203;0
147;18;336;10;40;55;1;3.00;6;2;1;74;0;3845501;184;0
147;18;336;10;40;56;4;3.00;3;1;1;80;0;3845604;166;0
147;18;336;10;40;56;99;3.20;2;1;1;82;0;3845699;366;0
147;18;336;10;40;59;99;4.20;3;1;1;72;0;3845999;381;0
147;18;336;10;41;0;9;3.80;6;2;1;69;0;3846009;493;0
147;18;336;10;41;0;99;3.60;6;2;1;69;0;3846099;70;0
147;18;336;10;41;2;99;3.60;2;1;1;78;0;3846299;585;0
147;18;336;10;41;3;14;4.00;4;1;1;82;0;3846314;1294;0
147;18;336;10;41;3;37;3.40;5;2;1;91;0;3846337;2610;0
147;18;336;10;41;4;22;3.60;6;2;1;79;0;3846422;304;0
147;18;336;10;41;4;89;3.60;3;1;1;73;0;3846489;469;0
147;18;336;10;41;4;99;4.00;2;1;1;82;0;3846499;183;0
147;18;336;10;41;6;16;3.40;7;2;1;84;0;3846616;1078;0
147;18;336;10;41;7;99;3.80;7;2;1;79;0;3846799;168;0
147;18;336;10;41;11;13;3.60;2;1;1;75;0;3847113;596;0
147;18;336;10;41;14;93;3.80;2;1;1;77;0;3847493;362;0
147;18;336;10;41;14;99;4.00;6;2;1;81;0;3847499;1060;0
147;18;336;10;41;15;18;3.60;5;2;1;86;0;3847518;1167;0
147;18;336;10;41;16;20;3.80;7;2;1;79;0;3847620;803;0
147;18;336;10;41;16;23;5.20;5;2;1;85;0;3847623;89;0
147;18;336;10;41;17;99;3.00;6;2;1;78;0;3847799;282;0
147;18;336;10;41;18;3;4.40;2;1;1;62;0;3847803;292;0
147;18;336;10;41;19;77;3.00;3;1;1;77;0;3847977;1470;0
147;18;336;10;41;19;90;3.60;1;1;1;97;0;3847990;3627;0
147;18;336;10;41;20;9;3.60;7;2;1;85;0;3848009;371;0
147;18;336;10;41;20;99;3.60;4;1;1;73;0;3848099;1767;0
147;18;336;10;41;21;11;3.00;7;2;1;86;0;3848111;86;0
147;18;336;10;41;21;18;3.80;2;1;1;67;0;3848118;289;0
147;18;336;10;41;24;36;3.40;3;1;1;70;0;3848436;444;0
147;18;336;10;41;24;34;20.00;7;2;5;78;0;3848434;310;0
147;18;336;10;41;26;23;3.40;6;2;1;84;0;3848623;810;0
147;18;336;10;41;26;99;3.60;3;1;1;72;0;3848699;245;0
147;18;336;10;41;26;44;3.80;2;1;1;84;0;3848644;505;0
147;18;336;10;41;27;26;3.40;4;1;1;102;0;3848726;609;0
147;18;336;10;41;30;6;3.80;8;2;1;80;0;3849006;6090;0
147;18;336;10;41;30;99;3.20;3;1;1;69;0;3849099;382;0
147;18;336;10;41;32;4;3.40;3;1;1;73;0;3849204;88;0
147;18;336;10;41;33;28;3.80;3;1;1;86;0;3849328;107;0
147;18;336;10;41;33;99;3.80;5;2;1;88;0;3849399;1753;0
147;18;336;10;41;33;99;3.80;6;2;1;83;0;3849399;761;0
147;18;336;10;41;37;67;3.80;3;1;1;83;0;3849767;423;0
147;18;336;10;41;37;83;4.80;7;2;1;88;0;3849783;1256;0
147;18;336;10;41;38;99;3.40;6;2;1;81;0;3849899;483;0
147;18;336;10;41;41;99;5.20;3;1;1;81;0;3850199;415;0
147;18;336;10;41;42;20;4.00;6;2;1;86;0;3850220;305;0
147;18;336;10;41;42;70;3.40;2;1;1;77;0;3850270;1609;0
147;18;336;10;41;42;90;3.80;4;1;1;82;0;3850290;1552;0
147;18;336;10;41;43;10;3.40;7;2;1;85;0;3850310;507;0
147;18;336;10;41;47;49;3.20;6;2;1;78;0;3850749;512;0
147;18;336;10;41;49;99;3.60;2;1;1;78;0;3850999;713;0
147;18;336;10;41;49;17;3.80;6;2;1;80;0;3850917;153;0
147;18;336;10;41;49;27;3.60;3;1;1;88;0;3850927;704;0
147;18;336;10;41;51;5;3.40;2;1;1;81;0;3851105;89;0
147;18;336;10;41;51;99;3.40;1;1;1;74;0;3851199;3195;0
147;18;336;10;41;52;29;3.40;2;1;1;81;0;3851229;108;0
147;18;336;10;41;52;30;3.80;4;1;1;87;0;3851230;923;0
147;18;336;10;41;53;99;3.60;5;2;1;82;0;3851399;1984;0
147;18;336;10;41;54;5;3.40;2;1;1;80;0;3851405;160;0
147;18;336;10;41;54;99;3.80;6;2;1;74;0;3851499;564;0
147;18;336;10;41;55;3;4.00;5;2;1;83;0;3851503;88;0
147;18;336;10;41;55;81;3.60;6;2;1;77;0;3851581;63;0
147;18;336;10;41;56;99;3.00;2;1;1;79;0;3851699;278;0
147;18;336;10;41;56;99;3.40;4;1;1;78;0;3851699;453;0
147;18;336;10;41;57;20;3.60;5;2;1;80;0;3851720;199;0
147;18;336;10;41;57;65;3.40;3;1;1;76;0;3851765;823;0
147;18;336;10;42;0;88;3.60;7;2;1;89;0;3852088;1763;0
147;18;336;10;42;1;99;4.00;2;1;1;75;0;3852199;486;0
147;18;336;10;42;2;21;3.00;6;2;1;75;0;3852221;623;0
147;18;336;10;42;2;35;3.60;3;1;1;77;0;3852235;453;0
147;18;336;10;42;3;99;3.00;6;2;1;78;0;3852399;163;0
147;18;336;10;42;3;99;3.60;2;1;1;73;0;3852399;180;0
147;18;336;10;42;4;12;3.60;6;2;1;79;0;3852412;-1;0
147;18;336;10;42;5;11;3.40;2;1;1;73;0;3852511;94;0
147;18;336;10;42;5;68;3.60;3;1;1;87;0;3852568;316;0
147;18;336;10;42;5;60;3.60;7;2;1;75;0;3852560;457;0
147;18;336;10;42;6;99;4.00;4;1;1;92;0;3852699;984;0
147;18;336;10;42;7;4;3.80;7;2;1;77;0;3852704;126;0
147;18;336;10;42;7;37;3.80;2;1;1;86;0;3852737;209;0
147;18;336;10;42;8;18;3.60;3;1;1;78;0;3852818;235;0
147;18;336;10;42;8;99;3.60;6;2;1;81;0;3852899;470;0
147;18;336;10;42;10;4;3.40;3;1;1;76;0;3853004;169;0
147;18;336;10;42;10;12;3.60;7;2;1;79;0;3853012;290;0
147;18;336;10;42;11;99;3.80;5;2;1;86;0;3853199;1462;0
147;18;336;10;42;12;2;3.60;6;2;1;79;0;3853202;287;0
147;18;336;10;42;13;22;3.20;3;1;1;81;0;3853322;301;0
147;18;336;10;42;14;26;3.00;6;2;1;78;0;3853426;207;0
147;18;336;10;42;14;99;3.80;7;2;1;82;0;3853499;470;0
147;18;336;10;42;14;99;3.40;4;1;1;79;0;3853499;784;0
147;18;336;10;42;15;3;4.00;2;1;1;67;0;3853503;750;0
147;18;336;10;42;16;99;3.80;3;1;1;73;0;3853699;362;0
147;18;336;10;42;17;14;3.40;5;2;1;72;0;3853714;499;0
147;18;336;10;42;17;19;3.20;6;2;1;74;0;3853719;279;0
147;18;336;10;42;17;99;3.40;7;2;1;77;0;3853799;283;0
147;18;336;10;42;17;0;4.40;2;1;1;70;0;3853700;175;0
147;18;336;10;42;18;23;3.20;3;1;1;75;0;3853823;105;0
147;18;336;10;42;18;97;3.40;4;1;1;88;0;3853897;382;0
147;18;336;10;42;18;99;3.60;6;2;1;77;0;3853899;164;0
147;18;336;10;42;18;99;3.80;7;2;1;74;0;3853899;84;0
147;18;336;10;42;20;1;3.60;5;2;1;81;0;3854001;270;0
147;18;336;10;42;20;2;5.20;3;1;1;79;0;3854002;163;0
147;18;336;10;42;21;99;3.60;6;2;1;85;0;3854199;283;0
147;18;336;10;42;23;89;3.40;2;1;1;79;0;3854389;666;0
147;18;336;10;42;24;19;3.20;5;2;1;87;0;3854419;402;0
147;18;336;10;42;24;19;3.20;6;2;1;87;0;3854419;204;0
147;18;336;10;42;25;14;3.60;3;1;1;82;0;3854514;488;0
147;18;336;10;42;25;26;4.00;6;2;1;80;0;3854526;93;0
147;18;336;10;42;26;99;3.80;2;1;1;84;0;3854699;294;0
147;18;336;10;42;28;79;4.00;4;1;1;85;0;3854879;968;0
147;18;336;10;42;30;99;3.20;2;1;1;70;0;3855099;383;0
147;18;336;10;42;31;86;3.80;6;2;1;80;0;3855186;642;0
147;18;336;10;42;31;93;4.60;7;2;1;76;0;3855193;1275;0
147;18;336;10;42;32;99;3.60;8;2;1;78;0;3855299;6275;0
147;18;336;10;42;33;19;3.20;2;1;1;78;0;3855319;203;0
147;18;336;10;42;33;74;3.40;3;1;1;71;0;3855374;844;0
147;18;336;10;42;36;14;3.60;7;2;1;83;0;3855614;399;0
147;18;336;10;42;37;99;3.60;7;2;1;79;0;3855799;169;0
147;18;336;10;42;37;99;3.80;5;2;1;81;0;3855799;1366;0
147;18;336;10;42;38;35;3.40;3;1;1;87;0;3855835;443;0
147;18;336;10;42;38;72;3.40;6;2;1;81;0;3855872;668;0
147;18;336;10;42;39;30;4.00;4;1;1;98;0;3855930;1034;0
147;18;336;10;42;39;24;3.00;2;1;1;77;0;3855924;590;0
147;18;336;10;42;40;22;3.60;5;2;1;80;0;3856022;206;0
147;18;336;10;42;43;11;3.20;6;2;1;77;0;3856311;423;0
147;18;336;10;42;43;42;4.00;7;2;1;91;0;3856342;526;0
147;18;336;10;42;43;46;4.00;2;1;1;76;0;3856346;407;0
147;18;336;10;42;44;99;3.60;5;2;1;80;0;3856499;460;0
147;18;336;10;42;45;21;3.80;6;2;1;80;0;3856521;195;0
147;18;336;10;42;46;99;5.80;6;2;1;82;0;3856699;160;0
147;18;336;10;42;47;14;3.20;5;2;1;82;0;3856714;198;0
147;18;336;10;42;46;24;22.40;2;1;5;76;0;3856624;259;0
147;18;336;10;42;48;25;4.60;3;1;1;80;0;3856825;975;0
147;18;336;10;42;51;63;3.80;6;2;1;81;0;3857163;438;0
147;18;336;10;42;52;99;3.00;4;1;1;81;0;3857299;1354;0
147;18;336;10;42;55;99;4.00;6;2;1;81;0;3857599;419;0
147;18;336;10;42;55;99;3.20;1;1;1;78;0;3857599;6383;0
147;18;336;10;42;56;33;3.40;6;2;1;80;0;3857633;16;0
147;18;336;10;42;56;71;3.80;2;1;1;82;0;3857671;940;0
147;18;336;10;42;57;99;3.20;7;2;1;80;0;3857799;1441;0
147;18;336;10;42;59;76;3.40;7;2;1;78;0;3857976;162;0
147;18;336;10;42;59;91;3.00;4;1;1;86;0;3857991;678;0
147;18;336;10;42;59;99;4.40;3;1;1;74;0;3857999;1153;0
147;18;336;10;42;59;99;4.40;2;1;1;87;0;3857999;311;0
147;18;336;10;42;59;99;3.80;1;1;1;88;0;3857999;385;0
147;18;336;10;43;0;99;3.80;6;2;1;87;0;3858099;450;0
147;18;336;10;43;1;6;4.00;1;1;1;77;0;3858106;91;0
147;18;336;10;43;1;14;3.60;4;1;1;83;0;3858114;110;0
147;18;336;10;43;2;9;2.80;1;1;1;74;0;3858209;84;0
147;18;336;10;43;2;99;3.40;3;1;1;78;0;3858299;278;0
147;18;336;10;43;3;99;4.20;6;2;1;82;0;3858399;284;0
147;18;336;10;43;3;99;3.20;1;1;1;76;0;3858399;176;0
147;18;336;10;43;6;22;3.00;3;1;1;76;0;3858622;307;0
147;18;336;10;43;7;99;3.60;3;1;1;75;0;3858799;162;0
147;18;336;10;43;8;99;3.80;2;1;1;78;0;3858899;881;0
147;18;336;10;43;9;46;3.80;3;1;1;76;0;3858946;129;0
147;18;336;10;43;11;2;3.40;3;1;1;77;0;3859102;138;0
147;18;336;10;43;11;11;3.60;5;2;1;87;0;3859111;2382;0
147;18;336;10;43;12;99;3.60;3;1;1;82;0;3859299;181;3858622
147;18;336;10;43;14;46;3.60;2;1;1;82;0;3859446;529;0
147;18;336;10;43;14;70;3.80;4;1;1;81;0;3859470;1340;0
147;18;336;10;43;15;99;6.00;6;2;1;77;0;3859599;1181;0
147;18;336;10;43;16;25;2.80;2;1;1;79;0;3859625;163;0
147;18;336;10;43;16;99;3.60;3;1;1;78;0;3859699;384;0
147;18;336;10;43;17;99;3.60;6;2;1;81;0;3859799;171;0
147;18;336;10;43;19;29;3.60;2;1;1;79;0;3859929;291;0
147;18;336;10;43;20;99;5.40;3;1;1;82;0;3860099;383;0
147;18;336;10;43;20;99;3.40;6;2;1;76;0;3860099;284;0
147;18;336;10;43;22;99;3.40;6;2;1;77;0;3860299;183;0
147;18;336;10;43;24;22;3.60;6;2;1;82;0;3860422;107;0
147;18;336;10;43;24;78;3.80;4;1;1;82;0;3860478;991;0
147;18;336;10;43;25;99;3.60;3;1;1;76;0;3860599;476;0
147;18;336;10;43;26;19;3.20;6;2;1;83;0;3860619;181;0
147;18;336;10;43;27;87;4.00;6;2;1;86;0;3860787;154;3860099
147;18;336;10;43;29;10;3.80;4;1;1;87;0;3860910;415;0
147;18;336;10;43;30;99;3.40;3;1;1;91;0;3861099;482;0
147;18;336;10;43;33;14;3.80;6;2;1;75;0;3861314;510;0
147;18;336;10;43;33;99;3.80;2;1;1;77;0;3861399;1453;0
147;18;336;10;43;33;99;4.20;4;1;1;90;0;3861399;473;0
147;18;336;10;43;35;6;3.20;2;1;1;74;0;3861506;89;0
147;18;336;10;43;38;99;3.80;5;2;1;81;0;3861899;2773;0
147;18;336;10;43;39;7;3.80;6;2;1;72;0;3861907;574;0
147;18;336;10;43;39;99;3.00;1;1;1;70;0;3861999;3584;0
147;18;336;10;43;39;3;3.80;7;2;1;81;0;3861903;3911;0
147;18;336;10;43;39;43;3.40;3;1;1;81;0;3861943;830;0
147;18;336;10;43;40;2;3.80;5;2;1;85;0;3862002;86;0
147;18;336;10;43;40;11;3.40;1;1;1;71;0;3862011;-1;0
147;18;336;10;43;42;49;3.40;7;2;1;77;0;3862249;329;0
147;18;336;10;43;43;99;3.60;6;2;1;85;0;3862399;473;0
147;18;336;10;43;44;18;3.80;3;1;1;80;0;3862418;459;0
147;18;336;10;43;45;88;4.00;4;1;1;85;0;3862588;1172;0
147;18;336;10;43;45;99;3.40;6;2;1;80;0;3862599;184;0
147;18;336;10;43;46;5;5.00;3;1;1;77;0;3862605;169;0
147;18;336;10;43;47;4;3.80;6;2;1;83;0;3862704;89;0
147;18;336;10;43;49;99;4.00;4;1;1;84;0;3862999;394;0
147;18;336;10;43;49;99;3.20;3;1;1;77;0;3862999;370;0
147;18;336;10;43;52;9;6.80;3;1;1;76;0;3863209;195;0
147;18;336;10;43;53;99;3.20;3;1;1;76;0;3863399;157;0
147;18;336;10;43;54;99;4.00;6;2;1;81;0;3863499;778;0
147;18;336;10;43;56;3;3.20;6;2;1;84;0;3863603;86;0
147;18;336;10;43;57;17;3.40;6;2;1;71;0;3863717;100;0
147;18;336;10;43;58;89;3.80;5;2;1;94;0;3863889;1870;0
147;18;336;10;43;58;92;4.20;7;2;1;75;0;3863892;1627;0
147;18;336;10;43;59;99;3.80;2;1;1;77;0;3863999;2477;0
147;18;336;10;43;59;99;3.40;6;2;1;76;0;3863999;264;0
147;18;336;10;44;0;1;3.60;3;1;1;79;0;3864001;586;0
147;18;336;10;44;1;12;3.40;3;1;1;74;0;3864112;94;0
147;18;336;10;44;1;99;3.60;2;1;1;75;0;3864199;182;0
147;18;336;10;44;2;99;3.40;2;1;1;73;0;3864299;82;0
147;18;336;10;44;2;14;4.00;6;2;1;80;0;3864214;198;0
147;18;336;10;44;3;99;3.60;3;1;1;78;0;3864399;270;0
147;18;336;10;44;4;99;3.40;2;1;1;76;0;3864499;183;0
147;18;336;10;44;7;2;3.60;3;1;1;86;0;3864702;286;0
147;18;336;10;44;8;59;3.80;6;2;1;80;0;3864859;627;0
147;18;336;10;44;10;62;3.60;6;2;1;75;0;3865062;185;0
147;18;336;10;44;11;99;3.80;3;1;1;79;0;3865199;481;0
147;18;336;10;44;12;9;4.20;7;2;1;78;0;3865209;1296;0
147;18;336;10;44;13;24;3.60;1;1;1;80;0;3865324;3295;0
147;18;336;10;44;14;99;3.00;3;1;1;74;0;3865499;282;0
147;18;336;10;44;15;22;3.40;3;1;1;74;0;3865522;8;0
147;18;336;10;44;16;99;4.00;7;2;1;86;0;3865699;470;0
147;18;336;10;44;19;99;3.20;2;1;1;84;0;3865999;1483;0
147;18;336;10;44;22;0;3.80;3;1;1;79;0;3866200;661;0
147;18;336;10;44;23;18;3.60;2;1;1;76;0;3866318;305;0
147;18;336;10;44;23;74;4.00;8;2;1;93;0;3866374;11058;0
147;18;336;10;44;23;69;3.40;6;2;1;76;0;3866369;1289;0
147;18;336;10;44;24;99;3.40;6;2;1;78;0;3866499;113;0
147;18;336;10;44;26;72;3.80;3;1;1;76;0;3866672;454;0
147;18;336;10;44;27;99;3.60;5;2;1;91;0;3866799;2895;0
147;18;336;10;44;27;99;3.00;2;1;1;81;0;3866799;463;0
147;18;336;10;44;28;16;3.60;6;2;1;87;0;3866816;301;0
147;18;336;10;44;29;99;3.20;2;1;1;76;0;3866999;186;0
147;18;336;10;44;29;99;3.80;3;1;1;71;0;3866999;309;0
147;18;336;10;44;30;21;3.60;1;1;1;81;0;3867021;1680;0
147;18;336;10;44;31;57;3.40;3;1;1;77;0;3867157;138;0
147;18;336;10;44;32;99;3.00;2;1;1;79;0;3867299;284;0
147;18;336;10;44;32;99;3.60;3;1;1;80;0;3867299;126;0
147;18;336;10;44;35;18;3.80;5;2;1;83;0;3867518;704;0
147;18;336;10;44;35;25;3.00;6;2;1;77;0;3867525;694;0
147;18;336;10;44;36;77;3.40;5;2;1;84;0;3867677;142;0
147;18;336;10;44;36;99;3.00;6;2;1;79;0;3867699;159;0
147;18;336;10;44;39;99;3.60;8;2;1;81;0;3867999;1609;0
147;18;336;10;44;40;0;3.60;1;1;1;77;0;3868000;963;0
147;18;336;10;44;40;0;3.60;8;2;1;78;0;3868000;-1;0
147;18;336;10;44;40;2;5.80;3;1;1;81;0;3868002;686;0
147;18;336;10;44;43;11;3.80;4;1;1;86;0;3868311;5294;0
147;18;336;10;44;43;19;3.60;3;1;1;77;0;3868319;291;0
147;18;336;10;44;44;13;3.20;2;1;1;76;0;3868413;1100;0
147;18;336;10;44;45;99;3.60;3;1;1;79;0;3868599;263;0
147;18;336;10;44;49;20;3.60;2;1;1;84;0;3868920;491;0
147;18;336;10;44;49;89;3.80;6;2;1;79;0;3868989;1276;0
147;18;336;10;44;51;13;3.60;5;2;1;89;0;3869113;1421;0
147;18;336;10;44;52;22;3.40;1;1;1;77;0;3869222;1205;0
147;18;336;10;44;52;24;3.80;7;2;1;82;0;3869224;3508;0
147;18;336;10;44;53;99;7.60;6;2;6;78;0;3869399;392;0
147;18;336;10;44;54;99;4.20;7;2;1;78;0;3869499;258;0
147;18;336;10;44;56;54;3.40;2;1;1;62;0;3869654;718;0
147;18;336;10;44;57;99;3.80;6;2;1;79;0;3869799;364;0
147;18;336;10;44;57;99;3.80;3;1;1;78;0;3869799;1183;0
147;18;336;10;44;58;99;3.00;1;1;1;68;0;3869899;661;0
147;18;336;10;45;0;99;3.60;6;2;1;77;0;3870099;282;0
147;18;336;10;45;1;10;3.80;7;2;1;78;0;3870110;591;0
147;18;336;10;45;1;36;3.60;6;2;1;82;0;3870136;20;0
147;18;336;10;45;6;10;3.60;2;1;1;76;0;3870610;936;0
147;18;336;10;45;6;23;3.80;4;1;1;84;0;3870623;2296;0
147;18;336;10;45;7;6;3.20;5;2;1;94;0;3870706;1578;0
147;18;336;10;45;7;18;4.20;6;2;1;83;0;3870718;566;0
147;18;336;10;45;8;1;3.80;2;1;1;78;0;3870801;173;0
147;18;336;10;45;9;31;3.60;2;1;1;73;0;3870931;112;0
147;18;336;10;45;12;65;3.40;6;2;1;87;0;3871265;528;0
147;18;336;10;45;13;99;3.40;3;1;1;80;0;3871399;1582;0
147;18;336;10;45;14;69;3.60;3;1;1;80;0;3871469;54;0
147;18;336;10;45;16;15;3.00;6;2;1;81;0;3871615;335;0
147;18;336;10;45;18;99;3.40;6;2;1;81;0;3871899;270;0
147;18;336;10;45;21;99;3.80;3;1;1;85;0;3872199;713;0
147;18;336;10;45;23;99;3.60;6;2;1;84;0;3872399;484;0
147;18;336;10;45;25;99;3.40;3;1;1;84;0;3872599;383;0
147;18;336;10;45;26;99;3.20;1;1;1;82;0;3872699;2784;0
147;18;336;10;45;30;99;4.00;3;1;1;89;0;3873099;485;0
147;18;336;10;45;30;99;3.60;6;2;1;79;0;3873099;684;0
147;18;336;10;45;31;3;3.20;2;1;1;74;0;3873103;2154;0
147;18;336;10;45;31;99;3.20;6;2;1;84;0;3873199;83;0
147;18;336;10;45;32;23;4.00;3;1;1;83;0;3873223;107;0
147;18;336;10;45;33;99;3.60;3;1;1;84;0;3873399;158;0
147;18;336;10;45;34;22;3.60;2;1;1;77;0;3873422;303;0
147;18;336;10;45;35;3;3.80;4;1;1;83;0;3873503;2863;0
147;18;336;10;45;35;70;3.40;7;2;1;78;0;3873570;3442;0
147;18;336;10;45;35;71;3.80;8;2;1;83;0;3873571;5554;0
147;18;336;10;45;36;20;3.20;6;2;1;83;0;3873620;407;0
147;18;336;10;45;36;99;3.40;3;1;1;82;0;3873699;284;0
147;18;336;10;45;36;99;4.00;6;2;1;86;0;3873699;65;0
147;18;336;10;45;37;2;3.60;2;1;1;79;0;3873702;263;0
147;18;336;10;45;39;26;3.40;3;1;1;88;0;3873926;212;0
147;18;336;10;45;39;99;3.20;8;2;1;90;0;3873999;411;0
147;18;336;10;45;40;8;3.40;5;2;1;76;0;3874008;3289;0
147;18;336;10;45;40;99;3.80;6;2;1;74;0;3874099;383;0
147;18;336;10;45;43;4;4.00;8;2;1;80;0;3874304;292;0
147;18;336;10;45;42;87;10.80;2;1;2;77;0;3874287;568;0
147;18;336;10;45;43;84;3.40;6;2;1;75;0;3874384;266;0
147;18;336;10;45;44;14;3.60;8;2;1;81;0;3874414;92;0
147;18;336;10;45;44;99;3.40;2;1;1;76;0;3874499;161;0
147;18;336;10;45;45;6;3.40;5;2;1;84;0;3874506;481;0
147;18;336;10;45;45;74;3.40;1;1;1;79;0;3874574;1860;0
147;18;336;10;45;46;99;4.40;5;2;1;87;0;3874699;178;0
147;18;336;10;45;48;99;3.40;2;1;1;81;0;3874899;383;0
147;18;336;10;45;50;47;3.00;6;2;1;78;0;3875047;646;0
147;18;336;10;45;50;66;4.00;3;1;1;88;0;3875066;1126;0
147;18;336;10;45;51;11;3.40;7;2;1;81;0;3875111;1525;0
147;18;336;10;45;52;16;4.00;6;2;1;80;0;3875216;155;0
147;18;336;10;45;52;32;3.60;5;2;1;82;0;3875232;514;0
147;18;336;10;45;52;35;3.60;7;2;1;79;0;3875235;108;0
147;18;336;10;45;54;99;3.80;4;1;1;82;0;3875499;1979;0
147;18;336;10;45;55;17;3.40;4;1;1;84;0;3875517;1;0
147;18;336;10;45;55;34;3.20;3;1;1;71;0;3875534;451;0
147;18;336;10;45;56;99;4.40;6;2;1;82;0;3875699;465;0
147;18;336;10;45;56;99;3.20;5;2;1;85;0;3875699;451;0
147;18;336;10;45;57;3;3.80;4;1;1;84;0;3875703;171;0
147;18;336;10;45;57;99;3.40;6;2;1;86;0;3875799;80;0
147;18;336;10;45;58;99;5.00;3;1;1;75;0;3875899;348;0
147;18;336;10;45;59;99;3.40;7;2;1;86;0;3875999;747;0
147;18;336;10;46;0;59;3.80;2;1;1;72;0;3876059;1144;0
147;18;336;10;46;1;0;3.60;3;1;1;78;0;3876100;177;0
147;18;336;10;46;1;99;3.20;4;1;1;84;0;3876199;479;0
147;18;336;10;46;2;28;3.60;5;2;1;86;0;3876228;515;0
147;18;336;10;46;2;99;3.20;7;2;1;77;0;3876299;285;0
147;18;336;10;46;2;99;3.20;3;1;1;78;0;3876299;182;0
147;18;336;10;46;4;99;6.80;2;1;2;80;0;3876499;421;0
147;18;336;10;46;5;22;7.20;3;1;6;76;0;3876522;208;0
147;18;336;10;46;5;51;3.20;6;2;1;79;0;3876551;737;0
147;18;336;10;46;6;24;3.60;5;2;1;91;0;3876624;380;0
147;18;336;10;46;9;99;4.60;6;2;1;77;0;3876999;433;0
147;18;336;10;46;10;99;3.40;1;1;1;71;0;3877099;2509;0
147;18;336;10;46;11;19;3.60;6;2;1;79;0;3877119;98;0
147;18;336;10;46;11;99;3.60;5;2;1;79;0;3877199;560;0
147;18;336;10;46;13;4;12.20;7;2;3;84;0;3877304;990;0
147;18;336;10;46;17;99;3.20;2;1;1;82;0;3877799;1269;0
147;18;336;10;46;17;99;4.00;6;2;1;84;0;3877799;663;0
147;18;336;10;46;19;99;3.20;2;1;1;79;0;3877999;185;0
147;18;336;10;46;20;99;3.60;2;1;1;76;0;3878099;85;0
147;18;336;10;46;20;99;3.80;6;2;1;84;0;3878099;282;0
147;18;336;10;46;21;66;3.40;5;2;1;96;0;3878166;950;0
147;18;336;10;46;21;81;4.00;7;2;1;82;0;3878181;824;0
147;18;336;10;46;22;6;3.20;3;1;1;82;0;3878206;1649;0
147;18;336;10;46;23;63;3.00;3;1;1;79;0;3878363;142;0
147;18;336;10;46;24;8;3.60;5;2;1;90;0;3878408;229;0
147;18;336;10;46;24;92;3.60;6;2;1;76;0;3878492;376;0
147;18;336;10;46;24;99;3.60;2;1;1;73;0;3878499;382;0
147;18;336;10;46;25;99;3.80;6;2;1;77;0;3878599;89;0
147;18;336;10;46;25;99;3.20;7;2;1;83;0;3878599;400;0
147;18;336;10;46;26;0;3.60;3;1;1;77;0;3878600;223;0
147;18;336;10;46;26;84;3.60;2;1;1;72;0;3878684;167;0
147;18;336;10;46;28;99;4.00;6;2;1;79;0;3878899;282;0
147;18;336;10;46;29;91;3.80;2;1;1;75;0;3878991;289;0
147;18;336;10;46;30;6;5.00;6;2;1;74;0;3879006;88;0
147;18;336;10;46;31;26;3.60;4;1;1;80;0;3879126;2913;0
147;18;336;10;46;31;67;3.40;5;2;1;84;0;3879167;744;0
147;18;336;10;46;31;72;3.60;2;1;1;80;0;3879172;162;0
147;18;336;10;46;31;73;3.40;3;1;1;74;0;3879173;556;0
147;18;336;10;46;33;10;3.00;6;2;1;77;0;3879310;279;0
147;18;336;10;46;33;19;3.60;3;1;1;76;0;3879319;129;0
147;18;336;10;46;35;99;4.00;3;1;1;81;0;3879599;262;0
147;18;336;10;46;36;25;3.20;4;1;1;82;0;3879625;482;0
147;18;336;10;46;38;1;3.20;3;1;1;75;0;3879801;184;0
147;18;336;10;46;38;10;3.40;2;1;1;79;0;3879810;621;0
147;18;336;10;46;39;19;3.60;4;1;1;79;0;3879919;279;0
147;18;336;10;46;39;99;3.40;6;2;1;77;0;3879999;674;0
147;18;336;10;46;40;26;3.80;3;1;1;86;0;3880026;209;0
147;18;336;10;46;40;99;3.60;4;1;1;77;0;3880099;163;0
147;18;336;10;46;43;18;3.40;3;1;1;84;0;3880318;276;0
147;18;336;10;46;43;15;3.60;7;2;1;77;0;3880315;1702;0
147;18;336;10;46;43;99;3.80;6;2;1;74;0;3880399;384;0
147;18;336;10;46;46;45;3.60;7;2;1;74;0;3880645;313;0
147;18;336;10;46;51;45;3.20;1;1;1;75;0;3881145;4028;0
147;18;336;10;46;52;99;3.80;3;1;1;76;0;3881299;966;0
147;18;336;10;46;53;99;3.40;2;1;1;79;0;3881399;1573;0
147;18;336;10;46;54;53;3.80;1;1;1;69;0;3881453;292;0
147;18;336;10;46;55;99;3.60;3;1;1;80;0;3881599;282;0
147;18;336;10;46;56;99;3.60;1;1;1;69;0;3881699;226;0
147;18;336;10;46;56;2;3.60;6;2;1;73;0;3881602;1184;0
147;18;336;10;46;57;16;3.80;3;1;1;81;0;3881716;100;0
147;18;336;10;46;58;11;3.60;6;2;1;73;0;3881811;191;0
147;18;336;10;46;59;42;4.20;3;1;1;88;0;3881942;209;0
147;18;336;10;46;59;54;3.60;6;2;1;74;0;3881954;125;0
147;18;336;10;47;0;15;3.60;7;2;1;77;0;3882015;1352;0
147;18;336;10;47;0;99;3.60;2;1;1;90;0;3882099;684;0
147;18;336;10;47;0;99;3.20;6;2;1;77;0;3882099;127;0
147;18;336;10;47;1;99;3.60;7;2;1;79;0;3882199;167;0
147;18;336;10;47;2;8;3.80;6;2;1;76;0;3882208;94;3881602
147;18;336;10;47;2;68;3.80;4;1;1;83;0;3882268;2152;0
147;18;336;10;47;2;99;5.60;3;1;1;80;0;3882299;339;0
147;18;336;10;47;3;99;3.80;6;2;1;76;0;3882399;173;3881602
147;18;336;10;47;4;0;3.80;7;2;1;82;0;3882400;184;3881602
147;18;336;10;47;4;6;3.60;4;1;1;84;0;3882406;121;3881602
147;18;336;10;47;5;99;3.80;8;2;1;80;0;3882599;8169;0
147;18;336;10;47;8;99;3.60;2;1;1;76;0;3882899;785;0
147;18;336;10;47;9;21;3.60;2;1;1;76;0;3882921;4;0
147;18;336;10;47;10;99;3.80;6;2;1;83;0;3883099;682;0
147;18;336;10;47;11;99;3.40;3;1;1;76;0;3883199;874;0
147;18;336;10;47;11;99;3.40;5;2;1;80;0;3883199;4017;0
147;18;336;10;47;11;99;3.80;2;1;1;79;0;3883199;260;0
147;18;336;10;47;12;82;3.40;4;1;1;82;0;3883282;860;0
147;18;336;10;47;12;90;3.60;2;1;1;78;0;3883290;73;0
147;18;336;10;47;16;3;3.60;8;2;1;76;0;3883603;986;0
147;18;336;10;47;16;25;3.20;7;2;1;80;0;3883625;1208;0
147;18;336;10;47;16;99;3.80;6;2;1;84;0;3883699;583;0
147;18;336;10;47;17;51;3.60;6;2;1;81;0;3883751;35;0
147;18;336;10;47;20;26;3.40;6;2;1;80;0;3884026;259;0
147;18;336;10;47;19;99;3.60;2;1;1;71;0;3883999;692;0
147;18;336;10;47;21;99;3.60;7;2;1;79;0;3884199;559;0
147;18;336;10;47;21;99;3.00;3;1;1;72;0;3884199;983;0
147;18;336;10;47;22;26;3.80;6;2;1;75;0;3884226;184;0
147;18;336;10;47;23;99;3.00;3;1;1;73;0;3884399;185;0
147;18;336;10;47;23;99;4.00;7;2;1;81;0;3884399;183;0
147;18;336;10;47;25;1;4.00;4;1;1;84;0;3884501;1204;0
147;18;336;10;47;25;10;3.80;2;1;1;70;0;3884510;492;0
147;18;336;10;47;25;10;3.60;3;1;1;68;0;3884510;96;0
147;18;336;10;47;25;33;3.20;7;2;1;89;0;3884533;116;0
147;18;336;10;47;26;8;3.20;6;2;1;83;0;3884608;363;0
147;18;336;10;47;27;13;3.40;3;1;1;66;0;3884713;183;0
147;18;336;10;47;29;99;6.40;3;1;1;71;0;3884999;267;0
147;18;336;10;47;29;99;3.40;1;1;1;71;0;3884999;3281;0
147;18;336;10;47;30;50;3.40;3;1;1;72;0;3885050;18;0
147;18;336;10;47;31;14;3.80;6;2;1;75;0;3885114;492;0
147;18;336;10;47;31;99;3.60;2;1;1;75;0;3885199;669;0
147;18;336;10;47;31;99;4.60;5;2;1;90;0;3885199;1984;0
147;18;336;10;47;31;99;3.20;3;1;1;75;0;3885199;132;0
147;18;336;10;47;33;19;3.60;3;1;1;76;0;3885319;104;0
147;18;336;10;47;33;80;3.80;8;2;1;78;0;3885380;1759;0
147;18;336;10;47;34;99;4.00;3;1;1;77;0;3885499;162;3884999
147;18;336;10;47;35;19;3.60;4;1;1;79;0;3885519;1000;0
147;18;336;10;47;36;17;3.80;6;2;1;79;0;3885617;484;0
147;18;336;10;47;37;99;3.40;3;1;1;76;0;3885799;281;0
147;18;336;10;47;39;99;3.40;6;2;1;82;0;3885999;364;0
147;18;336;10;47;39;99;3.60;2;1;1;73;0;3885999;782;0
147;18;336;10;47;40;25;4.20;8;2;1;86;0;3886025;627;0
147;18;336;10;47;40;59;3.60;6;2;1;80;0;3886059;45;0
147;18;336;10;47;42;4;3.60;6;2;1;83;0;3886204;128;0
147;18;336;10;47;42;10;3.00;2;1;1;77;0;3886210;193;0
147;18;336;10;47;42;99;3.60;3;1;1;75;0;3886299;483;0
147;18;336;10;47;43;18;3.80;4;1;1;86;0;3886318;782;0
147;18;336;10;47;44;99;3.60;4;1;1;88;0;3886499;165;0
147;18;336;10;47;44;99;3.60;3;1;1;79;0;3886499;182;0
147;18;336;10;47;45;13;3.80;2;1;1;73;0;3886513;288;0
147;18;336;10;47;46;99;3.80;3;1;1;80;0;3886699;183;0
147;18;336;10;47;46;99;3.20;6;2;1;77;0;3886699;479;0
147;18;336;10;47;49;99;4.00;8;2;1;83;0;3886999;956;0
147;18;336;10;47;49;99;4.00;7;2;1;90;0;3886999;2453;0
147;18;336;10;47;51;99;3.20;2;1;1;81;0;3887199;667;0
147;18;336;10;47;54;99;4.00;1;1;1;77;0;3887499;2482;0
147;18;336;10;47;55;99;3.60;7;2;1;82;0;3887599;584;0
147;18;336;10;47;55;37;3.80;6;2;1;85;0;3887537;823;0
147;18;336;10;47;57;99;8.80;7;2;6;79;0;3887799;184;0
147;18;336;10;48;0;11;3.80;6;2;1;80;0;3888011;457;0
147;18;336;10;48;0;10;4.00;2;1;1;89;0;3888010;796;0
147;18;336;10;48;2;99;4.60;3;1;1;91;0;3888299;1582;0
147;18;336;10;48;4;17;3.80;8;2;1;77;0;3888417;1400;0
147;18;336;10;48;4;99;3.80;7;2;1;75;0;3888499;659;0
147;18;336;10;48;5;7;3.40;3;1;1;83;0;3888507;189;0
147;18;336;10;48;8;59;3.40;2;1;1;83;0;3888859;832;0
147;18;336;10;48;7;45;4.00;7;2;1;18;0;3888745;227;0
147;18;336;10;48;11;48;3.40;6;2;1;83;0;3889148;1119;0
147;18;336;10;48;14;99;5.20;3;1;1;81;0;3889499;977;0
147;18;336;10;48;16;73;3.20;6;2;1;82;0;3889673;510;0
147;18;336;10;48;17;99;2.80;3;1;1;79;0;3889799;276;0
147;18;336;10;48;17;99;3.60;7;2;1;77;0;3889799;974;0
147;18;336;10;48;19;78;3.40;3;1;1;75;0;3889978;166;0
147;18;336;10;48;19;99;3.40;4;1;1;86;0;3889999;3485;0
147;18;336;10;48;21;28;3.60;3;1;1;76;0;3890128;133;0
147;18;336;10;48;23;10;3.20;4;1;1;86;0;3890310;296;0
147;18;336;10;48;23;99;3.60;3;1;1;78;0;3890399;253;0
147;18;336;10;48;25;99;3.60;2;1;1;79;0;3890599;1725;0
147;18;336;10;48;26;23;4.00;4;1;1;89;0;3890623;299;0
147;18;336;10;48;28;18;3.60;6;2;1;80;0;3890818;1130;0
147;18;336;10;48;29;68;3.80;3;1;1;82;0;3890968;552;0
147;18;336;10;48;28;15;1.00;7;2;1;1;1;3890815;999;0
147;18;336;10;48;29;99;3.00;6;2;1;76;0;3890999;164;0
147;18;336;10;48;31;6;3.60;6;2;1;75;0;3891106;92;0
147;18;336;10;48;31;23;3.60;3;1;1;81;0;3891123;138;0
147;18;336;10;48;31;99;4.00;5;2;1;83;0;3891199;5981;0
147;18;336;10;48;31;14;3.40;2;1;1;76;0;3891114;498;0
147;18;336;10;48;32;26;3.60;3;1;1;80;0;3891226;87;0
147;18;336;10;48;33;99;4.00;2;1;1;75;0;3891399;268;0
147;18;336;10;48;34;6;3.40;3;1;1;81;0;3891406;163;0
147;18;336;10;48;33;71;16.00;7;2;4;80;0;3891371;1555;0
147;18;336;10;48;34;67;3.80;2;1;1;78;0;3891467;48;0
147;18;336;10;48;36;6;3.40;6;2;1;79;0;3891606;482;0
147;18;336;10;48;36;42;3.80;5;2;1;89;0;3891642;425;0
147;18;336;10;48;37;0;8.00;7;2;6;84;0;3891700;257;0
147;18;336;10;48;38;99;3.20;6;2;1;77;0;3891899;277;0
147;18;336;10;48;39;64;4.20;3;1;1;76;0;3891964;542;0
147;18;336;10;48;39;97;3.60;8;2;1;79;0;3891997;3562;0
147;18;336;10;48;40;99;4.40;7;2;1;84;0;3892099;364;0
147;18;336;10;48;40;99;3.40;6;2;1;71;0;3892099;185;0
147;18;336;10;48;41;18;3.60;7;2;1;78;0;3892118;0;0
147;18;336;10;48;41;15;3.80;4;1;1;86;0;3892115;1475;0
147;18;336;10;48;43;99;4.00;4;1;1;81;0;3892399;268;0
147;18;336;10;48;43;99;4.00;6;2;1;77;0;3892399;282;0
147;18;336;10;48;44;10;3.00;3;1;1;80;0;3892410;426;0
147;18;336;10;48;45;99;3.40;6;2;1;78;0;3892599;181;0
147;18;336;10;48;46;99;3.60;7;2;1;78;0;3892699;564;0
147;18;336;10;48;47;23;3.20;2;1;1;83;0;3892723;1238;0
147;18;336;10;48;48;15;3.20;6;2;1;81;0;3892815;200;0
147;18;336;10;48;49;16;3.60;5;2;1;85;0;3892916;1258;0
147;18;336;10;48;49;2;4.60;7;2;1;81;0;3892902;186;0
147;18;336;10;48;49;0;12.20;2;1;3;77;0;3892900;163;0
147;18;336;10;48;49;67;3.40;5;2;1;86;0;3892967;35;0
147;18;336;10;48;50;99;3.40;3;1;1;83;0;3893099;675;0
147;18;336;10;48;50;99;3.60;7;2;1;83;0;3893099;176;0
147;18;336;10;48;51;99;3.60;3;1;1;77;0;3893199;85;0
147;18;336;10;48;54;19;3.60;2;1;1;79;0;3893419;461;0
147;18;336;10;48;54;35;3.60;3;1;1;76;0;3893435;219;0
147;18;336;10;48;55;28;3.40;4;1;1;89;0;3893528;1111;0
147;18;336;10;48;56;4;2.80;2;1;1;76;0;3893604;168;0
147;18;336;10;48;56;23;3.80;4;1;1;87;0;3893623;81;0
147;18;336;10;48;56;99;3.60;3;1;1;76;0;3893699;246;0
147;18;336;10;48;58;14;3.40;6;2;1;77;0;3893814;984;0
147;18;336;10;48;58;26;4.00;3;1;1;99;0;3893826;109;0
147;18;336;10;48;59;14;4.00;7;2;1;84;0;3893914;799;0
147;18;336;10;49;0;15;4.00;1;1;1;82;0;3894015;6497;0
147;18;336;10;49;0;99;3.80;6;2;1;77;0;3894099;269;0
147;18;336;10;49;0;99;4.40;7;2;1;83;0;3894099;167;0
147;18;336;10;49;3;99;3.80;6;2;1;81;0;3894399;282;0
147;18;336;10;49;5;99;3.20;3;1;1;82;0;3894599;758;0
147;18;336;10;49;7;2;3.00;6;2;1;83;0;3894702;286;0
147;18;336;10;49;7;35;3.60;8;2;1;84;0;3894735;2721;0
147;18;336;10;49;7;34;3.60;7;2;1;82;0;3894734;615;0
147;18;336;10;49;12;99;4.20;3;1;1;67;0;3895299;685;0
147;18;336;10;49;12;54;3.40;1;1;1;70;0;3895254;1221;0
147;18;336;10;49;12;72;3.20;4;1;1;78;0;3895272;1633;0
147;18;336;10;49;13;19;3.40;2;1;1;77;0;3895319;1701;0
147;18;336;10;49;13;99;3.40;6;2;1;84;0;3895399;683;0
147;18;336;10;49;14;16;3.00;2;1;1;76;0;3895416;81;0
147;18;336;10;49;17;29;4.00;5;2;1;94;0;3895729;2747;0
147;18;336;10;49;17;99;3.80;7;2;1;75;0;3895799;1049;0
147;18;336;10;49;17;8;3.40;6;2;1;76;0;3895708;294;0
147;18;336;10;49;18;99;3.40;2;1;1;79;0;3895899;468;0
147;18;336;10;49;19;99;3.40;2;1;1;79;0;3895999;84;0
147;18;336;10;49;19;99;3.20;6;2;1;83;0;3895999;274;0
147;18;336;10;49;20;79;3.20;2;1;1;79;0;3896079;64;0
147;18;336;10;49;19;37;5.40;7;2;1;30;0;3895937;119;0
147;18;336;10;49;21;99;3.80;4;1;1;81;0;3896199;912;0
147;18;336;10;49;21;99;3.60;7;2;1;70;0;3896199;197;0
147;18;336;10;49;21;99;3.80;6;2;1;81;0;3896199;186;0
147;18;336;10;49;22;99;3.80;3;1;1;81;0;3896299;977;0
147;18;336;10;49;23;95;3.60;5;2;1;77;0;3896395;650;0
147;18;336;10;49;23;99;3.60;8;2;1;77;0;3896399;1648;0
147;18;336;10;49;26;15;3.60;6;2;1;78;0;3896615;399;0
147;18;336;10;49;27;20;3.40;6;2;1;80;0;3896720;88;0
147;18;336;10;49;28;81;3.60;3;1;1;81;0;3896881;565;0
147;18;336;10;49;28;99;3.40;4;1;1;75;0;3896899;683;0
147;18;336;10;49;29;99;3.60;5;2;1;83;0;3896999;587;0
147;18;336;10;49;29;99;4.40;3;1;1;78;0;3896999;102;0
147;18;336;10;49;29;99;3.60;2;1;1;77;0;3896999;905;0
147;18;336;10;49;32;11;3.60;2;1;1;86;0;3897211;195;0
147;18;336;10;49;32;18;3.20;6;2;1;76;0;3897218;482;0
147;18;336;10;49;34;2;3.20;3;1;1;82;0;3897402;382;0
147;18;336;10;49;34;8;3.80;6;2;1;76;0;3897408;174;0
147;18;336;10;49;35;26;3.40;5;2;1;87;0;3897526;511;0
147;18;336;10;49;35;64;3.60;4;1;1;83;0;3897564;648;0
147;18;336;10;49;35;66;3.40;6;2;1;81;0;3897566;140;0
147;18;336;10;49;37;99;3.60;3;1;1;75;0;3897799;382;0
147;18;336;10;49;38;48;3.80;3;1;1;73;0;3897848;31;0
147;18;336;10;49;40;25;3.60;4;1;1;80;0;3898025;445;0
147;18;336;10;49;42;99;3.80;3;1;1;77;0;3898299;432;0
147;18;336;10;49;42;99;7.20;4;1;1;83;0;3898299;257;0
147;18;336;10;49;43;10;3.40;6;2;1;80;0;3898310;728;0
147;18;336;10;49;43;98;3.60;2;1;1;71;0;3898398;1171;0
147;18;336;10;49;46;8;3.60;6;2;1;79;0;3898608;282;0
147;18;336;10;49;47;27;3.60;6;2;1;84;0;3898727;102;0
147;18;336;10;49;47;99;3.80;2;1;1;73;0;3898799;382;0
147;18;336;10;49;49;17;3.40;7;2;1;83;0;3898917;2699;0
147;18;336;10;49;50;99;3.00;2;1;1;77;0;3899099;281;0
147;18;336;10;49;53;61;3.60;3;1;1;79;0;3899361;1044;0
147;18;336;10;49;54;5;3.20;2;1;1;78;0;3899405;291;0
147;18;336;10;49;54;99;3.60;1;1;1;76;0;3899499;4227;0
147;18;336;10;49;57;99;3.60;7;2;1;83;0;3899799;867;0
147;18;336;10;49;57;99;3.00;6;2;1;78;0;3899799;1056;0
147;18;336;10;49;57;99;3.40;3;1;1;71;0;3899799;421;0
147;18;336;10;49;58;11;3.60;1;1;1;85;0;3899811;294;0
147;18;336;10;49;58;46;3.60;2;1;1;76;0;3899846;426;0
147;18;336;10;50;0;3;3.40;3;1;1;71;0;3900003;186;0
147;18;336;10;50;1;99;3.80;6;2;1;78;0;3900199;386;0
147;18;336;10;50;2;22;3.40;4;1;1;76;0;3900222;1891;0
147;18;336;10;50;2;99;3.20;3;1;1;73;0;3900299;278;0
147;18;336;10;50;2;99;3.40;4;1;1;76;0;3900299;60;0
147;18;336;10;50;3;2;3.60;2;1;1;74;0;3900302;438;0
147;18;336;10;50;5;99;4.60;6;2;1;76;0;3900599;382;0
147;18;336;10;50;8;21;3.60;3;1;1;80;0;3900821;506;0
147;18;336;10;50;9;21;3.60;6;2;1;79;0;3900921;300;0
147;18;336;10;50;9;75;5.20;1;1;1;51;0;3900975;1148;0
147;18;336;10;50;10;99;3.40;3;1;1;80;0;3901099;261;0
147;18;336;10;50;12;13;3.60;7;2;1;76;0;3901213;1398;0
147;18;336;10;50;13;4;3.40;6;2;1;73;0;3901304;366;0
147;18;336;10;50;14;99;5.80;2;1;1;80;0;3901499;1179;0
147;18;336;10;50;16;26;3.60;3;1;1;84;0;3901626;511;0
147;18;336;10;50;17;99;3.60;5;2;1;81;0;3901799;4258;0
147;18;336;10;50;19;17;5.20;6;2;1;87;0;3901917;596;0
147;18;336;10;50;19;52;3.60;2;1;1;83;0;3901952;426;0
147;18;336;10;50;20;99;3.60;6;2;1;87;0;3902099;160;0
147;18;336;10;50;21;18;3.80;5;2;1;87;0;3902118;303;0
147;18;336;10;50;21;49;3.20;6;2;1;84;0;3902149;35;0
147;18;336;10;50;22;99;3.20;3;1;1;88;0;3902299;657;0
147;18;336;10;50;23;99;3.40;5;2;1;86;0;3902399;265;0
147;18;336;10;50;24;7;3.60;3;1;1;89;0;3902407;94;0
147;18;336;10;50;24;10;3.20;7;2;1;92;0;3902410;1179;0
147;18;336;10;50;24;62;3.20;6;2;1;79;0;3902462;299;0
147;18;336;10;50;27;84;3.40;5;2;1;83;0;3902784;370;0
147;18;336;10;50;28;99;3.60;6;2;1;81;0;3902899;422;0
147;18;336;10;50;28;99;3.60;2;1;1;74;0;3902899;931;0
147;18;336;10;50;29;93;3.20;3;1;1;75;0;3902993;571;0
147;18;336;10;50;30;19;3.80;7;2;1;81;0;3903019;596;0
147;18;336;10;50;30;99;3.40;2;1;1;78;0;3903099;182;0
147;18;336;10;50;31;99;3.80;2;1;1;76;0;3903199;84;0
147;18;336;10;50;31;99;3.60;7;2;1;82;0;3903199;163;0
147;18;336;10;50;31;6;3.60;5;2;1;81;0;3903106;307;0
147;18;336;10;50;31;21;3.40;6;2;1;67;0;3903121;206;0
147;18;336;10;50;33;4;3.60;5;2;1;80;0;3903304;182;0
147;18;336;10;50;33;99;3.60;6;2;1;73;0;3903399;259;0
147;18;336;10;50;33;99;3.40;4;1;1;82;0;3903399;3083;0
147;18;336;10;50;38;0;3.60;7;2;1;78;0;3903800;585;0
147;18;336;10;50;39;24;3.60;3;1;1;77;0;3903924;915;0
147;18;336;10;50;41;12;3.40;3;1;1;77;0;3904112;171;0
147;18;336;10;50;42;6;4.20;4;1;1;84;0;3904206;792;0
147;18;336;10;50;42;58;3.80;6;2;1;83;0;3904258;841;0
147;18;336;10;50;42;99;3.20;3;1;1;81;0;3904299;171;0
147;18;336;10;50;45;28;3.40;2;1;1;86;0;3904528;1311;0
147;18;336;10;50;45;99;3.60;6;2;1;82;0;3904599;324;0
147;18;336;10;50;46;99;3.40;3;1;1;82;0;3904699;385;0
147;18;336;10;50;46;99;4.20;7;2;1;80;0;3904699;882;0
147;18;336;10;50;47;77;3.80;3;1;1;80;0;3904777;63;0
147;18;336;10;50;47;81;3.20;7;2;1;75;0;3904781;63;0
147;18;336;10;50;49;14;3.60;5;2;1;82;0;3904914;1593;0
147;18;336;10;50;49;15;3.60;2;1;1;79;0;3904915;372;0
147;18;336;10;50;49;99;4.00;6;2;1;77;0;3904999;384;0
147;18;336;10;50;50;24;3.40;8;2;1;82;0;3905024;8608;0
147;18;336;10;50;50;77;3.40;6;2;1;77;0;3905077;59;0
147;18;336;10;50;50;99;4.00;2;1;1;78;0;3905099;167;0
147;18;336;10;50;52;16;3.20;7;2;1;87;0;3905216;419;0
147;18;336;10;50;53;18;3.80;3;1;1;84;0;3905318;523;0
147;18;336;10;50;53;99;4.80;3;1;1;81;0;3905399;64;0
147;18;336;10;50;54;99;7.00;6;2;2;83;0;3905499;406;0
147;18;336;10;50;55;6;3.80;5;2;1;86;0;3905506;576;0
147;18;336;10;50;55;99;3.40;3;1;1;83;0;3905599;178;0
147;18;336;10;50;55;99;3.20;6;2;1;84;0;3905599;69;0
147;18;336;10;50;58;99;3.00;3;1;1;83;0;3905899;285;0
147;18;336;10;50;58;99;3.80;7;2;1;73;0;3905899;669;0
147;18;336;10;50;58;99;4.00;6;2;1;77;0;3905899;286;0
147;18;336;10;51;0;24;3.80;2;1;1;81;0;3906024;906;0
147;18;336;10;51;0;99;5.20;5;2;1;90;0;3906099;577;0
147;18;336;10;51;1;99;3.40;6;2;1;74;0;3906199;281;0
147;18;336;10;51;1;99;3.40;7;2;1;84;0;3906199;281;0
147;18;336;10;51;1;99;3.80;3;1;1;76;0;3906199;286;0
147;18;336;10;51;3;24;3.60;6;2;1;79;0;3906324;108;0
147;18;336;10;51;3;94;3.80;7;2;1;81;0;3906394;180;0
147;18;336;10;51;3;99;3.60;5;2;1;82;0;3906399;279;0
147;18;336;10;51;3;99;3.60;3;1;1;74;0;3906399;182;0
147;18;336;10;51;4;99;4.80;7;2;1;87;0;3906499;88;0
147;18;336;10;51;5;3;3.60;3;1;1;79;0;3906503;86;0
147;18;336;10;51;5;15;3.60;6;2;1;84;0;3906515;174;0
147;18;336;10;51;8;6;3.60;6;2;1;87;0;3906806;275;0
147;18;336;10;51;8;99;3.40;7;2;1;83;0;3906899;380;0
147;18;336;10;51;11;99;3.40;7;2;1;80;0;3907199;285;0
147;18;336;10;51;13;3;3.80;3;1;1;76;0;3907303;783;0
147;18;336;10;51;14;8;3.60;4;1;1;81;0;3907408;3184;0
147;18;336;10;51;14;99;3.60;6;2;1;81;0;3907499;678;0
147;18;336;10;51;14;99;3.00;3;1;1;75;0;3907499;178;0
147;18;336;10;51;15;51;3.60;2;1;1;77;0;3907551;1510;0
147;18;336;10;51;15;88;3.80;5;2;1;83;0;3907588;1173;0
147;18;336;10;51;15;84;8.40;3;1;2;80;0;3907584;70;0
147;18;336;10;51;18;99;3.80;5;2;1;89;0;3907899;294;0
147;18;336;10;51;19;99;3.20;2;1;1;78;0;3907999;431;0
147;18;336;10;51;19;90;16.00;6;2;4;73;0;3907990;475;0
147;18;336;10;51;21;99;3.80;3;1;1;82;0;3908199;577;0
147;18;336;10;51;21;99;3.80;2;1;1;78;0;3908199;185;0
147;18;336;10;51;24;12;3.80;3;1;1;79;0;3908412;196;0
147;18;336;10;51;24;99;3.40;7;2;1;80;0;3908499;1284;0
147;18;336;10;51;25;40;3.60;1;1;1;88;0;3908540;7528;0
147;18;336;10;51;26;97;3.60;3;1;1;70;0;3908697;267;0
147;18;336;10;51;26;99;3.20;6;2;1;79;0;3908699;630;0
147;18;336;10;51;27;16;3.80;4;1;1;79;0;3908716;1292;0
147;18;336;10;51;27;99;3.40;1;1;1;80;0;3908799;244;0
147;18;336;10;51;27;99;3.60;6;2;1;77;0;3908799;85;0
147;18;336;10;51;27;99;3.40;7;2;1;86;0;3908799;284;0
147;18;336;10;51;27;99;3.80;3;1;1;74;0;3908799;83;0
147;18;336;10;51;28;51;3.40;3;1;1;73;0;3908851;33;0
147;18;336;10;51;29;99;3.20;7;2;1;79;0;3908999;185;0
147;18;336;10;51;30;3;3.60;6;2;1;85;0;3909003;187;0
147;18;336;10;51;30;99;3.80;3;1;1;77;0;3909099;231;0
147;18;336;10;51;30;99;4.60;4;1;1;80;0;3909099;365;0
147;18;336;10;51;32;99;3.60;3;1;1;81;0;3909299;182;0
147;18;336;10;51;33;61;4.60;7;2;1;77;0;3909361;347;0
147;18;336;10;51;34;8;3.40;2;1;1;81;0;3909408;1191;0
147;18;336;10;51;35;24;3.40;3;1;1;72;0;3909524;209;0
147;18;336;10;51;36;99;3.80;7;2;1;76;0;3909699;316;0
147;18;336;10;51;36;99;3.20;3;1;1;74;0;3909699;158;0
147;18;336;10;51;37;99;4.00;3;1;1;74;0;3909799;84;0
147;18;336;10;51;38;8;4.40;8;2;1;86;0;3909808;4769;0
147;18;336;10;51;39;20;3.80;6;2;1;79;0;3909920;901;0
147;18;336;10;51;42;99;4.00;5;2;1;87;0;3910299;2384;0
147;18;336;10;51;43;17;3.40;6;2;1;74;0;3910317;379;0
147;18;336;10;51;46;97;3.60;6;2;1;77;0;3910697;363;0
147;18;336;10;51;47;26;3.80;7;2;1;85;0;3910726;1009;0
147;18;336;10;51;47;99;4.00;5;2;1;83;0;3910799;483;0
147;18;336;10;51;47;99;4.00;7;2;1;80;0;3910799;56;0
147;18;336;10;51;48;2;4.60;3;1;1;75;0;3910802;983;0
147;18;336;10;51;50;99;3.80;4;1;1;81;0;3911099;1979;0
147;18;336;10;51;50;99;3.00;2;1;1;76;0;3911099;1675;0
147;18;336;10;51;51;1;3.20;6;2;1;81;0;3911101;387;0
147;18;336;10;51;52;99;3.60;6;2;1;76;0;3911299;183;0
147;18;336;10;51;53;0;3.80;1;1;1;75;0;3911300;2485;0
147;18;336;10;51;55;99;3.00;2;1;1;72;0;3911599;485;0
147;18;336;10;51;55;99;3.60;6;2;1;78;0;3911599;282;0
147;18;336;10;51;56;55;3.60;3;1;1;81;0;3911655;830;0
147;18;336;10;51;58;27;3.40;8;2;1;84;0;3911827;2000;0
147;18;336;10;51;58;99;3.80;3;1;1;77;0;3911899;228;0
147;18;336;10;52;0;14;3.00;3;1;1;74;0;3912014;97;0
147;18;336;10;52;0;16;3.40;6;2;1;76;0;3912016;400;0
147;18;336;10;52;0;99;3.60;4;1;1;84;0;3912099;983;0
147;18;336;10;52;0;99;4.00;7;2;1;87;0;3912099;1282;0
147;18;336;10;52;1;40;3.80;6;2;1;79;0;3912140;107;0
147;18;336;10;52;1;45;3.60;3;1;1;72;0;3912145;116;0
147;18;336;10;52;3;99;3.40;6;2;1;78;0;3912399;241;0
147;18;336;10;52;4;66;4.00;5;2;1;82;0;3912466;1649;0
147;18;336;10;52;6;9;3.40;6;2;1;83;0;3912609;194;0
147;18;336;10;52;6;13;3.20;2;1;1;84;0;3912613;999;0
147;18;336;10;52;7;12;3.60;5;2;1;84;0;3912712;228;0
147;18;336;10;52;7;99;3.60;3;1;1;79;0;3912799;636;0
147;18;336;10;52;8;99;3.60;2;1;1;78;0;3912899;272;0
147;18;336;10;52;9;68;3.80;6;2;1;75;0;3912968;344;0
147;18;336;10;52;10;99;5.40;3;1;1;79;0;3913099;283;0
147;18;336;10;52;10;99;3.60;6;2;1;76;0;3913099;112;0
147;18;336;10;52;10;99;3.60;5;2;1;80;0;3913099;371;0
147;18;336;10;52;10;99;3.40;4;1;1;86;0;3913099;984;0
147;18;336;10;52;11;57;3.60;5;2;1;83;0;3913157;41;0
147;18;336;10;52;12;99;4.20;6;2;1;77;0;3913299;182;0
147;18;336;10;52;12;99;5.80;3;1;1;72;0;3913299;175;0
147;18;336;10;52;14;60;3.60;6;2;1;81;0;3913460;141;0
147;18;336;10;52;14;86;3.40;2;1;1;75;0;3913486;570;0
147;18;336;10;52;16;0;5.20;3;1;1;79;0;3913600;272;0
147;18;336;10;52;16;99;3.20;6;2;1;80;0;3913699;223;0
147;18;336;10;52;16;99;3.60;4;1;1;83;0;3913699;585;0
147;18;336;10;52;17;12;3.40;1;1;1;77;0;3913712;2393;0
147;18;336;10;52;18;17;3.40;5;2;1;78;0;3913817;644;0
147;18;336;10;52;19;22;3.40;6;2;1;81;0;3913922;208;0
147;18;336;10;52;20;99;3.80;5;2;1;80;0;3914099;266;0
147;18;336;10;52;22;56;3.40;8;2;1;75;0;3914256;2414;0
147;18;336;10;52;22;83;3.60;2;1;1;75;0;3914283;780;0
147;18;336;10;52;23;5;3.80;1;1;1;75;0;3914305;577;0
147;18;336;10;52;24;5;3.60;4;1;1;81;0;3914405;690;0
147;18;336;10;52;24;41;3.40;2;1;1;76;0;3914441;140;0
147;18;336;10;52;25;99;3.60;3;1;1;73;0;3914599;975;0
147;18;336;10;52;25;99;3.00;6;2;1;77;0;3914599;661;0
147;18;336;10;52;26;9;6.00;3;1;1;72;0;3914609;-1;0
147;18;336;10;52;28;99;3.60;2;1;1;76;0;3914899;441;0
147;18;336;10;52;28;99;3.80;7;2;1;75;0;3914899;2783;0
147;18;336;10;52;29;10;3.20;3;1;1;76;0;3914910;271;0
147;18;336;10;52;31;9;3.60;6;2;1;77;0;3915109;495;0
147;18;336;10;52;31;16;3.80;2;1;1;78;0;3915116;199;0
147;18;336;10;52;31;23;3.60;3;1;1;79;0;3915123;197;0
147;18;336;10;52;31;99;4.80;8;2;1;80;0;3915199;926;0
147;18;336;10;52;31;4;3.00;1;1;1;81;0;3915104;780;0
147;18;336;10;52;32;83;3.60;2;1;1;78;0;3915283;149;0
147;18;336;10;52;34;99;3.80;4;1;1;83;0;3915499;1078;0
147;18;336;10;52;34;38;5.60;3;1;1;81;0;3915438;298;0
147;18;336;10;52;35;99;3.60;6;2;1;77;0;3915599;473;0
147;18;336;10;52;36;99;3.40;3;1;1;81;0;3915699;236;0
147;18;336;10;52;38;99;7.20;6;2;6;84;0;3915899;283;0
147;18;336;10;52;39;99;3.60;7;2;1;84;0;3915999;1081;0
147;18;336;10;52;39;5;3.60;2;1;1;78;0;3915905;605;0
147;18;336;10;52;39;12;3.60;5;2;1;87;0;3915912;1795;0
147;18;336;10;52;40;29;3.20;3;1;1;83;0;3916029;314;0
147;18;336;10;52;42;52;3.40;6;2;1;84;0;3916252;322;0
147;18;336;10;52;42;67;3.60;3;1;1;77;0;3916267;224;0
147;18;336;10;52;45;75;3.60;3;1;1;78;0;3916575;291;0
147;18;336;10;52;45;96;3.60;8;2;1;85;0;3916596;1375;0
147;18;336;10;52;45;99;3.60;4;1;1;81;0;3916599;1083;0
147;18;336;10;52;46;99;3.20;6;2;1;90;0;3916699;432;0
147;18;336;10;52;47;38;3.40;7;2;1;98;0;3916738;723;0
147;18;336;10;52;47;59;3.60;1;1;1;71;0;3916759;1641;0
147;18;336;10;52;47;65;3.60;3;1;1;76;0;3916765;173;0
147;18;336;10;52;48;99;3.40;2;1;1;75;0;3916899;977;0
147;18;336;10;52;49;99;3.40;3;1;1;76;0;3916999;216;0
147;18;336;10;52;50;44;3.00;2;1;1;73;0;3917044;128;0
147;18;336;10;52;50;67;3.00;3;1;1;78;0;3917067;51;0
147;18;336;10;52;51;99;3.60;5;2;1;81;0;3917199;1272;0
147;18;336;10;52;51;99;5.40;4;1;1;87;0;3917199;584;0
147;18;336;10;52;51;99;5.60;6;2;1;76;0;3917199;487;0
147;18;336;10;52;52;99;3.80;2;1;1;79;0;3917299;240;0
147;18;336;10;52;53;92;4.40;3;1;1;74;0;3917392;311;0
147;18;336;10;52;53;99;3.80;8;2;1;79;0;3917399;787;0
147;18;336;10;52;53;99;4.60;7;2;1;76;0;3917399;648;0
147;18;336;10;52;54;11;3.80;3;1;1;77;0;3917411;-1;0
147;18;336;10;52;55;74;3.20;6;2;1;78;0;3917574;348;0
147;18;336;10;52;55;76;3.20;3;1;1;76;0;3917576;147;0
147;18;336;10;52;57;25;3.40;8;2;1;79;0;3917725;308;0
147;18;336;10;52;57;14;4.00;3;1;1;79;0;3917714;122;0
147;18;336;10;52;59;99;4.20;5;2;1;79;0;3917999;784;0
147;18;336;10;52;59;99;3.60;2;1;1;79;0;3917999;682;0
147;18;336;10;53;0;22;4.00;4;1;1;81;0;3918022;800;0
147;18;336;10;53;1;11;4.60;3;1;1;85;0;3918111;378;0
147;18;336;10;53;1;99;3.80;6;2;1;83;0;3918199;610;0
147;18;336;10;53;2;14;3.20;3;1;1;79;0;3918214;83;0
147;18;336;10;53;2;1;3.20;4;1;1;85;0;3918201;161;0
147;18;336;10;53;3;94;3.60;7;2;1;79;0;3918394;973;0
147;18;336;10;53;3;99;3.80;6;2;1;91;0;3918399;183;0
147;18;336;10;53;4;99;3.60;6;2;1;86;0;3918499;84;0
147;18;336;10;53;5;49;3.60;4;1;1;80;0;3918549;334;0
147;18;336;10;53;6;99;3.60;3;1;1;76;0;3918699;470;0
147;18;336;10;53;6;99;3.60;5;2;1;81;0;3918699;680;0
147;18;336;10;53;6;95;25.40;6;2;5;78;0;3918695;180;0
147;18;336;10;53;10;9;3.20;6;2;1;76;0;3919009;196;3918199
147;18;336;10;53;11;0;3.40;1;1;1;83;0;3919100;2322;0
147;18;336;10;53;11;99;3.60;6;2;1;82;0;3919199;174;3918199
147;18;336;10;53;9;56;4.00;7;2;1;11;0;3918956;545;0
147;18;336;10;53;13;95;3.60;1;1;1;73;0;3919395;280;0
147;18;336;10;53;14;99;3.60;6;2;1;83;0;3919499;284;0
147;18;336;10;53;14;99;3.80;4;1;1;79;0;3919499;933;0
147;18;336;10;53;14;99;3.20;3;1;1;79;0;3919499;782;0
147;18;336;10;53;15;40;3.60;2;1;1;78;0;3919540;1524;0
147;18;336;10;53;17;99;3.60;3;1;1;79;0;3919799;285;0
147;18;336;10;53;17;99;4.60;6;2;1;77;0;3919799;284;0
147;18;336;10;53;19;99;3.60;4;1;1;77;0;3919999;482;0
147;18;336;10;53;19;99;4.00;3;1;1;81;0;3919999;183;0
147;18;336;10;53;19;99;3.40;7;2;1;87;0;3919999;912;0
147;18;336;10;53;19;99;3.60;6;2;1;79;0;3919999;178;0
147;18;336;10;53;20;6;3.20;2;1;1;77;0;3920006;449;0
147;18;336;10;53;21;19;3.80;7;2;1;82;0;3920119;105;0
147;18;336;10;53;23;34;3.00;3;1;1;76;0;3920334;317;0
147;18;336;10;53;23;57;3.60;5;2;1;89;0;3920357;1642;0
147;18;336;10;53;24;7;4.20;4;1;1;95;0;3920407;391;0
147;18;336;10;53;26;63;3.40;2;1;1;79;0;3920663;642;0
147;18;336;10;53;28;13;3.40;3;1;1;79;0;3920813;464;0
147;18;336;10;53;28;9;3.80;2;1;1;77;0;3920809;130;0
147;18;336;10;53;28;94;6.60;7;2;1;66;0;3920894;758;0
147;18;336;10;53;30;99;4.40;5;2;1;81;0;3921099;727;0
147;18;336;10;53;31;15;3.60;2;1;1;79;0;3921115;288;0
147;18;336;10;53;31;64;3.40;5;2;1;86;0;3921164;45;0
147;18;336;10;53;31;74;3.40;6;2;1;78;0;3921174;1158;0
147;18;336;10;53;29;94;4.00;7;2;1;10;0;3920994;64;0
147;18;336;10;53;34;99;3.00;2;1;1;79;0;3921499;367;0
147;18;336;10;53;35;0;3.60;6;2;1;74;0;3921500;310;0
147;18;336;10;53;38;12;3.80;2;1;1;77;0;3921812;299;0
147;18;336;10;53;40;99;3.20;2;1;1;72;0;3922099;269;0
147;18;336;10;53;40;99;3.60;6;2;1;80;0;3922099;581;0
147;18;336;10;53;43;99;3.80;6;2;1;78;0;3922399;283;0
147;18;336;10;53;45;12;3.00;6;2;1;75;0;3922512;95;0
147;18;336;10;53;46;21;3.60;6;2;1;79;0;3922621;94;0
147;18;336;10;53;46;20;3.40;3;1;1;81;0;3922620;1791;0
147;18;336;10;53;47;47;4.20;7;2;1;20;0;3922747;1609;0
147;18;336;10;53;49;84;3.20;3;1;1;83;0;3922984;348;0
147;18;336;10;53;51;9;3.80;4;1;1;81;0;3923109;2686;0
147;18;336;10;53;51;9;4.00;6;2;1;77;0;3923109;471;0
147;18;336;10;53;52;11;3.60;2;1;1;74;0;3923211;1096;0
147;18;336;10;53;53;99;3.00;6;2;1;77;0;3923399;271;0
147;18;336;10;53;53;99;3.20;2;1;1;75;0;3923399;170;0
147;18;336;10;53;54;66;3.40;3;1;1;87;0;3923466;468;0
147;18;336;10;53;55;99;4.00;6;2;1;77;0;3923599;185;0
147;18;336;10;53;56;15;3.40;3;1;1;78;0;3923615;134;0
147;18;336;10;53;56;52;3.80;2;1;1;73;0;3923652;237;0
147;18;336;10;53;57;66;25.00;6;2;5;79;0;3923766;148;0
147;18;336;10;53;58;33;3.60;3;1;1;97;0;3923833;202;0
147;18;336;10;53;59;68;4.00;4;1;1;89;0;3923968;842;0
147;18;336;10;54;0;0;3.40;3;1;1;79;0;3924000;153;0
147;18;336;10;54;1;46;3.20;4;1;1;80;0;3924146;161;0
147;18;336;10;54;3;99;4.00;3;1;1;73;0;3924399;383;0
147;18;336;10;54;4;72;3.80;4;1;1;81;0;3924472;311;0
147;18;336;10;54;5;99;3.80;4;1;1;81;0;3924599;110;0
147;18;336;10;54;7;43;6.80;3;1;1;72;0;3924743;324;0
147;18;336;10;54;7;99;3.80;5;2;1;90;0;3924799;3620;0
147;18;336;10;54;8;99;3.20;4;1;1;85;0;3924899;283;0
147;18;336;10;54;8;99;3.20;3;1;1;79;0;3924899;122;0
147;18;336;10;54;10;99;3.60;2;1;1;72;0;3925099;1428;0
147;18;336;10;54;10;99;3.00;8;2;1;79;0;3925099;7358;0
147;18;336;10;54;11;7;4.00;6;2;1;77;0;3925107;1227;0
147;18;336;10;54;11;17;3.80;4;1;1;82;0;3925117;204;0
147;18;336;10;54;11;26;3.40;3;1;1;81;0;3925126;212;0
147;18;336;10;54;12;9;3.40;4;1;1;85;0;3925209;75;0
147;18;336;10;54;12;63;3.60;3;1;1;77;0;3925263;121;0
147;18;336;10;54;12;99;3.80;4;1;1;84;0;3925299;75;0
147;18;336;10;54;13;99;3.60;2;1;1;70;0;3925399;282;0
147;18;336;10;54;15;89;4.60;6;2;1;75;0;3925589;463;0
147;18;336;10;54;15;99;3.20;3;1;1;78;0;3925599;319;0
147;18;336;10;54;16;99;3.60;6;2;1;76;0;3925699;87;0
147;18;336;10;54;15;7;1.00;7;2;1;1;1;3925507;2684;0
147;18;336;10;54;20;96;3.20;3;1;1;78;0;3926096;482;0
147;18;336;10;54;21;7;3.60;6;2;1;77;0;3926107;390;0
147;18;336;10;54;23;11;4.00;6;2;1;80;0;3926311;187;0
147;18;336;10;54;24;6;3.40;3;1;1;81;0;3926406;295;0
147;18;336;10;54;25;99;3.80;2;1;1;82;0;3926599;1181;0
147;18;336;10;54;26;11;4.00;7;2;1;88;0;3926611;3788;0
147;18;336;10;54;26;99;3.40;5;2;1;91;0;3926699;1884;0
147;18;336;10;54;29;13;3.60;6;2;1;77;0;3926913;584;0
147;18;336;10;54;31;99;3.40;5;2;1;85;0;3927199;486;0
147;18;336;10;54;32;12;3.60;6;2;1;74;0;3927212;282;0
147;18;336;10;54;33;99;3.80;3;1;1;77;0;3927399;977;0
147;18;336;10;54;34;99;3.20;6;2;1;75;0;3927499;269;0
147;18;336;10;54;35;99;8.80;2;1;2;80;0;3927599;983;0
147;18;336;10;54;36;99;3.20;4;1;1;86;0;3927699;2383;0
147;18;336;10;54;39;99;3.20;6;2;1;74;0;3927999;484;0
147;18;336;10;54;39;5;3.60;5;2;1;83;0;3927905;691;0
147;18;336;10;54;41;17;3.40;6;2;1;76;0;3928117;102;0
147;18;336;10;54;41;99;3.60;3;1;1;79;0;3928199;782;0
147;18;336;10;54;42;15;3.40;5;2;1;82;0;3928215;294;0
147;18;336;10;54;42;12;3.00;6;2;1;75;0;3928212;78;0
147;18;336;10;54;42;55;3.60;4;1;1;86;0;3928255;542;0
147;18;336;10;54;44;99;3.60;6;2;1;85;0;3928499;272;0
147;18;336;10;54;45;64;3.00;6;2;1;81;0;3928564;49;0
147;18;336;10;54;45;69;3.80;3;1;1;81;0;3928569;353;0
147;18;336;10;54;47;14;4.00;1;1;1;94;0;3928714;9301;0
147;18;336;10;54;47;99;6.20;7;2;1;78;0;3928799;2171;0
147;18;336;10;54;47;99;4.60;2;1;1;79;0;3928799;1160;0
147;18;336;10;54;49;20;3.40;2;1;1;83;0;3928920;100;0
147;18;336;10;54;51;99;3.40;1;1;1;86;0;3929199;469;0
147;18;336;10;54;52;15;3.20;6;2;1;74;0;3929215;637;0
147;18;336;10;54;53;99;3.20;7;2;1;74;0;3929399;571;0
147;18;336;10;54;54;99;3.60;6;2;1;72;0;3929499;268;0
147;18;336;10;54;54;99;3.60;3;1;1;77;0;3929499;913;0
147;18;336;10;54;55;6;3.60;7;2;1;72;0;3929506;91;0
147;18;336;10;54;55;26;3.60;2;1;1;82;0;3929526;591;0
147;18;336;10;54;56;99;3.40;2;1;1;81;0;3929699;157;0
147;18;336;10;54;57;99;3.40;6;2;1;73;0;3929799;282;0
147;18;336;10;54;58;11;3.20;3;1;1;78;0;3929811;295;0
147;18;336;10;55;0;99;3.80;4;1;1;85;0;3930099;1828;0
147;18;336;10;55;1;16;4.00;3;1;1;77;0;3930116;290;0
147;18;336;10;55;1;99;3.40;1;1;1;76;0;3930199;985;0
147;18;336;10;55;4;99;3.40;3;1;1;75;0;3930499;364;0
147;18;336;10;55;5;23;3.20;2;1;1;73;0;3930523;808;0
147;18;336;10;55;6;99;3.40;2;1;1;74;0;3930699;160;0
147;18;336;10;55;7;20;4.20;6;2;1;85;0;3930720;904;0
147;18;336;10;55;10;6;3.80;4;1;1;82;0;3931006;890;0
147;18;336;10;55;11;73;3.60;3;1;1;77;0;3931173;657;0
147;18;336;10;55;15;1;3.40;2;1;1;79;0;3931501;785;0
147;18;336;10;55;15;18;4.80;6;2;1;85;0;3931518;780;0
147;18;336;10;55;17;99;3.80;6;2;1;76;0;3931799;260;0
147;18;336;10;55;17;99;3.60;7;2;1;80;0;3931799;2275;0
147;18;336;10;55;19;22;3.60;7;2;1;80;0;3931922;106;0
147;18;336;10;55;19;19;3.00;6;2;1;70;0;3931919;102;0
147;18;336;10;55;19;99;3.00;3;1;1;80;0;3931999;809;0
147;18;336;10;55;21;93;3.80;6;2;1;75;0;3932193;258;0
147;18;336;10;55;22;99;3.60;3;1;1;94;0;3932299;286;0
147;18;336;10;55;22;99;6.00;7;2;1;81;0;3932299;360;0
147;18;336;10;55;26;57;3.40;6;2;1;77;0;3932657;445;0
147;18;336;10;55;27;99;3.20;6;2;1;77;0;3932799;126;0
147;18;336;10;55;27;99;3.60;3;1;1;74;0;3932799;486;0
147;18;336;10;55;27;99;4.00;5;2;1;80;0;3932799;4569;0
147;18;336;10;55;28;99;3.60;4;1;1;86;0;3932899;1876;0
147;18;336;10;55;28;22;3.60;5;2;1;80;0;3932822;5;0
147;18;336;10;55;30;99;3.20;7;2;1;81;0;3933099;773;0
147;18;336;10;55;31;29;3.80;1;1;1;77;0;3933129;2913;0
147;18;336;10;55;31;72;4.00;4;1;1;87;0;3933172;257;0
147;18;336;10;55;33;99;3.60;3;1;1;81;0;3933399;582;0
147;18;336;10;55;35;99;4.00;7;2;1;77;0;3933599;485;0
147;18;336;10;55;36;12;4.40;5;2;1;88;0;3933612;773;0
147;18;336;10;55;36;11;3.80;8;2;1;82;0;3933611;8498;0
147;18;336;10;55;37;99;3.80;6;2;1;83;0;3933799;985;0
147;18;336;10;55;39;4;3.60;3;1;1;78;0;3933904;489;0
147;18;336;10;55;41;19;3.40;2;1;1;80;0;3934119;2602;0
147;18;336;10;55;42;99;7.60;6;2;1;82;0;3934299;483;0
147;18;336;10;55;43;4;3.40;3;1;1;81;0;3934304;383;0
147;18;336;10;55;43;3;3.40;2;1;1;69;0;3934303;168;0
147;18;336;10;55;44;80;3.80;5;2;1;98;0;3934480;850;0
147;18;336;10;55;44;99;3.60;4;1;1;80;0;3934499;1310;0
147;18;336;10;55;45;3;3.40;3;1;1;81;0;3934503;183;0
147;18;336;10;55;46;17;3.40;2;1;1;72;0;3934617;296;0
147;18;336;10;55;47;99;3.40;2;1;1;72;0;3934799;165;0
147;18;336;10;55;48;99;3.80;6;2;1;83;0;3934899;566;0
147;18;336;10;55;50;99;3.40;6;2;1;77;0;3935099;183;0
147;18;336;10;55;51;0;3.20;6;2;1;79;0;3935100;-1;0
147;18;336;10;55;51;99;3.80;3;1;1;78;0;3935199;680;0
147;18;336;10;55;51;13;3.60;5;2;1;80;0;3935113;619;0
147;18;336;10;55;54;1;3.40;6;2;1;80;0;3935401;286;0
147;18;336;10;55;55;99;3.80;3;1;1;74;0;3935599;382;0
147;18;336;10;55;56;99;3.40;6;2;1;84;0;3935699;282;0
147;18;336;10;55;57;99;3.40;3;1;1;78;0;3935799;181;0
147;18;336;10;55;58;17;3.20;2;1;1;74;0;3935817;1001;0
147;18;336;10;56;0;6;3.40;3;1;1;77;0;3936006;191;0
147;18;336;10;56;0;11;3.60;5;2;1;78;0;3936011;881;0
147;18;336;10;56;0;99;3.80;6;2;1;77;0;3936099;385;0
147;18;336;10;56;1;99;3.60;5;2;1;82;0;3936199;171;0
147;18;336;10;56;1;99;4.20;6;2;1;79;0;3936199;82;0
147;18;336;10;56;1;2;3.20;2;1;1;77;0;3936102;269;0
147;18;336;10;56;2;85;3.80;5;2;1;81;0;3936285;70;0
147;18;336;10;56;2;99;4.00;7;2;1;84;0;3936299;2681;0
147;18;336;10;56;3;99;3.60;3;1;1;77;0;3936399;377;0
147;18;336;10;56;4;2;3.20;4;1;1;80;0;3936402;1886;0
147;18;336;10;56;4;4;3.20;6;2;1;80;0;3936404;185;0
147;18;336;10;56;6;5;3.40;2;1;1;79;0;3936605;488;0
147;18;336;10;56;6;99;3.20;3;1;1;74;0;3936699;283;0
147;18;336;10;56;6;99;14.20;4;1;4;72;0;3936699;282;0
147;18;336;10;56;7;99;3.40;6;2;1;76;0;3936799;380;0
147;18;336;10;56;9;14;3.20;6;2;1;82;0;3936914;98;0
147;18;336;10;56;9;40;3.80;3;1;1;80;0;3936940;225;0
147;18;336;10;56;11;99;3.40;2;1;1;77;0;3937199;578;0
147;18;336;10;56;14;14;4.40;3;1;1;78;0;3937414;456;0
147;18;336;10;56;17;25;3.00;2;1;1;81;0;3937725;510;0
147;18;336;10;56;17;48;3.80;3;1;1;80;0;3937748;313;0
147;18;336;10;56;19;99;3.80;3;1;1;79;0;3937999;233;0
147;18;336;10;56;21;99;3.40;6;2;1;73;0;3938199;1270;0
147;18;336;10;56;22;99;3.60;3;1;1;74;0;3938299;282;0
147;18;336;10;56;23;99;3.60;2;1;1;78;0;3938399;660;0
147;18;336;10;56;25;60;4.40;3;1;1;76;0;3938560;243;0
147;18;336;10;56;26;99;3.00;7;2;1;79;0;3938699;2382;0
147;18;336;10;56;26;99;3.60;2;1;1;86;0;3938699;283;0
147;18;336;10;56;27;99;3.20;3;1;1;80;0;3938799;218;0
147;18;336;10;56;27;15;3.60;7;2;1;78;0;3938715;2;0
147;18;336;10;56;28;87;4.40;6;2;1;82;0;3938887;671;0
147;18;336;10;56;28;85;4.00;7;2;1;74;0;3938885;153;0
147;18;336;10;56;30;89;3.40;7;2;1;71;0;3939089;184;0
147;18;336;10;56;31;99;3.60;3;1;1;79;0;3939199;385;0
147;18;336;10;56;32;6;3.40;2;1;1;76;0;3939206;491;0
147;18;336;10;56;34;99;3.80;3;1;1;79;0;3939499;283;0
147;18;336;10;56;34;99;3.40;1;1;1;80;0;3939499;6352;0
147;18;336;10;56;43;17;3.80;6;2;1;89;0;3940317;1410;0
147;18;336;10;56;44;99;4.00;7;2;1;82;0;3940499;1392;0
147;18;336;10;56;44;99;3.80;3;1;1;79;0;3940499;982;0
147;18;336;10;56;44;99;3.60;6;2;1;77;0;3940499;166;0
147;18;336;10;56;45;65;4.20;7;2;1;82;0;3940565;48;0
147;18;336;10;56;46;99;3.80;4;1;1;82;0;3940699;3929;0
147;18;336;10;56;46;99;3.40;7;2;1;77;0;3940699;115;0
147;18;336;10;56;47;10;3.60;5;2;1;83;0;3940710;4408;0
147;18;336;10;56;48;63;3.60;6;2;1;77;0;3940863;347;0
147;18;336;10;56;48;83;3.40;7;2;1;89;0;3940883;168;0
147;18;336;10;56;48;99;3.40;3;1;1;89;0;3940899;382;0
147;18;336;10;56;51;82;3.00;6;2;1;68;0;3941182;302;0
147;18;336;10;56;53;17;3.60;6;2;1;72;0;3941317;119;0
147;18;336;10;56;56;95;3.60;6;2;1;82;0;3941695;360;0
147;18;336;10;56;57;99;3.80;5;2;1;90;0;3941799;1073;0
147;18;336;10;56;59;5;3.80;2;1;1;78;0;3941905;2682;0
147;18;336;10;56;59;99;5.60;3;1;1;79;0;3941999;1086;0
147;18;336;10;57;0;99;3.40;6;2;1;79;0;3942099;388;0
147;18;336;10;57;0;32;3.60;3;1;1;78;0;3942032;7;0
147;18;336;10;57;2;99;3.20;3;1;1;79;0;3942299;250;0
147;18;336;10;57;3;20;3.60;6;2;1;83;0;3942320;205;0
147;18;336;10;57;3;77;3.20;3;1;1;79;0;3942377;63;0
147;18;336;10;57;4;99;3.80;5;2;1;80;0;3942499;684;0
147;18;336;10;57;5;99;3.80;4;1;1;82;0;3942599;1883;0
147;18;336;10;57;5;6;3.40;2;1;1;84;0;3942506;583;0
147;18;336;10;57;6;99;2.80;6;2;1;74;0;3942699;363;0
147;18;336;10;57;7;99;3.80;2;1;1;85;0;3942799;278;0
147;18;336;10;57;9;17;5.40;6;2;1;83;0;3942917;204;0
147;18;336;10;57;9;99;3.60;7;2;1;72;0;3942999;2102;0
147;18;336;10;57;11;79;3.20;3;1;1;78;0;3943179;787;0
147;18;336;10;57;12;24;3.20;6;2;1;83;0;3943224;283;0
147;18;336;10;57;12;24;3.60;4;1;1;82;0;3943224;608;0
147;18;336;10;57;15;23;4.60;1;1;1;73;0;3943523;4008;0
147;18;336;10;57;15;99;3.20;4;1;1;82;0;3943599;359;0
147;18;336;10;57;15;99;3.20;7;2;1;80;0;3943599;582;0
147;18;336;10;57;16;8;3.40;3;1;1;76;0;3943608;414;0
147;18;336;10;57;16;53;3.80;2;1;1;82;0;3943653;837;0
147;18;336;10;57;17;99;3.60;3;1;1;79;0;3943799;174;0
147;18;336;10;57;19;8;4.20;4;1;1;85;0;3943908;294;0
147;18;336;10;57;20;99;3.40;6;2;1;82;0;3944099;861;0
147;18;336;10;57;22;99;4.80;7;2;1;80;0;3944299;685;0
147;18;336;10;57;23;99;3.00;5;2;1;87;0;3944399;1882;0
147;18;336;10;57;25;99;4.00;7;2;1;78;0;3944599;278;0
147;18;336;10;57;28;99;3.60;6;2;1;77;0;3944899;785;0
147;18;336;10;57;28;99;3.60;7;2;1;84;0;3944899;281;0
147;18;336;10;57;30;22;3.20;3;1;1;80;0;3945022;1206;0
147;18;336;10;57;31;35;3.60;6;2;1;74;0;3945135;219;0
147;18;336;10;57;33;99;3.40;3;1;1;82;0;3945399;362;0
147;18;336;10;57;35;99;3.80;6;2;1;77;0;3945599;446;0
147;18;336;10;57;36;99;4.00;6;2;1;79;0;3945699;82;0
147;18;336;10;57;36;6;3.40;3;1;1;78;0;3945606;192;0
147;18;336;10;57;39;7;3.80;8;2;1;72;0;3945907;12279;0
147;18;336;10;57;39;21;3.80;2;1;1;84;0;3945921;2251;0
147;18;336;10;57;39;63;3.80;7;2;1;75;0;3945963;1048;0
147;18;336;10;57;39;71;3.80;3;1;1;78;0;3945971;349;0
147;18;336;10;57;39;91;4.00;6;2;1;87;0;3945991;273;0
147;18;336;10;57;41;31;3.60;7;2;1;74;0;3946131;149;0
147;18;336;10;57;43;11;4.00;2;1;1;81;0;3946311;373;0
147;18;336;10;57;43;99;3.40;8;2;1;77;0;3946399;473;0
147;18;336;10;57;44;20;3.60;7;2;1;77;0;3946420;271;0
147;18;336;10;57;45;99;3.60;6;2;1;83;0;3946599;591;0
147;18;336;10;57;45;99;3.80;4;1;1;85;0;3946599;2673;0
147;18;336;10;57;46;13;3.20;2;1;1;81;0;3946613;284;0
147;18;336;10;57;46;7;3.80;3;1;1;78;0;3946607;618;0
147;18;336;10;57;47;59;8.40;7;2;6;78;0;3946759;322;0
147;18;336;10;57;47;99;4.00;3;1;1;72;0;3946799;174;0
147;18;336;10;57;49;99;3.80;3;1;1;76;0;3946999;180;0
147;18;336;10;57;49;33;4.60;2;1;1;89;0;3946933;305;0
147;18;336;10;57;49;71;3.80;4;1;1;84;0;3946971;355;0
147;18;336;10;57;49;66;3.60;6;2;1;77;0;3946966;351;0
147;18;336;10;57;50;99;3.80;5;2;1;88;0;3947099;2687;0
147;18;336;10;57;51;99;3.80;6;2;1;84;0;3947199;216;0
147;18;336;10;57;52;15;3.80;4;1;1;81;0;3947215;227;0
147;18;336;10;57;52;96;3.80;5;2;1;86;0;3947296;181;0
147;18;336;10;57;52;99;3.60;3;1;1;78;0;3947299;282;0
147;18;336;10;57;53;99;3.40;6;2;1;74;0;3947399;183;0
147;18;336;10;57;53;99;3.60;4;1;1;81;0;3947399;167;0
147;18;336;10;57;55;98;3.60;6;2;1;78;0;3947598;182;0
147;18;336;10;57;55;99;4.00;2;1;1;77;0;3947599;647;0
147;18;336;10;57;56;5;3.80;6;2;1;79;0;3947605;-1;0
147;18;336;10;57;57;1;3.40;2;1;1;77;0;3947701;83;0
147;18;336;10;57;57;62;3.60;7;2;1;76;0;3947762;964;0
147;18;336;10;57;57;75;3.20;6;2;1;80;0;3947775;152;3947199
147;18;336;10;57;58;15;4.00;8;2;1;78;0;3947815;1400;0
147;18;336;10;57;58;99;3.40;4;1;1;81;0;3947899;484;0
147;18;336;10;58;0;12;3.00;3;1;1;72;0;3948012;696;0
147;18;336;10;58;0;99;3.60;6;2;1;80;0;3948099;309;0
147;18;336;10;58;2;42;3.60;6;2;1;80;0;3948242;126;0
147;18;336;10;58;3;99;3.00;3;1;1;78;0;3948399;372;0
147;18;336;10;58;3;99;3.00;6;2;1;78;0;3948399;140;0
147;18;336;10;58;4;99;3.80;7;2;1;78;0;3948499;719;0
147;18;336;10;58;8;99;4.00;3;1;1;75;0;3948899;486;0
147;18;336;10;58;10;99;3.80;5;2;1;105;0;3949099;1787;0
147;18;336;10;58;11;99;3.60;6;2;1;94;0;3949199;786;0
147;18;336;10;58;13;99;3.60;4;1;1;87;0;3949399;1484;0
147;18;336;10;58;13;99;4.00;3;1;1;83;0;3949399;480;0
147;18;336;10;58;13;99;3.60;8;2;1;88;0;3949399;1565;0
147;18;336;10;58;15;97;3.00;6;2;1;79;0;3949597;384;0
147;18;336;10;58;15;99;4.00;7;2;1;79;0;3949599;1082;0
147;18;336;10;58;17;5;3.40;6;2;1;78;0;3949705;94;0
147;18;336;10;58;20;49;4.00;7;2;1;94;0;3950049;431;0
147;18;336;10;58;21;99;3.00;3;1;1;74;0;3950199;782;0
147;18;336;10;58;21;99;3.20;2;1;1;81;0;3950199;2482;0
147;18;336;10;58;21;99;3.20;6;2;1;80;0;3950199;478;0
147;18;336;10;58;22;15;4.20;5;2;1;79;0;3950215;1102;0
147;18;336;10;58;22;42;3.60;2;1;1;76;0;3950242;28;0
147;18;336;10;58;23;99;3.60;3;1;1;79;0;3950399;185;0
147;18;336;10;58;23;77;8.40;8;2;6;83;0;3950377;963;0
147;18;336;10;58;23;99;3.20;5;2;1;84;0;3950399;164;0
147;18;336;10;58;25;51;3.60;3;1;1;88;0;3950551;135;0
147;18;336;10;58;26;98;7.40;7;2;1;66;0;3950698;633;0
147;18;336;10;58;29;99;4.00;8;2;1;83;0;3950999;585;0
147;18;336;10;58;30;26;3.40;2;1;1;93;0;3951026;766;0
147;18;336;10;58;30;58;3.40;6;2;1;86;0;3951058;844;0
147;18;336;10;58;34;99;3.60;6;2;1;80;0;3951499;426;0
147;18;336;10;58;35;20;3.80;1;1;1;83;0;3951520;7974;0
147;18;336;10;58;39;6;3.20;6;2;1;81;0;3951906;390;0
147;18;336;10;58;41;78;3.60;1;1;1;73;0;3952178;641;0
147;18;336;10;58;41;27;4.20;7;2;1;17;0;3952127;1388;0
147;18;336;10;58;44;99;3.60;6;2;1;76;0;3952499;578;0
147;18;336;10;58;44;99;3.20;8;2;1;84;0;3952499;1482;0
147;18;336;10;58;44;99;3.60;2;1;1;77;0;3952499;1459;0
147;18;336;10;58;47;99;3.60;2;1;1;78;0;3952799;283;0
147;18;336;10;58;47;99;3.60;7;2;1;80;0;3952799;583;0
147;18;336;10;58;48;18;3.80;4;1;1;83;0;3952818;3404;0
147;18;336;10;58;48;50;3.40;5;2;1;83;0;3952850;2437;0
147;18;336;10;58;49;27;2.20;2;1;1;80;0;3952927;111;0
147;18;336;10;58;50;99;3.20;8;2;1;76;0;3953099;586;0
147;18;336;10;58;48;32;4.20;7;2;1;12;0;3952832;16;0
147;18;336;10;58;55;99;4.60;2;1;1;77;0;3953599;662;0
147;18;336;10;58;55;99;3.80;7;2;1;83;0;3953599;641;0
147;18;336;10;58;56;97;3.80;3;1;1;82;0;3953697;3131;0
147;18;336;10;58;58;18;3.40;6;2;1;77;0;3953818;1301;0
147;18;336;10;58;59;2;5.40;2;1;1;81;0;3953902;281;0
147;18;336;10;58;59;99;4.00;7;2;1;80;0;3953999;383;0
147;18;336;10;59;0;99;3.60;3;1;1;83;0;3954099;385;0
147;18;336;10;59;0;2;3.40;2;1;1;78;0;3954002;76;0
147;18;336;10;59;0;55;4.20;7;2;1;14;0;3954055;38;0
147;18;336;10;59;3;22;3.60;2;1;1;80;0;3954322;304;0
147;18;336;10;59;4;99;3.40;3;1;1;84;0;3954499;384;0
147;18;336;10;59;5;99;3.80;5;2;1;89;0;3954599;1734;0
147;18;336;10;59;7;99;3.40;3;1;1;78;0;3954799;285;0
147;18;336;10;59;8;19;3.20;6;2;1;78;0;3954819;985;0
147;18;336;10;59;8;16;5.40;2;1;1;78;0;3954816;477;0
147;18;336;10;59;9;86;3.40;3;1;1;79;0;3954986;171;0
147;18;336;10;59;9;85;3.60;2;1;1;69;0;3954985;144;0
147;18;336;10;59;10;99;3.40;4;1;1;85;0;3955099;2264;0
147;18;336;10;59;10;99;3.40;6;2;1;78;0;3955099;265;0
147;18;336;10;59;11;22;3.40;4;1;1;79;0;3955122;8;0
147;18;336;10;59;11;40;4.60;6;2;1;89;0;3955140;25;0
147;18;336;10;59;12;99;3.60;2;1;1;77;0;3955299;295;0
147;18;336;10;59;14;19;3.20;3;1;1;76;0;3955419;417;0
147;18;336;10;59;15;99;3.00;1;1;1;64;0;3955599;3403;0
147;18;336;10;59;16;20;4.00;2;1;1;86;0;3955620;304;0
147;18;336;10;59;17;99;3.80;7;2;1;87;0;3955799;1636;0
147;18;336;10;59;18;25;3.80;6;2;1;85;0;3955825;666;0
147;18;336;10;59;19;65;3.00;6;2;1;81;0;3955965;123;0
147;18;336;10;59;20;29;3.60;7;2;1;84;0;3956029;214;0
147;18;336;10;59;20;99;3.60;5;2;1;94;0;3956099;1484;0
147;18;336;10;59;23;99;3.60;3;1;1;75;0;3956399;964;0
147;18;336;10;59;25;99;4.20;8;2;1;80;0;3956599;3484;0
147;18;336;10;59;26;99;3.00;3;1;1;76;0;3956699;282;0
147;18;336;10;59;29;21;3.40;6;2;1;83;0;3956921;942;0
147;18;336;10;59;30;99;3.60;6;2;1;82;0;3957099;163;0
147;18;336;10;59;31;99;3.60;6;2;1;81;0;3957199;84;0
147;18;336;10;59;33;99;3.80;2;1;1;82;0;3957399;1762;0
147;18;336;10;59;36;99;4.60;1;1;1;78;0;3957699;2083;0
147;18;336;10;59;36;99;3.40;6;2;1;73;0;3957699;484;0
147;18;336;10;59;37;64;3.20;6;2;1;73;0;3957764;48;0
147;18;336;10;59;37;95;3.80;2;1;1;83;0;3957795;379;0
147;18;336;10;59;38;99;2.80;6;2;1;72;0;3957899;119;0
147;18;336;10;59;39;11;3.40;5;2;1;83;0;3957911;1798;0
147;18;336;10;59;40;99;3.80;2;1;1;81;0;3958099;287;0
147;18;336;10;59;40;99;4.00;6;2;1;79;0;3958099;186;0
147;18;336;10;59;41;99;3.80;5;2;1;87;0;3958199;273;0
147;18;336;10;59;41;3;3.60;3;1;1;86;0;3958103;1389;0
147;18;336;10;59;43;99;3.40;5;2;1;86;0;3958399;184;0
147;18;336;10;59;45;99;3.60;7;2;1;80;0;3958599;2554;0
147;18;336;10;59;46;2;3.80;1;1;1;76;0;3958602;881;0
147;18;336;10;59;46;99;3.80;7;2;1;78;0;3958699;83;0
147;18;336;10;59;47;49;3.20;7;2;1;74;0;3958749;32;0
147;18;336;10;59;48;11;3.40;2;1;1;82;0;3958811;695;0
147;18;336;10;59;49;21;3.40;3;1;1;84;0;3958921;802;0
147;18;336;10;59;50;91;3.40;5;2;1;79;0;3959091;677;0
147;18;336;10;59;51;99;3.80;4;1;1;89;0;3959199;4061;0
147;18;336;10;59;51;99;3.80;6;2;1;73;0;3959199;1081;0
147;18;336;10;59;52;18;3.60;3;1;1;78;0;3959218;282;0
147;18;336;10;59;52;68;3.40;6;2;1;73;0;3959268;50;0
147;18;336;10;59;53;9;3.80;3;1;1;78;0;3959309;74;0
147;18;336;10;59;54;18;3.60;3;1;1;78;0;3959418;91;0
147;18;336;10;59;54;33;3.60;4;1;1;89;0;3959433;218;0
147;18;336;10;59;55;80;5.80;6;2;1;73;0;3959580;295;0
147;18;336;10;59;58;10;3.80;7;2;1;84;0;3959810;1045;0
147;18;336;10;59;59;99;4.20;6;2;1;83;0;3959999;390;0
147;18;336;11;0;0;54;3.80;3;1;1;81;0;3960054;619;0
147;18;336;11;0;2;99;8.20;2;1;6;75;0;3960299;1473;0
147;18;336;11;0;4;99;3.80;5;2;1;79;0;3960499;1392;0
147;18;336;11;0;4;99;3.80;7;2;1;81;0;3960499;672;0
147;18;336;11;0;4;99;3.80;3;1;1;82;0;3960499;428;0
147;18;336;11;0;5;9;5.40;6;2;1;68;0;3960509;491;0
147;18;336;11;0;5;99;3.40;5;2;1;78;0;3960599;82;0
147;18;336;11;0;8;11;3.60;6;2;1;77;0;3960811;273;0
147;18;336;11;0;8;19;3.20;3;1;1;80;0;3960819;303;0
147;18;336;11;0;10;48;3.20;6;2;1;81;0;3961048;220;0
147;18;336;11;0;10;78;3.60;3;1;1;84;0;3961078;244;0
147;18;336;11;0;10;86;3.40;2;1;1;87;0;3961086;747;0
147;18;336;11;0;12;14;3.80;3;1;1;78;0;3961214;120;0
147;18;336;11;0;13;99;3.60;6;2;1;80;0;3961399;336;0
147;18;336;11;0;15;18;3.60;6;2;1;82;0;3961518;102;0
147;18;336;11;0;16;3;3.40;2;1;1;82;0;3961603;502;0
147;18;336;11;0;16;17;3.40;3;1;1;81;0;3961617;385;0
147;18;336;11;0;18;16;3.80;5;2;1;80;0;3961816;1201;0
147;18;336;11;0;18;57;3.40;2;1;1;78;0;3961857;239;0
147;18;336;11;0;18;65;3.20;6;2;1;74;0;3961865;331;0
147;18;336;11;0;20;26;3.60;3;1;1;80;0;3962026;393;0
147;18;336;11;0;21;2;3.60;6;2;1;81;0;3962102;221;0
147;18;336;11;0;21;99;3.20;7;2;1;76;0;3962199;1683;0
147;18;336;11;0;22;99;3.40;3;1;1;78;0;3962299;256;0
147;18;336;11;0;23;65;3.60;8;2;1;87;0;3962365;5747;0
147;18;336;11;0;25;99;3.40;7;2;1;81;0;3962599;384;0
147;18;336;11;0;26;0;3.60;1;1;1;73;0;3962600;3980;0
147;18;336;11;0;26;99;3.00;3;1;1;68;0;3962699;384;0
147;18;336;11;0;27;28;3.80;7;2;1;78;0;3962728;113;0
147;18;336;11;0;27;3;3.60;2;1;1;76;0;3962703;830;0
147;18;336;11;0;28;54;3.80;3;1;1;79;0;3962854;139;0
147;18;336;11;0;28;87;3.40;4;1;1;89;0;3962887;3439;0
147;18;336;11;0;29;99;3.00;6;2;1;78;0;3962999;881;0
147;18;336;11;0;29;99;3.60;3;1;1;74;0;3962999;127;0
147;18;336;11;0;30;0;3.40;4;1;1;76;0;3963000;99;0
147;18;336;11;0;31;99;3.00;3;1;1;70;0;3963199;182;0
147;18;336;11;0;31;99;3.40;2;1;1;81;0;3963199;478;0
147;18;336;11;0;32;99;3.60;7;2;1;83;0;3963299;553;0
147;18;336;11;0;33;61;3.60;6;2;1;78;0;3963361;348;0
147;18;336;11;0;33;88;4.60;2;1;1;71;0;3963388;173;0
147;18;336;11;0;34;99;3.80;6;2;1;78;0;3963499;121;0
147;18;336;11;0;35;13;3.00;3;1;1;72;0;3963513;298;0
147;18;336;11;0;36;86;2.80;6;2;1;74;0;3963686;169;0
147;18;336;11;0;36;99;4.40;4;1;1;86;0;3963699;682;0
147;18;336;11;0;37;99;3.40;7;2;1;77;0;3963799;484;0
147;18;336;11;0;37;99;3.80;6;2;1;78;0;3963799;99;0
147;18;336;11;0;37;78;14.00;5;2;5;80;0;3963778;1944;0
147;18;336;11;0;38;74;3.60;7;2;1;82;0;3963874;59;0
147;18;336;11;0;39;13;3.40;6;2;1;75;0;3963913;96;3963361
147;18;336;11;0;39;99;3.40;7;2;1;82;0;3963999;109;3963361
147;18;336;11;0;40;29;3.40;3;1;1;82;0;3964029;501;0
147;18;336;11;0;40;99;3.20;2;1;1;71;0;3964099;687;0
147;18;336;11;0;40;18;3.60;4;1;1;84;0;3964018;300;0
147;18;336;11;0;41;79;3.60;7;2;1;87;0;3964179;165;0
147;18;336;11;0;42;99;3.80;2;1;1;77;0;3964299;183;0
147;18;336;11;0;42;99;3.60;8;2;1;83;0;3964299;1919;0
147;18;336;11;0;43;9;4.00;5;2;1;84;0;3964309;468;0
147;18;336;11;0;44;1;3.40;3;1;1;82;0;3964401;357;0
147;18;336;11;0;45;99;4.00;7;2;1;85;0;3964599;405;0
147;18;336;11;0;45;99;3.60;3;1;1;81;0;3964599;183;0
147;18;336;11;0;45;0;3.00;1;1;1;82;0;3964500;1882;0
147;18;336;11;0;46;11;2.60;2;1;1;67;0;3964611;294;0
147;18;336;11;0;47;12;3.40;2;1;1;66;0;3964712;87;0
147;18;336;11;0;48;12;3.40;6;2;1;81;0;3964812;882;0
147;18;336;11;0;50;99;3.00;2;1;1;74;0;3965099;368;0
147;18;336;11;0;50;99;3.60;3;1;1;77;0;3965099;484;0
147;18;336;11;0;52;2;3.80;4;1;1;86;0;3965202;1168;0
147;18;336;11;0;52;99;3.20;6;2;1;76;0;3965299;471;0
147;18;336;11;0;53;11;3.40;3;1;1;85;0;3965311;195;0
147;18;336;11;0;55;8;3.60;4;1;1;79;0;3965508;290;0
147;18;336;11;0;55;99;3.60;3;1;1;77;0;3965599;273;0
147;18;336;11;0;55;99;3.80;6;2;1;78;0;3965599;284;0
147;18;336;11;0;55;99;3.80;7;2;1;84;0;3965599;983;0
147;18;336;11;1;0;99;3.80;6;2;1;80;0;3966099;482;0
147;18;336;11;1;1;19;3.60;2;1;1;80;0;3966119;1005;0
147;18;336;11;1;2;14;3.20;4;1;1;80;0;3966214;689;0
147;18;336;11;1;3;99;3.20;3;1;1;75;0;3966399;783;0
147;18;336;11;1;3;99;3.20;2;1;1;77;0;3966399;263;0
147;18;336;11;1;3;3;4.60;7;2;1;75;0;3966303;687;0
147;18;336;11;1;4;2;3.80;4;1;1;81;0;3966402;173;0
147;18;336;11;1;4;69;3.40;2;1;1;79;0;3966469;55;0
147;18;336;11;1;7;99;4.00;5;2;1;83;0;3966799;2472;0
147;18;336;11;1;8;99;3.60;8;2;1;80;0;3966899;2584;0
147;18;336;11;1;8;99;3.60;5;2;1;83;0;3966899;82;0
147;18;336;11;1;9;9;3.60;2;1;1;80;0;3966909;424;0
147;18;336;11;1;9;67;3.60;5;2;1;82;0;3966967;52;0
147;18;336;11;1;9;85;3.60;7;2;1;81;0;3966985;659;0
147;18;336;11;1;9;78;3.80;6;2;1;74;0;3966978;861;0
147;18;336;11;1;10;99;4.40;5;2;1;79;0;3967099;116;0
147;18;336;11;1;11;99;3.80;6;2;1;77;0;3967199;202;0
147;18;336;11;1;12;99;3.80;6;2;1;79;0;3967299;82;0
147;18;336;11;1;13;99;3.00;7;2;1;89;0;3967399;398;0
147;18;336;11;1;13;99;3.80;2;1;1;78;0;3967399;473;0
147;18;336;11;1;15;99;3.60;6;2;1;73;0;3967599;282;0
147;18;336;11;1;15;99;3.20;5;2;1;80;0;3967599;479;0
147;18;336;11;1;17;99;4.20;5;2;1;88;0;3967799;185;0
147;18;336;11;1;18;99;3.00;3;1;1;71;0;3967899;1484;0
147;18;336;11;1;18;99;3.80;6;2;1;74;0;3967899;282;0
147;18;336;11;1;20;14;3.60;5;2;1;82;0;3968014;197;0
147;18;336;11;1;20;24;3.60;8;2;1;81;0;3968024;1108;0
147;18;336;11;1;21;8;3.20;6;2;1;80;0;3968108;190;0
147;18;336;11;1;22;99;4.00;6;2;1;83;0;3968299;176;0
147;18;336;11;1;22;99;3.40;3;1;1;74;0;3968299;384;0
147;18;336;11;1;26;23;3.60;6;2;1;81;0;3968623;306;0
147;18;336;11;1;26;99;3.60;7;2;1;82;0;3968699;1287;0
147;18;336;11;1;28;99;3.60;3;1;1;80;0;3968899;583;0
147;18;336;11;1;29;0;3.60;6;2;1;79;0;3968900;261;0
147;18;336;11;1;33;99;3.80;2;1;1;86;0;3969399;1982;0
147;18;336;11;1;35;99;3.60;6;2;1;79;0;3969599;682;0
147;18;336;11;1;35;99;6.40;7;2;1;84;0;3969599;884;0
147;18;336;11;1;37;6;3.80;6;2;1;79;0;3969706;90;0
147;18;336;11;1;37;79;3.20;6;2;1;79;0;3969779;55;0
147;18;336;11;1;38;99;3.80;6;2;1;80;0;3969899;105;0
147;18;336;11;1;39;31;2.80;2;1;1;83;0;3969931;516;0
147;18;336;11;1;40;79;3.60;7;2;1;77;0;3970079;452;0
147;18;336;11;1;40;91;3.60;6;2;1;79;0;3970091;174;3969599
147;18;336;11;1;40;99;4.00;5;2;1;83;0;3970099;2069;0
147;18;336;11;1;42;38;3.40;3;1;1;73;0;3970238;1322;0
147;18;336;11;1;44;7;3.40;3;1;1;77;0;3970407;152;0
147;18;336;11;1;47;99;3.80;2;1;1;75;0;3970799;855;0
147;18;336;11;1;47;33;3.80;3;1;1;83;0;3970733;310;0
147;18;336;11;1;48;99;3.60;3;1;1;76;0;3970899;149;0
147;18;336;11;1;49;4;3.00;3;1;1;76;0;3970904;-1;0
147;18;336;11;1;51;99;4.00;4;1;1;78;0;3971199;4780;0
147;18;336;11;1;53;17;4.60;6;2;1;79;0;3971317;1209;0
147;18;336;11;1;53;95;4.60;3;1;1;76;0;3971395;476;0
147;18;336;11;1;54;5;3.40;4;1;1;83;0;3971405;187;0
147;18;336;11;1;54;99;3.40;3;1;1;74;0;3971499;82;0
147;18;336;11;1;55;9;3.40;8;2;1;70;0;3971509;3469;0
147;18;336;11;1;56;99;3.40;5;2;1;83;0;3971699;1582;0
147;18;336;11;1;58;75;3.60;6;2;1;74;0;3971875;537;0
147;18;336;11;1;58;99;3.40;7;2;1;78;0;3971899;1803;0
147;18;336;11;1;59;99;3.40;4;1;1;76;0;3971999;579;0
147;18;336;11;2;0;65;3.40;6;2;1;80;0;3972065;172;0
147;18;336;11;2;0;69;3.20;2;1;1;78;0;3972069;1251;0
147;18;336;11;2;1;99;3.40;3;1;1;70;0;3972199;683;0
147;18;336;11;2;3;8;4.20;8;2;1;77;0;3972308;781;0
147;18;336;11;2;3;99;3.80;2;1;1;71;0;3972399;315;0
147;18;336;11;2;6;99;4.00;6;2;1;86;0;3972699;618;0
147;18;336;11;2;7;0;3.80;3;1;1;81;0;3972700;483;0
147;18;336;11;2;8;73;3.60;4;1;1;84;0;3972873;857;0
147;18;336;11;2;9;99;3.80;6;2;1;81;0;3972999;283;0
147;18;336;11;2;10;8;4.00;3;1;1;74;0;3973008;291;0
147;18;336;11;2;10;18;3.40;1;1;1;79;0;3973018;8504;0
147;18;336;11;2;10;31;3.40;7;2;1;89;0;3973031;1116;0
147;18;336;11;2;11;99;3.80;3;1;1;77;0;3973199;171;0
147;18;336;11;2;14;99;3.40;2;1;1;81;0;3973499;1080;0
147;18;336;11;2;17;99;3.80;2;1;1;88;0;3973799;284;0
147;18;336;11;2;18;97;5.00;2;1;1;85;0;3973897;82;0
147;18;336;11;2;20;4;3.40;6;2;1;78;0;3974004;988;0
147;18;336;11;2;21;17;4.00;6;2;1;74;0;3974117;97;0
147;18;336;11;2;21;67;9.60;2;1;6;70;0;3974167;248;0
147;18;336;11;2;22;99;3.80;7;2;1;82;0;3974299;1254;0
147;18;336;11;2;23;38;3.60;2;1;1;73;0;3974338;121;0
147;18;336;11;2;23;64;7.80;6;2;6;71;0;3974364;227;0
147;18;336;11;2;25;99;3.60;6;2;1;83;0;3974599;195;0
147;18;336;11;2;27;99;3.40;3;1;1;80;0;3974799;1582;0
147;18;336;11;2;28;49;3.00;2;1;1;84;0;3974849;493;0
147;18;336;11;2;31;78;3.20;6;2;1;76;0;3975178;563;0
147;18;336;11;2;32;29;3.40;8;2;1;90;0;3975229;2901;0
147;18;336;11;2;33;20;5.20;3;1;1;71;0;3975320;505;0
147;18;336;11;2;33;57;3.20;1;1;1;88;0;3975357;2323;0
147;18;336;11;2;34;1;3.80;2;1;1;80;0;3975401;539;0
147;18;336;11;2;34;99;3.60;3;1;1;69;0;3975499;152;0
147;18;336;11;2;35;99;2.80;4;1;1;81;0;3975599;2710;0
147;18;336;11;2;35;99;3.80;2;1;1;76;0;3975599;180;0
147;18;336;11;2;36;74;3.40;2;1;1;77;0;3975674;57;0
147;18;336;11;2;36;99;3.60;6;2;1;86;0;3975699;505;0
147;18;336;11;2;38;0;3.80;8;2;1;76;0;3975800;557;0
147;18;336;11;2;39;14;3.40;2;1;1;79;0;3975914;224;0
147;18;336;11;2;39;21;3.60;4;1;1;84;0;3975921;309;0
147;18;336;11;2;39;86;3.20;6;2;1;78;0;3975986;271;0
147;18;336;11;2;39;86;3.40;3;1;1;75;0;3975986;468;0
147;18;336;11;2;41;32;4.60;6;2;1;80;0;3976132;131;0
147;18;336;11;2;43;99;3.80;3;1;1;78;0;3976399;396;0
147;18;336;11;2;44;81;3.60;4;1;1;83;0;3976481;544;0
147;18;336;11;2;45;25;3.20;4;1;1;82;0;3976525;28;0
147;18;336;11;2;45;99;3.60;7;2;1;81;0;3976599;2283;0
147;18;336;11;2;45;99;9.00;3;1;6;77;0;3976599;182;0
147;18;336;11;2;45;99;3.60;4;1;1;84;0;3976599;59;0
147;18;336;11;2;47;99;3.60;2;1;1;73;0;3976799;869;0
147;18;336;11;2;47;99;4.00;6;2;1;84;0;3976799;646;0
147;18;336;11;2;47;99;5.60;3;1;1;79;0;3976799;157;0
147;18;336;11;2;48;99;3.80;4;1;1;83;0;3976899;284;0
147;18;336;11;2;48;5;3.40;7;2;1;78;0;3976805;190;0
147;18;336;11;2;48;24;4.00;2;1;1;81;0;3976824;7;0
147;18;336;11;2;52;99;3.60;7;2;1;73;0;3977299;478;0
147;18;336;11;2;53;99;3.80;7;2;1;73;0;3977399;82;0
147;18;336;11;2;55;8;3.60;3;1;1;78;0;3977508;683;0
147;18;336;11;2;57;97;3.00;6;2;1;80;0;3977797;980;0
147;18;336;11;3;1;0;3.20;6;2;1;77;0;3978100;289;0
147;18;336;11;3;3;99;3.80;4;1;1;96;0;3978399;1483;0
147;18;336;11;3;3;99;5.40;8;2;1;77;0;3978399;2581;0
147;18;336;11;3;8;99;4.00;8;2;1;78;0;3978899;474;0
147;18;336;11;3;8;99;4.60;3;1;1;74;0;3978899;1374;0
147;18;336;11;3;10;99;3.80;2;1;1;77;0;3979099;2257;0
147;18;336;11;3;13;0;3.20;3;1;1;70;0;3979300;378;0
147;18;336;11;3;14;25;3.80;3;1;1;70;0;3979425;108;0
147;18;336;11;3;14;54;2.80;4;1;1;82;0;3979454;1040;0
147;18;336;11;3;14;57;3.80;2;1;1;71;0;3979457;340;0
147;18;336;11;3;18;99;3.40;6;2;1;82;0;3979899;1784;0
147;18;336;11;3;16;59;18.80;7;2;5;49;0;3979659;2241;0
147;18;336;11;3;20;5;3.60;6;2;1;82;0;3980005;91;0
147;18;336;11;3;21;99;4.00;6;2;1;81;0;3980199;178;0
147;18;336;11;3;21;99;4.40;3;1;1;81;0;3980199;754;0
147;18;336;11;3;22;90;3.40;6;2;1;77;0;3980290;73;0
147;18;336;11;3;24;17;3.20;2;1;1;78;0;3980417;940;0
147;18;336;11;3;26;99;3.40;2;1;1;68;0;3980699;267;0
147;18;336;11;3;29;23;3.00;2;1;1;76;0;3980923;206;0
147;18;336;11;3;29;21;3.80;3;1;1;74;0;3980921;702;0
147;18;336;11;3;31;99;4.00;3;1;1;73;0;3981199;259;0
147;18;336;11;3;31;99;3.00;1;1;1;85;0;3981199;5828;0
147;18;336;11;3;33;99;4.00;5;2;1;110;0;3981399;9685;0
147;18;336;11;3;33;99;3.40;6;2;1;74;0;3981399;1093;0
147;18;336;11;3;33;99;3.40;3;1;1;65;0;3981399;180;0
147;18;336;11;3;34;11;4.20;8;2;1;83;0;3981411;2493;0
147;18;336;11;3;34;17;3.60;6;2;1;86;0;3981417;1;0
147;18;336;11;3;39;12;3.60;3;1;1;75;0;3981912;494;0
147;18;336;11;3;41;2;3.60;6;2;1;79;0;3982102;669;0
147;18;336;11;3;42;99;3.80;6;2;1;85;0;3982299;180;0
147;18;336;11;3;43;86;3.80;2;1;1;82;0;3982386;1448;0
147;18;336;11;3;43;99;3.60;3;1;1;78;0;3982399;469;0
147;18;336;11;3;44;99;3.20;3;1;1;76;0;3982499;83;0
147;18;336;11;3;45;5;3.60;6;2;1;82;0;3982505;189;0
147;18;336;11;3;45;5;3.80;2;1;1;83;0;3982505;102;0
147;18;336;11;3;46;99;3.80;4;1;1;81;0;3982699;3232;0
147;18;336;11;3;47;99;4.00;6;2;1;85;0;3982799;278;0
147;18;336;11;3;50;61;3.60;3;1;1;78;0;3983061;546;0
147;18;336;11;3;51;99;3.80;6;2;1;79;0;3983199;383;0
147;18;336;11;3;52;99;3.80;6;2;1;79;0;3983299;82;0
147;18;336;11;3;56;99;3.80;6;2;1;86;0;3983699;382;0
147;18;336;11;3;59;18;3.20;6;2;1;86;0;3983918;203;0
147;18;336;11;4;0;3;3.80;2;1;1;81;0;3984003;1481;0
147;18;336;11;4;1;99;4.00;5;2;1;85;0;3984199;2786;0
147;18;336;11;4;1;99;3.60;6;2;1;74;0;3984199;267;0
147;18;336;11;4;1;99;3.40;2;1;1;73;0;3984199;179;0
147;18;336;11;4;4;15;3.40;6;2;1;73;0;3984415;198;0
147;18;336;11;4;4;99;3.80;3;1;1;78;0;3984499;1421;0
147;18;336;11;4;6;97;3.60;2;1;1;85;0;3984697;481;0
147;18;336;11;4;13;20;3.60;3;1;1;81;0;3985320;803;0
147;18;336;11;4;14;14;3.80;3;1;1;81;0;3985414;78;0
147;18;336;11;4;23;99;3.80;1;1;1;87;0;3986399;5187;0
147;18;336;11;4;25;12;3.60;3;1;1;81;0;3986512;1081;0
147;18;336;11;4;25;99;3.80;3;1;1;81;0;3986599;71;0
147;18;336;11;4;26;98;4.60;6;2;1;82;0;3986698;2266;0
147;18;336;11;4;27;99;3.20;2;1;1;78;0;3986799;2086;0
147;18;336;11;4;29;3;3.20;1;1;1;82;0;3986903;488;0
147;18;336;11;4;31;37;3.40;6;2;1;75;0;3987137;418;0
147;18;336;11;4;34;99;3.60;7;2;1;81;0;3987499;7701;0
147;18;336;11;4;34;99;4.20;3;1;1;82;0;3987499;883;0
147;18;336;11;4;35;99;4.20;6;2;1;80;0;3987599;445;0
147;18;336;11;4;36;51;4.60;2;1;1;85;0;3987651;837;0
147;18;336;11;4;39;99;3.60;3;1;1;80;0;3987999;481;0
147;18;336;11;4;41;21;3.40;7;2;1;80;0;3988121;606;0
147;18;336;11;4;43;99;4.40;3;1;1;82;0;3988399;383;0
147;18;336;11;4;44;92;3.20;6;2;1;82;0;3988492;874;0
147;18;336;11;4;46;0;3.00;3;1;1;75;0;3988600;181;0
147;18;336;11;4;46;23;4.00;1;1;1;79;0;3988623;1705;0
147;18;336;11;4;48;99;3.80;4;1;1;79;0;3988899;6183;0
147;18;336;11;4;48;99;3.20;3;1;1;75;0;3988899;284;0
147;18;336;11;4;49;92;3.60;3;1;1;76;0;3988992;77;0
147;18;336;11;4;50;8;3.60;4;1;1;79;0;3989008;91;0
147;18;336;11;4;51;8;3.40;7;2;1;82;0;3989108;971;0
147;18;336;11;4;51;99;3.40;4;1;1;80;0;3989199;174;0
147;18;336;11;4;51;99;3.40;5;2;1;83;0;3989199;4983;0
147;18;336;11;4;51;99;3.40;3;1;1;77;0;3989199;189;0
147;18;336;11;4;52;88;3.40;4;1;1;77;0;3989288;73;0
147;18;336;11;4;52;99;3.40;6;2;1;77;0;3989299;792;0
147;18;336;11;4;53;99;3.40;3;1;1;74;0;3989399;184;0
147;18;336;11;4;54;5;3.60;6;2;1;80;0;3989405;90;0
147;18;336;11;4;54;32;3.80;5;2;1;88;0;3989432;218;0
147;18;336;11;4;55;99;3.60;6;2;1;82;0;3989599;177;0
147;18;336;11;4;56;99;3.60;3;1;1;77;0;3989699;283;0
147;18;336;11;4;57;81;3.60;5;2;1;97;0;3989781;333;0
147;18;336;11;4;58;99;3.40;3;1;1;81;0;3989899;183;0
147;18;336;11;4;59;5;3.60;6;2;1;79;0;3989905;290;0
147;18;336;11;4;59;24;3.80;7;2;1;96;0;3989924;801;0
147;18;336;11;5;0;99;3.20;3;1;1;79;0;3990099;184;0
147;18;336;11;5;2;20;3.00;6;2;1;70;0;3990220;298;0
147;18;336;11;5;2;58;11.00;7;2;2;79;0;3990258;319;0
147;18;336;11;5;3;12;3.40;6;2;1;70;0;3990312;76;0
147;18;336;11;5;3;99;3.40;7;2;1;78;0;3990399;90;0
147;18;336;11;5;5;0;3.40;3;1;1;87;0;3990500;386;0
147;18;336;11;5;5;12;3.40;6;2;1;75;0;3990512;182;0
147;18;336;11;5;6;99;3.00;2;1;1;80;0;3990699;3028;0
147;18;336;11;5;6;99;3.60;4;1;1;83;0;3990699;1395;0
147;18;336;11;5;6;99;3.40;8;2;1;77;0;3990699;9269;0
147;18;336;11;5;7;0;3.60;6;2;1;81;0;3990700;171;0
147;18;336;11;5;7;40;3.60;5;2;1;81;0;3990740;945;0
147;18;336;11;5;9;0;3.60;2;1;1;83;0;3990900;187;0
147;18;336;11;5;9;35;3.80;7;2;1;78;0;3990935;520;0
147;18;336;11;5;11;14;3.80;3;1;1;85;0;3991114;599;0
147;18;336;11;5;11;19;4.20;6;2;1;81;0;3991119;403;0
147;18;336;11;5;11;99;3.80;4;1;1;91;0;3991199;484;0
147;18;336;11;5;13;17;3.40;2;1;1;92;0;3991317;401;0
147;18;336;11;5;15;16;3.60;6;2;1;81;0;3991516;378;0
147;18;336;11;5;15;69;3.60;2;1;1;79;0;3991569;238;0
147;18;336;11;5;16;99;5.60;1;1;1;81;0;3991699;3057;0
147;18;336;11;5;16;99;3.60;6;2;1;80;0;3991699;167;0
147;18;336;11;5;17;23;3.80;3;1;1;78;0;3991723;592;0
147;18;336;11;5;19;99;3.60;6;2;1;76;0;3991999;283;0
147;18;336;11;5;19;10;3.40;4;1;1;84;0;3991910;695;0
147;18;336;11;5;20;83;3.20;2;1;1;79;0;3992083;497;0
147;18;336;11;5;24;16;3.40;5;2;1;85;0;3992416;1660;0
147;18;336;11;5;26;18;3.80;4;1;1;87;0;3992618;693;0
147;18;336;11;5;26;99;3.60;3;1;1;79;0;3992699;958;0
147;18;336;11;5;27;39;3.20;2;1;1;93;0;3992739;641;0
147;18;336;11;5;30;34;3.60;2;1;1;83;0;3993034;282;0
147;18;336;11;5;30;32;3.40;6;2;1;76;0;3993032;1015;0
147;18;336;11;5;30;84;3.20;5;2;1;79;0;3993084;653;0
147;18;336;11;5;31;2;3.60;3;1;1;81;0;3993102;386;0
147;18;336;11;5;31;99;4.00;7;2;1;86;0;3993199;2246;0
147;18;336;11;5;33;2;3.80;6;2;1;81;0;3993302;253;0
147;18;336;11;5;33;99;4.00;7;2;1;78;0;3993399;183;0
147;18;336;11;5;33;99;3.80;5;2;1;86;0;3993399;300;0
147;18;336;11;5;34;99;3.80;3;1;1;79;0;3993499;381;0
147;18;336;11;5;35;44;3.20;6;2;1;80;0;3993544;225;0
147;18;336;11;5;36;99;3.60;4;1;1;77;0;3993699;1065;0
147;18;336;11;5;37;99;3.00;3;1;1;70;0;3993799;282;0
147;18;336;11;5;37;8;3.40;1;1;1;75;0;3993708;1984;0
147;18;336;11;5;39;11;3.20;3;1;1;73;0;3993911;96;0
147;18;336;11;5;39;99;3.20;4;1;1;80;0;3993999;283;0
147;18;336;11;5;40;18;3.60;2;1;1;75;0;3994018;968;0
147;18;336;11;5;41;99;10.20;6;2;6;75;0;3994199;640;0
147;18;336;11;5;43;55;3.60;3;1;1;78;0;3994355;428;0
147;18;336;11;5;44;99;5.40;2;1;1;82;0;3994499;463;0
147;18;336;11;5;45;40;3.80;6;2;1;84;0;3994540;292;0
147;18;336;11;5;46;4;3.60;1;1;1;83;0;3994604;879;0
147;18;336;11;5;46;92;4.20;2;1;1;79;0;3994692;169;0
147;18;336;11;5;46;99;3.60;7;2;1;81;0;3994699;1281;0
147;18;336;11;5;47;99;3.80;6;2;1;81;0;3994799;242;0
147;18;336;11;5;47;4;3.40;3;1;1;77;0;3994704;332;0
147;18;336;11;5;50;12;3.40;3;1;1;77;0;3995012;292;0
147;18;336;11;5;53;25;3.60;2;1;1;83;0;3995325;613;0
147;18;336;11;5;53;48;3.40;3;1;1;72;0;3995348;320;0
147;18;336;11;5;54;10;3.20;6;2;1;80;0;3995410;594;0
147;18;336;11;5;55;41;3.40;7;2;1;75;0;3995541;826;0
147;18;336;11;5;56;4;3.20;3;1;1;71;0;3995604;239;0
147;18;336;11;5;56;99;3.80;6;2;1;88;0;3995699;274;0
147;18;336;11;5;57;99;3.20;3;1;1;72;0;3995799;178;0
147;18;336;11;5;57;99;6.20;6;2;1;82;0;3995799;84;0
147;18;336;11;6;0;99;3.60;5;2;1;81;0;3996099;2684;0
147;18;336;11;6;1;76;3.60;3;1;1;77;0;3996176;361;0
147;18;336;11;6;1;92;4.60;6;2;1;81;0;3996192;365;0
147;18;336;11;6;4;99;3.80;2;1;1;82;0;3996499;1158;0
147;18;336;11;6;5;99;3.80;3;1;1;77;0;3996599;406;0
147;18;336;11;6;6;92;3.40;1;1;1;78;0;3996692;2072;0
147;18;336;11;6;7;12;4.00;7;2;1;76;0;3996712;1154;0
147;18;336;11;6;7;99;3.80;3;1;1;78;0;3996799;182;0
147;18;336;11;6;9;99;3.60;3;1;1;76;0;3996999;182;0
147;18;336;11;6;10;99;3.40;6;2;1;81;0;3997099;886;0
147;18;336;11;6;16;53;3.60;7;2;1;79;0;3997653;922;0
147;18;336;11;6;19;26;3.00;7;2;1;79;0;3997926;256;0
147;18;336;11;6;23;26;3.80;2;1;1;81;0;3998326;1810;0
147;18;336;11;6;22;99;3.40;8;2;1;77;0;3998299;7584;0
147;18;336;11;6;22;99;3.80;2;1;1;77;0;3998299;-1;0
147;18;336;11;6;24;99;3.00;2;1;1;77;0;3998499;182;0
147;18;336;11;6;25;99;4.00;8;2;1;79;0;3998599;284;0
147;18;336;11;6;26;32;3.40;3;1;1;83;0;3998632;1615;0
147;18;336;11;6;27;99;3.00;6;2;1;76;0;3998799;1684;0
147;18;336;11;6;30;99;3.60;2;1;1;85;0;3999099;585;0
147;18;336;11;6;32;21;3.80;3;1;1;79;0;3999221;574;0
147;18;336;11;6;33;99;6.60;3;1;1;71;0;3999399;160;0
147;18;336;11;6;34;48;3.60;6;2;1;83;0;3999448;634;0
147;18;336;11;6;34;57;3.20;2;1;1;82;0;3999457;342;0
147;18;336;11;6;37;24;3.20;3;1;1;78;0;3999724;291;0
147;18;336;11;6;38;20;5.20;3;1;1;87;0;3999820;81;0
147;18;336;11;6;41;99;3.60;7;2;1;77;0;4000199;2259;0
147;18;336;11;6;42;15;4.00;8;2;1;77;0;4000215;1597;0
147;18;336;11;6;44;10;3.80;2;1;1;78;0;4000410;938;0
147;18;336;11;6;45;9;3.80;3;1;1;80;0;4000509;667;0
147;18;336;11;6;46;18;3.40;2;1;1;73;0;4000618;190;0
147;18;336;11;6;48;17;3.60;6;2;1;82;0;4000817;1353;0
147;18;336;11;6;48;99;3.20;3;1;1;76;0;4000899;372;0
147;18;336;11;6;49;32;3.60;3;1;1;75;0;4000932;17;0
147;18;336;11;6;50;99;3.60;6;2;1;77;0;4001099;266;0
147;18;336;11;6;50;99;3.20;2;1;1;77;0;4001099;464;0
147;18;336;11;6;52;99;3.40;6;2;1;73;0;4001299;183;0
147;18;336;11;6;53;99;4.00;3;1;1;79;0;4001399;449;0
147;18;336;11;6;54;26;4.00;7;2;1;76;0;4001426;1210;0
147;18;336;11;6;56;8;3.60;6;2;1;80;0;4001608;292;0
147;18;336;11;6;57;70;3.60;3;1;1;80;0;4001770;352;0
147;18;336;11;6;58;99;3.60;3;1;1;83;0;4001899;112;0
147;18;336;11;6;59;15;3.60;2;1;1;76;0;4001915;801;0
147;18;336;11;6;59;99;4.40;6;2;1;76;0;4001999;374;0
147;18;336;11;7;0;22;3.20;2;1;1;75;0;4002022;89;0
147;18;336;11;7;2;57;3.60;3;1;1;81;0;4002257;342;0
147;18;336;11;7;2;74;3.60;6;2;1;82;0;4002274;254;0
147;18;336;11;7;4;99;3.60;3;1;1;67;0;4002499;226;0
147;18;336;11;7;5;0;3.60;2;1;1;68;0;4002500;462;0
147;18;336;11;7;7;17;3.60;6;2;1;73;0;4002717;427;0
147;18;336;11;7;7;4;5.40;3;1;1;71;0;4002704;185;0
147;18;336;11;7;7;31;4.00;8;2;1;76;0;4002731;2497;0
147;18;336;11;7;7;36;3.80;2;1;1;79;0;4002736;216;0
147;18;336;11;7;10;0;3.60;7;2;1;83;0;4003000;1555;0
147;18;336;11;7;11;99;4.20;3;1;1;74;0;4003199;467;0
147;18;336;11;7;12;24;3.60;6;2;1;73;0;4003224;489;0
147;18;336;11;7;13;99;2.60;2;1;1;75;0;4003399;645;0
147;18;336;11;7;14;99;3.80;5;2;1;84;0;4003499;7384;0
147;18;336;11;7;14;99;4.40;6;2;1;77;0;4003499;257;0
147;18;336;11;7;17;99;3.80;5;2;1;81;0;4003799;283;0
147;18;336;11;7;19;7;6.20;6;2;1;79;0;4003907;387;0
147;18;336;11;7;21;6;4.40;3;1;1;72;0;4004106;886;0
147;18;336;11;7;21;99;3.40;7;2;1;86;0;4004199;1183;0
147;18;336;11;7;23;20;3.20;5;2;1;88;0;4004320;504;0
147;18;336;11;7;23;17;3.20;6;2;1;78;0;4004317;381;0
147;18;336;11;7;25;3;3.20;3;1;1;70;0;4004503;375;0
147;18;336;11;7;27;14;3.80;3;1;1;83;0;4004714;194;0
147;18;336;11;7;32;26;5.00;6;2;1;85;0;4005226;894;0
147;18;336;11;7;33;86;3.60;8;2;1;73;0;4005386;2636;0
147;18;336;11;7;35;4;3.80;6;2;1;83;0;4005504;256;0
147;18;336;11;7;35;46;3.60;2;1;1;82;0;4005546;2134;0
147;18;336;11;7;36;86;4.00;3;1;1;85;0;4005686;955;0
147;18;336;11;7;36;99;3.80;3;1;1;81;0;4005699;-1;0
147;18;336;11;7;36;99;5.00;2;1;1;81;0;4005699;137;0
147;18;336;11;7;39;6;2.80;2;1;1;72;0;4005906;184;0
147;18;336;11;7;39;29;3.40;7;2;1;83;0;4005929;1715;0
147;18;336;11;7;40;6;3.40;1;1;1;69;0;4006006;9298;0
147;18;336;11;7;40;16;3.60;3;1;1;80;0;4006016;300;0
147;18;336;11;7;40;27;4.00;8;2;1;80;0;4006027;623;0
147;18;336;11;7;41;97;3.60;6;2;1;82;0;4006197;676;0
147;18;336;11;7;42;13;3.40;2;1;1;77;0;4006213;293;0
147;18;336;11;7;42;99;3.60;5;2;1;87;0;4006299;1965;0
147;18;336;11;7;43;37;3.80;8;2;1;76;0;4006337;292;0
147;18;336;11;7;44;18;3.40;3;1;1;73;0;4006418;385;0
147;18;336;11;7;45;2;3.60;3;1;1;82;0;4006502;67;0
147;18;336;11;7;46;4;3.60;6;2;1;93;0;4006604;391;0
147;18;336;11;7;46;99;3.80;3;1;1;91;0;4006699;181;0
147;18;336;11;7;47;99;3.80;2;1;1;75;0;4006799;570;0
147;18;336;11;7;48;0;3.40;3;1;1;80;0;4006800;85;0
147;18;336;11;7;48;79;4.20;3;1;1;81;0;4006879;63;4006418
147;18;336;11;7;49;99;3.00;6;2;1;76;0;4006999;381;0
147;18;336;11;7;50;99;3.60;2;1;1;81;0;4007099;281;0
147;18;336;11;7;51;15;3.80;5;2;1;87;0;4007115;801;0
147;18;336;11;7;51;79;4.00;6;2;1;76;0;4007179;165;0
147;18;336;11;7;52;17;3.20;3;1;1;74;0;4007217;319;0
147;18;336;11;7;53;18;4.20;8;2;1;75;0;4007318;963;0
147;18;336;11;7;54;99;3.80;2;1;1;74;0;4007499;384;0
147;18;336;11;7;55;99;3.80;6;2;1;78;0;4007599;401;0
147;18;336;11;7;55;11;4.00;4;1;1;87;0;4007511;13497;0
147;18;336;11;7;55;10;3.00;3;1;1;73;0;4007510;277;0
147;18;336;11;7;58;2;3.40;7;2;1;77;0;4007802;1858;0
147;18;336;11;7;59;99;3.80;1;1;1;84;0;4007999;1975;0
147;18;336;11;8;1;23;3.80;7;2;1;89;0;4008123;305;0
147;18;336;11;8;1;24;3.00;3;1;1;77;0;4008124;599;0
147;18;336;11;8;1;98;11.60;2;1;3;80;0;4008198;680;0
147;18;336;11;8;2;99;3.80;3;1;1;76;0;4008299;160;0
147;18;336;11;8;3;7;3.80;6;2;1;79;0;4008307;690;0
147;18;336;11;8;3;0;3.60;5;2;1;85;0;4008300;1169;0
147;18;336;11;8;3;25;4.00;2;1;1;81;0;4008325;74;0
147;18;336;11;8;4;29;3.40;1;1;1;90;0;4008429;413;0
147;18;336;11;8;4;84;3.40;6;2;1;78;0;4008484;159;0
147;18;336;11;8;5;30;3.00;3;1;1;80;0;4008530;213;0
147;18;336;11;8;6;39;3.60;4;1;1;86;0;4008639;1111;0
147;18;336;11;8;6;67;3.20;2;1;1;82;0;4008667;324;0
147;18;336;11;8;7;2;4.40;7;2;1;80;0;4008702;563;0
147;18;336;11;8;8;11;3.80;4;1;1;84;0;4008811;156;0
147;18;336;11;8;9;22;5.40;4;1;1;82;0;4008922;94;0
147;18;336;11;8;9;24;3.60;5;2;1;80;0;4008924;608;0
147;18;336;11;8;8;66;7.40;7;2;1;65;0;4008866;144;0
147;18;336;11;8;8;33;3.40;3;1;1;16;0;4008833;289;0
147;18;336;11;8;10;99;4.00;3;1;1;70;0;4009099;189;0
147;18;336;11;8;12;99;3.80;3;1;1;71;0;4009299;179;0
147;18;336;11;8;12;99;3.60;6;2;1;67;0;4009299;799;0
147;18;336;11;8;15;19;3.20;2;1;1;75;0;4009519;837;0
147;18;336;11;8;16;24;3.40;6;2;1;69;0;4009624;305;0
147;18;336;11;8;17;7;3.40;2;1;1;75;0;4009707;172;0
147;18;336;11;8;17;99;3.00;6;2;1;70;0;4009799;157;0
147;18;336;11;8;17;73;16.20;5;2;4;78;0;4009773;832;0
147;18;336;11;8;19;64;4.40;3;1;1;79;0;4009964;645;0
147;18;336;11;8;19;75;3.80;6;2;1;70;0;4009975;160;0
147;18;336;11;8;20;99;6.40;1;1;1;89;0;4010099;1656;0
147;18;336;11;8;20;99;3.40;6;2;1;71;0;4010099;104;0
147;18;336;11;8;20;99;3.80;8;2;1;81;0;4010099;2760;0
147;18;336;11;8;21;8;3.40;3;1;1;84;0;4010108;123;0
147;18;336;11;8;19;49;4.20;7;2;1;12;0;4009949;1042;0
147;18;336;11;8;24;29;3.60;4;1;1;90;0;4010429;1483;0
147;18;336;11;8;25;11;3.60;6;2;1;87;0;4010511;394;0
147;18;336;11;8;25;99;3.80;5;2;1;86;0;4010599;751;0
147;18;336;11;8;26;99;3.40;1;1;1;82;0;4010699;574;0
147;18;336;11;8;28;99;3.40;6;2;1;79;0;4010899;373;0
147;18;336;11;8;29;23;3.40;8;2;1;84;0;4010923;807;0
147;18;336;11;8;30;99;3.80;7;2;1;81;0;4011099;1024;0
147;18;336;11;8;30;99;4.00;3;1;1;77;0;4011099;976;0
147;18;336;11;8;31;99;4.00;6;2;1;82;0;4011199;284;0
147;18;336;11;8;32;19;3.60;5;2;1;84;0;4011219;604;0
147;18;336;11;8;32;18;3.60;3;1;1;78;0;4011218;100;0
147;18;336;11;8;32;97;1.00;7;2;1;1;1;4011297;181;0
147;18;336;11;8;34;37;4.00;5;2;1;78;0;4011437;202;0
147;18;336;11;8;35;16;3.80;1;1;1;81;0;4011516;802;0
147;18;336;11;8;35;99;2.80;6;2;1;82;0;4011599;382;0
147;18;336;11;8;35;99;4.00;4;1;1;85;0;4011599;1155;0
147;18;336;11;8;37;99;3.80;6;2;1;80;0;4011799;187;0
147;18;336;11;8;38;99;3.20;3;1;1;83;0;4011899;664;0
147;18;336;11;8;38;99;3.80;1;1;1;81;0;4011899;366;0
147;18;336;11;8;41;18;3.60;3;1;1;77;0;4012118;205;0
147;18;336;11;8;41;99;3.00;2;1;1;84;0;4012199;2475;0
147;18;336;11;8;42;50;4.20;4;1;1;81;0;4012250;634;0
147;18;336;11;8;42;39;8.00;7;2;6;77;0;4012239;1123;0
147;18;336;11;8;43;24;3.80;4;1;1;83;0;4012324;55;0
147;18;336;11;8;43;99;3.40;6;2;1;79;0;4012399;582;0
147;18;336;11;8;44;99;3.40;3;1;1;75;0;4012499;364;0
147;18;336;11;8;44;14;4.60;5;2;1;88;0;4012414;958;0
147;18;336;11;8;45;99;5.80;7;2;1;75;0;4012599;322;0
147;18;336;11;8;51;99;4.20;5;2;1;91;0;4013199;766;0
147;18;336;11;8;52;13;3.20;6;2;1;80;0;4013213;798;0
147;18;336;11;8;53;99;3.20;6;2;1;78;0;4013399;171;0
147;18;336;11;8;53;99;3.20;5;2;1;83;0;4013399;183;0
147;18;336;11;8;54;99;4.60;7;2;1;81;0;4013499;872;0
147;18;336;11;8;54;99;3.60;5;2;1;82;0;4013499;86;0
147;18;336;11;8;54;21;3.60;7;2;1;76;0;4013421;-1;0
147;18;336;11;8;55;12;3.20;3;1;1;80;0;4013512;996;0
147;18;336;11;8;55;39;4.20;7;2;1;17;0;4013539;100;0
147;18;336;11;8;58;5;3.40;2;1;1;85;0;4013805;1593;0
147;18;336;11;8;58;3;3.00;6;2;1;77;0;4013803;389;0
147;18;336;11;8;58;23;3.80;3;1;1;79;0;4013823;296;0
147;18;336;11;8;59;8;3.60;5;2;1;81;0;4013908;393;0
147;18;336;11;9;0;1;4.20;2;1;1;88;0;4014001;181;0
147;18;336;11;9;1;99;3.60;6;2;1;81;0;4014199;381;0
147;18;336;11;9;1;99;4.20;2;1;1;83;0;4014199;180;0
147;18;336;11;9;1;99;7.80;7;2;1;60;0;4014199;571;0
147;18;336;11;9;2;30;3.40;3;1;1;73;0;4014230;389;0
147;18;336;11;9;11;11;3.20;3;1;1;75;0;4015111;864;0
147;18;336;11;9;11;99;3.60;2;1;1;72;0;4015199;981;0
147;18;336;11;9;12;99;3.20;6;2;1;84;0;4015299;1084;0
147;18;336;11;9;11;67;6.00;7;2;1;64;0;4015167;921;0
147;18;336;11;9;12;0;3.60;5;2;1;87;0;4015200;1276;0
147;18;336;11;9;13;58;3.40;3;1;1;75;0;4015358;231;0
147;18;336;11;9;13;59;3.80;2;1;1;73;0;4015359;142;0
147;18;336;11;9;13;63;4.00;4;1;1;77;0;4015363;3022;0
147;18;336;11;9;14;99;3.40;3;1;1;74;0;4015499;124;0
147;18;336;11;9;14;99;3.40;1;1;1;79;0;4015499;3583;0
147;18;336;11;9;15;62;3.20;5;2;1;86;0;4015562;347;0
147;18;336;11;9;16;8;3.80;7;2;1;79;0;4015608;407;0
147;18;336;11;9;16;99;3.40;3;1;1;73;0;4015699;183;0
147;18;336;11;9;17;99;3.60;8;2;1;77;0;4015799;4861;0
147;18;336;11;9;17;99;3.60;6;2;1;80;0;4015799;486;0
147;18;336;11;9;18;91;3.80;3;1;1;77;0;4015891;175;0
147;18;336;11;9;21;99;3.60;3;1;1;76;0;4016199;290;0
147;18;336;11;9;23;14;4.00;2;1;1;75;0;4016314;936;0
147;18;336;11;9;24;10;3.40;3;1;1;81;0;4016410;193;0
147;18;336;11;9;24;99;3.60;2;1;1;72;0;4016499;165;0
147;18;336;11;9;24;99;3.80;4;1;1;83;0;4016499;1117;0
147;18;336;11;9;26;6;3.60;2;1;1;75;0;4016606;89;0
147;18;336;11;9;27;10;3.60;3;1;1;77;0;4016710;284;0
147;18;336;11;9;27;99;3.00;2;1;1;74;0;4016799;175;0
147;18;336;11;9;27;99;3.60;6;2;1;82;0;4016799;983;0
147;18;336;11;9;28;49;4.00;3;1;1;80;0;4016849;122;0
147;18;336;11;9;29;99;3.60;6;2;1;78;0;4016999;184;0
147;18;336;11;9;29;99;3.60;2;1;1;74;0;4016999;185;4016314
147;18;336;11;9;31;6;3.60;7;2;1;81;0;4017106;1480;0
147;18;336;11;9;31;15;3.60;5;2;1;85;0;4017115;1539;0
147;18;336;11;9;32;99;3.80;7;2;1;80;0;4017299;177;0
147;18;336;11;9;34;11;3.20;6;2;1;80;0;4017411;395;0
147;18;336;11;9;34;99;3.60;1;1;1;82;0;4017499;1984;0
147;18;336;11;9;35;11;3.20;6;2;1;81;0;4017511;85;0
147;18;336;11;9;36;99;2.80;5;2;1;80;0;4017699;568;0
147;18;336;11;9;36;99;3.40;2;1;1;77;0;4017699;682;0
147;18;336;11;9;38;24;3.20;2;1;1;68;0;4017824;109;0
147;18;336;11;9;40;99;3.60;6;2;1;80;0;4018099;573;0
147;18;336;11;9;40;12;3.80;8;2;1;93;0;4018012;2196;0
147;18;336;11;9;43;99;4.60;2;1;1;74;0;4018399;558;0
147;18;336;11;9;44;99;3.20;5;2;1;88;0;4018499;787;0
147;18;336;11;9;45;99;3.60;3;1;1;76;0;4018599;1732;0
147;18;336;11;9;46;8;3.80;7;2;1;76;0;4018608;1291;0
147;18;336;11;9;46;17;4.00;5;2;1;91;0;4018617;104;0
147;18;336;11;9;47;99;3.80;2;1;1;80;0;4018799;377;0
147;18;336;11;9;47;99;4.60;6;2;1;80;0;4018799;683;0
147;18;336;11;9;49;77;3.80;8;2;1;77;0;4018977;950;0
147;18;336;11;9;49;99;3.80;6;2;1;80;0;4018999;179;0
147;18;336;11;9;50;21;3.40;2;1;1;80;0;4019021;204;0
147;18;336;11;9;50;99;4.20;8;2;1;78;0;4019099;104;0
147;18;336;11;9;50;99;3.40;3;1;1;81;0;4019099;482;0
147;18;336;11;9;54;7;3.20;1;1;1;71;0;4019407;1892;0
147;18;336;11;9;56;1;3.40;2;1;1;76;0;4019601;564;0
147;18;336;11;9;57;24;3.40;2;1;1;77;0;4019724;106;0
147;18;336;11;9;57;99;3.80;6;2;1;81;0;4019799;782;0
147;18;336;11;9;57;99;3.60;4;1;1;79;0;4019799;3283;0
147;18;336;11;9;57;99;3.80;3;1;1;76;0;4019799;684;0
147;18;336;11;9;58;99;3.60;2;1;1;79;0;4019899;159;0
147;18;336;11;9;58;6;3.80;5;2;1;84;0;4019806;1173;0
147;18;336;11;10;0;99;3.60;3;1;1;78;0;4020099;282;0
147;18;336;11;10;1;99;4.60;6;2;1;77;0;4020199;383;0
147;18;336;11;10;1;48;3.60;7;2;1;89;0;4020148;1522;0
147;18;336;11;10;1;46;3.20;4;1;1;78;0;4020146;330;0
147;18;336;11;10;5;99;3.40;3;1;1;77;0;4020599;483;0
147;18;336;11;10;6;17;3.40;2;1;1;78;0;4020617;701;0
147;18;336;11;10;6;42;4.40;1;1;1;85;0;4020642;1218;0
147;18;336;11;10;7;99;3.60;7;2;1;74;0;4020799;636;0
147;18;336;11;10;8;99;3.40;6;2;1;73;0;4020899;678;0
147;18;336;11;10;10;99;4.00;6;2;1;83;0;4021099;183;0
147;18;336;11;10;12;99;3.80;6;2;1;79;0;4021299;182;0
147;18;336;11;10;16;9;3.20;5;2;1;88;0;4021609;1786;0
147;18;336;11;10;17;6;3.20;8;2;1;84;0;4021706;2587;0
147;18;336;11;10;17;94;4.00;4;1;1;86;0;4021794;1633;0
147;18;336;11;10;17;99;3.40;6;2;1;86;0;4021799;482;0
147;18;336;11;10;18;3;3.60;2;1;1;76;0;4021803;1170;0
147;18;336;11;10;19;23;3.40;3;1;1;75;0;4021923;1308;0
147;18;336;11;10;19;55;3.80;1;1;1;86;0;4021955;1294;0
147;18;336;11;10;20;27;3.40;6;2;1;81;0;4022027;213;0
147;18;336;11;10;21;3;3.80;3;1;1;76;0;4022103;163;0
147;18;336;11;10;22;89;3.40;2;1;1;68;0;4022289;468;0
147;18;336;11;10;25;99;3.60;4;1;1;94;0;4022599;788;0
147;18;336;11;10;25;99;3.20;6;2;1;78;0;4022599;556;0
147;18;336;11;10;26;99;3.60;3;1;1;78;0;4022699;578;0
147;18;336;11;10;26;99;4.00;7;2;1;94;0;4022699;1882;0
147;18;336;11;10;28;3;3.00;1;1;1;76;0;4022803;832;0
147;18;336;11;10;29;99;3.40;1;1;1;76;0;4022999;181;0
147;18;336;11;10;29;25;3.80;6;2;1;78;0;4022925;311;0
147;18;336;11;10;33;21;3.60;3;1;1;78;0;4023321;605;0
147;18;336;11;10;34;99;3.80;2;1;1;80;0;4023499;1192;0
147;18;336;11;10;35;99;3.60;7;2;1;82;0;4023599;884;0
147;18;336;11;10;36;99;3.60;2;1;1;77;0;4023699;182;0
147;18;336;11;10;37;54;3.80;6;2;1;83;0;4023754;811;0
147;18;336;11;10;38;99;3.60;6;2;1;81;0;4023899;128;0
147;18;336;11;10;45;2;3.40;6;2;1;77;0;4024502;587;0
147;18;336;11;10;45;99;3.80;7;2;1;81;0;4024599;984;0
147;18;336;11;10;46;99;3.40;3;1;1;78;0;4024699;1361;0
147;18;336;11;10;49;16;3.60;6;2;1;76;0;4024916;398;0
147;18;336;11;10;49;99;3.40;3;1;1;81;0;4024999;284;0
147;18;336;11;10;50;90;3.60;6;2;1;79;0;4025090;156;0
147;18;336;11;10;52;20;3.60;6;2;1;75;0;4025220;113;0
147;18;336;11;10;52;99;3.60;2;1;1;80;0;4025299;1583;0
147;18;336;11;10;53;99;3.20;5;2;1;88;0;4025399;3776;0
147;18;336;11;10;54;99;3.80;3;1;1;86;0;4025499;484;0
147;18;336;11;10;55;95;3.80;6;2;1;87;0;4025595;357;0
147;18;336;11;10;57;11;3.40;6;2;1;76;0;4025711;100;0
147;18;336;11;10;57;7;3.80;1;1;1;72;0;4025707;2691;0
147;18;336;11;10;58;66;4.00;3;1;1;83;0;4025866;351;0
147;18;336;11;10;58;73;3.20;5;2;1;80;0;4025873;460;0
147;18;336;11;10;59;99;3.80;3;1;1;84;0;4025999;115;0
147;18;336;11;11;0;57;3.80;2;1;1;86;0;4026057;741;0
147;18;336;11;11;1;25;3.60;6;2;1;81;0;4026125;397;0
147;18;336;11;11;1;99;4.00;7;2;1;78;0;4026199;1583;0
147;18;336;11;11;3;6;3.20;6;2;1;75;0;4026306;165;0
147;18;336;11;11;3;10;6.00;5;2;1;83;0;4026310;422;0
147;18;336;11;11;3;99;7.60;8;2;6;67;0;4026399;4679;0
147;18;336;11;11;4;99;5.00;6;2;1;78;0;4026499;177;0
147;18;336;11;11;5;99;4.20;8;2;1;68;0;4026599;159;0
147;18;336;11;11;6;99;3.80;3;1;1;80;0;4026699;683;0
147;18;336;11;11;6;99;3.60;7;2;1;68;0;4026699;481;0
147;18;336;11;11;7;99;4.60;2;1;1;81;0;4026799;726;0
147;18;336;11;11;7;99;8.80;1;1;2;87;0;4026799;1073;0
147;18;336;11;11;8;99;3.60;3;1;1;81;0;4026899;182;0
147;18;336;11;11;8;99;3.60;2;1;1;82;0;4026899;79;0
147;18;336;11;11;9;99;3.60;1;1;1;82;0;4026999;163;0
147;18;336;11;11;10;46;3.40;1;1;1;82;0;4027046;31;0
147;18;336;11;11;10;59;3.80;2;1;1;79;0;4027059;144;0
147;18;336;11;11;11;99;3.80;3;1;1;86;0;4027199;284;0
147;18;336;11;11;12;28;3.80;1;1;1;87;0;4027228;167;0
147;18;336;11;11;12;99;3.60;6;2;1;80;0;4027299;776;0
147;18;336;11;11;14;99;3.80;6;2;1;75;0;4027499;183;0
147;18;336;11;11;16;80;3.80;1;1;1;79;0;4027680;436;0
147;18;336;11;11;16;99;3.20;6;2;1;77;0;4027699;181;0
147;18;336;11;11;16;99;4.00;5;2;1;83;0;4027699;1362;0
147;18;336;11;11;17;99;3.20;2;1;1;76;0;4027799;722;0
147;18;336;11;11;18;76;4.00;7;2;1;86;0;4027876;1157;0
147;18;336;11;11;20;99;3.80;6;2;1;80;0;4028099;385;0
147;18;336;11;11;21;62;3.40;2;1;1;73;0;4028162;347;0
147;18;336;11;11;21;99;3.40;6;2;1;78;0;4028199;82;0
147;18;336;11;11;22;99;3.80;2;1;1;72;0;4028299;120;0
147;18;336;11;11;23;12;3.60;3;1;1;80;0;4028312;1097;0
147;18;336;11;11;25;12;3.60;8;2;1;78;0;4028512;1890;0
147;18;336;11;11;28;28;3.80;6;2;1;76;0;4028828;613;0
147;18;336;11;11;28;59;3.40;3;1;1;76;0;4028859;530;0
147;18;336;11;11;29;2;3.80;4;1;1;77;0;4028902;6289;0
147;18;336;11;11;31;1;3.40;6;2;1;81;0;4029101;255;0
147;18;336;11;11;32;99;3.00;2;1;1;77;0;4029299;981;0
147;18;336;11;11;33;99;3.60;3;1;1;75;0;4029399;523;0
147;18;336;11;11;35;21;3.80;6;2;1;78;0;4029521;404;0
147;18;336;11;11;36;24;11.60;2;1;3;76;0;4029624;310;0
147;18;336;11;11;37;99;4.00;8;2;1;79;0;4029799;1270;0
147;18;336;11;11;38;99;3.60;3;1;1;85;0;4029899;482;0
147;18;336;11;11;39;99;3.20;8;2;1;75;0;4029999;181;0
147;18;336;11;11;40;35;3.60;3;1;1;87;0;4030035;120;0
147;18;336;11;11;41;0;3.20;6;2;1;88;0;4030100;561;0
147;18;336;11;11;42;15;3.40;6;2;1;88;0;4030215;101;0
147;18;336;11;11;42;99;3.80;3;1;1;87;0;4030299;249;0
147;18;336;11;11;43;99;3.40;6;2;1;77;0;4030399;170;0
147;18;336;11;11;44;99;3.60;3;1;1;78;0;4030499;184;0
147;18;336;11;11;45;99;3.80;6;2;1;77;0;4030599;184;0
147;18;336;11;11;45;99;3.60;2;1;1;72;0;4030599;920;0
147;18;336;11;11;47;99;3.80;6;2;1;74;0;4030799;182;4030100
147;18;336;11;11;47;99;3.40;8;2;1;87;0;4030799;784;0
147;18;336;11;11;48;11;3.60;3;1;1;74;0;4030811;295;0
147;18;336;11;11;49;4;3.00;2;1;1;77;0;4030904;287;0
147;18;336;11;11;49;6;4.00;4;1;1;88;0;4030906;1986;0
147;18;336;11;11;49;86;3.40;6;2;1;81;0;4030986;168;4030100
147;18;336;11;11;50;99;3.80;2;1;1;77;0;4031099;180;4030100
147;18;336;11;11;51;3;6.20;3;1;1;81;0;4031103;274;0
147;18;336;11;11;51;99;3.60;5;2;1;84;0;4031199;3482;0
147;18;336;11;11;52;25;3.60;4;1;1;87;0;4031225;302;0
147;18;336;11;11;54;65;3.40;6;2;1;79;0;4031465;463;0
147;18;336;11;11;54;91;3.40;2;1;1;74;0;4031491;374;0
147;18;336;11;11;56;6;3.80;1;1;1;82;0;4031606;3908;0
147;18;336;11;11;56;12;3.20;2;1;1;73;0;4031612;104;0
147;18;336;11;11;56;23;3.60;7;2;1;81;0;4031623;3730;0
147;18;336;11;11;56;50;3.20;3;1;1;74;0;4031650;519;0
147;18;336;11;12;0;99;3.60;1;1;1;81;0;4032099;476;0
147;18;336;11;12;1;99;4.00;7;2;1;81;0;4032199;560;0
147;18;336;11;12;2;99;3.20;6;2;1;85;0;4032299;818;0
147;18;336;11;12;3;5;3.40;1;1;1;68;0;4032305;190;0
147;18;336;11;12;3;99;3.20;5;2;1;86;0;4032399;1184;0
147;18;336;11;12;4;2;3.40;1;1;1;67;0;4032402;79;0
147;18;336;11;12;4;12;3.80;2;1;1;75;0;4032412;784;0
147;18;336;11;12;5;19;3.60;6;2;1;79;0;4032519;206;0
147;18;336;11;12;5;23;4.00;3;1;1;81;0;4032523;857;0
147;18;336;11;12;6;1;3.60;3;1;1;80;0;4032601;60;0
147;18;336;11;12;6;8;3.20;6;2;1;77;0;4032608;72;0
147;18;336;11;12;6;11;3.20;6;2;1;77;0;4032611;-1;0
147;18;336;11;12;6;9;3.40;3;1;1;74;0;4032609;-1;0
147;18;336;11;12;7;80;3.60;7;2;1;83;0;4032780;563;0
147;18;336;11;12;7;99;3.00;4;1;1;80;0;4032799;1559;0
147;18;336;11;12;8;99;3.00;3;1;1;70;0;4032899;273;0
147;18;336;11;12;10;99;3.40;1;1;1;77;0;4033099;678;0
147;18;336;11;12;11;99;3.80;4;1;1;84;0;4033199;386;0
147;18;336;11;12;12;41;3.60;6;2;1;78;0;4033241;615;0
147;18;336;11;12;12;55;3.00;7;2;1;87;0;4033255;459;0
147;18;336;11;12;13;99;3.20;3;1;1;78;0;4033399;484;0
147;18;336;11;12;15;17;3.80;3;1;1;80;0;4033517;103;0
147;18;336;11;12;16;22;4.00;2;1;1;80;0;4033622;1191;0
147;18;336;11;12;23;99;4.00;3;1;1;77;0;4034399;864;0
147;18;336;11;12;24;5;3.80;6;2;1;82;0;4034405;1147;0
147;18;336;11;12;25;62;3.80;6;2;1;77;0;4034562;140;0
147;18;336;11;12;27;40;3.40;2;1;1;76;0;4034740;1100;0
147;18;336;11;12;27;40;4.00;8;2;1;76;0;4034740;3926;0
147;18;336;11;12;30;79;3.80;8;2;1;75;0;4035079;320;0
147;18;336;11;12;31;99;3.60;6;2;1;74;0;4035199;619;0
147;18;336;11;12;32;22;3.80;7;2;1;77;0;4035222;1954;0
147;18;336;11;12;34;14;3.40;6;2;1;79;0;4035414;197;0
147;18;336;11;12;35;68;3.00;6;2;1;78;0;4035568;138;0
147;18;336;11;12;36;99;3.80;7;2;1;81;0;4035699;459;0
147;18;336;11;12;37;10;3.80;2;1;1;76;0;4035710;953;0
147;18;336;11;12;37;34;4.40;8;2;1;80;0;4035734;636;0
147;18;336;11;12;38;24;3.40;3;1;1;82;0;4035824;1406;0
147;18;336;11;12;38;26;3.40;6;2;1;78;0;4035826;244;0
147;18;336;11;12;38;99;3.80;2;1;1;82;0;4035899;171;0
147;18;336;11;12;38;99;3.40;5;2;1;75;0;4035899;3486;0
147;18;336;11;12;39;16;3.80;4;1;1;83;0;4035916;2700;0
147;18;336;11;12;39;99;3.20;3;1;1;72;0;4035999;160;0
147;18;336;11;12;40;82;4.00;6;2;1;78;0;4036082;240;0
147;18;336;11;12;42;15;3.00;3;1;1;71;0;4036215;200;0
147;18;336;11;12;42;6;3.60;6;2;1;75;0;4036206;105;0
147;18;336;11;12;48;80;3.80;2;1;1;85;0;4036880;964;0
147;18;336;11;12;49;2;3.20;6;2;1;86;0;4036902;678;0
147;18;336;11;12;50;15;4.00;1;1;1;100;0;4037015;3900;0
147;18;336;11;12;51;3;3.80;6;2;1;87;0;4037103;187;0
147;18;336;11;12;51;99;4.00;4;1;1;91;0;4037199;1266;0
147;18;336;11;12;53;77;4.00;7;2;1;78;0;4037377;1661;0
147;18;336;11;12;53;85;4.00;3;1;1;78;0;4037385;1154;0
147;18;336;11;12;54;99;3.60;5;2;1;84;0;4037499;1583;0
147;18;336;11;12;54;99;3.00;2;1;1;77;0;4037499;602;0
147;18;336;11;12;55;99;4.40;6;2;1;78;0;4037599;480;0
147;18;336;11;12;55;65;3.20;3;1;1;77;0;4037565;161;0
147;18;336;11;12;57;8;6.60;7;2;1;80;0;4037708;312;0
147;18;336;11;12;57;99;3.60;6;2;1;76;0;4037799;179;0
147;18;336;11;12;58;26;3.00;4;1;1;81;0;4037826;611;0
147;18;336;11;12;58;46;3.80;7;2;1;79;0;4037846;108;0
147;18;336;11;12;58;67;4.00;3;1;1;72;0;4037867;287;0
147;18;336;11;12;58;79;3.60;1;1;1;77;0;4037879;849;0
147;18;336;11;12;59;8;3.40;6;2;1;77;0;4037908;91;0
147;18;336;11;12;59;99;3.60;5;2;1;80;0;4037999;484;0
147;18;336;11;13;0;16;3.20;2;1;1;76;0;4038016;502;0
147;18;336;11;13;0;99;3.40;6;2;1;79;0;4038099;175;0
147;18;336;11;13;1;99;3.80;6;2;1;77;0;4038199;84;4037599
147;18;336;11;13;4;99;3.00;2;1;1;65;0;4038499;467;0
147;18;336;11;13;5;1;3.40;2;1;1;67;0;4038501;-1;0
147;18;336;11;13;6;99;3.60;7;2;1;82;0;4038699;835;0
147;18;336;11;13;6;99;3.40;3;1;1;78;0;4038699;812;0
147;18;336;11;13;7;99;3.40;2;1;1;70;0;4038799;279;0
147;18;336;11;13;7;99;4.00;4;1;1;86;0;4038799;959;0
147;18;336;11;13;7;99;3.60;3;1;1;77;0;4038799;84;0
147;18;336;11;13;8;29;4.00;6;2;1;75;0;4038829;612;0
147;18;336;11;13;8;41;4.20;7;2;1;82;0;4038841;126;0
147;18;336;11;13;12;19;3.00;6;2;1;82;0;4039219;370;0
147;18;336;11;13;15;99;3.20;6;2;1;79;0;4039599;366;0
147;18;336;11;13;16;63;3.40;4;1;1;83;0;4039663;847;0
147;18;336;11;13;17;99;3.60;3;1;1;79;0;4039799;983;0
147;18;336;11;13;18;62;3.80;8;2;1;82;0;4039862;4108;0
147;18;336;11;13;19;99;3.00;6;2;1;72;0;4039999;385;0
147;18;336;11;13;20;7;5.20;7;2;1;85;0;4040007;1147;0
147;18;336;11;13;23;99;3.80;6;2;1;78;0;4040399;385;0
147;18;336;11;13;23;28;3.60;3;1;1;80;0;4040328;512;0
147;18;336;11;13;24;53;4.40;7;2;1;31;0;4040453;423;0
147;18;336;11;13;28;4;3.80;6;2;1;78;0;4040804;387;0
147;18;336;11;13;28;5;3.60;2;1;1;76;0;4040805;1988;0
147;18;336;11;13;29;97;3.80;8;2;1;72;0;4040997;1118;0
147;18;336;11;13;29;99;3.40;6;2;1;79;0;4040999;177;0
147;18;336;11;13;29;99;3.60;2;1;1;75;0;4040999;176;0
147;18;336;11;13;32;99;3.00;2;1;1;72;0;4041299;282;0
147;18;336;11;13;32;99;3.40;3;1;1;78;0;4041299;954;0
147;18;336;11;13;33;99;3.60;1;1;1;79;0;4041399;3503;0
147;18;336;11;13;37;99;3.60;2;1;1;75;0;4041799;485;0
147;18;336;11;13;38;8;4.20;6;2;1;78;0;4041808;793;0
147;18;336;11;13;38;11;3.80;7;2;1;79;0;4041811;1306;0
147;18;336;11;13;38;99;4.00;5;2;1;82;0;4041899;3883;0
147;18;336;11;13;40;9;3.40;2;1;1;82;0;4042009;192;0
147;18;336;11;13;40;99;3.00;6;2;1;78;0;4042099;271;0
147;18;336;11;13;41;28;3.40;6;2;1;79;0;4042128;15;0
147;18;336;11;13;42;99;3.80;6;2;1;79;0;4042299;155;0
147;18;336;11;13;43;99;3.00;6;2;1;79;0;4042399;82;0
147;18;336;11;13;44;80;3.60;5;2;1;86;0;4042480;563;0
147;18;336;11;13;45;99;3.60;2;1;1;78;0;4042599;575;0
147;18;336;11;13;47;99;7.80;6;2;6;79;0;4042799;386;0
147;18;336;11;13;48;99;3.80;2;1;1;77;0;4042899;283;0
147;18;336;11;13;50;99;3.40;3;1;1;76;0;4043099;1784;0
147;18;336;11;13;51;99;3.60;7;2;1;71;0;4043199;1370;0
147;18;336;11;13;52;89;3.80;7;2;1;73;0;4043289;71;0
147;18;336;11;13;53;99;3.40;3;1;1;76;0;4043399;283;0
147;18;336;11;13;54;40;3.20;7;2;1;74;0;4043440;132;0
147;18;336;11;13;55;99;3.80;7;2;1;78;0;4043599;143;0
147;18;336;11;13;56;23;3.00;3;1;1;80;0;4043623;207;0
147;18;336;11;13;57;68;4.00;6;2;1;77;0;4043768;933;0
147;18;336;11;13;57;90;3.60;7;2;1;77;0;4043790;173;4043199
147;18;336;11;13;58;99;4.00;8;2;1;81;0;4043899;2883;0
147;18;336;11;14;0;99;3.80;6;2;1;80;0;4044099;312;0
147;18;336;11;14;1;99;3.20;3;1;1;72;0;4044199;562;0
147;18;336;11;14;2;35;3.80;7;2;1;74;0;4044235;428;0
147;18;336;11;14;3;99;3.60;6;2;1;82;0;4044399;282;0
147;18;336;11;14;4;99;3.60;5;2;1;85;0;4044499;2003;0
147;18;336;11;14;4;34;3.80;2;1;1;67;0;4044434;1517;0
147;18;336;11;14;5;99;3.80;3;1;1;74;0;4044599;384;0
147;18;336;11;14;6;6;3.40;4;1;1;85;0;4044606;4928;0
147;18;336;11;14;6;30;4.20;6;2;1;89;0;4044630;215;0
147;18;336;11;14;7;40;3.40;2;1;1;70;0;4044740;285;0
147;18;336;11;14;8;99;3.60;1;1;1;72;0;4044899;3483;0
147;18;336;11;14;9;44;3.20;3;1;1;70;0;4044944;326;0
147;18;336;11;14;10;93;3.80;2;1;1;74;0;4045093;335;0
147;18;336;11;14;11;99;3.40;3;1;1;71;0;4045199;238;0
147;18;336;11;14;12;28;4.40;6;2;1;84;0;4045228;581;0
147;18;336;11;14;13;17;3.00;2;1;1;75;0;4045317;205;0
147;18;336;11;14;13;99;3.60;7;2;1;86;0;4045399;1145;0
147;18;336;11;14;14;28;3.20;6;2;1;81;0;4045428;181;0
147;18;336;11;14;14;5;3.60;3;1;1;74;0;4045405;188;0
147;18;336;11;14;15;65;3.60;2;1;1;71;0;4045565;233;0
147;18;336;11;14;15;99;3.40;6;2;1;81;0;4045599;156;0
147;18;336;11;14;16;99;3.40;2;1;1;73;0;4045699;115;0
147;18;336;11;14;17;38;3.80;7;2;1;79;0;4045738;323;0
147;18;336;11;14;18;95;3.60;1;1;1;71;0;4045895;978;0
147;18;336;11;14;18;99;3.40;3;1;1;78;0;4045899;476;0
147;18;336;11;14;19;13;3.20;8;2;1;87;0;4045913;1996;0
147;18;336;11;14;19;1;3.40;3;1;1;81;0;4045901;-1;0
147;18;336;11;14;20;24;3.60;6;2;1;81;0;4046024;409;0
147;18;336;11;14;20;99;3.60;1;1;1;85;0;4046099;185;0
147;18;336;11;14;21;18;3.60;6;2;1;79;0;4046118;78;0
147;18;336;11;14;22;21;3.20;5;2;1;80;0;4046221;1706;0
147;18;336;11;14;22;18;3.60;3;1;1;77;0;4046218;301;0
147;18;336;11;14;23;99;3.00;3;1;1;75;0;4046399;164;0
147;18;336;11;14;24;99;3.20;8;2;1;79;0;4046499;572;0
147;18;336;11;14;26;99;3.40;3;1;1;79;0;4046699;285;0
147;18;336;11;14;26;99;3.20;6;2;1;77;0;4046699;564;0
147;18;336;11;14;28;5;3.80;5;2;1;97;0;4046805;569;0
147;18;336;11;14;27;50;3.40;6;2;1;80;0;4046750;36;0
147;18;336;11;14;30;74;3.40;6;2;1;82;0;4047074;308;0
147;18;336;11;14;30;93;3.80;3;1;1;79;0;4047093;378;0
147;18;336;11;14;32;11;3.60;6;2;1;78;0;4047211;122;0
147;18;336;11;14;32;20;3.00;2;1;1;68;0;4047220;1504;0
147;18;336;11;14;35;47;4.00;3;1;1;79;0;4047547;436;0
147;18;336;11;14;35;76;3.80;2;1;1;73;0;4047576;340;0
147;18;336;11;14;38;99;3.80;2;1;1;85;0;4047899;304;0
147;18;336;11;14;39;99;3.00;7;2;1;84;0;4047999;2243;0
147;18;336;11;14;42;29;3.20;1;1;1;81;0;4048229;2114;0
147;18;336;11;14;42;99;3.40;6;2;1;75;0;4048299;1071;0
147;18;336;11;14;43;58;3.80;2;1;1;77;0;4048358;442;0
147;18;336;11;14;43;67;3.80;8;2;1;79;0;4048367;1853;0
147;18;336;11;14;44;99;5.00;3;1;1;77;0;4048499;933;0
147;18;336;11;14;45;6;3.40;4;1;1;84;0;4048506;3885;0
147;18;336;11;14;46;20;3.80;7;2;1;83;0;4048620;608;0
147;18;336;11;14;48;44;3.60;6;2;1;74;0;4048844;528;0
147;18;336;11;14;48;69;3.80;7;2;1;80;0;4048869;232;0
147;18;336;11;14;49;99;3.40;6;2;1;78;0;4048999;137;0
147;18;336;11;14;49;99;3.20;2;1;1;67;0;4048999;623;0
147;18;336;11;14;50;13;3.40;6;2;1;82;0;4049013;-1;0
147;18;336;11;14;51;5;3.60;2;1;1;68;0;4049105;88;0
147;18;336;11;14;52;9;3.60;4;1;1;79;0;4049209;688;0
147;18;336;11;14;52;99;4.60;6;2;1;79;0;4049299;271;0
147;18;336;11;14;54;35;3.40;6;2;1;92;0;4049435;115;0
147;18;336;11;14;54;99;3.80;3;1;1;73;0;4049499;976;0
147;18;336;11;14;55;99;3.80;4;1;1;80;0;4049599;373;0
147;18;336;11;14;55;99;4.80;7;2;1;80;0;4049599;712;0
147;18;336;11;14;56;3;3.60;2;1;1;66;0;4049603;478;0
147;18;336;11;14;56;11;3.40;8;2;1;66;0;4049611;1226;0
147;18;336;11;14;56;74;3.80;6;2;1;86;0;4049674;225;0
147;18;336;11;14;56;89;3.00;3;1;1;78;0;4049689;171;0
147;18;336;11;14;59;3;4.00;1;1;1;69;0;4049903;1659;0
147;18;336;11;15;2;20;3.40;3;1;1;79;0;4050220;517;0
147;18;336;11;15;4;11;3.80;6;2;1;78;0;4050411;721;0
147;18;336;11;15;5;99;4.00;4;1;1;90;0;4050599;982;0
147;18;336;11;15;5;99;3.40;3;1;1;81;0;4050599;363;0
147;18;336;11;15;5;99;3.60;6;2;1;80;0;4050599;170;0
147;18;336;11;15;7;99;4.80;6;2;1;75;0;4050799;183;0
147;18;336;11;15;9;99;3.80;8;2;1;76;0;4050999;1369;0
147;18;336;11;15;10;99;3.60;5;2;1;85;0;4051099;4279;0
147;18;336;11;15;11;49;3.20;8;2;1;80;0;4051149;132;0
147;18;336;11;15;12;28;3.60;5;2;1;87;0;4051228;113;0
147;18;336;11;15;12;99;3.00;3;1;1;78;0;4051299;684;0
147;18;336;11;15;13;16;3.40;7;2;1;87;0;4051316;1695;0
147;18;336;11;15;13;21;3.60;6;2;1;75;0;4051321;498;0
147;18;336;11;15;15;99;3.20;6;2;1;82;0;4051599;260;0
147;18;336;11;15;15;99;3.80;5;2;1;85;0;4051599;356;0
147;18;336;11;15;15;99;3.20;7;2;1;79;0;4051599;268;0
147;18;336;11;15;16;41;3.60;2;1;1;82;0;4051641;2018;0
147;18;336;11;15;17;99;4.00;7;2;1;80;0;4051799;185;0
147;18;336;11;15;21;8;4.00;4;1;1;83;0;4052108;1493;0
147;18;336;11;15;21;15;3.40;3;1;1;78;0;4052115;802;0
147;18;336;11;15;22;99;3.40;3;1;1;77;0;4052299;168;0
147;18;336;11;15;23;13;3.60;5;2;1;81;0;4052313;697;0
147;18;336;11;15;24;99;4.00;8;2;1;75;0;4052499;1335;0
147;18;336;11;15;27;4;3.40;3;1;1;79;0;4052704;389;0
147;18;336;11;15;27;15;3.60;4;1;1;82;0;4052715;589;0
147;18;336;11;15;27;99;3.60;2;1;1;84;0;4052799;1142;0
147;18;336;11;15;29;57;3.20;6;2;1;73;0;4052957;1343;0
147;18;336;11;15;30;99;3.20;6;2;1;75;0;4053099;126;0
147;18;336;11;15;31;36;3.80;6;2;1;79;0;4053136;21;0
147;18;336;11;15;32;99;3.20;6;2;1;81;0;4053299;145;0
147;18;336;11;15;33;99;3.20;3;1;1;81;0;4053399;679;0
147;18;336;11;15;34;55;3.20;2;1;1;80;0;4053455;640;0
147;18;336;11;15;35;11;3.20;5;2;1;90;0;4053511;1182;0
147;18;336;11;15;35;99;3.80;2;1;1;79;0;4053599;129;0
147;18;336;11;15;35;99;4.40;3;1;1;67;0;4053599;185;0
147;18;336;11;15;36;13;3.00;2;1;1;76;0;4053613;-1;0
147;18;336;11;15;36;99;3.00;1;1;1;77;0;4053699;3775;0
147;18;336;11;15;37;72;3.60;6;2;1;77;0;4053772;458;0
147;18;336;11;15;37;99;3.60;3;1;1;81;0;4053799;176;0
147;18;336;11;15;38;99;3.40;1;1;1;71;0;4053899;185;0
147;18;336;11;15;39;11;3.80;6;2;1;77;0;4053911;122;0
147;18;336;11;15;39;12;3.60;2;1;1;77;0;4053912;284;0
147;18;336;11;15;39;46;4.40;7;2;1;81;0;4053946;2129;0
147;18;336;11;15;39;59;4.20;3;1;1;85;0;4053959;144;0
147;18;336;11;15;41;27;3.60;3;1;1;84;0;4054127;150;4053399
147;18;336;11;15;41;27;3.60;2;1;1;85;0;4054127;198;4053399
147;18;336;11;15;41;26;3.60;6;2;1;84;0;4054126;197;4053399
147;18;336;11;15;47;15;3.40;6;2;1;76;0;4054715;573;0
147;18;336;11;15;47;18;3.40;2;1;1;80;0;4054718;575;0
147;18;336;11;15;53;99;3.20;7;2;1;82;0;4055399;1433;0
147;18;336;11;15;55;11;3.40;6;2;1;84;0;4055511;779;0
147;18;336;11;15;56;99;3.00;6;2;1;84;0;4055699;173;0
147;18;336;11;15;57;18;3.60;7;2;1;83;0;4055718;304;0
147;18;336;11;16;1;99;3.60;3;1;1;75;0;4056199;2056;0
147;18;336;11;16;2;7;3.60;2;1;1;74;0;4056207;1473;0
147;18;336;11;16;2;12;3.80;1;1;1;85;0;4056212;2295;0
147;18;336;11;16;3;99;3.40;2;1;1;74;0;4056399;174;0
147;18;336;11;16;4;99;3.80;6;2;1;97;0;4056499;787;0
147;18;336;11;16;5;36;2.80;7;2;1;86;0;4056536;802;0
147;18;336;11;16;5;99;3.20;3;1;1;74;0;4056599;382;0
147;18;336;11;16;6;13;4.00;4;1;1;81;0;4056613;3882;0
147;18;336;11;16;6;23;3.00;6;2;1;77;0;4056623;109;0
147;18;336;11;16;6;99;3.40;2;1;1;77;0;4056699;283;0
147;18;336;11;16;7;5;3.40;6;2;1;79;0;4056705;67;0
147;18;336;11;16;8;7;3.80;3;1;1;75;0;4056807;192;0
147;18;336;11;16;8;99;3.40;5;2;1;106;0;4056899;3375;0
147;18;336;11;16;9;17;3.80;6;2;1;84;0;4056917;196;0
147;18;336;11;16;9;99;3.60;7;2;1;78;0;4056999;451;0
147;18;336;11;16;11;4;3.80;8;2;1;86;0;4057104;4585;0
147;18;336;11;16;11;10;3.40;2;1;1;75;0;4057110;395;0
147;18;336;11;16;12;9;3.60;6;2;1;79;0;4057209;275;0
147;18;336;11;16;14;99;3.40;6;2;1;79;0;4057499;273;0
147;18;336;11;16;15;44;3.80;4;1;1;80;0;4057544;913;0
147;18;336;11;16;16;99;3.20;3;1;1;74;0;4057699;873;0
147;18;336;11;16;16;99;3.60;4;1;1;81;0;4057699;137;0
147;18;336;11;16;16;99;3.40;6;2;1;77;0;4057699;184;0
147;18;336;11;16;16;99;3.60;2;1;1;74;0;4057699;572;0
147;18;336;11;16;17;2;3.40;2;1;1;66;0;4057702;-1;0
147;18;336;11;16;18;91;4.80;5;2;1;105;0;4057891;980;0
147;18;336;11;16;18;99;3.40;6;2;1;79;0;4057899;184;0
147;18;336;11;16;18;99;2.80;2;1;1;69;0;4057899;178;0
147;18;336;11;16;20;34;3.80;6;2;1;80;0;4058034;119;0
147;18;336;11;16;21;27;6.60;5;2;1;103;0;4058127;219;0
147;18;336;11;16;21;99;3.60;3;1;1;80;0;4058199;484;0
147;18;336;11;16;22;18;3.20;6;2;1;69;0;4058218;166;4057499
147;18;336;11;16;23;81;3.40;6;2;1;75;0;4058381;146;4057499
147;18;336;11;16;25;39;3.80;3;1;1;79;0;4058539;323;0
147;18;336;11;16;26;99;3.40;6;2;1;80;0;4058699;301;0
147;18;336;11;16;26;99;3.60;5;2;1;83;0;4058699;548;0
147;18;336;11;16;27;7;3.60;7;2;1;73;0;4058707;1691;0
147;18;336;11;16;28;8;3.20;3;1;1;68;0;4058808;251;0
147;18;336;11;16;28;97;3.60;6;2;1;86;0;4058897;182;0
147;18;336;11;16;28;99;3.20;1;1;1;83;0;4058899;2670;0
147;18;336;11;16;30;8;3.20;4;1;1;75;0;4059008;1293;0
147;18;336;11;16;30;14;3.60;8;2;1;78;0;4059014;1894;0
147;18;336;11;16;30;26;3.80;6;2;1;71;0;4059026;113;0
147;18;336;11;16;30;41;3.20;3;1;1;72;0;4059041;216;0
147;18;336;11;16;31;20;4.20;1;1;1;83;0;4059120;207;0
147;18;336;11;16;31;99;4.00;7;2;1;80;0;4059199;474;0
147;18;336;11;16;32;99;3.80;1;1;1;83;0;4059299;160;0
147;18;336;11;16;33;4;3.00;4;1;1;79;0;4059304;280;0
147;18;336;11;16;33;19;3.40;3;1;1;71;0;4059319;262;0
147;18;336;11;16;33;69;3.60;8;2;1;74;0;4059369;338;0
147;18;336;11;16;34;3;3.60;3;1;1;73;0;4059403;66;0
147;18;336;11;16;34;99;4.00;5;2;1;83;0;4059499;784;0
147;18;336;11;16;34;99;3.40;2;1;1;70;0;4059499;1585;0
147;18;336;11;16;34;99;4.00;7;2;1;75;0;4059499;282;0
147;18;336;11;16;35;16;3.80;4;1;1;90;0;4059516;198;0
147;18;336;11;16;35;34;3.40;3;1;1;75;0;4059534;113;0
147;18;336;11;16;35;33;3.80;8;2;1;77;0;4059533;146;0
147;18;336;11;16;36;21;3.60;2;1;1;74;0;4059621;104;0
147;18;336;11;16;36;99;3.60;6;2;1;88;0;4059699;653;0
147;18;336;11;16;37;99;3.80;3;1;1;76;0;4059799;248;0
147;18;336;11;16;39;7;3.20;2;1;1;79;0;4059907;268;0
147;18;336;11;16;39;7;3.80;6;2;1;83;0;4059907;193;0
147;18;336;11;16;39;99;3.00;1;1;1;80;0;4059999;683;0
147;18;336;11;16;40;8;3.20;3;1;1;70;0;4060008;191;0
147;18;336;11;16;42;99;3.00;2;1;1;74;0;4060299;377;0
147;18;336;11;16;44;99;3.60;6;2;1;75;0;4060499;575;0
147;18;336;11;16;47;3;4.60;6;2;1;76;0;4060703;186;0
147;18;336;11;16;48;29;4.00;6;2;1;75;0;4060829;104;0
147;18;336;11;16;49;1;3.40;3;1;1;72;0;4060901;876;0
147;18;336;11;16;49;99;3.40;6;2;1;72;0;4060999;150;0
147;18;336;11;16;50;99;3.40;3;1;1;64;0;4061099;181;0
147;18;336;11;16;50;9;3.60;2;1;1;80;0;4061009;695;0
147;18;336;11;16;51;69;3.20;6;2;1;74;0;4061169;153;4060499
147;18;336;11;16;52;6;3.20;3;1;1;75;0;4061206;87;4060499
147;18;336;11;16;52;99;3.40;4;1;1;79;0;4061299;1767;0
147;18;336;11;16;52;99;4.40;2;1;1;71;0;4061299;273;0
147;18;336;11;16;53;20;3.60;6;2;1;77;0;4061320;135;4060499
147;18;336;11;16;53;24;3.80;3;1;1;81;0;4061324;102;4060499
147;18;336;11;16;54;92;3.40;7;2;1;79;0;4061492;1973;0
147;18;336;11;16;54;99;3.40;2;1;1;71;0;4061499;177;0
147;18;336;11;16;56;27;3.80;2;1;1;73;0;4061627;110;0
147;18;336;11;16;57;99;4.40;4;1;1;85;0;4061799;484;0
147;18;336;11;16;57;99;4.40;2;1;1;71;0;4061799;153;0
147;18;336;11;16;58;99;3.40;2;1;1;70;0;4061899;77;4061299
147;18;336;11;16;58;43;3.40;6;2;1;70;0;4061843;506;0
147;18;336;11;16;59;99;4.20;7;2;1;76;0;4061999;491;0
147;18;336;11;17;2;99;3.40;3;1;1;86;0;4062299;958;0
147;18;336;11;17;3;99;3.80;6;2;1;83;0;4062399;538;0
147;18;336;11;17;3;28;4.00;5;2;1;87;0;4062328;2811;0
147;18;336;11;17;5;7;3.40;3;1;1;93;0;4062507;193;0
147;18;336;11;17;6;18;3.00;6;2;1;82;0;4062618;202;0
147;18;336;11;17;7;7;3.60;6;2;1;82;0;4062707;75;0
147;18;336;11;17;7;99;4.00;3;1;1;91;0;4062799;278;0
147;18;336;11;17;8;24;3.80;7;2;1;78;0;4062824;805;0
147;18;336;11;17;9;99;3.00;5;2;1;83;0;4062999;654;0
147;18;336;11;17;10;99;3.40;7;2;1;73;0;4063099;257;0
147;18;336;11;17;12;3;3.40;5;2;1;92;0;4063203;190;0
147;18;336;11;17;11;68;3.40;2;1;1;78;0;4063168;1251;0
147;18;336;11;17;12;94;4.00;7;2;1;74;0;4063294;178;0
147;18;336;11;17;12;99;3.80;6;2;1;75;0;4063299;576;0
147;18;336;11;17;13;99;4.00;6;2;1;78;0;4063399;81;0
147;18;336;11;17;14;68;3.40;2;1;1;78;0;4063468;284;0
147;18;336;11;17;15;99;3.00;2;1;1;78;0;4063599;115;0
147;18;336;11;17;16;51;3.00;6;2;1;76;0;4063651;233;0
147;18;336;11;17;17;96;3.80;3;1;1;84;0;4063796;981;0
147;18;336;11;17;20;23;3.80;7;2;1;86;0;4064023;709;0
147;18;336;11;17;21;20;3.60;7;2;1;84;0;4064120;81;0
147;18;336;11;17;22;91;3.60;8;2;1;75;0;4064291;4740;0
147;18;336;11;17;23;99;3.80;6;2;1;82;0;4064399;733;0
147;18;336;11;17;23;99;3.60;5;2;1;89;0;4064399;1182;0
147;18;336;11;17;24;2;3.60;1;1;1;72;0;4064402;4389;0
147;18;336;11;17;28;99;3.80;2;1;1;80;0;4064899;1286;0
147;18;336;11;17;28;99;3.60;5;2;1;81;0;4064899;485;0
147;18;336;11;17;29;7;3.60;6;2;1;72;0;4064907;491;0
147;18;336;11;17;30;99;3.60;3;1;1;68;0;4065099;1286;0
147;18;336;11;17;32;72;3.40;2;1;1;78;0;4065272;355;0
147;18;336;11;17;32;82;3.60;3;1;1;69;0;4065282;163;0
147;18;336;11;17;34;11;3.40;2;1;1;81;0;4065411;123;0
147;18;336;11;17;35;30;3.20;2;1;1;81;0;4065530;103;0
147;18;336;11;17;35;99;3.80;4;1;1;88;0;4065599;3781;0
147;18;336;11;17;36;99;3.00;2;1;1;70;0;4065699;154;0
147;18;336;11;17;37;47;3.60;6;2;1;79;0;4065747;822;0
147;18;336;11;17;38;99;3.40;1;1;1;75;0;4065899;1479;0
147;18;336;11;17;39;99;3.60;6;2;1;85;0;4065999;235;0
147;18;336;11;17;39;18;3.40;8;2;1;69;0;4065918;1609;0
147;18;336;11;17;40;99;3.20;2;1;1;78;0;4066099;384;0
147;18;336;11;17;41;99;3.20;3;1;1;77;0;4066199;898;0
147;18;336;11;17;43;5;3.40;6;2;1;76;0;4066305;290;0
147;18;336;11;17;43;99;3.60;3;1;1;82;0;4066399;185;0
147;18;336;11;17;45;99;3.40;2;1;1;80;0;4066599;485;0
147;18;336;11;17;47;18;3.20;2;1;1;76;0;4066718;103;0
147;18;336;11;17;47;87;3.60;4;1;1;85;0;4066787;1172;0
147;18;336;11;17;48;14;4.00;3;1;1;80;0;4066814;399;0
147;18;336;11;17;49;99;3.40;4;1;1;83;0;4066999;196;0
147;18;336;11;17;49;99;3.80;2;1;1;73;0;4066999;265;0
147;18;336;11;17;50;22;3.00;3;1;1;73;0;4067022;190;0
147;18;336;11;17;50;89;3.60;5;2;1;79;0;4067089;2174;0
147;18;336;11;17;50;99;3.00;6;2;1;76;0;4067099;777;0
147;18;336;11;17;51;17;3.80;4;1;1;81;0;4067117;103;0
147;18;336;11;17;51;99;3.60;5;2;1;81;0;4067199;93;0
147;18;336;11;17;51;99;3.00;3;1;1;70;0;4067199;162;0
147;18;336;11;17;54;4;3.60;6;2;1;77;0;4067404;290;0
147;18;336;11;17;55;21;3.40;7;2;1;77;0;4067521;3385;0
147;18;336;11;17;55;60;3.60;3;1;1;80;0;4067560;345;0
147;18;336;11;17;56;99;6.00;6;2;1;74;0;4067699;278;0
147;18;336;11;17;56;99;3.40;5;2;1;85;0;4067699;484;0
147;18;336;11;17;57;9;3.80;8;2;1;76;0;4067709;1773;0
147;18;336;11;18;0;40;3.60;6;2;1;85;0;4068040;311;0
147;18;336;11;18;0;84;3.80;4;1;1;77;0;4068084;950;0
147;18;336;11;18;7;5;3.60;3;1;1;80;0;4068705;1128;0
147;18;336;11;18;7;13;3.20;6;2;1;77;0;4068713;657;0
147;18;336;11;18;7;17;3.00;8;2;1;69;0;4068717;990;0
147;18;336;11;18;10;14;3.80;7;2;1;75;0;4069014;1477;0
147;18;336;11;18;12;99;3.60;2;1;1;75;0;4069299;2281;0
147;18;336;11;18;12;99;3.60;1;1;1;79;0;4069299;3383;0
147;18;336;11;18;14;99;3.20;2;1;1;80;0;4069499;182;0
147;18;336;11;18;15;21;3.60;3;1;1;81;0;4069521;799;0
147;18;336;11;18;16;4;3.60;8;2;1;74;0;4069604;871;0
147;18;336;11;18;16;99;3.40;6;2;1;78;0;4069699;971;0
147;18;336;11;18;17;1;3.80;2;1;1;79;0;4069701;187;0
147;18;336;11;18;20;29;3.40;6;2;1;83;0;4070029;314;0
147;18;336;11;18;22;28;3.00;6;2;1;79;0;4070228;184;0
147;18;336;11;18;24;99;3.80;7;2;1;83;0;4070499;1466;0
147;18;336;11;18;25;99;3.00;6;2;1;74;0;4070599;357;0
147;18;336;11;18;26;6;3.00;6;2;1;73;0;4070606;-1;0
147;18;336;11;18;27;99;3.20;6;2;1;70;0;4070799;178;0
147;18;336;11;18;28;18;3.40;7;2;1;70;0;4070818;302;0
147;18;336;11;18;28;68;3.60;3;1;1;66;0;4070868;1331;0
147;18;336;11;18;29;99;3.60;2;1;1;79;0;4070999;1280;0
147;18;336;11;18;29;99;4.00;4;1;1;78;0;4070999;2897;0
147;18;336;11;18;31;6;3.40;3;1;1;75;0;4071106;218;0
147;18;336;11;18;31;71;3.60;7;2;1;81;0;4071171;335;0
147;18;336;11;18;32;99;3.80;4;1;1;81;0;4071299;281;0
147;18;336;11;18;33;52;3.40;6;2;1;82;0;4071352;536;0
147;18;336;11;18;34;99;3.80;4;1;1;81;0;4071499;183;0
147;18;336;11;18;35;99;3.20;3;1;1;83;0;4071599;476;0
147;18;336;11;18;36;54;3.80;2;1;1;75;0;4071654;638;0
147;18;336;11;18;36;99;3.80;6;2;1;81;0;4071699;332;0
147;18;336;11;18;36;99;3.40;7;2;1;90;0;4071699;512;0
147;18;336;11;18;37;99;3.40;2;1;1;76;0;4071799;126;0
147;18;336;11;18;37;99;3.60;5;2;1;80;0;4071799;4085;0
147;18;336;11;18;39;99;3.60;3;1;1;81;0;4071999;386;0
147;18;336;11;18;39;99;3.80;6;2;1;80;0;4071999;283;0
147;18;336;11;18;40;9;4.60;6;2;1;79;0;4072009;-1;0
147;18;336;11;18;40;7;3.80;5;2;1;85;0;4072007;191;0
147;18;336;11;18;45;9;3.80;4;1;1;79;0;4072509;993;0
147;18;336;11;18;45;99;3.60;2;1;1;79;0;4072599;783;0
147;18;336;11;18;47;15;3.20;3;1;1;84;0;4072715;700;0
147;18;336;11;18;47;99;3.60;6;2;1;81;0;4072799;769;0
147;18;336;11;18;49;91;3.60;3;1;1;77;0;4072991;262;0
147;18;336;11;18;49;99;3.20;6;2;1;75;0;4072999;184;0
147;18;336;11;18;50;7;3.40;5;2;1;84;0;4073007;983;0
147;18;336;11;18;50;99;3.80;1;1;1;76;0;4073099;3783;0
147;18;336;11;18;51;34;3.20;6;2;1;79;0;4073134;119;0
147;18;336;11;18;51;68;3.80;5;2;1;82;0;4073168;146;0
147;18;336;11;18;52;15;3.40;3;1;1;74;0;4073215;207;0
147;18;336;11;18;52;99;3.20;2;1;1;76;0;4073299;683;0
147;18;336;11;18;53;99;3.60;4;1;1;79;0;4073399;872;0
147;18;336;11;18;53;99;3.80;3;1;1;75;0;4073399;167;0
147;18;336;11;18;53;99;3.80;2;1;1;73;0;4073399;84;0
147;18;336;11;19;0;8;4.80;6;2;1;73;0;4074008;859;0
147;18;336;11;19;0;99;8.60;3;1;6;73;0;4074099;681;0
147;18;336;11;19;0;99;3.40;2;1;1;74;0;4074099;681;0
147;18;336;11;19;1;17;3.40;4;1;1;81;0;4074117;701;0
147;18;336;11;19;2;93;3.40;2;1;1;75;0;4074293;177;0
147;18;336;11;19;2;90;3.80;6;2;1;76;0;4074290;258;0
147;18;336;11;18;59;59;4.00;7;2;1;10;0;4073959;2246;0
147;18;336;11;19;3;99;3.60;2;1;1;81;0;4074399;89;0
147;18;336;11;19;5;4;3.60;2;1;1;69;0;4074504;89;0
147;18;336;11;19;6;21;3.00;1;1;1;72;0;4074621;1504;0
147;18;336;11;19;6;99;3.60;5;2;1;97;0;4074699;1514;0
147;18;336;11;19;6;17;4.40;4;1;1;79;0;4074617;484;0
147;18;336;11;19;5;38;5.60;7;2;1;28;0;4074538;435;0
147;18;336;11;19;7;18;3.40;3;1;1;78;0;4074718;576;0
147;18;336;11;19;7;99;3.40;4;1;1;79;0;4074799;161;0
147;18;336;11;19;8;6;4.40;3;1;1;78;0;4074806;72;0
147;18;336;11;19;8;99;3.80;6;2;1;82;0;4074899;591;0
147;18;336;11;19;10;99;3.80;6;2;1;82;0;4075099;183;0
147;18;336;11;19;10;99;3.60;3;1;1;82;0;4075099;272;0
147;18;336;11;19;12;74;3.80;3;1;1;82;0;4075274;159;0
147;18;336;11;19;13;23;3.60;6;2;1;82;0;4075323;207;0
147;18;336;11;19;14;16;3.40;3;1;1;80;0;4075416;125;0
147;18;336;11;19;14;12;5.20;7;2;1;62;0;4075412;802;0
147;18;336;11;19;14;84;3.80;6;2;1;83;0;4075484;145;0
147;18;336;11;19;17;69;3.60;4;1;1;84;0;4075769;954;0
147;18;336;11;19;17;87;3.40;8;2;1;76;0;4075787;6165;0
147;18;336;11;19;16;28;4.00;7;2;1;14;0;4075628;185;0
147;18;336;11;19;20;18;3.80;6;2;1;89;0;4076018;517;0
147;18;336;11;19;20;99;3.40;3;1;1;74;0;4076099;667;0
147;18;336;11;19;22;24;3.20;3;1;1;75;0;4076224;108;0
147;18;336;11;19;22;99;3.40;3;1;1;86;0;4076299;59;0
147;18;336;11;19;23;99;3.60;2;1;1;72;0;4076399;1876;0
147;18;336;11;19;24;2;3.40;3;1;1;85;0;4076402;88;0
147;18;336;11;19;24;99;3.60;6;2;1;77;0;4076499;465;0
147;18;336;11;19;26;3;3.20;6;2;1;78;0;4076603;87;0
147;18;336;11;19;27;7;3.40;2;1;1;81;0;4076707;290;0
147;18;336;11;19;27;25;3.40;5;2;1;82;0;4076725;2012;0
147;18;336;11;19;29;23;3.40;2;1;1;79;0;4076923;200;0
147;18;336;11;19;30;6;3.80;8;2;1;76;0;4077006;1202;0
147;18;336;11;19;30;78;3.60;6;2;1;77;0;4077078;460;0
147;18;336;11;19;30;99;4.40;2;1;1;71;0;4077099;160;0
147;18;336;11;19;32;32;4.20;6;2;1;87;0;4077232;137;0
147;18;336;11;19;32;46;3.40;3;1;1;77;0;4077246;829;0
147;18;336;11;19;34;13;4.00;3;1;1;75;0;4077413;151;0
147;18;336;11;19;36;99;3.40;3;1;1;77;0;4077699;266;0
147;18;336;11;19;36;99;3.60;5;2;1;83;0;4077699;959;0
147;18;336;11;19;37;17;4.00;8;2;1;79;0;4077717;693;0
147;18;336;11;19;37;16;3.40;6;2;1;78;0;4077716;466;0
147;18;336;11;19;37;55;3.60;4;1;1;91;0;4077755;1970;0
147;18;336;11;19;37;68;4.20;3;1;1;79;0;4077768;53;0
147;18;336;11;19;39;99;11.80;3;1;3;75;0;4077999;211;0
147;18;336;11;19;40;27;3.20;6;2;1;82;0;4078027;295;0
147;18;336;11;19;41;99;3.20;2;1;1;73;0;4078199;1077;0
147;18;336;11;19;42;54;3.20;6;2;1;79;0;4078254;212;0
147;18;336;11;19;44;99;3.20;2;1;1;72;0;4078499;284;0
147;18;336;11;19;44;10;3.00;3;1;1;74;0;4078410;354;0
147;18;336;11;19;45;7;3.60;4;1;1;82;0;4078507;737;0
147;18;336;11;19;45;59;3.60;6;2;1;76;0;4078559;290;0
147;18;336;11;19;46;24;3.40;8;2;1;84;0;4078624;888;0
147;18;336;11;19;46;99;3.40;6;2;1;77;0;4078699;122;0
147;18;336;11;19;46;99;3.60;3;1;1;72;0;4078699;274;0
147;18;336;11;19;48;88;11.00;3;1;3;76;0;4078888;171;0
147;18;336;11;19;49;99;3.60;6;2;1;82;0;4078999;284;0
147;18;336;11;19;50;71;3.20;3;1;1;78;0;4079071;130;0
147;18;336;11;19;51;99;3.40;7;2;1;83;0;4079199;3468;0
147;18;336;11;19;52;16;3.40;3;1;1;79;0;4079216;130;0
147;18;336;11;19;55;39;3.40;3;1;1;77;0;4079539;307;0
147;18;336;11;19;58;99;3.20;6;2;1;85;0;4079899;884;0
147;18;336;11;20;1;99;3.60;3;1;1;77;0;4080199;644;0
147;18;336;11;20;2;99;3.60;2;1;1;76;0;4080299;1784;0
147;18;336;11;20;2;99;3.40;7;2;1;81;0;4080299;1085;0
147;18;336;11;20;3;94;3.60;3;1;1;77;0;4080394;178;0
147;18;336;11;20;3;99;4.00;7;2;1;77;0;4080399;84;0
147;18;336;11;20;6;15;3.20;6;2;1;79;0;4080615;702;0
147;18;336;11;20;9;99;3.20;6;2;1;77;0;4080999;369;0
147;18;336;11;20;10;17;3.20;2;1;1;75;0;4081017;700;0
147;18;336;11;20;11;98;3.00;6;2;1;81;0;4081198;184;0
147;18;336;11;20;12;99;3.80;6;2;1;76;0;4081299;87;0
147;18;336;11;20;13;83;3.80;8;2;1;80;0;4081383;2744;0
147;18;336;11;20;14;99;3.40;6;2;1;76;0;4081499;182;0
147;18;336;11;20;15;8;3.40;5;2;1;82;0;4081508;3793;0
147;18;336;11;20;17;99;3.40;6;2;1;79;0;4081799;283;0
147;18;336;11;20;19;99;3.60;6;2;1;75;0;4081999;184;0
147;18;336;11;20;22;99;3.80;6;2;1;81;0;4082299;282;0
147;18;336;11;20;25;99;4.20;1;1;1;82;0;4082599;7963;0
147;18;336;11;20;25;99;3.40;2;1;1;70;0;4082599;1566;0
147;18;336;11;20;26;94;3.40;7;2;1;75;0;4082694;2276;0
147;18;336;11;20;26;99;4.40;3;1;1;75;0;4082699;2288;0
147;18;336;11;20;27;99;5.80;5;2;1;73;0;4082799;1276;0
147;18;336;11;20;27;99;7.00;6;2;6;65;0;4082799;483;0
147;18;336;11;20;28;99;3.20;3;1;1;77;0;4082899;178;0
147;18;336;11;20;29;99;3.20;7;2;1;75;0;4082999;288;0
147;18;336;11;20;30;20;3.40;3;1;1;75;0;4083020;106;0
147;18;336;11;20;31;62;3.80;6;2;1;72;0;4083162;324;0
147;18;336;11;20;31;99;3.40;3;1;1;71;0;4083199;162;0
147;18;336;11;20;32;23;3.00;5;2;1;90;0;4083223;395;0
147;18;336;11;20;32;99;3.60;8;2;1;86;0;4083299;1898;0
147;18;336;11;20;34;18;3.40;2;1;1;81;0;4083418;801;0
147;18;336;11;20;34;94;3.60;4;1;1;95;0;4083494;4971;0
147;18;336;11;20;37;18;3.20;3;1;1;76;0;4083718;501;0
147;18;336;11;20;39;99;3.20;6;2;1;80;0;4083999;818;0
147;18;336;11;20;40;99;3.60;1;1;1;83;0;4084099;1481;0
147;18;336;11;20;40;99;3.60;3;1;1;79;0;4084099;365;0
147;18;336;11;20;41;7;3.60;6;2;1;80;0;4084107;93;0
147;18;336;11;20;43;5;4.00;3;1;1;81;0;4084305;189;0
147;18;336;11;20;44;17;3.60;2;1;1;75;0;4084417;983;0
147;18;336;11;20;44;71;4.00;3;1;1;88;0;4084471;148;0
147;18;336;11;20;45;18;3.60;5;2;1;78;0;4084518;1283;0
147;18;336;11;20;45;99;3.20;4;1;1;81;0;4084599;1091;0
147;18;336;11;20;45;99;3.80;7;2;1;76;0;4084599;1584;0
147;18;336;11;20;45;99;3.60;3;1;1;80;0;4084599;111;0
147;18;336;11;20;45;99;3.60;2;1;1;67;0;4084599;164;0
147;18;336;11;20;47;10;2.80;2;1;1;66;0;4084710;91;0
147;18;336;11;20;47;99;3.80;5;2;1;85;0;4084799;264;0
147;18;336;11;20;48;99;3.20;6;2;1;80;0;4084899;775;0
147;18;336;11;20;48;99;3.20;2;1;1;73;0;4084899;173;0
147;18;336;11;20;49;99;3.60;2;1;1;71;0;4084999;84;4084417
147;18;336;11;20;50;27;3.60;5;2;1;85;0;4085027;211;0
147;18;336;11;20;50;99;3.40;6;2;1;78;0;4085099;185;0
147;18;336;11;20;51;24;3.40;7;2;1;93;0;4085124;507;0
147;18;336;11;20;52;99;3.40;2;1;1;74;0;4085299;281;0
147;18;336;11;20;55;22;3.80;2;1;1;77;0;4085522;206;0
147;18;336;11;20;58;4;3.40;2;1;1;83;0;4085804;264;0
147;18;336;11;20;58;99;3.80;1;1;1;83;0;4085899;1784;0
147;18;336;11;20;58;99;3.40;7;2;1;78;0;4085899;761;0
147;18;336;11;20;59;3;3.40;5;2;1;75;0;4085903;860;0
147;18;336;11;21;0;13;3.80;2;1;1;85;0;4086013;194;0
147;18;336;11;21;0;99;3.40;6;2;1;76;0;4086099;984;0
147;18;336;11;21;0;99;3.60;4;1;1;81;0;4086099;1485;0
147;18;336;11;21;1;6;3.80;8;2;1;75;0;4086106;2791;0
147;18;336;11;21;1;99;3.80;5;2;1;82;0;4086199;279;0
147;18;336;11;21;3;8;4.20;3;1;1;78;0;4086308;1692;0
147;18;336;11;21;5;99;3.80;6;2;1;85;0;4086599;483;0
147;18;336;11;21;6;99;4.00;2;1;1;81;0;4086699;669;0
147;18;336;11;21;9;4;5.00;7;2;1;91;0;4086904;989;0
147;18;336;11;21;10;99;3.80;5;2;1;88;0;4087099;883;0
147;18;336;11;21;11;99;3.80;3;1;1;70;0;4087199;871;0
147;18;336;11;21;11;99;3.40;6;2;1;78;0;4087199;583;0
147;18;336;11;21;11;99;4.80;2;1;1;80;0;4087199;482;0
147;18;336;11;21;11;99;3.80;4;1;1;81;0;4087199;1084;0
147;18;336;11;21;12;66;3.20;2;1;1;79;0;4087266;45;0
147;18;336;11;21;13;19;3.60;4;1;1;81;0;4087319;103;0
147;18;336;11;21;13;99;2.80;3;1;1;71;0;4087399;180;0
147;18;336;11;21;13;99;3.80;7;2;1;81;0;4087399;475;0
147;18;336;11;21;15;99;4.00;2;1;1;85;0;4087599;318;0
147;18;336;11;21;16;99;6.00;3;1;1;80;0;4087699;285;0
147;18;336;11;21;17;41;3.80;6;2;1;80;0;4087741;526;0
147;18;336;11;21;17;49;3.20;2;1;1;72;0;4087749;133;0
147;18;336;11;21;18;99;3.80;2;1;1;81;0;4087899;134;0
147;18;336;11;21;22;16;3.40;6;2;1;77;0;4088216;457;0
147;18;336;11;21;24;99;3.60;3;1;1;82;0;4088499;773;0
147;18;336;11;21;24;17;3.00;6;2;1;80;0;4088417;185;0
147;18;336;11;21;25;25;4.00;5;2;1;86;0;4088525;1410;0
147;18;336;11;21;25;99;3.40;7;2;1;76;0;4088599;1183;0
147;18;336;11;21;26;99;3.00;8;2;1;68;0;4088699;2574;0
147;18;336;11;21;27;75;3.40;3;1;1;72;0;4088775;260;0
147;18;336;11;21;28;99;3.80;6;2;1;81;0;4088899;468;0
147;18;336;11;21;30;81;2.80;3;1;1;73;0;4089081;289;0
147;18;336;11;21;34;0;3.00;5;2;1;82;0;4089400;858;0
147;18;336;11;21;33;99;4.00;3;1;1;75;0;4089399;304;0
147;18;336;11;21;36;11;3.20;2;1;1;79;0;4089611;1695;0
147;18;336;11;21;36;99;4.00;7;2;1;73;0;4089699;1083;0
147;18;336;11;21;36;99;3.40;6;2;1;77;0;4089699;783;0
147;18;336;11;21;36;99;3.60;5;2;1;86;0;4089699;285;0
147;18;336;11;21;37;3;3.00;3;1;1;78;0;4089703;284;0
147;18;336;11;21;38;99;3.40;3;1;1;82;0;4089899;182;0
147;18;336;11;21;39;99;3.20;6;2;1;80;0;4089999;284;0
147;18;336;11;21;40;57;4.40;8;2;1;80;0;4090057;1342;0
147;18;336;11;21;41;99;3.40;7;2;1;83;0;4090199;480;0
147;18;336;11;21;42;5;3.00;3;1;1;76;0;4090205;291;0
147;18;336;11;21;43;99;3.20;5;2;1;84;0;4090399;684;0
147;18;336;11;21;44;10;3.40;3;1;1;78;0;4090410;190;0
147;18;336;11;21;46;99;3.80;3;1;1;78;0;4090699;273;0
147;18;336;11;21;51;0;4.40;7;2;1;86;0;4091100;886;0
147;18;336;11;21;51;99;3.60;6;2;1;85;0;4091199;1185;0
147;18;336;11;21;54;99;3.40;3;1;1;79;0;4091499;782;0
147;18;336;11;21;55;99;4.00;2;1;1;81;0;4091599;1973;0
147;18;336;11;21;59;4;3.40;2;1;1;76;0;4091904;287;0
147;18;336;11;22;0;99;4.60;2;1;1;78;0;4092099;178;0
147;18;336;11;22;4;99;3.60;3;1;1;76;0;4092499;984;0
147;18;336;11;22;5;99;3.80;2;1;1;78;0;4092599;478;0
147;18;336;11;22;5;99;3.60;6;2;1;80;0;4092599;1384;0
147;18;336;11;22;6;99;3.00;3;1;1;77;0;4092699;182;0
147;18;336;11;22;8;72;3.60;3;1;1;77;0;4092872;158;0
147;18;336;11;22;9;99;4.00;6;2;1;86;0;4092999;383;0
147;18;336;11;22;9;99;3.20;2;1;1;78;0;4092999;382;0
147;18;336;11;22;12;99;3.60;3;1;1;77;0;4093299;410;0
147;18;336;11;22;13;12;3.60;4;1;1;79;0;4093312;5977;0
147;18;336;11;22;14;61;15.20;6;2;4;76;0;4093461;445;0
147;18;336;11;22;17;99;4.00;5;2;1;90;0;4093799;3386;0
147;18;336;11;22;17;99;3.20;6;2;1;79;0;4093799;266;0
147;18;336;11;22;17;99;3.80;3;1;1;90;0;4093799;483;0
147;18;336;11;22;18;99;3.80;6;2;1;77;0;4093899;85;0
147;18;336;11;22;19;99;3.60;5;2;1;84;0;4093999;184;0
147;18;336;11;22;21;80;3.40;6;2;1;80;0;4094180;263;0
147;18;336;11;22;23;5;4.00;4;1;1;88;0;4094305;976;0
147;18;336;11;22;23;15;4.80;3;1;1;76;0;4094315;500;0
147;18;336;11;22;23;22;3.00;4;1;1;84;0;4094322;0;0
147;18;336;11;22;24;86;3.80;6;2;1;81;0;4094486;290;0
147;18;336;11;22;25;29;3.40;2;1;1;81;0;4094529;1515;0
147;18;336;11;22;26;48;3.40;2;1;1;85;0;4094648;103;0
147;18;336;11;22;27;16;3.80;7;2;1;89;0;4094716;3597;0
147;18;336;11;22;28;10;3.40;2;1;1;83;0;4094810;147;0
147;18;336;11;22;28;22;3.20;3;1;1;80;0;4094822;484;0
147;18;336;11;22;29;19;4.00;4;1;1;87;0;4094919;584;0
147;18;336;11;22;29;99;3.80;5;2;1;88;0;4094999;984;0
147;18;336;11;22;30;23;3.80;4;1;1;85;0;4095023;87;0
147;18;336;11;22;30;99;3.80;8;2;1;86;0;4095099;5022;0
147;18;336;11;22;31;24;3.40;3;1;1;77;0;4095124;287;0
147;18;336;11;22;31;19;3.80;4;1;1;88;0;4095119;79;0
147;18;336;11;22;33;3;3.80;4;1;1;88;0;4095303;168;0
147;18;336;11;22;34;15;3.60;6;2;1;85;0;4095415;912;0
147;18;336;11;22;34;99;3.20;3;1;1;76;0;4095499;359;0
147;18;336;11;22;36;43;3.80;6;2;1;83;0;4095643;212;0
147;18;336;11;22;39;16;4.40;6;2;1;78;0;4095916;256;0
147;18;336;11;22;40;99;3.80;6;2;1;78;0;4096099;162;0
147;18;336;11;22;40;99;3.80;3;1;1;78;0;4096099;584;0
147;18;336;11;22;41;12;4.40;6;2;1;78;0;4096112;-1;0
147;18;336;11;22;43;99;3.20;3;1;1;80;0;4096399;282;0
147;18;336;11;22;43;99;4.80;8;2;1;88;0;4096399;1284;0
147;18;336;11;22;44;8;3.60;6;2;1;77;0;4096408;275;0
147;18;336;11;22;44;84;3.80;1;1;1;78;0;4096484;10568;0
147;18;336;11;22;45;99;3.40;6;2;1;73;0;4096599;174;0
147;18;336;11;22;46;13;3.80;1;1;1;73;0;4096613;111;0
147;18;336;11;22;46;99;4.20;5;2;1;80;0;4096699;1684;0
147;18;336;11;22;46;99;3.40;2;1;1;78;0;4096699;1874;0
147;18;336;11;22;46;99;3.60;7;2;1;79;0;4096699;1967;0
147;18;336;11;22;51;14;3.80;7;2;1;88;0;4097114;398;0
147;18;336;11;22;51;99;3.80;2;1;1;78;0;4097199;484;0
147;18;336;11;22;51;9;4.00;3;1;1;75;0;4097109;695;0
147;18;336;11;22;53;17;3.40;2;1;1;78;0;4097317;100;0
147;18;336;11;22;54;42;3.60;2;1;1;72;0;4097442;109;0
147;18;336;11;22;54;57;3.20;6;2;1;82;0;4097457;841;0
147;18;336;11;22;55;99;4.60;7;2;1;75;0;4097599;469;0
147;18;336;11;22;55;99;3.80;6;2;1;81;0;4097599;127;0
147;18;336;11;22;55;99;3.60;2;1;1;72;0;4097599;139;0
147;18;336;11;22;56;99;2.80;2;1;1;74;0;4097699;82;4097199
147;18;336;11;22;56;5;3.60;6;2;1;82;0;4097605;-1;4097199
147;18;336;11;22;57;20;3.60;2;1;1;73;0;4097720;7;4097199
147;18;336;11;22;58;99;3.80;3;1;1;80;0;4097899;770;0
147;18;336;11;22;59;9;3.40;6;2;1;77;0;4097909;288;0
147;18;336;11;22;59;28;5.40;1;1;1;85;0;4097928;1296;0
147;18;336;11;23;0;23;3.00;2;1;1;74;0;4098023;285;0
147;18;336;11;23;0;99;3.40;3;1;1;67;0;4098099;182;0
147;18;336;11;23;1;10;3.60;4;1;1;98;0;4098110;2791;0
147;18;336;11;23;1;19;3.60;2;1;1;79;0;4098119;81;0
147;18;336;11;23;1;99;4.20;6;2;1;97;0;4098199;274;0
147;18;336;11;23;2;43;3.60;2;1;1;80;0;4098243;107;0
147;18;336;11;23;2;46;3.20;3;1;1;65;0;4098246;128;0
147;18;336;11;23;3;99;3.20;3;1;1;66;0;4098399;135;0
147;18;336;11;23;4;6;3.20;3;1;1;67;0;4098406;-1;4097899
147;18;336;11;23;6;99;3.60;6;2;1;92;0;4098699;484;0
147;18;336;11;23;6;99;3.20;3;1;1;72;0;4098699;275;0
147;18;336;11;23;7;91;3.60;3;1;1;71;0;4098791;76;0
147;18;336;11;23;8;14;4.00;8;2;1;104;0;4098814;2395;0
147;18;336;11;23;9;99;3.80;4;1;1;81;0;4098999;875;0
147;18;336;11;23;9;15;3.80;3;1;1;71;0;4098915;105;0
147;18;336;11;23;9;32;3.20;2;1;1;76;0;4098932;672;0
147;18;336;11;23;10;18;3.80;6;2;1;85;0;4099018;304;0
147;18;336;11;23;14;99;3.80;2;1;1;86;0;4099499;551;0
147;18;336;11;23;17;36;5.40;7;2;1;66;0;4099736;2114;0
147;18;336;11;23;17;60;3.60;6;2;1;74;0;4099760;725;0
147;18;336;11;23;18;99;3.60;5;2;1;77;0;4099899;3181;0
147;18;336;11;23;20;79;5.20;6;2;1;75;0;4100079;301;0
147;18;336;11;23;21;5;3.00;2;1;1;74;0;4100105;590;0
147;18;336;11;23;21;99;3.60;3;1;1;84;0;4100199;1264;0
147;18;336;11;23;22;25;3.20;2;1;1;76;0;4100225;105;0
147;18;336;11;23;23;99;3.60;2;1;1;79;0;4100399;158;0
147;18;336;11;23;23;99;5.20;6;2;1;80;0;4100399;295;0
147;18;336;11;23;23;99;3.40;8;2;1;84;0;4100399;1571;0
147;18;336;11;23;23;99;3.60;4;1;1;84;0;4100399;1383;0
147;18;336;11;23;25;2;3.20;4;1;1;90;0;4100502;87;0
147;18;336;11;23;25;50;4.40;3;1;1;80;0;4100550;335;0
147;18;336;11;23;27;3;3.60;7;2;1;79;0;4100703;937;0
147;18;336;11;23;28;86;3.80;2;1;1;75;0;4100886;470;0
147;18;336;11;23;29;16;3.80;6;2;1;78;0;4100916;493;0
147;18;336;11;23;30;11;3.80;3;1;1;82;0;4101011;441;0
147;18;336;11;23;30;5;3.80;7;2;1;76;0;4101005;285;0
147;18;336;11;23;32;10;3.40;6;2;1;79;0;4101210;276;0
147;18;336;11;23;34;3;3.80;2;1;1;79;0;4101403;498;0
147;18;336;11;23;32;37;1.00;7;2;1;1;1;4101237;214;0
147;18;336;11;23;37;3;3.40;6;2;1;86;0;4101703;477;0
147;18;336;11;23;38;78;4.60;7;2;1;83;0;4101878;855;0
147;18;336;11;23;39;99;4.20;4;1;1;87;0;4101999;1484;0
147;18;336;11;23;40;27;4.00;5;2;1;97;0;4102027;2111;0
147;18;336;11;23;40;25;5.20;8;2;1;85;0;4102025;1611;0
147;18;336;11;23;41;99;3.60;6;2;1;80;0;4102199;481;0
147;18;336;11;23;42;99;3.60;3;1;1;77;0;4102299;1271;0
147;18;336;11;23;43;95;3.60;4;1;1;91;0;4102395;378;0
147;18;336;11;23;43;89;3.80;5;2;1;81;0;4102389;347;0
147;18;336;11;23;44;1;3.40;6;2;1;91;0;4102401;185;0
147;18;336;11;23;44;18;3.20;3;1;1;78;0;4102418;102;0
147;18;336;11;23;44;99;3.60;4;1;1;86;0;4102499;89;0
147;18;336;11;23;45;15;3.40;5;2;1;85;0;4102515;109;0
147;18;336;11;23;46;10;3.80;4;1;1;89;0;4102610;95;0
147;18;336;11;23;46;21;4.20;3;1;1;78;0;4102621;188;0
147;18;336;11;23;45;46;8.60;7;2;2;57;0;4102546;648;0
147;18;336;11;23;46;94;5.00;8;2;1;81;0;4102694;646;0
147;18;336;11;23;47;20;3.80;6;2;1;83;0;4102720;305;0
147;18;336;11;23;47;99;4.00;2;1;1;77;0;4102799;1378;0
147;18;336;11;23;48;34;3.60;3;1;1;81;0;4102834;193;0
147;18;336;11;23;48;83;3.60;6;2;1;72;0;4102883;146;0
147;18;336;11;23;49;19;3.80;3;1;1;79;0;4102919;69;4102299
147;18;336;11;23;50;11;3.40;1;1;1;76;0;4103011;5060;0
147;18;336;11;23;51;16;3.80;8;2;1;80;0;4103116;399;0
147;18;336;11;23;52;17;3.80;8;2;1;81;0;4103217;83;0
147;18;336;11;23;53;59;3.20;2;1;1;76;0;4103359;541;0
147;18;336;11;23;53;85;3.40;6;2;1;84;0;4103385;484;0
147;18;336;11;23;54;99;3.20;1;1;1;81;0;4103499;471;0
147;18;336;11;23;54;99;3.20;3;1;1;81;0;4103499;562;0
147;18;336;11;23;58;30;4.00;3;1;1;81;0;4103830;316;0
147;18;336;11;23;59;99;3.40;3;1;1;82;0;4103999;151;0
147;18;336;11;24;0;99;3.60;3;1;1;79;0;4104099;85;0
147;18;336;11;24;4;16;3.20;3;1;1;72;0;4104416;300;0
147;18;336;11;24;5;6;3.20;6;2;1;75;0;4104506;1106;0
147;18;336;11;24;7;99;4.00;6;2;1;78;0;4104799;277;0
147;18;336;11;24;9;99;3.40;1;1;1;82;0;4104999;1485;0
147;18;336;11;24;9;99;4.00;4;1;1;95;0;4104999;2373;0
147;18;336;11;24;10;99;3.60;3;1;1;79;0;4105099;667;0
147;18;336;11;24;11;14;4.00;6;2;1;80;0;4105114;296;0
147;18;336;11;24;11;94;3.40;5;2;1;81;0;4105194;2664;0
147;18;336;11;24;12;99;3.20;3;1;1;72;0;4105299;183;0
147;18;336;11;24;13;20;3.60;3;1;1;78;0;4105320;5;0
147;18;336;11;24;13;24;3.60;6;2;1;75;0;4105324;192;0
147;18;336;11;24;15;10;3.60;6;2;1;77;0;4105510;168;0
147;18;336;11;24;15;99;3.60;1;1;1;83;0;4105599;585;0
147;18;336;11;24;16;68;3.20;5;2;1;86;0;4105668;458;0
147;18;336;11;24;14;88;4.20;7;2;1;11;0;4105488;2887;0
147;18;336;11;24;18;99;3.40;3;1;1;78;0;4105899;562;0
147;18;336;11;24;20;28;3.20;5;2;1;90;0;4106028;346;0
147;18;336;11;24;20;99;3.40;7;2;1;80;0;4106099;473;0
147;18;336;11;24;22;99;3.80;6;2;1;86;0;4106299;772;0
147;18;336;11;24;23;99;6.20;3;1;1;79;0;4106399;484;0
147;18;336;11;24;24;97;3.60;6;2;1;80;0;4106497;182;0
147;18;336;11;24;29;67;3.20;5;2;1;97;0;4106967;926;0
147;18;336;11;24;30;99;3.60;4;1;1;93;0;4107099;2084;0
147;18;336;11;24;30;99;3.60;2;1;1;79;0;4107099;3724;0
147;18;336;11;24;31;4;3.80;6;2;1;77;0;4107104;590;0
147;18;336;11;24;31;19;3.60;3;1;1;94;0;4107119;691;0
147;18;336;11;24;33;99;3.80;3;1;1;80;0;4107399;266;0
147;18;336;11;24;33;99;3.40;4;1;1;89;0;4107399;286;0
147;18;336;11;24;33;99;3.80;6;2;1;78;0;4107399;277;0
147;18;336;11;24;34;55;3.00;2;1;1;79;0;4107455;339;0
147;18;336;11;24;34;57;4.80;7;2;1;84;0;4107457;1342;0
147;18;336;11;24;35;99;3.80;3;1;1;81;0;4107599;182;0
147;18;336;11;24;37;99;3.40;4;1;1;89;0;4107799;386;0
147;18;336;11;24;37;99;3.20;1;1;1;74;0;4107799;2184;0
147;18;336;11;24;38;99;3.40;6;2;1;79;0;4107899;482;0
147;18;336;11;24;39;56;3.80;2;1;1;73;0;4107956;487;0
147;18;336;11;24;39;56;4.80;1;1;1;68;0;4107956;141;0
147;18;336;11;24;40;2;4.40;4;1;1;88;0;4108002;189;0
147;18;336;11;24;40;99;3.60;2;1;1;70;0;4108099;124;0
147;18;336;11;24;40;99;3.40;6;2;1;83;0;4108099;184;0
147;18;336;11;24;40;99;3.20;3;1;1;77;0;4108099;483;0
147;18;336;11;24;41;99;4.60;1;1;1;69;0;4108199;217;0
147;18;336;11;24;42;56;3.20;2;1;1;77;0;4108256;138;0
147;18;336;11;24;43;99;5.60;3;1;1;76;0;4108399;285;0
147;18;336;11;24;44;23;3.40;7;2;1;72;0;4108423;945;0
147;18;336;11;24;45;99;3.60;3;1;1;74;0;4108599;173;0
147;18;336;11;24;46;10;3.80;4;1;1;83;0;4108610;590;0
147;18;336;11;24;46;19;3.80;2;1;1;74;0;4108619;348;0
147;18;336;11;24;47;42;3.60;4;1;1;80;0;4108742;115;0
147;18;336;11;24;47;84;3.60;6;2;1;76;0;4108784;670;0
147;18;336;11;24;48;99;3.60;5;2;1;77;0;4108899;1920;0
147;18;336;11;24;48;99;3.60;3;1;1;78;0;4108899;282;0
147;18;336;11;24;49;36;3.60;2;1;1;75;0;4108936;298;0
147;18;336;11;24;54;3;3.60;6;2;1;81;0;4109403;601;0
147;18;336;11;24;54;21;4.00;7;2;1;84;0;4109421;981;0
147;18;336;11;24;56;99;3.40;7;2;1;81;0;4109699;260;0
147;18;336;11;24;56;99;3.80;8;2;1;73;0;4109699;6465;0
147;18;336;11;24;56;99;3.80;4;1;1;83;0;4109699;940;0
147;18;336;11;24;57;6;3.60;3;1;1;77;0;4109706;790;0
147;18;336;11;24;57;21;3.80;2;1;1;97;0;4109721;767;0
147;18;336;11;24;57;77;3.60;6;2;1;79;0;4109777;358;0
147;18;336;11;24;58;99;3.20;7;2;1;78;0;4109899;184;0
147;18;336;11;24;59;30;3.60;1;1;1;70;0;4109930;1707;0
147;18;336;11;25;0;56;7.60;3;1;6;71;0;4110056;333;0
147;18;336;11;25;1;30;3.20;4;1;1;83;0;4110130;414;0
147;18;336;11;25;2;14;4.80;4;1;1;74;0;4110214;70;0
147;18;336;11;25;2;26;3.80;2;1;1;89;0;4110226;490;0
147;18;336;11;25;3;5;3.40;7;2;1;75;0;4110305;391;0
147;18;336;11;25;4;7;3.20;5;2;1;80;0;4110407;1491;0
147;18;336;11;25;5;56;3.00;3;1;1;79;0;4110556;461;0
147;18;336;11;25;6;1;3.80;5;2;1;86;0;4110601;179;0
147;18;336;11;25;6;99;3.40;6;2;1;79;0;4110699;905;0
147;18;336;11;25;6;99;3.40;3;1;1;79;0;4110699;129;0
147;18;336;11;25;7;63;3.00;6;2;1;76;0;4110763;48;0
147;18;336;11;25;8;99;3.00;3;1;1;77;0;4110899;184;0
147;18;336;11;25;8;99;3.60;7;2;1;70;0;4110899;577;0
147;18;336;11;25;10;31;3.60;3;1;1;73;0;4111031;117;0
147;18;336;11;25;10;26;18.20;6;2;4;74;0;4111026;248;0
147;18;336;11;25;11;99;3.40;4;1;1;81;0;4111199;961;0
147;18;336;11;25;11;99;3.60;3;1;1;71;0;4111199;150;4110556
147;18;336;11;25;11;99;8.40;2;1;6;74;0;4111199;957;0
147;18;336;11;25;13;99;3.80;2;1;1;76;0;4111399;159;0
147;18;336;11;25;14;99;4.20;4;1;1;98;0;4111499;284;0
147;18;336;11;25;14;99;3.80;6;2;1;83;0;4111499;384;0
147;18;336;11;25;17;13;3.60;6;2;1;77;0;4111713;197;0
147;18;336;11;25;19;99;3.40;6;2;1;74;0;4111999;269;0
147;18;336;11;25;20;74;3.80;7;2;1;90;0;4112074;1156;0
147;18;336;11;25;20;73;3.40;6;2;1;74;0;4112073;57;0
147;18;336;11;25;21;99;4.80;2;1;1;79;0;4112199;782;0
147;18;336;11;25;22;2;3.40;7;2;1;82;0;4112202;112;0
147;18;336;11;25;25;6;3.40;6;2;1;78;0;4112506;416;0
147;18;336;11;25;25;31;3.20;3;1;1;77;0;4112531;1313;0
147;18;336;11;25;27;19;3.20;2;1;1;78;0;4112719;498;0
147;18;336;11;25;27;99;3.60;6;2;1;82;0;4112799;277;0
147;18;336;11;25;30;10;3.80;3;1;1;71;0;4113010;464;0
147;18;336;11;25;30;44;3.60;4;1;1;71;0;4113044;1529;0
147;18;336;11;25;31;99;3.20;3;1;1;70;0;4113199;169;0
147;18;336;11;25;31;99;3.00;4;1;1;69;0;4113199;136;0
147;18;336;11;25;32;99;5.80;1;1;1;70;0;4113299;3350;0
147;18;336;11;25;32;99;3.60;2;1;1;80;0;4113299;565;0
147;18;336;11;25;33;52;3.80;3;1;1;67;0;4113352;136;0
147;18;336;11;25;33;87;4.40;2;1;1;74;0;4113387;71;0
147;18;336;11;25;34;99;3.60;3;1;1;68;0;4113499;126;0
147;18;336;11;25;36;1;3.00;6;2;1;81;0;4113601;786;0
147;18;336;11;25;36;20;2.80;2;1;1;72;0;4113620;211;0
147;18;336;11;25;37;99;3.00;3;1;1;80;0;4113799;280;0
147;18;336;11;25;38;45;3.80;3;1;1;85;0;4113845;32;0
147;18;336;11;25;38;76;3.80;1;1;1;78;0;4113876;547;0
147;18;336;11;25;40;99;4.00;6;2;1;75;0;4114099;484;0
147;18;336;11;25;42;22;4.60;7;2;1;80;0;4114222;2005;0
147;18;336;11;25;44;0;3.20;1;1;1;70;0;4114400;506;0
147;18;336;11;25;44;99;3.60;3;1;1;76;0;4114499;637;0
147;18;336;11;25;44;99;3.80;7;2;1;72;0;4114499;256;0
147;18;336;11;25;45;99;4.00;3;1;1;70;0;4114599;82;0
147;18;336;11;25;46;99;3.60;6;2;1;83;0;4114699;580;0
147;18;336;11;25;46;99;3.60;3;1;1;72;0;4114699;79;0
147;18;336;11;25;47;15;3.20;2;1;1;79;0;4114715;1081;0
147;18;336;11;25;47;99;3.40;1;1;1;70;0;4114799;382;0
147;18;336;11;25;47;99;3.80;5;2;1;86;0;4114799;4182;0
147;18;336;11;25;47;99;3.80;4;1;1;80;0;4114799;1584;0
147;18;336;11;25;48;1;3.40;6;2;1;77;0;4114801;86;0
147;18;336;11;25;48;45;3.80;2;1;1;76;0;4114845;115;0
147;18;336;11;25;48;63;3.80;7;2;1;83;0;4114863;345;0
147;18;336;11;25;49;99;3.40;5;2;1;80;0;4114999;184;0
147;18;336;11;25;49;99;3.60;7;2;1;76;0;4114999;119;0
147;18;336;11;25;50;99;3.40;4;1;1;78;0;4115099;282;0
147;18;336;11;25;50;99;3.20;3;1;1;75;0;4115099;382;0
147;18;336;11;25;52;17;3.20;6;2;1;79;0;4115217;400;0
147;18;336;11;25;55;18;3.40;2;1;1;82;0;4115518;655;0
147;18;336;11;25;55;99;3.60;7;2;1;77;0;4115599;582;0
147;18;336;11;25;57;99;3.00;2;1;1;86;0;4115799;266;0
147;18;336;11;25;57;99;3.80;6;2;1;75;0;4115799;567;0
147;18;336;11;25;57;99;3.80;4;1;1;79;0;4115799;684;0
147;18;336;11;25;59;89;3.40;3;1;1;73;0;4115989;874;0
147;18;336;11;26;0;21;3.60;2;1;1;78;0;4116021;209;0
147;18;336;11;26;3;9;3.40;2;1;1;78;0;4116309;271;0
147;18;336;11;26;4;79;3.00;3;1;1;79;0;4116479;473;0
147;18;336;11;26;4;99;3.40;6;2;1;72;0;4116499;681;0
147;18;336;11;26;7;99;3.60;3;1;1;78;0;4116799;306;0
147;18;336;11;26;9;1;3.80;7;2;1;79;0;4116901;1285;0
147;18;336;11;26;9;66;3.00;6;2;1;68;0;4116966;450;0
147;18;336;11;26;10;30;4.60;5;2;1;80;0;4117030;2015;0
147;18;336;11;26;11;99;4.00;8;2;1;82;0;4117199;7481;0
147;18;336;11;26;11;57;3.40;3;1;1;82;0;4117157;341;0
147;18;336;11;26;12;6;3.40;7;2;1;77;0;4117206;287;0
147;18;336;11;26;12;99;3.40;2;1;1;81;0;4117299;974;0
147;18;336;11;26;14;54;3.60;6;2;1;82;0;4117454;472;0
147;18;336;11;26;16;25;3.60;3;1;1;79;0;4117625;453;0
147;18;336;11;26;15;99;4.00;8;2;1;86;0;4117599;382;0
147;18;336;11;26;15;99;4.60;6;2;1;83;0;4117599;129;0
147;18;336;11;26;15;99;3.40;2;1;1;82;0;4117599;284;0
147;18;336;11;26;16;39;4.40;5;2;1;88;0;4117639;588;0
147;18;336;11;26;17;99;3.80;8;2;1;89;0;4117799;183;0
147;18;336;11;26;17;99;4.40;6;2;1;80;0;4117799;180;0
147;18;336;11;26;18;17;3.00;3;1;1;78;0;4117817;175;0
147;18;336;11;26;18;99;3.40;6;2;1;77;0;4117899;80;0
147;18;336;11;26;19;35;4.00;5;2;1;90;0;4117935;278;0
147;18;336;11;26;20;99;3.60;8;2;1;77;0;4118099;284;0
147;18;336;11;26;23;16;3.60;5;2;1;84;0;4118316;365;0
147;18;336;11;26;24;77;3.80;4;1;1;81;0;4118477;2660;0
147;18;336;11;26;25;99;3.60;2;1;1;81;0;4118599;985;0
147;18;336;11;26;25;99;3.40;6;2;1;83;0;4118599;684;0
147;18;336;11;26;26;99;3.40;2;1;1;66;0;4118699;84;0
147;18;336;11;26;27;97;3.20;3;1;1;66;0;4118797;966;0
147;18;336;11;26;28;20;4.20;7;2;1;84;0;4118820;1598;0
147;18;336;11;26;28;99;3.80;1;1;1;82;0;4118899;4082;0
147;18;336;11;26;28;99;3.40;3;1;1;67;0;4118899;84;0
147;18;336;11;26;28;99;3.40;2;1;1;67;0;4118899;181;0
147;18;336;11;26;28;99;3.20;6;2;1;86;0;4118899;285;0
147;18;336;11;26;30;5;4.00;2;1;1;72;0;4119005;87;0
147;18;336;11;26;31;99;4.20;5;2;1;89;0;4119199;867;0
147;18;336;11;26;32;16;3.20;6;2;1;79;0;4119216;303;0
147;18;336;11;26;32;41;4.40;2;1;1;74;0;4119241;216;0
147;18;336;11;26;33;99;3.60;6;2;1;79;0;4119399;168;0
147;18;336;11;26;34;13;3.00;1;1;1;81;0;4119413;497;0
147;18;336;11;26;34;11;3.40;5;2;1;82;0;4119411;195;0
147;18;336;11;26;35;99;3.20;6;2;1;79;0;4119599;183;0
147;18;336;11;26;35;99;3.80;2;1;1;83;0;4119599;336;0
147;18;336;11;26;36;99;3.80;7;2;1;83;0;4119699;861;0
147;18;336;11;26;37;67;4.00;3;1;1;75;0;4119767;849;0
147;18;336;11;26;37;84;3.60;4;1;1;77;0;4119784;1290;0
147;18;336;11;26;38;99;3.20;6;2;1;88;0;4119899;285;0
147;18;336;11;26;40;92;3.20;2;1;1;79;0;4120092;476;0
147;18;336;11;26;42;94;3.80;6;2;1;76;0;4120294;381;0
147;18;336;11;26;43;99;3.80;3;1;1;81;0;4120399;612;0
147;18;336;11;26;43;99;3.40;2;1;1;77;0;4120399;292;0
147;18;336;11;26;46;99;4.00;6;2;1;81;0;4120699;387;0
147;18;336;11;26;46;99;3.80;2;1;1;73;0;4120699;284;0
147;18;336;11;26;47;20;3.20;3;1;1;86;0;4120720;304;0
147;18;336;11;26;48;1;3.40;4;1;1;90;0;4120801;1000;0
147;18;336;11;26;49;4;3.40;6;2;1;83;0;4120904;187;0
147;18;336;11;26;49;4;3.80;1;1;1;79;0;4120904;1477;0
147;18;336;11;26;51;99;4.60;6;2;1;78;0;4121199;280;0
147;18;336;11;26;52;21;3.00;4;1;1;86;0;4121221;406;0
147;18;336;11;26;52;57;4.00;7;2;1;82;0;4121257;1541;0
147;18;336;11;26;54;99;3.40;6;2;1;79;0;4121499;278;0
147;18;336;11;26;54;7;3.80;5;2;1;79;0;4121407;1981;0
147;18;336;11;26;56;12;3.20;2;1;1;76;0;4121612;894;0
147;18;336;11;26;56;99;3.00;6;2;1;73;0;4121699;184;0
147;18;336;11;26;56;99;3.40;3;1;1;78;0;4121699;965;0
147;18;336;11;26;59;99;3.20;3;1;1;77;0;4121999;284;0
147;18;336;11;26;59;99;3.80;2;1;1;82;0;4121999;371;0
147;18;336;11;26;59;99;3.20;4;1;1;86;0;4121999;765;0
147;18;336;11;27;0;64;4.40;2;1;1;71;0;4122064;48;0
147;18;336;11;27;1;99;3.60;2;1;1;73;0;4122199;112;0
147;18;336;11;27;3;10;3.40;7;2;1;79;0;4122310;1035;0
147;18;336;11;27;6;99;3.20;6;2;1;79;0;4122699;985;0
147;18;336;11;27;8;21;3.40;6;2;1;77;0;4122821;107;0
147;18;336;11;27;8;91;3.40;7;2;1;84;0;4122891;565;0
147;18;336;11;27;8;99;3.20;3;1;1;77;0;4122899;885;0
147;18;336;11;27;9;99;3.40;3;1;1;76;0;4122999;85;0
147;18;336;11;27;12;0;3.60;7;2;1;79;0;4123200;294;0
147;18;336;11;27;13;1;3.60;5;2;1;79;0;4123301;1876;0
147;18;336;11;27;13;45;4.60;6;2;1;78;0;4123345;508;0
147;18;336;11;27;13;88;3.20;2;1;1;80;0;4123388;1171;0
147;18;336;11;27;14;8;3.80;5;2;1;83;0;4123408;90;0
147;18;336;11;27;16;1;3.60;2;1;1;78;0;4123601;198;0
147;18;336;11;27;16;17;3.80;4;1;1;83;0;4123617;1604;0
147;18;336;11;27;16;99;3.00;7;2;1;78;0;4123699;482;0
147;18;336;11;27;17;18;3.80;6;2;1;83;0;4123718;351;0
147;18;336;11;27;18;74;4.00;6;2;1;82;0;4123874;139;0
147;18;336;11;27;19;7;3.20;1;1;1;81;0;4123907;2985;0
147;18;336;11;27;20;40;3.40;6;2;1;75;0;4124040;148;0
147;18;336;11;27;21;10;3.20;3;1;1;71;0;4124110;1094;0
147;18;336;11;27;22;99;3.60;7;2;1;81;0;4124299;586;0
147;18;336;11;27;22;99;3.40;2;1;1;79;0;4124299;681;0
147;18;336;11;27;23;47;3.40;6;2;1;76;0;4124347;290;0
147;18;336;11;27;25;11;4.00;3;1;1;90;0;4124511;384;0
147;18;336;11;27;25;15;3.40;6;2;1;79;0;4124515;151;0
147;18;336;11;27;26;2;3.80;3;1;1;76;0;4124602;75;0
147;18;336;11;27;26;78;3.40;5;2;1;82;0;4124678;1253;0
147;18;336;11;27;26;90;3.00;2;1;1;81;0;4124690;375;0
147;18;336;11;27;26;99;4.00;6;2;1;76;0;4124699;168;0
147;18;336;11;27;27;6;3.60;4;1;1;86;0;4124706;1072;0
147;18;336;11;27;27;99;3.80;2;1;1;78;0;4124799;95;0
147;18;336;11;27;28;21;3.80;1;1;1;80;0;4124821;899;0
147;18;336;11;27;28;45;3.80;4;1;1;92;0;4124845;123;0
147;18;336;11;27;28;71;3.60;6;2;1;76;0;4124871;153;0
147;18;336;11;27;29;8;3.60;3;1;1;80;0;4124908;288;0
147;18;336;11;27;30;12;2.80;4;1;1;89;0;4125012;152;0
147;18;336;11;27;30;12;3.40;2;1;1;80;0;4125012;195;0
147;18;336;11;27;30;24;3.60;6;2;1;77;0;4125024;135;4124347
147;18;336;11;27;31;9;3.60;3;1;1;78;0;4125109;184;4124347
147;18;336;11;27;32;99;3.40;1;1;1;82;0;4125299;460;0
147;18;336;11;27;32;99;3.80;5;2;1;85;0;4125299;606;0
147;18;336;11;27;33;10;4.00;4;1;1;88;0;4125310;286;0
147;18;336;11;27;34;99;3.60;3;1;1;79;0;4125499;373;0
147;18;336;11;27;35;23;3.60;7;2;1;85;0;4125523;1208;0
147;18;336;11;27;35;99;3.00;6;2;1;76;0;4125599;558;0
147;18;336;11;27;35;99;3.00;2;1;1;80;0;4125599;571;0
147;18;336;11;27;36;68;3.40;3;1;1;74;0;4125668;152;0
147;18;336;11;27;37;23;3.20;6;2;1;75;0;4125723;109;0
147;18;336;11;27;37;99;3.40;5;2;1;84;0;4125799;483;0
147;18;336;11;27;37;99;3.60;2;1;1;75;0;4125799;186;0
147;18;336;11;27;38;54;3.40;6;2;1;78;0;4125854;115;0
147;18;336;11;27;41;22;3.20;1;1;1;77;0;4126122;808;0
147;18;336;11;27;42;7;5.40;4;1;1;83;0;4126207;880;0
147;18;336;11;27;42;17;3.40;3;1;1;76;0;4126217;532;0
147;18;336;11;27;45;10;3.00;3;1;1;79;0;4126510;276;0
147;18;336;11;27;45;99;3.60;6;2;1;97;0;4126599;729;0
147;18;336;11;27;45;99;4.60;4;1;1;82;0;4126599;368;0
147;18;336;11;27;46;47;3.20;5;2;1;84;0;4126647;833;0
147;18;336;11;27;46;82;3.40;6;2;1;76;0;4126682;69;0
147;18;336;11;27;48;1;3.40;6;2;1;77;0;4126801;102;0
147;18;336;11;27;49;99;3.60;7;2;1;77;0;4126999;1460;0
147;18;336;11;27;49;99;7.00;8;2;2;77;0;4126999;8883;0
147;18;336;11;27;50;1;3.60;6;2;1;71;0;4127001;184;0
147;18;336;11;27;50;99;3.60;1;1;1;74;0;4127099;962;0
147;18;336;11;27;51;53;3.60;6;2;1;79;0;4127153;133;4126599
147;18;336;11;27;52;20;3.20;8;2;1;74;0;4127220;188;4126599
147;18;336;11;27;52;99;3.60;6;2;1;89;0;4127299;129;4126599
147;18;336;11;27;53;7;4.00;8;2;1;73;0;4127307;71;4126599
147;18;336;11;27;53;19;4.00;8;2;1;68;0;4127319;-1;4126599
147;18;336;11;27;55;99;3.20;3;1;1;85;0;4127599;1075;0
147;18;336;11;27;55;99;3.80;2;1;1;74;0;4127599;1782;0
147;18;336;11;27;57;99;3.40;2;1;1;75;0;4127799;181;0
147;18;336;11;27;57;99;4.80;3;1;1;83;0;4127799;186;0
147;18;336;11;27;58;6;4.00;6;2;1;81;0;4127806;492;0
147;18;336;11;28;1;52;3.20;2;1;1;82;0;4128152;336;0
147;18;336;11;28;2;99;3.40;7;2;1;90;0;4128299;1283;0
147;18;336;11;28;3;12;3.60;3;1;1;74;0;4128312;492;0
147;18;336;11;28;3;99;3.60;4;1;1;79;0;4128399;1779;0
147;18;336;11;28;4;8;3.80;6;2;1;96;0;4128408;584;0
147;18;336;11;28;4;53;3.40;4;1;1;79;0;4128453;37;0
147;18;336;11;28;5;27;2.80;6;2;1;81;0;4128527;104;0
147;18;336;11;28;5;99;3.60;3;1;1;76;0;4128599;269;0
147;18;336;11;28;6;8;5.40;7;2;1;86;0;4128608;295;0
147;18;336;11;28;6;27;3.20;6;2;1;82;0;4128627;87;0
147;18;336;11;28;6;24;3.40;4;1;1;80;0;4128624;155;0
147;18;336;11;28;7;80;3.40;2;1;1;73;0;4128780;613;0
147;18;336;11;28;8;0;3.40;3;1;1;80;0;4128800;183;0
147;18;336;11;28;8;1;4.00;4;1;1;80;0;4128801;161;0
147;18;336;11;28;8;99;3.80;6;2;1;84;0;4128899;257;0
147;18;336;11;28;9;50;3.80;2;1;1;79;0;4128950;153;0
147;18;336;11;28;9;58;3.40;4;1;1;81;0;4128958;139;4128399
147;18;336;11;28;9;77;3.60;3;1;1;79;0;4128977;161;4128399
147;18;336;11;28;11;99;3.40;4;1;1;82;0;4129199;225;0
147;18;336;11;28;12;71;3.20;3;1;1;79;0;4129271;277;0
147;18;336;11;28;12;99;3.40;6;2;1;74;0;4129299;383;0
147;18;336;11;28;12;99;3.40;5;2;1;85;0;4129299;2638;0
147;18;336;11;28;13;24;3.80;2;1;1;83;0;4129324;356;0
147;18;336;11;28;14;17;3.40;6;2;1;76;0;4129417;101;0
147;18;336;11;28;14;28;3.40;3;1;1;78;0;4129428;142;0
147;18;336;11;28;15;99;3.00;3;1;1;74;0;4129599;155;0
147;18;336;11;28;15;99;3.20;1;1;1;77;0;4129599;2482;0
147;18;336;11;28;16;16;3.40;2;1;1;83;0;4129616;275;0
147;18;336;11;28;17;19;3.60;1;1;1;74;0;4129719;105;0
147;18;336;11;28;17;74;3.60;7;2;1;78;0;4129774;1143;0
147;18;336;11;28;18;16;3.80;1;1;1;73;0;4129816;79;0
147;18;336;11;28;19;54;3.20;6;2;1;82;0;4129954;520;0
147;18;336;11;28;21;20;3.60;3;1;1;79;0;4130120;506;0
147;18;336;11;28;23;15;3.60;3;1;1;79;0;4130315;178;0
147;18;336;11;28;23;99;3.20;4;1;1;85;0;4130399;1185;0
147;18;336;11;28;25;62;6.80;7;2;1;66;0;4130562;771;0
147;18;336;11;28;25;99;3.80;6;2;1;78;0;4130599;630;0
147;18;336;11;28;26;1;3.00;3;1;1;78;0;4130601;269;0
147;18;336;11;28;27;48;3.20;2;1;1;80;0;4130748;1117;0
147;18;336;11;28;27;73;3.60;6;2;1;73;0;4130773;156;0
147;18;336;11;28;28;14;3.40;3;1;1;77;0;4130814;199;0
147;18;336;11;28;28;99;3.20;5;2;1;84;0;4130899;1585;0
147;18;336;11;28;28;99;4.00;2;1;1;82;0;4130899;136;0
147;18;336;11;28;30;73;3.20;6;2;1;75;0;4131073;282;0
147;18;336;11;28;31;99;4.20;3;1;1;91;0;4131199;369;0
147;18;336;11;28;32;61;3.40;3;1;1;80;0;4131261;45;0
147;18;336;11;28;32;71;3.40;2;1;1;82;0;4131271;354;0
147;18;336;11;28;32;41;5.60;7;2;1;38;0;4131241;641;0
147;18;336;11;28;35;97;3.40;4;1;1;90;0;4131597;1184;0
147;18;336;11;28;37;37;3.80;2;1;1;79;0;4131737;451;0
147;18;336;11;28;37;45;4.00;7;2;1;73;0;4131745;450;0
147;18;336;11;28;38;99;3.20;3;1;1;81;0;4131899;622;0
147;18;336;11;28;38;99;3.60;8;2;1;78;0;4131899;4558;0
147;18;336;11;28;39;22;3.20;2;1;1;77;0;4131922;167;0
147;18;336;11;28;41;31;3.20;6;2;1;85;0;4132131;1042;0
147;18;336;11;28;38;84;4.00;7;2;1;15;0;4131884;119;0
147;18;336;11;28;42;28;3.40;6;2;1;82;0;4132228;83;0
147;18;336;11;28;44;4;3.80;3;1;1;73;0;4132404;490;0
147;18;336;11;28;44;2;4.40;3;1;1;79;0;4132402;-1;0
147;18;336;11;28;43;1;4.20;7;2;1;16;0;4132301;321;0
147;18;336;11;28;45;99;3.60;3;1;1;71;0;4132599;176;0
147;18;336;11;28;47;8;3.40;3;1;1;77;0;4132708;90;0
147;18;336;11;28;47;44;3.00;2;1;1;79;0;4132744;807;0
147;18;336;11;28;49;0;3.00;6;2;1;74;0;4132900;657;0
147;18;336;11;28;49;99;3.40;4;1;1;86;0;4132999;1388;0
147;18;336;11;28;50;59;5.20;3;1;1;74;0;4133059;335;0
147;18;336;11;28;51;99;6.80;8;2;1;83;0;4133199;1283;0
147;18;336;11;28;51;99;3.40;3;1;1;73;0;4133199;114;0
147;18;336;11;28;51;99;3.60;2;1;1;71;0;4133199;441;0
147;18;336;11;28;52;23;3.60;6;2;1;76;0;4133223;308;0
147;18;336;11;28;52;99;3.80;3;1;1;73;0;4133299;83;0
147;18;336;11;28;53;9;3.40;2;1;1;74;0;4133309;91;0
147;18;336;11;28;55;72;3.40;3;1;1;76;0;4133572;254;0
147;18;336;11;28;56;7;4.60;4;1;1;77;0;4133607;593;0
147;18;336;11;28;54;57;5.00;7;2;1;16;0;4133457;1061;0
147;18;336;11;28;57;21;3.80;2;1;1;76;0;4133721;395;0
147;18;336;11;28;58;60;3.80;1;1;1;78;0;4133860;4025;0
147;18;336;11;28;58;99;3.40;3;1;1;79;0;4133899;310;0
147;18;336;11;28;59;99;3.80;4;1;1;75;0;4133999;370;0
147;18;336;11;29;0;18;3.20;5;2;1;81;0;4134018;3105;0
147;18;336;11;29;1;95;4.40;4;1;1;77;0;4134195;177;0
147;18;336;11;29;2;23;3.20;4;1;1;79;0;4134223;7;0
147;18;336;11;29;2;99;3.60;2;1;1;78;0;4134299;560;0
147;18;336;11;29;2;99;3.40;6;2;1;79;0;4134299;1058;0
147;18;336;11;29;2;13;4.60;1;1;1;81;0;4134213;335;0
147;18;336;11;29;4;7;3.80;2;1;1;79;0;4134407;91;0
147;18;336;11;29;4;8;3.20;3;1;1;67;0;4134408;493;0
147;18;336;11;29;4;99;3.40;4;1;1;84;0;4134499;261;0
147;18;336;11;29;4;99;3.40;8;2;1;84;0;4134499;1270;0
147;18;336;11;29;3;15;5.80;7;2;1;28;0;4134315;745;0
147;18;336;11;29;4;99;3.40;1;1;1;81;0;4134499;265;0
147;18;336;11;29;5;21;3.40;3;1;1;76;0;4134521;95;0
147;18;336;11;29;6;1;3.40;6;2;1;87;0;4134601;286;0
147;18;336;11;29;5;50;3.40;2;1;1;66;0;4134550;125;0
147;18;336;11;29;6;99;3.20;2;1;1;69;0;4134699;130;0
147;18;336;11;29;7;12;3.60;6;2;1;83;0;4134712;96;0
147;18;336;11;29;7;99;3.60;2;1;1;67;0;4134799;83;4134299
147;18;336;11;29;8;12;3.40;4;1;1;79;0;4134812;298;0
147;18;336;11;29;7;73;5.60;7;2;1;37;0;4134773;383;0
147;18;336;11;29;9;99;3.40;6;2;1;80;0;4134999;271;0
147;18;336;11;29;9;99;4.60;1;1;1;85;0;4134999;484;0
147;18;336;11;29;9;99;3.60;2;1;1;66;0;4134999;180;4134299
147;18;336;11;29;9;99;3.20;3;1;1;73;0;4134999;461;0
147;18;336;11;29;10;12;3.40;2;1;1;65;0;4135012;-1;4134299
147;18;336;11;29;10;39;4.60;4;1;1;76;0;4135039;211;0
147;18;336;11;29;11;99;3.20;2;1;1;69;0;4135199;168;4134299
147;18;336;11;29;13;27;3.20;6;2;1;81;0;4135327;312;0
147;18;336;11;29;14;99;4.20;7;2;1;76;0;4135499;671;0
147;18;336;11;29;15;0;3.40;3;1;1;85;0;4135500;485;0
147;18;336;11;29;16;70;20.40;7;2;5;85;0;4135670;151;0
147;18;336;11;29;17;32;3.80;5;2;1;95;0;4135732;1699;0
147;18;336;11;29;18;17;4.20;7;2;1;83;0;4135817;60;0
147;18;336;11;29;18;14;4.00;3;1;1;87;0;4135814;299;0
147;18;336;11;29;18;69;3.00;2;1;1;76;0;4135869;653;0
147;18;336;11;29;22;99;3.80;5;2;1;96;0;4136299;552;0
147;18;336;11;29;23;21;4.00;7;2;1;15;0;4136321;485;0
147;18;336;11;29;26;53;3.80;6;2;1;83;0;4136653;1311;0
147;18;336;11;29;27;99;3.80;3;1;1;87;0;4136799;968;0
147;18;336;11;29;31;26;3.80;6;2;1;84;0;4137126;456;0
147;18;336;11;29;34;92;5.40;4;1;1;83;0;4137492;2431;0
147;18;336;11;29;34;99;3.40;3;1;1;65;0;4137499;684;0
147;18;336;11;29;35;99;3.40;1;1;1;81;0;4137599;2580;0
147;18;336;11;29;36;55;3.40;2;1;1;74;0;4137655;1771;0
147;18;336;11;29;37;15;3.60;6;2;1;83;0;4137715;572;0
147;18;336;11;29;37;99;4.00;3;1;1;73;0;4137799;281;0
147;18;336;11;29;38;17;3.80;5;2;1;84;0;4137817;1503;0
147;18;336;11;29;38;19;3.40;6;2;1;79;0;4137819;88;0
147;18;336;11;29;39;80;3.80;7;2;1;82;0;4137980;1563;0
147;18;336;11;29;41;7;3.60;6;2;1;76;0;4138107;272;0
147;18;336;11;29;41;41;3.60;3;1;1;67;0;4138141;322;0
147;18;336;11;29;41;67;4.00;5;2;1;86;0;4138167;333;0
147;18;336;11;29;41;57;5.80;4;1;1;81;0;4138157;641;0
147;18;336;11;29;42;16;3.80;6;2;1;77;0;4138216;91;0
147;18;336;11;29;42;99;3.00;3;1;1;66;0;4138299;138;0
147;18;336;11;29;42;99;4.20;4;1;1;83;0;4138299;116;0
147;18;336;11;29;43;8;3.40;8;2;1;81;0;4138308;3794;0
147;18;336;11;29;43;99;3.60;3;1;1;68;0;4138399;83;0
147;18;336;11;29;43;23;3.20;6;2;1;80;0;4138323;89;0
147;18;336;11;29;44;61;3.40;3;1;1;69;0;4138461;42;0
147;18;336;11;29;44;91;4.20;7;2;1;86;0;4138491;494;0
147;18;336;11;29;44;99;4.40;2;1;1;78;0;4138499;827;0
147;18;336;11;29;45;23;3.60;4;1;1;77;0;4138523;205;0
147;18;336;11;29;46;7;4.00;2;1;1;77;0;4138607;87;0
147;18;336;11;29;46;27;3.80;8;2;1;82;0;4138627;303;0
147;18;336;11;29;47;99;4.00;6;2;1;82;0;4138799;461;0
147;18;336;11;29;47;99;3.60;7;2;1;86;0;4138799;290;0
147;18;336;11;29;48;9;4.00;7;2;1;78;0;4138809;-1;0
147;18;336;11;29;49;13;3.20;4;1;1;89;0;4138913;373;0
147;18;336;11;29;49;48;4.00;8;2;1;85;0;4138948;304;0
147;18;336;11;29;49;99;3.00;6;2;1;83;0;4138999;182;0
147;18;336;11;29;50;99;3.60;1;1;1;73;0;4139099;1484;0
147;18;336;11;29;50;99;3.60;3;1;1;72;0;4139099;620;0
147;18;336;11;29;51;18;3.60;6;2;1;82;0;4139118;105;0
147;18;336;11;29;52;98;3.60;3;1;1;73;0;4139298;181;0
147;18;336;11;29;54;94;3.40;1;1;1;78;0;4139494;377;0
147;18;336;11;29;55;99;3.80;6;2;1;82;0;4139599;465;0
147;18;336;11;29;55;99;4.80;3;1;1;80;0;4139599;283;0
147;18;336;11;29;56;29;3.00;6;2;1;83;0;4139629;13;0
147;18;336;11;29;56;15;2.20;2;1;1;51;0;4139615;989;0
147;18;336;11;29;57;76;3.80;1;1;1;61;0;4139776;266;0
147;18;336;11;29;58;99;3.20;2;1;1;72;0;4139899;268;0
147;18;336;11;30;0;99;3.40;2;1;1;73;0;4140099;184;0
147;18;336;11;30;4;12;4.40;1;1;1;77;0;4140412;613;0
147;18;336;11;30;5;12;4.60;5;2;1;78;0;4140512;2328;0
147;18;336;11;30;5;99;3.60;7;2;1;76;0;4140599;1771;0
147;18;336;11;30;5;99;3.20;2;1;1;79;0;4140599;483;0
147;18;336;11;30;6;26;3.60;3;1;1;84;0;4140626;1005;0
147;18;336;11;30;6;99;3.60;7;2;1;79;0;4140699;82;0
147;18;336;11;30;6;18;3.80;6;2;1;84;0;4140618;975;0
147;18;336;11;30;10;96;3.20;5;2;1;81;0;4141096;562;0
147;18;336;11;30;10;99;3.00;2;1;1;77;0;4141099;485;0
147;18;336;11;30;9;0;4.20;7;2;1;17;0;4140900;184;0
147;18;336;11;30;12;56;3.20;6;2;1;80;0;4141256;621;0
147;18;336;11;30;13;4;3.20;5;2;1;81;0;4141304;193;0
147;18;336;11;30;18;14;3.20;7;2;1;78;0;4141814;825;0
147;18;336;11;30;18;99;3.60;6;2;1;78;0;4141899;628;0
147;18;336;11;30;19;99;4.00;3;1;1;86;0;4141999;1357;0
147;18;336;11;30;19;37;3.80;7;2;1;82;0;4141937;108;0
147;18;336;11;30;20;13;4.00;6;2;1;78;0;4142013;97;0
147;18;336;11;30;20;20;3.60;3;1;1;83;0;4142020;4;0
147;18;336;11;30;21;99;3.40;3;1;1;80;0;4142199;163;0
147;18;336;11;30;22;29;3.40;7;2;1;82;0;4142229;275;0
147;18;336;11;30;23;99;3.00;6;2;1;78;0;4142399;367;0
147;18;336;11;30;24;3;4.00;6;2;1;77;0;4142403;-1;0
147;18;336;11;30;25;82;3.60;3;1;1;79;0;4142582;367;0
147;18;336;11;30;25;87;4.00;6;2;1;79;0;4142587;165;0
147;18;336;11;30;25;99;3.00;5;2;1;86;0;4142599;1280;0
147;18;336;11;30;26;1;3.60;2;1;1;81;0;4142601;1487;0
147;18;336;11;30;26;99;4.00;5;2;1;87;0;4142699;87;0
147;18;336;11;30;27;43;3.40;6;2;1;77;0;4142743;137;0
147;18;336;11;30;29;4;3.40;4;1;1;93;0;4142904;3978;0
147;18;336;11;30;30;10;3.40;2;1;1;86;0;4143010;393;0
147;18;336;11;30;30;8;4.00;3;1;1;80;0;4143008;409;0
147;18;336;11;30;30;91;3.60;6;2;1;83;0;4143091;332;0
147;18;336;11;30;33;0;3.80;1;1;1;85;0;4143300;2867;0
147;18;336;11;30;33;89;4.20;3;1;1;80;0;4143389;363;0
147;18;336;11;30;34;17;4.00;7;2;1;83;0;4143417;1173;0
147;18;336;11;30;35;53;3.40;4;1;1;86;0;4143553;635;0
147;18;336;11;30;35;55;4.20;3;1;1;83;0;4143555;147;0
147;18;336;11;30;38;99;4.00;3;1;1;82;0;4143899;325;0
147;18;336;11;30;39;99;3.40;7;2;1;84;0;4143999;564;0
147;18;336;11;30;44;5;3.60;2;1;1;82;0;4144405;1380;0
147;18;336;11;30;45;36;3.60;6;2;1;84;0;4144536;1429;0
147;18;336;11;30;48;9;3.20;7;2;1;80;0;4144809;795;0
147;18;336;11;30;48;67;3.60;6;2;1;86;0;4144867;315;0
147;18;336;11;30;48;90;3.40;5;2;1;85;0;4144890;2174;0
147;18;336;11;30;49;99;3.60;3;1;1;82;0;4144999;1082;0
147;18;336;11;30;50;3;3.80;7;2;1;81;0;4145003;179;0
147;18;336;11;30;51;99;2.80;6;2;1;79;0;4145199;316;0
147;18;336;11;30;55;99;3.40;4;1;1;82;0;4145599;2031;0
147;18;336;11;30;55;1;5.40;1;1;1;70;0;4145501;2184;0
147;18;336;11;30;55;43;3.00;6;2;1;83;0;4145543;331;0
147;18;336;11;30;56;22;3.40;2;1;1;78;0;4145622;1201;0
147;18;336;11;30;56;99;3.40;3;1;1;80;0;4145699;684;0
147;18;336;11;30;57;99;3.40;5;2;1;81;0;4145799;894;0
147;18;336;11;30;58;0;3.60;2;1;1;76;0;4145800;162;0
147;18;336;11;30;58;70;4.00;4;1;1;84;0;4145870;256;0
147;18;336;11;30;59;99;3.40;6;2;1;65;0;4145999;442;0
147;18;336;11;31;0;99;3.20;3;1;1;73;0;4146099;384;0
147;18;336;11;31;1;81;4.00;7;2;1;77;0;4146181;1161;0
147;18;336;11;31;2;99;4.80;6;2;1;79;0;4146299;281;0
147;18;336;11;31;3;7;3.60;4;1;1;79;0;4146307;419;0
147;18;336;11;31;4;99;5.20;3;1;1;73;0;4146499;384;0
147;18;336;11;31;5;99;2.80;3;1;1;73;0;4146599;74;0
147;18;336;11;31;6;99;3.40;5;2;1;91;0;4146699;884;0
147;18;336;11;31;8;14;3.00;7;2;1;77;0;4146814;614;0
147;18;336;11;31;9;99;3.20;7;2;1;77;0;4146999;170;0
147;18;336;11;31;11;99;3.40;3;1;1;74;0;4147199;586;0
147;18;336;11;31;11;99;3.80;6;2;1;78;0;4147199;878;0
147;18;336;11;31;12;99;4.00;7;2;1;85;0;4147299;285;0
147;18;336;11;31;13;19;3.00;3;1;1;75;0;4147319;103;0
147;18;336;11;31;13;25;3.20;6;2;1;79;0;4147325;108;0
147;18;336;11;31;15;99;3.80;2;1;1;79;0;4147599;1781;0
147;18;336;11;31;17;17;3.60;2;1;1;78;0;4147717;100;0
147;18;336;11;31;19;99;3.40;6;2;1;82;0;4147999;659;0
147;18;336;11;31;25;9;3.80;3;1;1;80;0;4148509;1175;0
147;18;336;11;31;27;99;3.60;6;2;1;82;0;4148799;785;0
147;18;336;11;31;27;99;3.60;2;1;1;68;0;4148799;1065;0
147;18;336;11;31;29;8;3.60;6;2;1;78;0;4148908;93;0
147;18;336;11;31;30;99;3.00;6;2;1;78;0;4149099;174;0
147;18;336;11;31;32;15;4.00;5;2;1;78;0;4149215;2502;0
147;18;336;11;31;32;22;3.40;6;2;1;75;0;4149222;109;0
147;18;336;11;31;32;99;3.80;7;2;1;88;0;4149299;1983;0
147;18;336;11;31;32;99;3.60;3;1;1;76;0;4149299;772;0
147;18;336;11;31;32;99;3.80;5;2;1;78;0;4149299;65;0
147;18;336;11;31;34;13;3.60;3;1;1;75;0;4149413;96;0
147;18;336;11;31;34;73;3.00;5;2;1;74;0;4149473;156;0
147;18;336;11;31;34;90;3.60;2;1;1;77;0;4149490;671;0
147;18;336;11;31;35;12;3.60;6;2;1;92;0;4149512;273;0
147;18;336;11;31;35;99;3.20;5;2;1;77;0;4149599;111;0
147;18;336;11;31;36;2;3.20;7;2;1;80;0;4149602;287;0
147;18;336;11;31;36;18;3.80;2;1;1;75;0;4149618;111;0
147;18;336;11;31;36;43;4.00;7;2;1;79;0;4149643;26;0
147;18;336;11;31;36;46;3.00;3;1;1;76;0;4149646;215;0
147;18;336;11;31;37;96;3.60;4;1;1;83;0;4149796;3472;0
147;18;336;11;31;37;99;3.40;5;2;1;89;0;4149799;185;4149215
147;18;336;11;31;38;14;3.40;6;2;1;69;0;4149814;287;0
147;18;336;11;31;39;58;3.40;6;2;1;70;0;4149958;126;0
147;18;336;11;31;39;84;3.00;3;1;1;77;0;4149984;323;0
147;18;336;11;31;39;99;3.60;4;1;1;80;0;4149999;187;0
147;18;336;11;31;40;99;3.20;6;2;1;71;0;4150099;123;0
147;18;336;11;31;40;99;3.60;4;1;1;81;0;4150099;83;0
147;18;336;11;31;40;99;3.80;3;1;1;78;0;4150099;100;0
147;18;336;11;31;41;6;3.60;5;2;1;78;0;4150106;293;0
147;18;336;11;31;41;28;3.60;1;1;1;86;0;4150128;4599;0
147;18;336;11;31;42;19;3.60;2;1;1;76;0;4150219;582;0
147;18;336;11;31;41;76;13.80;7;2;4;81;0;4150176;514;0
147;18;336;11;31;42;99;3.80;1;1;1;88;0;4150299;155;0
147;18;336;11;31;43;99;3.40;3;1;1;76;0;4150399;282;0
147;18;336;11;31;44;21;3.40;6;2;1;74;0;4150421;305;0
147;18;336;11;31;44;29;3.20;2;1;1;84;0;4150429;192;0
147;18;336;11;31;45;99;3.40;6;2;1;77;0;4150599;161;0
147;18;336;11;31;48;22;3.40;2;1;1;74;0;4150822;379;0
147;18;336;11;31;49;23;3.00;2;1;1;76;0;4150923;84;0
147;18;336;11;31;49;20;4.00;6;2;1;78;0;4150920;305;0
147;18;336;11;31;50;99;3.60;6;2;1;80;0;4151099;160;0
147;18;336;11;31;51;26;3.40;3;1;1;72;0;4151126;710;0
147;18;336;11;31;52;3;3.80;6;2;1;78;0;4151203;87;0
147;18;336;11;31;52;99;3.80;6;2;1;76;0;4151299;78;0
147;18;336;11;31;53;99;3.60;3;1;1;75;0;4151399;256;0
147;18;336;11;31;54;8;4.00;5;2;1;83;0;4151408;1285;0
147;18;336;11;31;54;25;3.40;6;2;1;78;0;4151425;108;4150920
147;18;336;11;31;54;99;4.40;2;1;1;81;0;4151499;561;0
147;18;336;11;31;55;99;3.40;6;2;1;78;0;4151599;158;4150920
147;18;336;11;31;56;99;3.40;3;1;1;74;0;4151699;282;0
147;18;336;11;31;57;46;3.80;6;2;1;83;0;4151746;131;4150920
147;18;336;11;31;58;6;3.00;4;1;1;89;0;4151806;1691;0
147;18;336;11;31;58;99;3.60;4;1;1;83;0;4151899;80;0
147;18;336;11;31;58;99;11.40;3;1;7;72;0;4151899;183;0
147;18;336;11;31;58;99;3.60;6;2;1;75;0;4151899;136;4150920
147;18;336;11;31;59;10;3.40;8;2;1;75;0;4151910;12945;0
147;18;336;11;31;59;18;3.80;4;1;1;78;0;4151918;3;0
147;18;336;11;32;0;19;3.80;1;1;1;84;0;4152019;1704;0
147;18;336;11;32;1;99;3.40;3;1;1;85;0;4152199;243;0
147;18;336;11;32;1;99;3.60;7;2;1;79;0;4152199;1961;0
147;18;336;11;32;2;22;3.20;4;1;1;83;0;4152222;286;0
147;18;336;11;32;3;99;3.60;7;2;1;79;0;4152399;183;0
147;18;336;11;32;5;86;3.40;2;1;1;77;0;4152586;1067;0
147;18;336;11;32;6;99;3.60;2;1;1;73;0;4152699;97;0
147;18;336;11;32;6;99;3.60;3;1;1;73;0;4152699;485;0
147;18;336;11;32;6;99;4.40;6;2;1;72;0;4152699;782;0
147;18;336;11;32;8;99;3.40;2;1;1;78;0;4152899;182;0
147;18;336;11;32;9;11;3.20;6;2;1;78;0;4152911;190;0
147;18;336;11;32;9;19;3.40;3;1;1;77;0;4152919;202;0
147;18;336;11;32;11;99;3.20;2;1;1;80;0;4153199;284;0
147;18;336;11;32;11;99;3.80;4;1;1;84;0;4153199;963;0
147;18;336;11;32;11;99;3.40;5;2;1;83;0;4153199;1773;0
147;18;336;11;32;12;23;3.20;6;2;1;78;0;4153223;297;0
147;18;336;11;32;13;16;3.80;6;2;1;81;0;4153316;78;0
147;18;336;11;32;14;99;3.60;3;1;1;83;0;4153499;564;0
147;18;336;11;32;15;20;3.80;2;1;1;77;0;4153520;306;0
147;18;336;11;32;16;99;3.60;2;1;1;78;0;4153699;161;0
147;18;336;11;32;17;99;6.00;5;2;1;88;0;4153799;585;0
147;18;336;11;32;17;3;3.60;2;1;1;77;0;4153703;-1;0
147;18;336;11;32;18;99;3.20;2;1;1;76;0;4153899;179;0
147;18;336;11;32;18;99;4.20;6;2;1;79;0;4153899;566;0
147;18;336;11;32;19;21;3.80;3;1;1;86;0;4153921;406;0
147;18;336;11;32;19;3;3.00;2;1;1;79;0;4153903;-1;4153520
147;18;336;11;32;24;99;3.60;3;1;1;84;0;4154499;562;0
147;18;336;11;32;26;17;3.60;4;1;1;84;0;4154617;1401;0
147;18;336;11;32;26;99;3.60;8;2;1;77;0;4154699;2772;0
147;18;336;11;32;27;99;3.60;3;1;1;79;0;4154799;284;0
147;18;336;11;32;27;99;3.80;7;2;1;83;0;4154799;2383;0
147;18;336;11;32;28;24;3.80;4;1;1;84;0;4154824;191;0
147;18;336;11;32;28;90;3.80;3;1;1;79;0;4154890;74;0
147;18;336;11;32;32;99;3.40;2;1;1;85;0;4155299;1382;0
147;18;336;11;32;33;99;3.00;6;2;1;76;0;4155399;1480;0
147;18;336;11;32;34;1;3.80;8;2;1;70;0;4155401;685;0
147;18;336;11;32;34;99;4.20;2;1;1;73;0;4155499;185;0
147;18;336;11;32;34;99;4.40;1;1;1;72;0;4155499;3463;0
147;18;336;11;32;36;27;3.20;6;2;1;77;0;4155627;213;0
147;18;336;11;32;35;21;4.00;5;2;1;90;0;4155521;1697;0
147;18;336;11;32;35;32;3.20;3;1;1;82;0;4155532;624;0
147;18;336;11;32;36;18;3.20;2;1;1;80;0;4155618;98;0
147;18;336;11;32;36;99;3.60;1;1;1;83;0;4155699;178;0
147;18;336;11;32;37;14;3.80;5;2;1;91;0;4155714;177;0
147;18;336;11;32;37;99;4.40;2;1;1;83;0;4155799;166;0
147;18;336;11;32;38;91;3.40;2;1;1;75;0;4155891;72;4155299
147;18;336;11;32;38;99;3.20;6;2;1;83;0;4155899;257;0
147;18;336;11;32;40;27;3.00;2;1;1;83;0;4156027;119;4155299
147;18;336;11;32;41;25;4.40;4;1;1;86;0;4156125;1284;0
147;18;336;11;32;41;99;3.60;6;2;1;84;0;4156199;286;0
147;18;336;11;32;41;99;3.20;1;1;1;86;0;4156199;484;0
147;18;336;11;32;43;87;3.20;6;2;1;79;0;4156387;172;0
147;18;336;11;32;44;99;3.00;6;2;1;83;0;4156499;97;0
147;18;336;11;32;46;16;3.20;2;1;1;74;0;4156616;575;0
147;18;336;11;32;46;99;3.60;7;2;1;76;0;4156699;1883;0
147;18;336;11;32;47;13;4.80;3;1;1;82;0;4156713;1166;0
147;18;336;11;32;47;99;3.20;2;1;1;75;0;4156799;167;0
147;18;336;11;32;48;47;3.00;3;1;1;80;0;4156847;112;0
147;18;336;11;32;48;75;3.20;1;1;1;88;0;4156875;662;0
147;18;336;11;32;49;99;3.40;4;1;1;92;0;4156999;855;0
147;18;336;11;32;49;99;3.40;3;1;1;82;0;4156999;138;0
147;18;336;11;32;50;99;4.40;6;2;1;82;0;4157099;586;0
147;18;336;11;32;50;10;3.40;2;1;1;94;0;4157010;195;0
147;18;336;11;32;52;24;3.60;2;1;1;84;0;4157224;200;0
147;18;336;11;32;52;99;3.20;5;2;1;81;0;4157299;1569;0
147;18;336;11;32;53;12;3.80;3;1;1;78;0;4157312;298;0
147;18;336;11;32;53;21;3.60;6;2;1;74;0;4157321;202;0
147;18;336;11;32;53;35;3.80;5;2;1;83;0;4157335;21;0
147;18;336;11;32;54;2;3.40;2;1;1;85;0;4157402;162;0
147;18;336;11;32;54;99;3.60;6;2;1;77;0;4157499;160;0
147;18;336;11;32;55;24;3.80;5;2;1;92;0;4157524;172;0
147;18;336;11;32;56;99;4.00;6;2;1;77;0;4157699;183;0
147;18;336;11;32;57;99;4.80;7;2;1;79;0;4157799;1082;0
147;18;336;11;32;59;99;4.00;5;2;1;86;0;4157999;460;0
147;18;336;11;32;59;99;4.20;6;2;1;82;0;4157999;281;0
147;18;336;11;33;1;87;3.60;6;2;1;84;0;4158187;169;0
147;18;336;11;33;1;97;3.60;7;2;1;76;0;4158197;376;0
147;18;336;11;33;2;12;3.60;1;1;1;81;0;4158212;1323;0
147;18;336;11;33;2;99;4.60;6;2;1;81;0;4158299;96;0
147;18;336;11;33;3;35;3.60;3;1;1;77;0;4158335;1005;0
147;18;336;11;33;3;50;3.80;1;1;1;82;0;4158350;122;0
147;18;336;11;33;4;2;3.60;6;2;1;77;0;4158402;82;0
147;18;336;11;33;4;7;3.40;5;2;1;76;0;4158407;391;0
147;18;336;11;33;5;99;3.40;5;2;1;80;0;4158599;175;0
147;18;336;11;33;5;99;3.80;3;1;1;77;0;4158599;247;0
147;18;336;11;33;6;9;3.20;6;2;1;73;0;4158609;190;4157999
147;18;336;11;33;6;99;3.40;2;1;1;78;0;4158699;1282;0
147;18;336;11;33;7;99;3.80;6;2;1;71;0;4158799;174;4157999
147;18;336;11;33;7;99;4.00;2;1;1;75;0;4158799;84;4157999
147;18;336;11;33;8;3;3.20;4;1;1;80;0;4158803;1790;0
147;18;336;11;33;8;13;3.60;1;1;1;80;0;4158813;446;0
147;18;336;11;33;8;46;3.80;3;1;1;76;0;4158846;229;0
147;18;336;11;33;9;90;3.80;2;1;1;85;0;4158990;171;0
147;18;336;11;33;9;88;3.40;6;2;1;71;0;4158988;169;4157999
147;18;336;11;33;9;99;3.40;7;2;1;82;0;4158999;784;0
147;18;336;11;33;9;99;3.60;3;1;1;76;0;4158999;135;0
147;18;336;11;33;11;63;3.60;4;1;1;81;0;4159163;345;0
147;18;336;11;33;12;99;3.60;2;1;1;74;0;4159299;292;0
147;18;336;11;33;9;57;4.00;7;2;1;11;0;4158957;-1;0
147;18;336;11;33;13;4;3.60;2;1;1;76;0;4159304;-1;0
147;18;336;11;33;13;33;3.60;6;2;1;84;0;4159333;327;0
147;18;336;11;33;14;99;2.80;2;1;1;71;0;4159499;177;0
147;18;336;11;33;15;3;3.60;6;2;1;75;0;4159503;154;0
147;18;336;11;33;16;17;4.00;5;2;1;82;0;4159617;1002;0
147;18;336;11;33;15;20;5.60;7;2;1;30;0;4159520;432;0
147;18;336;11;33;17;99;3.40;2;1;1;71;0;4159799;285;0
147;18;336;11;33;17;99;3.80;1;1;1;81;0;4159799;969;0
147;18;336;11;33;17;99;3.20;3;1;1;76;0;4159799;782;0
147;18;336;11;33;19;99;3.60;6;2;1;75;0;4159999;478;0
147;18;336;11;33;22;6;3.40;2;1;1;81;0;4160206;389;0
147;18;336;11;33;23;8;3.60;6;2;1;79;0;4160308;291;0
147;18;336;11;33;23;99;3.80;3;1;1;84;0;4160399;584;0
147;18;336;11;33;24;48;3.80;4;1;1;85;0;4160448;1269;0
147;18;336;11;33;22;69;1.00;7;2;1;1;1;4160269;681;0
147;18;336;11;33;24;99;3.40;2;1;1;84;0;4160499;277;0
147;18;336;11;33;26;24;3.60;6;2;1;85;0;4160624;299;0
147;18;336;11;33;27;99;5.80;3;1;1;81;0;4160799;383;0
147;18;336;11;33;27;99;3.60;6;2;1;80;0;4160799;159;0
147;18;336;11;33;28;99;3.40;2;1;1;79;0;4160899;385;0
147;18;336;11;33;30;99;4.00;6;2;1;78;0;4161099;283;0
147;18;336;11;33;30;99;3.20;1;1;1;80;0;4161099;1283;0
147;18;336;11;33;33;99;3.20;3;1;1;80;0;4161399;574;0
147;18;336;11;33;38;14;3.40;3;1;1;74;0;4161814;400;0
147;18;336;11;33;38;99;4.00;4;1;1;83;0;4161899;1434;0
147;18;336;11;33;38;99;3.60;2;1;1;74;0;4161899;984;0
147;18;336;11;33;40;99;3.40;2;1;1;79;0;4162099;182;0
147;18;336;11;33;40;99;3.60;3;1;1;77;0;4162099;268;0
147;18;336;11;33;38;15;4.20;7;2;1;12;0;4161815;2227;0
147;18;336;11;33;41;99;4.00;1;1;1;95;0;4162199;1085;0
147;18;336;11;33;42;53;3.40;3;1;1;75;0;4162253;137;0
147;18;336;11;33;42;75;1.00;7;2;1;1;1;4162275;334;0
147;18;336;11;33;46;99;3.80;8;2;1;72;0;4162699;7278;0
147;18;336;11;33;46;0;3.20;2;1;1;83;0;4162600;485;0
147;18;336;11;33;48;8;4.00;4;1;1;79;0;4162808;891;0
147;18;336;11;33;48;99;3.40;3;1;1;72;0;4162899;629;0
147;18;336;11;33;49;12;3.60;4;1;1;77;0;4162912;85;0
147;18;336;11;33;49;99;3.80;2;1;1;83;0;4162999;385;0
147;18;336;11;33;50;3;3.40;5;2;1;82;0;4163003;3368;0
147;18;336;11;33;50;4;4.00;6;2;1;83;0;4163004;1886;0
147;18;336;11;33;50;93;4.00;3;1;1;86;0;4163093;177;0
147;18;336;11;33;50;99;3.40;5;2;1;81;0;4163099;81;0
147;18;336;11;33;51;99;3.40;6;2;1;79;0;4163199;177;0
147;18;336;11;33;51;99;3.80;1;1;1;79;0;4163199;984;0
147;18;336;11;33;52;35;3.00;2;1;1;77;0;4163235;219;0
147;18;336;11;33;52;93;3.60;6;2;1;81;0;4163293;78;0
147;18;336;11;33;51;33;4.20;7;2;1;18;0;4163133;1192;0
147;18;336;11;33;53;99;3.20;6;2;1;83;0;4163399;90;0
147;18;336;11;33;53;99;7.60;5;2;6;82;0;4163399;284;0
147;18;336;11;33;54;99;3.60;4;1;1;86;0;4163499;570;0
147;18;336;11;33;55;99;3.60;4;1;1;84;0;4163599;84;0
147;18;336;11;33;56;99;3.20;3;1;1;75;0;4163699;589;0
147;18;336;11;33;58;99;3.40;3;1;1;75;0;4163899;184;0
147;18;336;11;33;59;13;3.80;6;2;1;74;0;4163913;500;0
147;18;336;11;33;59;99;4.00;2;1;1;96;0;4163999;749;0
147;18;336;11;34;1;99;3.40;7;2;1;78;0;4164199;982;0
147;18;336;11;34;2;58;3.40;5;2;1;82;0;4164258;825;0
147;18;336;11;34;3;99;3.80;3;1;1;78;0;4164399;483;0
147;18;336;11;34;3;99;3.60;6;2;1;78;0;4164399;467;0
147;18;336;11;34;4;99;3.40;5;2;1;84;0;4164499;226;0
147;18;336;11;34;5;60;3.60;6;2;1;78;0;4164560;144;0
147;18;336;11;34;5;77;3.40;2;1;1;79;0;4164577;563;0
147;18;336;11;34;7;47;3.20;6;2;1;80;0;4164747;170;0
147;18;336;11;34;7;56;3.20;4;1;1;85;0;4164756;1141;0
147;18;336;11;34;8;99;3.20;2;1;1;78;0;4164899;306;0
147;18;336;11;34;8;83;25.40;7;2;5;77;0;4164883;668;0
147;18;336;11;34;10;99;3.20;2;1;1;80;0;4165099;185;0
147;18;336;11;34;11;99;3.80;3;1;1;80;0;4165199;782;0
147;18;336;11;34;10;78;1.00;7;2;1;1;1;4165078;76;0
147;18;336;11;34;13;90;3.60;2;1;1;85;0;4165390;276;0
147;18;336;11;34;13;99;3.80;5;2;1;88;0;4165399;885;0
147;18;336;11;34;13;99;3.60;3;1;1;82;0;4165399;182;0
147;18;336;11;34;14;16;3.80;7;2;1;76;0;4165416;414;0
147;18;336;11;34;15;26;3.60;7;2;1;77;0;4165526;92;0
147;18;336;11;34;16;99;3.00;3;1;1;78;0;4165699;284;0
147;18;336;11;34;16;99;3.00;6;2;1;89;0;4165699;937;0
147;18;336;11;34;18;4;3.40;3;1;1;78;0;4165804;91;0
147;18;336;11;34;19;99;3.60;2;1;1;77;0;4165999;593;0
147;18;336;11;34;19;99;3.20;6;2;1;85;0;4165999;287;0
147;18;336;11;34;22;1;3.60;3;1;1;79;0;4166201;381;0
147;18;336;11;34;23;73;3.00;2;1;1;76;0;4166373;357;0
147;18;336;11;34;24;9;3.00;3;1;1;77;0;4166409;191;0
147;18;336;11;34;24;15;3.40;4;1;1;82;0;4166415;1645;0
147;18;336;11;34;26;99;3.80;2;1;1;81;0;4166699;311;0
147;18;336;11;34;29;99;2.80;2;1;1;84;0;4166999;283;0
147;18;336;11;34;32;99;3.60;3;1;1;83;0;4167299;875;0
147;18;336;11;34;34;99;3.60;6;2;1;86;0;4167499;1486;0
147;18;336;11;34;34;99;3.20;2;1;1;73;0;4167499;488;0
147;18;336;11;34;35;99;3.40;3;1;1;81;0;4167599;284;0
147;18;336;11;34;35;99;3.60;6;2;1;84;0;4167599;84;0
147;18;336;11;34;33;71;4.00;7;2;1;12;0;4167371;1828;0
147;18;336;11;34;36;99;3.80;6;2;1;71;0;4167699;84;0
147;18;336;11;34;36;99;3.60;2;1;1;75;0;4167699;184;0
147;18;336;11;34;38;36;3.40;6;2;1;73;0;4167836;117;0
147;18;336;11;34;39;99;3.80;3;1;1;77;0;4167999;384;0
147;18;336;11;34;40;32;3.00;6;2;1;79;0;4168032;179;4167499
147;18;336;11;34;42;99;3.40;6;2;1;75;0;4168299;253;0
147;18;336;11;34;42;99;3.40;5;2;1;83;0;4168299;2884;0
147;18;336;11;34;43;11;3.60;7;2;1;77;0;4168311;820;0
147;18;336;11;34;43;67;3.60;5;2;1;89;0;4168367;53;0
147;18;336;11;34;44;99;3.80;3;1;1;78;0;4168499;482;0
147;18;336;11;34;45;99;3.80;6;2;1;77;0;4168599;283;0
147;18;336;11;34;47;99;3.80;3;1;1;74;0;4168799;282;0
147;18;336;11;34;49;12;3.40;7;2;1;87;0;4168912;584;0
147;18;336;11;34;50;99;3.60;7;2;1;70;0;4169099;172;0
147;18;336;11;34;51;36;3.60;5;2;1;99;0;4169136;754;0
147;18;336;11;34;52;99;3.80;6;2;1;79;0;4169299;682;0
147;18;336;11;34;52;99;3.60;7;2;1;77;0;4169299;181;0
147;18;336;11;34;53;99;3.40;7;2;1;77;0;4169399;83;0
147;18;336;11;34;54;1;3.20;2;1;1;68;0;4169401;1684;0
147;18;336;11;34;54;23;3.60;6;2;1;81;0;4169423;106;0
147;18;336;11;34;54;99;3.20;5;2;1;84;0;4169499;349;0
147;18;336;11;34;55;99;13.20;7;2;3;84;0;4169599;184;4168912
147;18;336;11;34;56;30;3.80;1;1;1;74;0;4169630;6413;0
147;18;336;11;34;56;54;3.60;6;2;1;81;0;4169654;215;0
147;18;336;11;34;57;6;4.00;2;1;1;78;0;4169706;288;0
147;18;336;11;34;57;99;3.80;6;2;1;83;0;4169799;129;0
147;18;336;11;34;59;96;3.80;6;2;1;82;0;4169996;180;0
147;18;336;11;35;0;99;3.20;6;2;1;84;0;4170099;86;0
147;18;336;11;35;0;99;3.00;1;1;1;71;0;4170099;450;0
147;18;336;11;35;1;78;8.20;7;2;6;79;0;4170178;522;0
147;18;336;11;35;2;99;3.60;3;1;1;83;0;4170299;1481;0
147;18;336;11;35;2;99;3.60;2;1;1;73;0;4170299;574;0
147;18;336;11;35;3;99;3.80;3;1;1;77;0;4170399;84;0
147;18;336;11;35;3;99;3.40;5;2;1;81;0;4170399;886;0
147;18;336;11;35;4;51;3.60;2;1;1;74;0;4170451;134;0
147;18;336;11;35;5;3;3.20;3;1;1;77;0;4170503;86;0
147;18;336;11;35;5;99;3.80;2;1;1;74;0;4170599;130;0
147;18;336;11;35;5;99;3.60;4;1;1;78;0;4170599;4169;0
147;18;336;11;35;6;10;3.60;6;2;1;85;0;4170610;497;0
147;18;336;11;35;7;6;3.60;7;2;1;83;0;4170706;490;0
147;18;336;11;35;7;2;3.60;3;1;1;77;0;4170702;184;0
147;18;336;11;35;8;99;3.40;5;2;1;87;0;4170899;484;0
147;18;336;11;35;8;99;4.00;4;1;1;88;0;4170899;283;0
147;18;336;11;35;9;90;3.40;3;1;1;86;0;4170990;271;0
147;18;336;11;35;10;99;3.40;6;2;1;69;0;4171099;473;0
147;18;336;11;35;12;99;3.40;7;2;1;70;0;4171299;577;0
147;18;336;11;35;13;99;3.20;2;1;1;80;0;4171399;781;0
147;18;336;11;35;15;99;3.00;6;2;1;73;0;4171599;482;0
147;18;336;11;35;16;48;3.40;6;2;1;73;0;4171648;34;0
147;18;336;11;35;17;99;3.60;5;2;1;81;0;4171799;885;0
147;18;336;11;35;17;99;6.20;6;2;1;74;0;4171799;134;0
147;18;336;11;35;18;99;3.40;8;2;1;74;0;4171899;9181;0
147;18;336;11;35;18;99;3.60;3;1;1;73;0;4171899;894;0
147;18;336;11;35;19;89;3.20;3;1;1;69;0;4171989;72;0
147;18;336;11;35;20;17;4.20;7;2;1;84;0;4172017;700;0
147;18;336;11;35;20;99;3.60;6;2;1;74;0;4172099;269;0
147;18;336;11;35;21;5;3.20;3;1;1;70;0;4172105;99;0
147;18;336;11;35;23;13;3.60;2;1;1;81;0;4172313;899;0
147;18;336;11;35;23;99;3.60;6;2;1;73;0;4172399;282;0
147;18;336;11;35;24;71;4.00;6;2;1;75;0;4172471;54;0
147;18;336;11;35;26;99;3.40;2;1;1;77;0;4172699;370;0
147;18;336;11;35;26;99;3.80;6;2;1;76;0;4172699;208;0
147;18;336;11;35;29;21;3.20;3;1;1;82;0;4172921;799;0
147;18;336;11;35;30;99;3.60;7;2;1;86;0;4173099;1064;0
147;18;336;11;35;30;99;3.60;3;1;1;79;0;4173099;163;0
147;18;336;11;35;34;15;3.20;1;1;1;72;0;4173415;3300;0
147;18;336;11;35;35;23;3.40;7;2;1;82;0;4173523;408;0
147;18;336;11;35;35;99;4.00;2;1;1;75;0;4173599;884;0
147;18;336;11;35;35;99;3.40;3;1;1;76;0;4173599;483;0
147;18;336;11;35;36;10;3.40;4;1;1;87;0;4173610;2694;0
147;18;336;11;35;36;99;3.40;6;2;1;76;0;4173699;982;0
147;18;336;11;35;37;4;3.60;2;1;1;75;0;4173704;85;0
147;18;336;11;35;37;12;3.60;4;1;1;84;0;4173712;87;0
147;18;336;11;35;38;99;3.80;6;2;1;79;0;4173899;183;0
147;18;336;11;35;38;99;3.60;5;2;1;77;0;4173899;2084;0
147;18;336;11;35;39;99;3.80;1;1;1;75;0;4173999;568;0
147;18;336;11;35;39;16;3.60;3;1;1;79;0;4173916;300;0
147;18;336;11;35;39;32;3.40;6;2;1;76;0;4173932;15;0
147;18;336;11;35;40;99;3.80;4;1;1;86;0;4174099;371;0
147;18;336;11;35;41;13;3.80;3;1;1;77;0;4174113;180;0
147;18;336;11;35;41;11;4.40;1;1;1;76;0;4174111;93;0
147;18;336;11;35;41;17;3.80;7;2;1;76;0;4174117;579;0
147;18;336;11;35;42;42;3.60;3;1;1;81;0;4174242;111;0
147;18;336;11;35;42;54;3.40;7;2;1;79;0;4174254;119;0
147;18;336;11;35;42;68;3.40;6;2;1;71;0;4174268;319;0
147;18;336;11;35;43;32;3.60;4;1;1;90;0;4174332;217;0
147;18;336;11;35;43;99;3.40;8;2;1;79;0;4174399;2483;0
147;18;336;11;35;45;76;3.20;8;2;1;76;0;4174576;161;0
147;18;336;11;35;45;81;3.80;4;1;1;88;0;4174581;234;0
147;18;336;11;35;46;99;6.80;3;1;1;82;0;4174699;441;0
147;18;336;11;35;46;99;3.80;7;2;1;83;0;4174699;429;0
147;18;336;11;35;48;99;3.60;2;1;1;79;0;4174899;1177;0
147;18;336;11;35;49;99;3.80;8;2;1;74;0;4174999;407;0
147;18;336;11;35;53;99;3.40;6;2;1;71;0;4175399;1113;0
147;18;336;11;35;54;7;3.40;6;2;1;75;0;4175407;-1;0
147;18;336;11;35;55;59;3.60;7;2;1;81;0;4175559;843;0
147;18;336;11;35;56;99;3.20;3;1;1;76;0;4175699;970;0
147;18;336;11;35;58;20;3.60;7;2;1;82;0;4175820;245;0
147;18;336;11;35;58;88;3.60;3;1;1;82;0;4175888;173;0
147;18;336;11;35;59;99;3.80;2;1;1;78;0;4175999;1083;0
147;18;336;11;36;0;49;3.40;4;1;1;79;0;4176049;1452;0
147;18;336;11;36;0;83;3.00;6;2;1;74;0;4176083;659;0
147;18;336;11;36;2;99;3.20;7;2;1;78;0;4176299;463;0
147;18;336;11;36;2;19;3.40;5;2;1;83;0;4176219;2303;0
147;18;336;11;36;2;34;3.80;4;1;1;82;0;4176234;169;0
147;18;336;11;36;3;84;3.20;6;2;1;72;0;4176384;286;0
147;18;336;11;36;3;91;3.60;8;2;1;83;0;4176391;1373;0
147;18;336;11;36;4;99;4.20;7;2;1;75;0;4176499;185;0
147;18;336;11;36;5;11;3.40;6;2;1;77;0;4176511;111;0
147;18;336;11;36;7;99;3.20;6;2;1;74;0;4176799;272;0
147;18;336;11;36;7;99;3.80;7;2;1;78;0;4176799;279;0
147;18;336;11;36;10;11;4.00;1;1;1;83;0;4177011;2879;0
147;18;336;11;36;10;52;3.80;3;1;1;81;0;4177052;1148;0
147;18;336;11;36;10;39;11.60;6;2;2;77;0;4177039;224;0
147;18;336;11;36;12;99;3.80;7;2;1;83;0;4177299;482;0
147;18;336;11;36;14;21;3.40;6;2;1;78;0;4177421;327;0
147;18;336;11;36;14;25;3.60;7;2;1;84;0;4177425;109;0
147;18;336;11;36;14;99;3.80;3;1;1;77;0;4177499;430;0
147;18;336;11;36;14;99;3.60;4;1;1;82;0;4177499;1248;0
147;18;336;11;36;15;99;3.40;5;2;1;82;0;4177599;1365;0
147;18;336;11;36;17;20;3.20;6;2;1;77;0;4177720;283;0
147;18;336;11;36;18;3;4.00;4;1;1;83;0;4177803;288;0
147;18;336;11;36;18;99;4.00;1;1;1;80;0;4177899;870;0
147;18;336;11;36;19;3;3.60;3;1;1;76;0;4177903;386;0
147;18;336;11;36;19;99;3.40;4;1;1;85;0;4177999;178;0
147;18;336;11;36;19;99;3.60;8;2;1;78;0;4177999;1592;0
147;18;336;11;36;19;99;3.40;3;1;1;77;0;4177999;78;0
147;18;336;11;36;20;12;3.80;2;1;1;86;0;4178012;1995;0
147;18;336;11;36;21;16;3.60;6;2;1;78;0;4178116;381;0
147;18;336;11;36;22;99;3.40;6;2;1;80;0;4178299;166;0
147;18;336;11;36;22;99;5.40;2;1;1;71;0;4178299;271;0
147;18;336;11;36;25;11;3.80;3;1;1;74;0;4178511;496;0
147;18;336;11;36;26;91;3.20;2;1;1;77;0;4178691;364;0
147;18;336;11;36;27;7;3.40;5;2;1;82;0;4178707;1093;0
147;18;336;11;36;27;99;3.80;2;1;1;76;0;4178799;93;0
147;18;336;11;36;27;99;3.60;3;1;1;73;0;4178799;269;0
147;18;336;11;36;27;99;3.00;6;2;1;74;0;4178799;484;0
147;18;336;11;36;28;12;5.80;7;2;1;79;0;4178812;1371;0
147;18;336;11;36;28;54;3.80;3;1;1;72;0;4178854;37;0
147;18;336;11;36;29;99;3.40;6;2;1;74;0;4178999;185;0
147;18;336;11;36;30;27;3.80;8;2;1;77;0;4179027;1011;0
147;18;336;11;36;31;89;3.60;5;2;1;81;0;4179189;467;0
147;18;336;11;36;31;99;3.60;6;2;1;69;0;4179199;183;0
147;18;336;11;36;32;99;3.60;7;2;1;75;0;4179299;460;0
147;18;336;11;36;33;11;4.00;6;2;1;67;0;4179311;93;0
147;18;336;11;36;34;1;3.60;7;2;1;79;0;4179401;84;0
147;18;336;11;36;34;99;3.80;2;1;1;73;0;4179499;682;0
147;18;336;11;36;35;99;3.20;6;2;1;68;0;4179599;266;0
147;18;336;11;36;37;99;3.60;2;1;1;78;0;4179799;281;0
147;18;336;11;36;39;19;3.60;3;1;1;79;0;4179919;1046;0
147;18;336;11;36;40;3;3.20;2;1;1;82;0;4180003;187;0
147;18;336;11;36;40;7;3.40;1;1;1;73;0;4180007;2090;0
147;18;336;11;36;41;0;3.20;6;2;1;73;0;4180100;484;0
147;18;336;11;36;42;99;3.60;1;1;1;69;0;4180299;275;0
147;18;336;11;36;42;99;3.40;6;2;1;81;0;4180299;183;0
147;18;336;11;36;43;99;4.20;5;2;1;88;0;4180399;1194;0
147;18;336;11;36;44;15;3.40;2;1;1;74;0;4180415;397;0
147;18;336;11;36;46;70;3.80;3;1;1;74;0;4180670;734;0
147;18;336;11;36;48;6;3.60;2;1;1;74;0;4180806;374;0
147;18;336;11;36;49;68;3.60;1;1;1;75;0;4180968;650;0
147;18;336;11;36;49;73;3.60;6;2;1;77;0;4180973;658;0
147;18;336;11;36;49;79;6.80;3;1;1;76;0;4180979;290;0
147;18;336;11;36;52;99;3.40;2;1;1;77;0;4181299;475;0
147;18;336;11;36;54;60;3.00;6;2;1;78;0;4181460;470;0
147;18;336;11;36;55;25;3.60;3;1;1;85;0;4181525;513;0
147;18;336;11;36;56;14;3.40;2;1;1;75;0;4181614;299;0
147;18;336;11;36;57;99;3.00;3;1;1;81;0;4181799;258;0
147;18;336;11;37;0;3;3.40;6;2;1;82;0;4182003;529;0
147;18;336;11;37;0;99;3.60;4;1;1;82;0;4182099;4085;0
147;18;336;11;37;1;47;3.60;7;2;1;77;0;4182147;2729;0
147;18;336;11;37;3;99;3.40;7;2;1;70;0;4182399;235;0
147;18;336;11;37;3;99;3.60;6;2;1;78;0;4182399;381;0
147;18;336;11;37;4;90;3.80;3;1;1;76;0;4182490;677;0
147;18;336;11;37;4;97;3.40;6;2;1;78;0;4182497;81;0
147;18;336;11;37;5;99;3.20;8;2;1;77;0;4182599;3554;0
147;18;336;11;37;7;99;3.60;7;2;1;76;0;4182799;382;0
147;18;336;11;37;7;99;3.80;6;2;1;77;0;4182799;286;0
147;18;336;11;37;8;13;3.80;2;1;1;75;0;4182813;1182;0
147;18;336;11;37;9;16;3.20;1;1;1;82;0;4182916;1930;0
147;18;336;11;37;9;30;4.20;7;2;1;81;0;4182930;113;0
147;18;336;11;37;9;49;3.60;3;1;1;78;0;4182949;441;0
147;18;336;11;37;10;6;3.60;4;1;1;79;0;4183006;891;0
147;18;336;11;37;10;21;3.60;6;2;1;83;0;4183021;204;0
147;18;336;11;37;11;2;3.40;5;2;1;80;0;4183102;2685;0
147;18;336;11;37;11;7;3.40;6;2;1;77;0;4183107;70;0
147;18;336;11;37;13;99;3.60;7;2;1;87;0;4183399;450;0
147;18;336;11;37;14;27;3.60;7;2;1;76;0;4183427;13;0
147;18;336;11;37;14;49;3.80;6;2;1;83;0;4183449;326;0
147;18;336;11;37;14;67;3.40;3;1;1;74;0;4183467;501;0
147;18;336;11;37;16;99;3.40;3;1;1;74;0;4183699;215;0
147;18;336;11;37;17;99;3.00;2;1;1;79;0;4183799;967;0
147;18;336;11;37;18;6;3.60;5;2;1;85;0;4183806;688;0
147;18;336;11;37;18;99;3.80;6;2;1;81;0;4183899;433;0
147;18;336;11;37;19;2;3.80;4;1;1;85;0;4183902;879;0
147;18;336;11;37;19;11;4.80;6;2;1;78;0;4183911;-1;0
147;18;336;11;37;20;99;3.40;7;2;1;83;0;4184099;654;0
147;18;336;11;37;21;99;3.60;6;2;1;78;0;4184199;265;0
147;18;336;11;37;23;99;3.40;1;1;1;72;0;4184399;1468;0
147;18;336;11;37;23;99;3.60;7;2;1;80;0;4184399;285;0
147;18;336;11;37;25;16;3.80;2;1;1;80;0;4184516;703;0
147;18;336;11;37;25;99;3.20;7;2;1;80;0;4184599;183;0
147;18;336;11;37;26;17;3.80;6;2;1;86;0;4184617;401;0
147;18;336;11;37;27;50;3.20;2;1;1;73;0;4184750;216;0
147;18;336;11;37;28;99;3.40;6;2;1;82;0;4184899;266;0
147;18;336;11;37;28;99;4.00;5;2;1;98;0;4184899;1077;0
147;18;336;11;37;28;99;3.40;3;1;1;79;0;4184899;1183;0
147;18;336;11;37;29;99;3.80;2;1;1;72;0;4184999;233;0
147;18;336;11;37;30;99;3.80;3;1;1;74;0;4185099;184;0
147;18;336;11;37;31;99;3.40;2;1;1;72;0;4185199;181;0
147;18;336;11;37;32;17;3.80;3;1;1;75;0;4185217;99;0
147;18;336;11;37;32;31;3.80;2;1;1;74;0;4185231;15;0
147;18;336;11;37;33;99;3.80;4;1;1;81;0;4185399;1480;0
147;18;336;11;37;33;99;4.00;8;2;1;81;0;4185399;2785;0
147;18;336;11;37;33;99;3.80;2;1;1;76;0;4185399;149;0
147;18;336;11;37;34;25;3.80;7;2;1;86;0;4185425;811;0
147;18;336;11;37;35;68;3.80;2;1;1;78;0;4185568;151;4184999
147;18;336;11;37;38;99;3.80;3;1;1;76;0;4185899;663;0
147;18;336;11;37;41;9;3.80;3;1;1;76;0;4186109;192;0
147;18;336;11;37;41;99;3.40;6;2;1;74;0;4186199;1285;0
147;18;336;11;37;41;99;3.20;5;2;1;84;0;4186199;1285;0
147;18;336;11;37;42;7;3.60;2;1;1;79;0;4186207;621;0
147;18;336;11;37;43;30;4.60;2;1;1;87;0;4186330;106;0
147;18;336;11;37;44;99;4.00;6;2;1;83;0;4186499;283;0
147;18;336;11;37;45;47;4.00;4;1;1;81;0;4186547;1131;0
147;18;336;11;37;45;99;4.00;2;1;1;77;0;4186599;249;0
147;18;336;11;37;46;99;3.40;5;2;1;82;0;4186699;486;0
147;18;336;11;37;48;5;3.20;3;1;1;74;0;4186805;678;0
147;18;336;11;37;48;99;3.60;6;2;1;77;0;4186899;382;0
147;18;336;11;37;49;99;3.00;3;1;1;73;0;4186999;178;0
147;18;336;11;37;49;99;3.60;2;1;1;74;0;4186999;381;0
147;18;336;11;37;51;99;3.60;3;1;1;77;0;4187199;185;0
147;18;336;11;37;51;99;3.80;8;2;1;80;0;4187199;1782;0
147;18;336;11;37;52;15;3.40;6;2;1;74;0;4187215;299;0
147;18;336;11;37;53;7;3.40;4;1;1;79;0;4187307;742;0
147;18;336;11;37;53;12;3.60;3;1;1;77;0;4187312;96;0
147;18;336;11;37;53;87;3.20;6;2;1;75;0;4187387;155;0
147;18;336;11;37;53;99;3.60;2;1;1;81;0;4187399;382;0
147;18;336;11;37;54;99;3.40;5;2;1;82;0;4187499;785;0
147;18;336;11;37;54;99;3.40;6;2;1;76;0;4187499;96;0
147;18;336;11;37;54;99;3.20;3;1;1;74;0;4187499;170;4186805
147;18;336;11;37;56;18;4.00;7;2;1;82;0;4187618;2177;0
147;18;336;11;37;56;99;3.60;6;2;1;72;0;4187699;183;0
147;18;336;11;37;57;27;3.60;4;1;1;85;0;4187727;404;0
147;18;336;11;37;57;99;3.40;7;2;1;75;0;4187799;163;0
147;18;336;11;37;57;99;3.80;8;2;1;83;0;4187799;582;0
147;18;336;11;37;58;5;3.40;7;2;1;76;0;4187805;-1;0
147;18;336;11;37;58;99;3.60;4;1;1;86;0;4187899;156;0
147;18;336;11;37;59;0;3.80;3;1;1;81;0;4187900;385;0
147;18;336;11;38;0;1;3.60;6;2;1;82;0;4188001;284;0
147;18;336;11;38;0;16;3.00;2;1;1;73;0;4188016;601;0
147;18;336;11;38;1;6;3.20;2;1;1;74;0;4188106;75;0
147;18;336;11;38;2;8;4.00;5;2;1;88;0;4188208;694;0
147;18;336;11;38;2;21;3.40;2;1;1;85;0;4188221;99;0
147;18;336;11;38;2;21;3.80;6;2;1;84;0;4188221;204;0
147;18;336;11;38;3;52;3.60;3;1;1;86;0;4188352;435;0
147;18;336;11;38;4;99;3.80;2;1;1;84;0;4188499;263;0
147;18;336;11;38;4;99;3.80;5;2;1;82;0;4188499;274;0
147;18;336;11;38;5;39;5.20;6;2;1;76;0;4188539;301;0
147;18;336;11;38;6;18;3.40;1;1;1;91;0;4188618;4202;0
147;18;336;11;38;6;99;3.40;6;2;1;76;0;4188699;135;0
147;18;336;11;38;7;99;3.40;3;1;1;75;0;4188799;431;0
147;18;336;11;38;8;49;3.20;3;1;1;74;0;4188849;33;0
147;18;336;11;38;10;99;3.60;3;1;1;76;0;4189099;234;0
147;18;336;11;38;11;82;3.20;2;1;1;74;0;4189182;666;0
147;18;336;11;38;11;99;3.40;4;1;1;82;0;4189199;1284;0
147;18;336;11;38;11;99;3.60;3;1;1;78;0;4189199;82;0
147;18;336;11;38;12;99;4.60;2;1;1;85;0;4189299;101;0
147;18;336;11;38;12;99;3.40;3;1;1;77;0;4189299;83;0
147;18;336;11;38;14;99;3.20;3;1;1;82;0;4189499;184;0
147;18;336;11;38;17;22;3.40;4;1;1;81;0;4189722;508;0
147;18;336;11;38;17;99;3.60;6;2;1;76;0;4189799;1083;0
147;18;336;11;38;17;99;3.80;8;2;1;81;0;4189799;1983;0
147;18;336;11;38;18;19;3.80;3;1;1;92;0;4189819;305;0
147;18;336;11;38;18;76;3.40;6;2;1;75;0;4189876;59;0
147;18;336;11;38;21;65;3.40;6;2;1;75;0;4190165;272;0
147;18;336;11;38;21;92;3.60;3;1;1;77;0;4190192;358;0
147;18;336;11;38;22;22;3.80;2;1;1;77;0;4190222;903;0
147;18;336;11;38;22;99;3.20;5;2;1;78;0;4190299;1783;0
147;18;336;11;38;22;99;3.40;4;1;1;81;0;4190299;561;0
147;18;336;11;38;22;99;3.60;6;2;1;77;0;4190299;117;0
147;18;336;11;38;24;99;5.60;7;2;1;103;0;4190499;2677;0
147;18;336;11;38;25;5;3.40;6;2;1;77;0;4190505;189;0
147;18;336;11;38;27;99;4.00;1;1;1;79;0;4190799;2167;0
147;18;336;11;38;28;21;3.60;5;2;1;93;0;4190821;507;0
147;18;336;11;38;28;99;3.40;2;1;1;74;0;4190899;659;0
147;18;336;11;38;28;27;3.20;3;1;1;77;0;4190827;618;0
147;18;336;11;38;29;3;2.80;6;2;1;81;0;4190903;382;0
147;18;336;11;38;29;89;9.00;7;2;3;60;0;4190989;470;0
147;18;336;11;38;31;5;3.60;3;1;1;75;0;4191105;263;0
147;18;336;11;38;31;20;3.80;6;2;1;79;0;4191120;204;0
147;18;336;11;38;32;8;3.40;5;2;1;79;0;4191208;373;0
147;18;336;11;38;33;1;3.80;6;2;1;83;0;4191301;163;0
147;18;336;11;38;36;11;3.60;3;1;1;82;0;4191611;488;0
147;18;336;11;38;36;36;4.00;7;2;1;80;0;4191636;593;0
147;18;336;11;38;37;99;3.60;6;2;1;80;0;4191799;481;0
147;18;336;11;38;37;99;3.80;3;1;1;84;0;4191799;172;0
147;18;336;11;38;38;99;4.00;2;1;1;78;0;4191899;983;0
147;18;336;11;38;38;29;3.20;5;2;1;91;0;4191829;605;0
147;18;336;11;38;39;83;4.20;6;2;1;81;0;4191983;167;0
147;18;336;11;38;39;99;5.20;7;2;1;81;0;4191999;345;0
147;18;336;11;38;40;99;4.00;3;1;1;82;0;4192099;283;0
147;18;336;11;38;40;99;4.00;2;1;1;79;0;4192099;181;0
147;18;336;11;38;40;99;4.00;6;2;1;83;0;4192099;97;0
147;18;336;11;38;41;39;3.60;2;1;1;82;0;4192139;21;0
147;18;336;11;38;42;26;4.00;5;2;1;90;0;4192226;384;0
147;18;336;11;38;44;73;3.60;3;1;1;81;0;4192473;356;0
147;18;336;11;38;44;89;3.20;1;1;1;77;0;4192489;1671;0
147;18;336;11;38;45;99;3.80;3;1;1;81;0;4192599;110;0
147;18;336;11;38;45;99;10.20;7;2;2;54;0;4192599;576;0
147;18;336;11;38;47;99;3.00;3;1;1;81;0;4192799;183;0
147;18;336;11;38;47;99;3.80;2;1;1;78;0;4192799;644;0
147;18;336;11;38;49;93;4.20;7;2;1;83;0;4192993;326;0
147;18;336;11;38;49;99;3.60;2;1;1;82;0;4192999;182;0
147;18;336;11;38;51;99;4.60;2;1;1;84;0;4193199;184;0
147;18;336;11;38;52;90;3.60;8;2;1;90;0;4193290;3474;0
147;18;336;11;38;52;99;3.80;4;1;1;82;0;4193299;2984;0
147;18;336;11;38;52;99;3.40;2;1;1;82;0;4193299;80;0
147;18;336;11;38;52;99;3.40;3;1;1;73;0;4193299;486;0
147;18;336;11;38;53;99;3.60;3;1;1;75;0;4193399;83;0
147;18;336;11;38;53;99;7.20;6;2;1;86;0;4193399;1282;0
147;18;336;11;38;53;99;3.20;2;1;1;81;0;4193399;85;4192799
147;18;336;11;38;54;69;3.40;4;1;1;83;0;4193469;153;4192799
147;18;336;11;38;52;81;4.40;7;2;1;16;0;4193281;269;0
147;18;336;11;38;55;99;4.40;5;2;1;89;0;4193599;1357;0
147;18;336;11;38;55;99;4.40;3;1;1;67;0;4193599;182;0
147;18;336;11;38;56;7;3.80;6;2;1;84;0;4193607;177;0
147;18;336;11;38;56;39;3.60;5;2;1;87;0;4193639;22;0
147;18;336;11;38;58;99;3.60;6;2;1;80;0;4193899;275;0
147;18;336;11;38;58;99;3.20;3;1;1;77;0;4193899;276;0
147;18;336;11;38;59;32;3.80;4;1;1;82;0;4193932;448;0
147;18;336;11;39;0;99;3.80;5;2;1;87;0;4194099;445;0
147;18;336;11;39;1;99;3.40;1;1;1;79;0;4194199;1695;0
147;18;336;11;39;2;89;4.20;3;1;1;85;0;4194289;375;0
147;18;336;11;39;2;99;3.20;6;2;1;78;0;4194299;383;0
147;18;336;11;39;3;99;3.80;7;2;1;89;0;4194399;1019;0
147;18;336;11;39;4;32;3.60;6;2;1;83;0;4194432;118;0
147;18;336;11;39;5;20;3.20;4;1;1;82;0;4194520;571;0
147;18;336;11;39;5;99;3.60;5;2;1;93;0;4194599;484;0
147;18;336;11;39;5;99;3.80;2;1;1;87;0;4194599;1185;0
147;18;336;11;39;5;99;3.40;3;1;1;69;0;4194599;292;0
147;18;336;11;39;7;38;3.40;3;1;1;69;0;4194738;121;0
147;18;336;11;39;8;32;3.60;1;1;1;93;0;4194832;617;0
147;18;336;11;39;8;99;3.40;3;1;1;66;0;4194899;143;0
147;18;336;11;39;8;99;3.80;2;1;1;71;0;4194899;284;0
147;18;336;11;39;9;49;4.20;8;2;1;87;0;4194949;1644;0
147;18;336;11;39;10;32;3.60;5;2;1;97;0;4195032;419;0
147;18;336;11;39;10;94;5.60;2;1;1;78;0;4195094;175;0
147;18;336;11;39;10;87;7.60;1;1;6;80;0;4195087;241;0
147;18;336;11;39;10;99;4.40;7;2;1;77;0;4195099;684;0
147;18;336;11;39;10;99;3.60;3;1;1;67;0;4195099;181;0
147;18;336;11;39;11;99;3.40;3;1;1;71;0;4195199;80;4194599
147;18;336;11;39;12;74;3.20;6;2;1;74;0;4195274;826;0
147;18;336;11;39;13;99;3.60;6;2;1;75;0;4195399;109;0
147;18;336;11;39;14;35;3.60;7;2;1;78;0;4195435;315;0
147;18;336;11;39;15;99;3.40;8;2;1;81;0;4195599;632;0
147;18;336;11;39;15;99;3.20;2;1;1;77;0;4195599;479;0
147;18;336;11;39;16;99;3.60;3;1;1;78;0;4195699;482;0
147;18;336;11;39;17;63;3.40;2;1;1;78;0;4195763;149;0
147;18;336;11;39;19;18;3.20;8;2;1;75;0;4195918;303;0
147;18;336;11;39;20;22;3.80;2;1;1;77;0;4196022;243;0
147;18;336;11;39;20;70;3.40;6;2;1;84;0;4196070;653;0
147;18;336;11;39;20;99;4.00;7;2;1;85;0;4196099;647;0
147;18;336;11;39;22;40;3.20;2;1;1;76;0;4196240;200;0
147;18;336;11;39;23;19;3.60;4;1;1;83;0;4196319;1784;0
147;18;336;11;39;23;99;3.80;7;2;1;81;0;4196399;283;0
147;18;336;11;39;26;99;3.40;3;1;1;72;0;4196699;983;0
147;18;336;11;39;27;9;4.20;7;2;1;80;0;4196709;293;0
147;18;336;11;39;27;30;3.20;3;1;1;73;0;4196730;14;0
147;18;336;11;39;27;51;2.80;2;1;1;77;0;4196751;495;0
147;18;336;11;39;28;99;3.40;6;2;1;74;0;4196899;814;0
147;18;336;11;39;29;99;5.80;6;2;1;73;0;4196999;83;0
147;18;336;11;39;30;1;3.40;2;1;1;73;0;4197001;236;0
147;18;336;11;39;30;17;3.80;5;2;1;81;0;4197017;1971;0
147;18;336;11;39;30;22;3.60;3;1;1;76;0;4197022;276;0
147;18;336;11;39;31;99;3.80;6;2;1;77;0;4197199;171;0
147;18;336;11;39;33;20;3.80;3;1;1;82;0;4197320;280;0
147;18;336;11;39;34;99;3.60;6;2;1;75;0;4197499;282;0
147;18;336;11;39;34;99;3.20;8;2;1;77;0;4197499;1565;0
147;18;336;11;39;36;99;3.40;3;1;1;73;0;4197699;362;0
147;18;336;11;39;37;55;3.40;5;2;1;15;0;4197755;721;0
147;18;336;11;39;38;99;4.00;2;1;1;82;0;4197899;881;0
147;18;336;11;39;39;99;3.60;3;1;1;81;0;4197999;283;0
147;18;336;11;39;40;49;4.00;2;1;1;77;0;4198049;132;0
147;18;336;11;39;41;99;3.40;6;2;1;76;0;4198199;682;0
147;18;336;11;39;42;99;3.60;3;1;1;79;0;4198299;284;0
147;18;336;11;39;43;5;3.00;6;2;1;74;0;4198305;89;0
147;18;336;11;39;44;8;4.00;2;1;1;80;0;4198408;340;0
147;18;336;11;39;44;23;3.80;4;1;1;83;0;4198423;2088;0
147;18;336;11;39;46;16;3.60;3;1;1;75;0;4198616;300;0
147;18;336;11;39;47;14;3.00;3;1;1;75;0;4198714;80;0
147;18;336;11;39;47;99;3.60;2;1;1;74;0;4198799;373;0
147;18;336;11;39;48;65;3.80;6;2;1;79;0;4198865;545;0
147;18;336;11;39;49;99;4.80;7;2;1;78;0;4198999;2271;0
147;18;336;11;39;50;99;4.00;5;2;1;81;0;4199099;1262;0
147;18;336;11;39;52;20;3.00;6;2;1;82;0;4199220;337;0
147;18;336;11;39;54;99;4.00;3;1;1;81;0;4199499;770;0
147;18;336;11;39;55;24;3.80;3;1;1;75;0;4199524;7;0
147;18;336;11;39;56;24;3.40;4;1;1;84;0;4199624;1184;0
147;18;336;11;39;56;75;5.00;2;1;1;78;0;4199675;858;0
147;18;336;11;39;56;99;3.60;6;2;1;76;0;4199699;465;0
147;18;336;11;39;57;99;3.20;4;1;1;83;0;4199799;160;0
147;18;336;11;39;58;23;4.00;8;2;1;79;0;4199823;2309;0
147;18;336;11;39;58;28;3.60;3;1;1;83;0;4199828;285;0
147;18;336;11;39;59;25;3.60;5;2;1;80;0;4199925;808;0
147;18;336;11;40;0;10;3.20;6;2;1;79;0;4200010;293;0
147;18;336;11;40;1;99;3.80;6;2;1;79;0;4200199;174;0
147;18;336;11;40;2;99;3.60;3;1;1;73;0;4200299;455;0
147;18;336;11;40;3;4;3.60;6;2;1;82;0;4200304;87;0
147;18;336;11;40;3;57;3.40;6;2;1;80;0;4200357;37;0
147;18;336;11;40;4;99;3.00;2;1;1;70;0;4200499;800;0
147;18;336;11;40;5;6;4.80;7;2;1;80;0;4200506;1484;0
147;18;336;11;40;5;11;3.60;5;2;1;84;0;4200511;569;0
147;18;336;11;40;6;74;3.00;2;1;1;81;0;4200674;159;0
147;18;336;11;40;6;93;3.60;3;1;1;65;0;4200693;376;0
147;18;336;11;40;7;99;3.80;4;1;1;80;0;4200799;986;0
147;18;336;11;40;7;99;4.60;6;2;1;91;0;4200799;426;0
147;18;336;11;40;7;99;3.60;3;1;1;66;0;4200799;86;0
147;18;336;11;40;9;5;3.20;2;1;1;73;0;4200905;217;0
147;18;336;11;40;9;99;3.40;3;1;1;59;0;4200999;180;0
147;18;336;11;40;10;99;3.20;2;1;1;76;0;4201099;178;0
147;18;336;11;40;10;99;3.40;7;2;1;82;0;4201099;571;0
147;18;336;11;40;11;99;3.60;1;1;1;77;0;4201199;6077;0
147;18;336;11;40;12;6;3.40;3;1;1;68;0;4201206;186;0
147;18;336;11;40;12;99;3.60;7;2;1;75;0;4201299;185;0
147;18;336;11;40;13;11;3.60;6;2;1;77;0;4201311;493;0
147;18;336;11;40;13;9;3.60;3;1;1;70;0;4201309;85;4200693
147;18;336;11;40;14;99;3.60;6;2;1;72;0;4201499;171;4200693
147;18;336;11;40;14;99;3.60;3;1;1;73;0;4201499;171;4200693
147;18;336;11;40;15;99;3.60;4;1;1;82;0;4201599;782;0
147;18;336;11;40;16;18;3.40;3;1;1;72;0;4201618;101;4200693
147;18;336;11;40;17;99;3.40;6;2;1;79;0;4201799;282;0
147;18;336;11;40;17;99;3.60;3;1;1;73;0;4201799;164;4200693
147;18;336;11;40;18;3;5.00;7;2;1;76;0;4201803;486;0
147;18;336;11;40;19;3;3.80;8;2;1;85;0;4201903;2061;0
147;18;336;11;40;19;99;3.40;4;1;1;79;0;4201999;384;0
147;18;336;11;40;20;99;3.80;3;1;1;72;0;4202099;282;0
147;18;336;11;40;21;16;3.20;6;2;1;77;0;4202116;301;0
147;18;336;11;40;21;74;3.60;2;1;1;73;0;4202174;1059;0
147;18;336;11;40;22;99;3.40;3;1;1;77;0;4202299;181;0
147;18;336;11;40;24;6;3.40;7;2;1;79;0;4202406;579;0
147;18;336;11;40;24;71;3.00;2;1;1;76;0;4202471;279;0
147;18;336;11;40;25;99;4.00;3;1;1;77;0;4202599;284;0
147;18;336;11;40;26;4;3.60;2;1;1;75;0;4202604;118;0
147;18;336;11;40;26;42;4.00;1;1;1;84;0;4202642;1426;0
147;18;336;11;40;26;72;4.00;4;1;1;83;0;4202672;657;0
147;18;336;11;40;27;16;3.60;3;1;1;77;0;4202716;98;0
147;18;336;11;40;27;99;3.20;6;2;1;79;0;4202799;668;0
147;18;336;11;40;27;99;3.60;4;1;1;81;0;4202799;109;0
147;18;336;11;40;28;25;3.60;5;2;1;86;0;4202825;2298;0
147;18;336;11;40;28;22;3.60;4;1;1;83;0;4202822;7;0
147;18;336;11;40;29;11;4.00;2;1;1;76;0;4202911;289;0
147;18;336;11;40;30;99;3.20;6;2;1;81;0;4203099;285;0
147;18;336;11;40;31;13;3.60;4;1;1;82;0;4203113;275;0
147;18;336;11;40;31;9;3.60;3;1;1;81;0;4203109;376;0
147;18;336;11;40;31;40;3.80;8;2;1;87;0;4203140;1220;0
147;18;336;11;40;32;14;3.80;4;1;1;79;0;4203214;85;0
147;18;336;11;40;32;99;3.40;3;1;1;75;0;4203299;174;0
147;18;336;11;40;34;93;3.60;3;1;1;75;0;4203493;177;0
147;18;336;11;40;34;79;15.60;7;2;4;78;0;4203479;1057;0
147;18;336;11;40;35;99;3.40;4;1;1;79;0;4203599;367;0
147;18;336;11;40;36;27;3.20;1;1;1;78;0;4203627;967;0
147;18;336;11;40;36;2;4.00;8;2;1;79;0;4203602;446;0
147;18;336;11;40;37;2;3.40;4;1;1;81;0;4203702;87;0
147;18;336;11;40;37;26;3.20;5;2;1;87;0;4203726;885;0
147;18;336;11;40;36;67;15.80;6;2;4;79;0;4203667;553;0
147;18;336;11;40;37;99;3.40;4;1;1;81;0;4203799;81;0
147;18;336;11;40;37;99;4.00;3;1;1;81;0;4203799;288;0
147;18;336;11;40;38;22;3.80;2;1;1;84;0;4203822;892;0
147;18;336;11;40;38;91;14.80;7;2;4;76;0;4203891;340;0
147;18;336;11;40;40;15;3.20;3;1;1;79;0;4204015;198;0
147;18;336;11;40;41;99;3.80;8;2;1;82;0;4204199;578;0
147;18;336;11;40;42;92;3.20;3;1;1;78;0;4204292;262;0
147;18;336;11;40;43;99;3.00;5;2;1;80;0;4204399;659;0
147;18;336;11;40;43;99;3.20;3;1;1;77;0;4204399;92;0
147;18;336;11;40;45;99;4.00;2;1;1;80;0;4204599;760;0
147;18;336;11;40;45;99;3.20;1;1;1;86;0;4204599;957;0
147;18;336;11;40;46;99;3.60;6;2;1;80;0;4204699;960;0
147;18;336;11;40;46;99;3.80;3;1;1;79;0;4204699;285;0
147;18;336;11;40;47;90;3.20;3;1;1;73;0;4204790;73;0
147;18;336;11;40;48;2;3.60;4;1;1;87;0;4204802;987;0
147;18;336;11;40;48;99;4.00;3;1;1;74;0;4204899;93;0
147;18;336;11;40;49;73;3.80;4;1;1;82;0;4204973;156;0
147;18;336;11;40;50;99;3.40;3;1;1;77;0;4205099;180;0
147;18;336;11;40;51;99;3.00;8;2;1;65;0;4205199;983;0
147;18;336;11;40;51;16;3.80;5;2;1;87;0;4205116;703;0
147;18;336;11;40;52;44;3.60;3;1;1;76;0;4205244;129;4204699
147;18;336;11;40;53;2;4.00;2;1;1;78;0;4205302;685;0
147;18;336;11;40;53;99;3.60;8;2;1;70;0;4205399;183;0
147;18;336;11;40;54;17;3.80;6;2;1;74;0;4205417;701;0
147;18;336;11;40;54;39;3.80;7;2;1;77;0;4205439;1477;0
147;18;336;11;40;55;99;3.80;4;1;1;78;0;4205599;609;0
147;18;336;11;40;55;99;3.60;8;2;1;75;0;4205599;181;0
147;18;336;11;40;56;12;3.20;2;1;1;78;0;4205612;291;0
147;18;336;11;40;57;46;3.60;6;2;1;81;0;4205746;310;0
147;18;336;11;40;57;90;3.60;2;1;1;75;0;4205790;163;0
147;18;336;11;40;57;99;4.60;8;2;1;77;0;4205799;182;0
147;18;336;11;40;57;99;3.60;4;1;1;79;0;4205799;182;0
147;18;336;11;40;59;5;3.00;5;2;1;86;0;4205905;773;0
147;18;336;11;40;59;0;3.60;7;2;1;78;0;4205900;443;0
147;18;336;11;40;59;3;3.40;3;1;1;78;0;4205903;641;0
147;18;336;11;41;0;8;3.60;7;2;1;77;0;4206008;91;0
147;18;336;11;41;0;99;3.40;3;1;1;77;0;4206099;180;0
147;18;336;11;41;3;4;3.60;7;2;1;78;0;4206304;279;0
147;18;336;11;41;3;6;4.00;2;1;1;77;0;4206306;498;0
147;18;336;11;41;3;99;3.00;1;1;1;69;0;4206399;1786;0
147;18;336;11;41;5;80;3.60;2;1;1;80;0;4206580;255;0
147;18;336;11;41;5;99;3.60;6;2;1;85;0;4206599;837;0
147;18;336;11;41;6;99;4.00;4;1;1;84;0;4206699;883;0
147;18;336;11;41;6;99;3.60;6;2;1;83;0;4206699;84;0
147;18;336;11;41;6;99;3.60;2;1;1;81;0;4206699;102;0
147;18;336;11;41;7;0;3.40;7;2;1;72;0;4206700;379;0
147;18;336;11;41;8;99;4.40;6;2;1;72;0;4206899;184;0
147;18;336;11;41;9;13;3.60;5;2;1;84;0;4206913;995;0
147;18;336;11;41;9;99;3.60;3;1;1;73;0;4206999;884;0
147;18;336;11;41;9;12;3.20;4;1;1;81;0;4206912;195;0
147;18;336;11;41;10;13;3.40;2;1;1;69;0;4207013;298;0
147;18;336;11;41;10;31;3.20;7;2;1;85;0;4207031;314;0
147;18;336;11;41;10;99;3.80;8;2;1;89;0;4207099;1278;0
147;18;336;11;41;10;99;3.60;4;1;1;79;0;4207099;172;0
147;18;336;11;41;11;99;3.60;3;1;1;73;0;4207199;182;0
147;18;336;11;41;11;99;3.40;3;1;1;74;0;4207199;-1;0
147;18;336;11;41;12;55;3.60;3;1;1;75;0;4207255;39;0
147;18;336;11;41;12;72;3.60;4;1;1;82;0;4207272;156;0
147;18;336;11;41;13;99;3.60;6;2;1;78;0;4207399;478;0
147;18;336;11;41;14;99;4.40;7;2;1;77;0;4207499;454;0
147;18;336;11;41;14;99;6.40;4;1;1;85;0;4207499;211;0
147;18;336;11;41;18;6;4.40;3;1;1;76;0;4207806;533;0
147;18;336;11;41;20;34;3.20;6;2;1;76;0;4208034;618;0
147;18;336;11;41;20;56;3.60;3;1;1;74;0;4208056;229;0
147;18;336;11;41;20;99;5.00;1;1;1;64;0;4208099;1684;0
147;18;336;11;41;21;99;3.00;6;2;1;76;0;4208199;149;0
147;18;336;11;41;21;99;3.20;2;1;1;66;0;4208199;1168;0
147;18;336;11;41;22;29;4.00;7;2;1;89;0;4208229;709;0
147;18;336;11;41;22;37;4.40;3;1;1;75;0;4208237;163;0
147;18;336;11;41;22;39;3.40;1;1;1;70;0;4208239;111;0
147;18;336;11;41;22;37;3.80;2;1;1;61;0;4208237;20;0
147;18;336;11;41;23;99;3.60;2;1;1;59;0;4208399;139;0
147;18;336;11;41;24;99;3.80;7;2;1;81;0;4208499;253;0
147;18;336;11;41;24;99;3.00;1;1;1;71;0;4208499;242;0
147;18;336;11;41;24;99;4.00;4;1;1;79;0;4208499;972;0
147;18;336;11;41;25;10;3.20;3;1;1;73;0;4208510;251;0
147;18;336;11;41;25;32;3.80;7;2;1;78;0;4208532;16;0
147;18;336;11;41;25;17;7.60;6;2;2;73;0;4208517;303;0
147;18;336;11;41;26;19;3.60;5;2;1;79;0;4208619;1690;0
147;18;336;11;41;26;99;3.80;7;2;1;81;0;4208699;149;0
147;18;336;11;41;26;99;3.20;6;2;1;80;0;4208699;144;0
147;18;336;11;41;27;38;3.60;4;1;1;89;0;4208738;220;0
147;18;336;11;41;28;99;3.40;6;2;1;84;0;4208899;185;0
147;18;336;11;41;28;99;3.40;2;1;1;74;0;4208899;478;0
147;18;336;11;41;29;0;3.40;3;1;1;78;0;4208900;374;0
147;18;336;11;41;29;99;3.60;6;2;1;74;0;4208999;85;0
147;18;336;11;41;29;99;4.00;5;2;1;87;0;4208999;363;0
147;18;336;11;41;29;99;3.40;2;1;1;76;0;4208999;83;0
147;18;336;11;41;30;32;3.60;6;2;1;80;0;4209032;15;4208517
147;18;336;11;41;31;99;3.40;6;2;1;77;0;4209199;150;4208517
147;18;336;11;41;32;99;3.20;5;2;1;84;0;4209299;283;0
147;18;336;11;41;32;13;3.40;6;2;1;80;0;4209213;-1;4208517
147;18;336;11;41;32;20;3.80;3;1;1;84;0;4209220;304;0
147;18;336;11;41;36;99;3.80;3;1;1;80;0;4209699;462;0
147;18;336;11;41;36;99;3.60;7;2;1;76;0;4209699;983;0
147;18;336;11;41;37;99;3.60;6;2;1;74;0;4209799;570;0
147;18;336;11;41;37;0;3.80;4;1;1;85;0;4209700;947;0
147;18;336;11;41;38;77;3.20;8;2;1;75;0;4209877;2762;0
147;18;336;11;41;38;80;3.60;3;1;1;82;0;4209880;163;0
147;18;336;11;41;39;99;3.60;7;2;1;79;0;4209999;282;0
147;18;336;11;41;40;7;3.60;3;1;1;81;0;4210007;111;0
147;18;336;11;41;40;2;3.20;2;1;1;84;0;4210002;986;0
147;18;336;11;41;41;12;3.40;6;2;1;77;0;4210112;295;0
147;18;336;11;41;41;90;3.80;5;2;1;78;0;4210190;877;0
147;18;336;11;41;42;99;3.80;3;1;1;81;0;4210299;276;0
147;18;336;11;41;42;99;3.80;6;2;1;75;0;4210299;171;0
147;18;336;11;41;43;91;4.00;5;2;1;81;0;4210391;183;0
147;18;336;11;41;44;99;3.40;6;2;1;77;0;4210499;181;0
147;18;336;11;41;45;99;4.00;8;2;1;79;0;4210599;706;0
147;18;336;11;41;45;99;3.80;1;1;1;82;0;4210599;2084;0
147;18;336;11;41;45;17;3.60;4;1;1;82;0;4210517;800;0
147;18;336;11;41;46;99;3.20;2;1;1;70;0;4210699;683;0
147;18;336;11;41;47;99;3.40;3;1;1;79;0;4210799;483;0
147;18;336;11;41;47;99;3.80;5;2;1;82;0;4210799;390;0
147;18;336;11;41;49;99;3.80;6;2;1;78;0;4210999;484;0
147;18;336;11;41;49;99;3.60;8;2;1;75;0;4210999;381;0
147;18;336;11;41;50;5;4.40;7;2;1;77;0;4211005;989;0
147;18;336;11;41;50;28;3.40;3;1;1;81;0;4211028;213;0
147;18;336;11;41;52;99;3.80;6;2;1;80;0;4211299;282;0
147;18;336;11;41;52;99;6.20;3;1;1;76;0;4211299;255;0
147;18;336;11;41;53;32;3.80;5;2;1;86;0;4211332;516;0
147;18;336;11;41;53;63;3.20;2;1;1;76;0;4211363;647;0
147;18;336;11;41;54;11;3.20;6;2;1;78;0;4211411;94;0
147;18;336;11;41;54;99;3.40;4;1;1;80;0;4211499;966;0
147;18;336;11;41;55;16;3.60;1;1;1;88;0;4211516;900;0
147;18;336;11;41;55;99;3.40;6;2;1;78;0;4211599;173;0
147;18;336;11;41;55;99;3.60;2;1;1;76;0;4211599;220;0
147;18;336;11;41;56;50;4.20;8;2;1;75;0;4211650;633;0
147;18;336;11;41;56;65;3.40;4;1;1;82;0;4211665;150;0
147;18;336;11;41;56;99;3.60;5;2;1;81;0;4211699;351;0
147;18;336;11;41;56;99;4.20;2;1;1;75;0;4211699;82;0
147;18;336;11;41;57;23;3.40;6;2;1;78;0;4211723;108;0
147;18;336;11;41;57;99;8.00;3;1;6;72;0;4211799;470;0
147;18;336;11;41;57;99;3.60;5;2;1;80;0;4211799;84;0
147;18;336;11;41;58;49;3.40;7;2;1;83;0;4211849;823;0
147;18;336;11;41;58;64;3.00;5;2;1;81;0;4211864;48;0
147;18;336;11;41;58;54;4.20;6;2;1;75;0;4211854;115;4211299
147;18;336;11;41;59;19;3.20;4;1;1;79;0;4211919;239;0
147;18;336;11;42;0;99;3.60;3;1;1;70;0;4212099;260;0
147;18;336;11;42;0;99;3.40;5;2;1;83;0;4212099;221;0
147;18;336;11;42;1;2;3.60;2;1;1;74;0;4212102;382;0
147;18;336;11;42;1;81;3.20;3;1;1;72;0;4212181;63;0
147;18;336;11;42;1;88;3.20;6;2;1;75;0;4212188;313;0
147;18;336;11;42;3;8;3.40;2;1;1;74;0;4212308;188;0
147;18;336;11;42;4;26;3.40;7;2;1;84;0;4212426;562;0
147;18;336;11;42;5;99;3.60;6;2;1;81;0;4212599;395;0
147;18;336;11;42;5;99;3.40;2;1;1;78;0;4212599;274;0
147;18;336;11;42;5;99;3.20;3;1;1;67;0;4212599;402;0
147;18;336;11;42;6;57;3.40;1;1;1;74;0;4212657;1126;0
147;18;336;11;42;6;90;3.00;3;1;1;74;0;4212690;73;0
147;18;336;11;42;7;99;3.60;6;2;1;83;0;4212799;184;0
147;18;336;11;42;8;16;4.00;4;1;1;89;0;4212816;882;0
147;18;336;11;42;8;11;3.80;3;1;1;73;0;4212811;106;0
147;18;336;11;42;9;18;3.80;4;1;1;90;0;4212918;85;0
147;18;336;11;42;9;95;3.80;1;1;1;85;0;4212995;321;0
147;18;336;11;42;10;99;3.60;7;2;1;82;0;4213099;658;0
147;18;336;11;42;12;99;3.60;5;2;1;83;0;4213299;1185;0
147;18;336;11;42;13;11;3.00;2;1;1;74;0;4213311;696;0
147;18;336;11;42;14;80;3.80;1;1;1;80;0;4213480;468;0
147;18;336;11;42;15;1;4.00;7;2;1;80;0;4213501;386;0
147;18;336;11;42;15;99;3.00;2;1;1;77;0;4213599;273;0
147;18;336;11;42;16;2;3.00;6;2;1;70;0;4213602;787;0
147;18;336;11;42;16;56;3.60;3;1;1;82;0;4213656;826;0
147;18;336;11;42;17;99;3.80;8;2;1;74;0;4213799;2128;0
147;18;336;11;42;17;99;3.40;6;2;1;69;0;4213799;181;0
147;18;336;11;42;19;15;3.60;5;2;1;74;0;4213915;600;0
147;18;336;11;42;19;45;3.20;6;2;1;74;0;4213945;128;0
147;18;336;11;42;20;8;3.60;5;2;1;75;0;4214008;75;0
147;18;336;11;42;20;99;4.00;3;1;1;81;0;4214099;427;0
147;18;336;11;42;20;99;3.20;7;2;1;78;0;4214099;580;0
147;18;336;11;42;21;7;3.60;1;1;1;78;0;4214107;609;0
147;18;336;11;42;21;34;3.20;3;1;1;82;0;4214134;17;0
147;18;336;11;42;21;60;3.40;6;2;1;76;0;4214160;199;0
147;18;336;11;42;24;20;4.00;6;2;1;77;0;4214420;243;0
147;18;336;11;42;24;43;3.80;4;1;1;88;0;4214443;1509;0
147;18;336;11;42;24;60;3.40;1;1;1;75;0;4214460;336;0
147;18;336;11;42;24;82;3.80;7;2;1;79;0;4214482;368;0
147;18;336;11;42;26;99;3.00;3;1;1;73;0;4214699;550;0
147;18;336;11;42;26;51;3.60;5;2;1;77;0;4214651;625;0
147;18;336;11;42;27;99;3.40;3;1;1;74;0;4214799;85;0
147;18;336;11;42;28;99;3.40;5;2;1;80;0;4214899;231;0
147;18;336;11;42;29;18;4.00;4;1;1;86;0;4214918;459;0
147;18;336;11;42;29;58;3.40;6;2;1;73;0;4214958;519;0
147;18;336;11;42;30;99;3.60;3;1;1;71;0;4215099;283;0
147;18;336;11;42;31;99;3.80;6;2;1;71;0;4215199;224;0
147;18;336;11;42;32;62;3.60;3;1;1;74;0;4215262;144;0
147;18;336;11;42;34;1;3.60;6;2;1;82;0;4215401;182;0
147;18;336;11;42;34;99;5.40;3;1;1;70;0;4215499;219;0
147;18;336;11;42;35;19;3.80;5;2;1;87;0;4215519;604;0
147;18;336;11;42;35;24;3.80;4;1;1;83;0;4215524;589;0
147;18;336;11;42;35;99;3.40;3;1;1;69;0;4215599;72;0
147;18;336;11;42;36;0;3.20;4;1;1;80;0;4215600;59;0
147;18;336;11;42;36;99;3.80;6;2;1;77;0;4215699;282;0
147;18;336;11;42;36;22;3.60;8;2;1;89;0;4215622;1804;0
147;18;336;11;42;41;99;2.80;3;1;1;73;0;4216199;582;0
147;18;336;11;42;41;10;3.40;6;2;1;81;0;4216110;393;0
147;18;336;11;42;43;16;3.80;7;2;1;82;0;4216316;1816;0
147;18;336;11;42;43;16;3.20;4;1;1;76;0;4216316;701;0
147;18;336;11;42;43;17;3.40;2;1;1;71;0;4216317;2703;0
147;18;336;11;42;43;99;3.80;3;1;1;75;0;4216399;186;0
147;18;336;11;42;44;7;3.80;6;2;1;82;0;4216407;281;0
147;18;336;11;42;44;6;3.20;2;1;1;72;0;4216406;71;0
147;18;336;11;42;44;36;3.20;3;1;1;79;0;4216436;18;0
147;18;336;11;42;46;15;3.20;6;2;1;83;0;4216615;191;0
147;18;336;11;42;46;99;3.80;7;2;1;80;0;4216699;366;0
147;18;336;11;42;48;9;4.40;3;1;1;77;0;4216809;358;0
147;18;336;11;42;48;99;3.60;4;1;1;85;0;4216899;567;0
147;18;336;11;42;49;99;3.20;6;2;1;77;0;4216999;370;0
147;18;336;11;42;50;76;3.80;6;2;1;76;0;4217076;62;0
147;18;336;11;42;51;26;3.80;5;2;1;81;0;4217126;1591;0
147;18;336;11;42;51;99;3.60;7;2;1;87;0;4217199;482;0
147;18;336;11;42;52;1;3.20;6;2;1;80;0;4217201;107;0
147;18;336;11;42;52;19;4.00;1;1;1;95;0;4217219;2742;0
147;18;336;11;42;52;35;7.80;2;1;6;80;0;4217235;813;0
147;18;336;11;42;55;94;3.80;6;2;1;81;0;4217594;378;0
147;18;336;11;42;55;99;3.80;3;1;1;80;0;4217599;769;0
147;18;336;11;42;56;11;3.60;8;2;1;77;0;4217611;1974;0
147;18;336;11;42;57;31;3.80;4;1;1;80;0;4217731;816;0
147;18;336;11;42;57;42;3.40;6;2;1;80;0;4217742;131;0
147;18;336;11;42;58;99;3.20;5;2;1;84;0;4217899;756;0
147;18;336;11;42;58;99;3.40;4;1;1;81;0;4217899;150;0
147;18;336;11;42;58;99;4.40;3;1;1;78;0;4217899;282;0
147;18;336;11;43;0;56;3.80;3;1;1;80;0;4218056;136;0
147;18;336;11;43;0;99;3.80;2;1;1;76;0;4218099;828;0
147;18;336;11;43;1;99;3.80;6;2;1;81;0;4218199;441;0
147;18;336;11;43;2;1;3.60;2;1;1;73;0;4218201;84;0
147;18;336;11;43;2;26;4.00;7;2;1;76;0;4218226;1012;0
147;18;336;11;43;2;58;4.00;5;2;1;87;0;4218258;345;0
147;18;336;11;43;4;99;3.60;2;1;1;77;0;4218499;280;0
147;18;336;11;43;5;46;3.40;2;1;1;79;0;4218546;30;0
147;18;336;11;43;5;58;3.60;5;2;1;79;0;4218558;283;0
147;18;336;11;43;5;92;4.40;2;1;1;71;0;4218592;30;0
147;18;336;11;43;6;99;7.80;6;2;6;74;0;4218699;483;0
147;18;336;11;43;7;30;3.60;5;2;1;73;0;4218730;155;0
147;18;336;11;43;7;41;3.40;3;1;1;74;0;4218741;667;0
147;18;336;11;43;8;22;3.60;2;1;1;82;0;4218822;207;0
147;18;336;11;43;8;99;3.60;8;2;1;83;0;4218899;1271;0
147;18;336;11;43;6;33;4.00;7;2;1;12;0;4218633;388;0
147;18;336;11;43;9;99;3.40;3;1;1;74;0;4218999;241;0
147;18;336;11;43;9;99;4.00;5;2;1;84;0;4218999;251;0
147;18;336;11;43;10;7;3.40;4;1;1;82;0;4219007;1092;0
147;18;336;11;43;12;99;3.20;2;1;1;75;0;4219299;461;0
147;18;336;11;43;12;99;3.60;3;1;1;79;0;4219299;283;0
147;18;336;11;43;13;99;3.60;5;2;1;91;0;4219399;382;0
147;18;336;11;43;13;99;4.00;2;1;1;76;0;4219399;84;0
147;18;336;11;43;16;5;3.20;6;2;1;79;0;4219605;868;0
147;18;336;11;43;16;22;4.00;5;2;1;90;0;4219622;208;0
147;18;336;11;43;16;11;3.60;2;1;1;67;0;4219611;193;0
147;18;336;11;43;16;99;3.80;3;1;1;75;0;4219699;383;0
147;18;336;11;43;18;82;3.80;3;1;1;76;0;4219882;164;0
147;18;336;11;43;18;99;3.60;6;2;1;82;0;4219899;279;0
147;18;336;11;43;21;99;3.20;2;1;1;88;0;4220199;568;0
147;18;336;11;43;22;4;3.20;2;1;1;83;0;4220204;-1;0
147;18;336;11;43;22;12;3.60;8;2;1;69;0;4220212;1297;0
147;18;336;11;43;23;82;3.20;2;1;1;80;0;4220382;164;0
147;18;336;11;43;23;99;3.20;6;2;1;91;0;4220399;484;0
147;18;336;11;43;24;99;3.60;2;1;1;80;0;4220499;102;0
147;18;336;11;43;25;13;3.80;8;2;1;68;0;4220513;282;0
147;18;336;11;43;24;7;5.80;7;2;1;30;0;4220407;1654;0
147;18;336;11;43;25;53;6.40;6;2;1;75;0;4220553;141;0
147;18;336;11;43;26;99;3.80;5;2;1;83;0;4220699;1061;0
147;18;336;11;43;26;99;4.00;1;1;1;78;0;4220699;3464;0
147;18;336;11;43;27;18;3.60;2;1;1;76;0;4220718;202;0
147;18;336;11;43;27;99;3.60;3;1;1;88;0;4220799;899;0
147;18;336;11;43;27;0;3.60;5;2;1;82;0;4220700;-1;0
147;18;336;11;43;27;8;4.40;6;2;1;82;0;4220708;124;0
147;18;336;11;43;29;99;4.00;5;2;1;82;0;4220999;283;0
147;18;336;11;43;30;30;4.00;3;1;1;75;0;4221030;216;0
147;18;336;11;43;30;40;3.20;6;2;1;81;0;4221040;312;0
147;18;336;11;43;32;12;3.80;3;1;1;73;0;4221212;162;0
147;18;336;11;43;32;99;4.00;6;2;1;81;0;4221299;244;0
147;18;336;11;43;33;14;3.40;3;1;1;72;0;4221314;83;0
147;18;336;11;43;34;99;3.40;6;2;1;79;0;4221499;182;0
147;18;336;11;43;35;26;3.40;3;1;1;76;0;4221526;195;0
147;18;336;11;43;36;89;4.00;7;2;1;82;0;4221689;1212;0
147;18;336;11;43;37;99;3.20;3;1;1;76;0;4221799;256;0
147;18;336;11;43;37;99;3.60;4;1;1;80;0;4221799;2777;0
147;18;336;11;43;38;1;3.40;6;2;1;80;0;4221801;286;0
147;18;336;11;43;42;99;3.80;2;1;1;78;0;4222299;1563;0
147;18;336;11;43;43;59;3.60;3;1;1;80;0;4222359;544;0
147;18;336;11;43;45;28;3.80;3;1;1;84;0;4222528;152;0
147;18;336;11;43;46;25;3.60;3;1;1;85;0;4222625;80;0
147;18;336;11;43;46;54;4.00;8;2;1;74;0;4222654;2120;0
147;18;336;11;43;47;9;2.80;2;1;1;63;0;4222709;392;0
147;18;336;11;43;47;99;3.20;1;1;1;77;0;4222799;2081;0
147;18;336;11;43;47;99;3.00;6;2;1;82;0;4222799;982;0
147;18;336;11;43;47;99;3.20;3;1;1;80;0;4222799;158;0
147;18;336;11;43;49;99;3.20;3;1;1;78;0;4222999;185;4222359
147;18;336;11;43;49;99;4.20;7;2;1;73;0;4222999;1292;0
147;18;336;11;43;50;23;3.60;6;2;1;85;0;4223023;210;0
147;18;336;11;43;51;13;4.00;2;1;1;76;0;4223113;388;0
147;18;336;11;43;51;90;3.80;5;2;1;77;0;4223190;2173;0
147;18;336;11;43;51;99;3.80;3;1;1;84;0;4223199;185;4222359
147;18;336;11;43;52;27;3.60;6;2;1;81;0;4223227;188;4222359
147;18;336;11;43;54;99;3.60;2;1;1;77;0;4223499;367;0
147;18;336;11;43;55;99;3.80;2;1;1;79;0;4223599;83;0
147;18;336;11;43;56;3;3.60;6;2;1;84;0;4223603;360;0
147;18;336;11;43;57;4;3.80;5;2;1;90;0;4223704;496;0
147;18;336;11;43;57;3;3.60;2;1;1;71;0;4223703;86;0
147;18;336;11;43;57;99;4.60;5;2;1;88;0;4223799;79;0
147;18;336;11;43;58;99;3.60;6;2;1;76;0;4223899;280;0
147;18;336;11;43;58;99;3.80;3;1;1;79;0;4223899;683;0
147;18;336;11;44;0;6;3.40;2;1;1;77;0;4224006;284;0
147;18;336;11;44;0;99;3.60;6;2;1;77;0;4224099;182;0
147;18;336;11;44;0;99;3.60;3;1;1;77;0;4224099;182;0
147;18;336;11;44;1;39;3.40;6;2;1;78;0;4224139;23;0
147;18;336;11;44;1;38;3.40;8;2;1;74;0;4224138;1464;0
147;18;336;11;43;58;86;4.00;7;2;1;10;0;4223886;866;0
147;18;336;11;44;2;99;3.20;6;2;1;79;0;4224299;144;0
147;18;336;11;44;4;16;3.00;6;2;1;82;0;4224416;102;4223899
147;18;336;11;44;4;99;4.20;1;1;1;74;0;4224499;1685;0
147;18;336;11;44;5;99;4.00;2;1;1;78;0;4224599;577;0
147;18;336;11;44;6;25;3.60;3;1;1;78;0;4224625;509;0
147;18;336;11;44;6;52;3.60;2;1;1;79;0;4224652;34;0
147;18;336;11;44;6;57;3.60;6;2;1;73;0;4224657;227;0
147;18;336;11;44;7;99;3.20;6;2;1;73;0;4224799;124;0
147;18;336;11;44;7;99;3.40;2;1;1;77;0;4224799;130;0
147;18;336;11;44;8;99;3.80;3;1;1;77;0;4224899;257;0
147;18;336;11;44;8;99;3.60;6;2;1;71;0;4224899;84;0
147;18;336;11;44;8;1;3.40;4;1;1;77;0;4224801;2985;0
147;18;336;11;44;8;12;3.80;5;2;1;85;0;4224812;994;0
147;18;336;11;44;9;95;3.60;2;1;1;75;0;4224995;180;0
147;18;336;11;44;11;99;3.60;3;1;1;78;0;4225199;282;0
147;18;336;11;44;11;51;3.60;8;2;1;77;0;4225151;996;0
147;18;336;11;44;12;99;3.40;5;2;1;84;0;4225299;470;0
147;18;336;11;44;12;99;3.20;3;1;1;77;0;4225299;83;0
147;18;336;11;44;13;21;3.20;2;1;1;81;0;4225321;308;0
147;18;336;11;44;14;90;3.80;6;2;1;85;0;4225490;572;0
147;18;336;11;44;15;99;3.80;3;1;1;78;0;4225599;285;0
147;18;336;11;44;18;99;3.60;2;1;1;75;0;4225899;563;0
147;18;336;11;44;18;99;4.20;6;2;1;84;0;4225899;392;0
147;18;336;11;44;20;1;3.60;6;2;1;80;0;4226001;84;0
147;18;336;11;44;22;99;3.60;3;1;1;80;0;4226299;682;0
147;18;336;11;44;25;13;4.40;6;2;1;83;0;4226513;495;0
147;18;336;11;44;25;24;3.40;1;1;1;77;0;4226524;2004;0
147;18;336;11;44;26;99;4.00;8;2;1;80;0;4226699;1531;0
147;18;336;11;44;30;23;3.80;5;2;1;81;0;4227023;1709;0
147;18;336;11;44;29;4;3.20;6;2;1;75;0;4226904;371;0
147;18;336;11;44;30;99;3.20;6;2;1;76;0;4227099;179;0
147;18;336;11;44;30;99;3.40;3;1;1;80;0;4227099;783;0
147;18;336;11;44;32;52;4.80;4;1;1;90;0;4227252;2435;0
147;18;336;11;44;32;64;3.20;6;2;1;77;0;4227264;149;0
147;18;336;11;44;34;26;3.60;7;2;1;85;0;4227426;3396;0
147;18;336;11;44;34;99;3.20;6;2;1;79;0;4227499;220;0
147;18;336;11;44;34;25;4.00;4;1;1;93;0;4227425;153;0
147;18;336;11;44;35;12;3.40;5;2;1;81;0;4227512;472;0
147;18;336;11;44;35;99;3.40;4;1;1;93;0;4227599;158;0
147;18;336;11;44;36;13;3.20;3;1;1;76;0;4227613;498;0
147;18;336;11;44;35;41;1.00;7;2;1;1;1;4227541;99;0
147;18;336;11;44;37;47;4.40;6;2;1;79;0;4227747;233;0
147;18;336;11;44;37;74;3.60;2;1;1;83;0;4227774;1857;0
147;18;336;11;44;38;21;3.40;3;1;1;80;0;4227821;192;0
147;18;336;11;44;39;18;3.80;2;1;1;76;0;4227918;128;0
147;18;336;11;44;39;18;3.20;6;2;1;77;0;4227918;150;0
147;18;336;11;44;39;33;3.60;3;1;1;77;0;4227933;96;0
147;18;336;11;44;40;99;3.60;5;2;1;80;0;4228099;571;0
147;18;336;11;44;41;9;3.00;2;1;1;76;0;4228109;173;0
147;18;336;11;44;41;99;4.00;3;1;1;72;0;4228199;249;0
147;18;336;11;44;41;99;4.00;5;2;1;86;0;4228199;83;0
147;18;336;11;44;42;8;4.20;8;2;1;78;0;4228208;1491;0
147;18;336;11;44;42;32;3.20;3;1;1;72;0;4228232;13;0
147;18;336;11;44;42;55;3.80;2;1;1;77;0;4228255;131;0
147;18;336;11;44;43;99;3.80;7;2;1;78;0;4228399;957;0
147;18;336;11;44;43;99;3.80;2;1;1;74;0;4228399;126;4227774
147;18;336;11;44;44;99;3.60;3;1;1;73;0;4228499;251;0
147;18;336;11;44;44;2;3.40;2;1;1;75;0;4228402;-1;4227774
147;18;336;11;44;45;84;3.60;4;1;1;80;0;4228584;971;0
147;18;336;11;44;46;99;3.80;3;1;1;73;0;4228699;182;0
147;18;336;11;44;46;99;3.80;2;1;1;75;0;4228699;280;0
147;18;336;11;44;47;2;3.00;4;1;1;80;0;4228702;101;0
147;18;336;11;44;48;99;3.20;6;2;1;79;0;4228899;966;0
147;18;336;11;44;49;99;3.60;6;2;1;80;0;4228999;85;0
147;18;336;11;44;50;45;14.00;5;2;4;87;0;4229045;829;0
147;18;336;11;44;51;99;3.40;3;1;1;74;0;4229199;481;0
147;18;336;11;44;52;27;3.20;6;2;1;72;0;4229227;211;0
147;18;336;11;44;52;40;3.60;7;2;1;81;0;4229240;823;0
147;18;336;11;44;53;99;3.80;4;1;1;79;0;4229399;683;0
147;18;336;11;44;53;99;4.60;6;2;1;76;0;4229399;156;0
147;18;336;11;44;53;99;4.00;3;1;1;74;0;4229399;183;0
147;18;336;11;44;55;9;3.60;3;1;1;77;0;4229509;90;0
147;18;336;11;44;55;20;3.40;6;2;1;78;0;4229520;99;0
147;18;336;11;44;56;99;3.80;4;1;1;83;0;4229699;282;0
147;18;336;11;44;57;3;4.20;6;2;1;77;0;4229703;167;0
147;18;336;11;44;57;18;3.80;3;1;1;79;0;4229718;192;0
147;18;336;11;44;58;25;3.40;2;1;1;81;0;4229825;1107;0
147;18;336;11;44;58;99;3.60;3;1;1;78;0;4229899;163;4229199
147;18;336;11;44;59;6;4.00;1;1;1;89;0;4229906;3366;0
147;18;336;11;44;59;26;3.60;4;1;1;81;0;4229926;210;0
147;18;336;11;44;59;99;3.60;6;2;1;80;0;4229999;276;0
147;18;336;11;44;59;99;3.60;4;1;1;78;0;4229999;57;0
147;18;336;11;44;59;91;12.60;2;1;3;80;0;4229991;150;0
147;18;336;11;45;1;23;3.40;5;2;1;80;0;4230123;1020;0
147;18;336;11;45;2;17;3.60;6;2;1;74;0;4230217;201;0
147;18;336;11;45;2;23;3.00;2;1;1;80;0;4230223;175;0
147;18;336;11;45;3;19;3.60;6;2;1;75;0;4230319;84;0
147;18;336;11;45;3;99;4.60;3;1;1;81;0;4230399;483;0
147;18;336;11;45;4;3;3.80;5;2;1;88;0;4230403;264;0
147;18;336;11;45;4;20;3.60;2;1;1;80;0;4230420;183;0
147;18;336;11;45;4;99;11.20;6;2;3;76;0;4230499;162;0
147;18;336;11;45;5;68;3.80;7;2;1;82;0;4230568;1312;0
147;18;336;11;45;9;99;3.20;6;2;1;86;0;4230999;446;0
147;18;336;11;45;10;2;3.20;3;1;1;70;0;4231002;582;0
147;18;336;11;45;12;99;3.80;3;1;1;76;0;4231299;280;0
147;18;336;11;45;12;99;3.40;6;2;1;83;0;4231299;286;0
147;18;336;11;45;14;4;3.40;1;1;1;79;0;4231404;1481;0
147;18;336;11;45;14;99;3.80;7;2;1;85;0;4231499;914;0
147;18;336;11;45;16;14;3.60;2;1;1;78;0;4231614;1177;0
147;18;336;11;45;19;17;3.60;3;1;1;88;0;4231917;600;0
147;18;336;11;45;21;78;4.00;6;2;1;83;0;4232178;864;0
147;18;336;11;45;23;89;3.60;2;1;1;75;0;4232389;758;0
147;18;336;11;45;25;19;3.40;5;2;1;81;0;4232519;2100;0
147;18;336;11;45;24;99;9.00;2;1;6;74;0;4232499;92;0
147;18;336;11;45;25;99;3.80;3;1;1;82;0;4232599;667;0
147;18;336;11;45;25;24;4.00;4;1;1;85;0;4232524;2508;0
147;18;336;11;45;27;99;4.00;2;1;1;71;0;4232799;256;0
147;18;336;11;45;28;11;3.40;8;2;1;67;0;4232811;4583;0
147;18;336;11;45;28;79;3.40;6;2;1;73;0;4232879;683;0
147;18;336;11;45;30;12;3.40;6;2;1;71;0;4233012;116;0
147;18;336;11;45;30;99;3.20;2;1;1;70;0;4233099;279;0
147;18;336;11;45;30;22;3.60;6;2;1;70;0;4233022;-1;0
147;18;336;11;45;31;92;3.60;3;1;1;86;0;4233192;576;0
147;18;336;11;45;31;99;3.40;2;1;1;67;0;4233199;83;0
147;18;336;11;45;32;99;3.60;5;2;1;78;0;4233299;764;0
147;18;336;11;45;32;99;3.40;2;1;1;65;0;4233299;81;0
147;18;336;11;45;33;2;3.40;1;1;1;83;0;4233302;1882;0
147;18;336;11;45;33;46;3.40;8;2;1;83;0;4233346;516;0
147;18;336;11;45;33;54;3.20;6;2;1;76;0;4233354;313;0
147;18;336;11;45;34;99;3.60;3;1;1;80;0;4233499;291;0
147;18;336;11;45;34;99;3.40;2;1;1;65;0;4233499;181;0
147;18;336;11;45;35;99;4.60;6;2;1;76;0;4233599;229;0
147;18;336;11;45;36;97;3.80;6;2;1;74;0;4233697;76;0
147;18;336;11;45;38;5;3.00;5;2;1;80;0;4233805;489;0
147;18;336;11;45;38;48;3.20;6;2;1;74;0;4233848;132;0
147;18;336;11;45;39;1;3.60;5;2;1;80;0;4233901;82;0
147;18;336;11;45;39;99;3.60;5;2;1;80;0;4233999;81;0
147;18;336;11;45;39;99;4.80;8;2;1;87;0;4233999;638;0
147;18;336;11;45;40;13;3.80;6;2;1;75;0;4234013;149;0
147;18;336;11;45;40;99;1.20;7;1;1;36;0;4234099;-2;0
147;18;336;11;45;40;99;4.00;5;2;1;84;0;4234099;83;0
147;18;336;11;45;40;99;3.20;3;1;1;74;0;4234099;583;0
147;18;336;11;45;41;60;3.60;6;2;1;74;0;4234160;128;4233599
147;18;336;11;45;42;99;3.80;4;1;1;77;0;4234299;1758;0
147;18;336;11;45;42;99;3.20;3;1;1;76;0;4234299;184;0
147;18;336;11;45;43;8;3.60;1;1;1;70;0;4234308;991;0
147;18;336;11;45;43;16;3.80;6;2;1;82;0;4234316;138;4233599
147;18;336;11;45;43;40;3.60;3;1;1;78;0;4234340;25;4233599
147;18;336;11;45;44;70;3.60;6;2;1;76;0;4234470;137;4233599
147;18;336;11;45;44;99;3.80;8;2;1;78;0;4234499;480;0
147;18;336;11;45;45;99;3.40;4;1;1;83;0;4234599;282;0
147;18;336;11;45;46;12;3.60;8;2;1;77;0;4234612;95;0
147;18;336;11;45;46;46;3.00;6;2;1;83;0;4234646;158;4233599
147;18;336;11;45;47;99;2.80;4;1;1;79;0;4234799;185;4233599
147;18;336;11;45;48;99;7.20;3;1;6;71;0;4234899;542;0
147;18;336;11;45;48;99;3.20;4;1;1;79;0;4234899;87;0
147;18;336;11;45;49;99;3.40;3;1;1;80;0;4234999;63;0
147;18;336;11;45;49;99;4.40;5;2;1;84;0;4234999;882;0
147;18;336;11;45;50;1;3.80;4;1;1;78;0;4235001;87;0
147;18;336;11;45;50;99;3.60;6;2;1;84;0;4235099;439;0
147;18;336;11;45;50;99;4.00;3;1;1;81;0;4235099;84;0
147;18;336;11;45;51;25;3.20;4;1;1;81;0;4235125;106;4234599
147;18;336;11;45;51;26;4.00;7;2;1;77;0;4235126;3610;0
147;18;336;11;45;52;99;3.60;3;1;1;80;0;4235299;182;0
147;18;336;11;45;52;99;4.60;6;2;1;81;0;4235299;184;0
147;18;336;11;45;55;1;3.20;6;2;1;78;0;4235501;181;0
147;18;336;11;45;56;5;3.60;7;2;1;91;0;4235605;460;0
147;18;336;11;45;58;99;3.00;5;2;1;87;0;4235899;881;0
147;18;336;11;45;59;13;3.80;5;2;1;89;0;4235913;1;0
147;18;336;11;45;59;90;3.60;6;2;1;88;0;4235990;474;0
147;18;336;11;46;2;23;3.80;5;2;1;87;0;4236223;294;0
147;18;336;11;46;2;99;3.80;3;1;1;85;0;4236299;983;0
147;18;336;11;46;2;99;3.80;2;1;1;80;0;4236299;2781;0
147;18;336;11;46;4;40;3.40;6;2;1;85;0;4236440;435;0
147;18;336;11;46;5;99;7.00;3;1;2;72;0;4236599;283;0
147;18;336;11;46;6;99;3.60;6;2;1;77;0;4236699;244;0
147;18;336;11;46;7;5;3.80;6;2;1;75;0;4236705;-1;0
147;18;336;11;46;7;83;3.40;3;1;1;72;0;4236783;149;0
147;18;336;11;46;7;99;4.60;2;1;1;73;0;4236799;482;0
147;18;336;11;46;9;75;3.80;3;1;1;73;0;4236975;175;0
147;18;336;11;46;10;99;3.80;2;1;1;75;0;4237099;277;0
147;18;336;11;46;12;79;3.80;1;1;1;77;0;4237279;2952;0
147;18;336;11;46;12;83;3.00;3;1;1;73;0;4237283;289;0
147;18;336;11;46;14;29;3.60;4;1;1;81;0;4237429;2289;0
147;18;336;11;46;14;63;3.40;3;1;1;72;0;4237463;165;0
147;18;336;11;46;14;71;3.80;2;1;1;87;0;4237471;353;0
147;18;336;11;46;15;99;3.80;4;1;1;80;0;4237599;154;0
147;18;336;11;46;15;99;3.80;3;1;1;79;0;4237599;119;0
147;18;336;11;46;16;99;5.20;5;2;1;95;0;4237699;1460;0
147;18;336;11;46;17;11;3.40;6;2;1;87;0;4237711;987;0
147;18;336;11;46;17;86;3.60;3;1;1;74;0;4237786;169;0
147;18;336;11;46;19;8;3.80;2;1;1;81;0;4237908;421;0
147;18;336;11;46;19;99;3.60;3;1;1;69;0;4237999;195;4237283
147;18;336;11;46;20;3;3.80;5;2;1;86;0;4238003;284;0
147;18;336;11;46;20;99;3.20;6;2;1;77;0;4238099;373;0
147;18;336;11;46;20;99;3.40;4;1;1;83;0;4238099;482;0
147;18;336;11;46;20;99;3.60;2;1;1;77;0;4238099;174;0
147;18;336;11;46;21;99;3.40;2;1;1;75;0;4238199;83;0
147;18;336;11;46;22;41;4.00;2;1;1;73;0;4238241;25;0
147;18;336;11;46;25;94;3.40;1;1;1;78;0;4238594;1297;0
147;18;336;11;46;25;99;3.60;3;1;1;75;0;4238599;581;0
147;18;336;11;46;26;4;3.40;5;2;1;83;0;4238604;585;0
147;18;336;11;46;26;99;3.40;6;2;1;73;0;4238699;585;0
147;18;336;11;46;27;19;3.80;8;2;1;80;0;4238719;4090;0
147;18;336;11;46;27;91;3.80;3;1;1;76;0;4238791;174;0
147;18;336;11;46;28;10;3.80;5;2;1;85;0;4238810;191;0
147;18;336;11;46;28;99;3.60;6;2;1;72;0;4238899;183;0
147;18;336;11;46;28;99;3.80;4;1;1;79;0;4238899;785;0
147;18;336;11;46;28;99;3.40;5;2;1;85;0;4238899;72;0
147;18;336;11;46;28;99;3.60;1;1;1;76;0;4238899;289;0
147;18;336;11;46;29;99;3.80;8;2;1;76;0;4238999;262;0
147;18;336;11;46;29;33;4.40;3;1;1;79;0;4238933;124;0
147;18;336;11;46;30;99;3.60;1;1;1;76;0;4239099;182;0
147;18;336;11;46;30;99;4.00;4;1;1;83;0;4239099;182;0
147;18;336;11;46;31;99;3.60;7;2;1;80;0;4239199;3579;0
147;18;336;11;46;31;99;3.40;2;1;1;76;0;4239199;938;0
147;18;336;11;46;32;39;3.60;6;2;1;80;0;4239239;322;0
147;18;336;11;46;33;22;3.20;1;1;1;76;0;4239322;205;0
147;18;336;11;46;33;99;3.20;2;1;1;81;0;4239399;183;0
147;18;336;11;46;33;99;3.80;7;2;1;80;0;4239399;183;0
147;18;336;11;46;34;99;3.20;6;2;1;85;0;4239499;243;0
147;18;336;11;46;35;89;4.00;2;1;1;78;0;4239589;175;0
147;18;336;11;46;37;39;3.60;5;2;1;86;0;4239739;825;0
147;18;336;11;46;37;34;3.40;6;2;1;72;0;4239734;221;0
147;18;336;11;46;38;99;3.20;3;1;1;73;0;4239899;945;0
147;18;336;11;46;38;99;3.60;7;2;1;78;0;4239899;482;0
147;18;336;11;46;39;99;3.40;6;2;1;84;0;4239999;248;0
147;18;336;11;46;39;99;3.60;3;1;1;72;0;4239999;84;0
147;18;336;11;46;40;74;3.00;6;2;1;73;0;4240074;60;0
147;18;336;11;46;40;99;3.40;3;1;1;71;0;4240099;82;0
147;18;336;11;46;41;26;3.60;4;1;1;85;0;4240126;1009;0
147;18;336;11;46;41;99;3.40;8;2;1;77;0;4240199;1182;0
147;18;336;11;46;42;1;3.80;5;2;1;85;0;4240201;446;0
147;18;336;11;46;42;19;3.60;3;1;1;71;0;4240219;102;0
147;18;336;11;46;43;4;4.20;4;1;1;82;0;4240304;162;0
147;18;336;11;46;43;87;3.80;7;2;1;80;0;4240387;471;0
147;18;336;11;46;43;99;3.60;2;1;1;71;0;4240399;791;0
147;18;336;11;46;45;45;3.60;6;2;1;72;0;4240545;456;0
147;18;336;11;46;45;66;3.20;5;2;1;95;0;4240566;348;0
147;18;336;11;46;45;99;3.60;3;1;1;75;0;4240599;361;0
147;18;336;11;46;46;99;3.80;6;2;1;78;0;4240699;136;0
147;18;336;11;46;48;99;4.00;2;1;1;83;0;4240899;481;0
147;18;336;11;46;50;29;3.80;5;2;1;89;0;4241029;450;0
147;18;336;11;46;49;65;15.40;6;2;4;75;0;4240965;248;0
147;18;336;11;46;52;1;3.20;6;2;1;75;0;4241201;162;0
147;18;336;11;46;53;99;3.60;3;1;1;82;0;4241399;782;0
147;18;336;11;46;54;21;3.80;7;2;1;91;0;4241421;1016;0
147;18;336;11;46;55;38;3.80;3;1;1;74;0;4241538;123;0
147;18;336;11;46;55;75;3.60;4;1;1;80;0;4241575;1252;0
147;18;336;11;46;56;99;3.00;6;2;1;77;0;4241699;482;0
147;18;336;11;46;57;10;3.00;4;1;1;81;0;4241710;118;0
147;18;336;11;46;57;9;3.40;3;1;1;76;0;4241709;152;0
147;18;336;11;46;58;89;3.60;6;2;1;77;0;4241889;175;0
147;18;336;11;46;59;99;3.40;3;1;1;74;0;4241999;273;0
147;18;336;11;46;59;99;3.60;2;1;1;83;0;4241999;1082;0
147;18;336;11;46;59;99;3.40;8;2;1;87;0;4241999;1784;0
147;18;336;11;46;59;99;3.80;4;1;1;75;0;4241999;275;0
147;18;336;11;47;0;7;3.60;3;1;1;73;0;4242007;-1;0
147;18;336;11;47;0;45;3.60;4;1;1;76;0;4242045;27;0
147;18;336;11;47;1;99;3.60;5;2;1;85;0;4242199;1154;0
147;18;336;11;47;1;99;3.80;3;1;1;74;0;4242199;174;0
147;18;336;11;47;1;99;3.40;6;2;1;74;0;4242199;293;0
147;18;336;11;47;1;99;3.80;4;1;1;75;0;4242199;136;0
147;18;336;11;47;2;99;3.20;6;2;1;73;0;4242299;83;0
147;18;336;11;47;3;8;3.80;5;2;1;82;0;4242308;93;0
147;18;336;11;47;3;37;3.60;3;1;1;68;0;4242337;119;0
147;18;336;11;47;3;93;4.00;4;1;1;80;0;4242393;175;0
147;18;336;11;47;4;99;3.00;3;1;1;77;0;4242499;142;4241399
147;18;336;11;47;4;99;3.20;8;2;1;73;0;4242499;485;0
147;18;336;11;47;4;99;3.60;2;1;1;85;0;4242499;484;0
147;18;336;11;47;5;2;4.60;7;2;1;91;0;4242502;1065;0
147;18;336;11;47;5;19;3.20;6;2;1;75;0;4242519;204;0
147;18;336;11;47;6;8;3.60;3;1;1;77;0;4242608;94;4241399
147;18;336;11;47;7;99;3.20;6;2;1;72;0;4242799;264;0
147;18;336;11;47;7;99;3.00;3;1;1;78;0;4242799;174;4241399
147;18;336;11;47;9;99;3.80;6;2;1;71;0;4242999;184;4241399
147;18;336;11;47;10;16;3.20;5;2;1;84;0;4243016;691;0
147;18;336;11;47;12;99;3.40;2;1;1;74;0;4243299;784;0
147;18;336;11;47;12;99;3.00;3;1;1;74;0;4243299;486;0
147;18;336;11;47;14;99;3.60;7;2;1;75;0;4243499;978;0
147;18;336;11;47;14;99;3.00;3;1;1;69;0;4243499;185;0
147;18;336;11;47;15;99;3.60;8;2;1;73;0;4243599;1084;0
147;18;336;11;47;15;99;3.80;4;1;1;80;0;4243599;1188;0
147;18;336;11;47;15;99;3.40;6;2;1;88;0;4243599;580;0
147;18;336;11;47;17;99;3.20;6;2;1;74;0;4243799;186;0
147;18;336;11;47;18;15;3.00;3;1;1;71;0;4243815;300;0
147;18;336;11;47;19;99;4.20;6;2;1;78;0;4243999;184;0
147;18;336;11;47;20;17;3.60;7;2;1;77;0;4244017;500;0
147;18;336;11;47;21;3;3.20;6;2;1;77;0;4244103;84;0
147;18;336;11;47;21;5;3.80;5;2;1;82;0;4244105;1075;0
147;18;336;11;47;21;16;3.40;3;1;1;70;0;4244116;285;0
147;18;336;11;47;21;99;4.60;6;2;1;76;0;4244199;81;4243599
147;18;336;11;47;25;20;3.60;5;2;1;83;0;4244520;398;0
147;18;336;11;47;26;49;3.60;6;2;1;81;0;4244649;428;0
147;18;336;11;47;28;99;3.80;3;1;1;73;0;4244899;765;0
147;18;336;11;47;29;97;3.40;2;1;1;83;0;4244997;1681;0
147;18;336;11;47;29;99;4.60;5;2;1;93;0;4244999;463;0
147;18;336;11;47;30;6;3.40;2;1;1;81;0;4245006;-1;0
147;18;336;11;47;31;2;3.60;6;2;1;77;0;4245102;437;0
147;18;336;11;47;31;19;4.60;5;2;1;81;0;4245119;102;0
147;18;336;11;47;31;59;4.00;7;2;1;91;0;4245159;1125;0
147;18;336;11;47;31;81;3.80;3;1;1;74;0;4245181;263;0
147;18;336;11;47;32;99;3.60;2;1;1;76;0;4245299;277;0
147;18;336;11;47;33;99;3.40;3;1;1;70;0;4245399;199;0
147;18;336;11;47;34;73;3.40;3;1;1;68;0;4245473;56;0
147;18;336;11;47;35;30;3.40;3;1;1;82;0;4245530;39;0
147;18;336;11;47;35;99;3.20;2;1;1;78;0;4245599;282;0
147;18;336;11;47;35;99;3.00;3;1;1;75;0;4245599;54;4245181
147;18;336;11;47;37;99;3.20;4;1;1;78;0;4245799;2182;0
147;18;336;11;47;37;99;3.40;3;1;1;75;0;4245799;185;4245181
147;18;336;11;47;37;99;3.40;6;2;1;70;0;4245799;680;0
147;18;336;11;47;38;99;3.40;2;1;1;78;0;4245899;285;0
147;18;336;11;47;39;25;3.20;3;1;1;77;0;4245925;109;4245181
147;18;336;11;47;39;68;4.00;5;2;1;82;0;4245968;828;0
147;18;336;11;47;39;99;3.80;6;2;1;74;0;4245999;182;0
147;18;336;11;47;39;99;5.00;7;2;1;77;0;4245999;824;0
147;18;336;11;47;40;99;4.00;5;2;1;83;0;4246099;113;0
147;18;336;11;47;41;32;3.80;2;1;1;77;0;4246132;217;0
147;18;336;11;47;42;5;5.20;7;2;1;74;0;4246205;182;0
147;18;336;11;47;42;99;3.80;4;1;1;86;0;4246299;485;0
147;18;336;11;47;43;5;3.00;7;2;1;76;0;4246305;74;0
147;18;336;11;47;44;45;3.40;6;2;1;78;0;4246445;427;0
147;18;336;11;47;44;92;3.20;3;1;1;73;0;4246492;552;0
147;18;336;11;47;45;6;3.80;4;1;1;81;0;4246506;191;0
147;18;336;11;47;45;99;3.60;6;2;1;77;0;4246599;138;0
147;18;336;11;47;46;99;3.00;3;1;1;74;0;4246699;191;0
147;18;336;11;47;47;10;3.20;2;1;1;74;0;4246710;560;0
147;18;336;11;47;47;15;3.40;6;2;1;78;0;4246715;99;0
147;18;336;11;47;47;89;3.40;4;1;1;79;0;4246789;266;0
147;18;336;11;47;47;99;3.40;3;1;1;72;0;4246799;85;0
147;18;336;11;47;49;37;3.00;2;1;1;70;0;4246937;211;0
147;18;336;11;47;49;91;3.80;1;1;1;80;0;4246991;7653;0
147;18;336;11;47;50;6;4.00;4;1;1;78;0;4247006;201;0
147;18;336;11;47;50;20;3.20;3;1;1;74;0;4247020;204;0
147;18;336;11;47;51;99;3.80;3;1;1;70;0;4247199;163;0
147;18;336;11;47;52;99;3.60;3;1;1;73;0;4247299;80;0
147;18;336;11;47;52;99;3.80;6;2;1;79;0;4247299;568;0
147;18;336;11;47;53;99;3.80;4;1;1;81;0;4247399;374;0
147;18;336;11;47;53;99;3.00;6;2;1;78;0;4247399;82;0
147;18;336;11;47;53;99;3.60;2;1;1;73;0;4247399;446;0
147;18;336;11;47;54;62;3.40;3;1;1;78;0;4247462;145;0
147;18;336;11;47;55;20;3.60;4;1;1;80;0;4247520;104;0
147;18;336;11;47;55;99;3.20;2;1;1;71;0;4247599;182;0
147;18;336;11;47;56;11;3.40;4;1;1;81;0;4247611;74;0
147;18;336;11;47;56;99;3.40;6;2;1;76;0;4247699;286;0
147;18;336;11;47;57;83;3.60;5;2;1;87;0;4247783;1666;0
147;18;336;11;47;57;91;3.20;6;2;1;76;0;4247791;75;0
147;18;336;11;47;58;99;4.00;6;2;1;74;0;4247899;92;0
147;18;336;11;47;58;99;3.00;3;1;1;70;0;4247899;421;0
147;18;336;11;47;59;26;3.40;2;1;1;82;0;4247926;310;0
147;18;336;11;48;0;99;4.40;6;2;1;78;0;4248099;180;0
147;18;336;11;48;1;99;3.40;6;2;1;76;0;4248199;79;4247699
147;18;336;11;48;1;18;3.80;7;2;1;82;0;4248118;1798;0
147;18;336;11;48;2;71;3.80;4;1;1;85;0;4248271;644;0
147;18;336;11;48;2;93;3.80;2;1;1;77;0;4248293;352;0
147;18;336;11;48;1;66;25.40;5;2;5;78;0;4248166;368;0
147;18;336;11;48;5;99;3.80;3;1;1;76;0;4248599;684;0
147;18;336;11;48;6;99;3.00;3;1;1;81;0;4248699;82;0
147;18;336;11;48;6;99;6.80;6;2;6;78;0;4248699;483;0
147;18;336;11;48;6;99;3.20;2;1;1;71;0;4248699;388;0
147;18;336;11;48;8;99;3.00;2;1;1;68;0;4248899;183;0
147;18;336;11;48;9;17;3.40;2;1;1;62;0;4248917;2;0
147;18;336;11;48;8;0;1.00;7;2;1;1;1;4248800;665;0
147;18;336;11;48;9;89;10.40;3;1;7;75;0;4248989;276;0
147;18;336;11;48;12;51;3.80;1;1;1;74;0;4249251;2242;0
147;18;336;11;48;13;2;3.60;6;2;1;96;0;4249302;571;0
147;18;336;11;48;13;99;3.80;3;1;1;81;0;4249399;360;0
147;18;336;11;48;14;99;4.00;1;1;1;71;0;4249499;229;0
147;18;336;11;48;14;9;4.00;4;1;1;85;0;4249409;1121;0
147;18;336;11;48;15;99;5.80;2;1;1;79;0;4249599;662;0
147;18;336;11;48;16;99;4.00;8;2;1;83;0;4249699;6082;0
147;18;336;11;48;17;17;3.80;2;1;1;77;0;4249717;91;0
147;18;336;11;48;16;47;5.60;7;2;1;32;0;4249647;1512;0
147;18;336;11;48;17;68;4.00;3;1;1;81;0;4249768;352;0
147;18;336;11;48;18;99;3.80;4;1;1;87;0;4249899;473;0
147;18;336;11;48;19;12;3.40;2;1;1;77;0;4249912;177;0
147;18;336;11;48;19;99;3.80;6;2;1;80;0;4249999;683;0
147;18;336;11;48;19;25;6.20;3;1;1;83;0;4249925;139;0
147;18;336;11;48;20;99;3.80;3;1;1;82;0;4250099;147;0
147;18;336;11;48;22;26;3.20;2;1;1;79;0;4250226;298;0
147;18;336;11;48;23;91;3.20;7;2;1;74;0;4250391;681;0
147;18;336;11;48;23;99;3.60;2;1;1;82;0;4250399;158;0
147;18;336;11;48;24;99;6.40;7;2;1;84;0;4250499;92;0
147;18;336;11;48;25;18;3.40;3;1;1;80;0;4250518;402;0
147;18;336;11;48;27;28;3.40;7;2;1;82;0;4250728;201;0
147;18;336;11;48;27;99;3.60;2;1;1;79;0;4250799;384;0
147;18;336;11;48;29;99;3.00;5;2;1;90;0;4250999;2715;0
147;18;336;11;48;30;21;3.40;3;1;1;84;0;4251021;487;0
147;18;336;11;48;30;50;3.80;7;2;1;92;0;4251050;307;0
147;18;336;11;48;31;20;3.60;5;2;1;85;0;4251120;109;0
147;18;336;11;48;31;99;3.40;6;2;1;77;0;4251199;1182;0
147;18;336;11;48;31;99;3.60;3;1;1;78;0;4251199;163;0
147;18;336;11;48;32;43;3.40;6;2;1;76;0;4251243;28;0
147;18;336;11;48;33;95;3.80;3;1;1;78;0;4251395;179;0
147;18;336;11;48;34;29;3.00;2;1;1;80;0;4251429;613;0
147;18;336;11;48;36;99;3.60;3;1;1;81;0;4251699;286;0
147;18;336;11;48;37;99;3.40;6;2;1;74;0;4251799;539;0
147;18;336;11;48;37;82;8.60;1;1;6;68;0;4251782;2262;0
147;18;336;11;48;39;13;3.40;6;2;1;77;0;4251913;97;0
147;18;336;11;48;39;99;3.60;5;2;1;88;0;4251999;863;0
147;18;336;11;48;39;99;3.60;1;1;1;68;0;4251999;171;0
147;18;336;11;48;40;23;3.80;3;1;1;78;0;4252023;308;0
147;18;336;11;48;40;70;3.20;6;2;1;70;0;4252070;141;0
147;18;336;11;48;40;99;9.40;7;2;2;57;0;4252099;1034;0
147;18;336;11;48;41;99;4.40;3;1;1;77;0;4252199;158;0
147;18;336;11;48;41;99;4.60;6;2;1;67;0;4252199;112;0
147;18;336;11;48;42;99;4.00;7;2;1;82;0;4252299;140;0
147;18;336;11;48;43;12;4.20;5;2;1;83;0;4252312;298;0
147;18;336;11;48;43;44;5.80;6;2;1;68;0;4252344;120;4251799
147;18;336;11;48;43;94;3.40;2;1;1;82;0;4252394;951;0
147;18;336;11;48;45;30;3.20;2;1;1;79;0;4252530;121;0
147;18;336;11;48;46;98;3.40;6;2;1;75;0;4252698;323;0
147;18;336;11;48;46;99;4.20;7;2;1;93;0;4252699;382;0
147;18;336;11;48;46;99;3.80;3;1;1;75;0;4252699;479;0
147;18;336;11;48;48;8;3.80;3;1;1;77;0;4252808;90;0
147;18;336;11;48;48;19;3.40;6;2;1;76;0;4252819;104;0
147;18;336;11;48;48;62;3.40;7;2;1;84;0;4252862;146;0
147;18;336;11;48;49;99;3.80;6;2;1;79;0;4252999;163;0
147;18;336;11;48;49;99;3.40;1;1;1;82;0;4252999;980;0
147;18;336;11;48;49;99;3.80;3;1;1;79;0;4252999;173;0
147;18;336;11;48;51;22;3.80;2;1;1;88;0;4253122;577;0
147;18;336;11;48;51;99;3.20;7;2;1;85;0;4253199;322;0
147;18;336;11;48;51;99;3.40;6;2;1;77;0;4253199;182;0
147;18;336;11;48;52;99;3.60;1;1;1;85;0;4253299;285;0
147;18;336;11;48;52;99;3.80;6;2;1;77;0;4253299;84;4252698
147;18;336;11;48;55;32;3.00;6;2;1;76;0;4253532;215;0
147;18;336;11;48;55;46;3.80;3;1;1;84;0;4253546;529;0
147;18;336;11;48;56;24;3.40;2;1;1;76;0;4253624;486;0
147;18;336;11;48;57;22;3.20;2;1;1;76;0;4253722;81;0
147;18;336;11;48;57;99;5.00;6;2;1;75;0;4253799;252;0
147;18;336;11;48;57;99;3.60;3;1;1;77;0;4253799;236;0
147;18;336;11;48;58;51;3.20;6;2;1;78;0;4253851;28;0
147;18;336;11;49;1;73;7.60;3;1;6;76;0;4254173;357;0
147;18;336;11;49;1;99;3.40;6;2;1;75;0;4254199;333;0
147;18;336;11;49;2;28;3.60;7;2;1;85;0;4254228;1015;0
147;18;336;11;49;3;25;3.20;6;2;1;77;0;4254325;109;0
147;18;336;11;49;3;27;3.40;3;1;1;74;0;4254327;118;0
147;18;336;11;49;4;99;3.60;3;1;1;75;0;4254499;155;0
147;18;336;11;49;5;99;3.60;6;2;1;76;0;4254599;259;0
147;18;336;11;49;5;99;3.80;1;1;1;79;0;4254599;1284;0
147;18;336;11;49;9;99;3.80;7;2;1;82;0;4254999;755;0
147;18;336;11;49;9;99;3.80;1;1;1;80;0;4254999;382;0
147;18;336;11;49;10;28;3.20;7;2;1;79;0;4255028;12;0
147;18;336;11;49;11;10;3.60;5;2;1;90;0;4255110;2779;0
147;18;336;11;49;11;13;3.40;4;1;1;87;0;4255113;5198;0
147;18;336;11;49;11;17;3.40;2;1;1;75;0;4255117;1379;0
147;18;336;11;49;13;2;3.40;3;1;1;78;0;4255302;785;0
147;18;336;11;49;13;99;4.00;2;1;1;71;0;4255399;265;0
147;18;336;11;49;15;2;3.20;3;1;1;80;0;4255502;184;0
147;18;336;11;49;15;99;4.00;4;1;1;89;0;4255599;471;0
147;18;336;11;49;16;18;3.00;3;1;1;77;0;4255618;101;0
147;18;336;11;49;16;43;3.40;4;1;1;88;0;4255643;27;0
147;18;336;11;49;16;79;3.80;7;2;1;86;0;4255679;636;0
147;18;336;11;49;17;99;3.80;4;1;1;86;0;4255799;142;0
147;18;336;11;49;18;99;4.20;5;2;1;79;0;4255899;774;0
147;18;336;11;49;19;99;3.80;2;1;1;91;0;4255999;579;0
147;18;336;11;49;19;99;3.60;6;2;1;75;0;4255999;1382;0
147;18;336;11;49;20;99;3.20;3;1;1;83;0;4256099;466;0
147;18;336;11;49;20;99;6.40;4;1;1;92;0;4256099;284;0
147;18;336;11;49;22;8;3.40;2;1;1;87;0;4256208;193;0
147;18;336;11;49;23;99;7.20;6;2;6;72;0;4256399;382;0
147;18;336;11;49;22;5;4.60;7;2;1;17;0;4256205;510;0
147;18;336;11;49;24;99;3.60;4;1;1;91;0;4256499;374;0
147;18;336;11;49;24;99;3.80;5;2;1;86;0;4256499;580;0
147;18;336;11;49;25;2;4.40;7;2;1;79;0;4256502;199;0
147;18;336;11;49;26;21;3.40;3;1;1;88;0;4256621;508;0
147;18;336;11;49;26;19;7.20;6;2;6;82;0;4256619;184;0
147;18;336;11;49;27;99;3.60;6;2;1;81;0;4256799;148;0
147;18;336;11;49;28;14;4.00;7;2;1;77;0;4256814;291;0
147;18;336;11;49;29;24;3.40;1;1;1;78;0;4256924;1907;0
147;18;336;11;49;29;83;3.40;3;1;1;74;0;4256983;348;0
147;18;336;11;49;29;99;4.00;6;2;1;83;0;4256999;184;0
147;18;336;11;49;30;99;3.40;3;1;1;73;0;4257099;99;0
147;18;336;11;49;32;99;3.60;6;2;1;89;0;4257299;282;0
147;18;336;11;49;32;99;4.00;4;1;1;82;0;4257299;785;0
147;18;336;11;49;33;99;16.80;7;2;5;75;0;4257399;566;0
147;18;336;11;49;34;12;3.20;3;1;1;75;0;4257412;296;0
147;18;336;11;49;34;40;4.00;6;2;1;85;0;4257440;126;0
147;18;336;11;49;34;47;3.80;2;1;1;72;0;4257447;1224;0
147;18;336;11;49;35;99;3.60;3;1;1;71;0;4257599;171;0
147;18;336;11;49;36;30;3.40;2;1;1;71;0;4257630;164;0
147;18;336;11;49;37;13;3.80;3;1;1;70;0;4257713;95;0
147;18;336;11;49;38;99;3.40;3;1;1;70;0;4257899;166;0
147;18;336;11;49;38;99;4.60;6;2;1;76;0;4257899;442;0
147;18;336;11;49;39;28;3.00;5;2;1;81;0;4257928;1413;0
147;18;336;11;49;39;41;3.60;4;1;1;85;0;4257941;624;0
147;18;336;11;49;39;54;3.20;1;1;1;63;0;4257954;1014;0
147;18;336;11;49;40;99;3.60;1;1;1;66;0;4258099;126;0
147;18;336;11;49;40;99;4.00;7;2;1;88;0;4258099;619;0
147;18;336;11;49;41;6;3.20;5;2;1;82;0;4258106;164;0
147;18;336;11;49;41;99;3.60;2;1;1;74;0;4258199;551;0
147;18;336;11;49;41;40;4.00;3;1;1;78;0;4258140;223;0
147;18;336;11;49;42;99;3.60;2;1;1;75;0;4258299;82;0
147;18;336;11;49;42;99;3.60;5;2;1;88;0;4258299;178;0
147;18;336;11;49;43;99;3.80;7;2;1;79;0;4258399;283;0
147;18;336;11;49;44;16;3.60;3;1;1;82;0;4258416;257;0
147;18;336;11;49;45;10;4.00;8;2;1;84;0;4258510;8793;0
147;18;336;11;49;46;16;3.40;6;2;1;74;0;4258616;695;0
147;18;336;11;49;46;99;3.80;3;1;1;78;0;4258699;267;0
147;18;336;11;49;46;99;3.40;7;2;1;82;0;4258699;282;0
147;18;336;11;49;47;99;5.80;2;1;1;77;0;4258799;482;0
147;18;336;11;49;48;99;3.00;6;2;1;77;0;4258899;266;0
147;18;336;11;49;48;99;4.00;7;2;1;82;0;4258899;185;0
147;18;336;11;49;49;39;3.60;6;2;1;80;0;4258939;25;0
147;18;336;11;49;50;13;3.40;2;1;1;78;0;4259013;186;0
147;18;336;11;49;50;99;3.40;1;1;1;88;0;4259099;980;0
147;18;336;11;49;50;99;4.00;3;1;1;81;0;4259099;382;0
147;18;336;11;49;53;99;3.60;3;1;1;73;0;4259399;282;0
147;18;336;11;49;55;5;4.00;6;2;1;90;0;4259505;549;0
147;18;336;11;49;56;99;3.20;7;2;1;78;0;4259699;782;0
147;18;336;11;49;56;99;3.20;8;2;1;74;0;4259699;1171;0
147;18;336;11;49;57;65;3.60;3;1;1;79;0;4259765;348;0
147;18;336;11;49;57;90;3.60;6;2;1;89;0;4259790;269;0
147;18;336;11;49;59;4;3.20;7;2;1;82;0;4259904;190;0
147;18;336;11;50;1;99;3.20;6;2;1;81;0;4260199;394;0
147;18;336;11;50;3;99;8.60;6;2;6;76;0;4260399;185;0
147;18;336;11;50;4;84;24.40;4;1;5;82;0;4260484;2527;0
147;18;336;11;50;5;99;3.80;8;2;1;73;0;4260599;884;0
147;18;336;11;50;6;0;3.20;6;2;1;78;0;4260600;160;0
147;18;336;11;50;6;99;3.40;4;1;1;79;0;4260699;107;0
147;18;336;11;50;7;10;4.80;8;2;1;76;0;4260710;92;0
147;18;336;11;50;7;18;3.60;3;1;1;78;0;4260718;936;0
147;18;336;11;50;8;11;3.40;4;1;1;79;0;4260811;96;0
147;18;336;11;50;8;99;3.40;2;1;1;69;0;4260899;1870;0
147;18;336;11;50;8;99;3.40;3;1;1;77;0;4260899;164;0
147;18;336;11;50;8;99;3.20;1;1;1;80;0;4260899;1786;0
147;18;336;11;50;9;16;3.60;7;2;1;80;0;4260916;997;0
147;18;336;11;50;10;99;3.40;7;2;1;81;0;4261099;166;0
147;18;336;11;50;11;18;3.40;2;1;1;76;0;4261118;201;0
147;18;336;11;50;12;65;3.60;3;1;1;77;0;4261265;350;0
147;18;336;11;50;14;5;3.40;2;1;1;78;0;4261405;270;0
147;18;336;11;50;14;11;3.80;4;1;1;87;0;4261411;584;0
147;18;336;11;50;15;43;3.80;3;1;1;79;0;4261543;261;0
147;18;336;11;50;16;99;3.40;4;1;1;84;0;4261699;272;0
147;18;336;11;50;16;99;3.80;2;1;1;77;0;4261699;278;0
147;18;336;11;50;16;99;3.20;7;2;1;82;0;4261699;584;0
147;18;336;11;50;18;92;3.60;6;2;1;84;0;4261892;1277;0
147;18;336;11;50;19;99;3.80;3;1;1;82;0;4261999;438;0
147;18;336;11;50;19;99;2.80;1;1;1;78;0;4261999;1085;0
147;18;336;11;50;20;28;3.60;4;1;1;84;0;4262028;314;0
147;18;336;11;50;20;93;6.00;6;2;1;81;0;4262093;185;0
147;18;336;11;50;21;13;3.80;2;1;1;70;0;4262113;396;0
147;18;336;11;50;21;27;3.40;3;1;1;83;0;4262127;111;0
147;18;336;11;50;21;99;3.60;1;1;1;76;0;4262199;187;0
147;18;336;11;50;21;99;3.80;7;2;1;82;0;4262199;485;0
147;18;336;11;50;23;92;3.80;1;1;1;83;0;4262392;175;0
147;18;336;11;50;23;99;3.20;4;1;1;93;0;4262399;355;0
147;18;336;11;50;23;99;3.60;6;2;1;82;0;4262399;279;0
147;18;336;11;50;23;99;3.40;3;1;1;79;0;4262399;257;0
147;18;336;11;50;24;99;3.80;3;1;1;79;0;4262499;84;0
147;18;336;11;50;26;99;3.80;4;1;1;85;0;4262699;287;0
147;18;336;11;50;27;99;3.40;3;1;1;80;0;4262799;282;0
147;18;336;11;50;29;99;3.60;2;1;1;78;0;4262999;866;0
147;18;336;11;50;32;99;3.60;3;1;1;73;0;4263299;484;0
147;18;336;11;50;33;0;3.60;6;2;1;73;0;4263300;885;0
147;18;336;11;50;33;97;3.80;4;1;1;80;0;4263397;681;0
147;18;336;11;50;33;99;3.80;3;1;1;73;0;4263399;82;0
147;18;336;11;50;34;22;3.40;2;1;1;77;0;4263422;406;0
147;18;336;11;50;35;37;4.00;4;1;1;79;0;4263537;122;0
147;18;336;11;50;35;61;5.80;8;2;1;72;0;4263561;2828;0
147;18;336;11;50;36;99;3.60;6;2;1;79;0;4263699;381;0
147;18;336;11;50;36;99;4.20;5;2;1;88;0;4263699;5385;0
147;18;336;11;50;37;10;3.20;3;1;1;69;0;4263710;292;0
147;18;336;11;50;37;21;3.80;7;2;1;91;0;4263721;1505;0
147;18;336;11;50;38;58;3.60;3;1;1;68;0;4263858;131;0
147;18;336;11;50;39;99;3.60;6;2;1;77;0;4263999;283;0
147;18;336;11;50;39;99;3.40;3;1;1;67;0;4263999;121;0
147;18;336;11;50;39;99;3.80;4;1;1;77;0;4263999;443;0
147;18;336;11;50;40;19;4.00;2;1;1;79;0;4264019;581;0
147;18;336;11;50;40;99;3.40;6;2;1;79;0;4264099;83;0
147;18;336;11;50;42;16;3.60;6;2;1;80;0;4264216;101;0
147;18;336;11;50;42;99;3.40;3;1;1;72;0;4264299;281;0
147;18;336;11;50;43;16;3.60;6;2;1;82;0;4264316;83;0
147;18;336;11;50;44;99;3.00;3;1;1;67;0;4264499;183;0
147;18;336;11;50;45;36;3.00;5;2;1;93;0;4264536;819;0
147;18;336;11;50;45;99;3.60;2;1;1;88;0;4264599;561;0
147;18;336;11;50;45;99;3.40;6;2;1;77;0;4264599;267;0
147;18;336;11;50;46;5;3.20;3;1;1;72;0;4264605;89;0
147;18;336;11;50;48;18;3.80;3;1;1;81;0;4264818;197;0
147;18;336;11;50;49;20;3.40;6;2;1;80;0;4264920;305;0
147;18;336;11;50;50;0;3.80;7;2;1;76;0;4265000;1263;0
147;18;336;11;50;50;20;3.20;3;1;1;81;0;4265020;185;4264299
147;18;336;11;50;51;86;5.00;2;1;1;81;0;4265186;572;0
147;18;336;11;50;51;99;3.40;6;2;1;73;0;4265199;263;0
147;18;336;11;50;53;29;3.60;6;2;1;75;0;4265329;113;0
147;18;336;11;50;54;17;3.60;1;1;1;74;0;4265417;3008;0
147;18;336;11;50;56;51;3.80;6;2;1;74;0;4265651;304;0
147;18;336;11;50;56;78;3.80;3;1;1;78;0;4265678;643;0
147;18;336;11;50;57;99;3.60;4;1;1;78;0;4265799;1782;0
147;18;336;11;50;57;99;3.40;2;1;1;74;0;4265799;590;0
147;18;336;11;50;57;99;4.20;5;2;1;82;0;4265799;1251;0
147;18;336;11;50;57;99;3.40;3;1;1;77;0;4265799;103;0
147;18;336;11;50;58;9;3.80;6;2;1;72;0;4265809;139;0
147;18;336;11;51;0;99;3.00;2;1;1;76;0;4266099;283;0
147;18;336;11;51;0;99;3.40;3;1;1;89;0;4266099;284;0
147;18;336;11;51;1;87;3.60;6;2;1;73;0;4266187;359;0
147;18;336;11;51;2;99;3.80;2;1;1;69;0;4266299;185;0
147;18;336;11;51;3;34;3.80;4;1;1;83;0;4266334;518;0
147;18;336;11;51;4;76;3.40;6;2;1;72;0;4266476;271;0
147;18;336;11;51;5;13;2.80;2;1;1;80;0;4266513;194;0
147;18;336;11;51;5;99;3.40;6;2;1;73;0;4266599;106;0
147;18;336;11;51;6;41;3.00;7;2;1;76;0;4266641;1623;0
147;18;336;11;51;7;2;3.40;2;1;1;79;0;4266702;176;0
147;18;336;11;51;7;99;3.80;4;1;1;88;0;4266799;448;0
147;18;336;11;51;8;99;3.60;6;2;1;77;0;4266899;283;0
147;18;336;11;51;9;20;3.20;6;2;1;77;0;4266920;4;0
147;18;336;11;51;9;99;3.40;1;1;1;92;0;4266999;1564;0
147;18;336;11;51;9;99;4.80;3;1;1;76;0;4266999;886;0
147;18;336;11;51;10;18;3.40;7;2;1;77;0;4267018;362;0
147;18;336;11;51;10;99;3.60;5;2;1;82;0;4267099;1281;0
147;18;336;11;51;11;6;3.40;2;1;1;75;0;4267106;388;0
147;18;336;11;51;11;27;3.40;6;2;1;78;0;4267127;192;0
147;18;336;11;51;12;99;3.20;3;1;1;74;0;4267299;277;0
147;18;336;11;51;12;99;4.40;5;2;1;83;0;4267299;184;0
147;18;336;11;51;13;8;3.40;4;1;1;78;0;4267308;493;0
147;18;336;11;51;15;2;3.00;6;2;1;81;0;4267502;359;0
147;18;336;11;51;15;99;3.80;4;1;1;77;0;4267599;275;0
147;18;336;11;51;15;99;3.20;1;1;1;72;0;4267599;586;0
147;18;336;11;51;16;49;3.80;3;1;1;75;0;4267649;334;0
147;18;336;11;51;17;99;3.60;7;2;1;83;0;4267799;765;0
147;18;336;11;51;18;99;3.60;5;2;1;82;0;4267899;580;0
147;18;336;11;51;18;99;3.60;3;1;1;85;0;4267899;231;0
147;18;336;11;51;18;99;3.40;2;1;1;74;0;4267899;776;0
147;18;336;11;51;19;55;3.60;4;1;1;80;0;4267955;338;0
147;18;336;11;51;20;99;3.40;4;1;1;81;0;4268099;127;0
147;18;336;11;51;20;99;4.20;6;2;1;86;0;4268099;583;0
147;18;336;11;51;20;99;3.40;7;2;1;76;0;4268099;284;0
147;18;336;11;51;21;8;3.60;2;1;1;79;0;4268108;192;0
147;18;336;11;51;22;16;3.80;2;1;1;80;0;4268216;91;0
147;18;336;11;51;22;99;3.60;3;1;1;75;0;4268299;384;0
147;18;336;11;51;22;90;10.00;7;2;2;74;0;4268290;174;0
147;18;336;11;51;23;99;3.20;3;1;1;75;0;4268399;82;0
147;18;336;11;51;24;21;3.80;2;1;1;78;0;4268421;187;0
147;18;336;11;51;25;7;3.40;4;1;1;77;0;4268507;392;0
147;18;336;11;51;26;18;3.80;4;1;1;80;0;4268618;95;0
147;18;336;11;51;26;99;3.60;2;1;1;80;0;4268699;260;0
147;18;336;11;51;27;99;3.80;6;2;1;77;0;4268799;682;0
147;18;336;11;51;28;99;5.80;3;1;1;73;0;4268899;484;0
147;18;336;11;51;29;32;3.60;1;1;1;74;0;4268932;1317;0
147;18;336;11;51;29;75;3.60;6;2;1;77;0;4268975;158;0
147;18;336;11;51;30;99;3.60;2;1;1;76;0;4269099;383;0
147;18;336;11;51;30;99;3.80;1;1;1;83;0;4269099;149;0
147;18;336;11;51;30;99;3.60;6;2;1;76;0;4269099;107;0
147;18;336;11;51;31;3;3.40;5;2;1;88;0;4269103;1188;0
147;18;336;11;51;31;13;3.40;7;2;1;81;0;4269113;774;0
147;18;336;11;51;32;77;3.20;2;1;1;75;0;4269277;160;0
147;18;336;11;51;32;99;3.80;6;2;1;78;0;4269299;182;0
147;18;336;11;51;34;25;3.80;6;2;1;80;0;4269425;108;4268799
147;18;336;11;51;34;42;3.60;2;1;1;81;0;4269442;149;4268799
147;18;336;11;51;37;15;3.80;6;2;1;77;0;4269715;272;0
147;18;336;11;51;38;27;4.00;5;2;1;85;0;4269827;710;0
147;18;336;11;51;37;99;3.20;3;1;1;75;0;4269799;871;0
147;18;336;11;51;37;99;3.40;7;2;1;85;0;4269799;670;0
147;18;336;11;51;38;99;3.40;2;1;1;79;0;4269899;441;0
147;18;336;11;51;38;99;3.40;4;1;1;81;0;4269899;1263;0
147;18;336;11;51;39;99;3.40;3;1;1;78;0;4269999;184;0
147;18;336;11;51;39;53;3.40;7;2;1;83;0;4269953;139;0
147;18;336;11;51;40;22;3.40;6;2;1;84;0;4270022;289;0
147;18;336;11;51;41;28;3.60;3;1;1;83;0;4270128;113;0
147;18;336;11;51;41;99;3.60;2;1;1;87;0;4270199;284;0
147;18;336;11;51;43;24;3.60;3;1;1;83;0;4270324;180;0
147;18;336;11;51;43;99;6.80;6;2;1;82;0;4270399;362;0
147;18;336;11;51;44;4;3.60;5;2;1;83;0;4270404;560;0
147;18;336;11;51;44;99;3.20;3;1;1;78;0;4270499;159;4269799
147;18;336;11;51;46;99;2.80;6;2;1;79;0;4270699;270;0
147;18;336;11;51;47;43;3.80;7;2;1;84;0;4270743;775;0
147;18;336;11;51;48;99;3.40;6;2;1;82;0;4270899;187;0
147;18;336;11;51;49;30;3.80;4;1;1;87;0;4270930;1015;0
147;18;336;11;51;50;18;4.60;5;2;1;91;0;4271018;598;0
147;18;336;11;51;50;99;3.60;3;1;1;81;0;4271099;585;0
147;18;336;11;51;51;99;3.40;6;2;1;79;0;4271199;285;0
147;18;336;11;51;52;54;3.80;2;1;1;84;0;4271254;1040;0
147;18;336;11;51;52;84;3.60;6;2;1;79;0;4271284;69;0
147;18;336;11;51;53;99;3.40;3;1;1;78;0;4271399;284;0
147;18;336;11;51;55;73;3.40;2;1;1;80;0;4271573;302;0
147;18;336;11;51;56;99;4.00;3;1;1;83;0;4271699;284;0
147;18;336;11;51;55;99;14.60;7;2;4;75;0;4271599;839;0
147;18;336;11;51;57;11;3.20;1;1;1;80;0;4271711;2595;0
147;18;336;11;51;57;67;3.40;6;2;1;82;0;4271767;466;0
147;18;336;11;51;59;99;3.80;3;1;1;74;0;4271999;282;0
147;18;336;11;52;1;99;4.00;6;2;1;78;0;4272199;417;0
147;18;336;11;52;2;15;3.20;7;2;1;79;0;4272215;545;0
147;18;336;11;52;2;14;3.80;3;1;1;78;0;4272214;196;0
147;18;336;11;52;3;14;3.40;3;1;1;80;0;4272314;82;0
147;18;336;11;52;3;99;3.20;5;2;1;88;0;4272399;1362;0
147;18;336;11;52;3;99;3.80;2;1;1;82;0;4272399;810;0
147;18;336;11;52;4;99;3.80;5;2;1;87;0;4272499;86;0
147;18;336;11;52;4;99;3.80;6;2;1;77;0;4272499;281;0
147;18;336;11;52;5;99;3.40;4;1;1;82;0;4272599;1653;0
147;18;336;11;52;6;99;3.60;3;1;1;77;0;4272699;369;0
147;18;336;11;52;6;99;3.60;4;1;1;82;0;4272699;85;0
147;18;336;11;52;6;99;3.80;6;2;1;81;0;4272699;182;0
147;18;336;11;52;7;99;3.00;2;1;1;72;0;4272799;383;0
147;18;336;11;52;8;99;3.80;6;2;1;81;0;4272899;183;0
147;18;336;11;52;9;99;3.60;4;1;1;94;0;4272999;284;0
147;18;336;11;52;9;99;3.00;6;2;1;77;0;4272999;83;0
147;18;336;11;52;10;9;3.60;3;1;1;77;0;4273009;293;0
147;18;336;11;52;10;85;3.60;6;2;1;75;0;4273085;71;4272499
147;18;336;11;52;11;25;3.20;2;1;1;79;0;4273125;311;0
147;18;336;11;52;11;99;4.00;3;1;1;78;0;4273199;173;0
147;18;336;11;52;12;20;3.20;6;2;1;78;0;4273220;117;4272499
147;18;336;11;52;13;2;3.60;5;2;1;79;0;4273302;787;0
147;18;336;11;52;13;99;3.20;6;2;1;79;0;4273399;164;4272499
147;18;336;11;52;14;99;3.20;2;1;1;77;0;4273499;359;0
147;18;336;11;52;15;64;3.20;7;2;1;79;0;4273564;1334;0
147;18;336;11;52;16;99;3.60;2;1;1;79;0;4273699;185;0
147;18;336;11;52;17;4;4.20;8;2;1;73;0;4273704;10114;0
147;18;336;11;52;18;26;3.80;1;1;1;91;0;4273826;2100;0
147;18;336;11;52;18;57;3.20;2;1;1;75;0;4273857;141;0
147;18;336;11;52;18;99;3.80;3;1;1;81;0;4273899;681;0
147;18;336;11;52;24;12;3.80;6;2;1;82;0;4274412;998;0
147;18;336;11;52;24;99;3.40;7;2;1;81;0;4274499;920;0
147;18;336;11;52;25;14;3.80;8;2;1;76;0;4274514;789;0
147;18;336;11;52;28;0;3.80;2;1;1;80;0;4274800;927;0
147;18;336;11;52;28;5;3.80;8;2;1;71;0;4274805;273;0
147;18;336;11;52;28;77;3.80;6;2;1;87;0;4274877;448;0
147;18;336;11;52;29;99;3.40;1;1;1;82;0;4274999;1157;0
147;18;336;11;52;30;15;4.00;7;2;1;81;0;4275015;500;0
147;18;336;11;52;31;13;3.40;2;1;1;84;0;4275113;295;0
147;18;336;11;52;31;82;3.20;6;2;1;83;0;4275182;289;0
147;18;336;11;52;32;3;3.60;2;1;1;80;0;4275203;75;0
147;18;336;11;52;32;99;3.40;4;1;1;82;0;4275299;2286;0
147;18;336;11;52;32;99;3.20;3;1;1;73;0;4275299;1383;0
147;18;336;11;52;34;0;4.00;6;2;1;76;0;4275400;204;0
147;18;336;11;52;34;99;3.80;4;1;1;85;0;4275499;185;0
147;18;336;11;52;35;99;3.40;1;1;1;73;0;4275599;585;0
147;18;336;11;52;35;33;3.80;5;2;1;83;0;4275533;2214;0
147;18;336;11;52;36;33;4.00;7;2;1;93;0;4275633;600;0
147;18;336;11;52;36;99;3.60;4;1;1;86;0;4275699;183;0
147;18;336;11;52;37;5;4.00;8;2;1;94;0;4275705;880;0
147;18;336;11;52;37;99;3.80;2;1;1;75;0;4275799;579;0
147;18;336;11;52;37;99;3.40;6;2;1;78;0;4275799;380;0
147;18;336;11;52;37;99;3.40;3;1;1;76;0;4275799;484;0
147;18;336;11;52;39;11;4.40;5;2;1;81;0;4275911;361;0
147;18;336;11;52;40;15;3.00;6;2;1;81;0;4276015;200;0
147;18;336;11;52;40;99;3.20;3;1;1;75;0;4276099;283;0
147;18;336;11;52;41;90;3.80;5;2;1;86;0;4276190;259;0
147;18;336;11;52;41;99;3.60;6;2;1;78;0;4276199;170;0
147;18;336;11;52;42;99;3.60;3;1;1;76;0;4276299;184;0
147;18;336;11;52;43;58;3.00;3;1;1;75;0;4276358;41;0
147;18;336;11;52;44;8;3.40;6;2;1;80;0;4276408;192;0
147;18;336;11;52;45;6;3.60;3;1;1;74;0;4276506;133;0
147;18;336;11;52;43;27;4.00;7;2;1;18;0;4276327;678;0
147;18;336;11;52;47;99;3.40;6;2;1;76;0;4276799;375;0
147;18;336;11;52;52;99;3.80;3;1;1;87;0;4277299;775;0
147;18;336;11;52;52;99;3.60;2;1;1;80;0;4277299;1481;0
147;18;336;11;52;52;99;3.60;6;2;1;79;0;4277299;483;0
147;18;336;11;52;53;0;3.60;5;2;1;93;0;4277300;1094;0
147;18;336;11;52;54;12;3.20;3;1;1;85;0;4277412;97;0
147;18;336;11;52;56;14;4.60;4;1;1;90;0;4277614;1899;0
147;18;336;11;52;56;57;4.80;6;2;1;89;0;4277657;341;0
147;18;336;11;52;56;83;4.00;5;2;1;96;0;4277683;369;0
147;18;336;11;52;58;23;3.60;6;2;1;79;0;4277823;146;0
147;18;336;11;53;0;0;4.00;6;2;1;83;0;4278000;160;0
147;18;336;11;53;1;2;3.20;8;2;1;82;0;4278102;2381;0
147;18;336;11;53;1;35;3.80;3;1;1;86;0;4278135;709;0
147;18;336;11;53;3;99;3.60;6;2;1;76;0;4278399;381;0
147;18;336;11;53;4;97;4.00;6;2;1;75;0;4278497;80;0
147;18;336;11;53;5;99;3.20;7;2;1;79;0;4278599;2192;0
147;18;336;11;53;6;23;2.80;5;2;1;83;0;4278623;925;0
147;18;336;11;53;6;24;3.60;3;1;1;74;0;4278624;473;0
147;18;336;11;53;6;62;4.60;6;2;1;79;0;4278662;145;0
147;18;336;11;53;7;34;3.20;5;2;1;87;0;4278734;98;0
147;18;336;11;53;7;99;3.60;8;2;1;81;0;4278799;682;0
147;18;336;11;53;7;99;4.00;7;2;1;80;0;4278799;185;0
147;18;336;11;53;8;99;3.60;3;1;1;75;0;4278899;257;0
147;18;336;11;53;10;99;4.20;6;2;1;76;0;4279099;416;0
147;18;336;11;53;10;99;4.00;3;1;1;76;0;4279099;182;0
147;18;336;11;53;11;99;3.80;3;1;1;74;0;4279199;81;0
147;18;336;11;53;11;9;3.40;4;1;1;85;0;4279109;1476;0
147;18;336;11;53;12;70;3.80;3;1;1;71;0;4279270;52;0
147;18;336;11;53;12;99;3.00;6;2;1;79;0;4279299;180;0
147;18;336;11;53;13;15;3.40;5;2;1;82;0;4279315;567;0
147;18;336;11;53;13;99;3.60;3;1;1;73;0;4279399;109;4278899
147;18;336;11;53;14;41;3.20;3;1;1;70;0;4279441;24;4278899
147;18;336;11;53;15;2;3.60;5;2;1;77;0;4279502;172;4278899
147;18;336;11;53;15;99;6.00;6;2;1;74;0;4279599;286;0
147;18;336;11;53;15;99;4.60;2;1;1;76;0;4279599;2283;0
147;18;336;11;53;15;99;3.60;3;1;1;72;0;4279599;141;4278899
147;18;336;11;53;15;99;3.20;7;2;1;83;0;4279599;782;0
147;18;336;11;53;16;99;4.00;2;1;1;75;0;4279699;78;0
147;18;336;11;53;17;76;4.00;5;2;1;81;0;4279776;257;0
147;18;336;11;53;17;93;3.20;6;2;1;77;0;4279793;164;0
147;18;336;11;53;17;96;3.60;2;1;1;74;0;4279796;77;0
147;18;336;11;53;17;99;3.60;3;1;1;79;0;4279799;182;4278899
147;18;336;11;53;18;99;3.40;3;1;1;81;0;4279899;83;4278899
147;18;336;11;53;19;30;3.40;6;2;1;74;0;4279930;122;4278899
147;18;336;11;53;20;99;3.60;2;1;1;70;0;4280099;285;0
147;18;336;11;53;20;99;3.60;6;2;1;76;0;4280099;152;0
147;18;336;11;53;20;99;3.40;3;1;1;78;0;4280099;184;4278899
147;18;336;11;53;21;99;3.20;2;1;1;70;0;4280199;81;4278899
147;18;336;11;53;22;84;3.20;6;2;1;76;0;4280284;167;4279599
147;18;336;11;53;22;96;4.00;3;1;1;78;0;4280296;181;4278899
147;18;336;11;53;22;99;3.20;2;1;1;73;0;4280299;83;4278899
147;18;336;11;53;24;4;3.40;2;1;1;68;0;4280404;89;4278899
147;18;336;11;53;23;21;5.80;7;2;1;31;0;4280321;708;0
147;18;336;11;53;24;45;4.00;6;2;1;78;0;4280445;145;4279599
147;18;336;11;53;25;23;3.20;3;1;1;79;0;4280523;208;0
147;18;336;11;53;26;14;3.20;5;2;1;94;0;4280614;820;0
147;18;336;11;53;26;20;3.00;2;1;1;73;0;4280620;198;4280099
147;18;336;11;53;26;11;3.60;2;1;1;72;0;4280611;-1;4280099
147;18;336;11;53;27;16;3.40;6;2;1;76;0;4280716;252;0
147;18;336;11;53;28;5;5.80;2;1;1;72;0;4280805;176;4280099
147;18;336;11;53;31;99;3.60;6;2;1;82;0;4281199;466;0
147;18;336;11;53;31;99;3.60;3;1;1;80;0;4281199;661;0
147;18;336;11;53;31;99;8.40;4;1;6;80;0;4281199;2075;0
147;18;336;11;53;32;47;3.80;7;2;1;80;0;4281247;858;0
147;18;336;11;53;34;19;3.60;5;2;1;85;0;4281419;792;0
147;18;336;11;53;34;99;3.60;3;1;1;75;0;4281499;283;0
147;18;336;11;53;35;87;3.20;3;1;1;76;0;4281587;70;0
147;18;336;11;53;36;99;3.80;3;1;1;78;0;4281699;96;0
147;18;336;11;53;38;6;4.00;1;1;1;84;0;4281806;6190;0
147;18;336;11;53;38;99;3.40;2;1;1;73;0;4281899;1065;0
147;18;336;11;53;39;1;3.40;2;1;1;72;0;4281901;-1;0
147;18;336;11;53;41;31;2.80;7;2;1;79;0;4282131;866;0
147;18;336;11;53;41;99;3.60;2;1;1;74;0;4282199;281;0
147;18;336;11;53;41;99;3.80;1;1;1;80;0;4282199;375;0
147;18;336;11;53;41;99;3.60;6;2;1;84;0;4282199;984;0
147;18;336;11;53;42;15;3.20;3;1;1;81;0;4282215;498;0
147;18;336;11;53;42;82;4.00;2;1;1;78;0;4282282;65;0
147;18;336;11;53;44;99;3.20;6;2;1;78;0;4282499;284;0
147;18;336;11;53;47;51;3.20;3;1;1;74;0;4282751;521;0
147;18;336;11;53;49;99;3.40;1;1;1;75;0;4282999;782;0
147;18;336;11;53;52;40;3.80;6;2;1;84;0;4283240;726;0
147;18;336;11;53;52;21;4.60;3;1;1;72;0;4283221;454;0
147;18;336;11;53;53;99;3.80;5;2;1;88;0;4283399;1964;0
147;18;336;11;53;53;99;3.60;3;1;1;71;0;4283399;155;0
147;18;336;11;53;54;99;3.60;6;2;1;78;0;4283499;242;0
147;18;336;11;53;54;99;3.80;5;2;1;89;0;4283499;84;0
147;18;336;11;53;54;99;3.20;3;1;1;69;0;4283499;81;0
147;18;336;11;53;55;46;3.20;2;1;1;74;0;4283546;1245;0
147;18;336;11;53;55;69;3.60;6;2;1;84;0;4283569;53;0
147;18;336;11;53;55;99;3.20;5;2;1;89;0;4283599;84;0
147;18;336;11;53;56;99;3.80;3;1;1;72;0;4283699;183;0
147;18;336;11;53;58;99;4.00;3;1;1;77;0;4283899;181;4283221
147;18;336;11;53;59;99;3.60;6;2;1;80;0;4283999;414;0
147;18;336;11;53;59;99;3.00;1;1;1;80;0;4283999;983;0
147;18;336;11;54;3;69;3.60;3;1;1;83;0;4284369;451;0
147;18;336;11;54;3;99;4.00;7;2;1;77;0;4284399;2255;0
147;18;336;11;54;4;9;4.00;1;1;1;86;0;4284409;396;0
147;18;336;11;54;6;3;3.60;4;1;1;101;0;4284603;3366;0
147;18;336;11;54;6;99;2.80;2;1;1;78;0;4284699;1137;0
147;18;336;11;54;7;99;5.80;2;1;1;83;0;4284799;87;0
147;18;336;11;54;7;5;4.20;4;1;1;96;0;4284705;89;0
147;18;336;11;54;8;51;3.80;3;1;1;80;0;4284851;466;0
147;18;336;11;54;9;7;3.80;4;1;1;93;0;4284907;186;0
147;18;336;11;54;9;99;3.20;6;2;1;82;0;4284999;983;0
147;18;336;11;54;9;99;3.60;5;2;1;81;0;4284999;1387;0
147;18;336;11;54;10;29;3.60;3;1;1;73;0;4285029;160;0
147;18;336;11;54;12;99;3.60;6;2;1;79;0;4285299;285;0
147;18;336;11;54;13;46;3.60;2;1;1;81;0;4285346;521;0
147;18;336;11;54;13;99;3.40;3;1;1;74;0;4285399;352;0
147;18;336;11;54;15;99;3.40;3;1;1;72;0;4285599;183;0
147;18;336;11;54;16;17;4.00;6;2;1;85;0;4285617;301;0
147;18;336;11;54;16;99;4.00;4;1;1;82;0;4285699;777;0
147;18;336;11;54;16;99;3.60;3;1;1;74;0;4285699;83;0
147;18;336;11;54;17;18;3.60;6;2;1;80;0;4285718;84;0
147;18;336;11;54;17;99;3.60;4;1;1;87;0;4285799;82;0
147;18;336;11;54;18;33;3.20;6;2;1;79;0;4285833;98;0
147;18;336;11;54;18;78;3.60;3;1;1;75;0;4285878;161;0
147;18;336;11;54;17;94;4.00;7;2;1;19;0;4285794;1376;0
147;18;336;11;54;19;99;3.20;5;2;1;91;0;4285999;984;0
147;18;336;11;54;20;99;3.80;6;2;1;80;0;4286099;251;0
147;18;336;11;54;21;99;3.60;5;2;1;83;0;4286199;187;0
147;18;336;11;54;22;99;3.40;4;1;1;78;0;4286299;485;0
147;18;336;11;54;23;2;3.20;6;2;1;71;0;4286302;185;0
147;18;336;11;54;23;16;3.40;5;2;1;79;0;4286316;101;0
147;18;336;11;54;23;48;3.20;8;2;1;80;0;4286348;7533;0
147;18;336;11;54;23;75;3.60;3;1;1;68;0;4286375;479;0
147;18;336;11;54;23;79;4.60;4;1;1;76;0;4286379;64;0
147;18;336;11;54;26;30;3.20;6;2;1;86;0;4286630;311;0
147;18;336;11;54;25;82;11.20;2;1;3;79;0;4286582;1220;0
147;18;336;11;54;26;76;3.00;3;1;1;73;0;4286676;281;0
147;18;336;11;54;25;95;5.80;7;2;1;28;0;4286595;725;0
147;18;336;11;54;27;99;4.40;3;1;1;75;0;4286799;108;0
147;18;336;11;54;27;99;4.00;4;1;1;81;0;4286799;398;0
147;18;336;11;54;28;9;3.20;6;2;1;76;0;4286809;165;0
147;18;336;11;54;28;65;3.80;1;1;1;78;0;4286865;2439;0
147;18;336;11;54;29;21;3.40;4;1;1;91;0;4286921;104;0
147;18;336;11;54;29;99;4.60;3;1;1;89;0;4286999;178;0
147;18;336;11;54;30;99;3.40;5;2;1;86;0;4287099;767;0
147;18;336;11;54;30;6;4.40;6;2;1;79;0;4287006;181;0
147;18;336;11;54;31;14;3.60;4;1;1;92;0;4287114;179;0
147;18;336;11;54;32;7;3.60;1;1;1;78;0;4287207;324;0
147;18;336;11;54;32;16;3.80;6;2;1;81;0;4287216;189;0
147;18;336;11;54;32;99;3.00;2;1;1;94;0;4287299;665;0
147;18;336;11;54;33;4;3.60;6;2;1;78;0;4287304;71;4286630
147;18;336;11;54;33;10;3.60;3;1;1;71;0;4287310;292;0
147;18;336;11;54;34;99;3.80;3;1;1;71;0;4287499;170;0
147;18;336;11;54;35;23;3.80;6;2;1;82;0;4287523;202;0
147;18;336;11;54;35;99;3.20;3;1;1;69;0;4287599;80;0
147;18;336;11;54;35;6;3.60;6;2;1;77;0;4287506;-1;0
147;18;336;11;54;37;99;5.40;6;2;1;76;0;4287799;276;0
147;18;336;11;54;38;99;3.80;3;1;1;78;0;4287899;283;0
147;18;336;11;54;39;99;3.20;6;2;1;75;0;4287999;174;0
147;18;336;11;54;40;11;4.20;6;2;1;75;0;4288011;-1;0
147;18;336;11;54;40;99;3.20;6;2;1;73;0;4288099;67;0
147;18;336;11;54;41;27;3.60;1;1;1;82;0;4288127;903;0
147;18;336;11;54;41;25;3.80;2;1;1;69;0;4288125;814;0
147;18;336;11;54;41;48;4.20;6;2;1;75;0;4288148;33;4287799
147;18;336;11;54;41;67;3.20;3;1;1;77;0;4288167;250;0
147;18;336;11;54;42;99;3.60;1;1;1;76;0;4288299;156;0
147;18;336;11;54;42;99;3.60;6;2;1;72;0;4288299;130;4287799
147;18;336;11;54;43;99;3.20;3;1;1;80;0;4288399;217;0
147;18;336;11;54;44;4;3.60;7;2;1;82;0;4288404;1734;0
147;18;336;11;54;44;4;3.60;6;2;1;74;0;4288404;87;4287799
147;18;336;11;54;44;99;3.40;2;1;1;81;0;4288499;354;0
147;18;336;11;54;46;20;3.20;2;1;1;75;0;4288620;105;0
147;18;336;11;54;46;11;3.40;6;2;1;77;0;4288611;189;4287799
147;18;336;11;54;46;38;3.40;7;2;1;81;0;4288638;218;0
147;18;336;11;54;46;45;3.60;1;1;1;83;0;4288645;328;0
147;18;336;11;54;47;99;3.80;7;2;1;77;0;4288799;145;0
147;18;336;11;54;47;99;3.00;3;1;1;84;0;4288799;385;0
147;18;336;11;54;49;23;3.60;4;1;1;83;0;4288923;1794;0
147;18;336;11;54;49;60;3.00;2;1;1;75;0;4288960;324;0
147;18;336;11;54;49;63;3.40;6;2;1;75;0;4288963;336;0
147;18;336;11;54;49;81;3.80;3;1;1;77;0;4288981;169;0
147;18;336;11;54;50;99;3.80;4;1;1;85;0;4289099;160;0
147;18;336;11;54;50;99;3.60;6;2;1;74;0;4289099;119;0
147;18;336;11;54;47;75;4.20;7;2;1;12;0;4288775;-1;0
147;18;336;11;54;51;35;3.60;3;1;1;80;0;4289135;136;0
147;18;336;11;54;51;41;4.00;7;2;1;76;0;4289141;240;0
147;18;336;11;54;52;98;4.00;1;1;1;75;0;4289298;637;0
147;18;336;11;54;53;99;3.20;2;1;1;92;0;4289399;424;0
147;18;336;11;54;53;99;3.40;6;2;1;75;0;4289399;282;0
147;18;336;11;54;53;99;3.80;1;1;1;72;0;4289399;81;0
147;18;336;11;54;54;47;3.20;3;1;1;74;0;4289447;295;0
147;18;336;11;54;56;19;3.60;3;1;1;79;0;4289619;156;0
147;18;336;11;54;57;99;3.40;6;2;1;79;0;4289799;383;0
147;18;336;11;54;57;99;3.40;8;2;1;77;0;4289799;3436;0
147;18;336;11;54;58;99;3.60;3;1;1;78;0;4289899;263;0
147;18;336;11;54;58;99;3.60;5;2;1;80;0;4289899;2785;0
147;18;336;11;54;59;93;4.20;5;2;1;80;0;4289993;77;0
147;18;336;11;55;1;2;3.00;6;2;1;74;0;4290102;287;0
147;18;336;11;55;1;99;3.80;5;2;1;81;0;4290199;187;0
147;18;336;11;55;1;1;3.40;2;1;1;73;0;4290101;689;0
147;18;336;11;55;2;10;3.40;6;2;1;73;0;4290210;93;0
147;18;336;11;55;2;99;4.80;4;1;1;79;0;4290299;1183;0
147;18;336;11;55;3;99;4.00;3;1;1;76;0;4290399;483;0
147;18;336;11;55;3;99;4.00;2;1;1;82;0;4290399;281;0
147;18;336;11;55;3;99;3.80;8;2;1;79;0;4290399;584;0
147;18;336;11;55;4;45;3.00;8;2;1;74;0;4290445;28;0
147;18;336;11;55;4;62;3.40;2;1;1;77;0;4290462;45;0
147;18;336;11;55;5;3;3.40;5;2;1;82;0;4290503;287;0
147;18;336;11;55;5;6;3.40;3;1;1;73;0;4290506;88;0
147;18;336;11;55;6;99;3.60;2;1;1;75;0;4290699;221;0
147;18;336;11;55;8;99;3.80;3;1;1;75;0;4290899;376;0
147;18;336;11;55;8;99;3.60;6;2;1;78;0;4290899;672;0
147;18;336;11;55;9;35;3.00;3;1;1;78;0;4290935;17;0
147;18;336;11;55;10;99;3.60;7;2;1;79;0;4291099;1939;0
147;18;336;11;55;10;99;3.60;2;1;1;79;0;4291099;382;0
147;18;336;11;55;11;0;4.40;4;1;1;96;0;4291100;779;0
147;18;336;11;55;11;99;3.80;3;1;1;82;0;4291199;250;0
147;18;336;11;55;12;0;3.40;2;1;1;85;0;4291200;84;0
147;18;336;11;55;13;14;3.60;4;1;1;97;0;4291314;197;0
147;18;336;11;55;14;22;3.80;3;1;1;85;0;4291422;206;0
147;18;336;11;55;14;4;3.40;2;1;1;82;0;4291404;189;0
147;18;336;11;55;15;99;3.60;6;2;1;81;0;4291599;683;0
147;18;336;11;55;16;99;3.60;3;1;1;94;0;4291699;260;0
147;18;336;11;55;16;5;3.60;2;1;1;79;0;4291605;186;0
147;18;336;11;55;17;16;3.40;6;2;1;82;0;4291716;101;0
147;18;336;11;55;18;7;3.80;2;1;1;80;0;4291807;185;4291099
147;18;336;11;55;20;83;3.80;6;2;1;81;0;4292083;352;0
147;18;336;11;55;20;85;3.40;8;2;1;71;0;4292085;1625;0
147;18;336;11;55;21;99;3.40;7;2;1;80;0;4292199;1083;0
147;18;336;11;55;22;85;7.60;5;2;6;80;0;4292285;1767;0
147;18;336;11;55;23;99;3.20;7;2;1;84;0;4292399;184;0
147;18;336;11;55;23;99;3.80;4;1;1;86;0;4292399;1071;0
147;18;336;11;55;24;99;3.20;6;2;1;76;0;4292499;399;0
147;18;336;11;55;25;18;3.60;6;2;1;76;0;4292518;3;0
147;18;336;11;55;27;22;3.60;7;2;1;83;0;4292722;309;0
147;18;336;11;55;28;99;3.60;2;1;1;78;0;4292899;1074;0
147;18;336;11;55;29;99;3.80;6;2;1;81;0;4292999;463;0
147;18;336;11;55;29;99;3.60;2;1;1;80;0;4292999;83;0
147;18;336;11;55;31;24;3.40;6;2;1;77;0;4293124;108;0
147;18;336;11;55;32;5;3.20;2;1;1;80;0;4293205;189;0
147;18;336;11;55;35;99;3.60;6;2;1;74;0;4293599;459;0
147;18;336;11;55;35;99;3.60;7;2;1;73;0;4293599;861;0
147;18;336;11;55;37;99;3.60;3;1;1;76;0;4293799;2086;0
147;18;336;11;55;37;32;4.00;6;2;1;79;0;4293732;115;0
147;18;336;11;55;38;99;3.20;2;1;1;81;0;4293899;679;0
147;18;336;11;55;39;99;3.80;6;2;1;75;0;4293999;248;0
147;18;336;11;55;40;86;3.00;7;2;1;75;0;4294086;469;0
147;18;336;11;55;41;3;3.20;6;2;1;79;0;4294103;85;0
147;18;336;11;55;41;99;3.60;3;1;1;78;0;4294199;382;0
147;18;336;11;55;41;99;3.80;6;2;1;77;0;4294199;81;0
147;18;336;11;55;42;29;3.60;1;1;1;84;0;4294229;4811;0
147;18;336;11;55;43;80;3.20;7;2;1;76;0;4294380;279;0
147;18;336;11;55;43;87;3.60;3;1;1;86;0;4294387;171;0
147;18;336;11;55;43;99;5.40;6;2;1;72;0;4294399;182;0
147;18;336;11;55;44;6;4.60;8;2;1;79;0;4294406;2303;0
147;18;336;11;55;44;99;3.40;6;2;1;74;0;4294499;73;4293999
147;18;336;11;55;45;14;3.80;8;2;1;77;0;4294514;87;4293999
147;18;336;11;55;46;1;3.20;2;1;1;81;0;4294601;687;0
147;18;336;11;55;46;6;3.60;3;1;1;84;0;4294606;203;0
147;18;336;11;55;46;99;4.40;6;2;1;82;0;4294699;183;4293999
147;18;336;11;55;47;22;3.60;2;1;1;81;0;4294722;106;4293999
147;18;336;11;55;48;8;3.40;3;1;1;77;0;4294808;186;4293999
147;18;336;11;55;48;99;3.40;6;2;1;80;0;4294899;180;4293999
147;18;336;11;55;49;99;2.80;3;1;1;83;0;4294999;175;4293999
147;18;336;11;55;50;43;4.20;7;2;1;80;0;4295043;647;0
147;18;336;11;55;50;35;3.60;1;1;1;68;0;4295035;790;0
147;18;336;11;55;50;58;3.60;3;1;1;78;0;4295058;46;0
147;18;336;11;55;51;99;3.20;4;1;1;82;0;4295199;2784;0
147;18;336;11;55;51;99;3.20;1;1;1;68;0;4295199;144;0
147;18;336;11;55;52;19;3.40;3;1;1;80;0;4295219;144;4294606
147;18;336;11;55;53;2;3.40;6;2;1;84;0;4295302;387;0
147;18;336;11;55;53;73;3.60;4;1;1;80;0;4295373;159;0
147;18;336;11;55;55;62;4.00;5;2;1;96;0;4295562;3242;0
147;18;336;11;55;56;18;4.00;1;1;1;81;0;4295618;402;0
147;18;336;11;55;57;17;3.40;3;1;1;80;0;4295717;482;0
147;18;336;11;55;57;14;4.00;3;1;1;81;0;4295714;-1;0
147;18;336;11;55;58;9;4.00;4;1;1;90;0;4295809;419;0
147;18;336;11;55;58;31;4.00;6;2;1;90;0;4295831;514;0
147;18;336;11;55;59;99;3.60;4;1;1;91;0;4295999;174;0
147;18;336;11;56;0;99;3.40;2;1;1;69;0;4296099;1361;0
147;18;336;11;56;0;0;3.80;6;2;1;78;0;4296000;153;0
147;18;336;11;56;1;24;3.60;3;1;1;81;0;4296124;392;0
147;18;336;11;56;1;99;3.20;2;1;1;68;0;4296199;82;0
147;18;336;11;56;2;99;3.40;1;1;1;76;0;4296299;663;0
147;18;336;11;56;2;3;3.40;4;1;1;89;0;4296203;189;0
147;18;336;11;56;4;99;3.60;6;2;1;76;0;4296499;481;0
147;18;336;11;56;5;17;3.60;3;1;1;77;0;4296517;377;0
147;18;336;11;56;5;10;3.60;6;2;1;77;0;4296510;-1;0
147;18;336;11;56;5;35;3.60;2;1;1;72;0;4296535;319;0
147;18;336;11;56;6;7;3.80;1;1;1;91;0;4296607;291;0
147;18;336;11;56;6;11;3.80;3;1;1;84;0;4296611;77;0
147;18;336;11;56;7;99;3.80;4;1;1;85;0;4296799;582;0
147;18;336;11;56;9;18;3.40;3;1;1;80;0;4296918;290;0
147;18;336;11;56;9;99;3.60;1;1;1;87;0;4296999;376;0
147;18;336;11;56;9;99;3.40;8;2;1;82;0;4296999;2467;0
147;18;336;11;56;10;1;3.60;6;2;1;74;0;4297001;474;0
147;18;336;11;56;10;12;3.20;2;1;1;68;0;4297012;459;0
147;18;336;11;56;10;34;3.80;5;2;1;92;0;4297034;1457;0
147;18;336;11;56;10;99;3.60;3;1;1;66;0;4297099;165;0
147;18;336;11;56;11;70;3.80;2;1;1;74;0;4297170;141;0
147;18;336;11;56;11;99;3.80;1;1;1;78;0;4297199;185;0
147;18;336;11;56;12;99;3.80;3;1;1;68;0;4297299;180;0
147;18;336;11;56;13;51;3.60;3;1;1;74;0;4297351;31;0
147;18;336;11;56;13;44;4.40;6;2;1;73;0;4297344;325;0
147;18;336;11;56;13;79;3.20;5;2;1;81;0;4297379;330;0
147;18;336;11;56;13;81;3.60;2;1;1;79;0;4297381;192;0
147;18;336;11;56;15;5;3.40;3;1;1;76;0;4297505;136;4296918
147;18;336;11;56;16;99;3.80;3;1;1;81;0;4297699;177;4296918
147;18;336;11;56;16;99;4.40;5;2;1;79;0;4297699;305;0
147;18;336;11;56;17;99;3.00;6;2;1;74;0;4297799;433;0
147;18;336;11;56;18;99;16.00;7;2;4;74;0;4297899;2837;0
147;18;336;11;56;19;99;3.60;3;1;1;82;0;4297999;283;0
147;18;336;11;56;19;99;3.60;5;2;1;87;0;4297999;279;0
147;18;336;11;56;21;16;3.20;3;1;1;75;0;4298116;101;0
147;18;336;11;56;22;99;3.80;5;2;1;88;0;4298299;285;0
147;18;336;11;56;22;99;4.20;3;1;1;72;0;4298299;167;0
147;18;336;11;56;22;99;17.00;7;2;4;85;0;4298299;322;0
147;18;336;11;56;23;19;3.20;3;1;1;76;0;4298319;-1;0
147;18;336;11;56;23;52;3.60;1;1;1;98;0;4298352;1135;0
147;18;336;11;56;24;99;16.20;7;2;4;84;0;4298499;128;0
147;18;336;11;56;26;65;3.20;6;2;1;66;0;4298665;851;0
147;18;336;11;56;27;8;3.20;3;1;1;77;0;4298708;373;0
147;18;336;11;56;27;18;3.60;7;2;1;81;0;4298718;149;0
147;18;336;11;56;27;99;3.60;6;2;1;68;0;4298799;116;0
147;18;336;11;56;29;99;4.00;8;2;1;85;0;4298999;1985;0
147;18;336;11;56;29;76;16.20;7;2;4;80;0;4298976;242;0
147;18;336;11;56;31;63;3.60;3;1;1;81;0;4299163;440;0
147;18;336;11;56;31;83;4.00;7;2;1;80;0;4299183;134;0
147;18;336;11;56;32;99;4.00;8;2;1;80;0;4299299;283;0
147;18;336;11;56;33;99;4.00;6;2;1;78;0;4299399;580;0
147;18;336;11;56;34;99;3.60;6;2;1;79;0;4299499;81;0
147;18;336;11;56;35;99;3.00;3;1;1;77;0;4299599;420;0
147;18;336;11;56;36;69;3.80;6;2;1;78;0;4299669;153;0
147;18;336;11;56;38;2;3.40;6;2;1;82;0;4299802;115;0
147;18;336;11;56;43;99;3.20;2;1;1;70;0;4300399;3001;0
147;18;336;11;56;44;56;3.40;6;2;1;79;0;4300456;639;0
147;18;336;11;56;44;99;3.80;5;2;1;85;0;4300499;2184;0
147;18;336;11;56;45;99;3.00;3;1;1;77;0;4300599;985;0
147;18;336;11;56;46;10;3.40;2;1;1;74;0;4300610;194;0
147;18;336;11;56;47;99;3.60;7;2;1;92;0;4300799;1598;0
147;18;336;11;56;49;70;3.40;6;2;1;76;0;4300970;498;0
147;18;336;11;56;50;99;3.40;2;1;1;75;0;4301099;472;0
147;18;336;11;56;51;8;4.20;3;1;1;84;0;4301108;494;0
147;18;336;11;56;51;1;5.00;1;1;1;85;0;4301101;2735;0
147;18;336;11;56;51;40;3.60;4;1;1;80;0;4301140;4324;0
147;18;336;11;56;52;16;4.00;2;1;1;81;0;4301216;100;0
147;18;336;11;56;52;15;4.00;6;2;1;78;0;4301215;228;0
147;18;336;11;56;53;99;3.20;3;1;1;77;0;4301399;273;0
147;18;336;11;56;55;99;3.60;2;1;1;80;0;4301599;365;0
147;18;336;11;56;55;99;3.40;5;2;1;83;0;4301599;1083;0
147;18;336;11;56;56;99;3.00;3;1;1;75;0;4301699;285;0
147;18;336;11;56;57;99;4.80;3;1;1;77;0;4301799;85;0
147;18;336;11;56;59;53;3.40;2;1;1;88;0;4301953;337;0
147;18;336;11;57;1;99;3.40;6;2;1;83;0;4302199;965;0
147;18;336;11;57;2;38;3.80;3;1;1;74;0;4302238;416;0
147;18;336;11;57;2;51;3.60;1;1;1;84;0;4302251;1128;0
147;18;336;11;57;4;12;3.60;6;2;1;80;0;4302412;198;0
147;18;336;11;57;5;99;4.60;7;2;1;79;0;4302599;1785;0
147;18;336;11;57;5;99;3.20;4;1;1;76;0;4302599;1442;0
147;18;336;11;57;6;99;3.80;8;2;1;77;0;4302699;3382;0
147;18;336;11;57;7;35;3.40;3;1;1;75;0;4302735;478;0
147;18;336;11;57;7;45;3.80;2;1;1;77;0;4302745;778;0
147;18;336;11;57;8;99;3.40;3;1;1;76;0;4302899;147;0
147;18;336;11;57;8;99;3.60;7;2;1;87;0;4302899;279;0
147;18;336;11;57;10;99;3.40;2;1;1;76;0;4303099;336;0
147;18;336;11;57;10;99;4.00;4;1;1;81;0;4303099;484;0
147;18;336;11;57;12;43;3.40;3;1;1;78;0;4303243;327;0
147;18;336;11;57;13;99;3.40;6;2;1;80;0;4303399;970;0
147;18;336;11;57;14;1;3.40;7;2;1;81;0;4303401;487;0
147;18;336;11;57;15;89;3.80;6;2;1;76;0;4303589;174;0
147;18;336;11;57;15;99;3.80;7;2;1;86;0;4303599;182;0
147;18;336;11;57;17;50;3.00;6;2;1;79;0;4303750;143;0
147;18;336;11;57;18;24;4.00;3;1;1;87;0;4303824;565;0
147;18;336;11;57;18;99;3.60;2;1;1;76;0;4303899;783;0
147;18;336;11;57;18;99;3.60;7;2;1;82;0;4303899;284;0
147;18;336;11;57;19;99;4.00;1;1;1;75;0;4303999;1732;0
147;18;336;11;57;20;18;3.60;3;1;1;83;0;4304018;177;0
147;18;336;11;57;20;17;4.20;7;2;1;82;0;4304017;102;0
147;18;336;11;57;20;69;3.60;5;2;1;79;0;4304069;2455;0
147;18;336;11;57;20;99;4.20;6;2;1;76;0;4304099;335;0
147;18;336;11;57;21;23;4.60;3;1;1;84;0;4304123;89;0
147;18;336;11;57;21;99;3.60;7;2;1;77;0;4304199;163;0
147;18;336;11;57;22;6;3.60;8;2;1;81;0;4304206;1489;0
147;18;336;11;57;23;99;3.60;2;1;1;80;0;4304399;482;0
147;18;336;11;57;24;12;3.80;3;1;1;81;0;4304412;269;0
147;18;336;11;57;25;14;3.80;4;1;1;83;0;4304514;1397;0
147;18;336;11;57;26;12;3.20;1;1;1;80;0;4304612;593;0
147;18;336;11;57;26;99;3.40;6;2;1;73;0;4304699;580;0
147;18;336;11;57;26;99;3.20;1;1;1;77;0;4304699;72;0
147;18;336;11;57;27;10;4.00;2;1;1;78;0;4304710;294;0
147;18;336;11;57;28;99;2.80;3;1;1;79;0;4304899;470;0
147;18;336;11;57;29;99;3.40;6;2;1;74;0;4304999;283;0
147;18;336;11;57;29;99;3.80;5;2;1;81;0;4304999;913;0
147;18;336;11;57;30;51;2.80;3;1;1;82;0;4305051;139;0
147;18;336;11;57;31;18;3.60;6;2;1;73;0;4305118;102;0
147;18;336;11;57;32;1;3.60;6;2;1;76;0;4305201;65;0
147;18;336;11;57;33;10;3.20;1;1;1;75;0;4305310;596;0
147;18;336;11;57;33;83;3.80;5;2;1;79;0;4305383;367;0
147;18;336;11;57;33;99;3.40;3;1;1;81;0;4305399;335;0
147;18;336;11;57;34;99;3.60;5;2;1;82;0;4305499;98;0
147;18;336;11;57;35;7;3.20;3;1;1;77;0;4305507;92;0
147;18;336;11;57;35;30;3.00;6;2;1;80;0;4305530;311;0
147;18;336;11;57;35;68;3.80;5;2;1;82;0;4305568;53;0
147;18;336;11;57;36;0;4.40;4;1;1;86;0;4305600;1069;0
147;18;336;11;57;36;24;3.40;6;2;1;81;0;4305624;80;0
147;18;336;11;57;36;99;3.60;2;1;1;78;0;4305699;970;0
147;18;336;11;57;37;24;4.00;8;2;1;85;0;4305724;1502;0
147;18;336;11;57;37;99;3.40;6;2;1;79;0;4305799;159;0
147;18;336;11;57;39;25;3.40;6;2;1;74;0;4305925;110;0
147;18;336;11;57;42;18;4.00;6;2;1;79;0;4306218;276;0
147;18;336;11;57;47;99;3.40;7;2;1;76;0;4306799;2583;0
147;18;336;11;57;48;47;3.40;6;2;1;78;0;4306847;610;0
147;18;336;11;57;48;54;3.60;2;1;1;76;0;4306854;1138;0
147;18;336;11;57;49;7;3.60;3;1;1;79;0;4306907;1385;0
147;18;336;11;57;52;99;3.20;6;2;1;79;0;4307299;436;0
147;18;336;11;57;52;99;3.40;2;1;1;81;0;4307299;427;0
147;18;336;11;57;54;99;3.60;6;2;1;78;0;4307499;185;0
147;18;336;11;57;54;99;3.40;3;1;1;77;0;4307499;575;0
147;18;336;11;57;54;99;3.80;2;1;1;91;0;4307499;184;0
147;18;336;11;57;55;10;3.60;4;1;1;78;0;4307510;1891;0
147;18;336;11;57;55;39;3.40;5;2;1;80;0;4307539;1954;0
147;18;336;11;57;55;34;4.00;3;1;1;77;0;4307534;19;0
147;18;336;11;57;56;21;3.00;6;2;1;76;0;4307621;105;0
147;18;336;11;57;56;99;3.40;7;2;1;77;0;4307699;883;0
147;18;336;11;57;58;8;3.80;3;1;1;79;0;4307808;255;0
147;18;336;11;57;57;99;6.60;6;2;1;78;0;4307799;163;0
147;18;336;11;57;58;16;3.40;4;1;1;79;0;4307816;289;0
147;18;336;11;58;0;99;3.40;1;1;1;78;0;4308099;2773;0
147;18;336;11;58;0;25;3.60;7;2;1;78;0;4308025;310;0
147;18;336;11;58;1;99;3.60;5;2;1;80;0;4308199;644;0
147;18;336;11;58;1;99;3.60;6;2;1;78;0;4308199;369;0
147;18;336;11;58;2;99;3.60;5;2;1;81;0;4308299;83;0
147;18;336;11;58;2;99;3.40;7;2;1;78;0;4308299;257;0
147;18;336;11;58;4;99;3.60;5;2;1;82;0;4308499;184;0
147;18;336;11;58;4;99;3.40;3;1;1;77;0;4308499;673;0
147;18;336;11;58;5;6;3.80;6;2;1;78;0;4308506;290;0
147;18;336;11;58;6;99;3.80;6;2;1;81;0;4308699;175;0
147;18;336;11;58;7;99;3.60;7;2;1;83;0;4308799;484;0
147;18;336;11;58;9;99;3.40;6;2;1;81;0;4308999;283;0
147;18;336;11;58;10;10;3.20;4;1;1;75;0;4309010;1178;0
147;18;336;11;58;10;99;4.00;5;2;1;86;0;4309099;584;0
147;18;336;11;58;10;99;3.40;2;1;1;75;0;4309099;1584;0
147;18;336;11;58;11;69;3.80;2;1;1;73;0;4309169;53;0
147;18;336;11;58;12;99;3.80;3;1;1;76;0;4309299;784;0
147;18;336;11;58;13;2;3.40;6;2;1;76;0;4309302;287;0
147;18;336;11;58;15;99;3.40;8;2;1;78;0;4309599;3858;0
147;18;336;11;58;15;99;3.80;6;2;1;77;0;4309599;280;0
147;18;336;11;58;16;44;3.60;8;2;1;77;0;4309644;29;0
147;18;336;11;58;16;38;5.20;7;2;1;76;0;4309638;823;0
147;18;336;11;58;16;57;3.40;5;2;1;82;0;4309657;541;0
147;18;336;11;58;16;96;3.80;3;1;1;76;0;4309696;379;0
147;18;336;11;58;17;99;3.40;5;2;1;82;0;4309799;127;0
147;18;336;11;58;18;3;3.40;3;1;1;80;0;4309803;89;0
147;18;336;11;58;19;99;3.40;6;2;1;81;0;4309999;382;0
147;18;336;11;58;20;12;4.60;7;2;1;81;0;4310012;349;0
147;18;336;11;58;21;9;4.00;7;2;1;80;0;4310109;76;0
147;18;336;11;58;22;4;4.00;4;1;1;81;0;4310204;1178;0
147;18;336;11;58;22;99;3.00;3;1;1;76;0;4310299;480;0
147;18;336;11;58;22;99;3.40;6;2;1;77;0;4310299;284;0
147;18;336;11;58;25;1;3.40;3;1;1;75;0;4310501;187;0
147;18;336;11;58;25;99;3.00;1;1;1;73;0;4310599;2484;0
147;18;336;11;58;27;17;3.60;6;2;1;82;0;4310717;402;0
147;18;336;11;58;27;99;3.60;2;1;1;78;0;4310799;1611;0
147;18;336;11;58;28;4;3.60;3;1;1;72;0;4310804;286;0
147;18;336;11;58;28;7;4.00;4;1;1;76;0;4310807;585;0
147;18;336;11;58;28;99;3.80;3;1;1;73;0;4310899;77;0
147;18;336;11;58;29;80;3.40;2;1;1;76;0;4310980;164;0
147;18;336;11;58;30;99;3.60;4;1;1;81;0;4311099;273;0
147;18;336;11;58;30;99;3.80;3;1;1;73;0;4311099;181;0
147;18;336;11;58;32;24;2.80;3;1;1;77;0;4311224;106;0
147;18;336;11;58;32;99;3.60;5;2;1;81;0;4311299;1485;0
147;18;336;11;58;33;99;4.00;4;1;1;82;0;4311399;284;0
147;18;336;11;58;33;99;8.60;6;2;6;77;0;4311399;666;0
147;18;336;11;58;34;43;3.20;3;1;1;68;0;4311443;205;0
147;18;336;11;58;34;69;3.80;4;1;1;77;0;4311469;52;0
147;18;336;11;58;35;99;3.40;8;2;1;81;0;4311599;1938;0
147;18;336;11;58;36;99;3.40;6;2;1;78;0;4311699;259;0
147;18;336;11;58;37;11;3.60;7;2;1;88;0;4311711;1584;0
147;18;336;11;58;37;2;4.20;6;2;1;76;0;4311702;-1;0
147;18;336;11;58;38;19;4.20;7;2;1;84;0;4311819;93;0
147;18;336;11;58;38;99;5.20;1;1;1;70;0;4311899;1285;0
147;18;336;11;58;40;1;3.60;6;2;1;81;0;4312001;279;0
147;18;336;11;58;41;99;3.40;2;1;1;75;0;4312199;1202;0
147;18;336;11;58;41;99;6.80;3;1;1;72;0;4312199;739;0
147;18;336;11;58;41;19;3.80;4;1;1;78;0;4312119;632;0
147;18;336;11;58;42;99;3.00;4;1;1;75;0;4312299;162;0
147;18;336;11;58;43;99;3.60;2;1;1;70;0;4312399;183;0
147;18;336;11;58;43;99;4.00;1;1;1;73;0;4312399;473;0
147;18;336;11;58;44;72;3.60;3;1;1;77;0;4312472;239;0
147;18;336;11;58;45;99;3.40;8;2;1;78;0;4312599;984;0
147;18;336;11;58;46;99;5.80;7;2;1;73;0;4312699;862;0
147;18;336;11;58;49;10;3.20;6;2;1;77;0;4312910;893;0
147;18;336;11;58;50;99;3.40;2;1;1;75;0;4313099;681;0
147;18;336;11;58;51;7;4.40;3;1;1;83;0;4313107;618;0
147;18;336;11;58;51;2;3.00;6;2;1;83;0;4313102;177;0
147;18;336;11;58;51;11;3.60;3;1;1;80;0;4313111;-1;0
147;18;336;11;58;52;59;5.60;2;1;1;73;0;4313259;143;0
147;18;336;11;58;52;79;3.60;3;1;1;76;0;4313279;151;0
147;18;336;11;58;53;99;5.20;8;2;1;85;0;4313399;784;0
147;18;336;11;58;54;99;3.60;2;1;1;77;0;4313499;212;0
147;18;336;11;58;55;97;3.60;1;1;1;76;0;4313597;1178;0
147;18;336;11;58;56;99;4.00;6;2;1;83;0;4313699;583;0
147;18;336;11;58;56;99;3.00;8;2;1;80;0;4313699;277;0
147;18;336;11;58;58;8;4.00;1;1;1;82;0;4313808;193;0
147;18;336;11;58;58;99;3.20;6;2;1;80;0;4313899;182;0
147;18;336;11;58;59;7;3.80;6;2;1;78;0;4313907;-1;0
147;18;336;11;58;59;28;3.60;3;1;1;85;0;4313928;631;0
147;18;336;11;59;0;77;4.00;7;2;1;83;0;4314077;1349;0
147;18;336;11;59;1;23;3.40;3;1;1;80;0;4314123;179;0
147;18;336;11;59;1;99;3.80;6;2;1;79;0;4314199;274;0
147;18;336;11;59;1;99;3.60;5;2;1;81;0;4314199;2884;0
147;18;336;11;59;2;54;3.60;2;1;1;81;0;4314254;738;0
147;18;336;11;59;2;83;3.60;1;1;1;70;0;4314283;457;0
147;18;336;11;59;3;16;3.40;7;2;1;85;0;4314316;221;0
147;18;336;11;59;3;99;3.60;2;1;1;85;0;4314399;129;0
147;18;336;11;59;3;99;3.40;5;2;1;88;0;4314399;184;0
147;18;336;11;59;3;99;3.40;1;1;1;71;0;4314399;97;0
147;18;336;11;59;3;99;3.20;4;1;1;83;0;4314399;2085;0
147;18;336;11;59;4;99;3.80;1;1;1;70;0;4314499;82;0
147;18;336;11;59;4;6;3.40;3;1;1;77;0;4314406;267;0
147;18;336;11;59;5;99;3.60;2;1;1;79;0;4314599;184;0
147;18;336;11;59;6;28;3.20;6;2;1;84;0;4314628;411;0
147;18;336;11;59;6;99;3.40;3;1;1;74;0;4314699;277;0
147;18;336;11;59;7;27;3.60;3;1;1;72;0;4314727;11;0
147;18;336;11;59;7;48;3.80;2;1;1;81;0;4314748;132;0
147;18;336;11;59;7;57;3.80;5;2;1;89;0;4314757;344;0
147;18;336;11;59;8;12;3.80;4;1;1;83;0;4314812;399;0
147;18;336;11;59;9;99;3.80;6;2;1;85;0;4314999;357;0
147;18;336;11;59;9;99;3.40;3;1;1;75;0;4314999;254;0
147;18;336;11;59;10;99;3.40;3;1;1;74;0;4315099;83;0
147;18;336;11;59;11;99;3.80;7;2;1;81;0;4315199;868;0
147;18;336;11;59;12;48;3.40;6;2;1;78;0;4315248;232;0
147;18;336;11;59;13;99;3.80;5;2;1;83;0;4315399;626;0
147;18;336;11;59;14;99;3.80;6;2;1;80;0;4315499;235;0
147;18;336;11;59;15;2;3.80;4;1;1;87;0;4315502;673;0
147;18;336;11;59;15;46;3.60;3;1;1;70;0;4315546;430;0
147;18;336;11;59;16;99;4.00;5;2;1;81;0;4315699;283;0
147;18;336;11;59;16;99;4.00;3;1;1;72;0;4315699;134;0
147;18;336;11;59;17;11;3.60;6;2;1;77;0;4315711;194;0
147;18;336;11;59;18;93;3.40;2;1;1;80;0;4315893;1128;0
147;18;336;11;59;19;17;3.80;6;2;1;78;0;4315917;189;0
147;18;336;11;59;20;38;3.60;2;1;1;75;0;4316038;129;0
147;18;336;11;59;21;99;4.00;6;2;1;79;0;4316199;264;0
147;18;336;11;59;22;99;3.80;3;1;1;82;0;4316299;580;0
147;18;336;11;59;23;99;3.60;6;2;1;77;0;4316399;181;0
147;18;336;11;59;24;99;3.60;6;2;1;76;0;4316499;83;0
147;18;336;11;59;25;35;3.40;5;2;1;79;0;4316535;818;0
147;18;336;11;59;25;32;6.00;3;1;1;80;0;4316532;216;0
147;18;336;11;59;25;42;3.80;4;1;1;85;0;4316542;1024;0
147;18;336;11;59;26;99;3.60;6;2;1;79;0;4316699;182;0
147;18;336;11;59;26;99;3.60;5;2;1;82;0;4316699;148;0
147;18;336;11;59;26;70;0.80;7;2;1;36;1;4316670;1454;0
147;18;336;11;59;27;99;3.60;6;2;1;77;0;4316799;83;4316199
147;18;336;11;59;28;70;3.80;3;1;1;79;0;4316870;311;0
147;18;336;11;59;28;99;3.60;7;2;1;76;0;4316899;1683;0
147;18;336;11;59;31;99;3.60;6;2;1;74;0;4317199;383;0
147;18;336;11;59;32;99;3.00;6;2;1;78;0;4317299;82;0
147;18;336;11;59;32;2;3.80;7;2;1;91;0;4317202;285;0
147;18;336;11;59;33;89;4.00;7;2;1;82;0;4317389;171;0
147;18;336;11;59;33;99;3.80;3;1;1;77;0;4317399;511;0
147;18;336;11;59;34;4;3.80;4;1;1;86;0;4317404;845;0
147;18;336;11;59;34;99;4.00;3;1;1;82;0;4317499;82;0
147;18;336;11;59;37;99;3.60;2;1;1;82;0;4317799;1743;0
147;18;336;11;59;38;85;3.60;2;1;1;84;0;4317885;70;0
147;18;336;11;59;39;99;3.20;3;1;1;78;0;4317999;482;0
147;18;336;11;59;40;99;3.80;7;2;1;82;0;4318099;692;0
147;18;336;11;59;40;27;3.20;3;1;1;78;0;4318027;13;0
147;18;336;11;59;41;14;4.00;5;2;1;82;0;4318114;1399;0
147;18;336;11;59;41;99;6.00;7;2;1;83;0;4318199;83;0
147;18;336;11;59;43;92;4.40;6;2;1;78;0;4318392;1079;0
147;18;336;11;59;45;99;3.80;6;2;1;79;0;4318599;186;0
147;18;336;11;59;47;22;3.60;5;2;1;84;0;4318722;590;0
147;18;336;11;59;47;99;3.40;6;2;1;84;0;4318799;182;0
147;18;336;11;59;49;99;3.40;5;2;1;87;0;4318999;261;0
147;18;336;11;59;50;17;3.40;6;2;1;84;0;4319017;203;0
147;18;336;11;59;50;14;3.80;5;2;1;83;0;4319014;0;0
147;18;336;11;59;51;90;3.60;2;1;1;76;0;4319190;1289;0
147;18;336;11;59;52;21;3.40;3;1;1;77;0;4319221;1179;0
147;18;336;11;59;52;99;4.00;6;2;1;80;0;4319299;267;0
147;18;336;11;59;53;20;3.80;8;2;1;80;0;4319320;5607;0
147;18;336;11;59;58;99;3.60;2;1;1;82;0;4319899;691;0
147;18;336;11;59;58;5;4.00;7;2;1;70;0;4319805;1579;0
147;18;336;11;59;59;99;3.60;5;2;1;85;0;4319999;968;0
147;18;336;12;0;0;99;3.60;6;2;1;78;0;4320099;782;0
147;18;336;12;0;1;80;3.40;3;1;1;81;0;4320180;943;0
147;18;336;12;0;3;5;3.20;6;2;1;75;0;4320305;189;0
147;18;336;12;0;3;29;4.20;5;2;1;81;0;4320329;314;0
147;18;336;12;0;5;99;3.80;3;1;1;83;0;4320599;403;0
147;18;336;12;0;5;99;3.80;6;2;1;84;0;4320599;278;0
147;18;336;12;0;8;99;3.40;3;1;1;89;0;4320899;283;0
147;18;336;12;0;8;99;3.60;2;1;1;83;0;4320899;984;0
147;18;336;12;0;10;99;3.80;2;1;1;88;0;4321099;184;0
147;18;336;12;0;11;47;4.00;7;2;1;78;0;4321147;1321;0
147;18;336;12;0;15;99;3.60;5;2;1;81;0;4321599;1251;0
147;18;336;12;0;15;99;3.40;6;2;1;76;0;4321599;983;0
147;18;336;12;0;16;6;3.60;3;1;1;82;0;4321606;693;0
147;18;336;12;0;16;30;3.60;7;2;1;83;0;4321630;464;0
147;18;336;12;0;16;36;3.40;2;1;1;77;0;4321636;521;0
147;18;336;12;0;17;99;4.20;7;2;1;84;0;4321799;153;0
147;18;336;12;0;19;4;3.80;7;2;1;89;0;4321904;87;0
147;18;336;12;0;19;53;3.80;2;1;1;86;0;4321953;301;0
147;18;336;12;0;21;11;4.00;7;2;1;79;0;4322111;191;0
147;18;336;12;0;22;18;3.40;6;2;1;81;0;4322218;602;0
147;18;336;12;0;27;11;4.40;7;2;1;85;0;4322711;581;0
147;18;336;12;0;29;27;3.00;6;2;1;81;0;4322927;693;0
147;18;336;12;0;30;5;3.60;6;2;1;77;0;4323005;64;0
147;18;336;12;0;30;28;3.40;7;2;1;83;0;4323028;298;0
147;18;336;12;0;33;99;3.00;3;1;1;93;0;4323399;1777;0
147;18;336;12;0;34;32;3.20;3;1;1;80;0;4323432;21;0
147;18;336;12;0;35;99;3.60;6;2;1;82;0;4323599;577;0
147;18;336;12;0;35;99;4.00;3;1;1;83;0;4323599;152;0
147;18;336;12;0;36;99;3.00;2;1;1;80;0;4323699;1730;0
147;18;336;12;0;36;99;3.60;6;2;1;82;0;4323699;84;0
147;18;336;12;0;36;99;3.60;4;1;1;83;0;4323699;6279;0
147;18;336;12;0;37;77;3.80;3;1;1;76;0;4323777;160;0
147;18;336;12;0;37;99;4.60;4;1;1;90;0;4323799;84;0
147;18;336;12;0;38;99;3.40;1;1;1;77;0;4323899;9380;0
147;18;336;12;0;38;99;3.60;3;1;1;77;0;4323899;104;4323399
147;18;336;12;0;39;22;3.80;4;1;1;86;0;4323922;104;4323399
147;18;336;12;0;39;11;3.80;7;2;1;80;0;4323911;868;0
147;18;336;12;0;39;29;3.80;6;2;1;84;0;4323929;214;0
147;18;336;12;0;39;63;3.80;1;1;1;74;0;4323963;48;0
147;18;336;12;0;41;23;3.80;2;1;1;82;0;4324123;410;0
147;18;336;12;0;41;99;3.00;3;1;1;79;0;4324199;283;0
147;18;336;12;0;41;99;3.80;5;2;1;85;0;4324199;2584;0
147;18;336;12;0;41;99;3.60;6;2;1;85;0;4324199;253;0
147;18;336;12;0;42;56;3.40;3;1;1;79;0;4324256;43;0
147;18;336;12;0;42;74;3.60;2;1;1;83;0;4324274;134;0
147;18;336;12;0;43;12;3.80;6;2;1;79;0;4324312;97;0
147;18;336;12;0;43;99;3.80;4;1;1;81;0;4324399;461;0
147;18;336;12;0;46;99;3.40;2;1;1;76;0;4324699;409;0
147;18;336;12;0;49;8;3.40;3;1;1;75;0;4324908;636;0
147;18;336;12;0;50;59;3.20;6;2;1;68;0;4325059;729;0
147;18;336;12;0;50;66;3.20;5;2;1;73;0;4325066;850;0
147;18;336;12;0;51;4;3.80;5;2;1;73;0;4325104;22;0
147;18;336;12;0;51;99;7.00;6;2;6;68;0;4325199;123;0
147;18;336;12;0;52;43;3.40;5;2;1;77;0;4325243;120;0
147;18;336;12;0;52;61;3.80;3;1;1;74;0;4325261;336;0
147;18;336;12;0;52;74;3.80;6;2;1;67;0;4325274;37;0
147;18;336;12;0;53;99;3.80;5;2;1;77;0;4325399;140;0
147;18;336;12;0;53;99;3.60;6;2;1;67;0;4325399;104;0
147;18;336;12;0;54;99;15.00;6;2;4;68;0;4325499;80;4325059
147;18;336;12;0;56;99;3.80;3;1;1;77;0;4325699;419;0
147;18;336;12;0;57;7;4.40;7;2;1;81;0;4325707;1778;0
147;18;336;12;0;57;12;3.60;8;2;1;91;0;4325712;6374;0
147;18;336;12;0;57;38;3.40;2;1;1;80;0;4325738;1022;0
147;18;336;12;0;58;3;3.20;3;1;1;73;0;4325803;86;0
147;18;336;12;0;58;99;3.20;4;1;1;76;0;4325899;1483;0
147;18;336;12;0;58;99;3.80;7;2;1;78;0;4325899;172;0
147;18;336;12;0;58;99;3.60;2;1;1;79;0;4325899;145;0
147;18;336;12;0;59;99;3.60;7;2;1;76;0;4325999;82;0
147;18;336;12;0;59;15;3.60;3;1;1;82;0;4325915;96;0
147;18;336;12;1;0;84;3.20;4;1;1;81;0;4326084;169;0
147;18;336;12;1;0;87;3.40;6;2;1;81;0;4326087;508;0
147;18;336;12;1;2;0;3.40;2;1;1;79;0;4326200;284;0
147;18;336;12;1;2;16;3.20;6;2;1;78;0;4326216;113;0
147;18;336;12;1;3;27;3.40;7;2;1;80;0;4326327;310;0
147;18;336;12;1;3;99;3.40;6;2;1;77;0;4326399;168;0
147;18;336;12;1;6;6;4.20;6;2;1;81;0;4326606;191;0
147;18;336;12;1;7;20;3.40;3;1;1;76;0;4326720;789;0
147;18;336;12;1;8;5;3.40;8;2;1;77;0;4326805;1078;0
147;18;336;12;1;8;99;2.80;3;1;1;78;0;4326899;162;0
147;18;336;12;1;9;99;4.60;6;2;1;80;0;4326999;374;0
147;18;336;12;1;9;99;3.20;2;1;1;91;0;4326999;783;0
147;18;336;12;1;9;99;3.60;5;2;1;77;0;4326999;1582;0
147;18;336;12;1;11;99;3.80;5;2;1;81;0;4327199;183;0
147;18;336;12;1;13;75;3.60;5;2;1;79;0;4327375;159;0
147;18;336;12;1;13;99;3.60;6;2;1;80;0;4327399;379;0
147;18;336;12;1;14;99;4.20;2;1;1;77;0;4327499;487;0
147;18;336;12;1;16;99;3.60;2;1;1;81;0;4327699;180;0
147;18;336;12;1;16;99;4.40;6;2;1;77;0;4327699;283;0
147;18;336;12;1;18;18;3.60;7;2;1;81;0;4327818;1475;0
147;18;336;12;1;19;99;3.20;3;1;1;82;0;4327999;1087;0
147;18;336;12;1;19;99;3.60;7;2;1;78;0;4327999;165;0
147;18;336;12;1;19;99;3.80;2;1;1;76;0;4327999;284;0
147;18;336;12;1;19;99;3.20;5;2;1;80;0;4327999;607;0
147;18;336;12;1;20;50;3.60;4;1;1;80;0;4328050;1951;0
147;18;336;12;1;21;99;3.00;3;1;1;79;0;4328199;185;0
147;18;336;12;1;22;99;3.60;7;2;1;74;0;4328299;283;0
147;18;336;12;1;22;99;4.00;8;2;1;86;0;4328299;1478;0
147;18;336;12;1;23;8;3.40;2;1;1;79;0;4328308;291;0
147;18;336;12;1;23;58;3.40;4;1;1;83;0;4328358;291;0
147;18;336;12;1;23;85;3.60;7;2;1;75;0;4328385;68;0
147;18;336;12;1;24;17;3.80;2;1;1;78;0;4328417;93;0
147;18;336;12;1;24;19;4.00;8;2;1;82;0;4328419;103;0
147;18;336;12;1;24;99;3.80;6;2;1;83;0;4328499;779;0
147;18;336;12;1;25;6;3.80;7;2;1;79;0;4328506;103;0
147;18;336;12;1;25;30;3.60;3;1;1;76;0;4328530;317;0
147;18;336;12;1;26;0;3.60;5;2;1;89;0;4328600;586;0
147;18;336;12;1;26;99;3.40;6;2;1;81;0;4328699;183;0
147;18;336;12;1;26;99;3.80;2;1;1;78;0;4328699;264;0
147;18;336;12;1;27;99;3.60;6;2;1;75;0;4328799;84;0
147;18;336;12;1;27;99;3.80;2;1;1;80;0;4328799;82;0
147;18;336;12;1;28;89;3.80;3;1;1;77;0;4328889;341;0
147;18;336;12;1;29;21;3.80;2;1;1;77;0;4328921;104;0
147;18;336;12;1;29;99;4.40;5;2;1;83;0;4328999;384;0
147;18;336;12;1;30;7;3.60;4;1;1;81;0;4329007;634;0
147;18;336;12;1;31;99;6.80;3;1;1;85;0;4329199;292;0
147;18;336;12;1;32;99;3.60;5;2;1;82;0;4329299;280;0
147;18;336;12;1;32;99;3.60;7;2;1;82;0;4329299;775;0
147;18;336;12;1;33;21;3.40;6;2;1;78;0;4329321;504;0
147;18;336;12;1;33;36;3.40;7;2;1;80;0;4329336;21;0
147;18;336;12;1;33;45;3.80;3;1;1;85;0;4329345;117;0
147;18;336;12;1;35;99;5.80;7;2;1;85;0;4329599;247;0
147;18;336;12;1;36;74;3.80;3;1;1;86;0;4329674;312;0
147;18;336;12;1;36;99;4.00;6;2;1;80;0;4329699;362;0
147;18;336;12;1;38;5;3.60;6;2;1;80;0;4329805;88;0
147;18;336;12;1;39;99;3.20;2;1;1;78;0;4329999;1060;0
147;18;336;12;1;39;99;3.60;6;2;1;82;0;4329999;177;0
147;18;336;12;1;39;99;3.40;1;1;1;78;0;4329999;6017;0
147;18;336;12;1;42;99;3.80;6;2;1;69;0;4330299;284;0
147;18;336;12;1;43;18;3.80;5;2;1;87;0;4330318;1003;0
147;18;336;12;1;44;5;3.40;6;2;1;71;0;4330405;86;0
147;18;336;12;1;44;13;4.00;5;2;1;86;0;4330413;79;0
147;18;336;12;1;44;99;3.60;7;2;1;90;0;4330499;875;0
147;18;336;12;1;45;99;3.20;7;2;1;80;0;4330599;85;0
147;18;336;12;1;46;54;3.80;6;2;1;77;0;4330654;231;0
147;18;336;12;1;47;99;4.00;5;2;1;79;0;4330799;369;0
147;18;336;12;1;48;15;3.60;6;2;1;80;0;4330815;143;0
147;18;336;12;1;48;8;3.60;1;1;1;81;0;4330808;793;0
147;18;336;12;1;49;80;3.40;3;1;1;78;0;4330980;1290;0
147;18;336;12;1;49;91;3.40;6;2;1;77;0;4330991;159;0
147;18;336;12;1;50;13;4.00;8;2;1;78;0;4331013;2576;0
147;18;336;12;1;50;99;3.60;2;1;1;78;0;4331099;1085;0
147;18;336;12;1;51;94;3.40;2;1;1;75;0;4331194;78;0
147;18;336;12;1;55;99;3.60;3;1;1;82;0;4331599;603;0
147;18;336;12;1;56;46;3.60;6;2;1;82;0;4331646;639;0
147;18;336;12;1;56;67;3.60;2;1;1;81;0;4331667;456;0
147;18;336;12;1;57;13;3.80;1;1;1;82;0;4331713;889;0
147;18;336;12;2;0;99;4.40;3;1;1;75;0;4332099;484;0
147;18;336;12;2;0;99;3.60;7;2;1;79;0;4332099;1485;0
147;18;336;12;2;1;3;3.80;6;2;1;80;0;4332103;441;0
147;18;336;12;2;2;99;4.20;7;2;1;78;0;4332299;183;0
147;18;336;12;2;3;99;3.40;2;1;1;87;0;4332399;716;0
147;18;336;12;2;3;99;3.60;6;2;1;82;0;4332399;278;0
147;18;336;12;2;3;16;4.00;5;2;1;82;0;4332316;1498;0
147;18;336;12;2;4;99;3.00;3;1;1;72;0;4332499;378;0
147;18;336;12;2;5;99;3.00;5;2;1;85;0;4332599;265;0
147;18;336;12;2;6;36;3.40;2;1;1;80;0;4332636;222;0
147;18;336;12;2;6;45;3.60;3;1;1;75;0;4332645;131;0
147;18;336;12;2;7;14;4.20;5;2;1;89;0;4332714;102;0
147;18;336;12;2;7;99;4.00;6;2;1;80;0;4332799;384;0
147;18;336;12;2;8;14;3.40;3;1;1;77;0;4332814;151;0
147;18;336;12;2;8;99;3.40;4;1;1;85;0;4332899;3876;0
147;18;336;12;2;9;62;3.60;5;2;1;89;0;4332962;231;0
147;18;336;12;2;9;99;3.60;2;1;1;78;0;4332999;347;0
147;18;336;12;2;10;11;3.80;6;2;1;81;0;4333011;194;0
147;18;336;12;2;11;41;3.80;2;1;1;76;0;4333141;125;0
147;18;336;12;2;12;99;3.60;1;1;1;77;0;4333299;1569;0
147;18;336;12;2;13;13;3.60;6;2;1;79;0;4333313;285;0
147;18;336;12;2;14;18;4.00;8;2;1;85;0;4333418;2386;0
147;18;336;12;2;14;79;3.60;2;1;1;86;0;4333479;320;0
147;18;336;12;2;15;11;3.80;6;2;1;78;0;4333511;181;0
147;18;336;12;2;15;99;3.60;3;1;1;78;0;4333599;769;0
147;18;336;12;2;16;99;3.40;6;2;1;74;0;4333699;170;0
147;18;336;12;2;17;81;3.40;2;1;1;84;0;4333781;286;0
147;18;336;12;2;19;63;3.40;6;2;1;83;0;4333963;247;0
147;18;336;12;2;21;99;3.80;3;1;1;81;0;4334199;583;0
147;18;336;12;2;22;92;3.60;2;1;1;73;0;4334292;496;0
147;18;336;12;2;22;99;4.60;6;2;1;89;0;4334299;321;0
147;18;336;12;2;23;99;3.60;3;1;1;76;0;4334399;183;0
147;18;336;12;2;23;99;3.20;2;1;1;75;0;4334399;89;0
147;18;336;12;2;24;10;3.80;6;2;1;85;0;4334410;92;0
147;18;336;12;2;25;15;3.60;3;1;1;80;0;4334515;98;0
147;18;336;12;2;25;99;3.80;4;1;1;87;0;4334599;1685;0
147;18;336;12;2;25;99;3.60;6;2;1;82;0;4334599;172;0
147;18;336;12;2;27;22;3.80;2;1;1;80;0;4334722;307;0
147;18;336;12;2;27;42;3.60;3;1;1;79;0;4334742;210;0
147;18;336;12;2;28;99;3.60;2;1;1;81;0;4334899;159;0
147;18;336;12;2;28;99;3.60;6;2;1;79;0;4334899;284;0
147;18;336;12;2;29;20;3.60;1;1;1;82;0;4334920;1604;0
147;18;336;12;2;30;7;3.80;6;2;1;79;0;4335007;91;0
147;18;336;12;2;30;99;3.80;5;2;1;87;0;4335099;2122;0
147;18;336;12;2;31;99;3.60;3;1;1;79;0;4335199;440;0
147;18;336;12;2;32;65;4.00;8;2;1;82;0;4335265;1830;0
147;18;336;12;2;32;73;3.60;6;2;1;76;0;4335273;248;0
147;18;336;12;2;32;86;3.60;3;1;1;83;0;4335286;70;0
147;18;336;12;2;33;99;3.20;2;1;1;79;0;4335399;484;0
147;18;336;12;2;34;99;4.00;2;1;1;80;0;4335499;85;0
147;18;336;12;2;34;16;4.00;3;1;1;85;0;4335416;114;0
147;18;336;12;2;35;99;2.80;3;1;1;77;0;4335599;166;0
147;18;336;12;2;35;99;3.60;6;2;1;90;0;4335599;308;0
147;18;336;12;2;36;4;3.80;2;1;1;84;0;4335604;87;0
147;18;336;12;2;37;25;3.60;6;2;1;82;0;4335725;111;0
147;18;336;12;2;37;54;3.60;2;1;1;82;0;4335754;133;0
147;18;336;12;2;38;26;3.80;6;2;1;81;0;4335826;85;0
147;18;336;12;2;39;99;3.80;7;2;1;84;0;4335999;3680;0
147;18;336;12;2;40;17;3.40;6;2;1;76;0;4336017;174;0
147;18;336;12;2;40;99;3.80;2;1;1;85;0;4336099;329;0
147;18;336;12;2;41;6;3.80;7;2;1;80;0;4336106;90;0
147;18;336;12;2;41;99;4.20;2;1;1;85;0;4336199;83;0
147;18;336;12;2;41;99;3.60;6;2;1;76;0;4336199;165;4335599
147;18;336;12;2;43;99;3.80;6;2;1;74;0;4336399;182;4335599
147;18;336;12;2;43;99;3.60;2;1;1;81;0;4336399;182;4335599
147;18;336;12;2;45;11;3.40;6;2;1;74;0;4336511;93;4335599
147;18;336;12;2;46;99;3.60;2;1;1;79;0;4336699;284;0
147;18;336;12;2;47;0;3.60;6;2;1;76;0;4336700;172;4335599
147;18;336;12;2;47;3;3.80;5;2;1;80;0;4336703;1588;0
147;18;336;12;2;47;43;3.20;6;2;1;77;0;4336743;25;4335599
147;18;336;12;2;48;99;4.00;1;1;1;80;0;4336899;1963;0
147;18;336;12;2;48;99;4.00;6;2;1;75;0;4336899;141;4335599
147;18;336;12;2;49;99;3.80;2;1;1;73;0;4336999;283;0
147;18;336;12;2;50;7;4.00;7;2;1;78;0;4337007;883;0
147;18;336;12;2;50;41;3.20;3;1;1;78;0;4337041;1428;0
147;18;336;12;2;50;78;6.20;5;2;1;89;0;4337078;357;0
147;18;336;12;2;51;99;3.40;6;2;1;75;0;4337199;280;0
147;18;336;12;2;52;99;3.20;1;1;1;78;0;4337299;382;0
147;18;336;12;2;52;99;4.00;6;2;1;73;0;4337299;83;0
147;18;336;12;2;52;44;3.80;7;2;1;82;0;4337244;218;0
147;18;336;12;2;54;18;3.80;3;1;1;86;0;4337418;362;0
147;18;336;12;2;54;99;4.00;2;1;1;91;0;4337499;481;0
147;18;336;12;2;54;99;3.60;4;1;1;90;0;4337499;2884;0
147;18;336;12;2;55;67;3.60;3;1;1;81;0;4337567;133;0
147;18;336;12;2;55;92;3.60;7;2;1;74;0;4337592;331;0
147;18;336;12;2;57;99;3.20;8;2;1;75;0;4337799;2516;0
147;18;336;12;2;57;99;3.60;6;2;1;77;0;4337799;480;0
147;18;336;12;2;57;12;3.40;2;1;1;80;0;4337712;197;0
147;18;336;12;2;59;99;3.60;2;1;1;80;0;4337999;271;0
147;18;336;12;3;2;16;3.80;7;2;1;78;0;4338216;606;0
147;18;336;12;3;1;99;8.20;2;1;2;73;0;4338199;183;0
147;18;336;12;3;2;0;3.80;6;2;1;76;0;4338200;384;0
147;18;336;12;3;2;26;3.80;5;2;1;83;0;4338226;1122;0
147;18;336;12;3;3;94;3.60;6;2;1;79;0;4338394;176;0
147;18;336;12;3;3;99;3.40;2;1;1;70;0;4338399;159;0
147;18;336;12;3;4;99;3.40;2;1;1;71;0;4338499;82;0
147;18;336;12;3;5;19;3.60;6;2;1;76;0;4338519;108;0
147;18;336;12;3;5;33;3.20;3;1;1;73;0;4338533;950;0
147;18;336;12;3;7;4;3.80;8;2;1;83;0;4338704;889;0
147;18;336;12;3;7;9;3.60;3;1;1;77;0;4338709;160;0
147;18;336;12;3;8;86;3.80;4;1;1;82;0;4338886;1372;0
147;18;336;12;3;8;99;3.40;2;1;1;80;0;4338899;382;0
147;18;336;12;3;9;99;3.60;3;1;1;78;0;4338999;273;0
147;18;336;12;3;10;35;3.60;6;2;1;86;0;4339035;498;0
147;18;336;12;3;12;99;3.20;6;2;1;80;0;4339299;248;0
147;18;336;12;3;13;24;3.60;1;1;1;79;0;4339324;2010;0
147;18;336;12;3;13;45;3.60;6;2;1;80;0;4339345;31;0
147;18;336;12;3;13;46;3.80;3;1;1;82;0;4339346;330;0
147;18;336;12;3;13;52;3.80;5;2;1;80;0;4339352;1109;0
147;18;336;12;3;14;99;4.20;6;2;1;75;0;4339499;137;0
147;18;336;12;3;14;99;4.00;2;1;1;80;0;4339499;584;0
147;18;336;12;3;14;99;3.60;5;2;1;85;0;4339499;129;0
147;18;336;12;3;16;6;4.00;3;1;1;83;0;4339606;243;0
147;18;336;12;3;16;99;3.00;6;2;1;77;0;4339699;179;0
147;18;336;12;3;16;99;3.40;2;1;1;79;0;4339699;182;0
147;18;336;12;3;18;92;5.40;6;2;1;74;0;4339892;178;4339299
147;18;336;12;3;20;99;3.80;7;2;1;77;0;4340099;1865;0
147;18;336;12;3;21;99;4.00;7;2;1;80;0;4340199;82;0
147;18;336;12;3;22;99;3.20;3;1;1;77;0;4340299;675;0
147;18;336;12;3;23;11;3.60;6;2;1;78;0;4340311;392;0
147;18;336;12;3;24;18;3.80;8;2;1;83;0;4340418;1697;0
147;18;336;12;3;24;99;4.00;2;1;1;86;0;4340499;784;0
147;18;336;12;3;25;99;3.80;6;2;1;88;0;4340599;271;0
147;18;336;12;3;25;99;3.20;3;1;1;76;0;4340599;285;0
147;18;336;12;3;27;99;3.60;3;1;1;76;0;4340799;184;0
147;18;336;12;3;28;60;3.80;4;1;1;84;0;4340860;1957;0
147;18;336;12;3;29;3;3.40;5;2;1;88;0;4340903;1388;0
147;18;336;12;3;29;99;3.40;2;1;1;79;0;4340999;483;0
147;18;336;12;3;30;99;3.60;4;1;1;87;0;4341099;222;0
147;18;336;12;3;30;99;3.80;2;1;1;77;0;4341099;84;0
147;18;336;12;3;30;99;3.80;3;1;1;85;0;4341099;282;0
147;18;336;12;3;31;99;3.40;2;1;1;79;0;4341199;82;0
147;18;336;12;3;32;99;3.40;4;1;1;84;0;4341299;185;0
147;18;336;12;3;33;11;3.60;2;1;1;75;0;4341311;96;0
147;18;336;12;3;35;24;3.60;3;1;1;80;0;4341524;408;0
147;18;336;12;3;35;99;3.60;1;1;1;78;0;4341599;2258;0
147;18;336;12;3;36;53;4.80;3;1;1;78;0;4341653;112;0
147;18;336;12;3;36;85;3.80;7;2;1;77;0;4341685;1468;0
147;18;336;12;3;36;93;3.40;4;1;1;81;0;4341693;379;0
147;18;336;12;3;37;99;4.60;2;1;1;82;0;4341799;470;0
147;18;336;12;3;38;94;8.00;2;1;6;77;0;4341894;74;0
147;18;336;12;3;40;99;3.60;3;1;1;82;0;4342099;423;0
147;18;336;12;3;41;17;3.60;6;2;1;75;0;4342117;1502;0
147;18;336;12;3;41;80;3.80;7;2;1;81;0;4342180;477;0
147;18;336;12;3;45;99;3.40;6;2;1;77;0;4342599;464;0
147;18;336;12;3;47;99;4.40;1;1;1;76;0;4342799;1183;0
147;18;336;12;3;48;99;3.00;6;2;1;67;0;4342899;284;0
147;18;336;12;3;48;99;3.80;5;2;1;86;0;4342899;1982;0
147;18;336;12;3;49;14;3.60;2;1;1;80;0;4342914;982;0
147;18;336;12;3;49;21;3.80;6;2;1;77;0;4342921;5;0
147;18;336;12;3;49;95;3.80;1;1;1;75;0;4342995;175;0
147;18;336;12;3;51;36;3.20;3;1;1;80;0;4343136;1021;0
147;18;336;12;3;53;99;7.20;6;2;1;71;0;4343399;460;0
147;18;336;12;3;54;78;3.60;3;1;1;80;0;4343478;327;0
147;18;336;12;3;54;99;5.00;6;2;1;71;0;4343499;63;0
147;18;336;12;3;55;99;3.80;1;1;1;83;0;4343599;585;0
147;18;336;12;3;56;12;3.80;6;2;1;71;0;4343612;87;0
147;18;336;12;3;57;15;3.80;7;2;1;84;0;4343715;1518;0
147;18;336;12;3;57;99;3.80;5;2;1;88;0;4343799;884;0
147;18;336;12;3;57;99;3.20;6;2;1;70;0;4343799;167;0
147;18;336;12;3;57;99;3.00;2;1;1;75;0;4343799;868;0
147;18;336;12;3;59;3;3.80;7;2;1;73;0;4343903;171;0
147;18;336;12;3;59;77;3.60;6;2;1;80;0;4343977;161;4343399
147;18;336;12;4;1;99;3.40;7;2;1;75;0;4344199;277;0
147;18;336;12;4;2;12;4.00;3;1;1;75;0;4344212;717;0
147;18;336;12;4;2;99;4.00;6;2;1;79;0;4344299;305;0
147;18;336;12;4;2;99;3.60;4;1;1;80;0;4344299;2590;0
147;18;336;12;4;3;99;3.80;4;1;1;81;0;4344399;83;0
147;18;336;12;4;4;31;3.40;3;1;1;77;0;4344431;199;0
147;18;336;12;4;5;99;3.40;7;2;1;77;0;4344599;383;0
147;18;336;12;4;6;29;3.40;2;1;1;76;0;4344629;815;0
147;18;336;12;4;8;99;4.00;5;2;1;85;0;4344899;1084;0
147;18;336;12;4;9;16;3.80;7;2;1;79;0;4344916;301;0
147;18;336;12;4;11;29;3.00;4;1;1;80;0;4345129;713;0
147;18;336;12;4;11;99;3.60;7;2;1;76;0;4345199;265;0
147;18;336;12;4;11;2;3.80;6;2;1;86;0;4345102;784;0
147;18;336;12;4;12;99;3.60;5;2;1;94;0;4345299;383;0
147;18;336;12;4;14;0;3.20;4;1;1;81;0;4345400;257;0
147;18;336;12;4;14;9;3.80;6;2;1;73;0;4345409;291;0
147;18;336;12;4;14;47;3.60;3;1;1;74;0;4345447;1000;0
147;18;336;12;4;15;99;3.60;7;2;1;85;0;4345599;382;0
147;18;336;12;4;15;99;3.40;4;1;1;78;0;4345599;184;0
147;18;336;12;4;19;99;3.40;3;1;1;77;0;4345999;534;0
147;18;336;12;4;19;4;4.20;8;2;1;81;0;4345904;5469;0
147;18;336;12;4;20;99;3.20;2;1;1;80;0;4346099;1453;0
147;18;336;12;4;21;99;3.60;3;1;1;78;0;4346199;184;0
147;18;336;12;4;22;21;3.40;6;2;1;76;0;4346221;793;0
147;18;336;12;4;23;99;3.20;3;1;1;75;0;4346399;183;0
147;18;336;12;4;24;99;3.40;1;1;1;81;0;4346499;2883;0
147;18;336;12;4;24;99;3.40;6;2;1;77;0;4346499;261;0
147;18;336;12;4;25;14;4.40;7;2;1;77;0;4346514;899;0
147;18;336;12;4;25;94;3.60;5;2;1;81;0;4346594;1281;0
147;18;336;12;4;26;99;3.40;6;2;1;75;0;4346699;184;0
147;18;336;12;4;26;99;3.20;6;2;1;72;0;4346699;-1;0
147;18;336;12;4;27;3;5.80;2;1;1;74;0;4346703;589;0
147;18;336;12;4;27;68;3.80;5;2;1;83;0;4346768;158;0
147;18;336;12;4;28;9;3.60;6;2;1;77;0;4346809;94;0
147;18;336;12;4;28;99;3.40;5;2;1;85;0;4346899;114;0
147;18;336;12;4;29;9;4.40;2;1;1;77;0;4346909;177;0
147;18;336;12;4;29;99;3.40;6;2;1;83;0;4346999;173;4346499
147;18;336;12;4;31;3;3.20;7;2;1;73;0;4347103;568;0
147;18;336;12;4;31;14;3.60;2;1;1;74;0;4347114;184;0
147;18;336;12;4;32;1;3.20;6;2;1;77;0;4347201;187;4346499
147;18;336;12;4;32;14;3.60;2;1;1;72;0;4347214;82;4346499
147;18;336;12;4;33;21;3.40;6;2;1;77;0;4347321;105;4346499
147;18;336;12;4;33;99;3.60;3;1;1;81;0;4347399;984;0
147;18;336;12;4;33;99;3.40;2;1;1;64;0;4347399;167;4346703
147;18;336;12;4;34;12;3.60;6;2;1;79;0;4347412;75;4346499
147;18;336;12;4;36;10;3.40;4;1;1;80;0;4347610;1995;0
147;18;336;12;4;36;99;3.40;3;1;1;80;0;4347699;284;0
147;18;336;12;4;36;99;4.00;2;1;1;79;0;4347699;280;0
147;18;336;12;4;37;2;3.80;7;2;1;79;0;4347702;583;0
147;18;336;12;4;38;4;3.20;7;2;1;76;0;4347804;84;0
147;18;336;12;4;38;99;3.40;5;2;1;86;0;4347899;985;0
147;18;336;12;4;39;6;3.60;7;2;1;76;0;4347906;86;0
147;18;336;12;4;39;99;3.40;3;1;1;79;0;4347999;284;0
147;18;336;12;4;40;58;3.40;6;2;1;82;0;4348058;629;0
147;18;336;12;4;40;70;3.00;4;1;1;91;0;4348070;444;0
147;18;336;12;4;40;55;3.60;2;1;1;73;0;4348055;337;0
147;18;336;12;4;40;93;4.80;5;2;1;85;0;4348093;179;0
147;18;336;12;4;42;25;3.00;6;2;1;77;0;4348225;152;0
147;18;336;12;4;42;11;5.80;1;1;1;75;0;4348211;1696;0
147;18;336;12;4;42;26;3.80;3;1;1;79;0;4348226;211;0
147;18;336;12;4;44;23;3.20;1;1;1;77;0;4348423;184;0
147;18;336;12;4;44;99;3.60;6;2;1;82;0;4348499;259;0
147;18;336;12;4;45;56;3.80;2;1;1;85;0;4348556;483;0
147;18;336;12;4;47;1;3.80;3;1;1;81;0;4348701;457;0
147;18;336;12;4;47;7;3.60;4;1;1;81;0;4348707;625;0
147;18;336;12;4;48;19;3.20;6;2;1;81;0;4348819;304;0
147;18;336;12;4;47;91;11.60;8;2;3;68;0;4348791;2868;0
147;18;336;12;4;49;99;3.60;2;1;1;85;0;4348999;426;0
147;18;336;12;4;50;40;3.20;8;2;1;72;0;4349040;187;0
147;18;336;12;4;51;99;3.80;6;2;1;84;0;4349199;365;0
147;18;336;12;4;52;99;3.20;3;1;1;76;0;4349299;581;0
147;18;336;12;4;53;87;3.40;4;1;1;83;0;4349387;664;0
147;18;336;12;4;55;99;4.60;3;1;1;78;0;4349599;284;0
147;18;336;12;4;56;99;3.40;1;1;1;82;0;4349699;1261;0
147;18;336;12;4;57;99;3.00;3;1;1;75;0;4349799;178;0
147;18;336;12;4;58;95;4.40;2;1;1;81;0;4349895;880;0
147;18;336;12;5;0;99;3.80;4;1;1;78;0;4350099;697;0
147;18;336;12;5;0;43;4.00;7;2;1;87;0;4350043;2119;0
147;18;336;12;5;1;13;4.40;2;1;1;70;0;4350113;198;0
147;18;336;12;5;1;99;4.00;7;2;1;85;0;4350199;139;0
147;18;336;12;5;3;10;4.00;3;1;1;79;0;4350310;496;0
147;18;336;12;5;3;30;3.80;6;2;1;73;0;4350330;1114;0
147;18;336;12;5;3;94;3.60;2;1;1;75;0;4350394;258;0
147;18;336;12;5;4;99;3.80;4;1;1;85;0;4350499;382;0
147;18;336;12;5;5;99;3.80;2;1;1;80;0;4350599;187;0
147;18;336;12;5;7;99;3.40;3;1;1;80;0;4350799;470;0
147;18;336;12;5;6;51;21.80;7;2;5;79;0;4350651;435;0
147;18;336;12;5;10;7;3.60;6;2;1;83;0;4351007;658;0
147;18;336;12;5;10;99;4.00;3;1;1;77;0;4351099;284;0
147;18;336;12;5;10;21;3.80;7;2;1;79;0;4351021;270;0
147;18;336;12;5;11;99;3.00;6;2;1;72;0;4351199;176;0
147;18;336;12;5;12;99;3.40;3;1;1;78;0;4351299;181;0
147;18;336;12;5;14;4;3.60;3;1;1;73;0;4351404;89;0
147;18;336;12;5;14;99;3.60;6;2;1;78;0;4351499;285;0
147;18;336;12;5;14;99;3.40;3;1;1;77;0;4351499;77;0
147;18;336;12;5;15;96;8.40;2;1;6;76;0;4351596;979;0
147;18;336;12;5;16;59;3.20;6;2;1;75;0;4351659;143;0
147;18;336;12;5;16;68;3.40;3;1;1;88;0;4351668;153;4351099
147;18;336;12;5;17;99;7.40;2;1;1;84;0;4351799;163;4351099
147;18;336;12;5;19;99;3.60;5;2;1;87;0;4351999;3885;0
147;18;336;12;5;19;99;3.60;6;2;1;73;0;4351999;324;0
147;18;336;12;5;20;7;3.00;1;1;1;74;0;4352007;2293;0
147;18;336;12;5;20;99;3.60;5;2;1;78;0;4352099;85;0
147;18;336;12;5;21;23;3.80;2;1;1;80;0;4352123;292;0
147;18;336;12;5;21;86;3.60;7;2;1;85;0;4352186;1147;0
147;18;336;12;5;22;0;3.60;8;2;1;70;0;4352200;3144;0
147;18;336;12;5;23;99;3.60;1;1;1;70;0;4352399;377;0
147;18;336;12;5;23;99;3.60;6;2;1;81;0;4352399;382;0
147;18;336;12;5;24;92;3.20;2;1;1;74;0;4352492;351;0
147;18;336;12;5;24;99;3.60;6;2;1;77;0;4352499;84;0
147;18;336;12;5;25;5;3.80;4;1;1;81;0;4352505;1989;0
147;18;336;12;5;25;99;3.40;2;1;1;75;0;4352599;91;0
147;18;336;12;5;26;51;3.60;2;1;1;75;0;4352651;35;0
147;18;336;12;5;26;54;3.40;3;1;1;75;0;4352654;972;0
147;18;336;12;5;27;99;4.80;3;1;1;77;0;4352799;128;0
147;18;336;12;5;28;2;3.60;2;1;1;75;0;4352802;133;0
147;18;336;12;5;28;14;4.20;6;2;1;79;0;4352814;298;0
147;18;336;12;5;28;40;3.60;3;1;1;73;0;4352840;18;0
147;18;336;12;5;29;99;3.60;6;2;1;80;0;4352999;165;0
147;18;336;12;5;30;99;3.40;3;1;1;74;0;4353099;241;0
147;18;336;12;5;31;72;3.60;2;1;1;76;0;4353172;352;0
147;18;336;12;5;32;99;3.60;6;2;1;85;0;4353299;283;0
147;18;336;12;5;32;99;3.60;3;1;1;78;0;4353299;183;0
147;18;336;12;5;33;6;3.40;5;2;1;86;0;4353306;1190;0
147;18;336;12;5;33;99;4.20;6;2;1;79;0;4353399;84;0
147;18;336;12;5;35;65;12.60;7;2;3;77;0;4353565;1363;0
147;18;336;12;5;37;12;3.80;3;1;1;85;0;4353712;396;0
147;18;336;12;5;38;99;3.80;3;1;1;83;0;4353899;170;0
147;18;336;12;5;38;13;3.20;6;2;1;81;0;4353813;394;0
147;18;336;12;5;40;99;3.80;6;2;1;83;0;4354099;271;0
147;18;336;12;5;42;17;3.80;6;2;1;81;0;4354217;101;0
147;18;336;12;5;43;99;3.00;2;1;1;77;0;4354399;1209;0
147;18;336;12;5;43;99;3.20;5;2;1;79;0;4354399;1078;0
147;18;336;12;5;44;27;3.20;5;2;1;80;0;4354427;13;0
147;18;336;12;5;44;37;3.60;3;1;1;79;0;4354437;521;0
147;18;336;12;5;44;71;3.00;6;2;1;77;0;4354471;237;0
147;18;336;12;5;45;99;3.80;6;2;1;73;0;4354599;113;0
147;18;336;12;5;47;16;3.40;6;2;1;79;0;4354716;98;0
147;18;336;12;5;47;99;3.60;3;1;1;75;0;4354799;345;0
147;18;336;12;5;47;99;3.60;4;1;1;81;0;4354799;2277;0
147;18;336;12;5;49;14;3.80;7;2;1;77;0;4354914;1290;0
147;18;336;12;5;49;34;3.60;4;1;1;82;0;4354934;119;0
147;18;336;12;5;49;72;3.40;3;1;1;76;0;4354972;155;0
147;18;336;12;5;50;0;3.40;6;2;1;77;0;4355000;268;0
147;18;336;12;5;50;14;3.20;2;1;1;73;0;4355014;600;0
147;18;336;12;5;51;3;3.40;7;2;1;77;0;4355103;171;0
147;18;336;12;5;51;6;3.20;3;1;1;78;0;4355106;117;0
147;18;336;12;5;52;26;3.60;6;2;1;84;0;4355226;210;0
147;18;336;12;5;53;99;3.00;7;2;1;79;0;4355399;280;0
147;18;336;12;5;53;99;5.20;4;1;1;84;0;4355399;449;0
147;18;336;12;5;55;99;3.60;3;1;1;75;0;4355599;478;0
147;18;336;12;5;56;99;3.40;4;1;1;85;0;4355699;277;0
147;18;336;12;5;58;11;3.80;3;1;1;82;0;4355811;194;0
147;18;336;12;5;58;99;3.60;2;1;1;80;0;4355899;869;0
147;18;336;12;6;0;8;3.40;4;1;1;82;0;4356008;294;0
147;18;336;12;6;0;99;3.60;2;1;1;81;0;4356099;183;0
147;18;336;12;6;1;99;3.60;6;2;1;76;0;4356199;957;0
147;18;336;12;6;1;99;3.20;3;1;1;75;0;4356199;371;0
147;18;336;12;6;2;30;3.60;5;2;1;90;0;4356230;1788;0
147;18;336;12;6;2;99;3.60;2;1;1;78;0;4356299;184;0
147;18;336;12;6;3;14;3.20;7;2;1;83;0;4356314;901;0
147;18;336;12;6;4;2;3.60;3;1;1;83;0;4356402;187;0
147;18;336;12;6;4;11;4.00;8;2;1;86;0;4356411;4192;0
147;18;336;12;6;7;7;3.60;2;1;1;76;0;4356707;391;0
147;18;336;12;6;7;25;3.00;4;1;1;77;0;4356725;702;0
147;18;336;12;6;7;39;3.00;6;2;1;79;0;4356739;522;0
147;18;336;12;6;7;79;3.60;3;1;1;72;0;4356779;361;0
147;18;336;12;6;8;99;3.60;3;1;1;77;0;4356899;102;0
147;18;336;12;6;9;99;3.60;4;1;1;88;0;4356999;259;0
147;18;336;12;6;10;99;3.60;4;1;1;83;0;4357099;85;0
147;18;336;12;6;11;99;3.60;3;1;1;70;0;4357199;283;0
147;18;336;12;6;12;86;3.40;2;1;1;76;0;4357286;561;0
147;18;336;12;6;13;99;3.60;7;2;1;81;0;4357399;1071;0
147;18;336;12;6;13;99;3.40;3;1;1;78;0;4357399;181;0
147;18;336;12;6;13;99;6.20;1;1;1;99;0;4357399;4981;0
147;18;336;12;6;15;99;3.40;3;1;1;73;0;4357599;184;0
147;18;336;12;6;16;99;3.40;8;2;1;85;0;4357699;1271;0
147;18;336;12;6;16;99;3.20;6;2;1;70;0;4357699;946;0
147;18;336;12;6;17;16;3.40;3;1;1;75;0;4357716;100;0
147;18;336;12;6;17;71;3.60;2;1;1;82;0;4357771;468;0
147;18;336;12;6;20;10;3.20;3;1;1;83;0;4358010;277;0
147;18;336;12;6;21;99;3.60;6;2;1;76;0;4358199;483;0
147;18;336;12;6;22;60;3.00;2;1;1;72;0;4358260;473;0
147;18;336;12;6;23;10;3.40;4;1;1;82;0;4358310;1195;0
147;18;336;12;6;23;97;3.00;7;2;1;79;0;4358397;982;0
147;18;336;12;6;23;99;3.80;1;1;1;73;0;4358399;977;0
147;18;336;12;6;24;99;3.40;3;1;1;70;0;4358499;475;0
147;18;336;12;6;25;9;3.80;4;1;1;85;0;4358509;184;0
147;18;336;12;6;26;99;4.80;3;1;1;69;0;4358699;182;0
147;18;336;12;6;27;99;3.80;7;2;1;80;0;4358799;388;0
147;18;336;12;6;27;41;3.20;6;2;1;85;0;4358741;524;0
147;18;336;12;6;28;99;3.00;7;2;1;83;0;4358899;82;0
147;18;336;12;6;29;99;3.40;4;1;1;77;0;4358999;473;0
147;18;336;12;6;30;66;3.60;6;2;1;76;0;4359066;311;0
147;18;336;12;6;30;82;4.00;7;2;1;86;0;4359082;169;0
147;18;336;12;6;31;23;3.40;3;1;1;77;0;4359123;398;0
147;18;336;12;6;32;18;3.40;5;2;1;81;0;4359218;2973;0
147;18;336;12;6;32;25;3.60;2;1;1;78;0;4359225;950;0
147;18;336;12;6;33;99;3.80;5;2;1;80;0;4359399;165;0
147;18;336;12;6;34;99;3.00;6;2;1;72;0;4359499;415;0
147;18;336;12;6;35;82;3.60;6;2;1;85;0;4359582;68;0
147;18;336;12;6;37;25;2.80;3;1;1;88;0;4359725;586;0
147;18;336;12;6;37;21;3.20;7;2;1;81;0;4359721;622;0
147;18;336;12;6;38;16;4.00;3;1;1;90;0;4359816;79;0
147;18;336;12;6;39;99;4.00;5;2;1;86;0;4359999;582;0
147;18;336;12;6;39;99;3.40;1;1;1;86;0;4359999;1581;0
147;18;336;12;6;39;99;3.80;2;1;1;78;0;4359999;757;0
147;18;336;12;6;42;9;3.00;4;1;1;83;0;4360209;1194;0
147;18;336;12;6;43;7;3.60;5;2;1;78;0;4360307;291;0
147;18;336;12;6;43;51;3.40;6;2;1;74;0;4360351;753;0
147;18;336;12;6;43;99;3.80;3;1;1;78;0;4360399;567;0
147;18;336;12;6;44;99;3.80;3;1;1;80;0;4360499;82;0
147;18;336;12;6;44;99;3.60;8;2;1;78;0;4360499;2785;0
147;18;336;12;6;47;99;4.00;2;1;1;78;0;4360799;782;0
147;18;336;12;6;50;21;3.20;3;1;1;75;0;4361021;504;0
147;18;336;12;6;51;27;3.20;6;2;1;81;0;4361127;759;0
147;18;336;12;6;51;99;3.60;3;1;1;75;0;4361199;162;0
147;18;336;12;6;52;99;3.60;4;1;1;80;0;4361299;1076;0
147;18;336;12;6;53;23;3.20;6;2;1;78;0;4361323;181;0
147;18;336;12;6;53;91;3.80;3;1;1;75;0;4361391;174;0
147;18;336;12;6;54;99;3.20;4;1;1;81;0;4361499;183;0
147;18;336;12;6;55;5;3.40;3;1;1;74;0;4361505;95;0
147;18;336;12;6;56;98;3.60;3;1;1;76;0;4361698;176;4361021
147;18;336;12;6;57;11;3.40;4;1;1;84;0;4361711;197;4361021
147;18;336;12;6;57;99;3.20;6;2;1;77;0;4361799;461;0
147;18;336;12;6;57;99;3.80;2;1;1;85;0;4361799;981;0
147;18;336;12;6;58;27;3.00;1;1;1;69;0;4361827;1813;0
147;18;336;12;6;59;99;3.20;3;1;1;76;0;4361999;283;0
147;18;336;12;7;0;22;3.60;5;2;1;82;0;4362022;1698;0
147;18;336;12;7;0;99;3.60;2;1;1;77;0;4362099;283;0
147;18;336;12;7;0;99;3.80;6;2;1;74;0;4362099;285;0
147;18;336;12;7;0;99;5.60;5;2;1;80;0;4362099;61;0
147;18;336;12;7;1;18;3.80;1;1;1;88;0;4362118;275;0
147;18;336;12;7;1;13;3.60;2;1;1;76;0;4362113;-1;0
147;18;336;12;7;1;62;3.40;7;2;1;82;0;4362162;2426;0
147;18;336;12;7;2;11;3.20;5;2;1;80;0;4362211;86;0
147;18;336;12;7;2;99;4.00;4;1;1;84;0;4362299;573;0
147;18;336;12;7;2;99;3.40;3;1;1;78;0;4362299;284;0
147;18;336;12;7;3;54;3.40;8;2;1;85;0;4362354;1838;0
147;18;336;12;7;4;99;3.60;8;2;1;81;0;4362499;130;0
147;18;336;12;7;5;99;3.60;6;2;1;72;0;4362599;481;0
147;18;336;12;7;6;3;3.20;5;2;1;85;0;4362603;377;0
147;18;336;12;7;6;5;3.80;3;1;1;79;0;4362605;290;0
147;18;336;12;7;6;57;3.00;4;1;1;89;0;4362657;340;0
147;18;336;12;7;8;99;3.60;6;2;1;76;0;4362899;282;0
147;18;336;12;7;11;29;3.40;6;2;1;74;0;4363129;212;0
147;18;336;12;7;12;99;3.00;6;2;1;78;0;4363299;153;0
147;18;336;12;7;13;99;4.40;6;2;1;77;0;4363399;86;0
147;18;336;12;7;13;40;4.20;8;2;1;84;0;4363340;825;0
147;18;336;12;7;15;99;3.60;7;2;1;76;0;4363599;1422;0
147;18;336;12;7;15;99;3.40;2;1;1;83;0;4363599;1468;0
147;18;336;12;7;16;80;4.00;3;1;1;91;0;4363680;1057;0
147;18;336;12;7;17;99;3.80;7;2;1;80;0;4363799;182;0
147;18;336;12;7;18;99;3.40;6;2;1;80;0;4363899;479;0
147;18;336;12;7;20;13;3.80;6;2;1;78;0;4364013;98;0
147;18;336;12;7;20;99;3.80;4;1;1;82;0;4364099;1429;0
147;18;336;12;7;21;11;3.40;3;1;1;81;0;4364111;415;0
147;18;336;12;7;21;39;3.80;2;1;1;80;0;4364139;525;0
147;18;336;12;7;21;55;3.60;1;1;1;82;0;4364155;2021;0
147;18;336;12;7;22;99;3.60;5;2;1;81;0;4364299;1682;0
147;18;336;12;7;22;99;3.60;6;2;1;80;0;4364299;268;0
147;18;336;12;7;23;99;3.80;7;2;1;79;0;4364399;582;0
147;18;336;12;7;25;99;3.80;3;1;1;85;0;4364599;472;0
147;18;336;12;7;26;9;3.60;1;1;1;77;0;4364609;438;0
147;18;336;12;7;27;6;3.80;3;1;1;85;0;4364706;90;0
147;18;336;12;7;27;99;3.20;7;2;1;79;0;4364799;382;0
147;18;336;12;7;30;99;3.00;7;2;1;75;0;4365099;285;0
147;18;336;12;7;31;14;3.40;2;1;1;78;0;4365114;957;0
147;18;336;12;7;32;20;3.60;7;2;1;85;0;4365220;106;0
147;18;336;12;7;32;99;3.60;3;1;1;85;0;4365299;576;0
147;18;336;12;7;33;99;3.60;2;1;1;80;0;4365399;269;0
147;18;336;12;7;36;27;3.20;2;1;1;76;0;4365627;211;0
147;18;336;12;7;37;97;3.80;6;2;1;81;0;4365797;1481;0
147;18;336;12;7;38;99;3.60;2;1;1;73;0;4365899;256;0
147;18;336;12;7;39;6;4.40;2;1;1;74;0;4365906;-1;0
147;18;336;12;7;40;15;3.80;2;1;1;75;0;4366015;87;0
147;18;336;12;7;40;99;3.80;3;1;1;86;0;4366099;784;0
147;18;336;12;7;40;99;3.00;2;1;1;74;0;4366099;65;0
147;18;336;12;7;41;99;3.60;1;1;1;75;0;4366199;1573;0
147;18;336;12;7;41;99;3.40;6;2;1;88;0;4366199;385;0
147;18;336;12;7;41;26;3.40;7;2;1;77;0;4366126;890;0
147;18;336;12;7;42;77;3.80;2;1;1;74;0;4366277;163;4355899
147;18;336;12;7;43;99;3.60;4;1;1;82;0;4366399;2283;0
147;18;336;12;7;44;35;3.80;2;1;1;77;0;4366435;139;4355899
147;18;336;12;7;45;99;3.60;6;2;1;79;0;4366599;386;0
147;18;336;12;7;45;99;3.40;3;1;1;69;0;4366599;484;0
147;18;336;12;7;46;99;3.60;2;1;1;75;0;4366699;246;0
147;18;336;12;7;46;99;3.60;7;2;1;80;0;4366699;557;0
147;18;336;12;7;47;25;3.20;5;2;1;87;0;4366725;2410;0
147;18;336;12;7;47;66;3.80;2;1;1;77;0;4366766;49;0
147;18;336;12;7;48;99;4.20;3;1;1;75;0;4366899;282;0
147;18;336;12;7;48;99;3.60;5;2;1;84;0;4366899;160;0
147;18;336;12;7;48;99;7.80;6;2;6;71;0;4366899;283;0
147;18;336;12;7;49;99;3.80;1;1;1;80;0;4366999;782;0
147;18;336;12;7;50;97;4.00;5;2;1;79;0;4367097;182;0
147;18;336;12;7;50;99;3.80;6;2;1;72;0;4367099;160;0
147;18;336;12;7;50;99;3.80;2;1;1;79;0;4367099;315;0
147;18;336;12;7;50;99;3.80;3;1;1;75;0;4367099;179;0
147;18;336;12;7;51;99;3.80;6;2;1;76;0;4367199;81;0
147;18;336;12;7;52;88;3.40;3;1;1;76;0;4367288;170;0
147;18;336;12;7;53;99;3.80;4;1;1;92;0;4367399;984;0
147;18;336;12;7;53;99;5.80;6;2;1;71;0;4367399;182;0
147;18;336;12;7;54;14;3.60;2;1;1;76;0;4367414;297;0
147;18;336;12;7;54;2;3.80;5;2;1;76;0;4367402;286;0
147;18;336;12;7;54;14;3.00;3;1;1;77;0;4367414;109;0
147;18;336;12;7;54;31;3.60;6;2;1;78;0;4367431;2;4366899
147;18;336;12;7;56;13;5.20;6;2;1;77;0;4367613;165;4366899
147;18;336;12;7;56;99;3.60;3;1;1;77;0;4367699;270;0
147;18;336;12;7;57;38;3.60;2;1;1;71;0;4367738;306;0
147;18;336;12;7;58;99;3.00;6;2;1;77;0;4367899;261;0
147;18;336;12;7;58;99;3.80;3;1;1;76;0;4367899;183;0
147;18;336;12;7;58;86;12.80;2;1;2;74;0;4367886;129;0
147;18;336;12;8;1;99;3.60;5;2;1;102;0;4368199;779;0
147;18;336;12;8;2;13;4.00;3;1;1;75;0;4368213;296;0
147;18;336;12;8;3;1;3.60;3;1;1;76;0;4368301;68;0
147;18;336;12;8;4;28;3.60;3;1;1;76;0;4368428;109;0
147;18;336;12;8;8;21;3.60;6;2;1;85;0;4368821;907;0
147;18;336;12;8;8;99;4.00;3;1;1;84;0;4368899;453;0
147;18;336;12;8;9;99;4.00;5;2;1;96;0;4368999;787;0
147;18;336;12;8;9;99;4.00;2;1;1;71;0;4368999;1050;0
147;18;336;12;8;10;22;4.00;5;2;1;97;0;4369022;8;0
147;18;336;12;8;10;60;3.60;6;2;1;72;0;4369060;223;0
147;18;336;12;8;10;92;3.20;2;1;1;72;0;4369092;72;0
147;18;336;12;8;12;2;3.40;6;2;1;71;0;4369202;124;0
147;18;336;12;8;12;47;3.60;7;2;1;79;0;4369247;2531;0
147;18;336;12;8;13;3;3.60;6;2;1;72;0;4369303;83;0
147;18;336;12;8;16;99;4.40;7;2;1;89;0;4369699;435;0
147;18;336;12;8;16;99;3.60;8;2;1;80;0;4369699;6341;0
147;18;336;12;8;17;99;3.80;5;2;1;80;0;4369799;762;0
147;18;336;12;8;17;6;3.60;3;1;1;77;0;4369706;789;0
147;18;336;12;8;17;41;3.80;6;2;1;75;0;4369741;420;0
147;18;336;12;8;18;99;3.60;4;1;1;83;0;4369899;2485;0
147;18;336;12;8;19;99;3.40;3;1;1;76;0;4369999;276;0
147;18;336;12;8;21;99;3.60;3;1;1;77;0;4370199;183;0
147;18;336;12;8;22;8;4.60;6;2;1;88;0;4370208;448;0
147;18;336;12;8;24;99;3.00;6;2;1;77;0;4370499;272;0
147;18;336;12;8;24;99;3.80;4;1;1;79;0;4370499;584;0
147;18;336;12;8;24;99;3.80;3;1;1;71;0;4370499;283;0
147;18;336;12;8;25;57;3.80;8;2;1;79;0;4370557;841;0
147;18;336;12;8;25;77;4.40;2;1;1;78;0;4370577;1469;0
147;18;336;12;8;26;20;3.60;4;1;1;81;0;4370620;103;0
147;18;336;12;8;26;99;3.80;7;2;1;79;0;4370699;982;0
147;18;336;12;8;26;99;3.80;1;1;1;77;0;4370699;3682;0
147;18;336;12;8;27;12;3.80;2;1;1;83;0;4370712;114;0
147;18;336;12;8;31;10;3.60;8;2;1;81;0;4371110;535;0
147;18;336;12;8;31;99;4.00;2;1;1;87;0;4371199;470;0
147;18;336;12;8;31;99;3.80;3;1;1;74;0;4371199;680;0
147;18;336;12;8;32;99;3.80;3;1;1;73;0;4371299;81;0
147;18;336;12;8;33;0;3.00;6;2;1;86;0;4371300;786;0
147;18;336;12;8;33;99;3.80;3;1;1;77;0;4371399;81;0
147;18;336;12;8;34;99;3.40;3;1;1;77;0;4371499;82;0
147;18;336;12;8;34;99;3.80;6;2;1;81;0;4371499;186;0
147;18;336;12;8;34;99;3.20;2;1;1;77;0;4371499;283;0
147;18;336;12;8;35;39;3.40;4;1;1;79;0;4371539;903;0
147;18;336;12;8;35;48;3.80;7;2;1;85;0;4371548;831;0
147;18;336;12;8;36;99;3.80;7;2;1;78;0;4371699;134;0
147;18;336;12;8;36;99;3.40;3;1;1;76;0;4371699;184;4371199
147;18;336;12;8;37;99;3.20;3;1;1;76;0;4371799;83;4371199
147;18;336;12;8;38;7;3.40;4;1;1;83;0;4371807;252;0
147;18;336;12;8;38;15;3.40;8;2;1;85;0;4371815;689;0
147;18;336;12;8;39;6;3.60;6;2;1;88;0;4371906;390;0
147;18;336;12;8;39;4;3.80;4;1;1;82;0;4371904;82;0
147;18;336;12;8;40;99;3.20;4;1;1;83;0;4372099;178;0
147;18;336;12;8;40;99;3.40;3;1;1;76;0;4372099;284;0
147;18;336;12;8;41;85;3.40;2;1;1;77;0;4372185;671;0
147;18;336;12;8;42;99;3.40;3;1;1;77;0;4372299;183;0
147;18;336;12;8;43;5;3.80;2;1;1;78;0;4372305;104;0
147;18;336;12;8;43;46;6.00;6;2;1;77;0;4372346;425;0
147;18;336;12;8;44;8;6.80;5;2;1;81;0;4372408;2591;0
147;18;336;12;8;44;99;3.80;6;2;1;76;0;4372499;124;0
147;18;336;12;8;46;11;4.00;6;2;1;75;0;4372611;94;0
147;18;336;12;8;47;22;3.80;3;1;1;83;0;4372722;407;0
147;18;336;12;8;48;55;3.20;8;2;1;79;0;4372855;1025;0
147;18;336;12;8;49;99;3.80;6;2;1;82;0;4372999;368;0
147;18;336;12;8;50;13;3.60;4;1;1;82;0;4373013;900;0
147;18;336;12;8;50;12;3.60;2;1;1;77;0;4373012;689;0
147;18;336;12;8;51;22;5.40;6;2;1;90;0;4373122;106;0
147;18;336;12;8;52;0;3.60;2;1;1;79;0;4373200;171;0
147;18;336;12;8;52;99;3.20;4;1;1;85;0;4373299;270;0
147;18;336;12;8;54;99;3.40;3;1;1;76;0;4373499;760;0
147;18;336;12;8;55;99;3.00;2;1;1;78;0;4373599;382;0
147;18;336;12;8;56;21;3.60;4;1;1;83;0;4373621;308;0
147;18;336;12;8;57;99;3.80;6;2;1;75;0;4373799;655;0
147;18;336;12;8;58;8;3.60;7;2;1;86;0;4373808;2091;0
147;18;336;12;8;58;28;3.60;3;1;1;76;0;4373828;312;0
147;18;336;12;8;58;51;3.80;6;2;1;76;0;4373851;33;0
147;18;336;12;8;59;89;6.20;7;2;1;51;0;4373989;165;0
147;18;336;12;9;1;10;3.00;3;1;1;79;0;4374110;264;0
147;18;336;12;9;1;84;3.80;7;2;1;79;0;4374184;151;0
147;18;336;12;9;2;3;3.40;6;2;1;72;0;4374203;334;0
147;18;336;12;9;2;99;3.20;2;1;1;78;0;4374299;686;0
147;18;336;12;9;2;99;3.20;3;1;1;78;0;4374299;175;0
147;18;336;12;9;3;99;3.20;6;2;1;74;0;4374399;179;0
147;18;336;12;9;3;38;3.20;2;1;1;77;0;4374338;24;0
147;18;336;12;9;4;96;3.40;6;2;1;77;0;4374496;81;0
147;18;336;12;9;4;99;3.40;7;2;1;79;0;4374499;297;0
147;18;336;12;9;5;99;3.20;3;1;1;76;0;4374599;285;0
147;18;336;12;9;6;74;3.80;7;2;1;82;0;4374674;159;0
147;18;336;12;9;6;73;4.00;3;1;1;76;0;4374673;58;0
147;18;336;12;9;7;99;3.20;3;1;1;75;0;4374799;107;0
147;18;336;12;9;10;99;3.60;8;2;1;76;0;4375099;2229;0
147;18;336;12;9;10;99;3.60;7;2;1;81;0;4375099;408;0
147;18;336;12;9;10;99;3.60;6;2;1;76;0;4375099;587;0
147;18;336;12;9;10;99;3.80;1;1;1;74;0;4375099;4382;0
147;18;336;12;9;11;1;4.20;8;2;1;77;0;4375101;-1;0
147;18;336;12;9;11;42;3.40;1;1;1;73;0;4375142;24;0
147;18;336;12;9;12;25;3.40;6;2;1;77;0;4375225;108;0
147;18;336;12;9;12;99;3.60;1;1;1;77;0;4375299;140;0
147;18;336;12;9;13;99;3.20;6;2;1;75;0;4375399;158;0
147;18;336;12;9;13;99;3.40;5;2;1;82;0;4375399;2960;0
147;18;336;12;9;13;99;3.00;2;1;1;81;0;4375399;1046;0
147;18;336;12;9;14;99;3.40;3;1;1;83;0;4375499;684;0
147;18;336;12;9;15;17;3.00;7;2;1;76;0;4375517;402;0
147;18;336;12;9;16;99;3.60;8;2;1;79;0;4375699;578;0
147;18;336;12;9;17;24;3.40;3;1;1;82;0;4375724;210;0
147;18;336;12;9;17;99;4.00;2;1;1;78;0;4375799;386;0
147;18;336;12;9;19;2;3.60;2;1;1;82;0;4375902;84;0
147;18;336;12;9;20;99;4.20;6;2;1;73;0;4376099;684;0
147;18;336;12;9;21;99;3.40;3;1;1;81;0;4376199;460;0
147;18;336;12;9;22;7;3.60;6;2;1;75;0;4376207;87;0
147;18;336;12;9;22;99;3.80;5;2;1;82;0;4376299;885;0
147;18;336;12;9;23;99;3.40;3;1;1;77;0;4376399;184;0
147;18;336;12;9;27;8;3.40;2;1;1;81;0;4376708;790;0
147;18;336;12;9;27;16;3.80;6;2;1;79;0;4376716;491;0
147;18;336;12;9;27;66;3.00;3;1;1;74;0;4376766;351;0
147;18;336;12;9;27;91;4.00;8;2;1;79;0;4376791;1075;0
147;18;336;12;9;28;99;4.60;5;2;1;78;0;4376899;583;0
147;18;336;12;9;28;99;3.60;2;1;1;79;0;4376899;175;0
147;18;336;12;9;29;33;3.60;5;2;1;82;0;4376933;12;0
147;18;336;12;9;30;11;3.80;8;2;1;79;0;4377011;201;0
147;18;336;12;9;29;17;0.40;7;2;1;27;1;4376917;1385;0
147;18;336;12;9;31;99;3.60;4;1;1;83;0;4377199;3562;0
147;18;336;12;9;33;23;3.60;7;2;1;80;0;4377323;1791;0
147;18;336;12;9;34;7;3.80;3;1;1;80;0;4377407;626;0
147;18;336;12;9;35;12;3.60;6;2;1;82;0;4377512;778;0
147;18;336;12;9;36;4;3.60;6;2;1;79;0;4377604;76;0
147;18;336;12;9;36;20;3.60;8;2;1;77;0;4377620;591;0
147;18;336;12;9;36;99;3.80;2;1;1;76;0;4377699;783;0
147;18;336;12;9;37;47;3.60;3;1;1;73;0;4377747;322;0
147;18;336;12;9;37;61;3.80;6;2;1;76;0;4377761;140;0
147;18;336;12;9;37;69;4.00;7;2;1;81;0;4377769;429;0
147;18;336;12;9;37;99;3.60;5;2;1;85;0;4377799;850;0
147;18;336;12;9;38;99;3.60;2;1;1;79;0;4377899;182;0
147;18;336;12;9;39;3;4.00;7;2;1;82;0;4377903;116;0
147;18;336;12;9;39;49;4.00;4;1;1;79;0;4377949;734;0
147;18;336;12;9;40;99;3.20;3;1;1;68;0;4378099;334;0
147;18;336;12;9;41;99;4.00;5;2;1;110;0;4378199;384;0
147;18;336;12;9;41;99;3.40;7;2;1;83;0;4378199;278;0
147;18;336;12;9;41;99;3.40;3;1;1;68;0;4378199;83;0
147;18;336;12;9;42;36;3.60;7;2;1;85;0;4378236;22;0
147;18;336;12;9;42;70;3.80;4;1;1;82;0;4378270;302;0
147;18;336;12;9;43;99;3.40;6;2;1;82;0;4378399;620;0
147;18;336;12;9;43;99;3.60;3;1;1;70;0;4378399;182;0
147;18;336;12;9;44;22;3.80;3;1;1;71;0;4378422;4;0
147;18;336;12;9;45;17;3.40;6;2;1;79;0;4378517;103;0
147;18;336;12;9;48;99;3.60;6;2;1;72;0;4378899;366;0
147;18;336;12;9;49;99;4.20;7;2;1;76;0;4378999;747;0
147;18;336;12;9;49;3;3.40;3;1;1;78;0;4378903;461;0
147;18;336;12;9;50;86;3.80;6;2;1;77;0;4379086;169;0
147;18;336;12;9;51;13;3.40;4;1;1;81;0;4379113;826;0
147;18;336;12;9;52;42;3.20;2;1;1;80;0;4379242;1326;0
147;18;336;12;9;53;99;3.40;7;2;1;78;0;4379399;380;0
147;18;336;12;9;55;85;8.20;6;2;6;79;0;4379585;481;0
147;18;336;12;9;56;8;3.40;7;2;1;80;0;4379608;193;0
147;18;336;12;9;56;99;3.00;3;1;1;73;0;4379699;780;0
147;18;336;12;9;57;99;3.80;3;1;1;74;0;4379799;85;0
147;18;336;12;9;57;99;13.40;2;1;4;79;0;4379799;542;0
147;18;336;12;9;58;99;3.20;6;2;1;80;0;4379899;276;0
147;18;336;12;9;58;99;4.20;3;1;1;75;0;4379899;81;0
147;18;336;12;9;59;99;3.40;6;2;1;80;0;4379999;85;0
147;18;336;12;10;0;80;4.00;6;2;1;79;0;4380080;65;0
147;18;336;12;10;2;11;3.20;2;1;1;82;0;4380211;350;0
147;18;336;12;10;2;37;3.60;4;1;1;80;0;4380237;1108;0
147;18;336;12;10;3;95;4.00;4;1;1;81;0;4380395;141;0
147;18;336;12;10;4;99;3.20;3;1;1;68;0;4380499;579;0
147;18;336;12;10;5;26;3.40;3;1;1;72;0;4380526;10;0
147;18;336;12;10;5;66;3.40;1;1;1;72;0;4380566;5250;0
147;18;336;12;10;5;80;3.00;6;2;1;84;0;4380580;481;0
147;18;336;12;10;7;17;3.00;2;1;1;79;0;4380717;491;0
147;18;336;12;10;7;17;3.80;3;1;1;79;0;4380717;174;0
147;18;336;12;10;8;90;3.60;6;2;1;74;0;4380890;297;0
147;18;336;12;10;11;19;3.60;7;2;1;82;0;4381119;1495;0
147;18;336;12;10;12;19;3.40;6;2;1;77;0;4381219;311;0
147;18;336;12;10;13;13;4.00;1;1;1;89;0;4381313;730;0
147;18;336;12;10;13;67;3.40;2;1;1;77;0;4381367;636;0
147;18;336;12;10;13;71;4.00;4;1;1;85;0;4381371;958;0
147;18;336;12;10;13;99;3.40;3;1;1;87;0;4381399;664;0
147;18;336;12;10;13;99;4.20;5;2;1;82;0;4381399;3186;0
147;18;336;12;10;13;99;4.40;7;2;1;79;0;4381399;264;0
147;18;336;12;10;15;5;3.80;6;2;1;80;0;4381505;270;0
147;18;336;12;10;15;45;3.80;5;2;1;94;0;4381545;127;0
147;18;336;12;10;16;99;3.40;6;2;1;72;0;4381699;176;0
147;18;336;12;10;17;99;4.40;3;1;1;79;0;4381799;385;0
147;18;336;12;10;18;58;3.40;7;2;1;84;0;4381858;438;0
147;18;336;12;10;18;68;3.60;6;2;1;74;0;4381868;152;0
147;18;336;12;10;20;99;3.80;2;1;1;78;0;4382099;716;0
147;18;336;12;10;20;36;4.00;8;2;1;79;0;4382036;4399;0
147;18;336;12;10;21;19;4.40;3;1;1;80;0;4382119;299;0
147;18;336;12;10;22;17;3.40;1;1;1;82;0;4382217;887;0
147;18;336;12;10;23;80;3.60;3;1;1;73;0;4382380;241;0
147;18;336;12;10;24;99;3.40;3;1;1;74;0;4382499;101;0
147;18;336;12;10;26;14;5.60;3;1;1;76;0;4382614;98;0
147;18;336;12;10;26;81;3.60;6;2;1;76;0;4382681;795;0
147;18;336;12;10;27;18;3.60;1;1;1;93;0;4382718;486;0
147;18;336;12;10;27;9;3.60;2;1;1;72;0;4382709;592;0
147;18;336;12;10;28;1;3.80;7;2;1;73;0;4382801;928;0
147;18;336;12;10;28;13;3.20;3;1;1;76;0;4382813;172;0
147;18;336;12;10;28;64;3.60;6;2;1;76;0;4382864;165;0
147;18;336;12;10;29;99;3.80;6;2;1;77;0;4382999;117;0
147;18;336;12;10;29;99;4.60;3;1;1;78;0;4382999;170;4382380
147;18;336;12;10;30;99;3.40;6;2;1;74;0;4383099;82;4382380
147;18;336;12;10;30;99;4.00;7;2;1;80;0;4383099;279;0
147;18;336;12;10;30;3;3.60;3;1;1;82;0;4383003;-1;4382380
147;18;336;12;10;32;99;4.00;6;2;1;74;0;4383299;183;4382681
147;18;336;12;10;32;99;3.80;2;1;1;79;0;4383299;572;0
147;18;336;12;10;38;70;3.60;3;1;1;71;0;4383870;851;0
147;18;336;12;10;39;6;3.20;8;2;1;76;0;4383906;1851;0
147;18;336;12;10;39;99;3.80;7;2;1;78;0;4383999;882;0
147;18;336;12;10;40;99;3.60;4;1;1;82;0;4384099;2711;0
147;18;336;12;10;40;99;3.60;5;2;1;84;0;4384099;2539;0
147;18;336;12;10;40;65;15.80;6;2;4;80;0;4384065;746;0
147;18;336;12;10;42;14;4.20;5;2;1;85;0;4384214;99;0
147;18;336;12;10;42;99;3.00;2;1;1;76;0;4384299;982;0
147;18;336;12;10;42;99;4.00;7;2;1;79;0;4384299;282;0
147;18;336;12;10;42;99;3.40;3;1;1;69;0;4384299;410;0
147;18;336;12;10;43;20;3.40;3;1;1;69;0;4384320;3;0
147;18;336;12;10;44;99;3.80;3;1;1;74;0;4384499;161;0
147;18;336;12;10;44;99;3.60;6;2;1;77;0;4384499;362;0
147;18;336;12;10;45;99;3.60;3;1;1;73;0;4384599;81;0
147;18;336;12;10;45;99;3.40;4;1;1;80;0;4384599;484;0
147;18;336;12;10;46;33;3.60;2;1;1;71;0;4384633;319;0
147;18;336;12;10;46;69;3.80;6;2;1;73;0;4384669;153;0
147;18;336;12;10;47;99;3.60;2;1;1;70;0;4384799;147;0
147;18;336;12;10;48;99;3.20;6;2;1;71;0;4384899;211;0
147;18;336;12;10;48;23;3.60;1;1;1;81;0;4384823;2091;0
147;18;336;12;10;49;12;3.40;2;1;1;66;0;4384912;94;0
147;18;336;12;10;51;45;4.60;5;2;1;78;0;4385145;913;0
147;18;336;12;10;51;58;3.40;6;2;1;77;0;4385158;242;0
147;18;336;12;10;52;99;3.80;3;1;1;78;0;4385299;682;0
147;18;336;12;10;52;99;4.60;5;2;1;83;0;4385299;132;0
147;18;336;12;10;53;26;4.20;4;1;1;89;0;4385326;711;0
147;18;336;12;10;53;4;3.80;5;2;1;81;0;4385304;-1;0
147;18;336;12;10;54;99;4.40;6;2;1;76;0;4385499;325;0
147;18;336;12;10;54;99;3.20;2;1;1;69;0;4385499;568;0
147;18;336;12;10;55;10;3.80;5;2;1;83;0;4385510;189;0
147;18;336;12;10;55;99;4.00;3;1;1;78;0;4385599;282;0
147;18;336;12;10;56;26;3.40;2;1;1;66;0;4385626;110;0
147;18;336;12;10;56;70;3.60;7;2;1;75;0;4385670;1352;0
147;18;336;12;10;57;99;6.80;5;2;1;81;0;4385799;272;0
147;18;336;12;10;57;99;3.20;2;1;1;68;0;4385799;154;0
147;18;336;12;10;57;99;3.00;6;2;1;71;0;4385799;279;0
147;18;336;12;10;58;23;3.40;5;2;1;79;0;4385823;-1;0
147;18;336;12;10;59;43;3.80;2;1;1;71;0;4385943;127;0
147;18;336;12;10;59;83;4.40;6;2;1;73;0;4385983;168;0
147;18;336;12;10;59;99;4.40;5;2;1;81;0;4385999;160;0
147;18;336;12;11;0;2;3.60;3;1;1;80;0;4386002;384;0
147;18;336;12;11;0;99;3.60;2;1;1;69;0;4386099;136;4385499
147;18;336;12;11;1;99;3.60;2;1;1;67;0;4386199;81;4385499
147;18;336;12;11;1;7;3.60;6;2;1;77;0;4386107;102;4385499
147;18;336;12;11;3;7;3.40;3;1;1;78;0;4386307;288;0
147;18;336;12;11;3;24;3.80;7;2;1;83;0;4386324;636;0
147;18;336;12;11;3;99;6.40;6;2;1;75;0;4386399;275;0
147;18;336;12;11;3;99;3.00;2;1;1;71;0;4386399;180;4385499
147;18;336;12;11;3;0;3.60;4;1;1;77;0;4386300;957;0
147;18;336;12;11;5;99;3.40;5;2;1;81;0;4386599;580;0
147;18;336;12;11;5;99;3.40;6;2;1;74;0;4386599;169;0
147;18;336;12;11;5;99;3.60;4;1;1;78;0;4386599;282;0
147;18;336;12;11;5;99;3.80;3;1;1;77;0;4386599;276;0
147;18;336;12;11;6;99;3.00;2;1;1;78;0;4386699;284;0
147;18;336;12;11;6;46;3.40;4;1;1;78;0;4386646;30;0
147;18;336;12;11;7;99;3.80;3;1;1;78;0;4386799;182;0
147;18;336;12;11;8;99;3.60;6;2;1;77;0;4386899;283;0
147;18;336;12;11;8;99;3.40;5;2;1;88;0;4386899;284;0
147;18;336;12;11;9;85;3.80;3;1;1;76;0;4386985;168;0
147;18;336;12;11;10;29;3.40;5;2;1;84;0;4387029;116;0
147;18;336;12;11;10;99;3.20;2;1;1;78;0;4387099;386;0
147;18;336;12;11;12;99;3.20;3;1;1;83;0;4387299;296;0
147;18;336;12;11;14;24;3.80;6;2;1;84;0;4387424;508;0
147;18;336;12;11;14;31;3.20;2;1;1;82;0;4387431;317;0
147;18;336;12;11;15;99;3.60;4;1;1;88;0;4387599;937;0
147;18;336;12;11;15;99;3.60;3;1;1;79;0;4387599;286;0
147;18;336;12;11;16;99;3.40;2;1;1;78;0;4387699;253;0
147;18;336;12;11;19;10;3.60;6;2;1;80;0;4387910;469;0
147;18;336;12;11;19;61;3.00;2;1;1;82;0;4387961;246;0
147;18;336;12;11;20;99;3.40;2;1;1;80;0;4388099;124;0
147;18;336;12;11;21;99;3.00;6;2;1;71;0;4388199;272;0
147;18;336;12;11;21;9;4.40;7;2;1;83;0;4388109;1768;0
147;18;336;12;11;22;19;3.60;1;1;1;79;0;4388219;3380;0
147;18;336;12;11;22;78;3.20;3;1;1;76;0;4388278;662;0
147;18;336;12;11;23;99;6.00;7;2;1;75;0;4388399;270;0
147;18;336;12;11;24;26;3.00;6;2;1;76;0;4388426;211;0
147;18;336;12;11;24;48;3.60;1;1;1;77;0;4388448;212;0
147;18;336;12;11;25;99;6.00;7;2;1;84;0;4388599;171;0
147;18;336;12;11;26;99;3.80;6;2;1;83;0;4388699;258;0
147;18;336;12;11;28;6;3.80;6;2;1;81;0;4388806;90;0
147;18;336;12;11;28;99;3.40;3;1;1;77;0;4388899;605;0
147;18;336;12;11;29;19;3.80;2;1;1;74;0;4388919;804;0
147;18;336;12;11;31;16;3.40;4;1;1;75;0;4389116;1502;0
147;18;336;12;11;31;99;3.40;3;1;1;69;0;4389199;284;0
147;18;336;12;11;31;99;3.20;2;1;1;74;0;4389199;261;0
147;18;336;12;11;31;99;3.40;6;2;1;80;0;4389199;376;0
147;18;336;12;11;32;47;3.40;3;1;1;83;0;4389247;30;0
147;18;336;12;11;32;93;3.40;4;1;1;75;0;4389293;160;0
147;18;336;12;11;33;99;2.80;2;1;1;74;0;4389399;184;0
147;18;336;12;11;34;2;3.40;3;1;1;80;0;4389402;140;0
147;18;336;12;11;35;71;3.40;2;1;1;74;0;4389571;158;0
147;18;336;12;11;35;99;3.60;3;1;1;81;0;4389599;181;0
147;18;336;12;11;35;99;4.00;4;1;1;82;0;4389599;289;0
147;18;336;12;11;36;99;3.20;2;1;1;78;0;4389699;111;0
147;18;336;12;11;37;35;3.60;6;2;1;81;0;4389735;520;0
147;18;336;12;11;38;5;3.40;7;2;1;80;0;4389805;1180;0
147;18;336;12;11;39;99;3.80;4;1;1;84;0;4389999;382;0
147;18;336;12;11;39;99;3.80;6;2;1;77;0;4389999;248;0
147;18;336;12;11;39;99;3.40;5;2;1;90;0;4389999;2955;0
147;18;336;12;11;41;99;3.80;5;2;1;88;0;4390199;186;0
147;18;336;12;11;41;99;3.40;6;2;1;78;0;4390199;182;0
147;18;336;12;11;44;11;3.00;7;2;1;74;0;4390411;590;0
147;18;336;12;11;44;99;4.00;5;2;1;82;0;4390499;284;0
147;18;336;12;11;44;99;3.60;6;2;1;76;0;4390499;284;0
147;18;336;12;11;44;99;3.60;3;1;1;67;0;4390499;884;0
147;18;336;12;11;44;7;3.60;2;1;1;75;0;4390407;693;0
147;18;336;12;11;45;99;3.60;5;2;1;80;0;4390599;82;0
147;18;336;12;11;45;68;8.80;7;2;6;72;0;4390568;142;0
147;18;336;12;11;45;99;3.20;3;1;1;68;0;4390599;80;0
147;18;336;12;11;46;19;3.00;2;1;1;75;0;4390619;194;0
147;18;336;12;11;46;99;3.40;4;1;1;81;0;4390699;683;0
147;18;336;12;11;46;99;5.00;6;2;1;82;0;4390699;182;0
147;18;336;12;11;47;14;3.60;7;2;1;74;0;4390714;102;0
147;18;336;12;11;47;49;3.80;5;2;1;81;0;4390749;133;0
147;18;336;12;11;48;99;3.60;4;1;1;80;0;4390899;184;0
147;18;336;12;11;48;99;3.20;6;2;1;76;0;4390899;178;0
147;18;336;12;11;48;99;3.00;3;1;1;77;0;4390899;283;0
147;18;336;12;11;48;99;3.40;7;2;1;73;0;4390899;167;0
147;18;336;12;11;50;10;4.00;5;2;1;81;0;4391010;244;0
147;18;336;12;11;50;47;4.20;8;2;1;85;0;4391047;7125;0
147;18;336;12;11;50;47;3.60;3;1;1;73;0;4391047;133;0
147;18;336;12;11;50;68;3.20;6;2;1;71;0;4391068;153;0
147;18;336;12;11;51;99;3.40;6;2;1;70;0;4391199;114;4390499
147;18;336;12;11;51;99;4.00;8;2;1;80;0;4391199;134;4390499
147;18;336;12;11;52;8;3.60;6;2;1;67;0;4391208;-1;4390499
147;18;336;12;11;53;99;3.60;4;1;1;87;0;4391399;483;0
147;18;336;12;11;54;3;3.80;6;2;1;72;0;4391403;175;4390499
147;18;336;12;11;54;99;3.80;8;2;1;89;0;4391499;282;0
147;18;336;12;11;55;6;3.60;6;2;1;73;0;4391506;84;4390499
147;18;336;12;11;55;20;3.60;3;1;1;78;0;4391520;455;0
147;18;336;12;11;57;99;3.80;8;2;1;73;0;4391799;284;0
147;18;336;12;11;57;34;3.80;6;2;1;81;0;4391734;210;0
147;18;336;12;11;57;7;11.20;3;1;2;77;0;4391707;170;0
147;18;336;12;11;59;15;3.60;4;1;1;85;0;4391915;501;0
147;18;336;12;11;58;99;6.00;3;1;1;76;0;4391899;139;0
147;18;336;12;11;59;99;3.40;5;2;1;88;0;4391999;971;0
147;18;336;12;11;59;99;3.60;6;2;1;76;0;4391999;248;0
147;18;336;12;12;0;59;3.80;5;2;1;88;0;4392059;46;0
147;18;336;12;12;0;71;3.60;4;1;1;87;0;4392071;140;0
147;18;336;12;12;0;67;3.60;6;2;1;77;0;4392067;50;0
147;18;336;12;12;1;99;3.00;3;1;1;75;0;4392199;271;0
147;18;336;12;12;1;99;3.40;2;1;1;76;0;4392199;1565;0
147;18;336;12;12;1;99;3.20;6;2;1;75;0;4392199;115;0
147;18;336;12;12;2;99;3.80;2;1;1;76;0;4392299;83;0
147;18;336;12;12;3;62;3.80;3;1;1;76;0;4392362;148;0
147;18;336;12;12;3;85;3.40;6;2;1;74;0;4392385;170;0
147;18;336;12;12;3;97;3.80;5;2;1;80;0;4392397;322;0
147;18;336;12;12;4;99;3.80;3;1;1;74;0;4392499;119;0
147;18;336;12;12;4;99;3.20;2;1;1;80;0;4392499;182;0
147;18;336;12;12;5;38;4.80;6;2;1;71;0;4392538;136;4391999
147;18;336;12;12;6;99;3.60;2;1;1;77;0;4392699;185;4391999
147;18;336;12;12;7;99;4.00;6;2;1;81;0;4392799;236;0
147;18;336;12;12;7;99;3.60;3;1;1;78;0;4392799;281;0
147;18;336;12;12;7;12;3.20;2;1;1;74;0;4392712;-1;4392199
147;18;336;12;12;8;20;3.40;7;2;1;80;0;4392820;1904;0
147;18;336;12;12;9;99;4.00;1;1;1;93;0;4392999;4534;0
147;18;336;12;12;10;23;3.00;3;1;1;80;0;4393023;207;0
147;18;336;12;12;10;16;3.80;6;2;1;77;0;4393016;199;0
147;18;336;12;12;11;95;3.80;6;2;1;75;0;4393195;161;0
147;18;336;12;12;11;99;3.60;7;2;1;75;0;4393199;363;0
147;18;336;12;12;12;25;3.00;8;2;1;85;0;4393225;1407;0
147;18;336;12;12;13;22;3.40;3;1;1;76;0;4393322;285;0
147;18;336;12;12;13;39;3.40;7;2;1;79;0;4393339;122;0
147;18;336;12;12;15;99;3.40;3;1;1;87;0;4393599;260;0
147;18;336;12;12;18;22;3.60;7;2;1;78;0;4393822;467;0
147;18;336;12;12;18;56;3.60;5;2;1;82;0;4393856;1441;0
147;18;336;12;12;19;99;3.60;2;1;1;81;0;4393999;1271;0
147;18;336;12;12;19;99;4.00;5;2;1;91;0;4393999;127;0
147;18;336;12;12;20;12;3.80;6;2;1;80;0;4394012;798;0
147;18;336;12;12;20;0;3.80;1;1;1;82;0;4394000;985;0
147;18;336;12;12;20;15;3.40;3;1;1;73;0;4394015;401;0
147;18;336;12;12;21;73;3.40;6;2;1;79;0;4394173;143;0
147;18;336;12;12;23;12;3.80;6;2;1;80;0;4394312;123;0
147;18;336;12;12;24;12;3.60;2;1;1;80;0;4394412;397;0
147;18;336;12;12;24;99;3.00;3;1;1;82;0;4394499;467;0
147;18;336;12;12;25;19;3.60;6;2;1;83;0;4394519;189;0
147;18;336;12;12;26;61;3.80;6;2;1;80;0;4394661;126;4394012
147;18;336;12;12;27;99;3.00;6;2;1;76;0;4394799;120;4394012
147;18;336;12;12;28;99;4.00;7;2;1;82;0;4394899;1060;0
147;18;336;12;12;30;29;3.20;3;1;1;80;0;4395029;516;0
147;18;336;12;12;30;99;3.60;2;1;1;80;0;4395099;670;0
147;18;336;12;12;32;12;3.00;6;2;1;76;0;4395212;398;0
147;18;336;12;12;32;99;3.60;2;1;1;78;0;4395299;183;0
147;18;336;12;12;34;22;3.40;3;1;1;80;0;4395422;378;0
147;18;336;12;12;36;14;3.40;2;1;1;78;0;4395614;298;0
147;18;336;12;12;36;58;3.60;8;2;1;74;0;4395658;2420;0
147;18;336;12;12;37;99;4.40;6;2;1;82;0;4395799;572;0
147;18;336;12;12;38;13;3.60;7;2;1;79;0;4395813;896;0
147;18;336;12;12;43;99;3.20;6;2;1;87;0;4396399;580;0
147;18;336;12;12;46;2;3.80;7;2;1;85;0;4396602;772;0
147;18;336;12;12;46;15;3.20;2;1;1;85;0;4396615;985;0
147;18;336;12;12;46;6;3.80;4;1;1;82;0;4396606;4520;0
147;18;336;12;12;47;99;3.20;4;1;1;80;0;4396799;176;0
147;18;336;12;12;47;99;3.60;3;1;1;69;0;4396799;1361;0
147;18;336;12;12;48;99;3.60;2;1;1;69;0;4396899;270;0
147;18;336;12;12;48;99;4.20;4;1;1;81;0;4396899;85;0
147;18;336;12;12;49;99;3.20;3;1;1;76;0;4396999;181;0
147;18;336;12;12;50;99;3.00;8;2;1;76;0;4397099;1423;0
147;18;336;12;12;51;13;3.40;5;2;1;96;0;4397113;3098;0
147;18;336;12;12;51;9;3.40;6;2;1;75;0;4397109;696;0
147;18;336;12;12;51;15;3.80;8;2;1;75;0;4397115;1;0
147;18;336;12;12;51;30;4.00;2;1;1;82;0;4397130;212;0
147;18;336;12;12;52;97;3.40;3;1;1;87;0;4397297;282;0
147;18;336;12;12;52;99;3.60;6;2;1;76;0;4397299;173;0
147;18;336;12;12;52;99;3.60;4;1;1;93;0;4397299;381;0
147;18;336;12;12;53;22;3.40;2;1;1;81;0;4397322;174;0
147;18;336;12;12;53;99;3.40;4;1;1;79;0;4397399;86;0
147;18;336;12;12;53;99;4.20;7;2;1;86;0;4397399;780;0
147;18;336;12;12;53;99;4.00;5;2;1;94;0;4397399;273;0
147;18;336;12;12;54;55;3.80;7;2;1;89;0;4397455;38;0
147;18;336;12;12;55;99;3.20;3;1;1;82;0;4397599;287;0
147;18;336;12;12;56;12;3.80;2;1;1;80;0;4397612;274;0
147;18;336;12;12;58;99;3.60;3;1;1;82;0;4397899;285;0
147;18;336;12;12;59;15;3.20;4;1;1;83;0;4397915;500;0
147;18;336;12;13;1;99;3.80;6;2;1;76;0;4398199;882;0
147;18;336;12;13;1;99;3.80;4;1;1;86;0;4398199;270;0
147;18;336;12;13;1;36;3.60;5;2;1;83;0;4398136;721;0
147;18;336;12;13;1;35;3.80;8;2;1;82;0;4398135;1001;0
147;18;336;12;13;2;99;4.00;3;1;1;79;0;4398299;384;0
147;18;336;12;13;5;99;3.00;2;1;1;79;0;4398599;969;0
147;18;336;12;13;5;99;3.60;3;1;1;77;0;4398599;281;0
147;18;336;12;13;5;99;3.00;6;2;1;76;0;4398599;382;0
147;18;336;12;13;7;0;3.40;3;1;1;76;0;4398700;84;0
147;18;336;12;13;7;20;3.40;5;2;1;80;0;4398720;568;0
147;18;336;12;13;7;92;3.40;6;2;1;77;0;4398792;178;0
147;18;336;12;13;8;99;3.40;2;1;1;81;0;4398899;286;0
147;18;336;12;13;8;99;3.60;3;1;1;80;0;4398899;182;0
147;18;336;12;13;6;39;4.00;7;2;1;13;0;4398639;1168;0
147;18;336;12;13;11;0;3.80;6;2;1;79;0;4399100;292;0
147;18;336;12;13;12;79;3.40;6;2;1;76;0;4399279;161;0
147;18;336;12;13;13;16;3.80;7;2;1;75;0;4399316;566;0
147;18;336;12;13;13;99;3.00;6;2;1;75;0;4399399;103;0
147;18;336;12;13;14;26;3.60;5;2;1;80;0;4399426;690;0
147;18;336;12;13;15;11;3.80;4;1;1;80;0;4399511;1296;0
147;18;336;12;13;15;99;3.20;6;2;1;77;0;4399599;185;0
147;18;336;12;13;15;99;3.60;4;1;1;80;0;4399599;70;0
147;18;336;12;13;14;28;4.00;7;2;1;15;0;4399428;93;0
147;18;336;12;13;17;6;3.40;6;2;1;80;0;4399706;92;4399100
147;18;336;12;13;17;88;3.20;3;1;1;77;0;4399788;872;0
147;18;336;12;13;19;21;3.80;4;1;1;87;0;4399921;305;0
147;18;336;12;13;19;16;3.60;3;1;1;75;0;4399916;113;0
147;18;336;12;13;19;99;3.20;6;2;1;83;0;4399999;277;0
147;18;336;12;13;20;7;4.00;6;2;1;82;0;4400007;-1;0
147;18;336;12;13;17;6;4.00;7;2;1;10;0;4399706;182;0
147;18;336;12;13;21;8;3.40;3;1;1;73;0;4400108;174;0
147;18;336;12;13;21;99;3.40;5;2;1;89;0;4400199;756;0
147;18;336;12;13;23;8;3.60;5;2;1;90;0;4400308;95;0
147;18;336;12;13;23;4;4.00;3;1;1;77;0;4400304;179;0
147;18;336;12;13;23;99;3.60;6;2;1;76;0;4400399;374;0
147;18;336;12;13;23;99;3.40;2;1;1;67;0;4400399;1484;0
147;18;336;12;13;21;67;4.20;7;2;1;12;0;4400167;317;0
147;18;336;12;13;24;17;3.20;2;1;1;66;0;4400417;-1;0
147;18;336;12;13;26;10;3.60;2;1;1;67;0;4400610;175;0
147;18;336;12;13;26;99;3.00;6;2;1;80;0;4400699;282;0
147;18;336;12;13;27;3;3.40;1;1;1;85;0;4400703;6686;0
147;18;336;12;13;27;15;4.40;2;1;1;68;0;4400715;85;0
147;18;336;12;13;27;61;3.40;5;2;1;84;0;4400761;438;0
147;18;336;12;13;28;99;3.80;6;2;1;80;0;4400899;186;0
147;18;336;12;13;27;12;5.80;7;2;1;33;0;4400712;419;0
147;18;336;12;13;28;99;5.20;3;1;1;81;0;4400899;576;0
147;18;336;12;13;29;19;3.40;6;2;1;81;0;4400919;2;0
147;18;336;12;13;31;99;3.80;6;2;1;78;0;4401199;264;0
147;18;336;12;13;32;12;3.60;2;1;1;77;0;4401212;473;0
147;18;336;12;13;32;59;3.20;3;1;1;87;0;4401259;336;0
147;18;336;12;13;34;0;3.40;6;2;1;82;0;4401400;183;0
147;18;336;12;13;33;41;4.20;7;2;1;12;0;4401341;565;0
147;18;336;12;13;37;99;4.40;7;2;1;76;0;4401799;332;0
147;18;336;12;13;38;97;3.00;2;1;1;81;0;4401897;668;0
147;18;336;12;13;39;11;3.40;6;2;1;79;0;4401911;496;0
147;18;336;12;13;38;24;4.20;7;2;1;18;0;4401824;4;0
147;18;336;12;13;40;25;3.60;3;1;1;70;0;4402025;752;0
147;18;336;12;13;41;99;3.40;3;1;1;73;0;4402199;155;0
147;18;336;12;13;41;99;3.60;6;2;1;80;0;4402199;272;0
147;18;336;12;13;42;26;3.60;1;1;1;77;0;4402226;1508;0
147;18;336;12;13;43;99;3.20;6;2;1;85;0;4402399;183;0
147;18;336;12;13;44;99;3.60;1;1;1;77;0;4402499;256;0
147;18;336;12;13;45;14;3.60;6;2;1;80;0;4402514;101;0
147;18;336;12;13;45;21;3.20;3;1;1;74;0;4402521;305;0
147;18;336;12;13;46;99;3.80;2;1;1;77;0;4402699;788;0
147;18;336;12;13;47;99;3.60;2;1;1;79;0;4402799;82;0
147;18;336;12;13;49;99;3.20;4;1;1;87;0;4402999;3062;0
147;18;336;12;13;49;99;3.60;1;1;1;79;0;4402999;483;0
147;18;336;12;13;49;99;3.80;3;1;1;86;0;4402999;462;0
147;18;336;12;13;50;59;3.60;3;1;1;81;0;4403059;44;0
147;18;336;12;13;53;5;3.60;1;1;1;79;0;4403305;289;0
147;18;336;12;13;53;83;2.80;6;2;1;78;0;4403383;852;0
147;18;336;12;13;54;5;3.20;1;1;1;77;0;4403405;83;0
147;18;336;12;13;54;99;7.40;3;1;2;72;0;4403499;424;0
147;18;336;12;13;55;4;3.80;1;1;1;75;0;4403504;84;0
147;18;336;12;13;55;14;3.60;6;2;1;75;0;4403514;118;0
147;18;336;12;13;55;14;3.40;2;1;1;85;0;4403514;698;0
147;18;336;12;13;55;55;3.80;3;1;1;72;0;4403555;19;0
147;18;336;12;13;56;7;4.00;5;2;1;86;0;4403607;2831;0
147;18;336;12;13;57;19;3.40;4;1;1;77;0;4403719;706;0
147;18;336;12;13;57;99;3.60;6;2;1;74;0;4403799;267;0
147;18;336;12;13;58;17;3.80;3;1;1;77;0;4403817;243;0
147;18;336;12;13;58;81;3.00;2;1;1;76;0;4403881;352;0
147;18;336;12;13;59;99;4.00;8;2;1;82;0;4403999;5847;0
147;18;336;12;13;59;99;3.60;3;1;1;78;0;4403999;164;0
147;18;336;12;14;0;1;3.60;1;1;1;79;0;4404001;478;0
147;18;336;12;14;0;35;3.00;4;1;1;84;0;4404035;300;0
147;18;336;12;14;1;15;3.80;5;2;1;82;0;4404115;491;0
147;18;336;12;14;2;0;3.80;3;1;1;81;0;4404200;184;0
147;18;336;12;14;2;99;3.40;3;1;1;80;0;4404299;82;0
147;18;336;12;14;3;30;3.20;2;1;1;79;0;4404330;434;0
147;18;336;12;14;4;13;3.80;2;1;1;81;0;4404413;68;0
147;18;336;12;14;4;99;4.80;8;2;1;72;0;4404499;482;0
147;18;336;12;14;5;16;3.20;3;1;1;79;0;4404516;201;0
147;18;336;12;14;5;13;3.20;2;1;1;74;0;4404513;83;0
147;18;336;12;14;5;99;3.40;1;1;1;77;0;4404599;581;0
147;18;336;12;14;5;37;3.80;6;2;1;80;0;4404537;720;0
147;18;336;12;14;6;99;3.60;3;1;1;79;0;4404699;168;0
147;18;336;12;14;6;99;3.40;7;2;1;73;0;4404699;2791;0
147;18;336;12;14;8;21;3.40;3;1;1;78;0;4404821;105;0
147;18;336;12;14;10;4;3.00;2;1;1;78;0;4405004;475;0
147;18;336;12;14;10;10;3.00;3;1;1;75;0;4405010;173;0
147;18;336;12;14;11;3;3.60;6;2;1;81;0;4405103;548;0
147;18;336;12;14;11;67;3.80;2;1;1;78;0;4405167;149;0
147;18;336;12;14;12;99;3.40;3;1;1;74;0;4405299;274;0
147;18;336;12;14;12;99;3.60;5;2;1;86;0;4405299;1167;0
147;18;336;12;14;12;99;3.00;2;1;1;77;0;4405299;114;0
147;18;336;12;14;12;99;3.60;4;1;1;82;0;4405299;1251;0
147;18;336;12;14;14;99;3.20;6;2;1;76;0;4405499;380;0
147;18;336;12;14;17;99;3.80;4;1;1;83;0;4405799;484;0
147;18;336;12;14;18;9;4.60;2;1;1;77;0;4405809;495;0
147;18;336;12;14;18;32;3.20;6;2;1;73;0;4405832;317;0
147;18;336;12;14;19;7;3.80;4;1;1;82;0;4405907;91;0
147;18;336;12;14;19;99;3.80;2;1;1;85;0;4405999;168;0
147;18;336;12;14;19;99;3.20;6;2;1;76;0;4405999;151;0
147;18;336;12;14;20;99;3.40;6;2;1;77;0;4406099;84;0
147;18;336;12;14;21;27;4.00;8;2;1;86;0;4406127;1604;0
147;18;336;12;14;22;19;3.60;3;1;1;77;0;4406219;903;0
147;18;336;12;14;22;99;3.80;6;2;1;73;0;4406299;184;0
147;18;336;12;14;22;99;3.40;2;1;1;79;0;4406299;283;0
147;18;336;12;14;22;99;3.80;7;2;1;88;0;4406299;1583;0
147;18;336;12;14;23;11;3.40;8;2;1;88;0;4406311;167;0
147;18;336;12;14;24;17;3.20;6;2;1;75;0;4406417;99;4405832
147;18;336;12;14;24;87;3.60;2;1;1;81;0;4406487;172;4405832
147;18;336;12;14;24;99;3.20;3;1;1;76;0;4406499;263;0
147;18;336;12;14;24;99;3.80;6;2;1;75;0;4406499;66;4405832
147;18;336;12;14;26;9;3.60;2;1;1;79;0;4406609;106;4405832
147;18;336;12;14;28;99;3.00;6;2;1;77;0;4406899;381;0
147;18;336;12;14;30;99;3.40;3;1;1;74;0;4407099;584;0
147;18;336;12;14;31;10;3.40;6;2;1;73;0;4407110;196;0
147;18;336;12;14;31;26;3.20;8;2;1;78;0;4407126;801;0
147;18;336;12;14;32;5;3.20;2;1;1;75;0;4407205;579;0
147;18;336;12;14;32;26;3.20;3;1;1;76;0;4407226;110;0
147;18;336;12;14;33;27;3.60;1;1;1;86;0;4407327;2712;0
147;18;336;12;14;33;99;3.40;2;1;1;74;0;4407399;178;0
147;18;336;12;14;33;99;3.60;4;1;1;81;0;4407399;1475;0
147;18;336;12;14;33;99;6.60;3;1;1;77;0;4407399;157;0
147;18;336;12;14;35;99;4.60;7;2;1;78;0;4407599;1284;0
147;18;336;12;14;36;47;4.00;8;2;1;76;0;4407647;506;0
147;18;336;12;14;37;99;3.80;4;1;1;83;0;4407799;384;0
147;18;336;12;14;38;12;3.80;6;2;1;83;0;4407812;685;0
147;18;336;12;14;38;99;3.60;3;1;1;79;0;4407899;469;0
147;18;336;12;14;38;99;3.80;7;2;1;77;0;4407899;278;0
147;18;336;12;14;38;99;3.80;4;1;1;82;0;4407899;83;0
147;18;336;12;14;39;18;3.60;5;2;1;85;0;4407918;2603;0
147;18;336;12;14;38;99;1.00;6;2;1;1;1;4407899;70;0
147;18;336;12;14;39;42;3.80;2;1;1;80;0;4407942;526;0
147;18;336;12;14;39;57;1.20;6;1;1;47;0;4407957;-2;0
147;18;336;12;14;40;1;3.20;4;1;1;87;0;4408001;85;0
147;18;336;12;14;41;14;3.60;2;1;1;84;0;4408114;154;0
147;18;336;12;14;41;99;7.60;6;2;6;73;0;4408199;370;0
147;18;336;12;14;42;99;3.80;2;1;1;85;0;4408299;169;0
147;18;336;12;14;42;99;3.40;6;2;1;77;0;4408299;62;0
147;18;336;12;14;43;99;3.40;3;1;1;78;0;4408399;483;0
147;18;336;12;14;44;38;3.40;6;2;1;71;0;4408438;123;0
147;18;336;12;14;44;62;3.20;2;1;1;84;0;4408462;146;0
147;18;336;12;14;46;29;3.00;2;1;1;78;0;4408629;153;4407942
147;18;336;12;14;47;99;3.20;3;1;1;84;0;4408799;384;0
147;18;336;12;14;48;99;3.40;3;1;1;82;0;4408899;86;0
147;18;336;12;14;49;61;3.60;6;2;1;84;0;4408961;505;0
147;18;336;12;14;49;56;3.80;3;1;1;75;0;4408956;42;0
147;18;336;12;14;52;99;4.40;4;1;1;78;0;4409299;1284;0
147;18;336;12;14;53;13;4.00;3;1;1;89;0;4409313;338;0
147;18;336;12;14;53;99;3.40;6;2;1;76;0;4409399;422;0
147;18;336;12;14;54;39;4.00;1;1;1;77;0;4409439;2096;0
147;18;336;12;14;54;74;3.80;6;2;1;76;0;4409474;58;0
147;18;336;12;14;55;99;3.60;4;1;1;83;0;4409599;279;0
147;18;336;12;14;55;99;3.80;7;2;1;79;0;4409599;1682;0
147;18;336;12;14;55;99;4.40;2;1;1;77;0;4409599;956;0
147;18;336;12;14;57;64;3.00;2;1;1;74;0;4409764;144;0
147;18;336;12;14;58;99;3.00;3;1;1;79;0;4409899;569;0
147;18;336;12;14;58;99;3.80;7;2;1;78;0;4409899;282;0
147;18;336;12;14;59;24;3.60;3;1;1;82;0;4409924;11;0
147;18;336;12;14;59;7;3.60;6;2;1;70;0;4409907;415;0
147;18;336;12;15;0;99;3.40;1;1;1;81;0;4410099;641;0
147;18;336;12;15;0;99;3.80;5;2;1;85;0;4410099;2165;0
147;18;336;12;15;2;14;3.20;6;2;1;70;0;4410214;288;0
147;18;336;12;15;3;20;3.60;1;1;1;82;0;4410320;205;0
147;18;336;12;15;3;99;3.40;3;1;1;78;0;4410399;459;0
147;18;336;12;15;3;99;3.60;5;2;1;84;0;4410399;283;0
147;18;336;12;15;4;13;3.60;2;1;1;83;0;4410413;634;0
147;18;336;12;15;5;3;3.40;6;2;1;73;0;4410503;272;0
147;18;336;12;15;6;12;3.60;5;2;1;76;0;4410612;197;0
147;18;336;12;15;7;14;4.40;2;1;1;79;0;4410714;285;0
147;18;336;12;15;8;99;3.20;6;2;1;78;0;4410899;379;0
147;18;336;12;15;8;99;3.60;2;1;1;79;0;4410899;164;0
147;18;336;12;15;10;14;3.80;6;2;1;81;0;4411014;100;0
147;18;336;12;15;10;91;3.20;2;1;1;77;0;4411091;175;0
147;18;336;12;15;10;99;3.40;3;1;1;82;0;4411099;684;0
147;18;336;12;15;12;46;3.60;3;1;1;81;0;4411246;132;0
147;18;336;12;15;12;65;3.20;6;2;1;77;0;4411265;234;0
147;18;336;12;15;13;99;3.80;2;1;1;75;0;4411399;293;0
147;18;336;12;15;14;16;3.60;6;2;1;80;0;4411416;136;0
147;18;336;12;15;17;23;3.80;2;1;1;79;0;4411723;305;0
147;18;336;12;15;18;99;3.40;2;1;1;75;0;4411899;158;0
147;18;336;12;15;18;99;3.60;7;2;1;78;0;4411899;1982;0
147;18;336;12;15;19;99;3.60;6;2;1;75;0;4411999;566;0
147;18;336;12;15;19;99;4.20;8;2;1;83;0;4411999;4333;0
147;18;336;12;15;20;5;3.60;5;2;1;81;0;4412005;1375;0
147;18;336;12;15;20;91;3.60;3;1;1;72;0;4412091;829;0
147;18;336;12;15;22;9;3.40;6;2;1;81;0;4412209;192;0
147;18;336;12;15;22;39;3.60;3;1;1;78;0;4412239;130;0
147;18;336;12;15;22;60;3.60;2;1;1;74;0;4412260;344;0
147;18;336;12;15;23;99;5.40;5;2;1;81;0;4412399;378;0
147;18;336;12;15;23;99;3.80;3;1;1;75;0;4412399;143;0
147;18;336;12;15;24;99;4.00;6;2;1;77;0;4412499;274;0
147;18;336;12;15;24;99;3.80;3;1;1;73;0;4412499;81;0
147;18;336;12;15;24;2;3.60;5;2;1;74;0;4412402;-1;0
147;18;336;12;15;24;4;4.00;6;2;1;74;0;4412404;-1;0
147;18;336;12;15;25;32;3.80;7;2;1;81;0;4412532;616;0
147;18;336;12;15;25;94;4.00;2;1;1;74;0;4412594;316;0
147;18;336;12;15;25;95;3.60;3;1;1;68;0;4412595;77;4412091
147;18;336;12;15;26;99;3.20;6;2;1;65;0;4412699;275;0
147;18;336;12;15;26;99;3.80;2;1;1;73;0;4412699;85;0
147;18;336;12;15;27;13;3.60;3;1;1;67;0;4412713;98;4412091
147;18;336;12;15;27;99;3.60;6;2;1;65;0;4412799;82;4412091
147;18;336;12;15;28;75;3.60;2;1;1;75;0;4412875;157;4412091
147;18;336;12;15;28;99;3.60;6;2;1;62;0;4412899;80;4412091
147;18;336;12;15;29;99;3.20;3;1;1;71;0;4412999;266;0
147;18;336;12;15;29;99;3.60;5;2;1;78;0;4412999;579;0
147;18;336;12;15;29;99;3.60;4;1;1;84;0;4412999;3384;0
147;18;336;12;15;30;14;3.40;3;1;1;72;0;4413014;-1;0
147;18;336;12;15;31;15;3.60;5;2;1;79;0;4413115;99;0
147;18;336;12;15;31;99;3.20;6;2;1;72;0;4413199;279;0
147;18;336;12;15;32;99;3.40;5;2;1;83;0;4413299;167;0
147;18;336;12;15;32;35;3.20;6;2;1;75;0;4413235;20;0
147;18;336;12;15;33;71;3.80;3;1;1;74;0;4413371;340;0
147;18;336;12;15;34;99;3.60;3;1;1;74;0;4413499;109;0
147;18;336;12;15;34;99;3.40;6;2;1;74;0;4413499;248;0
147;18;336;12;15;34;99;3.80;4;1;1;76;0;4413499;484;0
147;18;336;12;15;35;48;3.40;2;1;1;79;0;4413548;655;0
147;18;336;12;15;35;63;3.40;6;2;1;75;0;4413563;47;0
147;18;336;12;15;38;8;3.80;6;2;1;76;0;4413808;228;0
147;18;336;12;15;38;16;3.20;3;1;1;79;0;4413816;299;0
147;18;336;12;15;38;79;11.80;2;1;3;80;0;4413879;315;0
147;18;336;12;15;39;99;3.80;7;2;1;76;0;4413999;1450;0
147;18;336;12;15;40;2;3.60;2;1;1;79;0;4414002;69;0
147;18;336;12;15;41;99;4.00;4;1;1;83;0;4414199;682;0
147;18;336;12;15;41;99;3.40;3;1;1;77;0;4414199;368;0
147;18;336;12;15;42;99;3.20;7;2;1;76;0;4414299;282;0
147;18;336;12;15;43;8;3.20;4;1;1;83;0;4414308;91;0
147;18;336;12;15;43;6;3.80;1;1;1;82;0;4414306;3970;0
147;18;336;12;15;44;19;3.80;3;1;1;76;0;4414419;204;0
147;18;336;12;15;44;99;4.00;6;2;1;84;0;4414499;673;0
147;18;336;12;15;44;99;3.80;2;1;1;79;0;4414499;480;0
147;18;336;12;15;46;24;3.20;1;1;1;81;0;4414624;301;0
147;18;336;12;15;46;99;3.00;3;1;1;76;0;4414699;262;0
147;18;336;12;15;47;16;3.40;7;2;1;83;0;4414716;401;0
147;18;336;12;15;48;52;4.00;2;1;1;84;0;4414852;335;0
147;18;336;12;15;50;99;4.00;6;2;1;79;0;4415099;582;0
147;18;336;12;15;51;73;3.40;2;1;1;78;0;4415173;303;0
147;18;336;12;15;52;99;3.80;7;2;1;80;0;4415299;568;0
147;18;336;12;15;53;30;3.20;6;2;1;77;0;4415330;212;0
147;18;336;12;15;54;99;3.60;2;1;1;81;0;4415499;310;0
147;18;336;12;15;54;99;3.80;5;2;1;83;0;4415499;2185;0
147;18;336;12;15;56;16;3.60;7;2;1;76;0;4415616;299;0
147;18;336;12;15;56;99;3.80;3;1;1;80;0;4415699;985;0
147;18;336;12;15;57;16;4.00;7;2;1;77;0;4415716;82;0
147;18;336;12;15;57;19;3.60;2;1;1;75;0;4415719;204;0
147;18;336;12;15;57;99;4.00;3;1;1;80;0;4415799;82;0
147;18;336;12;15;57;99;3.20;6;2;1;89;0;4415799;454;0
147;18;336;12;15;58;68;3.80;3;1;1;76;0;4415868;51;0
147;18;336;12;16;0;20;3.40;6;2;1;85;0;4416020;208;0
147;18;336;12;16;0;99;3.40;3;1;1;77;0;4416099;213;0
147;18;336;12;16;1;58;3.40;3;1;1;84;0;4416158;43;0
147;18;336;12;16;1;93;3.20;2;1;1;83;0;4416193;456;0
147;18;336;12;16;2;99;3.60;6;2;1;81;0;4416299;264;0
147;18;336;12;16;2;99;4.00;1;1;1;93;0;4416299;1660;0
147;18;336;12;16;3;23;3.40;2;1;1;78;0;4416323;116;0
147;18;336;12;16;3;20;3.80;6;2;1;81;0;4416320;5;0
147;18;336;12;16;4;1;3.60;3;1;1;82;0;4416401;228;0
147;18;336;12;16;4;19;3.40;7;2;1;79;0;4416419;684;0
147;18;336;12;16;4;99;3.40;6;2;1;80;0;4416499;162;0
147;18;336;12;16;5;5;3.80;5;2;1;79;0;4416505;989;0
147;18;336;12;16;6;38;4.00;5;2;1;83;0;4416638;115;0
147;18;336;12;16;6;67;4.00;7;2;1;87;0;4416667;232;0
147;18;336;12;16;7;99;3.80;6;2;1;82;0;4416799;284;0
147;18;336;12;16;7;99;4.00;3;1;1;80;0;4416799;382;0
147;18;336;12;16;8;5;4.20;4;1;1;86;0;4416805;2483;0
147;18;336;12;16;8;9;3.40;2;1;1;85;0;4416809;470;0
147;18;336;12;16;8;6;3.60;7;2;1;82;0;4416806;122;0
147;18;336;12;16;9;21;3.60;4;1;1;85;0;4416921;98;0
147;18;336;12;16;9;19;3.60;6;2;1;79;0;4416919;103;0
147;18;336;12;16;10;14;4.60;3;1;1;80;0;4417014;197;0
147;18;336;12;16;11;9;3.80;6;2;1;80;0;4417109;173;0
147;18;336;12;16;13;22;4.60;4;1;1;85;0;4417322;385;0
147;18;336;12;16;13;99;3.60;3;1;1;73;0;4417399;364;0
147;18;336;12;16;13;25;2.80;6;2;1;78;0;4417325;198;0
147;18;336;12;16;15;5;3.60;3;1;1;75;0;4417505;88;0
147;18;336;12;16;15;14;3.40;2;1;1;76;0;4417514;690;0
147;18;336;12;16;15;99;4.60;1;1;1;78;0;4417599;1284;0
147;18;336;12;16;16;2;3.60;4;1;1;84;0;4417602;260;0
147;18;336;12;16;17;22;3.20;2;1;1;75;0;4417722;191;0
147;18;336;12;16;17;99;4.80;6;2;1;75;0;4417799;461;0
147;18;336;12;16;17;99;3.60;3;1;1;78;0;4417799;276;0
147;18;336;12;16;19;52;4.00;6;2;1;73;0;4417952;129;0
147;18;336;12;16;20;33;3.40;2;1;1;94;0;4418033;295;0
147;18;336;12;16;21;13;3.80;2;1;1;79;0;4418113;66;0
147;18;336;12;16;22;19;3.40;6;2;1;74;0;4418219;247;0
147;18;336;12;16;24;99;3.60;6;2;1;71;0;4418499;263;0
147;18;336;12;16;25;99;3.40;3;1;1;79;0;4418599;783;0
147;18;336;12;16;25;99;3.80;4;1;1;91;0;4418599;981;0
147;18;336;12;16;26;1;3.60;6;2;1;71;0;4418601;83;0
147;18;336;12;16;26;17;3.60;8;2;1;79;0;4418617;6599;0
147;18;336;12;16;26;39;5.20;5;2;1;83;0;4418639;1983;0
147;18;336;12;16;26;53;4.00;6;2;1;70;0;4418653;33;0
147;18;336;12;16;28;4;3.80;3;1;1;76;0;4418804;189;0
147;18;336;12;16;28;99;4.20;8;2;1;80;0;4418899;265;0
147;18;336;12;16;28;99;3.40;6;2;1;68;0;4418899;225;0
147;18;336;12;16;29;36;3.00;2;1;1;74;0;4418936;805;0
147;18;336;12;16;29;94;3.60;6;2;1;71;0;4418994;77;0
147;18;336;12;16;30;99;3.80;8;2;1;79;0;4419099;181;0
147;18;336;12;16;30;99;3.00;6;2;1;70;0;4419099;86;0
147;18;336;12;16;30;99;3.60;5;2;1;89;0;4419099;437;0
147;18;336;12;16;30;99;3.80;3;1;1;77;0;4419099;277;0
147;18;336;12;16;31;20;4.00;2;1;1;76;0;4419120;169;0
147;18;336;12;16;31;5;3.40;5;2;1;92;0;4419105;-1;0
147;18;336;12;16;31;34;3.60;6;2;1;70;0;4419134;19;0
147;18;336;12;16;32;99;3.60;6;2;1;67;0;4419299;146;4418899
147;18;336;12;16;33;99;3.60;6;2;1;66;0;4419399;80;4418899
147;18;336;12;16;33;99;3.40;1;1;1;66;0;4419399;1778;0
147;18;336;12;16;33;99;3.00;2;1;1;75;0;4419399;260;0
147;18;336;12;16;34;62;3.20;3;1;1;78;0;4419462;345;0
147;18;336;12;16;35;18;3.60;2;1;1;73;0;4419518;104;0
147;18;336;12;16;36;21;3.40;7;2;1;81;0;4419621;2799;0
147;18;336;12;16;36;38;4.00;3;1;1;78;0;4419638;161;0
147;18;336;12;16;37;99;3.60;3;1;1;70;0;4419799;142;0
147;18;336;12;16;39;76;3.40;1;1;1;78;0;4419976;558;0
147;18;336;12;16;39;82;3.40;3;1;1;75;0;4419982;164;0
147;18;336;12;16;39;82;5.00;6;2;1;81;0;4419982;563;0
147;18;336;12;16;41;99;3.40;3;1;1;77;0;4420199;200;0
147;18;336;12;16;42;14;3.80;1;1;1;74;0;4420214;222;0
147;18;336;12;16;42;89;3.80;2;1;1;94;0;4420289;753;0
147;18;336;12;16;42;88;3.20;3;1;1;77;0;4420288;73;0
147;18;336;12;16;43;19;3.40;6;2;1;72;0;4420319;314;0
147;18;336;12;16;43;99;3.40;2;1;1;78;0;4420399;95;0
147;18;336;12;16;43;99;3.60;7;2;1;80;0;4420399;762;0
147;18;336;12;16;43;99;3.00;3;1;1;76;0;4420399;96;0
147;18;336;12;16;44;53;2.80;4;1;1;81;0;4420453;1838;0
147;18;336;12;16;45;19;3.40;5;2;1;81;0;4420519;1400;0
147;18;336;12;16;45;99;4.60;6;2;1;82;0;4420599;263;0
147;18;336;12;16;45;99;4.00;5;2;1;87;0;4420599;64;0
147;18;336;12;16;45;99;3.00;3;1;1;77;0;4420599;185;0
147;18;336;12;16;46;11;3.20;4;1;1;102;0;4420611;145;0
147;18;336;12;16;47;21;3.80;3;1;1;80;0;4420721;107;4420199
147;18;336;12;16;47;49;3.80;5;2;1;89;0;4420749;133;4420199
147;18;336;12;16;47;72;3.80;6;2;1;84;0;4420772;152;4420199
147;18;336;12;16;48;99;3.80;7;2;1;83;0;4420899;483;0
147;18;336;12;16;49;23;3.60;2;1;1;77;0;4420923;508;0
147;18;336;12;16;49;32;3.40;6;2;1;83;0;4420932;143;0
147;18;336;12;16;50;99;3.20;2;1;1;72;0;4421099;159;0
147;18;336;12;16;51;99;4.20;5;2;1;85;0;4421199;434;0
147;18;336;12;16;53;99;4.00;6;2;1;81;0;4421399;452;0
147;18;336;12;16;53;99;3.20;7;2;1;81;0;4421399;483;0
147;18;336;12;16;54;26;3.40;4;1;1;84;0;4421426;803;0
147;18;336;12;16;54;99;3.20;3;1;1;73;0;4421499;760;0
147;18;336;12;16;54;38;3.20;6;2;1;83;0;4421438;21;0
147;18;336;12;16;55;99;7.00;6;2;1;83;0;4421599;147;0
147;18;336;12;16;57;28;3.60;3;1;1;78;0;4421728;213;0
147;18;336;12;16;58;23;3.40;7;2;1;80;0;4421823;409;0
147;18;336;12;16;58;99;3.80;3;1;1;77;0;4421899;154;0
147;18;336;12;16;59;13;3.20;6;2;1;76;0;4421913;283;0
147;18;336;12;17;0;26;3.80;4;1;1;84;0;4422026;585;0
147;18;336;12;17;1;15;4.00;6;2;1;71;0;4422115;186;0
147;18;336;12;17;1;99;3.80;3;1;1;76;0;4422199;282;0
147;18;336;12;17;2;13;3.60;6;2;1;77;0;4422213;77;0
147;18;336;12;17;3;15;3.60;4;1;1;79;0;4422315;272;0
147;18;336;12;17;3;98;5.00;6;2;1;76;0;4422398;168;0
147;18;336;12;17;3;99;3.60;3;1;1;75;0;4422399;182;0
147;18;336;12;17;4;99;4.00;8;2;1;85;0;4422499;3382;0
147;18;336;12;17;5;45;3.40;7;2;1;73;0;4422545;706;0
147;18;336;12;17;7;18;3.80;6;2;1;89;0;4422718;296;0
147;18;336;12;17;9;19;4.00;2;1;1;80;0;4422919;1804;0
147;18;336;12;17;9;99;3.60;8;2;1;82;0;4422999;483;0
147;18;336;12;17;10;72;3.80;4;1;1;90;0;4423072;740;0
147;18;336;12;17;10;75;3.40;8;2;1;81;0;4423075;60;0
147;18;336;12;17;10;47;11.40;5;2;2;90;0;4423047;1830;0
147;18;336;12;17;10;99;4.00;2;1;1;84;0;4423099;162;0
147;18;336;12;17;11;99;3.60;6;2;1;80;0;4423199;465;0
147;18;336;12;17;12;10;2.80;3;1;1;76;0;4423210;793;0
147;18;336;12;17;13;99;3.40;7;2;1;80;0;4423399;837;0
147;18;336;12;17;14;99;3.20;2;1;1;75;0;4423499;382;0
147;18;336;12;17;15;73;3.40;6;2;1;75;0;4423573;357;0
147;18;336;12;17;16;99;3.60;3;1;1;78;0;4423699;475;0
147;18;336;12;17;17;6;3.80;7;2;1;79;0;4423706;291;0
147;18;336;12;17;17;99;3.80;4;1;1;87;0;4423799;711;0
147;18;336;12;17;17;99;3.40;2;1;1;78;0;4423799;284;0
147;18;336;12;17;18;16;3.40;3;1;1;82;0;4423816;100;0
147;18;336;12;17;19;8;3.60;6;2;1;75;0;4423908;318;0
147;18;336;12;17;19;24;3.60;7;2;1;82;0;4423924;200;0
147;18;336;12;17;19;99;3.40;3;1;1;79;0;4423999;168;0
147;18;336;12;17;19;99;3.60;8;2;1;83;0;4423999;908;0
147;18;336;12;17;20;43;3.60;5;2;1;84;0;4424043;950;0
147;18;336;12;17;21;0;3.40;3;1;1;85;0;4424100;85;0
147;18;336;12;17;21;14;4.00;7;2;1;80;0;4424114;174;0
147;18;336;12;17;21;99;3.60;3;1;1;85;0;4424199;84;4423699
147;18;336;12;17;22;30;4.00;3;1;1;83;0;4424230;15;4423699
147;18;336;12;17;24;3;5.80;3;1;1;79;0;4424403;155;4423699
147;18;336;12;17;24;99;3.60;7;2;1;84;0;4424499;367;0
147;18;336;12;17;25;12;3.60;3;1;1;78;0;4424512;82;4423699
147;18;336;12;17;25;23;3.20;2;1;1;84;0;4424523;708;0
147;18;336;12;17;25;48;3.20;6;2;1;86;0;4424548;622;0
147;18;336;12;17;26;99;3.60;3;1;1;81;0;4424699;170;4423699
147;18;336;12;17;27;14;3.40;4;1;1;80;0;4424714;899;0
147;18;336;12;17;28;56;3.60;2;1;1;80;0;4424856;319;0
147;18;336;12;17;29;22;3.80;4;1;1;79;0;4424922;192;0
147;18;336;12;17;29;99;3.60;5;2;1;80;0;4424999;940;0
147;18;336;12;17;29;99;5.80;6;2;1;75;0;4424999;437;0
147;18;336;12;17;30;99;3.60;2;1;1;79;0;4425099;226;0
147;18;336;12;17;31;14;3.60;1;1;1;80;0;4425114;4881;0
147;18;336;12;17;31;14;4.00;5;2;1;79;0;4425114;98;0
147;18;336;12;17;32;99;3.60;2;1;1;72;0;4425299;183;0
147;18;336;12;17;33;2;5.40;6;2;1;72;0;4425302;275;0
147;18;336;12;17;33;13;3.80;3;1;1;78;0;4425313;598;0
147;18;336;12;17;34;14;3.80;4;1;1;87;0;4425414;474;0
147;18;336;12;17;34;99;3.80;6;2;1;72;0;4425499;170;0
147;18;336;12;17;37;17;3.60;7;2;1;91;0;4425717;1202;0
147;18;336;12;17;37;99;3.20;6;2;1;78;0;4425799;281;0
147;18;336;12;17;38;1;3.80;2;1;1;74;0;4425801;484;0
147;18;336;12;17;38;49;3.80;7;2;1;82;0;4425849;117;0
147;18;336;12;17;39;99;3.80;3;1;1;78;0;4425999;668;0
147;18;336;12;17;40;11;3.60;7;2;1;79;0;4426011;145;0
147;18;336;12;17;41;6;3.60;6;2;1;75;0;4426106;292;0
147;18;336;12;17;41;70;3.80;5;2;1;79;0;4426170;1037;0
147;18;336;12;17;41;82;3.80;3;1;1;77;0;4426182;165;0
147;18;336;12;17;42;99;3.00;6;2;1;76;0;4426299;175;0
147;18;336;12;17;42;99;3.60;5;2;1;80;0;4426299;111;0
147;18;336;12;17;43;18;3.00;6;2;1;76;0;4426318;4;0
147;18;336;12;17;43;31;3.40;3;1;1;78;0;4426331;131;0
147;18;336;12;17;44;99;4.00;8;2;1;77;0;4426499;2484;0
147;18;336;12;17;46;99;3.80;6;2;1;83;0;4426699;366;0
147;18;336;12;17;46;99;4.00;7;2;1;74;0;4426699;671;0
147;18;336;12;17;47;13;3.60;2;1;1;79;0;4426713;893;0
147;18;336;12;17;47;21;3.60;4;1;1;81;0;4426721;1291;0
147;18;336;12;17;47;99;3.80;5;2;1;81;0;4426799;483;0
147;18;336;12;17;48;15;3.80;3;1;1;73;0;4426815;468;0
147;18;336;12;17;48;22;4.00;2;1;1;80;0;4426822;92;0
147;18;336;12;17;48;55;5.40;8;2;1;83;0;4426855;337;0
147;18;336;12;17;49;97;3.60;7;2;1;73;0;4426997;278;0
147;18;336;12;17;49;99;3.60;4;1;1;79;0;4426999;262;0
147;18;336;12;17;49;99;3.20;6;2;1;81;0;4426999;283;0
147;18;336;12;17;50;5;3.40;4;1;1;78;0;4427005;-1;0
147;18;336;12;17;50;99;3.60;3;1;1;76;0;4427099;265;0
147;18;336;12;17;51;4;3.80;6;2;1;78;0;4427104;90;0
147;18;336;12;17;51;93;3.40;4;1;1;76;0;4427193;172;0
147;18;336;12;17;52;7;3.60;3;1;1;78;0;4427207;90;0
147;18;336;12;17;52;99;3.40;1;1;1;78;0;4427299;2168;0
147;18;336;12;17;52;99;3.80;4;1;1;79;0;4427299;89;0
147;18;336;12;17;54;2;3.40;4;1;1;78;0;4427402;85;4424714
147;18;336;12;17;55;99;4.00;6;2;1;80;0;4427599;477;0
147;18;336;12;17;55;99;4.20;3;1;1;98;0;4427599;375;0
147;18;336;12;17;58;99;3.40;3;1;1;71;0;4427899;284;0
147;18;336;12;17;58;9;3.40;8;2;1;81;0;4427809;930;0
147;18;336;12;17;58;16;3.40;4;1;1;81;0;4427816;398;0
147;18;336;12;17;59;99;4.00;2;1;1;74;0;4427999;1159;0
147;18;336;12;17;59;99;3.60;3;1;1;67;0;4427999;82;0
147;18;336;12;18;0;23;3.60;4;1;1;80;0;4428023;191;0
147;18;336;12;18;0;99;3.60;6;2;1;94;0;4428099;482;0
147;18;336;12;18;0;99;2.80;2;1;1;76;0;4428099;80;0
147;18;336;12;18;1;2;3.00;3;1;1;70;0;4428102;83;0
147;18;336;12;18;2;99;3.60;2;1;1;79;0;4428299;186;0
147;18;336;12;18;4;12;4.20;3;1;1;91;0;4428412;294;0
147;18;336;12;18;4;99;3.40;2;1;1;71;0;4428499;183;0
147;18;336;12;18;5;99;3.20;3;1;1;71;0;4428599;170;0
147;18;336;12;18;5;99;3.60;4;1;1;87;0;4428599;559;0
147;18;336;12;18;6;20;3.80;3;1;1;69;0;4428620;4;0
147;18;336;12;18;7;16;3.60;2;1;1;79;0;4428716;199;4427999
147;18;336;12;18;7;5;3.60;3;1;1;69;0;4428705;65;4427999
147;18;336;12;18;5;72;4.20;7;2;1;17;0;4428572;1557;0
147;18;336;12;18;10;5;3.40;3;1;1;70;0;4429005;281;0
147;18;336;12;18;10;99;3.20;2;1;1;74;0;4429099;366;0
147;18;336;12;18;9;36;4.00;7;2;1;21;0;4428936;275;0
147;18;336;12;18;11;44;3.80;3;1;1;68;0;4429144;121;0
147;18;336;12;18;13;99;3.60;3;1;1;66;0;4429399;234;0
147;18;336;12;18;13;99;3.20;2;1;1;78;0;4429399;284;0
147;18;336;12;18;13;99;3.60;6;2;1;86;0;4429399;1286;0
147;18;336;12;18;14;56;3.60;3;1;1;60;0;4429456;37;0
147;18;336;12;18;15;99;3.80;3;1;1;59;0;4429599;121;0
147;18;336;12;18;15;99;3.80;2;1;1;80;0;4429599;185;0
147;18;336;12;18;16;32;3.60;4;1;1;86;0;4429632;1018;0
147;18;336;12;18;16;2;3.80;2;1;1;75;0;4429602;-1;0
147;18;336;12;18;16;44;3.60;6;2;1;75;0;4429644;229;0
147;18;336;12;18;17;10;3.80;4;1;1;84;0;4429710;62;0
147;18;336;12;18;17;99;3.40;3;1;1;65;0;4429799;176;0
147;18;336;12;18;17;99;3.40;2;1;1;69;0;4429799;178;0
147;18;336;12;18;18;99;4.00;6;2;1;77;0;4429899;237;0
147;18;336;12;18;19;12;3.60;5;2;1;87;0;4429912;3096;0
147;18;336;12;18;19;2;3.20;2;1;1;68;0;4429902;85;4429399
147;18;336;12;18;19;54;2.80;3;1;1;65;0;4429954;136;4429399
147;18;336;12;18;20;4;6.00;6;2;1;78;0;4430004;86;4429399
147;18;336;12;18;20;99;3.40;2;1;1;66;0;4430099;180;4429399
147;18;336;12;18;21;22;3.60;4;1;1;81;0;4430122;395;0
147;18;336;12;18;21;99;3.40;1;1;1;80;0;4430199;2884;0
147;18;336;12;18;21;43;3.40;6;2;1;86;0;4430143;111;0
147;18;336;12;18;21;34;3.40;2;1;1;68;0;4430134;16;4429399
147;18;336;12;18;22;99;3.60;1;1;1;87;0;4430299;84;4429399
147;18;336;12;18;23;99;3.80;2;1;1;78;0;4430399;247;0
147;18;336;12;18;23;99;5.00;1;1;1;88;0;4430399;85;0
147;18;336;12;18;22;95;7.40;7;2;1;65;0;4430295;1290;0
147;18;336;12;18;24;17;3.40;2;1;1;68;0;4430417;0;0
147;18;336;12;18;25;99;3.40;5;2;1;78;0;4430599;672;0
147;18;336;12;18;25;99;3.60;4;1;1;82;0;4430599;461;0
147;18;336;12;18;26;15;3.80;3;1;1;79;0;4430615;645;0
147;18;336;12;18;26;99;3.40;6;2;1;75;0;4430699;541;0
147;18;336;12;18;26;26;3.60;4;1;1;83;0;4430626;11;0
147;18;336;12;18;26;31;4.00;5;2;1;81;0;4430631;16;0
147;18;336;12;18;27;89;3.40;8;2;1;79;0;4430789;2964;0
147;18;336;12;18;27;99;3.80;5;2;1;82;0;4430799;150;0
147;18;336;12;18;28;21;3.60;2;1;1;79;0;4430821;386;0
147;18;336;12;18;28;99;3.20;6;2;1;80;0;4430899;183;0
147;18;336;12;18;28;99;5.80;4;1;1;82;0;4430899;257;0
147;18;336;12;18;29;25;3.80;3;1;1;80;0;4430925;292;0
147;18;336;12;18;30;4;4.60;5;2;1;80;0;4431004;188;0
147;18;336;12;18;30;99;3.00;2;1;1;77;0;4431099;261;0
147;18;336;12;18;31;99;3.40;5;2;1;81;0;4431199;174;4430599
147;18;336;12;18;31;99;3.80;2;1;1;78;0;4431199;85;4430599
147;18;336;12;18;32;12;3.80;4;1;1;77;0;4431212;287;0
147;18;336;12;18;32;16;4.00;6;2;1;77;0;4431216;302;0
147;18;336;12;18;32;92;3.60;5;2;1;80;0;4431292;77;4430599
147;18;336;12;18;32;99;3.60;2;1;1;78;0;4431299;82;4430599
147;18;336;12;18;33;99;3.40;4;1;1;78;0;4431399;169;4430599
147;18;336;12;18;34;0;3.60;4;1;1;79;0;4431400;-1;4430599
147;18;336;12;18;34;4;3.40;3;1;1;79;0;4431404;461;0
147;18;336;12;18;34;13;2.80;6;2;1;82;0;4431413;178;0
147;18;336;12;18;35;25;3.60;6;2;1;83;0;4431525;99;0
147;18;336;12;18;35;99;3.20;2;1;1;79;0;4431599;283;0
147;18;336;12;18;34;88;8.60;7;2;2;62;0;4431488;1152;0
147;18;336;12;18;36;2;3.60;4;1;1;81;0;4431602;185;0
147;18;336;12;18;36;99;3.60;1;1;1;89;0;4431699;1279;0
147;18;336;12;18;36;99;3.80;2;1;1;79;0;4431699;85;0
147;18;336;12;18;36;99;3.40;5;2;1;82;0;4431699;390;0
147;18;336;12;18;37;26;3.00;4;1;1;84;0;4431726;108;4431212
147;18;336;12;18;37;73;3.60;7;2;1;83;0;4431773;235;0
147;18;336;12;18;37;73;5.00;3;1;1;76;0;4431773;353;0
147;18;336;12;18;38;99;4.20;7;2;1;84;0;4431899;110;0
147;18;336;12;18;39;12;3.80;6;2;1;82;0;4431912;371;0
147;18;336;12;18;40;11;3.60;3;1;1;79;0;4432011;214;0
147;18;336;12;18;40;77;6.20;6;2;1;78;0;4432077;148;0
147;18;336;12;18;41;99;3.60;6;2;1;74;0;4432199;93;0
147;18;336;12;18;41;99;3.60;5;2;1;84;0;4432199;485;0
147;18;336;12;18;42;53;3.60;8;2;1;73;0;4432253;1448;0
147;18;336;12;18;42;81;3.80;3;1;1;76;0;4432281;253;0
147;18;336;12;18;43;99;3.20;7;2;1;75;0;4432399;482;0
147;18;336;12;18;43;99;3.80;4;1;1;83;0;4432399;660;0
147;18;336;12;18;45;18;3.60;4;1;1;86;0;4432518;102;0
147;18;336;12;18;46;99;2.80;3;1;1;74;0;4432699;400;0
147;18;336;12;18;46;99;3.20;4;1;1;86;0;4432699;165;0
147;18;336;12;18;47;14;3.80;2;1;1;83;0;4432714;997;0
147;18;336;12;18;48;99;3.60;3;1;1;81;0;4432899;186;0
147;18;336;12;18;49;99;3.40;4;1;1;82;0;4432999;286;0
147;18;336;12;18;49;99;3.80;1;1;1;90;0;4432999;1285;0
147;18;336;12;18;50;84;3.40;2;1;1;72;0;4433084;353;0
147;18;336;12;18;50;99;3.80;6;2;1;86;0;4433099;882;0
147;18;336;12;18;51;99;3.40;3;1;1;76;0;4433199;284;0
147;18;336;12;18;51;99;3.20;6;2;1;93;0;4433199;84;0
147;18;336;12;18;51;99;3.20;4;1;1;81;0;4433199;185;0
147;18;336;12;18;52;60;3.80;6;2;1;75;0;4433260;48;0
147;18;336;12;18;53;12;3.60;2;1;1;71;0;4433312;211;0
147;18;336;12;18;53;99;4.40;5;2;1;96;0;4433399;1184;0
147;18;336;12;18;53;99;3.40;1;1;1;79;0;4433399;384;0
147;18;336;12;18;54;2;3.20;6;2;1;77;0;4433402;123;0
147;18;336;12;18;54;99;5.20;7;2;1;68;0;4433499;1084;0
147;18;336;12;18;54;14;4.00;5;2;1;88;0;4433414;-1;0
147;18;336;12;18;54;17;3.40;2;1;1;77;0;4433417;86;0
147;18;336;12;18;55;24;3.40;1;1;1;84;0;4433524;109;0
147;18;336;12;18;55;49;3.20;8;2;1;76;0;4433549;1278;0
147;18;336;12;18;56;12;3.60;3;1;1;77;0;4433612;396;0
147;18;336;12;18;56;23;3.20;5;2;1;81;0;4433623;192;0
147;18;336;12;18;56;99;3.80;2;1;1;74;0;4433699;266;0
147;18;336;12;18;56;99;3.60;1;1;1;82;0;4433699;160;0
147;18;336;12;18;56;99;3.40;6;2;1;78;0;4433699;282;0
147;18;336;12;18;57;26;3.60;4;1;1;85;0;4433726;512;0
147;18;336;12;18;58;18;3.60;3;1;1;79;0;4433818;189;0
147;18;336;12;18;58;99;4.40;7;2;1;91;0;4433899;372;0
147;18;336;12;18;58;99;9.00;6;2;2;80;0;4433899;184;0
147;18;336;12;19;0;74;4.20;7;2;1;78;0;4434074;157;0
147;18;336;12;19;1;99;3.60;6;2;1;81;0;4434199;259;0
147;18;336;12;19;2;99;3.40;3;1;1;79;0;4434299;464;0
147;18;336;12;19;3;21;3.80;7;2;1;78;0;4434321;227;0
147;18;336;12;19;4;19;4.80;3;1;1;77;0;4434419;104;0
147;18;336;12;19;5;31;3.40;3;1;1;78;0;4434531;89;0
147;18;336;12;19;5;81;3.40;1;1;1;72;0;4434581;866;0
147;18;336;12;19;6;9;3.60;7;2;1;78;0;4434609;270;0
147;18;336;12;19;7;99;5.60;3;1;1;79;0;4434799;252;0
147;18;336;12;19;8;7;3.80;3;1;1;80;0;4434807;-1;0
147;18;336;12;19;9;9;3.60;6;2;1;78;0;4434909;694;0
147;18;336;12;19;10;78;3.80;7;2;1;75;0;4435078;452;0
147;18;336;12;19;12;5;5.00;6;2;1;77;0;4435205;279;0
147;18;336;12;19;14;1;3.80;6;2;1;77;0;4435401;172;0
147;18;336;12;19;14;21;3.60;4;1;1;82;0;4435421;1679;0
147;18;336;12;19;12;69;5.80;7;2;1;28;0;4435269;172;0
147;18;336;12;19;15;19;3.40;7;2;1;80;0;4435519;175;0
147;18;336;12;19;16;99;3.60;3;1;1;80;0;4435699;874;0
147;18;336;12;19;17;99;3.40;3;1;1;79;0;4435799;83;0
147;18;336;12;19;18;11;3.80;7;2;1;79;0;4435811;276;0
147;18;336;12;19;18;80;3.80;1;1;1;76;0;4435880;1282;0
147;18;336;12;19;18;99;3.60;3;1;1;78;0;4435899;84;0
147;18;336;12;19;20;99;3.60;3;1;1;78;0;4436099;183;0
147;18;336;12;19;20;33;3.40;6;2;1;75;0;4436033;614;0
147;18;336;12;19;21;90;3.60;5;2;1;80;0;4436190;2552;0
147;18;336;12;19;21;99;5.60;3;1;1;76;0;4436199;83;4435699
147;18;336;12;19;22;2;4.40;6;2;1;77;0;4436202;152;4435699
147;18;336;12;19;22;99;3.80;1;1;1;81;0;4436299;401;0
147;18;336;12;19;23;91;3.60;5;2;1;81;0;4436391;184;0
147;18;336;12;19;24;19;4.20;6;2;1;78;0;4436419;196;0
147;18;336;12;19;24;99;4.00;1;1;1;73;0;4436499;183;0
147;18;336;12;19;25;5;3.40;2;1;1;80;0;4436505;2787;0
147;18;336;12;19;25;35;4.40;6;2;1;80;0;4436535;96;0
147;18;336;12;19;26;99;4.00;8;2;1;78;0;4436699;3134;0
147;18;336;12;19;30;99;3.40;5;2;1;84;0;4437099;692;0
147;18;336;12;19;33;75;3.20;2;1;1;65;0;4437375;854;0
147;18;336;12;19;34;24;3.40;3;1;1;93;0;4437424;1198;0
147;18;336;12;19;34;99;3.60;6;2;1;75;0;4437499;944;0
147;18;336;12;19;36;17;5.20;5;2;1;85;0;4437617;503;0
147;18;336;12;19;36;73;3.60;3;1;1;79;0;4437673;235;0
147;18;336;12;19;37;10;3.60;6;2;1;73;0;4437710;193;0
147;18;336;12;19;37;99;3.40;3;1;1;79;0;4437799;109;0
147;18;336;12;19;38;0;3.00;6;2;1;74;0;4437800;72;0
147;18;336;12;19;38;24;3.60;3;1;1;79;0;4437824;9;0
147;18;336;12;19;38;42;3.40;6;2;1;73;0;4437842;27;0
147;18;336;12;19;39;90;4.00;5;2;1;77;0;4437990;350;0
147;18;336;12;19;39;99;3.40;6;2;1;73;0;4437999;140;4437499
147;18;336;12;19;41;66;3.80;3;1;1;76;0;4438166;325;0
147;18;336;12;19;41;71;4.00;2;1;1;84;0;4438171;778;0
147;18;336;12;19;41;97;3.20;6;2;1;83;0;4438197;181;4437499
147;18;336;12;19;43;20;3.20;5;2;1;88;0;4438320;311;0
147;18;336;12;19;44;18;5.00;2;1;1;80;0;4438418;229;0
147;18;336;12;19;44;99;3.60;6;2;1;78;0;4438499;288;0
147;18;336;12;19;45;11;3.80;7;2;1;83;0;4438511;2682;0
147;18;336;12;19;45;99;4.80;3;1;1;79;0;4438599;415;0
147;18;336;12;19;45;99;4.80;7;2;1;78;0;4438599;71;0
147;18;336;12;19;46;88;3.80;2;1;1;75;0;4438688;247;0
147;18;336;12;19;47;99;3.60;6;2;1;79;0;4438799;283;0
147;18;336;12;19;48;99;3.40;6;2;1;77;0;4438899;83;0
147;18;336;12;19;48;11;3.80;4;1;1;94;0;4438811;3374;0
147;18;336;12;19;48;41;3.20;7;2;1;78;0;4438841;219;0
147;18;336;12;19;49;94;4.00;3;1;1;83;0;4438994;373;0
147;18;336;12;19;50;30;3.20;7;2;1;82;0;4439030;174;0
147;18;336;12;19;50;99;3.00;6;2;1;76;0;4439099;184;0
147;18;336;12;19;51;22;3.20;2;1;1;104;0;4439122;415;0
147;18;336;12;19;53;18;3.80;1;1;1;85;0;4439318;2799;0
147;18;336;12;19;54;10;3.20;7;2;1;76;0;4439410;365;0
147;18;336;12;19;54;90;3.20;6;2;1;75;0;4439490;376;0
147;18;336;12;19;54;99;4.00;5;2;1;82;0;4439499;1165;0
147;18;336;12;19;55;99;3.40;7;2;1;77;0;4439599;173;0
147;18;336;12;19;55;99;3.60;8;2;1;85;0;4439599;2881;0
147;18;336;12;19;55;99;3.80;3;1;1;70;0;4439599;587;0
147;18;336;12;19;56;5;3.80;6;2;1;75;0;4439605;99;0
147;18;336;12;19;56;37;3.40;2;1;1;80;0;4439637;503;0
147;18;336;12;19;57;99;3.40;3;1;1;72;0;4439799;180;0
147;18;336;12;19;58;99;3.60;3;1;1;71;0;4439899;83;0
147;18;336;12;19;58;99;3.80;5;2;1;80;0;4439899;382;0
147;18;336;12;19;58;99;4.20;3;1;1;68;0;4439899;-1;0
147;18;336;12;19;59;99;3.00;2;1;1;72;0;4439999;346;0
147;18;336;12;19;59;99;4.00;3;1;1;68;0;4439999;77;4439599
147;18;336;12;20;0;99;3.40;3;1;1;74;0;4440099;78;4439599
147;18;336;12;20;1;8;3.80;2;1;1;72;0;4440108;94;4439599
147;18;336;12;20;1;47;3.20;2;1;1;74;0;4440147;20;4439599
147;18;336;12;20;2;99;7.60;7;2;2;77;0;4440299;684;0
147;18;336;12;20;2;99;3.20;2;1;1;72;0;4440299;136;0
147;18;336;12;20;2;99;3.60;1;1;1;81;0;4440299;964;0
147;18;336;12;20;3;99;4.00;8;2;1;90;0;4440399;784;0
147;18;336;12;20;3;99;3.60;3;1;1;85;0;4440399;283;0
147;18;336;12;20;4;45;4.00;2;1;1;74;0;4440445;130;4439999
147;18;336;12;20;4;43;7.60;6;2;6;72;0;4440443;819;0
147;18;336;12;20;4;89;3.80;1;1;1;78;0;4440489;174;0
147;18;336;12;20;4;97;3.60;7;2;1;77;0;4440497;162;0
147;18;336;12;20;6;1;3.40;7;2;1;78;0;4440601;87;0
147;18;336;12;20;6;9;3.60;6;2;1;73;0;4440609;128;0
147;18;336;12;20;6;24;3.80;2;1;1;75;0;4440624;159;4439999
147;18;336;12;20;7;3;3.60;6;2;1;77;0;4440703;76;4439999
147;18;336;12;20;7;3;4.60;7;2;1;78;0;4440703;86;4439999
147;18;336;12;20;8;13;4.20;5;2;1;82;0;4440813;896;0
147;18;336;12;20;9;34;3.40;2;1;1;73;0;4440934;291;0
147;18;336;12;20;11;17;3.80;2;1;1;76;0;4441117;166;0
147;18;336;12;20;11;99;3.60;3;1;1;81;0;4441199;784;0
147;18;336;12;20;11;15;3.20;1;1;1;84;0;4441115;608;0
147;18;336;12;20;13;99;3.60;6;2;1;79;0;4441399;679;0
147;18;336;12;20;14;77;3.40;6;2;1;82;0;4441477;61;0
147;18;336;12;20;18;13;4.20;8;2;1;84;0;4441813;1398;0
147;18;336;12;20;18;99;3.20;4;1;1;80;0;4441899;3073;0
147;18;336;12;20;18;99;3.80;3;1;1;81;0;4441899;684;0
147;18;336;12;20;18;99;4.00;7;2;1;84;0;4441899;1174;0
147;18;336;12;20;19;37;3.40;6;2;1;73;0;4441937;445;0
147;18;336;12;20;20;18;3.20;5;2;1;85;0;4442018;1186;0
147;18;336;12;20;20;14;3.00;3;1;1;72;0;4442014;98;0
147;18;336;12;20;20;99;4.40;1;1;1;73;0;4442099;970;0
147;18;336;12;20;21;99;3.60;6;2;1;79;0;4442199;245;0
147;18;336;12;20;21;99;3.40;2;1;1;83;0;4442199;1064;0
147;18;336;12;20;22;7;5.00;7;2;1;80;0;4442207;290;0
147;18;336;12;20;23;99;3.40;7;2;1;80;0;4442399;169;0
147;18;336;12;20;24;1;3.60;2;1;1;81;0;4442401;187;0
147;18;336;12;20;24;25;3.00;1;1;1;69;0;4442425;304;0
147;18;336;12;20;25;33;3.20;7;2;1;87;0;4442533;118;0
147;18;336;12;20;28;99;4.80;6;2;1;80;0;4442899;683;0
147;18;336;12;20;29;10;4.00;3;1;1;79;0;4442910;881;0
147;18;336;12;20;30;99;3.20;7;2;1;80;0;4443099;552;0
147;18;336;12;20;31;99;3.60;6;2;1;85;0;4443199;278;0
147;18;336;12;20;31;99;3.80;7;2;1;79;0;4443199;85;0
147;18;336;12;20;33;17;3.40;3;1;1;79;0;4443317;388;0
147;18;336;12;20;33;99;3.60;5;2;1;87;0;4443399;1367;0
147;18;336;12;20;35;81;3.40;6;2;1;76;0;4443581;366;0
147;18;336;12;20;36;5;3.40;3;1;1;77;0;4443605;272;0
147;18;336;12;20;37;10;3.60;7;2;1;76;0;4443710;493;0
147;18;336;12;20;38;99;5.00;3;1;1;76;0;4443899;278;0
147;18;336;12;20;39;99;3.00;3;1;1;77;0;4443999;76;0
147;18;336;12;20;40;61;3.20;7;2;1;81;0;4444061;333;0
147;18;336;12;20;42;22;3.80;8;2;1;83;0;4444222;2391;0
147;18;336;12;20;43;3;5.80;5;2;1;91;0;4444303;889;0
147;18;336;12;20;44;99;3.60;4;1;1;81;0;4444499;2585;0
147;18;336;12;20;47;99;3.00;6;2;1;82;0;4444799;1201;0
147;18;336;12;20;47;99;3.20;4;1;1;86;0;4444799;284;0
147;18;336;12;20;48;3;3.80;3;1;1;75;0;4444803;789;0
147;18;336;12;20;48;83;3.40;1;1;1;70;0;4444883;2442;0
147;18;336;12;20;48;99;3.00;4;1;1;81;0;4444899;86;0
147;18;336;12;20;49;99;3.60;2;1;1;75;0;4444999;2582;0
147;18;336;12;20;49;99;3.80;3;1;1;65;0;4444999;177;0
147;18;336;12;20;50;47;3.60;2;1;1;71;0;4445047;30;0
147;18;336;12;20;50;99;3.40;2;1;1;69;0;4445099;33;0
147;18;336;12;20;51;8;3.60;6;2;1;75;0;4445108;295;0
147;18;336;12;20;52;99;3.60;2;1;1;68;0;4445299;182;0
147;18;336;12;20;52;28;3.20;6;2;1;75;0;4445228;102;0
147;18;336;12;20;53;5;3.40;2;1;1;69;0;4445305;-1;4444999
147;18;336;12;20;53;99;3.40;4;1;1;78;0;4445399;486;0
147;18;336;12;20;53;99;3.80;5;2;1;86;0;4445399;1073;0
147;18;336;12;20;54;99;3.20;3;1;1;74;0;4445499;478;0
147;18;336;12;20;54;99;3.60;6;2;1;77;0;4445499;255;0
147;18;336;12;20;54;99;3.60;7;2;1;92;0;4445499;1423;0
147;18;336;12;20;55;19;3.80;5;2;1;86;0;4445519;104;0
147;18;336;12;20;56;99;3.80;3;1;1;74;0;4445699;184;0
147;18;336;12;20;56;99;3.60;4;1;1;80;0;4445699;284;0
147;18;336;12;20;56;99;3.60;7;2;1;79;0;4445699;185;0
147;18;336;12;20;57;2;3.40;2;1;1;71;0;4445702;379;0
147;18;336;12;20;57;99;3.00;6;2;1;78;0;4445799;283;0
147;18;336;12;20;57;99;4.00;7;2;1;79;0;4445799;83;0
147;18;336;12;20;58;5;3.40;1;1;1;79;0;4445805;904;0
147;18;336;12;20;58;5;3.40;2;1;1;69;0;4445805;85;0
147;18;336;12;20;58;74;3.40;4;1;1;78;0;4445874;158;0
147;18;336;12;20;58;99;3.40;2;1;1;76;0;4445899;76;0
147;18;336;12;20;59;99;3.40;2;1;1;71;0;4445999;83;0
147;18;336;12;21;0;22;3.60;3;1;1;80;0;4446022;304;0
147;18;336;12;21;0;60;3.20;2;1;1;76;0;4446060;43;4445702
147;18;336;12;21;1;99;3.40;4;1;1;88;0;4446199;309;0
147;18;336;12;21;1;99;3.60;6;2;1;78;0;4446199;386;0
147;18;336;12;21;3;18;3.60;1;1;1;75;0;4446318;497;0
147;18;336;12;21;3;99;3.60;2;1;1;78;0;4446399;323;0
147;18;336;12;21;4;99;4.00;6;2;1;77;0;4446499;283;0
147;18;336;12;21;5;20;3.80;4;1;1;83;0;4446520;307;0
147;18;336;12;21;5;50;4.20;6;2;1;79;0;4446550;32;0
147;18;336;12;21;6;19;3.00;3;1;1;75;0;4446619;580;0
147;18;336;12;21;7;9;3.40;6;2;1;77;0;4446709;139;0
147;18;336;12;21;7;99;3.00;2;1;1;76;0;4446799;383;0
147;18;336;12;21;9;99;3.20;4;1;1;81;0;4446999;462;0
147;18;336;12;21;9;99;3.60;6;2;1;67;0;4446999;274;0
147;18;336;12;21;10;12;3.80;3;1;1;79;0;4447012;378;0
147;18;336;12;21;10;13;3.40;2;1;1;71;0;4447013;199;0
147;18;336;12;21;10;99;3.60;5;2;1;79;0;4447099;1564;0
147;18;336;12;21;11;17;3.60;7;2;1;79;0;4447117;1299;0
147;18;336;12;21;11;84;3.80;2;1;1;72;0;4447184;153;0
147;18;336;12;21;11;99;3.80;6;2;1;71;0;4447199;180;0
147;18;336;12;21;11;99;3.80;1;1;1;77;0;4447199;863;0
147;18;336;12;21;12;99;3.40;5;2;1;83;0;4447299;183;0
147;18;336;12;21;12;99;3.80;2;1;1;73;0;4447299;96;0
147;18;336;12;21;12;99;3.60;6;2;1;75;0;4447299;80;0
147;18;336;12;21;13;78;3.20;4;1;1;81;0;4447378;364;0
147;18;336;12;21;14;9;3.60;3;1;1;79;0;4447409;379;0
147;18;336;12;21;14;24;3.20;6;2;1;78;0;4447424;107;0
147;18;336;12;21;14;99;3.20;4;1;1;80;0;4447499;106;0
147;18;336;12;21;15;9;4.40;6;2;1;79;0;4447509;70;4446999
147;18;336;12;21;16;99;4.60;6;2;1;70;0;4447699;169;4446999
147;18;336;12;21;18;3;3.00;5;2;1;78;0;4447803;489;0
147;18;336;12;21;18;6;4.00;3;1;1;79;0;4447806;380;0
147;18;336;12;21;19;99;3.80;6;2;1;75;0;4447999;276;0
147;18;336;12;21;20;99;6.00;3;1;1;76;0;4448099;274;0
147;18;336;12;21;20;10;3.80;6;2;1;75;0;4448010;-1;0
147;18;336;12;21;20;25;3.80;4;1;1;83;0;4448025;511;0
147;18;336;12;21;21;95;3.80;6;2;1;79;0;4448195;166;0
147;18;336;12;21;22;99;4.20;5;2;1;85;0;4448299;482;0
147;18;336;12;21;22;99;3.60;3;1;1;77;0;4448299;171;0
147;18;336;12;21;24;99;3.60;7;2;1;87;0;4448499;1365;0
147;18;336;12;21;24;99;3.00;3;1;1;79;0;4448499;183;0
147;18;336;12;21;25;99;3.40;4;1;1;81;0;4448599;557;0
147;18;336;12;21;26;66;3.60;3;1;1;79;0;4448666;153;0
147;18;336;12;21;27;20;3.60;4;1;1;84;0;4448720;105;0
147;18;336;12;21;27;99;3.60;7;2;1;80;0;4448799;285;0
147;18;336;12;21;28;40;3.60;5;2;1;86;0;4448840;523;0
147;18;336;12;21;29;3;3.80;1;1;1;82;0;4448903;1686;0
147;18;336;12;21;29;81;3.80;2;1;1;75;0;4448981;1663;0
147;18;336;12;21;29;99;3.60;6;2;1;76;0;4448999;786;0
147;18;336;12;21;30;99;3.60;4;1;1;82;0;4449099;363;0
147;18;336;12;21;31;66;4.00;2;1;1;78;0;4449166;166;0
147;18;336;12;21;33;99;4.00;8;2;1;80;0;4449399;5160;0
147;18;336;12;21;34;99;3.60;2;1;1;83;0;4449499;314;0
147;18;336;12;21;34;99;3.20;6;2;1;82;0;4449499;482;0
147;18;336;12;21;35;99;3.40;3;1;1;78;0;4449599;916;0
147;18;336;12;21;37;99;4.00;7;2;1;84;0;4449799;983;0
147;18;336;12;21;37;99;3.40;3;1;1;77;0;4449799;184;0
147;18;336;12;21;37;99;3.80;6;2;1;86;0;4449799;285;0
147;18;336;12;21;39;99;3.40;6;2;1;79;0;4449999;184;0
147;18;336;12;21;42;99;3.60;6;2;1;77;0;4450299;284;0
147;18;336;12;21;42;99;3.80;5;2;1;83;0;4450299;1443;0
147;18;336;12;21;43;7;3.80;8;2;1;77;0;4450307;890;0
147;18;336;12;21;42;86;7.80;3;1;6;70;0;4450286;471;0
147;18;336;12;21;44;99;3.20;2;1;1;70;0;4450499;984;0
147;18;336;12;21;45;99;4.40;7;2;1;84;0;4450599;782;0
147;18;336;12;21;46;4;3.40;3;1;1;80;0;4450604;277;0
147;18;336;12;21;46;41;4.20;8;2;1;78;0;4450641;316;0
147;18;336;12;21;47;99;3.80;2;1;1;76;0;4450799;283;0
147;18;336;12;21;47;99;4.00;6;2;1;80;0;4450799;483;0
147;18;336;12;21;48;99;3.40;3;1;1;77;0;4450899;279;0
147;18;336;12;21;48;2;3.80;7;2;1;81;0;4450802;184;0
147;18;336;12;21;49;5;3.40;2;1;1;78;0;4450905;88;0
147;18;336;12;21;49;72;3.40;6;2;1;80;0;4450972;155;0
147;18;336;12;21;50;99;2.80;3;1;1;77;0;4451099;184;0
147;18;336;12;21;50;99;3.40;7;2;1;81;0;4451099;280;0
147;18;336;12;21;50;99;3.00;6;2;1;77;0;4451099;111;0
147;18;336;12;21;50;99;3.80;5;2;1;82;0;4451099;783;0
147;18;336;12;21;51;8;3.60;2;1;1;77;0;4451108;187;0
147;18;336;12;21;52;99;3.20;6;2;1;76;0;4451299;185;0
147;18;336;12;21;53;99;3.60;4;1;1;81;0;4451399;2284;0
147;18;336;12;21;53;99;3.80;6;2;1;77;0;4451399;84;4450799
147;18;336;12;21;54;42;3.20;1;1;1;82;0;4451442;2522;0
147;18;336;12;21;54;28;5.40;7;2;1;81;0;4451428;313;0
147;18;336;12;21;55;99;3.40;3;1;1;81;0;4451599;486;0
147;18;336;12;21;55;99;3.80;7;2;1;84;0;4451599;147;0
147;18;336;12;21;55;99;3.80;2;1;1;79;0;4451599;474;0
147;18;336;12;21;56;99;3.60;7;2;1;73;0;4451699;83;0
147;18;336;12;21;57;9;3.20;2;1;1;79;0;4451709;92;0
147;18;336;12;21;58;99;3.80;6;2;1;83;0;4451899;482;0
147;18;336;12;22;1;23;3.60;2;1;1;78;0;4452123;399;0
147;18;336;12;22;3;99;3.60;2;1;1;77;0;4452399;259;0
147;18;336;12;22;3;99;5.60;6;2;1;75;0;4452399;483;0
147;18;336;12;22;5;99;3.80;6;2;1;85;0;4452599;173;0
147;18;336;12;22;6;16;3.60;3;1;1;78;0;4452616;1001;0
147;18;336;12;22;6;21;3.80;3;1;1;73;0;4452621;-1;0
147;18;336;12;22;8;99;3.40;6;2;1;79;0;4452899;283;0
147;18;336;12;22;10;5;3.60;7;2;1;82;0;4453005;1288;0
147;18;336;12;22;12;82;3.60;1;1;1;75;0;4453282;1825;0
147;18;336;12;22;13;99;8.00;6;2;6;81;0;4453399;484;0
147;18;336;12;22;14;13;3.80;2;1;1;81;0;4453413;997;0
147;18;336;12;22;16;99;3.20;6;2;1;80;0;4453699;264;0
147;18;336;12;22;18;4;2.20;3;1;1;74;0;4453804;1164;0
147;18;336;12;22;18;99;4.00;1;1;1;93;0;4453899;599;0
147;18;336;12;22;19;99;3.80;2;1;1;76;0;4453999;569;0
147;18;336;12;22;19;16;3.80;4;1;1;85;0;4453916;2501;0
147;18;336;12;22;20;98;4.40;7;2;1;72;0;4454098;1077;0
147;18;336;12;22;20;64;4.80;6;2;1;63;0;4454064;350;0
147;18;336;12;22;20;99;3.60;3;1;1;73;0;4454099;284;0
147;18;336;12;22;21;99;3.40;4;1;1;77;0;4454199;266;0
147;18;336;12;22;22;15;3.60;7;2;1;76;0;4454215;95;0
147;18;336;12;22;22;18;3.80;3;1;1;72;0;4454218;101;0
147;18;336;12;22;22;57;3.60;2;1;1;76;0;4454257;240;0
147;18;336;12;22;22;65;3.60;6;2;1;75;0;4454265;173;0
147;18;336;12;22;23;99;3.80;2;1;1;76;0;4454399;124;0
147;18;336;12;22;24;99;3.60;6;2;1;73;0;4454499;216;0
147;18;336;12;22;25;83;8.40;2;1;6;77;0;4454583;166;0
147;18;336;12;22;27;0;3.60;6;2;1;73;0;4454700;183;0
147;18;336;12;22;27;64;3.40;5;2;1;83;0;4454764;3648;0
147;18;336;12;22;28;0;3.80;6;2;1;75;0;4454800;82;0
147;18;336;12;22;28;99;3.20;2;1;1;78;0;4454899;276;0
147;18;336;12;22;29;99;3.40;6;2;1;71;0;4454999;180;0
147;18;336;12;22;30;89;5.00;5;2;1;81;0;4455089;310;0
147;18;336;12;22;31;99;17.00;8;2;4;69;0;4455199;4538;0
147;18;336;12;22;32;99;3.80;7;2;1;71;0;4455299;1066;0
147;18;336;12;22;32;14;3.60;3;1;1;80;0;4455214;977;0
147;18;336;12;22;32;42;3.60;6;2;1;82;0;4455242;225;0
147;18;336;12;22;34;99;3.80;3;1;1;73;0;4455499;268;0
147;18;336;12;22;34;99;3.60;6;2;1;78;0;4455499;241;0
147;18;336;12;22;35;18;3.40;4;1;1;83;0;4455518;1303;0
147;18;336;12;22;35;13;3.40;2;1;1;74;0;4455513;599;0
147;18;336;12;22;36;99;3.60;3;1;1;75;0;4455699;181;0
147;18;336;12;22;36;99;3.40;2;1;1;81;0;4455699;169;0
147;18;336;12;22;36;99;3.60;6;2;1;86;0;4455699;183;0
147;18;336;12;22;39;2;3.40;5;2;1;79;0;4455902;790;0
147;18;336;12;22;39;99;3.80;3;1;1;81;0;4455999;282;0
147;18;336;12;22;41;18;3.80;5;2;1;81;0;4456118;200;0
147;18;336;12;22;41;99;3.60;6;2;1;65;0;4456199;484;0
147;18;336;12;22;41;99;3.60;5;2;1;81;0;4456199;64;0
147;18;336;12;22;42;99;3.80;4;1;1;80;0;4456299;766;0
147;18;336;12;22;42;99;3.80;6;2;1;64;0;4456299;80;0
147;18;336;12;22;42;24;3.20;3;1;1;68;0;4456224;208;0
147;18;336;12;22;43;69;4.60;5;2;1;82;0;4456369;154;0
147;18;336;12;22;43;83;4.40;2;1;1;91;0;4456383;668;0
147;18;336;12;22;44;99;3.80;5;2;1;81;0;4456499;109;0
147;18;336;12;22;44;99;3.60;6;2;1;72;0;4456499;178;0
147;18;336;12;22;45;36;2.80;3;1;1;78;0;4456536;295;0
147;18;336;12;22;46;99;3.60;3;1;1;79;0;4456699;150;0
147;18;336;12;22;46;99;3.20;6;2;1;73;0;4456699;182;0
147;18;336;12;22;46;99;3.60;5;2;1;81;0;4456699;183;4456118
147;18;336;12;22;47;9;3.60;1;1;1;85;0;4456709;2794;0
147;18;336;12;22;47;17;3.60;2;1;1;75;0;4456717;316;0
147;18;336;12;22;47;5;3.40;4;1;1;80;0;4456705;388;0
147;18;336;12;22;47;23;3.40;5;2;1;82;0;4456723;8;4456118
147;18;336;12;22;48;64;4.00;3;1;1;79;0;4456864;148;4456118
147;18;336;12;22;48;99;3.60;6;2;1;76;0;4456899;184;4456199
147;18;336;12;22;49;99;3.60;7;2;1;78;0;4456999;1680;0
147;18;336;12;22;50;28;3.00;3;1;1;74;0;4457028;145;0
147;18;336;12;22;50;34;3.60;2;1;1;82;0;4457034;299;0
147;18;336;12;22;51;99;3.60;6;2;1;79;0;4457199;282;0
147;18;336;12;22;52;18;3.80;3;1;1;77;0;4457218;175;4456536
147;18;336;12;22;52;6;3.20;7;2;1;83;0;4457206;190;4456536
147;18;336;12;22;53;94;3.60;3;1;1;78;0;4457394;158;4456536
147;18;336;12;22;55;5;3.40;3;1;1;79;0;4457505;94;4456536
147;18;336;12;22;56;99;3.80;6;2;1;76;0;4457699;483;0
147;18;336;12;22;57;99;3.60;6;2;1;78;0;4457799;82;0
147;18;336;12;22;58;92;3.20;6;2;1;78;0;4457892;76;0
147;18;336;12;22;59;99;3.40;2;1;1;72;0;4457999;949;0
147;18;336;12;23;0;99;3.40;2;1;1;69;0;4458099;83;0
147;18;336;12;23;1;99;3.60;3;1;1;78;0;4458199;678;0
147;18;336;12;23;2;1;3.40;2;1;1;78;0;4458201;84;0
147;18;336;12;23;2;99;3.80;3;1;1;80;0;4458299;83;0
147;18;336;12;23;2;99;3.40;6;2;1;80;0;4458299;392;0
147;18;336;12;23;3;11;3.60;2;1;1;78;0;4458311;94;0
147;18;336;12;23;3;49;3.60;4;1;1;91;0;4458349;1628;0
147;18;336;12;23;3;89;4.00;2;1;1;78;0;4458389;61;4457999
147;18;336;12;23;4;99;3.80;3;1;1;79;0;4458499;182;4457999
147;18;336;12;23;5;99;3.20;2;1;1;72;0;4458599;191;4457999
147;18;336;12;23;5;22;3.40;4;1;1;83;0;4458522;158;4457999
147;18;336;12;23;6;99;3.60;2;1;1;75;0;4458699;84;4457999
147;18;336;12;23;7;99;3.20;3;1;1;76;0;4458799;282;0
147;18;336;12;23;7;99;3.20;6;2;1;77;0;4458799;484;0
147;18;336;12;23;9;8;4.80;1;1;1;71;0;4458908;2183;0
147;18;336;12;23;10;20;3.60;4;1;1;80;0;4459020;483;0
147;18;336;12;23;10;99;3.60;2;1;1;71;0;4459099;382;0
147;18;336;12;23;10;5;2.80;3;1;1;75;0;4459005;190;0
147;18;336;12;23;8;92;4.20;7;2;1;13;0;4458892;1672;0
147;18;336;12;23;14;99;3.80;6;2;1;88;0;4459499;685;0
147;18;336;12;23;15;99;4.00;7;2;1;87;0;4459599;590;0
147;18;336;12;23;15;99;3.40;2;1;1;78;0;4459599;481;0
147;18;336;12;23;16;10;4.00;1;1;1;93;0;4459610;677;0
147;18;336;12;23;17;3;3.80;3;1;1;76;0;4459703;684;0
147;18;336;12;23;17;99;3.20;4;1;1;79;0;4459799;762;0
147;18;336;12;23;17;99;3.80;2;1;1;86;0;4459799;184;0
147;18;336;12;23;18;27;3.40;7;2;1;78;0;4459827;211;0
147;18;336;12;23;19;20;4.20;3;1;1;85;0;4459920;199;0
147;18;336;12;23;19;85;3.60;6;2;1;80;0;4459985;470;0
147;18;336;12;23;20;99;3.60;2;1;1;78;0;4460099;284;0
147;18;336;12;23;20;99;3.40;3;1;1;83;0;4460099;161;0
147;18;336;12;23;21;77;3.40;6;2;1;73;0;4460177;175;0
147;18;336;12;23;22;27;3.60;7;2;1;81;0;4460227;384;0
147;18;336;12;23;22;99;3.20;6;2;1;74;0;4460299;105;0
147;18;336;12;23;22;99;3.60;4;1;1;78;0;4460299;485;0
147;18;336;12;23;23;18;3.60;7;2;1;82;0;4460318;75;0
147;18;336;12;23;23;29;4.00;6;2;1;75;0;4460329;14;0
147;18;336;12;23;24;83;3.40;3;1;1;79;0;4460483;369;0
147;18;336;12;23;25;99;3.60;6;2;1;75;0;4460599;250;0
147;18;336;12;23;27;99;3.60;6;2;1;75;0;4460799;182;0
147;18;336;12;23;28;99;3.80;5;2;1;80;0;4460899;4161;0
147;18;336;12;23;28;99;15.20;3;1;4;80;0;4460899;400;0
147;18;336;12;23;29;99;3.40;6;2;1;79;0;4460999;182;0
147;18;336;12;23;29;99;3.60;2;1;1;81;0;4460999;883;0
147;18;336;12;23;30;11;3.60;5;2;1;83;0;4461011;94;0
147;18;336;12;23;31;8;3.40;6;2;1;76;0;4461108;93;0
147;18;336;12;23;31;62;3.60;4;1;1;96;0;4461162;846;0
147;18;336;12;23;32;99;3.40;2;1;1;77;0;4461299;284;0
147;18;336;12;23;33;99;3.40;6;2;1;78;0;4461399;274;0
147;18;336;12;23;33;0;3.40;5;2;1;91;0;4461300;273;0
147;18;336;12;23;34;47;3.80;3;1;1;79;0;4461447;479;0
147;18;336;12;23;33;14;4.00;7;2;1;17;0;4461314;980;0
147;18;336;12;23;36;10;3.60;7;2;1;84;0;4461610;211;0
147;18;336;12;23;36;22;4.00;2;1;1;85;0;4461622;307;0
147;18;336;12;23;37;26;3.40;2;1;1;80;0;4461726;87;0
147;18;336;12;23;37;99;3.40;6;2;1;79;0;4461799;384;0
147;18;336;12;23;37;19;4.00;7;2;1;19;0;4461719;93;0
147;18;336;12;23;39;83;3.80;7;2;1;90;0;4461983;188;0
147;18;336;12;23;41;3;3.60;7;2;1;78;0;4462103;104;0
147;18;336;12;23;42;99;3.40;6;2;1;72;0;4462299;484;0
147;18;336;12;23;43;99;3.40;3;1;1;78;0;4462399;934;0
147;18;336;12;23;43;99;3.60;6;2;1;75;0;4462399;83;0
147;18;336;12;23;44;21;3.40;3;1;1;78;0;4462421;6;0
147;18;336;12;23;45;99;3.00;6;2;1;78;0;4462599;182;0
147;18;336;12;23;45;99;3.80;5;2;1;89;0;4462599;1285;0
147;18;336;12;23;45;0;1.00;7;2;1;1;1;4462500;380;0
147;18;336;12;23;47;43;7.40;6;2;2;76;0;4462743;130;0
147;18;336;12;23;47;90;3.60;8;2;1;78;0;4462790;7502;0
147;18;336;12;23;49;15;5.80;3;1;1;72;0;4462915;478;0
147;18;336;12;23;49;60;3.80;5;2;1;79;0;4462960;345;0
147;18;336;12;23;50;16;3.60;4;1;1;81;0;4463016;1840;0
147;18;336;12;23;50;99;3.80;3;1;1;69;0;4463099;155;0
147;18;336;12;23;50;59;6.20;6;2;1;33;0;4463059;280;0
147;18;336;12;23;52;22;3.60;5;2;1;88;0;4463222;244;0
147;18;336;12;23;52;99;3.60;1;1;1;69;0;4463299;3673;0
147;18;336;12;23;53;3;3.40;3;1;1;69;0;4463303;184;0
147;18;336;12;23;54;3;3.40;6;2;1;76;0;4463403;276;0
147;18;336;12;23;52;37;20.80;7;2;5;67;0;4463237;1117;0
147;18;336;12;23;54;41;7.80;3;1;6;75;0;4463441;120;0
147;18;336;12;23;55;79;8.40;2;1;6;70;0;4463579;1837;0
147;18;336;12;23;55;99;3.60;6;2;1;80;0;4463599;179;0
147;18;336;12;23;56;5;8.40;1;1;2;75;0;4463605;287;0
147;18;336;12;23;57;13;3.40;2;1;1;66;0;4463713;90;0
147;18;336;12;23;57;46;3.60;6;2;1;78;0;4463746;130;0
147;18;336;12;23;57;65;4.00;5;2;1;81;0;4463765;528;0
147;18;336;12;23;57;99;3.40;1;1;1;83;0;4463799;153;0
147;18;336;12;23;57;99;3.40;3;1;1;79;0;4463799;320;0
147;18;336;12;23;58;99;3.80;3;1;1;78;0;4463899;84;0
147;18;336;12;23;58;99;3.40;6;2;1;72;0;4463899;136;0
147;18;336;12;23;58;99;3.80;5;2;1;81;0;4463899;116;0
147;18;336;12;23;58;99;4.60;4;1;1;81;0;4463899;867;0
147;18;336;12;23;59;48;3.60;7;2;1;79;0;4463948;599;0
147;18;336;12;24;0;8;3.80;3;1;1;77;0;4464008;91;0
147;18;336;12;24;1;99;3.80;1;1;1;70;0;4464199;385;0
147;18;336;12;24;1;99;4.00;5;2;1;82;0;4464199;283;0
147;18;336;12;24;2;8;6.40;7;2;1;81;0;4464208;243;0
147;18;336;12;24;2;77;3.80;2;1;1;76;0;4464277;545;0
147;18;336;12;24;4;99;4.00;2;1;1;75;0;4464499;204;0
147;18;336;12;24;6;0;4.40;3;1;1;75;0;4464600;574;0
147;18;336;12;24;6;99;4.60;6;2;1;71;0;4464699;783;0
147;18;336;12;24;7;31;3.40;1;1;1;77;0;4464731;512;0
147;18;336;12;24;7;87;3.40;2;1;1;71;0;4464787;268;0
147;18;336;12;24;8;99;4.20;7;2;1;89;0;4464899;662;0
147;18;336;12;24;8;99;3.40;6;2;1;72;0;4464899;176;0
147;18;336;12;24;9;99;3.40;2;1;1;71;0;4464999;194;0
147;18;336;12;24;9;99;3.80;5;2;1;80;0;4464999;782;0
147;18;336;12;24;9;99;3.40;3;1;1;73;0;4464999;377;0
147;18;336;12;24;9;19;4.00;1;1;1;76;0;4464919;172;0
147;18;336;12;24;10;80;3.20;3;1;1;73;0;4465080;64;0
147;18;336;12;24;10;85;3.60;5;2;1;79;0;4465085;68;0
147;18;336;12;24;11;99;3.00;3;1;1;75;0;4465199;103;0
147;18;336;12;24;12;16;3.60;6;2;1;72;0;4465216;300;0
147;18;336;12;24;12;39;3.40;5;2;1;78;0;4465239;137;0
147;18;336;12;24;12;52;3.40;2;1;1;73;0;4465252;235;0
147;18;336;12;24;13;99;3.20;2;1;1;72;0;4465399;130;0
147;18;336;12;24;14;99;3.40;3;1;1;75;0;4465499;285;0
147;18;336;12;24;12;29;1.00;7;2;1;1;1;4465229;313;0
147;18;336;12;24;14;24;3.60;2;1;1;78;0;4465424;9;0
147;18;336;12;24;14;24;3.60;6;2;1;74;0;4465424;190;0
147;18;336;12;24;15;69;3.60;3;1;1;75;0;4465569;53;0
147;18;336;12;24;17;17;3.60;6;2;1;74;0;4465717;275;0
147;18;336;12;24;17;4;5.20;8;2;1;92;0;4465704;2897;0
147;18;336;12;24;19;23;3.60;6;2;1;78;0;4465923;188;0
147;18;336;12;24;19;99;3.20;3;1;1;77;0;4465999;412;0
147;18;336;12;24;19;99;3.80;2;1;1;85;0;4465999;558;0
147;18;336;12;24;20;58;3.60;6;2;1;73;0;4466058;118;0
147;18;336;12;24;20;92;3.60;5;2;1;84;0;4466092;837;0
147;18;336;12;24;21;9;4.00;6;2;1;81;0;4466109;33;0
147;18;336;12;24;22;26;3.60;6;2;1;79;0;4466226;99;4465717
147;18;336;12;24;22;26;14.80;8;2;3;75;0;4466226;501;0
147;18;336;12;24;23;99;3.60;6;2;1;77;0;4466399;156;4465717
147;18;336;12;24;24;12;3.60;3;1;1;82;0;4466412;398;0
147;18;336;12;24;25;34;2.60;7;1;1;10;0;4466534;232423;0
147;18;336;12;24;26;99;3.80;5;2;1;85;0;4466699;591;0
147;18;336;12;24;26;99;3.20;6;2;1;77;0;4466699;283;0
147;18;336;12;24;28;99;4.00;3;1;1;81;0;4466899;471;0
147;18;336;12;24;27;55;4.20;7;2;1;17;0;4466755;1839;0
147;18;336;12;24;30;4;3.20;7;2;1;81;0;4467004;160;0
147;18;336;12;24;30;61;3.00;2;1;1;79;0;4467061;1045;0
147;18;336;12;24;31;3;3.80;3;1;1;89;0;4467103;186;0
147;18;336;12;24;32;21;3.00;4;1;1;84;0;4467221;3301;0
147;18;336;12;24;32;99;3.80;6;2;1;78;0;4467299;585;0
147;18;336;12;24;34;4;3.60;6;2;1;76;0;4467404;87;0
147;18;336;12;24;34;99;3.40;6;2;1;80;0;4467499;77;0
147;18;336;12;24;40;35;3.60;3;1;1;75;0;4468035;916;0
147;18;336;12;24;41;22;3.00;4;1;1;77;0;4468122;888;0
147;18;336;12;24;42;99;4.60;3;1;1;75;0;4468299;246;0
147;18;336;12;24;43;86;4.00;5;2;1;86;0;4468386;1670;0
147;18;336;12;24;44;99;3.80;2;1;1;83;0;4468499;1424;0
147;18;336;12;24;44;99;3.40;3;1;1;75;0;4468499;177;0
147;18;336;12;24;44;99;3.20;6;2;1;74;0;4468499;984;0
147;18;336;12;24;45;25;3.80;3;1;1;75;0;4468525;9;0
147;18;336;12;24;45;44;3.40;4;1;1;77;0;4468544;407;0
147;18;336;12;24;46;99;3.60;6;2;1;79;0;4468699;184;0
147;18;336;12;24;47;99;3.20;1;1;1;86;0;4468799;3861;0
147;18;336;12;24;47;99;3.60;8;2;1;86;0;4468799;2501;0
147;18;336;12;24;48;14;3.80;3;1;1;76;0;4468814;270;0
147;18;336;12;24;49;1;3.40;3;1;1;76;0;4468901;69;0
147;18;336;12;24;51;99;3.60;6;2;1;74;0;4469199;483;0
147;18;336;12;24;52;99;3.40;2;1;1;79;0;4469299;783;0
147;18;336;12;24;52;99;7.00;3;1;1;82;0;4469299;381;0
147;18;336;12;24;52;99;4.20;8;2;1;102;0;4469299;484;0
147;18;336;12;24;52;99;3.00;6;2;1;74;0;4469299;82;0
147;18;336;12;24;54;99;4.00;6;2;1;77;0;4469499;185;0
147;18;336;12;24;57;99;3.40;4;1;1;80;0;4469799;1239;0
147;18;336;12;24;59;99;3.40;6;2;1;82;0;4469999;481;0
147;18;336;12;25;0;30;3.20;3;1;1;85;0;4470030;700;0
147;18;336;12;25;1;3;3.40;4;1;1;81;0;4470103;288;0
147;18;336;12;25;2;25;4.60;8;2;1;82;0;4470225;911;0
147;18;336;12;25;1;63;7.00;6;2;1;78;0;4470163;149;0
147;18;336;12;25;3;28;3.80;7;2;1;85;0;4470328;3309;0
147;18;336;12;25;2;99;3.60;2;1;1;81;0;4470299;984;0
147;18;336;12;25;3;60;3.80;6;2;1;76;0;4470360;164;0
147;18;336;12;25;5;99;3.40;3;1;1;78;0;4470599;555;0
147;18;336;12;25;6;68;3.60;5;2;1;84;0;4470668;2265;0
147;18;336;12;25;6;99;3.20;6;2;1;83;0;4470699;321;0
147;18;336;12;25;8;11;3.60;5;2;1;88;0;4470811;127;0
147;18;336;12;25;8;28;4.00;3;1;1;92;0;4470828;213;0
147;18;336;12;25;8;34;3.60;4;1;1;98;0;4470834;715;0
147;18;336;12;25;9;21;3.40;6;2;1;84;0;4470921;208;0
147;18;336;12;25;10;99;3.40;3;1;1;85;0;4471099;255;0
147;18;336;12;25;11;3;2.80;6;2;1;75;0;4471103;167;0
147;18;336;12;25;12;0;3.20;7;2;1;77;0;4471200;855;0
147;18;336;12;25;13;99;3.80;6;2;1;77;0;4471399;282;0
147;18;336;12;25;13;18;3.60;7;2;1;70;0;4471318;103;0
147;18;336;12;25;14;69;3.40;6;2;1;78;0;4471469;52;0
147;18;336;12;25;15;17;3.80;7;2;1;75;0;4471517;180;0
147;18;336;12;25;15;99;3.40;6;2;1;74;0;4471599;114;0
147;18;336;12;25;16;74;3.80;3;1;1;81;0;4471674;560;0
147;18;336;12;25;17;99;3.40;7;2;1;74;0;4471799;263;0
147;18;336;12;25;18;20;3.20;2;1;1;87;0;4471820;1505;0
147;18;336;12;25;19;18;3.00;3;1;1;68;0;4471918;227;0
147;18;336;12;25;19;87;3.60;5;2;1;77;0;4471987;1161;0
147;18;336;12;25;19;96;4.40;6;2;1;71;0;4471996;380;0
147;18;336;12;25;20;99;2.80;3;1;1;76;0;4472099;165;0
147;18;336;12;25;20;99;3.40;6;2;1;73;0;4472099;80;0
147;18;336;12;25;22;6;3.60;3;1;1;79;0;4472206;93;0
147;18;336;12;25;22;99;3.60;7;2;1;77;0;4472299;483;0
147;18;336;12;25;24;90;3.60;2;1;1;81;0;4472490;656;0
147;18;336;12;25;25;99;3.00;6;2;1;80;0;4472599;483;0
147;18;336;12;25;26;99;5.20;7;2;1;81;0;4472699;383;0
147;18;336;12;25;26;46;4.60;6;2;1;78;0;4472646;33;0
147;18;336;12;25;26;46;2.20;7;2;1;77;0;4472646;-1;0
147;18;336;12;25;26;50;5.40;3;1;1;81;0;4472650;427;0
147;18;336;12;25;29;6;3.80;3;1;1;81;0;4472906;232;0
147;18;336;12;25;29;38;3.40;7;2;1;81;0;4472938;281;0
147;18;336;12;25;30;22;3.40;4;1;1;82;0;4473022;2174;0
147;18;336;12;25;30;99;3.60;2;1;1;76;0;4473099;593;0
147;18;336;12;25;30;99;3.40;3;1;1;76;0;4473099;176;0
147;18;336;12;25;31;4;3.40;6;2;1;84;0;4473104;436;0
147;18;336;12;25;31;30;4.00;3;1;1;79;0;4473130;14;0
147;18;336;12;25;33;99;3.20;7;2;1;85;0;4473399;445;0
147;18;336;12;25;34;45;3.40;3;1;1;81;0;4473445;296;0
147;18;336;12;25;35;99;3.80;2;1;1;73;0;4473599;482;0
147;18;336;12;25;36;22;3.40;6;2;1;80;0;4473622;503;0
147;18;336;12;25;36;99;3.20;3;1;1;81;0;4473699;238;0
147;18;336;12;25;36;22;3.80;7;2;1;86;0;4473622;209;0
147;18;336;12;25;38;99;3.40;2;1;1;72;0;4473899;281;0
147;18;336;12;25;38;99;3.20;6;2;1;80;0;4473899;261;0
147;18;336;12;25;39;5;3.40;2;1;1;72;0;4473905;-1;0
147;18;336;12;25;41;2;3.60;3;1;1;79;0;4474102;388;0
147;18;336;12;25;42;4;3.40;1;1;1;72;0;4474204;5391;0
147;18;336;12;25;44;99;3.80;2;1;1;78;0;4474499;577;0
147;18;336;12;25;45;99;3.40;2;1;1;77;0;4474599;82;0
147;18;336;12;25;45;99;3.60;7;2;1;81;0;4474599;961;0
147;18;336;12;25;46;99;3.40;6;2;1;80;0;4474699;785;0
147;18;336;12;25;47;17;3.60;2;1;1;77;0;4474717;102;0
147;18;336;12;25;48;0;4.00;7;2;1;80;0;4474800;185;0
147;18;336;12;25;49;29;3.00;2;1;1;79;0;4474929;195;0
147;18;336;12;25;48;99;3.60;6;2;1;78;0;4474899;184;0
147;18;336;12;25;49;21;3.60;3;1;1;75;0;4474921;802;0
147;18;336;12;25;50;7;4.00;7;2;1;84;0;4475007;189;0
147;18;336;12;25;50;99;3.60;3;1;1;78;0;4475099;160;0
147;18;336;12;25;51;99;3.60;4;1;1;80;0;4475199;2162;0
147;18;336;12;25;51;99;3.40;6;2;1;76;0;4475199;283;0
147;18;336;12;25;54;99;3.40;5;2;1;80;0;4475499;3495;0
147;18;336;12;25;54;99;3.40;3;1;1;73;0;4475499;383;0
147;18;336;12;25;54;19;3.80;2;1;1;82;0;4475419;476;0
147;18;336;12;25;55;99;3.40;3;1;1;74;0;4475599;83;0
147;18;336;12;25;57;43;3.00;2;1;1;80;0;4475743;307;0
147;18;336;12;25;58;99;3.40;3;1;1;83;0;4475899;283;0
147;18;336;12;25;58;99;3.20;6;2;1;74;0;4475899;683;0
147;18;336;12;25;59;99;4.20;3;1;1;75;0;4475999;85;0
147;18;336;12;25;59;12;3.60;4;1;1;77;0;4475912;696;0
147;18;336;12;26;0;66;3.60;2;1;1;77;0;4476066;309;0
147;18;336;12;26;1;99;3.40;2;1;1;77;0;4476199;116;0
147;18;336;12;26;1;99;3.60;3;1;1;73;0;4476199;179;0
147;18;336;12;26;2;5;3.00;2;1;1;76;0;4476205;-1;0
147;18;336;12;26;3;99;3.20;5;2;1;98;0;4476399;884;0
147;18;336;12;26;3;99;3.00;2;1;1;74;0;4476399;179;0
147;18;336;12;26;3;99;3.60;3;1;1;76;0;4476399;182;0
147;18;336;12;26;4;99;3.60;6;2;1;79;0;4476499;584;0
147;18;336;12;26;4;5;3.80;2;1;1;74;0;4476405;-1;4476066
147;18;336;12;26;5;5;4.40;4;1;1;93;0;4476505;576;0
147;18;336;12;26;6;17;4.00;8;2;1;89;0;4476617;6371;0
147;18;336;12;26;6;99;3.80;6;2;1;80;0;4476699;183;0
147;18;336;12;26;8;99;3.60;6;2;1;83;0;4476899;182;0
147;18;336;12;26;8;99;3.20;3;1;1;75;0;4476899;482;0
147;18;336;12;26;8;88;11.80;2;1;7;85;0;4476888;464;0
147;18;336;12;26;11;99;4.40;7;2;1;79;0;4477199;2174;0
147;18;336;12;26;11;99;3.60;3;1;1;81;0;4477199;284;0
147;18;336;12;26;13;99;3.60;5;2;1;91;0;4477399;988;0
147;18;336;12;26;14;99;3.80;4;1;1;82;0;4477499;976;0
147;18;336;12;26;15;31;3.80;3;1;1;82;0;4477531;316;0
147;18;336;12;26;15;39;5.40;2;1;1;79;0;4477539;601;0
147;18;336;12;26;15;57;4.20;6;2;1;76;0;4477557;642;0
147;18;336;12;26;16;99;5.20;6;2;1;77;0;4477699;122;0
147;18;336;12;26;17;24;3.20;2;1;1;80;0;4477724;160;0
147;18;336;12;26;17;99;3.60;7;2;1;65;0;4477799;579;0
147;18;336;12;26;17;21;3.60;6;2;1;75;0;4477721;-1;0
147;18;336;12;26;18;99;3.00;2;1;1;80;0;4477899;160;0
147;18;336;12;26;18;99;3.20;6;2;1;74;0;4477899;160;0
147;18;336;12;26;19;99;4.00;3;1;1;81;0;4477999;451;0
147;18;336;12;26;19;99;3.60;8;2;1;77;0;4477999;1365;0
147;18;336;12;26;20;8;3.60;2;1;1;80;0;4478008;95;0
147;18;336;12;26;21;99;3.40;6;2;1;79;0;4478199;284;0
147;18;336;12;26;23;7;4.00;2;1;1;81;0;4478307;282;0
147;18;336;12;26;23;66;3.00;3;1;1;85;0;4478366;349;0
147;18;336;12;26;24;99;3.20;4;1;1;88;0;4478499;983;0
147;18;336;12;26;24;99;3.40;2;1;1;71;0;4478499;174;0
147;18;336;12;26;26;13;3.60;3;1;1;72;0;4478613;234;0
147;18;336;12;26;27;7;3.80;4;1;1;82;0;4478707;194;0
147;18;336;12;26;27;99;3.60;2;1;1;79;0;4478799;282;0
147;18;336;12;26;27;99;3.00;3;1;1;72;0;4478799;168;0
147;18;336;12;26;30;13;3.60;4;1;1;83;0;4479013;289;0
147;18;336;12;26;32;7;3.40;4;1;1;84;0;4479207;178;0
147;18;336;12;26;32;99;3.60;3;1;1;78;0;4479299;485;0
147;18;336;12;26;33;34;3.40;6;2;1;74;0;4479334;1119;0
147;18;336;12;26;33;30;3.20;2;1;1;66;0;4479330;514;0
147;18;336;12;26;33;57;3.60;3;1;1;77;0;4479357;41;0
147;18;336;12;26;34;99;3.60;6;2;1;76;0;4479499;148;0
147;18;336;12;26;35;1;3.80;3;1;1;81;0;4479501;127;0
147;18;336;12;26;35;99;3.80;6;2;1;78;0;4479599;82;0
147;18;336;12;26;35;99;3.20;7;2;1;75;0;4479599;1780;0
147;18;336;12;26;35;12;8.60;2;1;6;68;0;4479512;164;0
147;18;336;12;26;36;92;3.80;8;2;1;76;0;4479692;1676;0
147;18;336;12;26;36;99;3.60;2;1;1;67;0;4479699;141;0
147;18;336;12;26;37;99;3.80;3;1;1;71;0;4479799;281;0
147;18;336;12;26;37;99;3.40;8;2;1;75;0;4479799;89;0
147;18;336;12;26;40;7;3.20;6;2;1;82;0;4480007;390;0
147;18;336;12;26;41;18;3.60;6;2;1;82;0;4480118;96;0
147;18;336;12;26;43;5;3.60;1;1;1;77;0;4480305;6084;0
147;18;336;12;26;43;15;4.00;7;2;1;75;0;4480315;700;0
147;18;336;12;26;43;71;3.60;6;2;1;79;0;4480371;237;0
147;18;336;12;26;44;32;3.40;2;1;1;90;0;4480432;713;0
147;18;336;12;26;44;99;3.20;3;1;1;79;0;4480499;680;0
147;18;336;12;26;45;9;3.40;6;2;1;80;0;4480509;121;0
147;18;336;12;26;48;5;3.60;6;2;1;80;0;4480805;280;0
147;18;336;12;26;48;59;4.20;3;1;1;86;0;4480859;345;0
147;18;336;12;26;50;16;3.20;4;1;1;86;0;4481016;1794;0
147;18;336;12;26;50;99;3.60;1;1;1;73;0;4481099;777;0
147;18;336;12;26;50;99;3.20;6;2;1;79;0;4481099;277;0
147;18;336;12;26;52;99;3.60;6;2;1;77;0;4481299;185;0
147;18;336;12;26;53;99;3.40;7;2;1;72;0;4481399;1064;0
147;18;336;12;26;54;83;3.60;6;2;1;76;0;4481483;167;0
147;18;336;12;26;54;99;3.80;3;1;1;81;0;4481499;622;0
147;18;336;12;26;55;99;3.40;6;2;1;76;0;4481599;98;0
147;18;336;12;26;56;56;3.60;6;2;1;76;0;4481656;40;4481099
147;18;336;12;26;57;5;3.40;2;1;1;81;0;4481705;1259;0
147;18;336;12;26;57;99;3.40;6;2;1;75;0;4481799;125;4481099
147;18;336;12;26;58;4;3.40;2;1;1;82;0;4481804;83;4481099
147;18;336;12;27;0;99;3.00;6;2;1;73;0;4482099;283;0
147;18;336;12;27;1;27;3.40;3;1;1;88;0;4482127;611;0
147;18;336;12;27;1;56;3.60;4;1;1;93;0;4482156;1126;0
147;18;336;12;27;2;15;3.60;7;2;1;79;0;4482215;799;0
147;18;336;12;27;3;23;4.00;4;1;1;92;0;4482323;153;0
147;18;336;12;27;3;5;3.60;3;1;1;82;0;4482305;164;0
147;18;336;12;27;3;20;4.00;7;2;1;84;0;4482320;88;0
147;18;336;12;27;4;85;3.60;5;2;1;86;0;4482485;5071;0
147;18;336;12;27;5;99;3.20;7;2;1;78;0;4482599;261;0
147;18;336;12;27;6;71;3.40;7;2;1;77;0;4482671;57;0
147;18;336;12;27;9;73;3.80;2;1;1;82;0;4482973;1154;0
147;18;336;12;27;9;99;3.60;3;1;1;86;0;4482999;678;0
147;18;336;12;27;9;99;3.80;7;2;1;76;0;4482999;312;0
147;18;336;12;27;10;99;3.60;4;1;1;90;0;4483099;760;0
147;18;336;12;27;11;99;3.80;2;1;1;86;0;4483199;209;0
147;18;336;12;27;11;4;3.40;7;2;1;78;0;4483104;87;0
147;18;336;12;27;12;17;3.40;4;1;1;88;0;4483217;103;0
147;18;336;12;27;12;17;3.60;3;1;1;75;0;4483217;202;0
147;18;336;12;27;12;99;3.60;6;2;1;79;0;4483299;1185;0
147;18;336;12;27;13;99;3.60;2;1;1;84;0;4483399;184;0
147;18;336;12;27;15;13;3.60;6;2;1;79;0;4483513;197;0
147;18;336;12;27;17;27;3.80;5;2;1;92;0;4483727;1226;0
147;18;336;12;27;17;75;3.60;2;1;1;70;0;4483775;360;0
147;18;336;12;27;17;99;3.40;3;1;1;80;0;4483799;564;0
147;18;336;12;27;18;1;3.80;7;2;1;73;0;4483801;681;0
147;18;336;12;27;18;99;3.60;2;1;1;72;0;4483899;105;0
147;18;336;12;27;18;99;3.40;4;1;1;84;0;4483899;668;0
147;18;336;12;27;18;99;5.20;3;1;1;81;0;4483899;84;0
147;18;336;12;27;19;20;4.00;6;2;1;81;0;4483920;390;0
147;18;336;12;27;20;9;4.20;4;1;1;86;0;4484009;95;0
147;18;336;12;27;20;99;3.00;2;1;1;78;0;4484099;182;0
147;18;336;12;27;20;99;3.60;6;2;1;80;0;4484099;161;0
147;18;336;12;27;20;99;3.60;3;1;1;79;0;4484099;176;0
147;18;336;12;27;21;29;3.40;4;1;1;85;0;4484129;102;0
147;18;336;12;27;21;4;3.40;2;1;1;76;0;4484104;-1;0
147;18;336;12;27;22;99;3.80;5;2;1;79;0;4484299;557;0
147;18;336;12;27;23;15;3.60;6;2;1;76;0;4484315;199;0
147;18;336;12;27;23;99;3.40;3;1;1;78;0;4484399;283;0
147;18;336;12;27;23;99;3.60;1;1;1;84;0;4484399;3282;0
147;18;336;12;27;23;99;15.80;7;2;5;90;0;4484399;579;0
147;18;336;12;27;24;24;4.00;5;2;1;85;0;4484424;107;0
147;18;336;12;27;24;30;3.20;6;2;1;71;0;4484430;97;0
147;18;336;12;27;25;25;3.40;5;2;1;84;0;4484525;84;0
147;18;336;12;27;25;99;3.40;6;2;1;68;0;4484599;152;4483920
147;18;336;12;27;26;14;4.00;5;2;1;84;0;4484614;74;4483920
147;18;336;12;27;27;88;3.60;4;1;1;99;0;4484788;644;0
147;18;336;12;27;27;77;4.00;7;2;1;79;0;4484777;314;0
147;18;336;12;27;28;28;3.80;3;1;1;86;0;4484828;413;0
147;18;336;12;27;29;70;3.80;6;2;1;80;0;4484970;353;0
147;18;336;12;27;30;99;3.40;3;1;1;77;0;4485099;255;0
147;18;336;12;27;30;99;3.40;2;1;1;79;0;4485099;978;0
147;18;336;12;27;31;8;3.60;1;1;1;83;0;4485108;693;0
147;18;336;12;27;31;99;3.80;6;2;1;73;0;4485199;211;0
147;18;336;12;27;32;42;3.80;2;1;1;78;0;4485242;127;0
147;18;336;12;27;33;7;3.20;3;1;1;77;0;4485307;192;0
147;18;336;12;27;33;99;3.60;2;1;1;81;0;4485399;139;0
147;18;336;12;27;34;99;3.40;3;1;1;77;0;4485499;177;0
147;18;336;12;27;34;3;3.20;2;1;1;82;0;4485403;-1;0
147;18;336;12;27;35;31;3.20;5;2;1;87;0;4485531;899;0
147;18;336;12;27;35;99;3.60;2;1;1;81;0;4485599;181;4485099
147;18;336;12;27;35;99;1.60;6;1;1;46;0;4485599;77632;0
147;18;336;12;27;36;99;3.40;3;1;1;80;0;4485699;184;0
147;18;336;12;27;37;27;3.00;5;2;1;82;0;4485727;182;0
147;18;336;12;27;38;10;3.80;8;2;1;76;0;4485810;5994;0
147;18;336;12;27;38;18;3.60;3;1;1;77;0;4485818;103;4485099
147;18;336;12;27;39;3;3.80;3;1;1;78;0;4485903;68;4485099
147;18;336;12;27;39;99;3.40;7;2;1;81;0;4485999;1203;0
147;18;336;12;27;39;99;3.60;8;2;1;77;0;4485999;171;0
147;18;336;12;27;39;48;3.40;3;1;1;75;0;4485948;27;4485099
147;18;336;12;27;40;99;3.40;6;2;1;79;0;4486099;881;0
147;18;336;12;27;41;99;3.40;5;2;1;78;0;4486199;458;0
147;18;336;12;27;42;32;3.60;4;1;1;92;0;4486232;1430;0
147;18;336;12;27;42;41;4.00;7;2;1;81;0;4486241;226;0
147;18;336;12;27;42;41;6.80;3;1;2;74;0;4486241;276;0
147;18;336;12;27;43;22;4.60;4;1;1;90;0;4486322;75;0
147;18;336;12;27;45;99;3.80;2;1;1;75;0;4486599;984;0
147;18;336;12;27;46;0;3.40;4;1;1;85;0;4486600;259;0
147;18;336;12;27;46;99;3.20;3;1;1;75;0;4486699;424;0
147;18;336;12;27;48;11;3.60;4;1;1;82;0;4486811;196;0
147;18;336;12;27;49;8;3.60;6;2;1;80;0;4486908;793;0
147;18;336;12;27;50;17;3.40;2;1;1;75;0;4487017;399;0
147;18;336;12;27;51;99;3.00;6;2;1;80;0;4487199;274;0
147;18;336;12;27;51;99;5.00;2;1;1;65;0;4487199;165;0
147;18;336;12;27;52;99;3.60;3;1;1;71;0;4487299;584;0
147;18;336;12;27;53;21;4.60;6;2;1;79;0;4487321;108;0
147;18;336;12;27;53;90;3.80;3;1;1;70;0;4487390;72;0
147;18;336;12;27;54;99;3.20;3;1;1;68;0;4487499;89;0
147;18;336;12;27;54;12;3.60;3;1;1;65;0;4487412;-1;0
147;18;336;12;27;55;93;3.80;2;1;1;76;0;4487593;366;0
147;18;336;12;27;55;99;3.00;4;1;1;74;0;4487599;772;0
147;18;336;12;27;56;99;3.80;8;2;1;76;0;4487699;1683;0
147;18;336;12;27;56;99;3.60;6;2;1;75;0;4487699;357;0
147;18;336;12;27;57;4;3.60;2;1;1;77;0;4487704;93;0
147;18;336;12;27;59;99;3.20;2;1;1;74;0;4487999;278;0
147;18;336;12;27;59;99;3.00;6;2;1;76;0;4487999;282;0
147;18;336;12;27;59;99;4.20;3;1;1;78;0;4487999;567;0
147;18;336;12;28;0;44;3.40;2;1;1;74;0;4488044;29;0
147;18;336;12;28;2;99;3.20;6;2;1;81;0;4488299;285;0
147;18;336;12;28;3;87;4.20;5;2;1;87;0;4488387;2172;0
147;18;336;12;28;4;0;4.40;6;2;1;84;0;4488400;86;0
147;18;336;12;28;4;99;3.60;3;1;1;75;0;4488499;480;0
147;18;336;12;28;7;13;3.80;6;2;1;77;0;4488713;294;0
147;18;336;12;28;8;9;3.60;3;1;1;80;0;4488809;292;0
147;18;336;12;28;8;73;5.80;6;2;1;80;0;4488873;142;0
147;18;336;12;28;9;3;3.40;4;1;1;84;0;4488903;1289;0
147;18;336;12;28;9;99;3.20;6;2;1;80;0;4488999;99;0
147;18;336;12;28;10;3;3.00;2;1;1;77;0;4489003;942;0
147;18;336;12;28;11;8;3.00;3;1;1;79;0;4489108;282;0
147;18;336;12;28;11;99;3.20;6;2;1;80;0;4489199;185;0
147;18;336;12;28;11;99;4.00;2;1;1;80;0;4489199;181;0
147;18;336;12;28;12;99;4.00;6;2;1;77;0;4489299;85;4488713
147;18;336;12;28;13;55;3.80;3;1;1;87;0;4489355;233;0
147;18;336;12;28;14;99;21.20;7;2;5;92;0;4489499;3240;0
147;18;336;12;28;15;8;3.80;5;2;1;87;0;4489508;1103;0
147;18;336;12;28;15;56;3.20;6;2;1;78;0;4489556;238;0
147;18;336;12;28;16;99;4.00;5;2;1;88;0;4489699;175;0
147;18;336;12;28;17;99;4.00;5;2;1;87;0;4489799;83;0
147;18;336;12;28;17;5;3.20;3;1;1;73;0;4489705;334;0
147;18;336;12;28;18;62;3.80;7;2;1;88;0;4489862;280;0
147;18;336;12;28;18;85;3.40;6;2;1;76;0;4489885;314;0
147;18;336;12;28;19;0;3.80;2;1;1;75;0;4489900;683;0
147;18;336;12;28;19;99;3.60;5;2;1;84;0;4489999;183;0
147;18;336;12;28;20;36;3.60;6;2;1;77;0;4490036;134;0
147;18;336;12;28;23;73;3.40;2;1;1;106;0;4490373;454;0
147;18;336;12;28;23;73;3.80;4;1;1;85;0;4490373;1455;0
147;18;336;12;28;24;99;3.60;3;1;1;80;0;4490499;778;0
147;18;336;12;28;25;99;3.80;4;1;1;85;0;4490599;209;0
147;18;336;12;28;25;16;4.00;2;1;1;83;0;4490516;131;0
147;18;336;12;28;26;99;3.60;1;1;1;95;0;4490699;5575;0
147;18;336;12;28;26;99;3.60;4;1;1;84;0;4490699;83;0
147;18;336;12;28;27;99;3.60;3;1;1;85;0;4490799;283;0
147;18;336;12;28;28;84;3.80;6;2;1;76;0;4490884;831;0
147;18;336;12;28;29;11;4.00;3;1;1;77;0;4490911;96;0
147;18;336;12;28;30;99;3.60;6;2;1;78;0;4491099;197;0
147;18;336;12;28;32;8;3.60;6;2;1;74;0;4491208;92;0
147;18;336;12;28;34;99;3.40;6;2;1;79;0;4491499;273;0
147;18;336;12;28;36;99;3.80;2;1;1;87;0;4491699;1165;0
147;18;336;12;28;37;99;4.20;3;1;1;81;0;4491799;869;0
147;18;336;12;28;38;30;3.60;3;1;1;79;0;4491830;12;0
147;18;336;12;28;39;2;3.60;3;1;1;74;0;4491902;55;0
147;18;336;12;28;39;31;3.20;4;1;1;82;0;4491931;1216;0
147;18;336;12;28;39;99;3.80;2;1;1;77;0;4491999;284;0
147;18;336;12;28;40;99;3.60;3;1;1;76;0;4492099;179;0
147;18;336;12;28;41;72;3.40;6;2;1;79;0;4492172;657;0
147;18;336;12;28;42;99;3.60;1;1;1;94;0;4492299;1586;0
147;18;336;12;28;42;99;3.80;2;1;1;83;0;4492299;282;0
147;18;336;12;28;43;24;3.40;4;1;1;80;0;4492324;378;0
147;18;336;12;28;44;70;3.80;6;2;1;74;0;4492470;282;0
147;18;336;12;28;44;70;3.80;3;1;1;75;0;4492470;353;0
147;18;336;12;28;44;99;3.60;5;2;1;78;0;4492499;2484;0
147;18;336;12;28;45;2;3.20;2;1;1;79;0;4492502;186;0
147;18;336;12;28;46;9;3.40;2;1;1;73;0;4492609;92;0
147;18;336;12;28;46;90;3.20;4;1;1;84;0;4492690;350;0
147;18;336;12;28;47;99;4.00;6;2;1;72;0;4492799;310;0
147;18;336;12;28;47;99;3.80;1;1;1;77;0;4492799;486;0
147;18;336;12;28;47;99;4.20;5;2;1;83;0;4492799;283;0
147;18;336;12;28;48;12;3.80;5;2;1;81;0;4492812;-1;0
147;18;336;12;28;49;2;3.80;7;2;1;91;0;4492902;3024;0
147;18;336;12;28;49;15;3.80;2;1;1;75;0;4492915;289;0
147;18;336;12;28;49;82;3.80;5;2;1;80;0;4492982;153;0
147;18;336;12;28;49;99;4.00;7;2;1;77;0;4492999;81;0
147;18;336;12;28;50;18;3.20;2;1;1;75;0;4493018;84;0
147;18;336;12;28;50;99;4.00;5;2;1;86;0;4493099;99;0
147;18;336;12;28;51;8;3.00;2;1;1;73;0;4493108;74;0
147;18;336;12;28;51;60;6.00;3;1;1;86;0;4493160;671;0
147;18;336;12;28;52;2;3.20;2;1;1;71;0;4493202;79;0
147;18;336;12;28;53;99;3.40;6;2;1;75;0;4493399;580;0
147;18;336;12;28;54;62;3.40;4;1;1;83;0;4493462;758;0
147;18;336;12;28;54;73;3.00;2;1;1;70;0;4493473;254;0
147;18;336;12;28;54;99;3.60;7;2;1;80;0;4493499;481;0
147;18;336;12;28;56;24;3.40;6;2;1;77;0;4493624;208;0
147;18;336;12;28;56;43;3.00;3;1;1;78;0;4493643;457;0
147;18;336;12;28;56;67;3.40;2;1;1;69;0;4493667;178;0
147;18;336;12;28;57;76;6.80;4;1;1;77;0;4493776;299;0
147;18;336;12;28;57;99;4.00;5;2;1;81;0;4493799;683;0
147;18;336;12;28;58;99;4.40;1;1;1;75;0;4493899;1082;0
147;18;336;12;28;59;89;3.80;2;1;1;78;0;4493989;304;0
147;18;336;12;29;0;12;3.00;6;2;1;75;0;4494012;372;0
147;18;336;12;29;0;99;3.80;8;2;1;82;0;4494099;6382;0
147;18;336;12;29;0;99;3.60;3;1;1;74;0;4494099;442;0
147;18;336;12;29;1;8;3.80;2;1;1;76;0;4494108;101;0
147;18;336;12;29;1;21;3.00;3;1;1;73;0;4494121;4;0
147;18;336;12;29;3;99;3.80;7;2;1;72;0;4494399;883;0
147;18;336;12;29;4;2;3.20;2;1;1;77;0;4494402;276;0
147;18;336;12;29;4;48;3.20;6;2;1;80;0;4494448;421;0
147;18;336;12;29;4;99;3.20;2;1;1;79;0;4494499;82;0
147;18;336;12;29;6;8;3.60;6;2;1;73;0;4494608;145;0
147;18;336;12;29;6;3;4.00;2;1;1;77;0;4494603;89;0
147;18;336;12;29;6;35;2.80;6;2;1;76;0;4494635;9;0
147;18;336;12;29;7;96;3.20;3;1;1;76;0;4494796;660;0
147;18;336;12;29;8;3;3.80;4;1;1;81;0;4494803;995;0
147;18;336;12;29;9;86;3.60;7;2;1;77;0;4494986;568;0
147;18;336;12;29;10;99;5.60;3;1;1;80;0;4495099;287;0
147;18;336;12;29;12;80;3.40;3;1;1;82;0;4495280;155;0
147;18;336;12;29;11;90;8.80;7;2;2;61;0;4495190;187;0
147;18;336;12;29;13;7;3.80;8;2;1;85;0;4495307;1191;0
147;18;336;12;29;13;3;3.60;6;2;1;77;0;4495303;654;0
147;18;336;12;29;13;33;3.00;3;1;1;83;0;4495333;38;0
147;18;336;12;29;13;99;4.20;5;2;1;91;0;4495399;1582;0
147;18;336;12;29;13;99;3.60;7;2;1;73;0;4495399;157;0
147;18;336;12;29;14;43;3.80;2;1;1;85;0;4495443;821;0
147;18;336;12;29;14;72;3.60;3;1;1;78;0;4495472;125;0
147;18;336;12;29;16;2;3.60;2;1;1;81;0;4495602;142;0
147;18;336;12;29;16;16;3.80;6;2;1;77;0;4495616;296;0
147;18;336;12;29;15;15;5.40;7;2;1;30;0;4495515;98;0
147;18;336;12;29;17;4;3.20;1;1;1;85;0;4495704;1783;0
147;18;336;12;29;17;63;4.60;6;2;1;76;0;4495763;129;0
147;18;336;12;29;19;27;3.60;2;1;1;78;0;4495927;309;0
147;18;336;12;29;19;52;3.60;6;2;1;76;0;4495952;167;0
147;18;336;12;29;21;19;3.40;4;1;1;89;0;4496119;1299;0
147;18;336;12;29;21;16;3.60;3;1;1;81;0;4496116;627;0
147;18;336;12;29;22;15;3.40;2;1;1;75;0;4496215;271;0
147;18;336;12;29;22;15;3.60;6;2;1;74;0;4496215;245;0
147;18;336;12;29;23;99;3.60;6;2;1;76;0;4496399;166;0
147;18;336;12;29;24;20;3.40;5;2;1;88;0;4496420;1004;0
147;18;336;12;29;25;20;4.40;8;2;1;114;0;4496520;1196;0
147;18;336;12;29;25;99;3.40;3;1;1;82;0;4496599;467;0
147;18;336;12;29;24;55;2.40;7;1;1;17;0;4496455;29827;0
147;18;336;12;29;26;17;3.20;6;2;1;74;0;4496617;200;0
147;18;336;12;29;26;18;6.00;5;2;1;84;0;4496618;184;0
147;18;336;12;29;27;9;4.80;2;1;1;83;0;4496709;477;0
147;18;336;12;29;27;39;3.80;3;1;1;83;0;4496739;125;0
147;18;336;12;29;27;52;3.20;4;1;1;88;0;4496752;619;0
147;18;336;12;29;27;74;3.80;6;2;1;75;0;4496774;141;0
147;18;336;12;29;28;9;3.40;1;1;1;77;0;4496809;1091;0
147;18;336;12;29;28;99;3.20;6;2;1;74;0;4496899;106;0
147;18;336;12;29;29;12;3.60;3;1;1;80;0;4496912;156;0
147;18;336;12;29;29;1;3.80;2;1;1;84;0;4496901;171;0
147;18;336;12;29;30;99;3.60;2;1;1;74;0;4497099;181;0
147;18;336;12;29;31;20;4.20;7;2;1;83;0;4497120;1540;0
147;18;336;12;29;31;99;3.80;3;1;1;89;0;4497199;270;0
147;18;336;12;29;32;17;3.60;2;1;1;73;0;4497217;100;0
147;18;336;12;29;32;37;3.60;6;2;1;79;0;4497237;322;0
147;18;336;12;29;32;65;3.60;1;1;1;90;0;4497265;440;0
147;18;336;12;29;33;13;3.60;2;1;1;76;0;4497313;78;4496709
147;18;336;12;29;33;19;3.80;3;1;1;81;0;4497319;104;4496709
147;18;336;12;29;35;28;3.60;4;1;1;83;0;4497528;762;0
147;18;336;12;29;35;96;3.60;1;1;1;76;0;4497596;316;0
147;18;336;12;29;36;99;3.20;3;1;1;81;0;4497699;363;0
147;18;336;12;29;36;99;3.60;6;2;1;80;0;4497699;445;0
147;18;336;12;29;37;50;4.00;1;1;1;82;0;4497750;136;0
147;18;336;12;29;38;99;3.40;6;2;1;77;0;4497899;183;0
147;18;336;12;29;39;9;3.60;3;1;1;78;0;4497909;195;0
147;18;336;12;29;39;99;3.80;5;2;1;82;0;4497999;1355;0
147;18;336;12;29;39;2;3.80;4;1;1;91;0;4497902;358;0
147;18;336;12;29;42;50;3.60;6;2;1;80;0;4498250;335;0
147;18;336;12;29;45;37;4.00;7;2;1;81;0;4498537;1398;0
147;18;336;12;29;47;11;3.80;3;1;1;72;0;4498711;785;0
147;18;336;12;29;47;13;3.40;2;1;1;80;0;4498713;1382;0
147;18;336;12;29;48;12;3.20;3;1;1;72;0;4498812;82;0
147;18;336;12;29;48;88;3.40;2;1;1;79;0;4498888;159;0
147;18;336;12;29;48;99;3.80;6;2;1;79;0;4498899;632;0
147;18;336;12;29;49;99;3.60;2;1;1;77;0;4498999;95;0
147;18;336;12;29;49;99;2.80;3;1;1;78;0;4498999;171;0
147;18;336;12;29;50;28;3.20;6;2;1;82;0;4499028;111;0
147;18;336;12;29;50;68;3.60;2;1;1;77;0;4499068;52;0
147;18;336;12;29;48;60;4.20;7;2;1;13;0;4498860;305;0
147;18;336;12;29;51;99;4.00;6;2;1;78;0;4499199;156;0
147;18;336;12;29;51;99;3.00;4;1;1;79;0;4499199;1281;0
147;18;336;12;29;51;99;3.80;2;1;1;86;0;4499199;114;4498713
147;18;336;12;29;52;18;3.60;3;1;1;82;0;4499218;206;0
147;18;336;12;29;53;71;3.60;6;2;1;80;0;4499371;153;0
147;18;336;12;29;53;99;5.80;2;1;1;78;0;4499399;184;4498713
147;18;336;12;29;55;10;3.60;2;1;1;80;0;4499510;84;4498713
147;18;336;12;29;55;47;5.40;7;2;1;78;0;4499547;570;0
147;18;336;12;29;56;20;4.00;3;1;1;77;0;4499620;386;0
147;18;336;12;29;56;99;4.00;7;2;1;78;0;4499699;127;0
147;18;336;12;29;56;99;3.60;2;1;1;78;0;4499699;172;4498713
147;18;336;12;29;57;8;3.60;8;2;1;78;0;4499708;3174;0
147;18;336;12;29;57;99;3.60;3;1;1;80;0;4499799;160;0
147;18;336;12;29;58;99;3.40;3;1;1;81;0;4499899;83;0
147;18;336;12;29;59;99;3.60;8;2;1;75;0;4499999;274;0
147;18;336;12;30;0;11;3.60;2;1;1;80;0;4500011;295;0
147;18;336;12;30;1;99;3.80;3;1;1;81;0;4500199;284;0
147;18;336;12;30;2;99;3.80;4;1;1;77;0;4500299;1086;0
147;18;336;12;30;3;76;3.60;6;2;1;79;0;4500376;988;0
147;18;336;12;30;4;99;3.40;5;2;1;83;0;4500499;2483;0
147;18;336;12;30;4;99;3.60;6;2;1;77;0;4500499;106;0
147;18;336;12;30;5;0;3.40;7;2;1;73;0;4500500;782;0
147;18;336;12;30;5;23;3.80;6;2;1;78;0;4500523;7;0
147;18;336;12;30;5;60;3.20;2;1;1;94;0;4500560;532;0
147;18;336;12;30;5;54;4.00;8;2;1;85;0;4500554;537;0
147;18;336;12;30;6;99;3.60;1;1;1;80;0;4500699;2931;0
147;18;336;12;30;6;99;3.40;7;2;1;75;0;4500699;182;0
147;18;336;12;30;7;99;3.60;2;1;1;85;0;4500799;226;0
147;18;336;12;30;8;80;3.60;6;2;1;79;0;4500880;339;0
147;18;336;12;30;10;99;3.00;7;2;1;82;0;4501099;383;0
147;18;336;12;30;10;23;3.40;6;2;1;81;0;4501023;126;0
147;18;336;12;30;11;88;3.00;7;2;1;69;0;4501188;75;0
147;18;336;12;30;11;99;3.80;5;2;1;83;0;4501199;685;0
147;18;336;12;30;12;18;3.60;6;2;1;78;0;4501218;179;0
147;18;336;12;30;13;47;3.20;2;1;1;74;0;4501347;532;0
147;18;336;12;30;14;99;4.00;1;1;1;76;0;4501499;783;0
147;18;336;12;30;16;15;3.40;5;2;1;84;0;4501615;399;0
147;18;336;12;30;16;18;3.40;1;1;1;78;0;4501618;100;0
147;18;336;12;30;16;99;3.00;1;1;1;77;0;4501699;65;0
147;18;336;12;30;17;99;3.60;6;2;1;74;0;4501799;564;0
147;18;336;12;30;18;36;3.20;3;1;1;80;0;4501836;1620;0
147;18;336;12;30;20;1;4.00;5;2;1;84;0;4502001;371;0
147;18;336;12;30;20;99;3.40;6;2;1;70;0;4502099;282;0
147;18;336;12;30;20;99;3.80;3;1;1;66;0;4502099;248;0
147;18;336;12;30;21;61;3.20;6;2;1;78;0;4502161;44;0
147;18;336;12;30;21;99;3.20;3;1;1;69;0;4502199;79;0
147;18;336;12;30;22;99;3.00;6;2;1;74;0;4502299;123;0
147;18;336;12;30;23;39;2.80;7;2;1;79;0;4502339;1135;0
147;18;336;12;30;24;99;3.40;2;1;1;73;0;4502499;1136;0
147;18;336;12;30;24;99;3.00;6;2;1;80;0;4502499;185;0
147;18;336;12;30;24;99;4.40;3;1;1;80;0;4502499;283;0
147;18;336;12;30;25;2;3.40;6;2;1;68;0;4502502;-1;4502099
147;18;336;12;30;26;41;3.60;5;2;1;80;0;4502641;622;0
147;18;336;12;30;27;4;3.60;3;1;1;79;0;4502704;185;0
147;18;336;12;30;27;24;3.60;5;2;1;82;0;4502724;66;0
147;18;336;12;30;27;99;3.00;2;1;1;74;0;4502799;283;0
147;18;336;12;30;26;33;9.20;7;2;3;54;0;4502633;281;0
147;18;336;12;30;31;5;3.60;7;2;1;77;0;4503105;410;0
147;18;336;12;30;31;96;3.80;5;2;1;83;0;4503196;456;0
147;18;336;12;30;33;6;3.80;6;2;1;76;0;4503306;786;0
147;18;336;12;30;33;99;3.60;5;2;1;80;0;4503399;186;0
147;18;336;12;30;33;34;3.60;6;2;1;77;0;4503334;10;0
147;18;336;12;30;34;16;3.80;4;1;1;79;0;4503416;3099;0
147;18;336;12;30;34;99;3.40;2;1;1;62;0;4503499;685;0
147;18;336;12;30;35;99;3.80;4;1;1;79;0;4503599;165;0
147;18;336;12;30;35;99;3.60;3;1;1;74;0;4503599;878;0
147;18;336;12;30;37;30;3.00;4;1;1;81;0;4503730;113;0
147;18;336;12;30;36;20;3.80;6;2;1;71;0;4503620;269;0
147;18;336;12;30;36;58;3.80;5;2;1;78;0;4503658;242;0
147;18;336;12;30;37;7;3.80;6;2;1;70;0;4503707;67;0
147;18;336;12;30;37;99;3.60;5;2;1;78;0;4503799;123;0
147;18;336;12;30;37;99;3.60;2;1;1;66;0;4503799;280;0
147;18;336;12;30;37;99;3.40;3;1;1;72;0;4503799;182;0
147;18;336;12;30;38;99;3.20;6;2;1;71;0;4503899;172;0
147;18;336;12;30;39;99;3.60;5;2;1;82;0;4503999;183;0
147;18;336;12;30;40;99;3.80;3;1;1;72;0;4504099;283;0
147;18;336;12;30;41;10;4.00;1;1;1;98;0;4504110;2396;0
147;18;336;12;30;41;17;3.20;3;1;1;71;0;4504117;-1;0
147;18;336;12;30;41;6;3.80;4;1;1;69;0;4504106;362;0
147;18;336;12;30;42;1;4.00;7;2;1;83;0;4504201;1079;0
147;18;336;12;30;42;11;3.60;4;1;1;70;0;4504211;85;0
147;18;336;12;30;41;99;24.40;2;1;5;75;0;4504199;380;0
147;18;336;12;30;42;99;3.60;3;1;1;73;0;4504299;165;0
147;18;336;12;30;42;99;3.80;2;1;1;78;0;4504299;-1;0
147;18;336;12;30;44;70;3.60;2;1;1;83;0;4504470;153;0
147;18;336;12;30;46;51;3.80;1;1;1;83;0;4504651;526;0
147;18;336;12;30;46;63;3.60;3;1;1;78;0;4504663;346;0
147;18;336;12;30;47;99;3.80;6;2;1;89;0;4504799;883;0
147;18;336;12;30;48;99;3.80;1;1;1;78;0;4504899;231;0
147;18;336;12;30;48;99;3.60;3;1;1;82;0;4504899;219;0
147;18;336;12;30;48;99;4.40;7;2;1;73;0;4504899;680;0
147;18;336;12;30;48;3;3.60;2;1;1;87;0;4504803;317;0
147;18;336;12;30;49;67;3.40;7;2;1;72;0;4504967;46;0
147;18;336;12;30;49;76;3.60;5;2;1;84;0;4504976;961;0
147;18;336;12;30;50;99;3.20;5;2;1;81;0;4505099;107;0
147;18;336;12;30;50;99;3.80;7;2;1;70;0;4505099;115;0
147;18;336;12;30;51;14;3.60;5;2;1;82;0;4505114;0;0
147;18;336;12;30;52;97;5.60;3;1;1;78;0;4505297;382;0
147;18;336;12;30;54;21;3.40;7;2;1;73;0;4505421;302;0
147;18;336;12;30;54;37;3.40;1;1;1;77;0;4505437;520;0
147;18;336;12;30;55;99;3.40;1;1;1;75;0;4505599;146;0
147;18;336;12;30;57;74;3.40;2;1;1;75;0;4505774;956;0
147;18;336;12;30;58;0;3.40;3;1;1;79;0;4505800;477;0
147;18;336;12;30;57;99;3.80;7;2;1;69;0;4505799;361;0
147;18;336;12;30;58;22;2.80;6;2;1;75;0;4505822;1007;0
147;18;336;12;31;0;99;3.80;4;1;1;78;0;4506099;1869;0
147;18;336;12;31;1;17;3.40;2;1;1;77;0;4506117;326;0
147;18;336;12;31;2;16;3.00;6;2;1;69;0;4506216;380;0
147;18;336;12;31;3;99;3.20;7;2;1;91;0;4506399;580;0
147;18;336;12;31;4;31;3.60;6;2;1;84;0;4506431;199;0
147;18;336;12;31;4;49;3.60;2;1;1;79;0;4506449;316;0
147;18;336;12;31;5;99;3.80;3;1;1;78;0;4506599;783;0
147;18;336;12;31;6;17;3.20;4;1;1;81;0;4506617;500;0
147;18;336;12;31;6;14;3.80;5;2;1;81;0;4506614;1484;0
147;18;336;12;31;6;99;3.40;6;2;1;71;0;4506699;252;0
147;18;336;12;31;7;3;3.40;2;1;1;78;0;4506703;237;0
147;18;336;12;31;8;99;3.60;3;1;1;64;0;4506899;282;0
147;18;336;12;31;8;99;3.80;4;1;1;76;0;4506899;267;0
147;18;336;12;31;8;99;3.80;5;2;1;82;0;4506899;268;0
147;18;336;12;31;9;0;2.60;2;1;1;74;0;4506900;181;0
147;18;336;12;31;9;99;3.40;3;1;1;64;0;4506999;79;0
147;18;336;12;31;9;12;3.60;6;2;1;70;0;4506912;195;0
147;18;336;12;31;9;35;3.80;4;1;1;75;0;4506935;18;0
147;18;336;12;31;10;16;3.40;2;1;1;75;0;4507016;103;0
147;18;336;12;31;10;31;3.80;7;2;1;87;0;4507031;619;0
147;18;336;12;31;10;99;3.20;3;1;1;66;0;4507099;80;0
147;18;336;12;31;10;99;4.20;2;1;1;73;0;4507099;66;0
147;18;336;12;31;10;99;3.60;6;2;1;69;0;4507099;168;0
147;18;336;12;31;11;7;3.80;4;1;1;75;0;4507107;153;0
147;18;336;12;31;11;99;3.60;2;1;1;70;0;4507199;79;4506703
147;18;336;12;31;12;33;3.60;3;1;1;72;0;4507233;116;4506703
147;18;336;12;31;12;74;3.60;1;1;1;77;0;4507274;1658;0
147;18;336;12;31;12;88;3.20;6;2;1;69;0;4507288;170;0
147;18;336;12;31;12;94;3.80;4;1;1;75;0;4507294;168;0
147;18;336;12;31;13;99;3.60;5;2;1;82;0;4507399;483;0
147;18;336;12;31;14;6;4.00;4;1;1;76;0;4507406;93;4506899
147;18;336;12;31;14;13;3.80;2;1;1;79;0;4507413;195;4506703
147;18;336;12;31;14;2;3.00;6;2;1;71;0;4507402;97;4506699
147;18;336;12;31;15;15;3.40;5;2;1;81;0;4507515;100;4506699
147;18;336;12;31;15;76;3.20;6;2;1;71;0;4507576;158;4506699
147;18;336;12;31;16;99;3.20;2;1;1;78;0;4507699;268;0
147;18;336;12;31;16;99;4.00;4;1;1;80;0;4507699;274;0
147;18;336;12;31;16;99;3.40;6;2;1;70;0;4507699;106;4506699
147;18;336;12;31;17;47;3.40;8;2;1;82;0;4507747;7176;0
147;18;336;12;31;20;15;5.40;6;2;1;86;0;4508015;298;0
147;18;336;12;31;20;99;3.60;7;2;1;72;0;4508099;1052;0
147;18;336;12;31;22;43;3.40;6;2;1;76;0;4508243;205;0
147;18;336;12;31;22;61;3.80;4;1;1;83;0;4508261;544;0
147;18;336;12;31;23;99;3.20;7;2;1;79;0;4508399;282;0
147;18;336;12;31;24;99;3.40;4;1;1;84;0;4508499;221;0
147;18;336;12;31;24;1;8.80;3;1;6;71;0;4508401;1150;0
147;18;336;12;31;26;99;3.80;3;1;1;73;0;4508699;253;0
147;18;336;12;31;27;31;3.40;3;1;1;73;0;4508731;13;0
147;18;336;12;31;28;99;3.60;2;1;1;76;0;4508899;1185;0
147;18;336;12;31;29;11;3.60;6;2;1;70;0;4508911;651;0
147;18;336;12;31;29;99;3.80;7;2;1;79;0;4508999;585;0
147;18;336;12;31;29;99;4.40;3;1;1;70;0;4508999;251;0
147;18;336;12;31;29;99;3.60;5;2;1;86;0;4508999;1468;0
147;18;336;12;31;30;73;3.60;6;2;1;70;0;4509073;143;0
147;18;336;12;31;30;90;3.00;3;1;1;68;0;4509090;68;0
147;18;336;12;31;30;94;3.60;4;1;1;77;0;4509094;580;0
147;18;336;12;31;31;5;4.00;1;1;1;86;0;4509105;1814;0
147;18;336;12;31;32;0;3.40;3;1;1;79;0;4509200;94;0
147;18;336;12;31;32;14;3.20;2;1;1;79;0;4509214;297;0
147;18;336;12;31;32;6;3.20;6;2;1;70;0;4509206;114;0
147;18;336;12;31;32;7;3.00;7;2;1;81;0;4509207;190;0
147;18;336;12;31;33;14;3.20;6;2;1;72;0;4509314;91;0
147;18;336;12;31;33;99;3.20;5;2;1;90;0;4509399;384;0
147;18;336;12;31;34;99;3.20;7;2;1;81;0;4509499;278;0
147;18;336;12;31;36;5;3.80;3;1;1;82;0;4509605;389;0
147;18;336;12;31;36;99;3.40;6;2;1;87;0;4509699;369;0
147;18;336;12;31;38;26;3.40;4;1;1;83;0;4509826;715;0
147;18;336;12;31;38;96;3.80;2;1;1;78;0;4509896;667;0
147;18;336;12;31;39;20;3.80;3;1;1;79;0;4509920;298;0
147;18;336;12;31;40;24;3.40;2;1;1;77;0;4510024;110;0
147;18;336;12;31;40;37;3.60;4;1;1;81;0;4510037;196;0
147;18;336;12;31;41;99;3.80;6;2;1;72;0;4510199;485;0
147;18;336;12;31;42;99;3.60;4;1;1;79;0;4510299;246;0
147;18;336;12;31;42;3;3.60;2;1;1;77;0;4510203;163;0
147;18;336;12;31;42;25;2.80;5;2;1;78;0;4510225;813;0
147;18;336;12;31;42;29;4.60;7;2;1;79;0;4510229;715;0
147;18;336;12;31;43;18;3.40;6;2;1;70;0;4510318;100;0
147;18;336;12;31;43;95;3.40;5;2;1;79;0;4510395;157;0
147;18;336;12;31;43;99;3.40;3;1;1;79;0;4510399;461;0
147;18;336;12;31;43;99;3.60;2;1;1;77;0;4510399;179;0
147;18;336;12;31;44;15;3.60;7;2;1;78;0;4510415;165;0
147;18;336;12;31;44;99;3.40;6;2;1;70;0;4510499;163;0
147;18;336;12;31;45;2;3.60;7;2;1;78;0;4510502;70;0
147;18;336;12;31;45;28;3.80;5;2;1;85;0;4510528;117;0
147;18;336;12;31;46;0;3.00;1;1;1;83;0;4510600;1478;0
147;18;336;12;31;46;19;3.20;4;1;1;84;0;4510619;303;0
147;18;336;12;31;46;99;3.40;7;2;1;77;0;4510699;180;0
147;18;336;12;31;47;5;3.60;3;1;1;91;0;4510705;290;0
147;18;336;12;31;46;99;3.60;6;2;1;79;0;4510699;182;0
147;18;336;12;31;47;20;3.80;4;1;1;84;0;4510720;87;0
147;18;336;12;31;47;99;4.20;7;2;1;80;0;4510799;84;4510229
147;18;336;12;31;48;76;3.80;7;2;1;78;0;4510876;58;4510229
147;18;336;12;31;48;99;3.40;2;1;1;74;0;4510899;483;0
147;18;336;12;31;51;99;3.40;2;1;1;75;0;4511199;283;0
147;18;336;12;31;51;99;3.40;3;1;1;74;0;4511199;479;0
147;18;336;12;31;52;6;3.00;6;2;1;78;0;4511206;490;0
147;18;336;12;31;54;99;12.20;2;1;3;74;0;4511499;283;0
147;18;336;12;31;55;8;3.60;6;2;1;81;0;4511508;288;0
147;18;336;12;31;55;14;3.60;2;1;1;73;0;4511514;-1;0
147;18;336;12;31;56;88;3.60;4;1;1;79;0;4511688;951;0
147;18;336;12;31;57;99;3.80;2;1;1;71;0;4511799;267;0
147;18;336;12;31;58;26;3.60;1;1;1;79;0;4511826;1212;0
147;18;336;12;31;58;35;3.60;7;2;1;83;0;4511835;941;0
147;18;336;12;31;58;92;3.80;5;2;1;80;0;4511892;1347;0
147;18;336;12;31;59;0;3.20;3;1;1;78;0;4511900;684;0
147;18;336;12;31;59;99;4.20;7;2;1;70;0;4511999;148;0
147;18;336;12;31;59;99;4.60;8;2;1;87;0;4511999;4237;0
147;18;336;12;31;59;99;3.40;5;2;1;83;0;4511999;89;0
147;18;336;12;31;59;99;4.20;6;2;1;83;0;4511999;475;0
147;18;336;12;31;59;99;3.60;2;1;1;82;0;4511999;180;0
147;18;336;12;31;59;99;3.80;3;1;1;78;0;4511999;84;0
147;18;336;12;32;1;67;3.60;6;2;1;78;0;4512167;149;0
147;18;336;12;32;1;99;3.80;8;2;1;83;0;4512199;180;0
147;18;336;12;32;2;0;3.80;3;1;1;78;0;4512200;183;0
147;18;336;12;32;2;15;3.80;8;2;1;85;0;4512215;-1;0
147;18;336;12;32;3;33;3.40;3;1;1;76;0;4512333;115;0
147;18;336;12;32;3;56;3.60;6;2;1;79;0;4512356;172;0
147;18;336;12;32;4;99;3.60;3;1;1;76;0;4512499;149;4511900
147;18;336;12;32;5;99;4.00;6;2;1;81;0;4512599;226;0
147;18;336;12;32;6;98;3.40;3;1;1;80;0;4512698;181;4511900
147;18;336;12;32;7;99;3.80;2;1;1;80;0;4512799;784;0
147;18;336;12;32;8;8;3.80;6;2;1;79;0;4512808;191;0
147;18;336;12;32;9;3;3.40;7;2;1;83;0;4512903;882;0
147;18;336;12;32;9;99;3.80;5;2;1;88;0;4512999;985;0
147;18;336;12;32;10;99;3.80;3;1;1;75;0;4513099;385;0
147;18;336;12;32;11;99;3.60;3;1;1;74;0;4513199;81;0
147;18;336;12;32;12;99;3.40;2;1;1;86;0;4513299;482;0
147;18;336;12;32;13;63;3.60;8;2;1;66;0;4513363;1131;0
147;18;336;12;32;14;99;3.80;5;2;1;81;0;4513499;484;0
147;18;336;12;32;14;99;3.40;3;1;1;78;0;4513499;282;0
147;18;336;12;32;15;99;3.40;2;1;1;83;0;4513599;285;0
147;18;336;12;32;16;14;3.20;6;2;1;73;0;4513614;788;0
147;18;336;12;32;16;41;4.00;5;2;1;78;0;4513641;125;0
147;18;336;12;32;17;99;3.40;6;2;1;71;0;4513799;169;0
147;18;336;12;32;18;41;3.20;2;1;1;83;0;4513841;227;0
147;18;336;12;32;18;50;3.60;6;2;1;76;0;4513850;33;0
147;18;336;12;32;19;8;3.60;5;2;1;82;0;4513908;248;0
147;18;336;12;32;19;99;4.00;7;2;1;88;0;4513999;1081;0
147;18;336;12;32;20;99;3.80;7;2;1;84;0;4514099;83;0
147;18;336;12;32;22;99;3.80;8;2;1;70;0;4514299;916;0
147;18;336;12;32;22;99;3.80;7;2;1;82;0;4514299;183;0
147;18;336;12;32;23;4;3.40;6;2;1;80;0;4514304;436;0
147;18;336;12;32;23;9;3.60;3;1;1;76;0;4514309;794;0
147;18;336;12;32;24;22;4.00;5;2;1;85;0;4514422;498;0
147;18;336;12;32;24;63;3.80;6;2;1;75;0;4514463;143;0
147;18;336;12;32;24;99;3.80;2;1;1;77;0;4514499;644;0
147;18;336;12;32;25;99;3.40;7;2;1;80;0;4514599;283;0
147;18;336;12;32;25;99;5.40;8;2;1;84;0;4514599;280;0
147;18;336;12;32;25;99;3.80;3;1;1;81;0;4514599;272;0
147;18;336;12;32;26;23;3.40;5;2;1;90;0;4514623;184;0
147;18;336;12;32;26;21;3.40;7;2;1;82;0;4514621;6;0
147;18;336;12;32;26;35;4.00;8;2;1;86;0;4514635;12;0
147;18;336;12;32;27;99;3.60;6;2;1;76;0;4514799;317;0
147;18;336;12;32;28;99;3.80;1;1;1;78;0;4514899;3056;0
147;18;336;12;32;28;2;3.20;2;1;1;83;0;4514802;285;0
147;18;336;12;32;29;94;3.20;5;2;1;86;0;4514994;357;0
147;18;336;12;32;29;99;3.00;6;2;1;79;0;4514999;182;0
147;18;336;12;32;30;99;3.20;3;1;1;76;0;4515099;483;0
147;18;336;12;32;30;99;4.00;2;1;1;81;0;4515099;283;0
147;18;336;12;32;31;17;3.20;6;2;1;81;0;4515117;104;0
147;18;336;12;32;32;13;3.20;5;2;1;88;0;4515213;205;0
147;18;336;12;32;32;13;3.40;3;1;1;77;0;4515213;98;0
147;18;336;12;32;32;99;3.80;6;2;1;80;0;4515299;167;0
147;18;336;12;32;32;99;3.60;2;1;1;83;0;4515299;182;0
147;18;336;12;32;33;7;4.20;7;2;1;85;0;4515307;671;0
147;18;336;12;32;33;9;3.80;3;1;1;79;0;4515309;80;0
147;18;336;12;32;34;27;3.60;4;1;1;85;0;4515427;3722;0
147;18;336;12;32;34;76;3.80;6;2;1;85;0;4515476;159;4514799
147;18;336;12;32;36;17;3.60;4;1;1;84;0;4515617;174;4514799
147;18;336;12;32;36;25;3.00;3;1;1;76;0;4515625;298;0
147;18;336;12;32;37;99;3.40;7;2;1;77;0;4515799;474;0
147;18;336;12;32;38;1;4.00;6;2;1;79;0;4515801;308;0
147;18;336;12;32;39;46;4.00;8;2;1;76;0;4515946;1294;0
147;18;336;12;32;39;57;3.60;2;1;1;77;0;4515957;642;0
147;18;336;12;32;40;99;3.40;7;2;1;79;0;4516099;284;0
147;18;336;12;32;40;99;3.20;6;2;1;79;0;4516099;279;0
147;18;336;12;32;42;89;4.00;7;2;1;77;0;4516289;174;0
147;18;336;12;32;42;94;3.60;1;1;1;79;0;4516294;1377;0
147;18;336;12;32;43;19;3.60;6;2;1;77;0;4516319;205;0
147;18;336;12;32;44;53;3.80;7;2;1;82;0;4516453;145;0
147;18;336;12;32;46;13;3.40;6;2;1;76;0;4516613;277;0
147;18;336;12;32;48;19;3.80;4;1;1;83;0;4516819;1186;0
147;18;336;12;32;48;99;3.60;3;1;1;74;0;4516899;1259;0
147;18;336;12;32;49;7;6.00;3;1;1;75;0;4516907;-1;0
147;18;336;12;32;49;35;3.60;6;2;1;70;0;4516935;305;0
147;18;336;12;32;50;5;3.60;7;2;1;81;0;4517005;535;0
147;18;336;12;32;50;99;3.40;3;1;1;78;0;4517099;163;0
147;18;336;12;32;50;99;3.20;4;1;1;83;0;4517099;263;0
147;18;336;12;32;52;99;3.80;3;1;1;82;0;4517299;184;0
147;18;336;12;32;52;99;3.80;4;1;1;83;0;4517299;186;0
147;18;336;12;32;53;99;3.60;7;2;1;85;0;4517399;378;0
147;18;336;12;32;53;99;3.60;3;1;1;84;0;4517399;83;4515099
147;18;336;12;32;58;99;3.20;3;1;1;73;0;4517899;484;0
147;18;336;12;32;59;9;3.40;1;1;1;69;0;4517909;1598;0
147;18;336;12;33;0;99;3.80;3;1;1;76;0;4518099;184;0
147;18;336;12;33;0;99;3.60;7;2;1;82;0;4518099;684;0
147;18;336;12;33;1;99;3.60;6;2;1;75;0;4518199;1245;0
147;18;336;12;33;1;99;3.80;4;1;1;90;0;4518199;883;0
147;18;336;12;33;3;1;3.40;6;2;1;74;0;4518301;84;0
147;18;336;12;33;3;33;3.40;4;1;1;90;0;4518333;118;0
147;18;336;12;33;3;99;3.80;5;2;1;84;0;4518399;3172;0
147;18;336;12;33;4;17;4.00;5;2;1;84;0;4518417;1;0
147;18;336;12;33;4;27;3.40;8;2;1;83;0;4518427;2462;0
147;18;336;12;33;4;99;3.80;7;2;1;79;0;4518499;384;0
147;18;336;12;33;4;99;3.60;6;2;1;74;0;4518499;181;0
147;18;336;12;33;5;6;4.60;5;2;1;85;0;4518506;71;0
147;18;336;12;33;6;22;3.20;2;1;1;76;0;4518622;2648;0
147;18;336;12;33;6;24;3.40;7;2;1;79;0;4518624;107;0
147;18;336;12;33;6;99;3.60;3;1;1;84;0;4518699;582;0
147;18;336;12;33;7;30;3.60;8;2;1;87;0;4518730;288;0
147;18;336;12;33;7;39;3.80;2;1;1;75;0;4518739;101;0
147;18;336;12;33;7;73;3.40;5;2;1;80;0;4518773;247;0
147;18;336;12;33;9;1;3.40;8;2;1;68;0;4518901;156;0
147;18;336;12;33;9;18;3.20;5;2;1;83;0;4518918;129;0
147;18;336;12;33;9;99;3.60;6;2;1;76;0;4518999;482;0
147;18;336;12;33;9;3;3.60;5;2;1;82;0;4518903;-1;0
147;18;336;12;33;11;7;3.40;5;2;1;81;0;4519107;188;0
147;18;336;12;33;11;99;3.20;2;1;1;73;0;4519199;441;0
147;18;336;12;33;12;12;3.40;3;1;1;81;0;4519212;497;0
147;18;336;12;33;13;99;4.60;6;2;1;87;0;4519399;382;0
147;18;336;12;33;10;13;4.00;7;2;1;10;0;4519013;373;0
147;18;336;12;33;14;6;3.60;2;1;1;77;0;4519406;191;0
147;18;336;12;33;15;99;3.40;5;2;1;80;0;4519599;476;0
147;18;336;12;33;16;15;3.20;6;2;1;75;0;4519615;196;0
147;18;336;12;33;16;99;3.60;2;1;1;83;0;4519699;276;0
147;18;336;12;33;18;30;3.60;3;1;1;88;0;4519830;602;0
147;18;336;12;33;21;3;3.00;6;2;1;82;0;4520103;472;0
147;18;336;12;33;22;19;3.00;4;1;1;77;0;4520219;1872;0
147;18;336;12;33;25;37;3.20;4;1;1;79;0;4520537;303;0
147;18;336;12;33;26;13;3.00;6;2;1;83;0;4520613;496;0
147;18;336;12;33;26;99;3.20;3;1;1;76;0;4520699;854;0
147;18;336;12;33;29;7;3.40;6;2;1;91;0;4520907;280;0
147;18;336;12;33;29;17;3.80;7;2;1;79;0;4520917;1760;0
147;18;336;12;33;29;99;3.20;2;1;1;79;0;4520999;1284;0
147;18;336;12;33;29;99;3.40;4;1;1;75;0;4520999;447;0
147;18;336;12;33;30;23;3.60;4;1;1;76;0;4521023;7;0
147;18;336;12;33;30;18;3.80;3;1;1;72;0;4521018;303;0
147;18;336;12;33;31;99;3.40;2;1;1;75;0;4521199;185;0
147;18;336;12;33;32;8;4.00;4;1;1;82;0;4521208;167;0
147;18;336;12;33;33;71;3.80;4;1;1;83;0;4521371;145;0
147;18;336;12;33;33;99;3.20;6;2;1;84;0;4521399;478;0
147;18;336;12;33;34;99;4.00;3;1;1;77;0;4521499;462;0
147;18;336;12;33;35;30;4.20;2;1;1;81;0;4521530;314;0
147;18;336;12;33;35;17;6.60;6;2;1;82;0;4521517;104;0
147;18;336;12;33;35;38;3.80;7;2;1;79;0;4521538;603;0
147;18;336;12;33;36;99;4.00;7;2;1;77;0;4521699;143;0
147;18;336;12;33;37;6;3.80;3;1;1;82;0;4521706;188;0
147;18;336;12;33;37;15;3.60;6;2;1;81;0;4521715;169;0
147;18;336;12;33;37;14;3.80;6;2;1;80;0;4521714;-1;0
147;18;336;12;33;38;54;5.80;7;2;1;72;0;4521854;136;0
147;18;336;12;33;38;92;4.20;4;1;1;84;0;4521892;504;0
147;18;336;12;33;39;99;3.20;2;1;1;76;0;4521999;450;0
147;18;336;12;33;43;58;3.60;6;2;1;80;0;4522358;626;0
147;18;336;12;33;44;99;3.40;6;2;1;77;0;4522499;124;0
147;18;336;12;33;45;99;3.40;6;2;1;77;0;4522599;84;0
147;18;336;12;33;45;36;4.00;8;2;1;70;0;4522536;3617;0
147;18;336;12;33;46;7;3.60;2;1;1;68;0;4522607;592;0
147;18;336;12;33;46;94;3.60;4;1;1;80;0;4522694;784;0
147;18;336;12;33;46;99;3.60;6;2;1;78;0;4522699;84;0
147;18;336;12;33;47;99;3.80;2;1;1;69;0;4522799;172;0
147;18;336;12;33;48;1;6.80;7;2;1;79;0;4522801;918;0
147;18;336;12;33;48;61;3.80;6;2;1;82;0;4522861;145;4522358
147;18;336;12;33;48;68;3.20;3;1;1;73;0;4522868;1145;0
147;18;336;12;33;48;91;3.40;5;2;1;83;0;4522891;3276;0
147;18;336;12;33;49;20;3.60;4;1;1;81;0;4522920;209;0
147;18;336;12;33;49;99;5.20;2;1;1;71;0;4522999;180;0
147;18;336;12;33;49;99;3.40;8;2;1;80;0;4522999;442;0
147;18;336;12;33;49;99;3.80;1;1;1;83;0;4522999;5072;0
147;18;336;12;33;50;99;3.80;2;1;1;69;0;4523099;73;0
147;18;336;12;33;51;4;3.40;4;1;1;83;0;4523104;168;0
147;18;336;12;33;51;99;3.40;2;1;1;71;0;4523199;80;4522607
147;18;336;12;33;52;99;4.00;2;1;1;72;0;4523299;82;4522607
147;18;336;12;33;53;42;3.80;2;1;1;70;0;4523342;23;4522607
147;18;336;12;33;54;16;3.40;3;1;1;71;0;4523416;532;0
147;18;336;12;33;54;99;3.40;6;2;1;81;0;4523499;621;0
147;18;336;12;33;55;15;3.80;3;1;1;70;0;4523515;81;0
147;18;336;12;33;56;65;6.20;3;1;1;72;0;4523665;130;0
147;18;336;12;33;58;9;3.20;2;1;1;77;0;4523809;447;0
147;18;336;12;33;58;10;3.20;3;1;1;71;0;4523810;114;0
147;18;336;12;33;58;62;3.60;2;1;1;75;0;4523862;38;0
147;18;336;12;33;59;99;4.00;3;1;1;71;0;4523999;172;4523416
147;18;336;12;33;59;21;4.20;7;2;1;20;0;4523921;1089;0
147;18;336;12;34;0;12;6.00;6;2;1;81;0;4524012;497;0
147;18;336;12;34;2;25;3.20;6;2;1;82;0;4524225;186;0
147;18;336;12;34;2;99;3.80;7;2;1;90;0;4524299;302;0
147;18;336;12;34;2;99;3.60;3;1;1;73;0;4524299;279;0
147;18;336;12;34;3;9;3.40;6;2;1;92;0;4524309;69;0
147;18;336;12;34;3;8;3.60;2;1;1;77;0;4524308;428;0
147;18;336;12;34;3;17;3.40;3;1;1;72;0;4524317;0;0
147;18;336;12;34;4;0;3.60;4;1;1;83;0;4524400;1281;0
147;18;336;12;34;5;99;3.60;2;1;1;76;0;4524599;274;0
147;18;336;12;34;5;99;3.60;3;1;1;75;0;4524599;265;0
147;18;336;12;34;7;5;3.60;3;1;1;77;0;4524705;88;0
147;18;336;12;34;8;99;3.60;2;1;1;75;0;4524899;282;0
147;18;336;12;34;9;24;3.60;4;1;1;84;0;4524924;508;0
147;18;336;12;34;9;76;3.80;8;2;1;80;0;4524976;1961;0
147;18;336;12;34;9;99;3.20;1;1;1;88;0;4524999;1983;0
147;18;336;12;34;9;99;4.00;3;1;1;81;0;4524999;277;0
147;18;336;12;34;11;24;3.20;4;1;1;86;0;4525124;184;0
147;18;336;12;34;11;78;3.80;6;2;1;76;0;4525178;855;0
147;18;336;12;34;12;14;3.40;3;1;1;80;0;4525214;197;0
147;18;336;12;34;12;32;3.20;2;1;1;88;0;4525232;315;0
147;18;336;12;34;12;99;3.80;1;1;1;91;0;4525299;286;0
147;18;336;12;34;14;11;3.80;3;1;1;73;0;4525411;181;0
147;18;336;12;34;14;99;3.80;1;1;1;80;0;4525499;184;0
147;18;336;12;34;15;14;3.80;4;1;1;85;0;4525514;376;0
147;18;336;12;34;15;99;3.60;8;2;1;84;0;4525599;605;0
147;18;336;12;34;16;67;3.80;7;2;1;82;0;4525667;1352;0
147;18;336;12;34;17;19;3.40;4;1;1;89;0;4525719;188;0
147;18;336;12;34;17;99;3.80;3;1;1;75;0;4525799;369;0
147;18;336;12;34;19;66;3.80;2;1;1;78;0;4525966;720;0
147;18;336;12;34;17;6;4.20;7;2;1;12;0;4525706;22;0
147;18;336;12;34;20;99;3.00;1;1;1;82;0;4526099;582;0
147;18;336;12;34;21;7;3.00;3;1;1;73;0;4526107;289;0
147;18;336;12;34;22;99;3.60;2;1;1;77;0;4526299;315;0
147;18;336;12;34;24;2;3.00;3;1;1;76;0;4526402;280;0
147;18;336;12;34;23;59;5.40;7;2;1;58;0;4526359;527;0
147;18;336;12;34;24;49;5.00;8;2;1;90;0;4526449;834;0
147;18;336;12;34;25;99;3.20;2;1;1;74;0;4526599;283;0
147;18;336;12;34;25;99;4.00;6;2;1;74;0;4526599;1403;0
147;18;336;12;34;26;8;4.00;3;1;1;76;0;4526608;191;0
147;18;336;12;34;26;22;3.80;2;1;1;76;0;4526622;7;0
147;18;336;12;34;27;3;3.20;5;2;1;84;0;4526703;3797;0
147;18;336;12;34;28;99;3.80;7;2;1;81;0;4526899;506;0
147;18;336;12;34;28;99;3.20;3;1;1;74;0;4526899;272;0
147;18;336;12;34;29;47;3.40;6;2;1;83;0;4526947;328;0
147;18;336;12;34;30;99;3.20;5;2;1;85;0;4527099;382;0
147;18;336;12;34;30;99;3.20;3;1;1;76;0;4527099;184;0
147;18;336;12;34;31;99;3.20;2;1;1;73;0;4527199;559;0
147;18;336;12;34;31;99;4.60;6;2;1;76;0;4527199;237;0
147;18;336;12;34;31;21;3.60;4;1;1;84;0;4527121;1388;0
147;18;336;12;34;32;99;3.60;5;2;1;85;0;4527299;186;0
147;18;336;12;34;32;95;4.20;6;2;1;74;0;4527295;74;0
147;18;336;12;34;34;17;3.40;2;1;1;74;0;4527417;202;0
147;18;336;12;34;34;16;3.00;6;2;1;78;0;4527416;100;0
147;18;336;12;34;34;41;3.60;5;2;1;84;0;4527441;126;0
147;18;336;12;34;35;99;3.80;7;2;1;82;0;4527599;683;0
147;18;336;12;34;35;99;3.40;6;2;1;72;0;4527599;169;0
147;18;336;12;34;36;3;3.60;3;1;1;76;0;4527603;488;0
147;18;336;12;34;39;16;3.60;8;2;1;82;0;4527916;1447;0
147;18;336;12;34;39;8;6.20;3;1;1;77;0;4527908;287;0
147;18;336;12;34;41;99;3.60;3;1;1;76;0;4528199;262;0
147;18;336;12;34;41;99;3.80;4;1;1;102;0;4528199;1062;0
147;18;336;12;34;42;58;3.60;6;2;1;81;0;4528258;642;0
147;18;336;12;34;43;99;3.60;4;1;1;82;0;4528399;186;0
147;18;336;12;34;45;98;3.80;2;1;1;81;0;4528598;1164;0
147;18;336;12;34;45;99;4.00;8;2;1;79;0;4528599;667;0
147;18;336;12;34;46;15;4.00;6;2;1;84;0;4528615;341;0
147;18;336;12;34;46;99;3.20;3;1;1;75;0;4528699;482;0
147;18;336;12;34;48;99;3.00;2;1;1;74;0;4528899;284;0
147;18;336;12;34;48;99;3.00;3;1;1;86;0;4528899;184;0
147;18;336;12;34;49;7;3.20;2;1;1;80;0;4528907;-1;0
147;18;336;12;34;49;28;3.40;6;2;1;80;0;4528928;295;0
147;18;336;12;34;50;17;3.60;3;1;1;80;0;4529017;105;0
147;18;336;12;34;50;99;4.00;2;1;1;73;0;4529099;177;0
147;18;336;12;34;52;1;3.60;3;1;1;81;0;4529201;167;0
147;18;336;12;34;52;6;3.60;6;2;1;74;0;4529206;262;0
147;18;336;12;34;49;74;4.00;7;2;1;15;0;4528974;1358;0
147;18;336;12;34;53;99;3.80;2;1;1;73;0;4529399;280;0
147;18;336;12;34;55;5;3.80;6;2;1;76;0;4529505;281;0
147;18;336;12;34;50;86;6.00;7;2;1;12;0;4529086;16;0
147;18;336;12;34;56;99;4.00;7;2;1;76;0;4529699;433;0
147;18;336;12;34;57;24;3.80;6;2;1;85;0;4529724;201;0
147;18;336;12;34;57;56;3.80;6;2;1;80;0;4529756;15;0
147;18;336;12;34;57;64;4.00;4;1;1;90;0;4529764;1349;0
147;18;336;12;34;57;77;3.80;2;1;1;86;0;4529777;359;0
147;18;336;12;34;58;22;3.80;3;1;1;81;0;4529822;605;0
147;18;336;12;34;59;99;3.60;4;1;1;78;0;4529999;219;0
147;18;336;12;35;0;12;3.20;3;1;1;83;0;4530012;173;0
147;18;336;12;35;1;99;3.80;2;1;1;76;0;4530199;406;0
147;18;336;12;35;2;49;3.40;2;1;1;76;0;4530249;32;0
147;18;336;12;35;4;99;3.60;2;1;1;81;0;4530499;233;0
147;18;336;12;35;6;12;3.80;3;1;1;68;0;4530612;586;0
147;18;336;12;35;6;99;3.40;5;2;1;93;0;4530699;3242;0
147;18;336;12;35;7;99;3.60;3;1;1;68;0;4530799;166;0
147;18;336;12;35;7;28;3.40;6;2;1;78;0;4530728;954;0
147;18;336;12;35;7;56;3.80;3;1;1;68;0;4530756;-1;0
147;18;336;12;35;8;16;4.20;4;1;1;75;0;4530816;800;0
147;18;336;12;35;9;99;3.40;3;1;1;68;0;4530999;222;0
147;18;336;12;35;9;99;3.40;4;1;1;80;0;4530999;162;0
147;18;336;12;35;9;99;3.40;2;1;1;74;0;4530999;484;0
147;18;336;12;35;10;41;3.40;6;2;1;73;0;4531041;297;0
147;18;336;12;35;10;33;3.60;3;1;1;68;0;4531033;15;0
147;18;336;12;35;10;69;3.80;4;1;1;80;0;4531069;54;0
147;18;336;12;35;11;99;3.80;7;2;1;79;0;4531199;1481;0
147;18;336;12;35;11;99;3.20;2;1;1;75;0;4531199;183;0
147;18;336;12;35;11;99;3.80;3;1;1;69;0;4531199;146;0
147;18;336;12;35;12;27;8.80;2;1;2;76;0;4531227;12;0
147;18;336;12;35;13;5;3.60;6;2;1;72;0;4531305;247;0
147;18;336;12;35;14;99;3.80;8;2;1;78;0;4531499;2881;0
147;18;336;12;35;14;99;3.80;2;1;1;80;0;4531499;230;0
147;18;336;12;35;15;15;3.80;5;2;1;79;0;4531515;802;0
147;18;336;12;35;15;8;4.40;6;2;1;73;0;4531508;185;0
147;18;336;12;35;18;17;3.80;6;2;1;73;0;4531817;287;0
147;18;336;12;35;18;91;3.80;4;1;1;80;0;4531891;804;0
147;18;336;12;35;19;99;3.80;1;1;1;76;0;4531999;5886;0
147;18;336;12;35;20;7;6.20;3;1;1;79;0;4532007;788;0
147;18;336;12;35;21;6;3.40;6;2;1;74;0;4532106;270;0
147;18;336;12;35;22;99;3.80;6;2;1;77;0;4532299;176;0
147;18;336;12;35;22;99;4.00;3;1;1;75;0;4532299;263;0
147;18;336;12;35;23;58;3.60;6;2;1;75;0;4532358;41;0
147;18;336;12;35;23;62;3.40;3;1;1;74;0;4532362;43;0
147;18;336;12;35;23;99;4.20;4;1;1;87;0;4532399;490;0
147;18;336;12;35;25;11;3.00;8;2;1;74;0;4532511;994;0
147;18;336;12;35;25;25;4.00;5;2;1;84;0;4532525;992;0
147;18;336;12;35;26;14;3.40;7;2;1;83;0;4532614;1397;0
147;18;336;12;35;26;99;3.60;5;2;1;89;0;4532699;156;0
147;18;336;12;35;27;99;3.80;7;2;1;79;0;4532799;170;0
147;18;336;12;35;28;55;3.60;6;2;1;79;0;4532855;479;0
147;18;336;12;35;29;99;3.60;3;1;1;72;0;4532999;620;0
147;18;336;12;35;30;5;3.60;7;2;1;83;0;4533005;188;0
147;18;336;12;35;30;16;3.60;4;1;1;88;0;4533016;599;0
147;18;336;12;35;30;99;3.80;2;1;1;76;0;4533099;1582;0
147;18;336;12;35;30;99;3.40;6;2;1;73;0;4533099;227;0
147;18;336;12;35;30;45;4.40;3;1;1;74;0;4533045;28;0
147;18;336;12;35;32;99;3.60;6;2;1;78;0;4533299;183;0
147;18;336;12;35;33;90;3.40;3;1;1;76;0;4533390;323;0
147;18;336;12;35;34;99;3.60;6;2;1;80;0;4533499;183;0
147;18;336;12;35;35;1;3.40;2;1;1;79;0;4533501;384;0
147;18;336;12;35;37;99;3.60;7;2;1;80;0;4533799;778;0
147;18;336;12;35;38;2;3.80;3;1;1;78;0;4533802;395;0
147;18;336;12;35;39;99;3.20;6;2;1;86;0;4533999;483;0
147;18;336;12;35;40;7;3.60;3;1;1;78;0;4534007;187;0
147;18;336;12;35;41;94;3.80;3;1;1;77;0;4534194;170;0
147;18;336;12;35;44;99;3.60;3;1;1;78;0;4534499;287;0
147;18;336;12;35;45;99;3.40;3;1;1;72;0;4534599;83;0
147;18;336;12;35;46;99;8.20;3;1;6;75;0;4534699;83;0
147;18;336;12;35;48;16;3.80;2;1;1;67;0;4534816;1299;0
147;18;336;12;35;48;61;3.20;4;1;1;83;0;4534861;1830;0
147;18;336;12;35;50;99;3.80;6;2;1;73;0;4535099;1086;0
147;18;336;12;35;50;99;3.40;2;1;1;71;0;4535099;262;0
147;18;336;12;35;51;37;4.20;3;1;1;74;0;4535137;398;0
147;18;336;12;35;52;99;3.60;2;1;1;74;0;4535299;182;0
147;18;336;12;35;52;99;3.40;6;2;1;71;0;4535299;181;0
147;18;336;12;35;52;99;3.80;8;2;1;79;0;4535299;2773;0
147;18;336;12;35;53;9;3.40;7;2;1;78;0;4535309;1493;0
147;18;336;12;35;55;99;3.40;6;2;1;75;0;4535599;282;0
147;18;336;12;35;55;99;3.40;3;1;1;82;0;4535599;441;0
147;18;336;12;35;56;4;3.80;4;1;1;87;0;4535604;729;0
147;18;336;12;35;57;99;6.00;2;1;1;83;0;4535799;482;0
147;18;336;12;35;57;99;3.60;3;1;1;81;0;4535799;185;0
147;18;336;12;35;57;99;4.00;5;2;1;82;0;4535799;3085;0
147;18;336;12;35;58;15;3.60;6;2;1;75;0;4535815;199;0
147;18;336;12;35;59;87;3.40;7;2;1;77;0;4535987;662;0
147;18;336;12;35;59;99;4.20;3;1;1;77;0;4535999;184;0
147;18;336;12;36;0;99;3.80;5;2;1;83;0;4536099;282;0
147;18;336;12;36;0;99;3.80;4;1;1;80;0;4536099;479;0
147;18;336;12;36;0;99;3.20;2;1;1;80;0;4536099;273;0
147;18;336;12;36;0;99;3.60;6;2;1;72;0;4536099;266;0
147;18;336;12;36;1;38;4.00;6;2;1;75;0;4536138;21;0
147;18;336;12;36;2;99;3.60;6;2;1;72;0;4536299;141;0
147;18;336;12;36;2;99;3.40;1;1;1;70;0;4536299;4282;0
147;18;336;12;36;4;60;3.60;5;2;1;75;0;4536460;344;0
147;18;336;12;36;4;71;3.60;7;2;1;78;0;4536471;468;0
147;18;336;12;36;4;99;3.40;6;2;1;81;0;4536499;182;0
147;18;336;12;36;5;99;3.60;1;1;1;72;0;4536599;282;0
147;18;336;12;36;5;99;3.40;5;2;1;80;0;4536599;121;0
147;18;336;12;36;6;5;3.40;3;1;1;76;0;4536605;586;0
147;18;336;12;36;6;23;3.20;6;2;1;74;0;4536623;108;4536099
147;18;336;12;36;6;26;4.40;2;1;1;82;0;4536626;512;0
147;18;336;12;36;7;10;3.40;5;2;1;81;0;4536710;95;0
147;18;336;12;36;7;99;6.00;7;2;1;84;0;4536799;311;0
147;18;336;12;36;8;7;3.60;2;1;1;73;0;4536807;161;0
147;18;336;12;36;8;23;3.40;5;2;1;82;0;4536823;97;0
147;18;336;12;36;8;15;3.80;4;1;1;81;0;4536815;698;0
147;18;336;12;36;9;43;3.60;8;2;1;73;0;4536943;1626;0
147;18;336;12;36;9;82;4.00;2;1;1;74;0;4536982;157;0
147;18;336;12;36;11;1;3.80;4;1;1;81;0;4537101;269;0
147;18;336;12;36;11;99;4.80;6;2;1;81;0;4537199;560;0
147;18;336;12;36;11;12;3.40;3;1;1;77;0;4537112;490;0
147;18;336;12;36;11;32;4.80;7;2;1;78;0;4537132;307;0
147;18;336;12;36;12;15;3.80;4;1;1;84;0;4537215;97;0
147;18;336;12;36;12;99;3.60;3;1;1;74;0;4537299;171;0
147;18;336;12;36;13;3;3.40;4;1;1;83;0;4537303;71;0
147;18;336;12;36;13;99;3.60;6;2;1;75;0;4537399;178;0
147;18;336;12;36;13;99;3.40;3;1;1;83;0;4537399;82;0
147;18;336;12;36;14;33;4.60;3;1;1;75;0;4537433;19;0
147;18;336;12;36;14;77;3.20;7;2;1;77;0;4537477;322;0
147;18;336;12;36;15;18;4.20;7;2;1;76;0;4537518;26;0
147;18;336;12;36;15;99;3.20;6;2;1;73;0;4537599;182;0
147;18;336;12;36;15;99;3.40;1;1;1;73;0;4537599;982;0
147;18;336;12;36;16;43;3.60;2;1;1;78;0;4537643;641;0
147;18;336;12;36;16;46;3.60;3;1;1;74;0;4537646;190;4537112
147;18;336;12;36;18;21;3.80;2;1;1;78;0;4537821;161;4537112
147;18;336;12;36;18;99;3.80;4;1;1;83;0;4537899;581;0
147;18;336;12;36;19;28;3.60;2;1;1;77;0;4537928;89;0
147;18;336;12;36;19;89;3.60;4;1;1;80;0;4537989;73;0
147;18;336;12;36;20;21;3.40;7;2;1;81;0;4538021;483;0
147;18;336;12;36;20;99;4.40;1;1;1;76;0;4538099;483;0
147;18;336;12;36;20;99;3.80;4;1;1;80;0;4538099;93;0
147;18;336;12;36;20;99;3.20;2;1;1;77;0;4538099;154;0
147;18;336;12;36;21;8;3.80;5;2;1;90;0;4538108;1270;0
147;18;336;12;36;21;16;3.80;6;2;1;79;0;4538116;501;0
147;18;336;12;36;23;15;3.80;3;1;1;85;0;4538315;651;0
147;18;336;12;36;23;99;5.40;2;1;1;71;0;4538399;285;0
147;18;336;12;36;23;99;3.60;7;2;1;83;0;4538399;362;0
147;18;336;12;36;24;45;3.20;2;1;1;71;0;4538445;18;0
147;18;336;12;36;25;99;3.60;3;1;1;81;0;4538599;267;0
147;18;336;12;36;26;99;4.00;6;2;1;80;0;4538699;565;0
147;18;336;12;36;27;93;3.80;7;2;1;83;0;4538793;378;0
147;18;336;12;36;28;3;3.80;4;1;1;87;0;4538803;686;0
147;18;336;12;36;28;99;3.40;6;2;1;75;0;4538899;182;0
147;18;336;12;36;28;99;3.20;2;1;1;75;0;4538899;437;0
147;18;336;12;36;28;99;3.80;5;2;1;82;0;4538899;775;0
147;18;336;12;36;28;99;3.80;1;1;1;67;0;4538899;779;0
147;18;336;12;36;29;99;4.00;3;1;1;80;0;4538999;384;0
147;18;336;12;36;30;96;3.60;2;1;1;73;0;4539096;181;0
147;18;336;12;36;30;99;4.20;8;2;1;77;0;4539099;2138;0
147;18;336;12;36;30;99;3.80;4;1;1;87;0;4539099;280;0
147;18;336;12;36;33;99;3.00;3;1;1;75;0;4539399;382;0
147;18;336;12;36;34;21;3.80;6;2;1;79;0;4539421;505;0
147;18;336;12;36;36;99;3.80;3;1;1;74;0;4539699;285;0
147;18;336;12;36;37;29;3.40;2;1;1;83;0;4539729;615;0
147;18;336;12;36;38;9;2.80;3;1;1;73;0;4539809;91;0
147;18;336;12;36;38;18;3.40;2;1;1;85;0;4539818;74;0
147;18;336;12;36;38;99;3.40;3;1;1;79;0;4539899;76;0
147;18;336;12;36;40;3;3.80;6;2;1;79;0;4540003;564;0
147;18;336;12;36;40;81;3.60;3;1;1;81;0;4540081;166;0
147;18;336;12;36;40;99;4.00;5;2;1;85;0;4540099;1183;0
147;18;336;12;36;40;99;3.20;2;1;1;77;0;4540099;266;0
147;18;336;12;36;40;99;3.80;7;2;1;82;0;4540099;1289;0
147;18;336;12;36;41;99;4.00;3;1;1;82;0;4540199;102;4539699
147;18;336;12;36;42;55;3.60;7;2;1;82;0;4540255;139;4539699
147;18;336;12;36;42;57;3.40;6;2;1;75;0;4540257;236;0
147;18;336;12;36;44;99;3.00;6;2;1;72;0;4540499;225;0
147;18;336;12;36;45;74;3.00;6;2;1;73;0;4540574;60;0
147;18;336;12;36;45;99;4.80;3;1;1;83;0;4540599;382;0
147;18;336;12;36;46;99;3.20;6;2;1;82;0;4540699;110;0
147;18;336;12;36;52;10;4.20;3;1;1;76;0;4541210;590;0
147;18;336;12;36;53;99;3.20;4;1;1;76;0;4541399;2284;0
147;18;336;12;36;56;19;3.20;6;2;1;76;0;4541619;905;0
147;18;336;12;36;56;99;3.40;2;1;1;75;0;4541699;1585;0
147;18;336;12;36;57;10;3.80;7;2;1;77;0;4541710;1439;0
147;18;336;12;36;57;23;3.40;3;1;1;77;0;4541723;493;0
147;18;336;12;36;58;98;3.60;3;1;1;74;0;4541898;159;0
147;18;336;12;36;58;99;3.60;2;1;1;83;0;4541899;183;0
147;18;336;12;37;0;35;3.80;6;2;1;81;0;4542035;400;0
147;18;336;12;37;1;13;3.20;2;1;1;77;0;4542113;198;0
147;18;336;12;37;1;99;3.80;6;2;1;81;0;4542199;147;0
147;18;336;12;37;1;99;3.60;4;1;1;80;0;4542199;784;0
147;18;336;12;37;2;14;3.20;3;1;1;74;0;4542214;298;0
147;18;336;12;37;3;67;3.40;2;1;1;70;0;4542367;239;0
147;18;336;12;37;4;21;3.60;5;2;1;82;0;4542421;2305;0
147;18;336;12;37;4;99;3.20;3;1;1;72;0;4542499;269;0
147;18;336;12;37;5;17;3.00;1;1;1;77;0;4542517;3597;0
147;18;336;12;37;5;79;3.40;2;1;1;74;0;4542579;194;0
147;18;336;12;37;6;99;3.00;3;1;1;82;0;4542699;184;0
147;18;336;12;37;6;99;3.80;1;1;1;73;0;4542699;167;0
147;18;336;12;37;7;99;4.00;6;2;1;79;0;4542799;583;0
147;18;336;12;37;9;22;3.00;2;1;1;71;0;4542922;326;0
147;18;336;12;37;9;99;3.80;6;2;1;66;0;4542999;181;0
147;18;336;12;37;9;99;3.60;5;2;1;80;0;4542999;562;0
147;18;336;12;37;10;6;3.60;3;1;1;76;0;4543006;293;0
147;18;336;12;37;10;99;3.60;6;2;1;68;0;4543099;79;0
147;18;336;12;37;10;23;3.60;5;2;1;78;0;4543023;7;0
147;18;336;12;37;12;7;5.80;3;1;1;74;0;4543207;183;0
147;18;336;12;37;14;99;3.80;3;1;1;73;0;4543499;263;0
147;18;336;12;37;15;12;3.80;6;2;1;80;0;4543512;393;0
147;18;336;12;37;15;99;3.00;3;1;1;72;0;4543599;81;0
147;18;336;12;37;16;10;3.60;3;1;1;71;0;4543610;-1;0
147;18;336;12;37;16;99;3.80;2;1;1;76;0;4543699;761;0
147;18;336;12;37;17;19;4.40;4;1;1;87;0;4543719;1503;0
147;18;336;12;37;17;99;3.00;4;1;1;86;0;4543799;61;0
147;18;336;12;37;18;10;3.20;3;1;1;78;0;4543810;181;0
147;18;336;12;37;18;62;3.60;6;2;1;80;0;4543862;332;0
147;18;336;12;37;18;93;3.80;3;1;1;66;0;4543893;68;4543499
147;18;336;12;37;19;99;3.40;1;1;1;80;0;4543999;1281;0
147;18;336;12;37;19;99;4.00;7;2;1;78;0;4543999;2271;0
147;18;336;12;37;20;3;3.80;5;2;1;84;0;4544003;963;0
147;18;336;12;37;21;0;3.40;3;1;1;77;0;4544100;186;4543499
147;18;336;12;37;21;99;3.20;3;1;1;76;0;4544199;83;4543499
147;18;336;12;37;21;99;4.00;8;2;1;76;0;4544199;5080;0
147;18;336;12;37;22;3;4.00;4;1;1;81;0;4544203;391;0
147;18;336;12;37;22;99;3.60;2;1;1;78;0;4544299;582;0
147;18;336;12;37;22;99;4.00;1;1;1;79;0;4544299;284;0
147;18;336;12;37;24;99;3.80;3;1;1;79;0;4544499;284;0
147;18;336;12;37;26;84;3.40;3;1;1;73;0;4544684;167;0
147;18;336;12;37;26;86;4.00;8;2;1;78;0;4544686;468;0
147;18;336;12;37;28;11;3.40;3;1;1;71;0;4544811;110;0
147;18;336;12;37;31;73;3.60;3;1;1;73;0;4545173;344;0
147;18;336;12;37;31;62;4.40;1;1;1;67;0;4545162;844;0
147;18;336;12;37;32;99;3.60;3;1;1;72;0;4545299;108;0
147;18;336;12;37;33;99;3.60;3;1;1;70;0;4545399;82;0
147;18;336;12;37;34;99;3.40;3;1;1;70;0;4545499;81;0
147;18;336;12;37;35;4;3.60;6;2;1;79;0;4545504;1625;0
147;18;336;12;37;35;99;3.60;2;1;1;79;0;4545599;1283;0
147;18;336;12;37;36;41;3.60;3;1;1;72;0;4545641;124;4545173
147;18;336;12;37;36;99;3.20;4;1;1;84;0;4545699;1478;0
147;18;336;12;37;37;99;3.80;3;1;1;73;0;4545799;140;4545173
147;18;336;12;37;37;99;3.60;6;2;1;85;0;4545799;278;0
147;18;336;12;37;37;99;5.20;2;1;1;82;0;4545799;183;0
147;18;336;12;37;40;21;3.60;7;2;1;81;0;4546021;2003;0
147;18;336;12;37;41;95;3.80;7;2;1;84;0;4546195;158;0
147;18;336;12;37;44;79;3.80;5;2;1;85;0;4546479;2459;0
147;18;336;12;37;45;20;3.00;6;2;1;82;0;4546520;705;0
147;18;336;12;37;46;26;3.80;7;2;1;75;0;4546626;414;0
147;18;336;12;37;46;47;3.80;6;2;1;80;0;4546647;113;0
147;18;336;12;37;46;89;4.00;1;1;1;87;0;4546689;1503;0
147;18;336;12;37;47;99;2.80;6;2;1;74;0;4546799;134;0
147;18;336;12;37;47;99;4.00;2;1;1;70;0;4546799;977;0
147;18;336;12;37;49;12;3.40;2;1;1;88;0;4546912;92;0
147;18;336;12;37;49;8;3.60;4;1;1;82;0;4546908;1195;0
147;18;336;12;37;49;11;3.60;7;2;1;79;0;4546911;266;0
147;18;336;12;37;49;99;3.60;3;1;1;74;0;4546999;1181;0
147;18;336;12;37;50;99;3.40;7;2;1;81;0;4547099;171;0
147;18;336;12;37;51;25;3.40;1;1;1;88;0;4547125;419;0
147;18;336;12;37;51;32;3.80;3;1;1;74;0;4547132;115;0
147;18;336;12;37;51;74;3.20;2;1;1;75;0;4547174;248;0
147;18;336;12;37;52;5;3.80;6;2;1;81;0;4547205;392;0
147;18;336;12;37;52;99;4.00;5;2;1;85;0;4547299;803;0
147;18;336;12;37;53;99;3.80;7;2;1;84;0;4547399;284;0
147;18;336;12;37;53;1;3.80;2;1;1;82;0;4547301;111;0
147;18;336;12;37;56;4;3.60;6;2;1;87;0;4547604;382;0
147;18;336;12;37;57;99;3.00;2;1;1;77;0;4547799;481;0
147;18;336;12;37;57;99;3.80;7;2;1;86;0;4547799;383;0
147;18;336;12;37;58;99;4.00;3;1;1;82;0;4547899;748;0
147;18;336;12;37;59;81;3.80;2;1;1;78;0;4547981;167;0
147;18;336;12;38;0;99;3.40;6;2;1;70;0;4548099;480;0
147;18;336;12;38;1;13;3.60;5;2;1;79;0;4548113;797;0
147;18;336;12;38;1;15;3.00;2;1;1;72;0;4548115;116;0
147;18;336;12;38;2;99;3.40;2;1;1;72;0;4548299;169;0
147;18;336;12;38;3;20;3.20;6;2;1;77;0;4548320;203;0
147;18;336;12;38;2;90;11.20;3;1;2;80;0;4548290;373;0
147;18;336;12;38;3;99;3.20;5;2;1;81;0;4548399;269;0
147;18;336;12;38;4;57;3.60;2;1;1;71;0;4548457;141;4547799
147;18;336;12;38;5;99;3.80;1;1;1;78;0;4548599;1460;0
147;18;336;12;38;5;99;3.60;6;2;1;79;0;4548599;264;0
147;18;336;12;38;6;39;3.40;1;1;1;71;0;4548639;22;0
147;18;336;12;38;7;16;3.80;7;2;1;92;0;4548716;901;0
147;18;336;12;38;7;99;3.80;4;1;1;86;0;4548799;1875;0
147;18;336;12;38;9;20;3.20;6;2;1;85;0;4548920;304;0
147;18;336;12;38;10;15;3.80;6;2;1;85;0;4549015;81;0
147;18;336;12;38;10;12;3.80;3;1;1;77;0;4549012;671;0
147;18;336;12;38;10;99;4.00;4;1;1;84;0;4549099;284;0
147;18;336;12;38;11;99;3.80;5;2;1;86;0;4549199;785;0
147;18;336;12;38;11;22;3.80;2;1;1;79;0;4549122;646;0
147;18;336;12;38;12;76;3.60;3;1;1;77;0;4549276;246;0
147;18;336;12;38;13;6;4.20;4;1;1;81;0;4549306;189;0
147;18;336;12;38;13;99;3.20;3;1;1;78;0;4549399;106;0
147;18;336;12;38;13;99;4.00;5;2;1;89;0;4549399;184;0
147;18;336;12;38;14;49;3.80;2;1;1;76;0;4549449;309;0
147;18;336;12;38;15;99;4.00;3;1;1;81;0;4549599;185;0
147;18;336;12;38;15;99;3.80;4;1;1;82;0;4549599;274;0
147;18;336;12;38;16;8;4.00;7;2;1;82;0;4549608;877;0
147;18;336;12;38;16;13;3.40;6;2;1;79;0;4549613;581;0
147;18;336;12;38;18;99;3.60;6;2;1;84;0;4549899;270;0
147;18;336;12;38;18;99;4.00;3;1;1;83;0;4549899;282;0
147;18;336;12;38;20;23;3.60;2;1;1;77;0;4550023;556;0
147;18;336;12;38;21;99;3.60;1;1;1;78;0;4550199;1542;0
147;18;336;12;38;23;99;3.20;5;2;1;82;0;4550399;983;0
147;18;336;12;38;24;18;3.80;7;2;1;76;0;4550418;792;0
147;18;336;12;38;26;1;3.80;6;2;1;64;0;4550601;686;0
147;18;336;12;38;26;99;3.20;1;1;1;78;0;4550699;483;0
147;18;336;12;38;26;99;3.60;2;1;1;70;0;4550699;659;0
147;18;336;12;38;26;99;3.60;3;1;1;81;0;4550699;782;0
147;18;336;12;38;26;99;3.40;4;1;1;70;0;4550699;1083;0
147;18;336;12;38;27;46;3.60;6;2;1;80;0;4550746;123;0
147;18;336;12;38;27;80;3.60;7;2;1;80;0;4550780;344;0
147;18;336;12;38;27;83;3.40;3;1;1;76;0;4550783;68;0
147;18;336;12;38;28;99;3.60;3;1;1;70;0;4550899;99;0
147;18;336;12;38;28;99;3.60;6;2;1;78;0;4550899;136;0
147;18;336;12;38;29;99;3.20;4;1;1;80;0;4550999;282;0
147;18;336;12;38;30;3;4.20;2;1;1;76;0;4551003;285;0
147;18;336;12;38;30;99;3.60;3;1;1;75;0;4551099;181;0
147;18;336;12;38;31;4;3.60;1;1;1;82;0;4551104;390;0
147;18;336;12;38;31;99;3.80;5;2;1;89;0;4551199;785;0
147;18;336;12;38;32;18;3.60;6;2;1;78;0;4551218;302;0
147;18;336;12;38;32;66;3.40;2;1;1;76;0;4551266;243;0
147;18;336;12;38;32;91;7.40;7;2;1;65;0;4551291;494;0
147;18;336;12;38;34;99;3.60;2;1;1;77;0;4551499;216;0
147;18;336;12;38;35;11;3.80;3;1;1;76;0;4551511;394;0
147;18;336;12;38;35;99;3.20;6;2;1;82;0;4551599;364;0
147;18;336;12;38;36;99;3.00;2;1;1;70;0;4551699;183;0
147;18;336;12;38;37;8;3.80;5;2;1;83;0;4551708;493;0
147;18;336;12;38;37;19;3.40;4;1;1;76;0;4551719;705;0
147;18;336;12;38;37;48;3.00;2;1;1;68;0;4551748;33;0
147;18;336;12;38;38;99;3.20;3;1;1;72;0;4551899;370;0
147;18;336;12;38;39;2;4.00;3;1;1;71;0;4551902;-1;0
147;18;336;12;38;40;14;2.80;2;1;1;75;0;4552014;250;0
147;18;336;12;38;40;67;4.20;6;2;1;89;0;4552067;453;0
147;18;336;12;38;40;70;3.40;4;1;1;77;0;4552070;334;0
147;18;336;12;38;41;99;3.40;3;1;1;74;0;4552199;276;0
147;18;336;12;38;42;8;3.00;6;2;1;86;0;4552208;124;0
147;18;336;12;38;42;24;4.00;2;1;1;79;0;4552224;196;0
147;18;336;12;38;43;99;3.80;3;1;1;74;0;4552399;183;0
147;18;336;12;38;44;12;3.40;6;2;1;83;0;4552412;191;0
147;18;336;12;38;44;1;3.00;2;1;1;78;0;4552401;158;0
147;18;336;12;38;45;9;3.20;3;1;1;74;0;4552509;91;0
147;18;336;12;38;45;49;3.80;4;1;1;83;0;4552549;463;0
147;18;336;12;38;47;25;3.80;6;2;1;79;0;4552725;298;0
147;18;336;12;38;47;40;3.80;2;1;1;75;0;4552740;325;0
147;18;336;12;38;48;6;3.60;5;2;1;80;0;4552806;1081;0
147;18;336;12;38;49;99;3.40;3;1;1;75;0;4552999;474;0
147;18;336;12;38;49;99;3.60;4;1;1;77;0;4552999;433;0
147;18;336;12;38;49;46;10.60;7;2;3;50;0;4552946;1614;0
147;18;336;12;38;51;99;3.60;3;1;1;75;0;4553199;183;0
147;18;336;12;38;52;7;4.00;6;2;1;78;0;4553207;464;0
147;18;336;12;38;53;13;4.00;2;1;1;81;0;4553313;554;0
147;18;336;12;38;53;99;3.60;4;1;1;96;0;4553399;383;0
147;18;336;12;38;53;99;3.40;6;2;1;80;0;4553399;173;0
147;18;336;12;38;55;23;3.80;2;1;1;78;0;4553523;192;0
147;18;336;12;38;55;29;3.20;6;2;1;76;0;4553529;114;0
147;18;336;12;38;56;99;3.40;6;2;1;78;0;4553699;154;0
147;18;336;12;38;56;99;3.80;3;1;1;80;0;4553699;482;0
147;18;336;12;38;57;99;3.60;4;1;1;85;0;4553799;386;0
147;18;336;12;38;58;15;3.60;6;2;1;78;0;4553815;100;4553207
147;18;336;12;38;58;93;4.20;3;1;1;81;0;4553893;176;4553207
147;18;336;12;38;59;99;4.60;7;2;1;86;0;4553999;976;0
147;18;336;12;39;0;25;3.60;3;1;1;76;0;4554025;113;0
147;18;336;12;39;0;35;4.00;6;2;1;82;0;4554035;203;0
147;18;336;12;39;1;13;3.20;5;2;1;89;0;4554113;1290;0
147;18;336;12;39;1;99;3.80;2;1;1;78;0;4554199;658;0
147;18;336;12;39;2;2;3.80;2;1;1;78;0;4554202;-1;0
147;18;336;12;39;3;12;3.40;3;1;1;76;0;4554312;269;0
147;18;336;12;39;3;43;3.40;6;2;1;80;0;4554343;290;0
147;18;336;12;39;3;51;3.60;5;2;1;83;0;4554351;225;0
147;18;336;12;39;3;75;4.00;7;2;1;84;0;4554375;356;0
147;18;336;12;39;4;17;4.40;5;2;1;80;0;4554417;50;0
147;18;336;12;39;4;99;3.40;3;1;1;75;0;4554499;170;0
147;18;336;12;39;5;99;4.60;7;2;1;77;0;4554599;206;0
147;18;336;12;39;6;17;3.40;3;1;1;76;0;4554617;101;0
147;18;336;12;39;6;99;3.60;2;1;1;85;0;4554699;479;0
147;18;336;12;39;6;99;3.20;1;1;1;71;0;4554699;3579;0
147;18;336;12;39;7;99;3.60;6;2;1;78;0;4554799;440;0
147;18;336;12;39;7;99;3.00;2;1;1;76;0;4554799;84;0
147;18;336;12;39;8;33;3.00;3;1;1;76;0;4554833;199;0
147;18;336;12;39;9;99;3.60;2;1;1;74;0;4554999;185;0
147;18;336;12;39;9;99;4.00;6;2;1;81;0;4554999;183;0
147;18;336;12;39;9;99;3.80;3;1;1;72;0;4554999;151;4554312
147;18;336;12;39;10;99;3.20;2;1;1;70;0;4555099;82;4554312
147;18;336;12;39;10;7;3.80;4;1;1;79;0;4555007;1192;0
147;18;336;12;39;11;16;3.80;7;2;1;75;0;4555116;495;0
147;18;336;12;39;11;66;2.80;2;1;1;68;0;4555166;50;4554699
147;18;336;12;39;11;99;3.40;6;2;1;78;0;4555199;182;4554699
147;18;336;12;39;11;99;3.60;2;1;1;63;0;4555199;18;4554699
147;18;336;12;39;12;99;3.60;6;2;1;77;0;4555299;84;4554699
147;18;336;12;39;13;28;3.40;5;2;1;77;0;4555328;891;0
147;18;336;12;39;13;45;3.60;2;1;1;67;0;4555345;125;4554699
147;18;336;12;39;14;99;3.40;7;2;1;75;0;4555499;364;0
147;18;336;12;39;16;66;3.00;4;1;1;85;0;4555666;641;0
147;18;336;12;39;18;11;3.00;6;2;1;77;0;4555811;495;0
147;18;336;12;39;19;99;3.60;3;1;1;74;0;4555999;981;0
147;18;336;12;39;19;99;3.40;6;2;1;76;0;4555999;173;0
147;18;336;12;39;22;1;3.80;1;1;1;74;0;4556201;1485;0
147;18;336;12;39;22;99;3.60;6;2;1;79;0;4556299;283;0
147;18;336;12;39;23;4;5.20;1;1;1;74;0;4556304;84;0
147;18;336;12;39;23;14;3.80;2;1;1;69;0;4556314;949;0
147;18;336;12;39;24;85;5.80;2;1;1;70;0;4556485;151;0
147;18;336;12;39;24;99;3.80;3;1;1;73;0;4556499;482;0
147;18;336;12;39;26;52;3.60;3;1;1;71;0;4556652;134;0
147;18;336;12;39;26;64;3.80;7;2;1;80;0;4556664;1148;0
147;18;336;12;39;28;29;3.40;2;1;1;79;0;4556829;314;0
147;18;336;12;39;29;6;3.20;6;2;1;73;0;4556906;590;0
147;18;336;12;39;29;99;3.80;2;1;1;84;0;4556999;154;0
147;18;336;12;39;30;9;3.60;5;2;1;80;0;4557009;1665;0
147;18;336;12;39;31;32;3.60;2;1;1;84;0;4557132;116;0
147;18;336;12;39;31;68;3.40;4;1;1;81;0;4557168;1489;0
147;18;336;12;39;32;99;4.00;3;1;1;78;0;4557299;628;0
147;18;336;12;39;32;99;3.20;6;2;1;78;0;4557299;377;0
147;18;336;12;39;32;99;4.00;4;1;1;82;0;4557299;115;0
147;18;336;12;39;34;11;3.20;3;1;1;79;0;4557411;93;0
147;18;336;12;39;35;99;3.80;3;1;1;79;0;4557599;173;0
147;18;336;12;39;37;25;3.80;3;1;1;80;0;4557725;108;0
147;18;336;12;39;37;99;3.60;7;2;1;79;0;4557799;1117;0
147;18;336;12;39;38;4;3.20;3;1;1;77;0;4557804;61;4557299
147;18;336;12;39;38;20;3.60;7;2;1;82;0;4557820;4;4557299
147;18;336;12;39;38;99;3.60;6;2;1;76;0;4557899;585;0
147;18;336;12;39;39;31;3.60;5;2;1;92;0;4557931;905;0
147;18;336;12;39;39;98;3.20;6;2;1;78;0;4557998;81;0
147;18;336;12;39;40;99;3.60;3;1;1;81;0;4558099;280;0
147;18;336;12;39;41;17;3.20;5;2;1;88;0;4558117;171;0
147;18;336;12;39;43;7;3.40;3;1;1;78;0;4558307;192;0
147;18;336;12;39;47;74;5.40;1;1;1;73;0;4558774;2444;0
147;18;336;12;39;46;62;15.00;7;2;4;77;0;4558662;826;0
147;18;336;12;39;48;8;3.00;3;1;1;71;0;4558808;485;0
147;18;336;12;39;48;99;5.80;7;2;1;68;0;4558899;166;0
147;18;336;12;39;48;99;3.60;5;2;1;83;0;4558899;768;0
147;18;336;12;39;49;15;3.00;2;1;1;73;0;4558915;1767;0
147;18;336;12;39;51;39;3.60;7;2;1;84;0;4559139;209;0
147;18;336;12;39;51;30;3.60;3;1;1;71;0;4559130;306;0
147;18;336;12;39;52;90;3.00;2;1;1;75;0;4559290;360;0
147;18;336;12;39;52;99;3.40;6;2;1;69;0;4559299;1286;0
147;18;336;12;39;52;99;3.60;4;1;1;84;0;4559299;1982;0
147;18;336;12;39;53;99;3.20;6;2;1;67;0;4559399;82;0
147;18;336;12;39;53;99;3.60;5;2;1;74;0;4559399;484;0
147;18;336;12;39;53;99;4.20;7;2;1;82;0;4559399;244;0
147;18;336;12;39;54;23;3.80;5;2;1;77;0;4559423;6;0
147;18;336;12;39;54;32;3.60;4;1;1;82;0;4559432;117;0
147;18;336;12;39;54;80;4.20;6;2;1;69;0;4559480;63;0
147;18;336;12;39;55;99;3.40;5;2;1;78;0;4559599;158;0
147;18;336;12;39;55;99;3.20;3;1;1;66;0;4559599;450;0
147;18;336;12;39;56;11;4.00;2;1;1;83;0;4559611;306;0
147;18;336;12;39;56;9;3.20;4;1;1;76;0;4559609;161;0
147;18;336;12;39;56;19;3.80;5;2;1;77;0;4559619;4;0
147;18;336;12;39;57;66;3.80;8;2;1;74;0;4559766;15061;0
147;18;336;12;39;57;99;3.20;5;2;1;76;0;4559799;162;4559399
147;18;336;12;39;57;99;3.60;3;1;1;71;0;4559799;182;4559399
147;18;336;12;39;58;15;4.00;6;2;1;77;0;4559815;313;0
147;18;336;12;39;59;53;3.40;3;1;1;67;0;4559953;135;0
147;18;336;12;40;0;99;3.60;5;2;1;74;0;4560099;284;0
147;18;336;12;40;0;99;3.00;6;2;1;71;0;4560099;265;0
147;18;336;12;40;1;2;3.60;3;1;1;67;0;4560102;130;0
147;18;336;12;40;1;16;3.60;4;1;1;76;0;4560116;491;0
147;18;336;12;40;1;99;4.60;5;2;1;75;0;4560199;82;0
147;18;336;12;40;1;99;3.40;2;1;1;75;0;4560199;570;0
147;18;336;12;40;1;21;3.40;4;1;1;74;0;4560121;-1;0
147;18;336;12;40;2;72;3.80;1;1;1;75;0;4560272;1471;0
147;18;336;12;40;2;99;3.40;5;2;1;76;0;4560299;77;0
147;18;336;12;40;2;83;6.20;3;1;1;71;0;4560283;161;4559599
147;18;336;12;40;3;99;3.60;4;1;1;76;0;4560399;261;0
147;18;336;12;40;3;99;3.60;7;2;1;81;0;4560399;981;0
147;18;336;12;40;3;99;3.60;3;1;1;74;0;4560399;84;4559599
147;18;336;12;40;4;22;3.80;2;1;1;78;0;4560422;206;0
147;18;336;12;40;4;37;4.00;4;1;1;79;0;4560437;20;0
147;18;336;12;40;5;4;3.60;6;2;1;73;0;4560504;389;0
147;18;336;12;40;5;99;3.80;4;1;1;79;0;4560599;143;0
147;18;336;12;40;6;99;4.40;6;2;1;73;0;4560699;177;0
147;18;336;12;40;6;99;3.60;2;1;1;77;0;4560699;259;0
147;18;336;12;40;6;99;3.40;4;1;1;79;0;4560699;82;0
147;18;336;12;40;7;7;3.40;6;2;1;77;0;4560707;-1;0
147;18;336;12;40;8;99;3.60;3;1;1;80;0;4560899;482;0
147;18;336;12;40;9;16;4.00;2;1;1;84;0;4560916;200;0
147;18;336;12;40;9;36;3.40;4;1;1;83;0;4560936;221;0
147;18;336;12;40;10;99;3.60;6;2;1;82;0;4561099;376;0
147;18;336;12;40;11;99;3.60;2;1;1;75;0;4561199;265;0
147;18;336;12;40;12;25;3.60;2;1;1;77;0;4561225;8;0
147;18;336;12;40;12;61;3.40;7;2;1;70;0;4561261;846;0
147;18;336;12;40;13;99;3.60;6;2;1;81;0;4561399;284;0
147;18;336;12;40;14;99;3.40;2;1;1;78;0;4561499;257;0
147;18;336;12;40;14;24;3.40;3;1;1;83;0;4561424;508;0
147;18;336;12;40;15;77;3.60;6;2;1;82;0;4561577;162;0
147;18;336;12;40;15;99;3.60;3;1;1;76;0;4561599;160;0
147;18;336;12;40;16;99;4.00;1;1;1;80;0;4561699;1408;0
147;18;336;12;40;17;18;3.40;2;1;1;79;0;4561718;203;0
147;18;336;12;40;17;24;3.60;3;1;1;73;0;4561724;107;0
147;18;336;12;40;18;1;3.60;1;1;1;78;0;4561801;84;0
147;18;336;12;40;18;99;4.00;1;1;1;77;0;4561899;81;0
147;18;336;12;40;19;18;3.60;3;1;1;74;0;4561918;176;0
147;18;336;12;40;19;27;3.00;2;1;1;75;0;4561927;193;0
147;18;336;12;40;20;85;4.20;7;2;1;93;0;4562085;806;0
147;18;336;12;40;21;2;3.80;6;2;1;95;0;4562102;509;0
147;18;336;12;40;22;12;3.80;3;1;1;79;0;4562212;276;0
147;18;336;12;40;23;99;3.60;1;1;1;78;0;4562399;481;0
147;18;336;12;40;24;0;3.60;4;1;1;79;0;4562400;1449;0
147;18;336;12;40;25;16;3.20;3;1;1;78;0;4562516;286;0
147;18;336;12;40;25;79;3.80;2;1;1;82;0;4562579;637;0
147;18;336;12;40;25;92;3.40;4;1;1;81;0;4562592;175;0
147;18;336;12;40;26;99;3.80;6;2;1;84;0;4562699;582;0
147;18;336;12;40;26;99;3.80;5;2;1;86;0;4562699;2383;0
147;18;336;12;40;27;48;3.60;2;1;1;80;0;4562748;152;0
147;18;336;12;40;28;99;3.40;2;1;1;76;0;4562899;134;0
147;18;336;12;40;28;99;3.40;6;2;1;85;0;4562899;183;0
147;18;336;12;40;29;99;3.60;3;1;1;78;0;4562999;468;0
147;18;336;12;40;31;99;3.80;4;1;1;80;0;4563199;591;0
147;18;336;12;40;32;15;3.40;3;1;1;76;0;4563215;199;0
147;18;336;12;40;33;19;3.20;2;1;1;77;0;4563319;403;0
147;18;336;12;40;34;99;3.60;2;1;1;79;0;4563499;165;0
147;18;336;12;40;36;7;3.40;3;1;1;76;0;4563607;375;0
147;18;336;12;40;36;99;4.00;2;1;1;85;0;4563699;183;0
147;18;336;12;40;37;38;3.60;2;1;1;79;0;4563738;22;0
147;18;336;12;40;38;99;3.40;3;1;1;76;0;4563899;275;0
147;18;336;12;40;39;3;3.00;2;1;1;77;0;4563903;148;4563319
147;18;336;12;40;39;26;3.60;7;2;1;84;0;4563926;1824;0
147;18;336;12;40;39;27;3.20;4;1;1;81;0;4563927;710;0
147;18;336;12;40;39;99;4.00;3;1;1;75;0;4563999;83;0
147;18;336;12;40;40;27;3.40;2;1;1;79;0;4564027;109;4563319
147;18;336;12;40;40;60;3.60;7;2;1;90;0;4564060;118;4563319
147;18;336;12;40;41;7;6.00;4;1;1;79;0;4564107;165;4563319
147;18;336;12;40;41;99;3.60;2;1;1;77;0;4564199;156;4563319
147;18;336;12;40;41;99;3.80;6;2;1;86;0;4564199;1285;0
147;18;336;12;40;42;99;3.40;8;2;1;86;0;4564299;4514;0
147;18;336;12;40;42;99;3.40;3;1;1;79;0;4564299;280;0
147;18;336;12;40;43;19;3.40;6;2;1;88;0;4564319;104;0
147;18;336;12;40;45;2;3.80;2;1;1;77;0;4564502;286;0
147;18;336;12;40;45;19;3.80;6;2;1;86;0;4564519;186;0
147;18;336;12;40;45;29;7.20;1;1;1;84;0;4564529;2113;0
147;18;336;12;40;45;55;3.00;3;1;1;82;0;4564555;240;0
147;18;336;12;40;46;99;3.80;2;1;1;83;0;4564699;179;0
147;18;336;12;40;48;22;3.40;7;2;1;78;0;4564822;747;0
147;18;336;12;40;49;19;3.80;7;2;1;75;0;4564919;81;0
147;18;336;12;40;49;99;4.00;6;2;1;80;0;4564999;464;0
147;18;336;12;40;50;99;3.80;8;2;1;81;0;4565099;785;0
147;18;336;12;40;51;19;3.20;4;1;1;82;0;4565119;984;0
147;18;336;12;40;51;99;3.40;3;1;1;75;0;4565199;630;0
147;18;336;12;40;52;99;3.20;4;1;1;79;0;4565299;165;0
147;18;336;12;40;53;62;4.00;8;2;1;82;0;4565362;246;0
147;18;336;12;40;53;78;3.80;5;2;1;92;0;4565378;2663;0
147;18;336;12;40;53;75;3.80;7;2;1;76;0;4565375;437;0
147;18;336;12;40;53;98;3.60;3;1;1;75;0;4565398;182;0
147;18;336;12;40;54;99;3.40;6;2;1;83;0;4565499;482;0
147;18;336;12;40;54;99;3.40;3;1;1;74;0;4565499;83;0
147;18;336;12;40;55;99;4.00;5;2;1;86;0;4565599;206;0
147;18;336;12;40;56;99;3.60;4;1;1;82;0;4565699;385;0
147;18;336;12;40;57;99;3.80;6;2;1;78;0;4565799;285;0
147;18;336;12;40;57;99;3.00;3;1;1;78;0;4565799;283;0
147;18;336;12;40;58;7;8.00;6;2;6;79;0;4565807;-1;0
147;18;336;12;40;58;64;3.60;3;1;1;72;0;4565864;51;0
147;18;336;12;40;58;86;3.40;5;2;1;86;0;4565886;270;0
147;18;336;12;40;59;99;3.60;6;2;1;75;0;4565999;155;0
147;18;336;12;40;59;99;3.60;5;2;1;87;0;4565999;98;0
147;18;336;12;41;1;7;3.40;6;2;1;77;0;4566107;90;0
147;18;336;12;41;1;99;4.00;8;2;1;76;0;4566199;819;0
147;18;336;12;41;2;99;3.60;3;1;1;77;0;4566299;417;0
147;18;336;12;41;2;99;3.60;2;1;1;80;0;4566299;1583;0
147;18;336;12;41;3;29;3.80;6;2;1;80;0;4566329;206;0
147;18;336;12;41;3;24;3.60;3;1;1;71;0;4566324;8;0
147;18;336;12;41;3;44;3.60;4;1;1;78;0;4566344;629;0
147;18;336;12;41;4;99;3.60;6;2;1;78;0;4566499;152;0
147;18;336;12;41;4;99;4.00;8;2;1;78;0;4566499;281;0
147;18;336;12;41;5;6;3.40;3;1;1;76;0;4566506;163;0
147;18;336;12;41;6;82;3.60;3;1;1;78;0;4566682;159;0
147;18;336;12;41;6;92;4.20;7;2;1;81;0;4566692;1299;0
147;18;336;12;41;9;99;4.00;3;1;1;75;0;4566999;300;0
147;18;336;12;41;12;99;3.40;3;1;1;76;0;4567299;280;0
147;18;336;12;41;13;29;3.40;6;2;1;83;0;4567329;813;0
147;18;336;12;41;14;0;3.20;2;1;1;85;0;4567400;1084;0
147;18;336;12;41;14;99;3.80;4;1;1;81;0;4567499;1138;0
147;18;336;12;41;15;99;3.20;2;1;1;69;0;4567599;185;0
147;18;336;12;41;17;13;3.40;2;1;1;74;0;4567713;97;0
147;18;336;12;41;18;99;3.40;2;1;1;78;0;4567899;169;0
147;18;336;12;41;18;99;3.60;3;1;1;72;0;4567899;583;0
147;18;336;12;41;18;1;3.60;7;2;1;77;0;4567801;1090;0
147;18;336;12;41;19;93;3.20;6;2;1;83;0;4567993;649;0
147;18;336;12;41;20;26;3.00;3;1;1;77;0;4568026;109;0
147;18;336;12;41;21;45;3.80;5;2;1;87;0;4568145;2131;0
147;18;336;12;41;22;99;4.40;4;1;1;79;0;4568299;783;0
147;18;336;12;41;23;11;3.80;6;2;1;79;0;4568311;304;0
147;18;336;12;41;23;20;4.20;5;2;1;94;0;4568320;159;0
147;18;336;12;41;23;29;3.40;6;2;1;82;0;4568329;0;0
147;18;336;12;41;24;13;3.80;2;1;1;83;0;4568413;498;0
147;18;336;12;41;24;90;3.40;7;2;1;87;0;4568490;672;0
147;18;336;12;41;25;0;4.00;5;2;1;93;0;4568500;163;0
147;18;336;12;41;25;12;3.00;6;2;1;82;0;4568512;168;0
147;18;336;12;41;25;99;3.80;7;2;1;79;0;4568599;94;0
147;18;336;12;41;26;36;4.00;3;1;1;77;0;4568636;595;0
147;18;336;12;41;27;9;3.20;7;2;1;86;0;4568709;92;0
147;18;336;12;41;29;78;3.80;5;2;1;85;0;4568978;462;0
147;18;336;12;41;29;99;3.60;3;1;1;73;0;4568999;344;0
147;18;336;12;41;30;99;3.80;1;1;1;85;0;4569099;4539;0
147;18;336;12;41;31;16;3.60;4;1;1;77;0;4569116;796;0
147;18;336;12;41;31;99;3.80;8;2;1;69;0;4569199;2681;0
147;18;336;12;41;32;99;3.40;1;1;1;79;0;4569299;183;0
147;18;336;12;41;32;99;3.40;2;1;1;66;0;4569299;869;0
147;18;336;12;41;32;99;3.40;6;2;1;73;0;4569299;773;0
147;18;336;12;41;32;99;3.40;3;1;1;69;0;4569299;282;0
147;18;336;12;41;32;99;3.20;7;2;1;81;0;4569299;576;0
147;18;336;12;41;33;12;3.40;4;1;1;76;0;4569312;179;0
147;18;336;12;41;34;32;3.80;3;1;1;72;0;4569432;115;0
147;18;336;12;41;35;9;3.40;1;1;1;70;0;4569509;194;0
147;18;336;12;41;35;99;3.40;6;2;1;75;0;4569599;283;0
147;18;336;12;41;35;99;3.40;3;1;1;71;0;4569599;148;0
147;18;336;12;41;36;16;3.80;4;1;1;79;0;4569616;287;0
147;18;336;12;41;36;99;3.60;2;1;1;74;0;4569699;381;0
147;18;336;12;41;38;99;3.80;2;1;1;78;0;4569899;182;0
147;18;336;12;41;38;99;3.40;3;1;1;71;0;4569899;282;0
147;18;336;12;41;39;22;3.80;6;2;1;78;0;4569922;306;0
147;18;336;12;41;40;18;3.20;3;1;1;74;0;4570018;101;0
147;18;336;12;41;41;12;3.40;5;2;1;85;0;4570112;1117;0
147;18;336;12;41;42;24;2.60;7;2;1;73;0;4570224;910;0
147;18;336;12;41;42;99;3.60;4;1;1;78;0;4570299;665;0
147;18;336;12;41;42;99;3.60;1;1;1;76;0;4570299;772;0
147;18;336;12;41;43;99;3.40;7;2;1;76;0;4570399;162;0
147;18;336;12;41;44;3;3.60;4;1;1;80;0;4570403;87;0
147;18;336;12;41;44;80;2.60;6;2;1;73;0;4570480;540;0
147;18;336;12;41;45;3;4.40;4;1;1;81;0;4570503;83;0
147;18;336;12;41;45;99;3.60;1;1;1;79;0;4570599;282;0
147;18;336;12;41;46;8;3.40;4;1;1;78;0;4570608;85;0
147;18;336;12;41;46;99;3.80;7;2;1;82;0;4570699;283;0
147;18;336;12;41;46;23;3.80;6;2;1;75;0;4570623;130;0
147;18;336;12;41;47;73;3.40;4;1;1;79;0;4570773;149;4570299
147;18;336;12;41;48;99;3.60;5;2;1;79;0;4570899;772;0
147;18;336;12;41;48;99;3.80;6;2;1;77;0;4570899;257;0
147;18;336;12;41;48;99;3.60;1;1;1;65;0;4570899;283;0
147;18;336;12;41;49;68;3.80;3;1;1;79;0;4570968;934;0
147;18;336;12;41;50;99;3.20;2;1;1;78;0;4571099;1182;0
147;18;336;12;41;50;99;3.60;6;2;1;77;0;4571099;182;0
147;18;336;12;41;50;99;4.00;4;1;1;81;0;4571099;310;0
147;18;336;12;41;50;99;3.80;8;2;1;78;0;4571099;1880;0
147;18;336;12;41;51;11;3.20;3;1;1;75;0;4571111;125;0
147;18;336;12;41;52;99;6.60;3;1;1;76;0;4571299;172;0
147;18;336;12;41;53;99;3.60;8;2;1;78;0;4571399;282;0
147;18;336;12;41;53;99;3.40;5;2;1;92;0;4571399;483;0
147;18;336;12;41;53;99;3.80;6;2;1;73;0;4571399;283;0
147;18;336;12;41;54;32;3.80;7;2;1;84;0;4571432;716;0
147;18;336;12;41;55;22;3.80;3;1;1;78;0;4571522;191;0
147;18;336;12;41;55;99;3.60;4;1;1;88;0;4571599;482;0
147;18;336;12;41;55;99;3.80;6;2;1;87;0;4571599;181;0
147;18;336;12;41;56;99;3.60;4;1;1;83;0;4571699;85;0
147;18;336;12;41;56;99;3.80;6;2;1;79;0;4571699;84;0
147;18;336;12;41;57;44;3.60;5;2;1;85;0;4571744;331;0
147;18;336;12;41;57;64;3.60;4;1;1;84;0;4571764;49;0
147;18;336;12;41;57;99;3.40;5;2;1;86;0;4571799;39;0
147;18;336;12;41;57;99;3.60;1;1;1;76;0;4571799;880;0
147;18;336;12;41;58;5;3.80;3;1;1;75;0;4571805;265;0
147;18;336;12;41;58;99;3.60;6;2;1;74;0;4571899;182;0
147;18;336;12;42;0;84;4.00;3;1;1;74;0;4572084;260;0
147;18;336;12;42;0;93;3.80;1;1;1;76;0;4572093;276;0
147;18;336;12;42;0;99;3.20;2;1;1;90;0;4572099;985;0
147;18;336;12;42;1;10;3.80;7;2;1;79;0;4572110;661;0
147;18;336;12;42;1;99;4.00;8;2;1;83;0;4572199;783;0
147;18;336;12;42;2;2;3.80;3;1;1;75;0;4572202;98;0
147;18;336;12;42;2;25;3.40;6;2;1;75;0;4572225;308;0
147;18;336;12;42;2;71;3.80;5;2;1;86;0;4572271;457;0
147;18;336;12;42;3;99;3.20;6;2;1;77;0;4572399;157;0
147;18;336;12;42;4;99;3.80;5;2;1;87;0;4572499;212;0
147;18;336;12;42;5;74;2.80;6;2;1;80;0;4572574;160;0
147;18;336;12;42;5;98;3.20;3;1;1;81;0;4572598;377;0
147;18;336;12;42;6;99;3.20;7;2;1;80;0;4572699;571;0
147;18;336;12;42;8;99;3.60;5;2;1;86;0;4572899;384;0
147;18;336;12;42;8;99;3.40;7;2;1;88;0;4572899;185;0
147;18;336;12;42;8;99;3.20;6;2;1;79;0;4572899;312;0
147;18;336;12;42;10;3;3.60;6;2;1;81;0;4573003;89;0
147;18;336;12;42;10;18;4.00;5;2;1;94;0;4573018;103;0
147;18;336;12;42;10;6;4.40;3;1;1;72;0;4573006;393;0
147;18;336;12;42;13;99;3.20;2;1;1;83;0;4573399;1287;0
147;18;336;12;42;15;99;5.20;7;2;1;79;0;4573599;686;0
147;18;336;12;42;19;99;3.20;7;2;1;78;0;4573999;376;0
147;18;336;12;42;21;19;3.40;4;1;1;88;0;4574119;2339;0
147;18;336;12;42;21;99;3.60;7;2;1;80;0;4574199;185;0
147;18;336;12;42;22;9;3.40;7;2;1;79;0;4574209;-1;0
147;18;336;12;42;22;99;3.60;2;1;1;79;0;4574299;886;0
147;18;336;12;42;22;11;3.40;6;2;1;83;0;4574211;1192;0
147;18;336;12;42;22;45;3.00;3;1;1;71;0;4574245;1217;0
147;18;336;12;42;24;2;4.60;7;2;1;73;0;4574402;177;0
147;18;336;12;42;24;99;3.80;2;1;1;83;0;4574499;183;0
147;18;336;12;42;24;99;3.60;3;1;1;72;0;4574499;238;0
147;18;336;12;42;25;44;3.60;6;2;1;74;0;4574544;318;0
147;18;336;12;42;26;16;3.40;7;2;1;77;0;4574616;191;4573999
147;18;336;12;42;28;8;3.80;3;1;1;89;0;4574808;291;0
147;18;336;12;42;28;67;3.40;1;1;1;74;0;4574867;2756;0
147;18;336;12;42;28;99;3.80;2;1;1;84;0;4574899;383;0
147;18;336;12;42;28;91;8.20;6;2;6;83;0;4574891;329;0
147;18;336;12;42;29;99;3.60;3;1;1;81;0;4574999;175;0
147;18;336;12;42;29;99;3.60;6;2;1;83;0;4574999;72;0
147;18;336;12;42;31;12;3.40;4;1;1;83;0;4575112;979;0
147;18;336;12;42;31;99;3.60;3;1;1;76;0;4575199;184;0
147;18;336;12;42;32;99;3.20;3;1;1;77;0;4575299;82;0
147;18;336;12;42;34;15;3.20;4;1;1;81;0;4575415;288;0
147;18;336;12;42;34;22;3.40;3;1;1;78;0;4575422;108;4574808
147;18;336;12;42;34;99;3.80;6;2;1;80;0;4575499;484;0
147;18;336;12;42;35;9;3.60;5;2;1;88;0;4575509;2475;0
147;18;336;12;42;35;15;3.60;3;1;1;73;0;4575515;77;4574808
147;18;336;12;42;37;13;3.80;5;2;1;82;0;4575713;189;4574808
147;18;336;12;42;37;99;4.80;6;2;1;70;0;4575799;282;0
147;18;336;12;42;37;99;3.00;2;1;1;82;0;4575799;883;0
147;18;336;12;42;39;99;3.00;3;1;1;76;0;4575999;466;0
147;18;336;12;42;40;21;3.60;5;2;1;82;0;4576021;291;0
147;18;336;12;42;40;40;3.40;6;2;1;77;0;4576040;216;0
147;18;336;12;42;40;50;3.40;2;1;1;75;0;4576050;237;0
147;18;336;12;42;41;99;3.20;4;1;1;84;0;4576199;769;0
147;18;336;12;42;41;99;3.60;6;2;1;75;0;4576199;143;0
147;18;336;12;42;42;26;3.40;2;1;1;79;0;4576226;159;0
147;18;336;12;42;42;22;4.00;7;2;1;80;0;4576222;1590;0
147;18;336;12;42;42;99;3.20;3;1;1;82;0;4576299;285;0
147;18;336;12;42;43;82;3.60;2;1;1;79;0;4576382;140;0
147;18;336;12;42;45;3;3.80;3;1;1;82;0;4576503;189;0
147;18;336;12;42;46;6;3.00;3;1;1;78;0;4576606;86;0
147;18;336;12;42;47;99;4.60;7;2;1;83;0;4576799;559;0
147;18;336;12;42;47;99;3.60;6;2;1;76;0;4576799;582;0
147;18;336;12;42;48;86;3.00;5;2;1;86;0;4576886;849;0
147;18;336;12;42;49;19;3.60;6;2;1;77;0;4576919;102;0
147;18;336;12;42;49;99;3.00;3;1;1;78;0;4576999;379;0
147;18;336;12;42;52;99;3.80;3;1;1;82;0;4577299;286;0
147;18;336;12;42;54;99;3.60;6;2;1;80;0;4577499;563;0
147;18;336;12;42;55;9;3.60;1;1;1;78;0;4577509;2625;0
147;18;336;12;42;55;99;3.60;6;2;1;85;0;4577599;83;0
147;18;336;12;42;56;25;3.00;6;2;1;82;0;4577625;10;0
147;18;336;12;42;56;51;3.40;2;1;1;81;0;4577651;1252;0
147;18;336;12;42;57;99;4.60;6;2;1;95;0;4577799;160;0
147;18;336;12;42;58;16;3.80;3;1;1;75;0;4577816;500;0
147;18;336;12;42;58;56;3.40;4;1;1;80;0;4577856;1643;0
147;18;336;12;42;59;99;4.00;3;1;1;73;0;4577999;164;0
147;18;336;12;43;1;18;3.40;4;1;1;81;0;4578118;246;0
147;18;336;12;43;1;33;3.40;3;1;1;73;0;4578133;114;0
147;18;336;12;43;2;99;3.60;3;1;1;71;0;4578299;149;0
147;18;336;12;43;2;99;3.80;5;2;1;83;0;4578299;1400;0
147;18;336;12;43;2;99;3.60;2;1;1;73;0;4578299;632;0
147;18;336;12;43;3;99;3.40;6;2;1;78;0;4578399;582;0
147;18;336;12;43;4;86;3.40;6;2;1;77;0;4578486;71;0
147;18;336;12;43;5;99;3.80;3;1;1;81;0;4578599;281;0
147;18;336;12;43;6;68;3.80;5;2;1;89;0;4578668;352;0
147;18;336;12;43;6;68;3.40;6;2;1;79;0;4578668;166;0
147;18;336;12;43;7;99;3.40;3;1;1;79;0;4578799;183;0
147;18;336;12;43;9;20;3.80;2;1;1;83;0;4578920;603;0
147;18;336;12;43;9;86;3.40;6;2;1;75;0;4578986;302;0
147;18;336;12;43;9;99;3.80;5;2;1;89;0;4578999;315;0
147;18;336;12;43;10;99;3.20;6;2;1;72;0;4579099;96;0
147;18;336;12;43;10;99;3.60;3;1;1;78;0;4579099;284;0
147;18;336;12;43;11;18;3.60;7;2;1;75;0;4579118;2299;0
147;18;336;12;43;11;15;3.20;6;2;1;75;0;4579115;-1;0
147;18;336;12;43;11;60;3.40;5;2;1;82;0;4579160;145;0
147;18;336;12;43;12;99;6.00;2;1;1;80;0;4579299;362;0
147;18;336;12;43;12;99;3.20;6;2;1;75;0;4579299;168;0
147;18;336;12;43;11;59;5.80;7;2;1;27;0;4579159;23;0
147;18;336;12;43;13;99;7.40;4;1;2;83;0;4579399;1265;0
147;18;336;12;43;14;4;3.00;3;1;1;83;0;4579404;288;0
147;18;336;12;43;14;99;3.60;6;2;1;74;0;4579499;184;4578986
147;18;336;12;43;15;4;3.60;2;1;1;84;0;4579504;178;4578986
147;18;336;12;43;15;24;3.60;4;1;1;80;0;4579524;92;4578986
147;18;336;12;43;15;99;3.20;3;1;1;77;0;4579599;181;4578986
147;18;336;12;43;18;8;3.60;3;1;1;79;0;4579808;194;4578986
147;18;336;12;43;19;12;3.20;6;2;1;79;0;4579912;395;0
147;18;336;12;43;22;94;3.60;3;1;1;79;0;4580294;469;0
147;18;336;12;43;23;99;3.80;1;1;1;92;0;4580399;2873;0
147;18;336;12;43;24;1;3.40;3;1;1;82;0;4580401;90;0
147;18;336;12;43;24;44;3.40;6;2;1;75;0;4580444;517;0
147;18;336;12;43;25;99;3.80;3;1;1;80;0;4580599;183;0
147;18;336;12;43;26;99;18.40;2;1;5;78;0;4580699;1179;0
147;18;336;12;43;24;55;5.80;7;2;1;26;0;4580455;1218;0
147;18;336;12;43;27;23;4.00;3;1;1;82;0;4580723;106;0
147;18;336;12;43;27;99;3.60;4;1;1;84;0;4580799;1258;0
147;18;336;12;43;28;99;3.40;1;1;1;76;0;4580899;485;0
147;18;336;12;43;29;24;3.80;3;1;1;80;0;4580924;183;4580294
147;18;336;12;43;30;99;8.00;3;1;6;75;0;4581099;157;4580294
147;18;336;12;43;30;99;3.80;6;2;1;75;0;4581099;638;0
147;18;336;12;43;31;99;4.00;1;1;1;94;0;4581199;283;0
147;18;336;12;43;31;99;3.80;3;1;1;74;0;4581199;61;4580294
147;18;336;12;43;31;20;3.40;4;1;1;79;0;4581120;305;0
147;18;336;12;43;32;63;5.00;7;2;1;83;0;4581263;727;0
147;18;336;12;43;32;82;3.80;3;1;1;76;0;4581282;64;4580294
147;18;336;12;43;32;99;3.60;2;1;1;75;0;4581299;515;0
147;18;336;12;43;32;99;4.00;1;1;1;91;0;4581299;84;0
147;18;336;12;43;34;17;3.60;6;2;1;78;0;4581417;299;0
147;18;336;12;43;34;42;3.00;2;1;1;81;0;4581442;125;0
147;18;336;12;43;35;20;3.80;5;2;1;80;0;4581520;2345;0
147;18;336;12;43;35;27;3.40;7;2;1;81;0;4581527;242;0
147;18;336;12;43;35;99;3.20;6;2;1;68;0;4581599;165;0
147;18;336;12;43;36;99;3.40;3;1;1;75;0;4581699;399;0
147;18;336;12;43;36;99;3.80;2;1;1;76;0;4581699;243;0
147;18;336;12;43;37;99;5.80;2;1;1;84;0;4581799;82;0
147;18;336;12;43;38;20;3.60;3;1;1;78;0;4581820;104;0
147;18;336;12;43;39;27;3.20;3;1;1;77;0;4581927;90;0
147;18;336;12;43;40;24;3.80;2;1;1;85;0;4582024;200;0
147;18;336;12;43;40;99;9.20;1;1;6;82;0;4582099;784;0
147;18;336;12;43;42;2;3.20;3;1;1;77;0;4582202;260;0
147;18;336;12;43;43;99;4.20;3;1;1;82;0;4582399;182;0
147;18;336;12;43;44;14;3.40;6;2;1;75;0;4582414;798;0
147;18;336;12;43;44;51;3.60;2;1;1;87;0;4582451;410;0
147;18;336;12;43;45;5;4.60;6;2;1;78;0;4582505;74;0
147;18;336;12;43;47;59;3.40;3;1;1;77;0;4582759;341;0
147;18;336;12;43;47;97;3.40;6;2;1;90;0;4582797;270;0
147;18;336;12;43;49;99;8.60;3;1;2;81;0;4582999;224;0
147;18;336;12;43;50;10;3.60;4;1;1;89;0;4583010;1874;0
147;18;336;12;43;52;55;3.60;3;1;1;80;0;4583255;217;0
147;18;336;12;43;54;99;3.40;2;1;1;80;0;4583499;1033;0
147;18;336;12;43;54;4;4.00;5;2;1;92;0;4583404;1866;0
147;18;336;12;43;55;11;3.40;3;1;1;85;0;4583511;239;0
147;18;336;12;43;55;5;3.80;7;2;1;74;0;4583505;1962;0
147;18;336;12;43;55;99;3.80;1;1;1;89;0;4583599;1459;0
147;18;336;12;43;56;3;3.80;6;2;1;90;0;4583603;792;0
147;18;336;12;43;56;5;3.40;3;1;1;78;0;4583605;79;0
147;18;336;12;43;57;10;3.40;3;1;1;77;0;4583710;89;0
147;18;336;12;43;57;7;3.60;6;2;1;80;0;4583707;88;0
147;18;336;12;43;57;50;3.60;2;1;1;76;0;4583750;235;0
147;18;336;12;43;59;99;3.40;2;1;1;78;0;4583999;231;0
147;18;336;12;44;0;92;4.00;6;2;1;76;0;4584092;368;0
147;18;336;12;44;0;99;3.80;3;1;1;81;0;4584099;373;0
147;18;336;12;44;1;19;3.60;8;2;1;78;0;4584119;11902;0
147;18;336;12;44;1;99;4.00;2;1;1;81;0;4584199;184;0
147;18;336;12;44;2;24;3.60;2;1;1;82;0;4584224;7;0
147;18;336;12;44;2;61;3.20;6;2;1;77;0;4584261;150;0
147;18;336;12;44;2;63;3.20;3;1;1;75;0;4584263;147;0
147;18;336;12;44;3;99;3.80;2;1;1;81;0;4584399;159;0
147;18;336;12;44;4;99;3.80;7;2;1;85;0;4584499;975;0
147;18;336;12;44;4;99;3.80;5;2;1;87;0;4584499;1079;0
147;18;336;12;44;5;27;2.80;6;2;1;78;0;4584527;251;0
147;18;336;12;44;5;40;5.20;3;1;1;76;0;4584540;261;0
147;18;336;12;44;5;89;3.20;2;1;1;78;0;4584589;173;4583999
147;18;336;12;44;5;99;3.40;4;1;1;80;0;4584599;1574;0
147;18;336;12;44;6;99;3.40;3;1;1;78;0;4584699;134;0
147;18;336;12;44;7;17;3.60;4;1;1;80;0;4584717;102;0
147;18;336;12;44;10;41;3.60;3;1;1;84;0;4585041;326;0
147;18;336;12;44;12;41;3.60;1;1;1;77;0;4585241;1626;0
147;18;336;12;44;13;99;3.60;5;2;1;87;0;4585399;884;0
147;18;336;12;44;13;99;3.40;6;2;1;78;0;4585399;859;0
147;18;336;12;44;14;99;8.40;2;1;2;81;0;4585499;895;0
147;18;336;12;44;14;99;5.20;7;2;1;79;0;4585499;983;0
147;18;336;12;44;14;99;3.60;5;2;1;89;0;4585499;85;0
147;18;336;12;44;15;14;3.20;6;2;1;71;0;4585514;99;0
147;18;336;12;44;16;3;4.20;7;2;1;76;0;4585603;80;0
147;18;336;12;44;16;17;3.80;2;1;1;77;0;4585617;80;0
147;18;336;12;44;16;99;4.80;6;2;1;74;0;4585699;168;0
147;18;336;12;44;16;99;4.00;5;2;1;83;0;4585699;185;0
147;18;336;12;44;17;23;3.60;6;2;1;78;0;4585723;0;0
147;18;336;12;44;17;99;3.60;2;1;1;74;0;4585799;164;0
147;18;336;12;44;17;99;4.00;7;2;1;73;0;4585799;176;0
147;18;336;12;44;18;23;3.40;3;1;1;80;0;4585823;766;0
147;18;336;12;44;18;68;3.20;4;1;1;85;0;4585868;1134;0
147;18;336;12;44;18;99;3.60;6;2;1;79;0;4585899;159;4585399
147;18;336;12;44;19;99;3.60;5;2;1;82;0;4585999;282;0
147;18;336;12;44;20;99;5.00;7;2;1;82;0;4586099;280;0
147;18;336;12;44;20;27;3.40;4;1;1;84;0;4586027;145;0
147;18;336;12;44;20;56;3.80;3;1;1;78;0;4586056;217;0
147;18;336;12;44;21;99;3.80;5;2;1;85;0;4586199;184;0
147;18;336;12;44;22;99;3.80;6;2;1;85;0;4586299;383;0
147;18;336;12;44;22;99;3.60;2;1;1;64;0;4586299;482;0
147;18;336;12;44;23;58;3.80;4;1;1;84;0;4586358;316;0
147;18;336;12;44;23;79;4.20;1;1;1;66;0;4586379;1121;0
147;18;336;12;44;24;99;3.40;3;1;1;80;0;4586499;425;0
147;18;336;12;44;27;6;3.60;5;2;1;83;0;4586706;490;0
147;18;336;12;44;27;76;15.20;6;2;4;76;0;4586776;460;0
147;18;336;12;44;29;99;3.80;5;2;1;82;0;4586999;277;0
147;18;336;12;44;30;44;4.00;3;1;1;83;0;4587044;529;0
147;18;336;12;44;31;99;3.60;4;1;1;86;0;4587199;824;0
147;18;336;12;44;31;99;3.80;2;1;1;87;0;4587199;879;0
147;18;336;12;44;31;83;16.40;6;2;4;75;0;4587183;335;0
147;18;336;12;44;32;99;3.40;5;2;1;81;0;4587299;283;0
147;18;336;12;44;32;99;4.00;7;2;1;73;0;4587299;1178;0
147;18;336;12;44;33;44;3.80;2;1;1;87;0;4587344;129;0
147;18;336;12;44;33;64;3.20;4;1;1;84;0;4587364;149;0
147;18;336;12;44;34;16;3.20;3;1;1;79;0;4587416;354;0
147;18;336;12;44;34;99;8.40;8;2;6;78;0;4587499;3363;0
147;18;336;12;44;35;6;4.00;3;1;1;78;0;4587506;75;0
147;18;336;12;44;36;19;3.80;6;2;1;87;0;4587619;357;0
147;18;336;12;44;37;18;3.60;5;2;1;88;0;4587718;403;0
147;18;336;12;44;37;99;3.20;3;1;1;82;0;4587799;274;0
147;18;336;12;44;37;99;3.60;6;2;1;83;0;4587799;164;0
147;18;336;12;44;39;99;3.20;7;2;1;87;0;4587999;680;0
147;18;336;12;44;38;89;22.40;3;1;5;80;0;4587889;75;0
147;18;336;12;44;40;25;3.60;5;2;1;79;0;4588025;292;0
147;18;336;12;44;40;99;3.40;4;1;1;73;0;4588099;721;0
147;18;336;12;44;40;17;3.60;6;2;1;80;0;4588017;202;0
147;18;336;12;44;41;8;4.00;5;2;1;82;0;4588108;66;0
147;18;336;12;44;41;70;3.60;7;2;1;85;0;4588170;157;0
147;18;336;12;44;41;82;3.20;6;2;1;79;0;4588182;148;0
147;18;336;12;44;42;22;4.80;3;1;1;80;0;4588222;232;0
147;18;336;12;44;43;5;3.60;4;1;1;85;0;4588305;189;0
147;18;336;12;44;43;25;3.40;3;1;1;74;0;4588325;81;0
147;18;336;12;44;44;99;3.40;2;1;1;84;0;4588499;1139;0
147;18;336;12;44;46;68;3.40;3;1;1;76;0;4588668;326;0
147;18;336;12;44;48;3;3.40;3;1;1;82;0;4588803;118;0
147;18;336;12;44;49;7;3.20;5;2;1;92;0;4588907;781;0
147;18;336;12;44;49;4;3.80;7;2;1;75;0;4588904;718;0
147;18;336;12;44;49;94;3.60;4;1;1;85;0;4588994;673;0
147;18;336;12;44;50;6;3.20;3;1;1;81;0;4589006;188;0
147;18;336;12;44;50;99;3.40;4;1;1;83;0;4589099;89;0
147;18;336;12;44;51;0;4.00;7;2;1;80;0;4589100;177;0
147;18;336;12;44;51;26;3.80;3;1;1;87;0;4589126;105;0
147;18;336;12;44;51;71;3.00;2;1;1;82;0;4589171;657;0
147;18;336;12;44;52;4;3.60;7;2;1;79;0;4589204;86;0
147;18;336;12;44;52;21;3.60;6;2;1;82;0;4589221;1024;0
147;18;336;12;44;52;99;3.60;2;1;1;79;0;4589299;114;0
147;18;336;12;44;53;31;3.80;5;2;1;83;0;4589331;411;0
147;18;336;12;44;54;99;1.00;7;2;1;1;1;4589499;278;0
147;18;336;12;44;54;99;3.60;1;1;1;74;0;4589499;3097;0
147;18;336;12;44;56;33;3.20;5;2;1;93;0;4589633;285;0
147;18;336;12;44;57;2;3.60;2;1;1;80;0;4589702;386;0
147;18;336;12;44;57;99;3.60;1;1;1;91;0;4589799;282;0
147;18;336;12;44;57;99;3.80;6;2;1;89;0;4589799;562;0
147;18;336;12;44;57;99;3.40;3;1;1;77;0;4589799;657;0
147;18;336;12;44;58;27;3.40;2;1;1;75;0;4589827;108;0
147;18;336;12;45;0;4;3.80;4;1;1;79;0;4590004;890;0
147;18;336;12;45;1;45;3.20;2;1;1;76;0;4590145;301;0
147;18;336;12;45;2;99;3.00;8;2;1;66;0;4590299;2761;0
147;18;336;12;45;2;99;3.60;6;2;1;82;0;4590299;484;0
147;18;336;12;45;3;99;3.80;5;2;1;87;0;4590399;753;0
147;18;336;12;45;3;99;4.40;8;2;1;64;0;4590399;83;0
147;18;336;12;45;4;70;3.80;5;2;1;87;0;4590470;55;0
147;18;336;12;45;4;68;3.40;3;1;1;77;0;4590468;653;0
147;18;336;12;45;6;99;8.40;3;1;6;74;0;4590699;215;0
147;18;336;12;45;6;26;3.60;6;2;1;81;0;4590626;311;0
147;18;336;12;45;9;99;3.00;2;1;1;75;0;4590999;838;0
147;18;336;12;45;10;99;3.20;6;2;1;77;0;4591099;457;0
147;18;336;12;45;11;99;3.80;3;1;1;71;0;4591199;459;0
147;18;336;12;45;11;99;3.80;4;1;1;83;0;4591199;1177;0
147;18;336;12;45;12;25;3.00;6;2;1;77;0;4591225;111;0
147;18;336;12;45;12;99;3.80;8;2;1;84;0;4591299;875;0
147;18;336;12;45;13;99;3.20;3;1;1;85;0;4591399;180;0
147;18;336;12;45;14;70;3.40;4;1;1;87;0;4591470;254;0
147;18;336;12;45;15;99;3.40;3;1;1;76;0;4591599;186;0
147;18;336;12;45;15;99;3.60;2;1;1;71;0;4591599;585;0
147;18;336;12;45;16;27;3.00;4;1;1;86;0;4591627;142;0
147;18;336;12;45;16;99;2.80;1;1;1;79;0;4591699;1885;0
147;18;336;12;45;16;39;3.40;3;1;1;77;0;4591639;23;0
147;18;336;12;45;17;99;3.60;2;1;1;77;0;4591799;181;0
147;18;336;12;45;18;99;3.00;6;2;1;83;0;4591899;659;0
147;18;336;12;45;19;32;3.80;6;2;1;80;0;4591932;19;0
147;18;336;12;45;19;47;3.80;3;1;1;77;0;4591947;292;0
147;18;336;12;45;19;73;3.60;1;1;1;71;0;4591973;261;0
147;18;336;12;45;20;99;3.60;3;1;1;76;0;4592099;134;0
147;18;336;12;45;20;99;3.80;6;2;1;78;0;4592099;149;0
147;18;336;12;45;22;63;3.60;6;2;1;78;0;4592263;146;0
147;18;336;12;45;23;99;3.60;7;2;1;82;0;4592399;3178;0
147;18;336;12;45;25;99;3.60;8;2;1;71;0;4592599;1283;0
147;18;336;12;45;26;99;3.20;1;1;1;71;0;4592699;707;0
147;18;336;12;45;26;99;3.60;7;2;1;82;0;4592699;284;0
147;18;336;12;45;26;3;3.40;6;2;1;76;0;4592603;323;0
147;18;336;12;45;26;18;3.40;5;2;1;90;0;4592618;2132;0
147;18;336;12;45;27;15;3.60;2;1;1;80;0;4592715;899;0
147;18;336;12;45;27;51;4.60;7;2;1;82;0;4592751;36;0
147;18;336;12;45;28;99;3.60;2;1;1;80;0;4592899;167;0
147;18;336;12;45;29;21;3.80;6;2;1;75;0;4592921;301;0
147;18;336;12;45;31;2;3.20;3;1;1;70;0;4593102;985;0
147;18;336;12;45;32;36;3.00;6;2;1;76;0;4593236;296;0
147;18;336;12;45;33;99;4.60;3;1;1;71;0;4593399;280;0
147;18;336;12;45;33;99;3.20;8;2;1;80;0;4593399;781;0
147;18;336;12;45;34;99;3.80;6;2;1;71;0;4593499;248;0
147;18;336;12;45;35;6;3.00;2;1;1;78;0;4593506;590;0
147;18;336;12;45;35;22;3.20;3;1;1;71;0;4593522;99;0
147;18;336;12;45;36;99;3.00;3;1;1;72;0;4593699;160;0
147;18;336;12;45;38;0;3.60;3;1;1;73;0;4593800;86;0
147;18;336;12;45;38;99;3.40;8;2;1;79;0;4593899;485;0
147;18;336;12;45;38;99;3.80;7;2;1;76;0;4593899;1127;0
147;18;336;12;45;39;17;3.00;6;2;1;71;0;4593917;398;0
147;18;336;12;45;41;99;3.40;6;2;1;76;0;4594199;266;0
147;18;336;12;45;42;44;3.60;7;2;1;77;0;4594244;327;0
147;18;336;12;45;43;13;6.40;6;2;1;86;0;4594313;97;0
147;18;336;12;45;43;21;3.20;2;1;1;75;0;4594321;801;0
147;18;336;12;45;44;17;3.60;4;1;1;79;0;4594417;2777;0
147;18;336;12;45;44;99;3.60;6;2;1;82;0;4594499;159;0
147;18;336;12;45;44;7;3.40;2;1;1;80;0;4594407;70;0
147;18;336;12;45;45;71;3.20;6;2;1;88;0;4594571;56;0
147;18;336;12;45;46;99;3.20;2;1;1;80;0;4594699;276;0
147;18;336;12;45;47;13;3.40;6;2;1;77;0;4594713;128;4594199
147;18;336;12;45;47;57;5.00;2;1;1;79;0;4594757;43;4594199
147;18;336;12;45;48;99;3.60;5;2;1;85;0;4594899;2267;0
147;18;336;12;45;48;99;3.80;6;2;1;78;0;4594899;170;4594199
147;18;336;12;45;49;28;3.20;4;1;1;82;0;4594928;494;0
147;18;336;12;45;50;36;5.00;3;1;1;75;0;4595036;1218;0
147;18;336;12;45;51;16;4.00;4;1;1;87;0;4595116;173;0
147;18;336;12;45;51;99;3.80;4;1;1;87;0;4595199;66;0
147;18;336;12;45;51;99;3.80;6;2;1;76;0;4595199;282;0
147;18;336;12;45;52;20;3.60;3;1;1;76;0;4595220;160;0
147;18;336;12;45;52;23;3.60;7;2;1;81;0;4595223;962;0
147;18;336;12;45;52;55;3.80;4;1;1;81;0;4595255;40;0
147;18;336;12;45;53;99;2.80;3;1;1;77;0;4595399;161;0
147;18;336;12;45;53;99;5.80;4;1;1;81;0;4595399;127;4594928
147;18;336;12;45;54;99;3.80;3;1;1;76;0;4595499;86;4594928
147;18;336;12;45;54;99;3.20;6;2;1;80;0;4595499;282;0
147;18;336;12;45;54;2;3.60;5;2;1;82;0;4595402;487;0
147;18;336;12;45;55;36;7.40;3;1;2;70;0;4595536;19;4595036
147;18;336;12;45;56;10;3.40;3;1;1;71;0;4595610;35;4595036
147;18;336;12;45;56;99;3.80;6;2;1;89;0;4595699;185;4595036
147;18;336;12;45;56;99;3.80;3;1;1;68;0;4595699;71;4595036
147;18;336;12;45;57;18;3.80;1;1;1;74;0;4595718;3002;0
147;18;336;12;45;57;99;4.00;4;1;1;80;0;4595799;374;0
147;18;336;12;45;57;17;3.40;3;1;1;71;0;4595717;-1;4595036
147;18;336;12;45;58;98;3.80;6;2;1;81;0;4595898;183;4595036
147;18;336;12;45;58;99;8.20;2;1;6;71;0;4595899;1119;0
147;18;336;12;45;58;98;12.60;3;1;3;70;0;4595898;163;4595036
147;18;336;12;45;59;99;4.80;4;1;1;83;0;4595999;182;4595036
147;18;336;12;46;0;82;3.60;3;1;1;74;0;4596082;119;4595036
147;18;336;12;46;1;17;3.00;6;2;1;77;0;4596117;202;0
147;18;336;12;46;2;5;3.40;4;1;1;80;0;4596205;185;0
147;18;336;12;46;2;25;3.40;7;2;1;79;0;4596225;986;0
147;18;336;12;46;3;86;3.60;2;1;1;74;0;4596386;445;0
147;18;336;12;46;4;99;3.40;6;2;1;80;0;4596499;367;0
147;18;336;12;46;4;99;3.60;5;2;1;93;0;4596499;1081;0
147;18;336;12;46;4;99;3.40;2;1;1;73;0;4596499;95;0
147;18;336;12;46;4;99;3.20;3;1;1;72;0;4596499;399;0
147;18;336;12;46;7;10;3.60;8;2;1;73;0;4596710;2795;0
147;18;336;12;46;9;99;3.60;8;2;1;69;0;4596999;271;0
147;18;336;12;46;9;99;3.60;7;2;1;78;0;4596999;758;0
147;18;336;12;46;11;99;4.00;4;1;1;86;0;4597199;978;0
147;18;336;12;46;12;99;3.20;3;1;1;73;0;4597299;784;0
147;18;336;12;46;12;99;4.40;4;1;1;86;0;4597299;83;0
147;18;336;12;46;12;6;3.20;7;2;1;82;0;4597206;190;0
147;18;336;12;46;13;70;3.40;3;1;1;73;0;4597370;55;0
147;18;336;12;46;13;99;3.40;4;1;1;82;0;4597399;81;0
147;18;336;12;46;14;17;3.40;2;1;1;82;0;4597417;901;0
147;18;336;12;46;15;99;2.80;2;1;1;71;0;4597599;167;0
147;18;336;12;46;15;32;3.60;3;1;1;75;0;4597532;145;0
147;18;336;12;46;16;15;3.60;1;1;1;80;0;4597615;1878;0
147;18;336;12;46;16;93;3.60;6;2;1;81;0;4597693;1178;0
147;18;336;12;46;16;99;3.80;3;1;1;77;0;4597699;149;0
147;18;336;12;46;17;11;3.80;5;2;1;102;0;4597711;1198;0
147;18;336;12;46;17;99;3.00;7;2;1;79;0;4597799;578;0
147;18;336;12;46;18;9;3.40;3;1;1;67;0;4597809;92;4597299
147;18;336;12;46;18;64;3.20;2;1;1;73;0;4597864;250;0
147;18;336;12;46;19;99;3.60;3;1;1;67;0;4597999;171;4597299
147;18;336;12;46;20;19;4.00;7;2;1;89;0;4598019;206;0
147;18;336;12;46;20;38;3.40;4;1;1;83;0;4598038;624;0
147;18;336;12;46;21;99;3.40;3;1;1;73;0;4598199;180;4597299
147;18;336;12;46;23;25;3.40;3;1;1;79;0;4598325;109;4597299
147;18;336;12;46;23;79;3.80;1;1;1;83;0;4598379;747;0
147;18;336;12;46;24;99;3.60;7;2;1;78;0;4598499;463;0
147;18;336;12;46;24;99;3.80;5;2;1;82;0;4598499;774;0
147;18;336;12;46;26;20;3.60;6;2;1;74;0;4598620;911;0
147;18;336;12;46;26;99;4.00;3;1;1;82;0;4598699;358;0
147;18;336;12;46;28;6;3.40;5;2;1;82;0;4598806;290;0
147;18;336;12;46;28;17;3.20;3;1;1;79;0;4598817;100;0
147;18;336;12;46;29;99;3.40;6;2;1;74;0;4598999;361;0
147;18;336;12;46;30;27;3.40;4;1;1;87;0;4599027;974;0
147;18;336;12;46;30;20;3.60;4;1;1;87;0;4599020;-1;0
147;18;336;12;46;31;67;3.20;6;2;1;77;0;4599167;151;0
147;18;336;12;46;33;0;3.40;6;2;1;70;0;4599300;118;0
147;18;336;12;46;35;99;3.60;7;2;1;71;0;4599599;1083;0
147;18;336;12;46;36;9;3.00;8;2;1;76;0;4599609;2591;0
147;18;336;12;46;36;29;3.60;2;1;1;71;0;4599629;1749;0
147;18;336;12;46;36;89;3.80;4;1;1;80;0;4599689;654;0
147;18;336;12;46;36;99;4.00;7;2;1;78;0;4599699;81;0
147;18;336;12;46;37;99;3.60;3;1;1;77;0;4599799;967;0
147;18;336;12;46;37;99;3.40;7;2;1;76;0;4599799;81;0
147;18;336;12;46;37;99;4.40;6;2;1;78;0;4599799;481;0
147;18;336;12;46;39;99;3.40;7;2;1;79;0;4599999;183;0
147;18;336;12;46;39;99;3.60;6;2;1;73;0;4599999;179;0
147;18;336;12;46;40;99;3.80;5;2;1;83;0;4600099;1278;0
147;18;336;12;46;40;99;3.80;6;2;1;71;0;4600099;82;0
147;18;336;12;46;41;26;3.40;7;2;1;78;0;4600126;111;4599599
147;18;336;12;46;41;58;3.80;3;1;1;74;0;4600158;342;0
147;18;336;12;46;42;99;3.00;3;1;1;74;0;4600299;122;0
147;18;336;12;46;43;11;3.00;5;2;1;83;0;4600311;195;0
147;18;336;12;46;43;99;3.60;4;1;1;77;0;4600399;692;0
147;18;336;12;46;45;7;3.00;6;2;1;74;0;4600507;388;0
147;18;336;12;46;45;4;3.20;1;1;1;70;0;4600504;2108;0
147;18;336;12;46;46;18;3.20;7;2;1;81;0;4600618;476;0
147;18;336;12;46;47;99;3.40;3;1;1;78;0;4600799;485;0
147;18;336;12;46;47;99;3.40;7;2;1;81;0;4600799;166;0
147;18;336;12;46;48;99;3.60;6;2;1;80;0;4600899;377;0
147;18;336;12;46;51;18;3.80;2;1;1;80;0;4601118;1470;0
147;18;336;12;46;51;61;3.60;6;2;1;80;0;4601161;245;0
147;18;336;12;46;51;64;3.20;3;1;1;69;0;4601164;349;0
147;18;336;12;46;52;7;3.40;2;1;1;80;0;4601207;71;0
147;18;336;12;46;53;24;3.80;2;1;1;80;0;4601324;101;0
147;18;336;12;46;54;7;3.20;6;2;1;69;0;4601407;229;0
147;18;336;12;46;54;66;3.80;4;1;1;76;0;4601466;1050;0
147;18;336;12;46;55;99;3.20;1;1;1;76;0;4601599;1078;0
147;18;336;12;46;55;99;3.40;2;1;1;79;0;4601599;257;0
147;18;336;12;46;56;99;3.20;6;2;1;71;0;4601699;275;0
147;18;336;12;46;57;88;3.40;2;1;1;74;0;4601788;173;0
147;18;336;12;46;56;92;5.00;3;2;1;19;0;4601692;-2;0
147;18;336;12;46;59;99;3.60;4;1;1;79;0;4601999;515;0
147;18;336;12;46;58;54;1.00;3;1;1;1;1;4601854;673;0
147;18;336;12;46;59;46;1.00;3;2;1;28;1;4601946;159;0
147;18;336;12;47;0;99;3.60;5;2;1;80;0;4602099;1774;0
147;18;336;12;47;0;99;1.80;3;2;1;40;0;4602099;312;0
147;18;336;12;47;1;7;3.60;7;2;1;74;0;4602107;1292;0
147;18;336;12;47;1;99;3.20;1;1;1;80;0;4602199;584;0
147;18;336;12;47;1;99;1.40;3;2;1;38;0;4602199;83;0
147;18;336;12;47;1;41;3.40;2;1;1;63;0;4602141;336;0
147;18;336;12;47;2;12;3.80;6;2;1;83;0;4602212;496;0
147;18;336;12;47;2;82;3.60;7;2;1;73;0;4602282;157;0
147;18;336;12;47;2;99;3.20;2;1;1;71;0;4602299;138;0
147;18;336;12;47;2;99;3.80;6;2;1;82;0;4602299;70;0
147;18;336;12;47;3;99;3.60;3;1;1;65;0;4602399;1218;0
147;18;336;12;47;4;68;4.00;7;2;1;79;0;4602468;168;0
147;18;336;12;47;5;99;3.40;8;2;1;86;0;4602599;2975;0
147;18;336;12;47;6;32;3.60;8;2;1;83;0;4602632;18;0
147;18;336;12;47;6;23;3.80;4;1;1;75;0;4602623;607;0
147;18;336;12;47;7;80;4.00;6;2;1;83;0;4602780;464;0
147;18;336;12;47;7;99;3.80;7;2;1;78;0;4602799;312;0
147;18;336;12;47;8;99;3.40;2;1;1;81;0;4602899;583;0
147;18;336;12;47;9;11;3.40;5;2;1;81;0;4602911;795;0
147;18;336;12;47;9;19;3.60;7;2;1;79;0;4602919;102;0
147;18;336;12;47;10;16;3.80;4;1;1;80;0;4603016;374;0
147;18;336;12;47;10;22;3.60;6;2;1;80;0;4603022;224;0
147;18;336;12;47;12;15;3.80;6;2;1;87;0;4603215;176;0
147;18;336;12;47;12;86;3.40;3;1;1;77;0;4603286;867;0
147;18;336;12;47;13;19;3.60;2;1;1;75;0;4603319;404;0
147;18;336;12;47;13;99;3.80;6;2;1;87;0;4603399;168;0
147;18;336;12;47;13;99;3.40;3;1;1;77;0;4603399;97;0
147;18;336;12;47;15;2;3.60;6;2;1;77;0;4603502;87;0
147;18;336;12;47;15;75;11.60;2;1;3;79;0;4603575;238;0
147;18;336;12;47;16;26;2.60;6;2;1;77;0;4603626;107;4603022
147;18;336;12;47;17;9;3.40;3;1;1;80;0;4603709;294;0
147;18;336;12;47;18;99;3.80;4;1;1;89;0;4603899;865;0
147;18;336;12;47;19;16;3.20;3;1;1;87;0;4603916;191;0
147;18;336;12;47;22;95;3.40;6;2;1;79;0;4604295;656;0
147;18;336;12;47;23;99;3.60;4;1;1;86;0;4604399;484;0
147;18;336;12;47;24;16;3.40;3;1;1;77;0;4604416;486;0
147;18;336;12;47;24;99;3.80;6;2;1;79;0;4604499;188;0
147;18;336;12;47;26;14;3.40;6;2;1;76;0;4604614;97;0
147;18;336;12;47;27;39;4.00;2;1;1;89;0;4604739;1111;0
147;18;336;12;47;27;43;3.20;3;1;1;85;0;4604743;311;0
147;18;336;12;47;27;68;3.80;5;2;1;80;0;4604768;1841;0
147;18;336;12;47;28;99;3.60;3;1;1;75;0;4604899;142;0
147;18;336;12;47;28;99;3.60;6;2;1;74;0;4604899;268;0
147;18;336;12;47;30;6;3.60;1;1;1;81;0;4605006;2792;0
147;18;336;12;47;31;16;3.60;6;2;1;75;0;4605116;199;0
147;18;336;12;47;32;70;3.60;3;1;1;79;0;4605270;353;0
147;18;336;12;47;33;4;3.20;7;2;1;76;0;4605304;2368;0
147;18;336;12;47;33;99;3.80;7;2;1;77;0;4605399;79;0
147;18;336;12;47;35;70;3.60;6;2;1;81;0;4605570;436;0
147;18;336;12;47;36;11;3.80;7;2;1;87;0;4605611;194;0
147;18;336;12;47;37;26;3.80;2;1;1;82;0;4605726;970;0
147;18;336;12;47;37;34;3.60;4;1;1;84;0;4605734;1319;0
147;18;336;12;47;38;22;3.40;6;2;1;85;0;4605822;236;0
147;18;336;12;47;38;95;5.00;8;2;1;75;0;4605895;3247;0
147;18;336;12;47;38;99;3.00;4;1;1;90;0;4605899;149;0
147;18;336;12;47;38;99;4.00;3;1;1;77;0;4605899;612;0
147;18;336;12;47;39;18;3.60;2;1;1;79;0;4605918;175;0
147;18;336;12;47;39;99;3.60;3;1;1;75;0;4605999;81;0
147;18;336;12;47;40;14;4.00;8;2;1;76;0;4606014;95;0
147;18;336;12;47;41;28;3.40;2;1;1;80;0;4606128;193;0
147;18;336;12;47;41;99;4.00;3;1;1;77;0;4606199;182;0
147;18;336;12;47;42;1;4.40;7;2;1;75;0;4606201;574;0
147;18;336;12;47;43;90;4.20;6;2;1;86;0;4606390;553;0
147;18;336;12;47;43;99;3.80;8;2;1;85;0;4606399;366;0
147;18;336;12;47;45;86;3.60;6;2;1;86;0;4606586;178;0
147;18;336;12;47;47;2;3.20;7;2;1;88;0;4606702;479;0
147;18;336;12;47;47;15;3.60;3;1;1;78;0;4606715;497;0
147;18;336;12;47;48;69;3.80;2;1;1;74;0;4606869;725;0
147;18;336;12;47;48;99;3.80;6;2;1;84;0;4606899;297;0
147;18;336;12;47;49;14;3.60;5;2;1;90;0;4606914;2128;0
147;18;336;12;47;49;99;3.00;7;2;1;88;0;4606999;283;0
147;18;336;12;47;49;99;4.00;2;1;1;73;0;4606999;111;0
147;18;336;12;47;50;25;3.60;3;1;1;82;0;4607025;293;0
147;18;336;12;47;53;72;3.60;3;1;1;80;0;4607372;331;0
147;18;336;12;47;55;17;3.40;6;2;1;79;0;4607517;601;0
147;18;336;12;47;55;21;3.20;2;1;1;73;0;4607521;502;0
147;18;336;12;47;57;10;3.60;3;1;1;73;0;4607710;321;0
147;18;336;12;47;57;99;3.40;6;2;1;79;0;4607799;266;0
147;18;336;12;47;57;10;4.00;3;1;1;79;0;4607710;-1;0
147;18;336;12;47;59;3;3.60;6;2;1;78;0;4607903;88;0
147;18;336;12;47;59;99;3.80;2;1;1;72;0;4607999;462;0
147;18;336;12;47;59;99;3.60;3;1;1;76;0;4607999;270;0
147;18;336;12;48;1;22;3.40;3;1;1;76;0;4608122;105;0
147;18;336;12;48;2;24;3.80;5;2;1;83;0;4608224;1295;0
147;18;336;12;48;2;99;3.60;7;2;1;71;0;4608299;1287;0
147;18;336;12;48;2;99;3.20;2;1;1;75;0;4608299;281;0
147;18;336;12;48;4;99;3.60;2;1;1;74;0;4608499;184;0
147;18;336;12;48;5;19;3.60;6;2;1;76;0;4608519;599;0
147;18;336;12;48;6;99;3.40;2;1;1;79;0;4608699;182;0
147;18;336;12;48;8;42;3.40;3;1;1;78;0;4608842;703;0
147;18;336;12;48;8;68;3.40;6;2;1;92;0;4608868;331;0
147;18;336;12;48;8;81;3.60;5;2;1;98;0;4608881;640;0
147;18;336;12;48;9;99;3.00;3;1;1;77;0;4608999;141;0
147;18;336;12;48;12;19;3.80;3;1;1;78;0;4609219;205;0
147;18;336;12;48;14;99;3.80;6;2;1;76;0;4609499;617;0
147;18;336;12;48;16;77;3.80;2;1;1;79;0;4609677;962;0
147;18;336;12;48;17;99;3.60;6;2;1;75;0;4609799;282;0
147;18;336;12;48;17;99;3.80;7;2;1;74;0;4609799;1481;0
147;18;336;12;48;18;29;3.20;6;2;1;77;0;4609829;12;0
147;18;336;12;48;18;60;3.00;5;2;1;84;0;4609860;965;0
147;18;336;12;48;20;3;3.40;6;2;1;77;0;4610003;159;0
147;18;336;12;48;20;99;3.80;5;2;1;88;0;4610099;226;0
147;18;336;12;48;20;99;3.80;7;2;1;79;0;4610099;281;0
147;18;336;12;48;21;18;3.60;2;1;1;85;0;4610118;423;0
147;18;336;12;48;21;70;3.80;6;2;1;75;0;4610170;151;0
147;18;336;12;48;21;99;4.00;4;1;1;84;0;4610199;4288;0
147;18;336;12;48;22;99;4.00;7;2;1;77;0;4610299;182;0
147;18;336;12;48;22;99;3.60;5;2;1;82;0;4610299;184;0
147;18;336;12;48;23;10;3.60;3;1;1;76;0;4610310;1073;0
147;18;336;12;48;23;16;3.00;7;2;1;76;0;4610316;-1;0
147;18;336;12;48;24;99;4.40;7;2;1;77;0;4610499;168;0
147;18;336;12;48;26;86;3.40;6;2;1;76;0;4610686;497;0
147;18;336;12;48;31;51;3.80;3;1;1;81;0;4611151;823;0
147;18;336;12;48;31;62;3.40;6;2;1;83;0;4611162;459;0
147;18;336;12;48;32;99;3.60;3;1;1;80;0;4611299;131;0
147;18;336;12;48;33;99;3.40;4;1;1;82;0;4611399;1182;0
147;18;336;12;48;33;99;3.60;6;2;1;83;0;4611399;222;0
147;18;336;12;48;34;19;4.00;4;1;1;82;0;4611419;5;0
147;18;336;12;48;34;78;3.20;6;2;1;81;0;4611478;63;0
147;18;336;12;48;34;99;4.00;7;2;1;74;0;4611499;979;0
147;18;336;12;48;34;99;3.40;3;1;1;74;0;4611499;183;0
147;18;336;12;48;35;17;4.00;5;2;1;80;0;4611517;1202;0
147;18;336;12;48;35;99;3.40;2;1;1;77;0;4611599;1465;0
147;18;336;12;48;36;21;3.60;2;1;1;77;0;4611621;6;0
147;18;336;12;48;36;35;3.60;7;2;1;72;0;4611635;116;0
147;18;336;12;48;37;9;3.20;2;1;1;73;0;4611709;71;0
147;18;336;12;48;37;99;5.80;7;2;1;81;0;4611799;146;0
147;18;336;12;48;37;99;3.60;4;1;1;82;0;4611799;362;0
147;18;336;12;48;38;99;4.40;6;2;1;74;0;4611899;406;0
147;18;336;12;48;38;99;3.40;7;2;1;79;0;4611899;74;0
147;18;336;12;48;40;17;3.20;3;1;1;80;0;4612017;501;0
147;18;336;12;48;40;99;3.60;2;1;1;68;0;4612099;374;0
147;18;336;12;48;41;34;3.80;4;1;1;78;0;4612134;319;0
147;18;336;12;48;41;50;3.40;5;2;1;72;0;4612150;615;0
147;18;336;12;48;42;21;3.20;3;1;1;80;0;4612221;189;0
147;18;336;12;48;42;90;3.40;6;2;1;73;0;4612290;369;0
147;18;336;12;48;42;99;3.60;1;1;1;70;0;4612299;7277;0
147;18;336;12;48;43;99;3.20;2;1;1;71;0;4612399;280;0
147;18;336;12;48;44;35;3.20;2;1;1;69;0;4612435;19;0
147;18;336;12;48;44;99;3.60;4;1;1;83;0;4612499;347;0
147;18;336;12;48;45;99;4.80;7;2;1;76;0;4612599;684;0
147;18;336;12;48;46;4;3.40;7;2;1;79;0;4612604;-1;0
147;18;336;12;48;48;7;3.80;8;2;1;80;0;4612807;6391;0
147;18;336;12;48;48;28;3.20;3;1;1;83;0;4612828;592;0
147;18;336;12;48;48;99;3.40;6;2;1;77;0;4612899;592;0
147;18;336;12;48;49;59;3.00;4;1;1;88;0;4612959;444;0
147;18;336;12;48;50;99;3.20;6;2;1;82;0;4613099;184;0
147;18;336;12;48;52;27;3.80;4;1;1;81;0;4613227;255;0
147;18;336;12;48;51;99;8.00;3;1;6;70;0;4613199;357;0
147;18;336;12;48;51;19;3.40;2;1;1;77;0;4613119;667;0
147;18;336;12;48;53;99;4.00;2;1;1;73;0;4613399;264;0
147;18;336;12;48;53;99;3.20;3;1;1;86;0;4613399;158;0
147;18;336;12;48;54;72;3.20;4;1;1;80;0;4613472;228;0
147;18;336;12;48;56;31;3.80;3;1;1;76;0;4613631;218;0
147;18;336;12;48;57;16;3.80;2;1;1;74;0;4613716;297;0
147;18;336;12;48;57;99;3.60;4;1;1;83;0;4613799;312;0
147;18;336;12;48;56;23;4.40;7;2;1;22;0;4613623;1003;0
147;18;336;12;48;59;8;3.60;7;2;1;77;0;4613908;213;0
147;18;336;12;48;59;52;3.60;4;1;1;80;0;4613952;137;0
147;18;336;12;48;59;68;4.40;2;1;1;87;0;4613968;233;0
147;18;336;12;48;59;59;3.80;6;2;1;70;0;4613959;845;0
147;18;336;12;49;0;99;3.00;3;1;1;73;0;4614099;450;0
147;18;336;12;49;0;99;5.00;7;2;1;79;0;4614099;174;0
147;18;336;12;49;1;99;3.40;6;2;1;73;0;4614199;220;0
147;18;336;12;49;2;21;3.40;7;2;1;79;0;4614221;99;0
147;18;336;12;49;2;70;3.60;5;2;1;81;0;4614270;2103;0
147;18;336;12;49;3;26;3.80;5;2;1;81;0;4614326;40;0
147;18;336;12;49;3;99;3.20;6;2;1;80;0;4614399;183;0
147;18;336;12;49;4;20;3.60;6;2;1;74;0;4614420;6;0
147;18;336;12;49;5;99;3.80;3;1;1;70;0;4614599;485;0
147;18;336;12;49;6;99;3.20;2;1;1;68;0;4614699;712;0
147;18;336;12;49;6;99;3.60;6;2;1;78;0;4614699;261;0
147;18;336;12;49;7;73;3.20;2;1;1;69;0;4614773;57;0
147;18;336;12;49;7;98;3.20;3;1;1;70;0;4614798;179;0
147;18;336;12;49;8;99;3.20;4;1;1;76;0;4614899;930;0
147;18;336;12;49;9;13;3.40;6;2;1;76;0;4614913;197;0
147;18;336;12;49;9;99;3.80;3;1;1;71;0;4614999;184;0
147;18;336;12;49;11;9;3.80;2;1;1;77;0;4615109;319;0
147;18;336;12;49;11;99;3.40;4;1;1;79;0;4615199;284;0
147;18;336;12;49;11;99;5.20;6;2;1;78;0;4615199;269;0
147;18;336;12;49;11;99;3.60;5;2;1;83;0;4615199;856;0
147;18;336;12;49;12;67;3.00;6;2;1;77;0;4615267;44;0
147;18;336;12;49;12;75;3.60;4;1;1;83;0;4615275;60;0
147;18;336;12;49;12;89;3.60;5;2;1;85;0;4615289;74;0
147;18;336;12;49;13;4;3.80;7;2;1;95;0;4615304;1067;0
147;18;336;12;49;13;99;3.60;8;2;1;74;0;4615399;2574;0
147;18;336;12;49;14;15;3.20;6;2;1;80;0;4615415;133;0
147;18;336;12;49;14;21;3.80;5;2;1;89;0;4615421;116;0
147;18;336;12;49;15;93;3.80;7;2;1;84;0;4615593;274;0
147;18;336;12;49;15;99;3.60;6;2;1;81;0;4615599;169;0
147;18;336;12;49;15;99;3.80;4;1;1;85;0;4615599;308;0
147;18;336;12;49;16;99;3.60;3;1;1;73;0;4615699;680;0
147;18;336;12;49;20;18;3.40;3;1;1;75;0;4616018;301;0
147;18;336;12;49;20;97;3.60;6;2;1;80;0;4616097;482;0
147;18;336;12;49;21;99;3.80;3;1;1;73;0;4616199;164;0
147;18;336;12;49;23;99;3.60;2;1;1;78;0;4616399;1272;0
147;18;336;12;49;23;99;3.80;4;1;1;81;0;4616399;783;0
147;18;336;12;49;23;99;3.80;3;1;1;74;0;4616399;181;0
147;18;336;12;49;24;15;4.20;7;2;1;80;0;4616415;805;0
147;18;336;12;49;24;99;3.40;6;2;1;78;0;4616499;385;0
147;18;336;12;49;26;99;4.20;2;1;1;78;0;4616699;283;0
147;18;336;12;49;27;5;3.40;4;1;1;97;0;4616705;289;0
147;18;336;12;49;27;99;4.00;6;2;1;84;0;4616799;284;0
147;18;336;12;49;27;7;3.80;3;1;1;79;0;4616707;289;0
147;18;336;12;49;29;19;3.60;7;2;1;78;0;4616919;485;0
147;18;336;12;49;31;99;3.80;4;1;1;86;0;4617199;481;0
147;18;336;12;49;33;99;3.80;2;1;1;100;0;4617399;680;0
147;18;336;12;49;34;99;3.60;6;2;1;82;0;4617499;682;0
147;18;336;12;49;35;41;3.40;1;1;1;83;0;4617541;5223;0
147;18;336;12;49;36;99;3.20;6;2;1;85;0;4617699;184;0
147;18;336;12;49;37;27;3.60;3;1;1;82;0;4617727;1002;0
147;18;336;12;49;38;7;3.80;2;1;1;88;0;4617807;394;0
147;18;336;12;49;38;1;4.00;1;1;1;78;0;4617801;245;0
147;18;336;12;49;38;96;3.00;7;2;1;84;0;4617896;960;0
147;18;336;12;49;38;99;3.60;4;1;1;78;0;4617899;684;0
147;18;336;12;49;39;99;3.20;6;2;1;75;0;4617999;286;0
147;18;336;12;49;39;99;3.00;6;2;1;76;0;4617999;-1;0
147;18;336;12;49;40;0;3.80;4;1;1;78;0;4618000;84;0
147;18;336;12;49;40;36;3.40;5;2;1;82;0;4618036;2599;0
147;18;336;12;49;40;48;3.80;7;2;1;83;0;4618048;139;0
147;18;336;12;49;40;61;3.40;1;1;1;68;0;4618061;241;0
147;18;336;12;49;41;99;3.80;4;1;1;80;0;4618199;181;0
147;18;336;12;49;41;99;4.00;6;2;1;78;0;4618199;185;0
147;18;336;12;49;41;99;3.80;3;1;1;73;0;4618199;456;0
147;18;336;12;49;42;1;3.60;8;2;1;83;0;4618201;2784;0
147;18;336;12;49;43;57;3.40;4;1;1;77;0;4618357;140;0
147;18;336;12;49;43;99;3.80;7;2;1;82;0;4618399;334;0
147;18;336;12;49;44;11;3.20;2;1;1;77;0;4618411;588;0
147;18;336;12;49;44;14;4.00;5;2;1;84;0;4618414;363;0
147;18;336;12;49;44;99;7.40;6;2;6;83;0;4618499;281;0
147;18;336;12;49;45;9;3.80;6;2;1;80;0;4618509;-1;0
147;18;336;12;49;45;22;3.40;2;1;1;75;0;4618522;96;0
147;18;336;12;49;46;99;3.80;6;2;1;80;0;4618699;172;0
147;18;336;12;49;46;99;3.20;1;1;1;80;0;4618699;620;0
147;18;336;12;49;47;99;3.80;3;1;1;78;0;4618799;581;0
147;18;336;12;49;48;32;4.40;8;2;1;76;0;4618832;615;0
147;18;336;12;49;48;61;3.60;6;2;1;79;0;4618861;144;0
147;18;336;12;49;49;99;3.60;2;1;1;80;0;4618999;460;0
147;18;336;12;49;51;99;3.80;6;2;1;75;0;4619199;321;0
147;18;336;12;49;52;21;3.20;5;2;1;86;0;4619221;789;0
147;18;336;12;49;52;99;4.00;7;2;1;78;0;4619299;883;0
147;18;336;12;49;53;92;3.60;1;1;1;68;0;4619392;678;0
147;18;336;12;49;54;12;3.40;2;1;1;81;0;4619412;396;0
147;18;336;12;49;54;99;3.60;5;2;1;81;0;4619499;264;0
147;18;336;12;49;55;99;3.60;6;2;1;79;0;4619599;381;0
147;18;336;12;49;55;22;3.80;2;1;1;75;0;4619522;94;0
147;18;336;12;49;56;21;3.80;7;2;1;82;0;4619621;303;0
147;18;336;12;49;57;99;4.20;6;2;1;81;0;4619799;183;0
147;18;336;12;49;58;69;3.80;3;1;1;70;0;4619869;1052;0
147;18;336;12;50;0;99;3.80;7;2;1;74;0;4620099;461;0
147;18;336;12;50;0;12;3.80;4;1;1;81;0;4620012;1639;0
147;18;336;12;50;1;12;3.60;2;1;1;93;0;4620112;571;0
147;18;336;12;50;2;99;3.40;3;1;1;70;0;4620299;410;0
147;18;336;12;50;2;99;3.40;4;1;1;90;0;4620299;270;0
147;18;336;12;50;4;99;3.60;3;1;1;75;0;4620499;182;0
147;18;336;12;50;5;16;3.40;4;1;1;77;0;4620516;203;0
147;18;336;12;50;6;7;3.40;7;2;1;80;0;4620607;489;0
147;18;336;12;50;6;57;3.60;4;1;1;81;0;4620657;125;0
147;18;336;12;50;7;99;3.40;1;1;1;76;0;4620799;1387;0
147;18;336;12;50;8;12;3.00;6;2;1;79;0;4620812;994;0
147;18;336;12;50;8;18;3.60;3;1;1;76;0;4620818;301;0
147;18;336;12;50;9;19;3.60;2;1;1;77;0;4620919;793;0
147;18;336;12;50;9;99;3.60;4;1;1;79;0;4620999;326;0
147;18;336;12;50;9;99;3.80;3;1;1;76;0;4620999;163;0
147;18;336;12;50;10;99;3.60;6;2;1;80;0;4621099;273;0
147;18;336;12;50;10;6;3.40;3;1;1;76;0;4621006;-1;0
147;18;336;12;50;11;56;4.00;4;1;1;78;0;4621156;140;0
147;18;336;12;50;13;13;3.20;6;2;1;80;0;4621313;197;0
147;18;336;12;50;13;3;4.40;3;1;1;75;0;4621303;280;0
147;18;336;12;50;13;99;3.60;4;1;1;81;0;4621399;224;0
147;18;336;12;50;13;52;3.40;2;1;1;80;0;4621352;416;0
147;18;336;12;50;14;94;3.40;6;2;1;81;0;4621494;166;0
147;18;336;12;50;15;8;3.20;3;1;1;72;0;4621508;183;0
147;18;336;12;50;15;99;3.40;5;2;1;89;0;4621599;2084;0
147;18;336;12;50;15;99;3.40;3;1;1;72;0;4621599;75;0
147;18;336;12;50;16;41;3.80;6;2;1;99;0;4621641;131;0
147;18;336;12;50;16;52;3.80;4;1;1;76;0;4621652;237;0
147;18;336;12;50;17;99;3.40;3;1;1;71;0;4621799;183;0
147;18;336;12;50;18;11;4.40;5;2;1;90;0;4621811;198;0
147;18;336;12;50;18;7;3.20;4;1;1;76;0;4621807;137;0
147;18;336;12;50;18;99;4.60;6;2;1;82;0;4621899;244;0
147;18;336;12;50;19;14;3.60;4;1;1;74;0;4621914;91;0
147;18;336;12;50;19;83;3.40;3;1;1;72;0;4621983;166;4621303
147;18;336;12;50;20;99;3.60;4;1;1;74;0;4622099;167;4621303
147;18;336;12;50;20;99;4.00;3;1;1;76;0;4622099;99;4621303
147;18;336;12;50;20;99;3.80;6;2;1;85;0;4622099;179;4621303
147;18;336;12;50;20;99;4.20;5;2;1;99;0;4622099;270;0
147;18;336;12;50;21;34;3.20;3;1;1;73;0;4622134;16;4621303
147;18;336;12;50;22;99;3.80;6;2;1;82;0;4622299;183;4621303
147;18;336;12;50;24;87;3.20;6;2;1;83;0;4622487;171;4621303
147;18;336;12;50;28;99;3.60;8;2;1;76;0;4622899;4046;0
147;18;336;12;50;29;58;3.40;2;1;1;75;0;4622958;1590;0
147;18;336;12;50;31;43;4.60;6;2;1;80;0;4623143;642;0
147;18;336;12;50;33;99;4.40;2;1;1;81;0;4623399;424;0
147;18;336;12;50;34;15;3.20;3;1;1;76;0;4623415;1265;0
147;18;336;12;50;35;99;4.80;6;2;1;77;0;4623599;435;0
147;18;336;12;50;36;21;3.40;5;2;1;84;0;4623621;1506;0
147;18;336;12;50;36;39;3.60;2;1;1;75;0;4623639;220;0
147;18;336;12;50;37;85;3.80;3;1;1;82;0;4623785;354;0
147;18;336;12;50;37;97;3.40;6;2;1;77;0;4623797;175;0
147;18;336;12;50;37;99;3.60;4;1;1;88;0;4623799;1682;0
147;18;336;12;50;38;99;4.40;3;1;1;76;0;4623899;97;0
147;18;336;12;50;38;99;3.40;5;2;1;81;0;4623899;263;0
147;18;336;12;50;39;2;3.20;3;1;1;77;0;4623902;-1;0
147;18;336;12;50;39;8;3.80;2;1;1;73;0;4623908;251;0
147;18;336;12;50;39;46;3.40;5;2;1;81;0;4623946;31;0
147;18;336;12;50;39;89;3.20;6;2;1;74;0;4623989;176;0
147;18;336;12;50;40;99;4.00;3;1;1;76;0;4624099;182;0
147;18;336;12;50;41;99;3.40;3;1;1;75;0;4624199;81;4623785
147;18;336;12;50;41;6;3.60;6;2;1;80;0;4624106;101;4623785
147;18;336;12;50;42;13;3.40;8;2;1;74;0;4624213;1296;0
147;18;336;12;50;42;99;3.60;4;1;1;81;0;4624299;485;0
147;18;336;12;50;43;5;3.40;6;2;1;79;0;4624305;182;4623599
147;18;336;12;50;44;32;3.00;1;1;1;80;0;4624432;3616;0
147;18;336;12;50;44;48;3.20;7;2;1;77;0;4624448;3825;0
147;18;336;12;50;44;74;3.40;4;1;1;79;0;4624474;159;0
147;18;336;12;50;45;99;3.40;6;2;1;73;0;4624599;278;0
147;18;336;12;50;45;99;3.80;3;1;1;76;0;4624599;383;0
147;18;336;12;50;46;7;3.20;4;1;1;79;0;4624607;117;0
147;18;336;12;50;46;5;3.40;8;2;1;78;0;4624605;375;0
147;18;336;12;50;47;99;3.60;7;2;1;74;0;4624799;336;0
147;18;336;12;50;47;99;3.40;2;1;1;80;0;4624799;872;0
147;18;336;12;50;49;44;3.80;3;1;1;83;0;4624944;327;0
147;18;336;12;50;49;39;3.40;1;1;1;73;0;4624939;493;0
147;18;336;12;50;50;6;2.60;6;2;1;68;0;4625006;390;0
147;18;336;12;50;51;9;3.40;2;1;1;79;0;4625109;294;0
147;18;336;12;50;51;99;3.40;5;2;1;80;0;4625199;1237;0
147;18;336;12;50;51;99;3.40;3;1;1;77;0;4625199;238;0
147;18;336;12;50;51;99;12.20;6;2;7;68;0;4625199;179;0
147;18;336;12;50;52;63;3.80;5;2;1;87;0;4625263;48;0
147;18;336;12;50;52;78;3.00;2;1;1;79;0;4625278;153;0
147;18;336;12;50;52;71;3.40;7;2;1;67;0;4625271;454;0
147;18;336;12;50;54;21;3.40;4;1;1;82;0;4625421;799;0
147;18;336;12;50;54;13;3.60;3;1;1;76;0;4625413;198;0
147;18;336;12;50;54;99;3.60;1;1;1;67;0;4625499;543;0
147;18;336;12;50;54;47;3.80;2;1;1;84;0;4625447;155;0
147;18;336;12;50;55;99;3.80;8;2;1;77;0;4625599;978;0
147;18;336;12;50;55;99;3.20;3;1;1;78;0;4625599;168;0
147;18;336;12;50;56;99;3.60;6;2;1;82;0;4625699;435;0
147;18;336;12;50;57;86;3.80;5;2;1;78;0;4625786;507;0
147;18;336;12;50;57;90;3.20;3;1;1;78;0;4625790;176;0
147;18;336;12;50;58;99;3.40;4;1;1;83;0;4625899;463;0
147;18;336;12;50;58;99;3.40;6;2;1;80;0;4625899;184;0
147;18;336;12;50;59;21;3.40;3;1;1;82;0;4625921;116;4625199
147;18;336;12;50;59;24;3.40;2;1;1;84;0;4625924;460;0
147;18;336;12;51;0;99;3.60;6;2;1;82;0;4626099;184;0
147;18;336;12;51;2;2;3.20;6;2;1;83;0;4626202;87;0
147;18;336;12;51;2;15;3.40;5;2;1;85;0;4626215;411;0
147;18;336;12;51;3;7;4.00;8;2;1;80;0;4626307;690;0
147;18;336;12;51;5;99;8.60;6;2;6;79;0;4626599;383;0
147;18;336;12;51;7;15;4.00;3;1;1;81;0;4626715;779;0
147;18;336;12;51;7;63;3.20;6;2;1;78;0;4626763;124;0
147;18;336;12;51;8;12;3.60;3;1;1;90;0;4626812;79;0
147;18;336;12;51;8;11;4.00;4;1;1;90;0;4626811;897;0
147;18;336;12;51;9;4;3.60;7;2;1;72;0;4626904;1614;0
147;18;336;12;51;9;99;3.60;6;2;1;76;0;4626999;221;0
147;18;336;12;51;10;99;4.00;6;2;1;78;0;4627099;82;0
147;18;336;12;51;12;3;4.00;7;2;1;80;0;4627203;281;0
147;18;336;12;51;12;16;3.80;3;1;1;79;0;4627216;389;0
147;18;336;12;51;13;90;3.60;6;2;1;78;0;4627390;272;0
147;18;336;12;51;13;99;4.00;4;1;1;89;0;4627399;572;0
147;18;336;12;51;14;20;3.60;3;1;1;83;0;4627420;186;0
147;18;336;12;51;14;99;3.40;6;2;1;76;0;4627499;92;0
147;18;336;12;51;17;7;3.60;6;2;1;80;0;4627707;191;0
147;18;336;12;51;18;99;4.20;3;1;1;89;0;4627899;463;0
147;18;336;12;51;20;17;3.60;7;2;1;83;0;4628017;796;0
147;18;336;12;51;20;32;3.40;3;1;1;78;0;4628032;116;0
147;18;336;12;51;21;99;3.40;3;1;1;80;0;4628199;151;0
147;18;336;12;51;21;99;4.40;5;2;1;93;0;4628199;1969;0
147;18;336;12;51;22;99;3.40;6;2;1;80;0;4628299;575;0
147;18;336;12;51;23;80;3.00;3;1;1;77;0;4628380;165;0
147;18;336;12;51;23;83;3.40;6;2;1;83;0;4628383;68;0
147;18;336;12;51;23;99;3.80;1;1;1;79;0;4628399;2880;0
147;18;336;12;51;24;19;3.60;7;2;1;79;0;4628419;386;0
147;18;336;12;51;24;99;4.20;6;2;1;92;0;4628499;101;0
147;18;336;12;51;25;10;3.60;2;1;1;81;0;4628510;2571;0
147;18;336;12;51;25;78;4.60;2;1;1;73;0;4628578;52;0
147;18;336;12;51;27;20;3.20;6;2;1;87;0;4628720;204;0
147;18;336;12;51;27;22;3.80;3;1;1;79;0;4628722;327;0
147;18;336;12;51;27;99;4.00;2;1;1;80;0;4628799;198;0
147;18;336;12;51;27;29;3.00;4;1;1;78;0;4628729;1313;0
147;18;336;12;51;28;87;3.80;3;1;1;79;0;4628887;147;0
147;18;336;12;51;30;40;6.60;2;1;1;77;0;4629040;223;0
147;18;336;12;51;31;13;3.40;7;2;1;77;0;4629113;677;0
147;18;336;12;51;31;99;3.40;6;2;1;89;0;4629199;465;0
147;18;336;12;51;33;56;3.40;8;2;1;84;0;4629356;3031;0
147;18;336;12;51;33;99;3.60;6;2;1;85;0;4629399;186;0
147;18;336;12;51;34;99;3.60;3;1;1;80;0;4629499;594;0
147;18;336;12;51;34;99;3.80;7;2;1;105;0;4629499;370;0
147;18;336;12;51;36;20;2.80;6;2;1;84;0;4629620;205;0
147;18;336;12;51;36;99;3.20;3;1;1;78;0;4629699;183;0
147;18;336;12;51;38;58;4.00;3;1;1;78;0;4629858;144;0
147;18;336;12;51;38;85;3.20;6;2;1;79;0;4629885;253;0
147;18;336;12;51;39;18;3.80;3;1;1;77;0;4629918;41;0
147;18;336;12;51;39;99;3.40;8;2;1;81;0;4629999;628;0
147;18;336;12;51;40;99;3.80;6;2;1;78;0;4630099;199;0
147;18;336;12;51;40;30;3.40;3;1;1;76;0;4630030;94;4629499
147;18;336;12;51;41;0;3.60;2;1;1;81;0;4630100;1029;0
147;18;336;12;51;42;99;3.40;6;2;1;76;0;4630299;182;0
147;18;336;12;51;42;99;5.60;3;1;1;74;0;4630299;252;0
147;18;336;12;51;45;1;3.40;2;1;1;78;0;4630501;385;0
147;18;336;12;51;47;99;3.60;3;1;1;79;0;4630799;472;0
147;18;336;12;51;48;32;3.80;6;2;1;83;0;4630832;516;0
147;18;336;12;51;49;99;3.40;8;2;1;77;0;4630999;984;0
147;18;336;12;51;49;99;3.80;3;1;1;75;0;4630999;183;0
147;18;336;12;51;50;28;3.40;7;2;1;84;0;4631028;1515;0
147;18;336;12;51;50;5;3.00;6;2;1;69;0;4631005;156;0
147;18;336;12;51;51;9;3.60;3;1;1;87;0;4631109;91;0
147;18;336;12;51;51;76;3.20;5;2;1;81;0;4631176;2959;0
147;18;336;12;51;52;5;3.80;8;2;1;80;0;4631205;190;0
147;18;336;12;51;52;99;3.60;6;2;1;66;0;4631299;278;0
147;18;336;12;51;54;99;3.00;2;1;1;76;0;4631499;982;0
147;18;336;12;51;54;99;3.80;6;2;1;71;0;4631499;180;0
147;18;336;12;51;54;99;3.60;7;2;1;79;0;4631499;456;0
147;18;336;12;51;56;15;4.00;6;2;1;79;0;4631615;96;0
147;18;336;12;51;56;99;3.80;8;2;1;80;0;4631699;476;0
147;18;336;12;51;57;99;3.80;3;1;1;77;0;4631799;675;0
147;18;336;12;51;57;99;4.00;7;2;1;81;0;4631799;283;0
147;18;336;12;51;58;7;4.60;4;1;1;79;0;4631807;3064;0
147;18;336;12;51;58;11;3.80;6;2;1;76;0;4631811;177;0
147;18;336;12;51;58;17;3.80;2;1;1;76;0;4631817;303;0
147;18;336;12;51;59;99;4.20;6;2;1;74;0;4631999;170;4631299
147;18;336;12;52;0;8;3.40;4;1;1;80;0;4632008;180;4631299
147;18;336;12;52;0;99;3.60;7;2;1;77;0;4632099;282;0
147;18;336;12;52;0;99;3.00;3;1;1;70;0;4632099;282;0
147;18;336;12;52;1;54;3.60;6;2;1;72;0;4632154;134;4631299
147;18;336;12;52;1;98;3.00;3;1;1;73;0;4632198;83;4631299
147;18;336;12;52;2;99;4.00;7;2;1;79;0;4632299;183;4631299
147;18;336;12;52;2;99;3.00;6;2;1;73;0;4632299;127;4631299
147;18;336;12;52;2;99;3.40;3;1;1;75;0;4632299;86;4631299
147;18;336;12;52;3;10;3.20;4;1;1;81;0;4632310;286;0
147;18;336;12;52;3;99;3.20;6;2;1;73;0;4632399;85;4631299
147;18;336;12;52;3;99;5.20;7;2;1;73;0;4632399;81;4631299
147;18;336;12;52;4;99;3.40;6;2;1;80;0;4632499;84;4631299
147;18;336;12;52;4;93;11.80;2;1;7;71;0;4632493;658;0
147;18;336;12;52;4;95;13.00;1;1;4;71;0;4632495;4078;0
147;18;336;12;52;5;99;3.80;3;1;1;83;0;4632599;283;0
147;18;336;12;52;5;99;3.60;6;2;1;76;0;4632599;84;4631299
147;18;336;12;52;6;55;3.40;3;1;1;76;0;4632655;39;4631299
147;18;336;12;52;6;85;3.20;2;1;1;73;0;4632685;132;4631299
147;18;336;12;52;8;99;3.40;3;1;1;77;0;4632899;227;0
147;18;336;12;52;9;22;3.80;4;1;1;82;0;4632922;597;0
147;18;336;12;52;9;94;3.80;1;1;1;88;0;4632994;433;0
147;18;336;12;52;10;15;3.20;3;1;1;75;0;4633015;100;0
147;18;336;12;52;10;99;3.60;2;1;1;71;0;4633099;398;0
147;18;336;12;52;10;99;3.20;5;2;1;79;0;4633099;1908;0
147;18;336;12;52;10;99;3.80;1;1;1;85;0;4633099;89;0
147;18;336;12;52;11;9;3.20;5;2;1;80;0;4633109;-1;0
147;18;336;12;52;12;4;3.40;2;1;1;75;0;4633204;86;0
147;18;336;12;52;12;99;3.40;6;2;1;74;0;4633299;682;0
147;18;336;12;52;14;63;3.20;6;2;1;71;0;4633463;147;0
147;18;336;12;52;15;99;3.60;3;1;1;87;0;4633599;568;0
147;18;336;12;52;16;48;3.60;6;2;1;76;0;4633648;168;0
147;18;336;12;52;18;99;3.40;8;2;1;73;0;4633899;2182;0
147;18;336;12;52;19;10;3.20;4;1;1;90;0;4633910;971;0
147;18;336;12;52;19;52;3.80;2;1;1;84;0;4633952;731;0
147;18;336;12;52;19;78;3.40;5;2;1;83;0;4633978;854;0
147;18;336;12;52;20;26;3.60;6;2;1;85;0;4634026;360;0
147;18;336;12;52;21;16;3.60;1;1;1;92;0;4634116;1000;0
147;18;336;12;52;21;29;3.60;4;1;1;87;0;4634129;206;0
147;18;336;12;52;21;22;3.40;5;2;1;91;0;4634122;129;0
147;18;336;12;52;21;21;3.20;2;1;1;79;0;4634121;152;0
147;18;336;12;52;21;39;3.40;8;2;1;75;0;4634139;223;0
147;18;336;12;52;22;99;3.40;6;2;1;85;0;4634299;257;0
147;18;336;12;52;24;56;3.20;3;1;1;75;0;4634456;842;0
147;18;336;12;52;24;84;6.20;4;1;1;85;0;4634484;340;0
147;18;336;12;52;25;3;3.80;2;1;1;80;0;4634503;367;0
147;18;336;12;52;25;99;4.20;4;1;1;86;0;4634599;88;0
147;18;336;12;52;26;99;3.40;6;2;1;78;0;4634699;385;0
147;18;336;12;52;27;3;3.80;2;1;1;82;0;4634703;182;0
147;18;336;12;52;27;85;4.00;7;2;1;90;0;4634785;2360;0
147;18;336;12;52;27;91;4.60;4;1;1;81;0;4634791;174;0
147;18;336;12;52;29;58;3.40;6;2;1;72;0;4634958;243;0
147;18;336;12;52;30;99;4.40;6;2;1;79;0;4635099;124;0
147;18;336;12;52;31;99;3.80;1;1;1;82;0;4635199;1068;0
147;18;336;12;52;31;99;4.00;6;2;1;77;0;4635199;79;0
147;18;336;12;52;32;99;3.60;3;1;1;78;0;4635299;827;0
147;18;336;12;52;33;99;3.20;2;1;1;79;0;4635399;679;0
147;18;336;12;52;33;99;3.40;7;2;1;75;0;4635399;598;0
147;18;336;12;52;36;99;3.40;3;1;1;80;0;4635699;383;0
147;18;336;12;52;37;50;3.20;6;2;1;77;0;4635750;532;0
147;18;336;12;52;37;99;3.00;3;1;1;77;0;4635799;84;0
147;18;336;12;52;39;32;3.00;3;1;1;76;0;4635932;118;0
147;18;336;12;52;39;47;4.00;6;2;1;83;0;4635947;182;0
147;18;336;12;52;40;27;3.40;2;1;1;91;0;4636027;613;0
147;18;336;12;52;40;99;3.80;3;1;1;82;0;4636099;152;0
147;18;336;12;52;42;37;3.20;6;2;1;77;0;4636237;272;0
147;18;336;12;52;42;95;3.60;3;1;1;74;0;4636295;179;4635699
147;18;336;12;52;43;99;3.80;5;2;1;80;0;4636399;2263;0
147;18;336;12;52;43;99;5.80;7;2;1;101;0;4636399;983;0
147;18;336;12;52;44;99;3.40;2;1;1;74;0;4636499;458;0
147;18;336;12;52;44;25;3.40;8;2;1;81;0;4636425;2269;0
147;18;336;12;52;44;27;4.00;3;1;1;75;0;4636427;114;4635699
147;18;336;12;52;45;99;3.60;6;2;1;83;0;4636599;347;0
147;18;336;12;52;45;99;2.80;3;1;1;76;0;4636599;152;4635699
147;18;336;12;52;46;99;3.00;7;2;1;75;0;4636699;279;0
147;18;336;12;52;46;99;3.60;4;1;1;79;0;4636699;1887;0
147;18;336;12;52;46;91;8.80;2;1;6;70;0;4636691;175;0
147;18;336;12;52;47;74;3.60;5;2;1;77;0;4636774;357;0
147;18;336;12;52;47;95;3.40;3;1;1;78;0;4636795;182;4635699
147;18;336;12;52;48;6;3.40;7;2;1;73;0;4636806;92;4635699
147;18;336;12;52;48;7;3.40;2;1;1;69;0;4636807;70;4635699
147;18;336;12;52;48;99;3.60;1;1;1;80;0;4636899;1683;0
147;18;336;12;52;48;99;4.20;4;1;1;80;0;4636899;183;0
147;18;336;12;52;49;9;3.60;6;2;1;73;0;4636909;294;0
147;18;336;12;52;49;15;3.60;2;1;1;71;0;4636915;90;0
147;18;336;12;52;50;99;3.80;4;1;1;78;0;4637099;181;0
147;18;336;12;52;51;99;6.00;6;2;1;77;0;4637199;272;0
147;18;336;12;52;52;50;3.60;7;2;1;81;0;4637250;427;0
147;18;336;12;52;54;1;3.60;3;1;1;81;0;4637401;590;0
147;18;336;12;52;54;99;3.60;6;2;1;76;0;4637499;271;0
147;18;336;12;52;55;84;3.60;5;2;1;80;0;4637584;793;0
147;18;336;12;52;55;78;4.40;7;2;1;78;0;4637578;312;0
147;18;336;12;52;56;7;3.80;2;1;1;80;0;4637607;673;0
147;18;336;12;52;56;99;6.80;6;2;1;83;0;4637699;182;0
147;18;336;12;52;57;9;3.40;7;2;1;78;0;4637709;110;0
147;18;336;12;52;57;51;3.80;3;1;1;83;0;4637751;334;0
147;18;336;12;52;57;71;4.00;4;1;1;86;0;4637771;654;0
147;18;336;12;52;58;8;3.60;6;2;1;78;0;4637808;79;0
147;18;336;12;52;58;99;4.40;5;2;1;88;0;4637899;298;0
147;18;336;12;52;58;99;3.80;7;2;1;81;0;4637899;174;0
147;18;336;12;53;0;13;3.60;7;2;1;80;0;4638013;97;0
147;18;336;12;53;2;23;3.40;6;2;1;76;0;4638223;398;0
147;18;336;12;53;4;99;3.40;6;2;1;79;0;4638499;259;0
147;18;336;12;53;5;67;3.60;3;1;1;87;0;4638567;799;0
147;18;336;12;53;5;90;3.60;7;2;1;76;0;4638590;560;0
147;18;336;12;53;6;99;3.40;5;2;1;79;0;4638699;782;0
147;18;336;12;53;6;99;3.40;4;1;1;90;0;4638699;911;0
147;18;336;12;53;7;99;3.60;2;1;1;74;0;4638799;1174;0
147;18;336;12;53;8;99;3.00;2;1;1;74;0;4638899;82;0
147;18;336;12;53;8;99;3.60;6;2;1;77;0;4638899;384;0
147;18;336;12;53;9;99;6.20;5;2;1;82;0;4638999;284;0
147;18;336;12;53;9;99;3.20;3;1;1;64;0;4638999;417;0
147;18;336;12;53;10;17;3.80;6;2;1;77;0;4639017;101;0
147;18;336;12;53;10;81;4.00;4;1;1;77;0;4639081;368;0
147;18;336;12;53;10;89;3.80;3;1;1;64;0;4639089;72;0
147;18;336;12;53;11;99;3.60;5;2;1;80;0;4639199;172;0
147;18;336;12;53;11;99;4.40;4;1;1;77;0;4639199;99;0
147;18;336;12;53;12;99;4.00;5;2;1;83;0;4639299;83;0
147;18;336;12;53;12;99;3.40;4;1;1;78;0;4639299;79;0
147;18;336;12;53;12;99;3.40;3;1;1;63;0;4639299;188;0
147;18;336;12;53;13;86;3.60;6;2;1;87;0;4639386;351;0
147;18;336;12;53;13;90;3.40;2;1;1;72;0;4639390;476;0
147;18;336;12;53;14;99;5.20;2;1;1;78;0;4639499;92;0
147;18;336;12;53;14;99;3.60;1;1;1;76;0;4639499;2583;0
147;18;336;12;53;14;99;3.40;4;1;1;81;0;4639499;184;0
147;18;336;12;53;15;0;3.40;3;1;1;67;0;4639500;181;0
147;18;336;12;53;15;29;3.60;6;2;1;83;0;4639529;128;0
147;18;336;12;53;15;40;3.00;2;1;1;78;0;4639540;17;0
147;18;336;12;53;16;99;5.20;5;2;1;88;0;4639699;382;0
147;18;336;12;53;16;99;3.40;3;1;1;67;0;4639699;180;4638999
147;18;336;12;53;17;99;3.40;6;2;1;79;0;4639799;254;0
147;18;336;12;53;18;14;3.80;5;2;1;87;0;4639814;93;0
147;18;336;12;53;18;99;3.20;3;1;1;66;0;4639899;181;4638999
147;18;336;12;53;19;99;3.80;8;2;1;76;0;4639999;3558;0
147;18;336;12;53;20;0;3.40;3;1;1;69;0;4640000;83;4638999
147;18;336;12;53;20;36;3.20;4;1;1;76;0;4640036;521;0
147;18;336;12;53;20;44;3.80;7;2;1;79;0;4640044;1436;0
147;18;336;12;53;21;99;3.80;6;2;1;87;0;4640199;384;0
147;18;336;12;53;21;99;3.40;4;1;1;78;0;4640199;147;0
147;18;336;12;53;22;99;3.20;2;1;1;71;0;4640299;745;0
147;18;336;12;53;24;2;3.00;2;1;1;67;0;4640402;86;0
147;18;336;12;53;24;17;3.40;4;1;1;77;0;4640417;202;0
147;18;336;12;53;24;99;3.20;6;2;1;80;0;4640499;284;0
147;18;336;12;53;24;99;3.00;3;1;1;69;0;4640499;481;0
147;18;336;12;53;25;3;3.40;2;1;1;67;0;4640503;84;0
147;18;336;12;53;25;16;3.40;4;1;1;77;0;4640516;83;0
147;18;336;12;53;25;39;3.00;3;1;1;67;0;4640539;24;0
147;18;336;12;53;26;99;3.40;8;2;1;78;0;4640699;682;0
147;18;336;12;53;26;99;3.60;4;1;1;77;0;4640699;167;0
147;18;336;12;53;26;99;3.40;3;1;1;67;0;4640699;143;0
147;18;336;12;53;27;7;3.80;5;2;1;82;0;4640707;877;0
147;18;336;12;53;28;14;3.60;3;1;1;68;0;4640814;96;0
147;18;336;12;53;28;91;3.60;8;2;1;83;0;4640891;176;0
147;18;336;12;53;29;99;3.40;2;1;1;72;0;4640999;477;0
147;18;336;12;53;29;99;3.40;6;2;1;81;0;4640999;485;0
147;18;336;12;53;30;6;3.40;3;1;1;67;0;4641006;172;4640499
147;18;336;12;53;30;29;3.60;2;1;1;82;0;4641029;13;4640499
147;18;336;12;53;31;99;3.20;6;2;1;80;0;4641199;184;4640499
147;18;336;12;53;32;1;3.60;3;1;1;72;0;4641201;176;4640499
147;18;336;12;53;32;99;4.00;5;2;1;110;0;4641299;575;0
147;18;336;12;53;32;99;3.60;6;2;1;79;0;4641299;85;0
147;18;336;12;53;32;99;4.00;7;2;1;84;0;4641299;1237;0
147;18;336;12;53;33;52;3.60;3;1;1;73;0;4641352;133;4640499
147;18;336;12;53;33;85;3.40;5;2;1;89;0;4641385;72;4640499
147;18;336;12;53;34;75;4.00;7;2;1;16;0;4641475;158;4640499
147;18;336;12;53;37;6;3.00;6;2;1;73;0;4641706;390;0
147;18;336;12;53;37;0;3.60;3;1;1;70;0;4641700;330;0
147;18;336;12;53;38;19;3.60;5;2;1;81;0;4641819;420;0
147;18;336;12;53;39;17;3.40;3;1;1;73;0;4641917;198;0
147;18;336;12;53;40;3;5.20;3;1;1;73;0;4642003;69;0
147;18;336;12;53;40;99;4.00;4;1;1;76;0;4642099;1383;0
147;18;336;12;53;40;99;3.60;6;2;1;74;0;4642099;378;0
147;18;336;12;53;41;58;3.80;2;1;1;74;0;4642158;1113;0
147;18;336;12;53;42;3;3.80;4;1;1;78;0;4642203;85;0
147;18;336;12;53;43;99;3.40;3;1;1;77;0;4642399;370;0
147;18;336;12;53;43;24;3.20;2;1;1;85;0;4642324;147;0
147;18;336;12;53;44;84;4.00;1;1;1;72;0;4642484;2967;0
147;18;336;12;53;44;99;3.40;3;1;1;76;0;4642499;84;0
147;18;336;12;53;44;99;3.60;4;1;1;79;0;4642499;278;0
147;18;336;12;53;46;50;3.40;4;1;1;80;0;4642650;134;0
147;18;336;12;53;47;9;4.00;2;1;1;77;0;4642709;371;0
147;18;336;12;53;47;99;3.40;1;1;1;91;0;4642799;295;0
147;18;336;12;53;48;33;3.80;4;1;1;81;0;4642833;167;0
147;18;336;12;53;49;22;3.20;3;1;1;77;0;4642922;406;0
147;18;336;12;53;50;99;3.60;6;2;1;79;0;4643099;982;0
147;18;336;12;53;50;99;3.40;3;1;1;80;0;4643099;162;0
147;18;336;12;53;51;47;4.40;4;1;1;86;0;4643147;297;0
147;18;336;12;53;51;68;3.60;3;1;1;81;0;4643168;53;0
147;18;336;12;53;52;99;5.60;2;1;1;70;0;4643299;571;0
147;18;336;12;53;53;99;6.00;3;1;1;80;0;4643399;215;0
147;18;336;12;53;50;3;4.00;7;2;1;11;0;4643003;1438;0
147;18;336;12;53;54;99;3.60;6;2;1;86;0;4643499;383;0
147;18;336;12;53;55;99;3.40;2;1;1;75;0;4643599;271;0
147;18;336;12;53;55;99;3.40;3;1;1;80;0;4643599;173;0
147;18;336;12;53;55;99;4.20;6;2;1;79;0;4643599;84;0
147;18;336;12;53;56;53;4.00;2;1;1;74;0;4643653;37;0
147;18;336;12;53;57;13;3.60;4;1;1;98;0;4643713;547;0
147;18;336;12;53;58;26;3.80;3;1;1;83;0;4643826;211;0
147;18;336;12;53;58;21;3.80;2;1;1;75;0;4643821;148;0
147;18;336;12;53;58;99;4.40;8;2;1;82;0;4643899;2992;0
147;18;336;12;53;59;71;3.40;6;2;1;76;0;4643971;352;0
147;18;336;12;54;0;99;3.40;2;1;1;76;0;4644099;259;0
147;18;336;12;54;3;99;5.20;1;1;1;78;0;4644399;1586;0
147;18;336;12;54;4;8;2.80;6;2;1;78;0;4644408;420;0
147;18;336;12;54;4;99;3.40;7;2;1;86;0;4644499;1365;0
147;18;336;12;54;5;99;3.20;6;2;1;77;0;4644599;178;0
147;18;336;12;54;6;8;3.40;5;2;1;85;0;4644608;2773;0
147;18;336;12;54;6;46;6.00;6;2;1;78;0;4644646;32;0
147;18;336;12;54;7;99;3.20;5;2;1;82;0;4644799;176;0
147;18;336;12;54;10;11;4.20;3;1;1;87;0;4645011;1168;0
147;18;336;12;54;10;99;3.00;2;1;1;74;0;4645099;983;0
147;18;336;12;54;12;4;3.60;2;1;1;72;0;4645204;90;0
147;18;336;12;54;11;44;5.20;8;2;1;70;0;4645144;1225;0
147;18;336;12;54;12;99;7.80;6;2;6;77;0;4645299;625;0
147;18;336;12;54;13;99;3.60;5;2;1;81;0;4645399;585;0
147;18;336;12;54;14;18;3.40;3;1;1;76;0;4645418;389;0
147;18;336;12;54;14;33;3.80;1;1;1;77;0;4645433;1010;0
147;18;336;12;54;14;57;4.20;6;2;1;77;0;4645457;121;0
147;18;336;12;54;14;93;3.20;3;1;1;76;0;4645493;58;0
147;18;336;12;54;15;99;3.60;6;2;1;79;0;4645599;122;0
147;18;336;12;54;16;35;3.20;3;1;1;80;0;4645635;126;0
147;18;336;12;54;17;99;3.60;2;1;1;81;0;4645799;577;0
147;18;336;12;54;18;99;3.60;3;1;1;80;0;4645899;249;0
147;18;336;12;54;19;11;5.40;7;2;1;32;0;4645911;1397;0
147;18;336;12;54;20;99;3.40;8;2;1;76;0;4646099;928;0
147;18;336;12;54;21;0;4.00;2;1;1;80;0;4646100;285;0
147;18;336;12;54;22;90;3.20;2;1;1;78;0;4646290;172;0
147;18;336;12;54;23;99;3.20;6;2;1;77;0;4646399;783;0
147;18;336;12;54;23;99;4.00;5;2;1;76;0;4646399;984;0
147;18;336;12;54;27;89;4.20;3;1;1;87;0;4646789;873;0
147;18;336;12;54;28;99;3.80;6;2;1;79;0;4646899;485;0
147;18;336;12;54;28;99;1.00;7;2;1;1;1;4646899;927;0
147;18;336;12;54;28;99;3.60;1;1;1;80;0;4646899;1448;0
147;18;336;12;54;29;16;3.80;7;2;1;85;0;4646916;944;0
147;18;336;12;54;29;3;2.80;3;1;1;75;0;4646903;96;0
147;18;336;12;54;30;96;4.00;4;1;1;85;0;4647096;3369;0
147;18;336;12;54;30;99;3.40;2;1;1;85;0;4647099;794;0
147;18;336;12;54;30;99;3.60;3;1;1;70;0;4647099;182;0
147;18;336;12;54;32;96;3.80;4;1;1;82;0;4647296;183;0
147;18;336;12;54;33;18;3.60;2;1;1;86;0;4647318;204;0
147;18;336;12;54;34;99;5.00;1;1;1;89;0;4647499;583;0
147;18;336;12;54;35;13;3.20;2;1;1;79;0;4647513;179;0
147;18;336;12;54;35;99;4.00;6;2;1;84;0;4647599;682;0
147;18;336;12;54;36;99;3.80;6;2;1;80;0;4647699;82;0
147;18;336;12;54;38;99;3.40;3;1;1;72;0;4647899;781;0
147;18;336;12;54;41;99;5.40;4;1;1;78;0;4648199;886;0
147;18;336;12;54;42;13;3.60;3;1;1;73;0;4648213;297;0
147;18;336;12;54;42;22;3.60;6;2;1;76;0;4648222;505;0
147;18;336;12;54;42;8;3.60;4;1;1;80;0;4648208;-1;0
147;18;336;12;54;43;99;3.60;8;2;1;79;0;4648399;2283;0
147;18;336;12;54;43;99;5.80;6;2;1;77;0;4648399;159;0
147;18;336;12;54;43;99;3.40;3;1;1;74;0;4648399;168;0
147;18;336;12;54;44;7;4.00;3;1;1;74;0;4648407;-1;0
147;18;336;12;54;45;53;4.00;6;2;1;79;0;4648553;126;0
147;18;336;12;54;45;99;3.60;5;2;1;89;0;4648599;2181;0
147;18;336;12;54;46;99;3.20;5;2;1;87;0;4648699;85;0
147;18;336;12;54;46;99;3.40;6;2;1;78;0;4648699;127;0
147;18;336;12;54;47;13;4.60;2;1;1;74;0;4648713;1185;0
147;18;336;12;54;47;7;3.40;3;1;1;74;0;4648707;280;0
147;18;336;12;54;48;99;3.40;6;2;1;84;0;4648899;184;4648222
147;18;336;12;54;48;99;3.80;3;1;1;74;0;4648899;175;4648222
147;18;336;12;54;49;11;3.80;2;1;1;76;0;4648911;175;4648222
147;18;336;12;54;50;5;5.40;2;1;1;77;0;4649005;76;4648222
147;18;336;12;54;50;64;3.60;6;2;1;83;0;4649064;150;4648222
147;18;336;12;54;51;99;3.60;3;1;1;77;0;4649199;281;0
147;18;336;12;54;51;99;3.60;2;1;1;78;0;4649199;168;0
147;18;336;12;54;52;26;3.40;6;2;1;76;0;4649226;146;4648222
147;18;336;12;54;53;9;3.40;4;1;1;83;0;4649309;1084;0
147;18;336;12;54;53;99;3.60;3;1;1;78;0;4649399;183;0
147;18;336;12;54;54;99;3.60;3;1;1;80;0;4649499;83;0
147;18;336;12;54;55;36;3.00;4;1;1;81;0;4649536;212;0
147;18;336;12;54;55;66;5.00;7;2;1;84;0;4649566;2633;0
147;18;336;12;54;56;20;4.00;2;1;1;79;0;4649620;404;0
147;18;336;12;54;56;99;3.80;3;1;1;79;0;4649699;183;0
147;18;336;12;54;57;7;3.60;6;2;1;71;0;4649707;464;0
147;18;336;12;54;57;20;5.20;3;1;1;79;0;4649720;3;4649199
147;18;336;12;54;57;38;3.80;4;1;1;87;0;4649738;188;4649199
147;18;336;12;54;58;92;3.80;8;2;1;81;0;4649892;1476;0
147;18;336;12;54;58;99;3.60;5;2;1;81;0;4649899;1186;0
147;18;336;12;54;59;99;6.20;6;2;1;72;0;4649999;273;0
147;18;336;12;55;0;16;3.40;8;2;1;81;0;4650016;107;0
147;18;336;12;55;0;24;3.80;6;2;1;72;0;4650024;-1;0
147;18;336;12;55;1;6;4.00;4;1;1;82;0;4650106;352;0
147;18;336;12;55;1;19;3.40;6;2;1;71;0;4650119;76;0
147;18;336;12;55;1;99;3.40;5;2;1;84;0;4650199;284;0
147;18;336;12;55;2;25;3.60;3;1;1;79;0;4650225;481;0
147;18;336;12;55;2;6;4.00;6;2;1;76;0;4650206;69;0
147;18;336;12;55;3;19;3.80;3;1;1;85;0;4650319;77;0
147;18;336;12;55;3;24;3.60;5;2;1;79;0;4650324;110;0
147;18;336;12;55;3;24;3.20;2;1;1;75;0;4650324;685;0
147;18;336;12;55;3;99;2.80;2;1;1;74;0;4650399;59;0
147;18;336;12;55;5;36;3.40;2;1;1;74;0;4650536;123;0
147;18;336;12;55;5;42;3.20;5;2;1;79;0;4650542;201;0
147;18;336;12;55;5;46;3.60;6;2;1;74;0;4650546;321;0
147;18;336;12;55;6;99;3.60;2;1;1;72;0;4650699;146;0
147;18;336;12;55;7;99;3.40;2;1;1;72;0;4650799;82;4650324
147;18;336;12;55;7;99;3.60;6;2;1;79;0;4650799;235;0
147;18;336;12;55;8;3;3.20;3;1;1;82;0;4650803;467;0
147;18;336;12;55;8;51;3.80;7;2;1;79;0;4650851;1263;0
147;18;336;12;55;8;57;3.80;4;1;1;82;0;4650857;733;0
147;18;336;12;55;8;84;3.60;1;1;1;91;0;4650884;3364;0
147;18;336;12;55;9;99;4.00;6;2;1;76;0;4650999;183;0
147;18;336;12;55;9;99;3.60;2;1;1;81;0;4650999;183;4650324
147;18;336;12;55;10;17;3.60;5;2;1;76;0;4651017;460;0
147;18;336;12;55;11;99;3.80;5;2;1;78;0;4651199;164;0
147;18;336;12;55;11;99;4.20;7;2;1;94;0;4651199;330;0
147;18;336;12;55;11;99;3.40;3;1;1;84;0;4651199;381;0
147;18;336;12;55;11;99;3.80;6;2;1;72;0;4651199;181;0
147;18;336;12;55;12;99;6.00;5;2;1;81;0;4651299;82;0
147;18;336;12;55;13;10;3.40;2;1;1;77;0;4651310;295;0
147;18;336;12;55;13;73;3.20;6;2;1;72;0;4651373;155;0
147;18;336;12;55;13;99;4.80;3;1;1;79;0;4651399;185;0
147;18;336;12;55;15;9;3.20;6;2;1;74;0;4651509;120;4650799
147;18;336;12;55;15;21;3.80;5;2;1;85;0;4651521;195;4650799
147;18;336;12;55;16;99;3.60;3;1;1;80;0;4651699;278;0
147;18;336;12;55;18;29;8.40;7;2;2;133;0;4651829;613;0
147;18;336;12;55;18;88;3.40;3;1;1;75;0;4651888;172;0
147;18;336;12;55;19;99;3.80;7;2;1;83;0;4651999;147;0
147;18;336;12;55;20;99;3.80;4;1;1;87;0;4652099;1225;0
147;18;336;12;55;20;24;3.80;6;2;1;83;0;4652024;499;0
147;18;336;12;55;20;39;3.60;3;1;1;73;0;4652039;134;0
147;18;336;12;55;21;89;3.40;4;1;1;79;0;4652189;74;0
147;18;336;12;55;21;78;5.80;7;2;1;29;0;4652178;162;0
147;18;336;12;55;23;55;3.20;4;1;1;81;0;4652355;150;0
147;18;336;12;55;23;62;3.60;3;1;1;78;0;4652362;305;0
147;18;336;12;55;24;99;4.60;5;2;1;81;0;4652499;961;0
147;18;336;12;55;24;99;3.80;6;2;1;76;0;4652499;458;0
147;18;336;12;55;24;99;4.20;7;2;1;83;0;4652499;249;0
147;18;336;12;55;25;12;4.00;5;2;1;81;0;4652512;-1;0
147;18;336;12;55;25;11;3.80;3;1;1;77;0;4652511;132;0
147;18;336;12;55;26;81;3.40;6;2;1;72;0;4652681;164;0
147;18;336;12;55;27;18;3.00;7;2;1;89;0;4652718;200;0
147;18;336;12;55;29;99;3.40;6;2;1;72;0;4652999;301;0
147;18;336;12;55;29;99;3.60;5;2;1;82;0;4652999;469;0
147;18;336;12;55;30;99;3.40;6;2;1;76;0;4653099;83;0
147;18;336;12;55;31;15;3.40;3;1;1;74;0;4653115;586;0
147;18;336;12;55;31;85;3.80;2;1;1;79;0;4653185;1859;0
147;18;336;12;55;32;99;3.60;8;2;1;75;0;4653299;3267;0
147;18;336;12;55;33;99;3.60;6;2;1;77;0;4653399;283;0
147;18;336;12;55;33;37;3.40;2;1;1;79;0;4653337;134;0
147;18;336;12;55;34;99;3.40;6;2;1;77;0;4653499;83;0
147;18;336;12;55;35;6;3.60;7;2;1;97;0;4653506;775;0
147;18;336;12;55;35;99;4.20;2;1;1;76;0;4653599;246;0
147;18;336;12;55;36;4;3.20;3;1;1;80;0;4653604;472;0
147;18;336;12;55;36;28;4.40;5;2;1;77;0;4653628;613;0
147;18;336;12;55;37;6;3.20;6;2;1;73;0;4653706;191;0
147;18;336;12;55;37;99;3.80;7;2;1;84;0;4653799;279;0
147;18;336;12;55;37;99;3.00;2;1;1;74;0;4653799;180;0
147;18;336;12;55;38;48;3.60;5;2;1;84;0;4653848;199;0
147;18;336;12;55;39;16;4.00;2;1;1;77;0;4653916;102;0
147;18;336;12;55;40;99;3.80;2;1;1;77;0;4654099;164;0
147;18;336;12;55;40;99;3.60;7;2;1;82;0;4654099;283;0
147;18;336;12;55;41;17;3.80;3;1;1;78;0;4654117;498;0
147;18;336;12;55;41;74;4.20;6;2;1;83;0;4654174;452;0
147;18;336;12;55;42;19;3.80;3;1;1;80;0;4654219;84;0
147;18;336;12;55;42;99;4.00;1;1;1;80;0;4654299;3400;0
147;18;336;12;55;43;22;4.00;4;1;1;83;0;4654322;1952;0
147;18;336;12;55;43;99;3.20;2;1;1;85;0;4654399;282;0
147;18;336;12;55;43;20;3.00;6;2;1;86;0;4654320;127;0
147;18;336;12;55;44;1;3.20;7;2;1;78;0;4654401;286;0
147;18;336;12;55;44;99;4.00;7;2;1;79;0;4654499;83;0
147;18;336;12;55;45;99;3.60;5;2;1;81;0;4654599;735;0
147;18;336;12;55;45;99;3.40;2;1;1;80;0;4654599;186;0
147;18;336;12;55;46;25;3.20;7;2;1;83;0;4654625;107;0
147;18;336;12;55;46;36;3.80;3;1;1;79;0;4654636;399;0
147;18;336;12;55;47;99;4.00;6;2;1;74;0;4654799;466;0
147;18;336;12;55;48;14;3.00;6;2;1;74;0;4654814;-1;0
147;18;336;12;55;49;23;3.80;8;2;1;83;0;4654923;1606;0
147;18;336;12;55;49;45;3.60;3;1;1;70;0;4654945;291;0
147;18;336;12;55;49;56;3.80;4;1;1;79;0;4654956;616;0
147;18;336;12;55;50;99;3.80;6;2;1;73;0;4655099;270;0
147;18;336;12;55;51;99;4.00;8;2;1;80;0;4655199;259;0
147;18;336;12;55;51;21;3.80;7;2;1;85;0;4655121;482;0
147;18;336;12;55;51;2;7.60;3;1;6;75;0;4655102;138;0
147;18;336;12;55;51;32;3.40;6;2;1;74;0;4655132;14;0
147;18;336;12;55;53;99;4.80;3;1;1;76;0;4655399;260;0
147;18;336;12;55;53;99;3.40;6;2;1;77;0;4655399;250;0
147;18;336;12;55;53;99;3.60;2;1;1;74;0;4655399;784;0
147;18;336;12;55;53;99;3.60;4;1;1;76;0;4655399;425;0
147;18;336;12;55;54;42;3.60;2;1;1;73;0;4655442;25;0
147;18;336;12;55;55;17;4.20;2;1;1;71;0;4655517;57;0
147;18;336;12;55;55;99;4.20;6;2;1;84;0;4655599;184;0
147;18;336;12;55;58;29;3.40;5;2;1;87;0;4655829;1214;0
147;18;336;12;55;58;99;3.80;3;1;1;78;0;4655899;477;0
147;18;336;12;55;59;66;4.00;2;1;1;85;0;4655966;427;0
147;18;336;12;56;0;99;3.80;4;1;1;87;0;4656099;682;0
147;18;336;12;56;0;99;3.20;1;1;1;79;0;4656099;1782;0
147;18;336;12;56;0;99;3.80;6;2;1;76;0;4656099;482;0
147;18;336;12;56;1;13;3.40;2;1;1;72;0;4656113;130;0
147;18;336;12;56;1;99;3.60;3;1;1;79;0;4656199;282;0
147;18;336;12;56;1;99;3.80;5;2;1;87;0;4656199;355;0
147;18;336;12;56;2;0;3.80;8;2;1;81;0;4656200;983;0
147;18;336;12;56;2;99;3.60;6;2;1;77;0;4656299;182;0
147;18;336;12;56;2;99;3.60;2;1;1;75;0;4656299;169;0
147;18;336;12;56;3;99;3.60;8;2;1;80;0;4656399;182;0
147;18;336;12;56;3;99;3.60;2;1;1;78;0;4656399;82;0
147;18;336;12;56;4;43;3.60;3;1;1;77;0;4656443;227;0
147;18;336;12;56;4;88;3.60;2;1;1;77;0;4656488;72;4655966
147;18;336;12;56;6;21;3.20;6;2;1;84;0;4656621;305;0
147;18;336;12;56;6;99;3.60;7;2;1;101;0;4656699;1561;0
147;18;336;12;56;7;25;3.40;2;1;1;79;0;4656725;220;0
147;18;336;12;56;8;9;3.00;3;1;1;76;0;4656809;349;0
147;18;336;12;56;8;99;4.80;5;2;1;84;0;4656899;684;0
147;18;336;12;56;9;23;3.60;5;2;1;81;0;4656923;3;0
147;18;336;12;56;9;22;3.40;6;2;1;77;0;4656922;287;0
147;18;336;12;56;9;72;4.00;3;1;1;77;0;4656972;148;0
147;18;336;12;56;10;99;3.60;8;2;1;78;0;4657099;683;0
147;18;336;12;56;11;99;3.80;3;1;1;76;0;4657199;208;0
147;18;336;12;56;11;10;3.40;2;1;1;73;0;4657110;369;0
147;18;336;12;56;13;16;3.60;3;1;1;81;0;4657316;99;0
147;18;336;12;56;13;99;3.40;4;1;1;78;0;4657399;1284;0
147;18;336;12;56;14;9;3.40;2;1;1;78;0;4657409;282;0
147;18;336;12;56;15;0;3.20;2;1;1;78;0;4657500;75;0
147;18;336;12;56;15;12;3.60;3;1;1;75;0;4657512;180;0
147;18;336;12;56;15;21;4.00;6;2;1;86;0;4657521;583;0
147;18;336;12;56;15;99;3.80;7;2;1;78;0;4657599;887;0
147;18;336;12;56;16;22;3.60;2;1;1;88;0;4657622;107;0
147;18;336;12;56;16;99;3.20;2;1;1;80;0;4657699;62;0
147;18;336;12;56;16;3;3.40;3;1;1;78;0;4657603;73;0
147;18;336;12;56;18;99;3.00;8;2;1;77;0;4657899;783;0
147;18;336;12;56;18;99;15.40;7;2;5;77;0;4657899;282;0
147;18;336;12;56;19;20;3.40;6;2;1;79;0;4657920;382;0
147;18;336;12;56;21;4;3.20;6;2;1;80;0;4658104;168;0
147;18;336;12;56;21;99;3.40;3;1;1;76;0;4658199;580;0
147;18;336;12;56;21;99;3.80;2;1;1;79;0;4658199;485;0
147;18;336;12;56;22;65;3.00;3;1;1;74;0;4658265;49;0
147;18;336;12;56;23;99;3.40;2;1;1;77;0;4658399;182;0
147;18;336;12;56;23;99;3.20;5;2;1;87;0;4658399;1460;0
147;18;336;12;56;24;7;3.80;8;2;1;74;0;4658407;493;0
147;18;336;12;56;25;93;4.00;3;1;1;74;0;4658593;313;0
147;18;336;12;56;25;99;3.60;1;1;1;69;0;4658599;2485;0
147;18;336;12;56;27;8;3.40;4;1;1;87;0;4658708;1293;0
147;18;336;12;56;27;76;3.60;3;1;1;80;0;4658776;163;0
147;18;336;12;56;28;99;4.60;4;1;1;88;0;4658899;176;0
147;18;336;12;56;28;99;3.40;2;1;1;73;0;4658899;484;0
147;18;336;12;56;28;99;3.20;6;2;1;80;0;4658899;780;0
147;18;336;12;56;29;1;3.60;1;1;1;75;0;4658901;283;0
147;18;336;12;56;29;22;3.80;1;1;1;80;0;4658922;3;0
147;18;336;12;56;29;29;3.20;3;1;1;76;0;4658929;136;0
147;18;336;12;56;30;63;3.00;2;1;1;72;0;4659063;147;0
147;18;336;12;56;30;94;3.60;6;2;1;80;0;4659094;180;0
147;18;336;12;56;30;99;4.80;3;1;1;78;0;4659099;154;0
147;18;336;12;56;31;7;3.80;2;1;1;73;0;4659107;29;0
147;18;336;12;56;32;9;3.80;4;1;1;91;0;4659209;291;0
147;18;336;12;56;32;18;4.00;8;2;1;87;0;4659218;792;0
147;18;336;12;56;32;29;3.40;2;1;1;71;0;4659229;103;0
147;18;336;12;56;33;13;3.80;1;1;1;73;0;4659313;373;0
147;18;336;12;56;34;99;3.40;4;1;1;90;0;4659499;274;0
147;18;336;12;56;34;99;3.60;6;2;1;77;0;4659499;388;0
147;18;336;12;56;34;16;3.00;2;1;1;73;0;4659416;169;4658899
147;18;336;12;56;35;64;3.60;7;2;1;92;0;4659564;1593;0
147;18;336;12;56;36;99;3.60;4;1;1;86;0;4659699;186;0
147;18;336;12;56;36;99;3.80;2;1;1;73;0;4659699;268;0
147;18;336;12;56;38;17;3.60;2;1;1;76;0;4659817;99;0
147;18;336;12;56;38;99;4.00;4;1;1;87;0;4659899;184;0
147;18;336;12;56;38;99;3.60;3;1;1;83;0;4659899;777;0
147;18;336;12;56;39;99;4.00;2;1;1;77;0;4659999;164;0
147;18;336;12;56;40;56;3.20;2;1;1;74;0;4660056;38;0
147;18;336;12;56;40;90;3.80;5;2;1;89;0;4660090;1677;0
147;18;336;12;56;41;99;3.80;6;2;1;77;0;4660199;683;0
147;18;336;12;56;41;99;3.00;2;1;1;76;0;4660199;127;4659699
147;18;336;12;56;42;99;4.40;2;1;1;79;0;4660299;85;4659699
147;18;336;12;56;44;7;3.40;7;2;1;83;0;4660407;828;0
147;18;336;12;56;44;18;3.40;5;2;1;79;0;4660418;312;0
147;18;336;12;56;44;99;3.80;2;1;1;79;0;4660499;179;4659699
147;18;336;12;56;45;4;3.80;6;2;1;79;0;4660504;287;0
147;18;336;12;56;46;10;3.40;8;2;1;83;0;4660610;1375;0
147;18;336;12;56;47;28;3.80;1;1;1;78;0;4660728;1396;0
147;18;336;12;56;49;20;3.20;6;2;1;88;0;4660920;398;0
147;18;336;12;56;51;98;5.20;8;2;1;80;0;4661198;573;0
147;18;336;12;56;52;3;3.20;3;1;1;77;0;4661203;1288;0
147;18;336;12;56;52;8;3.60;6;2;1;87;0;4661208;274;0
147;18;336;12;56;56;99;3.00;5;2;1;87;0;4661699;1265;0
147;18;336;12;56;57;99;3.80;6;2;1;77;0;4661799;576;0
147;18;336;12;56;57;99;3.20;2;1;1;71;0;4661799;1282;0
147;18;336;12;56;58;99;3.60;2;1;1;68;0;4661899;83;0
147;18;336;12;56;59;17;3.80;6;2;1;80;0;4661917;100;0
147;18;336;12;57;0;99;3.40;2;1;1;68;0;4662099;180;0
147;18;336;12;57;0;10;3.20;6;2;1;79;0;4662010;75;0
147;18;336;12;57;1;25;3.80;5;2;1;82;0;4662125;413;0
147;18;336;12;57;1;99;4.40;2;1;1;80;0;4662199;82;0
147;18;336;12;57;2;99;3.60;6;2;1;81;0;4662299;274;0
147;18;336;12;57;3;27;3.00;1;1;1;78;0;4662327;1581;0
147;18;336;12;57;4;4;5.40;6;2;1;79;0;4662404;89;0
147;18;336;12;57;4;99;3.20;2;1;1;81;0;4662499;280;0
147;18;336;12;57;5;8;3.80;5;2;1;88;0;4662508;366;0
147;18;336;12;57;5;21;3.40;3;1;1;79;0;4662521;1303;0
147;18;336;12;57;6;99;3.60;3;1;1;79;0;4662699;162;0
147;18;336;12;57;6;99;3.40;7;2;1;78;0;4662699;2277;0
147;18;336;12;57;8;82;3.60;6;2;1;77;0;4662882;453;0
147;18;336;12;57;9;6;3.60;7;2;1;80;0;4662906;191;0
147;18;336;12;57;9;17;3.60;2;1;1;84;0;4662917;403;0
147;18;336;12;57;9;99;3.60;6;2;1;76;0;4662999;100;0
147;18;336;12;57;10;99;3.80;4;1;1;96;0;4663099;3183;0
147;18;336;12;57;11;84;3.80;3;1;1;82;0;4663184;468;0
147;18;336;12;57;11;99;3.40;5;2;1;80;0;4663199;675;0
147;18;336;12;57;12;12;3.60;2;1;1;97;0;4663212;279;0
147;18;336;12;57;13;22;3.80;3;1;1;78;0;4663322;121;0
147;18;336;12;57;14;99;3.80;7;2;1;77;0;4663499;576;0
147;18;336;12;57;14;99;3.20;6;2;1;90;0;4663499;482;0
147;18;336;12;57;15;0;3.80;2;1;1;81;0;4663500;274;0
147;18;336;12;57;16;99;3.40;6;2;1;77;0;4663699;187;0
147;18;336;12;57;17;99;3.80;3;1;1;88;0;4663799;459;0
147;18;336;12;57;18;38;3.60;4;1;1;93;0;4663838;724;0
147;18;336;12;57;18;29;3.60;8;2;1;77;0;4663829;2607;0
147;18;336;12;57;20;0;3.80;4;1;1;92;0;4664000;148;0
147;18;336;12;57;19;99;3.20;3;1;1;78;0;4663999;184;0
147;18;336;12;57;20;99;3.40;6;2;1;82;0;4664099;384;0
147;18;336;12;57;20;99;4.00;2;1;1;81;0;4664099;582;0
147;18;336;12;57;22;19;3.20;7;2;1;79;0;4664219;702;0
147;18;336;12;57;22;99;3.80;3;1;1;79;0;4664299;285;0
147;18;336;12;57;22;99;3.40;6;2;1;82;0;4664299;185;0
147;18;336;12;57;23;99;3.20;2;1;1;83;0;4664399;282;0
147;18;336;12;57;24;99;4.00;7;2;1;83;0;4664499;265;0
147;18;336;12;57;25;99;3.40;6;2;1;78;0;4664599;285;0
147;18;336;12;57;28;99;5.00;2;1;1;73;0;4664899;486;0
147;18;336;12;57;29;80;3.80;3;1;1;89;0;4664980;663;0
147;18;336;12;57;29;79;3.40;1;1;1;79;0;4664979;2638;0
147;18;336;12;57;30;99;3.60;6;2;1;80;0;4665099;484;0
147;18;336;12;57;31;28;3.80;2;1;1;79;0;4665128;204;0
147;18;336;12;57;31;68;3.80;6;2;1;79;0;4665168;52;0
147;18;336;12;57;31;77;4.00;8;2;1;82;0;4665177;1331;0
147;18;336;12;57;32;99;5.20;3;1;1;83;0;4665299;303;0
147;18;336;12;57;32;99;3.80;4;1;1;84;0;4665299;1284;0
147;18;336;12;57;34;0;3.00;3;1;1;79;0;4665400;78;0
147;18;336;12;57;38;99;3.80;6;2;1;83;0;4665899;713;0
147;18;336;12;57;40;3;3.60;2;1;1;83;0;4666003;857;0
147;18;336;12;57;41;13;3.20;4;1;1;78;0;4666113;797;0
147;18;336;12;57;41;56;3.80;4;1;1;81;0;4666156;28;0
147;18;336;12;57;42;99;3.80;6;2;1;78;0;4666299;383;0
147;18;336;12;57;43;4;3.60;3;1;1;71;0;4666304;890;0
147;18;336;12;57;43;3;3.20;4;1;1;87;0;4666303;130;0
147;18;336;12;57;43;99;6.80;3;1;6;71;0;4666399;76;0
147;18;336;12;57;45;26;3.20;6;2;1;77;0;4666526;209;0
147;18;336;12;57;45;99;5.00;3;1;1;80;0;4666599;165;0
147;18;336;12;57;45;99;3.20;2;1;1;76;0;4666599;580;0
147;18;336;12;57;48;9;3.80;5;2;1;83;0;4666809;3594;0
147;18;336;12;57;48;11;3.80;6;2;1;74;0;4666811;270;0
147;18;336;12;57;49;37;3.40;6;2;1;73;0;4666937;107;0
147;18;336;12;57;49;62;5.00;3;1;1;74;0;4666962;340;0
147;18;336;12;57;50;99;3.40;2;1;1;79;0;4667099;484;0
147;18;336;12;57;51;7;3.60;6;2;1;74;0;4667107;153;0
147;18;336;12;57;51;99;6.80;8;2;1;79;0;4667199;2004;0
147;18;336;12;57;53;99;3.60;5;2;1;86;0;4667399;573;0
147;18;336;12;57;54;42;3.40;6;2;1;86;0;4667442;317;0
147;18;336;12;57;57;4;3.60;3;1;1;78;0;4667704;717;0
147;18;336;12;57;57;99;3.60;2;1;1;76;0;4667799;684;0
147;18;336;12;57;58;99;4.00;7;2;1;84;0;4667899;3382;0
147;18;336;12;57;59;51;3.80;3;1;1;82;0;4667951;230;0
147;18;336;12;58;1;99;3.20;6;2;1;65;0;4668199;742;0
147;18;336;12;58;1;9;3.20;2;1;1;73;0;4668109;292;0
147;18;336;12;58;2;99;3.80;3;1;1;83;0;4668299;331;0
147;18;336;12;58;3;99;3.80;6;2;1;67;0;4668399;182;0
147;18;336;12;58;4;26;3.40;7;2;1;75;0;4668426;509;0
147;18;336;12;58;5;10;3.80;5;2;1;79;0;4668510;1095;0
147;18;336;12;58;6;5;3.80;7;2;1;81;0;4668605;162;0
147;18;336;12;58;6;99;4.00;3;1;1;74;0;4668699;383;0
147;18;336;12;58;6;99;3.40;6;2;1;73;0;4668699;279;0
147;18;336;12;58;7;18;3.80;5;2;1;88;0;4668718;190;0
147;18;336;12;58;7;19;4.00;7;2;1;81;0;4668719;97;0
147;18;336;12;58;7;31;3.20;4;1;1;77;0;4668731;2414;0
147;18;336;12;58;7;99;3.60;1;1;1;81;0;4668799;3804;0
147;18;336;12;58;9;0;3.60;3;1;1;81;0;4668900;181;0
147;18;336;12;58;10;28;2.80;6;2;1;77;0;4669028;312;0
147;18;336;12;58;10;99;4.00;8;2;1;83;0;4669099;1869;0
147;18;336;12;58;11;13;3.60;1;1;1;76;0;4669113;298;0
147;18;336;12;58;12;50;3.00;6;2;1;77;0;4669250;208;0
147;18;336;12;58;13;19;3.40;2;1;1;76;0;4669319;1194;0
147;18;336;12;58;13;99;3.80;4;1;1;81;0;4669399;653;0
147;18;336;12;58;13;99;3.80;6;2;1;76;0;4669399;134;0
147;18;336;12;58;14;16;3.40;7;2;1;82;0;4669416;679;0
147;18;336;12;58;15;20;3.40;2;1;1;77;0;4669520;184;0
147;18;336;12;58;15;97;3.20;4;1;1;83;0;4669597;181;0
147;18;336;12;58;15;99;3.40;3;1;1;73;0;4669599;683;0
147;18;336;12;58;16;99;3.80;2;1;1;78;0;4669699;163;0
147;18;336;12;58;17;52;3.80;1;1;1;82;0;4669752;621;0
147;18;336;12;58;18;20;3.00;6;2;1;77;0;4669820;403;0
147;18;336;12;58;19;99;4.00;7;2;1;84;0;4669999;568;0
147;18;336;12;58;19;99;3.00;6;2;1;74;0;4669999;164;0
147;18;336;12;58;20;3;4.20;3;1;1;76;0;4670003;387;0
147;18;336;12;58;20;99;3.40;2;1;1;71;0;4670099;382;0
147;18;336;12;58;21;23;3.60;6;2;1;75;0;4670123;109;0
147;18;336;12;58;21;99;3.60;1;1;1;74;0;4670199;430;0
147;18;336;12;58;22;27;3.80;1;1;1;74;0;4670227;10;0
147;18;336;12;58;22;51;3.40;5;2;1;82;0;4670251;1517;0
147;18;336;12;58;23;99;3.60;6;2;1;80;0;4670399;258;0
147;18;336;12;58;24;8;3.60;5;2;1;86;0;4670408;142;0
147;18;336;12;58;24;99;3.20;2;1;1;75;0;4670499;382;0
147;18;336;12;58;25;13;3.80;6;2;1;82;0;4670513;97;0
147;18;336;12;58;25;99;3.60;1;1;1;77;0;4670599;353;0
147;18;336;12;58;26;99;3.40;3;1;1;82;0;4670699;676;0
147;18;336;12;58;27;13;3.60;2;1;1;89;0;4670713;198;0
147;18;336;12;58;28;4;3.60;3;1;1;79;0;4670804;90;0
147;18;336;12;58;28;99;3.80;1;1;1;85;0;4670899;283;0
147;18;336;12;58;29;4;6.80;3;1;1;78;0;4670904;83;0
147;18;336;12;58;29;99;3.40;6;2;1;75;0;4670999;469;0
147;18;336;12;58;30;18;3.20;3;1;1;78;0;4671018;82;0
147;18;336;12;58;30;81;3.20;5;2;1;88;0;4671081;657;0
147;18;336;12;58;31;99;3.40;3;1;1;77;0;4671199;166;4670699
147;18;336;12;58;32;11;5.40;2;1;1;75;0;4671211;483;0
147;18;336;12;58;34;22;3.60;7;2;1;81;0;4671422;1405;0
147;18;336;12;58;34;99;3.40;6;2;1;80;0;4671499;483;0
147;18;336;12;58;37;1;3.80;1;1;1;77;0;4671701;785;0
147;18;336;12;58;37;18;3.40;6;2;1;77;0;4671718;203;0
147;18;336;12;58;38;72;3.60;2;1;1;95;0;4671872;635;0
147;18;336;12;58;38;99;3.80;2;1;1;82;0;4671899;13;0
147;18;336;12;58;39;99;3.80;6;2;1;82;0;4671999;265;0
147;18;336;12;58;39;99;3.00;7;2;1;73;0;4671999;561;0
147;18;336;12;58;40;23;3.60;2;1;1;81;0;4672023;107;0
147;18;336;12;58;40;34;4.00;3;1;1;87;0;4672034;819;0
147;18;336;12;58;40;53;3.40;6;2;1;85;0;4672053;37;0
147;18;336;12;58;41;99;3.40;2;1;1;77;0;4672199;160;0
147;18;336;12;58;42;15;3.80;3;1;1;84;0;4672215;164;0
147;18;336;12;58;42;99;3.60;6;2;1;81;0;4672299;231;0
147;18;336;12;58;43;99;3.00;7;2;1;82;0;4672399;385;0
147;18;336;12;58;44;99;3.40;1;1;1;77;0;4672499;780;0
147;18;336;12;58;46;99;3.80;2;1;1;79;0;4672699;484;0
147;18;336;12;58;46;99;3.20;3;1;1;77;0;4672699;467;0
147;18;336;12;58;47;99;3.80;2;1;1;79;0;4672799;82;0
147;18;336;12;58;47;99;4.60;4;1;1;86;0;4672799;3188;0
147;18;336;12;58;49;99;2.80;4;1;1;87;0;4672999;180;0
147;18;336;12;58;50;35;3.40;6;2;1;80;0;4673035;720;0
147;18;336;12;58;51;12;3.20;3;1;1;76;0;4673112;398;0
147;18;336;12;58;51;99;3.40;4;1;1;83;0;4673199;188;0
147;18;336;12;58;52;99;3.80;6;2;1;78;0;4673299;248;0
147;18;336;12;58;52;99;4.00;4;1;1;84;0;4673299;85;0
147;18;336;12;58;52;99;3.80;3;1;1;81;0;4673299;171;0
147;18;336;12;58;52;99;3.60;5;2;1;84;0;4673299;2204;0
147;18;336;12;58;53;91;3.20;3;1;1;81;0;4673391;75;0
147;18;336;12;58;54;99;3.60;7;2;1;79;0;4673499;1086;0
147;18;336;12;58;54;99;3.40;6;2;1;69;0;4673499;182;0
147;18;336;12;58;54;99;3.80;4;1;1;82;0;4673499;182;4672799
147;18;336;12;58;55;0;3.80;5;2;1;86;0;4673500;185;4672799
147;18;336;12;58;55;7;5.00;3;1;1;85;0;4673507;101;4672799
147;18;336;12;58;55;28;4.00;7;2;1;76;0;4673528;12;4672799
147;18;336;12;58;56;78;3.40;3;1;1;83;0;4673678;149;4673112
147;18;336;12;58;56;99;4.00;5;2;1;85;0;4673699;183;4673112
147;18;336;12;58;57;2;3.40;6;2;1;76;0;4673702;185;4673112
147;18;336;12;58;57;99;3.20;4;1;1;81;0;4673799;283;0
147;18;336;12;58;58;7;3.80;6;2;1;76;0;4673807;88;0
147;18;336;12;58;58;71;4.00;3;1;1;86;0;4673871;178;4673112
147;18;336;12;58;59;99;4.20;6;2;1;77;0;4673999;174;4673299
147;18;336;12;59;1;83;3.80;7;2;1;75;0;4674183;636;0
147;18;336;12;59;2;99;3.60;5;2;1;85;0;4674299;583;0
147;18;336;12;59;2;99;4.00;3;1;1;79;0;4674299;411;0
147;18;336;12;59;3;4;3.00;4;1;1;78;0;4674304;490;0
147;18;336;12;59;3;51;3.60;6;2;1;79;0;4674351;332;0
147;18;336;12;59;3;68;4.00;2;1;1;80;0;4674368;1551;0
147;18;336;12;59;4;99;3.40;3;1;1;76;0;4674499;181;0
147;18;336;12;59;7;99;3.60;3;1;1;76;0;4674799;283;0
147;18;336;12;59;7;99;4.00;1;1;1;85;0;4674799;2284;0
147;18;336;12;59;8;11;3.60;6;2;1;80;0;4674811;443;0
147;18;336;12;59;9;11;3.60;3;1;1;78;0;4674911;94;0
147;18;336;12;59;9;99;3.20;5;2;1;89;0;4674999;684;0
147;18;336;12;59;10;99;4.60;5;2;1;89;0;4675099;87;0
147;18;336;12;59;10;99;8.20;3;1;6;80;0;4675099;171;0
147;18;336;12;59;11;39;3.80;4;1;1;86;0;4675139;821;0
147;18;336;12;59;9;69;11.60;7;2;2;38;0;4674969;767;0
147;18;336;12;59;11;58;3.80;2;1;1;81;0;4675158;772;0
147;18;336;12;59;11;70;3.20;6;2;1;76;0;4675170;342;0
147;18;336;12;59;12;5;3.60;5;2;1;92;0;4675205;87;0
147;18;336;12;59;12;18;3.60;4;1;1;86;0;4675218;63;0
147;18;336;12;59;12;99;3.60;3;1;1;81;0;4675299;163;0
147;18;336;12;59;12;99;3.80;2;1;1;83;0;4675299;124;0
147;18;336;12;59;12;99;3.20;8;2;1;75;0;4675299;6182;0
147;18;336;12;59;13;24;4.80;7;2;1;81;0;4675324;245;0
147;18;336;12;59;14;13;3.60;6;2;1;80;0;4675413;227;0
147;18;336;12;59;14;12;3.60;5;2;1;84;0;4675412;192;0
147;18;336;12;59;14;77;4.80;8;2;1;77;0;4675477;162;0
147;18;336;12;59;15;10;3.20;5;2;1;83;0;4675510;82;4674999
147;18;336;12;59;15;7;3.60;6;2;1;79;0;4675507;77;4674999
147;18;336;12;59;15;18;3.20;3;1;1;82;0;4675518;203;0
147;18;336;12;59;17;99;3.80;4;1;1;81;0;4675799;565;0
147;18;336;12;59;17;99;3.20;2;1;1;76;0;4675799;483;0
147;18;336;12;59;17;99;5.40;6;2;1;76;0;4675799;275;0
147;18;336;12;59;18;19;3.80;4;1;1;86;0;4675819;3;0
147;18;336;12;59;18;99;3.80;2;1;1;79;0;4675899;84;0
147;18;336;12;59;19;90;3.40;6;2;1;77;0;4675990;165;0
147;18;336;12;59;20;99;3.80;7;2;1;81;0;4676099;753;0
147;18;336;12;59;20;99;3.40;3;1;1;75;0;4676099;566;0
147;18;336;12;59;21;7;3.80;5;2;1;80;0;4676107;583;0
147;18;336;12;59;21;70;3.20;6;2;1;78;0;4676170;164;0
147;18;336;12;59;22;99;3.20;3;1;1;80;0;4676299;183;0
147;18;336;12;59;23;10;3.40;6;2;1;85;0;4676310;125;0
147;18;336;12;59;23;99;3.20;3;1;1;82;0;4676399;85;0
147;18;336;12;59;24;99;3.40;6;2;1;86;0;4676499;174;4675799
147;18;336;12;59;28;99;3.80;1;1;1;81;0;4676899;2083;0
147;18;336;12;59;28;12;3.40;3;1;1;73;0;4676812;398;0
147;18;336;12;59;29;83;3.40;8;2;1;83;0;4676983;1483;0
147;18;336;12;59;30;99;3.80;6;2;1;80;0;4677099;585;0
147;18;336;12;59;30;99;3.40;3;1;1;76;0;4677099;270;0
147;18;336;12;59;31;41;3.20;4;1;1;84;0;4677141;1306;0
147;18;336;12;59;32;99;3.60;4;1;1;84;0;4677299;144;0
147;18;336;12;59;33;0;3.80;3;1;1;77;0;4677300;184;0
147;18;336;12;59;33;99;3.40;4;1;1;82;0;4677399;84;0
147;18;336;12;59;33;99;3.60;6;2;1;74;0;4677399;282;0
147;18;336;12;59;33;99;3.60;5;2;1;84;0;4677399;1274;0
147;18;336;12;59;33;99;3.60;2;1;1;79;0;4677399;1482;0
147;18;336;12;59;34;81;3.60;4;1;1;80;0;4677481;67;0
147;18;336;12;59;34;89;3.60;2;1;1;75;0;4677489;73;0
147;18;336;12;59;34;89;4.00;3;1;1;76;0;4677489;171;0
147;18;336;12;59;33;14;4.20;7;2;1;19;0;4677314;1198;0
147;18;336;12;59;34;92;8.00;6;2;6;76;0;4677492;75;0
147;18;336;12;59;36;12;5.80;7;2;1;67;0;4677612;218;0
147;18;336;12;59;37;85;3.60;6;2;1;74;0;4677785;255;0
147;18;336;12;59;37;99;3.40;5;2;1;78;0;4677799;384;0
147;18;336;12;59;38;0;3.20;2;1;1;73;0;4677800;293;0
147;18;336;12;59;38;99;3.60;3;1;1;78;0;4677899;391;0
147;18;336;12;59;39;11;3.60;6;2;1;73;0;4677911;108;0
147;18;336;12;59;40;99;3.80;6;2;1;73;0;4678099;170;0
147;18;336;12;59;41;99;3.40;2;1;1;75;0;4678199;383;0
147;18;336;12;59;42;13;3.00;6;2;1;75;0;4678213;95;0
147;18;336;12;59;42;15;4.60;3;1;1;78;0;4678215;299;0
147;18;336;12;59;43;21;3.80;2;1;1;80;0;4678321;105;0
147;18;336;12;59;45;10;3.60;6;2;1;76;0;4678510;282;0
147;18;336;12;59;45;99;3.80;5;2;1;82;0;4678599;784;0
147;18;336;12;59;46;99;3.20;6;2;1;74;0;4678699;171;0
147;18;336;12;59;47;99;3.60;6;2;1;75;0;4678799;84;0
147;18;336;12;59;48;99;3.60;4;1;1;91;0;4678899;1401;0
147;18;336;12;59;49;38;8.00;6;2;6;76;0;4678938;121;0
147;18;336;12;59;50;12;3.80;5;2;1;82;0;4679012;396;0
147;18;336;12;59;50;99;3.40;3;1;1;76;0;4679099;862;0
147;18;336;12;59;51;99;3.80;6;2;1;74;0;4679199;223;0
147;18;336;12;59;51;99;3.20;3;1;1;76;0;4679199;83;0
147;18;336;12;59;51;99;3.60;2;1;1;78;0;4679199;860;0
147;18;336;12;59;53;6;3.80;2;1;1;79;0;4679306;90;0
147;18;336;12;59;53;15;3.80;6;2;1;80;0;4679315;97;0
147;18;336;12;59;53;99;3.80;5;2;1;81;0;4679399;370;0
147;18;336;12;59;54;24;3.40;5;2;1;81;0;4679424;8;0
147;18;336;12;59;54;49;3.40;6;2;1;78;0;4679449;116;0
147;18;336;12;59;57;77;3.80;5;2;1;99;0;4679777;337;0
147;18;336;12;59;58;99;3.40;6;2;1;78;0;4679899;434;0
147;18;336;12;59;58;99;3.40;3;1;1;75;0;4679899;684;0
147;18;336;13;0;0;24;4.00;7;2;1;80;0;4680024;2380;0
147;18;336;13;0;0;99;3.80;5;2;1;100;0;4680099;308;0
147;18;336;13;0;1;99;3.60;6;2;1;81;0;4680199;284;0
147;18;336;13;0;2;25;3.40;6;2;1;81;0;4680225;10;0
147;18;336;13;0;0;54;1.00;7;2;1;1;1;4680054;12;0
147;18;336;13;0;2;67;3.00;3;1;1;78;0;4680267;351;0
147;18;336;13;0;3;15;3.80;4;1;1;78;0;4680315;1401;0
147;18;336;13;0;4;99;3.40;3;1;1;77;0;4680499;218;0
147;18;336;13;0;6;99;3.60;3;1;1;81;0;4680699;184;0
147;18;336;13;0;7;6;4.00;4;1;1;91;0;4680706;373;0
147;18;336;13;0;7;43;3.60;2;1;1;83;0;4680743;1419;0
147;18;336;13;0;7;52;3.80;3;1;1;84;0;4680752;37;0
147;18;336;13;0;8;99;4.00;2;1;1;85;0;4680899;140;0
147;18;336;13;0;9;99;4.00;7;2;1;77;0;4680999;957;0
147;18;336;13;0;10;51;4.80;2;1;1;81;0;4681051;135;0
147;18;336;13;0;10;70;3.60;6;2;1;81;0;4681070;829;0
147;18;336;13;0;10;99;3.60;1;1;1;87;0;4681099;4183;0
147;18;336;13;0;11;19;3.60;2;1;1;80;0;4681119;46;0
147;18;336;13;0;11;99;3.40;3;1;1;77;0;4681199;430;0
147;18;336;13;0;12;29;3.20;1;1;1;85;0;4681229;115;0
147;18;336;13;0;12;22;3.80;7;2;1;78;0;4681222;204;0
147;18;336;13;0;13;99;3.80;3;1;1;78;0;4681399;184;0
147;18;336;13;0;15;7;3.40;7;2;1;80;0;4681507;267;0
147;18;336;13;0;15;17;3.20;3;1;1;77;0;4681517;100;0
147;18;336;13;0;16;31;3.40;6;2;1;88;0;4681631;545;0
147;18;336;13;0;16;20;3.60;2;1;1;79;0;4681620;484;0
147;18;336;13;0;16;99;3.60;3;1;1;72;0;4681699;167;0
147;18;336;13;0;17;99;3.60;6;2;1;75;0;4681799;154;0
147;18;336;13;0;17;44;3.40;5;2;1;89;0;4681744;1631;0
147;18;336;13;0;17;37;4.40;8;2;1;79;0;4681737;4739;0
147;18;336;13;0;18;85;3.60;4;1;1;83;0;4681885;1163;0
147;18;336;13;0;18;99;3.80;6;2;1;75;0;4681899;82;0
147;18;336;13;0;18;99;3.80;3;1;1;75;0;4681899;182;4681199
147;18;336;13;0;20;9;4.00;4;1;1;78;0;4682009;108;4681199
147;18;336;13;0;20;25;3.20;6;2;1;79;0;4682025;107;4681199
147;18;336;13;0;20;44;3.40;2;1;1;86;0;4682044;407;0
147;18;336;13;0;19;95;16.60;3;1;4;77;0;4681995;77;4681199
147;18;336;13;0;20;83;3.40;5;2;1;91;0;4682083;325;0
147;18;336;13;0;21;9;3.60;7;2;1;78;0;4682109;586;0
147;18;336;13;0;21;99;3.80;4;1;1;83;0;4682199;171;0
147;18;336;13;0;22;25;3.40;2;1;1;82;0;4682225;166;0
147;18;336;13;0;22;20;3.40;6;2;1;74;0;4682220;180;4681631
147;18;336;13;0;24;12;3.80;1;1;1;85;0;4682412;1169;0
147;18;336;13;0;24;17;3.40;6;2;1;76;0;4682417;180;4681631
147;18;336;13;0;25;62;4.60;2;1;1;88;0;4682562;322;0
147;18;336;13;0;25;76;3.40;6;2;1;77;0;4682576;142;4681631
147;18;336;13;0;25;10;15.00;3;1;4;75;0;4682510;437;0
147;18;336;13;0;26;99;4.80;7;2;1;79;0;4682699;573;0
147;18;336;13;0;26;99;3.80;4;1;1;79;0;4682699;483;0
147;18;336;13;0;27;10;3.20;3;1;1;74;0;4682710;128;0
147;18;336;13;0;27;99;3.20;6;2;1;77;0;4682799;207;0
147;18;336;13;0;27;99;3.20;4;1;1;78;0;4682799;82;0
147;18;336;13;0;28;55;3.80;5;2;1;83;0;4682855;758;0
147;18;336;13;0;28;79;3.00;6;2;1;74;0;4682879;65;0
147;18;336;13;0;29;4;3.40;5;2;1;85;0;4682904;32;0
147;18;336;13;0;28;36;18.40;3;1;5;74;0;4682836;110;0
147;18;336;13;0;29;99;3.60;2;1;1;77;0;4682999;418;0
147;18;336;13;0;29;99;4.00;6;2;1;75;0;4682999;105;0
147;18;336;13;0;30;23;4.60;1;1;1;86;0;4683023;594;0
147;18;336;13;0;29;99;6.40;7;2;1;51;0;4682999;278;0
147;18;336;13;0;31;17;3.60;7;2;1;78;0;4683117;72;0
147;18;336;13;0;31;99;3.40;5;2;1;81;0;4683199;280;0
147;18;336;13;0;32;0;3.60;4;1;1;84;0;4683200;386;0
147;18;336;13;0;31;99;6.00;7;2;1;71;0;4683199;65;0
147;18;336;13;0;32;99;3.00;6;2;1;78;0;4683299;280;0
147;18;336;13;0;33;0;3.60;7;2;1;77;0;4683300;70;0
147;18;336;13;0;33;16;3.20;5;2;1;83;0;4683316;101;0
147;18;336;13;0;33;65;3.60;6;2;1;79;0;4683365;52;0
147;18;336;13;0;33;59;4.80;3;1;1;76;0;4683359;433;0
147;18;336;13;0;34;99;3.40;8;2;1;82;0;4683499;1741;0
147;18;336;13;0;34;99;5.80;3;1;1;75;0;4683499;117;0
147;18;336;13;0;35;99;4.40;6;2;1;80;0;4683599;217;0
147;18;336;13;0;39;99;3.00;7;2;1;81;0;4683999;682;0
147;18;336;13;0;39;99;3.80;8;2;1;80;0;4683999;485;0
147;18;336;13;0;41;99;4.00;5;2;1;84;0;4684199;869;0
147;18;336;13;0;42;99;3.60;4;1;1;75;0;4684299;1083;0
147;18;336;13;0;43;14;3.80;3;1;1;83;0;4684314;787;0
147;18;336;13;0;43;23;3.20;6;2;1;78;0;4684323;704;0
147;18;336;13;0;43;58;3.40;8;2;1;75;0;4684358;341;0
147;18;336;13;0;44;99;3.60;5;2;1;89;0;4684499;282;0
147;18;336;13;0;44;99;3.60;2;1;1;76;0;4684499;1483;0
147;18;336;13;0;44;99;3.60;6;2;1;78;0;4684499;161;0
147;18;336;13;0;45;9;3.40;5;2;1;85;0;4684509;-1;0
147;18;336;13;0;45;99;3.40;2;1;1;74;0;4684599;82;0
147;18;336;13;0;46;30;3.80;1;1;1;98;0;4684630;1587;0
147;18;336;13;0;46;87;3.00;2;1;1;74;0;4684687;71;0
147;18;336;13;0;47;99;3.80;8;2;1;80;0;4684799;424;0
147;18;336;13;0;47;99;3.60;6;2;1;80;0;4684799;283;0
147;18;336;13;0;47;99;3.60;2;1;1;74;0;4684799;97;0
147;18;336;13;0;47;99;4.00;5;2;1;90;0;4684799;275;0
147;18;336;13;0;49;21;4.60;8;2;1;85;0;4684921;104;0
147;18;336;13;0;50;99;4.60;8;2;1;72;0;4685099;158;0
147;18;336;13;0;51;11;3.60;2;1;1;74;0;4685111;294;0
147;18;336;13;0;52;99;4.40;2;1;1;74;0;4685299;170;0
147;18;336;13;0;55;99;4.40;3;1;1;80;0;4685599;1268;0
147;18;336;13;0;59;21;3.20;6;2;1;78;0;4685921;1105;0
147;18;336;13;1;1;76;3.00;2;1;1;77;0;4686176;855;0
147;18;336;13;1;2;99;3.60;4;1;1;86;0;4686299;1982;0
147;18;336;13;1;3;9;3.40;3;1;1;73;0;4686309;690;0
147;18;336;13;1;3;14;3.60;2;1;1;77;0;4686314;123;0
147;18;336;13;1;3;18;3.80;6;2;1;76;0;4686318;382;0
147;18;336;13;1;3;26;5.20;7;2;1;75;0;4686326;2313;0
147;18;336;13;1;4;14;4.00;3;1;1;77;0;4686414;88;0
147;18;336;13;1;5;99;3.40;6;2;1;76;0;4686599;263;0
147;18;336;13;1;5;99;3.80;8;2;1;78;0;4686599;1477;0
147;18;336;13;1;6;34;4.20;6;2;1;77;0;4686634;18;0
147;18;336;13;1;7;99;3.40;8;2;1;79;0;4686799;182;0
147;18;336;13;1;7;99;3.60;6;2;1;80;0;4686799;145;0
147;18;336;13;1;8;21;3.40;5;2;1;90;0;4686821;2006;0
147;18;336;13;1;8;99;4.60;2;1;1;68;0;4686899;568;0
147;18;336;13;1;9;7;4.80;7;2;1;82;0;4686907;556;0
147;18;336;13;1;8;31;5.00;3;1;1;73;0;4686831;398;0
147;18;336;13;1;8;73;15.00;4;1;4;77;0;4686873;558;0
147;18;336;13;1;10;99;3.20;6;2;1;86;0;4687099;283;0
147;18;336;13;1;10;99;3.20;2;1;1;76;0;4687099;175;0
147;18;336;13;1;11;9;3.60;3;1;1;88;0;4687109;253;0
147;18;336;13;1;11;53;3.00;2;1;1;76;0;4687153;38;0
147;18;336;13;1;12;99;3.20;7;2;1;87;0;4687299;370;0
147;18;336;13;1;13;18;3.60;6;2;1;83;0;4687318;205;0
147;18;336;13;1;14;13;3.40;3;1;1;78;0;4687413;289;0
147;18;336;13;1;15;99;3.40;6;2;1;83;0;4687599;265;0
147;18;336;13;1;16;53;3.20;6;2;1;76;0;4687653;39;0
147;18;336;13;1;17;99;3.20;1;1;1;81;0;4687799;3155;0
147;18;336;13;1;19;4;5.60;6;2;1;80;0;4687904;235;0
147;18;336;13;1;19;99;3.40;6;2;1;77;0;4687999;69;0
147;18;336;13;1;20;99;3.40;3;1;1;78;0;4688099;670;0
147;18;336;13;1;21;2;4.20;8;2;1;105;0;4688102;1287;0
147;18;336;13;1;21;99;4.00;6;2;1;79;0;4688199;184;0
147;18;336;13;1;21;22;3.40;3;1;1;96;0;4688122;7;0
147;18;336;13;1;21;42;3.60;7;2;1;88;0;4688142;829;0
147;18;336;13;1;22;81;3.60;6;2;1;76;0;4688281;63;0
147;18;336;13;1;22;99;3.40;5;2;1;85;0;4688299;1464;0
147;18;336;13;1;23;8;3.80;2;1;1;76;0;4688308;1140;0
147;18;336;13;1;23;99;3.40;3;1;1;77;0;4688399;264;0
147;18;336;13;1;25;99;3.60;2;1;1;78;0;4688599;273;0
147;18;336;13;1;27;17;3.80;4;1;1;82;0;4688717;1773;0
147;18;336;13;1;27;31;3.20;6;2;1;90;0;4688731;432;0
147;18;336;13;1;28;99;3.40;6;2;1;83;0;4688899;155;0
147;18;336;13;1;28;99;4.20;7;2;1;83;0;4688899;742;0
147;18;336;13;1;30;5;3.60;3;1;1;83;0;4689005;590;0
147;18;336;13;1;30;99;3.60;2;1;1;69;0;4689099;483;0
147;18;336;13;1;33;12;3.40;2;1;1;72;0;4689312;194;0
147;18;336;13;1;33;99;3.80;7;2;1;80;0;4689399;481;0
147;18;336;13;1;34;21;3.40;4;1;1;81;0;4689421;687;0
147;18;336;13;1;34;22;4.40;1;1;1;70;0;4689422;1608;0
147;18;336;13;1;35;99;3.20;6;2;1;77;0;4689599;685;0
147;18;336;13;1;35;99;3.60;4;1;1;78;0;4689599;162;0
147;18;336;13;1;36;99;4.60;6;2;1;78;0;4689699;85;0
147;18;336;13;1;36;99;3.60;3;1;1;61;0;4689699;678;0
147;18;336;13;1;37;60;3.80;5;2;1;85;0;4689760;1446;0
147;18;336;13;1;37;99;3.40;3;1;1;69;0;4689799;78;0
147;18;336;13;1;38;18;3.80;6;2;1;84;0;4689818;97;0
147;18;336;13;1;39;99;3.80;4;1;1;80;0;4689999;383;0
147;18;336;13;1;39;99;3.20;3;1;1;70;0;4689999;182;0
147;18;336;13;1;39;1;3.60;7;2;1;81;0;4689901;484;0
147;18;336;13;1;40;6;3.60;1;1;1;77;0;4690006;561;0
147;18;336;13;1;40;92;3.20;6;2;1;74;0;4690092;257;0
147;18;336;13;1;40;99;3.80;7;2;1;76;0;4690099;182;0
147;18;336;13;1;40;99;3.40;3;1;1;77;0;4690099;83;0
147;18;336;13;1;42;0;4.00;7;2;1;81;0;4690200;83;0
147;18;336;13;1;42;9;4.00;3;1;1;80;0;4690209;94;4689699
147;18;336;13;1;43;99;3.00;3;1;1;77;0;4690399;172;4689699
147;18;336;13;1;44;6;3.40;1;1;1;74;0;4690406;383;0
147;18;336;13;1;44;35;3.60;3;1;1;70;0;4690435;21;4689699
147;18;336;13;1;44;38;4.60;1;1;1;75;0;4690438;15;4689699
147;18;336;13;1;45;76;3.40;7;2;1;74;0;4690576;358;0
147;18;336;13;1;45;99;3.20;3;1;1;68;0;4690599;145;4689699
147;18;336;13;1;46;17;4.00;7;2;1;74;0;4690617;24;4689699
147;18;336;13;1;46;99;3.60;5;2;1;81;0;4690699;922;0
147;18;336;13;1;47;8;3.60;3;1;1;66;0;4690708;92;4689699
147;18;336;13;1;47;47;3.60;4;1;1;81;0;4690747;730;0
147;18;336;13;1;47;72;3.80;7;2;1;77;0;4690772;135;0
147;18;336;13;1;47;88;3.60;6;2;1;72;0;4690788;680;0
147;18;336;13;1;48;99;3.20;3;1;1;73;0;4690899;171;4689699
147;18;336;13;1;48;99;3.60;4;1;1;83;0;4690899;136;4689699
147;18;336;13;1;48;99;3.40;8;2;1;81;0;4690899;2782;0
147;18;336;13;1;50;70;3.60;2;1;1;83;0;4691070;1741;0
147;18;336;13;1;50;94;4.60;4;1;1;84;0;4691094;179;0
147;18;336;13;1;50;99;3.40;3;1;1;73;0;4691099;184;4689699
147;18;336;13;1;50;99;4.00;7;2;1;81;0;4691099;309;0
147;18;336;13;1;51;99;3.80;3;1;1;74;0;4691199;83;4689699
147;18;336;13;1;52;24;3.20;2;1;1;98;0;4691224;138;4689699
147;18;336;13;1;52;1;3.80;7;2;1;76;0;4691201;84;4689699
147;18;336;13;1;53;10;3.60;6;2;1;76;0;4691310;504;0
147;18;336;13;1;53;99;3.40;2;1;1;80;0;4691399;163;0
147;18;336;13;1;55;99;3.00;3;1;1;74;0;4691599;381;0
147;18;336;13;1;56;23;3.60;4;1;1;79;0;4691623;509;0
147;18;336;13;1;56;99;3.20;6;2;1;77;0;4691699;371;0
147;18;336;13;1;57;55;3.80;6;2;1;82;0;4691755;41;0
147;18;336;13;1;59;0;3.40;4;1;1;80;0;4691900;260;0
147;18;336;13;1;58;99;3.20;3;1;1;70;0;4691899;285;0
147;18;336;13;1;59;99;3.40;6;2;1;83;0;4691999;227;0
147;18;336;13;1;59;99;3.80;3;1;1;70;0;4691999;83;0
147;18;336;13;2;0;79;3.80;7;2;1;93;0;4692079;860;0
147;18;336;13;2;1;99;3.60;3;1;1;71;0;4692199;180;0
147;18;336;13;2;2;6;3.80;5;2;1;98;0;4692206;1491;0
147;18;336;13;2;3;14;4.00;5;2;1;97;0;4692314;94;0
147;18;336;13;2;3;16;3.40;4;1;1;84;0;4692316;400;0
147;18;336;13;2;3;96;3.80;3;1;1;74;0;4692396;178;0
147;18;336;13;2;3;99;4.20;2;1;1;81;0;4692399;984;0
147;18;336;13;2;4;99;3.60;4;1;1;81;0;4692499;168;0
147;18;336;13;2;4;0;3.80;7;2;1;79;0;4692400;306;0
147;18;336;13;2;5;8;3.60;3;1;1;74;0;4692508;93;4691899
147;18;336;13;2;5;88;4.00;8;2;1;94;0;4692588;1673;0
147;18;336;13;2;6;3;3.60;2;1;1;76;0;4692603;185;0
147;18;336;13;2;6;99;3.20;3;1;1;75;0;4692699;173;4691899
147;18;336;13;2;7;99;3.60;6;2;1;79;0;4692799;785;0
147;18;336;13;2;7;11;3.20;1;1;1;86;0;4692711;2250;0
147;18;336;13;2;7;42;3.20;2;1;1;74;0;4692742;121;0
147;18;336;13;2;8;24;3.40;4;1;1;80;0;4692824;309;0
147;18;336;13;2;8;85;3.00;3;1;1;77;0;4692885;170;4691899
147;18;336;13;2;8;99;3.40;2;1;1;80;0;4692899;141;4691899
147;18;336;13;2;9;19;4.60;7;2;1;84;0;4692919;501;0
147;18;336;13;2;10;6;3.60;3;1;1;74;0;4693006;106;4691899
147;18;336;13;2;11;55;16.40;3;1;4;75;0;4693155;131;4691899
147;18;336;13;2;12;3;3.00;7;2;1;74;0;4693203;264;0
147;18;336;13;2;13;89;3.80;1;1;1;86;0;4693389;664;0
147;18;336;13;2;14;13;3.80;4;1;1;89;0;4693413;573;0
147;18;336;13;2;15;8;3.60;6;2;1;87;0;4693508;692;0
147;18;336;13;2;15;11;5.80;3;1;1;75;0;4693511;277;0
147;18;336;13;2;15;51;3.40;1;1;1;80;0;4693551;146;0
147;18;336;13;2;15;72;3.40;7;2;1;82;0;4693572;354;0
147;18;336;13;2;17;99;4.20;2;1;1;79;0;4693799;884;0
147;18;336;13;2;17;17;3.60;7;2;1;79;0;4693717;130;0
147;18;336;13;2;19;99;3.80;2;1;1;78;0;4693999;180;0
147;18;336;13;2;20;23;3.60;3;1;1;76;0;4694023;484;0
147;18;336;13;2;20;47;4.20;5;2;1;97;0;4694047;1718;0
147;18;336;13;2;21;99;3.40;2;1;1;78;0;4694199;182;0
147;18;336;13;2;23;78;4.00;4;1;1;82;0;4694378;949;0
147;18;336;13;2;24;99;3.40;2;1;1;79;0;4694499;284;0
147;18;336;13;2;25;31;3.80;2;1;1;81;0;4694531;16;0
147;18;336;13;2;26;22;3.60;6;2;1;84;0;4694622;1099;0
147;18;336;13;2;26;99;3.60;2;1;1;77;0;4694699;151;0
147;18;336;13;2;29;99;3.20;6;2;1;76;0;4694999;361;0
147;18;336;13;2;29;99;3.60;4;1;1;81;0;4694999;603;0
147;18;336;13;2;30;19;3.20;3;1;1;76;0;4695019;978;0
147;18;336;13;2;31;77;3.80;4;1;1;81;0;4695177;162;0
147;18;336;13;2;31;99;3.20;3;1;1;76;0;4695199;164;0
147;18;336;13;2;32;10;3.80;4;1;1;81;0;4695210;16;0
147;18;336;13;2;33;30;3.60;3;1;1;76;0;4695330;115;0
147;18;336;13;2;35;99;4.00;4;1;1;82;0;4695599;372;0
147;18;336;13;2;35;19;3.60;3;1;1;74;0;4695519;171;0
147;18;336;13;2;36;68;3.80;6;2;1;76;0;4695668;653;0
147;18;336;13;2;36;82;3.60;4;1;1;82;0;4695682;65;0
147;18;336;13;2;37;0;3.00;2;1;1;75;0;4695700;984;0
147;18;336;13;2;37;99;3.20;3;1;1;75;0;4695799;262;0
147;18;336;13;2;38;22;3.60;6;2;1;76;0;4695822;136;0
147;18;336;13;2;39;17;3.80;3;1;1;87;0;4695917;102;0
147;18;336;13;2;39;99;3.60;7;2;1;83;0;4695999;2265;0
147;18;336;13;2;39;99;5.40;2;1;1;79;0;4695999;284;0
147;18;336;13;2;40;24;3.60;8;2;1;80;0;4696024;3420;0
147;18;336;13;2;40;99;2.80;6;2;1;77;0;4696099;259;0
147;18;336;13;2;39;86;25.40;4;1;5;82;0;4695986;288;0
147;18;336;13;2;41;22;3.40;7;2;1;82;0;4696122;107;0
147;18;336;13;2;41;21;3.60;2;1;1;80;0;4696121;97;0
147;18;336;13;2;43;42;3.60;3;1;1;84;0;4696342;409;0
147;18;336;13;2;44;19;3.40;2;1;1;77;0;4696419;281;0
147;18;336;13;2;45;0;3.20;8;2;1;79;0;4696500;459;0
147;18;336;13;2;46;7;4.60;3;1;1;84;0;4696607;249;0
147;18;336;13;2;46;96;5.80;6;2;1;77;0;4696696;583;0
147;18;336;13;2;47;5;3.20;2;1;1;74;0;4696705;270;0
147;18;336;13;2;48;99;3.60;2;1;1;72;0;4696899;178;0
147;18;336;13;2;48;7;3.60;6;2;1;78;0;4696807;83;0
147;18;336;13;2;49;99;3.40;2;1;1;73;0;4696999;82;0
147;18;336;13;2;49;99;3.80;7;2;1;78;0;4696999;862;0
147;18;336;13;2;50;99;4.80;7;2;1;80;0;4697099;82;0
147;18;336;13;2;51;2;3.60;1;1;1;74;0;4697102;3535;0
147;18;336;13;2;51;73;3.60;1;1;1;71;0;4697173;53;0
147;18;336;13;2;52;14;4.20;7;2;1;78;0;4697214;93;0
147;18;336;13;2;53;99;4.60;5;2;1;115;0;4697399;3336;0
147;18;336;13;2;53;20;3.40;6;2;1;73;0;4697320;496;0
147;18;336;13;2;53;21;3.40;2;1;1;76;0;4697321;305;0
147;18;336;13;2;54;99;3.80;7;2;1;78;0;4697499;265;0
147;18;336;13;2;55;2;3.60;6;2;1;74;0;4697502;165;0
147;18;336;13;2;56;14;3.00;6;2;1;74;0;4697614;94;0
147;18;336;13;2;56;7;4.00;7;2;1;79;0;4697607;90;0
147;18;336;13;2;56;54;3.60;2;1;1;76;0;4697654;316;0
147;18;336;13;2;57;14;3.80;7;2;1;75;0;4697714;88;0
147;18;336;13;2;57;99;3.80;3;1;1;75;0;4697799;1172;0
147;18;336;13;2;59;6;3.40;6;2;1;75;0;4697906;277;0
147;18;336;13;2;59;99;4.40;7;2;1;73;0;4697999;266;0
147;18;336;13;3;1;44;3.20;2;1;1;77;0;4698144;472;0
147;18;336;13;3;4;93;3.80;4;1;1;80;0;4698493;2395;0
147;18;336;13;3;5;99;3.00;6;2;1;75;0;4698599;676;0
147;18;336;13;3;5;99;3.00;2;1;1;79;0;4698599;440;0
147;18;336;13;3;5;99;3.60;3;1;1;77;0;4698599;781;0
147;18;336;13;3;8;10;3.00;2;1;1;80;0;4698810;197;0
147;18;336;13;3;8;99;3.60;6;2;1;69;0;4698899;285;0
147;18;336;13;3;9;55;4.00;4;1;1;94;0;4698955;444;0
147;18;336;13;3;9;55;3.40;3;1;1;83;0;4698955;339;0
147;18;336;13;3;10;99;3.20;6;2;1;68;0;4699099;181;0
147;18;336;13;3;10;99;3.80;8;2;1;73;0;4699099;2584;0
147;18;336;13;3;11;24;3.60;1;1;1;81;0;4699124;1932;0
147;18;336;13;3;11;16;3.60;3;1;1;81;0;4699116;146;0
147;18;336;13;3;11;40;3.60;6;2;1;68;0;4699140;24;0
147;18;336;13;3;12;99;3.20;8;2;1;73;0;4699299;181;0
147;18;336;13;3;13;99;3.40;2;1;1;83;0;4699399;575;0
147;18;336;13;3;14;9;3.80;7;2;1;74;0;4699409;1388;0
147;18;336;13;3;15;99;6.60;6;2;1;83;0;4699599;439;0
147;18;336;13;3;15;99;3.80;3;1;1;80;0;4699599;467;0
147;18;336;13;3;17;12;3.40;6;2;1;77;0;4699712;84;0
147;18;336;13;3;17;15;3.60;2;1;1;75;0;4699715;301;0
147;18;336;13;3;17;64;4.00;4;1;1;80;0;4699764;793;0
147;18;336;13;3;18;99;3.60;6;2;1;78;0;4699899;171;0
147;18;336;13;3;19;13;3.40;5;2;1;80;0;4699913;2499;0
147;18;336;13;3;19;21;3.60;2;1;1;78;0;4699921;188;0
147;18;336;13;3;19;73;3.60;4;1;1;83;0;4699973;191;0
147;18;336;13;3;20;1;17.80;7;2;5;87;0;4700001;573;0
147;18;336;13;3;21;6;3.40;6;2;1;79;0;4700106;190;0
147;18;336;13;3;22;31;3.60;3;1;1;87;0;4700231;614;0
147;18;336;13;3;22;99;3.80;5;2;1;85;0;4700299;370;0
147;18;336;13;3;23;20;3.40;6;2;1;79;0;4700320;198;4699599
147;18;336;13;3;23;99;4.00;8;2;1;82;0;4700399;1084;0
147;18;336;13;3;23;99;3.20;3;1;1;79;0;4700399;153;0
147;18;336;13;3;24;7;3.40;4;1;1;86;0;4700407;418;0
147;18;336;13;3;24;36;3.20;2;1;1;79;0;4700436;498;0
147;18;336;13;3;25;99;4.00;3;1;1;73;0;4700599;185;0
147;18;336;13;3;28;26;3.60;5;2;1;84;0;4700826;510;0
147;18;336;13;3;28;99;3.80;6;2;1;73;0;4700899;563;0
147;18;336;13;3;30;85;3.40;6;2;1;78;0;4701085;167;0
147;18;336;13;3;30;99;3.40;7;2;1;78;0;4701099;1024;0
147;18;336;13;3;30;99;3.60;3;1;1;73;0;4701099;480;0
147;18;336;13;3;32;3;4.20;7;2;1;77;0;4701203;88;0
147;18;336;13;3;32;61;3.40;5;2;1;83;0;4701261;419;0
147;18;336;13;3;32;91;3.60;3;1;1;78;0;4701291;174;0
147;18;336;13;3;33;9;3.40;8;2;1;80;0;4701309;892;0
147;18;336;13;3;33;99;3.60;1;1;1;74;0;4701399;2259;0
147;18;336;13;3;33;99;4.40;3;1;1;71;0;4701399;91;0
147;18;336;13;3;34;10;3.20;5;2;1;80;0;4701410;134;0
147;18;336;13;3;34;28;3.80;7;2;1;80;0;4701428;205;0
147;18;336;13;3;35;92;7.00;4;1;6;80;0;4701592;1170;0
147;18;336;13;3;35;99;3.80;3;1;1;72;0;4701599;177;0
147;18;336;13;3;36;99;4.60;4;1;1;80;0;4701699;75;0
147;18;336;13;3;37;65;3.80;6;2;1;80;0;4701765;664;0
147;18;336;13;3;38;5;3.80;5;2;1;86;0;4701805;380;0
147;18;336;13;3;38;99;3.00;2;1;1;72;0;4701899;1448;0
147;18;336;13;3;38;99;3.80;7;2;1;81;0;4701899;453;0
147;18;336;13;3;39;99;4.00;8;2;1;102;0;4701999;674;0
147;18;336;13;3;41;5;4.80;8;2;1;84;0;4702105;91;0
147;18;336;13;3;38;97;4.20;7;2;1;13;0;4701897;-1;0
147;18;336;13;3;41;99;5.60;3;1;1;70;0;4702199;581;0
147;18;336;13;3;42;16;3.40;6;2;1;80;0;4702216;433;0
147;18;336;13;3;43;22;3.60;4;1;1;87;0;4702322;602;0
147;18;336;13;3;43;99;4.20;6;2;1;79;0;4702399;167;0
147;18;336;13;3;43;99;3.20;2;1;1;71;0;4702399;485;0
147;18;336;13;3;44;99;3.40;3;1;1;69;0;4702499;271;0
147;18;336;13;3;44;13;3.80;4;1;1;84;0;4702413;76;0
147;18;336;13;3;45;99;2.80;3;1;1;69;0;4702599;82;0
147;18;336;13;3;46;17;3.60;8;2;1;81;0;4702617;491;0
147;18;336;13;3;46;99;3.80;4;1;1;78;0;4702699;269;0
147;18;336;13;3;46;99;3.80;5;2;1;80;0;4702699;878;0
147;18;336;13;3;47;99;5.20;6;2;1;80;0;4702799;380;0
147;18;336;13;3;47;37;3.60;2;1;1;74;0;4702737;321;0
147;18;336;13;3;49;13;3.40;2;1;1;81;0;4702913;158;0
147;18;336;13;3;49;99;3.80;6;2;1;75;0;4702999;176;0
147;18;336;13;3;51;99;4.00;6;2;1;83;0;4703199;181;0
147;18;336;13;3;51;99;3.80;3;1;1;78;0;4703199;585;0
147;18;336;13;3;52;99;3.80;6;2;1;78;0;4703299;82;0
147;18;336;13;3;53;73;3.40;3;1;1;76;0;4703373;156;0
147;18;336;13;3;53;99;3.60;2;1;1;76;0;4703399;470;0
147;18;336;13;3;54;99;3.60;8;2;1;80;0;4703499;866;0
147;18;336;13;3;56;99;4.00;2;1;1;88;0;4703699;282;0
147;18;336;13;3;56;99;3.80;6;2;1;83;0;4703699;382;0
147;18;336;13;3;58;73;3.40;8;2;1;82;0;4703873;357;0
147;18;336;13;3;58;99;3.80;4;1;1;86;0;4703899;1182;0
147;18;336;13;3;58;99;3.60;6;2;1;82;0;4703899;183;0
147;18;336;13;3;58;99;6.40;2;1;1;69;0;4703899;183;0
147;18;336;13;3;59;99;3.40;1;1;1;78;0;4703999;2582;0
147;18;336;13;3;59;99;3.80;6;2;1;78;0;4703999;84;0
147;18;336;13;4;0;17;3.40;4;1;1;84;0;4704017;102;0
147;18;336;13;4;2;99;3.40;3;1;1;74;0;4704299;909;0
147;18;336;13;4;2;12;3.60;4;1;1;81;0;4704212;180;0
147;18;336;13;4;3;93;3.20;3;1;1;73;0;4704393;77;0
147;18;336;13;4;4;4;3.40;2;1;1;76;0;4704404;471;0
147;18;336;13;4;4;16;3.60;4;1;1;85;0;4704416;188;0
147;18;336;13;4;4;99;3.80;7;2;1;81;0;4704499;2485;0
147;18;336;13;4;4;99;3.20;3;1;1;71;0;4704499;90;0
147;18;336;13;4;5;0;3.80;6;2;1;81;0;4704500;483;0
147;18;336;13;4;5;69;3.40;4;1;1;79;0;4704569;137;4703899
147;18;336;13;4;5;70;3.00;3;1;1;72;0;4704570;54;4703899
147;18;336;13;4;6;99;3.60;2;1;1;78;0;4704699;278;0
147;18;336;13;4;7;0;3.60;8;2;1;74;0;4704700;812;0
147;18;336;13;4;7;99;3.20;4;1;1;81;0;4704799;214;0
147;18;336;13;4;7;99;3.40;2;1;1;78;0;4704799;83;0
147;18;336;13;4;5;90;1.00;7;2;1;1;1;4704590;74;0
147;18;336;13;4;8;64;3.80;6;2;1;78;0;4704864;347;0
147;18;336;13;4;9;99;3.60;2;1;1;76;0;4704999;184;0
147;18;336;13;4;10;8;3.40;3;1;1;73;0;4705008;423;0
147;18;336;13;4;10;25;4.00;7;2;1;83;0;4705025;509;0
147;18;336;13;4;10;45;3.20;2;1;1;72;0;4705045;28;0
147;18;336;13;4;11;99;3.60;3;1;1;71;0;4705199;174;0
147;18;336;13;4;12;18;3.40;4;1;1;84;0;4705218;404;0
147;18;336;13;4;12;99;3.60;3;1;1;70;0;4705299;81;0
147;18;336;13;4;12;99;4.40;6;2;1;80;0;4705299;417;0
147;18;336;13;4;13;99;3.80;3;1;1;70;0;4705399;81;0
147;18;336;13;4;14;9;4.00;2;1;1;74;0;4705409;348;0
147;18;336;13;4;14;99;3.60;6;2;1;79;0;4705499;180;0
147;18;336;13;4;14;99;16.20;4;1;4;83;0;4705499;266;0
147;18;336;13;4;15;12;3.40;5;2;1;78;0;4705512;2795;0
147;18;336;13;4;15;1;3.80;8;2;1;78;0;4705501;783;0
147;18;336;13;4;16;69;3.40;3;1;1;74;0;4705669;250;0
147;18;336;13;4;16;99;3.40;4;1;1;80;0;4705699;129;0
147;18;336;13;4;17;7;3.20;6;2;1;79;0;4705707;191;0
147;18;336;13;4;17;99;4.40;3;1;1;74;0;4705799;113;0
147;18;336;13;4;17;99;12.00;2;1;7;76;0;4705799;370;0
147;18;336;13;4;17;99;3.40;4;1;1;78;0;4705799;84;0
147;18;336;13;4;18;25;3.80;5;2;1;82;0;4705825;297;0
147;18;336;13;4;19;99;3.80;6;2;1;74;0;4705999;277;0
147;18;336;13;4;20;99;3.60;5;2;1;81;0;4706099;257;0
147;18;336;13;4;20;99;3.40;4;1;1;79;0;4706099;284;0
147;18;336;13;4;20;99;3.20;6;2;1;74;0;4706099;81;0
147;18;336;13;4;21;77;3.40;6;2;1;74;0;4706177;62;0
147;18;336;13;4;21;87;3.40;4;1;1;80;0;4706187;72;0
147;18;336;13;4;21;99;4.00;8;2;1;78;0;4706199;680;0
147;18;336;13;4;21;73;16.00;3;1;4;77;0;4706173;352;0
147;18;336;13;4;22;99;3.20;2;1;1;80;0;4706299;443;0
147;18;336;13;4;23;16;3.60;5;2;1;84;0;4706316;201;0
147;18;336;13;4;23;99;12.20;8;2;3;76;0;4706399;181;0
147;18;336;13;4;23;69;2.80;2;1;1;76;0;4706369;55;0
147;18;336;13;4;25;99;4.00;7;2;1;81;0;4706599;1556;0
147;18;336;13;4;25;99;3.40;8;2;1;85;0;4706599;142;0
147;18;336;13;4;26;99;3.00;5;2;1;90;0;4706699;367;0
147;18;336;13;4;27;4;3.80;1;1;1;79;0;4706704;2689;0
147;18;336;13;4;27;99;3.80;7;2;1;84;0;4706799;182;0
147;18;336;13;4;28;39;4.40;5;2;1;88;0;4706839;128;0
147;18;336;13;4;28;51;3.20;6;2;1;77;0;4706851;657;0
147;18;336;13;4;28;56;3.40;3;1;1;82;0;4706856;608;0
147;18;336;13;4;29;23;3.00;4;1;1;82;0;4706923;720;0
147;18;336;13;4;28;10;4.20;7;2;1;12;0;4706810;-1;0
147;18;336;13;4;31;45;3.80;5;2;1;85;0;4707145;288;0
147;18;336;13;4;31;64;3.80;6;2;1;72;0;4707164;298;0
147;18;336;13;4;33;43;4.00;4;1;1;86;0;4707343;406;0
147;18;336;13;4;33;45;3.40;6;2;1;72;0;4707345;162;0
147;18;336;13;4;33;78;15.80;3;1;4;76;0;4707378;507;0
147;18;336;13;4;34;99;3.80;8;2;1;68;0;4707499;885;0
147;18;336;13;4;36;7;3.20;3;1;1;77;0;4707607;154;0
147;18;336;13;4;37;1;3.80;5;2;1;79;0;4707701;539;0
147;18;336;13;4;37;99;4.80;5;2;1;86;0;4707799;80;0
147;18;336;13;4;38;5;4.00;6;2;1;76;0;4707805;443;0
147;18;336;13;4;38;30;3.40;1;1;1;87;0;4707830;1108;0
147;18;336;13;4;39;2;3.40;2;1;1;80;0;4707902;1519;0
147;18;336;13;4;40;19;3.40;8;2;1;82;0;4708019;499;0
147;18;336;13;4;40;99;3.20;6;2;1;78;0;4708099;275;0
147;18;336;13;4;40;99;3.00;3;1;1;75;0;4708099;477;0
147;18;336;13;4;44;12;3.80;6;2;1;85;0;4708412;298;0
147;18;336;13;4;44;99;3.60;5;2;1;84;0;4708499;679;0
147;18;336;13;4;44;99;4.40;2;1;1;80;0;4708499;581;0
147;18;336;13;4;44;99;3.80;7;2;1;70;0;4708499;1563;0
147;18;336;13;4;45;99;3.60;6;2;1;82;0;4708599;170;0
147;18;336;13;4;45;99;3.40;3;1;1;83;0;4708599;485;0
147;18;336;13;4;46;22;3.60;2;1;1;78;0;4708622;103;0
147;18;336;13;4;46;13;3.80;6;2;1;76;0;4708613;-1;0
147;18;336;13;4;46;32;4.40;5;2;1;85;0;4708632;117;0
147;18;336;13;4;46;62;3.80;8;2;1;78;0;4708662;628;0
147;18;336;13;4;47;19;3.80;4;1;1;86;0;4708719;1359;0
147;18;336;13;4;47;99;3.60;6;2;1;77;0;4708799;168;0
147;18;336;13;4;48;99;3.40;1;1;1;80;0;4708899;1054;0
147;18;336;13;4;48;13;3.60;4;1;1;85;0;4708813;78;0
147;18;336;13;4;49;65;3.40;2;1;1;77;0;4708965;326;0
147;18;336;13;4;49;98;3.20;3;1;1;72;0;4708998;384;0
147;18;336;13;4;50;99;3.00;3;1;1;70;0;4709099;85;0
147;18;336;13;4;51;10;3.40;4;1;1;82;0;4709110;281;0
147;18;336;13;4;51;37;3.20;2;1;1;65;0;4709137;156;0
147;18;336;13;4;51;22;7.00;3;1;1;72;0;4709122;7;0
147;18;336;13;4;52;99;4.00;7;2;1;81;0;4709299;780;0
147;18;336;13;4;52;99;3.20;2;1;1;67;0;4709299;144;0
147;18;336;13;4;53;99;3.60;3;1;1;72;0;4709399;242;0
147;18;336;13;4;55;99;3.80;5;2;1;103;0;4709599;948;0
147;18;336;13;4;56;22;4.00;6;2;1;88;0;4709622;806;0
147;18;336;13;4;57;7;3.00;3;1;1;71;0;4709707;290;0
147;18;336;13;4;57;99;3.60;6;2;1;87;0;4709799;160;0
147;18;336;13;4;58;99;4.20;2;1;1;73;0;4709899;582;0
147;18;336;13;4;58;99;3.60;4;1;1;80;0;4709899;774;0
147;18;336;13;4;59;23;4.00;2;1;1;72;0;4709923;3;0
147;18;336;13;5;0;8;3.40;3;1;1;80;0;4710008;285;0
147;18;336;13;5;0;99;4.00;6;2;1;82;0;4710099;285;0
147;18;336;13;5;1;99;3.80;4;1;1;79;0;4710199;283;0
147;18;336;13;5;1;99;3.60;3;1;1;73;0;4710199;175;0
147;18;336;13;5;2;99;3.00;1;1;1;78;0;4710299;1384;0
147;18;336;13;5;3;21;3.40;4;1;1;77;0;4710321;104;0
147;18;336;13;5;4;50;3.20;3;1;1;73;0;4710450;233;0
147;18;336;13;5;5;99;3.60;2;1;1;79;0;4710599;656;0
147;18;336;13;5;8;99;3.60;6;2;1;83;0;4710899;782;0
147;18;336;13;5;8;99;3.20;3;1;1;83;0;4710899;433;0
147;18;336;13;5;10;99;6.00;6;2;1;82;0;4711099;184;0
147;18;336;13;5;10;99;4.60;7;2;1;82;0;4711099;1782;0
147;18;336;13;5;12;78;3.60;7;2;1;79;0;4711278;158;0
147;18;336;13;5;13;2;3.80;4;1;1;86;0;4711302;965;0
147;18;336;13;5;13;99;4.00;4;1;1;87;0;4711399;81;0
147;18;336;13;5;14;8;3.60;2;1;1;88;0;4711408;792;0
147;18;336;13;5;15;99;3.20;3;1;1;72;0;4711599;686;0
147;18;336;13;5;16;5;16.60;7;2;5;76;0;4711605;310;0
147;18;336;13;5;16;21;4.00;8;2;1;80;0;4711621;2941;0
147;18;336;13;5;17;57;3.40;7;2;1;84;0;4711757;73;0
147;18;336;13;5;17;55;3.60;3;1;1;72;0;4711755;140;0
147;18;336;13;5;18;8;3.80;4;1;1;84;0;4711808;392;0
147;18;336;13;5;19;1;3.00;4;1;1;80;0;4711901;76;0
147;18;336;13;5;20;20;3.40;6;2;1;85;0;4712020;894;0
147;18;336;13;5;20;99;3.20;7;2;1;78;0;4712099;327;0
147;18;336;13;5;21;7;3.60;3;1;1;71;0;4712107;334;0
147;18;336;13;5;21;99;6.20;4;1;1;82;0;4712199;284;0
147;18;336;13;5;22;21;3.40;6;2;1;79;0;4712221;186;0
147;18;336;13;5;22;24;3.80;7;2;1;76;0;4712224;110;0
147;18;336;13;5;23;17;3.60;3;1;1;72;0;4712317;191;0
147;18;336;13;5;23;99;3.60;6;2;1;81;0;4712399;162;0
147;18;336;13;5;24;99;4.80;3;1;1;74;0;4712499;164;0
147;18;336;13;5;25;17;4.60;1;1;1;73;0;4712517;2204;0
147;18;336;13;5;25;15;5.40;2;1;1;72;0;4712515;1092;0
147;18;336;13;5;27;13;3.60;3;1;1;78;0;4712713;190;0
147;18;336;13;5;28;99;3.00;4;1;1;90;0;4712899;672;0
147;18;336;13;5;29;17;3.80;3;1;1;77;0;4712917;187;4712107
147;18;336;13;5;30;10;3.20;8;2;1;79;0;4713010;1371;0
147;18;336;13;5;30;99;3.40;3;1;1;78;0;4713099;164;4712107
147;18;336;13;5;31;10;3.80;5;2;1;91;0;4713110;3497;0
147;18;336;13;5;32;20;3.80;2;1;1;82;0;4713220;678;0
147;18;336;13;5;32;33;3.00;6;2;1;75;0;4713233;818;0
147;18;336;13;5;32;61;4.20;3;1;1;78;0;4713261;146;4712107
147;18;336;13;5;34;99;4.00;3;1;1;76;0;4713499;218;0
147;18;336;13;5;35;53;3.60;3;1;1;75;0;4713553;35;0
147;18;336;13;5;36;99;3.80;3;1;1;76;0;4713699;128;0
147;18;336;13;5;38;15;3.00;3;1;1;77;0;4713815;98;0
147;18;336;13;5;39;22;3.80;6;2;1;80;0;4713922;674;0
147;18;336;13;5;39;99;3.80;3;1;1;80;0;4713999;169;4713499
147;18;336;13;5;39;99;4.00;2;1;1;73;0;4713999;762;0
147;18;336;13;5;41;99;2.20;3;1;1;79;0;4714199;182;4713499
147;18;336;13;5;41;99;3.80;4;1;1;83;0;4714199;1288;0
147;18;336;13;5;41;99;3.40;2;1;1;68;0;4714199;180;0
147;18;336;13;5;42;99;4.00;5;2;1;79;0;4714299;1173;0
147;18;336;13;5;42;24;3.00;4;1;1;80;0;4714224;8;0
147;18;336;13;5;43;12;3.40;2;1;1;74;0;4714312;95;0
147;18;336;13;5;43;95;4.20;8;2;1;79;0;4714395;1370;0
147;18;336;13;5;43;99;3.20;6;2;1;64;0;4714399;459;0
147;18;336;13;5;44;13;3.60;3;1;1;76;0;4714413;203;0
147;18;336;13;5;44;99;3.80;1;1;1;77;0;4714499;1959;0
147;18;336;13;5;45;7;3.60;3;1;1;71;0;4714507;76;0
147;18;336;13;5;46;11;3.80;6;2;1;84;0;4714611;194;0
147;18;336;13;5;48;80;3.60;3;1;1;85;0;4714880;354;0
147;18;336;13;5;48;78;6.80;6;2;1;83;0;4714878;250;0
147;18;336;13;5;49;17;4.20;2;1;1;76;0;4714917;588;0
147;18;336;13;5;49;99;3.60;6;2;1;84;0;4714999;91;0
147;18;336;13;5;49;99;3.60;8;2;1;79;0;4714999;584;0
147;18;336;13;5;51;10;3.00;6;2;1;80;0;4715110;95;0
147;18;336;13;5;51;99;3.40;2;1;1;76;0;4715199;262;0
147;18;336;13;5;53;1;3.60;7;2;1;73;0;4715301;3059;0
147;18;336;13;5;53;4;3.80;6;2;1;81;0;4715304;180;0
147;18;336;13;5;53;29;6.60;3;1;1;75;0;4715329;433;0
147;18;336;13;5;54;1;3.60;7;2;1;76;0;4715401;82;0
147;18;336;13;5;54;99;4.00;3;1;1;70;0;4715499;138;0
147;18;336;13;5;55;16;3.40;4;1;1;83;0;4715516;1278;0
147;18;336;13;5;55;25;3.60;2;1;1;66;0;4715525;309;0
147;18;336;13;5;55;45;3.60;6;2;1;81;0;4715545;224;0
147;18;336;13;5;56;97;6.60;1;1;1;76;0;4715697;1180;0
147;18;336;13;5;56;99;4.20;8;2;1;77;0;4715699;683;0
147;18;336;13;5;57;99;3.40;3;1;1;82;0;4715799;279;0
147;18;336;13;5;57;99;3.40;6;2;1;76;0;4715799;238;0
147;18;336;13;5;58;99;3.80;8;2;1;76;0;4715899;180;0
147;18;336;13;5;59;28;3.60;4;1;1;86;0;4715928;397;0
147;18;336;13;5;59;99;5.60;2;1;1;76;0;4715999;454;0
147;18;336;13;6;0;16;3.60;1;1;1;79;0;4716016;287;0
147;18;336;13;6;1;13;3.60;5;2;1;84;0;4716113;1795;0
147;18;336;13;6;2;99;3.40;3;1;1;78;0;4716299;485;0
147;18;336;13;6;3;28;4.00;6;2;1;76;0;4716328;512;0
147;18;336;13;6;3;89;3.60;6;2;1;77;0;4716389;42;0
147;18;336;13;6;5;99;3.80;4;1;1;82;0;4716599;655;0
147;18;336;13;6;6;16;3.80;3;1;1;73;0;4716616;301;0
147;18;336;13;6;6;72;3.60;7;2;1;85;0;4716672;1253;0
147;18;336;13;6;6;85;3.40;6;2;1;76;0;4716685;279;0
147;18;336;13;6;6;99;3.60;4;1;1;79;0;4716699;83;0
147;18;336;13;6;6;99;4.80;2;1;1;73;0;4716699;673;0
147;18;336;13;6;7;99;3.00;2;1;1;69;0;4716799;76;0
147;18;336;13;6;7;99;3.60;3;1;1;70;0;4716799;164;0
147;18;336;13;6;8;19;3.60;4;1;1;79;0;4716819;103;0
147;18;336;13;6;8;31;3.20;6;2;1;79;0;4716831;129;0
147;18;336;13;6;8;43;3.80;2;1;1;72;0;4716843;28;0
147;18;336;13;6;9;99;3.20;2;1;1;78;0;4716999;137;0
147;18;336;13;6;9;99;3.80;3;1;1;68;0;4716999;181;0
147;18;336;13;6;10;99;4.40;6;2;1;81;0;4717099;253;0
147;18;336;13;6;10;23;3.80;8;2;1;76;0;4717023;1106;0
147;18;336;13;6;11;49;3.60;3;1;1;66;0;4717149;129;0
147;18;336;13;6;11;86;3.80;5;2;1;79;0;4717186;1057;0
147;18;336;13;6;12;99;3.40;3;1;1;65;0;4717299;130;4716616
147;18;336;13;6;13;6;3.40;8;2;1;73;0;4717306;265;0
147;18;336;13;6;13;99;3.40;3;1;1;65;0;4717399;81;4716616
147;18;336;13;6;13;22;3.20;1;1;1;74;0;4717322;1289;0
147;18;336;13;6;14;99;3.40;7;2;1;81;0;4717499;811;0
147;18;336;13;6;16;20;4.20;7;2;1;87;0;4717620;105;0
147;18;336;13;6;15;99;15.60;6;2;4;74;0;4717599;480;0
147;18;336;13;6;16;87;3.20;3;1;1;68;0;4717687;269;0
147;18;336;13;6;17;2;4.00;1;1;1;84;0;4717702;364;0
147;18;336;13;6;17;99;3.80;4;1;1;80;0;4717799;963;0
147;18;336;13;6;17;99;4.00;5;2;1;82;0;4717799;595;0
147;18;336;13;6;17;99;3.40;6;2;1;76;0;4717799;124;0
147;18;336;13;6;17;99;3.80;3;1;1;69;0;4717799;95;0
147;18;336;13;6;18;32;3.40;6;2;1;75;0;4717832;16;0
147;18;336;13;6;18;54;3.80;4;1;1;78;0;4717854;37;0
147;18;336;13;6;19;99;3.00;3;1;1;75;0;4717999;180;0
147;18;336;13;6;20;99;4.00;8;2;1;79;0;4718099;776;0
147;18;336;13;6;22;11;3.40;3;1;1;80;0;4718211;197;0
147;18;336;13;6;22;19;3.60;6;2;1;75;0;4718219;370;0
147;18;336;13;6;23;29;3.60;2;1;1;84;0;4718329;1315;0
147;18;336;13;6;24;99;3.60;6;2;1;71;0;4718499;262;0
147;18;336;13;6;24;99;3.60;3;1;1;75;0;4718499;272;0
147;18;336;13;6;25;99;4.00;2;1;1;82;0;4718599;254;0
147;18;336;13;6;26;30;4.60;6;2;1;79;0;4718630;112;0
147;18;336;13;6;27;20;3.60;3;1;1;81;0;4718720;203;0
147;18;336;13;6;27;99;3.60;6;2;1;73;0;4718799;148;0
147;18;336;13;6;30;99;3.40;4;1;1;80;0;4719099;1227;0
147;18;336;13;6;30;99;3.80;6;2;1;74;0;4719099;282;0
147;18;336;13;6;31;3;3.80;5;2;1;82;0;4719103;1286;0
147;18;336;13;6;31;63;3.60;5;2;1;84;0;4719163;43;0
147;18;336;13;6;31;61;3.80;8;2;1;72;0;4719161;1043;0
147;18;336;13;6;31;64;3.20;3;1;1;71;0;4719164;428;0
147;18;336;13;6;32;99;3.60;2;1;1;79;0;4719299;682;0
147;18;336;13;6;32;99;3.80;6;2;1;75;0;4719299;181;0
147;18;336;13;6;32;99;3.60;4;1;1;83;0;4719299;184;0
147;18;336;13;6;33;99;3.40;7;2;1;80;0;4719399;1761;0
147;18;336;13;6;33;99;3.20;3;1;1;74;0;4719399;218;0
147;18;336;13;6;33;99;3.80;4;1;1;81;0;4719399;84;0
147;18;336;13;6;35;23;3.80;2;1;1;78;0;4719523;207;0
147;18;336;13;6;35;99;3.40;3;1;1;74;0;4719599;184;0
147;18;336;13;6;36;1;4.40;4;1;1;80;0;4719601;185;0
147;18;336;13;6;36;28;3.00;6;2;1;77;0;4719628;310;0
147;18;336;13;6;37;96;3.80;2;1;1;77;0;4719796;255;0
147;18;336;13;6;37;99;4.20;7;2;1;81;0;4719799;384;0
147;18;336;13;6;38;11;3.40;3;1;1;75;0;4719811;195;0
147;18;336;13;6;38;12;3.80;4;1;1;82;0;4719812;191;4719099
147;18;336;13;6;39;13;3.40;3;1;1;76;0;4719913;85;4719099
147;18;336;13;6;40;9;3.40;6;2;1;82;0;4720009;366;0
147;18;336;13;6;40;99;3.40;7;2;1;70;0;4720099;281;0
147;18;336;13;6;40;99;3.80;5;2;1;88;0;4720099;920;0
147;18;336;13;6;41;99;3.00;3;1;1;79;0;4720199;269;0
147;18;336;13;6;41;6;3.60;7;2;1;72;0;4720106;-1;0
147;18;336;13;6;41;43;3.80;6;2;1;81;0;4720143;119;0
147;18;336;13;6;42;99;3.20;6;2;1;73;0;4720299;139;0
147;18;336;13;6;42;99;3.20;8;2;1;76;0;4720299;1119;0
147;18;336;13;6;43;99;3.60;5;2;1;86;0;4720399;284;0
147;18;336;13;6;43;99;3.20;6;2;1;79;0;4720399;84;0
147;18;336;13;6;45;99;3.60;6;2;1;69;0;4720599;185;4720009
147;18;336;13;6;46;35;3.60;2;1;1;76;0;4720635;821;0
147;18;336;13;6;47;75;4.60;6;2;1;72;0;4720775;157;4720009
147;18;336;13;6;47;78;4.40;3;1;1;70;0;4720778;565;0
147;18;336;13;6;47;99;3.60;4;1;1;73;0;4720799;970;0
147;18;336;13;6;48;13;3.60;2;1;1;68;0;4720813;160;0
147;18;336;13;6;48;99;3.80;6;2;1;71;0;4720899;101;4720009
147;18;336;13;6;49;16;3.60;2;1;1;68;0;4720916;83;4720009
147;18;336;13;6;49;62;3.20;3;1;1;78;0;4720962;161;4720009
147;18;336;13;6;50;6;3.40;5;2;1;78;0;4721006;591;0
147;18;336;13;6;49;88;3.40;2;1;1;67;0;4720988;52;0
147;18;336;13;6;51;16;3.60;5;2;1;80;0;4721116;94;0
147;18;336;13;6;51;99;3.60;3;1;1;75;0;4721199;222;0
147;18;336;13;6;51;99;3.60;2;1;1;67;0;4721199;192;4720635
147;18;336;13;6;51;99;9.20;6;2;6;75;0;4721199;280;0
147;18;336;13;6;51;99;3.80;4;1;1;86;0;4721199;382;0
147;18;336;13;6;52;78;4.00;2;1;1;67;0;4721278;59;4720635
147;18;336;13;6;52;99;3.60;1;1;1;75;0;4721299;3579;0
147;18;336;13;6;53;99;3.60;2;1;1;68;0;4721399;99;4720635
147;18;336;13;6;53;99;3.60;6;2;1;76;0;4721399;155;4720635
147;18;336;13;6;54;18;3.40;3;1;1;73;0;4721418;201;0
147;18;336;13;6;54;12;4.00;4;1;1;81;0;4721412;197;0
147;18;336;13;6;55;5;3.60;5;2;1;85;0;4721505;372;0
147;18;336;13;6;55;99;3.40;3;1;1;74;0;4721599;164;0
147;18;336;13;6;56;3;3.40;2;1;1;70;0;4721603;184;4720635
147;18;336;13;6;59;41;3.40;6;2;1;64;0;4721941;524;0
147;18;336;13;7;0;9;3.00;7;2;1;79;0;4722009;1885;0
147;18;336;13;7;1;99;3.80;6;2;1;66;0;4722199;238;0
147;18;336;13;7;1;99;3.80;5;2;1;81;0;4722199;678;0
147;18;336;13;7;2;53;3.00;4;1;1;94;0;4722253;823;0
147;18;336;13;7;2;39;3.60;7;2;1;75;0;4722239;216;0
147;18;336;13;7;3;1;4.20;1;1;1;85;0;4722301;984;0
147;18;336;13;7;3;99;3.60;7;2;1;74;0;4722399;142;0
147;18;336;13;7;4;99;4.60;3;1;1;86;0;4722499;883;0
147;18;336;13;7;4;29;3.80;6;2;1;77;0;4722429;209;0
147;18;336;13;7;6;99;3.60;2;1;1;80;0;4722699;1078;0
147;18;336;13;7;6;99;3.60;7;2;1;80;0;4722699;282;0
147;18;336;13;7;7;3;3.60;6;2;1;75;0;4722703;256;0
147;18;336;13;7;7;89;3.60;1;1;1;84;0;4722789;470;0
147;18;336;13;7;8;11;3.60;7;2;1;80;0;4722811;95;0
147;18;336;13;7;9;23;3.20;6;2;1;80;0;4722923;202;0
147;18;336;13;7;9;29;3.40;7;2;1;76;0;4722929;101;0
147;18;336;13;7;10;7;4.20;1;1;1;80;0;4723007;202;0
147;18;336;13;7;12;5;3.80;2;1;1;79;0;4723205;489;0
147;18;336;13;7;12;18;3.60;6;2;1;77;0;4723218;280;0
147;18;336;13;7;12;16;3.40;8;2;1;75;0;4723216;2901;0
147;18;336;13;7;12;82;4.00;5;2;1;96;0;4723282;1066;0
147;18;336;13;7;13;99;3.40;2;1;1;79;0;4723399;176;0
147;18;336;13;7;14;14;3.40;5;2;1;84;0;4723414;117;0
147;18;336;13;7;15;84;5.40;6;2;1;73;0;4723584;349;0
147;18;336;13;7;16;99;3.80;2;1;1;78;0;4723699;284;0
147;18;336;13;7;16;99;4.00;8;2;1;75;0;4723699;466;0
147;18;336;13;7;17;15;3.60;2;1;1;79;0;4723715;-1;0
147;18;336;13;7;18;11;3.60;6;2;1;78;0;4723811;200;0
147;18;336;13;7;18;99;4.00;2;1;1;75;0;4723899;167;0
147;18;336;13;7;20;53;3.80;2;1;1;75;0;4724053;134;0
147;18;336;13;7;20;99;3.80;6;2;1;81;0;4724099;271;0
147;18;336;13;7;21;99;3.40;2;1;1;74;0;4724199;127;4723205
147;18;336;13;7;22;36;3.80;3;1;1;77;0;4724236;1717;0
147;18;336;13;7;23;99;3.20;2;1;1;73;0;4724399;183;4723205
147;18;336;13;7;23;99;3.40;3;1;1;77;0;4724399;145;4723205
147;18;336;13;7;24;99;3.40;4;1;1;83;0;4724499;2234;0
147;18;336;13;7;25;67;3.60;2;1;1;82;0;4724567;152;4723205
147;18;336;13;7;25;79;3.40;4;1;1;82;0;4724579;65;4723205
147;18;336;13;7;26;99;3.60;2;1;1;81;0;4724699;116;4723205
147;18;336;13;7;27;25;4.00;6;2;1;80;0;4724725;609;0
147;18;336;13;7;28;21;3.40;2;1;1;80;0;4724821;106;4723205
147;18;336;13;7;28;21;3.80;4;1;1;81;0;4724821;227;0
147;18;336;13;7;28;93;3.20;3;1;1;83;0;4724893;478;0
147;18;336;13;7;32;8;3.40;6;2;1;87;0;4725208;465;0
147;18;336;13;7;32;27;3.60;4;1;1;89;0;4725227;389;0
147;18;336;13;7;33;99;3.20;6;2;1;81;0;4725399;176;0
147;18;336;13;7;34;99;3.80;3;1;1;76;0;4725499;592;0
147;18;336;13;7;35;52;4.60;6;2;1;81;0;4725552;138;0
147;18;336;13;7;35;69;3.40;4;1;1;88;0;4725569;327;0
147;18;336;13;7;35;82;3.60;5;2;1;85;0;4725582;2153;0
147;18;336;13;7;36;99;3.80;3;1;1;76;0;4725699;182;0
147;18;336;13;7;37;25;4.00;5;2;1;85;0;4725725;127;0
147;18;336;13;7;37;99;3.60;4;1;1;84;0;4725799;216;0
147;18;336;13;7;38;84;3.80;6;2;1;76;0;4725884;311;0
147;18;336;13;7;39;99;4.00;6;2;1;77;0;4725999;97;0
147;18;336;13;7;43;32;8.00;3;1;6;79;0;4726332;615;0
147;18;336;13;7;43;92;3.20;2;1;1;77;0;4726392;1555;0
147;18;336;13;7;45;25;3.80;7;2;1;78;0;4726525;3579;0
147;18;336;13;7;46;97;3.40;2;1;1;76;0;4726697;290;0
147;18;336;13;7;46;99;3.80;8;2;1;77;0;4726699;2980;0
147;18;336;13;7;48;60;3.40;4;1;1;85;0;4726860;1045;0
147;18;336;13;7;48;73;3.20;6;2;1;76;0;4726873;855;0
147;18;336;13;7;48;97;4.00;5;2;1;85;0;4726897;1155;0
147;18;336;13;7;49;5;3.60;3;1;1;77;0;4726905;536;0
147;18;336;13;7;49;99;3.60;7;2;1;78;0;4726999;456;0
147;18;336;13;7;50;99;3.40;2;1;1;79;0;4727099;385;0
147;18;336;13;7;50;23;3.80;4;1;1;83;0;4727023;148;0
147;18;336;13;7;51;76;4.20;2;1;1;77;0;4727176;61;0
147;18;336;13;7;51;99;4.40;5;2;1;84;0;4727199;285;0
147;18;336;13;7;51;99;3.80;8;2;1;78;0;4727199;482;0
147;18;336;13;7;51;99;3.40;6;2;1;77;0;4727199;310;0
147;18;336;13;7;53;18;3.80;7;2;1;77;0;4727318;302;0
147;18;336;13;7;54;99;3.20;2;1;1;77;0;4727499;303;0
147;18;336;13;7;57;99;3.40;6;2;1;81;0;4727799;584;0
147;18;336;13;7;57;99;4.00;2;1;1;82;0;4727799;285;0
147;18;336;13;7;58;19;3.00;3;1;1;74;0;4727819;897;0
147;18;336;13;7;58;72;3.60;5;2;1;81;0;4727872;654;0
147;18;336;13;7;59;99;3.40;6;2;1;75;0;4727999;184;0
147;18;336;13;8;0;2;3.20;1;1;1;74;0;4728002;4976;0
147;18;336;13;8;0;1;3.00;6;2;1;75;0;4728001;-1;0
147;18;336;13;8;0;6;3.60;7;2;1;84;0;4728006;670;0
147;18;336;13;8;1;99;3.60;8;2;1;74;0;4728199;982;0
147;18;336;13;8;2;99;3.40;3;1;1;83;0;4728299;465;0
147;18;336;13;8;2;99;3.60;2;1;1;74;0;4728299;482;0
147;18;336;13;8;3;67;3.60;6;2;1;80;0;4728367;351;0
147;18;336;13;8;4;99;3.60;3;1;1;79;0;4728499;185;0
147;18;336;13;8;5;99;3.60;3;1;1;79;0;4728599;83;0
147;18;336;13;8;5;99;3.20;6;2;1;81;0;4728599;215;0
147;18;336;13;8;6;27;4.00;7;2;1;86;0;4728627;605;0
147;18;336;13;8;6;83;3.80;5;2;1;97;0;4728683;795;0
147;18;336;13;8;6;73;3.40;2;1;1;77;0;4728673;356;0
147;18;336;13;8;8;99;3.60;2;1;1;80;0;4728899;210;0
147;18;336;13;8;8;45;3.20;6;2;1;80;0;4728845;231;0
147;18;336;13;8;9;11;3.20;2;1;1;71;0;4728911;-1;0
147;18;336;13;8;9;28;3.20;5;2;1;87;0;4728928;230;0
147;18;336;13;8;9;99;3.80;1;1;1;82;0;4728999;981;0
147;18;336;13;8;10;99;4.00;3;1;1;86;0;4729099;483;0
147;18;336;13;8;10;99;3.60;4;1;1;86;0;4729099;2059;0
147;18;336;13;8;11;18;3.20;8;2;1;82;0;4729118;901;0
147;18;336;13;8;11;24;4.40;5;2;1;85;0;4729124;182;0
147;18;336;13;8;13;99;3.60;2;1;1;83;0;4729399;471;0
147;18;336;13;8;14;76;3.80;5;2;1;82;0;4729476;333;0
147;18;336;13;8;14;99;3.80;6;2;1;79;0;4729499;639;0
147;18;336;13;8;15;99;3.60;3;1;1;85;0;4729599;483;0
147;18;336;13;8;16;22;3.60;2;1;1;77;0;4729622;207;0
147;18;336;13;8;16;50;3.60;5;2;1;79;0;4729650;157;0
147;18;336;13;8;17;99;3.60;6;2;1;80;0;4729799;282;0
147;18;336;13;8;17;99;3.60;2;1;1;76;0;4729799;160;0
147;18;336;13;8;17;99;6.80;7;2;1;86;0;4729799;1155;0
147;18;336;13;8;18;99;3.80;6;2;1;81;0;4729899;83;0
147;18;336;13;8;18;12;4.00;4;1;1;97;0;4729812;697;0
147;18;336;13;8;18;99;4.60;2;1;1;74;0;4729899;82;0
147;18;336;13;8;19;10;3.40;6;2;1;83;0;4729910;-1;0
147;18;336;13;8;19;64;6.00;7;2;1;88;0;4729964;136;0
147;18;336;13;8;19;93;3.60;5;2;1;90;0;4729993;326;0
147;18;336;13;8;19;99;3.20;2;1;1;75;0;4729999;77;0
147;18;336;13;8;21;19;3.60;3;1;1;79;0;4730119;504;0
147;18;336;13;8;22;27;3.00;2;1;1;77;0;4730227;212;0
147;18;336;13;8;22;99;3.60;3;1;1;80;0;4730299;163;0
147;18;336;13;8;23;12;4.00;4;1;1;90;0;4730312;485;0
147;18;336;13;8;24;54;3.60;2;1;1;78;0;4730454;212;0
147;18;336;13;8;25;99;3.60;6;2;1;74;0;4730599;674;0
147;18;336;13;8;26;19;3.40;5;2;1;86;0;4730619;611;0
147;18;336;13;8;26;27;3.40;2;1;1;75;0;4730627;156;0
147;18;336;13;8;27;98;4.20;4;1;1;93;0;4730798;470;0
147;18;336;13;8;27;89;3.80;3;1;1;79;0;4730789;473;0
147;18;336;13;8;27;99;4.40;8;2;1;76;0;4730799;1666;0
147;18;336;13;8;27;99;3.60;6;2;1;74;0;4730799;182;0
147;18;336;13;8;28;3;3.40;2;1;1;75;0;4730803;159;0
147;18;336;13;8;29;42;3.00;2;1;1;76;0;4730942;122;0
147;18;336;13;8;29;87;3.60;6;2;1;76;0;4730987;170;0
147;18;336;13;8;30;0;3.40;3;1;1;78;0;4731000;193;0
147;18;336;13;8;30;99;3.20;6;2;1;76;0;4731099;94;0
147;18;336;13;8;31;10;3.80;7;2;1;79;0;4731110;1121;0
147;18;336;13;8;32;99;3.80;2;1;1;82;0;4731299;342;0
147;18;336;13;8;33;99;3.00;6;2;1;79;0;4731399;284;0
147;18;336;13;8;34;0;3.20;4;1;1;78;0;4731400;585;0
147;18;336;13;8;34;11;3.60;2;1;1;77;0;4731411;95;0
147;18;336;13;8;35;99;3.80;2;1;1;77;0;4731599;171;0
147;18;336;13;8;35;99;3.60;3;1;1;83;0;4731599;583;0
147;18;336;13;8;36;99;3.40;6;2;1;81;0;4731699;286;0
147;18;336;13;8;37;4;3.00;2;1;1;75;0;4731704;87;0
147;18;336;13;8;37;99;3.20;6;2;1;85;0;4731799;84;0
147;18;336;13;8;38;12;3.60;2;1;1;78;0;4731812;93;4731299
147;18;336;13;8;38;99;3.60;3;1;1;79;0;4731899;284;0
147;18;336;13;8;41;1;3.20;7;2;1;79;0;4732101;973;0
147;18;336;13;8;42;60;3.40;6;2;1;82;0;4732260;447;0
147;18;336;13;8;43;99;7.40;7;2;1;61;0;4732399;283;0
147;18;336;13;8;44;19;3.40;6;2;1;78;0;4732419;144;0
147;18;336;13;8;44;51;3.80;3;1;1;78;0;4732451;535;0
147;18;336;13;8;46;99;3.60;5;2;1;88;0;4732699;2065;0
147;18;336;13;8;46;9;3.40;6;2;1;82;0;4732609;174;0
147;18;336;13;8;50;99;3.60;2;1;1;87;0;4733099;1270;0
147;18;336;13;8;51;99;3.40;6;2;1;77;0;4733199;575;0
147;18;336;13;8;52;57;3.20;3;1;1;83;0;4733257;788;0
147;18;336;13;8;52;66;3.60;7;2;1;77;0;4733266;823;0
147;18;336;13;8;53;99;3.40;8;2;1;77;0;4733399;2579;0
147;18;336;13;8;54;19;3.40;2;1;1;82;0;4733419;305;0
147;18;336;13;8;55;5;3.80;3;1;1;73;0;4733505;234;0
147;18;336;13;8;55;25;3.00;5;2;1;81;0;4733525;811;0
147;18;336;13;8;56;99;3.00;8;2;1;75;0;4733699;284;0
147;18;336;13;8;57;84;3.20;6;2;1;79;0;4733784;569;0
147;18;336;13;8;58;99;3.60;2;1;1;78;0;4733899;465;0
147;18;336;13;8;58;99;3.40;3;1;1;79;0;4733899;375;0
147;18;336;13;8;59;99;4.40;4;1;1;86;0;4733999;2584;0
147;18;336;13;8;59;99;4.20;2;1;1;78;0;4733999;83;0
147;18;336;13;9;0;22;4.00;1;1;1;81;0;4734022;5006;0
147;18;336;13;9;0;73;4.00;3;1;1;75;0;4734073;158;0
147;18;336;13;9;0;99;3.40;7;2;1;82;0;4734099;816;0
147;18;336;13;9;1;99;3.20;6;2;1;82;0;4734199;400;0
147;18;336;13;9;3;99;3.40;6;2;1;79;0;4734399;185;0
147;18;336;13;9;3;99;3.20;3;1;1;72;0;4734399;306;0
147;18;336;13;9;4;99;3.00;5;2;1;84;0;4734499;960;0
147;18;336;13;9;4;99;3.20;2;1;1;81;0;4734499;480;0
147;18;336;13;9;6;99;3.60;6;2;1;77;0;4734699;284;0
147;18;336;13;9;6;99;3.60;3;1;1;71;0;4734699;284;0
147;18;336;13;9;8;99;3.80;6;2;1;76;0;4734899;183;0
147;18;336;13;9;8;99;3.80;2;1;1;70;0;4734899;385;0
147;18;336;13;9;9;10;3.80;5;2;1;77;0;4734910;398;0
147;18;336;13;9;11;99;3.60;6;2;1;67;0;4735199;282;0
147;18;336;13;9;12;34;4.20;2;1;1;81;0;4735234;315;0
147;18;336;13;9;12;34;3.40;1;1;1;82;0;4735234;1194;0
147;18;336;13;9;12;22;3.80;7;2;1;78;0;4735222;1108;0
147;18;336;13;9;12;23;3.80;5;2;1;80;0;4735223;295;0
147;18;336;13;9;13;99;3.80;5;2;1;79;0;4735399;158;0
147;18;336;13;9;13;99;3.40;6;2;1;79;0;4735399;180;0
147;18;336;13;9;14;99;3.60;5;2;1;79;0;4735499;82;0
147;18;336;13;9;15;74;3.40;6;2;1;79;0;4735574;159;0
147;18;336;13;9;16;20;4.00;5;2;1;83;0;4735620;104;0
147;18;336;13;9;16;99;4.00;7;2;1;78;0;4735699;459;0
147;18;336;13;9;17;99;3.60;5;2;1;85;0;4735799;161;4735223
147;18;336;13;9;17;16;3.60;4;1;1;88;0;4735716;1698;0
147;18;336;13;9;17;21;3.60;6;2;1;75;0;4735721;131;0
147;18;336;13;9;18;24;3.80;7;2;1;79;0;4735824;106;0
147;18;336;13;9;18;99;4.00;2;1;1;76;0;4735899;646;0
147;18;336;13;9;19;99;3.60;5;2;1;82;0;4735999;184;4735223
147;18;336;13;9;20;43;3.80;5;2;1;80;0;4736043;28;4735223
147;18;336;13;9;20;71;3.80;6;2;1;74;0;4736071;332;0
147;18;336;13;9;21;0;3.40;3;1;1;83;0;4736100;1382;0
147;18;336;13;9;21;99;3.60;4;1;1;81;0;4736199;468;0
147;18;336;13;9;22;99;3.60;3;1;1;72;0;4736299;184;0
147;18;336;13;9;23;80;3.40;2;1;1;73;0;4736380;462;0
147;18;336;13;9;23;99;3.20;8;2;1;85;0;4736399;2685;0
147;18;336;13;9;23;99;3.40;4;1;1;84;0;4736399;184;0
147;18;336;13;9;23;76;15.40;6;2;4;73;0;4736376;286;0
147;18;336;13;9;24;99;3.80;3;1;1;88;0;4736499;182;0
147;18;336;13;9;25;17;3.00;2;1;1;75;0;4736517;120;0
147;18;336;13;9;26;99;3.40;3;1;1;74;0;4736699;184;0
147;18;336;13;9;26;99;3.40;6;2;1;76;0;4736699;247;0
147;18;336;13;9;27;10;5.80;5;2;1;83;0;4736710;649;0
147;18;336;13;9;27;99;4.00;7;2;1;76;0;4736799;957;0
147;18;336;13;9;27;99;3.80;3;1;1;77;0;4736799;83;4736100
147;18;336;13;9;28;15;3.80;6;2;1;81;0;4736815;99;4736100
147;18;336;13;9;29;99;3.40;4;1;1;86;0;4736999;585;0
147;18;336;13;9;29;99;4.00;3;1;1;75;0;4736999;182;4736100
147;18;336;13;9;29;99;3.60;1;1;1;81;0;4736999;1750;0
147;18;336;13;9;29;99;3.20;2;1;1;73;0;4736999;467;0
147;18;336;13;9;32;99;3.20;2;1;1;75;0;4737299;284;0
147;18;336;13;9;35;24;3.60;6;2;1;77;0;4737524;692;0
147;18;336;13;9;36;99;3.60;6;2;1;77;0;4737699;158;0
147;18;336;13;9;37;99;3.40;6;2;1;78;0;4737799;83;0
147;18;336;13;9;37;99;4.40;7;2;1;87;0;4737799;981;0
147;18;336;13;9;38;12;3.20;3;1;1;89;0;4737812;793;0
147;18;336;13;9;39;99;3.80;3;1;1;82;0;4737999;174;0
147;18;336;13;9;39;99;3.40;2;1;1;88;0;4737999;684;0
147;18;336;13;9;40;99;3.60;6;2;1;78;0;4738099;284;0
147;18;336;13;9;40;99;3.80;2;1;1;83;0;4738099;86;0
147;18;336;13;9;42;99;3.20;1;1;1;83;0;4738299;1284;0
147;18;336;13;9;42;99;3.60;6;2;1;79;0;4738299;183;0
147;18;336;13;9;42;99;3.60;2;1;1;80;0;4738299;183;0
147;18;336;13;9;43;42;3.80;5;2;1;80;0;4738342;1606;0
147;18;336;13;9;44;21;3.80;3;1;1;85;0;4738421;405;0
147;18;336;13;9;44;99;3.80;7;2;1;70;0;4738499;681;0
147;18;336;13;9;44;99;3.60;2;1;1;76;0;4738499;183;0
147;18;336;13;9;45;11;3.20;6;2;1;80;0;4738511;195;0
147;18;336;13;9;45;1;3.20;2;1;1;76;0;4738501;-1;4737999
147;18;336;13;9;46;30;3.00;4;1;1;86;0;4738630;1616;0
147;18;336;13;9;46;91;3.60;6;2;1;79;0;4738691;165;0
147;18;336;13;9;45;84;7.20;7;2;1;54;0;4738584;65;0
147;18;336;13;9;47;22;3.40;1;1;1;75;0;4738722;409;0
147;18;336;13;9;49;99;3.60;1;1;1;76;0;4738999;260;0
147;18;336;13;9;50;99;3.40;6;2;1;78;0;4739099;391;0
147;18;336;13;9;50;5;3.60;3;1;1;81;0;4739005;567;0
147;18;336;13;9;51;13;3.80;4;1;1;83;0;4739113;470;0
147;18;336;13;9;51;84;3.80;5;2;1;82;0;4739184;824;0
147;18;336;13;9;52;21;3.80;3;1;1;76;0;4739221;200;0
147;18;336;13;9;52;99;3.60;6;2;1;78;0;4739299;184;0
147;18;336;13;9;53;8;3.80;3;1;1;76;0;4739308;69;0
147;18;336;13;9;53;17;4.40;6;2;1;77;0;4739317;1;0
147;18;336;13;9;54;99;3.80;6;2;1;75;0;4739499;161;0
147;18;336;13;9;55;11;3.20;5;2;1;80;0;4739511;310;0
147;18;336;13;9;56;6;3.80;4;1;1;100;0;4739606;476;0
147;18;336;13;9;57;99;6.80;6;2;1;78;0;4739799;281;0
147;18;336;13;9;57;99;3.60;3;1;1;81;0;4739799;473;0
147;18;336;13;9;58;29;3.20;7;2;1;76;0;4739829;1197;0
147;18;336;13;9;59;91;3.60;5;2;1;86;0;4739991;465;0
147;18;336;13;9;59;97;3.40;2;1;1;78;0;4739997;1480;0
147;18;336;13;9;59;99;4.20;6;2;1;82;0;4739999;168;0
147;18;336;13;10;0;24;3.40;4;1;1;84;0;4740024;404;0
147;18;336;13;10;1;23;4.20;2;1;1;77;0;4740123;110;0
147;18;336;13;10;2;12;3.40;5;2;1;84;0;4740212;205;0
147;18;336;13;10;2;6;3.60;7;2;1;78;0;4740206;361;0
147;18;336;13;10;2;27;3.40;1;1;1;80;0;4740227;1210;0
147;18;336;13;10;2;99;3.60;4;1;1;79;0;4740299;260;0
147;18;336;13;10;3;8;3.80;2;1;1;75;0;4740308;165;0
147;18;336;13;10;4;71;3.40;3;1;1;61;0;4740471;656;0
147;18;336;13;10;4;99;3.60;4;1;1;79;0;4740499;183;0
147;18;336;13;10;5;99;3.80;5;2;1;85;0;4740599;372;0
147;18;336;13;10;5;99;3.40;3;1;1;60;0;4740599;107;0
147;18;336;13;10;6;3;3.80;2;1;1;65;0;4740603;276;0
147;18;336;13;10;6;92;5.00;3;1;1;57;0;4740692;72;0
147;18;336;13;10;8;99;3.20;2;1;1;62;0;4740899;274;0
147;18;336;13;10;7;62;14.80;4;1;4;72;0;4740762;246;0
147;18;336;13;10;8;99;3.80;5;2;1;83;0;4740899;283;0
147;18;336;13;10;8;99;3.40;3;1;1;56;0;4740899;175;0
147;18;336;13;10;8;16;3.60;6;2;1;72;0;4740816;798;0
147;18;336;13;10;9;0;3.20;2;1;1;61;0;4740900;-1;0
147;18;336;13;10;9;99;3.60;2;1;1;61;0;4740999;80;0
147;18;336;13;10;10;99;3.60;3;1;1;65;0;4741099;178;4740471
147;18;336;13;10;10;99;3.40;4;1;1;78;0;4741099;263;0
147;18;336;13;10;10;99;5.40;2;1;1;60;0;4741099;78;0
147;18;336;13;10;12;14;3.80;5;2;1;78;0;4741214;298;0
147;18;336;13;10;11;76;9.80;3;1;6;64;0;4741176;57;4740471
147;18;336;13;10;12;99;3.20;4;1;1;76;0;4741299;184;4740471
147;18;336;13;10;12;99;3.80;8;2;1;79;0;4741299;4886;0
147;18;336;13;10;13;8;3.40;6;2;1;70;0;4741308;474;0
147;18;336;13;10;13;99;3.80;5;2;1;76;0;4741399;167;0
147;18;336;13;10;13;99;3.20;3;1;1;70;0;4741399;167;4740471
147;18;336;13;10;14;6;3.20;2;1;1;76;0;4741406;274;0
147;18;336;13;10;14;17;3.20;5;2;1;77;0;4741417;0;0
147;18;336;13;10;14;99;3.60;6;2;1;77;0;4741499;173;0
147;18;336;13;10;16;99;3.60;6;2;1;76;0;4741699;183;0
147;18;336;13;10;17;99;4.60;4;1;1;89;0;4741799;484;0
147;18;336;13;10;18;99;3.20;2;1;1;68;0;4741899;477;0
147;18;336;13;10;18;1;3.00;6;2;1;69;0;4741801;84;0
147;18;336;13;10;19;56;3.60;1;1;1;80;0;4741956;1713;0
147;18;336;13;10;19;79;3.60;6;2;1;79;0;4741979;162;4741308
147;18;336;13;10;20;99;4.20;6;2;1;80;0;4742099;103;4741308
147;18;336;13;10;21;9;3.20;5;2;1;82;0;4742109;677;0
147;18;336;13;10;21;6;3.00;3;1;1;78;0;4742106;690;0
147;18;336;13;10;22;99;4.60;6;2;1;80;0;4742299;181;4741308
147;18;336;13;10;23;31;3.40;4;1;1;88;0;4742331;513;0
147;18;336;13;10;23;99;4.60;7;2;1;83;0;4742399;2176;0
147;18;336;13;10;23;99;3.60;5;2;1;80;0;4742399;275;0
147;18;336;13;10;23;99;3.20;2;1;1;76;0;4742399;483;0
147;18;336;13;10;24;55;3.80;4;1;1;87;0;4742455;110;0
147;18;336;13;10;25;99;3.40;3;1;1;79;0;4742599;479;0
147;18;336;13;10;25;99;3.60;6;2;1;77;0;4742599;279;0
147;18;336;13;10;25;99;3.60;5;2;1;89;0;4742599;183;0
147;18;336;13;10;26;99;3.40;2;1;1;73;0;4742699;284;0
147;18;336;13;10;26;21;3.80;2;1;1;72;0;4742621;-1;0
147;18;336;13;10;27;4;3.40;5;2;1;88;0;4742704;90;0
147;18;336;13;10;27;88;3.40;6;2;1;80;0;4742788;172;0
147;18;336;13;10;29;45;3.80;3;1;1;70;0;4742945;330;0
147;18;336;13;10;30;4;3.80;2;1;1;79;0;4743004;364;0
147;18;336;13;10;30;99;4.40;8;2;1;73;0;4743099;1782;0
147;18;336;13;10;31;99;3.40;3;1;1;71;0;4743199;234;0
147;18;336;13;10;33;99;3.20;3;1;1;74;0;4743399;182;0
147;18;336;13;10;34;19;3.80;6;2;1;81;0;4743419;615;0
147;18;336;13;10;34;50;3.60;4;1;1;82;0;4743450;979;0
147;18;336;13;10;34;50;3.40;3;1;1;76;0;4743450;35;0
147;18;336;13;10;35;3;4.00;8;2;1;82;0;4743503;382;0
147;18;336;13;10;35;8;3.60;7;2;1;81;0;4743508;1089;0
147;18;336;13;10;36;22;4.00;8;2;1;79;0;4743622;101;0
147;18;336;13;10;36;99;3.40;2;1;1;76;0;4743699;677;0
147;18;336;13;10;36;0;3.80;6;2;1;90;0;4743600;164;0
147;18;336;13;10;37;5;3.40;3;1;1;76;0;4743705;238;0
147;18;336;13;10;37;97;3.80;5;2;1;94;0;4743797;1079;0
147;18;336;13;10;37;99;3.60;4;1;1;90;0;4743799;333;0
147;18;336;13;10;38;99;3.20;3;1;1;79;0;4743899;177;0
147;18;336;13;10;38;99;3.20;6;2;1;82;0;4743899;283;0
147;18;336;13;10;38;99;3.40;2;1;1;78;0;4743899;183;0
147;18;336;13;10;38;99;3.60;1;1;1;84;0;4743899;1926;0
147;18;336;13;10;39;5;3.80;8;2;1;82;0;4743905;264;0
147;18;336;13;10;40;78;3.60;6;2;1;76;0;4744078;164;0
147;18;336;13;10;41;99;3.60;6;2;1;79;0;4744199;103;0
147;18;336;13;10;43;99;3.60;3;1;1;71;0;4744399;485;0
147;18;336;13;10;44;4;3.60;7;2;1;81;0;4744404;880;0
147;18;336;13;10;44;36;3.80;5;2;1;87;0;4744436;624;0
147;18;336;13;10;45;98;3.40;6;2;1;72;0;4744598;382;0
147;18;336;13;10;46;1;3.80;2;1;1;88;0;4744601;686;0
147;18;336;13;10;46;99;3.20;5;2;1;87;0;4744699;247;0
147;18;336;13;10;46;99;4.00;7;2;1;83;0;4744699;279;0
147;18;336;13;10;46;99;3.60;8;2;1;80;0;4744699;777;0
147;18;336;13;10;47;11;3.60;1;1;1;75;0;4744711;796;0
147;18;336;13;10;47;47;4.00;3;1;1;82;0;4744747;329;0
147;18;336;13;10;47;47;3.20;6;2;1;72;0;4744747;132;0
147;18;336;13;10;47;67;3.60;2;1;1;83;0;4744767;150;0
147;18;336;13;10;49;0;3.00;5;2;1;83;0;4744900;187;0
147;18;336;13;10;49;99;3.80;8;2;1;78;0;4744999;283;0
147;18;336;13;10;49;99;3.60;6;2;1;73;0;4744999;236;0
147;18;336;13;10;49;99;3.20;2;1;1;76;0;4744999;216;0
147;18;336;13;10;50;99;3.80;8;2;1;83;0;4745099;82;0
147;18;336;13;10;52;0;3.80;6;2;1;72;0;4745200;183;0
147;18;336;13;10;54;99;3.60;6;2;1;76;0;4745499;280;0
147;18;336;13;10;54;99;3.20;4;1;1;78;0;4745499;1685;0
147;18;336;13;10;55;68;4.40;7;2;1;94;0;4745568;851;0
147;18;336;13;10;55;99;4.80;3;1;1;75;0;4745599;834;0
147;18;336;13;10;55;99;7.40;5;2;6;85;0;4745599;685;0
147;18;336;13;10;56;99;3.80;7;2;1;80;0;4745699;114;0
147;18;336;13;10;57;29;3.60;3;1;1;76;0;4745729;106;0
147;18;336;13;10;58;99;3.80;2;1;1;77;0;4745899;884;0
147;18;336;13;10;59;24;3.40;3;1;1;77;0;4745924;177;0
147;18;336;13;11;0;46;3.20;3;1;1;77;0;4746046;106;0
147;18;336;13;11;0;65;3.80;6;2;1;81;0;4746065;548;0
147;18;336;13;11;2;99;3.60;3;1;1;79;0;4746299;238;0
147;18;336;13;11;4;99;3.60;2;1;1;78;0;4746499;582;0
147;18;336;13;11;4;99;3.00;4;1;1;83;0;4746499;985;0
147;18;336;13;11;4;99;3.20;3;1;1;81;0;4746499;183;0
147;18;336;13;11;5;21;4.20;6;2;1;82;0;4746521;439;0
147;18;336;13;11;5;77;3.40;4;1;1;84;0;4746577;64;0
147;18;336;13;11;6;25;3.40;3;1;1;79;0;4746625;111;0
147;18;336;13;11;6;99;3.60;4;1;1;83;0;4746699;107;0
147;18;336;13;11;7;20;3.20;3;1;1;81;0;4746720;79;0
147;18;336;13;11;8;15;3.80;2;1;1;84;0;4746815;299;0
147;18;336;13;11;9;99;3.20;2;1;1;82;0;4746999;167;0
147;18;336;13;11;9;99;3.20;6;2;1;80;0;4746999;459;0
147;18;336;13;11;10;30;3.40;4;1;1;83;0;4747030;315;0
147;18;336;13;11;10;80;3.40;3;1;1;80;0;4747080;345;0
147;18;336;13;11;11;27;3.20;7;2;1;80;0;4747127;1410;0
147;18;336;13;11;11;99;3.40;2;1;1;80;0;4747199;185;0
147;18;336;13;11;12;8;3.60;6;2;1;80;0;4747208;194;0
147;18;336;13;11;13;89;3.60;5;2;1;82;0;4747389;1758;0
147;18;336;13;11;14;99;3.80;2;1;1;79;0;4747499;284;0
147;18;336;13;11;14;99;4.00;3;1;1;73;0;4747499;403;0
147;18;336;13;11;15;23;3.20;4;1;1;82;0;4747523;478;0
147;18;336;13;11;16;0;3.40;6;2;1;75;0;4747600;375;0
147;18;336;13;11;16;7;3.60;4;1;1;82;0;4747607;69;0
147;18;336;13;11;16;99;7.80;3;1;6;72;0;4747699;180;0
147;18;336;13;11;18;65;3.00;3;1;1;75;0;4747865;127;0
147;18;336;13;11;20;8;3.60;5;2;1;81;0;4748008;603;0
147;18;336;13;11;21;94;3.60;8;2;1;84;0;4748194;3078;0
147;18;336;13;11;21;99;4.00;3;1;1;80;0;4748199;319;0
147;18;336;13;11;22;99;5.00;4;1;1;106;0;4748299;676;0
147;18;336;13;11;24;99;3.40;3;1;1;89;0;4748499;282;0
147;18;336;13;11;24;99;3.20;2;1;1;78;0;4748499;982;0
147;18;336;13;11;24;99;3.20;4;1;1;82;0;4748499;183;0
147;18;336;13;11;25;36;4.00;6;2;1;79;0;4748536;919;0
147;18;336;13;11;26;99;3.80;2;1;1;82;0;4748699;185;0
147;18;336;13;11;27;99;3.80;7;2;1;87;0;4748799;1657;0
147;18;336;13;11;27;99;3.60;4;1;1;84;0;4748799;285;0
147;18;336;13;11;28;84;4.60;6;2;1;78;0;4748884;329;0
147;18;336;13;11;29;99;3.40;3;1;1;80;0;4748999;486;0
147;18;336;13;11;29;99;4.20;8;2;1;81;0;4748999;789;0
147;18;336;13;11;30;15;3.40;6;2;1;85;0;4749015;109;0
147;18;336;13;11;30;17;3.00;2;1;1;83;0;4749017;301;0
147;18;336;13;11;31;61;3.60;3;1;1;77;0;4749161;146;0
147;18;336;13;11;32;99;3.40;3;1;1;76;0;4749299;121;0
147;18;336;13;11;33;44;4.20;7;2;1;80;0;4749344;529;0
147;18;336;13;11;33;78;3.20;6;2;1;78;0;4749378;348;0
147;18;336;13;11;34;99;3.40;6;2;1;82;0;4749499;106;0
147;18;336;13;11;36;1;3.00;2;1;1;78;0;4749601;570;0
147;18;336;13;11;36;10;3.80;8;2;1;80;0;4749610;592;0
147;18;336;13;11;37;99;3.60;1;1;1;78;0;4749799;5070;0
147;18;336;13;11;38;27;3.40;4;1;1;81;0;4749827;1012;0
147;18;336;13;11;39;99;3.40;2;1;1;78;0;4749999;384;0
147;18;336;13;11;40;25;3.60;3;1;1;80;0;4750025;709;0
147;18;336;13;11;40;99;3.80;6;2;1;80;0;4750099;585;0
147;18;336;13;11;40;99;5.80;8;2;1;88;0;4750099;471;0
147;18;336;13;11;41;41;3.60;6;2;1;76;0;4750141;24;0
147;18;336;13;11;41;43;3.60;3;1;1;74;0;4750143;101;0
147;18;336;13;11;42;11;3.20;6;2;1;76;0;4750211;52;0
147;18;336;13;11;42;99;3.20;5;2;1;90;0;4750299;2275;0
147;18;336;13;11;42;99;3.40;2;1;1;69;0;4750299;284;0
147;18;336;13;11;42;99;4.00;3;1;1;77;0;4750299;138;0
147;18;336;13;11;43;7;4.00;4;1;1;79;0;4750307;464;0
147;18;336;13;11;43;51;3.20;7;2;1;79;0;4750351;988;0
147;18;336;13;11;44;99;3.80;2;1;1;73;0;4750499;182;0
147;18;336;13;11;44;99;4.00;5;2;1;84;0;4750499;187;0
147;18;336;13;11;45;99;3.60;6;2;1;77;0;4750599;372;0
147;18;336;13;11;46;64;3.60;2;1;1;72;0;4750664;146;0
147;18;336;13;11;46;78;3.20;7;2;1;80;0;4750678;312;0
147;18;336;13;11;47;99;3.40;6;2;1;77;0;4750799;183;0
147;18;336;13;11;48;99;3.80;7;2;1;78;0;4750899;206;0
147;18;336;13;11;48;10;3.60;3;1;1;79;0;4750810;492;0
147;18;336;13;11;49;99;3.40;6;2;1;75;0;4750999;184;0
147;18;336;13;11;49;99;4.40;5;2;1;80;0;4750999;482;0
147;18;336;13;11;50;99;3.20;6;2;1;74;0;4751099;83;0
147;18;336;13;11;50;99;3.80;5;2;1;81;0;4751099;80;0
147;18;336;13;11;51;40;5.40;7;2;1;80;0;4751140;223;0
147;18;336;13;11;51;70;2.60;6;2;1;70;0;4751170;55;4750599
147;18;336;13;11;53;4;3.80;2;1;1;81;0;4751304;622;0
147;18;336;13;11;53;17;3.00;6;2;1;69;0;4751317;133;4750599
147;18;336;13;11;53;28;4.00;5;2;1;92;0;4751328;212;0
147;18;336;13;11;53;99;3.40;7;2;1;74;0;4751399;234;0
147;18;336;13;11;55;3;3.40;1;1;1;83;0;4751503;1687;0
147;18;336;13;11;55;9;3.40;6;2;1;75;0;4751509;176;4750599
147;18;336;13;11;55;99;3.60;5;2;1;81;0;4751599;255;0
147;18;336;13;11;56;14;3.40;3;1;1;80;0;4751614;787;0
147;18;336;13;11;56;16;3.80;2;1;1;80;0;4751616;295;0
147;18;336;13;11;55;98;14.00;8;2;4;86;0;4751598;1475;0
147;18;336;13;11;56;47;4.00;7;2;1;85;0;4751647;231;0
147;18;336;13;11;57;23;3.60;5;2;1;81;0;4751723;108;0
147;18;336;13;11;57;99;3.60;6;2;1;78;0;4751799;273;0
147;18;336;13;11;57;99;3.60;7;2;1;84;0;4751799;135;0
147;18;336;13;11;57;99;4.80;3;1;1;80;0;4751799;169;0
147;18;336;13;11;58;3;3.60;4;1;1;82;0;4751803;1477;0
147;18;336;13;11;58;99;3.20;5;2;1;79;0;4751899;160;0
147;18;336;13;11;59;63;3.60;3;1;1;79;0;4751963;142;0
147;18;336;13;11;59;96;3.00;2;1;1;80;0;4751996;362;0
147;18;336;13;11;59;99;3.60;6;2;1;69;0;4751999;183;0
147;18;336;13;12;1;3;3.40;3;1;1;81;0;4752103;123;0
147;18;336;13;12;1;52;3.60;4;1;1;98;0;4752152;333;0
147;18;336;13;12;1;49;2.80;6;2;1;71;0;4752149;131;0
147;18;336;13;12;2;99;3.60;2;1;1;84;0;4752299;289;0
147;18;336;13;12;2;99;4.20;6;2;1;70;0;4752299;135;0
147;18;336;13;12;3;99;3.40;2;1;1;78;0;4752399;84;0
147;18;336;13;12;4;98;2.80;2;1;1;79;0;4752498;83;0
147;18;336;13;12;5;99;3.60;6;2;1;77;0;4752599;278;0
147;18;336;13;12;5;99;3.60;7;2;1;86;0;4752599;784;0
147;18;336;13;12;6;99;3.80;2;1;1;80;0;4752699;188;0
147;18;336;13;12;7;99;6.80;2;1;2;91;0;4752799;82;4752299
147;18;336;13;12;8;99;3.40;6;2;1;87;0;4752899;283;0
147;18;336;13;12;8;99;6.60;2;1;1;75;0;4752899;73;4752299
147;18;336;13;12;10;6;3.60;2;1;1;75;0;4753006;75;4752299
147;18;336;13;12;11;0;3.80;2;1;1;77;0;4753100;76;4752299
147;18;336;13;12;11;5;3.80;3;1;1;81;0;4753105;986;0
147;18;336;13;12;13;99;3.80;3;1;1;80;0;4753399;277;0
147;18;336;13;12;13;99;3.40;5;2;1;76;0;4753399;1485;0
147;18;336;13;12;14;82;3.20;6;2;1;75;0;4753482;568;0
147;18;336;13;12;15;99;4.20;3;1;1;79;0;4753599;182;0
147;18;336;13;12;15;99;3.60;8;2;1;72;0;4753599;1942;0
147;18;336;13;12;15;99;3.80;6;2;1;79;0;4753599;101;0
147;18;336;13;12;16;26;3.60;3;1;1;80;0;4753626;7;0
147;18;336;13;12;16;99;4.00;5;2;1;85;0;4753699;283;0
147;18;336;13;12;16;5;3.60;2;1;1;79;0;4753605;487;0
147;18;336;13;12;19;63;3.60;7;2;1;71;0;4753963;1348;0
147;18;336;13;12;20;99;3.40;3;1;1;77;0;4754099;456;0
147;18;336;13;12;21;99;3.80;6;2;1;80;0;4754199;582;0
147;18;336;13;12;22;14;4.00;7;2;1;73;0;4754214;232;0
147;18;336;13;12;22;70;3.60;5;2;1;81;0;4754270;554;0
147;18;336;13;12;23;9;3.60;2;1;1;80;0;4754309;687;0
147;18;336;13;12;23;27;3.20;6;2;1;79;0;4754327;110;0
147;18;336;13;12;23;99;3.80;5;2;1;84;0;4754399;113;0
147;18;336;13;12;23;99;3.60;2;1;1;81;0;4754399;73;0
147;18;336;13;12;24;2;4.00;3;1;1;81;0;4754402;287;0
147;18;336;13;12;24;10;3.80;7;2;1;83;0;4754410;176;0
147;18;336;13;12;27;2;3.60;6;2;1;74;0;4754702;360;0
147;18;336;13;12;27;15;3.60;2;1;1;80;0;4754715;300;0
147;18;336;13;12;29;12;4.00;7;2;1;86;0;4754912;485;0
147;18;336;13;12;29;16;3.60;2;1;1;87;0;4754916;184;0
147;18;336;13;12;29;42;3.60;6;2;1;81;0;4754942;222;0
147;18;336;13;12;30;93;3.40;3;1;1;87;0;4755093;673;0
147;18;336;13;12;30;99;3.40;5;2;1;84;0;4755099;683;0
147;18;336;13;12;31;13;3.00;2;1;1;88;0;4755113;182;0
147;18;336;13;12;31;99;3.80;3;1;1;80;0;4755199;91;0
147;18;336;13;12;31;99;3.40;4;1;1;85;0;4755199;3033;0
147;18;336;13;12;34;99;5.00;6;2;1;72;0;4755499;541;0
147;18;336;13;12;34;99;4.00;3;1;1;77;0;4755499;282;0
147;18;336;13;12;35;75;8.20;7;2;1;85;0;4755575;646;0
147;18;336;13;12;35;99;3.40;6;2;1;73;0;4755599;75;0
147;18;336;13;12;36;22;3.40;5;2;1;85;0;4755622;508;0
147;18;336;13;12;36;99;3.60;3;1;1;71;0;4755699;181;0
147;18;336;13;12;36;99;3.80;5;2;1;84;0;4755699;62;0
147;18;336;13;12;36;99;3.40;6;2;1;68;0;4755699;83;0
147;18;336;13;12;37;8;3.60;7;2;1;83;0;4755708;98;0
147;18;336;13;12;37;54;3.20;5;2;1;83;0;4755754;38;0
147;18;336;13;12;37;71;3.40;2;1;1;79;0;4755771;645;0
147;18;336;13;12;38;99;3.00;6;2;1;73;0;4755899;182;0
147;18;336;13;12;38;99;3.00;5;2;1;80;0;4755899;131;0
147;18;336;13;12;40;78;3.60;3;1;1;80;0;4756078;360;0
147;18;336;13;12;40;94;4.00;2;1;1;78;0;4756094;307;0
147;18;336;13;12;41;99;3.60;3;1;1;80;0;4756199;104;0
147;18;336;13;12;42;49;3.40;2;1;1;73;0;4756249;136;0
147;18;336;13;12;43;99;3.00;6;2;1;74;0;4756399;485;0
147;18;336;13;12;43;99;3.60;3;1;1;82;0;4756399;183;0
147;18;336;13;12;44;99;3.00;6;2;1;72;0;4756499;85;0
147;18;336;13;12;44;99;4.40;3;1;1;87;0;4756499;84;0
147;18;336;13;12;44;99;12.00;4;1;7;88;0;4756499;1285;0
147;18;336;13;12;45;31;4.80;2;1;1;73;0;4756531;265;0
147;18;336;13;12;45;78;3.60;6;2;1;72;0;4756578;64;0
147;18;336;13;12;46;15;3.80;8;2;1;73;0;4756615;2998;0
147;18;336;13;12;46;22;3.40;2;1;1;74;0;4756622;67;0
147;18;336;13;12;46;99;4.00;7;2;1;84;0;4756699;975;0
147;18;336;13;12;46;99;3.40;3;1;1;79;0;4756699;181;4756078
147;18;336;13;12;47;99;4.40;1;1;1;75;0;4756799;5281;0
147;18;336;13;12;47;39;3.20;2;1;1;78;0;4756739;100;0
147;18;336;13;12;48;17;3.80;8;2;1;73;0;4756817;183;0
147;18;336;13;12;48;99;4.00;3;1;1;80;0;4756899;184;4756078
147;18;336;13;12;49;23;3.60;7;2;1;80;0;4756923;206;0
147;18;336;13;12;49;99;3.60;2;1;1;79;0;4756999;245;0
147;18;336;13;12;49;99;3.40;3;1;1;77;0;4756999;82;4756078
147;18;336;13;12;50;65;3.20;6;2;1;74;0;4757065;469;0
147;18;336;13;12;50;74;3.80;7;2;1;81;0;4757074;134;0
147;18;336;13;12;52;41;3.40;4;1;1;74;0;4757241;692;0
147;18;336;13;12;54;99;3.00;7;2;1;76;0;4757499;408;0
147;18;336;13;12;55;6;3.20;3;1;1;77;0;4757506;491;0
147;18;336;13;12;55;30;3.60;6;2;1;85;0;4757530;449;0
147;18;336;13;12;56;99;3.40;6;2;1;80;0;4757699;153;0
147;18;336;13;12;57;6;3.60;2;1;1;70;0;4757706;690;0
147;18;336;13;12;58;99;3.20;3;1;1;73;0;4757899;378;0
147;18;336;13;12;59;8;3.80;7;2;1;85;0;4757908;394;0
147;18;336;13;13;1;5;4.00;2;1;1;75;0;4758105;380;0
147;18;336;13;13;1;99;4.20;6;2;1;79;0;4758199;484;0
147;18;336;13;13;1;99;4.00;4;1;1;80;0;4758199;941;0
147;18;336;13;13;1;99;3.60;5;2;1;82;0;4758199;2286;0
147;18;336;13;13;2;2;3.60;2;1;1;75;0;4758202;77;0
147;18;336;13;13;3;56;3.40;6;2;1;75;0;4758356;137;0
147;18;336;13;13;4;99;3.20;4;1;1;78;0;4758499;282;0
147;18;336;13;13;4;99;3.60;2;1;1;72;0;4758499;279;0
147;18;336;13;13;5;18;3.40;1;1;1;76;0;4758518;1697;0
147;18;336;13;13;6;99;3.60;6;2;1;82;0;4758699;326;0
147;18;336;13;13;6;99;3.60;2;1;1;74;0;4758699;182;0
147;18;336;13;13;7;23;3.40;1;1;1;76;0;4758723;188;0
147;18;336;13;13;8;6;3.40;2;1;1;73;0;4758806;89;0
147;18;336;13;13;9;99;3.60;6;2;1;77;0;4758999;284;0
147;18;336;13;13;10;19;4.00;3;1;1;79;0;4759019;1104;0
147;18;336;13;13;11;59;5.60;7;2;1;74;0;4759159;1234;0
147;18;336;13;13;11;99;3.60;6;2;1;86;0;4759199;183;0
147;18;336;13;13;12;99;3.60;2;1;1;78;0;4759299;476;0
147;18;336;13;13;12;99;3.80;5;2;1;78;0;4759299;1084;0
147;18;336;13;13;13;39;3.60;2;1;1;76;0;4759339;23;0
147;18;336;13;13;13;96;3.00;6;2;1;79;0;4759396;181;0
147;18;336;13;13;14;99;3.00;2;1;1;73;0;4759499;142;0
147;18;336;13;13;14;99;3.60;5;2;1;78;0;4759499;182;0
147;18;336;13;13;15;99;3.40;2;1;1;75;0;4759599;85;0
147;18;336;13;13;16;99;3.60;5;2;1;80;0;4759699;183;0
147;18;336;13;13;17;99;3.40;4;1;1;78;0;4759799;1285;0
147;18;336;13;13;17;99;3.20;3;1;1;78;0;4759799;761;0
147;18;336;13;13;18;34;2.80;6;2;1;76;0;4759834;424;0
147;18;336;13;13;18;79;3.80;5;2;1;82;0;4759879;163;0
147;18;336;13;13;19;24;3.40;4;1;1;79;0;4759924;109;0
147;18;336;13;13;19;99;3.00;2;1;1;71;0;4759999;383;0
147;18;336;13;13;19;99;4.00;8;2;1;87;0;4759999;3163;0
147;18;336;13;13;19;99;4.00;5;2;1;84;0;4759999;103;4759299
147;18;336;13;13;20;12;3.00;6;2;1;78;0;4760012;164;4759299
147;18;336;13;13;20;99;3.40;2;1;1;71;0;4760099;84;4759299
147;18;336;13;13;20;99;3.40;4;1;1;78;0;4760099;159;4759299
147;18;336;13;13;20;3;3.40;3;1;1;78;0;4760003;189;4759299
147;18;336;13;13;21;80;3.40;2;1;1;73;0;4760180;63;4759299
147;18;336;13;13;21;99;3.80;6;2;1;78;0;4760199;173;4759299
147;18;336;13;13;21;99;3.40;3;1;1;76;0;4760199;180;4759299
147;18;336;13;13;22;99;3.60;4;1;1;81;0;4760299;184;4759299
147;18;336;13;13;22;99;3.40;5;2;1;80;0;4760299;282;0
147;18;336;13;13;23;18;3.20;4;1;1;85;0;4760318;3;4759799
147;18;336;13;13;24;22;4.00;6;2;1;80;0;4760422;205;0
147;18;336;13;13;24;99;3.60;4;1;1;82;0;4760499;167;4759799
147;18;336;13;13;26;66;3.80;3;1;1;75;0;4760666;450;0
147;18;336;13;13;27;99;3.60;7;2;1;75;0;4760799;1612;0
147;18;336;13;13;31;20;3.80;7;2;1;83;0;4761120;303;0
147;18;336;13;13;32;99;3.20;7;2;1;84;0;4761299;162;0
147;18;336;13;13;33;11;3.80;3;1;1;77;0;4761311;626;0
147;18;336;13;13;33;38;3.60;7;2;1;80;0;4761338;25;0
147;18;336;13;13;34;99;3.40;3;1;1;76;0;4761499;170;0
147;18;336;13;13;35;99;4.20;4;1;1;76;0;4761599;1084;0
147;18;336;13;13;40;99;3.40;4;1;1;85;0;4762099;480;0
147;18;336;13;13;42;99;3.80;3;1;1;81;0;4762299;783;0
147;18;336;13;13;44;56;3.20;3;1;1;74;0;4762456;140;0
147;18;336;13;13;45;22;3.20;6;2;1;77;0;4762522;2082;0
147;18;336;13;13;46;4;4.60;8;2;1;81;0;4762604;2588;0
147;18;336;13;13;46;1;3.60;5;2;1;83;0;4762601;2286;0
147;18;336;13;13;46;8;3.40;4;1;1;90;0;4762608;494;0
147;18;336;13;13;46;51;4.00;5;2;1;84;0;4762651;34;0
147;18;336;13;13;47;11;3.00;3;1;1;79;0;4762711;239;0
147;18;336;13;13;47;16;4.40;6;2;1;82;0;4762716;179;0
147;18;336;13;13;47;99;3.80;7;2;1;85;0;4762799;1444;0
147;18;336;13;13;48;6;4.40;3;1;1;77;0;4762806;81;0
147;18;336;13;13;50;27;3.00;3;1;1;77;0;4763027;200;0
147;18;336;13;13;51;42;3.40;5;2;1;87;0;4763142;473;0
147;18;336;13;13;52;89;3.60;4;1;1;88;0;4763289;667;0
147;18;336;13;13;52;99;3.40;5;2;1;83;0;4763299;142;0
147;18;336;13;13;53;0;3.80;7;2;1;88;0;4763300;484;0
147;18;336;13;13;53;24;3.20;4;1;1;84;0;4763324;20;0
147;18;336;13;13;52;99;6.80;3;1;1;77;0;4763299;257;0
147;18;336;13;13;53;99;3.20;5;2;1;81;0;4763399;85;0
147;18;336;13;13;55;99;3.60;7;2;1;84;0;4763599;283;0
147;18;336;13;13;57;25;3.40;2;1;1;83;0;4763725;3528;0
147;18;336;13;13;58;7;3.60;3;1;1;79;0;4763807;476;0
147;18;336;13;13;58;12;3.60;2;1;1;77;0;4763812;72;0
147;18;336;13;13;58;99;3.80;6;2;1;82;0;4763899;1163;0
147;18;336;13;13;59;21;4.00;7;2;1;86;0;4763921;306;0
147;18;336;13;13;59;59;4.40;1;1;1;85;0;4763959;5219;0
147;18;336;13;13;59;76;3.80;2;1;1;93;0;4763976;147;0
147;18;336;13;13;59;76;3.80;8;2;1;77;0;4763976;1351;0
147;18;336;13;14;0;15;3.00;6;2;1;80;0;4764015;99;0
147;18;336;13;14;1;99;3.60;3;1;1;77;0;4764199;375;0
147;18;336;13;14;2;99;3.20;7;2;1;77;0;4764299;361;0
147;18;336;13;14;3;99;6.00;3;1;1;78;0;4764399;183;0
147;18;336;13;14;4;4;3.60;6;2;1;85;0;4764404;375;0
147;18;336;13;14;4;54;3.60;4;1;1;80;0;4764454;1116;0
147;18;336;13;14;5;90;7.60;3;1;6;76;0;4764590;163;0
147;18;336;13;14;5;99;3.80;4;1;1;82;0;4764599;128;0
147;18;336;13;14;6;99;3.40;3;1;1;72;0;4764699;73;0
147;18;336;13;14;6;99;3.00;6;2;1;81;0;4764699;279;0
147;18;336;13;14;7;75;3.80;1;1;1;77;0;4764775;797;0
147;18;336;13;14;7;93;3.60;4;1;1;84;0;4764793;177;0
147;18;336;13;14;8;12;3.60;6;2;1;80;0;4764812;99;0
147;18;336;13;14;8;99;3.40;1;1;1;78;0;4764899;106;0
147;18;336;13;14;8;99;3.80;4;1;1;81;0;4764899;90;0
147;18;336;13;14;9;99;4.60;7;2;1;81;0;4764999;685;0
147;18;336;13;14;9;14;3.40;6;2;1;79;0;4764914;85;0
147;18;336;13;14;9;29;3.60;3;1;1;79;0;4764929;213;0
147;18;336;13;14;11;16;3.20;2;1;1;75;0;4765116;1125;0
147;18;336;13;14;12;51;3.80;6;2;1;82;0;4765251;321;0
147;18;336;13;14;13;99;3.60;2;1;1;72;0;4765399;267;0
147;18;336;13;14;14;8;3.40;5;2;1;96;0;4765408;1994;0
147;18;336;13;14;15;99;3.80;8;2;1;84;0;4765599;1605;0
147;18;336;13;14;16;99;3.40;2;1;1;78;0;4765699;282;0
147;18;336;13;14;17;41;3.60;6;2;1;80;0;4765741;473;0
147;18;336;13;14;18;99;3.60;2;1;1;87;0;4765899;184;0
147;18;336;13;14;19;13;3.60;2;1;1;91;0;4765913;-1;0
147;18;336;13;14;20;0;3.60;6;2;1;80;0;4766000;242;0
147;18;336;13;14;20;93;3.60;5;2;1;81;0;4766093;672;0
147;18;336;13;14;20;99;3.60;3;1;1;75;0;4766099;1153;0
147;18;336;13;14;21;99;3.20;5;2;1;80;0;4766199;90;0
147;18;336;13;14;20;51;4.20;7;2;1;20;0;4766051;1031;0
147;18;336;13;14;22;50;4.00;6;2;1;80;0;4766250;233;0
147;18;336;13;14;22;64;3.80;4;1;1;80;0;4766264;1348;0
147;18;336;13;14;22;83;3.60;2;1;1;83;0;4766283;355;0
147;18;336;13;14;23;12;3.80;5;2;1;83;0;4766312;98;0
147;18;336;13;14;23;99;3.60;8;2;1;80;0;4766399;783;0
147;18;336;13;14;24;24;3.60;2;1;1;85;0;4766424;125;0
147;18;336;13;14;24;99;3.60;3;1;1;74;0;4766499;382;0
147;18;336;13;14;24;16;3.00;5;2;1;81;0;4766416;87;0
147;18;336;13;14;25;2;3.80;8;2;1;79;0;4766502;86;0
147;18;336;13;14;25;99;3.60;3;1;1;74;0;4766599;82;0
147;18;336;13;14;26;99;4.00;6;2;1;84;0;4766699;431;0
147;18;336;13;14;27;30;5.80;5;2;1;83;0;4766730;300;0
147;18;336;13;14;27;69;3.60;6;2;1;79;0;4766769;52;0
147;18;336;13;14;28;99;3.40;8;2;1;82;0;4766899;379;0
147;18;336;13;14;28;99;3.60;5;2;1;82;0;4766899;143;0
147;18;336;13;14;28;99;3.80;3;1;1;77;0;4766899;282;0
147;18;336;13;14;29;99;3.60;6;2;1;77;0;4766999;213;0
147;18;336;13;14;30;21;4.40;3;1;1;96;0;4767021;104;0
147;18;336;13;14;30;17;4.00;7;2;1;81;0;4767017;890;0
147;18;336;13;14;30;91;3.60;2;1;1;82;0;4767091;651;0
147;18;336;13;14;32;25;3.80;5;2;1;89;0;4767225;310;0
147;18;336;13;14;34;34;4.00;7;2;1;95;0;4767434;399;0
147;18;336;13;14;34;99;3.60;4;1;1;85;0;4767499;1217;0
147;18;336;13;14;36;5;3.40;6;2;1;71;0;4767605;589;0
147;18;336;13;14;36;99;3.80;5;2;1;84;0;4767699;458;0
147;18;336;13;14;36;99;3.60;7;2;1;82;0;4767699;249;0
147;18;336;13;14;36;99;3.40;1;1;1;72;0;4767699;2784;0
147;18;336;13;14;37;9;3.40;3;1;1;78;0;4767709;671;0
147;18;336;13;14;37;16;3.60;6;2;1;80;0;4767716;93;0
147;18;336;13;14;39;14;4.00;8;2;1;86;0;4767914;1000;0
147;18;336;13;14;42;99;3.20;3;1;1;74;0;4768299;574;0
147;18;336;13;14;42;2;3.60;7;2;1;95;0;4768202;487;0
147;18;336;13;14;42;4;3.80;6;2;1;76;0;4768204;471;0
147;18;336;13;14;43;9;3.60;4;1;1;80;0;4768309;794;0
147;18;336;13;14;43;69;3.40;3;1;1;74;0;4768369;54;0
147;18;336;13;14;43;99;3.60;2;1;1;78;0;4768399;1292;0
147;18;336;13;14;44;99;4.00;4;1;1;82;0;4768499;173;0
147;18;336;13;14;45;4;3.60;2;1;1;76;0;4768504;88;0
147;18;336;13;14;45;58;3.60;7;2;1;82;0;4768558;342;0
147;18;336;13;14;46;8;3.60;3;1;1;78;0;4768608;222;0
147;18;336;13;14;47;99;3.40;2;1;1;81;0;4768799;277;0
147;18;336;13;14;47;23;3.80;3;1;1;78;0;4768723;98;0
147;18;336;13;14;48;74;3.20;4;1;1;79;0;4768874;357;0
147;18;336;13;14;49;1;4.00;3;1;1;78;0;4768901;160;0
147;18;336;13;14;49;99;4.00;8;2;1;88;0;4768999;1068;0
147;18;336;13;14;49;99;3.60;6;2;1;79;0;4768999;777;0
147;18;336;13;14;50;4;3.40;4;1;1;78;0;4769004;115;0
147;18;336;13;14;50;33;3.40;3;1;1;80;0;4769033;113;0
147;18;336;13;14;51;99;3.80;4;1;1;76;0;4769199;179;0
147;18;336;13;14;52;99;3.80;2;1;1;82;0;4769299;484;0
147;18;336;13;14;52;11;3.40;4;1;1;77;0;4769211;-1;0
147;18;336;13;14;53;6;3.80;7;2;1;83;0;4769306;732;0
147;18;336;13;14;53;71;4.00;3;1;1;77;0;4769371;322;0
147;18;336;13;14;54;99;3.40;4;1;1;77;0;4769499;272;0
147;18;336;13;14;55;37;3.60;4;1;1;80;0;4769537;22;0
147;18;336;13;14;56;9;4.40;1;1;1;86;0;4769609;1893;0
147;18;336;13;14;56;99;3.40;2;1;1;72;0;4769699;383;0
147;18;336;13;14;57;99;3.40;2;1;1;76;0;4769799;83;0
147;18;336;13;14;58;56;3.20;6;2;1;69;0;4769856;840;0
147;18;336;13;14;58;72;3.60;5;2;1;81;0;4769872;2156;0
147;18;336;13;14;59;7;3.60;6;2;1;73;0;4769907;34;0
147;18;336;13;14;59;99;5.00;3;1;1;70;0;4769999;609;0
147;18;336;13;15;0;99;3.00;6;2;1;69;0;4770099;174;0
147;18;336;13;15;0;9;4.00;8;2;1;81;0;4770009;993;0
147;18;336;13;15;1;3;3.20;5;2;1;81;0;4770103;215;0
147;18;336;13;15;1;99;3.40;6;2;1;71;0;4770199;84;0
147;18;336;13;15;2;99;4.00;1;1;1;105;0;4770299;671;0
147;18;336;13;15;2;99;4.60;3;1;1;73;0;4770299;274;0
147;18;336;13;15;3;20;3.60;6;2;1;71;0;4770320;103;4769856
147;18;336;13;15;3;42;5.80;2;1;1;77;0;4770342;526;0
147;18;336;13;15;4;99;3.80;6;2;1;72;0;4770499;160;4769856
147;18;336;13;15;5;36;3.60;3;1;1;80;0;4770536;214;0
147;18;336;13;15;7;13;4.20;7;2;1;81;0;4770713;1390;0
147;18;336;13;15;7;99;3.00;2;1;1;79;0;4770799;429;0
147;18;336;13;15;8;22;3.40;4;1;1;80;0;4770822;1268;0
147;18;336;13;15;8;44;3.60;6;2;1;86;0;4770844;326;0
147;18;336;13;15;8;40;3.20;8;2;1;76;0;4770840;813;0
147;18;336;13;15;9;14;4.00;4;1;1;82;0;4770914;76;0
147;18;336;13;15;9;99;4.40;2;1;1;73;0;4770999;186;0
147;18;336;13;15;9;99;3.20;1;1;1;79;0;4770999;686;0
147;18;336;13;15;10;22;3.60;7;2;1;87;0;4771022;290;0
147;18;336;13;15;11;18;3.80;2;1;1;74;0;4771118;97;0
147;18;336;13;15;12;99;3.60;4;1;1;77;0;4771299;367;0
147;18;336;13;15;12;99;3.40;7;2;1;86;0;4771299;262;0
147;18;336;13;15;12;99;3.60;2;1;1;73;0;4771299;162;0
147;18;336;13;15;13;36;3.40;3;1;1;69;0;4771336;783;0
147;18;336;13;15;14;89;3.80;3;1;1;67;0;4771489;135;0
147;18;336;13;15;14;99;3.60;4;1;1;81;0;4771499;183;0
147;18;336;13;15;14;99;4.00;2;1;1;71;0;4771499;182;4770799
147;18;336;13;15;14;99;5.00;6;2;1;68;0;4771499;639;0
147;18;336;13;15;15;99;3.40;3;1;1;68;0;4771599;89;0
147;18;336;13;15;16;54;3.40;2;1;1;66;0;4771654;134;4770799
147;18;336;13;15;16;84;3.60;5;2;1;81;0;4771684;1566;0
147;18;336;13;15;16;99;3.20;6;2;1;64;0;4771699;173;0
147;18;336;13;15;17;21;3.20;7;2;1;81;0;4771721;407;0
147;18;336;13;15;17;99;3.60;8;2;1;73;0;4771799;943;0
147;18;336;13;15;18;13;3.00;3;1;1;76;0;4771813;196;0
147;18;336;13;15;20;11;2.80;6;2;1;77;0;4772011;294;0
147;18;336;13;15;21;10;4.00;5;2;1;80;0;4772110;410;0
147;18;336;13;15;21;43;3.60;7;2;1;81;0;4772143;407;0
147;18;336;13;15;21;55;4.20;3;1;1;78;0;4772155;327;0
147;18;336;13;15;21;66;3.60;5;2;1;80;0;4772166;38;0
147;18;336;13;15;22;28;2.80;6;2;1;75;0;4772228;203;0
147;18;336;13;15;24;3;3.40;7;2;1;73;0;4772403;244;0
147;18;336;13;15;24;20;3.60;5;2;1;89;0;4772420;237;0
147;18;336;13;15;24;99;3.80;6;2;1;75;0;4772499;257;0
147;18;336;13;15;25;99;3.00;8;2;1;76;0;4772599;782;0
147;18;336;13;15;26;45;3.40;2;1;1;74;0;4772645;972;0
147;18;336;13;15;26;61;3.20;3;1;1;77;0;4772661;486;0
147;18;336;13;15;26;80;3.00;6;2;1;74;0;4772680;162;0
147;18;336;13;15;27;9;3.40;5;2;1;80;0;4772709;274;0
147;18;336;13;15;27;18;3.80;8;2;1;78;0;4772718;104;0
147;18;336;13;15;27;99;3.60;3;1;1;77;0;4772799;123;0
147;18;336;13;15;28;5;3.80;7;2;1;80;0;4772805;385;0
147;18;336;13;15;30;0;3.60;7;2;1;81;0;4773000;177;0
147;18;336;13;15;30;99;3.60;5;2;1;91;0;4773099;374;0
147;18;336;13;15;31;12;3.40;6;2;1;71;0;4773112;417;0
147;18;336;13;15;31;30;4.00;5;2;1;91;0;4773130;16;0
147;18;336;13;15;31;37;3.40;7;2;1;84;0;4773137;121;0
147;18;336;13;15;32;99;3.80;6;2;1;76;0;4773299;169;0
147;18;336;13;15;34;36;3.20;5;2;1;97;0;4773436;290;0
147;18;336;13;15;34;70;4.00;8;2;1;77;0;4773470;734;0
147;18;336;13;15;35;99;3.60;5;2;1;93;0;4773599;151;0
147;18;336;13;15;36;8;3.80;2;1;1;77;0;4773608;946;0
147;18;336;13;15;36;20;3.80;5;2;1;93;0;4773620;7;0
147;18;336;13;15;37;18;3.40;3;1;1;73;0;4773718;902;0
147;18;336;13;15;37;99;3.20;6;2;1;71;0;4773799;482;0
147;18;336;13;15;38;0;3.60;5;2;1;85;0;4773800;165;0
147;18;336;13;15;38;4;3.20;4;1;1;79;0;4773804;2289;0
147;18;336;13;15;38;99;3.80;8;2;1;74;0;4773899;410;0
147;18;336;13;15;39;61;3.40;3;1;1;73;0;4773961;226;0
147;18;336;13;15;39;81;4.00;8;2;1;66;0;4773981;63;0
147;18;336;13;15;40;99;3.40;6;2;1;77;0;4774099;283;0
147;18;336;13;15;41;13;3.80;3;1;1;74;0;4774113;135;0
147;18;336;13;15;41;34;3.80;2;1;1;73;0;4774134;508;0
147;18;336;13;15;42;82;4.00;3;1;1;76;0;4774282;150;0
147;18;336;13;15;42;99;3.40;2;1;1;76;0;4774299;146;0
147;18;336;13;15;44;6;3.40;6;2;1;73;0;4774406;291;0
147;18;336;13;15;45;14;3.80;7;2;1;82;0;4774514;1362;0
147;18;336;13;15;45;99;3.60;5;2;1;78;0;4774599;783;0
147;18;336;13;15;45;99;3.00;6;2;1;74;0;4774599;176;0
147;18;336;13;15;45;99;4.00;4;1;1;84;0;4774599;780;0
147;18;336;13;15;46;99;3.60;2;1;1;68;0;4774699;383;0
147;18;336;13;15;46;39;5.60;3;1;1;76;0;4774639;338;0
147;18;336;13;15;47;83;3.60;8;2;1;75;0;4774783;780;0
147;18;336;13;15;48;99;3.40;2;1;1;69;0;4774899;180;0
147;18;336;13;15;48;99;3.40;3;1;1;78;0;4774899;233;0
147;18;336;13;15;48;99;3.60;6;2;1;74;0;4774899;285;0
147;18;336;13;15;49;45;3.80;8;2;1;74;0;4774945;144;0
147;18;336;13;15;50;3;3.60;5;2;1;84;0;4775003;387;0
147;18;336;13;15;50;19;3.20;3;1;1;80;0;4775019;104;0
147;18;336;13;15;50;99;3.80;2;1;1;71;0;4775099;182;0
147;18;336;13;15;51;99;3.60;8;2;1;71;0;4775199;235;0
147;18;336;13;15;51;7;3.80;5;2;1;82;0;4775107;88;0
147;18;336;13;15;52;1;4.00;4;1;1;80;0;4775201;584;0
147;18;336;13;15;52;99;3.80;1;1;1;77;0;4775299;4285;0
147;18;336;13;15;52;99;3.00;3;1;1;76;0;4775299;265;0
147;18;336;13;15;52;99;3.60;7;2;1;80;0;4775299;768;0
147;18;336;13;15;53;11;3.80;6;2;1;77;0;4775311;394;0
147;18;336;13;15;53;99;3.60;3;1;1;74;0;4775399;85;0
147;18;336;13;15;55;99;3.40;8;2;1;77;0;4775599;381;0
147;18;336;13;15;55;99;3.00;2;1;1;72;0;4775599;480;0
147;18;336;13;15;56;8;3.60;2;1;1;70;0;4775608;-1;0
147;18;336;13;15;57;99;3.20;3;1;1;71;0;4775799;382;0
147;18;336;13;15;57;99;3.40;2;1;1;71;0;4775799;172;0
147;18;336;13;15;58;99;3.60;1;1;1;83;0;4775899;582;0
147;18;336;13;15;59;3;3.40;3;1;1;71;0;4775903;87;0
147;18;336;13;16;1;99;3.40;3;1;1;74;0;4776199;278;0
147;18;336;13;16;1;99;3.60;6;2;1;80;0;4776199;870;0
147;18;336;13;16;3;20;3.60;6;2;1;79;0;4776320;104;0
147;18;336;13;16;3;25;3.80;3;1;1;80;0;4776325;109;0
147;18;336;13;16;4;1;4.00;6;2;1;81;0;4776401;64;0
147;18;336;13;16;4;25;3.80;7;2;1;93;0;4776425;1109;0
147;18;336;13;16;4;16;3.60;4;1;1;80;0;4776416;1197;0
147;18;336;13;16;5;90;4.00;2;1;1;86;0;4776590;773;0
147;18;336;13;16;5;99;3.60;1;1;1;73;0;4776599;684;0
147;18;336;13;16;6;11;3.80;5;2;1;87;0;4776611;1487;0
147;18;336;13;16;7;26;3.20;6;2;1;81;0;4776726;307;0
147;18;336;13;16;7;57;3.80;1;1;1;74;0;4776757;140;0
147;18;336;13;16;7;62;3.80;3;1;1;78;0;4776762;419;0
147;18;336;13;16;7;91;4.00;5;2;1;89;0;4776791;164;0
147;18;336;13;16;8;99;3.80;2;1;1;77;0;4776899;292;0
147;18;336;13;16;8;99;5.20;7;2;1;83;0;4776899;459;0
147;18;336;13;16;8;99;3.40;3;1;1;78;0;4776899;119;0
147;18;336;13;16;8;99;3.40;6;2;1;78;0;4776899;158;0
147;18;336;13;16;10;7;4.40;6;2;1;80;0;4777007;92;0
147;18;336;13;16;10;99;3.60;3;1;1;78;0;4777099;184;0
147;18;336;13;16;11;99;3.80;6;2;1;83;0;4777199;172;0
147;18;336;13;16;11;99;3.80;4;1;1;109;0;4777199;766;0
147;18;336;13;16;12;59;4.60;6;2;1;83;0;4777259;43;4776726
147;18;336;13;16;14;99;3.60;2;1;1;81;0;4777499;582;0
147;18;336;13;16;14;1;3.20;5;2;1;86;0;4777401;593;0
147;18;336;13;16;15;69;3.60;6;2;1;75;0;4777569;290;0
147;18;336;13;16;16;29;3.60;5;2;1;88;0;4777629;214;0
147;18;336;13;16;17;12;3.80;6;2;1;76;0;4777712;125;0
147;18;336;13;16;17;99;3.80;3;1;1;71;0;4777799;683;0
147;18;336;13;16;17;8;3.60;2;1;1;72;0;4777708;193;0
147;18;336;13;16;18;99;3.60;6;2;1;77;0;4777899;169;0
147;18;336;13;16;19;16;3.20;2;1;1;78;0;4777916;190;0
147;18;336;13;16;21;99;4.40;2;1;1;85;0;4778199;268;0
147;18;336;13;16;22;2;3.20;3;1;1;75;0;4778202;383;0
147;18;336;13;16;22;99;5.00;4;1;1;78;0;4778299;1087;0
147;18;336;13;16;22;1;4.00;6;2;1;80;0;4778201;285;0
147;18;336;13;16;23;99;3.00;6;2;1;79;0;4778399;180;0
147;18;336;13;16;24;99;3.80;6;2;1;80;0;4778499;86;0
147;18;336;13;16;25;54;3.40;7;2;1;82;0;4778554;1632;0
147;18;336;13;16;27;14;3.40;2;1;1;74;0;4778714;496;0
147;18;336;13;16;28;17;3.60;2;1;1;72;0;4778817;86;0
147;18;336;13;16;28;99;3.60;1;1;1;82;0;4778899;2123;0
147;18;336;13;16;28;78;9.40;7;2;6;80;0;4778878;309;0
147;18;336;13;16;28;99;3.40;3;1;1;86;0;4778899;681;0
147;18;336;13;16;29;99;4.20;8;2;1;81;0;4778999;3384;0
147;18;336;13;16;30;33;4.80;7;2;1;98;0;4779033;112;0
147;18;336;13;16;30;87;3.20;6;2;1;82;0;4779087;570;0
147;18;336;13;16;31;16;3.80;4;1;1;83;0;4779116;793;0
147;18;336;13;16;31;99;3.60;2;1;1;80;0;4779199;364;0
147;18;336;13;16;32;99;3.40;3;1;1;74;0;4779299;385;0
147;18;336;13;16;32;99;4.00;2;1;1;78;0;4779299;83;0
147;18;336;13;16;34;16;3.40;3;1;1;80;0;4779416;100;0
147;18;336;13;16;34;99;3.60;6;2;1;85;0;4779499;397;0
147;18;336;13;16;35;4;3.20;8;2;1;74;0;4779504;486;0
147;18;336;13;16;36;16;3.00;6;2;1;80;0;4779616;101;0
147;18;336;13;16;36;20;3.80;3;1;1;78;0;4779620;188;0
147;18;336;13;16;36;99;3.20;2;1;1;75;0;4779699;381;0
147;18;336;13;16;37;99;3.40;2;1;1;74;0;4779799;84;0
147;18;336;13;16;38;65;4.00;3;1;1;79;0;4779865;227;0
147;18;336;13;16;41;19;3.60;3;1;1;83;0;4780119;235;0
147;18;336;13;16;41;99;3.40;1;1;1;89;0;4780199;1284;0
147;18;336;13;16;42;29;3.60;5;2;1;86;0;4780229;2585;0
147;18;336;13;16;43;8;3.40;6;2;1;77;0;4780308;678;0
147;18;336;13;16;44;99;4.00;3;1;1;77;0;4780499;364;0
147;18;336;13;16;44;99;3.80;6;2;1;80;0;4780499;175;0
147;18;336;13;16;45;14;3.60;2;1;1;84;0;4780514;698;0
147;18;336;13;16;45;47;3.60;3;1;1;79;0;4780547;29;0
147;18;336;13;16;47;3;3.60;2;1;1;83;0;4780703;173;0
147;18;336;13;16;47;99;3.20;7;2;1;82;0;4780799;1748;0
147;18;336;13;16;47;99;3.60;6;2;1;78;0;4780799;282;0
147;18;336;13;16;49;99;3.00;3;1;1;77;0;4780999;435;0
147;18;336;13;16;50;99;3.60;6;2;1;78;0;4781099;283;0
147;18;336;13;16;51;64;6.20;3;1;1;78;0;4781164;150;0
147;18;336;13;16;55;19;4.00;6;2;1;90;0;4781519;403;0
147;18;336;13;16;56;99;3.80;4;1;1;78;0;4781699;2566;0
147;18;336;13;16;57;99;3.20;3;1;1;73;0;4781799;606;0
147;18;336;13;16;57;99;3.80;8;2;1;82;0;4781799;2279;0
147;18;336;13;16;58;17;3.80;2;1;1;82;0;4781817;1098;0
147;18;336;13;16;59;99;3.40;1;1;1;68;0;4781999;1786;0
147;18;336;13;16;59;99;3.80;2;1;1;86;0;4781999;165;0
147;18;336;13;16;59;99;4.00;4;1;1;79;0;4781999;282;0
147;18;336;13;17;0;99;3.80;6;2;1;79;0;4782099;564;0
147;18;336;13;17;1;57;3.60;2;1;1;77;0;4782157;142;0
147;18;336;13;17;2;26;3.20;7;2;1;82;0;4782226;1412;0
147;18;336;13;17;2;99;3.60;2;1;1;74;0;4782299;125;0
147;18;336;13;17;3;16;3.40;2;1;1;74;0;4782316;-1;4781817
147;18;336;13;17;4;4;3.20;6;2;1;76;0;4782404;287;0
147;18;336;13;17;4;99;3.00;6;2;1;75;0;4782499;79;0
147;18;336;13;17;4;99;3.40;2;1;1;78;0;4782499;166;4781817
147;18;336;13;17;5;99;3.40;6;2;1;75;0;4782599;85;4781817
147;18;336;13;17;6;25;3.80;5;2;1;89;0;4782625;2380;0
147;18;336;13;17;7;99;3.60;6;2;1;81;0;4782799;183;0
147;18;336;13;17;8;13;4.00;7;2;1;87;0;4782813;572;0
147;18;336;13;17;8;10;3.80;3;1;1;75;0;4782810;995;0
147;18;336;13;17;9;86;3.20;3;1;1;76;0;4782986;157;0
147;18;336;13;17;10;99;3.20;3;1;1;71;0;4783099;97;0
147;18;336;13;17;10;99;3.00;6;2;1;86;0;4783099;284;0
147;18;336;13;17;11;21;3.00;3;1;1;68;0;4783121;5;0
147;18;336;13;17;11;46;3.40;2;1;1;78;0;4783146;631;0
147;18;336;13;17;11;47;4.00;8;2;1;84;0;4783147;1331;0
147;18;336;13;17;11;84;4.00;7;2;1;82;0;4783184;354;0
147;18;336;13;17;12;21;3.20;6;2;1;86;0;4783221;109;0
147;18;336;13;17;12;99;3.00;2;1;1;69;0;4783299;137;0
147;18;336;13;17;13;26;3.20;2;1;1;68;0;4783326;11;0
147;18;336;13;17;14;16;4.00;3;1;1;75;0;4783416;279;0
147;18;336;13;17;14;99;3.60;7;2;1;87;0;4783499;297;0
147;18;336;13;17;15;99;3.80;7;2;1;82;0;4783599;85;0
147;18;336;13;17;16;3;3.00;1;1;1;75;0;4783603;1586;0
147;18;336;13;17;16;65;3.60;6;2;1;92;0;4783665;430;0
147;18;336;13;17;17;99;3.60;1;1;1;75;0;4783799;181;0
147;18;336;13;17;17;99;3.80;3;1;1;79;0;4783799;363;0
147;18;336;13;17;18;99;6.20;7;2;1;93;0;4783899;283;0
147;18;336;13;17;18;99;3.60;2;1;1;77;0;4783899;556;0
147;18;336;13;17;19;95;3.80;3;1;1;76;0;4783995;178;0
147;18;336;13;17;19;99;3.40;6;2;1;81;0;4783999;319;0
147;18;336;13;17;20;31;3.00;5;2;1;92;0;4784031;1390;0
147;18;336;13;17;21;21;3.60;8;2;1;86;0;4784121;956;0
147;18;336;13;17;22;99;3.80;7;2;1;82;0;4784299;376;0
147;18;336;13;17;22;99;4.00;6;2;1;86;0;4784299;284;0
147;18;336;13;17;23;0;3.40;3;1;1;75;0;4784300;287;0
147;18;336;13;17;23;99;3.80;8;2;1;82;0;4784399;262;0
147;18;336;13;17;24;59;3.00;6;2;1;86;0;4784459;143;0
147;18;336;13;17;26;30;3.00;4;1;1;82;0;4784630;2612;0
147;18;336;13;17;27;99;4.40;6;2;1;84;0;4784799;327;0
147;18;336;13;17;27;99;3.60;2;1;1;74;0;4784799;883;0
147;18;336;13;17;29;3;3.60;6;2;1;84;0;4784903;85;0
147;18;336;13;17;30;99;3.60;3;1;1;74;0;4785099;782;0
147;18;336;13;17;30;99;3.60;7;2;1;85;0;4785099;783;0
147;18;336;13;17;31;35;3.60;7;2;1;85;0;4785135;20;0
147;18;336;13;17;31;37;3.60;4;1;1;87;0;4785137;493;0
147;18;336;13;17;31;31;3.20;2;1;1;70;0;4785131;314;0
147;18;336;13;17;32;99;3.80;1;1;1;80;0;4785299;1482;0
147;18;336;13;17;33;99;3.80;5;2;1;88;0;4785399;1356;0
147;18;336;13;17;36;99;3.80;6;2;1;87;0;4785699;780;0
147;18;336;13;17;36;3;3.00;3;1;1;77;0;4785603;486;0
147;18;336;13;17;37;99;3.60;5;2;1;90;0;4785799;384;0
147;18;336;13;17;38;99;3.40;4;1;1;81;0;4785899;747;0
147;18;336;13;17;38;99;3.60;6;2;1;79;0;4785899;184;0
147;18;336;13;17;38;99;3.80;3;1;1;79;0;4785899;281;0
147;18;336;13;17;40;99;3.40;4;1;1;80;0;4786099;184;0
147;18;336;13;17;41;7;4.00;3;1;1;83;0;4786107;190;0
147;18;336;13;17;41;12;3.20;6;2;1;80;0;4786112;196;0
147;18;336;13;17;41;99;3.20;5;2;1;83;0;4786199;385;0
147;18;336;13;17;42;99;4.00;6;2;1;74;0;4786299;172;0
147;18;336;13;17;43;99;3.20;3;1;1;83;0;4786399;274;0
147;18;336;13;17;45;99;3.60;6;2;1;78;0;4786599;280;0
147;18;336;13;17;47;58;3.60;8;2;1;83;0;4786758;2342;0
147;18;336;13;17;47;74;3.80;5;2;1;78;0;4786774;561;0
147;18;336;13;17;47;88;3.60;2;1;1;92;0;4786788;1640;0
147;18;336;13;17;48;99;3.20;1;1;1;77;0;4786899;1582;0
147;18;336;13;17;48;99;3.40;5;2;1;83;0;4786899;107;0
147;18;336;13;17;49;99;3.80;2;1;1;81;0;4786999;196;0
147;18;336;13;17;51;99;3.00;3;1;1;78;0;4787199;786;0
147;18;336;13;17;53;4;3.00;2;1;1;81;0;4787304;288;0
147;18;336;13;17;54;25;3.00;6;2;1;75;0;4787425;809;0
147;18;336;13;17;54;99;3.60;2;1;1;75;0;4787499;181;0
147;18;336;13;17;54;19;3.20;5;2;1;87;0;4787419;505;0
147;18;336;13;17;55;99;3.60;2;1;1;76;0;4787599;82;0
147;18;336;13;17;55;99;3.60;6;2;1;76;0;4787599;159;0
147;18;336;13;17;56;99;3.60;2;1;1;73;0;4787699;82;0
147;18;336;13;17;57;34;3.00;3;1;1;78;0;4787734;521;0
147;18;336;13;17;57;48;3.80;8;2;1;85;0;4787748;974;0
147;18;336;13;17;58;99;3.40;3;1;1;81;0;4787899;151;0
147;18;336;13;17;59;0;7.40;6;2;6;80;0;4787900;283;0
147;18;336;13;17;59;99;3.60;2;1;1;76;0;4787999;282;0
147;18;336;13;17;59;99;3.40;7;2;1;83;0;4787999;2848;0
147;18;336;13;18;0;11;3.20;2;1;1;78;0;4788011;-1;0
147;18;336;13;18;0;99;3.60;2;1;1;75;0;4788099;73;0
147;18;336;13;18;0;99;3.60;7;2;1;81;0;4788099;85;0
147;18;336;13;18;2;0;3.80;3;1;1;79;0;4788200;285;0
147;18;336;13;18;2;15;3.40;4;1;1;82;0;4788215;2100;0
147;18;336;13;18;3;99;3.60;4;1;1;84;0;4788399;169;0
147;18;336;13;18;3;99;4.80;2;1;1;80;0;4788399;282;0
147;18;336;13;18;5;53;3.60;7;2;1;81;0;4788553;438;0
147;18;336;13;18;5;72;3.80;3;1;1;75;0;4788572;354;0
147;18;336;13;18;5;83;3.40;6;2;1;64;0;4788583;649;0
147;18;336;13;18;6;99;3.20;2;1;1;76;0;4788699;278;0
147;18;336;13;18;7;13;3.60;3;1;1;78;0;4788713;122;0
147;18;336;13;18;7;58;4.00;6;2;1;85;0;4788758;155;0
147;18;336;13;18;8;99;3.60;2;1;1;79;0;4788899;184;0
147;18;336;13;18;9;99;4.40;3;1;1;79;0;4788999;269;0
147;18;336;13;18;10;46;3.80;7;2;1;83;0;4789046;477;0
147;18;336;13;18;10;53;3.40;2;1;1;85;0;4789053;137;0
147;18;336;13;18;11;99;3.60;7;2;1;81;0;4789199;136;0
147;18;336;13;18;12;10;3.40;3;1;1;74;0;4789210;190;0
147;18;336;13;18;12;44;3.20;2;1;1;84;0;4789244;176;0
147;18;336;13;18;12;29;4.60;7;2;1;83;0;4789229;14;0
147;18;336;13;18;13;91;4.00;6;2;1;83;0;4789391;616;0
147;18;336;13;18;14;1;3.40;4;1;1;79;0;4789401;986;0
147;18;336;13;18;14;24;3.40;2;1;1;80;0;4789424;166;4788699
147;18;336;13;18;15;41;3.80;3;1;1;76;0;4789541;314;0
147;18;336;13;18;15;51;3.00;6;2;1;76;0;4789551;142;0
147;18;336;13;18;16;0;3.60;7;2;1;90;0;4789600;351;0
147;18;336;13;18;16;99;3.20;7;2;1;88;0;4789699;84;0
147;18;336;13;18;16;99;3.80;5;2;1;91;0;4789699;2266;0
147;18;336;13;18;16;99;3.40;6;2;1;76;0;4789699;133;0
147;18;336;13;18;17;15;3.20;6;2;1;72;0;4789715;-1;0
147;18;336;13;18;18;95;4.40;4;1;1;82;0;4789895;478;0
147;18;336;13;18;18;99;3.00;6;2;1;73;0;4789899;168;4789391
147;18;336;13;18;19;99;3.20;3;1;1;72;0;4789999;440;0
147;18;336;13;18;19;99;3.60;5;2;1;85;0;4789999;284;0
147;18;336;13;18;19;99;3.20;2;1;1;79;0;4789999;559;0
147;18;336;13;18;19;99;3.60;4;1;1;83;0;4789999;84;0
147;18;336;13;18;20;49;4.20;2;1;1;82;0;4790049;35;0
147;18;336;13;18;18;93;4.20;7;2;1;15;0;4789893;180;0
147;18;336;13;18;21;99;3.60;6;2;1;85;0;4790199;285;0
147;18;336;13;18;23;60;3.20;3;1;1;75;0;4790360;345;0
147;18;336;13;18;23;99;3.20;5;2;1;83;0;4790399;384;0
147;18;336;13;18;23;99;3.60;6;2;1;84;0;4790399;184;0
147;18;336;13;18;24;99;3.00;3;1;1;77;0;4790499;123;0
147;18;336;13;18;25;25;3.40;4;1;1;82;0;4790525;510;0
147;18;336;13;18;25;25;3.40;2;1;1;76;0;4790525;457;0
147;18;336;13;18;25;50;3.40;5;2;1;86;0;4790550;137;0
147;18;336;13;18;26;99;3.40;3;1;1;76;0;4790699;185;0
147;18;336;13;18;26;97;3.40;6;2;1;69;0;4790697;282;0
147;18;336;13;18;27;99;3.20;6;2;1;71;0;4790799;84;0
147;18;336;13;18;26;3;1.00;7;2;1;1;1;4790603;609;0
147;18;336;13;18;29;2;3.80;3;1;1;81;0;4790902;186;0
147;18;336;13;18;29;99;3.80;6;2;1;77;0;4790999;183;0
147;18;336;13;18;31;14;3.60;6;2;1;79;0;4791114;97;0
147;18;336;13;18;31;99;4.60;5;2;1;83;0;4791199;634;0
147;18;336;13;18;32;12;3.80;2;1;1;69;0;4791212;670;0
147;18;336;13;18;33;0;3.00;2;1;1;68;0;4791300;68;0
147;18;336;13;18;33;53;3.80;6;2;1;83;0;4791353;222;0
147;18;336;13;18;33;57;3.40;1;1;1;72;0;4791357;4443;0
147;18;336;13;18;34;99;3.80;5;2;1;79;0;4791499;280;0
147;18;336;13;18;34;99;3.20;3;1;1;80;0;4791499;580;0
147;18;336;13;18;35;1;3.80;6;2;1;82;0;4791501;131;0
147;18;336;13;18;36;80;3.00;8;2;1;76;0;4791680;3915;0
147;18;336;13;18;36;89;3.80;3;1;1;80;0;4791689;175;0
147;18;336;13;18;37;99;3.60;6;2;1;82;0;4791799;281;0
147;18;336;13;18;38;11;4.20;5;2;1;92;0;4791811;294;0
147;18;336;13;18;38;34;3.40;3;1;1;80;0;4791834;127;0
147;18;336;13;18;38;44;3.00;1;1;1;70;0;4791844;470;0
147;18;336;13;18;38;79;3.20;2;1;1;76;0;4791879;563;0
147;18;336;13;18;39;99;3.60;2;1;1;81;0;4791999;104;0
147;18;336;13;18;41;95;4.00;3;1;1;82;0;4792195;345;0
147;18;336;13;18;41;99;3.80;6;2;1;77;0;4792199;384;0
147;18;336;13;18;41;99;3.60;4;1;1;83;0;4792199;1659;0
147;18;336;13;18;41;72;11.60;2;1;3;74;0;4792172;157;0
147;18;336;13;18;43;17;3.60;2;1;1;73;0;4792317;88;0
147;18;336;13;18;44;99;3.80;4;1;1;89;0;4792499;284;0
147;18;336;13;18;44;99;5.00;6;2;1;80;0;4792499;282;0
147;18;336;13;18;45;99;3.00;5;2;1;82;0;4792599;771;0
147;18;336;13;18;45;99;3.60;2;1;1;71;0;4792599;264;0
147;18;336;13;18;45;99;4.00;3;1;1;83;0;4792599;386;0
147;18;336;13;18;47;99;3.80;3;1;1;77;0;4792799;182;0
147;18;336;13;18;48;26;3.60;2;1;1;70;0;4792826;208;0
147;18;336;13;18;49;99;3.20;4;1;1;86;0;4792999;484;0
147;18;336;13;18;50;99;3.60;2;1;1;70;0;4793099;254;0
147;18;336;13;18;51;19;3.80;4;1;1;84;0;4793119;106;0
147;18;336;13;18;52;99;3.60;2;1;1;70;0;4793299;181;0
147;18;336;13;18;53;99;4.00;2;1;1;68;0;4793399;81;0
147;18;336;13;18;53;0;3.60;3;1;1;75;0;4793300;483;0
147;18;336;13;18;54;15;3.60;3;1;1;71;0;4793415;97;0
147;18;336;13;18;54;91;2.80;1;1;1;72;0;4793491;1631;0
147;18;336;13;18;54;99;3.40;3;1;1;71;0;4793499;65;0
147;18;336;13;18;55;2;3.60;4;1;1;83;0;4793502;366;0
147;18;336;13;18;55;99;3.40;3;1;1;71;0;4793599;82;0
147;18;336;13;18;55;99;3.40;2;1;1;66;0;4793599;178;0
147;18;336;13;18;56;44;3.80;6;2;1;79;0;4793644;1122;0
147;18;336;13;18;57;99;3.80;2;1;1;65;0;4793799;181;4793099
147;18;336;13;18;57;99;3.60;3;1;1;80;0;4793799;182;4793300
147;18;336;13;18;58;99;3.40;6;2;1;86;0;4793899;237;0
147;18;336;13;18;59;76;3.40;3;1;1;72;0;4793976;160;4793300
147;18;336;13;18;57;0;4.00;7;2;1;14;0;4793700;3706;0
147;18;336;13;18;59;91;3.20;2;1;1;73;0;4793991;170;4793099
147;18;336;13;18;59;99;9.00;7;2;2;79;0;4793999;196;4793099
147;18;336;13;19;0;99;3.20;2;1;1;73;0;4794099;92;4793099
147;18;336;13;19;0;99;3.60;6;2;1;81;0;4794099;185;4793099
147;18;336;13;19;1;48;3.00;2;1;1;71;0;4794148;33;4793099
147;18;336;13;19;2;99;3.40;2;1;1;67;0;4794299;135;4793099
147;18;336;13;19;3;31;2.40;3;1;1;73;0;4794331;338;0
147;18;336;13;19;3;99;3.60;5;2;1;90;0;4794399;1786;0
147;18;336;13;19;3;7;3.60;7;2;1;98;0;4794307;266;0
147;18;336;13;19;4;78;4.00;6;2;1;83;0;4794478;363;0
147;18;336;13;19;5;99;3.60;2;1;1;70;0;4794599;281;0
147;18;336;13;19;7;99;3.60;6;2;1;85;0;4794799;303;0
147;18;336;13;19;9;68;4.40;6;2;1;79;0;4794968;153;0
147;18;336;13;19;10;0;3.40;5;2;1;87;0;4795000;586;0
147;18;336;13;19;10;11;3.60;2;1;1;75;0;4795011;393;0
147;18;336;13;19;11;57;3.60;6;2;1;79;0;4795157;168;0
147;18;336;13;19;13;15;3.80;4;1;1;81;0;4795315;1797;0
147;18;336;13;19;13;99;3.60;6;2;1;77;0;4795399;225;0
147;18;336;13;19;13;1;2.80;3;1;1;70;0;4795301;958;0
147;18;336;13;19;14;45;3.40;2;1;1;70;0;4795445;416;0
147;18;336;13;19;14;61;4.00;5;2;1;85;0;4795461;446;0
147;18;336;13;19;14;80;3.40;4;1;1;78;0;4795480;148;0
147;18;336;13;19;15;99;3.00;3;1;1;77;0;4795599;283;0
147;18;336;13;19;15;99;3.80;4;1;1;78;0;4795599;103;0
147;18;336;13;19;16;6;3.60;6;2;1;84;0;4795606;190;0
147;18;336;13;19;16;99;3.40;5;2;1;83;0;4795699;221;0
147;18;336;13;19;16;32;4.80;7;2;1;78;0;4795632;1311;0
147;18;336;13;19;16;44;5.60;5;2;1;83;0;4795644;-1;0
147;18;336;13;19;17;9;3.20;2;1;1;75;0;4795709;246;0
147;18;336;13;19;17;17;4.00;4;1;1;79;0;4795717;100;0
147;18;336;13;19;17;99;3.40;6;2;1;80;0;4795799;177;0
147;18;336;13;19;18;99;3.60;4;1;1;79;0;4795899;163;4795315
147;18;336;13;19;19;41;3.60;5;2;1;79;0;4795941;272;0
147;18;336;13;19;19;64;3.80;6;2;1;79;0;4795964;149;0
147;18;336;13;19;20;99;3.60;3;1;1;76;0;4796099;485;0
147;18;336;13;19;21;99;3.60;4;1;1;80;0;4796199;283;0
147;18;336;13;19;21;26;4.00;1;1;1;87;0;4796126;2621;0
147;18;336;13;19;22;11;3.60;3;1;1;73;0;4796211;94;0
147;18;336;13;19;22;99;3.00;6;2;1;79;0;4796299;317;0
147;18;336;13;19;24;2;4.00;6;2;1;78;0;4796402;89;0
147;18;336;13;19;24;31;3.80;5;2;1;81;0;4796431;473;0
147;18;336;13;19;25;99;3.40;7;2;1;76;0;4796599;944;0
147;18;336;13;19;25;99;3.20;3;1;1;83;0;4796599;370;0
147;18;336;13;19;26;99;3.80;5;2;1;80;0;4796699;251;0
147;18;336;13;19;27;65;4.00;7;2;1;78;0;4796765;149;0
147;18;336;13;19;27;99;4.00;6;2;1;80;0;4796799;378;0
147;18;336;13;19;28;99;3.80;1;1;1;75;0;4796899;756;0
147;18;336;13;19;28;99;4.00;3;1;1;81;0;4796899;286;0
147;18;336;13;19;29;24;3.20;5;2;1;81;0;4796924;207;0
147;18;336;13;19;30;5;3.20;4;1;1;84;0;4797005;789;0
147;18;336;13;19;31;19;3.40;3;1;1;71;0;4797119;202;0
147;18;336;13;19;31;15;3.60;6;2;1;79;0;4797115;298;0
147;18;336;13;19;32;99;3.80;6;2;1;79;0;4797299;167;0
147;18;336;13;19;32;99;3.60;3;1;1;71;0;4797299;162;0
147;18;336;13;19;33;99;12.60;5;2;2;92;0;4797399;460;0
147;18;336;13;19;35;94;3.80;3;1;1;83;0;4797594;276;0
147;18;336;13;19;35;99;4.60;6;2;1;76;0;4797599;282;0
147;18;336;13;19;37;42;3.60;3;1;1;80;0;4797742;131;0
147;18;336;13;19;37;89;3.40;6;2;1;76;0;4797789;168;0
147;18;336;13;19;38;23;3.40;8;2;1;80;0;4797823;6128;0
147;18;336;13;19;38;99;6.00;2;1;1;79;0;4797899;2174;0
147;18;336;13;19;39;45;3.60;6;2;1;79;0;4797945;139;0
147;18;336;13;19;39;42;3.60;2;1;1;75;0;4797942;15;0
147;18;336;13;19;40;8;3.60;8;2;1;86;0;4798008;169;0
147;18;336;13;19;41;7;2.80;2;1;1;76;0;4798107;147;0
147;18;336;13;19;41;8;3.40;3;1;1;71;0;4798108;349;0
147;18;336;13;19;41;99;3.60;7;2;1;79;0;4798199;1415;0
147;18;336;13;19;42;18;3.60;6;2;1;79;0;4798218;256;0
147;18;336;13;19;42;27;3.20;7;2;1;80;0;4798227;11;0
147;18;336;13;19;42;61;3.20;2;1;1;78;0;4798261;140;0
147;18;336;13;19;44;2;3.20;3;1;1;80;0;4798402;276;0
147;18;336;13;19;44;22;3.40;6;2;1;73;0;4798422;187;0
147;18;336;13;19;45;99;3.80;4;1;1;85;0;4798599;1580;0
147;18;336;13;19;46;99;3.60;6;2;1;81;0;4798699;260;0
147;18;336;13;19;46;99;2.20;7;2;1;77;0;4798699;457;0
147;18;336;13;19;47;81;3.60;3;1;1;71;0;4798781;364;0
147;18;336;13;19;48;99;3.20;4;1;1;80;0;4798899;283;0
147;18;336;13;19;48;99;3.60;2;1;1;78;0;4798899;623;0
147;18;336;13;19;48;99;3.80;8;2;1;82;0;4798899;875;0
147;18;336;13;19;49;99;3.80;3;1;1;70;0;4798999;199;0
147;18;336;13;19;49;99;3.80;6;2;1;71;0;4798999;284;0
147;18;336;13;19;49;99;3.40;2;1;1;79;0;4798999;83;0
147;18;336;13;19;50;71;3.80;3;1;1;72;0;4799071;52;0
147;18;336;13;19;50;81;3.20;6;2;1;70;0;4799081;62;0
147;18;336;13;19;51;99;3.80;6;2;1;68;0;4799199;101;0
147;18;336;13;19;51;99;3.60;3;1;1;74;0;4799199;109;0
147;18;336;13;19;52;22;3.40;6;2;1;68;0;4799222;2;0
147;18;336;13;19;52;43;3.40;4;1;1;83;0;4799243;329;0
147;18;336;13;19;52;42;3.40;8;2;1;78;0;4799242;326;0
147;18;336;13;19;53;99;3.80;5;2;1;83;0;4799399;1950;0
147;18;336;13;19;54;99;3.60;6;2;1;72;0;4799499;259;0
147;18;336;13;19;54;99;4.40;8;2;1;78;0;4799499;241;0
147;18;336;13;19;54;99;3.60;3;1;1;73;0;4799499;282;0
147;18;336;13;19;55;52;4.60;2;1;1;81;0;4799552;537;0
147;18;336;13;19;55;64;3.40;5;2;1;86;0;4799564;148;0
147;18;336;13;19;55;74;3.80;8;2;1;76;0;4799574;54;0
147;18;336;13;19;56;23;3.80;1;1;1;85;0;4799623;2705;0
147;18;336;13;19;56;99;4.00;6;2;1;73;0;4799699;182;0
147;18;336;13;19;57;99;4.00;3;1;1;79;0;4799799;282;0
147;18;336;13;19;57;12;2.80;6;2;1;74;0;4799712;-1;0
147;18;336;13;19;57;17;3.40;8;2;1;78;0;4799717;125;0
147;18;336;13;19;58;99;3.40;2;1;1;87;0;4799899;326;0
147;18;336;13;19;59;99;3.60;6;2;1;73;0;4799999;273;0
147;18;336;13;20;0;45;4.00;8;2;1;78;0;4800045;312;0
147;18;336;13;20;0;76;4.00;7;2;1;81;0;4800076;1366;0
147;18;336;13;20;1;99;3.60;5;2;1;90;0;4800199;620;0
147;18;336;13;20;3;99;3.80;6;2;1;78;0;4800399;382;0
147;18;336;13;20;3;99;3.80;7;2;1;79;0;4800399;305;0
147;18;336;13;20;4;13;3.80;5;2;1;86;0;4800413;199;0
147;18;336;13;20;5;43;3.20;6;2;1;77;0;4800543;126;0
147;18;336;13;20;5;84;3.20;3;1;1;65;0;4800584;766;0
147;18;336;13;20;7;99;3.20;1;1;1;63;0;4800799;1159;0
147;18;336;13;20;8;72;3.20;1;1;1;63;0;4800872;54;0
147;18;336;13;20;8;87;3.40;2;1;1;72;0;4800887;973;0
147;18;336;13;20;9;99;3.60;5;2;1;86;0;4800999;570;0
147;18;336;13;20;10;21;3.40;6;2;1;72;0;4801021;463;0
147;18;336;13;20;10;26;3.80;8;2;1;76;0;4801026;962;0
147;18;336;13;20;10;57;3.20;3;1;1;77;0;4801057;455;0
147;18;336;13;20;11;24;3.40;5;2;1;81;0;4801124;109;0
147;18;336;13;20;12;99;3.20;3;1;1;76;0;4801299;227;0
147;18;336;13;20;14;99;3.60;6;2;1;77;0;4801499;461;0
147;18;336;13;20;16;2;3.40;3;1;1;74;0;4801602;287;0
147;18;336;13;20;16;10;3.20;7;2;1;77;0;4801610;1193;0
147;18;336;13;20;17;99;3.40;6;2;1;79;0;4801799;283;0
147;18;336;13;20;18;61;3.60;2;1;1;85;0;4801861;957;0
147;18;336;13;20;18;92;3.20;1;1;1;68;0;4801892;1001;0
147;18;336;13;20;19;19;3.40;3;1;1;82;0;4801919;300;0
147;18;336;13;20;19;99;3.80;6;2;1;82;0;4801999;184;0
147;18;336;13;20;20;19;4.00;2;1;1;89;0;4802019;142;0
147;18;336;13;20;20;22;3.40;5;2;1;86;0;4802022;882;0
147;18;336;13;20;22;99;3.60;3;1;1;77;0;4802299;365;0
147;18;336;13;20;23;73;3.20;3;1;1;76;0;4802373;57;0
147;18;336;13;20;24;99;3.80;7;2;1;81;0;4802499;874;0
147;18;336;13;20;25;3;3.20;3;1;1;78;0;4802503;114;0
147;18;336;13;20;27;20;3.60;2;1;1;76;0;4802720;684;0
147;18;336;13;20;27;99;4.00;7;2;1;76;0;4802799;283;0
147;18;336;13;20;28;8;3.80;3;1;1;82;0;4802808;290;0
147;18;336;13;20;29;99;3.40;3;1;1;78;0;4802999;174;0
147;18;336;13;20;29;99;3.20;7;2;1;74;0;4802999;181;0
147;18;336;13;20;31;13;3.80;5;2;1;79;0;4803113;1076;0
147;18;336;13;20;31;99;3.20;3;1;1;76;0;4803199;184;0
147;18;336;13;20;33;29;3.40;3;1;1;77;0;4803329;114;0
147;18;336;13;20;34;99;3.20;2;1;1;76;0;4803499;761;0
147;18;336;13;20;34;99;3.60;4;1;1;83;0;4803499;4241;0
147;18;336;13;20;36;18;3.60;6;2;1;84;0;4803618;1602;0
147;18;336;13;20;36;84;3.80;3;1;1;83;0;4803684;339;0
147;18;336;13;20;37;99;3.80;2;1;1;77;0;4803799;284;0
147;18;336;13;20;38;24;6.80;5;2;1;84;0;4803824;693;0
147;18;336;13;20;38;46;3.20;6;2;1;76;0;4803846;212;0
147;18;336;13;20;39;99;3.20;2;1;1;72;0;4803999;182;0
147;18;336;13;20;41;35;3.80;3;1;1;79;0;4804135;434;0
147;18;336;13;20;41;33;3.40;2;1;1;72;0;4804133;118;0
147;18;336;13;20;42;99;5.60;6;2;1;75;0;4804299;437;0
147;18;336;13;20;42;99;4.60;2;1;1;73;0;4804299;149;0
147;18;336;13;20;43;15;3.00;5;2;1;84;0;4804315;461;0
147;18;336;13;20;43;99;3.60;2;1;1;71;0;4804399;77;4803799
147;18;336;13;20;43;3;3.20;7;2;1;84;0;4804303;1288;0
147;18;336;13;20;44;10;3.40;2;1;1;71;0;4804410;-1;4803799
147;18;336;13;20;44;11;3.40;8;2;1;72;0;4804411;3367;0
147;18;336;13;20;44;99;3.60;5;2;1;85;0;4804499;171;0
147;18;336;13;20;44;99;3.60;6;2;1;72;0;4804499;173;0
147;18;336;13;20;44;99;3.40;3;1;1;73;0;4804499;346;0
147;18;336;13;20;45;99;3.20;6;2;1;74;0;4804599;82;0
147;18;336;13;20;45;99;9.00;5;2;2;85;0;4804599;84;0
147;18;336;13;20;46;83;3.40;4;1;1;82;0;4804683;1168;0
147;18;336;13;20;48;9;3.80;6;2;1;75;0;4804809;194;0
147;18;336;13;20;49;0;3.60;3;1;1;77;0;4804900;384;0
147;18;336;13;20;49;12;3.40;6;2;1;74;0;4804912;84;4804299
147;18;336;13;20;50;99;3.20;6;2;1;80;0;4805099;170;4804299
147;18;336;13;20;50;99;4.00;3;1;1;75;0;4805099;182;4804299
147;18;336;13;20;51;45;3.20;2;1;1;72;0;4805145;717;0
147;18;336;13;20;51;58;3.40;4;1;1;76;0;4805158;460;0
147;18;336;13;20;52;99;3.80;6;2;1;80;0;4805299;185;4804299
147;18;336;13;20;52;99;3.40;4;1;1;76;0;4805299;124;4804299
147;18;336;13;20;52;99;5.40;3;1;1;77;0;4805299;180;4804299
147;18;336;13;20;53;14;3.20;1;1;1;70;0;4805314;3405;0
147;18;336;13;20;53;26;3.60;4;1;1;80;0;4805326;10;0
147;18;336;13;20;54;61;3.80;2;1;1;76;0;4805461;300;0
147;18;336;13;20;55;11;3.40;4;1;1;80;0;4805511;168;0
147;18;336;13;20;55;99;3.80;8;2;1;83;0;4805599;1171;0
147;18;336;13;20;55;99;3.60;3;1;1;74;0;4805599;274;0
147;18;336;13;20;56;1;3.80;4;1;1;83;0;4805601;74;4805158
147;18;336;13;20;56;9;3.80;2;1;1;79;0;4805609;130;4805158
147;18;336;13;20;56;68;3.80;6;2;1;79;0;4805668;351;0
147;18;336;13;20;58;99;3.20;6;2;1;77;0;4805899;213;0
147;18;336;13;20;58;14;3.60;4;1;1;87;0;4805814;196;4805158
147;18;336;13;20;59;44;3.60;6;2;1;78;0;4805944;30;4805158
147;18;336;13;20;59;75;4.00;5;2;1;81;0;4805975;1337;0
147;18;336;13;21;0;99;3.60;3;1;1;71;0;4806099;482;0
147;18;336;13;21;1;22;3.20;2;1;1;74;0;4806122;495;0
147;18;336;13;21;1;56;3.40;2;1;1;73;0;4806156;18;0
147;18;336;13;21;2;99;3.80;3;1;1;77;0;4806299;181;0
147;18;336;13;21;3;99;3.60;3;1;1;76;0;4806399;82;0
147;18;336;13;21;3;97;9.80;1;1;2;73;0;4806397;1066;0
147;18;336;13;21;4;43;3.20;3;1;1;72;0;4806443;26;0
147;18;336;13;21;4;91;3.40;4;1;1;79;0;4806491;662;0
147;18;336;13;21;6;6;2.80;2;1;1;76;0;4806606;433;0
147;18;336;13;21;7;99;3.20;3;1;1;76;0;4806799;340;0
147;18;336;13;21;8;99;3.60;7;2;1;84;0;4806899;2582;0
147;18;336;13;21;10;99;4.00;3;1;1;80;0;4807099;284;0
147;18;336;13;21;10;99;3.80;2;1;1;73;0;4807099;479;0
147;18;336;13;21;11;11;3.40;6;2;1;81;0;4807111;1150;0
147;18;336;13;21;11;99;3.40;3;1;1;80;0;4807199;82;0
147;18;336;13;21;12;19;3.60;6;2;1;76;0;4807219;92;0
147;18;336;13;21;13;9;3.60;6;2;1;75;0;4807309;72;0
147;18;336;13;21;13;99;3.00;6;2;1;73;0;4807399;72;0
147;18;336;13;21;13;99;3.60;2;1;1;80;0;4807399;281;0
147;18;336;13;21;14;11;3.80;3;1;1;94;0;4807411;196;0
147;18;336;13;21;14;23;3.40;4;1;1;82;0;4807423;916;0
147;18;336;13;21;14;72;3.40;2;1;1;78;0;4807472;56;0
147;18;336;13;21;15;11;3.60;1;1;1;78;0;4807511;1065;0
147;18;336;13;21;15;99;3.80;5;2;1;77;0;4807599;1606;0
147;18;336;13;21;16;0;3.60;2;1;1;77;0;4807600;112;0
147;18;336;13;21;16;20;3.60;6;2;1;78;0;4807620;206;0
147;18;336;13;21;16;20;3.60;3;1;1;79;0;4807620;194;0
147;18;336;13;21;17;86;3.60;2;1;1;76;0;4807786;169;0
147;18;336;13;21;18;99;3.60;2;1;1;79;0;4807899;95;4807399
147;18;336;13;21;19;99;3.60;6;2;1;78;0;4807999;362;0
147;18;336;13;21;21;12;2.80;3;1;1;73;0;4808112;475;0
147;18;336;13;21;22;75;3.40;2;1;1;75;0;4808275;359;0
147;18;336;13;21;23;99;3.40;6;2;1;86;0;4808399;383;0
147;18;336;13;21;24;21;5.40;4;1;1;89;0;4808421;983;0
147;18;336;13;21;24;11;3.40;3;1;1;70;0;4808411;285;0
147;18;336;13;21;24;51;3.60;6;2;1;76;0;4808451;37;0
147;18;336;13;21;25;99;3.60;6;2;1;79;0;4808599;130;0
147;18;336;13;21;26;15;4.60;2;1;1;79;0;4808615;323;0
147;18;336;13;21;26;99;3.60;3;1;1;71;0;4808699;270;0
147;18;336;13;21;26;99;3.60;7;2;1;81;0;4808699;1784;0
147;18;336;13;21;27;38;3.20;2;1;1;80;0;4808738;102;0
147;18;336;13;21;28;99;4.00;2;1;1;77;0;4808899;146;0
147;18;336;13;21;29;14;3.80;6;2;1;86;0;4808914;298;0
147;18;336;13;21;29;43;3.40;8;2;1;71;0;4808943;3327;0
147;18;336;13;21;29;41;4.20;2;1;1;74;0;4808941;23;0
147;18;336;13;21;30;18;3.80;3;1;1;76;0;4809018;300;0
147;18;336;13;21;30;99;2.80;5;2;1;93;0;4809099;1482;0
147;18;336;13;21;30;99;3.60;7;2;1;76;0;4809099;384;0
147;18;336;13;21;32;5;5.00;7;2;1;76;0;4809205;88;0
147;18;336;13;21;33;99;3.80;7;2;1;79;0;4809399;170;0
147;18;336;13;21;33;93;16.60;3;1;4;81;0;4809393;357;0
147;18;336;13;21;34;28;3.60;2;1;1;75;0;4809428;466;0
147;18;336;13;21;35;99;3.20;2;1;1;75;0;4809599;153;0
147;18;336;13;21;36;16;3.20;6;2;1;75;0;4809616;686;0
147;18;336;13;21;38;99;3.80;6;2;1;76;0;4809899;267;0
147;18;336;13;21;38;99;4.00;7;2;1;80;0;4809899;482;0
147;18;336;13;21;38;99;3.60;3;1;1;81;0;4809899;432;0
147;18;336;13;21;39;7;11.60;5;2;7;77;0;4809907;797;0
147;18;336;13;21;40;23;3.40;2;1;1;79;0;4810023;408;0
147;18;336;13;21;41;99;3.80;2;1;1;76;0;4810199;160;0
147;18;336;13;21;41;99;3.20;6;2;1;82;0;4810199;282;0
147;18;336;13;21;42;29;3.40;3;1;1;86;0;4810229;314;0
147;18;336;13;21;45;0;3.40;6;2;1;82;0;4810500;286;0
147;18;336;13;21;45;53;4.40;3;1;1;79;0;4810553;309;0
147;18;336;13;21;46;9;3.60;7;2;1;83;0;4810609;692;0
147;18;336;13;21;46;99;3.40;3;1;1;77;0;4810699;125;0
147;18;336;13;21;46;99;3.40;2;1;1;71;0;4810699;482;0
147;18;336;13;21;48;99;3.80;3;1;1;77;0;4810899;184;0
147;18;336;13;21;49;7;3.40;2;1;1;67;0;4810907;190;0
147;18;336;13;21;49;34;3.20;6;2;1;89;0;4810934;419;0
147;18;336;13;21;52;27;3.20;2;1;1;71;0;4811227;301;0
147;18;336;13;21;52;38;3.60;7;2;1;79;0;4811238;613;0
147;18;336;13;21;53;20;3.80;3;1;1;82;0;4811320;403;0
147;18;336;13;21;53;99;5.80;2;1;1;73;0;4811399;155;0
147;18;336;13;21;55;83;3.00;4;1;1;85;0;4811583;3140;0
147;18;336;13;21;55;68;4.60;6;2;1;73;0;4811568;621;0
147;18;336;13;21;56;99;4.00;1;1;1;74;0;4811699;4171;0
147;18;336;13;21;56;99;3.40;4;1;1;83;0;4811699;103;0
147;18;336;13;21;56;99;5.40;7;2;1;81;0;4811699;444;0
147;18;336;13;21;57;1;3.00;6;2;1;73;0;4811701;110;0
147;18;336;13;21;57;99;3.60;3;1;1;77;0;4811799;462;0
147;18;336;13;21;57;16;3.40;5;2;1;85;0;4811716;1754;0
147;18;336;13;21;58;7;3.20;1;1;1;69;0;4811807;88;0
147;18;336;13;21;59;99;3.60;3;1;1;78;0;4811999;183;0
147;18;336;13;21;59;99;3.00;1;1;1;65;0;4811999;175;0
147;18;336;13;22;0;16;3.80;5;2;1;84;0;4812016;285;0
147;18;336;13;22;0;48;3.40;2;1;1;73;0;4812048;620;0
147;18;336;13;22;1;17;3.60;3;1;1;75;0;4812117;101;0
147;18;336;13;22;1;99;3.00;6;2;1;77;0;4812199;483;0
147;18;336;13;22;2;99;3.60;5;2;1;82;0;4812299;266;0
147;18;336;13;22;2;99;3.60;3;1;1;73;0;4812299;164;0
147;18;336;13;22;3;10;3.60;6;2;1;78;0;4812310;96;0
147;18;336;13;22;5;22;3.80;6;2;1;77;0;4812522;195;0
147;18;336;13;22;5;30;3.40;2;1;1;79;0;4812530;465;0
147;18;336;13;22;5;38;3.60;4;1;1;81;0;4812538;824;0
147;18;336;13;22;6;13;3.20;3;1;1;75;0;4812613;296;0
147;18;336;13;22;6;99;3.60;2;1;1;78;0;4812699;153;0
147;18;336;13;22;7;99;3.20;6;2;1;77;0;4812799;259;0
147;18;336;13;22;9;99;3.60;3;1;1;73;0;4812999;370;0
147;18;336;13;22;9;99;4.60;4;1;1;75;0;4812999;445;0
147;18;336;13;22;10;99;3.40;6;2;1;68;0;4813099;285;0
147;18;336;13;22;10;16;4.00;3;1;1;73;0;4813016;-1;0
147;18;336;13;22;11;80;3.40;6;2;1;67;0;4813180;63;0
147;18;336;13;22;11;99;3.40;3;1;1;72;0;4813199;163;0
147;18;336;13;22;12;3;3.00;2;1;1;81;0;4813203;487;0
147;18;336;13;22;13;15;4.00;3;1;1;78;0;4813315;99;0
147;18;336;13;22;13;89;5.00;2;1;1;79;0;4813389;172;0
147;18;336;13;22;14;99;3.80;5;2;1;81;0;4813499;1184;0
147;18;336;13;22;15;99;3.80;6;2;1;78;0;4813599;400;0
147;18;336;13;22;16;3;3.80;5;2;1;81;0;4813603;87;0
147;18;336;13;22;16;99;4.80;6;2;1;74;0;4813699;82;0
147;18;336;13;22;18;26;3.40;3;1;1;81;0;4813826;492;0
147;18;336;13;22;18;38;3.60;6;2;1;76;0;4813838;115;0
147;18;336;13;22;19;26;3.80;4;1;1;85;0;4813926;904;0
147;18;336;13;22;20;14;3.80;5;2;1;94;0;4814014;394;0
147;18;336;13;22;21;70;3.60;5;2;1;82;0;4814170;141;0
147;18;336;13;22;21;79;3.40;4;1;1;82;0;4814179;236;0
147;18;336;13;22;21;99;3.20;2;1;1;73;0;4814199;787;0
147;18;336;13;22;22;30;4.20;7;2;1;92;0;4814230;2507;0
147;18;336;13;22;22;99;3.60;5;2;1;87;0;4814299;113;0
147;18;336;13;22;22;99;3.40;4;1;1;81;0;4814299;105;0
147;18;336;13;22;23;19;3.40;2;1;1;73;0;4814319;104;0
147;18;336;13;22;23;26;4.40;4;1;1;84;0;4814326;11;0
147;18;336;13;22;23;67;3.60;6;2;1;76;0;4814367;511;0
147;18;336;13;22;24;15;3.60;3;1;1;80;0;4814415;573;0
147;18;336;13;22;24;99;3.80;2;1;1;78;0;4814499;163;0
147;18;336;13;22;25;9;3.60;8;2;1;81;0;4814509;5548;0
147;18;336;13;22;26;61;7.20;4;1;1;85;0;4814661;316;0
147;18;336;13;22;27;99;3.40;3;1;1;76;0;4814799;367;0
147;18;336;13;22;28;7;3.80;6;2;1;79;0;4814807;422;0
147;18;336;13;22;31;62;3.00;6;2;1;77;0;4815162;337;0
147;18;336;13;22;32;99;3.60;3;1;1;72;0;4815299;483;0
147;18;336;13;22;33;9;3.80;6;2;1;77;0;4815309;132;0
147;18;336;13;22;34;0;3.60;3;1;1;72;0;4815400;83;0
147;18;336;13;22;34;88;3.60;6;2;1;75;0;4815488;161;0
147;18;336;13;22;35;8;3.60;7;2;1;81;0;4815508;1261;0
147;18;336;13;22;35;10;5.20;3;1;1;72;0;4815510;92;0
147;18;336;13;22;35;26;3.80;5;2;1;83;0;4815526;1212;0
147;18;336;13;22;35;99;3.60;1;1;1;74;0;4815599;3583;0
147;18;336;13;22;36;12;3.60;7;2;1;88;0;4815612;88;0
147;18;336;13;22;36;26;3.00;6;2;1;70;0;4815626;120;0
147;18;336;13;22;37;99;3.80;3;1;1;73;0;4815799;263;0
147;18;336;13;22;37;99;3.60;6;2;1;69;0;4815799;157;4815162
147;18;336;13;22;38;99;4.00;5;2;1;86;0;4815899;356;0
147;18;336;13;22;39;0;3.00;6;2;1;79;0;4815900;82;4815162
147;18;336;13;22;39;94;3.60;7;2;1;76;0;4815994;367;0
147;18;336;13;22;39;99;3.40;4;1;1;97;0;4815999;1307;0
147;18;336;13;22;39;99;3.60;2;1;1;75;0;4815999;1482;0
147;18;336;13;22;40;7;3.20;3;1;1;79;0;4816007;189;0
147;18;336;13;22;40;99;3.60;6;2;1;78;0;4816099;185;4815162
147;18;336;13;22;40;99;3.40;2;1;1;76;0;4816099;82;4815162
147;18;336;13;22;41;33;3.20;3;1;1;79;0;4816133;111;4815162
147;18;336;13;22;41;46;3.40;7;2;1;78;0;4816146;134;4815162
147;18;336;13;22;41;57;3.60;5;2;1;89;0;4816157;241;0
147;18;336;13;22;41;53;4.00;6;2;1;74;0;4816153;37;4815162
147;18;336;13;22;42;99;3.40;2;1;1;76;0;4816299;183;4815162
147;18;336;13;22;42;99;3.40;6;2;1;74;0;4816299;126;4815162
147;18;336;13;22;43;1;3.80;1;1;1;86;0;4816301;684;0
147;18;336;13;22;43;24;3.60;5;2;1;80;0;4816324;152;0
147;18;336;13;22;43;99;3.60;4;1;1;80;0;4816399;387;0
147;18;336;13;22;43;4;3.40;3;1;1;77;0;4816304;156;0
147;18;336;13;22;44;99;3.20;7;2;1;81;0;4816499;337;0
147;18;336;13;22;45;2;3.20;6;2;1;72;0;4816502;186;4815162
147;18;336;13;22;45;99;3.40;2;1;1;79;0;4816599;283;0
147;18;336;13;22;45;99;3.60;4;1;1;81;0;4816599;183;0
147;18;336;13;22;45;99;3.60;6;2;1;73;0;4816599;81;4815162
147;18;336;13;22;46;16;3.40;5;2;1;85;0;4816616;275;0
147;18;336;13;22;46;48;3.20;2;1;1;77;0;4816648;33;0
147;18;336;13;22;46;98;7.20;6;2;1;76;0;4816698;81;4815162
147;18;336;13;22;47;99;3.40;3;1;1;78;0;4816799;479;0
147;18;336;13;22;48;99;3.20;6;2;1;76;0;4816899;166;4815162
147;18;336;13;22;48;99;3.60;2;1;1;74;0;4816899;236;0
147;18;336;13;22;49;99;3.60;6;2;1;81;0;4816999;84;4815162
147;18;336;13;22;49;99;3.60;2;1;1;73;0;4816999;82;4815162
147;18;336;13;22;51;1;3.20;2;1;1;74;0;4817101;84;4815162
147;18;336;13;22;51;45;3.00;3;1;1;77;0;4817145;330;0
147;18;336;13;22;51;45;3.60;2;1;1;74;0;4817145;28;0
147;18;336;13;22;51;51;3.60;6;2;1;80;0;4817151;136;4815162
147;18;336;13;22;53;99;3.60;1;1;1;78;0;4817399;1082;0
147;18;336;13;22;53;99;3.40;6;2;1;82;0;4817399;231;0
147;18;336;13;22;54;54;3.40;5;2;1;82;0;4817454;823;0
147;18;336;13;22;55;99;3.80;2;1;1;82;0;4817599;436;0
147;18;336;13;22;57;99;3.60;4;1;1;83;0;4817799;1184;0
147;18;336;13;22;57;99;3.00;7;2;1;80;0;4817799;1285;0
147;18;336;13;22;58;30;3.80;3;1;1;89;0;4817830;670;0
147;18;336;13;22;59;17;3.40;6;2;1;84;0;4817917;503;0
147;18;336;13;22;59;35;3.80;2;1;1;79;0;4817935;319;0
147;18;336;13;23;0;4;3.60;3;1;1;83;0;4818004;158;0
147;18;336;13;23;0;99;6.40;6;2;1;82;0;4818099;167;0
147;18;336;13;23;1;10;3.60;7;2;1;88;0;4818110;297;0
147;18;336;13;23;1;99;3.60;3;1;1;75;0;4818199;179;0
147;18;336;13;23;1;99;3.40;6;2;1;77;0;4818199;71;0
147;18;336;13;23;1;99;3.40;2;1;1;80;0;4818199;246;0
147;18;336;13;23;1;23;3.20;1;1;1;63;0;4818123;707;0
147;18;336;13;23;2;99;3.80;2;1;1;82;0;4818299;84;0
147;18;336;13;23;3;99;4.00;6;2;1;82;0;4818399;184;0
147;18;336;13;23;3;99;3.60;3;1;1;84;0;4818399;182;0
147;18;336;13;23;3;99;3.80;2;1;1;78;0;4818399;83;0
147;18;336;13;23;4;43;3.40;3;1;1;80;0;4818443;28;4817830
147;18;336;13;23;5;99;3.20;6;2;1;77;0;4818599;182;4817917
147;18;336;13;23;8;10;3.60;5;2;1;80;0;4818810;1341;0
147;18;336;13;23;8;15;3.40;6;2;1;75;0;4818815;201;0
147;18;336;13;23;8;15;4.00;4;1;1;80;0;4818815;1000;0
147;18;336;13;23;9;16;3.40;8;2;1;78;0;4818916;4391;0
147;18;336;13;23;9;22;3.40;5;2;1;81;0;4818922;95;0
147;18;336;13;23;10;9;5.00;2;1;1;70;0;4819009;592;0
147;18;336;13;23;10;99;4.00;1;1;1;78;0;4819099;957;0
147;18;336;13;23;10;99;3.80;6;2;1;77;0;4819099;267;0
147;18;336;13;23;11;99;3.00;3;1;1;76;0;4819199;740;0
147;18;336;13;23;11;99;3.60;7;2;1;75;0;4819199;1074;0
147;18;336;13;23;13;99;3.60;8;2;1;95;0;4819399;467;0
147;18;336;13;23;13;99;3.60;3;1;1;79;0;4819399;185;0
147;18;336;13;23;13;99;3.40;6;2;1;79;0;4819399;282;0
147;18;336;13;23;14;23;3.60;7;2;1;85;0;4819423;206;0
147;18;336;13;23;14;99;3.60;4;1;1;84;0;4819499;666;0
147;18;336;13;23;14;30;3.00;3;1;1;79;0;4819430;14;0
147;18;336;13;23;15;20;4.00;2;1;1;79;0;4819520;485;0
147;18;336;13;23;15;99;4.00;1;1;1;86;0;4819599;481;0
147;18;336;13;23;16;5;3.60;5;2;1;83;0;4819605;667;0
147;18;336;13;23;16;14;3.80;3;1;1;79;0;4819614;170;0
147;18;336;13;23;16;99;3.40;6;2;1;76;0;4819699;284;0
147;18;336;13;23;16;99;3.80;8;2;1;78;0;4819699;286;0
147;18;336;13;23;18;99;3.60;6;2;1;78;0;4819899;183;0
147;18;336;13;23;19;99;3.80;7;2;1;83;0;4819999;560;0
147;18;336;13;23;21;99;6.60;2;1;1;72;0;4820199;660;0
147;18;336;13;23;22;11;3.40;6;2;1;77;0;4820211;295;0
147;18;336;13;23;22;74;4.00;3;1;1;73;0;4820274;642;0
147;18;336;13;23;23;99;3.80;6;2;1;77;0;4820399;172;0
147;18;336;13;23;26;6;3.40;6;2;1;76;0;4820606;189;0
147;18;336;13;23;26;99;3.40;2;1;1;79;0;4820699;467;0
147;18;336;13;23;27;57;3.20;3;1;1;82;0;4820757;463;0
147;18;336;13;23;28;99;5.40;6;2;1;76;0;4820899;276;0
147;18;336;13;23;29;99;3.80;3;1;1;85;0;4820999;227;0
147;18;336;13;23;29;13;3.60;1;1;1;75;0;4820913;1297;0
147;18;336;13;23;30;99;3.60;7;2;1;74;0;4821099;1083;0
147;18;336;13;23;31;99;3.00;2;1;1;74;0;4821199;484;0
147;18;336;13;23;32;10;3.40;6;2;1;73;0;4821210;285;0
147;18;336;13;23;32;99;3.80;7;2;1;75;0;4821299;182;0
147;18;336;13;23;33;4;3.80;2;1;1;79;0;4821304;90;0
147;18;336;13;23;33;14;3.80;3;1;1;80;0;4821314;298;0
147;18;336;13;23;33;99;4.60;6;2;1;77;0;4821399;172;0
147;18;336;13;23;34;24;3.20;1;1;1;77;0;4821424;493;0
147;18;336;13;23;34;99;3.40;4;1;1;82;0;4821499;1984;0
147;18;336;13;23;35;10;4.40;2;1;1;79;0;4821510;188;0
147;18;336;13;23;35;40;3.40;6;2;1;72;0;4821540;119;0
147;18;336;13;23;36;99;3.80;5;2;1;88;0;4821699;2078;0
147;18;336;13;23;36;99;3.60;6;2;1;76;0;4821699;142;0
147;18;336;13;23;37;12;3.60;2;1;1;70;0;4821712;181;0
147;18;336;13;23;37;46;3.40;2;1;1;68;0;4821746;15;4821199
147;18;336;13;23;38;99;3.80;3;1;1;79;0;4821899;567;0
147;18;336;13;23;39;99;3.20;6;2;1;79;0;4821999;282;0
147;18;336;13;23;40;11;3.80;2;1;1;71;0;4822011;247;0
147;18;336;13;23;40;71;3.60;5;2;1;88;0;4822071;356;0
147;18;336;13;23;41;99;3.60;4;1;1;79;0;4822199;685;0
147;18;336;13;23;41;99;3.20;7;2;1;77;0;4822199;881;0
147;18;336;13;23;42;99;3.40;6;2;1;81;0;4822299;285;0
147;18;336;13;23;42;22;3.20;2;1;1;82;0;4822222;191;0
147;18;336;13;23;43;54;3.60;1;1;1;63;0;4822354;915;0
147;18;336;13;23;44;15;3.60;6;2;1;84;0;4822415;100;0
147;18;336;13;23;44;99;3.60;3;1;1;75;0;4822499;582;0
147;18;336;13;23;45;23;3.40;7;2;1;91;0;4822523;309;0
147;18;336;13;23;45;27;3.80;5;2;1;86;0;4822527;441;0
147;18;336;13;23;45;37;3.60;4;1;1;85;0;4822537;321;0
147;18;336;13;23;46;99;3.60;3;1;1;76;0;4822699;182;0
147;18;336;13;23;47;99;3.40;8;2;1;75;0;4822799;3082;0
147;18;336;13;23;47;1;3.60;3;1;1;77;0;4822701;-1;0
147;18;336;13;23;48;99;4.00;2;1;1;81;0;4822899;662;0
147;18;336;13;23;49;99;3.80;3;1;1;74;0;4822999;281;0
147;18;336;13;23;49;99;2.80;6;2;1;77;0;4822999;568;0
147;18;336;13;23;49;99;3.80;7;2;1;85;0;4822999;462;0
147;18;336;13;23;50;3;3.40;3;1;1;80;0;4823003;-1;0
147;18;336;13;23;50;61;3.60;8;2;1;82;0;4823061;245;0
147;18;336;13;23;51;28;3.60;6;2;1;84;0;4823128;115;0
147;18;336;13;23;51;99;3.20;2;1;1;78;0;4823199;282;0
147;18;336;13;23;53;29;3.40;5;2;1;90;0;4823329;786;0
147;18;336;13;23;53;22;3.60;3;1;1;81;0;4823322;303;0
147;18;336;13;23;54;99;5.20;4;1;1;79;0;4823499;946;0
147;18;336;13;23;55;99;3.60;3;1;1;78;0;4823599;261;0
147;18;336;13;23;55;19;3.20;6;2;1;70;0;4823519;375;0
147;18;336;13;23;57;99;3.80;4;1;1;79;0;4823799;276;0
147;18;336;13;23;57;99;3.80;6;2;1;72;0;4823799;263;0
147;18;336;13;23;58;35;3.60;7;2;1;78;0;4823835;819;0
147;18;336;13;23;58;51;4.00;2;1;1;84;0;4823851;637;0
147;18;336;13;23;58;47;3.80;3;1;1;75;0;4823847;231;0
147;18;336;13;23;58;89;3.40;6;2;1;73;0;4823889;71;0
147;18;336;13;23;59;5;3.60;1;1;1;80;0;4823905;1530;0
147;18;336;13;23;59;99;3.80;4;1;1;77;0;4823999;182;0
147;18;336;13;23;59;99;3.40;6;2;1;73;0;4823999;93;0
147;18;336;13;23;59;99;8.00;3;1;6;71;0;4823999;133;0
147;18;336;13;24;0;99;3.60;8;2;1;81;0;4824099;1022;0
147;18;336;13;24;1;68;4.80;4;1;1;77;0;4824168;151;0
147;18;336;13;24;1;86;3.60;3;1;1;76;0;4824186;146;0
147;18;336;13;24;2;8;3.80;6;2;1;77;0;4824208;192;0
147;18;336;13;24;2;99;4.00;4;1;1;78;0;4824299;108;0
147;18;336;13;24;2;99;4.00;5;2;1;82;0;4824299;956;0
147;18;336;13;24;3;27;3.80;4;1;1;79;0;4824327;9;4823799
147;18;336;13;24;3;39;3.40;6;2;1;75;0;4824339;113;4823799
147;18;336;13;24;3;60;3.80;3;1;1;74;0;4824360;156;4823799
147;18;336;13;24;5;99;3.00;1;1;1;82;0;4824599;677;0
147;18;336;13;24;6;56;5.60;3;1;1;87;0;4824656;277;0
147;18;336;13;24;7;30;3.60;2;1;1;89;0;4824730;861;0
147;18;336;13;24;7;22;3.40;6;2;1;75;0;4824722;366;0
147;18;336;13;24;7;99;3.80;4;1;1;88;0;4824799;454;0
147;18;336;13;24;8;12;3.40;1;1;1;84;0;4824812;199;0
147;18;336;13;24;8;12;4.00;5;2;1;78;0;4824812;495;0
147;18;336;13;24;9;16;3.20;6;2;1;77;0;4824916;177;0
147;18;336;13;24;9;99;4.80;2;1;1;82;0;4824999;254;0
147;18;336;13;24;9;99;3.20;8;2;1;85;0;4824999;884;0
147;18;336;13;24;9;99;3.80;5;2;1;79;0;4824999;168;0
147;18;336;13;24;10;99;3.80;5;2;1;79;0;4825099;82;0
147;18;336;13;24;10;99;3.60;3;1;1;80;0;4825099;419;0
147;18;336;13;24;11;63;3.60;6;2;1;81;0;4825163;232;0
147;18;336;13;24;11;81;3.80;2;1;1;73;0;4825181;160;0
147;18;336;13;24;12;99;3.80;1;1;1;77;0;4825299;472;0
147;18;336;13;24;12;99;3.40;5;2;1;81;0;4825299;182;0
147;18;336;13;24;12;99;3.60;2;1;1;78;0;4825299;99;0
147;18;336;13;24;12;99;4.40;6;2;1;81;0;4825299;120;0
147;18;336;13;24;13;37;3.80;3;1;1;78;0;4825337;221;0
147;18;336;13;24;14;99;3.20;6;2;1;72;0;4825499;180;0
147;18;336;13;24;15;99;3.20;6;2;1;73;0;4825599;84;0
147;18;336;13;24;15;6;3.60;4;1;1;85;0;4825506;691;0
147;18;336;13;24;16;16;3.80;8;2;1;74;0;4825616;603;0
147;18;336;13;24;16;42;3.20;1;1;1;73;0;4825642;325;0
147;18;336;13;24;17;99;3.60;6;2;1;77;0;4825799;184;4825163
147;18;336;13;24;19;81;3.80;6;2;1;82;0;4825981;165;4825163
147;18;336;13;24;19;82;3.60;2;1;1;74;0;4825982;666;0
147;18;336;13;24;19;83;3.80;3;1;1;75;0;4825983;628;0
147;18;336;13;24;20;4;3.80;8;2;1;82;0;4826004;369;0
147;18;336;13;24;20;99;3.20;2;1;1;73;0;4826099;99;0
147;18;336;13;24;21;36;3.20;1;1;1;77;0;4826136;478;0
147;18;336;13;24;22;24;4.40;2;1;1;81;0;4826224;109;0
147;18;336;13;24;22;99;3.60;5;2;1;89;0;4826299;984;0
147;18;336;13;24;22;99;3.80;6;2;1;82;0;4826299;301;0
147;18;336;13;24;23;99;3.60;7;2;1;98;0;4826399;2547;0
147;18;336;13;24;24;89;3.80;4;1;1;83;0;4826489;967;0
147;18;336;13;24;24;99;3.60;3;1;1;73;0;4826499;497;0
147;18;336;13;24;24;99;3.80;6;2;1;78;0;4826499;183;0
147;18;336;13;24;25;99;3.40;4;1;1;85;0;4826599;93;0
147;18;336;13;24;25;99;3.60;2;1;1;78;0;4826599;355;0
147;18;336;13;24;26;69;3.80;8;2;1;77;0;4826669;648;0
147;18;336;13;24;27;8;3.40;5;2;1;87;0;4826708;394;0
147;18;336;13;24;27;99;3.40;6;2;1;79;0;4826799;282;0
147;18;336;13;24;27;99;3.40;3;1;1;84;0;4826799;282;0
147;18;336;13;24;30;11;3.80;5;2;1;80;0;4827011;288;0
147;18;336;13;24;30;99;3.60;6;2;1;71;0;4827099;284;0
147;18;336;13;24;31;14;3.60;3;1;1;81;0;4827114;300;0
147;18;336;13;24;32;99;3.80;6;2;1;73;0;4827299;181;0
147;18;336;13;24;34;17;3.60;6;2;1;74;0;4827417;99;0
147;18;336;13;24;34;45;3.60;2;1;1;72;0;4827445;829;0
147;18;336;13;24;35;99;4.80;8;2;1;79;0;4827599;912;0
147;18;336;13;24;36;99;3.20;6;2;1;71;0;4827699;264;0
147;18;336;13;24;37;99;3.60;5;2;1;82;0;4827799;770;0
147;18;336;13;24;38;99;3.00;6;2;1;75;0;4827899;183;0
147;18;336;13;24;39;31;3.80;5;2;1;80;0;4827931;116;0
147;18;336;13;24;39;56;5.40;7;2;1;80;0;4827956;1543;0
147;18;336;13;24;39;71;3.40;2;1;1;78;0;4827971;508;0
147;18;336;13;24;40;13;3.60;3;1;1;80;0;4828013;883;0
147;18;336;13;24;40;99;3.40;2;1;1;79;0;4828099;112;0
147;18;336;13;24;40;99;3.80;6;2;1;88;0;4828099;185;0
147;18;336;13;24;40;99;3.60;5;2;1;79;0;4828099;150;0
147;18;336;13;24;40;99;3.20;8;2;1;74;0;4828099;478;0
147;18;336;13;24;41;14;4.00;2;1;1;77;0;4828114;-1;0
147;18;336;13;24;41;33;3.20;3;1;1;75;0;4828133;103;0
147;18;336;13;24;41;27;6.00;7;2;1;69;0;4828127;146;0
147;18;336;13;24;43;24;3.60;4;1;1;82;0;4828324;1710;0
147;18;336;13;24;43;19;3.80;6;2;1;75;0;4828319;204;0
147;18;336;13;24;43;99;3.00;1;1;1;82;0;4828399;2248;0
147;18;336;13;24;44;7;4.40;6;2;1;73;0;4828407;69;0
147;18;336;13;24;44;30;3.60;3;1;1;84;0;4828430;281;0
147;18;336;13;24;42;85;4.20;7;2;1;13;0;4828285;126;0
147;18;336;13;24;45;99;3.60;6;2;1;75;0;4828599;170;0
147;18;336;13;24;46;99;3.60;4;1;1;76;0;4828699;359;0
147;18;336;13;24;46;99;3.80;8;2;1;86;0;4828699;584;0
147;18;336;13;24;46;99;3.60;7;2;1;76;0;4828699;297;0
147;18;336;13;24;46;5;2.80;3;1;1;81;0;4828605;159;0
147;18;336;13;24;48;99;3.60;7;2;1;77;0;4828899;182;0
147;18;336;13;24;48;99;8.20;2;1;6;77;0;4828899;766;0
147;18;336;13;24;49;34;3.00;8;2;1;73;0;4828934;219;0
147;18;336;13;24;49;67;3.20;3;1;1;71;0;4828967;349;0
147;18;336;13;24;50;14;3.40;6;2;1;78;0;4829014;397;0
147;18;336;13;24;50;99;3.60;2;1;1;77;0;4829099;161;0
147;18;336;13;24;50;99;4.00;7;2;1;79;0;4829099;183;0
147;18;336;13;24;51;99;3.80;5;2;1;85;0;4829199;1083;0
147;18;336;13;24;51;3;4.00;7;2;1;80;0;4829103;-1;0
147;18;336;13;24;51;23;3.60;3;1;1;77;0;4829123;139;0
147;18;336;13;24;52;0;3.20;2;1;1;75;0;4829200;84;0
147;18;336;13;24;53;3;3.60;4;1;1;80;0;4829303;586;0
147;18;336;13;24;53;18;4.80;2;1;1;80;0;4829318;102;0
147;18;336;13;24;53;99;3.60;8;2;1;69;0;4829399;450;0
147;18;336;13;24;54;13;3.40;3;1;1;75;0;4829413;273;0
147;18;336;13;24;54;21;3.20;6;2;1;76;0;4829421;391;0
147;18;336;13;24;54;34;4.00;4;1;1;79;0;4829434;114;0
147;18;336;13;24;54;42;3.80;8;2;1;71;0;4829442;24;0
147;18;336;13;24;55;10;3.20;2;1;1;78;0;4829510;170;4828899
147;18;336;13;24;55;16;5.20;6;2;1;83;0;4829516;79;4828899
147;18;336;13;24;55;99;3.80;8;2;1;70;0;4829599;137;4828899
147;18;336;13;24;55;99;4.00;7;2;1;77;0;4829599;478;0
147;18;336;13;24;55;99;3.80;1;1;1;85;0;4829599;1186;0
147;18;336;13;24;56;11;3.40;2;1;1;71;0;4829611;86;4828899
147;18;336;13;24;58;99;3.60;2;1;1;74;0;4829899;270;0
147;18;336;13;24;59;99;3.80;2;1;1;74;0;4829999;82;0
147;18;336;13;25;0;1;3.80;6;2;1;77;0;4830001;462;0
147;18;336;13;25;0;99;3.60;3;1;1;81;0;4830099;669;0
147;18;336;13;25;0;99;3.80;7;2;1;85;0;4830099;481;0
147;18;336;13;25;0;99;3.40;2;1;1;79;0;4830099;81;0
147;18;336;13;25;1;99;3.40;6;2;1;74;0;4830199;180;0
147;18;336;13;25;2;68;3.60;7;2;1;80;0;4830268;152;0
147;18;336;13;25;3;15;3.60;3;1;1;74;0;4830315;200;0
147;18;336;13;25;3;99;7.20;2;1;6;78;0;4830399;284;0
147;18;336;13;25;4;99;3.00;2;1;1;75;0;4830499;66;0
147;18;336;13;25;4;28;3.40;1;1;1;81;0;4830428;812;0
147;18;336;13;25;5;26;3.20;6;2;1;77;0;4830526;310;0
147;18;336;13;25;6;99;4.40;3;1;1;80;0;4830699;366;0
147;18;336;13;25;7;12;3.80;6;2;1;72;0;4830712;171;0
147;18;336;13;25;8;99;3.40;3;1;1;84;0;4830899;180;0
147;18;336;13;25;8;99;4.00;2;1;1;73;0;4830899;385;0
147;18;336;13;25;8;99;6.20;7;2;1;76;0;4830899;614;0
147;18;336;13;25;9;99;3.40;6;2;1;78;0;4830999;268;0
147;18;336;13;25;9;8;4.20;4;1;1;88;0;4830908;1455;0
147;18;336;13;25;10;99;3.40;7;2;1;79;0;4831099;170;0
147;18;336;13;25;11;99;3.80;6;2;1;83;0;4831199;184;0
147;18;336;13;25;12;15;3.60;5;2;1;83;0;4831215;1999;0
147;18;336;13;25;12;61;3.40;7;2;1;86;0;4831261;146;0
147;18;336;13;25;13;0;3.20;5;2;1;82;0;4831300;69;0
147;18;336;13;25;13;8;3.80;6;2;1;81;0;4831308;92;0
147;18;336;13;25;13;18;3.40;3;1;1;76;0;4831318;404;0
147;18;336;13;25;13;99;3.40;5;2;1;80;0;4831399;84;0
147;18;336;13;25;13;99;3.60;4;1;1;80;0;4831399;473;0
147;18;336;13;25;15;18;3.40;6;2;1;76;0;4831518;193;0
147;18;336;13;25;15;51;4.00;2;1;1;85;0;4831551;632;0
147;18;336;13;25;15;90;4.00;1;1;1;72;0;4831590;1146;0
147;18;336;13;25;15;99;3.00;6;2;1;75;0;4831599;64;4830999
147;18;336;13;25;16;99;4.00;4;1;1;88;0;4831699;283;0
147;18;336;13;25;17;16;3.80;1;1;1;82;0;4831716;106;0
147;18;336;13;25;18;17;3.60;6;2;1;79;0;4831817;203;0
147;18;336;13;25;19;23;4.00;8;2;1;79;0;4831923;2304;0
147;18;336;13;25;20;87;3.60;8;2;1;76;0;4832087;145;0
147;18;336;13;25;22;41;3.40;3;1;1;72;0;4832241;906;0
147;18;336;13;25;22;52;3.60;4;1;1;79;0;4832252;536;0
147;18;336;13;25;23;15;3.60;2;1;1;77;0;4832315;747;0
147;18;336;13;25;24;99;4.00;2;1;1;80;0;4832499;167;0
147;18;336;13;25;23;91;8.40;3;1;6;73;0;4832391;133;0
147;18;336;13;25;24;99;3.60;7;2;1;76;0;4832499;1223;0
147;18;336;13;25;26;2;3.00;2;1;1;70;0;4832602;85;0
147;18;336;13;25;26;11;3.40;3;1;1;80;0;4832611;178;0
147;18;336;13;25;27;99;3.40;2;1;1;69;0;4832799;181;0
147;18;336;13;25;27;99;4.20;4;1;1;88;0;4832799;530;0
147;18;336;13;25;28;99;2.80;1;1;1;78;0;4832899;1166;0
147;18;336;13;25;29;4;4.00;4;1;1;93;0;4832904;87;0
147;18;336;13;25;29;99;3.00;2;1;1;72;0;4832999;182;4832315
147;18;336;13;25;29;99;3.60;6;2;1;82;0;4832999;1165;0
147;18;336;13;25;30;27;3.80;4;1;1;88;0;4833027;107;0
147;18;336;13;25;30;74;3.80;1;1;1;76;0;4833074;162;0
147;18;336;13;25;31;99;3.60;2;1;1;77;0;4833199;185;4832315
147;18;336;13;25;31;99;3.60;7;2;1;82;0;4833199;682;0
147;18;336;13;25;32;99;3.00;3;1;1;79;0;4833299;672;0
147;18;336;13;25;33;68;5.00;3;1;1;75;0;4833368;55;0
147;18;336;13;25;34;8;3.80;6;2;1;81;0;4833408;393;0
147;18;336;13;25;34;10;3.40;3;1;1;73;0;4833410;18;0
147;18;336;13;25;34;99;3.60;2;1;1;81;0;4833499;283;0
147;18;336;13;25;35;14;3.20;1;1;1;81;0;4833514;422;0
147;18;336;13;25;35;27;3.20;7;2;1;81;0;4833527;312;0
147;18;336;13;25;35;51;3.60;3;1;1;71;0;4833551;124;0
147;18;336;13;25;36;99;3.00;4;1;1;72;0;4833699;656;0
147;18;336;13;25;36;99;3.60;6;2;1;81;0;4833699;274;0
147;18;336;13;25;36;99;3.60;3;1;1;80;0;4833699;129;4833299
147;18;336;13;25;36;99;3.60;2;1;1;79;0;4833699;184;4833299
147;18;336;13;25;37;99;4.60;3;1;1;80;0;4833799;83;4833299
147;18;336;13;25;37;15;3.60;2;1;1;76;0;4833715;-1;4833299
147;18;336;13;25;38;67;4.40;6;2;1;77;0;4833867;152;4833299
147;18;336;13;25;39;18;3.40;6;2;1;78;0;4833918;30;4833299
147;18;336;13;25;39;99;3.60;7;2;1;75;0;4833999;457;0
147;18;336;13;25;39;99;7.60;3;1;2;74;0;4833999;179;4833299
147;18;336;13;25;39;99;3.60;2;1;1;73;0;4833999;266;0
147;18;336;13;25;39;99;3.60;6;2;1;79;0;4833999;65;0
147;18;336;13;25;40;24;4.00;2;1;1;72;0;4834024;7;0
147;18;336;13;25;40;40;3.80;7;2;1;78;0;4834040;23;0
147;18;336;13;25;40;44;3.40;3;1;1;73;0;4834044;8;4833299
147;18;336;13;25;41;91;3.60;2;1;1;73;0;4834191;147;4833299
147;18;336;13;25;41;99;4.00;7;2;1;77;0;4834199;141;4833299
147;18;336;13;25;42;99;3.40;3;1;1;75;0;4834299;238;0
147;18;336;13;25;42;99;3.40;2;1;1;69;0;4834299;90;0
147;18;336;13;25;42;99;3.80;8;2;1;76;0;4834299;2194;0
147;18;336;13;25;43;31;3.80;1;1;1;75;0;4834331;802;0
147;18;336;13;25;43;63;3.20;6;2;1;78;0;4834363;347;0
147;18;336;13;25;45;99;3.20;2;1;1;74;0;4834599;282;0
147;18;336;13;25;45;44;3.60;5;2;1;93;0;4834544;3129;0
147;18;336;13;25;46;19;4.00;6;2;1;87;0;4834619;241;0
147;18;336;13;25;48;6;4.00;4;1;1;78;0;4834806;1092;0
147;18;336;13;25;49;99;3.80;6;2;1;82;0;4834999;363;0
147;18;336;13;25;49;99;3.20;2;1;1;79;0;4834999;384;0
147;18;336;13;25;50;2;4.00;8;2;1;85;0;4835002;685;0
147;18;336;13;25;50;99;3.40;6;2;1;84;0;4835099;83;0
147;18;336;13;25;50;99;3.80;2;1;1;79;0;4835099;85;0
147;18;336;13;25;51;74;4.20;3;1;1;80;0;4835174;858;0
147;18;336;13;25;54;21;4.00;2;1;1;79;0;4835421;304;0
147;18;336;13;25;56;99;3.80;4;1;1;79;0;4835699;874;0
147;18;336;13;25;57;99;3.40;6;2;1;76;0;4835799;685;0
147;18;336;13;25;59;99;4.00;6;2;1;78;0;4835999;183;0
147;18;336;13;25;59;99;4.00;7;2;1;81;0;4835999;1781;0
147;18;336;13;25;59;99;3.40;2;1;1;77;0;4835999;559;0
147;18;336;13;26;0;8;4.00;5;2;1;93;0;4836008;1450;0
147;18;336;13;26;0;99;3.60;3;1;1;77;0;4836099;906;0
147;18;336;13;26;1;6;3.40;6;2;1;83;0;4836106;88;0
147;18;336;13;26;1;99;3.20;3;1;1;78;0;4836199;83;0
147;18;336;13;26;2;19;3.20;7;2;1;78;0;4836219;202;0
147;18;336;13;26;4;0;3.60;2;1;1;77;0;4836400;385;0
147;18;336;13;26;4;99;4.00;2;1;1;76;0;4836499;82;0
147;18;336;13;26;6;36;3.40;2;1;1;73;0;4836636;118;0
147;18;336;13;26;6;85;3.80;6;2;1;79;0;4836685;564;0
147;18;336;13;26;8;99;4.00;3;1;1;82;0;4836899;685;0
147;18;336;13;26;8;5;3.40;6;2;1;80;0;4836805;102;0
147;18;336;13;26;9;99;3.80;6;2;1;77;0;4836999;178;0
147;18;336;13;26;10;99;3.80;3;1;1;79;0;4837099;182;0
147;18;336;13;26;11;2;3.00;6;2;1;81;0;4837102;85;0
147;18;336;13;26;11;24;3.40;2;1;1;82;0;4837124;471;0
147;18;336;13;26;11;72;3.80;4;1;1;77;0;4837172;1455;0
147;18;336;13;26;12;99;3.60;2;1;1;73;0;4837299;160;0
147;18;336;13;26;13;3;3.20;6;2;1;80;0;4837303;187;4836685
147;18;336;13;26;14;88;3.00;3;1;1;74;0;4837488;371;0
147;18;336;13;26;15;6;3.00;1;1;1;78;0;4837506;3156;0
147;18;336;13;26;16;69;3.40;6;2;1;75;0;4837669;351;0
147;18;336;13;26;17;20;3.40;3;1;1;79;0;4837720;217;0
147;18;336;13;26;18;2;3.00;6;2;1;74;0;4837802;116;0
147;18;336;13;26;19;2;4.20;6;2;1;74;0;4837902;85;0
147;18;336;13;26;19;96;4.00;5;2;1;85;0;4837996;1972;0
147;18;336;13;26;20;99;4.00;5;2;1;82;0;4838099;86;0
147;18;336;13;26;21;99;3.20;6;2;1;76;0;4838199;276;0
147;18;336;13;26;24;65;3.60;4;1;1;79;0;4838465;1275;0
147;18;336;13;26;25;99;3.60;3;1;1;74;0;4838599;863;0
147;18;336;13;26;26;0;3.80;4;1;1;88;0;4838600;118;0
147;18;336;13;26;26;99;3.00;2;1;1;65;0;4838699;1382;0
147;18;336;13;26;26;41;3.80;8;2;1;86;0;4838641;3622;0
147;18;336;13;26;27;17;3.20;5;2;1;86;0;4838717;600;0
147;18;336;13;26;27;92;4.00;6;2;1;75;0;4838792;577;0
147;18;336;13;26;28;99;3.80;5;2;1;87;0;4838899;168;0
147;18;336;13;26;28;99;3.60;2;1;1;69;0;4838899;183;0
147;18;336;13;26;29;65;3.40;3;1;1;80;0;4838965;348;0
147;18;336;13;26;29;85;3.40;6;2;1;82;0;4838985;173;0
147;18;336;13;26;30;19;3.00;2;1;1;70;0;4839019;101;0
147;18;336;13;26;30;99;4.60;8;2;1;79;0;4839099;442;0
147;18;336;13;26;31;9;2.80;4;1;1;79;0;4839109;493;0
147;18;336;13;26;31;99;3.00;3;1;1;77;0;4839199;218;0
147;18;336;13;26;32;93;3.00;4;1;1;82;0;4839293;171;0
147;18;336;13;26;32;99;3.60;3;1;1;75;0;4839299;85;0
147;18;336;13;26;33;99;3.20;6;2;1;79;0;4839399;399;0
147;18;336;13;26;34;21;3.60;3;1;1;72;0;4839421;104;0
147;18;336;13;26;35;99;3.80;6;2;1;82;0;4839599;185;0
147;18;336;13;26;36;99;3.60;3;1;1;73;0;4839699;260;0
147;18;336;13;26;36;26;3.40;6;2;1;81;0;4839626;10;0
147;18;336;13;26;36;31;4.40;8;2;1;73;0;4839631;511;0
147;18;336;13;26;37;23;3.60;2;1;1;75;0;4839723;688;0
147;18;336;13;26;38;99;3.00;2;1;1;76;0;4839899;158;0
147;18;336;13;26;39;11;3.20;4;1;1;84;0;4839911;604;0
147;18;336;13;26;39;3;4.00;3;1;1;79;0;4839903;186;0
147;18;336;13;26;39;6;3.60;6;2;1;78;0;4839906;264;0
147;18;336;13;26;40;99;3.60;7;2;1;86;0;4840099;3865;0
147;18;336;13;26;40;99;3.80;5;2;1;82;0;4840099;1184;0
147;18;336;13;26;40;99;7.00;6;2;2;78;0;4840099;176;0
147;18;336;13;26;41;3;3.60;3;1;1;72;0;4840103;181;0
147;18;336;13;26;41;16;2.80;6;2;1;75;0;4840116;-1;0
147;18;336;13;26;41;18;3.20;5;2;1;81;0;4840118;2;0
147;18;336;13;26;41;15;3.40;3;1;1;71;0;4840115;-1;0
147;18;336;13;26;42;19;3.80;4;1;1;81;0;4840219;294;0
147;18;336;13;26;42;95;3.80;2;1;1;76;0;4840295;381;0
147;18;336;13;26;42;99;4.60;3;1;1;68;0;4840299;166;4839699
147;18;336;13;26;43;12;3.40;7;2;1;96;0;4840312;197;4839699
147;18;336;13;26;43;27;3.40;4;1;1;82;0;4840327;91;4839699
147;18;336;13;26;43;99;3.80;5;2;1;82;0;4840399;266;0
147;18;336;13;26;43;99;3.80;6;2;1;78;0;4840399;269;0
147;18;336;13;26;44;62;3.60;4;1;1;80;0;4840462;120;0
147;18;336;13;26;45;84;3.20;3;1;1;68;0;4840584;260;0
147;18;336;13;26;45;99;3.60;7;2;1;84;0;4840599;274;0
147;18;336;13;26;45;99;3.60;2;1;1;75;0;4840599;286;0
147;18;336;13;26;46;14;3.80;6;2;1;78;0;4840614;197;0
147;18;336;13;26;46;99;5.80;3;1;1;73;0;4840699;98;0
147;18;336;13;26;48;99;3.60;6;2;1;77;0;4840899;267;0
147;18;336;13;26;49;15;3.40;4;1;1;78;0;4840915;436;0
147;18;336;13;26;50;99;4.00;3;1;1;80;0;4841099;371;0
147;18;336;13;26;50;99;4.00;6;2;1;73;0;4841099;183;0
147;18;336;13;26;51;99;4.00;5;2;1;83;0;4841199;783;0
147;18;336;13;26;51;99;3.20;3;1;1;77;0;4841199;82;0
147;18;336;13;26;52;14;3.80;2;1;1;86;0;4841214;597;0
147;18;336;13;26;52;62;3.40;7;2;1;78;0;4841262;647;0
147;18;336;13;26;53;99;3.60;8;2;1;78;0;4841399;1746;0
147;18;336;13;26;53;99;3.40;6;2;1;72;0;4841399;280;0
147;18;336;13;26;53;99;3.60;3;1;1;76;0;4841399;185;0
147;18;336;13;26;53;99;3.60;4;1;1;85;0;4841399;468;0
147;18;336;13;26;54;1;3.80;6;2;1;74;0;4841401;-1;0
147;18;336;13;26;54;11;4.00;5;2;1;82;0;4841411;194;0
147;18;336;13;26;55;18;4.20;1;1;1;78;0;4841518;3998;0
147;18;336;13;26;55;19;3.60;7;2;1;84;0;4841519;241;0
147;18;336;13;26;55;99;3.80;6;2;1;78;0;4841599;179;0
147;18;336;13;26;56;99;3.00;6;2;1;74;0;4841699;82;0
147;18;336;13;26;58;10;2.80;6;2;1;77;0;4841810;96;4840899
147;18;336;13;26;59;99;3.00;6;2;1;80;0;4841999;175;4840899
147;18;336;13;27;0;26;3.20;7;2;1;86;0;4842026;491;0
147;18;336;13;27;1;12;3.60;6;2;1;77;0;4842112;99;4840899
147;18;336;13;27;1;99;3.00;8;2;1;67;0;4842199;783;0
147;18;336;13;27;1;99;3.20;5;2;1;78;0;4842199;770;0
147;18;336;13;27;1;99;3.60;3;1;1;83;0;4842199;782;0
147;18;336;13;27;2;44;4.00;7;2;1;80;0;4842244;204;0
147;18;336;13;27;3;99;3.40;4;1;1;80;0;4842399;984;0
147;18;336;13;27;4;99;3.20;5;2;1;84;0;4842499;285;0
147;18;336;13;27;5;63;3.40;3;1;1;78;0;4842563;348;0
147;18;336;13;27;6;99;3.60;8;2;1;76;0;4842699;483;0
147;18;336;13;27;7;5;3.80;3;1;1;83;0;4842705;126;0
147;18;336;13;27;7;13;3.40;6;2;1;79;0;4842713;584;0
147;18;336;13;27;9;3;3.60;2;1;1;76;0;4842903;1673;0
147;18;336;13;27;9;99;3.20;4;1;1;82;0;4842999;584;0
147;18;336;13;27;9;99;3.60;6;2;1;84;0;4842999;270;0
147;18;336;13;27;10;36;3.80;5;2;1;84;0;4843036;523;0
147;18;336;13;27;11;99;3.60;7;2;1;81;0;4843199;937;0
147;18;336;13;27;12;20;3.60;6;2;1;85;0;4843220;205;0
147;18;336;13;27;14;2;3.60;4;1;1;87;0;4843402;388;0
147;18;336;13;27;14;99;3.40;3;1;1;77;0;4843499;777;0
147;18;336;13;27;14;99;3.00;4;1;1;84;0;4843499;82;0
147;18;336;13;27;15;49;3.40;2;1;1;80;0;4843549;628;0
147;18;336;13;27;16;3;3.60;3;1;1;81;0;4843603;88;0
147;18;336;13;27;17;99;3.60;2;1;1;78;0;4843799;234;0
147;18;336;13;27;17;99;5.20;8;2;1;79;0;4843799;1082;0
147;18;336;13;27;17;5;3.00;1;1;1;67;0;4843705;2167;0
147;18;336;13;27;18;19;3.20;6;2;1;91;0;4843819;583;0
147;18;336;13;27;19;4;5.80;3;1;1;79;0;4843904;285;0
147;18;336;13;27;19;99;3.60;2;1;1;73;0;4843999;183;0
147;18;336;13;27;20;70;3.80;2;1;1;74;0;4844070;53;0
147;18;336;13;27;21;10;3.40;6;2;1;76;0;4844110;278;0
147;18;336;13;27;21;99;3.20;7;2;1;80;0;4844199;984;0
147;18;336;13;27;22;99;3.60;2;1;1;74;0;4844299;210;0
147;18;336;13;27;22;99;3.20;6;2;1;77;0;4844299;172;0
147;18;336;13;27;22;99;3.80;3;1;1;77;0;4844299;368;0
147;18;336;13;27;23;77;3.80;2;1;1;74;0;4844377;60;0
147;18;336;13;27;23;99;3.60;4;1;1;80;0;4844399;887;0
147;18;336;13;27;24;22;3.40;6;2;1;74;0;4844422;108;0
147;18;336;13;27;25;6;3.40;6;2;1;75;0;4844506;67;0
147;18;336;13;27;25;24;3.40;2;1;1;70;0;4844524;128;0
147;18;336;13;27;25;50;3.60;3;1;1;77;0;4844550;233;0
147;18;336;13;27;26;99;3.20;4;1;1;76;0;4844699;283;0
147;18;336;13;27;26;99;3.80;6;2;1;75;0;4844699;176;4844110
147;18;336;13;27;27;99;3.20;4;1;1;77;0;4844799;84;4844110
147;18;336;13;27;28;39;3.60;6;2;1;74;0;4844839;121;4844110
147;18;336;13;27;28;97;3.80;5;2;1;84;0;4844897;1844;0
147;18;336;13;27;29;99;3.20;2;1;1;81;0;4844999;457;0
147;18;336;13;27;30;99;3.60;6;2;1;74;0;4845099;242;0
147;18;336;13;27;30;5;3.40;8;2;1;75;0;4845005;1182;0
147;18;336;13;27;30;18;3.00;4;1;1;81;0;4845018;204;0
147;18;336;13;27;30;55;3.60;1;1;1;80;0;4845055;1333;0
147;18;336;13;27;31;99;3.40;4;1;1;79;0;4845199;167;0
147;18;336;13;27;32;99;3.80;6;2;1;81;0;4845299;182;0
147;18;336;13;27;34;29;4.40;2;1;1;80;0;4845429;415;0
147;18;336;13;27;34;30;4.80;3;1;1;82;0;4845430;863;0
147;18;336;13;27;34;99;3.40;6;2;1;75;0;4845499;183;0
147;18;336;13;27;35;38;3.60;4;1;1;78;0;4845538;323;0
147;18;336;13;27;36;12;3.40;6;2;1;74;0;4845612;96;0
147;18;336;13;27;36;72;4.60;5;2;1;81;0;4845672;758;0
147;18;336;13;27;36;94;3.80;7;2;1;75;0;4845694;1480;0
147;18;336;13;27;36;99;4.40;3;1;1;70;0;4845699;247;0
147;18;336;13;27;37;5;3.40;2;1;1;73;0;4845705;256;0
147;18;336;13;27;37;99;3.40;6;2;1;74;0;4845799;170;4845099
147;18;336;13;27;37;99;3.80;1;1;1;89;0;4845799;727;0
147;18;336;13;27;37;99;4.00;2;1;1;80;0;4845799;77;0
147;18;336;13;27;37;99;3.80;3;1;1;69;0;4845799;77;0
147;18;336;13;27;38;30;4.00;5;2;1;81;0;4845830;137;0
147;18;336;13;27;39;99;3.80;3;1;1;67;0;4845999;180;0
147;18;336;13;27;39;99;3.40;2;1;1;81;0;4845999;182;0
147;18;336;13;27;40;99;3.00;3;1;1;66;0;4846099;79;0
147;18;336;13;27;40;1;4.20;8;2;1;81;0;4846001;979;0
147;18;336;13;27;42;99;3.20;3;1;1;65;0;4846299;183;4845699
147;18;336;13;27;44;21;3.40;4;1;1;90;0;4846421;866;0
147;18;336;13;27;44;99;3.80;2;1;1;85;0;4846499;484;0
147;18;336;13;27;45;12;3.60;6;2;1;80;0;4846512;696;0
147;18;336;13;27;45;30;4.00;4;1;1;92;0;4846530;95;0
147;18;336;13;27;47;15;3.40;6;2;1;75;0;4846715;186;0
147;18;336;13;27;50;8;3.20;2;1;1;79;0;4847008;492;0
147;18;336;13;27;50;14;3.80;3;1;1;93;0;4847014;697;0
147;18;336;13;27;51;99;4.00;3;1;1;77;0;4847199;170;0
147;18;336;13;27;52;99;3.80;4;1;1;84;0;4847299;753;0
147;18;336;13;27;52;99;2.80;6;2;1;78;0;4847299;567;0
147;18;336;13;27;54;99;3.40;3;1;1;79;0;4847499;281;0
147;18;336;13;27;55;99;4.40;4;1;1;88;0;4847599;283;0
147;18;336;13;27;56;4;3.20;3;1;1;74;0;4847604;89;0
147;18;336;13;27;55;71;17.80;6;2;4;78;0;4847571;259;0
147;18;336;13;27;57;4;3.80;3;1;1;76;0;4847704;84;0
147;18;336;13;27;57;99;4.00;8;2;1;85;0;4847799;1779;0
147;18;336;13;27;57;99;3.80;6;2;1;77;0;4847799;145;0
147;18;336;13;27;59;65;4.00;8;2;1;80;0;4847965;149;0
147;18;336;13;28;0;99;7.40;6;2;1;80;0;4848099;282;0
147;18;336;13;28;1;35;4.00;5;2;1;86;0;4848135;2287;0
147;18;336;13;28;2;99;3.20;3;1;1;81;0;4848299;577;0
147;18;336;13;28;3;6;3.40;1;1;1;79;0;4848306;2491;0
147;18;336;13;28;4;56;3.60;6;2;1;74;0;4848456;323;0
147;18;336;13;28;3;94;12.40;2;1;3;87;0;4848394;1371;0
147;18;336;13;28;5;99;3.20;3;1;1;81;0;4848599;285;0
147;18;336;13;28;5;99;3.40;6;2;1;76;0;4848599;125;0
147;18;336;13;28;5;99;3.20;7;2;1;85;0;4848599;2886;0
147;18;336;13;28;6;13;4.00;5;2;1;82;0;4848613;461;0
147;18;336;13;28;7;99;3.60;8;2;1;79;0;4848799;816;0
147;18;336;13;28;8;99;3.60;3;1;1;80;0;4848899;285;0
147;18;336;13;28;9;89;3.60;3;1;1;80;0;4848989;73;0
147;18;336;13;28;11;35;3.40;6;2;1;84;0;4849135;519;0
147;18;336;13;28;12;99;3.20;6;2;1;83;0;4849299;149;0
147;18;336;13;28;13;12;3.80;5;2;1;85;0;4849312;681;0
147;18;336;13;28;13;99;3.60;1;1;1;78;0;4849399;1077;0
147;18;336;13;28;16;99;3.60;1;1;1;77;0;4849699;283;0
147;18;336;13;28;16;3;3.80;4;1;1;87;0;4849603;1986;0
147;18;336;13;28;16;9;3.40;3;1;1;79;0;4849609;603;0
147;18;336;13;28;17;96;4.00;6;2;1;79;0;4849796;483;0
147;18;336;13;28;18;13;3.00;3;1;1;84;0;4849813;188;0
147;18;336;13;28;18;13;3.60;2;1;1;75;0;4849813;1367;0
147;18;336;13;28;18;21;3.80;6;2;1;79;0;4849821;6;0
147;18;336;13;28;19;41;3.60;2;1;1;75;0;4849941;110;0
147;18;336;13;28;19;51;3.40;6;2;1;78;0;4849951;112;0
147;18;336;13;28;18;56;4.00;7;2;1;16;0;4849856;1243;0
147;18;336;13;28;20;99;3.40;3;1;1;80;0;4850099;273;0
147;18;336;13;28;21;23;3.40;8;2;1;82;0;4850123;1307;0
147;18;336;13;28;21;25;3.80;5;2;1;82;0;4850125;796;0
147;18;336;13;28;21;99;3.80;4;1;1;87;0;4850199;580;0
147;18;336;13;28;22;71;4.00;7;2;1;81;0;4850271;325;0
147;18;336;13;28;22;99;3.20;6;2;1;79;0;4850299;332;0
147;18;336;13;28;23;99;4.20;3;1;1;78;0;4850399;284;0
147;18;336;13;28;24;29;3.80;4;1;1;90;0;4850429;214;0
147;18;336;13;28;24;66;3.80;6;2;1;88;0;4850466;152;0
147;18;336;13;28;25;0;3.20;1;1;1;85;0;4850500;784;0
147;18;336;13;28;25;99;3.60;3;1;1;77;0;4850599;180;0
147;18;336;13;28;26;99;3.60;6;2;1;74;0;4850699;217;0
147;18;336;13;28;27;15;3.80;3;1;1;82;0;4850715;99;0
147;18;336;13;28;28;99;3.60;2;1;1;82;0;4850899;940;0
147;18;336;13;28;29;30;3.40;7;2;1;80;0;4850930;641;0
147;18;336;13;28;29;50;7.80;6;2;6;68;0;4850950;233;0
147;18;336;13;28;31;99;3.40;5;2;1;87;0;4851199;1057;0
147;18;336;13;28;32;59;3.80;6;2;1;80;0;4851259;267;0
147;18;336;13;28;34;18;3.80;3;1;1;73;0;4851418;686;0
147;18;336;13;28;35;99;3.80;7;2;1;99;0;4851599;653;0
147;18;336;13;28;35;99;3.60;2;1;1;76;0;4851599;684;0
147;18;336;13;28;36;99;3.60;6;2;1;74;0;4851699;422;0
147;18;336;13;28;37;13;3.60;3;1;1;82;0;4851713;276;0
147;18;336;13;28;37;87;3.60;2;1;1;76;0;4851787;170;0
147;18;336;13;28;38;10;3.60;6;2;1;79;0;4851810;93;0
147;18;336;13;28;38;99;3.60;3;1;1;79;0;4851899;170;0
147;18;336;13;28;40;89;3.40;3;1;1;79;0;4852089;173;0
147;18;336;13;28;40;99;4.40;4;1;1;93;0;4852099;1654;0
147;18;336;13;28;41;99;3.40;6;2;1;74;0;4852199;372;0
147;18;336;13;28;42;28;3.40;4;1;1;94;0;4852228;111;0
147;18;336;13;28;42;28;3.40;3;1;1;81;0;4852228;123;0
147;18;336;13;28;43;99;3.60;4;1;1;90;0;4852399;157;0
147;18;336;13;28;43;99;3.40;3;1;1;78;0;4852399;155;4851713
147;18;336;13;28;44;99;3.80;5;2;1;80;0;4852499;1285;0
147;18;336;13;28;45;7;4.60;2;1;1;82;0;4852507;702;0
147;18;336;13;28;45;99;4.00;1;1;1;87;0;4852599;2085;0
147;18;336;13;28;45;99;3.20;6;2;1;75;0;4852599;383;0
147;18;336;13;28;46;9;3.60;8;2;1;78;0;4852609;2471;0
147;18;336;13;28;46;99;3.00;2;1;1;71;0;4852699;171;0
147;18;336;13;28;47;46;3.40;2;1;1;74;0;4852746;31;0
147;18;336;13;28;48;99;3.80;6;2;1;79;0;4852899;284;0
147;18;336;13;28;48;99;3.80;7;2;1;86;0;4852899;1286;0
147;18;336;13;28;48;99;6.00;2;1;1;72;0;4852899;136;0
147;18;336;13;28;49;15;3.60;3;1;1;84;0;4852915;500;0
147;18;336;13;28;49;99;3.60;5;2;1;79;0;4852999;482;0
147;18;336;13;28;49;99;3.40;6;2;1;79;0;4852999;82;0
147;18;336;13;28;50;7;4.00;2;1;1;74;0;4853007;78;4852507
147;18;336;13;28;50;64;3.80;8;2;1;81;0;4853064;438;0
147;18;336;13;28;50;67;4.20;5;2;1;80;0;4853067;51;0
147;18;336;13;28;51;99;3.40;2;1;1;77;0;4853199;172;4852507
147;18;336;13;28;52;99;3.80;6;2;1;79;0;4853299;284;0
147;18;336;13;28;53;7;3.60;2;1;1;77;0;4853307;92;4852507
147;18;336;13;28;54;1;3.60;2;1;1;76;0;4853401;77;4852507
147;18;336;13;28;54;99;3.60;3;1;1;72;0;4853499;568;0
147;18;336;13;28;55;58;3.40;4;1;1;80;0;4853558;1144;0
147;18;336;13;28;55;85;1.60;3;2;1;50;0;4853585;251372;0
147;18;336;13;28;56;99;3.60;8;2;1;78;0;4853699;618;0
147;18;336;13;28;57;7;3.60;3;1;1;74;0;4853707;190;0
147;18;336;13;28;57;36;3.20;1;1;1;77;0;4853736;1120;0
147;18;336;13;28;57;52;3.40;6;2;1;77;0;4853752;435;0
147;18;336;13;28;59;99;3.60;2;1;1;87;0;4853999;580;0
147;18;336;13;28;59;99;2.60;4;1;1;78;0;4853999;425;0
147;18;336;13;29;1;22;3.60;3;1;1;87;0;4854122;397;0
147;18;336;13;29;1;99;3.00;2;1;1;75;0;4854199;185;0
147;18;336;13;29;2;99;3.60;4;1;1;81;0;4854299;288;0
147;18;336;13;29;2;98;7.20;1;1;1;74;0;4854298;547;0
147;18;336;13;29;4;4;3.60;3;1;1;79;0;4854404;267;0
147;18;336;13;29;5;7;3.60;6;2;1;85;0;4854507;739;0
147;18;336;13;29;5;70;3.60;2;1;1;78;0;4854570;356;0
147;18;336;13;29;6;17;3.40;3;1;1;76;0;4854617;196;0
147;18;336;13;29;6;99;3.20;4;1;1;80;0;4854699;384;0
147;18;336;13;29;7;2;3.40;3;1;1;78;0;4854702;68;0
147;18;336;13;29;8;69;5.80;1;1;1;77;0;4854869;535;0
147;18;336;13;29;8;85;3.80;4;1;1;81;0;4854885;171;0
147;18;336;13;29;8;92;4.00;7;2;1;77;0;4854892;1977;0
147;18;336;13;29;9;1;3.60;2;1;1;82;0;4854901;314;0
147;18;336;13;29;10;45;3.80;8;2;1;98;0;4855045;1329;0
147;18;336;13;29;11;99;4.40;3;1;1;81;0;4855199;481;0
147;18;336;13;29;12;99;3.20;2;1;1;81;0;4855299;382;0
147;18;336;13;29;13;14;3.00;3;1;1;73;0;4855314;95;0
147;18;336;13;29;13;52;3.20;6;2;1;79;0;4855352;829;0
147;18;336;13;29;14;2;3.00;5;2;1;85;0;4855402;2316;0
147;18;336;13;29;15;12;4.20;8;2;1;85;0;4855512;453;0
147;18;336;13;29;16;18;3.80;3;1;1;89;0;4855618;289;0
147;18;336;13;29;16;99;3.80;6;2;1;89;0;4855699;332;0
147;18;336;13;29;17;99;3.60;8;2;1;72;0;4855799;269;0
147;18;336;13;29;18;70;3.20;6;2;1;76;0;4855870;155;0
147;18;336;13;29;19;99;3.60;2;1;1;76;0;4855999;685;0
147;18;336;13;29;20;0;3.80;3;1;1;80;0;4856000;366;0
147;18;336;13;29;19;99;11.60;7;2;2;83;0;4855999;1088;0
147;18;336;13;29;20;24;3.20;2;1;1;77;0;4856024;7;0
147;18;336;13;29;21;16;3.20;5;2;1;88;0;4856116;701;0
147;18;336;13;29;21;29;3.20;6;2;1;81;0;4856129;243;0
147;18;336;13;29;21;99;3.40;2;1;1;79;0;4856199;160;0
147;18;336;13;29;21;99;3.40;5;2;1;85;0;4856199;69;0
147;18;336;13;29;22;4;3.60;4;1;1;81;0;4856204;1302;0
147;18;336;13;29;21;99;5.80;8;2;1;73;0;4856199;382;0
147;18;336;13;29;22;99;3.40;6;2;1;80;0;4856299;155;0
147;18;336;13;29;22;99;3.60;2;1;1;70;0;4856299;84;0
147;18;336;13;29;22;99;3.80;7;2;1;79;0;4856299;249;0
147;18;336;13;29;23;43;3.80;5;2;1;108;0;4856343;129;0
147;18;336;13;29;23;38;3.40;2;1;1;70;0;4856338;20;4855999
147;18;336;13;29;23;79;3.00;4;1;1;87;0;4856379;159;4855999
147;18;336;13;29;24;99;3.60;7;2;1;81;0;4856499;182;4855999
147;18;336;13;29;24;99;3.80;5;2;1;81;0;4856499;143;4855999
147;18;336;13;29;25;11;3.80;3;1;1;76;0;4856511;493;0
147;18;336;13;29;25;36;3.40;4;1;1;83;0;4856536;144;0
147;18;336;13;29;26;21;3.40;5;2;1;89;0;4856621;105;4856116
147;18;336;13;29;27;5;3.60;6;2;1;79;0;4856705;390;0
147;18;336;13;29;28;27;3.60;8;2;1;81;0;4856827;599;0
147;18;336;13;29;28;58;3.60;5;2;1;85;0;4856858;223;0
147;18;336;13;29;28;73;3.80;2;1;1;79;0;4856873;517;0
147;18;336;13;29;29;5;5.20;8;2;1;70;0;4856905;62;0
147;18;336;13;29;27;71;18.00;7;2;5;70;0;4856771;256;0
147;18;336;13;29;29;99;3.00;3;1;1;77;0;4856999;470;0
147;18;336;13;29;30;99;3.20;8;2;1;73;0;4857099;167;0
147;18;336;13;29;31;60;3.60;6;2;1;89;0;4857160;438;0
147;18;336;13;29;31;65;3.80;3;1;1;78;0;4857165;151;0
147;18;336;13;29;31;77;3.60;2;1;1;79;0;4857177;286;0
147;18;336;13;29;32;17;3.80;6;2;1;79;0;4857217;42;0
147;18;336;13;29;32;99;3.60;2;1;1;78;0;4857299;105;0
147;18;336;13;29;33;3;3.40;1;1;1;72;0;4857303;2406;0
147;18;336;13;29;34;4;3.00;3;1;1;78;0;4857404;221;0
147;18;336;13;29;34;99;4.80;7;2;1;83;0;4857499;635;0
147;18;336;13;29;35;11;3.20;2;1;1;73;0;4857511;195;0
147;18;336;13;29;35;18;3.80;3;1;1;78;0;4857518;100;0
147;18;336;13;29;35;99;3.40;3;1;1;74;0;4857599;63;0
147;18;336;13;29;35;9;6.00;6;2;1;79;0;4857509;274;0
147;18;336;13;29;36;95;4.00;4;1;1;91;0;4857695;1144;0
147;18;336;13;29;36;99;3.20;2;1;1;77;0;4857699;172;0
147;18;336;13;29;37;99;3.60;5;2;1;86;0;4857799;925;0
147;18;336;13;29;38;16;3.60;1;1;1;98;0;4857816;496;0
147;18;336;13;29;39;99;3.40;1;1;1;75;0;4857999;169;0
147;18;336;13;29;39;99;3.40;4;1;1;92;0;4857999;288;0
147;18;336;13;29;39;99;3.60;8;2;1;73;0;4857999;884;0
147;18;336;13;29;39;99;3.20;6;2;1;75;0;4857999;462;0
147;18;336;13;29;40;20;3.20;3;1;1;84;0;4858020;404;0
147;18;336;13;29;40;99;3.40;6;2;1;76;0;4858099;84;0
147;18;336;13;29;41;59;4.40;3;1;1;77;0;4858159;125;0
147;18;336;13;29;41;79;2.40;7;2;1;54;0;4858179;659;0
147;18;336;13;29;42;6;3.60;6;2;1;68;0;4858206;90;0
147;18;336;13;29;43;20;3.60;3;1;1;79;0;4858320;140;0
147;18;336;13;29;43;99;3.60;7;2;1;73;0;4858399;204;0
147;18;336;13;29;43;99;3.60;6;2;1;69;0;4858399;173;0
147;18;336;13;29;44;96;3.00;3;1;1;79;0;4858496;159;0
147;18;336;13;29;44;99;3.40;8;2;1;68;0;4858499;482;0
147;18;336;13;29;44;99;4.40;7;2;1;69;0;4858499;82;0
147;18;336;13;29;45;99;4.40;7;2;1;69;0;4858599;77;0
147;18;336;13;29;46;85;3.40;6;2;1;72;0;4858685;267;0
147;18;336;13;29;46;86;3.40;7;2;1;66;0;4858686;64;0
147;18;336;13;29;47;99;3.60;5;2;1;75;0;4858799;984;0
147;18;336;13;29;47;99;3.40;3;1;1;77;0;4858799;289;0
147;18;336;13;29;48;99;3.00;7;2;1;67;0;4858899;194;4858399
147;18;336;13;29;48;99;3.20;5;2;1;75;0;4858899;82;4858399
147;18;336;13;29;49;72;4.60;5;2;1;75;0;4858972;57;4858399
147;18;336;13;29;50;99;3.20;5;2;1;73;0;4859099;104;4858399
147;18;336;13;29;50;99;3.80;3;1;1;82;0;4859099;284;0
147;18;336;13;29;50;99;3.40;7;2;1;77;0;4859099;183;4858399
147;18;336;13;29;52;99;3.20;2;1;1;74;0;4859299;1585;0
147;18;336;13;29;53;2;3.40;3;1;1;80;0;4859302;186;0
147;18;336;13;29;53;99;3.80;7;2;1;74;0;4859399;284;0
147;18;336;13;29;54;5;3.80;4;1;1;79;0;4859405;1392;0
147;18;336;13;29;54;99;3.20;2;1;1;78;0;4859499;184;0
147;18;336;13;29;55;99;5.60;6;2;1;71;0;4859599;897;0
147;18;336;13;29;57;4;3.20;2;1;1;73;0;4859704;190;0
147;18;336;13;29;58;99;3.80;4;1;1;83;0;4859899;476;0
147;18;336;13;29;59;70;4.00;3;1;1;74;0;4859970;652;0
147;18;336;13;30;0;16;3.60;1;1;1;79;0;4860016;2000;0
147;18;336;13;30;0;99;3.60;4;1;1;82;0;4860099;183;0
147;18;336;13;30;2;89;3.60;2;1;1;83;0;4860289;569;0
147;18;336;13;30;3;99;4.00;6;2;1;80;0;4860399;771;0
147;18;336;13;30;5;99;4.20;7;2;1;78;0;4860599;1181;0
147;18;336;13;30;5;99;3.20;6;2;1;84;0;4860599;182;0
147;18;336;13;30;7;6;3.00;2;1;1;82;0;4860706;401;0
147;18;336;13;30;7;91;3.40;6;2;1;78;0;4860791;178;0
147;18;336;13;30;9;78;4.00;6;2;1;81;0;4860978;171;0
147;18;336;13;30;11;13;3.60;2;1;1;79;0;4861113;393;0
147;18;336;13;30;11;99;3.40;6;2;1;80;0;4861199;203;0
147;18;336;13;30;11;29;3.20;3;1;1;86;0;4861129;1139;0
147;18;336;13;30;12;68;6.60;6;2;1;80;0;4861268;53;0
147;18;336;13;30;13;18;3.80;8;2;1;79;0;4861318;2801;0
147;18;336;13;30;15;99;3.80;3;1;1;92;0;4861599;456;0
147;18;336;13;30;15;99;4.00;7;2;1;86;0;4861599;980;0
147;18;336;13;30;16;14;3.20;2;1;1;77;0;4861614;484;0
147;18;336;13;30;16;99;3.40;1;1;1;58;0;4861699;1666;0
147;18;336;13;30;16;1;3.60;3;1;1;83;0;4861601;-1;0
147;18;336;13;30;17;63;2.80;7;2;1;75;0;4861763;147;0
147;18;336;13;30;17;92;3.40;2;1;1;78;0;4861792;163;0
147;18;336;13;30;18;99;3.60;2;1;1;76;0;4861899;91;0
147;18;336;13;30;19;99;3.60;6;2;1;83;0;4861999;701;0
147;18;336;13;30;20;99;3.40;7;2;1;82;0;4862099;322;0
147;18;336;13;30;21;99;5.20;3;1;1;73;0;4862199;582;0
147;18;336;13;30;22;14;3.80;2;1;1;79;0;4862214;297;0
147;18;336;13;30;22;99;3.20;3;1;1;75;0;4862299;74;0
147;18;336;13;30;23;99;3.40;3;1;1;71;0;4862399;84;0
147;18;336;13;30;25;87;3.40;4;1;1;83;0;4862587;2472;0
147;18;336;13;30;26;99;3.00;2;1;1;79;0;4862699;467;0
147;18;336;13;30;26;99;3.60;6;2;1;77;0;4862699;684;0
147;18;336;13;30;27;42;3.40;3;1;1;73;0;4862742;325;0
147;18;336;13;30;29;9;3.20;6;2;1;73;0;4862909;193;0
147;18;336;13;30;29;99;3.60;2;1;1;80;0;4862999;286;0
147;18;336;13;30;29;99;3.80;5;2;1;79;0;4862999;3884;0
147;18;336;13;30;29;2;3.40;4;1;1;83;0;4862902;300;0
147;18;336;13;30;30;6;3.60;6;2;1;74;0;4863006;81;0
147;18;336;13;30;30;67;3.40;3;1;1;66;0;4863067;308;0
147;18;336;13;30;31;16;3.80;8;2;1;74;0;4863116;1780;0
147;18;336;13;30;31;99;3.60;4;1;1;81;0;4863199;282;0
147;18;336;13;30;32;9;3.80;6;2;1;77;0;4863209;185;0
147;18;336;13;30;32;35;3.60;3;1;1;69;0;4863235;149;0
147;18;336;13;30;33;99;3.40;4;1;1;80;0;4863399;184;0
147;18;336;13;30;33;99;3.80;5;2;1;85;0;4863399;382;0
147;18;336;13;30;34;7;3.60;1;1;1;81;0;4863407;1686;0
147;18;336;13;30;34;99;4.20;8;2;1;73;0;4863499;364;0
147;18;336;13;30;34;99;4.00;3;1;1;68;0;4863499;245;0
147;18;336;13;30;34;99;3.00;2;1;1;70;0;4863499;483;0
147;18;336;13;30;34;2;3.60;4;1;1;77;0;4863402;-1;0
147;18;336;13;30;35;14;3.60;6;2;1;76;0;4863514;287;0
147;18;336;13;30;35;72;2.80;3;1;1;69;0;4863572;51;0
147;18;336;13;30;36;6;3.80;5;2;1;80;0;4863606;190;0
147;18;336;13;30;36;99;3.60;1;1;1;79;0;4863699;276;0
147;18;336;13;30;36;99;3.60;6;2;1;75;0;4863699;167;0
147;18;336;13;30;37;3;4.00;5;2;1;80;0;4863703;79;0
147;18;336;13;30;39;99;3.40;5;2;1;79;0;4863999;278;0
147;18;336;13;30;39;4;3.60;6;2;1;75;0;4863904;187;0
147;18;336;13;30;40;78;3.00;1;1;1;71;0;4864078;362;0
147;18;336;13;30;41;0;3.40;6;2;1;76;0;4864100;178;0
147;18;336;13;30;41;99;3.80;2;1;1;80;0;4864199;684;0
147;18;336;13;30;43;1;3.00;2;1;1;77;0;4864301;84;0
147;18;336;13;30;43;10;3.40;6;2;1;73;0;4864310;193;4863514
147;18;336;13;30;44;99;4.00;5;2;1;81;0;4864499;484;0
147;18;336;13;30;44;2;3.20;6;2;1;72;0;4864402;75;4863514
147;18;336;13;30;45;87;3.40;3;1;1;86;0;4864587;1000;0
147;18;336;13;30;46;2;3.40;6;2;1;72;0;4864602;184;4863514
147;18;336;13;30;47;11;3.80;6;2;1;75;0;4864711;92;4863514
147;18;336;13;30;48;76;3.60;6;2;1;74;0;4864876;146;4863514
147;18;336;13;30;49;99;4.20;7;2;1;86;0;4864999;2885;0
147;18;336;13;30;51;99;3.60;7;2;1;87;0;4865199;182;0
147;18;336;13;30;51;99;3.20;6;2;1;73;0;4865199;305;0
147;18;336;13;30;52;99;3.60;3;1;1;78;0;4865299;697;0
147;18;336;13;30;53;99;3.80;6;2;1;79;0;4865399;184;0
147;18;336;13;30;55;11;3.40;5;2;1;79;0;4865511;994;0
147;18;336;13;30;56;16;3.40;6;2;1;79;0;4865616;199;0
147;18;336;13;30;56;99;3.00;2;1;1;82;0;4865699;1383;0
147;18;336;13;30;56;99;3.80;4;1;1;82;0;4865699;2280;0
147;18;336;13;30;57;99;6.40;8;2;1;89;0;4865799;2279;0
147;18;336;13;30;57;1;3.40;7;2;1;74;0;4865701;487;0
147;18;336;13;30;58;8;3.40;3;1;1;74;0;4865808;492;0
147;18;336;13;30;58;99;4.40;3;1;1;79;0;4865899;74;0
147;18;336;13;30;59;99;4.60;6;2;1;77;0;4865999;367;0
147;18;336;13;30;59;99;3.20;3;1;1;75;0;4865999;79;0
147;18;336;13;31;1;3;3.60;3;1;1;75;0;4866103;88;0
147;18;336;13;31;2;99;3.20;3;1;1;74;0;4866299;178;4865808
147;18;336;13;31;2;99;3.40;6;2;1;83;0;4866299;278;0
147;18;336;13;31;2;99;3.40;4;1;1;78;0;4866299;583;0
147;18;336;13;31;3;6;3.40;3;1;1;73;0;4866306;-1;4865808
147;18;336;13;31;3;29;3.20;6;2;1;83;0;4866329;15;4865808
147;18;336;13;31;3;87;3.00;7;2;1;82;0;4866387;669;0
147;18;336;13;31;3;99;3.00;3;1;1;70;0;4866399;76;4865808
147;18;336;13;31;5;99;5.00;6;2;1;83;0;4866599;256;0
147;18;336;13;31;6;95;3.60;4;1;1;80;0;4866695;380;0
147;18;336;13;31;6;99;3.40;6;2;1;81;0;4866699;78;0
147;18;336;13;31;7;4;3.60;4;1;1;80;0;4866704;-1;0
147;18;336;13;31;7;99;4.00;4;1;1;83;0;4866799;78;0
147;18;336;13;31;8;34;3.40;2;1;1;83;0;4866834;1121;0
147;18;336;13;31;8;33;3.60;6;2;1;80;0;4866833;118;0
147;18;336;13;31;8;49;3.60;5;2;1;80;0;4866849;1322;0
147;18;336;13;31;9;99;3.20;3;1;1;74;0;4866999;584;0
147;18;336;13;31;9;99;3.00;8;2;1;68;0;4866999;1174;0
147;18;336;13;31;10;16;3.40;7;2;1;74;0;4867016;615;0
147;18;336;13;31;11;8;4.00;6;2;1;83;0;4867108;258;0
147;18;336;13;31;11;22;3.00;3;1;1;76;0;4867122;107;0
147;18;336;13;31;11;98;3.80;8;2;1;80;0;4867198;183;0
147;18;336;13;31;11;99;3.40;5;2;1;79;0;4867199;333;0
147;18;336;13;31;12;99;3.80;6;2;1;81;0;4867299;173;0
147;18;336;13;31;13;14;3.60;5;2;1;78;0;4867314;99;0
147;18;336;13;31;13;35;3.40;3;1;1;75;0;4867335;198;0
147;18;336;13;31;13;41;3.60;4;1;1;84;0;4867341;524;0
147;18;336;13;31;14;99;3.60;2;1;1;77;0;4867499;650;0
147;18;336;13;31;14;99;5.20;4;1;1;79;0;4867499;142;0
147;18;336;13;31;14;99;3.60;3;1;1;72;0;4867499;147;0
147;18;336;13;31;15;99;5.20;4;1;1;89;0;4867599;76;0
147;18;336;13;31;15;2;3.40;1;1;1;77;0;4867502;3408;0
147;18;336;13;31;16;99;3.60;5;2;1;83;0;4867699;368;0
147;18;336;13;31;16;99;3.60;3;1;1;85;0;4867699;182;4866999
147;18;336;13;31;17;99;3.40;4;1;1;79;0;4867799;178;4866999
147;18;336;13;31;18;19;3.80;2;1;1;86;0;4867819;303;0
147;18;336;13;31;19;20;3.40;3;1;1;80;0;4867920;205;0
147;18;336;13;31;20;19;3.60;2;1;1;79;0;4868019;184;0
147;18;336;13;31;21;10;3.80;8;2;1;89;0;4868110;894;0
147;18;336;13;31;21;2;5.00;4;1;1;84;0;4868102;287;0
147;18;336;13;31;22;23;4.20;7;2;1;84;0;4868223;1190;0
147;18;336;13;31;22;23;3.20;3;1;1;75;0;4868223;287;0
147;18;336;13;31;23;21;3.60;4;1;1;84;0;4868321;197;0
147;18;336;13;31;23;31;3.20;6;2;1;78;0;4868331;1015;0
147;18;336;13;31;23;49;4.40;2;1;1;78;0;4868349;313;0
147;18;336;13;31;24;99;3.40;6;2;1;79;0;4868499;153;0
147;18;336;13;31;24;99;3.20;3;1;1;76;0;4868499;260;0
147;18;336;13;31;25;99;3.40;7;2;1;87;0;4868599;358;0
147;18;336;13;31;24;88;20.20;5;2;5;81;0;4868488;773;0
147;18;336;13;31;26;81;3.00;2;1;1;77;0;4868681;311;0
147;18;336;13;31;26;92;4.40;7;2;1;83;0;4868692;78;0
147;18;336;13;31;27;99;3.40;3;1;1;76;0;4868799;284;0
147;18;336;13;31;28;36;3.20;3;1;1;74;0;4868836;20;0
147;18;336;13;31;29;99;4.40;2;1;1;72;0;4868999;303;0
147;18;336;13;31;31;79;3.60;3;1;1;79;0;4869179;327;0
147;18;336;13;31;31;95;3.40;4;1;1;78;0;4869195;858;0
147;18;336;13;31;32;6;3.80;6;2;1;77;0;4869206;691;0
147;18;336;13;31;32;99;3.80;2;1;1;71;0;4869299;278;0
147;18;336;13;31;33;0;4.00;4;1;1;79;0;4869300;89;0
147;18;336;13;31;33;6;3.20;6;2;1;78;0;4869306;82;0
147;18;336;13;31;33;18;3.80;3;1;1;76;0;4869318;122;0
147;18;336;13;31;34;21;3.60;2;1;1;84;0;4869421;102;0
147;18;336;13;31;35;99;3.60;3;1;1;77;0;4869599;263;0
147;18;336;13;31;35;99;3.60;4;1;1;79;0;4869599;280;0
147;18;336;13;31;36;13;3.60;7;2;1;76;0;4869613;901;0
147;18;336;13;31;36;44;3.60;3;1;1;75;0;4869644;28;0
147;18;336;13;31;36;81;4.00;4;1;1;79;0;4869681;65;0
147;18;336;13;31;37;99;3.60;7;2;1;78;0;4869799;168;0
147;18;336;13;31;38;99;6.00;6;2;1;82;0;4869899;578;0
147;18;336;13;31;39;90;4.00;2;1;1;81;0;4869990;553;0
147;18;336;13;31;39;99;3.60;7;2;1;79;0;4869999;183;0
147;18;336;13;31;40;99;3.60;3;1;1;77;0;4870099;437;0
147;18;336;13;31;41;6;3.60;6;2;1;80;0;4870106;180;0
147;18;336;13;31;42;17;4.20;4;1;1;87;0;4870217;517;0
147;18;336;13;31;42;99;3.40;3;1;1;78;0;4870299;183;0
147;18;336;13;31;43;99;3.60;6;2;1;76;0;4870399;276;0
147;18;336;13;31;44;99;3.60;7;2;1;79;0;4870499;483;0
147;18;336;13;31;45;2;3.60;4;1;1;88;0;4870502;267;0
147;18;336;13;31;45;18;3.40;3;1;1;79;0;4870518;203;0
147;18;336;13;31;46;4;3.40;3;1;1;76;0;4870604;70;0
147;18;336;13;31;46;5;3.60;6;2;1;76;0;4870605;188;0
147;18;336;13;31;46;25;3.00;5;2;1;88;0;4870625;2047;0
147;18;336;13;31;47;99;3.80;3;1;1;78;0;4870799;178;0
147;18;336;13;31;48;99;3.40;6;2;1;81;0;4870899;276;0
147;18;336;13;31;49;16;3.80;3;1;1;83;0;4870916;99;0
147;18;336;13;31;51;19;3.20;6;2;1;77;0;4871119;204;0
147;18;336;13;31;51;99;3.60;8;2;1;72;0;4871199;3073;0
147;18;336;13;31;51;99;3.60;3;1;1;79;0;4871199;266;0
147;18;336;13;31;52;11;3.80;7;2;1;88;0;4871211;695;0
147;18;336;13;31;52;99;3.40;5;2;1;85;0;4871299;661;0
147;18;336;13;31;52;99;3.80;2;1;1;78;0;4871299;1291;0
147;18;336;13;31;53;30;3.60;3;1;1;90;0;4871330;114;0
147;18;336;13;31;53;99;3.00;2;1;1;78;0;4871399;82;0
147;18;336;13;31;54;26;3.40;6;2;1;75;0;4871426;292;0
147;18;336;13;31;54;40;3.00;7;2;1;85;0;4871440;213;0
147;18;336;13;31;54;44;4.60;4;1;1;79;0;4871444;927;0
147;18;336;13;31;55;99;3.80;2;1;1;79;0;4871599;186;0
147;18;336;13;31;55;99;3.60;6;2;1;73;0;4871599;156;0
147;18;336;13;31;55;99;3.80;4;1;1;79;0;4871599;134;0
147;18;336;13;31;57;99;3.60;6;2;1;79;0;4871799;182;0
147;18;336;13;31;58;99;3.40;4;1;1;78;0;4871899;282;0
147;18;336;13;31;59;15;4.40;5;2;1;84;0;4871915;601;0
147;18;336;13;31;59;51;4.00;4;1;1;82;0;4871951;36;0
147;18;336;13;31;59;65;2.20;2;1;1;75;0;4871965;348;0
147;18;336;13;32;0;99;4.00;4;1;1;85;0;4872099;130;0
147;18;336;13;32;0;99;3.80;3;1;1;69;0;4872099;754;0
147;18;336;13;32;1;2;3.20;3;1;1;68;0;4872102;-1;0
147;18;336;13;32;2;0;3.40;2;1;1;73;0;4872200;224;0
147;18;336;13;32;2;96;4.00;6;2;1;77;0;4872296;480;0
147;18;336;13;32;2;99;3.20;4;1;1;76;0;4872299;183;0
147;18;336;13;32;2;99;3.60;3;1;1;69;0;4872299;180;0
147;18;336;13;32;3;12;3.60;7;2;1;85;0;4872312;859;0
147;18;336;13;32;3;99;3.40;4;1;1;74;0;4872399;84;4871899
147;18;336;13;32;3;99;3.80;2;1;1;73;0;4872399;182;4871899
147;18;336;13;32;4;6;3.60;5;2;1;89;0;4872406;472;0
147;18;336;13;32;4;46;3.80;6;2;1;76;0;4872446;131;0
147;18;336;13;32;5;5;3.60;2;1;1;82;0;4872505;87;0
147;18;336;13;32;5;5;3.80;3;1;1;76;0;4872505;187;0
147;18;336;13;32;5;99;3.80;8;2;1;80;0;4872599;1382;0
147;18;336;13;32;6;2;3.60;4;1;1;77;0;4872602;186;4871899
147;18;336;13;32;6;99;3.60;2;1;1;79;0;4872699;178;4871899
147;18;336;13;32;7;3;3.80;4;1;1;76;0;4872703;84;4871899
147;18;336;13;32;8;20;3.40;3;1;1;80;0;4872820;297;0
147;18;336;13;32;8;99;4.40;6;2;1;85;0;4872899;435;0
147;18;336;13;32;8;99;3.80;2;1;1;74;0;4872899;183;4872200
147;18;336;13;32;9;17;3.80;4;1;1;79;0;4872917;196;4871899
147;18;336;13;32;9;3;3.40;5;2;1;88;0;4872903;482;0
147;18;336;13;32;9;7;3.40;3;1;1;81;0;4872907;71;0
147;18;336;13;32;9;43;3.60;2;1;1;74;0;4872943;25;4872200
147;18;336;13;32;10;99;3.40;5;2;1;88;0;4873099;182;4872200
147;18;336;13;32;10;99;3.60;2;1;1;74;0;4873099;138;4872200
147;18;336;13;32;11;99;3.40;4;1;1;78;0;4873199;264;0
147;18;336;13;32;12;27;4.00;3;1;1;78;0;4873227;304;0
147;18;336;13;32;12;42;3.40;6;2;1;71;0;4873242;324;0
147;18;336;13;32;14;15;4.00;7;2;1;81;0;4873415;1087;0
147;18;336;13;32;14;99;3.60;6;2;1;71;0;4873499;239;0
147;18;336;13;32;14;99;3.60;4;1;1;82;0;4873499;284;0
147;18;336;13;32;15;2;4.00;7;2;1;81;0;4873502;69;0
147;18;336;13;32;17;1;3.80;2;1;1;81;0;4873701;584;0
147;18;336;13;32;17;57;3.60;6;2;1;94;0;4873757;239;0
147;18;336;13;32;17;54;3.60;7;2;1;81;0;4873754;234;0
147;18;336;13;32;18;99;3.40;6;2;1;85;0;4873899;128;0
147;18;336;13;32;18;99;3.00;4;1;1;85;0;4873899;384;0
147;18;336;13;32;19;99;3.60;5;2;1;86;0;4873999;886;0
147;18;336;13;32;19;99;3.60;6;2;1;72;0;4873999;85;0
147;18;336;13;32;19;19;3.40;2;1;1;79;0;4873919;201;0
147;18;336;13;32;20;89;3.60;3;1;1;74;0;4874089;843;0
147;18;336;13;32;20;99;3.20;5;2;1;83;0;4874099;84;0
147;18;336;13;32;21;16;3.60;2;1;1;85;0;4874116;181;0
147;18;336;13;32;21;99;3.60;3;1;1;81;0;4874199;92;0
147;18;336;13;32;22;71;3.60;3;1;1;79;0;4874271;56;0
147;18;336;13;32;23;99;3.60;5;2;1;83;0;4874399;286;0
147;18;336;13;32;24;99;3.00;3;1;1;78;0;4874499;211;0
147;18;336;13;32;24;16;3.60;6;2;1;72;0;4874416;399;0
147;18;336;13;32;25;99;3.60;2;1;1;75;0;4874599;467;0
147;18;336;13;32;26;99;3.00;2;1;1;74;0;4874699;82;0
147;18;336;13;32;26;99;3.40;6;2;1;73;0;4874699;265;0
147;18;336;13;32;28;12;3.40;3;1;1;75;0;4874812;299;0
147;18;336;13;32;28;99;3.20;6;2;1;72;0;4874899;183;0
147;18;336;13;32;29;9;3.40;4;1;1;81;0;4874909;997;0
147;18;336;13;32;30;16;3.20;2;1;1;77;0;4875016;302;0
147;18;336;13;32;30;95;3.60;1;1;1;92;0;4875095;7577;0
147;18;336;13;32;30;89;4.00;7;2;1;81;0;4875089;1319;0
147;18;336;13;32;31;18;3.00;6;2;1;76;0;4875118;203;0
147;18;336;13;32;31;99;3.40;5;2;1;84;0;4875199;784;0
147;18;336;13;32;32;5;3.40;8;2;1;81;0;4875205;2588;0
147;18;336;13;32;33;99;3.40;5;2;1;91;0;4875399;185;0
147;18;336;13;32;34;99;3.80;6;2;1;94;0;4875499;366;0
147;18;336;13;32;35;5;3.00;3;1;1;69;0;4875505;676;0
147;18;336;13;32;35;17;3.80;7;2;1;82;0;4875517;410;0
147;18;336;13;32;36;26;3.60;6;2;1;85;0;4875626;112;0
147;18;336;13;32;36;99;3.60;3;1;1;69;0;4875699;178;0
147;18;336;13;32;36;99;3.40;2;1;1;76;0;4875699;668;0
147;18;336;13;32;38;0;3.40;2;1;1;78;0;4875800;84;0
147;18;336;13;32;38;77;3.60;3;1;1;74;0;4875877;159;0
147;18;336;13;32;38;99;3.60;1;1;1;85;0;4875899;789;0
147;18;336;13;32;39;99;3.60;7;2;1;80;0;4875999;465;0
147;18;336;13;32;40;21;3.60;6;2;1;82;0;4876021;379;0
147;18;336;13;32;40;76;3.40;3;1;1;77;0;4876076;181;0
147;18;336;13;32;40;78;4.00;6;2;1;78;0;4876078;41;0
147;18;336;13;32;42;1;4.00;6;2;1;79;0;4876201;104;0
147;18;336;13;32;42;11;3.60;3;1;1;76;0;4876211;119;4875505
147;18;336;13;32;43;0;3.00;5;2;1;87;0;4876300;887;0
147;18;336;13;32;44;6;6.80;1;1;1;78;0;4876406;491;0
147;18;336;13;32;44;99;3.40;3;1;1;75;0;4876499;270;0
147;18;336;13;32;45;15;3.00;4;1;1;84;0;4876515;1590;0
147;18;336;13;32;48;23;3.40;3;1;1;83;0;4876823;307;0
147;18;336;13;32;48;88;3.60;6;2;1;81;0;4876888;668;0
147;18;336;13;32;49;99;3.60;7;2;1;76;0;4876999;983;0
147;18;336;13;32;50;48;3.60;6;2;1;73;0;4877048;144;0
147;18;336;13;32;50;62;3.40;5;2;1;79;0;4877062;749;0
147;18;336;13;32;51;12;3.20;3;1;1;79;0;4877112;274;0
147;18;336;13;32;52;17;3.60;5;2;1;81;0;4877217;139;0
147;18;336;13;32;52;99;4.40;6;2;1;77;0;4877299;233;0
147;18;336;13;32;53;19;3.60;3;1;1;82;0;4877319;192;0
147;18;336;13;32;53;95;3.60;4;1;1;84;0;4877395;867;0
147;18;336;13;32;54;14;3.60;5;2;1;81;0;4877414;181;0
147;18;336;13;32;54;10;3.80;7;2;1;78;0;4877410;393;0
147;18;336;13;32;54;23;3.60;8;2;1;82;0;4877423;2202;0
147;18;336;13;32;54;99;3.60;6;2;1;77;0;4877499;179;0
147;18;336;13;32;55;8;3.20;4;1;1;83;0;4877508;97;0
147;18;336;13;32;55;99;3.40;5;2;1;79;0;4877599;169;0
147;18;336;13;32;55;17;3.80;7;2;1;79;0;4877517;89;0
147;18;336;13;32;55;40;3.40;1;1;1;76;0;4877540;1102;0
147;18;336;13;32;56;99;3.00;6;2;1;76;0;4877699;183;0
147;18;336;13;32;56;99;4.00;2;1;1;90;0;4877699;1883;0
147;18;336;13;32;56;99;3.60;5;2;1;85;0;4877699;84;4877062
147;18;336;13;32;57;1;3.60;1;1;1;76;0;4877701;144;4877062
147;18;336;13;32;57;99;3.20;6;2;1;74;0;4877799;85;4877062
147;18;336;13;32;58;58;3.40;6;2;1;72;0;4877858;43;4877299
147;18;336;13;32;58;92;3.40;3;1;1;64;0;4877892;557;0
147;18;336;13;32;59;99;3.20;2;1;1;78;0;4877999;284;0
147;18;336;13;32;59;99;3.80;5;2;1;82;0;4877999;284;0
147;18;336;13;33;0;2;3.20;4;1;1;79;0;4878002;480;0
147;18;336;13;33;0;99;3.60;3;1;1;64;0;4878099;187;0
147;18;336;13;33;0;37;3.80;8;2;1;97;0;4878037;598;0
147;18;336;13;33;1;11;3.80;5;2;1;81;0;4878111;95;0
147;18;336;13;33;1;20;3.80;2;1;1;77;0;4878120;106;0
147;18;336;13;33;1;69;3.60;3;1;1;61;0;4878169;49;0
147;18;336;13;33;1;99;5.00;6;2;1;78;0;4878199;324;0
147;18;336;13;33;2;6;3.80;4;1;1;62;0;4878206;189;0
147;18;336;13;33;2;99;3.80;2;1;1;80;0;4878299;161;0
147;18;336;13;33;2;99;3.40;6;2;1;78;0;4878299;76;0
147;18;336;13;33;3;21;3.20;3;1;1;60;0;4878321;130;0
147;18;336;13;33;4;99;3.40;4;1;1;76;0;4878499;270;0
147;18;336;13;33;4;99;3.00;2;1;1;72;0;4878499;182;0
147;18;336;13;33;4;99;3.80;1;1;1;85;0;4878499;780;0
147;18;336;13;33;4;99;4.00;3;1;1;62;0;4878499;158;4877892
147;18;336;13;33;5;14;3.40;2;1;1;68;0;4878514;-1;4877999
147;18;336;13;33;5;99;3.40;4;1;1;78;0;4878599;83;4877999
147;18;336;13;33;5;7;3.60;7;2;1;76;0;4878507;972;0
147;18;336;13;33;5;26;3.40;3;1;1;63;0;4878526;3;4877892
147;18;336;13;33;6;99;3.40;5;2;1;77;0;4878699;571;0
147;18;336;13;33;6;99;3.40;6;2;1;75;0;4878699;384;0
147;18;336;13;33;6;99;3.40;2;1;1;69;0;4878699;167;4877999
147;18;336;13;33;7;0;3.80;4;1;1;77;0;4878700;85;4877999
147;18;336;13;33;7;1;3.00;3;1;1;65;0;4878701;155;4877892
147;18;336;13;33;7;99;3.80;5;2;1;77;0;4878799;84;4877892
147;18;336;13;33;7;99;5.40;7;2;1;77;0;4878799;274;0
147;18;336;13;33;7;99;3.00;3;1;1;67;0;4878799;81;4877892
147;18;336;13;33;7;99;4.60;2;1;1;67;0;4878799;82;4877999
147;18;336;13;33;8;48;3.40;1;1;1;82;0;4878848;332;0
147;18;336;13;33;8;15;0.60;7;1;1;33;1;4878815;382309;0
147;18;336;13;33;9;99;3.60;5;2;1;86;0;4878999;182;0
147;18;336;13;33;9;99;3.40;4;1;1;81;0;4878999;281;0
147;18;336;13;33;9;99;3.60;8;2;1;71;0;4878999;947;0
147;18;336;13;33;10;11;3.80;7;2;1;80;0;4879011;186;0
147;18;336;13;33;10;99;3.80;3;1;1;70;0;4879099;283;0
147;18;336;13;33;11;12;3.20;4;1;1;82;0;4879112;97;0
147;18;336;13;33;11;33;3.20;6;2;1;66;0;4879133;417;0
147;18;336;13;33;11;55;3.00;7;2;1;79;0;4879155;126;0
147;18;336;13;33;11;66;3.80;3;1;1;69;0;4879166;47;0
147;18;336;13;33;12;15;4.00;2;1;1;86;0;4879215;391;0
147;18;336;13;33;12;28;3.00;4;1;1;82;0;4879228;101;0
147;18;336;13;33;12;99;3.80;6;2;1;73;0;4879299;148;0
147;18;336;13;33;12;99;3.60;7;2;1;78;0;4879299;130;0
147;18;336;13;33;13;3;3.60;3;1;1;70;0;4879303;117;0
147;18;336;13;33;13;27;2.80;2;1;1;83;0;4879327;95;0
147;18;336;13;33;13;9;3.40;6;2;1;72;0;4879309;-1;0
147;18;336;13;33;13;21;3.80;7;2;1;76;0;4879321;5;4878799
147;18;336;13;33;14;93;3.40;3;1;1;67;0;4879493;171;4878799
147;18;336;13;33;14;99;3.80;5;2;1;82;0;4879499;484;0
147;18;336;13;33;14;99;3.20;6;2;1;72;0;4879499;173;0
147;18;336;13;33;14;99;3.60;8;2;1;72;0;4879499;481;0
147;18;336;13;33;15;99;3.20;3;1;1;65;0;4879599;87;4879099
147;18;336;13;33;16;63;3.40;3;1;1;64;0;4879663;46;4879099
147;18;336;13;33;17;11;4.00;5;2;1;80;0;4879711;195;4879099
147;18;336;13;33;17;99;3.60;8;2;1;70;0;4879799;282;0
147;18;336;13;33;17;99;3.60;3;1;1;65;0;4879799;116;4879099
147;18;336;13;33;18;21;3.40;6;2;1;81;0;4879821;306;0
147;18;336;13;33;18;8;3.80;8;2;1;66;0;4879808;-1;0
147;18;336;13;33;18;24;3.20;7;2;1;75;0;4879824;485;0
147;18;336;13;33;19;6;3.60;3;1;1;66;0;4879906;87;4879099
147;18;336;13;33;19;99;5.20;5;2;1;90;0;4879999;270;0
147;18;336;13;33;19;99;3.00;7;2;1;72;0;4879999;159;0
147;18;336;13;33;20;99;3.80;4;1;1;87;0;4880099;857;0
147;18;336;13;33;20;99;3.80;3;1;1;74;0;4880099;173;4879099
147;18;336;13;33;20;88;7.40;8;2;6;68;0;4880088;259;0
147;18;336;13;33;21;42;3.80;5;2;1;79;0;4880142;122;0
147;18;336;13;33;22;99;3.60;6;2;1;76;0;4880299;462;0
147;18;336;13;33;22;99;4.00;7;2;1;78;0;4880299;285;0
147;18;336;13;33;23;30;3.60;6;2;1;77;0;4880330;13;0
147;18;336;13;33;24;98;4.00;2;1;1;77;0;4880498;1158;0
147;18;336;13;33;25;99;4.40;4;1;1;88;0;4880599;484;0
147;18;336;13;33;26;24;3.60;7;2;1;83;0;4880624;306;0
147;18;336;13;33;26;41;3.40;3;1;1;71;0;4880641;523;0
147;18;336;13;33;27;21;3.40;2;1;1;74;0;4880721;204;0
147;18;336;13;33;27;99;4.00;7;2;1;83;0;4880799;159;0
147;18;336;13;33;28;99;4.20;3;1;1;76;0;4880899;240;0
147;18;336;13;33;28;99;3.80;2;1;1;74;0;4880899;161;0
147;18;336;13;33;32;99;3.80;3;1;1;78;0;4881299;380;0
147;18;336;13;33;35;2;3.40;3;1;1;77;0;4881502;185;0
147;18;336;13;33;35;99;3.60;6;2;1;73;0;4881599;1252;0
147;18;336;13;33;35;99;4.00;5;2;1;80;0;4881599;1439;0
147;18;336;13;33;36;6;3.60;2;1;1;81;0;4881606;688;0
147;18;336;13;33;36;23;3.60;4;1;1;85;0;4881623;1006;0
147;18;336;13;33;36;22;3.60;3;1;1;75;0;4881622;104;0
147;18;336;13;33;36;37;3.60;6;2;1;71;0;4881637;20;0
147;18;336;13;33;37;93;3.80;2;1;1;68;0;4881793;171;0
147;18;336;13;33;38;99;3.00;3;1;1;74;0;4881899;259;0
147;18;336;13;33;38;99;3.80;6;2;1;71;0;4881899;243;0
147;18;336;13;33;39;15;3.60;5;2;1;82;0;4881915;298;0
147;18;336;13;33;39;45;3.60;2;1;1;79;0;4881945;131;0
147;18;336;13;33;39;96;3.20;3;1;1;75;0;4881996;82;0
147;18;336;13;33;40;7;3.60;5;2;1;79;0;4882007;76;0
147;18;336;13;33;41;3;3.80;7;2;1;82;0;4882103;1286;0
147;18;336;13;33;41;99;3.00;2;1;1;78;0;4882199;237;0
147;18;336;13;33;41;21;3.20;6;2;1;72;0;4882121;202;0
147;18;336;13;33;43;99;4.80;8;2;1;88;0;4882399;2271;0
147;18;336;13;33;43;99;3.60;6;2;1;77;0;4882399;262;0
147;18;336;13;33;45;3;3.60;2;1;1;79;0;4882503;290;0
147;18;336;13;33;46;99;3.40;6;2;1;79;0;4882699;283;0
147;18;336;13;33;47;99;3.20;6;2;1;78;0;4882799;84;0
147;18;336;13;33;48;99;5.60;7;2;1;84;0;4882899;779;0
147;18;336;13;33;48;99;3.40;3;1;1;73;0;4882899;887;0
147;18;336;13;33;49;56;3.80;3;1;1;73;0;4882956;40;0
147;18;336;13;33;51;4;4.00;7;2;1;22;0;4883104;181;0
147;18;336;13;33;53;24;3.40;4;1;1;91;0;4883324;1685;0
147;18;336;13;33;53;99;3.80;7;2;1;78;0;4883399;229;0
147;18;336;13;33;54;4;3.40;3;1;1;81;0;4883404;429;0
147;18;336;13;33;54;13;3.80;6;2;1;69;0;4883413;599;0
147;18;336;13;33;54;54;3.20;8;2;1;77;0;4883454;1035;0
147;18;336;13;33;54;56;3.60;5;2;1;80;0;4883456;1432;0
147;18;336;13;33;55;7;4.60;3;1;1;84;0;4883507;87;0
147;18;336;13;33;55;99;4.60;6;2;1;75;0;4883599;166;0
147;18;336;13;33;56;99;3.00;6;2;1;76;0;4883699;77;0
147;18;336;13;33;59;17;14.40;7;2;4;56;0;4883917;500;0
147;18;336;13;34;0;93;3.20;6;2;1;68;0;4884093;379;0
147;18;336;13;34;0;99;3.60;2;1;1;74;0;4884099;1579;0
147;18;336;13;34;0;99;3.20;3;1;1;75;0;4884099;572;0
147;18;336;13;34;1;4;4.00;5;2;1;79;0;4884104;631;0
147;18;336;13;34;1;28;3.40;1;1;1;83;0;4884128;5265;0
147;18;336;13;34;1;99;3.60;6;2;1;69;0;4884199;89;0
147;18;336;13;34;2;38;3.00;3;1;1;74;0;4884238;123;0
147;18;336;13;34;3;99;3.00;3;1;1;76;0;4884399;146;0
147;18;336;13;34;4;19;3.60;2;1;1;79;0;4884419;302;0
147;18;336;13;34;2;95;4.00;7;2;1;18;0;4884295;285;0
147;18;336;13;34;5;16;3.00;6;2;1;75;0;4884516;298;0
147;18;336;13;34;5;17;3.60;4;1;1;82;0;4884517;1179;0
147;18;336;13;34;5;30;3.40;5;2;1;91;0;4884530;407;0
147;18;336;13;34;5;72;3.60;3;1;1;75;0;4884572;158;0
147;18;336;13;34;5;99;3.60;5;2;1;85;0;4884599;55;0
147;18;336;13;34;5;99;3.20;1;1;1;77;0;4884599;456;0
147;18;336;13;34;7;19;3.40;5;2;1;81;0;4884719;104;0
147;18;336;13;34;7;29;4.00;1;1;1;75;0;4884729;115;0
147;18;336;13;34;8;8;3.00;5;2;1;80;0;4884808;73;0
147;18;336;13;34;8;99;3.80;3;1;1;81;0;4884899;309;0
147;18;336;13;34;8;99;3.60;6;2;1;77;0;4884899;368;0
147;18;336;13;34;9;25;3.80;3;1;1;84;0;4884925;9;0
147;18;336;13;34;10;1;3.60;2;1;1;86;0;4885001;565;0
147;18;336;13;34;11;14;4.60;6;2;1;74;0;4885114;198;0
147;18;336;13;34;12;99;3.80;2;1;1;77;0;4885299;282;0
147;18;336;13;34;12;40;3.80;1;1;1;78;0;4885240;491;0
147;18;336;13;34;12;65;3.00;6;2;1;73;0;4885265;128;0
147;18;336;13;34;13;13;3.60;3;1;1;80;0;4885313;371;0
147;18;336;13;34;13;99;3.00;3;1;1;84;0;4885399;69;0
147;18;336;13;34;15;21;3.00;2;1;1;75;0;4885521;204;0
147;18;336;13;34;15;60;3.40;6;2;1;77;0;4885560;280;0
147;18;336;13;34;16;99;3.80;7;2;1;76;0;4885699;1324;0
147;18;336;13;34;18;4;3.80;8;2;1;81;0;4885804;2335;0
147;18;336;13;34;18;84;7.60;6;2;6;74;0;4885884;308;0
147;18;336;13;34;18;99;3.20;5;2;1;85;0;4885899;1077;0
147;18;336;13;34;18;99;3.20;3;1;1;75;0;4885899;487;0
147;18;336;13;34;20;6;3.40;6;2;1;71;0;4886006;85;0
147;18;336;13;34;20;71;4.00;2;1;1;80;0;4886071;535;0
147;18;336;13;34;21;13;3.20;3;1;1;74;0;4886113;198;0
147;18;336;13;34;21;99;3.80;6;2;1;75;0;4886199;175;0
147;18;336;13;34;21;99;3.60;8;2;1;72;0;4886199;378;0
147;18;336;13;34;22;46;3.60;3;1;1;72;0;4886246;117;0
147;18;336;13;34;23;93;3.60;6;2;1;74;0;4886393;175;0
147;18;336;13;34;23;99;3.20;2;1;1;79;0;4886399;310;0
147;18;336;13;34;24;99;3.40;8;2;1;78;0;4886499;282;0
147;18;336;13;34;25;27;2.80;3;1;1;78;0;4886527;263;0
147;18;336;13;34;25;70;3.60;6;2;1;75;0;4886570;159;4885884
147;18;336;13;34;26;9;4.00;3;1;1;78;0;4886609;69;4885884
147;18;336;13;34;26;99;3.60;7;2;1;82;0;4886699;982;0
147;18;336;13;34;28;99;3.60;2;1;1;84;0;4886899;485;0
147;18;336;13;34;29;2;3.40;6;2;1;84;0;4886902;314;0
147;18;336;13;34;29;99;3.80;1;1;1;88;0;4886999;1741;0
147;18;336;13;34;30;20;3.60;6;2;1;84;0;4887020;103;0
147;18;336;13;34;31;21;3.60;5;2;1;83;0;4887121;1208;0
147;18;336;13;34;31;99;3.80;3;1;1;75;0;4887199;571;0
147;18;336;13;34;31;99;3.60;6;2;1;73;0;4887199;163;0
147;18;336;13;34;32;6;3.80;5;2;1;83;0;4887206;69;0
147;18;336;13;34;33;0;3.40;2;1;1;77;0;4887300;385;0
147;18;336;13;34;33;12;3.60;3;1;1;76;0;4887312;94;0
147;18;336;13;34;34;99;3.60;6;2;1;73;0;4887499;282;0
147;18;336;13;34;35;99;4.00;3;1;1;77;0;4887599;269;0
147;18;336;13;34;35;21;4.00;6;2;1;74;0;4887521;4;0
147;18;336;13;34;34;42;5.40;7;2;1;29;0;4887442;727;0
147;18;336;13;34;34;96;1.20;4;1;1;9;0;4887496;2963;0
147;18;336;13;34;37;2;3.00;2;1;1;77;0;4887702;386;0
147;18;336;13;34;37;99;3.80;6;2;1;78;0;4887799;258;0
147;18;336;13;34;38;8;3.60;8;2;1;82;0;4887808;1293;0
147;18;336;13;34;38;61;3.80;3;1;1;79;0;4887861;243;0
147;18;336;13;34;39;99;3.40;5;2;1;80;0;4887999;776;0
147;18;336;13;34;40;99;3.60;6;2;1;76;0;4888099;282;0
147;18;336;13;34;41;13;4.00;5;2;1;81;0;4888113;98;0
147;18;336;13;34;41;92;3.40;6;2;1;77;0;4888192;75;0
147;18;336;13;34;42;99;4.00;5;2;1;81;0;4888299;168;0
147;18;336;13;34;42;99;3.60;3;1;1;85;0;4888299;420;0
147;18;336;13;34;43;68;3.20;6;2;1;77;0;4888368;160;0
147;18;336;13;34;45;10;2.80;7;2;1;81;0;4888510;1000;0
147;18;336;13;34;45;99;3.80;5;2;1;87;0;4888599;282;0
147;18;336;13;34;46;78;3.40;3;1;1;80;0;4888678;363;0
147;18;336;13;34;46;83;3.80;8;2;1;85;0;4888683;859;0
147;18;336;13;34;46;86;4.00;6;2;1;75;0;4888686;303;0
147;18;336;13;34;47;18;3.60;1;1;1;84;0;4888718;1703;0
147;18;336;13;34;48;36;3.40;3;1;1;83;0;4888836;142;0
147;18;336;13;34;50;8;3.20;2;1;1;77;0;4889008;1291;0
147;18;336;13;34;51;95;3.00;1;1;1;87;0;4889195;461;0
147;18;336;13;34;52;99;3.80;2;1;1;79;0;4889299;276;0
147;18;336;13;34;53;68;3.60;6;2;1;75;0;4889368;662;0
147;18;336;13;34;54;99;3.60;4;1;1;86;0;4889499;1955;0
147;18;336;13;34;55;0;3.80;8;2;1;81;0;4889500;800;0
147;18;336;13;34;55;99;3.40;6;2;1;74;0;4889599;213;0
147;18;336;13;34;56;7;3.40;3;1;1;90;0;4889607;756;0
147;18;336;13;34;56;67;3.80;2;1;1;88;0;4889667;350;0
147;18;336;13;34;56;83;3.60;6;2;1;75;0;4889683;67;0
147;18;336;13;34;58;38;3.60;2;1;1;80;0;4889838;155;0
147;18;336;13;34;59;11;3.20;3;1;1;83;0;4889911;290;0
147;18;336;13;34;59;99;3.60;6;2;1;82;0;4889999;298;0
147;18;336;13;34;59;99;4.00;4;1;1;97;0;4889999;484;0
147;18;336;13;35;1;23;3.60;5;2;1;92;0;4890123;1508;0
147;18;336;13;35;1;78;3.20;6;2;1;77;0;4890178;163;0
147;18;336;13;35;4;18;3.40;2;1;1;81;0;4890418;563;0
147;18;336;13;35;5;10;3.80;4;1;1;85;0;4890510;496;0
147;18;336;13;35;6;75;4.00;6;2;1;79;0;4890675;482;0
147;18;336;13;35;6;94;3.40;2;1;1;76;0;4890694;260;0
147;18;336;13;35;5;37;4.20;7;2;1;20;0;4890537;2014;0
147;18;336;13;35;10;3;4.20;6;2;1;80;0;4891003;309;0
147;18;336;13;35;12;99;3.60;6;2;1;82;0;4891299;277;0
147;18;336;13;35;14;72;3.60;6;2;1;80;0;4891472;157;0
147;18;336;13;35;14;99;3.80;5;2;1;83;0;4891499;1361;0
147;18;336;13;35;15;99;3.40;5;2;1;95;0;4891599;83;0
147;18;336;13;35;17;13;3.40;3;1;1;81;0;4891713;1788;0
147;18;336;13;35;18;99;3.60;2;1;1;82;0;4891899;1188;0
147;18;336;13;35;19;99;3.60;1;1;1;84;0;4891999;2791;0
147;18;336;13;35;20;99;3.80;6;2;1;82;0;4892099;610;0
147;18;336;13;35;21;11;4.00;3;1;1;94;0;4892111;382;0
147;18;336;13;35;21;55;3.00;2;1;1;76;0;4892155;240;0
147;18;336;13;35;22;99;3.80;6;2;1;80;0;4892299;183;0
147;18;336;13;35;24;51;3.40;7;2;1;78;0;4892451;1838;0
147;18;336;13;35;25;13;3.40;6;2;1;79;0;4892513;196;0
147;18;336;13;35;25;17;4.00;3;1;1;80;0;4892517;390;0
147;18;336;13;35;25;99;3.40;5;2;1;82;0;4892599;987;0
147;18;336;13;35;26;8;3.40;7;2;1;79;0;4892608;141;0
147;18;336;13;35;26;23;3.40;2;1;1;75;0;4892623;453;0
147;18;336;13;35;27;99;3.40;6;2;1;78;0;4892799;270;0
147;18;336;13;35;28;18;3.80;7;2;1;83;0;4892818;194;0
147;18;336;13;35;28;99;3.40;5;2;1;90;0;4892899;285;0
147;18;336;13;35;28;99;4.40;6;2;1;80;0;4892899;84;0
147;18;336;13;35;29;94;3.80;5;2;1;88;0;4892994;81;0
147;18;336;13;35;30;99;3.80;6;2;1;79;0;4893099;180;0
147;18;336;13;35;31;99;4.40;2;1;1;95;0;4893199;559;0
147;18;336;13;35;32;11;4.00;3;1;1;79;0;4893211;676;0
147;18;336;13;35;32;80;3.40;4;1;1;80;0;4893280;2753;0
147;18;336;13;35;33;13;4.00;6;2;1;80;0;4893313;196;0
147;18;336;13;35;33;16;4.00;4;1;1;82;0;4893316;20;0
147;18;336;13;35;33;99;3.40;3;1;1;77;0;4893399;169;0
147;18;336;13;35;34;5;3.40;6;2;1;76;0;4893405;74;4892799
147;18;336;13;35;35;18;3.40;5;2;1;79;0;4893518;508;0
147;18;336;13;35;36;11;3.60;5;2;1;81;0;4893611;77;0
147;18;336;13;35;37;67;3.20;4;1;1;80;0;4893767;433;0
147;18;336;13;35;37;91;3.20;6;2;1;77;0;4893791;369;0
147;18;336;13;35;37;99;3.60;3;1;1;92;0;4893799;384;0
147;18;336;13;35;38;99;3.40;2;1;1;79;0;4893899;683;0
147;18;336;13;35;39;21;3.40;6;2;1;77;0;4893921;115;0
147;18;336;13;35;39;52;3.40;5;2;1;85;0;4893952;325;0
147;18;336;13;35;40;99;3.60;2;1;1;77;0;4894099;184;0
147;18;336;13;35;40;99;3.60;4;1;1;88;0;4894099;317;0
147;18;336;13;35;41;99;3.80;3;1;1;81;0;4894199;385;0
147;18;336;13;35;43;5;4.00;4;1;1;82;0;4894305;191;0
147;18;336;13;35;43;13;3.40;2;1;1;78;0;4894313;197;0
147;18;336;13;35;44;7;3.20;2;1;1;79;0;4894407;78;0
147;18;336;13;35;44;12;3.60;6;2;1;78;0;4894412;475;0
147;18;336;13;35;45;14;3.00;8;2;1;75;0;4894514;4997;0
147;18;336;13;35;45;99;3.80;7;2;1;78;0;4894599;1764;0
147;18;336;13;35;46;99;3.20;6;2;1;81;0;4894699;270;0
147;18;336;13;35;46;99;4.20;3;1;1;80;0;4894699;483;0
147;18;336;13;35;47;13;3.60;7;2;1;83;0;4894713;96;0
147;18;336;13;35;48;99;3.20;6;2;1;80;0;4894899;185;0
147;18;336;13;35;48;99;3.20;2;1;1;84;0;4894899;477;0
147;18;336;13;35;50;80;3.60;6;2;1;80;0;4895080;166;0
147;18;336;13;35;51;9;3.60;7;2;1;81;0;4895109;380;0
147;18;336;13;35;52;12;3.60;6;2;1;80;0;4895212;115;0
147;18;336;13;35;52;14;4.60;5;2;1;85;0;4895214;1247;0
147;18;336;13;35;52;70;3.80;7;2;1;83;0;4895270;145;0
147;18;336;13;35;54;99;3.40;2;1;1;72;0;4895499;586;0
147;18;336;13;35;55;77;5.60;2;1;1;72;0;4895577;61;0
147;18;336;13;35;56;99;3.20;6;2;1;73;0;4895699;470;0
147;18;336;13;35;56;99;3.60;7;2;1;75;0;4895699;412;0
147;18;336;13;35;59;0;3.20;6;2;1;78;0;4895900;185;0
147;18;336;13;35;59;8;4.00;4;1;1;82;0;4895908;1585;0
147;18;336;13;35;59;99;4.20;3;1;1;75;0;4895999;1281;0
147;18;336;13;35;59;99;3.80;2;1;1;65;0;4895999;394;0
147;18;336;13;36;0;49;3.80;6;2;1;69;0;4896049;134;0
147;18;336;13;36;1;99;3.60;6;2;1;70;0;4896199;130;0
147;18;336;13;36;1;99;3.20;4;1;1;75;0;4896199;273;0
147;18;336;13;36;2;14;4.00;6;2;1;68;0;4896214;-1;4895699
147;18;336;13;36;3;10;3.60;5;2;1;82;0;4896310;1076;0
147;18;336;13;36;3;99;3.20;3;1;1;77;0;4896399;379;0
147;18;336;13;36;3;99;3.40;6;2;1;65;0;4896399;163;4895699
147;18;336;13;36;4;4;3.40;1;1;1;79;0;4896404;4389;0
147;18;336;13;36;4;99;3.00;2;1;1;74;0;4896499;478;0
147;18;336;13;36;5;97;3.60;6;2;1;68;0;4896597;179;4895699
147;18;336;13;36;6;99;3.20;7;2;1;74;0;4896699;982;0
147;18;336;13;36;6;99;2.80;2;1;1;75;0;4896699;185;0
147;18;336;13;36;7;9;3.40;2;1;1;70;0;4896709;-1;0
147;18;336;13;36;7;44;3.40;3;1;1;78;0;4896744;330;0
147;18;336;13;36;8;99;3.20;1;1;1;74;0;4896899;479;0
147;18;336;13;36;8;99;2.80;6;2;1;72;0;4896899;282;0
147;18;336;13;36;9;99;3.40;3;1;1;81;0;4896999;239;0
147;18;336;13;36;9;99;3.60;6;2;1;74;0;4896999;86;0
147;18;336;13;36;11;99;3.20;3;1;1;76;0;4897199;184;0
147;18;336;13;36;11;99;2.80;6;2;1;67;0;4897199;182;0
147;18;336;13;36;11;99;3.80;7;2;1;79;0;4897199;484;0
147;18;336;13;36;12;99;3.80;5;2;1;83;0;4897299;973;0
147;18;336;13;36;13;99;2.80;3;1;1;78;0;4897399;184;0
147;18;336;13;36;14;29;3.80;4;1;1;88;0;4897429;1214;0
147;18;336;13;36;14;28;2.80;6;2;1;78;0;4897428;213;0
147;18;336;13;36;14;99;3.60;1;1;1;76;0;4897499;584;0
147;18;336;13;36;15;18;4.00;6;2;1;80;0;4897518;77;0
147;18;336;13;36;15;29;3.80;5;2;1;88;0;4897529;213;0
147;18;336;13;36;15;68;3.80;7;2;1;75;0;4897568;351;0
147;18;336;13;36;16;99;3.80;5;2;1;86;0;4897699;154;0
147;18;336;13;36;17;99;3.00;7;2;1;76;0;4897799;212;0
147;18;336;13;36;18;99;3.20;3;1;1;73;0;4897899;487;0
147;18;336;13;36;18;99;3.60;6;2;1;77;0;4897899;363;0
147;18;336;13;36;20;23;3.00;2;1;1;73;0;4898023;1296;0
147;18;336;13;36;22;14;3.60;3;1;1;78;0;4898214;299;0
147;18;336;13;36;22;99;3.80;2;1;1;76;0;4898299;261;0
147;18;336;13;36;22;99;3.40;6;2;1;76;0;4898299;383;0
147;18;336;13;36;24;99;3.80;7;2;1;75;0;4898499;685;0
147;18;336;13;36;25;10;3.80;6;2;1;75;0;4898510;194;0
147;18;336;13;36;26;86;4.60;3;1;1;79;0;4898686;455;0
147;18;336;13;36;26;99;3.60;6;2;1;78;0;4898699;170;0
147;18;336;13;36;26;99;3.80;4;1;1;86;0;4898699;1254;0
147;18;336;13;36;27;99;3.60;2;1;1;78;0;4898799;482;0
147;18;336;13;36;27;99;3.60;3;1;1;77;0;4898799;92;0
147;18;336;13;36;28;31;3.40;7;2;1;88;0;4898831;313;0
147;18;336;13;36;28;99;3.40;2;1;1;77;0;4898899;83;0
147;18;336;13;36;29;99;3.80;6;2;1;80;0;4898999;283;0
147;18;336;13;36;30;4;3.80;2;1;1;77;0;4899004;89;0
147;18;336;13;36;31;3;3.40;3;1;1;71;0;4899103;287;0
147;18;336;13;36;31;10;3.80;5;2;1;81;0;4899110;1395;0
147;18;336;13;36;31;15;3.20;4;1;1;82;0;4899115;400;0
147;18;336;13;36;31;21;3.60;7;2;1;79;0;4899121;276;0
147;18;336;13;36;31;99;3.80;7;2;1;85;0;4899199;61;0
147;18;336;13;36;31;99;3.60;3;1;1;70;0;4899199;78;0
147;18;336;13;36;32;12;3.80;1;1;1;80;0;4899212;1695;0
147;18;336;13;36;32;99;3.40;5;2;1;82;0;4899299;172;0
147;18;336;13;36;32;99;3.60;6;2;1;77;0;4899299;282;0
147;18;336;13;36;33;25;3.40;5;2;1;82;0;4899325;11;0
147;18;336;13;36;33;27;3.40;2;1;1;77;0;4899327;305;0
147;18;336;13;36;33;50;3.40;7;2;1;90;0;4899350;134;0
147;18;336;13;36;34;99;2.80;3;1;1;77;0;4899499;281;0
147;18;336;13;36;34;99;3.80;6;2;1;77;0;4899499;183;0
147;18;336;13;36;34;99;5.20;2;1;1;76;0;4899499;156;0
147;18;336;13;36;36;70;8.20;6;2;6;76;0;4899670;153;0
147;18;336;13;36;37;99;4.00;4;1;1;91;0;4899799;669;0
147;18;336;13;36;37;99;3.60;7;2;1;85;0;4899799;435;0
147;18;336;13;36;38;17;3.20;2;1;1;77;0;4899817;293;0
147;18;336;13;36;38;39;3.60;6;2;1;80;0;4899839;130;0
147;18;336;13;36;39;99;3.80;3;1;1;71;0;4899999;486;0
147;18;336;13;36;40;99;3.60;3;1;1;72;0;4900099;80;0
147;18;336;13;36;41;63;3.00;2;1;1;83;0;4900163;331;0
147;18;336;13;36;41;99;3.20;5;2;1;83;0;4900199;859;0
147;18;336;13;36;41;99;3.40;6;2;1;74;0;4900199;343;0
147;18;336;13;36;43;18;3.20;3;1;1;78;0;4900318;201;0
147;18;336;13;36;43;61;3.20;5;2;1;84;0;4900361;148;0
147;18;336;13;36;44;17;3.60;4;1;1;83;0;4900417;602;0
147;18;336;13;36;45;99;3.00;6;2;1;74;0;4900599;383;0
147;18;336;13;36;46;59;3.40;7;2;1;75;0;4900659;844;0
147;18;336;13;36;46;99;3.80;3;1;1;76;0;4900699;366;0
147;18;336;13;36;48;99;3.80;5;2;1;84;0;4900899;524;0
147;18;336;13;36;49;99;3.40;7;2;1;83;0;4900999;323;0
147;18;336;13;36;51;15;3.80;7;2;1;80;0;4901115;101;0
147;18;336;13;36;51;44;3.60;5;2;1;85;0;4901144;228;0
147;18;336;13;36;51;98;3.40;7;2;1;78;0;4901198;65;0
147;18;336;13;36;53;17;3.60;8;2;1;77;0;4901317;6788;0
147;18;336;13;36;53;25;3.40;3;1;1;84;0;4901325;608;0
147;18;336;13;36;53;20;6.80;6;2;6;81;0;4901320;706;0
147;18;336;13;36;54;77;3.40;8;2;1;80;0;4901477;143;0
147;18;336;13;36;54;73;3.40;7;2;1;74;0;4901473;259;0
147;18;336;13;36;54;80;4.00;2;1;1;75;0;4901480;1303;0
147;18;336;13;36;55;16;4.60;2;1;1;75;0;4901516;16;0
147;18;336;13;36;56;1;3.00;6;2;1;79;0;4901601;250;0
147;18;336;13;36;56;27;3.80;2;1;1;68;0;4901627;88;0
147;18;336;13;36;57;1;3.60;8;2;1;77;0;4901701;208;0
147;18;336;13;36;57;99;4.00;5;2;1;81;0;4901799;639;0
147;18;336;13;36;58;0;3.60;2;1;1;68;0;4901800;152;0
147;18;336;13;36;58;99;7.00;6;2;1;79;0;4901899;284;0
147;18;336;13;36;59;87;3.20;3;1;1;84;0;4901987;647;0
147;18;336;13;36;59;99;4.40;5;2;1;82;0;4901999;182;0
147;18;336;13;37;0;99;3.40;3;1;1;81;0;4902099;98;0
147;18;336;13;37;1;52;3.60;2;1;1;80;0;4902152;332;0
147;18;336;13;37;2;4;3.20;7;2;1;83;0;4902204;714;0
147;18;336;13;37;2;99;3.20;1;1;1;91;0;4902299;3069;0
147;18;336;13;37;2;99;3.20;2;1;1;79;0;4902299;130;0
147;18;336;13;37;3;99;3.60;8;2;1;79;0;4902399;681;0
147;18;336;13;37;3;99;3.40;3;1;1;77;0;4902399;284;0
147;18;336;13;37;4;71;3.80;8;2;1;74;0;4902471;55;0
147;18;336;13;37;4;90;3.40;6;2;1;76;0;4902490;559;0
147;18;336;13;37;4;98;4.00;3;1;1;80;0;4902498;83;0
147;18;336;13;37;4;99;3.40;2;1;1;75;0;4902499;185;0
147;18;336;13;37;6;21;3.80;4;1;1;81;0;4902621;2188;0
147;18;336;13;37;6;99;3.80;2;1;1;79;0;4902699;183;0
147;18;336;13;37;6;30;3.20;7;2;1;82;0;4902630;412;0
147;18;336;13;37;6;29;3.60;1;1;1;68;0;4902629;317;0
147;18;336;13;37;7;99;3.40;3;1;1;74;0;4902799;283;0
147;18;336;13;37;7;99;3.80;7;2;1;84;0;4902799;154;0
147;18;336;13;37;7;99;3.20;1;1;1;74;0;4902799;150;0
147;18;336;13;37;7;99;3.00;4;1;1;80;0;4902799;161;0
147;18;336;13;37;7;99;4.00;5;2;1;78;0;4902799;780;0
147;18;336;13;37;8;99;3.00;6;2;1;70;0;4902899;392;0
147;18;336;13;37;9;68;3.80;2;1;1;77;0;4902968;251;0
147;18;336;13;37;9;88;3.40;5;2;1;81;0;4902988;170;0
147;18;336;13;37;9;96;3.60;6;2;1;69;0;4902996;81;0
147;18;336;13;37;9;99;4.60;3;1;1;74;0;4902999;183;0
147;18;336;13;37;10;99;3.20;2;1;1;76;0;4903099;113;0
147;18;336;13;37;10;99;3.40;6;2;1;69;0;4903099;84;0
147;18;336;13;37;10;99;3.80;5;2;1;80;0;4903099;95;0
147;18;336;13;37;12;92;3.40;2;1;1;77;0;4903292;177;0
147;18;336;13;37;14;4;3.60;3;1;1;75;0;4903404;382;0
147;18;336;13;37;15;7;3.20;3;1;1;74;0;4903507;85;0
147;18;336;13;37;15;99;3.60;6;2;1;70;0;4903599;482;0
147;18;336;13;37;16;10;3.60;2;1;1;72;0;4903610;302;0
147;18;336;13;37;16;16;3.60;3;1;1;73;0;4903616;93;0
147;18;336;13;37;16;99;3.80;4;1;1;79;0;4903699;886;0
147;18;336;13;37;16;18;4.00;1;1;1;89;0;4903618;803;0
147;18;336;13;37;17;67;3.20;6;2;1;70;0;4903767;149;0
147;18;336;13;37;17;78;4.00;7;2;1;73;0;4903778;962;0
147;18;336;13;37;17;99;3.60;5;2;1;84;0;4903799;682;0
147;18;336;13;37;18;99;3.60;3;1;1;73;0;4903899;265;0
147;18;336;13;37;19;46;4.20;6;2;1;68;0;4903946;162;0
147;18;336;13;37;20;10;3.80;1;1;1;82;0;4904010;375;0
147;18;336;13;37;20;99;4.00;3;1;1;77;0;4904099;182;0
147;18;336;13;37;20;99;3.60;6;2;1;69;0;4904099;130;0
147;18;336;13;37;21;30;3.20;6;2;1;68;0;4904130;12;4903599
147;18;336;13;37;23;6;3.20;2;1;1;77;0;4904306;678;0
147;18;336;13;37;23;5;3.80;3;1;1;83;0;4904305;187;0
147;18;336;13;37;24;22;3.80;5;2;1;83;0;4904422;607;0
147;18;336;13;37;24;56;3.20;6;2;1;73;0;4904456;309;0
147;18;336;13;37;25;99;3.80;1;1;1;80;0;4904599;572;0
147;18;336;13;37;25;99;4.00;5;2;1;86;0;4904599;160;0
147;18;336;13;37;25;99;4.40;7;2;1;79;0;4904599;801;0
147;18;336;13;37;26;1;3.20;6;2;1;78;0;4904601;129;0
147;18;336;13;37;26;9;3.20;2;1;1;74;0;4904609;288;0
147;18;336;13;37;27;2;3.40;7;2;1;81;0;4904702;82;0
147;18;336;13;37;27;57;3.20;5;2;1;86;0;4904757;141;0
147;18;336;13;37;27;82;3.00;2;1;1;75;0;4904782;157;0
147;18;336;13;37;28;5;3.60;3;1;1;80;0;4904805;483;0
147;18;336;13;37;28;15;2.80;5;2;1;82;0;4904815;44;0
147;18;336;13;37;28;10;3.80;7;2;1;81;0;4904810;92;0
147;18;336;13;37;29;62;3.80;2;1;1;85;0;4904962;165;0
147;18;336;13;37;30;99;3.80;5;2;1;83;0;4905099;271;0
147;18;336;13;37;30;99;4.60;6;2;1;80;0;4905099;483;0
147;18;336;13;37;31;99;3.60;2;1;1;79;0;4905199;220;0
147;18;336;13;37;32;48;3.80;8;2;1;80;0;4905248;2758;0
147;18;336;13;37;33;21;3.80;5;2;1;79;0;4905321;205;0
147;18;336;13;37;33;99;8.60;6;2;6;76;0;4905399;279;0
147;18;336;13;37;34;99;3.80;5;2;1;87;0;4905499;160;0
147;18;336;13;37;34;99;4.00;3;1;1;84;0;4905499;677;0
147;18;336;13;37;36;22;3.40;1;1;1;78;0;4905622;1005;0
147;18;336;13;37;36;99;5.80;6;2;1;76;0;4905699;259;0
147;18;336;13;37;36;99;3.20;7;2;1;75;0;4905699;872;0
147;18;336;13;37;37;72;3.80;7;2;1;75;0;4905772;57;0
147;18;336;13;37;38;99;3.60;6;2;1;77;0;4905899;172;0
147;18;336;13;37;38;99;3.20;1;1;1;74;0;4905899;261;0
147;18;336;13;37;39;17;3.00;2;1;1;81;0;4905917;701;0
147;18;336;13;37;40;99;3.40;6;2;1;79;0;4906099;183;0
147;18;336;13;37;41;99;4.00;3;1;1;91;0;4906199;682;0
147;18;336;13;37;41;99;3.60;1;1;1;79;0;4906199;284;0
147;18;336;13;37;42;25;3.20;6;2;1;77;0;4906225;110;0
147;18;336;13;37;43;99;3.60;5;2;1;81;0;4906399;884;0
147;18;336;13;37;43;99;3.60;6;2;1;74;0;4906399;159;4905699
147;18;336;13;37;43;99;3.20;7;2;1;80;0;4906399;608;0
147;18;336;13;37;45;0;3.00;3;1;1;77;0;4906500;285;0
147;18;336;13;37;46;99;3.40;6;2;1;71;0;4906699;282;0
147;18;336;13;37;47;33;2.80;6;2;1;72;0;4906733;16;0
147;18;336;13;37;48;99;4.00;6;2;1;71;0;4906899;152;0
147;18;336;13;37;49;1;4.00;2;1;1;81;0;4906901;970;0
147;18;336;13;37;49;99;3.80;7;2;1;91;0;4906999;585;0
147;18;336;13;37;50;1;3.40;5;2;1;82;0;4907001;586;0
147;18;336;13;37;50;11;3.40;6;2;1;66;0;4907011;91;0
147;18;336;13;37;50;50;3.60;3;1;1;72;0;4907050;535;0
147;18;336;13;37;50;78;4.40;5;2;1;76;0;4907078;62;0
147;18;336;13;37;50;99;4.00;8;2;1;93;0;4907099;1833;0
147;18;336;13;37;51;99;3.20;6;2;1;72;0;4907199;169;4906699
147;18;336;13;37;52;99;3.80;3;1;1;73;0;4907299;231;0
147;18;336;13;37;53;0;2.80;2;1;1;74;0;4907300;381;0
147;18;336;13;37;53;99;3.60;6;2;1;83;0;4907399;184;4906699
147;18;336;13;37;53;99;3.60;2;1;1;79;0;4907399;85;4906699
147;18;336;13;37;54;9;3.20;7;2;1;93;0;4907409;394;0
147;18;336;13;37;54;99;3.60;5;2;1;85;0;4907499;400;0
147;18;336;13;37;54;99;2.80;6;2;1;80;0;4907499;84;4906699
147;18;336;13;37;54;99;3.20;2;1;1;77;0;4907499;83;4906699
147;18;336;13;37;55;3;5.60;7;2;1;94;0;4907503;81;4906699
147;18;336;13;37;56;8;3.40;6;2;1;78;0;4907608;96;4906699
147;18;336;13;37;56;99;3.80;8;2;1;72;0;4907699;584;0
147;18;336;13;37;57;17;3.20;6;2;1;78;0;4907717;93;4906699
147;18;336;13;37;57;10;4.00;7;2;1;88;0;4907710;185;4906699
147;18;336;13;37;58;99;4.00;1;1;1;85;0;4907899;1683;0
147;18;336;13;37;59;16;3.40;5;2;1;79;0;4907916;401;0
147;18;336;13;37;59;99;3.80;7;2;1;76;0;4907999;272;0
147;18;336;13;37;59;99;3.60;5;2;1;80;0;4907999;67;0
147;18;336;13;38;0;23;4.00;4;1;1;80;0;4908023;4306;0
147;18;336;13;38;1;25;3.40;4;1;1;85;0;4908125;84;0
147;18;336;13;38;1;99;3.80;3;1;1;82;0;4908199;881;0
147;18;336;13;38;1;99;3.00;6;2;1;75;0;4908199;467;0
147;18;336;13;38;2;99;3.40;2;1;1;76;0;4908299;785;0
147;18;336;13;38;2;19;3.80;6;2;1;73;0;4908219;5;0
147;18;336;13;38;2;27;3.60;3;1;1;77;0;4908227;11;0
147;18;336;13;38;3;15;3.80;5;2;1;79;0;4908315;299;0
147;18;336;13;38;3;75;3.80;8;2;1;82;0;4908375;657;0
147;18;336;13;38;3;79;3.80;2;1;1;79;0;4908379;63;0
147;18;336;13;38;4;99;3.00;4;1;1;81;0;4908499;359;0
147;18;336;13;38;4;99;3.60;6;2;1;77;0;4908499;261;0
147;18;336;13;38;5;12;3.40;5;2;1;83;0;4908512;179;0
147;18;336;13;38;5;36;3.00;3;1;1;76;0;4908536;292;0
147;18;336;13;38;6;0;3.00;8;2;1;80;0;4908600;208;0
147;18;336;13;38;7;2;5.80;2;1;1;73;0;4908702;305;0
147;18;336;13;38;8;2;3.20;2;1;1;70;0;4908802;71;0
147;18;336;13;38;8;91;3.80;1;1;1;84;0;4908891;975;0
147;18;336;13;38;9;99;3.80;1;1;1;82;0;4908999;91;0
147;18;336;13;38;9;99;3.80;2;1;1;68;0;4908999;180;0
147;18;336;13;38;11;22;3.60;5;2;1;81;0;4909122;595;0
147;18;336;13;38;13;47;3.20;4;1;1;78;0;4909347;834;0
147;18;336;13;38;12;67;22.00;3;1;5;72;0;4909267;716;0
147;18;336;13;38;14;23;3.60;5;2;1;81;0;4909423;285;0
147;18;336;13;38;14;99;3.60;6;2;1;69;0;4909499;983;0
147;18;336;13;38;14;99;3.40;3;1;1;74;0;4909499;122;0
147;18;336;13;38;14;99;3.60;4;1;1;74;0;4909499;137;0
147;18;336;13;38;15;25;4.00;5;2;1;82;0;4909525;86;0
147;18;336;13;38;15;4;2.80;6;2;1;69;0;4909504;-1;0
147;18;336;13;38;16;9;3.60;1;1;1;76;0;4909609;593;0
147;18;336;13;38;16;5;3.60;3;1;1;75;0;4909605;89;0
147;18;336;13;38;16;12;3.60;5;2;1;79;0;4909612;69;0
147;18;336;13;38;16;99;3.20;4;1;1;78;0;4909699;182;0
147;18;336;13;38;17;99;3.40;6;2;1;77;0;4909799;280;0
147;18;336;13;38;17;99;4.60;3;1;1;82;0;4909799;176;0
147;18;336;13;38;18;37;3.60;4;1;1;84;0;4909837;123;0
147;18;336;13;38;18;57;3.60;5;2;1;81;0;4909857;228;0
147;18;336;13;38;18;52;6.60;7;2;1;65;0;4909852;1835;0
147;18;336;13;38;19;99;3.20;3;1;1;70;0;4909999;179;4909267
147;18;336;13;38;20;13;3.80;8;2;1;82;0;4910013;1399;0
147;18;336;13;38;20;22;3.00;2;1;1;80;0;4910022;1002;0
147;18;336;13;38;22;4;3.60;3;1;1;73;0;4910204;188;4909267
147;18;336;13;38;22;99;4.60;4;1;1;74;0;4910299;446;0
147;18;336;13;38;23;83;3.40;6;2;1;75;0;4910383;568;0
147;18;336;13;38;24;1;3.80;5;2;1;82;0;4910401;528;0
147;18;336;13;38;24;99;3.40;2;1;1;79;0;4910499;463;0
147;18;336;13;38;24;99;3.20;3;1;1;69;0;4910499;277;0
147;18;336;13;38;25;99;3.60;8;2;1;87;0;4910599;569;0
147;18;336;13;38;26;74;3.40;3;1;1;72;0;4910674;158;0
147;18;336;13;38;25;10;4.00;7;2;1;19;0;4910510;621;0
147;18;336;13;38;27;99;3.60;2;1;1;73;0;4910799;284;0
147;18;336;13;38;27;99;3.40;3;1;1;74;0;4910799;108;0
147;18;336;13;38;27;99;2.80;7;2;1;75;0;4910799;213;0
147;18;336;13;38;27;99;4.00;5;2;1;87;0;4910799;381;0
147;18;336;13;38;28;9;3.80;4;1;1;80;0;4910809;487;0
147;18;336;13;38;28;70;4.60;2;1;1;74;0;4910870;53;0
147;18;336;13;38;29;9;3.60;3;1;1;72;0;4910909;93;0
147;18;336;13;38;29;99;3.00;2;1;1;72;0;4910999;106;0
147;18;336;13;38;28;51;4.00;7;2;1;16;0;4910851;38;0
147;18;336;13;38;30;99;4.00;6;2;1;81;0;4911099;699;0
147;18;336;13;38;31;16;3.00;2;1;1;71;0;4911116;102;0
147;18;336;13;38;31;66;4.00;4;1;1;79;0;4911166;339;0
147;18;336;13;38;31;76;5.20;3;1;1;73;0;4911176;249;0
147;18;336;13;38;31;99;3.20;6;2;1;79;0;4911199;82;0
147;18;336;13;38;32;99;3.80;2;1;1;76;0;4911299;167;4910799
147;18;336;13;38;33;99;3.60;6;2;1;74;0;4911399;185;4910799
147;18;336;13;38;33;30;3.80;4;1;1;78;0;4911330;145;4910799
147;18;336;13;38;32;40;5.60;7;2;1;29;0;4911240;299;0
147;18;336;13;38;34;4;3.00;3;1;1;72;0;4911404;202;0
147;18;336;13;38;34;99;4.20;6;2;1;73;0;4911499;82;0
147;18;336;13;38;35;99;8.20;3;1;6;73;0;4911599;180;0
147;18;336;13;38;35;10;4.00;6;2;1;74;0;4911510;-1;4911099
147;18;336;13;38;36;16;3.60;5;2;1;81;0;4911616;800;0
147;18;336;13;38;36;99;3.40;6;2;1;73;0;4911699;169;4911099
147;18;336;13;38;38;9;3.60;6;2;1;74;0;4911809;93;4911099
147;18;336;13;38;38;37;3.80;5;2;1;83;0;4911837;205;0
147;18;336;13;38;39;97;3.60;3;1;1;71;0;4911997;357;0
147;18;336;13;38;40;13;3.60;5;2;1;83;0;4912013;159;0
147;18;336;13;38;40;17;3.40;2;1;1;82;0;4912017;700;0
147;18;336;13;38;40;99;4.00;1;1;1;91;0;4912099;2472;0
147;18;336;13;38;41;74;3.60;7;2;1;88;0;4912174;864;0
147;18;336;13;38;42;99;3.40;6;2;1;77;0;4912299;472;0
147;18;336;13;38;42;99;3.60;5;2;1;80;0;4912299;270;0
147;18;336;13;38;42;99;3.60;7;2;1;81;0;4912299;110;0
147;18;336;13;38;42;99;3.60;2;1;1;79;0;4912299;267;0
147;18;336;13;38;43;14;3.80;5;2;1;81;0;4912314;-1;0
147;18;336;13;38;43;11;4.40;3;1;1;71;0;4912311;295;0
147;18;336;13;38;43;1;3.60;6;2;1;80;0;4912301;-1;0
147;18;336;13;38;44;73;3.60;5;2;1;79;0;4912473;142;0
147;18;336;13;38;44;99;3.00;6;2;1;83;0;4912499;181;0
147;18;336;13;38;45;1;3.20;3;1;1;72;0;4912501;167;0
147;18;336;13;38;45;30;3.40;4;1;1;84;0;4912530;1182;0
147;18;336;13;38;45;99;3.60;2;1;1;77;0;4912599;283;0
147;18;336;13;38;45;99;4.00;7;2;1;82;0;4912599;284;0
147;18;336;13;38;46;51;3.60;2;1;1;80;0;4912651;35;0
147;18;336;13;38;47;99;3.80;6;2;1;80;0;4912799;286;0
147;18;336;13;38;48;20;3.60;4;1;1;79;0;4912820;275;0
147;18;336;13;38;48;29;3.40;6;2;1;81;0;4912829;12;0
147;18;336;13;38;49;92;3.60;5;2;1;88;0;4912992;502;0
147;18;336;13;38;49;90;3.40;3;1;1;70;0;4912990;473;0
147;18;336;13;38;50;3;3.80;4;1;1;79;0;4913003;166;0
147;18;336;13;38;50;11;3.80;6;2;1;82;0;4913011;166;0
147;18;336;13;38;52;92;3.80;3;1;1;72;0;4913292;284;0
147;18;336;13;38;52;99;3.80;5;2;1;82;0;4913299;292;0
147;18;336;13;38;53;99;3.60;3;1;1;73;0;4913399;88;0
147;18;336;13;38;54;22;3.60;2;1;1;82;0;4913422;754;0
147;18;336;13;38;51;16;4.20;7;2;1;11;0;4913116;499;0
147;18;336;13;38;54;81;3.80;6;2;1;86;0;4913481;453;0
147;18;336;13;38;54;73;3.60;3;1;1;73;0;4913473;56;0
147;18;336;13;38;56;23;4.00;6;2;1;83;0;4913623;126;0
147;18;336;13;38;56;99;3.40;4;1;1;78;0;4913699;678;0
147;18;336;13;38;56;13;3.60;5;2;1;88;0;4913613;297;0
147;18;336;13;38;56;50;3.60;3;1;1;74;0;4913650;159;0
147;18;336;13;38;57;99;3.00;6;2;1;82;0;4913799;158;0
147;18;336;13;38;58;99;3.00;6;2;1;82;0;4913899;86;0
147;18;336;13;38;58;99;3.60;3;1;1;71;0;4913899;231;0
147;18;336;13;38;58;99;3.00;7;2;1;80;0;4913899;645;0
147;18;336;13;38;58;1;4.00;2;1;1;87;0;4913801;363;0
147;18;336;13;38;59;54;4.00;5;2;1;80;0;4913954;326;0
147;18;336;13;39;1;0;3.40;3;1;1;74;0;4914100;182;0
147;18;336;13;39;1;14;3.80;4;1;1;80;0;4914114;399;0
147;18;336;13;39;1;18;3.80;6;2;1;81;0;4914118;205;0
147;18;336;13;39;3;2;3.40;3;1;1;73;0;4914302;185;0
147;18;336;13;39;4;33;3.80;1;1;1;88;0;4914433;2318;0
147;18;336;13;39;4;43;3.60;2;1;1;78;0;4914443;625;0
147;18;336;13;39;5;5;3.40;4;1;1;82;0;4914505;373;0
147;18;336;13;39;5;11;3.40;3;1;1;71;0;4914511;192;0
147;18;336;13;39;5;99;6.00;6;2;1;77;0;4914599;464;0
147;18;336;13;39;6;99;3.80;4;1;1;81;0;4914699;179;0
147;18;336;13;39;6;99;4.00;5;2;1;81;0;4914699;727;0
147;18;336;13;39;6;16;3.60;3;1;1;72;0;4914616;87;4913899
147;18;336;13;39;7;99;3.60;5;2;1;84;0;4914799;82;4913899
147;18;336;13;39;7;99;3.60;4;1;1;78;0;4914799;83;4913899
147;18;336;13;39;8;99;3.40;6;2;1;77;0;4914899;271;0
147;18;336;13;39;8;99;3.60;3;1;1;77;0;4914899;265;0
147;18;336;13;39;10;9;3.60;6;2;1;78;0;4915009;94;0
147;18;336;13;39;10;15;3.80;2;1;1;74;0;4915015;555;0
147;18;336;13;39;11;0;3.00;2;1;1;75;0;4915100;66;0
147;18;336;13;39;11;9;4.00;4;1;1;91;0;4915109;293;0
147;18;336;13;39;11;99;3.60;5;2;1;82;0;4915199;384;0
147;18;336;13;39;12;17;3.80;6;2;1;77;0;4915217;191;0
147;18;336;13;39;12;92;3.80;3;1;1;80;0;4915292;376;0
147;18;336;13;39;14;60;3.40;2;1;1;76;0;4915460;345;0
147;18;336;13;39;15;23;3.20;6;2;1;76;0;4915523;288;0
147;18;336;13;39;15;99;3.40;5;2;1;85;0;4915599;384;0
147;18;336;13;39;16;22;3.80;7;2;1;77;0;4915622;1709;0
147;18;336;13;39;16;99;3.60;2;1;1;77;0;4915699;222;0
147;18;336;13;39;17;66;3.60;4;1;1;82;0;4915766;641;0
147;18;336;13;39;17;79;3.40;3;1;1;69;0;4915779;469;0
147;18;336;13;39;17;89;3.60;8;2;1;74;0;4915789;5175;0
147;18;336;13;39;17;93;3.80;2;1;1;75;0;4915793;77;0
147;18;336;13;39;18;6;3.60;6;2;1;81;0;4915806;267;0
147;18;336;13;39;19;6;3.40;5;2;1;88;0;4915906;292;0
147;18;336;13;39;19;12;3.60;2;1;1;76;0;4915912;100;0
147;18;336;13;39;19;56;3.40;3;1;1;69;0;4915956;159;0
147;18;336;13;39;20;99;3.40;2;1;1;77;0;4916099;169;0
147;18;336;13;39;21;99;3.80;2;1;1;74;0;4916199;84;4915699
147;18;336;13;39;21;99;3.80;3;1;1;70;0;4916199;225;0
147;18;336;13;39;22;43;3.20;1;1;1;77;0;4916243;1794;0
147;18;336;13;39;23;99;3.00;3;1;1;68;0;4916399;180;0
147;18;336;13;39;24;99;3.00;3;1;1;70;0;4916499;84;0
147;18;336;13;39;24;99;2.80;6;2;1;83;0;4916499;677;0
147;18;336;13;39;25;12;3.80;2;1;1;74;0;4916512;294;0
147;18;336;13;39;25;81;3.20;3;1;1;70;0;4916581;66;0
147;18;336;13;39;26;99;3.00;7;2;1;80;0;4916699;1059;0
147;18;336;13;39;26;99;3.40;2;1;1;73;0;4916699;168;0
147;18;336;13;39;26;99;3.60;5;2;1;85;0;4916699;779;0
147;18;336;13;39;28;6;3.60;2;1;1;74;0;4916806;90;0
147;18;336;13;39;28;25;3.20;5;2;1;85;0;4916825;110;0
147;18;336;13;39;27;99;3.60;7;2;1;81;0;4916799;86;0
147;18;336;13;39;28;99;3.60;4;1;1;77;0;4916899;1117;0
147;18;336;13;39;29;6;2.80;6;2;1;80;0;4916906;394;0
147;18;336;13;39;29;9;3.40;2;1;1;74;0;4916909;85;0
147;18;336;13;39;29;29;3.20;6;2;1;80;0;4916929;10;0
147;18;336;13;39;30;99;3.60;4;1;1;88;0;4917099;183;0
147;18;336;13;39;30;99;3.80;5;2;1;83;0;4917099;260;0
147;18;336;13;39;31;99;4.40;2;1;1;75;0;4917199;273;0
147;18;336;13;39;31;99;4.00;6;2;1;74;0;4917199;255;0
147;18;336;13;39;33;99;3.40;6;2;1;77;0;4917399;180;0
147;18;336;13;39;33;99;3.60;5;2;1;83;0;4917399;283;0
147;18;336;13;39;34;23;3.40;2;1;1;81;0;4917423;202;0
147;18;336;13;39;34;99;3.80;6;2;1;74;0;4917499;84;0
147;18;336;13;39;34;17;3.00;3;1;1;79;0;4917417;819;0
147;18;336;13;39;35;9;3.60;2;1;1;81;0;4917509;70;0
147;18;336;13;39;35;18;4.00;5;2;1;81;0;4917518;103;0
147;18;336;13;39;35;97;3.40;2;1;1;77;0;4917597;72;0
147;18;336;13;39;35;99;3.20;6;2;1;78;0;4917599;81;0
147;18;336;13;39;36;99;3.20;6;2;1;79;0;4917699;85;4917199
147;18;336;13;39;37;56;4.00;5;2;1;82;0;4917756;220;0
147;18;336;13;39;38;8;3.60;6;2;1;79;0;4917808;94;4917199
147;18;336;13;39;38;99;3.20;7;2;1;89;0;4917899;1084;0
147;18;336;13;39;38;99;3.40;1;1;1;89;0;4917899;1641;0
147;18;336;13;39;38;99;3.40;3;1;1;76;0;4917899;468;0
147;18;336;13;39;39;99;3.40;2;1;1;74;0;4917999;386;0
147;18;336;13;39;39;99;7.00;4;1;1;79;0;4917999;885;0
147;18;336;13;39;40;95;3.80;4;1;1;78;0;4918095;64;0
147;18;336;13;39;40;99;3.20;5;2;1;80;0;4918099;325;0
147;18;336;13;39;41;99;3.60;5;2;1;85;0;4918199;85;0
147;18;336;13;39;42;16;3.00;2;1;1;77;0;4918216;200;0
147;18;336;13;39;42;99;3.00;3;1;1;70;0;4918299;383;0
147;18;336;13;39;43;18;3.00;6;2;1;75;0;4918318;493;0
147;18;336;13;39;43;99;3.60;3;1;1;70;0;4918399;84;0
147;18;336;13;39;44;99;3.80;2;1;1;79;0;4918499;268;0
147;18;336;13;39;45;75;3.40;6;2;1;73;0;4918575;242;0
147;18;336;13;39;45;90;4.00;3;1;1;78;0;4918590;172;0
147;18;336;13;39;46;99;3.40;4;1;1;79;0;4918699;586;0
147;18;336;13;39;47;19;3.60;3;1;1;73;0;4918719;110;0
147;18;336;13;39;47;29;3.60;1;1;1;73;0;4918729;816;0
147;18;336;13;39;48;11;3.80;6;2;1;83;0;4918811;219;0
147;18;336;13;39;48;18;3.80;5;2;1;83;0;4918818;603;0
147;18;336;13;39;48;82;3.00;4;1;1;79;0;4918882;167;0
147;18;336;13;39;49;99;3.00;3;1;1;75;0;4918999;262;0
147;18;336;13;39;51;99;3.60;4;1;1;81;0;4919199;303;0
147;18;336;13;39;51;99;4.20;3;1;1;73;0;4919199;185;0
147;18;336;13;39;51;99;3.40;6;2;1;83;0;4919199;371;0
147;18;336;13;39;51;99;3.60;1;1;1;69;0;4919199;452;0
147;18;336;13;39;52;99;3.40;6;2;1;79;0;4919299;85;0
147;18;336;13;39;53;99;3.40;1;1;1;76;0;4919399;181;0
147;18;336;13;39;54;99;3.60;6;2;1;81;0;4919499;184;0
147;18;336;13;39;54;99;3.40;5;2;1;86;0;4919499;664;0
147;18;336;13;39;55;17;3.20;1;1;1;74;0;4919517;101;0
147;18;336;13;39;55;56;3.80;3;1;1;85;0;4919556;336;0
147;18;336;13;39;56;99;4.60;7;2;1;79;0;4919699;1787;0
147;18;336;13;39;56;99;3.60;3;1;1;80;0;4919699;126;0
147;18;336;13;39;56;99;3.60;6;2;1;76;0;4919699;184;0
147;18;336;13;39;58;15;3.80;6;2;1;76;0;4919815;98;4919199
147;18;336;13;39;59;99;3.40;5;2;1;98;0;4919999;485;0
147;18;336;13;39;59;99;3.40;2;1;1;73;0;4919999;1482;0
147;18;336;13;39;59;99;3.60;6;2;1;80;0;4919999;166;4919199
147;18;336;13;40;0;11;3.60;2;1;1;76;0;4920011;-1;4919199
147;18;336;13;40;0;11;4.40;3;1;1;76;0;4920011;295;0
147;18;336;13;40;1;20;3.20;3;1;1;73;0;4920120;88;0
147;18;336;13;40;0;18;9.20;7;2;2;53;0;4920018;298;0
147;18;336;13;40;1;99;3.60;6;2;1;80;0;4920199;183;4919199
147;18;336;13;40;1;99;3.80;2;1;1;73;0;4920199;170;4919199
147;18;336;13;40;2;99;4.40;6;2;1;82;0;4920299;83;4919199
147;18;336;13;40;5;2;3.40;2;1;1;78;0;4920502;284;0
147;18;336;13;40;2;68;4.20;7;2;1;14;0;4920268;187;0
147;18;336;13;40;5;12;3.80;6;2;1;84;0;4920512;193;4919199
147;18;336;13;40;6;94;3.40;2;1;1;73;0;4920694;176;4919199
147;18;336;13;40;6;99;3.60;6;2;1;82;0;4920699;170;4919199
147;18;336;13;40;6;90;8.20;7;2;6;78;0;4920690;314;0
147;18;336;13;40;7;99;3.20;2;1;1;73;0;4920799;88;0
147;18;336;13;40;7;99;3.60;1;1;1;84;0;4920799;1266;0
147;18;336;13;40;7;99;3.40;3;1;1;70;0;4920799;663;0
147;18;336;13;40;8;14;3.60;6;2;1;82;0;4920814;99;4919199
147;18;336;13;40;8;17;3.60;4;1;1;81;0;4920817;1602;0
147;18;336;13;40;8;48;3.00;2;1;1;74;0;4920848;33;0
147;18;336;13;40;9;21;4.60;4;1;1;82;0;4920921;88;0
147;18;336;13;40;9;99;3.40;2;1;1;76;0;4920999;136;4920502
147;18;336;13;40;9;99;3.80;1;1;1;71;0;4920999;184;4920502
147;18;336;13;40;10;99;3.60;3;1;1;75;0;4921099;282;0
147;18;336;13;40;11;99;3.40;5;2;1;80;0;4921199;1187;0
147;18;336;13;40;11;99;3.80;3;1;1;76;0;4921199;82;0
147;18;336;13;40;12;8;3.80;4;1;1;83;0;4921208;266;0
147;18;336;13;40;13;1;5.80;4;1;1;83;0;4921301;76;0
147;18;336;13;40;14;99;3.20;6;2;1;78;0;4921499;669;0
147;18;336;13;40;14;99;3.00;3;1;1;76;0;4921499;282;0
147;18;336;13;40;14;99;4.00;5;2;1;84;0;4921499;284;0
147;18;336;13;40;16;99;4.00;2;1;1;86;0;4921699;683;0
147;18;336;13;40;17;25;4.00;4;1;1;87;0;4921725;398;0
147;18;336;13;40;17;99;3.40;6;2;1;84;0;4921799;285;0
147;18;336;13;40;18;46;3.40;3;1;1;82;0;4921846;332;0
147;18;336;13;40;19;99;3.60;6;2;1;87;0;4921999;185;0
147;18;336;13;40;19;99;3.00;6;2;1;77;0;4921999;-1;0
147;18;336;13;40;20;99;3.60;2;1;1;76;0;4922099;383;0
147;18;336;13;40;21;20;3.60;7;2;1;84;0;4922120;1392;0
147;18;336;13;40;21;85;3.60;3;1;1;80;0;4922185;324;0
147;18;336;13;40;22;99;3.40;4;1;1;87;0;4922299;557;0
147;18;336;13;40;22;99;4.00;2;1;1;76;0;4922299;182;0
147;18;336;13;40;23;24;3.60;4;1;1;87;0;4922324;10;0
147;18;336;13;40;22;98;4.20;7;2;1;19;0;4922298;162;0
147;18;336;13;40;26;60;3.40;3;1;1;78;0;4922660;458;0
147;18;336;13;40;27;7;3.80;6;2;1;83;0;4922707;693;0
147;18;336;13;40;27;99;3.80;5;2;1;90;0;4922799;1282;0
147;18;336;13;40;28;8;3.80;7;2;1;81;0;4922808;430;0
147;18;336;13;40;28;41;3.80;3;1;1;76;0;4922841;165;0
147;18;336;13;40;29;13;3.80;4;1;1;80;0;4922913;574;0
147;18;336;13;40;30;99;5.40;6;2;1;89;0;4923099;375;0
147;18;336;13;40;30;99;3.60;7;2;1;85;0;4923099;274;0
147;18;336;13;40;31;4;3.40;3;1;1;82;0;4923104;245;0
147;18;336;13;40;31;69;6.00;7;2;1;75;0;4923169;54;0
147;18;336;13;40;32;99;4.20;8;2;1;77;0;4923299;7492;0
147;18;336;13;40;33;14;3.20;3;1;1;82;0;4923314;195;0
147;18;336;13;40;34;29;3.40;5;2;1;83;0;4923429;614;0
147;18;336;13;40;33;99;3.60;6;2;1;67;0;4923399;278;0
147;18;336;13;40;34;62;4.20;7;2;1;76;0;4923462;264;0
147;18;336;13;40;34;99;3.80;6;2;1;76;0;4923499;80;0
147;18;336;13;40;36;12;3.40;6;2;1;74;0;4923612;95;0
147;18;336;13;40;36;47;8.60;2;1;6;73;0;4923647;1329;0
147;18;336;13;40;37;99;3.80;7;2;1;80;0;4923799;317;0
147;18;336;13;40;37;99;3.60;3;1;1;75;0;4923799;470;0
147;18;336;13;40;38;14;3.80;6;2;1;72;0;4923814;185;0
147;18;336;13;40;38;99;3.20;4;1;1;78;0;4923899;968;0
147;18;336;13;40;38;99;4.00;7;2;1;77;0;4923899;82;0
147;18;336;13;40;38;99;3.00;2;1;1;73;0;4923899;209;0
147;18;336;13;40;39;18;3.80;4;1;1;77;0;4923918;4;0
147;18;336;13;40;39;70;2.80;3;1;1;75;0;4923970;153;0
147;18;336;13;40;39;88;4.60;6;2;1;81;0;4923988;155;4923399
147;18;336;13;40;39;99;3.40;5;2;1;81;0;4923999;555;0
147;18;336;13;40;40;99;3.80;1;1;1;90;0;4924099;3080;0
147;18;336;13;40;40;99;10.00;2;1;6;100;0;4924099;185;0
147;18;336;13;40;40;99;3.00;5;2;1;80;0;4924099;84;0
147;18;336;13;40;41;14;3.60;4;1;1;80;0;4924114;178;0
147;18;336;13;40;41;99;3.60;3;1;1;74;0;4924199;215;0
147;18;336;13;40;41;46;3.40;2;1;1;68;0;4924146;11;0
147;18;336;13;40;42;8;3.60;4;1;1;78;0;4924208;77;0
147;18;336;13;40;42;99;3.60;7;2;1;83;0;4924299;381;0
147;18;336;13;40;42;99;3.40;2;1;1;69;0;4924299;135;0
147;18;336;13;40;42;99;3.60;6;2;1;75;0;4924299;290;0
147;18;336;13;40;43;11;3.60;4;1;1;77;0;4924311;86;4923899
147;18;336;13;40;44;60;3.80;4;1;1;79;0;4924460;132;4923899
147;18;336;13;40;45;99;3.00;4;1;1;78;0;4924599;121;4923899
147;18;336;13;40;45;99;3.00;1;1;1;72;0;4924599;484;0
147;18;336;13;40;46;3;3.80;4;1;1;77;0;4924603;-1;4923899
147;18;336;13;40;46;45;3.60;5;2;1;83;0;4924645;532;0
147;18;336;13;40;46;46;3.80;3;1;1;74;0;4924646;429;0
147;18;336;13;40;47;99;3.60;4;1;1;77;0;4924799;178;4923899
147;18;336;13;40;47;99;3.60;6;2;1;75;0;4924799;482;0
147;18;336;13;40;48;20;3.80;3;1;1;77;0;4924820;155;0
147;18;336;13;40;48;99;3.60;2;1;1;72;0;4924899;582;0
147;18;336;13;40;48;99;3.60;4;1;1;77;0;4924899;83;4923899
147;18;336;13;40;48;99;3.00;6;2;1;75;0;4924899;82;4923899
147;18;336;13;40;48;99;3.20;1;1;1;70;0;4924899;285;0
147;18;336;13;40;48;99;3.80;5;2;1;82;0;4924899;238;0
147;18;336;13;40;50;99;3.60;6;2;1;74;0;4925099;185;0
147;18;336;13;40;50;99;3.20;2;1;1;70;0;4925099;182;0
147;18;336;13;40;50;99;3.40;3;1;1;76;0;4925099;261;0
147;18;336;13;40;51;6;3.80;4;1;1;77;0;4925106;190;4923899
147;18;336;13;40;51;99;3.60;1;1;1;72;0;4925199;283;0
147;18;336;13;40;51;99;4.00;6;2;1;79;0;4925199;82;0
147;18;336;13;40;51;26;3.80;5;2;1;82;0;4925126;210;0
147;18;336;13;40;52;15;4.00;7;2;1;88;0;4925215;900;0
147;18;336;13;40;52;98;3.60;2;1;1;78;0;4925298;182;0
147;18;336;13;40;52;99;3.40;6;2;1;70;0;4925299;81;4924799
147;18;336;13;40;52;99;4.00;5;2;1;82;0;4925299;156;4924799
147;18;336;13;40;53;26;3.20;8;2;1;72;0;4925326;2007;0
147;18;336;13;40;53;27;4.20;7;2;1;75;0;4925327;95;0
147;18;336;13;40;53;99;4.20;7;2;1;71;0;4925399;51;0
147;18;336;13;40;54;27;3.60;5;2;1;83;0;4925427;110;0
147;18;336;13;40;54;28;3.40;6;2;1;79;0;4925428;111;4924799
147;18;336;13;40;54;47;3.80;7;2;1;70;0;4925447;26;4924799
147;18;336;13;40;55;99;3.80;6;2;1;75;0;4925599;155;4924799
147;18;336;13;40;55;99;3.40;3;1;1;78;0;4925599;483;0
147;18;336;13;40;55;99;3.20;3;1;1;75;0;4925599;-1;0
147;18;336;13;40;56;99;3.60;7;2;1;74;0;4925699;232;0
147;18;336;13;40;56;6;3.60;4;1;1;73;0;4925606;482;0
147;18;336;13;40;57;71;4.00;8;2;1;85;0;4925771;429;0
147;18;336;13;40;57;77;3.40;7;2;1;73;0;4925777;60;0
147;18;336;13;40;57;83;3.60;6;2;1;76;0;4925783;165;4924799
147;18;336;13;40;57;99;3.40;4;1;1;74;0;4925799;175;4924799
147;18;336;13;40;57;99;3.60;5;2;1;84;0;4925799;356;0
147;18;336;13;40;58;99;3.00;3;1;1;71;0;4925899;284;0
147;18;336;13;40;59;33;3.00;2;1;1;74;0;4925933;618;0
147;18;336;13;40;59;63;3.40;6;2;1;71;0;4925963;162;4924799
147;18;336;13;41;0;99;3.40;7;2;1;76;0;4926099;305;0
147;18;336;13;41;1;1;3.80;1;1;1;75;0;4926101;884;0
147;18;336;13;41;2;21;3.80;3;1;1;99;0;4926221;306;0
147;18;336;13;41;2;39;5.00;7;2;1;74;0;4926239;123;0
147;18;336;13;41;3;17;3.00;2;1;1;74;0;4926317;369;0
147;18;336;13;41;4;8;3.60;7;2;1;81;0;4926408;144;0
147;18;336;13;41;4;17;3.60;3;1;1;78;0;4926417;182;0
147;18;336;13;41;5;22;3.80;6;2;1;84;0;4926522;541;0
147;18;336;13;41;5;98;3.60;3;1;1;76;0;4926598;164;0
147;18;336;13;41;5;99;3.60;2;1;1;84;0;4926599;267;0
147;18;336;13;41;6;99;3.80;3;1;1;69;0;4926699;83;0
147;18;336;13;41;6;0;3.60;2;1;1;75;0;4926600;-1;0
147;18;336;13;41;7;58;3.60;6;2;1;78;0;4926758;219;0
147;18;336;13;41;7;80;3.80;5;2;1;81;0;4926780;965;0
147;18;336;13;41;7;73;4.40;1;1;1;72;0;4926773;653;0
147;18;336;13;41;8;15;2.80;3;1;1;70;0;4926815;96;4926221
147;18;336;13;41;9;99;3.40;3;1;1;72;0;4926999;169;4926221
147;18;336;13;41;9;26;5.00;6;2;1;76;0;4926926;151;4926221
147;18;336;13;41;10;99;3.80;3;1;1;76;0;4927099;83;4926221
147;18;336;13;41;11;99;3.00;5;2;1;82;0;4927199;402;0
147;18;336;13;41;11;99;3.40;6;2;1;79;0;4927199;249;0
147;18;336;13;41;12;23;3.60;7;2;1;84;0;4927223;799;0
147;18;336;13;41;12;70;3.80;6;2;1;76;0;4927270;55;0
147;18;336;13;41;13;0;3.00;8;2;1;83;0;4927300;1512;0
147;18;336;13;41;12;96;3.60;5;2;1;84;0;4927296;83;0
147;18;336;13;41;13;99;3.20;3;1;1;77;0;4927399;282;0
147;18;336;13;41;15;20;3.60;8;2;1;78;0;4927520;206;0
147;18;336;13;41;16;99;3.40;3;1;1;73;0;4927699;285;0
147;18;336;13;41;18;17;3.80;8;2;1;88;0;4927817;280;0
147;18;336;13;41;18;99;3.60;6;2;1;81;0;4927899;611;0
147;18;336;13;41;18;99;3.20;3;1;1;92;0;4927899;183;0
147;18;336;13;41;19;99;3.60;4;1;1;81;0;4927999;2183;0
147;18;336;13;41;19;0;3.60;5;2;1;86;0;4927900;588;0
147;18;336;13;41;20;13;3.80;6;2;1;81;0;4928013;98;0
147;18;336;13;41;22;11;4.00;3;1;1;82;0;4928211;299;0
147;18;336;13;41;22;10;3.60;7;2;1;75;0;4928210;971;0
147;18;336;13;41;23;12;4.00;6;2;1;86;0;4928312;282;0
147;18;336;13;41;24;99;4.00;2;1;1;89;0;4928499;1881;0
147;18;336;13;41;24;99;4.40;3;1;1;79;0;4928499;270;0
147;18;336;13;41;25;93;3.20;6;2;1;83;0;4928593;264;0
147;18;336;13;41;26;22;3.60;3;1;1;79;0;4928622;102;0
147;18;336;13;41;26;99;3.60;4;1;1;85;0;4928699;684;0
147;18;336;13;41;27;45;3.40;6;2;1;81;0;4928745;138;0
147;18;336;13;41;27;49;3.20;3;1;1;75;0;4928749;110;0
147;18;336;13;41;28;14;3.40;7;2;1;81;0;4928814;586;0
147;18;336;13;41;28;99;3.60;4;1;1;83;0;4928899;184;0
147;18;336;13;41;28;99;4.00;6;2;1;81;0;4928899;138;0
147;18;336;13;41;30;13;3.60;5;2;1;80;0;4929013;1097;0
147;18;336;13;41;30;16;3.60;6;2;1;76;0;4929016;99;0
147;18;336;13;41;31;99;3.40;5;2;1;85;0;4929199;169;0
147;18;336;13;41;31;99;3.60;3;1;1;78;0;4929199;434;0
147;18;336;13;41;32;1;3.20;6;2;1;79;0;4929201;167;4928593
147;18;336;13;41;32;99;3.80;4;1;1;78;0;4929299;384;0
147;18;336;13;41;33;99;3.60;5;2;1;80;0;4929399;185;0
147;18;336;13;41;34;18;3.60;6;2;1;93;0;4929418;202;0
147;18;336;13;41;34;18;3.80;7;2;1;79;0;4929418;588;0
147;18;336;13;41;35;24;3.80;6;2;1;82;0;4929524;92;0
147;18;336;13;41;36;99;3.40;6;2;1;78;0;4929699;158;0
147;18;336;13;41;37;2;4.00;3;1;1;76;0;4929702;486;0
147;18;336;13;41;37;99;3.80;5;2;1;80;0;4929799;383;0
147;18;336;13;41;38;7;3.60;6;2;1;77;0;4929807;92;0
147;18;336;13;41;38;79;3.20;5;2;1;82;0;4929879;62;0
147;18;336;13;41;39;18;3.60;6;2;1;75;0;4929918;94;4929418
147;18;336;13;41;39;99;3.60;3;1;1;82;0;4929999;278;0
147;18;336;13;41;39;99;3.20;4;1;1;80;0;4929999;682;0
147;18;336;13;41;40;49;3.40;6;2;1;76;0;4930049;113;4929418
147;18;336;13;41;41;4;3.80;2;1;1;81;0;4930104;1588;0
147;18;336;13;41;42;0;4.00;7;2;1;86;0;4930200;764;0
147;18;336;13;41;42;20;3.60;6;2;1;74;0;4930220;154;4929418
147;18;336;13;41;42;99;3.60;5;2;1;80;0;4930299;405;0
147;18;336;13;41;42;4;3.60;8;2;1;83;0;4930204;2371;0
147;18;336;13;41;43;63;2.80;3;1;1;74;0;4930363;348;0
147;18;336;13;41;43;68;3.60;6;2;1;74;0;4930368;130;4929418
147;18;336;13;41;44;5;3.40;3;1;1;73;0;4930405;28;4929418
147;18;336;13;41;45;5;3.60;1;1;1;76;0;4930505;3710;0
147;18;336;13;41;45;24;3.40;5;2;1;88;0;4930524;208;0
147;18;336;13;41;46;99;3.40;2;1;1;83;0;4930699;578;0
147;18;336;13;41;46;99;5.00;6;2;1;82;0;4930699;313;0
147;18;336;13;41;47;8;3.00;3;1;1;83;0;4930708;286;0
147;18;336;13;41;49;13;3.40;2;1;1;82;0;4930913;199;0
147;18;336;13;41;49;99;3.40;7;2;1;79;0;4930999;782;0
147;18;336;13;41;49;99;3.00;1;1;1;96;0;4930999;476;0
147;18;336;13;41;49;99;3.60;5;2;1;87;0;4930999;461;0
147;18;336;13;41;50;17;3.40;7;2;1;76;0;4931017;2;0
147;18;336;13;41;50;99;3.60;6;2;1;75;0;4931099;378;0
147;18;336;13;41;50;12;3.60;2;1;1;85;0;4931012;84;0
147;18;336;13;41;50;45;4.00;5;2;1;86;0;4931045;31;0
147;18;336;13;41;51;19;3.80;4;1;1;82;0;4931119;1105;0
147;18;336;13;41;52;6;2.80;6;2;1;74;0;4931206;89;0
147;18;336;13;41;52;99;3.60;2;1;1;75;0;4931299;271;0
147;18;336;13;41;53;2;3.00;3;1;1;81;0;4931302;580;0
147;18;336;13;41;53;37;3.80;5;2;1;84;0;4931337;275;0
147;18;336;13;41;53;47;3.20;8;2;1;82;0;4931347;1127;0
147;18;336;13;41;54;16;3.40;2;1;1;78;0;4931416;99;0
147;18;336;13;41;54;99;4.00;4;1;1;85;0;4931499;363;0
147;18;336;13;41;55;99;3.60;1;1;1;81;0;4931599;588;0
147;18;336;13;41;56;99;3.20;7;2;1;80;0;4931699;665;0
147;18;336;13;41;56;99;3.40;3;1;1;84;0;4931699;383;0
147;18;336;13;41;57;34;3.40;4;1;1;92;0;4931734;218;0
147;18;336;13;41;57;99;3.40;6;2;1;77;0;4931799;579;0
147;18;336;13;41;57;99;3.80;7;2;1;80;0;4931799;85;0
147;18;336;13;41;58;60;3.00;6;2;1;75;0;4931860;45;0
147;18;336;13;41;59;99;3.60;3;1;1;79;0;4931999;285;0
147;18;336;13;41;59;99;3.60;6;2;1;74;0;4931999;124;0
147;18;336;13;42;0;7;4.20;8;2;1;79;0;4932007;645;0
147;18;336;13;42;0;31;3.20;7;2;1;80;0;4932031;214;0
147;18;336;13;42;1;0;4.00;2;1;1;83;0;4932100;668;0
147;18;336;13;42;2;8;3.60;4;1;1;81;0;4932208;460;0
147;18;336;13;42;2;99;3.60;2;1;1;79;0;4932299;181;0
147;18;336;13;42;3;27;3.60;5;2;1;86;0;4932327;973;0
147;18;336;13;42;3;62;3.20;3;1;1;79;0;4932362;346;0
147;18;336;13;42;4;99;3.80;4;1;1;85;0;4932499;275;0
147;18;336;13;42;4;99;4.20;6;2;1;81;0;4932499;482;0
147;18;336;13;42;5;11;4.00;2;1;1;78;0;4932511;195;0
147;18;336;13;42;6;44;6.00;3;1;1;78;0;4932644;267;0
147;18;336;13;42;6;52;4.80;6;2;1;81;0;4932652;134;0
147;18;336;13;42;6;66;3.40;2;1;1;78;0;4932666;136;0
147;18;336;13;42;6;90;3.20;1;1;1;74;0;4932690;1075;0
147;18;336;13;42;7;99;3.40;1;1;1;76;0;4932799;93;0
147;18;336;13;42;8;19;3.60;2;1;1;78;0;4932819;137;4932100
147;18;336;13;42;8;50;3.60;3;1;1;79;0;4932850;178;4932100
147;18;336;13;42;10;3;3.00;3;1;1;79;0;4933003;136;4932100
147;18;336;13;42;12;27;3.80;3;1;1;84;0;4933227;210;0
147;18;336;13;42;13;99;3.60;6;2;1;75;0;4933399;725;0
147;18;336;13;42;13;28;3.80;2;1;1;83;0;4933328;492;0
147;18;336;13;42;13;36;3.40;7;2;1;73;0;4933336;1290;0
147;18;336;13;42;13;54;3.20;4;1;1;81;0;4933354;838;0
147;18;336;13;42;15;6;3.60;6;2;1;78;0;4933506;89;0
147;18;336;13;42;16;42;4.00;3;1;1;78;0;4933642;398;0
147;18;336;13;42;16;69;3.80;1;1;1;79;0;4933669;853;0
147;18;336;13;42;16;83;3.20;7;2;1;79;0;4933683;330;0
147;18;336;13;42;17;99;3.60;6;2;1;81;0;4933799;276;0
147;18;336;13;42;19;3;3.00;3;1;1;74;0;4933903;242;0
147;18;336;13;42;19;16;4.00;2;1;1;79;0;4933916;571;0
147;18;336;13;42;19;97;3.80;7;2;1;83;0;4933997;299;0
147;18;336;13;42;19;99;3.80;5;2;1;81;0;4933999;1656;0
147;18;336;13;42;21;7;3.20;1;1;1;87;0;4934107;420;0
147;18;336;13;42;21;14;3.00;2;1;1;75;0;4934114;179;0
147;18;336;13;42;22;18;4.80;1;1;1;76;0;4934218;97;0
147;18;336;13;42;22;99;3.60;3;1;1;77;0;4934299;381;0
147;18;336;13;42;23;3;4.00;4;1;1;83;0;4934303;934;0
147;18;336;13;42;23;8;4.00;2;1;1;78;0;4934308;179;0
147;18;336;13;42;23;5;3.60;6;2;1;75;0;4934305;490;0
147;18;336;13;42;24;69;3.80;4;1;1;80;0;4934469;148;0
147;18;336;13;42;25;99;3.20;6;2;1;77;0;4934599;276;0
147;18;336;13;42;26;4;4.00;8;2;1;94;0;4934604;2577;0
147;18;336;13;42;27;20;3.80;3;1;1;77;0;4934720;404;0
147;18;336;13;42;27;99;4.80;7;2;1;84;0;4934799;785;0
147;18;336;13;42;28;10;4.60;7;2;1;88;0;4934810;-1;0
147;18;336;13;42;29;45;3.80;3;1;1;79;0;4934945;207;0
147;18;336;13;42;30;99;3.20;3;1;1;79;0;4935099;136;0
147;18;336;13;42;30;99;3.00;6;2;1;76;0;4935099;485;0
147;18;336;13;42;31;43;3.60;3;1;1;77;0;4935143;29;0
147;18;336;13;42;31;50;3.80;4;1;1;82;0;4935150;663;0
147;18;336;13;42;32;99;3.80;6;2;1;79;0;4935299;185;0
147;18;336;13;42;32;99;3.80;7;2;1;81;0;4935299;470;0
147;18;336;13;42;33;99;3.60;8;2;1;83;0;4935399;779;0
147;18;336;13;42;35;4;3.80;4;1;1;83;0;4935504;337;0
147;18;336;13;42;36;41;3.40;8;2;1;74;0;4935641;226;0
147;18;336;13;42;37;8;3.40;6;2;1;84;0;4935708;391;0
147;18;336;13;42;37;99;3.80;3;1;1;77;0;4935799;639;0
147;18;336;13;42;38;99;3.20;2;1;1;72;0;4935899;1572;0
147;18;336;13;42;40;99;3.40;6;2;1;77;0;4936099;376;0
147;18;336;13;42;40;99;11.80;2;1;3;73;0;4936099;184;0
147;18;336;13;42;41;99;3.80;4;1;1;91;0;4936199;678;0
147;18;336;13;42;41;99;3.40;3;1;1;86;0;4936199;382;0
147;18;336;13;42;42;68;3.60;6;2;1;77;0;4936268;153;0
147;18;336;13;42;42;99;3.80;2;1;1;77;0;4936299;141;0
147;18;336;13;42;43;0;4.00;8;2;1;86;0;4936300;642;0
147;18;336;13;42;43;6;3.40;3;1;1;84;0;4936306;92;0
147;18;336;13;42;43;22;3.80;4;1;1;85;0;4936322;107;0
147;18;336;13;42;44;26;3.40;6;2;1;86;0;4936426;141;0
147;18;336;13;42;44;66;3.20;8;2;1;84;0;4936466;149;0
147;18;336;13;42;46;99;3.80;7;2;1;85;0;4936699;1383;0
147;18;336;13;42;49;26;3.60;6;2;1;81;0;4936926;485;0
147;18;336;13;42;49;53;3.40;5;2;1;82;0;4936953;2937;0
147;18;336;13;42;51;99;3.80;5;2;1;84;0;4937199;231;0
147;18;336;13;42;51;99;12.60;6;2;7;83;0;4937199;257;0
147;18;336;13;42;52;20;2.80;3;1;1;82;0;4937220;899;0
147;18;336;13;42;52;86;6.20;6;2;1;84;0;4937286;32;0
147;18;336;13;42;53;11;3.80;3;1;1;74;0;4937311;78;0
147;18;336;13;42;53;99;4.40;7;2;1;83;0;4937399;683;0
147;18;336;13;42;53;99;3.80;2;1;1;84;0;4937399;1082;0
147;18;336;13;42;54;12;3.60;4;1;1;81;0;4937412;1073;0
147;18;336;13;42;54;34;3.20;3;1;1;75;0;4937434;104;0
147;18;336;13;42;55;8;3.80;2;1;1;79;0;4937508;92;0
147;18;336;13;42;55;10;4.40;7;2;1;80;0;4937510;91;0
147;18;336;13;42;55;99;3.40;5;2;1;83;0;4937599;383;0
147;18;336;13;42;56;7;3.80;2;1;1;79;0;4937607;81;0
147;18;336;13;42;57;1;3.80;3;1;1;79;0;4937701;251;0
147;18;336;13;42;57;77;4.00;8;2;1;86;0;4937777;1297;0
147;18;336;13;42;58;99;4.80;2;1;1;80;0;4937899;274;0
147;18;336;13;42;58;99;8.00;6;2;6;78;0;4937899;586;0
147;18;336;13;42;58;99;3.80;3;1;1;76;0;4937899;180;0
147;18;336;13;42;58;99;3.40;1;1;1;67;0;4937899;3658;0
147;18;336;13;43;0;99;3.80;2;1;1;79;0;4938099;178;0
147;18;336;13;43;0;37;23.60;3;1;5;78;0;4938037;120;0
147;18;336;13;43;1;99;3.20;6;2;1;80;0;4938199;263;0
147;18;336;13;43;2;20;3.80;1;1;1;75;0;4938220;302;0
147;18;336;13;43;2;35;2.80;4;1;1;79;0;4938235;807;0
147;18;336;13;43;2;60;3.60;7;2;1;70;0;4938260;730;0
147;18;336;13;43;2;91;3.60;3;1;1;77;0;4938291;145;0
147;18;336;13;43;3;99;3.80;8;2;1;86;0;4938399;605;0
147;18;336;13;43;3;99;3.40;7;2;1;70;0;4938399;120;0
147;18;336;13;43;3;99;3.40;5;2;1;78;0;4938399;785;0
147;18;336;13;43;4;99;3.40;2;1;1;86;0;4938499;382;0
147;18;336;13;43;4;99;3.20;3;1;1;77;0;4938499;191;4937701
147;18;336;13;43;4;4;3.60;5;2;1;81;0;4938404;-1;4937701
147;18;336;13;43;4;99;16.60;7;2;5;72;0;4938499;82;4937701
147;18;336;13;43;5;20;3.60;5;2;1;81;0;4938520;100;4937701
147;18;336;13;43;5;21;3.80;6;2;1;82;0;4938521;307;0
147;18;336;13;43;6;1;4.60;6;2;1;81;0;4938601;63;0
147;18;336;13;43;6;1;3.80;3;1;1;77;0;4938601;87;4937701
147;18;336;13;43;7;62;3.80;8;2;1;77;0;4938762;347;0
147;18;336;13;43;8;2;3.60;4;1;1;79;0;4938802;554;0
147;18;336;13;43;8;11;3.80;2;1;1;80;0;4938811;297;0
147;18;336;13;43;8;99;3.80;6;2;1;77;0;4938899;277;0
147;18;336;13;43;10;60;3.60;3;1;1;76;0;4939060;441;0
147;18;336;13;43;10;71;3.20;6;2;1;77;0;4939071;154;0
147;18;336;13;43;10;99;3.60;7;2;1;78;0;4939099;517;0
147;18;336;13;43;11;99;3.60;4;1;1;80;0;4939199;380;0
147;18;336;13;43;11;99;3.20;6;2;1;77;0;4939199;113;0
147;18;336;13;43;13;96;3.80;5;2;1;83;0;4939396;860;0
147;18;336;13;43;13;98;7.60;3;1;6;76;0;4939398;320;0
147;18;336;13;43;14;20;3.60;6;2;1;81;0;4939420;206;0
147;18;336;13;43;14;8;3.60;7;2;1;81;0;4939408;292;0
147;18;336;13;43;15;96;3.00;6;2;1;82;0;4939596;160;0
147;18;336;13;43;16;99;3.80;2;1;1;82;0;4939699;870;0
147;18;336;13;43;17;10;3.40;3;1;1;75;0;4939710;276;0
147;18;336;13;43;19;4;3.80;4;1;1;79;0;4939904;688;0
147;18;336;13;43;19;99;3.40;3;1;1;79;0;4939999;272;0
147;18;336;13;43;20;37;3.40;8;2;1;85;0;4940037;1257;0
147;18;336;13;43;20;72;6.00;4;1;1;85;0;4940072;150;0
147;18;336;13;43;20;89;3.60;3;1;1;81;0;4940089;74;0
147;18;336;13;43;19;16;4.20;7;2;1;14;0;4939916;492;0
147;18;336;13;43;22;99;3.60;5;2;1;80;0;4940299;886;0
147;18;336;13;43;22;99;3.40;6;2;1;79;0;4940299;689;0
147;18;336;13;43;22;41;4.40;1;1;1;85;0;4940241;2002;0
147;18;336;13;43;23;5;4.00;2;1;1;78;0;4940305;589;0
147;18;336;13;43;23;99;3.40;6;2;1;77;0;4940399;84;0
147;18;336;13;43;24;1;3.80;4;1;1;75;0;4940401;303;0
147;18;336;13;43;24;99;3.60;2;1;1;81;0;4940499;175;0
147;18;336;13;43;25;78;3.40;2;1;1;79;0;4940578;63;0
147;18;336;13;43;26;3;3.60;5;2;1;78;0;4940603;287;0
147;18;336;13;43;27;26;4.40;7;2;1;86;0;4940726;702;0
147;18;336;13;43;27;18;4.60;6;2;1;74;0;4940718;303;0
147;18;336;13;43;28;16;3.80;5;2;1;80;0;4940816;196;0
147;18;336;13;43;28;99;3.60;4;1;1;87;0;4940899;479;0
147;18;336;13;43;29;99;3.00;3;1;1;74;0;4940999;894;0
147;18;336;13;43;29;99;3.20;6;2;1;75;0;4940999;258;0
147;18;336;13;43;29;99;3.40;1;1;1;80;0;4940999;739;0
147;18;336;13;43;30;11;4.20;5;2;1;82;0;4941011;177;0
147;18;336;13;43;30;18;4.00;7;2;1;85;0;4941018;273;0
147;18;336;13;43;30;36;3.40;6;2;1;74;0;4941036;21;0
147;18;336;13;43;30;64;3.60;2;1;1;81;0;4941064;470;0
147;18;336;13;43;32;99;4.20;7;2;1;77;0;4941299;264;0
147;18;336;13;43;33;19;3.20;4;1;1;87;0;4941319;405;0
147;18;336;13;43;33;99;4.00;3;1;1;87;0;4941399;385;0
147;18;336;13;43;33;99;3.60;6;2;1;82;0;4941399;346;0
147;18;336;13;43;35;5;3.00;3;1;1;82;0;4941505;89;0
147;18;336;13;43;35;17;3.60;5;2;1;89;0;4941517;487;0
147;18;336;13;43;35;61;4.00;2;1;1;90;0;4941561;481;0
147;18;336;13;43;36;99;3.40;7;2;1;78;0;4941699;380;0
147;18;336;13;43;36;99;3.60;6;2;1;78;0;4941699;284;0
147;18;336;13;43;39;99;3.40;6;2;1;74;0;4941999;283;0
147;18;336;13;43;39;99;6.60;4;1;1;91;0;4941999;666;0
147;18;336;13;43;40;6;3.60;5;2;1;81;0;4942006;474;0
147;18;336;13;43;41;87;3.60;5;2;1;88;0;4942187;165;0
147;18;336;13;43;41;99;3.60;3;1;1;81;0;4942199;680;0
147;18;336;13;43;41;99;3.40;6;2;1;78;0;4942199;183;0
147;18;336;13;43;41;99;3.00;2;1;1;73;0;4942199;622;0
147;18;336;13;43;42;9;3.40;1;1;1;82;0;4942209;1194;0
147;18;336;13;43;43;70;3.40;3;1;1;78;0;4942370;155;0
147;18;336;13;43;43;76;3.60;1;1;1;74;0;4942376;152;0
147;18;336;13;43;43;93;3.00;2;1;1;66;0;4942393;179;0
147;18;336;13;43;44;99;6.20;3;1;1;89;0;4942499;113;0
147;18;336;13;43;45;25;3.40;6;2;1;82;0;4942525;310;0
147;18;336;13;43;46;61;3.60;8;2;1;72;0;4942661;2609;0
147;18;336;13;43;46;54;5.40;7;2;1;33;0;4942654;939;0
147;18;336;13;43;48;57;3.00;2;1;1;81;0;4942857;447;0
147;18;336;13;43;48;54;3.60;6;2;1;77;0;4942854;314;0
147;18;336;13;43;48;70;4.20;3;1;1;76;0;4942870;345;0
147;18;336;13;43;49;99;3.40;3;1;1;76;0;4942999;109;0
147;18;336;13;43;50;99;3.60;7;2;1;79;0;4943099;386;0
147;18;336;13;43;50;18;3.40;8;2;1;78;0;4943018;339;0
147;18;336;13;43;51;20;3.80;4;1;1;81;0;4943120;1094;0
147;18;336;13;43;51;67;3.60;3;1;1;75;0;4943167;151;0
147;18;336;13;43;51;99;3.80;7;2;1;82;0;4943199;83;0
147;18;336;13;43;52;16;3.20;6;2;1;77;0;4943216;345;0
147;18;336;13;43;52;99;3.80;2;1;1;80;0;4943299;428;0
147;18;336;13;43;52;99;3.40;4;1;1;75;0;4943299;162;0
147;18;336;13;43;53;11;3.20;7;2;1;81;0;4943311;95;0
147;18;336;13;43;55;99;3.60;3;1;1;76;0;4943599;414;0
147;18;336;13;43;55;99;3.20;6;2;1;81;0;4943599;368;0
147;18;336;13;43;56;20;3.60;4;1;1;78;0;4943620;304;0
147;18;336;13;43;56;22;3.80;2;1;1;80;0;4943622;305;0
147;18;336;13;43;56;99;8.00;6;2;6;74;0;4943699;85;0
147;18;336;13;43;57;99;3.80;2;1;1;78;0;4943799;159;0
147;18;336;13;43;58;23;4.00;7;2;1;82;0;4943823;497;0
147;18;336;13;43;58;9;3.40;3;1;1;74;0;4943809;192;0
147;18;336;13;43;58;37;3.20;6;2;1;69;0;4943837;99;0
147;18;336;13;43;59;11;3.80;5;2;1;81;0;4943911;1709;0
147;18;336;13;43;59;99;4.60;2;1;1;66;0;4943999;182;0
147;18;336;13;43;59;99;3.20;3;1;1;73;0;4943999;173;0
147;18;336;13;43;59;99;4.00;7;2;1;83;0;4943999;158;0
147;18;336;13;44;0;10;3.60;6;2;1;69;0;4944010;156;0
147;18;336;13;44;0;99;3.40;5;2;1;81;0;4944099;171;0
147;18;336;13;44;1;8;3.60;2;1;1;72;0;4944108;83;0
147;18;336;13;44;1;47;3.40;5;2;1;80;0;4944147;32;0
147;18;336;13;44;1;74;3.60;6;2;1;66;0;4944174;145;4943599
147;18;336;13;44;1;92;3.20;7;2;1;78;0;4944192;175;4943599
147;18;336;13;44;1;90;3.60;3;1;1;69;0;4944190;175;4943599
147;18;336;13;44;2;99;3.20;5;2;1;79;0;4944299;136;4943599
147;18;336;13;44;2;99;3.20;6;2;1;68;0;4944299;105;4943599
147;18;336;13;44;2;99;4.60;2;1;1;72;0;4944299;173;4943622
147;18;336;13;44;3;2;3.60;6;2;1;71;0;4944302;-1;4943599
147;18;336;13;44;3;23;3.80;3;1;1;75;0;4944323;114;4943599
147;18;336;13;44;4;6;3.40;7;2;1;76;0;4944406;199;4943599
147;18;336;13;44;4;81;3.40;1;1;1;76;0;4944481;2087;0
147;18;336;13;44;4;99;3.40;5;2;1;81;0;4944499;185;4943911
147;18;336;13;44;4;99;3.40;4;1;1;76;0;4944499;862;0
147;18;336;13;44;4;99;3.80;7;2;1;73;0;4944499;76;4943823
147;18;336;13;44;5;99;3.60;5;2;1;82;0;4944599;84;4943911
147;18;336;13;44;6;19;3.00;7;2;1;72;0;4944619;101;4943823
147;18;336;13;44;6;22;4.00;3;1;1;78;0;4944622;280;0
147;18;336;13;44;8;13;3.20;3;1;1;79;0;4944813;172;0
147;18;336;13;44;8;26;3.80;4;1;1;81;0;4944826;310;0
147;18;336;13;44;9;65;3.40;3;1;1;79;0;4944965;137;0
147;18;336;13;44;9;60;3.20;6;2;1;73;0;4944960;639;0
147;18;336;13;44;9;74;4.00;2;1;1;71;0;4944974;652;0
147;18;336;13;44;9;63;3.40;1;1;1;61;0;4944963;465;0
147;18;336;13;44;10;21;3.80;4;1;1;83;0;4945021;178;0
147;18;336;13;44;10;99;3.40;1;1;1;67;0;4945099;115;0
147;18;336;13;44;10;99;3.60;6;2;1;78;0;4945099;123;0
147;18;336;13;44;11;52;3.20;3;1;1;78;0;4945152;171;0
147;18;336;13;44;12;12;3.60;2;1;1;82;0;4945212;217;0
147;18;336;13;44;12;99;3.60;6;2;1;78;0;4945299;183;0
147;18;336;13;44;12;99;3.40;1;1;1;71;0;4945299;181;0
147;18;336;13;44;12;99;3.20;5;2;1;79;0;4945299;684;0
147;18;336;13;44;12;99;3.60;2;1;1;82;0;4945299;71;0
147;18;336;13;44;13;99;3.80;5;2;1;79;0;4945399;85;0
147;18;336;13;44;13;99;3.00;3;1;1;75;0;4945399;232;0
147;18;336;13;44;14;6;3.60;6;2;1;75;0;4945406;90;0
147;18;336;13;44;14;12;3.20;2;1;1;78;0;4945412;97;0
147;18;336;13;44;14;72;3.80;5;2;1;75;0;4945472;55;0
147;18;336;13;44;14;99;3.60;3;1;1;73;0;4945499;85;0
147;18;336;13;44;15;22;3.60;4;1;1;81;0;4945522;484;0
147;18;336;13;44;15;99;3.80;2;1;1;77;0;4945599;172;0
147;18;336;13;44;15;99;3.80;5;2;1;73;0;4945599;108;0
147;18;336;13;44;16;22;3.20;6;2;1;74;0;4945622;198;4944960
147;18;336;13;44;16;12;3.00;4;1;1;80;0;4945612;74;4944960
147;18;336;13;44;16;5;3.80;5;2;1;76;0;4945605;-1;4945299
147;18;336;13;44;16;46;3.60;3;1;1;75;0;4945646;129;4945299
147;18;336;13;44;17;98;3.60;5;2;1;78;0;4945798;175;4945299
147;18;336;13;44;18;6;3.80;4;1;1;82;0;4945806;180;4945299
147;18;336;13;44;18;12;3.60;5;2;1;79;0;4945812;-1;4945299
147;18;336;13;44;18;99;3.20;3;1;1;71;0;4945899;235;0
147;18;336;13;44;19;17;5.20;5;2;1;80;0;4945917;88;4945299
147;18;336;13;44;19;74;3.60;6;2;1;77;0;4945974;336;0
147;18;336;13;44;19;76;3.80;3;1;1;71;0;4945976;60;0
147;18;336;13;44;19;99;3.60;7;2;1;80;0;4945999;1365;0
147;18;336;13;44;20;9;3.60;4;1;1;81;0;4946009;186;0
147;18;336;13;44;20;22;3.40;5;2;1;81;0;4946022;81;4945299
147;18;336;13;44;20;99;3.40;6;2;1;76;0;4946099;108;4945299
147;18;336;13;44;20;99;4.80;3;1;1;70;0;4946099;103;4945299
147;18;336;13;44;21;99;3.60;2;1;1;73;0;4946199;582;0
147;18;336;13;44;21;23;3.80;4;1;1;83;0;4946123;98;4945522
147;18;336;13;44;22;5;3.80;7;2;1;80;0;4946205;189;4945522
147;18;336;13;44;22;99;3.20;5;2;1;80;0;4946299;261;0
147;18;336;13;44;22;99;3.60;8;2;1;84;0;4946299;3265;0
147;18;336;13;44;23;99;3.40;8;2;1;78;0;4946399;84;0
147;18;336;13;44;25;10;3.00;4;1;1;86;0;4946510;370;0
147;18;336;13;44;25;99;3.60;3;1;1;77;0;4946599;475;0
147;18;336;13;44;25;99;3.20;7;2;1;77;0;4946599;376;0
147;18;336;13;44;26;8;4.20;6;2;1;81;0;4946608;492;0
147;18;336;13;44;26;20;3.60;4;1;1;82;0;4946620;97;0
147;18;336;13;44;27;99;3.40;6;2;1;76;0;4946799;172;0
147;18;336;13;44;28;99;3.40;6;2;1;78;0;4946899;83;0
147;18;336;13;44;29;64;3.80;5;2;1;83;0;4946964;650;0
147;18;336;13;44;29;74;3.60;6;2;1;79;0;4946974;59;0
147;18;336;13;44;30;99;3.40;4;1;1;82;0;4947099;463;0
147;18;336;13;44;30;99;3.20;3;1;1;77;0;4947099;483;0
147;18;336;13;44;30;99;3.60;6;2;1;78;0;4947099;108;4946608
147;18;336;13;44;31;26;3.40;5;2;1;84;0;4947126;145;4946608
147;18;336;13;44;31;30;4.00;7;2;1;18;0;4947130;516;0
147;18;336;13;44;33;18;3.80;4;1;1;78;0;4947318;204;0
147;18;336;13;44;33;99;3.40;6;2;1;78;0;4947399;283;0
147;18;336;13;44;33;99;3.60;3;1;1;81;0;4947399;285;0
147;18;336;13;44;34;14;3.60;6;2;1;74;0;4947414;-1;0
147;18;336;13;44;35;6;3.00;6;2;1;75;0;4947506;74;0
147;18;336;13;44;35;99;3.20;5;2;1;79;0;4947599;458;0
147;18;336;13;44;35;99;4.00;4;1;1;73;0;4947599;263;0
147;18;336;13;44;35;99;3.60;3;1;1;79;0;4947599;184;0
147;18;336;13;44;36;5;3.80;4;1;1;78;0;4947605;-1;0
147;18;336;13;44;37;49;3.40;3;1;1;78;0;4947749;133;0
147;18;336;13;44;37;75;3.40;4;1;1;77;0;4947775;152;0
147;18;336;13;44;37;81;3.40;6;2;1;76;0;4947781;260;0
147;18;336;13;44;35;36;4.20;7;2;1;15;0;4947536;326;0
147;18;336;13;44;37;99;3.40;2;1;1;85;0;4947799;1582;0
147;18;336;13;44;38;99;3.60;5;2;1;75;0;4947899;285;0
147;18;336;13;44;38;99;3.20;3;1;1;77;0;4947899;134;0
147;18;336;13;44;38;99;3.60;7;2;1;74;0;4947899;262;0
147;18;336;13;44;39;99;3.60;8;2;1;76;0;4947999;1584;0
147;18;336;13;44;40;99;3.60;7;2;1;78;0;4948099;182;0
147;18;336;13;44;40;99;3.60;6;2;1;80;0;4948099;301;0
147;18;336;13;44;41;0;3.80;5;2;1;87;0;4948100;183;0
147;18;336;13;44;41;20;3.60;3;1;1;75;0;4948120;206;0
147;18;336;13;44;41;99;3.80;6;2;1;78;0;4948199;83;0
147;18;336;13;44;42;54;3.20;7;2;1;80;0;4948254;138;0
147;18;336;13;44;42;65;3.80;6;2;1;83;0;4948265;48;0
147;18;336;13;44;42;76;4.60;2;1;1;75;0;4948276;462;0
147;18;336;13;44;42;98;3.60;3;1;1;76;0;4948298;160;0
147;18;336;13;44;44;8;3.80;3;1;1;78;0;4948408;92;0
147;18;336;13;44;44;15;3.80;5;2;1;100;0;4948415;299;0
147;18;336;13;44;44;27;4.60;7;2;1;75;0;4948427;158;0
147;18;336;13;44;44;53;3.60;3;1;1;83;0;4948453;27;0
147;18;336;13;44;45;95;4.00;7;2;1;77;0;4948595;145;4947899
147;18;336;13;44;45;99;3.40;2;1;1;77;0;4948599;300;0
147;18;336;13;44;45;99;3.80;3;1;1;84;0;4948599;130;4948120
147;18;336;13;44;46;25;3.60;6;2;1;79;0;4948625;343;0
147;18;336;13;44;47;59;3.60;5;2;1;89;0;4948759;330;0
147;18;336;13;44;47;68;3.40;4;1;1;84;0;4948768;977;0
147;18;336;13;44;48;99;4.00;3;1;1;78;0;4948899;283;0
147;18;336;13;44;49;18;3.20;5;2;1;82;0;4948918;144;0
147;18;336;13;44;49;39;3.60;1;1;1;74;0;4948939;3622;0
147;18;336;13;44;50;75;3.20;2;1;1;82;0;4949075;460;0
147;18;336;13;44;50;99;3.60;6;2;1;72;0;4949099;457;0
147;18;336;13;44;52;14;3.20;5;2;1;85;0;4949214;281;0
147;18;336;13;44;52;13;5.20;6;2;1;73;0;4949213;96;0
147;18;336;13;44;52;78;3.40;3;1;1;81;0;4949278;360;0
147;18;336;13;44;52;82;5.00;8;2;1;96;0;4949282;1265;0
147;18;336;13;44;53;99;3.60;4;1;1;80;0;4949399;616;0
147;18;336;13;44;53;99;3.40;6;2;1;71;0;4949399;160;0
147;18;336;13;44;54;99;3.80;2;1;1;72;0;4949499;409;0
147;18;336;13;44;54;3;3.40;6;2;1;71;0;4949403;-1;0
147;18;336;13;44;55;65;3.60;5;2;1;86;0;4949565;337;0
147;18;336;13;44;56;99;3.80;2;1;1;74;0;4949699;181;0
147;18;336;13;44;56;99;3.00;3;1;1;81;0;4949699;405;0
147;18;336;13;44;56;99;4.20;5;2;1;90;0;4949699;118;0
147;18;336;13;44;54;59;4.20;7;2;1;11;0;4949459;845;0
147;18;336;13;44;59;9;3.20;8;2;1;74;0;4949909;608;0
147;18;336;13;44;59;24;3.40;6;2;1;81;0;4949924;503;0
147;18;336;13;45;0;99;4.60;7;2;1;77;0;4950099;502;0
147;18;336;13;45;1;9;3.60;2;1;1;76;0;4950109;391;0
147;18;336;13;45;1;99;3.60;3;1;1;74;0;4950199;486;0
147;18;336;13;45;2;25;3.40;4;1;1;79;0;4950225;809;0
147;18;336;13;45;3;99;3.60;6;2;1;77;0;4950399;459;0
147;18;336;13;45;3;99;3.20;3;1;1;74;0;4950399;182;0
147;18;336;13;45;3;99;3.40;4;1;1;79;0;4950399;158;0
147;18;336;13;45;3;99;3.00;5;2;1;81;0;4950399;683;0
147;18;336;13;45;3;99;3.60;2;1;1;79;0;4950399;272;0
147;18;336;13;45;5;6;4.80;7;2;1;81;0;4950506;385;0
147;18;336;13;45;5;34;3.40;3;1;1;73;0;4950534;119;0
147;18;336;13;45;6;25;3.20;5;2;1;82;0;4950625;212;0
147;18;336;13;45;6;99;3.00;6;2;1;77;0;4950699;283;0
147;18;336;13;45;6;99;4.40;4;1;1;78;0;4950699;284;0
147;18;336;13;45;7;40;3.00;2;1;1;73;0;4950740;324;0
147;18;336;13;45;7;13;5.60;7;2;1;32;0;4950713;185;0
147;18;336;13;45;8;99;3.20;2;1;1;75;0;4950899;144;0
147;18;336;13;45;9;99;3.60;4;1;1;81;0;4950999;279;0
147;18;336;13;45;9;99;3.80;2;1;1;80;0;4950999;84;0
147;18;336;13;45;10;9;3.60;3;1;1;72;0;4951009;458;0
147;18;336;13;45;10;34;3.00;6;2;1;83;0;4951034;320;0
147;18;336;13;45;10;45;3.20;4;1;1;84;0;4951045;30;0
147;18;336;13;45;10;82;3.40;1;1;1;78;0;4951082;2125;0
147;18;336;13;45;11;99;3.60;4;1;1;81;0;4951199;140;0
147;18;336;13;45;11;99;3.80;2;1;1;79;0;4951199;182;0
147;18;336;13;45;12;8;3.60;6;2;1;77;0;4951208;160;0
147;18;336;13;45;12;99;3.80;1;1;1;85;0;4951299;201;0
147;18;336;13;45;12;31;3.40;3;1;1;73;0;4951231;204;0
147;18;336;13;45;13;17;3.60;2;1;1;79;0;4951317;100;4950740
147;18;336;13;45;13;99;4.00;4;1;1;81;0;4951399;184;4950740
147;18;336;13;45;13;99;3.40;1;1;1;85;0;4951399;83;4950740
147;18;336;13;45;14;6;3.80;5;2;1;82;0;4951406;766;0
147;18;336;13;45;14;99;5.00;3;1;1;72;0;4951499;251;0
147;18;336;13;45;14;99;3.40;6;2;1;75;0;4951499;274;0
147;18;336;13;45;15;39;3.40;2;1;1;80;0;4951539;205;0
147;18;336;13;45;15;49;4.00;6;2;1;80;0;4951549;33;0
147;18;336;13;45;16;11;3.80;7;2;1;74;0;4951611;835;0
147;18;336;13;45;16;99;4.00;3;1;1;76;0;4951699;175;0
147;18;336;13;45;17;99;3.20;6;2;1;75;0;4951799;232;0
147;18;336;13;45;18;72;3.60;6;2;1;74;0;4951872;57;0
147;18;336;13;45;19;99;3.40;2;1;1;76;0;4951999;444;0
147;18;336;13;45;20;0;3.20;6;2;1;75;0;4952000;110;0
147;18;336;13;45;20;60;3.60;7;2;1;76;0;4952060;430;0
147;18;336;13;45;21;99;3.60;5;2;1;80;0;4952199;776;0
147;18;336;13;45;23;49;3.60;7;2;1;80;0;4952349;271;0
147;18;336;13;45;23;90;3.60;2;1;1;75;0;4952390;374;0
147;18;336;13;45;23;99;3.80;6;2;1;78;0;4952399;383;0
147;18;336;13;45;25;12;3.20;5;2;1;86;0;4952512;296;0
147;18;336;13;45;25;31;3.80;2;1;1;79;0;4952531;123;0
147;18;336;13;45;26;99;3.80;2;1;1;80;0;4952699;150;0
147;18;336;13;45;27;99;3.40;7;2;1;77;0;4952799;433;0
147;18;336;13;45;27;99;4.00;3;1;1;81;0;4952799;1081;0
147;18;336;13;45;27;99;3.40;8;2;1;68;0;4952799;2874;0
147;18;336;13;45;27;99;3.20;2;1;1;76;0;4952799;82;0
147;18;336;13;45;28;99;4.00;5;2;1;82;0;4952899;373;0
147;18;336;13;45;29;18;3.80;7;2;1;74;0;4952918;103;0
147;18;336;13;45;29;99;3.60;2;1;1;78;0;4952999;184;4952390
147;18;336;13;45;29;99;3.60;3;1;1;78;0;4952999;182;4952390
147;18;336;13;45;30;8;3.60;5;2;1;83;0;4953008;91;4952390
147;18;336;13;45;30;99;3.40;6;2;1;71;0;4953099;682;0
147;18;336;13;45;30;99;3.20;7;2;1;79;0;4953099;162;0
147;18;336;13;45;30;35;3.80;8;2;1;76;0;4953035;218;0
147;18;336;13;45;31;11;3.40;5;2;1;85;0;4953111;87;0
147;18;336;13;45;31;24;3.80;2;1;1;81;0;4953124;108;4952390
147;18;336;13;45;32;4;3.80;3;1;1;77;0;4953204;188;4952390
147;18;336;13;45;32;31;3.40;5;2;1;85;0;4953231;105;4952390
147;18;336;13;45;32;99;3.20;2;1;1;87;0;4953299;158;4952390
147;18;336;13;45;33;48;3.80;2;1;1;85;0;4953348;35;4952390
147;18;336;13;45;33;57;3.80;8;2;1;82;0;4953357;304;0
147;18;336;13;45;34;6;3.60;3;1;1;76;0;4953406;184;0
147;18;336;13;45;34;99;3.60;6;2;1;75;0;4953499;382;0
147;18;336;13;45;35;25;3.20;6;2;1;76;0;4953525;8;0
147;18;336;13;45;35;28;3.60;1;1;1;91;0;4953528;2114;0
147;18;336;13;45;36;62;3.20;6;2;1;77;0;4953662;121;0
147;18;336;13;45;36;65;3.20;3;1;1;80;0;4953665;241;0
147;18;336;13;45;36;99;4.00;8;2;1;91;0;4953699;325;0
147;18;336;13;45;33;12;4.20;7;2;1;10;0;4953312;198;0
147;18;336;13;45;36;99;3.60;5;2;1;79;0;4953699;453;0
147;18;336;13;45;37;4;3.40;2;1;1;77;0;4953704;339;0
147;18;336;13;45;38;0;3.40;3;1;1;79;0;4953800;120;0
147;18;336;13;45;38;19;3.60;5;2;1;77;0;4953819;103;0
147;18;336;13;45;38;58;3.20;6;2;1;76;0;4953858;181;0
147;18;336;13;45;39;99;3.40;1;1;1;76;0;4953999;456;0
147;18;336;13;45;37;66;4.40;7;2;1;18;0;4953766;302;0
147;18;336;13;45;40;99;3.40;6;2;1;80;0;4954099;225;0
147;18;336;13;45;41;22;4.00;3;1;1;80;0;4954122;306;0
147;18;336;13;45;41;78;3.80;4;1;1;82;0;4954178;2761;0
147;18;336;13;45;42;3;3.60;5;2;1;83;0;4954203;367;0
147;18;336;13;45;42;24;3.80;6;2;1;79;0;4954224;109;0
147;18;336;13;45;43;99;3.40;3;1;1;75;0;4954399;259;0
147;18;336;13;45;43;27;3.60;2;1;1;76;0;4954327;607;0
147;18;336;13;45;44;4;3.60;6;2;1;77;0;4954404;162;0
147;18;336;13;45;45;16;3.60;4;1;1;77;0;4954516;321;0
147;18;336;13;45;46;35;3.40;2;1;1;74;0;4954635;290;0
147;18;336;13;45;46;56;4.40;6;2;1;77;0;4954656;235;0
147;18;336;13;45;47;99;3.60;2;1;1;74;0;4954799;147;0
147;18;336;13;45;46;52;1.00;3;1;1;1;1;4954652;236;0
147;18;336;13;45;48;99;4.00;4;1;1;84;0;4954899;366;0
147;18;336;13;45;48;99;3.20;8;2;1;71;0;4954899;1184;0
147;18;336;13;45;48;16;3.80;7;2;1;79;0;4954816;962;0
147;18;336;13;45;49;21;3.60;4;1;1;82;0;4954921;4;0
147;18;336;13;45;49;27;3.60;6;2;1;83;0;4954927;250;0
147;18;336;13;45;49;99;3.40;3;1;1;81;0;4954999;583;0
147;18;336;13;45;49;99;3.80;8;2;1;74;0;4954999;83;0
147;18;336;13;45;50;16;3.80;5;2;1;86;0;4955016;797;0
147;18;336;13;45;50;99;3.80;6;2;1;75;0;4955099;156;0
147;18;336;13;45;50;99;3.60;8;2;1;74;0;4955099;81;0
147;18;336;13;45;51;91;3.40;6;2;1;76;0;4955191;73;0
147;18;336;13;45;52;99;3.60;5;2;1;79;0;4955299;267;0
147;18;336;13;45;52;99;5.20;7;2;1;81;0;4955299;465;0
147;18;336;13;45;53;25;3.60;5;2;1;82;0;4955325;9;0
147;18;336;13;45;53;20;3.20;6;2;1;76;0;4955320;112;0
147;18;336;13;45;55;1;3.40;6;2;1;78;0;4955501;165;4954927
147;18;336;13;45;55;9;3.80;5;2;1;82;0;4955509;168;4954927
147;18;336;13;45;55;99;3.00;2;1;1;79;0;4955599;782;0
147;18;336;13;45;56;21;3.80;3;1;1;91;0;4955621;606;0
147;18;336;13;45;56;26;3.00;5;2;1;82;0;4955626;100;0
147;18;336;13;45;56;35;3.60;6;2;1;73;0;4955635;118;4954927
147;18;336;13;45;56;40;3.60;2;1;1;78;0;4955640;27;4954927
147;18;336;13;45;57;99;3.80;1;1;1;79;0;4955799;1783;0
147;18;336;13;45;58;10;6.00;3;1;1;83;0;4955810;173;0
147;18;336;13;45;58;99;4.40;7;2;1;81;0;4955899;576;0
147;18;336;13;45;59;70;3.20;2;1;1;78;0;4955970;313;0
147;18;336;13;45;59;81;3.00;3;1;1;80;0;4955981;144;0
147;18;336;13;45;59;99;3.80;4;1;1;79;0;4955999;1062;0
147;18;336;13;46;0;99;3.60;2;1;1;77;0;4956099;114;0
147;18;336;13;46;0;99;3.40;6;2;1;74;0;4956099;446;0
147;18;336;13;46;1;7;3.80;5;2;1;80;0;4956107;467;0
147;18;336;13;46;1;16;3.80;4;1;1;80;0;4956116;99;0
147;18;336;13;46;2;21;3.60;3;1;1;76;0;4956221;226;0
147;18;336;13;46;2;99;3.40;6;2;1;76;0;4956299;183;0
147;18;336;13;46;2;99;3.00;7;2;1;81;0;4956299;380;0
147;18;336;13;46;3;99;3.40;3;1;1;76;0;4956399;160;0
147;18;336;13;46;3;6;3.60;4;1;1;83;0;4956306;172;0
147;18;336;13;46;4;11;3.60;6;2;1;77;0;4956411;95;0
147;18;336;13;46;4;68;3.60;5;2;1;82;0;4956468;343;0
147;18;336;13;46;4;81;3.20;7;2;1;81;0;4956481;168;0
147;18;336;13;46;5;99;3.60;4;1;1;84;0;4956599;277;0
147;18;336;13;46;5;99;3.40;3;1;1;79;0;4956599;183;0
147;18;336;13;46;6;5;3.20;6;2;1;78;0;4956605;177;0
147;18;336;13;46;6;28;3.20;5;2;1;84;0;4956628;144;0
147;18;336;13;46;8;29;3.40;6;2;1;83;0;4956829;209;0
147;18;336;13;46;8;99;3.80;5;2;1;87;0;4956899;257;0
147;18;336;13;46;9;3;3.20;7;2;1;75;0;4956903;407;0
147;18;336;13;46;10;99;3.60;3;1;1;78;0;4957099;484;0
147;18;336;13;46;10;99;4.00;7;2;1;71;0;4957099;180;0
147;18;336;13;46;11;7;4.40;2;1;1;74;0;4957107;991;0
147;18;336;13;46;11;37;3.40;1;1;1;85;0;4957137;1320;0
147;18;336;13;46;12;95;3.20;2;1;1;75;0;4957295;166;0
147;18;336;13;46;13;18;3.80;3;1;1;76;0;4957318;202;0
147;18;336;13;46;14;66;3.20;2;1;1;73;0;4957466;155;0
147;18;336;13;46;14;93;3.80;3;1;1;76;0;4957493;157;0
147;18;336;13;46;15;99;3.80;5;2;1;85;0;4957599;684;0
147;18;336;13;46;15;99;3.40;6;2;1;71;0;4957599;755;0
147;18;336;13;46;15;99;3.60;7;2;1;83;0;4957599;479;0
147;18;336;13;46;16;4;3.40;5;2;1;85;0;4957604;-1;0
147;18;336;13;46;16;25;3.40;3;1;1;78;0;4957625;114;0
147;18;336;13;46;17;84;3.40;6;2;1;71;0;4957784;167;0
147;18;336;13;46;17;99;3.80;2;1;1;73;0;4957799;317;0
147;18;336;13;46;18;13;3.80;4;1;1;82;0;4957813;1198;0
147;18;336;13;46;18;99;3.40;6;2;1;70;0;4957899;97;0
147;18;336;13;46;18;99;3.80;2;1;1;74;0;4957899;81;0
147;18;336;13;46;19;27;3.60;3;1;1;74;0;4957927;286;0
147;18;336;13;46;19;28;3.60;6;2;1;71;0;4957928;11;0
147;18;336;13;46;19;67;3.60;2;1;1;71;0;4957967;49;0
147;18;336;13;46;21;2;4.00;4;1;1;86;0;4958102;272;0
147;18;336;13;46;21;99;3.20;2;1;1;71;0;4958199;213;0
147;18;336;13;46;21;99;3.00;6;2;1;77;0;4958199;252;0
147;18;336;13;46;22;53;3.40;2;1;1;71;0;4958253;37;0
147;18;336;13;46;22;70;3.60;6;2;1;73;0;4958270;56;0
147;18;336;13;46;22;74;3.40;3;1;1;72;0;4958274;329;0
147;18;336;13;46;23;99;3.20;3;1;1;74;0;4958399;108;0
147;18;336;13;46;23;99;3.20;2;1;1;70;0;4958399;128;0
147;18;336;13;46;23;99;3.80;1;1;1;80;0;4958399;1247;0
147;18;336;13;46;23;99;3.80;8;2;1;79;0;4958399;3282;0
147;18;336;13;46;23;99;2.80;7;2;1;67;0;4958399;784;0
147;18;336;13;46;25;18;3.60;3;1;1;77;0;4958518;103;0
147;18;336;13;46;25;99;3.20;7;2;1;71;0;4958599;184;0
147;18;336;13;46;25;99;3.40;6;2;1;75;0;4958599;311;0
147;18;336;13;46;26;9;3.60;7;2;1;72;0;4958609;-1;0
147;18;336;13;46;26;26;3.40;4;1;1;80;0;4958626;507;0
147;18;336;13;46;26;99;3.00;3;1;1;78;0;4958699;164;0
147;18;336;13;46;26;99;3.60;5;2;1;81;0;4958699;1080;0
147;18;336;13;46;27;75;4.00;1;1;1;75;0;4958775;358;0
147;18;336;13;46;27;86;2.80;6;2;1;73;0;4958786;170;0
147;18;336;13;46;28;99;3.80;7;2;1;88;0;4958899;272;0
147;18;336;13;46;28;99;3.60;3;1;1;76;0;4958899;186;4958274
147;18;336;13;46;29;11;3.20;6;2;1;75;0;4958911;111;4958274
147;18;336;13;46;29;29;4.00;2;1;1;73;0;4958929;513;0
147;18;336;13;46;30;30;2.80;2;1;1;72;0;4959030;81;0
147;18;336;13;46;31;2;3.80;4;1;1;84;0;4959102;460;0
147;18;336;13;46;31;15;4.00;3;1;1;74;0;4959115;198;4958274
147;18;336;13;46;31;99;3.20;2;1;1;62;0;4959199;155;4958274
147;18;336;13;46;32;22;3.40;6;2;1;76;0;4959222;295;0
147;18;336;13;46;32;95;3.60;3;1;1;65;0;4959295;160;4958274
147;18;336;13;46;32;96;3.40;2;1;1;62;0;4959296;78;4958274
147;18;336;13;46;33;99;4.00;5;2;1;78;0;4959399;684;0
147;18;336;13;46;33;99;3.00;2;1;1;62;0;4959399;83;4958929
147;18;336;13;46;34;5;3.40;4;1;1;75;0;4959405;286;0
147;18;336;13;46;34;7;3.60;8;2;1;82;0;4959407;990;0
147;18;336;13;46;35;98;6.40;3;1;1;75;0;4959598;283;0
147;18;336;13;46;36;2;4.00;2;1;1;68;0;4959602;185;4958929
147;18;336;13;46;37;9;3.60;4;1;1;83;0;4959709;287;0
147;18;336;13;46;37;28;3.60;3;1;1;78;0;4959728;99;0
147;18;336;13;46;37;64;3.00;2;1;1;72;0;4959764;140;4958929
147;18;336;13;46;38;99;4.00;6;2;1;75;0;4959899;660;0
147;18;336;13;46;38;99;3.80;8;2;1;81;0;4959899;476;0
147;18;336;13;46;39;6;3.40;5;2;1;81;0;4959906;488;0
147;18;336;13;46;39;99;3.20;2;1;1;78;0;4959999;220;0
147;18;336;13;46;39;0;3.80;4;1;1;85;0;4959900;175;0
147;18;336;13;46;39;10;3.60;6;2;1;73;0;4959910;-1;0
147;18;336;13;46;39;16;3.60;3;1;1;74;0;4959916;171;0
147;18;336;13;46;40;14;3.20;5;2;1;80;0;4960014;92;0
147;18;336;13;46;40;83;3.60;7;2;1;79;0;4960083;1168;0
147;18;336;13;46;40;99;9.20;6;2;6;73;0;4960099;171;0
147;18;336;13;46;41;99;3.60;7;2;1;80;0;4960199;99;0
147;18;336;13;46;41;99;3.80;4;1;1;81;0;4960199;282;0
147;18;336;13;46;41;99;3.80;2;1;1;76;0;4960199;185;0
147;18;336;13;46;42;6;3.80;5;2;1;83;0;4960206;177;0
147;18;336;13;46;43;13;4.00;3;1;1;76;0;4960313;379;0
147;18;336;13;46;43;99;4.00;6;2;1;75;0;4960399;254;0
147;18;336;13;46;43;99;3.20;2;1;1;76;0;4960399;182;0
147;18;336;13;46;44;14;3.60;8;2;1;81;0;4960414;498;0
147;18;336;13;46;45;60;3.60;4;1;1;82;0;4960560;344;0
147;18;336;13;46;45;70;3.60;2;1;1;75;0;4960570;155;0
147;18;336;13;46;45;96;3.60;3;1;1;71;0;4960596;264;0
147;18;336;13;46;46;99;3.80;5;2;1;79;0;4960699;476;0
147;18;336;13;46;46;99;3.60;4;1;1;80;0;4960699;123;0
147;18;336;13;46;46;99;3.60;6;2;1;75;0;4960699;280;0
147;18;336;13;46;46;99;3.80;3;1;1;70;0;4960699;84;0
147;18;336;13;46;47;6;3.80;2;1;1;78;0;4960706;118;4959999
147;18;336;13;46;47;15;3.40;4;1;1;82;0;4960715;-1;4959999
147;18;336;13;46;49;99;3.60;5;2;1;85;0;4960999;282;0
147;18;336;13;46;50;17;3.40;3;1;1;70;0;4961017;298;0
147;18;336;13;46;51;99;3.20;3;1;1;69;0;4961199;164;0
147;18;336;13;46;53;99;3.00;6;2;1;76;0;4961399;682;0
147;18;336;13;46;53;99;3.60;3;1;1;67;0;4961399;183;0
147;18;336;13;46;53;99;3.60;4;1;1;79;0;4961399;669;0
147;18;336;13;46;54;31;4.00;2;1;1;103;0;4961431;707;0
147;18;336;13;46;55;4;2.80;4;1;1;77;0;4961504;88;0
147;18;336;13;46;55;47;3.60;3;1;1;66;0;4961547;128;0
147;18;336;13;46;56;19;3.60;4;1;1;77;0;4961619;101;0
147;18;336;13;46;56;99;3.00;6;2;1;74;0;4961699;285;0
147;18;336;13;46;57;99;3.60;3;1;1;74;0;4961799;232;0
147;18;336;13;46;57;20;4.00;5;2;1;85;0;4961720;705;0
147;18;336;13;46;57;18;3.80;4;1;1;76;0;4961718;82;0
147;18;336;13;46;58;99;3.40;7;2;1;69;0;4961899;1683;0
147;18;336;13;46;59;99;3.40;6;2;1;71;0;4961999;285;0
147;18;336;13;46;59;99;3.80;4;1;1;80;0;4961999;263;0
147;18;336;13;46;59;99;4.00;3;1;1;77;0;4961999;182;0
147;18;336;13;46;59;99;4.60;7;2;1;71;0;4961999;82;0
147;18;336;13;47;0;56;3.40;3;1;1;77;0;4962056;38;0
147;18;336;13;47;0;55;3.60;6;2;1;74;0;4962055;38;0
147;18;336;13;47;0;71;3.60;7;2;1;70;0;4962071;48;0
147;18;336;13;47;1;10;3.60;5;2;1;80;0;4962110;373;0
147;18;336;13;47;1;99;3.60;4;1;1;81;0;4962199;182;0
147;18;336;13;47;2;4;3.20;3;1;1;78;0;4962204;132;0
147;18;336;13;47;2;16;3.20;7;2;1;70;0;4962216;126;0
147;18;336;13;47;2;99;4.00;5;2;1;85;0;4962299;172;0
147;18;336;13;47;3;7;3.60;6;2;1;75;0;4962307;234;0
147;18;336;13;47;3;66;4.00;8;2;1;79;0;4962366;1936;0
147;18;336;13;47;4;17;4.00;4;1;1;83;0;4962417;202;0
147;18;336;13;47;4;99;5.00;5;2;1;96;0;4962499;183;0
147;18;336;13;47;4;99;3.60;6;2;1;82;0;4962499;174;0
147;18;336;13;47;5;35;3.20;4;1;1;82;0;4962535;100;0
147;18;336;13;47;6;99;3.80;2;1;1;81;0;4962699;1254;0
147;18;336;13;47;6;99;3.60;6;2;1;83;0;4962699;184;0
147;18;336;13;47;7;99;3.80;7;2;1;82;0;4962799;566;0
147;18;336;13;47;8;57;4.00;4;1;1;83;0;4962857;307;0
147;18;336;13;47;8;73;3.80;7;2;1;80;0;4962873;57;0
147;18;336;13;47;9;2;3.60;8;2;1;81;0;4962902;517;0
147;18;336;13;47;9;99;3.20;7;2;1;80;0;4962999;108;0
147;18;336;13;47;10;10;4.00;5;2;1;85;0;4963010;492;0
147;18;336;13;47;10;14;3.80;7;2;1;77;0;4963014;0;0
147;18;336;13;47;10;36;3.20;6;2;1;84;0;4963036;321;0
147;18;336;13;47;11;11;3.80;2;1;1;84;0;4963111;395;0
147;18;336;13;47;11;99;4.20;7;2;1;74;0;4963199;167;4962799
147;18;336;13;47;11;99;4.60;6;2;1;76;0;4963199;149;4962799
147;18;336;13;47;12;0;3.20;4;1;1;78;0;4963200;325;0
147;18;336;13;47;12;99;3.40;4;1;1;79;0;4963299;84;0
147;18;336;13;47;12;99;3.60;2;1;1;81;0;4963299;171;0
147;18;336;13;47;12;99;3.20;7;2;1;81;0;4963299;79;4962799
147;18;336;13;47;13;12;3.40;3;1;1;77;0;4963312;1093;0
147;18;336;13;47;13;72;4.60;4;1;1;86;0;4963372;57;0
147;18;336;13;47;13;77;4.80;7;2;1;72;0;4963377;63;4962799
147;18;336;13;47;15;30;3.40;2;1;1;76;0;4963530;215;0
147;18;336;13;47;16;93;10.60;6;2;2;73;0;4963693;472;0
147;18;336;13;47;17;99;3.80;5;2;1;83;0;4963799;772;0
147;18;336;13;47;17;99;3.60;3;1;1;83;0;4963799;471;0
147;18;336;13;47;18;59;3.00;6;2;1;74;0;4963859;113;0
147;18;336;13;47;19;99;3.00;6;2;1;75;0;4963999;125;0
147;18;336;13;47;20;7;3.20;5;2;1;79;0;4964007;191;0
147;18;336;13;47;20;99;3.80;3;1;1;81;0;4964099;284;0
147;18;336;13;47;20;8;3.20;6;2;1;74;0;4964008;-1;0
147;18;336;13;47;21;99;3.80;7;2;1;83;0;4964199;798;0
147;18;336;13;47;21;99;4.00;3;1;1;78;0;4964199;83;0
147;18;336;13;47;21;99;4.00;6;2;1;74;0;4964199;175;4963693
147;18;336;13;47;23;14;3.40;3;1;1;81;0;4964314;96;4963693
147;18;336;13;47;23;25;3.60;2;1;1;83;0;4964325;778;0
147;18;336;13;47;23;35;4.40;6;2;1;73;0;4964335;116;4963693
147;18;336;13;47;24;99;3.40;7;2;1;70;0;4964499;283;0
147;18;336;13;47;25;99;3.80;3;1;1;88;0;4964599;269;0
147;18;336;13;47;26;10;3.60;5;2;1;80;0;4964610;588;0
147;18;336;13;47;27;99;3.40;6;2;1;76;0;4964799;442;0
147;18;336;13;47;28;13;3.80;7;2;1;84;0;4964813;296;0
147;18;336;13;47;28;8;3.80;2;1;1;81;0;4964808;467;0
147;18;336;13;47;28;59;4.20;1;1;1;69;0;4964859;6064;0
147;18;336;13;47;31;12;3.80;2;1;1;82;0;4965112;287;0
147;18;336;13;47;31;22;3.80;4;1;1;83;0;4965122;1730;0
147;18;336;13;47;31;51;3.60;3;1;1;76;0;4965151;536;0
147;18;336;13;47;31;82;3.60;6;2;1;81;0;4965182;366;0
147;18;336;13;47;32;9;5.00;7;2;1;123;0;4965209;379;0
147;18;336;13;47;32;99;4.00;3;1;1;75;0;4965299;130;0
147;18;336;13;47;32;99;3.60;4;1;1;80;0;4965299;160;0
147;18;336;13;47;33;24;3.60;5;2;1;82;0;4965324;697;0
147;18;336;13;47;33;18;3.80;3;1;1;76;0;4965318;-1;0
147;18;336;13;47;33;52;3.60;6;2;1;81;0;4965352;154;0
147;18;336;13;47;35;13;3.40;2;1;1;79;0;4965513;384;0
147;18;336;13;47;35;99;3.60;5;2;1;83;0;4965599;259;0
147;18;336;13;47;36;35;3.20;6;2;1;77;0;4965635;267;0
147;18;336;13;47;36;84;3.40;2;1;1;71;0;4965684;155;0
147;18;336;13;47;37;0;3.80;5;2;1;84;0;4965700;85;0
147;18;336;13;47;37;24;3.80;6;2;1;77;0;4965724;74;0
147;18;336;13;47;37;99;3.80;3;1;1;76;0;4965799;463;0
147;18;336;13;47;37;99;3.60;7;2;1;83;0;4965799;575;0
147;18;336;13;47;39;20;3.40;2;1;1;82;0;4965920;218;0
147;18;336;13;47;39;99;3.40;6;2;1;81;0;4965999;257;0
147;18;336;13;47;41;16;4.60;6;2;1;79;0;4966116;101;0
147;18;336;13;47;42;22;3.60;5;2;1;83;0;4966222;505;0
147;18;336;13;47;42;99;3.20;2;1;1;80;0;4966299;364;0
147;18;336;13;47;43;99;3.40;5;2;1;83;0;4966399;161;0
147;18;336;13;47;43;13;3.60;3;1;1;84;0;4966313;496;0
147;18;336;13;47;45;13;3.40;4;1;1;82;0;4966513;1197;0
147;18;336;13;47;45;19;3.60;5;2;1;83;0;4966519;105;0
147;18;336;13;47;45;99;3.20;6;2;1;75;0;4966599;462;0
147;18;336;13;47;45;99;3.80;7;2;1;86;0;4966599;784;0
147;18;336;13;47;46;10;3.80;3;1;1;75;0;4966610;281;0
147;18;336;13;47;46;48;3.60;6;2;1;74;0;4966648;33;0
147;18;336;13;47;46;64;3.60;4;1;1;80;0;4966664;136;0
147;18;336;13;47;46;76;4.00;7;2;1;82;0;4966676;61;0
147;18;336;13;47;47;99;3.40;3;1;1;75;0;4966799;170;0
147;18;336;13;47;48;5;3.80;2;1;1;76;0;4966805;491;0
147;18;336;13;47;48;3;3.40;3;1;1;75;0;4966803;-1;0
147;18;336;13;47;50;99;3.80;2;1;1;77;0;4967099;276;0
147;18;336;13;47;51;51;3.80;2;1;1;78;0;4967151;34;0
147;18;336;13;47;51;50;3.40;3;1;1;72;0;4967150;330;0
147;18;336;13;47;52;99;3.80;3;1;1;71;0;4967299;132;0
147;18;336;13;47;53;99;3.60;2;1;1;81;0;4967399;230;0
147;18;336;13;47;53;99;3.40;7;2;1;86;0;4967399;705;0
147;18;336;13;47;54;99;3.00;3;1;1;71;0;4967499;180;0
147;18;336;13;47;54;99;3.60;6;2;1;73;0;4967499;833;0
147;18;336;13;47;55;30;3.40;4;1;1;84;0;4967530;849;0
147;18;336;13;47;55;99;3.20;2;1;1;68;0;4967599;184;0
147;18;336;13;47;55;99;3.40;7;2;1;81;0;4967599;185;0
147;18;336;13;47;55;99;5.20;2;1;1;72;0;4967599;-1;0
147;18;336;13;47;56;0;4.40;6;2;1;73;0;4967600;83;0
147;18;336;13;47;56;54;5.00;6;2;1;75;0;4967654;32;0
147;18;336;13;47;57;99;3.60;3;1;1;75;0;4967799;284;0
147;18;336;13;47;57;99;3.40;6;2;1;79;0;4967799;121;0
147;18;336;13;47;59;97;4.20;6;2;1;72;0;4967997;182;4967499
147;18;336;13;48;0;99;3.80;3;1;1;74;0;4968099;282;0
147;18;336;13;48;0;99;3.40;7;2;1;88;0;4968099;484;0
147;18;336;13;48;0;99;3.40;2;1;1;76;0;4968099;474;0
147;18;336;13;48;1;11;3.60;6;2;1;73;0;4968111;93;4967499
147;18;336;13;48;1;27;3.60;7;2;1;86;0;4968127;14;4967499
147;18;336;13;48;2;22;4.00;7;2;1;82;0;4968222;79;4967499
147;18;336;13;48;2;99;3.20;3;1;1;73;0;4968299;181;4967499
147;18;336;13;48;3;99;3.80;2;1;1;78;0;4968399;283;0
147;18;336;13;48;5;1;3.20;3;1;1;76;0;4968501;186;0
147;18;336;13;48;5;99;4.00;4;1;1;78;0;4968599;1054;0
147;18;336;13;48;6;12;3.40;6;2;1;89;0;4968612;483;0
147;18;336;13;48;6;9;3.60;3;1;1;78;0;4968609;92;0
147;18;336;13;48;6;10;3.60;2;1;1;78;0;4968610;193;0
147;18;336;13;48;6;26;3.80;7;2;1;82;0;4968626;386;0
147;18;336;13;48;7;64;3.60;4;1;1;78;0;4968764;146;0
147;18;336;13;48;8;7;3.60;2;1;1;79;0;4968807;180;0
147;18;336;13;48;8;9;3.60;3;1;1;80;0;4968809;183;4968099
147;18;336;13;48;8;99;3.40;6;2;1;78;0;4968899;273;0
147;18;336;13;48;9;57;3.00;5;2;1;85;0;4968957;2422;0
147;18;336;13;48;10;22;3.20;6;2;1;74;0;4969022;107;0
147;18;336;13;48;10;99;3.80;2;1;1;79;0;4969099;275;0
147;18;336;13;48;11;0;4.60;5;2;1;85;0;4969100;130;0
147;18;336;13;48;11;5;3.40;4;1;1;79;0;4969105;324;0
147;18;336;13;48;11;20;3.80;6;2;1;79;0;4969120;82;0
147;18;336;13;48;11;99;3.00;3;1;1;77;0;4969199;373;0
147;18;336;13;48;12;8;3.20;6;2;1;81;0;4969208;70;0
147;18;336;13;48;12;67;3.60;8;2;1;83;0;4969267;6349;0
147;18;336;13;48;12;99;3.80;5;2;1;89;0;4969299;179;0
147;18;336;13;48;13;99;4.00;8;2;1;83;0;4969399;116;0
147;18;336;13;48;13;99;3.60;1;1;1;78;0;4969399;4518;0
147;18;336;13;48;14;54;3.80;5;2;1;89;0;4969454;139;0
147;18;336;13;48;15;99;3.20;6;2;1;69;0;4969599;376;0
147;18;336;13;48;16;23;3.40;5;2;1;82;0;4969623;153;4968957
147;18;336;13;48;16;99;4.00;8;2;1;86;0;4969699;282;0
147;18;336;13;48;16;99;3.40;6;2;1;70;0;4969699;83;0
147;18;336;13;48;17;56;3.80;3;1;1;78;0;4969756;542;0
147;18;336;13;48;17;97;3.40;6;2;1;68;0;4969797;80;0
147;18;336;13;48;18;7;3.20;2;1;1;82;0;4969807;690;0
147;18;336;13;48;19;17;3.80;6;2;1;73;0;4969917;102;0
147;18;336;13;48;19;30;3.60;5;2;1;82;0;4969930;292;0
147;18;336;13;48;20;99;3.00;5;2;1;84;0;4970099;153;0
147;18;336;13;48;21;9;3.60;3;1;1;78;0;4970109;335;0
147;18;336;13;48;21;99;3.60;6;2;1;75;0;4970199;263;0
147;18;336;13;48;21;99;3.80;5;2;1;83;0;4970199;87;0
147;18;336;13;48;22;45;4.00;2;1;1;97;0;4970245;423;0
147;18;336;13;48;22;49;3.60;3;1;1;76;0;4970249;123;0
147;18;336;13;48;22;97;3.20;6;2;1;78;0;4970297;80;0
147;18;336;13;48;23;99;3.40;3;1;1;72;0;4970399;132;0
147;18;336;13;48;23;99;4.00;2;1;1;108;0;4970399;139;0
147;18;336;13;48;24;7;3.00;5;2;1;82;0;4970407;191;0
147;18;336;13;48;24;15;3.80;6;2;1;80;0;4970415;103;0
147;18;336;13;48;24;99;3.40;3;1;1;71;0;4970499;83;0
147;18;336;13;48;24;6;3.40;4;1;1;78;0;4970406;1285;0
147;18;336;13;48;25;99;3.40;3;1;1;77;0;4970599;82;4970109
147;18;336;13;48;26;1;3.20;4;1;1;84;0;4970601;179;4970109
147;18;336;13;48;26;99;3.60;5;2;1;81;0;4970699;278;0
147;18;336;13;48;26;99;3.00;6;2;1;78;0;4970699;266;0
147;18;336;13;48;27;51;4.20;3;1;1;88;0;4970751;136;4970109
147;18;336;13;48;28;99;3.60;6;2;1;75;0;4970899;186;4970109
147;18;336;13;48;28;99;4.00;8;2;1;81;0;4970899;1183;0
147;18;336;13;48;29;12;3.20;5;2;1;86;0;4970912;197;0
147;18;336;13;48;29;99;3.40;2;1;1;69;0;4970999;586;0
147;18;336;13;48;30;2;3.60;6;2;1;78;0;4971002;85;0
147;18;336;13;48;30;6;3.60;7;2;1;86;0;4971006;2363;0
147;18;336;13;48;30;14;3.80;1;1;1;87;0;4971014;1598;0
147;18;336;13;48;31;17;3.60;4;1;1;91;0;4971117;502;0
147;18;336;13;48;31;99;3.60;5;2;1;82;0;4971199;273;0
147;18;336;13;48;31;99;3.60;3;1;1;76;0;4971199;430;0
147;18;336;13;48;32;5;3.80;2;1;1;81;0;4971205;188;0
147;18;336;13;48;32;27;3.60;4;1;1;83;0;4971227;95;0
147;18;336;13;48;32;63;3.40;3;1;1;77;0;4971263;46;0
147;18;336;13;48;33;99;3.60;4;1;1;83;0;4971399;156;0
147;18;336;13;48;33;99;3.80;6;2;1;80;0;4971399;380;0
147;18;336;13;48;34;11;3.80;6;2;1;77;0;4971411;-1;0
147;18;336;13;48;35;17;3.60;3;1;1;80;0;4971517;238;0
147;18;336;13;48;37;8;3.00;6;2;1;77;0;4971708;279;0
147;18;336;13;48;37;21;3.40;4;1;1;87;0;4971721;306;0
147;18;336;13;48;37;28;3.40;2;1;1;78;0;4971728;506;0
147;18;336;13;48;38;22;3.40;3;1;1;80;0;4971822;288;0
147;18;336;13;48;39;99;3.40;5;2;1;83;0;4971999;784;0
147;18;336;13;48;39;99;3.80;2;1;1;78;0;4971999;255;0
147;18;336;13;48;39;4;3.20;6;2;1;82;0;4971904;181;0
147;18;336;13;48;40;26;3.40;3;1;1;78;0;4972026;188;0
147;18;336;13;48;40;63;3.60;5;2;1;85;0;4972063;49;0
147;18;336;13;48;41;99;3.20;6;2;1;82;0;4972199;280;0
147;18;336;13;48;41;99;3.80;5;2;1;86;0;4972199;120;0
147;18;336;13;48;42;33;3.60;2;1;1;78;0;4972233;216;0
147;18;336;13;48;43;18;4.40;6;2;1;78;0;4972318;104;0
147;18;336;13;48;43;18;3.60;5;2;1;83;0;4972318;103;0
147;18;336;13;48;43;87;4.00;4;1;1;80;0;4972387;651;0
147;18;336;13;48;44;99;3.60;6;2;1;83;0;4972499;160;0
147;18;336;13;48;44;99;4.00;5;2;1;87;0;4972499;165;4971999
147;18;336;13;48;44;99;4.00;2;1;1;79;0;4972499;249;0
147;18;336;13;48;44;99;7.20;3;1;2;65;0;4972499;457;0
147;18;336;13;48;45;9;3.40;4;1;1;77;0;4972509;104;0
147;18;336;13;48;46;3;3.80;5;2;1;90;0;4972603;87;4971999
147;18;336;13;48;46;14;3.60;2;1;1;78;0;4972614;96;4971999
147;18;336;13;48;46;99;3.40;4;1;1;74;0;4972699;174;4971999
147;18;336;13;48;47;26;3.40;7;2;1;78;0;4972726;1704;0
147;18;336;13;48;48;98;3.40;3;1;1;75;0;4972898;359;0
147;18;336;13;48;49;99;3.80;8;2;1;77;0;4972999;2082;0
147;18;336;13;48;49;99;3.60;3;1;1;73;0;4972999;84;0
147;18;336;13;48;49;99;3.80;5;2;1;85;0;4972999;380;0
147;18;336;13;48;50;26;3.00;2;1;1;74;0;4973026;395;0
147;18;336;13;48;50;46;3.40;6;2;1;73;0;4973046;531;0
147;18;336;13;48;50;71;4.00;1;1;1;85;0;4973071;2041;0
147;18;336;13;48;51;14;3.80;5;2;1;85;0;4973114;98;0
147;18;336;13;48;51;99;3.40;3;1;1;72;0;4973199;182;0
147;18;336;13;48;52;99;3.60;6;2;1;70;0;4973299;236;0
147;18;336;13;48;53;46;4.60;4;1;1;81;0;4973346;630;0
147;18;336;13;48;53;76;3.80;6;2;1;69;0;4973376;58;0
147;18;336;13;48;53;98;3.80;8;2;1;88;0;4973398;381;0
147;18;336;13;48;53;90;3.40;3;1;1;71;0;4973390;174;0
147;18;336;13;48;53;99;3.60;7;2;1;79;0;4973399;657;0
147;18;336;13;48;54;99;3.40;2;1;1;76;0;4973499;458;0
147;18;336;13;48;54;99;3.60;5;2;1;86;0;4973499;368;0
147;18;336;13;48;54;99;3.60;4;1;1;79;0;4973499;132;0
147;18;336;13;48;55;99;3.40;6;2;1;68;0;4973599;203;0
147;18;336;13;48;55;10;4.00;3;1;1;80;0;4973510;102;4972898
147;18;336;13;48;56;7;3.80;2;1;1;75;0;4973607;91;4972898
147;18;336;13;48;56;99;4.60;6;2;1;74;0;4973699;82;4972898
147;18;336;13;48;56;99;3.60;3;1;1;79;0;4973699;171;4972898
147;18;336;13;48;56;99;3.80;1;1;1;80;0;4973699;611;0
147;18;336;13;48;57;20;3.80;2;1;1;72;0;4973720;94;0
147;18;336;13;48;57;22;5.00;6;2;1;76;0;4973722;0;0
147;18;336;13;48;58;22;3.40;7;2;1;80;0;4973822;406;0
147;18;336;13;48;59;99;3.80;3;1;1;81;0;4973999;283;0
147;18;336;13;49;0;12;3.00;6;2;1;78;0;4974012;266;0
147;18;336;13;49;1;91;3.40;5;2;1;82;0;4974191;676;0
147;18;336;13;49;2;99;4.00;3;1;1;72;0;4974299;283;0
147;18;336;13;49;2;99;3.60;6;2;1;80;0;4974299;273;0
147;18;336;13;49;4;22;3.60;5;2;1;81;0;4974422;216;0
147;18;336;13;49;4;99;3.00;3;1;1;74;0;4974499;180;0
147;18;336;13;49;4;99;3.40;6;2;1;85;0;4974499;183;0
147;18;336;13;49;4;41;4.20;7;2;1;37;0;4974441;603;0
147;18;336;13;49;5;99;3.60;4;1;1;83;0;4974599;1083;0
147;18;336;13;49;5;2;3.80;5;2;1;83;0;4974502;64;0
147;18;336;13;49;6;72;3.40;3;1;1;73;0;4974672;158;0
147;18;336;13;49;6;99;4.00;5;2;1;83;0;4974699;180;0
147;18;336;13;49;7;99;3.40;6;2;1;80;0;4974799;285;0
147;18;336;13;49;7;99;3.40;3;1;1;73;0;4974799;110;0
147;18;336;13;49;8;40;4.00;5;2;1;84;0;4974840;123;0
147;18;336;13;49;9;99;3.80;6;2;1;80;0;4974999;184;0
147;18;336;13;49;9;99;3.80;7;2;1;83;0;4974999;517;0
147;18;336;13;49;9;99;5.40;3;1;1;78;0;4974999;183;4974299
147;18;336;13;49;9;99;3.60;5;2;1;83;0;4974999;141;4974422
147;18;336;13;49;10;99;3.60;7;2;1;85;0;4975099;83;4974422
147;18;336;13;49;11;3;3.20;2;1;1;66;0;4975103;1364;0
147;18;336;13;49;11;25;3.80;1;1;1;79;0;4975125;1408;0
147;18;336;13;49;11;99;3.60;6;2;1;81;0;4975199;182;0
147;18;336;13;49;11;99;3.40;2;1;1;61;0;4975199;78;0
147;18;336;13;49;12;99;3.60;1;1;1;79;0;4975299;156;0
147;18;336;13;49;12;99;3.40;5;2;1;84;0;4975299;284;0
147;18;336;13;49;12;99;3.20;3;1;1;72;0;4975299;275;0
147;18;336;13;49;13;9;3.40;6;2;1;82;0;4975309;94;0
147;18;336;13;49;13;14;4.80;4;1;1;77;0;4975314;699;0
147;18;336;13;49;13;62;3.00;5;2;1;83;0;4975362;48;0
147;18;336;13;49;13;56;3.80;8;2;1;74;0;4975356;1942;0
147;18;336;13;49;14;16;3.80;7;2;1;86;0;4975416;301;0
147;18;336;13;49;14;99;3.80;5;2;1;86;0;4975499;123;0
147;18;336;13;49;15;20;3.60;4;1;1;77;0;4975520;183;0
147;18;336;13;49;15;99;4.00;8;2;1;78;0;4975599;224;0
147;18;336;13;49;15;99;3.80;3;1;1;74;0;4975599;284;0
147;18;336;13;49;15;99;3.60;7;2;1;79;0;4975599;167;0
147;18;336;13;49;16;84;3.40;1;1;1;80;0;4975684;368;0
147;18;336;13;49;16;82;3.60;3;1;1;70;0;4975682;64;0
147;18;336;13;49;16;99;3.20;4;1;1;89;0;4975699;162;0
147;18;336;13;49;16;99;3.40;2;1;1;76;0;4975699;479;0
147;18;336;13;49;17;5;3.00;6;2;1;79;0;4975705;381;0
147;18;336;13;49;17;99;5.00;3;1;1;71;0;4975799;98;0
147;18;336;13;49;17;99;3.80;6;2;1;79;0;4975799;80;0
147;18;336;13;49;17;99;3.60;8;2;1;74;0;4975799;181;0
147;18;336;13;49;17;99;3.40;5;2;1;88;0;4975799;284;0
147;18;336;13;49;18;46;3.20;6;2;1;80;0;4975846;29;0
147;18;336;13;49;19;0;3.00;2;1;1;73;0;4975900;184;0
147;18;336;13;49;19;99;3.80;5;2;1;84;0;4975999;186;0
147;18;336;13;49;20;99;6.20;2;1;1;75;0;4976099;184;0
147;18;336;13;49;20;99;3.80;7;2;1;79;0;4976099;483;0
147;18;336;13;49;21;75;4.00;2;1;1;76;0;4976175;46;0
147;18;336;13;49;21;99;3.20;6;2;1;77;0;4976199;338;0
147;18;336;13;49;21;99;5.60;3;1;1;75;0;4976199;374;0
147;18;336;13;49;22;99;3.60;2;1;1;78;0;4976299;105;4975699
147;18;336;13;49;22;99;3.40;1;1;1;84;0;4976299;599;0
147;18;336;13;49;23;5;3.80;6;2;1;81;0;4976305;91;0
147;18;336;13;49;23;17;3.60;4;1;1;80;0;4976317;605;0
147;18;336;13;49;23;31;3.60;5;2;1;81;0;4976331;315;0
147;18;336;13;49;23;30;3.60;8;2;1;80;0;4976330;513;0
147;18;336;13;49;24;98;3.60;5;2;1;80;0;4976498;151;0
147;18;336;13;49;24;99;3.80;1;1;1;80;0;4976499;185;0
147;18;336;13;49;24;99;3.00;3;1;1;77;0;4976499;273;0
147;18;336;13;49;25;99;3.00;5;2;1;83;0;4976599;84;0
147;18;336;13;49;26;20;3.40;2;1;1;79;0;4976620;304;0
147;18;336;13;49;26;58;3.60;5;2;1;84;0;4976658;45;0
147;18;336;13;49;26;73;3.20;6;2;1;76;0;4976673;351;0
147;18;336;13;49;25;53;4.00;7;2;1;21;0;4976553;436;0
147;18;336;13;49;28;99;3.80;6;2;1;78;0;4976899;210;0
147;18;336;13;49;29;11;3.60;7;2;1;89;0;4976911;289;0
147;18;336;13;49;29;9;3.60;6;2;1;81;0;4976909;-1;0
147;18;336;13;49;29;99;3.40;4;1;1;85;0;4976999;665;0
147;18;336;13;49;29;99;4.00;2;1;1;80;0;4976999;363;0
147;18;336;13;49;31;65;3.20;3;1;1;77;0;4977165;651;0
147;18;336;13;49;32;99;3.60;6;2;1;81;0;4977299;374;0
147;18;336;13;49;33;17;3.00;7;2;1;83;0;4977317;391;0
147;18;336;13;49;34;21;3.00;2;1;1;78;0;4977421;404;0
147;18;336;13;49;34;60;3.40;5;2;1;81;0;4977460;786;0
147;18;336;13;49;34;87;3.00;6;2;1;79;0;4977487;172;0
147;18;336;13;49;34;99;3.80;4;1;1;83;0;4977499;485;0
147;18;336;13;49;35;99;3.80;5;2;1;82;0;4977599;123;0
147;18;336;13;49;35;99;3.80;3;1;1;79;0;4977599;419;0
147;18;336;13;49;35;99;3.60;2;1;1;80;0;4977599;164;0
147;18;336;13;49;36;25;3.60;6;2;1;75;0;4977625;124;0
147;18;336;13;49;36;40;4.40;7;2;1;78;0;4977640;309;0
147;18;336;13;49;37;99;3.60;4;1;1;83;0;4977799;283;0
147;18;336;13;49;37;99;3.60;3;1;1;87;0;4977799;182;0
147;18;336;13;49;37;99;3.60;6;2;1;77;0;4977799;156;0
147;18;336;13;49;37;99;3.60;5;2;1;80;0;4977799;183;0
147;18;336;13;49;38;99;3.80;7;2;1;86;0;4977899;238;0
147;18;336;13;49;39;8;3.60;6;2;1;74;0;4977908;92;4977299
147;18;336;13;49;40;99;3.60;3;1;1;79;0;4978099;285;0
147;18;336;13;49;40;99;3.40;2;1;1;72;0;4978099;483;0
147;18;336;13;49;41;19;3.60;1;1;1;80;0;4978119;1602;0
147;18;336;13;49;41;26;4.00;7;2;1;81;0;4978126;211;0
147;18;336;13;49;41;64;3.60;2;1;1;72;0;4978164;48;0
147;18;336;13;49;43;2;3.80;2;1;1;75;0;4978302;120;0
147;18;336;13;49;45;4;3.60;2;1;1;75;0;4978504;183;0
147;18;336;13;49;46;9;3.00;7;2;1;85;0;4978609;465;0
147;18;336;13;49;47;89;3.60;3;1;1;76;0;4978789;673;0
147;18;336;13;49;47;99;3.40;6;2;1;78;0;4978799;873;0
147;18;336;13;49;48;99;4.80;3;1;1;84;0;4978899;92;0
147;18;336;13;49;48;99;3.00;4;1;1;84;0;4978899;1084;0
147;18;336;13;49;48;99;4.40;7;2;1;80;0;4978899;277;0
147;18;336;13;49;48;99;3.00;3;1;1;78;0;4978899;-1;0
147;18;336;13;49;49;34;3.40;4;1;1;84;0;4978934;22;0
147;18;336;13;49;49;65;3.40;2;1;1;81;0;4978965;443;0
147;18;336;13;49;49;69;3.80;6;2;1;82;0;4978969;154;0
147;18;336;13;49;49;66;6.60;7;2;1;69;0;4978966;47;0
147;18;336;13;49;50;99;4.00;5;2;1;85;0;4979099;1283;0
147;18;336;13;49;50;99;3.40;6;2;1;84;0;4979099;113;0
147;18;336;13;49;51;99;3.60;3;1;1;75;0;4979199;286;0
147;18;336;13;49;52;85;4.20;4;1;1;78;0;4979285;336;0
147;18;336;13;49;53;99;4.00;3;1;1;75;0;4979399;182;0
147;18;336;13;49;53;99;4.00;6;2;1;82;0;4979399;285;0
147;18;336;13;49;54;56;3.00;3;1;1;76;0;4979456;37;0
147;18;336;13;49;56;99;3.60;2;1;1;79;0;4979699;718;0
147;18;336;13;49;57;2;3.60;6;2;1;74;0;4979702;285;0
147;18;336;13;49;57;53;3.80;7;2;1;73;0;4979753;752;0
147;18;336;13;49;58;24;3.80;3;1;1;81;0;4979824;353;0
147;18;336;13;49;58;99;3.00;7;2;1;69;0;4979899;127;0
147;18;336;13;49;58;99;3.40;2;1;1;80;0;4979899;183;0
147;18;336;13;49;59;3;4.60;3;1;1;77;0;4979903;62;0
147;18;336;13;49;59;58;4.00;2;1;1;78;0;4979958;43;0
147;18;336;13;49;59;66;3.60;3;1;1;81;0;4979966;41;0
147;18;336;13;49;59;71;3.20;4;1;1;82;0;4979971;666;0
147;18;336;13;50;0;90;3.60;7;2;1;68;0;4980090;175;0
147;18;336;13;50;0;99;3.00;5;2;1;82;0;4980099;983;0
147;18;336;13;50;0;99;3.80;6;2;1;80;0;4980099;379;0
147;18;336;13;50;0;99;3.60;4;1;1;82;0;4980099;113;0
147;18;336;13;50;0;99;4.60;7;2;1;68;0;4980099;-1;0
147;18;336;13;50;2;20;3.20;4;1;1;83;0;4980220;105;0
147;18;336;13;50;2;87;3.80;6;2;1;83;0;4980287;170;0
147;18;336;13;50;3;99;3.40;2;1;1;75;0;4980399;422;0
147;18;336;13;50;3;99;3.40;3;1;1;84;0;4980399;417;0
147;18;336;13;50;5;90;3.80;2;1;1;79;0;4980590;174;0
147;18;336;13;50;5;98;3.20;3;1;1;73;0;4980598;184;0
147;18;336;13;50;5;99;3.60;6;2;1;80;0;4980599;295;0
147;18;336;13;50;6;17;4.00;1;1;1;82;0;4980617;2481;0
147;18;336;13;50;6;99;3.00;3;1;1;69;0;4980699;85;0
147;18;336;13;50;8;99;3.80;6;2;1;81;0;4980899;283;0
147;18;336;13;50;8;99;3.80;8;2;1;85;0;4980899;4552;0
147;18;336;13;50;8;99;3.40;3;1;1;77;0;4980899;184;0
147;18;336;13;50;11;99;3.40;2;1;1;79;0;4981199;591;0
147;18;336;13;50;12;44;3.20;4;1;1;82;0;4981244;1010;0
147;18;336;13;50;12;66;3.80;3;1;1;78;0;4981266;351;0
147;18;336;13;50;13;17;3.60;2;1;1;78;0;4981317;102;0
147;18;336;13;50;13;99;4.60;2;1;1;80;0;4981399;65;0
147;18;336;13;50;14;29;3.80;2;1;1;75;0;4981429;9;0
147;18;336;13;50;15;8;3.40;4;1;1;82;0;4981508;249;0
147;18;336;13;50;15;20;3.60;3;1;1;77;0;4981520;236;0
147;18;336;13;50;16;99;3.80;3;1;1;75;0;4981699;162;0
147;18;336;13;50;16;99;3.80;4;1;1;81;0;4981699;176;0
147;18;336;13;50;17;21;2.80;7;2;1;82;0;4981721;1597;0
147;18;336;13;50;18;8;3.80;6;2;1;79;0;4981808;892;0
147;18;336;13;50;18;99;3.40;4;1;1;84;0;4981899;183;0
147;18;336;13;50;18;99;3.00;6;2;1;79;0;4981899;73;0
147;18;336;13;50;19;2;3.20;7;2;1;84;0;4981902;168;0
147;18;336;13;50;20;23;3.60;3;1;1;81;0;4982023;305;0
147;18;336;13;50;22;6;3.60;2;1;1;81;0;4982206;758;0
147;18;336;13;50;22;44;3.40;6;2;1;77;0;4982244;331;0
147;18;336;13;50;23;21;3.40;3;1;1;78;0;4982321;282;0
147;18;336;13;50;23;99;3.80;4;1;1;90;0;4982399;485;0
147;18;336;13;50;23;99;3.80;2;1;1;78;0;4982399;177;0
147;18;336;13;50;24;99;4.00;1;1;1;83;0;4982499;1864;0
147;18;336;13;50;24;8;3.00;7;2;1;78;0;4982408;492;0
147;18;336;13;50;25;2;3.20;2;1;1;81;0;4982502;85;0
147;18;336;13;50;25;1;3.20;6;2;1;72;0;4982501;241;0
147;18;336;13;50;25;70;3.80;5;2;1;81;0;4982570;2457;0
147;18;336;13;50;25;92;3.80;4;1;1;86;0;4982592;177;0
147;18;336;13;50;26;99;3.60;6;2;1;75;0;4982699;182;0
147;18;336;13;50;27;20;3.40;6;2;1;74;0;4982720;3;0
147;18;336;13;50;28;99;3.60;7;2;1;77;0;4982899;477;0
147;18;336;13;50;29;6;3.20;6;2;1;71;0;4982906;169;0
147;18;336;13;50;29;99;3.20;7;2;1;76;0;4982999;83;0
147;18;336;13;50;30;12;3.20;1;1;1;81;0;4983012;495;0
147;18;336;13;50;30;25;3.40;5;2;1;81;0;4983025;438;0
147;18;336;13;50;30;99;4.60;3;1;1;81;0;4983099;762;0
147;18;336;13;50;31;99;3.80;5;2;1;84;0;4983199;158;0
147;18;336;13;50;31;99;3.20;4;1;1;82;0;4983199;591;0
147;18;336;13;50;31;99;3.40;6;2;1;74;0;4983199;276;0
147;18;336;13;50;32;11;4.00;3;1;1;93;0;4983211;91;0
147;18;336;13;50;32;28;3.00;2;1;1;75;0;4983228;711;0
147;18;336;13;50;33;3;3.60;5;2;1;93;0;4983303;87;0
147;18;336;13;50;33;99;3.40;6;2;1;74;0;4983399;183;0
147;18;336;13;50;34;18;3.60;2;1;1;73;0;4983418;175;0
147;18;336;13;50;34;99;3.80;1;1;1;81;0;4983499;472;0
147;18;336;13;50;35;46;3.80;3;1;1;80;0;4983546;319;0
147;18;336;13;50;34;87;25.40;8;2;5;72;0;4983487;2571;0
147;18;336;13;50;37;13;3.60;6;2;1;84;0;4983713;297;0
147;18;336;13;50;38;62;11.20;2;1;7;75;0;4983862;426;0
147;18;336;13;50;39;99;4.00;6;2;1;81;0;4983999;270;0
147;18;336;13;50;40;42;3.60;6;2;1;78;0;4984042;25;0
147;18;336;13;50;41;18;3.40;7;2;1;78;0;4984118;1103;0
147;18;336;13;50;42;16;3.40;3;1;1;77;0;4984216;652;0
147;18;336;13;50;42;99;5.40;6;2;1;78;0;4984299;240;0
147;18;336;13;50;43;78;5.40;3;1;1;77;0;4984378;146;0
147;18;336;13;50;43;99;3.60;6;2;1;75;0;4984399;75;0
147;18;336;13;50;44;14;3.20;7;2;1;79;0;4984414;280;0
147;18;336;13;50;44;99;3.80;4;1;1;81;0;4984499;1285;0
147;18;336;13;50;44;99;3.60;3;1;1;76;0;4984499;95;0
147;18;336;13;50;45;5;3.80;2;1;1;76;0;4984505;589;0
147;18;336;13;50;46;99;3.20;6;2;1;76;0;4984699;282;0
147;18;336;13;50;46;99;3.80;8;2;1;78;0;4984699;1085;0
147;18;336;13;50;47;5;3.60;8;2;1;76;0;4984705;-1;0
147;18;336;13;50;48;9;3.60;5;2;1;82;0;4984809;1492;0
147;18;336;13;50;48;72;3.60;6;2;1;84;0;4984872;157;0
147;18;336;13;50;48;99;3.40;2;1;1;69;0;4984899;376;0
147;18;336;13;50;49;99;3.80;3;1;1;74;0;4984999;482;0
147;18;336;13;50;50;32;3.00;2;1;1;72;0;4985032;115;0
147;18;336;13;50;51;11;3.20;6;2;1;77;0;4985111;223;0
147;18;336;13;50;52;99;6.20;2;1;1;70;0;4985299;252;0
147;18;336;13;50;53;1;3.80;6;2;1;74;0;4985301;175;0
147;18;336;13;50;54;99;3.60;2;1;1;72;0;4985499;168;0
147;18;336;13;50;54;99;3.00;6;2;1;74;0;4985499;179;0
147;18;336;13;50;55;10;3.40;3;1;1;78;0;4985510;492;0
147;18;336;13;50;55;3;3.20;2;1;1;73;0;4985503;-1;0
147;18;336;13;50;56;76;3.60;3;1;1;76;0;4985676;150;0
147;18;336;13;50;56;99;3.20;6;2;1;77;0;4985699;185;0
147;18;336;13;50;57;99;3.20;7;2;1;74;0;4985799;1370;0
147;18;336;13;50;58;52;3.60;6;2;1;75;0;4985852;138;4985111
147;18;336;13;50;59;99;4.40;2;1;1;78;0;4985999;480;0
147;18;336;13;51;0;99;3.00;6;2;1;75;0;4986099;229;0
147;18;336;13;51;1;99;3.20;6;2;1;76;0;4986199;85;0
147;18;336;13;51;1;99;7.40;7;2;6;83;0;4986199;384;0
147;18;336;13;51;2;99;3.40;6;2;1;78;0;4986299;84;0
147;18;336;13;51;3;3;3.60;2;1;1;85;0;4986303;283;0
147;18;336;13;51;3;73;8.80;5;2;6;91;0;4986373;1548;0
147;18;336;13;51;4;99;3.40;3;1;1;77;0;4986499;805;0
147;18;336;13;51;4;99;2.60;6;2;1;78;0;4986499;184;0
147;18;336;13;51;6;59;3.40;3;1;1;77;0;4986659;144;0
147;18;336;13;51;6;69;3.60;4;1;1;79;0;4986669;2153;0
147;18;336;13;51;6;80;3.80;6;2;1;84;0;4986680;169;4986099
147;18;336;13;51;7;99;3.60;4;1;1;80;0;4986799;113;4986099
147;18;336;13;51;7;99;4.00;7;2;1;79;0;4986799;567;0
147;18;336;13;51;9;99;3.40;8;2;1;63;0;4986999;2276;0
147;18;336;13;51;9;99;4.00;7;2;1;80;0;4986999;181;0
147;18;336;13;51;9;99;3.40;4;1;1;85;0;4986999;183;0
147;18;336;13;51;9;99;3.20;6;2;1;80;0;4986999;302;0
147;18;336;13;51;10;99;3.60;2;1;1;82;0;4987099;780;0
147;18;336;13;51;11;21;3.80;3;1;1;68;0;4987121;446;0
147;18;336;13;51;11;50;3.60;5;2;1;82;0;4987150;742;0
147;18;336;13;51;12;14;3.60;4;1;1;86;0;4987214;200;0
147;18;336;13;51;12;21;4.00;5;2;1;81;0;4987221;55;0
147;18;336;13;51;12;99;3.00;6;2;1;77;0;4987299;285;0
147;18;336;13;51;13;99;4.00;7;2;1;78;0;4987399;382;0
147;18;336;13;51;13;99;4.20;5;2;1;82;0;4987399;160;0
147;18;336;13;51;13;32;3.00;4;1;1;78;0;4987332;102;0
147;18;336;13;51;13;43;3.60;6;2;1;77;0;4987343;29;0
147;18;336;13;51;14;68;3.60;3;1;1;70;0;4987468;326;0
147;18;336;13;51;17;7;3.80;2;1;1;87;0;4987707;592;0
147;18;336;13;51;19;17;3.80;5;2;1;87;0;4987917;499;0
147;18;336;13;51;19;23;3.60;2;1;1;79;0;4987923;200;0
147;18;336;13;51;19;99;3.80;7;2;1;84;0;4987999;581;0
147;18;336;13;51;21;1;3.40;6;2;1;81;0;4988101;741;0
147;18;336;13;51;21;13;3.80;2;1;1;79;0;4988113;173;0
147;18;336;13;51;21;37;3.00;5;2;1;90;0;4988137;204;0
147;18;336;13;51;21;50;3.60;3;1;1;77;0;4988150;663;0
147;18;336;13;51;23;99;3.60;3;1;1;71;0;4988399;232;0
147;18;336;13;51;24;56;3.60;2;1;1;71;0;4988456;325;0
147;18;336;13;51;25;18;4.60;5;2;1;83;0;4988518;369;0
147;18;336;13;51;25;5;4.00;3;1;1;74;0;4988505;87;0
147;18;336;13;51;25;99;3.40;2;1;1;71;0;4988599;124;0
147;18;336;13;51;26;22;5.20;7;2;1;86;0;4988622;606;0
147;18;336;13;51;26;49;3.20;3;1;1;70;0;4988649;124;0
147;18;336;13;51;27;76;13.80;6;2;4;76;0;4988776;659;0
147;18;336;13;51;27;99;3.60;4;1;1;77;0;4988799;1453;0
147;18;336;13;51;27;99;3.80;3;1;1;68;0;4988799;133;0
147;18;336;13;51;28;2;3.60;7;2;1;77;0;4988802;158;0
147;18;336;13;51;28;99;3.80;8;2;1;81;0;4988899;1880;0
147;18;336;13;51;28;99;3.40;4;1;1;77;0;4988899;83;0
147;18;336;13;51;28;3;4.80;6;2;1;85;0;4988803;-1;0
147;18;336;13;51;29;99;3.20;5;2;1;86;0;4988999;461;0
147;18;336;13;51;29;94;4.60;6;2;1;80;0;4988994;170;0
147;18;336;13;51;30;99;3.60;4;1;1;78;0;4989099;184;0
147;18;336;13;51;30;99;3.60;6;2;1;76;0;4989099;84;0
147;18;336;13;51;31;5;3.40;5;2;1;81;0;4989105;92;0
147;18;336;13;51;31;57;3.60;7;2;1;82;0;4989157;338;0
147;18;336;13;51;32;21;3.00;6;2;1;75;0;4989221;104;4987299
147;18;336;13;51;33;99;3.40;3;1;1;69;0;4989399;579;0
147;18;336;13;51;34;4;3.60;3;1;1;69;0;4989404;-1;0
147;18;336;13;51;34;22;3.80;2;1;1;82;0;4989422;805;0
147;18;336;13;51;34;48;3.60;6;2;1;78;0;4989448;212;0
147;18;336;13;51;34;99;3.60;2;1;1;81;0;4989499;60;0
147;18;336;13;51;35;2;3.60;3;1;1;70;0;4989502;79;0
147;18;336;13;51;35;99;3.80;4;1;1;81;0;4989599;483;0
147;18;336;13;51;36;33;3.40;6;2;1;78;0;4989633;168;0
147;18;336;13;51;37;99;3.20;4;1;1;79;0;4989799;183;0
147;18;336;13;51;37;99;3.80;2;1;1;74;0;4989799;284;0
147;18;336;13;51;39;9;3.80;3;1;1;73;0;4989909;388;0
147;18;336;13;51;39;13;3.40;2;1;1;67;0;4989913;95;0
147;18;336;13;51;39;40;3.40;5;2;1;92;0;4989940;819;0
147;18;336;13;51;40;23;3.60;7;2;1;83;0;4990023;850;0
147;18;336;13;51;40;99;3.60;3;1;1;71;0;4990099;171;0
147;18;336;13;51;42;99;4.00;7;2;1;79;0;4990299;260;0
147;18;336;13;51;43;99;3.20;6;2;1;75;0;4990399;750;0
147;18;336;13;51;44;18;3.60;2;1;1;80;0;4990418;486;0
147;18;336;13;51;45;99;3.80;2;1;1;73;0;4990599;164;0
147;18;336;13;51;46;99;3.80;3;1;1;70;0;4990699;581;0
147;18;336;13;51;47;94;3.40;6;2;1;84;0;4990794;379;0
147;18;336;13;51;48;2;4.00;4;1;1;82;0;4990802;988;0
147;18;336;13;51;48;99;3.40;2;1;1;68;0;4990899;281;0
147;18;336;13;51;49;20;4.40;5;2;1;88;0;4990920;966;0
147;18;336;13;51;49;53;3.20;2;1;1;70;0;4990953;36;0
147;18;336;13;51;50;4;3.40;3;1;1;71;0;4991004;285;0
147;18;336;13;51;50;99;3.00;6;2;1;80;0;4991099;290;0
147;18;336;13;51;50;99;3.80;2;1;1;70;0;4991099;129;0
147;18;336;13;51;51;99;3.80;4;1;1;87;0;4991199;379;0
147;18;336;13;51;51;99;3.60;6;2;1;83;0;4991199;86;0
147;18;336;13;51;51;99;3.60;1;1;1;72;0;4991199;7683;0
147;18;336;13;51;52;86;3.20;2;1;1;71;0;4991286;167;0
147;18;336;13;51;52;87;4.20;3;1;1;77;0;4991287;265;0
147;18;336;13;51;53;23;4.00;6;2;1;82;0;4991323;108;0
147;18;336;13;51;54;11;4.60;6;2;1;82;0;4991411;70;0
147;18;336;13;51;55;92;3.40;2;1;1;71;0;4991592;289;0
147;18;336;13;51;55;99;3.20;3;1;1;75;0;4991599;292;0
147;18;336;13;51;55;99;3.60;6;2;1;80;0;4991599;167;4991099
147;18;336;13;51;56;99;3.00;3;1;1;71;0;4991699;84;4991099
147;18;336;13;51;57;35;3.60;2;1;1;73;0;4991735;125;4991099
147;18;336;13;51;59;99;3.80;2;1;1;66;0;4991999;246;0
147;18;336;13;52;0;99;3.40;4;1;1;79;0;4992099;884;0
147;18;336;13;52;0;99;3.60;3;1;1;74;0;4992099;384;0
147;18;336;13;52;0;99;3.40;2;1;1;67;0;4992099;79;0
147;18;336;13;52;1;99;3.40;8;2;1;77;0;4992199;3283;0
147;18;336;13;52;1;99;3.40;6;2;1;79;0;4992199;583;0
147;18;336;13;52;2;17;3.80;5;2;1;87;0;4992217;1279;0
147;18;336;13;52;2;26;3.40;6;2;1;77;0;4992226;11;0
147;18;336;13;52;2;36;3.00;4;1;1;79;0;4992236;121;0
147;18;336;13;52;2;44;3.40;2;1;1;68;0;4992244;126;0
147;18;336;13;52;3;99;3.40;2;1;1;65;0;4992399;137;0
147;18;336;13;52;3;99;3.80;4;1;1;78;0;4992399;149;0
147;18;336;13;52;4;99;3.60;3;1;1;75;0;4992499;382;0
147;18;336;13;52;5;86;3.00;2;1;1;75;0;4992586;168;4991999
147;18;336;13;52;5;87;4.00;4;1;1;81;0;4992587;170;4991999
147;18;336;13;52;6;99;3.60;6;2;1;76;0;4992699;457;0
147;18;336;13;52;7;20;3.20;3;1;1;78;0;4992720;203;0
147;18;336;13;52;8;99;3.60;8;2;1;81;0;4992899;684;0
147;18;336;13;52;8;99;3.40;6;2;1;73;0;4992899;182;0
147;18;336;13;52;10;66;3.40;7;2;1;76;0;4993066;2748;0
147;18;336;13;52;11;99;3.20;6;2;1;76;0;4993199;283;0
147;18;336;13;52;11;99;3.20;3;1;1;78;0;4993199;464;0
147;18;336;13;52;12;4;4.20;7;2;1;79;0;4993204;121;0
147;18;336;13;52;12;13;6.20;5;2;1;80;0;4993213;980;0
147;18;336;13;52;12;33;3.80;7;2;1;79;0;4993233;9;0
147;18;336;13;52;13;99;3.20;5;2;1;83;0;4993399;158;0
147;18;336;13;52;14;99;4.00;6;2;1;77;0;4993499;284;0
147;18;336;13;52;15;99;3.60;3;1;1;72;0;4993599;385;0
147;18;336;13;52;17;4;3.60;2;1;1;78;0;4993704;1103;0
147;18;336;13;52;17;38;3.80;4;1;1;84;0;4993738;1133;0
147;18;336;13;52;18;7;3.40;6;2;1;81;0;4993807;289;0
147;18;336;13;52;18;91;5.00;4;1;1;81;0;4993891;136;0
147;18;336;13;52;18;99;3.80;7;2;1;81;0;4993899;648;0
147;18;336;13;52;19;1;3.60;6;2;1;80;0;4993901;78;0
147;18;336;13;52;19;27;3.60;4;1;1;83;0;4993927;13;0
147;18;336;13;52;19;99;3.80;3;1;1;76;0;4993999;382;0
147;18;336;13;52;20;29;3.40;6;2;1;77;0;4994029;111;0
147;18;336;13;52;21;99;3.20;2;1;1;83;0;4994199;478;0
147;18;336;13;52;21;99;3.60;4;1;1;78;0;4994199;256;0
147;18;336;13;52;22;99;3.00;3;1;1;74;0;4994299;282;0
147;18;336;13;52;22;99;3.60;2;1;1;84;0;4994299;86;0
147;18;336;13;52;22;99;3.20;6;2;1;75;0;4994299;254;0
147;18;336;13;52;23;99;4.00;3;1;1;76;0;4994399;85;0
147;18;336;13;52;24;99;3.80;3;1;1;74;0;4994499;81;0
147;18;336;13;52;25;79;3.20;8;2;1;77;0;4994579;1664;0
147;18;336;13;52;26;99;4.00;6;2;1;82;0;4994699;384;0
147;18;336;13;52;29;16;3.60;5;2;1;89;0;4994916;1503;0
147;18;336;13;52;29;99;3.60;6;2;1;84;0;4994999;282;0
147;18;336;13;52;29;99;3.40;3;1;1;79;0;4994999;481;0
147;18;336;13;52;30;36;3.40;5;2;1;89;0;4995036;105;0
147;18;336;13;52;30;49;3.00;3;1;1;79;0;4995049;34;0
147;18;336;13;52;31;99;3.80;6;2;1;80;0;4995199;184;0
147;18;336;13;52;31;99;3.20;4;1;1;80;0;4995199;983;0
147;18;336;13;52;32;99;3.20;7;2;1;82;0;4995299;1383;0
147;18;336;13;52;35;26;4.00;2;1;1;72;0;4995526;1211;0
147;18;336;13;52;36;21;3.80;4;1;1;93;0;4995621;407;0
147;18;336;13;52;37;99;4.00;4;1;1;98;0;4995799;163;0
147;18;336;13;52;37;99;3.60;2;1;1;77;0;4995799;253;0
147;18;336;13;52;37;99;3.40;3;1;1;76;0;4995799;736;0
147;18;336;13;52;38;82;3.80;2;1;1;74;0;4995882;66;0
147;18;336;13;52;39;99;3.00;3;1;1;70;0;4995999;183;0
147;18;336;13;52;39;99;4.00;5;2;1;84;0;4995999;949;0
147;18;336;13;52;40;5;4.20;6;2;1;77;0;4996005;788;0
147;18;336;13;52;40;99;3.40;2;1;1;76;0;4996099;198;0
147;18;336;13;52;41;13;3.00;2;1;1;75;0;4996113;-1;0
147;18;336;13;52;42;9;3.60;2;1;1;77;0;4996209;81;4995799
147;18;336;13;52;42;17;3.40;6;2;1;78;0;4996217;192;4995799
147;18;336;13;52;42;99;3.20;4;1;1;82;0;4996299;485;0
147;18;336;13;52;42;99;3.20;3;1;1;76;0;4996299;284;0
147;18;336;13;52;42;99;3.20;7;2;1;78;0;4996299;985;0
147;18;336;13;52;43;3;3.60;5;2;1;80;0;4996303;286;0
147;18;336;13;52;43;90;3.20;2;1;1;74;0;4996390;164;4995799
147;18;336;13;52;44;3;3.20;5;2;1;79;0;4996403;83;4995799
147;18;336;13;52;44;99;3.80;5;2;1;79;0;4996499;81;4995799
147;18;336;13;52;44;99;3.40;6;2;1;76;0;4996499;266;0
147;18;336;13;52;45;4;3.40;3;1;1;79;0;4996504;189;0
147;18;336;13;52;45;99;3.40;7;2;1;80;0;4996599;285;0
147;18;336;13;52;45;11;3.80;6;2;1;75;0;4996511;-1;0
147;18;336;13;52;46;99;4.00;7;2;1;78;0;4996699;84;0
147;18;336;13;52;47;99;3.00;6;2;1;76;0;4996799;269;0
147;18;336;13;52;49;99;5.20;6;2;1;83;0;4996999;185;0
147;18;336;13;52;50;20;4.00;7;2;1;84;0;4997020;302;0
147;18;336;13;52;51;29;3.80;5;2;1;90;0;4997129;612;0
147;18;336;13;52;51;65;3.80;2;1;1;75;0;4997165;759;0
147;18;336;13;52;51;74;3.80;6;2;1;81;0;4997174;152;0
147;18;336;13;52;51;99;4.40;3;1;1;79;0;4997199;679;0
147;18;336;13;52;53;23;3.60;6;2;1;88;0;4997323;132;0
147;18;336;13;52;54;99;3.40;2;1;1;79;0;4997499;315;0
147;18;336;13;52;55;99;3.60;2;1;1;79;0;4997599;84;0
147;18;336;13;52;56;99;3.80;7;2;1;88;0;4997699;661;0
147;18;336;13;52;56;99;3.00;6;2;1;81;0;4997699;361;0
147;18;336;13;52;57;99;3.80;3;1;1;80;0;4997799;579;0
147;18;336;13;53;0;99;3.40;7;2;1;86;0;4998099;384;0
147;18;336;13;53;0;99;3.80;2;1;1;82;0;4998099;483;0
147;18;336;13;53;1;88;3.40;2;1;1;81;0;4998188;72;0
147;18;336;13;53;1;99;3.20;3;1;1;79;0;4998199;382;0
147;18;336;13;53;2;1;3.60;7;2;1;84;0;4998201;87;0
147;18;336;13;53;2;99;3.00;4;1;1;82;0;4998299;1985;0
147;18;336;13;53;3;5;3.60;2;1;1;82;0;4998305;101;0
147;18;336;13;53;3;4;3.80;6;2;1;80;0;4998304;591;0
147;18;336;13;53;4;84;3.20;3;1;1;81;0;4998484;270;0
147;18;336;13;53;5;9;3.80;5;2;1;90;0;4998509;1364;0
147;18;336;13;53;5;99;3.40;6;2;1;79;0;4998599;277;0
147;18;336;13;53;5;99;3.60;2;1;1;80;0;4998599;278;0
147;18;336;13;53;7;18;3.40;3;1;1;81;0;4998718;219;0
147;18;336;13;53;7;99;5.20;2;1;1;74;0;4998799;183;0
147;18;336;13;53;7;99;3.80;3;1;1;75;0;4998799;65;0
147;18;336;13;53;8;99;3.40;4;1;1;82;0;4998899;586;0
147;18;336;13;53;8;5;3.00;2;1;1;74;0;4998805;-1;0
147;18;336;13;53;9;87;3.80;6;2;1;79;0;4998987;372;0
147;18;336;13;53;10;2;3.80;2;1;1;75;0;4999002;182;0
147;18;336;13;53;10;99;3.20;1;1;1;68;0;4999099;7882;0
147;18;336;13;53;10;99;3.60;4;1;1;80;0;4999099;185;0
147;18;336;13;53;11;12;3.80;2;1;1;74;0;4999112;91;4998599
147;18;336;13;53;11;25;3.40;3;1;1;71;0;4999125;307;0
147;18;336;13;53;12;9;3.60;4;1;1;77;0;4999209;93;0
147;18;336;13;53;12;99;6.00;6;2;1;79;0;4999299;294;0
147;18;336;13;53;12;99;3.20;3;1;1;74;0;4999299;156;0
147;18;336;13;53;13;19;3.40;6;2;1;81;0;4999319;-1;0
147;18;336;13;53;14;9;3.60;4;1;1;80;0;4999409;183;0
147;18;336;13;53;14;99;3.40;6;2;1;81;0;4999499;164;0
147;18;336;13;53;15;99;3.40;5;2;1;81;0;4999599;1074;0
147;18;336;13;53;15;99;3.60;3;1;1;76;0;4999599;284;0
147;18;336;13;53;16;21;3.80;4;1;1;77;0;4999621;195;4998899
147;18;336;13;53;16;38;3.60;6;2;1;81;0;4999638;123;4998899
147;18;336;13;53;16;62;3.40;3;1;1;69;0;4999662;45;4998899
147;18;336;13;53;17;25;3.20;4;1;1;76;0;4999725;86;4998899
147;18;336;13;53;17;95;3.40;2;1;1;68;0;4999795;664;0
147;18;336;13;53;17;99;3.40;1;1;1;80;0;4999799;683;0
147;18;336;13;53;17;99;3.20;3;1;1;71;0;4999799;119;0
147;18;336;13;53;17;99;4.20;7;2;1;90;0;4999799;1582;0
147;18;336;13;53;18;99;3.40;6;2;1;80;0;4999899;245;0
147;18;336;13;53;20;99;3.00;3;1;1;77;0;5000099;283;0
147;18;336;13;53;20;99;3.40;4;1;1;78;0;5000099;358;0
147;18;336;13;53;20;99;3.60;7;2;1;79;0;5000099;283;0
147;18;336;13;53;20;99;3.20;2;1;1;69;0;5000099;286;0
147;18;336;13;53;20;99;3.60;8;2;1;78;0;5000099;5505;0
147;18;336;13;53;22;0;3.80;6;2;1;82;0;5000200;285;0
147;18;336;13;53;22;96;3.60;1;1;1;86;0;5000296;481;0
147;18;336;13;53;22;99;3.40;3;1;1;78;0;5000299;185;0
147;18;336;13;53;23;99;3.60;6;2;1;81;0;5000399;182;0
147;18;336;13;53;23;99;3.60;4;1;1;79;0;5000399;284;0
147;18;336;13;53;23;99;3.40;5;2;1;78;0;5000399;784;0
147;18;336;13;53;24;65;3.60;6;2;1;78;0;5000465;50;0
147;18;336;13;53;25;99;3.80;4;1;1;80;0;5000599;183;0
147;18;336;13;53;25;99;3.40;5;2;1;81;0;5000599;184;0
147;18;336;13;53;26;7;3.60;6;2;1;74;0;5000607;125;0
147;18;336;13;53;26;16;3.60;3;1;1;72;0;5000616;301;0
147;18;336;13;53;26;99;3.80;4;1;1;80;0;5000699;82;0
147;18;336;13;53;26;38;3.60;6;2;1;69;0;5000638;13;5000200
147;18;336;13;53;27;99;3.40;3;1;1;72;0;5000799;165;5000200
147;18;336;13;53;27;99;3.80;2;1;1;72;0;5000799;683;0
147;18;336;13;53;27;99;3.60;1;1;1;76;0;5000799;487;0
147;18;336;13;53;28;6;3.80;4;1;1;82;0;5000806;89;0
147;18;336;13;53;28;21;4.00;7;2;1;81;0;5000821;705;0
147;18;336;13;53;28;99;3.80;6;2;1;73;0;5000899;242;0
147;18;336;13;53;29;19;3.20;3;1;1;72;0;5000919;103;0
147;18;336;13;53;29;13;3.80;2;1;1;76;0;5000913;95;0
147;18;336;13;53;30;9;3.80;5;2;1;88;0;5001009;394;0
147;18;336;13;53;30;99;4.40;3;1;1;73;0;5001099;164;0
147;18;336;13;53;30;99;3.00;6;2;1;78;0;5001099;181;0
147;18;336;13;53;31;99;3.00;3;1;1;76;0;5001199;78;5000616
147;18;336;13;53;32;72;4.00;2;1;1;81;0;5001272;341;0
147;18;336;13;53;32;99;3.40;6;2;1;80;0;5001299;186;0
147;18;336;13;53;33;99;3.40;4;1;1;88;0;5001399;576;0
147;18;336;13;53;35;19;4.20;2;1;1;79;0;5001519;229;0
147;18;336;13;53;36;99;3.00;6;2;1;82;0;5001699;384;0
147;18;336;13;53;36;0;3.60;3;1;1;76;0;5001600;386;0
147;18;336;13;53;38;27;4.00;4;1;1;89;0;5001827;414;0
147;18;336;13;53;40;99;3.60;1;1;1;69;0;5002099;1282;0
147;18;336;13;53;40;99;3.80;5;2;1;84;0;5002099;1074;0
147;18;336;13;53;41;99;3.60;3;1;1;76;0;5002199;581;0
147;18;336;13;53;41;99;4.00;2;1;1;75;0;5002199;660;0
147;18;336;13;53;42;5;3.60;1;1;1;74;0;5002205;87;0
147;18;336;13;53;42;7;3.60;6;2;1;74;0;5002207;494;0
147;18;336;13;53;42;40;3.60;3;1;1;72;0;5002240;23;0
147;18;336;13;53;42;78;3.60;7;2;1;82;0;5002278;1439;0
147;18;336;13;53;44;0;3.80;6;2;1;74;0;5002400;175;0
147;18;336;13;53;44;9;3.60;2;1;1;76;0;5002409;190;0
147;18;336;13;53;44;9;3.60;5;2;1;83;0;5002409;293;0
147;18;336;13;53;44;1;3.40;3;1;1;69;0;5002401;143;0
147;18;336;13;53;45;12;3.80;6;2;1;74;0;5002512;93;0
147;18;336;13;53;45;99;3.20;3;1;1;74;0;5002599;180;0
147;18;336;13;53;46;99;3.40;5;2;1;78;0;5002699;274;0
147;18;336;13;53;47;9;3.80;6;2;1;81;0;5002709;178;0
147;18;336;13;53;47;18;3.80;2;1;1;75;0;5002718;291;0
147;18;336;13;53;47;65;3.60;7;2;1;78;0;5002765;471;0
147;18;336;13;53;48;20;3.60;2;1;1;80;0;5002820;83;0
147;18;336;13;53;48;99;3.60;6;2;1;77;0;5002899;173;5002207
147;18;336;13;53;48;99;3.80;4;1;1;86;0;5002899;1055;0
147;18;336;13;53;49;16;3.40;7;2;1;77;0;5002916;134;0
147;18;336;13;53;49;26;3.20;6;2;1;77;0;5002926;10;5002207
147;18;336;13;53;50;10;3.60;3;1;1;85;0;5003010;395;0
147;18;336;13;53;51;99;2.80;2;1;1;76;0;5003199;362;0
147;18;336;13;53;51;99;3.20;7;2;1;78;0;5003199;267;0
147;18;336;13;53;52;17;3.60;6;2;1;83;0;5003217;276;0
147;18;336;13;53;52;51;3.80;8;2;1;86;0;5003251;3135;0
147;18;336;13;53;55;5;3.00;3;1;1;82;0;5003505;479;0
147;18;336;13;53;55;4;3.20;6;2;1;78;0;5003504;271;0
147;18;336;13;53;55;99;3.20;3;1;1;84;0;5003599;80;0
147;18;336;13;53;56;99;3.80;4;1;1;88;0;5003699;784;0
147;18;336;13;53;57;4;3.80;8;2;1;80;0;5003704;437;0
147;18;336;13;53;57;2;3.60;3;1;1;73;0;5003702;89;0
147;18;336;13;53;57;38;3.80;4;1;1;87;0;5003738;23;0
147;18;336;13;53;58;99;3.40;6;2;1;83;0;5003899;380;0
147;18;336;13;53;58;99;3.40;8;2;1;78;0;5003899;177;0
147;18;336;13;53;58;99;3.80;3;1;1;76;0;5003899;179;0
147;18;336;13;53;59;99;3.40;3;1;1;77;0;5003999;82;5003505
147;18;336;13;54;0;0;3.80;6;2;1;85;0;5004000;86;5003505
147;18;336;13;54;0;17;3.60;1;1;1;81;0;5004017;1794;0
147;18;336;13;54;0;66;3.60;2;1;1;70;0;5004066;853;0
147;18;336;13;54;0;92;3.20;3;1;1;77;0;5004092;77;5003505
147;18;336;13;54;1;17;3.80;4;1;1;88;0;5004117;363;0
147;18;336;13;54;1;99;3.00;8;2;1;79;0;5004199;284;0
147;18;336;13;54;1;99;3.80;5;2;1;87;0;5004199;1484;0
147;18;336;13;54;1;99;3.60;2;1;1;72;0;5004199;114;0
147;18;336;13;54;1;99;3.60;3;1;1;72;0;5004199;92;5003505
147;18;336;13;54;3;99;4.20;3;1;1;75;0;5004399;182;5003505
147;18;336;13;54;3;99;3.20;7;2;1;83;0;5004399;1185;0
147;18;336;13;54;4;1;3.40;6;2;1;85;0;5004401;384;0
147;18;336;13;54;5;5;3.60;3;1;1;74;0;5004505;85;5003505
147;18;336;13;54;6;99;3.60;7;2;1;89;0;5004699;286;0
147;18;336;13;54;6;99;3.60;2;1;1;69;0;5004699;482;0
147;18;336;13;54;7;99;3.80;8;2;1;87;0;5004799;586;0
147;18;336;13;54;7;26;3.80;1;1;1;77;0;5004726;693;0
147;18;336;13;54;7;37;3.40;2;1;1;68;0;5004737;19;0
147;18;336;13;54;8;98;3.40;3;1;1;66;0;5004898;375;0
147;18;336;13;54;9;99;3.40;4;1;1;78;0;5004999;866;0
147;18;336;13;54;9;99;3.60;2;1;1;70;0;5004999;244;0
147;18;336;13;54;10;34;3.60;4;1;1;76;0;5005034;19;0
147;18;336;13;54;11;6;3.40;6;2;1;79;0;5005106;690;0
147;18;336;13;54;11;99;4.00;2;1;1;85;0;5005199;181;0
147;18;336;13;54;11;99;4.00;7;2;1;80;0;5005199;485;0
147;18;336;13;54;12;11;3.20;1;1;1;76;0;5005211;467;0
147;18;336;13;54;12;18;3.80;5;2;1;82;0;5005218;1003;0
147;18;336;13;54;12;99;3.00;3;1;1;77;0;5005299;382;0
147;18;336;13;54;12;18;3.00;2;1;1;83;0;5005218;2;0
147;18;336;13;54;13;99;3.80;4;1;1;78;0;5005399;347;0
147;18;336;13;54;13;99;4.20;3;1;1;78;0;5005399;85;0
147;18;336;13;54;14;24;3.60;2;1;1;83;0;5005424;192;0
147;18;336;13;54;14;99;3.60;4;1;1;78;0;5005499;82;0
147;18;336;13;54;14;99;3.80;5;2;1;82;0;5005499;264;0
147;18;336;13;54;14;99;3.60;8;2;1;81;0;5005499;684;0
147;18;336;13;54;14;99;3.60;7;2;1;71;0;5005499;282;0
147;18;336;13;54;15;99;4.80;4;1;1;78;0;5005599;83;0
147;18;336;13;54;15;21;3.40;2;1;1;79;0;5005521;81;5004999
147;18;336;13;54;15;22;3.40;3;1;1;82;0;5005522;103;5004999
147;18;336;13;54;15;39;3.80;6;2;1;80;0;5005539;417;0
147;18;336;13;54;16;8;3.40;7;2;1;80;0;5005608;90;0
147;18;336;13;54;16;99;3.60;3;1;1;76;0;5005699;162;0
147;18;336;13;54;16;99;3.00;6;2;1;77;0;5005699;142;0
147;18;336;13;54;17;21;3.40;7;2;1;77;0;5005721;97;0
147;18;336;13;54;17;99;5.00;5;2;1;86;0;5005799;283;0
147;18;336;13;54;18;99;4.20;8;2;1;102;0;5005899;384;0
147;18;336;13;54;18;99;3.80;3;1;1;84;0;5005899;182;5005299
147;18;336;13;54;18;99;3.60;7;2;1;81;0;5005899;162;5005299
147;18;336;13;54;20;0;4.00;5;2;1;90;0;5006000;180;5005299
147;18;336;13;54;21;10;3.60;3;1;1;81;0;5006110;194;5005299
147;18;336;13;54;21;17;4.20;7;2;1;80;0;5006117;202;0
147;18;336;13;54;21;99;3.60;8;2;1;82;0;5006199;285;0
147;18;336;13;54;22;99;3.40;7;2;1;78;0;5006299;163;0
147;18;336;13;54;22;99;4.00;4;1;1;88;0;5006299;677;0
147;18;336;13;54;23;50;3.00;6;2;1;81;0;5006350;636;0
147;18;336;13;54;23;89;6.40;4;1;1;87;0;5006389;73;0
147;18;336;13;54;25;25;3.60;4;1;1;88;0;5006525;109;0
147;18;336;13;54;25;54;3.60;6;2;1;75;0;5006554;190;0
147;18;336;13;54;26;93;3.60;4;1;1;85;0;5006693;153;0
147;18;336;13;54;26;99;3.60;3;1;1;69;0;5006699;573;0
147;18;336;13;54;27;6;3.60;5;2;1;87;0;5006706;690;0
147;18;336;13;54;27;4;4.40;4;1;1;86;0;5006704;-1;5006299
147;18;336;13;54;27;99;3.40;3;1;1;77;0;5006799;81;5006299
147;18;336;13;54;29;10;3.20;6;2;1;83;0;5006910;338;0
147;18;336;13;54;29;99;4.00;4;1;1;91;0;5006999;276;0
147;18;336;13;54;30;17;3.80;7;2;1;85;0;5007017;702;0
147;18;336;13;54;31;99;3.60;8;2;1;81;0;5007199;984;0
147;18;336;13;54;33;46;3.60;3;1;1;72;0;5007346;531;0
147;18;336;13;54;35;99;3.40;1;1;1;83;0;5007599;2372;0
147;18;336;13;54;33;49;1.00;7;2;1;1;1;5007349;315;0
147;18;336;13;54;36;99;3.20;6;2;1;84;0;5007699;775;0
147;18;336;13;54;37;21;3.40;3;1;1;76;0;5007721;357;0
147;18;336;13;54;37;99;4.60;7;2;1;86;0;5007799;765;0
147;18;336;13;54;39;13;3.60;6;2;1;80;0;5007913;200;0
147;18;336;13;54;40;99;3.80;8;2;1;78;0;5008099;884;0
147;18;336;13;54;40;99;3.60;3;1;1;72;0;5008099;361;0
147;18;336;13;54;40;99;4.00;2;1;1;78;0;5008099;2562;0
147;18;336;13;54;41;72;2.80;3;1;1;74;0;5008172;55;0
147;18;336;13;54;41;95;3.40;6;2;1;81;0;5008195;265;0
147;18;336;13;54;42;99;3.80;2;1;1;77;0;5008299;181;0
147;18;336;13;54;42;99;3.80;4;1;1;81;0;5008299;1284;0
147;18;336;13;54;42;99;3.20;3;1;1;78;0;5008299;113;0
147;18;336;13;54;43;99;3.80;5;2;1;88;0;5008399;1678;0
147;18;336;13;54;43;7;3.60;4;1;1;80;0;5008307;-1;0
147;18;336;13;54;43;47;3.60;2;1;1;77;0;5008347;30;0
147;18;336;13;54;44;99;4.20;6;2;1;73;0;5008499;288;0
147;18;336;13;54;44;99;3.80;3;1;1;78;0;5008499;185;0
147;18;336;13;54;44;99;3.60;2;1;1;76;0;5008499;135;0
147;18;336;13;54;45;99;3.80;2;1;1;75;0;5008599;82;5008099
147;18;336;13;54;46;57;3.40;7;2;1;76;0;5008657;838;0
147;18;336;13;54;46;75;4.00;8;2;1;97;0;5008675;558;0
147;18;336;13;54;46;86;3.60;3;1;1;76;0;5008686;169;5008099
147;18;336;13;54;47;99;3.60;6;2;1;81;0;5008799;279;0
147;18;336;13;54;47;99;3.20;5;2;1;82;0;5008799;384;0
147;18;336;13;54;48;9;3.80;4;1;1;100;0;5008809;485;0
147;18;336;13;54;48;9;3.80;6;2;1;78;0;5008809;-1;0
147;18;336;13;54;48;99;3.80;3;1;1;72;0;5008899;195;5008099
147;18;336;13;54;48;28;3.20;7;2;1;75;0;5008828;154;5008099
147;18;336;13;54;50;99;3.40;7;2;1;79;0;5009099;255;0
147;18;336;13;54;50;99;3.80;3;1;1;75;0;5009099;181;5008099
147;18;336;13;54;50;99;4.20;5;2;1;93;0;5009099;285;0
147;18;336;13;54;51;57;3.40;1;1;1;76;0;5009157;1543;0
147;18;336;13;54;52;99;3.80;6;2;1;81;0;5009299;472;0
147;18;336;13;54;52;99;3.20;2;1;1;81;0;5009299;681;0
147;18;336;13;54;52;99;3.20;3;1;1;79;0;5009299;181;5008099
147;18;336;13;54;52;99;4.00;2;1;1;76;0;5009299;-1;5008099
147;18;336;13;54;54;99;3.40;6;2;1;78;0;5009499;183;5008099
147;18;336;13;54;56;2;3.40;5;2;1;86;0;5009602;486;0
147;18;336;13;54;56;45;3.20;6;2;1;77;0;5009645;130;0
147;18;336;13;54;57;13;4.00;7;2;1;89;0;5009713;598;0
147;18;336;13;54;57;17;3.40;5;2;1;82;0;5009717;100;0
147;18;336;13;54;57;99;3.60;3;1;1;81;0;5009799;485;0
147;18;336;13;54;59;61;3.80;5;2;1;84;0;5009961;229;0
147;18;336;13;54;59;62;4.00;7;2;1;85;0;5009962;232;0
147;18;336;13;54;59;84;4.40;8;2;1;90;0;5009984;1294;0
147;18;336;13;54;59;99;4.00;6;2;1;74;0;5009999;339;0
147;18;336;13;55;0;2;3.80;7;2;1;81;0;5010002;23;0
147;18;336;13;55;0;99;3.80;3;1;1;77;0;5010099;284;0
147;18;336;13;55;1;12;3.00;3;1;1;76;0;5010112;-1;0
147;18;336;13;55;2;99;3.40;8;2;1;97;0;5010299;297;0
147;18;336;13;55;4;7;3.60;4;1;1;85;0;5010407;1584;0
147;18;336;13;55;4;82;3.80;6;2;1;86;0;5010482;463;0
147;18;336;13;55;4;83;3.20;2;1;1;79;0;5010483;1165;0
147;18;336;13;55;5;99;3.60;5;2;1;82;0;5010599;621;0
147;18;336;13;55;4;73;23.60;7;2;5;72;0;5010473;454;0
147;18;336;13;55;7;11;3.20;2;1;1;77;0;5010711;213;0
147;18;336;13;55;7;21;3.80;8;2;1;76;0;5010721;409;0
147;18;336;13;55;7;99;3.40;3;1;1;71;0;5010799;672;0
147;18;336;13;55;7;99;4.00;7;2;1;83;0;5010799;208;0
147;18;336;13;55;8;99;3.60;2;1;1;78;0;5010899;173;0
147;18;336;13;55;8;99;3.20;3;1;1;75;0;5010899;82;0
147;18;336;13;55;11;99;3.20;6;2;1;71;0;5011199;701;0
147;18;336;13;55;12;99;3.80;5;2;1;84;0;5011299;684;0
147;18;336;13;55;12;99;3.60;2;1;1;77;0;5011299;383;0
147;18;336;13;55;12;99;3.40;6;2;1;73;0;5011299;83;0
147;18;336;13;55;12;99;3.40;3;1;1;84;0;5011299;384;0
147;18;336;13;55;13;99;3.80;3;1;1;84;0;5011399;85;0
147;18;336;13;55;13;99;3.60;7;2;1;76;0;5011399;582;0
147;18;336;13;55;13;99;3.40;2;1;1;76;0;5011399;83;0
147;18;336;13;55;14;1;3.80;5;2;1;93;0;5011401;85;0
147;18;336;13;55;14;20;3.80;4;1;1;93;0;5011420;997;0
147;18;336;13;55;14;57;3.20;6;2;1;78;0;5011457;141;0
147;18;336;13;55;15;4;5.80;3;1;1;77;0;5011504;88;0
147;18;336;13;55;15;99;3.40;7;2;1;80;0;5011599;182;0
147;18;336;13;55;16;99;3.20;6;2;1;79;0;5011699;227;0
147;18;336;13;55;17;78;3.60;3;1;1;79;0;5011778;246;0
147;18;336;13;55;18;3;4.40;7;2;1;79;0;5011803;188;0
147;18;336;13;55;18;27;3.40;5;2;1;83;0;5011827;411;0
147;18;336;13;55;18;99;3.60;4;1;1;83;0;5011899;464;0
147;18;336;13;55;18;99;3.60;1;1;1;80;0;5011899;2725;0
147;18;336;13;55;18;99;3.60;6;2;1;79;0;5011899;185;0
147;18;336;13;55;18;99;3.60;7;2;1;78;0;5011899;75;0
147;18;336;13;55;19;5;3.60;3;1;1;78;0;5011905;110;0
147;18;336;13;55;19;23;3.60;7;2;1;76;0;5011923;7;5011399
147;18;336;13;55;19;46;3.40;3;1;1;78;0;5011946;24;5011399
147;18;336;13;55;20;99;4.20;5;2;1;86;0;5012099;257;0
147;18;336;13;55;20;99;3.80;3;1;1;73;0;5012099;137;0
147;18;336;13;55;20;99;3.80;6;2;1;81;0;5012099;183;0
147;18;336;13;55;21;13;3.60;5;2;1;85;0;5012113;-1;0
147;18;336;13;55;21;99;3.60;2;1;1;90;0;5012199;783;0
147;18;336;13;55;21;99;3.20;1;1;1;75;0;5012199;283;0
147;18;336;13;55;22;84;3.80;6;2;1;86;0;5012284;168;0
147;18;336;13;55;23;99;3.20;3;1;1;79;0;5012399;281;0
147;18;336;13;55;24;20;3.40;6;2;1;78;0;5012420;120;5011699
147;18;336;13;55;24;57;3.60;3;1;1;79;0;5012457;43;5011699
147;18;336;13;55;24;67;3.60;4;1;1;80;0;5012467;552;0
147;18;336;13;55;26;7;3.40;7;2;1;80;0;5012607;666;0
147;18;336;13;55;27;1;3.40;2;1;1;74;0;5012701;487;0
147;18;336;13;55;27;58;3.20;5;2;1;84;0;5012758;629;0
147;18;336;13;55;27;60;3.60;3;1;1;82;0;5012760;286;0
147;18;336;13;55;27;99;3.20;7;2;1;80;0;5012799;176;0
147;18;336;13;55;28;99;3.60;2;1;1;73;0;5012899;181;0
147;18;336;13;55;29;39;3.60;4;1;1;84;0;5012939;455;0
147;18;336;13;55;29;39;3.40;6;2;1;70;0;5012939;503;0
147;18;336;13;55;30;99;3.60;3;1;1;76;0;5013099;323;0
147;18;336;13;55;31;99;3.80;6;2;1;73;0;5013199;242;0
147;18;336;13;55;31;99;3.60;4;1;1;79;0;5013199;244;0
147;18;336;13;55;32;19;2.80;1;1;1;72;0;5013219;1004;0
147;18;336;13;55;32;51;3.60;2;1;1;73;0;5013251;334;0
147;18;336;13;55;33;99;3.40;4;1;1;79;0;5013399;183;0
147;18;336;13;55;33;99;3.20;6;2;1;75;0;5013399;181;0
147;18;336;13;55;33;99;3.60;3;1;1;76;0;5013399;282;0
147;18;336;13;55;35;20;3.20;5;2;1;74;0;5013520;748;0
147;18;336;13;55;35;80;3.60;1;1;1;70;0;5013580;347;0
147;18;336;13;55;35;99;5.80;8;2;1;69;0;5013599;2860;0
147;18;336;13;55;36;10;3.60;2;1;1;71;0;5013610;341;0
147;18;336;13;55;36;21;3.40;6;2;1;77;0;5013621;206;0
147;18;336;13;55;36;99;3.60;4;1;1;78;0;5013699;284;0
147;18;336;13;55;36;99;3.60;3;1;1;74;0;5013699;282;0
147;18;336;13;55;36;99;4.20;4;1;1;80;0;5013699;-1;0
147;18;336;13;55;37;16;4.00;7;2;1;76;0;5013716;902;0
147;18;336;13;55;38;4;3.60;6;2;1;75;0;5013804;167;0
147;18;336;13;55;38;6;3.80;3;1;1;76;0;5013806;89;0
147;18;336;13;55;38;99;3.60;2;1;1;83;0;5013899;270;0
147;18;336;13;55;39;99;3.20;1;1;1;74;0;5013999;400;0
147;18;336;13;55;39;99;3.20;7;2;1;81;0;5013999;264;0
147;18;336;13;55;39;99;3.80;2;1;1;79;0;5013999;84;0
147;18;336;13;55;39;1;3.60;5;2;1;79;0;5013901;365;0
147;18;336;13;55;40;16;3.20;6;2;1;71;0;5014016;194;0
147;18;336;13;55;40;80;2.80;2;1;1;79;0;5014080;63;0
147;18;336;13;55;41;99;3.60;5;2;1;86;0;5014199;281;0
147;18;336;13;55;42;9;3.20;6;2;1;78;0;5014209;176;0
147;18;336;13;55;42;48;3.00;2;1;1;88;0;5014248;155;0
147;18;336;13;55;44;2;3.40;4;1;1;82;0;5014402;684;0
147;18;336;13;55;44;99;3.80;3;1;1;73;0;5014499;675;0
147;18;336;13;55;44;16;4.00;2;1;1;79;0;5014416;155;5013899
147;18;336;13;55;45;15;4.00;4;1;1;82;0;5014515;98;5013899
147;18;336;13;55;45;99;3.80;2;1;1;77;0;5014599;164;5013899
147;18;336;13;55;47;99;4.00;7;2;1;71;0;5014799;785;0
147;18;336;13;55;47;44;3.60;6;2;1;78;0;5014744;520;0
147;18;336;13;55;47;57;3.60;4;1;1;81;0;5014757;224;0
147;18;336;13;55;48;9;3.60;2;1;1;77;0;5014809;192;5013899
147;18;336;13;55;49;99;3.40;3;1;1;74;0;5014999;481;0
147;18;336;13;55;49;99;3.00;6;2;1;77;0;5014999;238;0
147;18;336;13;55;50;46;9.80;7;2;2;86;0;5015046;226;0
147;18;336;13;55;51;2;3.60;6;2;1;78;0;5015102;88;0
147;18;336;13;55;52;12;3.60;6;2;1;81;0;5015212;93;0
147;18;336;13;55;53;90;3.40;3;1;1;74;0;5015390;374;0
147;18;336;13;55;52;12;1.00;7;2;1;1;1;5015212;124;0
147;18;336;13;55;52;42;7.00;7;1;6;28;0;5015242;518736;0
147;18;336;13;55;53;99;5.20;5;2;1;86;0;5015399;1184;0
147;18;336;13;55;53;99;3.40;4;1;1;85;0;5015399;626;0
147;18;336;13;55;54;99;3.60;6;2;1;81;0;5015499;271;0
147;18;336;13;55;54;99;4.00;3;1;1;79;0;5015499;92;0
147;18;336;13;55;56;99;3.80;6;2;1;81;0;5015699;184;0
147;18;336;13;55;56;99;3.60;7;2;1;83;0;5015699;611;0
147;18;336;13;55;57;99;4.00;4;1;1;89;0;5015799;385;0
147;18;336;13;55;58;0;3.40;2;1;1;72;0;5015800;974;0
147;18;336;13;55;58;99;3.00;2;1;1;69;0;5015899;82;0
147;18;336;13;55;59;17;3.80;4;1;1;87;0;5015917;101;0
147;18;336;13;55;59;20;3.80;3;1;1;79;0;5015920;402;0
147;18;336;13;55;59;21;3.80;6;2;1;82;0;5015921;205;0
147;18;336;13;56;0;43;3.60;2;1;1;69;0;5016043;128;0
147;18;336;13;56;1;99;3.60;2;1;1;68;0;5016199;137;0
147;18;336;13;56;2;20;3.60;3;1;1;77;0;5016220;282;0
147;18;336;13;56;2;99;4.00;4;1;1;91;0;5016299;366;0
147;18;336;13;56;3;99;3.60;2;1;1;71;0;5016399;180;5015800
147;18;336;13;56;4;99;3.60;8;2;1;83;0;5016499;2869;0
147;18;336;13;56;4;99;3.00;2;1;1;75;0;5016499;81;5015800
147;18;336;13;56;5;69;3.40;3;1;1;73;0;5016569;332;0
147;18;336;13;56;6;99;3.40;4;1;1;89;0;5016699;384;0
147;18;336;13;56;6;99;4.20;6;2;1;79;0;5016699;761;0
147;18;336;13;56;6;82;9.40;3;1;6;73;0;5016682;96;0
147;18;336;13;56;8;12;4.00;7;2;1;81;0;5016812;1097;0
147;18;336;13;56;8;95;3.60;6;2;1;79;0;5016895;176;0
147;18;336;13;56;8;99;3.40;1;1;1;78;0;5016899;2884;0
147;18;336;13;56;9;2;3.60;3;1;1;79;0;5016902;173;0
147;18;336;13;56;9;99;3.60;8;2;1;77;0;5016999;484;0
147;18;336;13;56;9;99;3.80;2;1;1;85;0;5016999;485;0
147;18;336;13;56;10;8;3.60;1;1;1;82;0;5017008;93;0
147;18;336;13;56;10;16;3.80;3;1;1;78;0;5017016;97;0
147;18;336;13;56;11;93;3.60;7;2;1;79;0;5017193;363;0
147;18;336;13;56;11;99;3.20;3;1;1;74;0;5017199;165;5016569
147;18;336;13;56;13;96;3.60;6;2;1;82;0;5017396;484;0
147;18;336;13;56;14;4;3.20;4;1;1;85;0;5017404;691;0
147;18;336;13;56;14;99;3.20;3;1;1;80;0;5017499;284;0
147;18;336;13;56;14;99;3.20;5;2;1;90;0;5017499;2078;0
147;18;336;13;56;14;99;4.00;7;2;1;90;0;5017499;289;0
147;18;336;13;56;16;77;3.20;6;2;1;75;0;5017677;265;0
147;18;336;13;56;16;88;3.40;2;1;1;71;0;5017688;672;0
147;18;336;13;56;17;99;3.80;8;2;1;79;0;5017799;783;0
147;18;336;13;56;19;99;3.40;8;2;1;75;0;5017999;182;0
147;18;336;13;56;20;99;3.80;3;1;1;76;0;5018099;585;0
147;18;336;13;56;20;99;3.20;2;1;1;67;0;5018099;393;0
147;18;336;13;56;21;6;3.60;7;2;1;87;0;5018106;591;0
147;18;336;13;56;21;87;3.40;3;1;1;75;0;5018187;70;0
147;18;336;13;56;21;99;3.80;6;2;1;89;0;5018199;506;0
147;18;336;13;56;21;99;3.00;2;1;1;66;0;5018199;82;0
147;18;336;13;56;22;99;4.20;1;1;1;72;0;5018299;1275;0
147;18;336;13;56;23;15;3.80;4;1;1;83;0;5018315;897;0
147;18;336;13;56;23;32;3.40;2;1;1;74;0;5018332;116;0
147;18;336;13;56;23;79;3.60;3;1;1;73;0;5018379;175;0
147;18;336;13;56;24;99;4.00;2;1;1;75;0;5018499;150;0
147;18;336;13;56;26;30;3.40;1;1;1;83;0;5018630;310;0
147;18;336;13;56;28;99;3.60;6;2;1;72;0;5018899;684;0
147;18;336;13;56;28;15;3.40;8;2;1;75;0;5018815;799;0
147;18;336;13;56;29;99;3.80;6;2;1;75;0;5018999;82;0
147;18;336;13;56;30;26;3.20;8;2;1;80;0;5019026;194;0
147;18;336;13;56;30;99;3.60;6;2;1;83;0;5019099;81;0
147;18;336;13;56;31;80;3.80;6;2;1;78;0;5019180;65;0
147;18;336;13;56;31;90;3.20;3;1;1;84;0;5019190;793;0
147;18;336;13;56;32;99;3.60;7;2;1;79;0;5019299;1178;0
147;18;336;13;56;32;99;3.60;3;1;1;84;0;5019299;95;0
147;18;336;13;56;34;82;3.80;6;2;1;73;0;5019482;284;0
147;18;336;13;56;34;91;3.80;8;2;1;77;0;5019491;450;0
147;18;336;13;56;34;99;3.40;2;1;1;81;0;5019499;980;0
147;18;336;13;56;34;99;3.60;5;2;1;83;0;5019499;1987;0
147;18;336;13;56;35;3;3.40;6;2;1;80;0;5019503;2;0
147;18;336;13;56;35;17;3.40;2;1;1;78;0;5019517;2;0
147;18;336;13;56;35;99;4.00;3;1;1;85;0;5019599;284;0
147;18;336;13;56;36;77;3.20;6;2;1;79;0;5019677;158;0
147;18;336;13;56;36;85;3.60;2;1;1;81;0;5019685;152;0
147;18;336;13;56;38;29;3.60;3;1;1;81;0;5019829;213;0
147;18;336;13;56;39;2;3.40;7;2;1;83;0;5019902;586;0
147;18;336;13;56;39;14;3.40;6;2;1;78;0;5019914;222;0
147;18;336;13;56;40;99;3.80;5;2;1;87;0;5020099;584;0
147;18;336;13;56;41;35;3.60;7;2;1;81;0;5020135;218;0
147;18;336;13;56;42;99;3.60;3;1;1;64;0;5020299;454;0
147;18;336;13;56;42;99;3.80;1;1;1;76;0;5020299;1654;0
147;18;336;13;56;43;1;5.40;6;2;1;79;0;5020301;371;0
147;18;336;13;56;43;10;3.80;3;1;1;65;0;5020310;-1;0
147;18;336;13;56;44;72;4.60;3;1;1;71;0;5020472;140;0
147;18;336;13;56;44;83;3.80;7;2;1;80;0;5020483;332;0
147;18;336;13;56;45;6;4.00;5;2;1;91;0;5020506;391;0
147;18;336;13;56;45;99;3.60;6;2;1;80;0;5020599;273;0
147;18;336;13;56;46;13;3.80;5;2;1;84;0;5020613;91;0
147;18;336;13;56;47;0;3.20;5;2;1;81;0;5020700;70;0
147;18;336;13;56;47;99;3.00;6;2;1;77;0;5020799;183;0
147;18;336;13;56;47;99;3.00;1;1;1;77;0;5020799;482;0
147;18;336;13;56;47;99;4.00;5;2;1;84;0;5020799;84;0
147;18;336;13;56;48;15;4.00;8;2;1;73;0;5020815;1306;0
147;18;336;13;56;48;14;2.80;2;1;1;79;0;5020814;1113;0
147;18;336;13;56;49;10;3.80;6;2;1;82;0;5020910;96;0
147;18;336;13;56;49;76;3.80;3;1;1;70;0;5020976;480;0
147;18;336;13;56;51;18;3.60;6;2;1;83;0;5021118;191;0
147;18;336;13;56;51;7;3.60;3;1;1;69;0;5021107;111;0
147;18;336;13;56;51;99;3.20;7;2;1;78;0;5021199;698;0
147;18;336;13;56;51;11;3.40;2;1;1;68;0;5021111;284;0
147;18;336;13;56;52;11;3.60;4;1;1;77;0;5021211;2879;0
147;18;336;13;56;52;99;3.20;2;1;1;64;0;5021299;170;0
147;18;336;13;56;53;99;3.80;2;1;1;63;0;5021399;82;0
147;18;336;13;56;53;99;4.00;1;1;1;78;0;5021399;585;0
147;18;336;13;56;53;3;3.80;3;1;1;75;0;5021303;177;0
147;18;336;13;56;55;99;3.80;4;1;1;81;0;5021599;371;0
147;18;336;13;56;55;99;3.20;2;1;1;77;0;5021599;178;0
147;18;336;13;56;56;99;3.20;6;2;1;75;0;5021699;565;0
147;18;336;13;56;56;99;4.00;5;2;1;78;0;5021699;882;0
147;18;336;13;56;56;38;4.60;3;1;1;75;0;5021638;316;0
147;18;336;13;56;57;99;3.80;5;2;1;78;0;5021799;81;0
147;18;336;13;56;57;99;3.60;8;2;1;77;0;5021799;964;0
147;18;336;13;56;59;74;3.00;6;2;1;75;0;5021974;259;0
147;18;336;13;57;0;13;3.40;2;1;1;88;0;5022013;399;0
147;18;336;13;57;0;99;3.60;3;1;1;72;0;5022099;438;0
147;18;336;13;57;0;99;3.80;1;1;1;92;0;5022099;681;0
147;18;336;13;57;1;30;3.60;4;1;1;79;0;5022130;514;0
147;18;336;13;57;2;92;3.60;6;2;1;85;0;5022292;303;0
147;18;336;13;57;3;14;3.40;3;1;1;72;0;5022314;197;0
147;18;336;13;57;3;99;4.00;6;2;1;84;0;5022399;91;0
147;18;336;13;57;3;99;3.80;2;1;1;81;0;5022399;372;0
147;18;336;13;57;4;13;3.60;4;1;1;80;0;5022413;266;0
147;18;336;13;57;5;6;3.80;2;1;1;75;0;5022506;90;0
147;18;336;13;57;5;99;3.00;4;1;1;87;0;5022599;169;0
147;18;336;13;57;5;99;3.60;6;2;1;78;0;5022599;182;0
147;18;336;13;57;7;77;3.40;6;2;1;83;0;5022777;161;0
147;18;336;13;57;8;99;3.60;2;1;1;82;0;5022899;374;0
147;18;336;13;57;9;60;3.60;6;2;1;81;0;5022960;168;5022292
147;18;336;13;57;9;69;3.60;3;1;1;85;0;5022969;638;0
147;18;336;13;57;12;99;3.80;8;2;1;79;0;5023299;1483;0
147;18;336;13;57;13;99;5.00;7;2;1;67;0;5023399;2185;0
147;18;336;13;57;14;56;3.80;3;1;1;84;0;5023456;471;0
147;18;336;13;57;15;99;3.40;6;2;1;81;0;5023599;623;0
147;18;336;13;57;15;99;3.00;2;1;1;75;0;5023599;684;0
147;18;336;13;57;16;99;3.60;3;1;1;77;0;5023699;226;0
147;18;336;13;57;18;99;3.80;7;2;1;87;0;5023899;473;0
147;18;336;13;57;19;99;3.80;6;2;1;75;0;5023999;384;0
147;18;336;13;57;19;37;4.00;5;2;1;86;0;5023937;2120;0
147;18;336;13;57;21;99;4.40;8;2;1;78;0;5024199;882;0
147;18;336;13;57;22;23;3.00;6;2;1;77;0;5024223;205;0
147;18;336;13;57;22;24;3.20;3;1;1;77;0;5024224;508;0
147;18;336;13;57;22;54;3.60;4;1;1;85;0;5024254;1642;0
147;18;336;13;57;24;14;3.60;7;2;1;78;0;5024414;499;0
147;18;336;13;57;24;99;3.80;4;1;1;82;0;5024499;229;0
147;18;336;13;57;24;99;3.80;3;1;1;77;0;5024499;260;0
147;18;336;13;57;24;11;3.40;6;2;1;77;0;5024411;173;0
147;18;336;13;57;25;88;3.80;7;2;1;78;0;5024588;157;0
147;18;336;13;57;26;99;3.20;7;2;1;79;0;5024699;93;0
147;18;336;13;57;26;99;3.60;6;2;1;77;0;5024699;272;0
147;18;336;13;57;26;99;3.20;3;1;1;76;0;5024699;182;0
147;18;336;13;57;27;63;3.20;7;2;1;79;0;5024763;49;0
147;18;336;13;57;27;76;3.80;2;1;1;76;0;5024776;1162;0
147;18;336;13;57;28;25;3.20;6;2;1;80;0;5024825;109;0
147;18;336;13;57;29;99;3.60;2;1;1;79;0;5024999;205;0
147;18;336;13;57;29;14;3.80;3;1;1;75;0;5024914;199;0
147;18;336;13;57;30;99;3.80;6;2;1;80;0;5025099;259;0
147;18;336;13;57;30;99;3.40;1;1;1;82;0;5025099;2985;0
147;18;336;13;57;30;99;6.60;3;1;1;75;0;5025099;166;0
147;18;336;13;57;31;99;3.80;4;1;1;83;0;5025199;683;0
147;18;336;13;57;31;99;3.60;7;2;1;80;0;5025199;421;0
147;18;336;13;57;32;0;3.40;2;1;1;83;0;5025200;184;0
147;18;336;13;57;32;32;3.40;7;2;1;79;0;5025232;16;0
147;18;336;13;57;33;29;3.20;3;1;1;80;0;5025329;198;5024499
147;18;336;13;57;33;99;3.60;5;2;1;83;0;5025399;1445;0
147;18;336;13;57;33;99;3.60;4;1;1;83;0;5025399;183;0
147;18;336;13;57;34;99;3.80;2;1;1;86;0;5025499;284;0
147;18;336;13;57;34;99;4.40;1;1;1;74;0;5025499;385;0
147;18;336;13;57;35;9;4.00;3;1;1;82;0;5025509;165;5024499
147;18;336;13;57;35;23;3.40;6;2;1;78;0;5025523;406;0
147;18;336;13;57;35;65;3.80;7;2;1;87;0;5025565;317;0
147;18;336;13;57;37;48;2.80;6;2;1;77;0;5025748;209;0
147;18;336;13;57;39;7;3.00;3;1;1;76;0;5025907;380;0
147;18;336;13;57;39;99;3.40;6;2;1;81;0;5025999;237;0
147;18;336;13;57;40;99;3.40;4;1;1;79;0;5026099;684;0
147;18;336;13;57;41;4;3.60;7;2;1;81;0;5026104;523;0
147;18;336;13;57;42;99;3.80;6;2;1;80;0;5026299;284;0
147;18;336;13;57;42;17;3.80;1;1;1;69;0;5026217;696;0
147;18;336;13;57;42;39;3.60;5;2;1;87;0;5026239;824;0
147;18;336;13;57;43;8;3.00;2;1;1;79;0;5026308;793;0
147;18;336;13;57;44;99;3.20;3;1;1;75;0;5026499;577;0
147;18;336;13;57;45;21;3.40;3;1;1;74;0;5026521;6;0
147;18;336;13;57;45;36;3.40;5;2;1;80;0;5026536;282;0
147;18;336;13;57;46;1;3.20;3;1;1;71;0;5026601;63;0
147;18;336;13;57;46;99;3.20;6;2;1;75;0;5026699;382;0
147;18;336;13;57;46;99;3.80;5;2;1;81;0;5026699;147;0
147;18;336;13;57;48;99;3.60;2;1;1;73;0;5026899;577;0
147;18;336;13;57;49;99;5.00;5;2;1;78;0;5026999;283;0
147;18;336;13;57;49;99;3.80;7;2;1;84;0;5026999;879;0
147;18;336;13;57;49;99;3.60;6;2;1;74;0;5026999;284;0
147;18;336;13;57;49;99;4.00;5;2;1;78;0;5026999;-1;0
147;18;336;13;57;50;17;3.60;2;1;1;75;0;5027017;100;0
147;18;336;13;57;50;26;4.00;8;2;1;88;0;5027026;2806;0
147;18;336;13;57;50;44;4.00;1;1;1;81;0;5027044;807;0
147;18;336;13;57;51;18;3.60;2;1;1;72;0;5027118;83;0
147;18;336;13;57;51;99;3.80;4;1;1;91;0;5027199;1084;0
147;18;336;13;57;51;99;3.80;6;2;1;82;0;5027199;182;0
147;18;336;13;57;52;25;3.00;1;1;1;88;0;5027225;163;0
147;18;336;13;57;52;99;3.80;4;1;1;91;0;5027299;84;0
147;18;336;13;57;52;99;3.40;2;1;1;72;0;5027299;163;0
147;18;336;13;57;53;46;3.20;2;1;1;68;0;5027346;30;5026899
147;18;336;13;57;53;64;3.80;7;2;1;82;0;5027364;348;0
147;18;336;13;57;54;5;3.60;4;1;1;85;0;5027405;90;0
147;18;336;13;57;54;11;3.20;3;1;1;75;0;5027411;793;0
147;18;336;13;57;54;99;3.00;6;2;1;73;0;5027499;283;0
147;18;336;13;57;55;17;3.20;2;1;1;71;0;5027517;154;5026899
147;18;336;13;57;57;99;3.40;2;1;1;71;0;5027799;265;0
147;18;336;13;57;56;49;18.80;6;2;5;73;0;5027649;135;0
147;18;336;13;57;57;99;3.80;5;2;1;80;0;5027799;781;0
147;18;336;13;57;58;20;3.40;5;2;1;81;0;5027820;3;0
147;18;336;13;57;58;47;3.40;7;2;1;81;0;5027847;466;0
147;18;336;13;57;58;68;3.40;1;1;1;71;0;5027868;630;0
147;18;336;13;57;58;95;3.40;6;2;1;74;0;5027895;153;0
147;18;336;13;57;59;99;3.60;3;1;1;73;0;5027999;572;0
147;18;336;13;57;59;99;3.60;2;1;1;76;0;5027999;182;0
147;18;336;13;57;59;99;4.40;5;2;1;82;0;5027999;163;0
147;18;336;13;58;0;99;3.80;4;1;1;83;0;5028099;678;0
147;18;336;13;58;0;99;3.60;3;1;1;75;0;5028099;82;0
147;18;336;13;58;1;93;3.80;2;1;1;75;0;5028193;176;0
147;18;336;13;58;1;99;3.40;3;1;1;76;0;5028199;82;0
147;18;336;13;58;2;99;3.60;6;2;1;82;0;5028299;387;0
147;18;336;13;58;3;19;3.40;7;2;1;79;0;5028319;456;0
147;18;336;13;58;3;45;3.60;3;1;1;75;0;5028345;129;0
147;18;336;13;58;4;23;3.40;4;1;1;83;0;5028423;307;0
147;18;336;13;58;4;26;3.20;6;2;1;82;0;5028426;111;0
147;18;336;13;58;4;99;3.40;8;2;1;73;0;5028499;1456;0
147;18;336;13;58;4;99;3.40;6;2;1;84;0;5028499;58;0
147;18;336;13;58;5;20;3.20;8;2;1;80;0;5028520;4;0
147;18;336;13;58;5;20;3.40;7;2;1;78;0;5028520;185;0
147;18;336;13;58;6;90;4.20;4;1;1;78;0;5028690;252;0
147;18;336;13;58;6;99;3.60;6;2;1;79;0;5028699;185;0
147;18;336;13;58;7;99;4.00;7;2;1;86;0;5028799;263;0
147;18;336;13;58;8;63;3.20;3;1;1;77;0;5028863;500;0
147;18;336;13;58;9;99;3.20;2;1;1;76;0;5028999;787;0
147;18;336;13;58;8;64;5.80;7;2;1;34;0;5028864;48;0
147;18;336;13;58;10;13;3.60;6;2;1;75;0;5029013;297;0
147;18;336;13;58;10;4;3.80;4;1;1;81;0;5029004;294;0
147;18;336;13;58;10;21;3.20;6;2;1;77;0;5029021;-1;0
147;18;336;13;58;10;28;3.80;8;2;1;83;0;5029028;493;0
147;18;336;13;58;11;99;3.40;6;2;1;75;0;5029199;163;0
147;18;336;13;58;12;99;3.40;6;2;1;75;0;5029299;83;0
147;18;336;13;58;13;59;3.80;3;1;1;79;0;5029359;481;0
147;18;336;13;58;14;99;4.20;5;2;1;81;0;5029499;1480;0
147;18;336;13;58;15;29;3.60;4;1;1;89;0;5029529;508;0
147;18;336;13;58;16;21;3.60;3;1;1;81;0;5029621;244;0
147;18;336;13;58;16;79;3.80;5;2;1;83;0;5029679;161;0
147;18;336;13;58;17;99;3.80;6;2;1;85;0;5029799;483;0
147;18;336;13;58;17;99;4.00;5;2;1;87;0;5029799;103;0
147;18;336;13;58;18;29;3.60;5;2;1;85;0;5029829;13;0
147;18;336;13;58;17;10;5.80;7;2;1;26;0;5029710;784;0
147;18;336;13;58;19;96;4.00;3;1;1;84;0;5029996;359;0
147;18;336;13;58;20;17;3.20;4;1;1;84;0;5030017;473;0
147;18;336;13;58;20;99;3.20;1;1;1;75;0;5030099;2213;0
147;18;336;13;58;20;99;3.80;4;1;1;82;0;5030099;68;0
147;18;336;13;58;21;44;3.20;3;1;1;69;0;5030144;130;0
147;18;336;13;58;21;67;3.40;6;2;1;78;0;5030167;351;0
147;18;336;13;58;21;80;4.00;7;2;1;86;0;5030180;389;0
147;18;336;13;58;22;99;3.40;3;1;1;68;0;5030299;138;0
147;18;336;13;58;23;99;3.80;6;2;1;74;0;5030399;216;0
147;18;336;13;58;24;6;3.80;5;2;1;83;0;5030406;561;0
147;18;336;13;58;24;6;3.40;6;2;1;73;0;5030406;-1;0
147;18;336;13;58;24;64;3.40;3;1;1;67;0;5030464;147;0
147;18;336;13;58;24;99;3.60;2;1;1;76;0;5030499;1484;0
147;18;336;13;58;25;24;2.80;4;1;1;80;0;5030524;408;0
147;18;336;13;58;25;99;3.40;3;1;1;65;0;5030599;116;5029996
147;18;336;13;58;25;99;3.80;6;2;1;79;0;5030599;176;5029996
147;18;336;13;58;26;19;3.60;2;1;1;78;0;5030619;102;5029996
147;18;336;13;58;26;39;3.40;4;1;1;81;0;5030639;102;5029996
147;18;336;13;58;26;84;5.20;3;1;1;67;0;5030684;66;5029996
147;18;336;13;58;27;99;3.80;4;1;1;83;0;5030799;144;5029996
147;18;336;13;58;27;99;3.80;6;2;1;79;0;5030799;182;5029996
147;18;336;13;58;27;99;3.60;3;1;1;68;0;5030799;87;5029996
147;18;336;13;58;28;1;4.00;5;2;1;79;0;5030801;378;0
147;18;336;13;58;28;38;3.80;4;1;1;86;0;5030838;22;0
147;18;336;13;58;29;76;3.20;3;1;1;69;0;5030976;157;5029996
147;18;336;13;58;30;99;3.20;6;2;1;78;0;5031099;282;0
147;18;336;13;58;30;99;3.60;4;1;1;82;0;5031099;245;0
147;18;336;13;58;30;99;4.20;3;1;1;68;0;5031099;106;5029996
147;18;336;13;58;31;5;3.20;5;2;1;79;0;5031105;285;0
147;18;336;13;58;32;18;3.80;4;1;1;78;0;5031218;103;0
147;18;336;13;58;33;99;3.00;6;2;1;79;0;5031399;285;0
147;18;336;13;58;33;99;3.00;3;1;1;72;0;5031399;277;0
147;18;336;13;58;34;99;3.60;3;1;1;73;0;5031499;85;0
147;18;336;13;58;35;4;3.40;1;1;1;80;0;5031504;1389;0
147;18;336;13;58;35;8;3.00;6;2;1;76;0;5031508;95;0
147;18;336;13;58;36;7;3.60;7;2;1;78;0;5031607;1410;0
147;18;336;13;58;36;45;3.20;3;1;1;74;0;5031645;128;0
147;18;336;13;58;37;99;3.60;1;1;1;78;0;5031799;279;0
147;18;336;13;58;37;99;3.60;3;1;1;69;0;5031799;138;0
147;18;336;13;58;38;99;3.20;3;1;1;66;0;5031899;81;5031399
147;18;336;13;58;38;99;3.80;1;1;1;96;0;5031899;83;5031399
147;18;336;13;58;38;99;4.00;7;2;1;74;0;5031899;275;0
147;18;336;13;58;39;79;4.00;7;2;1;74;0;5031979;60;0
147;18;336;13;58;39;91;3.60;3;1;1;66;0;5031991;74;5031399
147;18;336;13;58;40;2;3.80;8;2;1;78;0;5032002;2957;0
147;18;336;13;58;40;99;3.00;2;1;1;75;0;5032099;1463;0
147;18;336;13;58;40;99;3.00;6;2;1;80;0;5032099;576;0
147;18;336;13;58;41;18;3.20;6;2;1;81;0;5032118;5;0
147;18;336;13;58;42;21;3.60;7;2;1;78;0;5032221;222;0
147;18;336;13;58;42;99;4.20;3;1;1;86;0;5032299;288;0
147;18;336;13;58;42;99;3.40;5;2;1;85;0;5032299;1179;0
147;18;336;13;58;43;99;4.00;1;1;1;80;0;5032399;485;0
147;18;336;13;58;44;39;3.80;2;1;1;88;0;5032439;325;0
147;18;336;13;58;44;37;3.00;7;2;1;86;0;5032437;199;0
147;18;336;13;58;45;4;3.60;6;2;1;77;0;5032504;371;0
147;18;336;13;58;46;30;3.80;3;1;1;72;0;5032630;313;0
147;18;336;13;58;47;93;3.60;6;2;1;83;0;5032793;272;0
147;18;336;13;58;47;99;5.20;3;1;1;73;0;5032799;150;0
147;18;336;13;58;48;10;3.40;4;1;1;81;0;5032810;1574;0
147;18;336;13;58;48;99;3.40;2;1;1;70;0;5032899;444;0
147;18;336;13;58;46;26;4.00;7;2;1;16;0;5032626;176;0
147;18;336;13;58;48;99;3.40;3;1;1;70;0;5032899;74;0
147;18;336;13;58;49;1;3.00;6;2;1;80;0;5032901;92;0
147;18;336;13;58;50;22;3.40;6;2;1;78;0;5033022;107;0
147;18;336;13;58;50;99;3.00;2;1;1;73;0;5033099;182;0
147;18;336;13;58;51;99;3.80;3;1;1;84;0;5033199;282;0
147;18;336;13;58;51;99;4.20;4;1;1;90;0;5033199;373;0
147;18;336;13;58;52;7;3.20;6;2;1;77;0;5033207;169;0
147;18;336;13;58;52;84;3.40;4;1;1;90;0;5033284;68;0
147;18;336;13;58;52;83;3.60;2;1;1;73;0;5033283;169;0
147;18;336;13;58;54;0;3.80;4;1;1;81;0;5033400;102;0
147;18;336;13;58;55;99;3.40;2;1;1;82;0;5033599;298;0
147;18;336;13;58;56;14;3.60;6;2;1;84;0;5033614;392;0
147;18;336;13;58;56;99;3.60;2;1;1;78;0;5033699;85;0
147;18;336;13;58;56;12;3.60;3;1;1;73;0;5033612;396;0
147;18;336;13;58;57;84;3.20;6;2;1;80;0;5033784;154;0
147;18;336;13;58;58;99;3.60;5;2;1;83;0;5033899;1585;0
147;18;336;13;58;59;45;2.80;6;2;1;75;0;5033945;146;0
147;18;336;13;59;0;19;3.20;3;1;1;79;0;5034019;389;0
147;18;336;13;59;0;99;3.00;1;1;1;74;0;5034099;1682;0
147;18;336;13;59;1;99;3.40;3;1;1;83;0;5034199;165;0
147;18;336;13;59;2;83;3.40;2;1;1;80;0;5034283;567;0
147;18;336;13;59;4;99;3.60;6;2;1;81;0;5034499;540;0
147;18;336;13;59;4;35;3.00;3;1;1;81;0;5034435;221;0
147;18;336;13;59;2;70;4.20;7;2;1;15;0;5034270;1554;0
147;18;336;13;59;5;99;3.40;2;1;1;76;0;5034599;300;0
147;18;336;13;59;6;99;3.20;7;2;1;79;0;5034699;328;0
147;18;336;13;59;7;8;3.60;2;1;1;75;0;5034708;92;0
147;18;336;13;59;7;61;3.60;3;1;1;77;0;5034761;312;0
147;18;336;13;59;8;19;3.60;8;2;1;80;0;5034819;2799;0
147;18;336;13;59;8;24;3.80;6;2;1;85;0;5034824;309;0
147;18;336;13;59;8;99;3.80;2;1;1;77;0;5034899;173;0
147;18;336;13;59;9;13;3.40;4;1;1;84;0;5034913;1496;0
147;18;336;13;59;9;13;5.60;3;1;1;81;0;5034913;135;0
147;18;336;13;59;10;77;3.40;3;1;1;80;0;5035077;139;0
147;18;336;13;59;10;75;3.40;2;1;1;78;0;5035075;158;0
147;18;336;13;59;11;99;3.60;4;1;1;83;0;5035199;271;0
147;18;336;13;59;12;33;3.80;3;1;1;85;0;5035233;140;0
147;18;336;13;59;13;99;3.40;6;2;1;83;0;5035399;558;0
147;18;336;13;59;14;23;4.40;5;2;1;78;0;5035423;1508;0
147;18;336;13;59;15;22;3.20;2;1;1;87;0;5035522;431;0
147;18;336;13;59;16;99;3.40;2;1;1;80;0;5035699;163;0
147;18;336;13;59;16;99;3.60;3;1;1;76;0;5035699;449;0
147;18;336;13;59;16;99;3.80;6;2;1;78;0;5035699;285;0
147;18;336;13;59;18;7;4.20;8;2;1;91;0;5035807;971;0
147;18;336;13;59;18;99;3.60;6;2;1;77;0;5035899;182;0
147;18;336;13;59;18;99;3.00;2;1;1;77;0;5035899;184;0
147;18;336;13;59;19;99;3.60;3;1;1;79;0;5035999;282;0
147;18;336;13;59;19;11;3.80;2;1;1;78;0;5035911;-1;0
147;18;336;13;59;20;85;3.40;6;2;1;76;0;5036085;169;0
147;18;336;13;59;20;99;3.60;2;1;1;78;0;5036099;170;5035522
147;18;336;13;59;20;99;4.40;8;2;1;85;0;5036099;275;0
147;18;336;13;59;21;99;3.40;3;1;1;93;0;5036199;183;0
147;18;336;13;59;21;99;4.00;2;1;1;74;0;5036199;83;5035522
147;18;336;13;59;22;36;3.60;6;2;1;76;0;5036236;134;5035522
147;18;336;13;59;23;99;3.40;6;2;1;78;0;5036399;145;5035699
147;18;336;13;59;23;99;3.60;3;1;1;78;0;5036399;186;5035699
147;18;336;13;59;24;99;3.80;6;2;1;80;0;5036499;84;5035699
147;18;336;13;59;24;2;3.80;5;2;1;81;0;5036402;958;0
147;18;336;13;59;25;76;3.40;5;2;1;79;0;5036576;157;0
147;18;336;13;59;25;99;3.80;8;2;1;84;0;5036599;481;0
147;18;336;13;59;28;92;3.80;2;1;1;76;0;5036892;673;0
147;18;336;13;59;30;3;3.60;6;2;1;86;0;5037003;486;0
147;18;336;13;59;30;10;3.40;2;1;1;76;0;5037010;100;0
147;18;336;13;59;31;22;3.60;2;1;1;77;0;5037122;95;0
147;18;336;13;59;33;4;3.00;3;1;1;71;0;5037304;888;0
147;18;336;13;59;34;2;4.00;4;1;1;80;0;5037402;2187;0
147;18;336;13;59;34;99;3.80;3;1;1;70;0;5037499;179;0
147;18;336;13;59;35;6;3.60;2;1;1;75;0;5037506;367;0
147;18;336;13;59;35;26;3.40;4;1;1;80;0;5037526;106;0
147;18;336;13;59;36;99;3.40;3;1;1;73;0;5037699;180;0
147;18;336;13;59;36;99;3.40;6;2;1;81;0;5037699;680;0
147;18;336;13;59;37;20;3.20;3;1;1;71;0;5037720;4;0
147;18;336;13;59;37;15;4.00;7;2;1;79;0;5037715;3001;0
147;18;336;13;59;38;5;3.40;4;1;1;83;0;5037805;263;0
147;18;336;13;59;38;61;3.00;2;1;1;76;0;5037861;337;0
147;18;336;13;59;39;99;3.00;3;1;1;71;0;5037999;262;0
147;18;336;13;59;40;41;3.60;6;2;1;87;0;5038041;326;0
147;18;336;13;59;41;99;5.20;2;1;1;71;0;5038199;323;0
147;18;336;13;59;42;99;4.00;4;1;1;79;0;5038299;479;0
147;18;336;13;59;42;99;3.00;6;2;1;84;0;5038299;243;0
147;18;336;13;59;43;19;3.60;3;1;1;76;0;5038319;304;0
147;18;336;13;59;45;24;3.60;4;1;1;87;0;5038524;206;0
147;18;336;13;59;45;10;3.00;2;1;1;76;0;5038510;284;0
147;18;336;13;59;45;60;3.40;6;2;1;85;0;5038560;248;0
147;18;336;13;59;46;7;3.00;8;2;1;67;0;5038607;1991;0
147;18;336;13;59;46;15;3.60;3;1;1;72;0;5038615;278;0
147;18;336;13;59;46;99;5.80;5;2;1;87;0;5038699;2107;0
147;18;336;13;59;47;12;3.40;8;2;1;69;0;5038712;88;0
147;18;336;13;59;47;99;4.00;3;1;1;87;0;5038799;166;0
147;18;336;13;59;47;99;3.60;6;2;1;83;0;5038799;224;0
147;18;336;13;59;46;33;4.00;7;2;1;19;0;5038633;899;0
147;18;336;13;59;48;84;3.00;3;1;1;77;0;5038884;68;0
147;18;336;13;59;49;99;3.80;7;2;1;81;0;5038999;290;0
147;18;336;13;59;50;29;3.60;5;2;1;86;0;5039029;306;0
147;18;336;13;59;51;23;4.00;1;1;1;83;0;5039123;5009;0
147;18;336;13;59;51;85;3.40;3;1;1;78;0;5039185;286;0
147;18;336;13;59;53;56;3.60;1;1;1;79;0;5039356;215;0
147;18;336;13;59;54;99;3.60;6;2;1;79;0;5039499;684;0
147;18;336;13;59;55;99;4.40;2;1;1;83;0;5039599;1074;0
147;18;336;13;59;55;10;4.00;4;1;1;77;0;5039510;971;0
147;18;336;13;59;55;5;3.60;7;2;1;85;0;5039505;489;0
147;18;336;13;59;55;32;3.60;1;1;1;92;0;5039532;159;0
147;18;336;13;59;56;89;3.40;6;2;1;86;0;5039689;173;0
147;18;336;13;59;56;93;4.20;3;1;1;75;0;5039693;492;0
147;18;336;13;59;56;99;3.40;2;1;1;83;0;5039699;80;0
147;18;336;13;59;57;99;4.00;4;1;1;80;0;5039799;270;0
147;18;336;13;59;57;99;3.80;6;2;1;79;0;5039799;95;0
147;18;336;13;59;58;55;3.40;2;1;1;78;0;5039855;141;0
147;18;336;13;59;59;99;3.80;3;1;1;82;0;5039999;285;0
147;18;336;14;0;0;10;3.40;7;2;1;75;0;5040010;489;0
147;18;336;14;0;1;60;3.40;6;2;1;80;0;5040160;343;0
147;18;336;14;0;1;79;6.20;2;1;1;80;0;5040179;308;0
147;18;336;14;0;1;38;4.20;7;2;1;13;0;5040138;111;0
147;18;336;14;0;4;99;3.80;6;2;1;74;0;5040499;323;0
147;18;336;14;0;5;20;3.20;5;2;1;86;0;5040520;1475;0
147;18;336;14;0;5;99;3.60;3;1;1;79;0;5040599;583;0
147;18;336;14;0;6;7;2.80;6;2;1;78;0;5040607;89;0
147;18;336;14;0;6;68;3.60;5;2;1;87;0;5040668;134;0
147;18;336;14;0;8;10;3.80;7;2;1;80;0;5040810;555;0
147;18;336;14;0;9;88;3.40;6;2;1;81;0;5040988;368;0
147;18;336;14;0;10;14;3.60;7;2;1;78;0;5041014;186;0
147;18;336;14;0;10;99;2.80;2;1;1;66;0;5041099;892;0
147;18;336;14;0;10;99;3.60;3;1;1;75;0;5041099;483;0
147;18;336;14;0;11;34;3.80;6;2;1;81;0;5041134;130;0
147;18;336;14;0;12;5;3.20;1;1;1;71;0;5041205;1658;0
147;18;336;14;0;12;99;3.40;5;2;1;80;0;5041299;616;0
147;18;336;14;0;12;99;3.60;3;1;1;75;0;5041299;182;0
147;18;336;14;0;13;30;2.80;2;1;1;56;0;5041330;215;0
147;18;336;14;0;14;94;3.60;1;1;1;68;0;5041494;272;0
147;18;336;14;0;15;17;3.00;3;1;1;76;0;5041517;200;0
147;18;336;14;0;15;20;3.60;4;1;1;81;0;5041520;1703;0
147;18;336;14;0;15;99;3.80;4;1;1;81;0;5041599;63;0
147;18;336;14;0;15;99;3.40;2;1;1;63;0;5041599;251;0
147;18;336;14;0;18;99;3.20;4;1;1;80;0;5041899;283;0
147;18;336;14;0;18;17;3.40;2;1;1;70;0;5041817;198;0
147;18;336;14;0;19;8;5.80;1;1;1;82;0;5041908;394;0
147;18;336;14;0;19;99;3.20;2;1;1;67;0;5041999;164;0
147;18;336;14;0;20;99;4.00;3;1;1;67;0;5042099;567;0
147;18;336;14;0;20;99;3.40;6;2;1;75;0;5042099;948;0
147;18;336;14;0;21;11;3.80;4;1;1;76;0;5042111;197;0
147;18;336;14;0;21;65;3.40;3;1;1;70;0;5042165;44;0
147;18;336;14;0;22;1;3.80;5;2;1;92;0;5042201;886;0
147;18;336;14;0;22;99;3.20;6;2;1;80;0;5042299;183;0
147;18;336;14;0;22;99;4.80;2;1;1;70;0;5042299;282;0
147;18;336;14;0;23;99;3.20;5;2;1;85;0;5042399;183;0
147;18;336;14;0;23;99;3.40;3;1;1;70;0;5042399;216;0
147;18;336;14;0;24;17;3.00;2;1;1;72;0;5042417;93;0
147;18;336;14;0;24;71;3.60;5;2;1;87;0;5042471;58;0
147;18;336;14;0;24;77;5.80;4;1;1;79;0;5042477;348;0
147;18;336;14;0;24;99;3.60;2;1;1;74;0;5042499;67;0
147;18;336;14;0;25;99;3.60;3;1;1;68;0;5042599;182;0
147;18;336;14;0;26;99;3.60;4;1;1;76;0;5042699;195;0
147;18;336;14;0;26;39;3.60;3;1;1;67;0;5042639;20;0
147;18;336;14;0;26;54;5.40;7;2;1;77;0;5042654;1623;0
147;18;336;14;0;27;79;3.60;2;1;1;62;0;5042779;262;0
147;18;336;14;0;28;99;3.80;2;1;1;64;0;5042899;99;0
147;18;336;14;0;28;99;3.40;6;2;1;84;0;5042899;585;0
147;18;336;14;0;29;22;3.00;4;1;1;77;0;5042922;205;0
147;18;336;14;0;29;44;4.00;6;2;1;89;0;5042944;30;0
147;18;336;14;0;29;37;3.20;2;1;1;61;0;5042937;16;0
147;18;336;14;0;29;80;3.60;5;2;1;87;0;5042980;494;0
147;18;336;14;0;29;99;3.20;3;1;1;68;0;5042999;340;0
147;18;336;14;0;30;4;3.40;2;1;1;61;0;5043004;48;0
147;18;336;14;0;30;99;5.20;7;2;1;76;0;5043099;419;0
147;18;336;14;0;31;99;4.00;6;2;1;82;0;5043199;238;0
147;18;336;14;0;31;7;3.60;4;1;1;80;0;5043107;170;0
147;18;336;14;0;31;30;3.20;2;1;1;64;0;5043130;105;5042779
147;18;336;14;0;32;16;3.60;3;1;1;73;0;5043216;200;0
147;18;336;14;0;33;11;3.80;5;2;1;92;0;5043311;316;0
147;18;336;14;0;33;12;3.60;2;1;1;66;0;5043312;164;5042779
147;18;336;14;0;33;99;8.20;3;1;6;74;0;5043399;165;5042779
147;18;336;14;0;34;81;3.80;3;1;1;74;0;5043481;42;5042779
147;18;336;14;0;34;96;3.60;2;1;1;80;0;5043496;164;5042779
147;18;336;14;0;35;99;8.20;6;2;6;88;0;5043599;382;0
147;18;336;14;0;37;6;3.60;3;1;1;75;0;5043706;206;0
147;18;336;14;0;37;22;3.20;2;1;1;85;0;5043722;209;0
147;18;336;14;0;37;53;5.40;7;2;1;75;0;5043753;629;0
147;18;336;14;0;38;99;3.80;4;1;1;75;0;5043899;775;0
147;18;336;14;0;38;99;3.40;3;1;1;72;0;5043899;175;0
147;18;336;14;0;38;99;3.20;5;2;1;89;0;5043899;573;0
147;18;336;14;0;39;14;3.60;2;1;1;76;0;5043914;178;0
147;18;336;14;0;38;34;13.20;7;2;4;51;0;5043834;55;0
147;18;336;14;0;39;50;3.80;4;1;1;77;0;5043950;32;0
147;18;336;14;0;40;5;3.40;3;1;1;70;0;5044005;89;0
147;18;336;14;0;40;19;3.60;4;1;1;77;0;5044019;51;0
147;18;336;14;0;40;99;3.80;6;2;1;82;0;5044099;466;0
147;18;336;14;0;42;12;3.80;6;2;1;77;0;5044212;96;0
147;18;336;14;0;42;99;3.80;5;2;1;87;0;5044299;387;0
147;18;336;14;0;43;9;3.60;3;1;1;80;0;5044309;286;0
147;18;336;14;0;43;99;3.80;8;2;1;85;0;5044399;5669;0
147;18;336;14;0;43;99;3.80;6;2;1;78;0;5044399;169;0
147;18;336;14;0;44;53;3.40;5;2;1;85;0;5044453;138;0
147;18;336;14;0;45;18;3.40;2;1;1;81;0;5044518;586;0
147;18;336;14;0;45;99;3.40;3;1;1;69;0;5044599;273;0
147;18;336;14;0;46;26;3.00;2;1;1;80;0;5044626;92;0
147;18;336;14;0;47;96;3.40;4;1;1;76;0;5044796;760;0
147;18;336;14;0;48;5;3.40;7;2;1;82;0;5044805;877;0
147;18;336;14;0;48;20;3.60;3;1;1;77;0;5044820;203;0
147;18;336;14;0;48;99;3.60;4;1;1;77;0;5044899;86;0
147;18;336;14;0;48;99;4.40;6;2;1;77;0;5044899;482;0
147;18;336;14;0;49;22;4.20;2;1;1;78;0;5044922;282;0
147;18;336;14;0;49;54;3.60;3;1;1;82;0;5044954;117;0
147;18;336;14;0;50;99;3.20;6;2;1;76;0;5045099;179;0
147;18;336;14;0;50;99;8.80;4;1;6;84;0;5045099;183;0
147;18;336;14;0;52;16;4.00;7;2;1;76;0;5045216;396;0
147;18;336;14;0;53;5;3.40;4;1;1;79;0;5045305;168;0
147;18;336;14;0;53;7;3.40;2;1;1;79;0;5045307;365;0
147;18;336;14;0;53;13;3.60;5;2;1;81;0;5045313;845;0
147;18;336;14;0;54;2;3.00;4;1;1;77;0;5045402;81;5044796
147;18;336;14;0;54;10;3.80;5;2;1;87;0;5045410;81;5044796
147;18;336;14;0;54;25;3.00;6;2;1;78;0;5045425;310;0
147;18;336;14;0;55;8;3.40;2;1;1;65;0;5045508;185;0
147;18;336;14;0;55;20;4.00;4;1;1;77;0;5045520;103;5044796
147;18;336;14;0;55;99;3.20;6;2;1;78;0;5045599;160;5044796
147;18;336;14;0;56;99;3.80;2;1;1;69;0;5045699;172;5044796
147;18;336;14;0;56;99;3.40;5;2;1;89;0;5045699;273;0
147;18;336;14;0;57;4;3.60;7;2;1;81;0;5045704;469;0
147;18;336;14;0;57;35;3.60;6;2;1;75;0;5045735;121;0
147;18;336;14;0;57;47;3.80;2;1;1;70;0;5045747;28;0
147;18;336;14;0;57;60;3.00;3;1;1;70;0;5045760;790;0
147;18;336;14;0;58;99;4.00;6;2;1;80;0;5045899;146;0
147;18;336;14;0;58;99;3.80;3;1;1;69;0;5045899;123;0
147;18;336;14;0;59;99;3.00;2;1;1;71;0;5045999;232;0
147;18;336;14;0;59;99;3.80;1;1;1;82;0;5045999;4065;0
147;18;336;14;0;59;99;3.60;4;1;1;76;0;5045999;460;0
147;18;336;14;1;0;82;3.40;6;2;1;80;0;5046082;165;5045425
147;18;336;14;1;0;92;3.60;2;1;1;73;0;5046092;77;5045425
147;18;336;14;1;0;99;3.80;1;1;1;76;0;5046099;83;5045425
147;18;336;14;1;1;13;3.00;5;2;1;87;0;5046113;400;0
147;18;336;14;1;1;99;3.40;3;1;1;73;0;5046199;280;0
147;18;336;14;1;2;56;4.00;2;1;1;73;0;5046256;146;0
147;18;336;14;1;3;27;3.40;4;1;1;89;0;5046327;310;0
147;18;336;14;1;3;99;3.00;5;2;1;82;0;5046399;273;0
147;18;336;14;1;3;99;3.60;6;2;1;81;0;5046399;301;0
147;18;336;14;1;4;20;3.40;3;1;1;77;0;5046420;204;0
147;18;336;14;1;4;99;3.80;4;1;1;87;0;5046499;158;0
147;18;336;14;1;4;99;3.60;2;1;1;71;0;5046499;223;0
147;18;336;14;1;5;80;3.40;3;1;1;75;0;5046580;144;0
147;18;336;14;1;5;86;3.80;2;1;1;70;0;5046586;68;0
147;18;336;14;1;6;99;3.80;4;1;1;92;0;5046699;184;0
147;18;336;14;1;6;99;3.80;2;1;1;70;0;5046699;93;0
147;18;336;14;1;6;99;3.60;6;2;1;82;0;5046699;284;0
147;18;336;14;1;7;8;3.40;3;1;1;77;0;5046708;111;0
147;18;336;14;1;7;24;3.20;2;1;1;73;0;5046724;5;0
147;18;336;14;1;8;30;3.20;5;2;1;85;0;5046830;417;0
147;18;336;14;1;8;99;3.40;1;1;1;75;0;5046899;782;0
147;18;336;14;1;8;99;4.40;2;1;1;74;0;5046899;159;5046499
147;18;336;14;1;8;99;3.00;7;2;1;79;0;5046899;1179;0
147;18;336;14;1;9;99;3.40;5;2;1;85;0;5046999;155;0
147;18;336;14;1;9;13;3.80;2;1;1;75;0;5046913;-1;5046499
147;18;336;14;1;10;72;4.00;4;1;1;84;0;5047072;358;0
147;18;336;14;1;10;99;3.40;6;2;1;80;0;5047099;384;0
147;18;336;14;1;11;2;3.00;2;1;1;72;0;5047102;170;5046499
147;18;336;14;1;11;99;3.60;4;1;1;86;0;5047199;109;5046499
147;18;336;14;1;11;99;4.00;8;2;1;85;0;5047199;2783;0
147;18;336;14;1;12;0;3.00;2;1;1;73;0;5047200;83;5046499
147;18;336;14;1;12;31;3.20;6;2;1;84;0;5047231;116;5046499
147;18;336;14;1;12;29;3.20;7;2;1;78;0;5047229;316;0
147;18;336;14;1;13;89;4.00;4;1;1;84;0;5047389;174;0
147;18;336;14;1;13;99;3.60;6;2;1;79;0;5047399;154;0
147;18;336;14;1;14;99;3.40;2;1;1;70;0;5047499;284;0
147;18;336;14;1;15;83;4.20;3;1;1;71;0;5047583;859;0
147;18;336;14;1;16;16;3.60;7;2;1;82;0;5047616;372;0
147;18;336;14;1;16;99;4.80;6;2;1;85;0;5047699;283;0
147;18;336;14;1;16;99;3.60;2;1;1;67;0;5047699;182;0
147;18;336;14;1;16;98;5.40;1;1;1;73;0;5047698;782;0
147;18;336;14;1;17;14;4.40;6;2;1;83;0;5047714;-1;0
147;18;336;14;1;17;36;3.80;1;1;1;77;0;5047736;11;0
147;18;336;14;1;18;99;3.60;7;2;1;84;0;5047899;267;0
147;18;336;14;1;18;99;3.80;2;1;1;66;0;5047899;180;0
147;18;336;14;1;20;57;3.20;2;1;1;66;0;5048057;137;0
147;18;336;14;1;20;67;3.80;6;2;1;77;0;5048067;333;0
147;18;336;14;1;21;99;3.60;5;2;1;82;0;5048199;1185;0
147;18;336;14;1;21;99;3.20;3;1;1;80;0;5048199;594;0
147;18;336;14;1;22;99;3.60;7;2;1;79;0;5048299;384;0
147;18;336;14;1;23;5;3.00;6;2;1;71;0;5048305;220;0
147;18;336;14;1;24;22;3.00;3;1;1;75;0;5048422;208;0
147;18;336;14;1;24;99;3.60;2;1;1;71;0;5048499;424;0
147;18;336;14;1;24;99;3.40;6;2;1;73;0;5048499;178;0
147;18;336;14;1;24;99;3.60;3;1;1;73;0;5048499;62;0
147;18;336;14;1;26;99;3.60;6;2;1;76;0;5048699;183;0
147;18;336;14;1;26;99;3.60;3;1;1;74;0;5048699;182;0
147;18;336;14;1;26;99;3.80;5;2;1;89;0;5048699;484;0
147;18;336;14;1;27;99;4.00;7;2;1;83;0;5048799;483;0
147;18;336;14;1;27;22;3.80;3;1;1;74;0;5048722;5;0
147;18;336;14;1;28;19;3.20;6;2;1;75;0;5048819;102;0
147;18;336;14;1;28;63;3.60;2;1;1;75;0;5048863;345;0
147;18;336;14;1;28;70;4.00;5;2;1;85;0;5048870;155;0
147;18;336;14;1;30;7;3.40;7;2;1;79;0;5049007;190;0
147;18;336;14;1;30;20;3.40;2;1;1;79;0;5049020;139;0
147;18;336;14;1;30;34;3.00;1;1;1;83;0;5049034;1280;0
147;18;336;14;1;31;2;3.40;4;1;1;82;0;5049102;1695;0
147;18;336;14;1;31;99;3.20;7;2;1;70;0;5049199;176;0
147;18;336;14;1;31;99;3.60;6;2;1;77;0;5049199;364;0
147;18;336;14;1;32;0;3.60;3;1;1;74;0;5049200;459;0
147;18;336;14;1;33;19;7.20;6;2;1;74;0;5049319;103;0
147;18;336;14;1;33;56;3.40;7;2;1;75;0;5049356;140;0
147;18;336;14;1;33;99;3.40;3;1;1;73;0;5049399;181;0
147;18;336;14;1;36;92;3.80;2;1;1;79;0;5049692;656;0
147;18;336;14;1;37;99;6.80;7;2;1;80;0;5049799;426;0
147;18;336;14;1;37;99;3.60;5;2;1;77;0;5049799;912;0
147;18;336;14;1;38;26;3.80;2;1;1;79;0;5049826;116;0
147;18;336;14;1;39;99;3.40;7;2;1;78;0;5049999;169;0
147;18;336;14;1;40;6;4.00;8;2;1;82;0;5050006;2790;0
147;18;336;14;1;41;85;3.60;7;2;1;88;0;5050185;170;0
147;18;336;14;1;41;99;4.00;5;2;1;90;0;5050199;383;0
147;18;336;14;1;42;4;3.60;6;2;1;81;0;5050204;849;0
147;18;336;14;1;42;99;3.60;4;1;1;78;0;5050299;1182;0
147;18;336;14;1;42;99;3.60;3;1;1;74;0;5050299;883;0
147;18;336;14;1;43;81;3.60;6;2;1;75;0;5050381;161;0
147;18;336;14;1;44;99;3.40;3;1;1;76;0;5050499;182;0
147;18;336;14;1;44;99;3.00;2;1;1;69;0;5050499;655;0
147;18;336;14;1;44;99;3.20;8;2;1;77;0;5050499;475;0
147;18;336;14;1;46;9;3.60;2;1;1;69;0;5050609;94;0
147;18;336;14;1;46;97;3.60;6;2;1;85;0;5050697;298;0
147;18;336;14;1;47;99;3.40;2;1;1;69;0;5050799;171;0
147;18;336;14;1;48;23;3.20;6;2;1;79;0;5050823;110;0
147;18;336;14;1;49;22;2.80;2;1;1;69;0;5050922;105;0
147;18;336;14;1;49;99;3.80;7;2;1;81;0;5050999;799;0
147;18;336;14;1;50;99;4.00;6;2;1;81;0;5051099;261;0
147;18;336;14;1;51;5;3.60;4;1;1;80;0;5051105;789;0
147;18;336;14;1;51;99;4.00;6;2;1;79;0;5051199;82;0
147;18;336;14;1;52;99;4.00;3;1;1;74;0;5051299;783;0
147;18;336;14;1;53;7;3.20;6;2;1;78;0;5051307;89;0
147;18;336;14;1;53;13;3.40;3;1;1;75;0;5051313;-1;0
147;18;336;14;1;54;99;3.20;6;2;1;78;0;5051499;177;0
147;18;336;14;1;55;13;3.40;7;2;1;81;0;5051513;497;0
147;18;336;14;1;56;16;3.20;6;2;1;82;0;5051616;102;5051099
147;18;336;14;1;56;60;3.60;5;2;1;79;0;5051660;1445;0
147;18;336;14;1;57;10;4.00;3;1;1;74;0;5051710;380;0
147;18;336;14;1;58;8;3.40;5;2;1;79;0;5051808;131;0
147;18;336;14;1;58;99;3.60;2;1;1;76;0;5051899;962;0
147;18;336;14;1;58;33;3.80;6;2;1;79;0;5051833;202;0
147;18;336;14;1;58;41;3.80;3;1;1;76;0;5051841;111;0
147;18;336;14;1;59;99;4.00;4;1;1;87;0;5051999;877;0
147;18;336;14;1;59;99;3.60;5;2;1;80;0;5051999;175;0
147;18;336;14;2;0;99;4.00;6;2;1;81;0;5052099;248;0
147;18;336;14;2;0;99;3.60;3;1;1;77;0;5052099;240;0
147;18;336;14;2;2;13;3.60;6;2;1;78;0;5052213;96;0
147;18;336;14;2;2;11;4.00;3;1;1;76;0;5052211;95;0
147;18;336;14;2;3;23;3.20;5;2;1;81;0;5052323;307;0
147;18;336;14;2;3;99;3.40;7;2;1;80;0;5052399;870;0
147;18;336;14;2;3;99;3.60;3;1;1;71;0;5052399;169;0
147;18;336;14;2;3;12;3.80;4;1;1;84;0;5052312;296;0
147;18;336;14;2;4;99;3.40;4;1;1;87;0;5052499;170;0
147;18;336;14;2;4;97;3.40;3;1;1;71;0;5052497;79;0
147;18;336;14;2;5;99;3.40;6;2;1;82;0;5052599;369;0
147;18;336;14;2;5;99;3.40;4;1;1;81;0;5052599;85;0
147;18;336;14;2;6;7;5.20;1;1;1;83;0;5052607;3559;0
147;18;336;14;2;5;99;8.60;3;1;6;71;0;5052599;84;5052099
147;18;336;14;2;6;15;3.20;2;1;1;67;0;5052615;698;0
147;18;336;14;2;6;69;3.80;5;2;1;79;0;5052669;331;0
147;18;336;14;2;7;17;3.80;4;1;1;82;0;5052717;102;0
147;18;336;14;2;7;99;3.80;2;1;1;67;0;5052799;166;0
147;18;336;14;2;7;99;3.60;3;1;1;77;0;5052799;156;5052099
147;18;336;14;2;8;99;3.60;6;2;1;80;0;5052899;285;0
147;18;336;14;2;10;99;3.80;3;1;1;76;0;5053099;283;0
147;18;336;14;2;11;14;3.00;2;1;1;77;0;5053114;294;0
147;18;336;14;2;12;24;3.40;6;2;1;76;0;5053224;308;0
147;18;336;14;2;13;8;3.80;1;1;1;78;0;5053308;678;0
147;18;336;14;2;13;99;3.20;3;1;1;75;0;5053399;282;0
147;18;336;14;2;13;99;3.20;6;2;1;74;0;5053399;158;0
147;18;336;14;2;13;12;3.60;2;1;1;75;0;5053312;183;0
147;18;336;14;2;14;99;3.40;6;2;1;79;0;5053499;84;0
147;18;336;14;2;15;99;3.60;3;1;1;76;0;5053599;184;0
147;18;336;14;2;15;99;3.80;5;2;1;94;0;5053599;912;0
147;18;336;14;2;16;99;3.60;6;2;1;77;0;5053699;184;0
147;18;336;14;2;16;99;3.40;2;1;1;74;0;5053699;369;0
147;18;336;14;2;17;8;3.60;7;2;1;90;0;5053708;1293;0
147;18;336;14;2;17;8;3.40;1;1;1;80;0;5053708;382;0
147;18;336;14;2;17;96;3.40;6;2;1;76;0;5053796;80;5053224
147;18;336;14;2;18;99;3.20;6;2;1;76;0;5053899;86;5053224
147;18;336;14;2;19;46;3.60;3;1;1;82;0;5053946;329;0
147;18;336;14;2;19;64;3.20;2;1;1;73;0;5053964;248;0
147;18;336;14;2;20;20;3.80;1;1;1;76;0;5054020;296;0
147;18;336;14;2;21;4;3.40;2;1;1;76;0;5054104;124;0
147;18;336;14;2;21;99;3.00;6;2;1;79;0;5054199;284;0
147;18;336;14;2;21;6;3.40;4;1;1;77;0;5054106;1372;0
147;18;336;14;2;21;12;4.40;7;2;1;90;0;5054112;389;0
147;18;336;14;2;23;1;3.80;4;1;1;76;0;5054301;179;0
147;18;336;14;2;23;13;3.60;3;1;1;75;0;5054313;351;0
147;18;336;14;2;23;99;3.60;2;1;1;74;0;5054399;278;0
147;18;336;14;2;23;99;3.20;6;2;1;80;0;5054399;186;0
147;18;336;14;2;24;41;3.40;4;1;1;74;0;5054441;122;0
147;18;336;14;2;25;2;4.00;5;2;1;85;0;5054502;888;0
147;18;336;14;2;25;99;3.80;4;1;1;74;0;5054599;141;0
147;18;336;14;2;26;99;3.80;3;1;1;73;0;5054699;368;0
147;18;336;14;2;26;34;3.60;7;2;1;92;0;5054634;504;0
147;18;336;14;2;27;99;3.20;4;1;1;83;0;5054799;181;5054106
147;18;336;14;2;28;99;3.40;8;2;1;90;0;5054899;4385;0
147;18;336;14;2;29;40;3.40;3;1;1;84;0;5054940;222;0
147;18;336;14;2;30;99;3.80;4;1;1;83;0;5055099;286;0
147;18;336;14;2;30;99;4.20;6;2;1;78;0;5055099;685;0
147;18;336;14;2;31;99;4.00;2;1;1;74;0;5055199;782;0
147;18;336;14;2;32;16;4.20;5;2;1;77;0;5055216;697;0
147;18;336;14;2;32;28;3.00;1;1;1;87;0;5055228;1190;0
147;18;336;14;2;32;74;3.80;2;1;1;70;0;5055274;55;0
147;18;336;14;2;32;99;3.80;3;1;1;78;0;5055299;344;0
147;18;336;14;2;33;99;3.40;6;2;1;74;0;5055399;280;0
147;18;336;14;2;35;99;3.20;6;2;1;76;0;5055599;183;0
147;18;336;14;2;35;99;3.60;2;1;1;75;0;5055599;305;0
147;18;336;14;2;36;99;3.80;4;1;1;83;0;5055699;583;0
147;18;336;14;2;36;99;4.00;7;2;1;90;0;5055699;1050;0
147;18;336;14;2;36;99;3.60;8;2;1;80;0;5055699;786;0
147;18;336;14;2;36;9;3.00;1;1;1;72;0;5055609;368;0
147;18;336;14;2;37;6;3.60;5;2;1;81;0;5055706;470;0
147;18;336;14;2;37;20;3.80;2;1;1;75;0;5055720;103;0
147;18;336;14;2;37;22;3.40;6;2;1;77;0;5055722;107;0
147;18;336;14;2;38;99;3.80;8;2;1;76;0;5055899;183;0
147;18;336;14;2;38;99;4.40;4;1;1;88;0;5055899;183;0
147;18;336;14;2;39;10;4.00;6;2;1;85;0;5055910;172;0
147;18;336;14;2;40;1;3.20;6;2;1;82;0;5056001;74;5055399
147;18;336;14;2;40;99;3.40;2;1;1;75;0;5056099;360;0
147;18;336;14;2;41;99;3.60;6;2;1;78;0;5056199;183;5055399
147;18;336;14;2;41;99;3.60;3;1;1;75;0;5056199;882;0
147;18;336;14;2;42;30;4.20;1;1;1;86;0;5056230;606;0
147;18;336;14;2;43;18;3.60;3;1;1;75;0;5056318;101;0
147;18;336;14;2;43;99;3.60;6;2;1;77;0;5056399;183;5055399
147;18;336;14;2;43;99;3.20;7;2;1;80;0;5056399;684;0
147;18;336;14;2;44;4;3.80;5;2;1;80;0;5056404;682;0
147;18;336;14;2;44;99;3.20;2;1;1;80;0;5056499;383;0
147;18;336;14;2;45;4;3.60;8;2;1;78;0;5056504;587;0
147;18;336;14;2;45;15;3.40;3;1;1;75;0;5056515;179;0
147;18;336;14;2;45;99;3.60;7;2;1;80;0;5056599;185;0
147;18;336;14;2;48;99;3.60;3;1;1;81;0;5056899;367;0
147;18;336;14;2;48;99;3.80;8;2;1;79;0;5056899;378;0
147;18;336;14;2;50;99;3.00;6;2;1;78;0;5057099;683;0
147;18;336;14;2;51;99;3.60;8;2;1;78;0;5057199;282;0
147;18;336;14;2;52;7;3.60;2;1;1;82;0;5057207;693;0
147;18;336;14;2;52;0;5.00;5;2;1;81;0;5057200;778;0
147;18;336;14;2;52;93;8.40;6;2;6;71;0;5057293;180;0
147;18;336;14;2;54;99;4.80;7;2;1;82;0;5057499;883;0
147;18;336;14;2;54;99;3.80;5;2;1;86;0;5057499;276;0
147;18;336;14;2;55;10;4.00;3;1;1;77;0;5057510;595;0
147;18;336;14;2;55;77;3.40;8;2;1;85;0;5057577;361;0
147;18;336;14;2;55;95;3.60;4;1;1;79;0;5057595;1678;0
147;18;336;14;2;55;99;3.40;2;1;1;74;0;5057599;376;0
147;18;336;14;2;56;99;3.60;5;2;1;93;0;5057699;184;0
147;18;336;14;2;56;99;3.40;6;2;1;82;0;5057699;363;0
147;18;336;14;2;57;51;4.60;8;2;1;89;0;5057751;159;0
147;18;336;14;2;58;99;3.80;6;2;1;75;0;5057899;185;0
147;18;336;14;2;59;99;3.80;6;2;1;78;0;5057999;81;0
147;18;336;14;3;1;12;3.80;2;1;1;78;0;5058112;496;0
147;18;336;14;3;1;99;3.80;7;2;1;83;0;5058199;678;0
147;18;336;14;3;2;99;3.60;3;1;1;80;0;5058299;770;0
147;18;336;14;3;2;99;3.80;6;2;1;81;0;5058299;282;0
147;18;336;14;3;2;22;3.40;2;1;1;76;0;5058222;92;0
147;18;336;14;3;2;43;3.60;5;2;1;87;0;5058243;530;0
147;18;336;14;3;4;99;3.60;4;1;1;80;0;5058499;887;0
147;18;336;14;3;5;39;3.00;3;1;1;78;0;5058539;223;0
147;18;336;14;3;5;74;3.40;2;1;1;73;0;5058574;335;0
147;18;336;14;3;6;3;3.40;7;2;1;83;0;5058603;387;0
147;18;336;14;3;7;25;3.80;4;1;1;83;0;5058725;209;0
147;18;336;14;3;7;99;3.40;7;2;1;78;0;5058799;181;0
147;18;336;14;3;7;99;5.80;2;1;1;76;0;5058799;208;0
147;18;336;14;3;7;37;3.40;4;1;1;84;0;5058737;-1;0
147;18;336;14;3;10;9;3.60;8;2;1;88;0;5059009;1239;0
147;18;336;14;3;10;3;3.60;6;2;1;78;0;5059003;687;0
147;18;336;14;3;9;99;5.00;7;2;1;62;0;5058999;184;0
147;18;336;14;3;10;48;4.20;7;2;1;76;0;5059048;19;0
147;18;336;14;3;12;99;3.40;2;1;1;76;0;5059299;472;0
147;18;336;14;3;13;22;2.80;4;1;1;74;0;5059322;570;0
147;18;336;14;3;13;23;3.60;3;1;1;77;0;5059323;770;0
147;18;336;14;3;13;99;3.40;3;1;1;70;0;5059399;59;0
147;18;336;14;3;14;99;3.60;4;1;1;78;0;5059499;163;0
147;18;336;14;3;15;41;5.00;2;1;1;79;0;5059541;225;0
147;18;336;14;3;16;99;3.60;3;1;1;71;0;5059699;282;0
147;18;336;14;3;17;20;3.60;6;2;1;76;0;5059720;700;0
147;18;336;14;3;17;99;3.40;3;1;1;73;0;5059799;81;0
147;18;336;14;3;17;99;7.40;8;2;6;66;0;5059799;775;0
147;18;336;14;3;18;12;3.80;2;1;1;78;0;5059812;248;0
147;18;336;14;3;18;99;3.60;1;1;1;67;0;5059899;3651;0
147;18;336;14;3;19;4;3.40;7;2;1;72;0;5059904;836;0
147;18;336;14;3;19;99;3.60;3;1;1;74;0;5059999;183;0
147;18;336;14;3;20;99;4.00;6;2;1;74;0;5060099;361;0
147;18;336;14;3;20;8;3.60;2;1;1;70;0;5060008;178;0
147;18;336;14;3;20;36;3.60;5;2;1;84;0;5060036;1778;0
147;18;336;14;3;21;99;3.20;6;2;1;73;0;5060199;80;0
147;18;336;14;3;22;9;2.80;4;1;1;74;0;5060209;693;0
147;18;336;14;3;22;99;3.80;3;1;1;71;0;5060299;282;0
147;18;336;14;3;22;99;3.60;5;2;1;77;0;5060299;247;0
147;18;336;14;3;22;99;3.80;2;1;1;73;0;5060299;272;0
147;18;336;14;3;22;99;3.60;6;2;1;75;0;5060299;84;0
147;18;336;14;3;22;99;4.00;7;2;1;80;0;5060299;378;0
147;18;336;14;3;23;83;3.00;7;2;1;79;0;5060383;66;0
147;18;336;14;3;23;76;3.60;4;1;1;74;0;5060376;153;0
147;18;336;14;3;25;16;3.20;6;2;1;78;0;5060516;199;0
147;18;336;14;3;25;37;3.60;3;1;1;74;0;5060537;218;0
147;18;336;14;3;26;7;3.20;5;2;1;79;0;5060607;291;0
147;18;336;14;3;26;99;4.80;7;2;1;83;0;5060699;302;0
147;18;336;14;3;26;99;3.20;6;2;1;76;0;5060699;168;5060099
147;18;336;14;3;27;99;3.60;5;2;1;81;0;5060799;177;5060099
147;18;336;14;3;27;99;3.80;3;1;1;72;0;5060799;244;0
147;18;336;14;3;28;39;3.40;6;2;1;70;0;5060839;124;5060099
147;18;336;14;3;28;54;3.60;5;2;1;79;0;5060854;39;5060099
147;18;336;14;3;27;73;9.00;7;2;3;57;0;5060773;53;5060099
147;18;336;14;3;28;91;3.80;4;1;1;82;0;5060891;497;0
147;18;336;14;3;29;99;3.80;6;2;1;68;0;5060999;142;5060099
147;18;336;14;3;29;99;3.80;5;2;1;76;0;5060999;128;5060099
147;18;336;14;3;30;13;3.80;3;1;1;72;0;5061013;195;5060099
147;18;336;14;3;30;16;3.60;4;1;1;76;0;5061016;108;5060099
147;18;336;14;3;30;99;3.80;5;2;1;75;0;5061099;82;5060607
147;18;336;14;3;30;99;4.40;7;2;1;77;0;5061099;269;0
147;18;336;14;3;31;73;3.60;3;1;1;70;0;5061173;141;0
147;18;336;14;3;31;97;4.80;7;2;1;78;0;5061197;77;0
147;18;336;14;3;31;99;4.20;5;2;1;80;0;5061199;81;5060607
147;18;336;14;3;31;99;3.20;4;1;1;81;0;5061199;165;5060607
147;18;336;14;3;32;99;3.40;8;2;1;79;0;5061299;1459;0
147;18;336;14;3;33;20;3.40;5;2;1;80;0;5061320;102;5060607
147;18;336;14;3;33;70;3.60;2;1;1;77;0;5061370;1052;0
147;18;336;14;3;34;20;3.80;6;2;1;86;0;5061420;400;0
147;18;336;14;3;34;99;3.40;3;1;1;73;0;5061499;307;0
147;18;336;14;3;34;99;3.60;4;1;1;82;0;5061499;285;0
147;18;336;14;3;36;12;3.80;6;2;1;81;0;5061612;176;0
147;18;336;14;3;37;0;3.60;3;1;1;76;0;5061700;184;0
147;18;336;14;3;37;99;3.20;2;1;1;71;0;5061799;412;0
147;18;336;14;3;37;99;4.80;4;1;1;80;0;5061799;284;0
147;18;336;14;3;37;99;3.60;6;2;1;78;0;5061799;170;0
147;18;336;14;3;38;14;4.00;3;1;1;75;0;5061814;96;0
147;18;336;14;3;38;13;3.20;8;2;1;79;0;5061813;498;0
147;18;336;14;3;39;8;3.40;2;1;1;74;0;5061908;92;0
147;18;336;14;3;40;12;3.40;6;2;1;78;0;5062012;196;0
147;18;336;14;3;40;99;3.60;5;2;1;80;0;5062099;763;0
147;18;336;14;3;40;99;4.20;2;1;1;72;0;5062099;174;0
147;18;336;14;3;41;83;3.80;2;1;1;70;0;5062183;63;0
147;18;336;14;3;42;99;3.40;3;1;1;70;0;5062299;465;0
147;18;336;14;3;43;4;3.80;8;2;1;78;0;5062304;476;0
147;18;336;14;3;43;29;3.80;5;2;1;80;0;5062329;213;0
147;18;336;14;3;43;51;3.00;6;2;1;80;0;5062351;323;0
147;18;336;14;3;44;22;3.00;3;1;1;73;0;5062422;105;0
147;18;336;14;3;45;20;3.20;6;2;1;80;0;5062520;155;0
147;18;336;14;3;45;99;3.80;5;2;1;86;0;5062599;252;0
147;18;336;14;3;45;99;8.40;7;2;2;67;0;5062599;1379;0
147;18;336;14;3;46;99;3.60;6;2;1;80;0;5062699;164;0
147;18;336;14;3;47;99;3.60;4;1;1;81;0;5062799;978;0
147;18;336;14;3;48;4;3.00;3;1;1;72;0;5062804;367;0
147;18;336;14;3;48;99;3.80;7;2;1;77;0;5062899;254;0
147;18;336;14;3;48;99;3.80;5;2;1;84;0;5062899;284;0
147;18;336;14;3;50;99;3.40;6;2;1;76;0;5063099;383;0
147;18;336;14;3;50;99;3.00;2;1;1;71;0;5063099;896;0
147;18;336;14;3;52;9;4.20;2;1;1;71;0;5063209;94;0
147;18;336;14;3;52;99;3.60;6;2;1;78;0;5063299;183;0
147;18;336;14;3;52;99;7.00;3;1;1;77;0;5063299;480;0
147;18;336;14;3;52;99;3.80;1;1;1;88;0;5063299;3380;0
147;18;336;14;3;53;99;3.80;4;1;1;77;0;5063399;584;0
147;18;336;14;3;53;27;3.80;6;2;1;79;0;5063327;11;0
147;18;336;14;3;54;4;3.40;5;2;1;77;0;5063404;488;0
147;18;336;14;3;54;85;3.40;3;1;1;77;0;5063485;153;0
147;18;336;14;3;55;99;3.60;3;1;1;75;0;5063599;98;0
147;18;336;14;3;56;57;3.20;1;1;1;84;0;5063657;342;0
147;18;336;14;3;57;99;3.20;4;1;1;87;0;5063799;382;0
147;18;336;14;3;57;99;3.00;3;1;1;75;0;5063799;182;0
147;18;336;14;3;59;87;3.80;7;2;1;86;0;5063987;1070;0
147;18;336;14;4;2;8;3.40;4;1;1;84;0;5064208;395;0
147;18;336;14;4;2;99;4.00;3;1;1;75;0;5064299;485;0
147;18;336;14;4;3;7;4.00;4;1;1;83;0;5064307;84;0
147;18;336;14;4;3;99;3.20;6;2;1;75;0;5064399;1054;0
147;18;336;14;4;4;53;3.20;6;2;1;75;0;5064453;38;0
147;18;336;14;4;5;99;3.40;7;2;1;81;0;5064599;596;0
147;18;336;14;4;5;99;3.40;3;1;1;75;0;5064599;280;0
147;18;336;14;4;6;99;4.60;1;1;1;82;0;5064699;1028;0
147;18;336;14;4;8;9;3.80;3;1;1;77;0;5064809;193;0
147;18;336;14;4;9;53;3.00;2;1;1;72;0;5064953;1722;0
147;18;336;14;4;9;88;3.60;3;1;1;75;0;5064988;161;0
147;18;336;14;4;10;99;3.80;5;2;1;76;0;5065099;1679;0
147;18;336;14;4;11;6;4.40;1;1;1;74;0;5065106;386;0
147;18;336;14;4;10;99;3.60;7;2;1;70;0;5065099;484;0
147;18;336;14;4;11;10;3.00;6;2;1;80;0;5065110;641;0
147;18;336;14;4;11;99;3.60;3;1;1;70;0;5065199;193;0
147;18;336;14;4;11;33;3.40;4;1;1;75;0;5065133;808;0
147;18;336;14;4;12;86;3.60;3;1;1;70;0;5065286;68;5064599
147;18;336;14;4;13;15;3.20;1;1;1;83;0;5065315;187;5064599
147;18;336;14;4;13;99;3.40;3;1;1;68;0;5065399;94;5064599
147;18;336;14;4;13;99;3.80;6;2;1;80;0;5065399;275;0
147;18;336;14;4;14;5;3.00;3;1;1;66;0;5065405;-1;5064599
147;18;336;14;4;14;7;6.40;5;2;1;80;0;5065407;290;0
147;18;336;14;4;14;24;3.60;7;2;1;79;0;5065424;306;0
147;18;336;14;4;15;14;3.80;3;1;1;70;0;5065514;92;5064599
147;18;336;14;4;15;99;3.40;6;2;1;77;0;5065599;182;5064599
147;18;336;14;4;17;53;3.40;3;1;1;70;0;5065753;219;0
147;18;336;14;4;17;99;4.40;6;2;1;81;0;5065799;184;0
147;18;336;14;4;17;99;3.80;4;1;1;79;0;5065799;649;0
147;18;336;14;4;18;99;3.80;7;2;1;83;0;5065899;458;0
147;18;336;14;4;19;7;3.80;2;1;1;86;0;5065907;939;0
147;18;336;14;4;19;5;3.40;3;1;1;71;0;5065905;134;0
147;18;336;14;4;19;51;3.60;6;2;1;82;0;5065951;132;0
147;18;336;14;4;21;99;3.60;2;1;1;75;0;5066199;276;0
147;18;336;14;4;22;6;3.80;6;2;1;79;0;5066206;239;0
147;18;336;14;4;22;49;3.60;3;1;1;81;0;5066249;326;0
147;18;336;14;4;22;53;3.60;5;2;1;85;0;5066253;817;0
147;18;336;14;4;22;58;3.40;8;2;1;85;0;5066258;3936;0
147;18;336;14;4;25;1;3.20;2;1;1;77;0;5066501;284;0
147;18;336;14;4;25;23;3.80;3;1;1;81;0;5066523;258;0
147;18;336;14;4;25;64;9.80;6;2;2;81;0;5066564;340;0
147;18;336;14;4;25;99;3.80;1;1;1;83;0;5066599;1270;0
147;18;336;14;4;25;99;4.00;5;2;1;81;0;5066599;330;0
147;18;336;14;4;26;99;5.40;3;1;1;83;0;5066699;159;0
147;18;336;14;4;25;93;11.60;8;2;3;65;0;5066593;320;0
147;18;336;14;4;26;99;3.80;5;2;1;87;0;5066699;82;0
147;18;336;14;4;27;23;3.80;8;2;1;65;0;5066723;65;0
147;18;336;14;4;28;99;3.40;2;1;1;72;0;5066899;383;0
147;18;336;14;4;28;99;3.60;8;2;1;67;0;5066899;154;0
147;18;336;14;4;29;99;3.80;2;1;1;70;0;5066999;83;0
147;18;336;14;4;29;42;3.20;6;2;1;79;0;5066942;334;0
147;18;336;14;4;30;99;3.80;2;1;1;70;0;5067099;80;0
147;18;336;14;4;30;99;3.60;6;2;1;85;0;5067099;142;0
147;18;336;14;4;31;99;3.20;2;1;1;72;0;5067199;80;0
147;18;336;14;4;31;99;3.60;5;2;1;84;0;5067199;484;0
147;18;336;14;4;32;11;5.60;8;2;1;89;0;5067211;292;0
147;18;336;14;4;32;25;3.20;3;1;1;76;0;5067225;502;0
147;18;336;14;4;33;9;4.00;6;2;1;75;0;5067309;194;0
147;18;336;14;4;33;99;3.40;2;1;1;71;0;5067399;184;5066899
147;18;336;14;4;34;99;4.00;6;2;1;78;0;5067499;170;5066899
147;18;336;14;4;35;89;3.60;2;1;1;71;0;5067589;172;5066899
147;18;336;14;4;35;97;3.20;3;1;1;77;0;5067597;356;0
147;18;336;14;4;36;99;4.00;6;2;1;78;0;5067699;181;5066942
147;18;336;14;4;36;99;3.40;3;1;1;80;0;5067699;87;5066942
147;18;336;14;4;37;24;3.20;2;1;1;72;0;5067724;116;5066899
147;18;336;14;4;37;23;3.80;6;2;1;73;0;5067723;5;5066942
147;18;336;14;4;38;15;3.60;3;1;1;75;0;5067815;100;5066942
147;18;336;14;4;38;99;3.80;5;2;1;78;0;5067899;684;0
147;18;336;14;4;39;99;3.60;6;2;1;72;0;5067999;257;0
147;18;336;14;4;39;99;3.60;2;1;1;71;0;5067999;259;0
147;18;336;14;4;39;99;3.60;5;2;1;79;0;5067999;82;0
147;18;336;14;4;39;22;3.60;8;2;1;85;0;5067922;688;0
147;18;336;14;4;39;17;3.40;7;2;1;73;0;5067917;2001;0
147;18;336;14;4;40;93;3.40;8;2;1;79;0;5068093;155;0
147;18;336;14;4;40;97;4.80;1;1;1;73;0;5068097;1481;0
147;18;336;14;4;41;99;3.60;6;2;1;84;0;5068199;182;0
147;18;336;14;4;41;99;3.80;2;1;1;76;0;5068199;181;0
147;18;336;14;4;42;4;3.80;5;2;1;85;0;5068204;188;0
147;18;336;14;4;44;99;4.40;6;2;1;95;0;5068499;284;0
147;18;336;14;4;45;2;4.20;4;1;1;86;0;5068502;2685;0
147;18;336;14;4;45;57;3.80;2;1;1;82;0;5068557;340;0
147;18;336;14;4;45;66;3.20;3;1;1;79;0;5068566;733;0
147;18;336;14;4;46;99;3.40;1;1;1;89;0;5068699;578;0
147;18;336;14;4;50;5;3.20;3;1;1;75;0;5069005;424;0
147;18;336;14;4;52;99;3.40;7;2;1;83;0;5069299;1365;0
147;18;336;14;4;53;13;3.00;3;1;1;75;0;5069313;292;0
147;18;336;14;4;54;16;3.80;2;1;1;77;0;5069416;842;0
147;18;336;14;4;56;99;3.40;2;1;1;77;0;5069699;265;0
147;18;336;14;4;57;6;4.00;4;1;1;85;0;5069706;1186;0
147;18;336;14;4;57;3;3.00;6;2;1;84;0;5069703;1187;0
147;18;336;14;4;58;25;3.20;3;1;1;77;0;5069825;497;0
147;18;336;14;4;59;13;3.40;5;2;1;87;0;5069913;1692;0
147;18;336;14;5;0;23;3.40;6;2;1;75;0;5070023;307;0
147;18;336;14;5;0;28;3.80;5;2;1;83;0;5070028;100;0
147;18;336;14;5;1;99;3.60;6;2;1;76;0;5070199;159;0
147;18;336;14;5;2;14;3.60;5;2;1;80;0;5070214;169;0
147;18;336;14;5;3;56;3.80;5;2;1;82;0;5070356;125;0
147;18;336;14;5;3;58;3.40;6;2;1;78;0;5070358;141;0
147;18;336;14;5;3;99;4.60;7;2;1;82;0;5070399;1085;0
147;18;336;14;5;4;4;2.80;3;1;1;71;0;5070404;564;0
147;18;336;14;5;4;99;3.60;5;2;1;85;0;5070499;126;5069913
147;18;336;14;5;5;26;3.20;4;1;1;80;0;5070526;803;0
147;18;336;14;5;5;21;3.60;8;2;1;76;0;5070521;2412;0
147;18;336;14;5;5;31;3.60;6;2;1;79;0;5070531;157;0
147;18;336;14;5;5;29;4.00;3;1;1;70;0;5070529;110;0
147;18;336;14;5;6;0;3.20;2;1;1;74;0;5070600;885;0
147;18;336;14;5;7;99;3.40;6;2;1;79;0;5070799;251;0
147;18;336;14;5;7;99;3.20;3;1;1;79;0;5070799;249;0
147;18;336;14;5;8;75;3.00;6;2;1;76;0;5070875;60;0
147;18;336;14;5;8;99;3.80;1;1;1;79;0;5070899;2186;0
147;18;336;14;5;9;10;3.80;5;2;1;85;0;5070910;395;0
147;18;336;14;5;9;99;3.60;7;2;1;82;0;5070999;579;0
147;18;336;14;5;10;14;3.20;2;1;1;77;0;5071014;398;0
147;18;336;14;5;10;99;3.40;6;2;1;77;0;5071099;209;0
147;18;336;14;5;10;45;3.20;6;2;1;76;0;5071045;-1;0
147;18;336;14;5;11;99;3.40;5;2;1;84;0;5071199;272;0
147;18;336;14;5;11;99;3.60;3;1;1;76;0;5071199;385;0
147;18;336;14;5;12;99;3.00;2;1;1;77;0;5071299;270;0
147;18;336;14;5;13;23;4.00;3;1;1;89;0;5071323;106;0
147;18;336;14;5;14;5;3.60;6;2;1;74;0;5071405;344;0
147;18;336;14;5;14;99;3.40;1;1;1;73;0;5071499;582;0
147;18;336;14;5;15;99;3.40;6;2;1;67;0;5071599;176;0
147;18;336;14;5;15;99;3.80;8;2;1;78;0;5071599;1060;0
147;18;336;14;5;16;82;3.60;7;2;1;77;0;5071682;667;0
147;18;336;14;5;17;99;3.80;5;2;1;79;0;5071799;585;0
147;18;336;14;5;17;99;3.40;4;1;1;75;0;5071799;1258;0
147;18;336;14;5;17;99;5.00;3;1;1;77;0;5071799;459;0
147;18;336;14;5;18;53;4.00;5;2;1;84;0;5071853;36;0
147;18;336;14;5;19;99;3.40;2;1;1;73;0;5071999;685;0
147;18;336;14;5;19;99;3.60;5;2;1;84;0;5071999;128;0
147;18;336;14;5;19;99;3.40;6;2;1;78;0;5071999;381;0
147;18;336;14;5;20;25;3.40;6;2;1;78;0;5072025;10;0
147;18;336;14;5;22;3;3.40;3;1;1;83;0;5072203;380;0
147;18;336;14;5;22;37;3.20;5;2;1;90;0;5072237;222;0
147;18;336;14;5;23;19;3.60;6;2;1;80;0;5072319;278;0
147;18;336;14;5;25;99;3.60;1;1;1;78;0;5072599;1083;0
147;18;336;14;5;26;23;3.00;3;1;1;76;0;5072623;405;0
147;18;336;14;5;26;83;3.80;2;1;1;81;0;5072683;667;0
147;18;336;14;5;27;99;3.60;4;1;1;81;0;5072799;983;0
147;18;336;14;5;28;13;3.00;8;2;1;71;0;5072813;1196;0
147;18;336;14;5;28;30;3.40;5;2;1;84;0;5072830;580;0
147;18;336;14;5;28;6;3.80;2;1;1;76;0;5072806;106;0
147;18;336;14;5;29;4;3.20;8;2;1;71;0;5072904;75;0
147;18;336;14;5;29;99;4.00;4;1;1;81;0;5072999;184;0
147;18;336;14;5;32;99;4.60;6;2;1;84;0;5073299;963;0
147;18;336;14;5;33;3;3.00;2;1;1;78;0;5073303;479;0
147;18;336;14;5;33;49;3.60;3;1;1;80;0;5073349;711;0
147;18;336;14;5;34;99;3.60;6;2;1;86;0;5073499;180;0
147;18;336;14;5;35;17;3.60;7;2;1;81;0;5073517;1818;0
147;18;336;14;5;35;99;4.20;4;1;1;80;0;5073599;582;0
147;18;336;14;5;35;99;7.20;1;1;6;64;0;5073599;983;0
147;18;336;14;5;36;4;3.20;7;2;1;81;0;5073604;71;0
147;18;336;14;5;36;5;3.20;3;1;1;73;0;5073605;239;0
147;18;336;14;5;36;63;3.60;8;2;1;87;0;5073663;742;0
147;18;336;14;5;37;99;3.40;1;1;1;64;0;5073799;159;0
147;18;336;14;5;37;99;4.00;5;2;1;86;0;5073799;954;0
147;18;336;14;5;37;99;3.60;7;2;1;79;0;5073799;180;0
147;18;336;14;5;38;8;3.80;3;1;1;74;0;5073808;187;0
147;18;336;14;5;38;99;3.60;4;1;1;84;0;5073899;281;0
147;18;336;14;5;38;99;3.80;2;1;1;66;0;5073899;582;0
147;18;336;14;5;38;26;3.40;7;2;1;82;0;5073826;10;0
147;18;336;14;5;39;9;3.80;6;2;1;66;0;5073909;394;0
147;18;336;14;5;39;69;3.20;5;2;1;78;0;5073969;153;0
147;18;336;14;5;39;93;3.40;1;1;1;67;0;5073993;174;0
147;18;336;14;5;39;99;4.00;4;1;1;84;0;5073999;84;0
147;18;336;14;5;39;99;3.80;7;2;1;80;0;5073999;158;5073517
147;18;336;14;5;40;7;3.20;3;1;1;71;0;5074007;180;5073517
147;18;336;14;5;40;99;3.80;5;2;1;78;0;5074099;115;5073517
147;18;336;14;5;40;99;3.60;2;1;1;73;0;5074099;179;5073517
147;18;336;14;5;40;99;3.40;3;1;1;76;0;5074099;75;5073517
147;18;336;14;5;40;94;7.00;6;2;6;66;0;5074094;164;5073517
147;18;336;14;5;41;27;3.40;5;2;1;76;0;5074127;10;5073517
147;18;336;14;5;41;73;3.20;1;1;1;77;0;5074173;161;5073517
147;18;336;14;5;42;99;3.40;6;2;1;68;0;5074299;166;5073517
147;18;336;14;5;42;99;3.20;5;2;1;78;0;5074299;155;5073799
147;18;336;14;5;42;99;6.80;3;1;1;77;0;5074299;183;5073605
147;18;336;14;5;43;99;3.80;2;1;1;77;0;5074399;282;0
147;18;336;14;5;43;99;3.80;5;2;1;77;0;5074399;85;5073799
147;18;336;14;5;43;10;3.40;7;2;1;77;0;5074310;293;0
147;18;336;14;5;43;12;3.80;6;2;1;67;0;5074312;-1;0
147;18;336;14;5;44;58;3.40;2;1;1;76;0;5074458;41;0
147;18;336;14;5;45;4;3.60;5;2;1;78;0;5074504;87;5073799
147;18;336;14;5;45;99;3.60;2;1;1;72;0;5074599;124;5073799
147;18;336;14;5;45;99;3.80;8;2;1;78;0;5074599;921;0
147;18;336;14;5;46;13;3.00;2;1;1;71;0;5074613;-1;0
147;18;336;14;5;46;24;3.40;7;2;1;80;0;5074624;298;0
147;18;336;14;5;46;49;3.80;3;1;1;89;0;5074649;318;0
147;18;336;14;5;47;99;3.00;2;1;1;73;0;5074799;170;5074399
147;18;336;14;5;47;99;3.60;6;2;1;76;0;5074799;466;0
147;18;336;14;5;48;11;3.40;2;1;1;71;0;5074811;-1;5074399
147;18;336;14;5;49;7;3.60;1;1;1;83;0;5074907;719;0
147;18;336;14;5;49;41;3.20;7;2;1;75;0;5074941;301;0
147;18;336;14;5;50;99;3.40;5;2;1;80;0;5075099;578;0
147;18;336;14;5;50;99;3.60;7;2;1;74;0;5075099;142;0
147;18;336;14;5;51;16;3.40;3;1;1;78;0;5075116;451;0
147;18;336;14;5;51;14;3.60;7;2;1;75;0;5075114;-1;0
147;18;336;14;5;52;0;4.00;5;2;1;80;0;5075200;85;0
147;18;336;14;5;52;22;3.20;6;2;1;75;0;5075222;405;0
147;18;336;14;5;53;3;3.60;8;2;1;73;0;5075303;686;0
147;18;336;14;5;53;99;3.40;2;1;1;75;0;5075399;570;0
147;18;336;14;5;54;32;3.80;7;2;1;78;0;5075432;300;0
147;18;336;14;5;54;79;3.00;2;1;1;72;0;5075479;63;0
147;18;336;14;5;54;93;3.60;6;2;1;78;0;5075493;255;0
147;18;336;14;5;55;99;3.20;2;1;1;71;0;5075599;105;0
147;18;336;14;5;56;10;3.60;7;2;1;78;0;5075610;160;0
147;18;336;14;5;56;15;3.40;6;2;1;80;0;5075615;105;0
147;18;336;14;5;56;99;3.60;5;2;1;85;0;5075699;481;0
147;18;336;14;5;56;11;3.60;2;1;1;71;0;5075611;-1;0
147;18;336;14;5;57;99;3.40;6;2;1;71;0;5075799;168;0
147;18;336;14;5;58;99;3.40;5;2;1;81;0;5075899;184;0
147;18;336;14;5;58;99;3.40;6;2;1;72;0;5075899;82;0
147;18;336;14;5;59;72;3.40;3;1;1;97;0;5075972;840;0
147;18;336;14;6;0;99;4.00;1;1;1;83;0;5076099;1176;0
147;18;336;14;6;1;18;4.00;5;2;1;80;0;5076118;203;0
147;18;336;14;6;1;99;3.60;6;2;1;71;0;5076199;283;0
147;18;336;14;6;1;99;3.40;3;1;1;80;0;5076199;214;0
147;18;336;14;6;2;86;4.00;5;2;1;79;0;5076286;150;0
147;18;336;14;6;3;99;3.60;2;1;1;77;0;5076399;769;0
147;18;336;14;6;3;99;3.60;6;2;1;73;0;5076399;181;0
147;18;336;14;6;3;99;3.60;8;2;1;82;0;5076399;1078;0
147;18;336;14;6;4;31;3.80;7;2;1;79;0;5076431;804;0
147;18;336;14;6;4;53;3.20;2;1;1;76;0;5076453;37;0
147;18;336;14;6;4;67;3.40;6;2;1;73;0;5076467;50;0
147;18;336;14;6;5;99;3.80;5;2;1;83;0;5076599;294;0
147;18;336;14;6;5;99;3.40;6;2;1;77;0;5076599;115;0
147;18;336;14;6;6;99;3.20;4;1;1;81;0;5076699;2682;0
147;18;336;14;6;7;9;3.40;6;2;1;77;0;5076709;94;5076199
147;18;336;14;6;7;89;3.60;3;1;1;75;0;5076789;574;0
147;18;336;14;6;7;99;4.60;7;2;1;85;0;5076799;350;0
147;18;336;14;6;7;99;3.40;5;2;1;90;0;5076799;183;0
147;18;336;14;6;9;11;3.00;2;1;1;82;0;5076911;442;0
147;18;336;14;6;9;12;4.00;7;2;1;84;0;5076912;93;0
147;18;336;14;6;9;12;3.60;6;2;1;76;0;5076912;187;5076199
147;18;336;14;6;10;27;3.60;4;1;1;84;0;5077027;313;0
147;18;336;14;6;11;99;3.60;4;1;1;86;0;5077199;156;0
147;18;336;14;6;11;99;3.80;3;1;1;76;0;5077199;392;0
147;18;336;14;6;12;18;3.20;6;2;1;84;0;5077218;288;0
147;18;336;14;6;12;99;3.80;4;1;1;84;0;5077299;84;0
147;18;336;14;6;12;99;3.60;3;1;1;75;0;5077299;82;0
147;18;336;14;6;13;10;4.60;1;1;1;80;0;5077310;1193;0
147;18;336;14;6;13;99;5.40;7;2;1;76;0;5077399;469;0
147;18;336;14;6;14;99;3.20;3;1;1;74;0;5077499;182;0
147;18;336;14;6;14;99;4.00;4;1;1;86;0;5077499;183;0
147;18;336;14;6;15;96;3.20;4;1;1;82;0;5077596;80;5077027
147;18;336;14;6;15;94;3.40;6;2;1;80;0;5077594;362;0
147;18;336;14;6;15;99;3.80;5;2;1;83;0;5077599;786;0
147;18;336;14;6;15;99;3.80;1;1;1;83;0;5077599;268;0
147;18;336;14;6;16;6;3.40;6;2;1;79;0;5077606;-1;0
147;18;336;14;6;16;99;3.40;3;1;1;75;0;5077699;184;0
147;18;336;14;6;16;99;3.80;5;2;1;83;0;5077699;83;0
147;18;336;14;6;16;99;3.40;7;2;1;79;0;5077699;274;0
147;18;336;14;6;17;3;3.80;2;1;1;78;0;5077703;778;0
147;18;336;14;6;17;18;3.20;4;1;1;79;0;5077718;107;5077027
147;18;336;14;6;17;20;3.80;1;1;1;86;0;5077720;104;5077027
147;18;336;14;6;17;53;5.60;5;2;1;84;0;5077753;37;5077027
147;18;336;14;6;19;4;3.80;4;1;1;85;0;5077904;171;5077027
147;18;336;14;6;19;25;3.60;3;1;1;76;0;5077925;209;0
147;18;336;14;6;19;44;3.60;6;2;1;89;0;5077944;322;0
147;18;336;14;6;20;99;4.60;3;1;1;76;0;5078099;156;0
147;18;336;14;6;21;38;3.20;2;1;1;81;0;5078138;417;0
147;18;336;14;6;21;99;3.20;1;1;1;79;0;5078199;463;0
147;18;336;14;6;21;99;17.20;4;1;5;84;0;5078199;278;0
147;18;336;14;6;22;36;3.60;3;1;1;76;0;5078236;115;0
147;18;336;14;6;23;4;4.20;3;1;1;67;0;5078304;50;0
147;18;336;14;6;23;99;3.20;7;2;1;78;0;5078399;684;0
147;18;336;14;6;24;0;3.60;2;1;1;70;0;5078400;247;0
147;18;336;14;6;24;15;3.80;4;1;1;82;0;5078415;142;0
147;18;336;14;6;25;99;3.00;3;1;1;75;0;5078599;272;0
147;18;336;14;6;26;99;3.60;6;2;1;80;0;5078699;740;0
147;18;336;14;6;26;99;4.60;3;1;1;74;0;5078699;85;0
147;18;336;14;6;27;60;3.40;6;2;1;79;0;5078760;44;0
147;18;336;14;6;28;99;3.60;4;1;1;80;0;5078899;467;0
147;18;336;14;6;28;99;3.80;3;1;1;78;0;5078899;177;0
147;18;336;14;6;28;99;4.20;2;1;1;86;0;5078899;480;0
147;18;336;14;6;29;15;3.20;5;2;1;82;0;5078915;1138;0
147;18;336;14;6;29;99;3.40;6;2;1;75;0;5078999;223;0
147;18;336;14;6;29;20;3.60;4;1;1;81;0;5078920;4;0
147;18;336;14;6;31;99;3.20;2;1;1;71;0;5079199;282;0
147;18;336;14;6;32;99;3.60;6;2;1;78;0;5079299;283;0
147;18;336;14;6;33;98;3.60;3;1;1;82;0;5079398;481;0
147;18;336;14;6;33;99;4.20;7;2;1;82;0;5079399;985;0
147;18;336;14;6;35;0;3.80;4;1;1;86;0;5079500;564;0
147;18;336;14;6;35;71;3.60;5;2;1;82;0;5079571;641;0
147;18;336;14;6;35;82;4.40;2;1;1;82;0;5079582;366;0
147;18;336;14;6;36;8;3.00;3;1;1;73;0;5079608;194;0
147;18;336;14;6;36;99;3.60;2;1;1;78;0;5079699;97;0
147;18;336;14;6;36;99;3.80;7;2;1;83;0;5079699;281;0
147;18;336;14;6;37;99;3.80;3;1;1;77;0;5079799;176;0
147;18;336;14;6;38;8;3.60;4;1;1;84;0;5079808;292;0
147;18;336;14;6;38;88;3.40;7;2;1;78;0;5079888;172;0
147;18;336;14;6;38;91;3.60;6;2;1;71;0;5079891;575;0
147;18;336;14;6;38;99;3.80;3;1;1;77;0;5079899;82;0
147;18;336;14;6;38;99;3.80;2;1;1;80;0;5079899;183;0
147;18;336;14;6;38;99;3.60;7;2;1;79;0;5079899;-1;0
147;18;336;14;6;39;99;3.20;5;2;1;81;0;5079999;412;0
147;18;336;14;6;39;99;3.80;4;1;1;83;0;5079999;175;0
147;18;336;14;6;39;99;3.60;3;1;1;76;0;5079999;82;5079398
147;18;336;14;6;40;36;3.20;6;2;1;75;0;5080036;126;5079398
147;18;336;14;6;40;55;3.40;1;1;1;91;0;5080055;1841;0
147;18;336;14;6;41;99;3.80;3;1;1;76;0;5080199;182;5079398
147;18;336;14;6;42;3;3.00;8;2;1;75;0;5080203;3788;0
147;18;336;14;6;43;84;4.60;8;2;1;72;0;5080384;166;0
147;18;336;14;6;43;99;3.80;6;2;1;81;0;5080399;347;0
147;18;336;14;6;43;99;3.00;5;2;1;76;0;5080399;385;0
147;18;336;14;6;44;99;3.00;5;2;1;78;0;5080499;85;0
147;18;336;14;6;45;84;4.60;3;1;1;76;0;5080584;367;0
147;18;336;14;6;46;99;3.60;6;2;1;79;0;5080699;283;0
147;18;336;14;6;47;26;3.60;3;1;1;82;0;5080726;120;0
147;18;336;14;6;48;99;3.80;5;2;1;84;0;5080899;386;0
147;18;336;14;6;48;99;3.80;4;1;1;85;0;5080899;883;0
147;18;336;14;6;48;99;3.80;6;2;1;80;0;5080899;183;0
147;18;336;14;6;48;99;3.40;3;1;1;75;0;5080899;157;0
147;18;336;14;6;50;20;4.20;8;2;1;84;0;5081020;613;0
147;18;336;14;6;50;20;3.80;3;1;1;76;0;5081020;104;0
147;18;336;14;6;51;99;3.40;3;1;1;88;0;5081199;161;5080584
147;18;336;14;6;51;99;2.80;2;1;1;67;0;5081199;1282;0
147;18;336;14;6;52;8;4.00;4;1;1;82;0;5081208;292;0
147;18;336;14;6;52;99;3.20;6;2;1;81;0;5081299;382;0
147;18;336;14;6;53;65;3.20;3;1;1;81;0;5081365;152;5080584
147;18;336;14;6;53;65;3.60;4;1;1;83;0;5081365;139;5080584
147;18;336;14;6;53;70;3.60;2;1;1;70;0;5081370;155;5080584
147;18;336;14;6;53;99;5.60;6;2;1;84;0;5081399;85;5080584
147;18;336;14;6;54;99;4.80;2;1;1;78;0;5081499;110;5080584
147;18;336;14;6;55;4;3.60;2;1;1;66;0;5081504;-1;5080584
147;18;336;14;6;55;10;3.20;8;2;1;79;0;5081510;472;0
147;18;336;14;6;56;99;3.40;2;1;1;69;0;5081699;175;5081199
147;18;336;14;6;56;99;3.20;5;2;1;80;0;5081699;783;0
147;18;336;14;6;57;99;3.80;1;1;1;92;0;5081799;1730;0
147;18;336;14;6;57;99;3.80;2;1;1;70;0;5081799;82;5081199
147;18;336;14;6;57;99;4.40;6;2;1;79;0;5081799;376;0
147;18;336;14;6;57;6;3.40;5;2;1;82;0;5081706;-1;0
147;18;336;14;6;58;56;3.20;2;1;1;69;0;5081856;37;5081199
147;18;336;14;6;59;99;3.40;5;2;1;85;0;5081999;278;0
147;18;336;14;6;59;99;3.80;7;2;1;80;0;5081999;2083;0
147;18;336;14;6;59;99;3.20;2;1;1;69;0;5081999;126;5081199
147;18;336;14;6;59;99;3.40;1;1;1;78;0;5081999;185;5081199
147;18;336;14;7;0;9;3.60;5;2;1;84;0;5082009;-1;5081199
147;18;336;14;7;0;99;3.00;2;1;1;72;0;5082099;83;5081199
147;18;336;14;7;0;29;3.80;3;1;1;83;0;5082029;649;0
147;18;336;14;7;1;93;3.60;4;1;1;90;0;5082193;812;0
147;18;336;14;7;1;99;3.40;2;1;1;71;0;5082199;85;5081199
147;18;336;14;7;2;99;3.60;3;1;1;80;0;5082299;253;0
147;18;336;14;7;2;99;3.20;2;1;1;68;0;5082299;82;5081199
147;18;336;14;7;3;86;4.40;2;1;1;63;0;5082386;70;5081199
147;18;336;14;7;4;99;3.60;1;1;1;83;0;5082499;484;0
147;18;336;14;7;5;2;3.80;5;2;1;76;0;5082502;477;0
147;18;336;14;7;5;29;6.20;4;1;1;85;0;5082529;321;0
147;18;336;14;7;7;99;3.80;8;2;1;79;0;5082799;1274;0
147;18;336;14;7;7;99;3.80;6;2;1;82;0;5082799;979;0
147;18;336;14;7;9;99;3.60;6;2;1;83;0;5082999;183;0
147;18;336;14;7;9;99;2.80;1;1;1;80;0;5082999;484;0
147;18;336;14;7;9;99;3.00;4;1;1;82;0;5082999;443;0
147;18;336;14;7;10;99;4.60;2;1;1;80;0;5083099;687;0
147;18;336;14;7;10;99;3.40;3;1;1;71;0;5083099;783;0
147;18;336;14;7;11;25;3.60;6;2;1;84;0;5083125;110;0
147;18;336;14;7;11;99;3.20;7;2;1;84;0;5083199;1182;0
147;18;336;14;7;11;99;3.80;5;2;1;88;0;5083199;679;0
147;18;336;14;7;13;0;4.60;7;2;1;79;0;5083300;87;0
147;18;336;14;7;14;5;3.60;5;2;1;85;0;5083405;190;0
147;18;336;14;7;13;70;3.80;6;2;1;65;0;5083370;229;0
147;18;336;14;7;14;99;3.00;2;1;1;79;0;5083499;379;0
147;18;336;14;7;16;18;3.80;3;1;1;78;0;5083618;501;0
147;18;336;14;7;16;40;4.40;6;2;1;66;0;5083640;248;0
147;18;336;14;7;16;52;4.40;5;2;1;77;0;5083652;231;0
147;18;336;14;7;16;99;3.00;4;1;1;85;0;5083699;686;0
147;18;336;14;7;17;99;4.20;7;2;1;77;0;5083799;478;0
147;18;336;14;7;17;99;3.00;3;1;1;79;0;5083799;163;0
147;18;336;14;7;18;3;3.00;5;2;1;80;0;5083803;130;0
147;18;336;14;7;18;1;1.60;6;1;1;49;0;5083801;598189;0
147;18;336;14;7;18;99;3.40;7;2;1;82;0;5083899;80;0
147;18;336;14;7;18;99;3.40;8;2;1;67;0;5083899;1082;0
147;18;336;14;7;19;99;3.40;3;1;1;90;0;5083999;186;0
147;18;336;14;7;19;99;3.60;8;2;1;67;0;5083999;81;0
147;18;336;14;7;19;99;3.40;6;2;1;72;0;5083999;335;0
147;18;336;14;7;20;99;3.20;2;1;1;77;0;5084099;586;0
147;18;336;14;7;20;99;3.60;6;2;1;74;0;5084099;83;0
147;18;336;14;7;22;20;3.00;5;2;1;86;0;5084220;403;0
147;18;336;14;7;22;99;3.80;7;2;1;78;0;5084299;385;0
147;18;336;14;7;23;5;3.40;3;1;1;77;0;5084305;292;0
147;18;336;14;7;23;99;3.60;6;2;1;71;0;5084399;282;0
147;18;336;14;7;23;16;3.20;8;2;1;81;0;5084316;297;0
147;18;336;14;7;23;29;3.60;2;1;1;78;0;5084329;215;0
147;18;336;14;7;24;78;3.40;7;2;1;76;0;5084478;161;0
147;18;336;14;7;24;94;3.20;4;1;1;84;0;5084494;782;0
147;18;336;14;7;24;99;3.40;5;2;1;80;0;5084499;266;0
147;18;336;14;7;24;99;3.00;6;2;1;69;0;5084499;81;0
147;18;336;14;7;26;14;3.60;7;2;1;73;0;5084614;119;0
147;18;336;14;7;26;40;3.40;6;2;1;75;0;5084640;125;0
147;18;336;14;7;26;88;3.00;2;1;1;77;0;5084688;342;0
147;18;336;14;7;27;9;4.40;4;1;1;81;0;5084709;201;0
147;18;336;14;7;27;99;3.60;5;2;1;81;0;5084799;284;0
147;18;336;14;7;27;99;4.80;6;2;1;80;0;5084799;142;0
147;18;336;14;7;28;99;3.20;3;1;1;77;0;5084899;578;0
147;18;336;14;7;28;7;3.60;5;2;1;82;0;5084807;-1;0
147;18;336;14;7;29;67;3.40;6;2;1;74;0;5084967;146;5084399
147;18;336;14;7;29;98;3.20;2;1;1;77;0;5084998;295;0
147;18;336;14;7;30;99;4.40;3;1;1;76;0;5085099;185;0
147;18;336;14;7;30;99;3.60;4;1;1;85;0;5085099;370;0
147;18;336;14;7;30;99;4.00;8;2;1;81;0;5085099;768;0
147;18;336;14;7;30;99;3.80;7;2;1;99;0;5085099;467;0
147;18;336;14;7;30;99;3.60;6;2;1;76;0;5085099;115;5084399
147;18;336;14;7;31;13;3.40;2;1;1;78;0;5085113;100;5084399
147;18;336;14;7;31;69;4.00;5;2;1;83;0;5085169;346;0
147;18;336;14;7;32;2;3.40;6;2;1;72;0;5085202;85;5084399
147;18;336;14;7;32;99;3.60;1;1;1;77;0;5085299;2287;0
147;18;336;14;7;33;14;3.20;7;2;1;82;0;5085314;201;0
147;18;336;14;7;33;99;3.20;6;2;1;73;0;5085399;180;5084399
147;18;336;14;7;34;76;3.40;3;1;1;75;0;5085476;356;0
147;18;336;14;7;34;83;3.80;7;2;1;76;0;5085483;154;0
147;18;336;14;7;35;11;2.80;2;1;1;73;0;5085511;382;0
147;18;336;14;7;35;99;3.40;6;2;1;77;0;5085599;184;5084399
147;18;336;14;7;36;3;3.40;2;1;1;74;0;5085603;78;5084399
147;18;336;14;7;37;14;3.60;1;1;1;75;0;5085714;398;0
147;18;336;14;7;37;92;3.20;6;2;1;74;0;5085792;177;5084399
147;18;336;14;7;38;99;4.00;7;2;1;83;0;5085899;398;0
147;18;336;14;7;38;99;3.60;6;2;1;73;0;5085899;91;5084399
147;18;336;14;7;39;38;4.00;5;2;1;74;0;5085938;751;0
147;18;336;14;7;39;64;5.40;7;2;1;83;0;5085964;47;0
147;18;336;14;7;39;74;3.40;6;2;1;72;0;5085974;57;5084399
147;18;336;14;7;39;91;3.80;4;1;1;83;0;5085991;876;0
147;18;336;14;7;40;12;3.40;5;2;1;75;0;5086012;54;0
147;18;336;14;7;40;99;3.00;3;1;1;72;0;5086099;606;0
147;18;336;14;7;40;99;4.20;8;2;1;86;0;5086099;982;0
147;18;336;14;7;40;99;3.60;2;1;1;81;0;5086099;479;0
147;18;336;14;7;40;99;3.80;5;2;1;76;0;5086099;70;0
147;18;336;14;7;41;11;3.80;7;2;1;88;0;5086111;123;0
147;18;336;14;7;41;8;4.00;3;1;1;74;0;5086108;-1;0
147;18;336;14;7;41;32;3.40;4;1;1;82;0;5086132;124;0
147;18;336;14;7;41;53;3.00;6;2;1;75;0;5086153;162;5084399
147;18;336;14;7;45;99;3.40;3;1;1;80;0;5086599;471;0
147;18;336;14;7;45;99;8.80;6;2;6;77;0;5086599;431;0
147;18;336;14;7;46;9;4.40;4;1;1;90;0;5086609;462;0
147;18;336;14;7;46;20;3.40;2;1;1;74;0;5086620;505;0
147;18;336;14;7;46;99;3.80;8;2;1;72;0;5086699;582;0
147;18;336;14;7;46;6;3.00;1;1;1;81;0;5086606;874;0
147;18;336;14;7;48;14;3.60;4;1;1;84;0;5086814;187;0
147;18;336;14;7;48;99;4.00;6;2;1;79;0;5086899;258;0
147;18;336;14;7;48;99;3.80;5;2;1;82;0;5086899;782;0
147;18;336;14;7;49;38;3.80;6;2;1;80;0;5086938;20;0
147;18;336;14;7;51;2;3.80;5;2;1;82;0;5087102;186;0
147;18;336;14;7;51;19;3.40;7;2;1;71;0;5087119;992;0
147;18;336;14;7;52;65;3.80;4;1;1;83;0;5087265;435;0
147;18;336;14;7;52;69;4.00;8;2;1;92;0;5087269;551;0
147;18;336;14;7;52;91;2.80;6;2;1;78;0;5087291;335;0
147;18;336;14;7;52;97;2.80;3;1;1;79;0;5087297;682;0
147;18;336;14;7;53;99;3.80;7;2;1;74;0;5087399;262;0
147;18;336;14;7;54;38;3.80;2;1;1;84;0;5087438;801;0
147;18;336;14;7;54;43;3.60;8;2;1;76;0;5087443;158;0
147;18;336;14;7;54;71;3.80;6;2;1;86;0;5087471;167;0
147;18;336;14;7;55;99;3.00;3;1;1;74;0;5087599;289;0
147;18;336;14;7;56;99;3.40;2;1;1;77;0;5087699;244;0
147;18;336;14;7;56;99;3.80;6;2;1;83;0;5087699;212;0
147;18;336;14;7;57;12;3.20;3;1;1;76;0;5087712;98;0
147;18;336;14;7;57;99;3.60;2;1;1;78;0;5087799;84;0
147;18;336;14;7;58;99;8.20;6;2;6;79;0;5087899;183;0
147;18;336;14;7;59;11;3.80;2;1;1;77;0;5087911;95;0
147;18;336;14;8;0;99;3.60;4;1;1;90;0;5088099;817;0
147;18;336;14;8;0;99;3.00;2;1;1;73;0;5088099;170;0
147;18;336;14;8;1;32;3.60;4;1;1;90;0;5088132;18;0
147;18;336;14;8;1;99;3.40;5;2;1;79;0;5088199;1080;0
147;18;336;14;8;1;99;3.20;6;2;1;78;0;5088199;262;0
147;18;336;14;8;3;99;3.60;3;1;1;76;0;5088399;671;0
147;18;336;14;8;4;99;3.80;3;1;1;80;0;5088499;82;0
147;18;336;14;8;6;7;3.60;2;1;1;77;0;5088607;493;0
147;18;336;14;8;7;23;3.60;4;1;1;89;0;5088723;576;0
147;18;336;14;8;7;29;3.80;3;1;1;81;0;5088729;212;0
147;18;336;14;8;9;4;3.60;2;1;1;83;0;5088904;280;0
147;18;336;14;8;10;99;3.40;7;2;1;77;0;5089099;1681;0
147;18;336;14;8;11;99;3.60;3;1;1;79;0;5089199;453;0
147;18;336;14;8;11;99;4.60;7;2;1;73;0;5089199;84;0
147;18;336;14;8;13;99;3.20;3;1;1;78;0;5089399;183;0
147;18;336;14;8;13;99;3.60;6;2;1;76;0;5089399;1185;0
147;18;336;14;8;15;12;3.20;6;2;1;76;0;5089512;95;0
147;18;336;14;8;16;16;3.00;6;2;1;73;0;5089616;88;0
147;18;336;14;8;16;99;3.60;5;2;1;79;0;5089699;1484;0
147;18;336;14;8;16;99;12.20;2;1;3;79;0;5089699;779;0
147;18;336;14;8;17;2;3.40;3;1;1;77;0;5089702;288;0
147;18;336;14;8;18;0;3.40;6;2;1;75;0;5089800;169;0
147;18;336;14;8;18;21;3.40;2;1;1;79;0;5089821;66;0
147;18;336;14;8;19;99;4.00;6;2;1;72;0;5089999;182;5089399
147;18;336;14;8;19;99;3.80;7;2;1;77;0;5089999;777;0
147;18;336;14;8;20;71;3.00;1;1;1;85;0;5090071;3451;0
147;18;336;14;8;20;92;4.00;5;2;1;84;0;5090092;376;0
147;18;336;14;8;20;95;4.40;7;2;1;81;0;5090095;78;0
147;18;336;14;8;21;99;3.60;5;2;1;89;0;5090199;89;0
147;18;336;14;8;21;99;3.40;6;2;1;74;0;5090199;180;5089399
147;18;336;14;8;23;23;3.60;5;2;1;81;0;5090323;109;5089399
147;18;336;14;8;24;99;4.00;6;2;1;74;0;5090499;283;0
147;18;336;14;8;24;99;3.60;2;1;1;76;0;5090499;662;0
147;18;336;14;8;25;6;3.20;3;1;1;73;0;5090506;788;0
147;18;336;14;8;25;99;3.40;6;2;1;74;0;5090599;80;0
147;18;336;14;8;26;17;3.80;4;1;1;87;0;5090617;1879;0
147;18;336;14;8;26;99;3.80;7;2;1;79;0;5090699;584;0
147;18;336;14;8;26;99;3.40;2;1;1;75;0;5090699;182;0
147;18;336;14;8;29;99;4.80;7;2;1;84;0;5090999;282;0
147;18;336;14;8;30;26;3.40;3;1;1;80;0;5091026;504;0
147;18;336;14;8;30;46;3.60;2;1;1;74;0;5091046;330;0
147;18;336;14;8;33;17;3.60;6;2;1;82;0;5091317;701;0
147;18;336;14;8;34;2;3.20;2;1;1;79;0;5091402;338;0
147;18;336;14;8;34;21;3.40;6;2;1;81;0;5091421;88;0
147;18;336;14;8;34;99;3.40;5;2;1;95;0;5091499;1160;0
147;18;336;14;8;34;99;3.60;2;1;1;77;0;5091499;82;0
147;18;336;14;8;35;24;3.80;6;2;1;91;0;5091524;87;0
147;18;336;14;8;36;99;3.40;6;2;1;91;0;5091699;159;0
147;18;336;14;8;37;8;3.60;8;2;1;87;0;5091708;4247;0
147;18;336;14;8;37;99;3.60;6;2;1;84;0;5091799;86;5091317
147;18;336;14;8;37;99;3.40;4;1;1;83;0;5091799;1166;0
147;18;336;14;8;38;9;3.60;3;1;1;68;0;5091809;767;0
147;18;336;14;8;39;16;3.60;2;1;1;72;0;5091916;400;0
147;18;336;14;8;39;99;3.60;2;1;1;72;0;5091999;65;0
147;18;336;14;8;40;11;3.40;1;1;1;80;0;5092011;1927;0
147;18;336;14;8;40;39;3.60;6;2;1;75;0;5092039;224;0
147;18;336;14;8;40;45;3.60;5;2;1;84;0;5092045;533;0
147;18;336;14;8;40;47;3.00;2;1;1;72;0;5092047;30;0
147;18;336;14;8;41;99;3.80;8;2;1;80;0;5092199;476;0
147;18;336;14;8;41;99;4.60;7;2;1;80;0;5092199;1179;0
147;18;336;14;8;42;99;4.40;7;2;1;78;0;5092299;79;0
147;18;336;14;8;42;99;4.60;8;2;1;80;0;5092299;82;0
147;18;336;14;8;42;99;3.40;2;1;1;77;0;5092299;237;0
147;18;336;14;8;43;50;3.40;5;2;1;87;0;5092350;289;0
147;18;336;14;8;43;50;3.40;6;2;1;82;0;5092350;293;0
147;18;336;14;8;44;10;3.60;5;2;1;88;0;5092410;45;0
147;18;336;14;8;45;31;3.20;2;1;1;73;0;5092531;216;0
147;18;336;14;8;45;44;3.80;1;1;1;82;0;5092544;517;0
147;18;336;14;8;45;47;3.20;7;2;1;72;0;5092547;227;0
147;18;336;14;8;46;21;3.80;6;2;1;77;0;5092621;256;0
147;18;336;14;8;46;99;4.60;5;2;1;90;0;5092699;274;0
147;18;336;14;8;47;29;4.20;7;2;1;98;0;5092729;166;0
147;18;336;14;8;47;99;4.40;8;2;1;80;0;5092799;479;0
147;18;336;14;8;48;32;3.60;6;2;1;75;0;5092832;193;0
147;18;336;14;8;48;39;3.60;8;2;1;80;0;5092839;20;0
147;18;336;14;8;49;99;4.00;6;2;1;79;0;5092999;149;0
147;18;336;14;8;50;99;3.80;3;1;1;73;0;5093099;1270;0
147;18;336;14;8;51;90;4.60;6;2;1;81;0;5093190;172;0
147;18;336;14;8;51;90;3.20;7;2;1;73;0;5093190;445;0
147;18;336;14;8;51;99;3.60;3;1;1;74;0;5093199;81;0
147;18;336;14;8;52;99;4.00;8;2;1;74;0;5093299;443;0
147;18;336;14;8;52;99;3.40;6;2;1;83;0;5093299;88;5092621
147;18;336;14;8;53;12;3.20;3;1;1;74;0;5093312;95;5092621
147;18;336;14;8;54;2;3.00;6;2;1;82;0;5093402;88;5092621
147;18;336;14;8;54;4;3.80;3;1;1;77;0;5093404;76;5092621
147;18;336;14;8;54;99;3.80;1;1;1;79;0;5093499;938;0
147;18;336;14;8;55;15;4.60;2;1;1;79;0;5093515;968;0
147;18;336;14;8;56;61;3.80;3;1;1;76;0;5093661;239;0
147;18;336;14;8;56;81;3.80;6;2;1;76;0;5093681;265;0
147;18;336;14;8;58;10;3.80;7;2;1;86;0;5093810;604;0
147;18;336;14;8;58;19;3.40;6;2;1;75;0;5093819;120;0
147;18;336;14;8;59;25;3.60;3;1;1;85;0;5093925;246;0
147;18;336;14;8;59;99;3.80;1;1;1;77;0;5093999;482;0
147;18;336;14;9;2;14;3.60;1;1;1;77;0;5094214;197;0
147;18;336;14;9;2;20;3.60;6;2;1;77;0;5094220;384;0
147;18;336;14;9;3;14;3.60;4;1;1;81;0;5094314;2500;0
147;18;336;14;9;3;37;3.20;3;1;1;73;0;5094337;396;0
147;18;336;14;9;4;99;3.40;1;1;1;75;0;5094499;268;0
147;18;336;14;9;5;99;3.80;1;1;1;74;0;5094599;83;0
147;18;336;14;9;5;99;3.60;3;1;1;72;0;5094599;246;0
147;18;336;14;9;6;33;3.60;7;2;1;80;0;5094633;807;0
147;18;336;14;9;6;63;3.60;3;1;1;70;0;5094663;46;0
147;18;336;14;9;6;99;3.60;8;2;1;83;0;5094699;1380;0
147;18;336;14;9;8;99;3.20;6;2;1;77;0;5094899;662;0
147;18;336;14;9;8;99;3.80;3;1;1;74;0;5094899;217;0
147;18;336;14;9;9;81;3.60;4;1;1;77;0;5094981;651;0
147;18;336;14;9;9;92;3.60;2;1;1;75;0;5094992;1456;0
147;18;336;14;9;11;51;3.40;4;1;1;78;0;5095151;153;0
147;18;336;14;9;11;67;3.60;6;2;1;79;0;5095167;253;0
147;18;336;14;9;12;99;3.80;3;1;1;81;0;5095299;381;0
147;18;336;14;9;12;12;6.60;7;2;1;49;0;5095212;562;0
147;18;336;14;9;13;99;3.60;2;1;1;79;0;5095399;389;0
147;18;336;14;9;13;19;3.80;5;2;1;81;0;5095319;2601;0
147;18;336;14;9;14;9;3.80;4;1;1;80;0;5095409;242;0
147;18;336;14;9;14;98;3.80;8;2;1;80;0;5095498;783;0
147;18;336;14;9;15;3;3.40;2;1;1;68;0;5095503;87;0
147;18;336;14;9;15;99;3.60;8;2;1;76;0;5095599;83;0
147;18;336;14;9;15;99;3.20;3;1;1;69;0;5095599;283;0
147;18;336;14;9;16;69;3.80;4;1;1;78;0;5095669;242;0
147;18;336;14;9;16;69;3.60;2;1;1;77;0;5095669;148;0
147;18;336;14;9;16;81;3.20;3;1;1;67;0;5095681;65;0
147;18;336;14;9;17;8;3.40;6;2;1;79;0;5095708;524;0
147;18;336;14;9;17;99;3.60;7;2;1;81;0;5095799;538;0
147;18;336;14;9;17;99;4.40;2;1;1;73;0;5095799;113;0
147;18;336;14;9;18;99;4.80;7;2;1;77;0;5095899;84;0
147;18;336;14;9;18;99;3.40;6;2;1;84;0;5095899;175;0
147;18;336;14;9;18;99;3.80;3;1;1;70;0;5095899;200;0
147;18;336;14;9;18;20;3.20;4;1;1;82;0;5095820;133;0
147;18;336;14;9;19;74;4.20;6;2;1;85;0;5095974;60;0
147;18;336;14;9;20;16;3.60;4;1;1;82;0;5096016;181;0
147;18;336;14;9;20;17;3.80;3;1;1;74;0;5096017;98;0
147;18;336;14;9;21;8;3.60;3;1;1;73;0;5096108;72;0
147;18;336;14;9;21;22;3.60;6;2;1;82;0;5096122;130;0
147;18;336;14;9;22;99;3.60;5;2;1;90;0;5096299;963;0
147;18;336;14;9;22;99;4.40;4;1;1;79;0;5096299;267;0
147;18;336;14;9;23;20;3.80;5;2;1;89;0;5096320;6;0
147;18;336;14;9;23;99;3.80;3;1;1;75;0;5096399;273;0
147;18;336;14;9;23;3;3.60;4;1;1;79;0;5096303;-1;0
147;18;336;14;9;24;44;4.20;7;2;1;87;0;5096444;522;0
147;18;336;14;9;24;41;5.20;6;2;1;75;0;5096441;303;0
147;18;336;14;9;24;94;3.80;5;2;1;95;0;5096494;158;0
147;18;336;14;9;25;6;3.40;4;1;1;78;0;5096506;186;0
147;18;336;14;9;25;99;2.80;6;2;1;71;0;5096599;133;0
147;18;336;14;9;26;99;3.60;4;1;1;78;0;5096699;177;0
147;18;336;14;9;27;12;3.00;6;2;1;73;0;5096712;98;0
147;18;336;14;9;27;99;3.60;5;2;1;82;0;5096799;290;0
147;18;336;14;9;27;99;3.40;3;1;1;77;0;5096799;381;0
147;18;336;14;9;28;99;3.20;4;1;1;78;0;5096899;183;5095669
147;18;336;14;9;28;99;3.40;3;1;1;77;0;5096899;84;5095669
147;18;336;14;9;29;28;3.60;8;2;1;84;0;5096928;1311;0
147;18;336;14;9;29;39;3.60;6;2;1;73;0;5096939;212;0
147;18;336;14;9;30;99;3.00;3;1;1;75;0;5097099;184;0
147;18;336;14;9;30;99;3.40;6;2;1;76;0;5097099;142;0
147;18;336;14;9;32;73;3.80;2;1;1;78;0;5097273;1452;0
147;18;336;14;9;33;99;5.00;6;2;1;76;0;5097399;283;0
147;18;336;14;9;33;99;3.60;3;1;1;78;0;5097399;285;0
147;18;336;14;9;34;12;3.40;7;2;1;80;0;5097412;950;0
147;18;336;14;9;34;91;4.20;6;2;1;73;0;5097491;68;0
147;18;336;14;9;35;18;3.60;3;1;1;76;0;5097518;102;0
147;18;336;14;9;35;99;3.40;2;1;1;76;0;5097599;308;0
147;18;336;14;9;35;99;4.00;8;2;1;83;0;5097599;655;0
147;18;336;14;9;35;99;3.40;1;1;1;80;0;5097599;2981;0
147;18;336;14;9;36;99;3.40;6;2;1;70;0;5097699;187;0
147;18;336;14;9;37;99;3.60;3;1;1;81;0;5097799;263;0
147;18;336;14;9;39;32;4.00;1;1;1;71;0;5097932;317;0
147;18;336;14;9;40;99;4.60;6;2;1;78;0;5098099;382;0
147;18;336;14;9;40;99;4.00;5;2;1;86;0;5098099;1284;0
147;18;336;14;9;41;99;3.40;2;1;1;85;0;5098199;583;0
147;18;336;14;9;43;99;3.40;3;1;1;76;0;5098399;584;0
147;18;336;14;9;45;2;3.60;4;1;1;84;0;5098502;1588;0
147;18;336;14;9;45;98;3.00;3;1;1;73;0;5098598;182;0
147;18;336;14;9;45;99;3.20;6;2;1;75;0;5098599;478;0
147;18;336;14;9;47;16;3.00;2;1;1;80;0;5098716;502;0
147;18;336;14;9;47;44;3.60;3;1;1;78;0;5098744;131;0
147;18;336;14;9;47;74;3.60;6;2;1;74;0;5098774;159;0
147;18;336;14;9;48;10;3.60;3;1;1;81;0;5098810;49;0
147;18;336;14;9;49;4;3.60;2;1;1;81;0;5098904;174;0
147;18;336;14;9;48;99;5.20;7;2;1;74;0;5098899;1471;0
147;18;336;14;9;49;22;3.60;5;2;1;80;0;5098922;806;0
147;18;336;14;9;49;99;3.80;6;2;1;74;0;5098999;207;0
147;18;336;14;9;50;99;3.80;5;2;1;83;0;5099099;160;0
147;18;336;14;9;50;99;4.60;8;2;1;78;0;5099099;1482;0
147;18;336;14;9;51;16;3.80;3;1;1;82;0;5099116;290;0
147;18;336;14;9;51;14;4.00;6;2;1;72;0;5099114;96;0
147;18;336;14;9;51;99;3.80;5;2;1;83;0;5099199;83;0
147;18;336;14;9;51;99;3.80;4;1;1;88;0;5099199;681;0
147;18;336;14;9;52;81;3.40;4;1;1;85;0;5099281;66;0
147;18;336;14;9;53;99;3.60;6;2;1;77;0;5099399;265;0
147;18;336;14;9;53;99;3.40;3;1;1;72;0;5099399;266;0
147;18;336;14;9;54;99;3.60;1;1;1;78;0;5099499;1546;0
147;18;336;14;9;54;16;3.60;4;1;1;86;0;5099416;120;0
147;18;336;14;9;54;21;3.20;6;2;1;76;0;5099421;5;0
147;18;336;14;9;55;99;4.00;3;1;1;78;0;5099599;183;0
147;18;336;14;9;55;99;3.80;6;2;1;74;0;5099599;162;0
147;18;336;14;9;56;99;3.00;2;1;1;73;0;5099699;779;0
147;18;336;14;9;56;99;3.60;6;2;1;76;0;5099699;81;0
147;18;336;14;9;56;99;4.00;3;1;1;84;0;5099699;81;0
147;18;336;14;9;57;80;3.40;3;1;1;78;0;5099780;63;0
147;18;336;14;9;58;6;3.60;6;2;1;77;0;5099806;89;5099399
147;18;336;14;9;59;3;4.40;3;1;1;76;0;5099903;107;5099399
147;18;336;14;10;0;28;3.80;4;1;1;86;0;5100028;596;0
147;18;336;14;10;0;83;3.00;2;1;1;78;0;5100083;369;0
147;18;336;14;10;1;99;3.60;3;1;1;79;0;5100199;275;0
147;18;336;14;10;2;5;4.20;4;1;1;92;0;5100205;161;0
147;18;336;14;10;1;99;3.80;6;2;1;77;0;5100199;376;0
147;18;336;14;10;3;5;3.60;2;1;1;82;0;5100305;208;0
147;18;336;14;10;3;25;3.40;5;2;1;81;0;5100325;1109;0
147;18;336;14;10;3;99;3.80;3;1;1;78;0;5100399;183;0
147;18;336;14;10;3;99;4.00;6;2;1;76;0;5100399;182;0
147;18;336;14;10;4;99;3.80;2;1;1;86;0;5100499;178;0
147;18;336;14;10;4;99;3.60;4;1;1;84;0;5100499;277;0
147;18;336;14;10;4;20;3.80;5;2;1;80;0;5100420;79;0
147;18;336;14;10;5;0;3.60;3;1;1;78;0;5100500;83;0
147;18;336;14;10;5;16;3.60;6;2;1;77;0;5100516;98;0
147;18;336;14;10;6;99;3.00;2;1;1;80;0;5100699;184;0
147;18;336;14;10;6;99;3.80;4;1;1;82;0;5100699;184;0
147;18;336;14;10;6;99;3.40;6;2;1;75;0;5100699;166;0
147;18;336;14;10;6;99;3.60;3;1;1;78;0;5100699;182;0
147;18;336;14;10;7;6;3.80;4;1;1;78;0;5100706;-1;0
147;18;336;14;10;7;52;3.60;3;1;1;78;0;5100752;36;5100199
147;18;336;14;10;7;66;3.80;2;1;1;88;0;5100766;53;5100199
147;18;336;14;10;8;99;3.80;6;2;1;74;0;5100899;183;5100199
147;18;336;14;10;9;99;3.60;6;2;1;79;0;5100999;81;5100199
147;18;336;14;10;9;4;3.80;3;1;1;78;0;5100904;135;5100199
147;18;336;14;10;10;99;2.80;6;2;1;75;0;5101099;83;5100199
147;18;336;14;10;11;5;3.20;3;1;1;72;0;5101105;183;5100199
147;18;336;14;10;11;99;4.00;6;2;1;75;0;5101199;86;5100199
147;18;336;14;10;12;4;3.40;7;2;1;80;0;5101204;2279;0
147;18;336;14;10;12;31;3.20;2;1;1;74;0;5101231;449;0
147;18;336;14;10;13;99;3.20;6;2;1;74;0;5101399;180;5100199
147;18;336;14;10;13;99;3.40;8;2;1;78;0;5101399;2278;0
147;18;336;14;10;14;99;3.80;1;1;1;80;0;5101499;1983;0
147;18;336;14;10;15;11;3.40;3;1;1;75;0;5101511;390;0
147;18;336;14;10;15;54;3.80;6;2;1;87;0;5101554;139;5100199
147;18;336;14;10;17;8;4.00;2;1;1;72;0;5101708;461;0
147;18;336;14;10;18;22;3.40;7;2;1;90;0;5101822;602;0
147;18;336;14;10;18;76;3.80;8;2;1;79;0;5101876;461;0
147;18;336;14;10;18;99;3.60;4;1;1;82;0;5101899;1175;0
147;18;336;14;10;19;18;3.60;3;1;1;74;0;5101918;390;0
147;18;336;14;10;20;9;3.40;6;2;1;80;0;5102009;439;0
147;18;336;14;10;20;21;3.60;3;1;1;72;0;5102021;85;0
147;18;336;14;10;20;41;3.80;5;2;1;85;0;5102041;1603;0
147;18;336;14;10;20;55;3.00;4;1;1;82;0;5102055;140;0
147;18;336;14;10;20;78;3.80;2;1;1;74;0;5102078;350;0
147;18;336;14;10;21;99;3.60;4;1;1;83;0;5102199;130;0
147;18;336;14;10;21;99;3.60;3;1;1;79;0;5102199;160;0
147;18;336;14;10;22;99;3.60;4;1;1;80;0;5102299;84;0
147;18;336;14;10;22;99;4.20;7;2;1;76;0;5102299;463;0
147;18;336;14;10;22;99;4.60;6;2;1;76;0;5102299;274;0
147;18;336;14;10;23;7;4.40;2;1;1;73;0;5102307;210;0
147;18;336;14;10;26;99;4.00;2;1;1;85;0;5102699;370;0
147;18;336;14;10;27;7;3.40;6;2;1;77;0;5102707;386;0
147;18;336;14;10;27;99;3.20;7;2;1;78;0;5102799;480;0
147;18;336;14;10;28;99;6.00;2;1;1;82;0;5102899;183;0
147;18;336;14;10;29;4;3.80;7;2;1;81;0;5102904;90;0
147;18;336;14;10;29;99;3.20;8;2;1;80;0;5102999;1105;0
147;18;336;14;10;31;99;3.80;7;2;1;85;0;5103199;278;0
147;18;336;14;10;31;99;4.00;5;2;1;84;0;5103199;1141;0
147;18;336;14;10;31;99;3.40;6;2;1;79;0;5103199;476;0
147;18;336;14;10;32;15;3.40;3;1;1;76;0;5103215;999;0
147;18;336;14;10;32;99;3.80;7;2;1;80;0;5103299;83;0
147;18;336;14;10;33;13;3.20;5;2;1;84;0;5103313;96;0
147;18;336;14;10;33;94;3.60;3;1;1;75;0;5103394;162;0
147;18;336;14;10;34;16;3.20;7;2;1;83;0;5103416;99;0
147;18;336;14;10;34;99;3.80;5;2;1;85;0;5103499;172;0
147;18;336;14;10;35;12;3.60;4;1;1;76;0;5103512;1196;0
147;18;336;14;10;36;4;3.60;8;2;1;81;0;5103604;590;0
147;18;336;14;10;36;99;3.40;2;1;1;79;0;5103699;773;0
147;18;336;14;10;37;99;3.20;6;2;1;82;0;5103799;584;0
147;18;336;14;10;39;99;3.60;6;2;1;80;0;5103999;185;0
147;18;336;14;10;40;32;3.80;2;1;1;83;0;5104032;317;0
147;18;336;14;10;41;9;3.60;7;2;1;78;0;5104109;679;0
147;18;336;14;10;42;99;3.80;7;2;1;80;0;5104299;173;0
147;18;336;14;10;43;50;3.80;6;2;1;76;0;5104350;334;0
147;18;336;14;10;43;66;3.60;2;1;1;74;0;5104366;317;0
147;18;336;14;10;44;99;3.60;8;2;1;71;0;5104499;879;0
147;18;336;14;10;44;99;4.00;3;1;1;87;0;5104499;1087;0
147;18;336;14;10;45;0;3.40;6;2;1;76;0;5104500;132;0
147;18;336;14;10;45;99;3.20;7;2;1;77;0;5104599;282;0
147;18;336;14;10;46;13;4.00;5;2;1;79;0;5104613;1097;0
147;18;336;14;10;46;80;2.80;6;2;1;74;0;5104680;163;0
147;18;336;14;10;47;0;3.60;4;1;1;83;0;5104700;1170;0
147;18;336;14;10;47;99;3.60;8;2;1;77;0;5104799;281;0
147;18;336;14;10;48;48;3.80;3;1;1;79;0;5104848;332;0
147;18;336;14;10;48;56;3.20;5;2;1;83;0;5104856;224;0
147;18;336;14;10;49;99;3.40;6;2;1;76;0;5104999;305;0
147;18;336;14;10;49;99;3.40;7;2;1;80;0;5104999;385;0
147;18;336;14;10;50;15;3.60;6;2;1;74;0;5105015;-1;0
147;18;336;14;10;51;3;3.60;7;2;1;80;0;5105103;88;0
147;18;336;14;10;51;19;3.60;6;2;1;76;0;5105119;86;0
147;18;336;14;10;51;56;3.80;5;2;1;81;0;5105156;286;0
147;18;336;14;10;52;15;3.80;6;2;1;76;0;5105215;78;0
147;18;336;14;10;52;99;3.60;2;1;1;83;0;5105299;915;0
147;18;336;14;10;54;22;3.80;5;2;1;80;0;5105422;249;0
147;18;336;14;10;54;99;3.00;3;1;1;80;0;5105499;633;0
147;18;336;14;10;55;17;3.60;5;2;1;80;0;5105517;77;0
147;18;336;14;10;55;99;4.20;6;2;1;87;0;5105599;366;0
147;18;336;14;10;55;99;3.20;7;2;1;81;0;5105599;479;0
147;18;336;14;10;56;3;4.20;2;1;1;76;0;5105603;288;0
147;18;336;14;10;56;22;3.40;5;2;1;80;0;5105622;88;0
147;18;336;14;10;56;54;3.80;6;2;1;87;0;5105654;37;0
147;18;336;14;10;57;99;4.00;2;1;1;76;0;5105799;176;0
147;18;336;14;10;58;14;3.40;3;1;1;71;0;5105814;301;0
147;18;336;14;10;58;99;3.00;4;1;1;80;0;5105899;1183;0
147;18;336;14;10;59;10;3.40;4;1;1;84;0;5105910;-1;0
147;18;336;14;10;59;8;3.80;3;1;1;71;0;5105908;76;0
147;18;336;14;10;59;99;5.40;8;2;1;93;0;5105999;1183;0
147;18;336;14;11;0;0;3.60;1;1;1;70;0;5106000;4483;0
147;18;336;14;11;0;9;4.00;6;2;1;77;0;5106009;339;0
147;18;336;14;11;0;99;3.80;7;2;1;83;0;5106099;485;0
147;18;336;14;11;0;99;3.80;2;1;1;72;0;5106099;281;0
147;18;336;14;11;1;10;4.20;6;2;1;76;0;5106110;82;0
147;18;336;14;11;1;30;4.00;5;2;1;79;0;5106130;492;0
147;18;336;14;11;1;99;10.20;3;1;2;75;0;5106199;271;0
147;18;336;14;11;2;99;3.40;3;1;1;76;0;5106299;51;0
147;18;336;14;11;2;99;3.60;7;2;1;80;0;5106299;183;0
147;18;336;14;11;2;99;3.80;8;2;1;85;0;5106299;279;0
147;18;336;14;11;2;99;3.40;6;2;1;80;0;5106299;169;0
147;18;336;14;11;3;7;3.80;2;1;1;77;0;5106307;189;0
147;18;336;14;11;3;8;3.80;5;2;1;87;0;5106308;159;0
147;18;336;14;11;4;0;5.20;2;1;1;79;0;5106400;75;0
147;18;336;14;11;6;18;3.40;2;1;1;74;0;5106618;194;0
147;18;336;14;11;6;51;3.60;1;1;1;84;0;5106651;632;0
147;18;336;14;11;7;3;3.60;3;1;1;78;0;5106703;387;0
147;18;336;14;11;7;99;3.40;2;1;1;72;0;5106799;164;5106099
147;18;336;14;11;8;99;4.00;3;1;1;83;0;5106899;179;5106099
147;18;336;14;11;9;19;3.20;2;1;1;74;0;5106919;103;5106099
147;18;336;14;11;10;99;3.80;2;1;1;73;0;5107099;164;5106099
147;18;336;14;11;12;99;5.60;3;1;1;75;0;5107299;382;0
147;18;336;14;11;13;99;3.80;3;1;1;76;0;5107399;73;0
147;18;336;14;11;14;48;3.60;6;2;1;77;0;5107448;1133;0
147;18;336;14;11;14;89;3.40;2;1;1;78;0;5107489;371;0
147;18;336;14;11;15;25;4.60;6;2;1;81;0;5107525;60;0
147;18;336;14;11;15;99;3.80;1;1;1;78;0;5107599;932;0
147;18;336;14;11;16;99;3.00;7;2;1;77;0;5107699;1383;0
147;18;336;14;11;16;9;3.20;5;2;1;79;0;5107609;1285;0
147;18;336;14;11;17;14;3.20;2;1;1;83;0;5107714;209;0
147;18;336;14;11;17;15;3.40;3;1;1;83;0;5107715;298;0
147;18;336;14;11;17;94;3.80;5;2;1;80;0;5107794;170;0
147;18;336;14;11;17;94;3.60;6;2;1;73;0;5107794;248;0
147;18;336;14;11;17;99;4.00;1;1;1;77;0;5107799;182;0
147;18;336;14;11;17;99;3.60;7;2;1;80;0;5107799;85;0
147;18;336;14;11;18;99;3.80;5;2;1;80;0;5107899;87;0
147;18;336;14;11;18;99;8.80;6;2;2;73;0;5107899;87;0
147;18;336;14;11;18;99;3.60;3;1;1;84;0;5107899;169;0
147;18;336;14;11;19;10;3.60;4;1;1;83;0;5107910;1985;0
147;18;336;14;11;19;51;3.40;7;2;1;81;0;5107951;135;0
147;18;336;14;11;19;66;3.20;8;2;1;81;0;5107966;1650;0
147;18;336;14;11;20;99;2.80;2;1;1;77;0;5108099;371;0
147;18;336;14;11;21;1;3.80;5;2;1;80;0;5108101;184;0
147;18;336;14;11;22;99;3.80;2;1;1;75;0;5108299;186;0
147;18;336;14;11;22;99;3.40;7;2;1;84;0;5108299;332;0
147;18;336;14;11;24;35;3.40;7;2;1;85;0;5108435;121;0
147;18;336;14;11;25;99;4.40;7;2;1;79;0;5108599;149;0
147;18;336;14;11;25;99;3.20;5;2;1;83;0;5108599;480;0
147;18;336;14;11;25;99;3.00;6;2;1;86;0;5108599;656;0
147;18;336;14;11;26;99;3.60;6;2;1;85;0;5108699;87;0
147;18;336;14;11;27;65;3.60;2;1;1;81;0;5108765;447;0
147;18;336;14;11;27;99;3.40;6;2;1;85;0;5108799;84;0
147;18;336;14;11;27;75;12.40;7;2;7;75;0;5108775;155;0
147;18;336;14;11;28;99;4.40;7;2;1;71;0;5108899;64;5108299
147;18;336;14;11;29;72;3.80;6;2;1;76;0;5108972;158;5108299
147;18;336;14;11;30;99;3.20;7;2;1;79;0;5109099;177;5108299
147;18;336;14;11;31;1;4.80;7;2;1;81;0;5109101;-1;5108299
147;18;336;14;11;34;5;3.00;2;1;1;77;0;5109405;624;0
147;18;336;14;11;34;12;3.80;7;2;1;79;0;5109412;289;0
147;18;336;14;11;35;99;3.60;3;1;1;81;0;5109599;1684;0
147;18;336;14;11;35;99;4.80;6;2;1;87;0;5109599;609;0
147;18;336;14;11;35;99;3.40;4;1;1;81;0;5109599;1673;0
147;18;336;14;11;36;99;4.20;7;2;1;86;0;5109699;269;0
147;18;336;14;11;36;6;3.60;2;1;1;76;0;5109606;186;0
147;18;336;14;11;37;66;3.60;2;1;1;76;0;5109766;142;0
147;18;336;14;11;37;87;3.20;5;2;1;87;0;5109787;1174;0
147;18;336;14;11;38;99;3.40;3;1;1;79;0;5109899;284;0
147;18;336;14;11;38;99;3.60;6;2;1;78;0;5109899;280;0
147;18;336;14;11;39;18;3.60;6;2;1;77;0;5109918;2;0
147;18;336;14;11;40;99;3.80;1;1;1;79;0;5110099;2281;0
147;18;336;14;11;40;99;3.60;6;2;1;79;0;5110099;164;0
147;18;336;14;11;41;99;3.40;7;2;1;85;0;5110199;482;0
147;18;336;14;11;43;99;3.80;5;2;1;91;0;5110399;598;0
147;18;336;14;11;45;99;3.20;6;2;1;86;0;5110599;483;0
147;18;336;14;11;45;99;3.40;2;1;1;78;0;5110599;815;0
147;18;336;14;11;46;99;3.60;3;1;1;73;0;5110699;784;0
147;18;336;14;11;47;54;3.60;4;1;1;84;0;5110754;1139;0
147;18;336;14;11;48;99;3.60;2;1;1;84;0;5110899;284;0
147;18;336;14;11;48;99;3.60;3;1;1;76;0;5110899;182;0
147;18;336;14;11;49;99;3.40;6;2;1;77;0;5110999;386;0
147;18;336;14;11;49;24;3.80;2;1;1;80;0;5110924;9;0
147;18;336;14;11;50;67;3.20;7;2;1;83;0;5111067;853;0
147;18;336;14;11;50;65;4.40;3;1;1;83;0;5111065;148;0
147;18;336;14;11;51;27;4.80;3;1;1;87;0;5111127;42;0
147;18;336;14;11;52;36;3.40;4;1;1;87;0;5111236;466;0
147;18;336;14;11;53;99;3.60;6;2;1;79;0;5111399;384;0
147;18;336;14;11;54;99;4.40;2;1;1;79;0;5111499;557;0
147;18;336;14;11;55;95;3.20;4;1;1;83;0;5111595;344;0
147;18;336;14;11;55;93;3.40;6;2;1;70;0;5111593;177;0
147;18;336;14;11;56;18;3.40;2;1;1;85;0;5111618;98;0
147;18;336;14;11;57;40;3.40;3;1;1;71;0;5111740;593;0
147;18;336;14;11;57;45;3.80;4;1;1;80;0;5111745;136;0
147;18;336;14;11;58;15;3.60;6;2;1;77;0;5111815;204;0
147;18;336;14;11;59;2;3.60;6;2;1;72;0;5111902;70;0
147;18;336;14;11;59;99;3.80;7;2;1;79;0;5111999;918;0
147;18;336;14;12;0;90;3.80;6;2;1;74;0;5112090;170;0
147;18;336;14;12;2;99;3.40;6;2;1;74;0;5112299;190;0
147;18;336;14;12;2;99;3.00;2;1;1;75;0;5112299;666;0
147;18;336;14;12;3;99;3.20;2;1;1;79;0;5112399;85;0
147;18;336;14;12;4;99;3.60;2;1;1;75;0;5112499;85;0
147;18;336;14;12;6;99;3.40;6;2;1;77;0;5112699;383;0
147;18;336;14;12;6;99;3.80;8;2;1;78;0;5112699;4718;0
147;18;336;14;12;6;99;8.20;2;1;6;68;0;5112699;182;0
147;18;336;14;12;7;28;3.20;3;1;1;80;0;5112728;970;0
147;18;336;14;12;7;99;3.40;1;1;1;70;0;5112799;2682;0
147;18;336;14;12;7;99;3.60;4;1;1;81;0;5112799;1036;0
147;18;336;14;12;7;17;3.40;2;1;1;67;0;5112717;-1;5112299
147;18;336;14;12;8;94;3.60;3;1;1;76;0;5112894;151;5112299
147;18;336;14;12;9;7;3.00;4;1;1;78;0;5112907;92;5112299
147;18;336;14;12;9;99;3.80;8;2;1;82;0;5112999;282;0
147;18;336;14;12;9;99;4.00;2;1;1;71;0;5112999;263;0
147;18;336;14;12;9;99;3.20;3;1;1;74;0;5112999;87;0
147;18;336;14;12;10;22;3.80;4;1;1;78;0;5113022;101;0
147;18;336;14;12;10;55;3.00;6;2;1;79;0;5113055;340;0
147;18;336;14;12;11;99;4.20;3;1;1;75;0;5113199;184;0
147;18;336;14;12;12;99;3.80;5;2;1;78;0;5113299;2884;0
147;18;336;14;12;12;16;3.80;7;2;1;78;0;5113216;1199;0
147;18;336;14;12;13;17;3.40;4;1;1;78;0;5113317;277;0
147;18;336;14;12;13;92;4.00;3;1;1;72;0;5113392;172;5112728
147;18;336;14;12;13;99;3.60;5;2;1;82;0;5113399;82;5112728
147;18;336;14;12;14;19;3.40;6;2;1;78;0;5113419;350;0
147;18;336;14;12;14;99;4.00;4;1;1;79;0;5113499;166;0
147;18;336;14;12;15;99;3.60;3;1;1;74;0;5113599;187;5112728
147;18;336;14;12;15;53;3.80;4;1;1;83;0;5113553;35;5112728
147;18;336;14;12;16;99;3.80;3;1;1;73;0;5113699;82;5112728
147;18;336;14;12;17;2;3.80;4;1;1;83;0;5113702;132;5112728
147;18;336;14;12;17;99;3.60;6;2;1;73;0;5113799;364;0
147;18;336;14;12;18;66;3.60;5;2;1;86;0;5113866;451;0
147;18;336;14;12;18;68;3.60;3;1;1;71;0;5113868;150;5112728
147;18;336;14;12;18;88;4.00;2;1;1;76;0;5113888;868;0
147;18;336;14;12;19;99;3.60;7;2;1;81;0;5113999;765;0
147;18;336;14;12;19;99;3.40;6;2;1;72;0;5113999;182;0
147;18;336;14;12;19;99;3.40;3;1;1;75;0;5113999;112;5112728
147;18;336;14;12;19;99;3.60;2;1;1;77;0;5113999;92;5112728
147;18;336;14;12;20;14;3.80;7;2;1;79;0;5114014;-1;5112728
147;18;336;14;12;20;53;3.40;3;1;1;74;0;5114053;37;5112728
147;18;336;14;12;21;14;3.80;7;2;1;80;0;5114114;82;5112728
147;18;336;14;12;21;13;3.40;2;1;1;72;0;5114113;97;5112728
147;18;336;14;12;21;99;3.80;1;1;1;76;0;5114199;1382;0
147;18;336;14;12;22;99;3.60;8;2;1;83;0;5114299;1283;0
147;18;336;14;12;22;99;3.40;6;2;1;80;0;5114299;283;0
147;18;336;14;12;23;0;3.20;3;1;1;81;0;5114300;230;0
147;18;336;14;12;23;44;3.80;2;1;1;78;0;5114344;214;0
147;18;336;14;12;23;92;3.60;6;2;1;82;0;5114392;77;0
147;18;336;14;12;25;7;3.60;7;2;1;83;0;5114507;375;0
147;18;336;14;12;27;99;3.80;2;1;1;73;0;5114799;437;0
147;18;336;14;12;27;99;7.20;4;1;2;86;0;5114799;1080;0
147;18;336;14;12;28;68;2.80;2;1;1;75;0;5114868;50;0
147;18;336;14;12;29;99;4.40;3;1;1;67;0;5114999;684;0
147;18;336;14;12;30;17;3.60;2;1;1;77;0;5115017;135;0
147;18;336;14;12;31;14;3.60;6;2;1;78;0;5115114;706;0
147;18;336;14;12;31;95;3.60;5;2;1;85;0;5115195;1313;0
147;18;336;14;12;31;99;3.80;4;1;1;88;0;5115199;369;0
147;18;336;14;12;32;5;3.80;1;1;1;76;0;5115205;988;0
147;18;336;14;12;32;99;3.20;1;1;1;77;0;5115299;76;0
147;18;336;14;12;33;20;3.20;7;2;1;76;0;5115320;797;0
147;18;336;14;12;34;7;3.80;8;2;1;78;0;5115407;1092;0
147;18;336;14;12;36;16;3.60;6;2;1;88;0;5115616;485;0
147;18;336;14;12;38;60;3.60;3;1;1;76;0;5115860;837;0
147;18;336;14;12;39;99;4.00;4;1;1;79;0;5115999;784;0
147;18;336;14;12;41;61;3.00;3;1;1;69;0;5116161;283;0
147;18;336;14;12;41;94;4.00;6;2;1;95;0;5116194;563;0
147;18;336;14;12;42;99;3.60;2;1;1;77;0;5116299;1265;0
147;18;336;14;12;43;99;4.00;5;2;1;80;0;5116399;1188;0
147;18;336;14;12;43;5;3.60;2;1;1;79;0;5116305;-1;0
147;18;336;14;12;45;22;3.80;3;1;1;78;0;5116522;345;0
147;18;336;14;12;45;99;4.00;5;2;1;87;0;5116599;182;0
147;18;336;14;12;45;99;3.60;6;2;1;72;0;5116599;389;0
147;18;336;14;12;45;99;3.40;2;1;1;79;0;5116599;277;0
147;18;336;14;12;46;18;3.80;5;2;1;82;0;5116618;2;0
147;18;336;14;12;46;82;3.80;7;2;1;71;0;5116682;1346;0
147;18;336;14;12;47;13;3.60;5;2;1;84;0;5116713;78;0
147;18;336;14;12;47;27;3.00;6;2;1;78;0;5116727;110;0
147;18;336;14;12;47;99;3.80;4;1;1;82;0;5116799;781;0
147;18;336;14;12;47;99;3.80;2;1;1;75;0;5116799;184;0
147;18;336;14;12;49;99;2.80;6;2;1;71;0;5116999;258;0
147;18;336;14;12;49;99;7.20;3;1;6;76;0;5116999;459;0
147;18;336;14;12;50;99;3.40;4;1;1;80;0;5117099;283;0
147;18;336;14;12;52;99;3.60;6;2;1;81;0;5117299;285;0
147;18;336;14;12;52;99;3.20;5;2;1;79;0;5117299;570;0
147;18;336;14;12;53;25;3.60;3;1;1;80;0;5117325;291;0
147;18;336;14;12;54;99;3.40;2;1;1;80;0;5117499;681;0
147;18;336;14;12;54;99;3.60;4;1;1;83;0;5117499;384;0
147;18;336;14;12;55;99;3.20;6;2;1;74;0;5117599;284;0
147;18;336;14;12;55;99;3.80;2;1;1;73;0;5117599;84;0
147;18;336;14;12;56;73;3.40;2;1;1;70;0;5117673;55;0
147;18;336;14;12;57;19;3.80;4;1;1;79;0;5117719;204;0
147;18;336;14;12;57;99;3.20;5;2;1;81;0;5117799;485;0
147;18;336;14;12;57;99;3.00;3;1;1;77;0;5117799;457;0
147;18;336;14;12;57;99;3.60;6;2;1;75;0;5117799;184;0
147;18;336;14;12;57;99;3.40;2;1;1;69;0;5117799;108;0
147;18;336;14;12;58;99;3.60;5;2;1;80;0;5117899;85;0
147;18;336;14;12;59;53;3.60;3;1;1;78;0;5117953;139;0
147;18;336;14;12;59;90;3.40;6;2;1;75;0;5117990;173;0
147;18;336;14;13;0;99;3.80;3;1;1;80;0;5118099;129;0
147;18;336;14;13;1;10;3.80;4;1;1;81;0;5118110;373;0
147;18;336;14;13;1;17;3.40;2;1;1;75;0;5118117;300;0
147;18;336;14;13;1;31;3.60;3;1;1;79;0;5118131;14;0
147;18;336;14;13;2;10;3.40;6;2;1;72;0;5118210;203;0
147;18;336;14;13;3;99;3.60;4;1;1;81;0;5118399;272;0
147;18;336;14;13;4;6;3.80;3;1;1;78;0;5118406;258;0
147;18;336;14;13;4;15;4.00;5;2;1;83;0;5118415;499;0
147;18;336;14;13;4;74;3.40;6;2;1;69;0;5118474;247;0
147;18;336;14;13;5;11;3.80;8;2;1;78;0;5118511;3086;0
147;18;336;14;13;5;99;3.80;1;1;1;79;0;5118599;3285;0
147;18;336;14;13;5;99;3.80;6;2;1;64;0;5118599;107;0
147;18;336;14;13;7;13;3.60;2;1;1;72;0;5118713;579;0
147;18;336;14;13;7;91;2.80;6;2;1;63;0;5118791;170;0
147;18;336;14;13;7;99;3.60;5;2;1;80;0;5118799;366;0
147;18;336;14;13;7;99;3.80;2;1;1;72;0;5118799;68;0
147;18;336;14;13;8;20;4.00;8;2;1;80;0;5118820;291;0
147;18;336;14;13;8;99;3.40;4;1;1;79;0;5118899;484;0
147;18;336;14;13;8;99;3.20;2;1;1;72;0;5118899;81;0
147;18;336;14;13;8;99;4.40;3;1;1;81;0;5118899;475;0
147;18;336;14;13;9;9;3.20;6;2;1;70;0;5118909;102;0
147;18;336;14;13;9;59;3.80;7;2;1;82;0;5118959;2257;0
147;18;336;14;13;9;68;3.00;5;2;1;84;0;5118968;152;0
147;18;336;14;13;10;99;3.40;2;1;1;70;0;5119099;184;0
147;18;336;14;13;12;18;3.60;6;2;1;78;0;5119218;292;0
147;18;336;14;13;12;34;3.20;4;1;1;85;0;5119234;319;0
147;18;336;14;13;12;72;3.00;1;1;1;69;0;5119272;655;0
147;18;336;14;13;11;60;7.80;7;2;1;51;0;5119160;184;0
147;18;336;14;13;14;6;3.40;2;1;1;74;0;5119406;289;0
147;18;336;14;13;14;14;3.20;3;1;1;71;0;5119414;495;0
147;18;336;14;13;15;13;3.60;2;1;1;74;0;5119513;90;0
147;18;336;14;13;15;99;4.00;6;2;1;79;0;5119599;364;0
147;18;336;14;13;16;99;3.60;4;1;1;78;0;5119699;451;0
147;18;336;14;13;16;99;3.40;8;2;1;83;0;5119699;861;0
147;18;336;14;13;16;5;3.80;3;1;1;73;0;5119605;174;0
147;18;336;14;13;16;13;3.80;6;2;1;83;0;5119613;-1;0
147;18;336;14;13;17;99;3.00;2;1;1;74;0;5119799;268;0
147;18;336;14;13;18;99;3.40;6;2;1;87;0;5119899;269;0
147;18;336;14;13;19;2;3.60;2;1;1;75;0;5119902;88;0
147;18;336;14;13;20;99;3.60;2;1;1;73;0;5120099;179;0
147;18;336;14;13;21;10;3.60;7;2;1;91;0;5120110;894;0
147;18;336;14;13;24;55;3.40;6;2;1;68;0;5120455;541;0
147;18;336;14;13;29;99;3.80;7;2;1;78;0;5120999;874;0
147;18;336;14;13;29;9;3.80;3;1;1;80;0;5120909;1285;0
147;18;336;14;13;30;13;3.80;8;2;1;80;0;5121013;1299;0
147;18;336;14;13;31;99;3.60;3;1;1;81;0;5121199;272;0
147;18;336;14;13;32;55;3.00;2;1;1;78;0;5121255;1138;0
147;18;336;14;13;32;67;8.80;7;2;2;81;0;5121267;250;0
147;18;336;14;13;33;99;3.60;6;2;1;76;0;5121399;926;0
147;18;336;14;13;33;99;3.40;4;1;1;80;0;5121399;1683;0
147;18;336;14;13;34;99;3.60;7;2;1;86;0;5121499;192;0
147;18;336;14;13;34;99;3.80;1;1;1;78;0;5121499;2211;0
147;18;336;14;13;35;6;3.60;3;1;1;87;0;5121506;291;0
147;18;336;14;13;36;12;3.40;8;2;1;80;0;5121612;581;0
147;18;336;14;13;36;99;3.80;3;1;1;79;0;5121699;178;0
147;18;336;14;13;36;99;3.60;1;1;1;85;0;5121699;182;0
147;18;336;14;13;36;99;3.60;7;2;1;90;0;5121699;184;0
147;18;336;14;13;37;11;3.40;6;2;1;82;0;5121711;294;0
147;18;336;14;13;37;46;5.20;2;1;1;83;0;5121746;477;0
147;18;336;14;13;37;75;3.20;4;1;1;84;0;5121775;360;0
147;18;336;14;13;38;99;3.60;4;1;1;83;0;5121899;110;0
147;18;336;14;13;39;17;3.40;1;1;1;82;0;5121917;202;0
147;18;336;14;13;39;99;4.40;6;2;1;81;0;5121999;273;0
147;18;336;14;13;39;99;3.80;3;1;1;80;0;5121999;282;0
147;18;336;14;13;41;99;3.60;6;2;1;79;0;5122199;180;0
147;18;336;14;13;41;99;3.60;3;1;1;78;0;5122199;182;0
147;18;336;14;13;42;24;3.60;8;2;1;79;0;5122224;596;0
147;18;336;14;13;42;25;3.80;6;2;1;76;0;5122225;9;0
147;18;336;14;13;42;51;3.40;3;1;1;76;0;5122251;35;0
147;18;336;14;13;43;6;3.40;5;2;1;87;0;5122306;3325;0
147;18;336;14;13;44;9;3.80;5;2;1;84;0;5122409;88;0
147;18;336;14;13;44;99;3.40;6;2;1;80;0;5122499;256;0
147;18;336;14;13;44;99;3.80;2;1;1;84;0;5122499;730;0
147;18;336;14;13;46;99;3.40;3;1;1;75;0;5122699;431;0
147;18;336;14;13;46;99;3.60;5;2;1;89;0;5122699;273;0
147;18;336;14;13;47;8;3.60;2;1;1;80;0;5122708;192;0
147;18;336;14;13;47;11;4.60;3;1;1;76;0;5122711;-1;0
147;18;336;14;13;47;33;3.60;5;2;1;90;0;5122733;19;0
147;18;336;14;13;47;36;4.20;6;2;1;100;0;5122736;221;0
147;18;336;14;13;48;99;3.40;2;1;1;79;0;5122899;174;0
147;18;336;14;13;48;99;3.80;4;1;1;79;0;5122899;984;0
147;18;336;14;13;49;99;3.20;3;1;1;82;0;5122999;266;0
147;18;336;14;13;49;99;3.40;2;1;1;75;0;5122999;84;0
147;18;336;14;13;49;99;3.60;7;2;1;80;0;5122999;1285;0
147;18;336;14;13;50;2;3.40;4;1;1;81;0;5123002;85;0
147;18;336;14;13;50;2;3.80;6;2;1;79;0;5123002;250;0
147;18;336;14;13;50;73;3.60;5;2;1;84;0;5123073;325;0
147;18;336;14;13;52;99;3.80;5;2;1;82;0;5123299;210;0
147;18;336;14;13;52;22;3.60;3;1;1;78;0;5123222;208;0
147;18;336;14;13;52;25;3.60;2;1;1;70;0;5123225;209;0
147;18;336;14;13;53;15;4.00;4;1;1;88;0;5123315;297;0
147;18;336;14;13;53;99;3.40;7;2;1;80;0;5123399;383;0
147;18;336;14;13;54;10;3.20;3;1;1;80;0;5123410;171;0
147;18;336;14;13;54;20;4.00;5;2;1;87;0;5123420;104;0
147;18;336;14;13;54;99;3.80;2;1;1;75;0;5123499;255;0
147;18;336;14;13;54;99;8.60;7;2;2;57;0;5123499;84;0
147;18;336;14;13;56;6;3.20;3;1;1;80;0;5123606;181;0
147;18;336;14;13;56;2;4.00;2;1;1;76;0;5123602;84;0
147;18;336;14;13;57;99;3.40;6;2;1;76;0;5123799;779;0
147;18;336;14;13;57;99;3.40;2;1;1;75;0;5123799;178;0
147;18;336;14;13;59;12;4.00;5;2;1;84;0;5123912;475;0
147;18;336;14;13;59;99;3.40;6;2;1;77;0;5123999;183;0
147;18;336;14;14;1;16;3.80;6;2;1;81;0;5124116;101;0
147;18;336;14;14;2;99;4.40;7;2;1;73;0;5124299;745;0
147;18;336;14;14;3;69;3.20;6;2;1;79;0;5124369;236;0
147;18;336;14;14;4;21;3.80;1;1;1;88;0;5124421;2489;0
147;18;336;14;14;4;99;3.40;6;2;1;78;0;5124499;115;0
147;18;336;14;14;4;99;3.60;7;2;1;78;0;5124499;178;0
147;18;336;14;14;5;14;3.80;5;2;1;79;0;5124514;584;0
147;18;336;14;14;6;17;3.80;3;1;1;75;0;5124617;996;0
147;18;336;14;14;6;93;3.60;6;2;1;77;0;5124693;178;0
147;18;336;14;14;7;99;3.40;3;1;1;74;0;5124799;163;0
147;18;336;14;14;7;99;3.40;2;1;1;78;0;5124799;983;0
147;18;336;14;14;7;0;3.80;6;2;1;87;0;5124700;-1;0
147;18;336;14;14;7;1;3.80;5;2;1;83;0;5124701;169;0
147;18;336;14;14;8;75;4.00;3;1;1;75;0;5124875;59;0
147;18;336;14;14;8;96;3.20;5;2;1;87;0;5124896;178;0
147;18;336;14;14;9;99;3.60;2;1;1;77;0;5124999;184;0
147;18;336;14;14;9;99;3.80;4;1;1;86;0;5124999;1667;0
147;18;336;14;14;10;39;2.80;3;1;1;76;0;5125039;144;0
147;18;336;14;14;11;99;3.60;4;1;1;88;0;5125199;184;0
147;18;336;14;14;12;99;3.80;3;1;1;76;0;5125299;246;0
147;18;336;14;14;12;99;3.40;6;2;1;76;0;5125299;583;0
147;18;336;14;14;13;65;3.60;2;1;1;81;0;5125365;349;0
147;18;336;14;14;15;99;3.60;6;2;1;85;0;5125599;283;0
147;18;336;14;14;15;99;3.60;3;1;1;73;0;5125599;282;0
147;18;336;14;14;13;8;4.20;7;2;1;13;0;5125308;792;0
147;18;336;14;14;16;99;3.40;6;2;1;81;0;5125699;84;0
147;18;336;14;14;17;99;3.60;6;2;1;81;0;5125799;84;0
147;18;336;14;14;17;99;3.80;2;1;1;74;0;5125799;418;0
147;18;336;14;14;18;16;3.60;5;2;1;85;0;5125816;906;0
147;18;336;14;14;18;50;4.00;4;1;1;90;0;5125850;636;0
147;18;336;14;14;18;61;3.80;1;1;1;90;0;5125861;1424;0
147;18;336;14;14;20;6;4.00;2;1;1;74;0;5126006;188;0
147;18;336;14;14;21;69;3.80;6;2;1;86;0;5126169;354;0
147;18;336;14;14;22;5;3.60;2;1;1;85;0;5126205;179;0
147;18;336;14;14;22;99;3.60;3;1;1;77;0;5126299;682;0
147;18;336;14;14;24;3;3.40;6;2;1;77;0;5126403;218;0
147;18;336;14;14;24;15;3.40;3;1;1;77;0;5126415;99;0
147;18;336;14;14;26;94;4.00;5;2;1;85;0;5126694;862;0
147;18;336;14;14;27;15;3.20;6;2;1;80;0;5126715;296;0
147;18;336;14;14;30;99;3.40;2;1;1;75;0;5127099;878;0
147;18;336;14;14;30;99;4.00;5;2;1;81;0;5127099;388;0
147;18;336;14;14;30;99;4.60;4;1;1;83;0;5127099;1233;0
147;18;336;14;14;30;99;4.00;6;2;1;79;0;5127099;369;0
147;18;336;14;14;31;67;3.20;3;1;1;78;0;5127167;736;0
147;18;336;14;14;32;99;3.40;6;2;1;81;0;5127299;181;0
147;18;336;14;14;33;99;7.40;2;1;6;77;0;5127399;283;0
147;18;336;14;14;35;26;3.40;3;1;1;82;0;5127526;344;0
147;18;336;14;14;36;5;3.60;6;2;1;79;0;5127605;290;0
147;18;336;14;14;37;99;3.40;2;1;1;71;0;5127799;365;0
147;18;336;14;14;37;99;3.40;6;2;1;77;0;5127799;177;0
147;18;336;14;14;38;12;5.20;3;1;1;75;0;5127812;271;0
147;18;336;14;14;39;73;3.80;7;2;1;83;0;5127973;2548;0
147;18;336;14;14;39;99;3.80;6;2;1;77;0;5127999;184;0
147;18;336;14;14;40;99;3.40;8;2;1;84;0;5128099;5858;0
147;18;336;14;14;41;69;3.60;4;1;1;81;0;5128169;1050;0
147;18;336;14;14;42;5;3.80;5;2;1;102;0;5128205;1088;0
147;18;336;14;14;42;20;3.80;2;1;1;77;0;5128220;403;0
147;18;336;14;14;42;99;4.00;7;2;1;83;0;5128299;309;0
147;18;336;14;14;43;99;3.80;4;1;1;81;0;5128399;214;0
147;18;336;14;14;43;0;3.80;5;2;1;97;0;5128300;81;0
147;18;336;14;14;43;3;3.60;7;2;1;85;0;5128303;-1;0
147;18;336;14;14;44;99;3.00;6;2;1;81;0;5128499;482;0
147;18;336;14;14;45;99;3.40;3;1;1;71;0;5128599;762;0
147;18;336;14;14;46;52;3.60;7;2;1;94;0;5128652;333;0
147;18;336;14;14;47;99;3.60;4;1;1;80;0;5128799;383;0
147;18;336;14;14;47;99;3.40;3;1;1;73;0;5128799;182;0
147;18;336;14;14;48;99;3.60;4;1;1;81;0;5128899;83;0
147;18;336;14;14;49;85;3.60;3;1;1;71;0;5128985;169;0
147;18;336;14;14;50;99;3.80;6;2;1;82;0;5129099;586;0
147;18;336;14;14;50;99;4.20;2;1;1;74;0;5129099;861;0
147;18;336;14;14;51;99;3.60;3;1;1;80;0;5129199;195;0
147;18;336;14;14;51;45;3.60;6;2;1;85;0;5129145;29;0
147;18;336;14;14;51;40;3.40;2;1;1;71;0;5129140;20;0
147;18;336;14;14;53;5;3.40;2;1;1;76;0;5129305;147;0
147;18;336;14;14;53;99;4.00;7;2;1;79;0;5129399;733;0
147;18;336;14;14;53;99;5.80;3;1;1;72;0;5129399;183;5128599
147;18;336;14;14;54;8;3.80;8;2;1;83;0;5129408;1294;0
147;18;336;14;14;54;39;3.40;4;1;1;83;0;5129439;524;0
147;18;336;14;14;55;18;3.60;4;1;1;79;0;5129518;64;0
147;18;336;14;14;55;99;3.20;3;1;1;73;0;5129599;171;5128599
147;18;336;14;14;55;99;3.80;5;2;1;81;0;5129599;1284;0
147;18;336;14;14;55;99;3.60;6;2;1;81;0;5129599;438;0
147;18;336;14;14;56;99;3.40;4;1;1;79;0;5129699;164;0
147;18;336;14;14;57;7;4.20;3;1;1;74;0;5129707;92;5128599
147;18;336;14;14;57;99;3.60;2;1;1;76;0;5129799;477;0
147;18;336;14;14;58;99;3.80;3;1;1;78;0;5129899;171;5128599
147;18;336;14;14;59;20;3.80;1;1;1;79;0;5129920;4043;0
147;18;336;14;15;0;99;3.80;3;1;1;81;0;5130099;182;5128599
147;18;336;14;15;1;8;4.40;3;1;1;75;0;5130108;-1;5128599
147;18;336;14;15;1;99;3.60;4;1;1;85;0;5130199;484;0
147;18;336;14;15;2;74;3.80;7;2;1;80;0;5130274;856;0
147;18;336;14;15;3;13;4.60;3;1;1;79;0;5130313;183;5128599
147;18;336;14;15;3;19;3.40;6;2;1;74;0;5130319;704;0
147;18;336;14;15;3;99;3.80;4;1;1;81;0;5130399;184;0
147;18;336;14;15;4;59;3.60;2;1;1;75;0;5130459;642;0
147;18;336;14;15;4;62;3.60;6;2;1;73;0;5130462;126;0
147;18;336;14;15;5;99;3.00;5;2;1;74;0;5130599;983;0
147;18;336;14;15;5;99;3.40;1;1;1;76;0;5130599;661;0
147;18;336;14;15;6;99;3.40;2;1;1;78;0;5130699;222;0
147;18;336;14;15;7;15;3.60;6;2;1;74;0;5130715;235;0
147;18;336;14;15;7;99;3.00;3;1;1;78;0;5130799;465;0
147;18;336;14;15;8;99;3.60;4;1;1;88;0;5130899;483;0
147;18;336;14;15;8;99;3.60;6;2;1;74;0;5130899;166;0
147;18;336;14;15;9;35;3.40;3;1;1;76;0;5130935;122;0
147;18;336;14;15;9;57;3.60;6;2;1;72;0;5130957;40;0
147;18;336;14;15;10;98;3.60;5;2;1;80;0;5131098;484;0
147;18;336;14;15;9;97;7.20;7;2;1;73;0;5130997;705;0
147;18;336;14;15;10;99;3.80;8;2;1;75;0;5131099;1674;0
147;18;336;14;15;11;99;3.80;5;2;1;83;0;5131199;84;0
147;18;336;14;15;11;99;3.00;7;2;1;79;0;5131199;166;0
147;18;336;14;15;12;6;4.00;6;2;1;75;0;5131206;231;0
147;18;336;14;15;12;47;3.20;2;1;1;64;0;5131247;532;0
147;18;336;14;15;12;90;3.20;5;2;1;79;0;5131290;74;0
147;18;336;14;15;13;2;3.40;6;2;1;73;0;5131302;76;0
147;18;336;14;15;13;16;4.60;7;2;1;76;0;5131316;103;0
147;18;336;14;15;13;99;3.80;5;2;1;80;0;5131399;94;0
147;18;336;14;15;14;2;3.60;8;2;1;76;0;5131402;284;0
147;18;336;14;15;14;99;3.60;7;2;1;80;0;5131499;161;0
147;18;336;14;15;14;25;3.60;5;2;1;84;0;5131425;8;5131098
147;18;336;14;15;15;99;3.80;4;1;1;79;0;5131599;685;0
147;18;336;14;15;16;29;3.60;6;2;1;84;0;5131629;310;0
147;18;336;14;15;16;99;3.40;2;1;1;69;0;5131699;434;0
147;18;336;14;15;17;17;3.60;3;1;1;69;0;5131717;765;0
147;18;336;14;15;18;99;3.20;2;1;1;79;0;5131899;182;0
147;18;336;14;15;18;99;3.80;4;1;1;76;0;5131899;282;0
147;18;336;14;15;18;99;3.00;6;2;1;82;0;5131899;254;0
147;18;336;14;15;19;99;3.40;3;1;1;75;0;5131999;263;0
147;18;336;14;15;20;86;3.40;2;1;1;77;0;5132086;172;0
147;18;336;14;15;20;99;3.80;6;2;1;80;0;5132099;186;0
147;18;336;14;15;21;99;4.20;3;1;1;83;0;5132199;183;0
147;18;336;14;15;22;16;3.60;2;1;1;79;0;5132216;114;0
147;18;336;14;15;23;99;3.60;2;1;1;78;0;5132399;166;5131699
147;18;336;14;15;24;99;3.40;1;1;1;75;0;5132499;1883;0
147;18;336;14;15;24;99;4.20;3;1;1;84;0;5132499;281;0
147;18;336;14;15;24;99;3.40;7;2;1;92;0;5132499;983;0
147;18;336;14;15;25;1;5.60;3;1;1;83;0;5132501;-1;0
147;18;336;14;15;25;75;3.60;6;2;1;78;0;5132575;458;0
147;18;336;14;15;25;99;3.40;1;1;1;84;0;5132599;83;0
147;18;336;14;15;26;99;3.20;3;1;1;80;0;5132699;173;0
147;18;336;14;15;27;5;3.60;6;2;1;78;0;5132705;113;0
147;18;336;14;15;27;7;3.80;1;1;1;81;0;5132707;93;0
147;18;336;14;15;28;99;3.80;3;1;1;73;0;5132899;185;0
147;18;336;14;15;29;23;3.60;3;1;1;81;0;5132923;5;5131999
147;18;336;14;15;29;99;3.00;2;1;1;77;0;5132999;583;0
147;18;336;14;15;31;99;3.40;2;1;1;75;0;5133199;185;0
147;18;336;14;15;32;24;3.60;1;1;1;71;0;5133224;500;0
147;18;336;14;15;33;12;3.60;3;1;1;79;0;5133312;373;0
147;18;336;14;15;33;92;3.80;6;2;1;69;0;5133392;670;0
147;18;336;14;15;33;99;3.60;1;1;1;70;0;5133399;156;0
147;18;336;14;15;34;16;3.40;2;1;1;73;0;5133416;200;0
147;18;336;14;15;34;99;3.40;6;2;1;68;0;5133499;87;0
147;18;336;14;15;35;99;3.80;5;2;1;78;0;5133599;2158;0
147;18;336;14;15;35;99;3.20;2;1;1;71;0;5133599;166;0
147;18;336;14;15;36;99;3.80;5;2;1;103;0;5133699;82;0
147;18;336;14;15;37;28;3.40;4;1;1;82;0;5133728;1811;0
147;18;336;14;15;38;6;3.40;5;2;1;98;0;5133806;93;0
147;18;336;14;15;37;34;3.80;1;1;1;70;0;5133734;316;0
147;18;336;14;15;37;45;4.20;8;2;1;80;0;5133745;2325;0
147;18;336;14;15;38;99;3.40;3;1;1;84;0;5133899;570;0
147;18;336;14;15;39;0;3.60;6;2;1;76;0;5133900;383;0
147;18;336;14;15;40;36;3.80;5;2;1;90;0;5134036;217;0
147;18;336;14;15;40;67;3.60;4;1;1;88;0;5134067;324;0
147;18;336;14;15;40;76;3.60;2;1;1;82;0;5134076;460;0
147;18;336;14;15;41;99;3.80;8;2;1;87;0;5134199;435;0
147;18;336;14;15;42;99;3.40;6;2;1;77;0;5134299;381;0
147;18;336;14;15;42;13;3.80;4;1;1;85;0;5134213;131;0
147;18;336;14;15;44;99;3.60;2;1;1;82;0;5134499;407;0
147;18;336;14;15;44;99;3.40;6;2;1;78;0;5134499;184;0
147;18;336;14;15;44;99;3.60;3;1;1;75;0;5134499;585;0
147;18;336;14;15;45;46;3.20;5;2;1;80;0;5134546;494;0
147;18;336;14;15;46;12;3.60;2;1;1;82;0;5134612;97;0
147;18;336;14;15;46;99;3.80;6;2;1;79;0;5134699;184;0
147;18;336;14;15;47;99;3.40;3;1;1;82;0;5134799;282;0
147;18;336;14;15;47;21;3.40;4;1;1;84;0;5134721;491;0
147;18;336;14;15;48;72;3.60;3;1;1;83;0;5134872;58;0
147;18;336;14;15;48;72;3.60;2;1;1;77;0;5134872;244;0
147;18;336;14;15;49;99;3.80;7;2;1;75;0;5134999;2486;0
147;18;336;14;15;49;99;3.40;6;2;1;80;0;5134999;282;0
147;18;336;14;15;49;99;3.20;8;2;1;68;0;5134999;784;0
147;18;336;14;15;49;99;3.60;1;1;1;75;0;5134999;1245;0
147;18;336;14;15;50;99;3.60;5;2;1;80;0;5135099;538;0
147;18;336;14;15;50;12;3.60;7;2;1;77;0;5135012;-1;0
147;18;336;14;15;50;61;3.40;3;1;1;80;0;5135061;173;0
147;18;336;14;15;51;99;4.00;6;2;1;78;0;5135199;184;0
147;18;336;14;15;52;99;3.20;7;2;1;79;0;5135299;270;0
147;18;336;14;15;52;99;3.80;3;1;1;78;0;5135299;222;0
147;18;336;14;15;53;71;3.40;7;2;1;75;0;5135371;57;0
147;18;336;14;15;55;19;4.00;7;2;1;77;0;5135519;131;0
147;18;336;14;15;56;86;3.60;3;1;1;76;0;5135686;369;0
147;18;336;14;15;58;10;3.40;6;2;1;85;0;5135810;592;0
147;18;336;14;15;58;67;3.80;3;1;1;80;0;5135867;163;0
147;18;336;14;15;59;99;4.20;7;2;1;88;0;5135999;461;0
147;18;336;14;16;0;31;3.60;8;2;1;81;0;5136031;1015;0
147;18;336;14;16;0;41;3.60;7;2;1;79;0;5136041;24;0
147;18;336;14;16;1;99;3.40;5;2;1;83;0;5136199;1083;0
147;18;336;14;16;1;99;3.60;6;2;1;81;0;5136199;374;0
147;18;336;14;16;2;99;3.60;4;1;1;76;0;5136299;1563;0
147;18;336;14;16;4;99;3.60;2;1;1;89;0;5136499;1610;0
147;18;336;14;16;4;99;3.60;6;2;1;78;0;5136499;284;0
147;18;336;14;16;4;99;4.20;3;1;1;80;0;5136499;614;0
147;18;336;14;16;4;99;3.80;4;1;1;77;0;5136499;182;0
147;18;336;14;16;5;9;3.60;7;2;1;82;0;5136509;451;0
147;18;336;14;16;5;19;3.00;6;2;1;82;0;5136519;3;0
147;18;336;14;16;6;99;4.00;5;2;1;85;0;5136699;485;0
147;18;336;14;16;6;99;4.60;6;2;1;75;0;5136699;166;0
147;18;336;14;16;7;23;3.60;3;1;1;84;0;5136723;205;0
147;18;336;14;16;7;28;3.60;7;2;1;82;0;5136728;203;0
147;18;336;14;16;8;28;3.80;4;1;1;84;0;5136828;311;0
147;18;336;14;16;8;37;3.80;1;1;1;93;0;5136837;1820;0
147;18;336;14;16;9;19;3.60;2;1;1;77;0;5136919;405;0
147;18;336;14;16;9;99;3.80;7;2;1;80;0;5136999;255;0
147;18;336;14;16;9;99;5.20;8;2;1;75;0;5136999;952;0
147;18;336;14;16;10;99;3.60;1;1;1;90;0;5137099;247;0
147;18;336;14;16;11;13;3.60;6;2;1;79;0;5137113;391;0
147;18;336;14;16;11;79;3.40;2;1;1;90;0;5137179;243;0
147;18;336;14;16;11;99;3.60;3;1;1;76;0;5137199;460;0
147;18;336;14;16;12;99;3.20;6;2;1;79;0;5137299;169;0
147;18;336;14;16;12;99;3.00;8;2;1;86;0;5137299;275;0
147;18;336;14;16;13;29;3.60;2;1;1;76;0;5137329;136;0
147;18;336;14;16;14;5;3.20;4;1;1;78;0;5137405;560;0
147;18;336;14;16;14;99;3.80;2;1;1;74;0;5137499;152;0
147;18;336;14;16;15;14;3.20;6;2;1;77;0;5137514;200;0
147;18;336;14;16;15;99;3.80;3;1;1;80;0;5137599;382;0
147;18;336;14;16;16;99;3.60;4;1;1;84;0;5137699;279;0
147;18;336;14;16;17;99;4.00;8;2;1;83;0;5137799;487;0
147;18;336;14;16;17;99;7.40;3;1;6;78;0;5137799;182;0
147;18;336;14;16;17;99;3.60;2;1;1;76;0;5137799;281;0
147;18;336;14;16;17;99;5.00;6;2;1;72;0;5137799;270;0
147;18;336;14;16;18;13;3.80;4;1;1;81;0;5137813;98;0
147;18;336;14;16;18;2;3.80;1;1;1;78;0;5137802;688;0
147;18;336;14;16;20;1;3.40;2;1;1;78;0;5138001;184;0
147;18;336;14;16;20;4;3.80;4;1;1;84;0;5138004;174;0
147;18;336;14;16;20;99;3.80;2;1;1;77;0;5138099;82;0
147;18;336;14;16;21;6;3.60;3;1;1;74;0;5138106;272;0
147;18;336;14;16;21;78;3.40;3;1;1;76;0;5138178;54;0
147;18;336;14;16;21;81;3.40;7;2;1;78;0;5138181;1164;0
147;18;336;14;16;22;99;3.80;6;2;1;83;0;5138299;475;0
147;18;336;14;16;22;99;4.00;4;1;1;86;0;5138299;278;0
147;18;336;14;16;23;34;4.60;3;1;1;71;0;5138334;139;0
147;18;336;14;16;24;16;3.40;6;2;1;74;0;5138416;100;0
147;18;336;14;16;24;99;3.40;1;1;1;90;0;5138499;679;0
147;18;336;14;16;24;99;3.40;2;1;1;77;0;5138499;382;0
147;18;336;14;16;24;99;3.60;3;1;1;70;0;5138499;141;0
147;18;336;14;16;25;99;3.60;6;2;1;75;0;5138599;166;0
147;18;336;14;16;25;99;3.80;7;2;1;80;0;5138599;402;0
147;18;336;14;16;25;99;3.80;5;2;1;78;0;5138599;1883;0
147;18;336;14;16;26;16;3.40;6;2;1;73;0;5138616;-1;0
147;18;336;14;16;26;82;3.60;5;2;1;79;0;5138682;65;0
147;18;336;14;16;26;61;8.40;3;1;2;73;0;5138661;143;5138106
147;18;336;14;16;28;99;3.80;2;1;1;78;0;5138899;384;0
147;18;336;14;16;28;6;3.80;6;2;1;73;0;5138806;173;5138299
147;18;336;14;16;28;9;4.00;3;1;1;73;0;5138809;106;5138106
147;18;336;14;16;29;4;3.40;7;2;1;84;0;5138904;287;0
147;18;336;14;16;30;21;4.60;5;2;1;91;0;5139021;322;0
147;18;336;14;16;31;38;4.00;8;2;1;82;0;5139138;1321;0
147;18;336;14;16;31;55;3.60;5;2;1;83;0;5139155;115;0
147;18;336;14;16;32;18;3.80;2;1;1;87;0;5139218;301;0
147;18;336;14;16;32;18;3.00;6;2;1;79;0;5139218;393;0
147;18;336;14;16;33;13;3.60;5;2;1;82;0;5139313;142;0
147;18;336;14;16;33;99;3.60;2;1;1;72;0;5139399;165;0
147;18;336;14;16;34;62;3.40;3;1;1;78;0;5139462;633;0
147;18;336;14;16;34;71;3.60;2;1;1;74;0;5139471;54;0
147;18;336;14;16;34;98;3.60;4;1;1;79;0;5139498;1182;0
147;18;336;14;16;35;99;3.40;3;1;1;78;0;5139599;121;0
147;18;336;14;16;37;22;3.80;5;2;1;87;0;5139722;393;0
147;18;336;14;16;37;99;4.00;3;1;1;81;0;5139799;184;0
147;18;336;14;16;39;1;3.60;4;1;1;75;0;5139901;386;0
147;18;336;14;16;39;16;3.00;6;2;1;74;0;5139916;684;0
147;18;336;14;16;40;6;4.00;3;1;1;83;0;5140006;189;0
147;18;336;14;16;40;7;3.80;2;1;1;81;0;5140007;518;0
147;18;336;14;16;41;2;3.20;6;2;1;74;0;5140102;171;0
147;18;336;14;16;41;99;4.00;3;1;1;85;0;5140199;175;5139462
147;18;336;14;16;41;3;3.60;2;1;1;75;0;5140103;79;5139462
147;18;336;14;16;42;94;3.20;6;2;1;81;0;5140294;176;5139462
147;18;336;14;16;42;99;3.40;8;2;1;80;0;5140299;1143;0
147;18;336;14;16;43;99;3.40;5;2;1;85;0;5140399;661;0
147;18;336;14;16;43;99;3.60;6;2;1;76;0;5140399;90;0
147;18;336;14;16;43;99;3.60;3;1;1;80;0;5140399;183;5139462
147;18;336;14;16;44;8;4.20;5;2;1;85;0;5140408;-1;5139462
147;18;336;14;16;44;15;3.60;4;1;1;85;0;5140415;496;0
147;18;336;14;16;44;42;3.40;2;1;1;71;0;5140442;321;0
147;18;336;14;16;44;56;3.60;3;1;1;78;0;5140456;40;5139462
147;18;336;14;16;44;66;3.80;5;2;1;81;0;5140466;40;5139462
147;18;336;14;16;45;24;3.80;5;2;1;82;0;5140524;41;5139462
147;18;336;14;16;46;24;3.60;3;1;1;85;0;5140624;151;5139462
147;18;336;14;16;46;16;3.40;6;2;1;72;0;5140616;199;5139916
147;18;336;14;16;46;37;3.40;2;1;1;71;0;5140637;177;5139916
147;18;336;14;16;48;8;3.40;6;2;1;72;0;5140808;175;5139916
147;18;336;14;16;48;13;3.60;2;1;1;71;0;5140813;158;5139916
147;18;336;14;16;48;99;3.80;5;2;1;87;0;5140899;358;0
147;18;336;14;16;48;99;3.60;2;1;1;72;0;5140899;67;0
147;18;336;14;16;49;55;3.60;1;1;1;67;0;5140955;2442;0
147;18;336;14;16;50;10;4.20;7;2;1;89;0;5141010;2091;0
147;18;336;14;16;50;90;7.40;6;2;2;77;0;5141090;265;0
147;18;336;14;16;50;99;3.40;1;1;1;69;0;5141099;124;0
147;18;336;14;16;51;99;3.80;2;1;1;78;0;5141199;282;0
147;18;336;14;16;51;99;3.60;1;1;1;71;0;5141199;82;0
147;18;336;14;16;51;2;3.60;3;1;1;76;0;5141102;462;0
147;18;336;14;16;53;16;3.40;6;2;1;77;0;5141316;191;0
147;18;336;14;16;53;99;3.60;3;1;1;75;0;5141399;279;0
147;18;336;14;16;54;8;4.00;3;1;1;74;0;5141408;-1;0
147;18;336;14;16;54;13;3.40;6;2;1;73;0;5141413;81;0
147;18;336;14;16;54;21;3.60;5;2;1;80;0;5141421;506;0
147;18;336;14;16;55;99;4.60;5;2;1;84;0;5141599;161;0
147;18;336;14;16;55;99;3.00;2;1;1;71;0;5141599;382;0
147;18;336;14;16;55;99;3.60;7;2;1;86;0;5141599;572;0
147;18;336;14;16;56;15;3.20;6;2;1;78;0;5141615;185;0
147;18;336;14;16;58;13;3.40;2;1;1;79;0;5141813;198;0
147;18;336;14;16;59;32;3.60;5;2;1;101;0;5141932;313;0
147;18;336;14;16;59;9;3.40;3;1;1;73;0;5141909;481;0
147;18;336;14;17;0;99;4.00;2;1;1;83;0;5142099;270;0
147;18;336;14;17;0;99;3.40;3;1;1;79;0;5142099;173;0
147;18;336;14;17;0;99;3.60;8;2;1;76;0;5142099;1784;0
147;18;336;14;17;1;99;3.40;6;2;1;75;0;5142199;569;0
147;18;336;14;17;2;7;3.60;7;2;1;84;0;5142207;592;0
147;18;336;14;17;3;24;3.40;6;2;1;81;0;5142324;108;0
147;18;336;14;17;3;99;4.20;2;1;1;80;0;5142399;282;0
147;18;336;14;17;4;6;3.60;7;2;1;84;0;5142406;183;0
147;18;336;14;17;5;83;3.40;2;1;1;75;0;5142583;165;0
147;18;336;14;17;6;29;3.60;3;1;1;82;0;5142629;514;0
147;18;336;14;17;7;1;3.40;5;2;1;87;0;5142701;756;0
147;18;336;14;17;7;38;3.60;3;1;1;79;0;5142738;93;0
147;18;336;14;17;8;7;3.80;2;1;1;72;0;5142807;207;0
147;18;336;14;17;8;99;3.80;6;2;1;80;0;5142899;559;0
147;18;336;14;17;10;26;3.20;7;2;1;78;0;5143026;604;0
147;18;336;14;17;9;2;3.40;4;1;1;83;0;5142902;2471;0
147;18;336;14;17;9;6;6.00;5;2;1;86;0;5142906;190;0
147;18;336;14;17;10;5;3.40;3;1;1;76;0;5143005;250;0
147;18;336;14;17;10;99;3.80;2;1;1;73;0;5143099;273;0
147;18;336;14;17;11;28;3.00;4;1;1;78;0;5143128;211;0
147;18;336;14;17;11;99;3.60;6;2;1;77;0;5143199;282;0
147;18;336;14;17;13;1;3.20;3;1;1;80;0;5143301;279;0
147;18;336;14;17;12;74;5.20;6;2;1;77;0;5143274;58;0
147;18;336;14;17;13;99;3.40;3;1;1;72;0;5143399;83;0
147;18;336;14;17;15;1;3.60;6;2;1;77;0;5143501;202;0
147;18;336;14;17;15;93;3.40;3;1;1;72;0;5143593;177;0
147;18;336;14;17;15;99;4.60;4;1;1;83;0;5143599;457;0
147;18;336;14;17;15;99;4.00;2;1;1;74;0;5143599;481;0
147;18;336;14;17;16;99;3.40;6;2;1;75;0;5143699;181;0
147;18;336;14;17;17;17;3.80;3;1;1;77;0;5143717;107;0
147;18;336;14;17;17;10;4.60;7;2;1;83;0;5143710;669;0
147;18;336;14;17;17;41;3.20;6;2;1;75;0;5143741;25;0
147;18;336;14;17;17;58;3.20;2;1;1;74;0;5143758;139;0
147;18;336;14;17;19;99;3.60;4;1;1;87;0;5143999;380;0
147;18;336;14;17;19;99;3.80;6;2;1;77;0;5143999;242;0
147;18;336;14;17;19;99;3.80;2;1;1;77;0;5143999;225;0
147;18;336;14;17;19;7;3.80;7;2;1;78;0;5143907;177;0
147;18;336;14;17;20;9;3.20;3;1;1;77;0;5144009;274;0
147;18;336;14;17;20;99;3.60;4;1;1;84;0;5144099;85;0
147;18;336;14;17;21;99;3.60;3;1;1;77;0;5144199;175;0
147;18;336;14;17;22;3;3.80;4;1;1;83;0;5144203;88;0
147;18;336;14;17;22;5;3.60;6;2;1;80;0;5144205;188;0
147;18;336;14;17;22;11;3.60;5;2;1;82;0;5144211;1279;0
147;18;336;14;17;23;9;4.00;7;2;1;79;0;5144309;384;0
147;18;336;14;17;23;23;3.00;6;2;1;80;0;5144323;101;0
147;18;336;14;17;23;19;3.60;1;1;1;78;0;5144319;3101;0
147;18;336;14;17;23;99;3.60;3;1;1;79;0;5144399;183;0
147;18;336;14;17;25;85;3.60;7;2;1;81;0;5144585;257;0
147;18;336;14;17;26;99;3.20;2;1;1;80;0;5144699;682;0
147;18;336;14;17;27;1;3.60;6;2;1;80;0;5144701;364;0
147;18;336;14;17;27;16;3.40;2;1;1;80;0;5144716;2;0
147;18;336;14;17;28;2;4.40;4;1;1;86;0;5144802;582;0
147;18;336;14;17;28;99;3.60;6;2;1;74;0;5144899;181;0
147;18;336;14;17;28;99;4.60;3;1;1;75;0;5144899;483;0
147;18;336;14;17;29;99;3.60;7;2;1;81;0;5144999;398;0
147;18;336;14;17;29;99;3.60;6;2;1;72;0;5144999;82;0
147;18;336;14;17;30;5;3.80;4;1;1;80;0;5145005;184;0
147;18;336;14;17;30;32;3.80;6;2;1;69;0;5145032;15;0
147;18;336;14;17;30;67;3.40;3;1;1;76;0;5145067;145;0
147;18;336;14;17;31;99;3.80;2;1;1;73;0;5145199;467;0
147;18;336;14;17;32;99;3.20;3;1;1;78;0;5145299;215;0
147;18;336;14;17;32;22;3.40;2;1;1;74;0;5145222;4;0
147;18;336;14;17;33;96;3.40;3;1;1;78;0;5145396;82;0
147;18;336;14;17;34;99;3.80;3;1;1;76;0;5145499;87;0
147;18;336;14;17;34;99;3.40;4;1;1;87;0;5145499;476;0
147;18;336;14;17;36;99;3.40;2;1;1;73;0;5145699;460;0
147;18;336;14;17;37;11;3.60;6;2;1;78;0;5145711;659;0
147;18;336;14;17;37;99;4.40;4;1;1;88;0;5145799;285;0
147;18;336;14;17;37;2;3.80;3;1;1;77;0;5145702;185;0
147;18;336;14;17;39;99;3.60;2;1;1;73;0;5145999;283;0
147;18;336;14;17;40;42;3.80;6;2;1;83;0;5146042;314;0
147;18;336;14;17;41;9;3.80;7;2;1;86;0;5146109;1094;0
147;18;336;14;17;41;9;3.20;2;1;1;71;0;5146109;92;0
147;18;336;14;17;41;99;3.60;6;2;1;79;0;5146199;140;0
147;18;336;14;17;42;0;3.00;1;1;1;77;0;5146200;1864;0
147;18;336;14;17;41;99;3.40;2;1;1;70;0;5146199;73;0
147;18;336;14;17;42;16;3.40;5;2;1;87;0;5146216;1989;0
147;18;336;14;17;42;99;3.40;4;1;1;80;0;5146299;482;0
147;18;336;14;17;43;71;3.60;1;1;1;76;0;5146371;156;0
147;18;336;14;17;44;99;3.80;2;1;1;83;0;5146499;282;0
147;18;336;14;17;44;99;3.80;7;2;1;84;0;5146499;374;0
147;18;336;14;17;44;99;4.00;6;2;1;76;0;5146499;283;0
147;18;336;14;17;44;99;3.80;3;1;1;76;0;5146499;779;0
147;18;336;14;17;46;99;3.40;2;1;1;69;0;5146699;183;0
147;18;336;14;17;46;99;3.40;3;1;1;78;0;5146699;182;0
147;18;336;14;17;47;99;4.00;1;1;1;81;0;5146799;410;0
147;18;336;14;17;48;43;3.40;3;1;1;74;0;5146843;128;0
147;18;336;14;17;49;19;3.60;4;1;1;80;0;5146919;604;0
147;18;336;14;17;49;20;3.40;6;2;1;74;0;5146920;402;0
147;18;336;14;17;49;99;3.40;1;1;1;76;0;5146999;182;0
147;18;336;14;17;50;99;4.00;3;1;1;73;0;5147099;239;0
147;18;336;14;17;50;99;4.60;7;2;1;84;0;5147099;583;0
147;18;336;14;17;51;12;3.40;2;1;1;76;0;5147112;395;0
147;18;336;14;17;51;70;3.20;3;1;1;73;0;5147170;51;0
147;18;336;14;17;51;82;3.20;5;2;1;81;0;5147182;951;0
147;18;336;14;17;51;99;3.20;4;1;1;83;0;5147199;263;0
147;18;336;14;17;51;99;3.40;7;2;1;75;0;5147199;80;0
147;18;336;14;17;53;15;3.60;4;1;1;84;0;5147315;102;0
147;18;336;14;17;53;18;3.60;3;1;1;80;0;5147318;132;0
147;18;336;14;17;53;31;3.60;2;1;1;74;0;5147331;202;0
147;18;336;14;17;54;12;5.40;4;1;1;85;0;5147412;81;0
147;18;336;14;17;54;99;3.00;1;1;1;80;0;5147499;483;0
147;18;336;14;17;54;99;3.40;6;2;1;69;0;5147499;562;0
147;18;336;14;17;54;99;3.80;5;2;1;82;0;5147499;302;0
147;18;336;14;17;54;99;3.40;2;1;1;80;0;5147499;150;0
147;18;336;14;17;56;0;3.40;3;1;1;78;0;5147600;265;0
147;18;336;14;17;56;80;3.80;1;1;1;79;0;5147680;167;0
147;18;336;14;17;56;99;4.40;7;2;1;76;0;5147699;483;0
147;18;336;14;17;57;99;3.60;5;2;1;78;0;5147799;283;0
147;18;336;14;17;58;17;3.00;2;1;1;76;0;5147817;302;0
147;18;336;14;17;58;62;3.40;4;1;1;78;0;5147862;427;0
147;18;336;14;17;59;99;3.60;8;2;1;69;0;5147999;5882;0
147;18;336;14;18;1;11;3.80;7;2;1;83;0;5148111;391;0
147;18;336;14;18;1;99;3.80;7;2;1;86;0;5148199;71;0
147;18;336;14;18;2;7;3.60;3;1;1;71;0;5148207;591;0
147;18;336;14;18;2;8;3.60;6;2;1;70;0;5148208;691;0
147;18;336;14;18;2;22;3.60;5;2;1;80;0;5148222;406;0
147;18;336;14;18;2;99;3.60;5;2;1;82;0;5148299;60;0
147;18;336;14;18;3;25;3.60;6;2;1;75;0;5148325;98;0
147;18;336;14;18;3;25;4.20;7;2;1;74;0;5148325;110;0
147;18;336;14;18;3;51;3.60;2;1;1;79;0;5148351;519;0
147;18;336;14;18;4;99;2.80;4;1;1;76;0;5148499;621;0
147;18;336;14;18;4;99;3.40;7;2;1;77;0;5148499;153;0
147;18;336;14;18;4;99;5.60;2;1;1;73;0;5148499;131;0
147;18;336;14;18;4;99;4.40;6;2;1;70;0;5148499;156;0
147;18;336;14;18;5;3;3.00;2;1;1;75;0;5148503;-1;0
147;18;336;14;18;5;3;4.00;7;2;1;81;0;5148503;-1;5148111
147;18;336;14;18;6;44;3.00;6;2;1;68;0;5148644;122;5148111
147;18;336;14;18;6;53;3.20;3;1;1;77;0;5148653;427;0
147;18;336;14;18;6;78;3.60;4;1;1;80;0;5148678;165;0
147;18;336;14;18;7;99;3.40;2;1;1;73;0;5148799;281;0
147;18;336;14;18;7;99;3.80;8;2;1;77;0;5148799;781;0
147;18;336;14;18;8;25;3.40;6;2;1;73;0;5148825;165;5148208
147;18;336;14;18;8;31;3.20;3;1;1;77;0;5148831;163;5148208
147;18;336;14;18;10;99;3.40;4;1;1;81;0;5149099;404;0
147;18;336;14;18;10;99;3.60;2;1;1;80;0;5149099;283;0
147;18;336;14;18;10;99;7.80;6;2;6;74;0;5149099;257;0
147;18;336;14;18;12;99;3.40;2;1;1;87;0;5149299;183;0
147;18;336;14;18;12;99;3.60;4;1;1;79;0;5149299;184;0
147;18;336;14;18;12;99;3.80;6;2;1;75;0;5149299;162;0
147;18;336;14;18;12;99;3.60;3;1;1;75;0;5149299;453;0
147;18;336;14;18;13;99;3.60;4;1;1;78;0;5149399;83;0
147;18;336;14;18;14;87;9.80;6;2;6;72;0;5149487;169;0
147;18;336;14;18;16;36;4.20;7;2;1;76;0;5149636;1115;0
147;18;336;14;18;16;56;3.40;6;2;1;73;0;5149656;120;0
147;18;336;14;18;17;26;3.00;5;2;1;79;0;5149726;1411;0
147;18;336;14;18;17;99;4.20;3;1;1;74;0;5149799;482;0
147;18;336;14;18;17;99;3.80;2;1;1;92;0;5149799;485;0
147;18;336;14;18;19;9;3.60;2;1;1;82;0;5149909;95;0
147;18;336;14;18;20;16;4.00;7;2;1;86;0;5150016;360;0
147;18;336;14;18;20;28;3.80;8;2;1;85;0;5150028;1211;0
147;18;336;14;18;20;99;3.00;6;2;1;76;0;5150099;426;0
147;18;336;14;18;23;7;3.40;3;1;1;76;0;5150307;487;0
147;18;336;14;18;24;60;3.60;2;1;1;84;0;5150460;535;0
147;18;336;14;18;24;99;3.40;5;2;1;86;0;5150499;759;0
147;18;336;14;18;25;16;3.00;6;2;1;75;0;5150516;402;0
147;18;336;14;18;25;99;9.00;2;1;6;75;0;5150599;123;0
147;18;336;14;18;26;55;3.20;4;1;1;82;0;5150655;1239;0
147;18;336;14;18;27;20;3.80;6;2;1;76;0;5150720;189;0
147;18;336;14;18;27;86;3.60;5;2;1;81;0;5150786;272;0
147;18;336;14;18;27;95;3.00;2;1;1;75;0;5150795;152;0
147;18;336;14;18;27;99;3.80;3;1;1;81;0;5150799;475;0
147;18;336;14;18;28;15;3.40;2;1;1;75;0;5150815;5;0
147;18;336;14;18;28;99;3.40;6;2;1;79;0;5150899;161;0
147;18;336;14;18;28;99;3.80;5;2;1;82;0;5150899;97;0
147;18;336;14;18;29;89;3.00;3;1;1;70;0;5150989;173;0
147;18;336;14;18;29;99;3.20;2;1;1;75;0;5150999;167;5150460
147;18;336;14;18;30;10;3.40;6;2;1;79;0;5151010;95;5150460
147;18;336;14;18;31;99;3.20;6;2;1;77;0;5151199;173;5150516
147;18;336;14;18;31;8;3.40;2;1;1;74;0;5151108;93;5150460
147;18;336;14;18;31;34;3.80;5;2;1;82;0;5151134;218;0
147;18;336;14;18;32;16;4.40;7;2;1;87;0;5151216;1183;0
147;18;336;14;18;32;94;3.80;6;2;1;76;0;5151294;80;5150516
147;18;336;14;18;33;99;3.80;3;1;1;78;0;5151399;394;0
147;18;336;14;18;34;60;3.80;1;1;1;79;0;5151460;3762;0
147;18;336;14;18;34;80;3.40;6;2;1;80;0;5151480;168;5150516
147;18;336;14;18;35;99;3.40;3;1;1;79;0;5151599;182;5150516
147;18;336;14;18;35;99;3.20;6;2;1;81;0;5151599;103;5150516
147;18;336;14;18;37;19;3.40;6;2;1;80;0;5151719;105;5150516
147;18;336;14;18;37;75;3.40;1;1;1;83;0;5151775;297;0
147;18;336;14;18;37;78;3.80;4;1;1;86;0;5151778;1108;0
147;18;336;14;18;38;99;4.00;5;2;1;82;0;5151899;748;0
147;18;336;14;18;38;99;3.20;6;2;1;83;0;5151899;164;5150516
147;18;336;14;18;39;4;3.40;3;1;1;73;0;5151904;289;0
147;18;336;14;18;39;68;3.40;5;2;1;83;0;5151968;51;0
147;18;336;14;18;40;10;3.40;3;1;1;75;0;5152010;89;0
147;18;336;14;18;40;99;3.60;2;1;1;79;0;5152099;974;0
147;18;336;14;18;41;99;4.00;7;2;1;81;0;5152199;964;0
147;18;336;14;18;41;99;3.80;5;2;1;80;0;5152199;216;0
147;18;336;14;18;41;99;3.80;6;2;1;75;0;5152199;286;0
147;18;336;14;18;42;79;3.80;5;2;1;85;0;5152279;62;0
147;18;336;14;18;42;88;3.80;7;2;1;78;0;5152288;71;0
147;18;336;14;18;42;99;3.60;6;2;1;74;0;5152299;81;0
147;18;336;14;18;43;99;3.80;6;2;1;75;0;5152399;82;0
147;18;336;14;18;44;11;3.20;5;2;1;81;0;5152411;115;0
147;18;336;14;18;44;6;3.40;2;1;1;79;0;5152406;290;0
147;18;336;14;18;45;19;3.80;5;2;1;82;0;5152519;93;0
147;18;336;14;18;46;25;3.40;6;2;1;77;0;5152625;207;0
147;18;336;14;18;46;99;3.60;7;2;1;85;0;5152699;393;0
147;18;336;14;18;46;99;3.80;3;1;1;76;0;5152699;672;0
147;18;336;14;18;47;88;2.80;2;1;1;74;0;5152788;366;0
147;18;336;14;18;48;8;3.20;8;2;1;81;0;5152808;2763;0
147;18;336;14;18;48;18;4.00;1;1;1;86;0;5152818;1028;0
147;18;336;14;18;49;5;3.60;6;2;1;69;0;5152905;264;0
147;18;336;14;18;50;96;3.60;8;2;1;80;0;5153096;273;0
147;18;336;14;18;50;99;3.60;6;2;1;71;0;5153099;175;0
147;18;336;14;18;51;99;3.40;5;2;1;82;0;5153199;663;0
147;18;336;14;18;52;31;3.20;4;1;1;82;0;5153231;1437;0
147;18;336;14;18;52;85;3.00;3;1;1;82;0;5153285;568;0
147;18;336;14;18;54;37;3.60;2;1;1;82;0;5153437;635;0
147;18;336;14;18;55;99;3.40;6;2;1;74;0;5153599;481;0
147;18;336;14;18;56;27;3.80;2;1;1;81;0;5153627;174;0
147;18;336;14;18;56;99;3.60;4;1;1;87;0;5153699;453;0
147;18;336;14;18;57;74;3.40;5;2;1;87;0;5153774;560;0
147;18;336;14;18;58;99;3.40;3;1;1;73;0;5153899;600;0
147;18;336;14;19;0;64;4.60;3;1;1;71;0;5154064;148;0
147;18;336;14;19;0;99;3.20;1;1;1;76;0;5154099;1264;0
147;18;336;14;19;1;99;3.80;4;1;1;83;0;5154199;485;0
147;18;336;14;19;1;99;3.80;7;2;1;81;0;5154199;1484;0
147;18;336;14;19;2;4;3.20;3;1;1;79;0;5154204;116;0
147;18;336;14;19;3;2;4.00;2;1;1;78;0;5154302;658;0
147;18;336;14;19;3;28;3.40;5;2;1;81;0;5154328;539;0
147;18;336;14;19;4;8;3.60;3;1;1;76;0;5154408;189;0
147;18;336;14;19;5;34;3.80;2;1;1;68;0;5154534;213;0
147;18;336;14;19;5;65;3.40;3;1;1;76;0;5154565;139;5153899
147;18;336;14;19;6;99;3.60;2;1;1;67;0;5154699;144;5153899
147;18;336;14;19;7;11;3.80;2;1;1;68;0;5154711;-1;5153899
147;18;336;14;19;7;99;3.20;3;1;1;75;0;5154799;217;0
147;18;336;14;19;8;99;3.80;3;1;1;78;0;5154899;84;0
147;18;336;14;19;9;7;3.60;6;2;1;79;0;5154907;1291;0
147;18;336;14;19;9;99;3.00;4;1;1;77;0;5154999;783;0
147;18;336;14;19;10;43;3.80;6;2;1;78;0;5155043;119;0
147;18;336;14;19;10;70;3.80;2;1;1;80;0;5155070;338;0
147;18;336;14;19;10;99;3.60;7;2;1;80;0;5155099;883;0
147;18;336;14;19;11;10;3.00;3;1;1;80;0;5155110;193;0
147;18;336;14;19;11;99;3.60;4;1;1;68;0;5155199;185;0
147;18;336;14;19;11;99;4.20;7;2;1;81;0;5155199;83;0
147;18;336;14;19;12;26;3.80;3;1;1;75;0;5155226;102;0
147;18;336;14;19;13;72;3.20;7;2;1;83;0;5155372;154;0
147;18;336;14;19;13;99;3.80;6;2;1;79;0;5155399;338;0
147;18;336;14;19;14;99;4.00;8;2;1;84;0;5155499;2386;0
147;18;336;14;19;18;1;3.20;8;2;1;61;0;5155801;284;0
147;18;336;14;19;18;61;5.40;7;2;1;65;0;5155861;475;0
147;18;336;14;19;18;99;3.40;1;1;1;73;0;5155899;1784;0
147;18;336;14;19;18;99;3.80;6;2;1;64;0;5155899;482;0
147;18;336;14;19;19;99;3.80;8;2;1;68;0;5155999;179;0
147;18;336;14;19;19;99;3.40;6;2;1;63;0;5155999;78;0
147;18;336;14;19;19;99;4.40;5;2;1;77;0;5155999;1655;0
147;18;336;14;19;20;17;3.20;3;1;1;74;0;5156017;772;0
147;18;336;14;19;20;53;3.80;1;1;1;71;0;5156053;137;0
147;18;336;14;19;21;16;3.40;6;2;1;71;0;5156116;97;0
147;18;336;14;19;21;99;3.60;2;1;1;76;0;5156199;1111;0
147;18;336;14;19;22;11;3.20;3;1;1;78;0;5156211;178;0
147;18;336;14;19;22;13;3.20;6;2;1;70;0;5156213;79;0
147;18;336;14;19;24;99;4.00;3;1;1;82;0;5156499;273;0
147;18;336;14;19;24;99;3.40;6;2;1;76;0;5156499;269;0
147;18;336;14;19;25;49;3.80;2;1;1;82;0;5156549;332;0
147;18;336;14;19;26;3;2.80;6;2;1;73;0;5156603;87;0
147;18;336;14;19;25;53;4.20;7;2;1;33;0;5156553;662;0
147;18;336;14;19;27;10;3.60;4;1;1;82;0;5156710;1491;0
147;18;336;14;19;28;8;3.60;6;2;1;78;0;5156808;191;0
147;18;336;14;19;28;85;4.60;4;1;1;83;0;5156885;159;0
147;18;336;14;19;28;99;3.40;2;1;1;81;0;5156899;333;0
147;18;336;14;19;29;99;3.20;6;2;1;79;0;5156999;174;0
147;18;336;14;19;28;55;3.80;7;2;1;19;0;5156855;256;0
147;18;336;14;19;31;14;3.40;4;1;1;83;0;5157114;209;0
147;18;336;14;19;31;99;3.60;6;2;1;79;0;5157199;185;5156499
147;18;336;14;19;32;99;3.80;7;2;1;78;0;5157299;372;0
147;18;336;14;19;33;53;4.20;7;2;1;78;0;5157353;36;0
147;18;336;14;19;33;56;3.60;5;2;1;79;0;5157356;1336;0
147;18;336;14;19;33;65;3.60;6;2;1;70;0;5157365;149;5156499
147;18;336;14;19;34;99;3.80;7;2;1;80;0;5157499;126;5156499
147;18;336;14;19;35;24;2.80;2;1;1;77;0;5157524;609;0
147;18;336;14;19;35;22;3.40;6;2;1;77;0;5157522;138;5156499
147;18;336;14;19;36;99;3.80;6;2;1;82;0;5157699;161;5156499
147;18;336;14;19;36;99;4.00;7;2;1;83;0;5157699;182;5156499
147;18;336;14;19;37;11;3.40;5;2;1;78;0;5157711;338;0
147;18;336;14;19;37;99;4.00;7;2;1;81;0;5157799;82;5157299
147;18;336;14;19;37;99;3.20;3;1;1;77;0;5157799;1282;0
147;18;336;14;19;38;49;3.80;6;2;1;85;0;5157849;133;5156499
147;18;336;14;19;38;66;3.80;5;2;1;87;0;5157866;139;5156499
147;18;336;14;19;39;27;3.40;7;2;1;80;0;5157927;110;5157299
147;18;336;14;19;39;99;3.00;2;1;1;78;0;5157999;461;0
147;18;336;14;19;39;99;3.40;5;2;1;86;0;5157999;117;0
147;18;336;14;19;40;26;3.80;1;1;1;75;0;5158026;1953;0
147;18;336;14;19;41;69;3.80;2;1;1;83;0;5158169;156;0
147;18;336;14;19;41;91;3.60;5;2;1;87;0;5158191;177;0
147;18;336;14;19;42;99;3.40;1;1;1;82;0;5158299;254;0
147;18;336;14;19;43;9;3.80;3;1;1;75;0;5158309;495;0
147;18;336;14;19;43;25;3.40;6;2;1;75;0;5158325;459;0
147;18;336;14;19;44;1;3.40;4;1;1;84;0;5158401;1272;0
147;18;336;14;19;44;99;3.40;2;1;1;77;0;5158499;313;0
147;18;336;14;19;44;99;3.80;3;1;1;73;0;5158499;171;0
147;18;336;14;19;44;99;3.80;7;2;1;82;0;5158499;556;0
147;18;336;14;19;45;19;3.80;1;1;1;82;0;5158519;205;0
147;18;336;14;19;45;99;4.00;3;1;1;73;0;5158599;81;0
147;18;336;14;19;46;70;3.80;6;2;1;83;0;5158670;328;0
147;18;336;14;19;46;99;3.80;4;1;1;86;0;5158699;283;0
147;18;336;14;19;47;99;3.40;2;1;1;72;0;5158799;284;0
147;18;336;14;19;48;30;3.80;5;2;1;81;0;5158830;624;0
147;18;336;14;19;48;31;3.20;6;2;1;78;0;5158831;144;0
147;18;336;14;19;49;99;3.80;2;1;1;78;0;5158999;183;0
147;18;336;14;19;50;19;4.00;5;2;1;83;0;5159019;172;0
147;18;336;14;19;50;99;3.60;6;2;1;77;0;5159099;253;0
147;18;336;14;19;51;35;3.40;7;2;1;79;0;5159135;619;0
147;18;336;14;19;51;38;3.40;5;2;1;80;0;5159138;101;0
147;18;336;14;19;52;13;3.40;6;2;1;77;0;5159213;97;0
147;18;336;14;19;52;99;3.80;3;1;1;81;0;5159299;680;0
147;18;336;14;19;52;99;5.00;7;2;1;81;0;5159299;148;0
147;18;336;14;19;53;15;3.40;2;1;1;75;0;5159315;298;0
147;18;336;14;19;53;27;3.60;5;2;1;82;0;5159327;173;0
147;18;336;14;19;54;20;3.80;7;2;1;82;0;5159420;98;0
147;18;336;14;19;55;0;3.20;5;2;1;82;0;5159500;157;5158830
147;18;336;14;19;55;99;3.60;3;1;1;79;0;5159599;283;0
147;18;336;14;19;55;99;3.60;8;2;1;77;0;5159599;3579;0
147;18;336;14;19;55;99;3.60;6;2;1;82;0;5159599;370;0
147;18;336;14;19;55;99;3.60;2;1;1;65;0;5159599;267;0
147;18;336;14;19;56;28;3.60;2;1;1;65;0;5159628;9;0
147;18;336;14;19;56;69;3.60;3;1;1;76;0;5159669;53;0
147;18;336;14;19;57;99;3.60;4;1;1;78;0;5159799;1084;0
147;18;336;14;19;57;99;3.40;3;1;1;77;0;5159799;112;0
147;18;336;14;19;58;4;3.20;1;1;1;76;0;5159804;1268;0
147;18;336;14;19;58;99;3.60;6;2;1;78;0;5159899;284;0
147;18;336;14;19;58;17;3.60;2;1;1;74;0;5159817;169;0
147;18;336;14;19;59;5;5.40;8;2;1;84;0;5159905;289;0
147;18;336;14;19;59;91;3.40;6;2;1;73;0;5159991;75;0
147;18;336;14;20;1;52;3.60;5;2;1;79;0;5160152;637;0
147;18;336;14;20;2;99;3.60;6;2;1;77;0;5160299;291;0
147;18;336;14;20;2;99;3.00;5;2;1;79;0;5160299;130;0
147;18;336;14;20;3;9;3.40;2;1;1;70;0;5160309;474;0
147;18;336;14;20;3;3;3.20;6;2;1;79;0;5160303;-1;0
147;18;336;14;20;4;63;3.60;2;1;1;73;0;5160463;136;0
147;18;336;14;20;4;85;3.80;1;1;1;78;0;5160485;665;0
147;18;336;14;20;4;99;4.00;5;2;1;82;0;5160499;186;0
147;18;336;14;20;4;99;3.00;6;2;1;77;0;5160499;181;0
147;18;336;14;20;5;99;3.60;2;1;1;73;0;5160599;118;0
147;18;336;14;20;6;2;3.60;5;2;1;80;0;5160602;85;0
147;18;336;14;20;6;39;3.20;4;1;1;83;0;5160639;823;0
147;18;336;14;20;7;17;3.40;4;1;1;87;0;5160717;64;0
147;18;336;14;20;7;13;3.80;3;1;1;76;0;5160713;898;0
147;18;336;14;20;7;99;3.80;6;2;1;79;0;5160799;285;0
147;18;336;14;20;8;99;3.60;2;1;1;77;0;5160899;282;0
147;18;336;14;20;8;99;3.80;5;2;1;81;0;5160899;280;0
147;18;336;14;20;9;10;3.00;6;2;1;81;0;5160910;93;0
147;18;336;14;20;9;7;4.00;1;1;1;82;0;5160907;404;0
147;18;336;14;20;9;87;3.20;3;1;1;73;0;5160987;256;0
147;18;336;14;20;10;21;3.00;8;2;1;78;0;5161021;1092;0
147;18;336;14;20;10;99;3.80;1;1;1;80;0;5161099;174;0
147;18;336;14;20;10;99;3.20;6;2;1;80;0;5161099;175;0
147;18;336;14;20;11;99;3.60;8;2;1;80;0;5161199;164;0
147;18;336;14;20;11;35;3.00;3;1;1;71;0;5161135;132;0
147;18;336;14;20;12;19;3.20;6;2;1;81;0;5161219;105;0
147;18;336;14;20;13;99;3.60;7;2;1;76;0;5161399;1962;0
147;18;336;14;20;13;1;3.80;1;1;1;75;0;5161301;184;0
147;18;336;14;20;14;51;5.20;6;2;1;80;0;5161451;217;0
147;18;336;14;20;14;78;3.60;3;1;1;74;0;5161478;327;0
147;18;336;14;20;15;2;3.60;7;2;1;79;0;5161502;85;0
147;18;336;14;20;16;99;3.60;7;2;1;81;0;5161699;180;0
147;18;336;14;20;16;17;3.40;3;1;1;74;0;5161617;121;0
147;18;336;14;20;18;99;3.60;3;1;1;76;0;5161899;265;0
147;18;336;14;20;18;99;6.00;4;1;1;80;0;5161899;1167;0
147;18;336;14;20;20;99;3.80;3;1;1;76;0;5162099;182;0
147;18;336;14;20;21;22;3.00;6;2;1;77;0;5162122;647;0
147;18;336;14;20;22;99;3.40;6;2;1;76;0;5162299;162;0
147;18;336;14;20;23;4;3.80;5;2;1;83;0;5162304;1388;0
147;18;336;14;20;23;99;3.40;6;2;1;76;0;5162399;83;0
147;18;336;14;20;24;64;4.00;3;1;1;90;0;5162464;347;0
147;18;336;14;20;25;99;4.00;6;2;1;83;0;5162599;183;0
147;18;336;14;20;26;99;3.60;2;1;1;72;0;5162699;1783;0
147;18;336;14;20;28;6;3.00;2;1;1;75;0;5162806;89;0
147;18;336;14;20;28;18;3.60;6;2;1;87;0;5162818;201;0
147;18;336;14;20;28;15;3.60;3;1;1;79;0;5162815;335;0
147;18;336;14;20;29;27;3.80;6;2;1;87;0;5162927;94;0
147;18;336;14;20;29;61;3.40;2;1;1;77;0;5162961;140;0
147;18;336;14;20;31;99;3.60;2;1;1;73;0;5163199;222;0
147;18;336;14;20;31;99;3.20;3;1;1;67;0;5163199;367;0
147;18;336;14;20;33;17;3.40;3;1;1;71;0;5163317;100;0
147;18;336;14;20;35;99;3.60;4;1;1;88;0;5163599;1673;0
147;18;336;14;20;35;99;3.40;2;1;1;81;0;5163599;382;0
147;18;336;14;20;35;99;3.80;7;2;1;76;0;5163599;1884;0
147;18;336;14;20;37;13;2.80;7;2;1;76;0;5163713;96;0
147;18;336;14;20;38;5;4.00;6;2;1;80;0;5163805;862;0
147;18;336;14;20;38;99;3.80;7;2;1;75;0;5163899;172;0
147;18;336;14;20;39;18;3.80;2;1;1;79;0;5163918;303;0
147;18;336;14;20;40;91;3.40;2;1;1;80;0;5164091;155;0
147;18;336;14;20;41;9;3.40;6;2;1;80;0;5164109;286;0
147;18;336;14;20;41;99;5.20;2;1;1;81;0;5164199;92;0
147;18;336;14;20;41;99;3.60;5;2;1;82;0;5164199;1878;0
147;18;336;14;20;41;99;3.80;3;1;1;77;0;5164199;864;0
147;18;336;14;20;42;22;3.60;6;2;1;79;0;5164222;97;0
147;18;336;14;20;43;99;3.80;4;1;1;80;0;5164399;785;0
147;18;336;14;20;44;29;3.20;6;2;1;79;0;5164429;190;0
147;18;336;14;20;44;99;3.60;4;1;1;78;0;5164499;82;0
147;18;336;14;20;44;99;3.20;5;2;1;81;0;5164499;284;0
147;18;336;14;20;45;1;3.80;2;1;1;82;0;5164501;278;0
147;18;336;14;20;45;60;3.80;5;2;1;82;0;5164560;46;0
147;18;336;14;20;45;99;3.80;3;1;1;80;0;5164599;382;0
147;18;336;14;20;45;99;3.40;6;2;1;84;0;5164599;155;0
147;18;336;14;20;47;43;3.80;5;2;1;85;0;5164743;166;0
147;18;336;14;20;47;78;3.80;3;1;1;76;0;5164778;161;0
147;18;336;14;20;48;6;3.40;2;1;1;80;0;5164806;288;0
147;18;336;14;20;48;5;3.80;4;1;1;80;0;5164805;289;0
147;18;336;14;20;48;99;3.40;5;2;1;84;0;5164899;139;0
147;18;336;14;20;49;15;3.20;3;1;1;76;0;5164915;119;0
147;18;336;14;20;49;99;3.60;4;1;1;80;0;5164999;176;0
147;18;336;14;20;49;99;5.40;7;2;1;74;0;5164999;1081;0
147;18;336;14;20;50;55;3.80;4;1;1;80;0;5165055;39;0
147;18;336;14;20;50;88;3.20;7;2;1;73;0;5165088;62;0
147;18;336;14;20;50;99;3.80;4;1;1;81;0;5165099;26;0
147;18;336;14;20;51;99;3.60;6;2;1;83;0;5165199;585;0
147;18;336;14;20;51;99;3.20;3;1;1;76;0;5165199;268;0
147;18;336;14;20;51;99;3.80;1;1;1;82;0;5165199;3879;0
147;18;336;14;20;52;22;3.00;6;2;1;69;0;5165222;7;0
147;18;336;14;20;52;30;3.80;4;1;1;81;0;5165230;114;5164805
147;18;336;14;20;53;11;3.60;6;2;1;72;0;5165311;73;5164805
147;18;336;14;20;54;19;3.60;6;2;1;73;0;5165419;90;5164805
147;18;336;14;20;54;99;3.40;1;1;1;83;0;5165499;283;0
147;18;336;14;20;54;99;3.80;8;2;1;77;0;5165499;4283;0
147;18;336;14;20;54;99;7.60;3;1;6;75;0;5165499;284;0
147;18;336;14;20;55;47;3.40;6;2;1;74;0;5165547;110;5165199
147;18;336;14;20;55;98;3.80;8;2;1;75;0;5165598;81;5165199
147;18;336;14;20;56;5;4.00;3;1;1;77;0;5165605;69;5165199
147;18;336;14;20;56;99;3.80;6;2;1;75;0;5165699;135;5165199
147;18;336;14;20;57;27;3.20;3;1;1;74;0;5165727;103;5165199
147;18;336;14;20;58;99;4.00;8;2;1;72;0;5165899;282;0
147;18;336;14;20;58;99;3.40;3;1;1;76;0;5165899;156;0
147;18;336;14;20;59;99;3.20;2;1;1;73;0;5165999;1177;0
147;18;336;14;20;59;99;3.60;3;1;1;81;0;5165999;83;5165499
147;18;336;14;21;0;70;3.80;6;2;1;77;0;5166070;352;0
147;18;336;14;21;0;73;3.60;2;1;1;72;0;5166073;58;0
147;18;336;14;21;1;99;3.20;2;1;1;72;0;5166199;108;0
147;18;336;14;21;1;99;3.00;3;1;1;72;0;5166199;184;5165499
147;18;336;14;21;2;99;3.80;2;1;1;75;0;5166299;84;5165499
147;18;336;14;21;3;1;3.40;7;2;1;80;0;5166301;1197;0
147;18;336;14;21;3;99;3.40;2;1;1;75;0;5166399;81;5165999
147;18;336;14;21;4;25;3.60;7;2;1;80;0;5166425;108;5165999
147;18;336;14;21;4;99;3.80;2;1;1;72;0;5166499;83;5165999
147;18;336;14;21;5;11;3.80;8;2;1;83;0;5166511;592;0
147;18;336;14;21;5;22;3.80;6;2;1;79;0;5166522;434;0
147;18;336;14;21;5;41;3.40;3;1;1;80;0;5166541;327;0
147;18;336;14;21;5;87;3.80;1;1;1;74;0;5166587;1073;0
147;18;336;14;21;6;99;3.60;2;1;1;77;0;5166699;181;5165999
147;18;336;14;21;6;99;3.00;6;2;1;76;0;5166699;159;5165999
147;18;336;14;21;6;99;5.80;4;1;1;38;0;5166699;1452;0
147;18;336;14;21;7;99;3.40;3;1;1;79;0;5166799;242;0
147;18;336;14;21;7;99;3.80;6;2;1;74;0;5166799;85;0
147;18;336;14;21;7;17;3.60;5;2;1;79;0;5166717;1803;0
147;18;336;14;21;8;8;3.80;8;2;1;83;0;5166808;280;0
147;18;336;14;21;8;99;4.00;4;1;1;79;0;5166899;145;0
147;18;336;14;21;9;99;3.20;3;1;1;83;0;5166999;184;0
147;18;336;14;21;9;99;3.80;4;1;1;80;0;5166999;81;0
147;18;336;14;21;9;99;3.80;5;2;1;82;0;5166999;265;0
147;18;336;14;21;10;3;3.60;2;1;1;80;0;5167003;287;0
147;18;336;14;21;11;99;3.40;3;1;1;77;0;5167199;186;0
147;18;336;14;21;12;99;4.00;2;1;1;79;0;5167299;279;0
147;18;336;14;21;12;99;3.40;8;2;1;66;0;5167299;474;0
147;18;336;14;21;13;6;3.80;2;1;1;80;0;5167306;-1;0
147;18;336;14;21;13;47;3.40;6;2;1;73;0;5167347;529;0
147;18;336;14;21;13;99;3.60;5;2;1;78;0;5167399;383;0
147;18;336;14;21;14;2;6.00;3;1;1;73;0;5167402;187;0
147;18;336;14;21;14;99;3.60;6;2;1;74;0;5167499;135;0
147;18;336;14;21;14;99;3.80;2;1;1;72;0;5167499;175;0
147;18;336;14;21;14;99;3.40;7;2;1;82;0;5167499;1057;0
147;18;336;14;21;15;10;3.00;6;2;1;75;0;5167510;-1;0
147;18;336;14;21;15;59;3.40;1;1;1;78;0;5167559;953;0
147;18;336;14;21;16;5;3.80;7;2;1;86;0;5167605;91;0
147;18;336;14;21;15;64;3.60;2;1;1;73;0;5167564;46;0
147;18;336;14;21;16;17;3.40;5;2;1;84;0;5167617;201;0
147;18;336;14;21;16;99;3.60;3;1;1;80;0;5167699;267;0
147;18;336;14;21;17;3;3.60;6;2;1;80;0;5167703;178;0
147;18;336;14;21;17;99;3.60;5;2;1;81;0;5167799;167;0
147;18;336;14;21;18;0;3.80;7;2;1;81;0;5167800;179;0
147;18;336;14;21;18;68;3.80;2;1;1;71;0;5167868;286;0
147;18;336;14;21;18;84;3.80;1;1;1;80;0;5167884;309;0
147;18;336;14;21;21;96;4.00;6;2;1;81;0;5168196;476;0
147;18;336;14;21;21;99;3.20;1;1;1;71;0;5168199;297;0
147;18;336;14;21;21;99;3.80;7;2;1;76;0;5168199;382;0
147;18;336;14;21;21;99;7.40;3;1;6;79;0;5168199;483;0
147;18;336;14;21;22;99;3.20;4;1;1;77;0;5168299;1282;0
147;18;336;14;21;23;16;3.20;3;1;1;71;0;5168316;83;0
147;18;336;14;21;23;61;3.60;6;2;1;82;0;5168361;147;0
147;18;336;14;21;24;99;3.20;3;1;1;72;0;5168499;166;0
147;18;336;14;21;25;3;3.60;4;1;1;78;0;5168503;189;0
147;18;336;14;21;25;6;4.00;2;1;1;82;0;5168506;618;0
147;18;336;14;21;25;11;3.80;6;2;1;78;0;5168511;134;0
147;18;336;14;21;25;99;3.80;5;2;1;84;0;5168599;784;0
147;18;336;14;21;26;70;3.80;4;1;1;80;0;5168670;150;0
147;18;336;14;21;26;73;3.80;3;1;1;73;0;5168673;158;0
147;18;336;14;21;26;99;3.60;1;1;1;76;0;5168699;483;0
147;18;336;14;21;27;99;3.20;4;1;1;81;0;5168799;111;0
147;18;336;14;21;27;99;3.60;3;1;1;74;0;5168799;107;5168199
147;18;336;14;21;27;99;3.80;1;1;1;74;0;5168799;82;5168199
147;18;336;14;21;28;59;3.80;3;1;1;74;0;5168859;42;5168199
147;18;336;14;21;28;76;4.40;4;1;1;83;0;5168876;62;5168299
147;18;336;14;21;28;79;3.40;2;1;1;80;0;5168879;355;0
147;18;336;14;21;29;6;3.60;6;2;1;80;0;5168906;377;0
147;18;336;14;21;29;99;3.80;1;1;1;81;0;5168999;181;0
147;18;336;14;21;29;99;3.60;3;1;1;76;0;5168999;121;5168199
147;18;336;14;21;30;99;3.60;6;2;1;79;0;5169099;176;5168199
147;18;336;14;21;32;1;3.60;6;2;1;84;0;5169201;85;5168199
147;18;336;14;21;32;24;3.00;3;1;1;75;0;5169224;207;0
147;18;336;14;21;34;22;3.40;2;1;1;86;0;5169422;527;0
147;18;336;14;21;35;26;3.60;4;1;1;84;0;5169526;630;0
147;18;336;14;21;35;99;3.80;6;2;1;78;0;5169599;382;0
147;18;336;14;21;35;99;3.00;2;1;1;73;0;5169599;162;0
147;18;336;14;21;36;24;3.80;5;2;1;82;0;5169624;1008;0
147;18;336;14;21;37;99;3.20;6;2;1;81;0;5169799;182;0
147;18;336;14;21;37;99;4.00;3;1;1;80;0;5169799;560;0
147;18;336;14;21;38;31;3.00;4;1;1;83;0;5169831;289;0
147;18;336;14;21;38;52;3.20;6;2;1;83;0;5169852;38;0
147;18;336;14;21;39;23;3.20;3;1;1;78;0;5169923;106;0
147;18;336;14;21;40;3;4.00;4;1;1;81;0;5170003;158;0
147;18;336;14;21;40;99;3.20;5;2;1;83;0;5170099;458;0
147;18;336;14;21;40;99;3.40;3;1;1;73;0;5170099;161;0
147;18;336;14;21;41;75;3.40;7;2;1;80;0;5170175;1958;0
147;18;336;14;21;41;76;3.80;2;1;1;73;0;5170176;562;0
147;18;336;14;21;43;0;3.20;2;1;1;72;0;5170300;105;0
147;18;336;14;21;43;5;3.60;5;2;1;83;0;5170305;192;0
147;18;336;14;21;44;11;3.60;6;2;1;72;0;5170411;545;0
147;18;336;14;21;44;22;2.80;2;1;1;72;0;5170422;106;0
147;18;336;14;21;45;99;3.60;7;2;1;80;0;5170599;408;0
147;18;336;14;21;45;99;3.80;2;1;1;74;0;5170599;163;0
147;18;336;14;21;46;0;3.80;5;2;1;80;0;5170600;279;0
147;18;336;14;21;46;45;3.60;6;2;1;67;0;5170645;216;0
147;18;336;14;21;47;99;3.40;6;2;1;68;0;5170799;134;0
147;18;336;14;21;48;12;3.20;2;1;1;76;0;5170812;194;5170176
147;18;336;14;21;48;99;4.00;5;2;1;80;0;5170899;281;0
147;18;336;14;21;48;99;3.60;7;2;1;83;0;5170899;283;0
147;18;336;14;21;48;28;3.80;6;2;1;70;0;5170828;10;0
147;18;336;14;21;49;99;4.40;3;1;1;78;0;5170999;883;0
147;18;336;14;21;50;13;3.20;5;2;1;81;0;5171013;96;0
147;18;336;14;21;50;99;3.20;4;1;1;85;0;5171099;1078;0
147;18;336;14;21;51;11;3.60;5;2;1;80;0;5171111;83;0
147;18;336;14;21;51;37;3.40;6;2;1;75;0;5171137;289;0
147;18;336;14;21;52;99;4.20;5;2;1;81;0;5171299;171;0
147;18;336;14;21;52;99;3.60;3;1;1;78;0;5171299;279;0
147;18;336;14;21;53;99;3.80;3;1;1;77;0;5171399;83;0
147;18;336;14;21;53;0;5.80;7;2;1;85;0;5171300;385;0
147;18;336;14;21;53;13;3.60;2;1;1;78;0;5171313;485;0
147;18;336;14;21;56;18;5.40;2;1;1;76;0;5171618;288;0
147;18;336;14;21;59;14;4.00;5;2;1;77;0;5171914;596;0
147;18;336;14;21;59;44;11.20;7;2;3;76;0;5171944;619;0
147;18;336;14;22;0;7;3.40;6;2;1;84;0;5172007;853;0
147;18;336;14;22;0;23;3.60;4;1;1;78;0;5172023;910;0
147;18;336;14;22;0;99;3.00;2;1;1;65;0;5172099;455;0
147;18;336;14;22;1;16;3.60;3;1;1;77;0;5172116;699;0
147;18;336;14;22;1;33;3.80;6;2;1;88;0;5172133;111;0
147;18;336;14;22;1;45;3.40;1;1;1;69;0;5172145;3129;0
147;18;336;14;22;2;7;3.40;4;1;1;83;0;5172207;167;0
147;18;336;14;22;3;99;3.40;2;1;1;77;0;5172399;283;0
147;18;336;14;22;3;99;3.60;3;1;1;81;0;5172399;266;0
147;18;336;14;22;3;99;4.00;4;1;1;82;0;5172399;177;0
147;18;336;14;22;4;20;3.60;6;2;1;74;0;5172420;271;0
147;18;336;14;22;5;99;3.60;2;1;1;74;0;5172599;184;0
147;18;336;14;22;5;99;3.80;5;2;1;84;0;5172599;666;0
147;18;336;14;22;5;99;3.00;6;2;1;74;0;5172599;161;0
147;18;336;14;22;5;99;3.00;2;1;1;73;0;5172599;-1;0
147;18;336;14;22;6;20;3.60;4;1;1;81;0;5172620;203;0
147;18;336;14;22;7;11;4.60;6;2;1;81;0;5172711;97;0
147;18;336;14;22;7;20;3.60;5;2;1;82;0;5172720;104;0
147;18;336;14;22;7;94;2.80;1;1;1;78;0;5172794;631;0
147;18;336;14;22;8;99;3.60;3;1;1;80;0;5172899;484;0
147;18;336;14;22;8;99;3.40;6;2;1;75;0;5172899;167;0
147;18;336;14;22;8;99;11.60;7;2;2;85;0;5172899;901;0
147;18;336;14;22;8;99;3.40;8;2;1;72;0;5172899;5581;0
147;18;336;14;22;9;5;3.60;1;1;1;76;0;5172905;98;0
147;18;336;14;22;9;48;3.40;6;2;1;77;0;5172948;32;5172420
147;18;336;14;22;10;99;3.40;2;1;1;78;0;5173099;485;0
147;18;336;14;22;11;6;4.20;5;2;1;88;0;5173106;370;0
147;18;336;14;22;11;9;3.80;3;1;1;82;0;5173109;193;0
147;18;336;14;22;12;7;5.60;2;1;1;78;0;5173207;92;0
147;18;336;14;22;12;76;3.40;6;2;1;73;0;5173276;312;0
147;18;336;14;22;12;91;3.80;3;1;1;79;0;5173291;165;0
147;18;336;14;22;13;1;3.40;5;2;1;87;0;5173301;177;0
147;18;336;14;22;13;99;3.60;2;1;1;79;0;5173399;166;0
147;18;336;14;22;14;17;3.80;4;1;1;88;0;5173417;781;0
147;18;336;14;22;14;37;5.80;8;2;1;76;0;5173437;521;0
147;18;336;14;22;14;69;3.40;3;1;1;81;0;5173469;160;0
147;18;336;14;22;15;99;3.60;2;1;1;79;0;5173599;183;0
147;18;336;14;22;16;23;2.80;6;2;1;77;0;5173623;330;0
147;18;336;14;22;16;8;3.60;8;2;1;77;0;5173608;143;0
147;18;336;14;22;17;52;3.40;6;2;1;73;0;5173752;115;0
147;18;336;14;22;17;66;3.80;1;1;1;89;0;5173766;843;0
147;18;336;14;22;17;96;3.60;3;1;1;81;0;5173796;311;0
147;18;336;14;22;17;99;3.40;2;1;1;77;0;5173799;183;5173099
147;18;336;14;22;18;99;3.60;7;2;1;76;0;5173899;950;0
147;18;336;14;22;18;99;4.20;8;2;1;76;0;5173899;274;0
147;18;336;14;22;20;15;3.00;6;2;1;75;0;5174015;246;0
147;18;336;14;22;20;99;3.60;7;2;1;78;0;5174099;182;0
147;18;336;14;22;22;2;3.40;2;1;1;78;0;5174202;387;0
147;18;336;14;22;22;40;3.00;3;1;1;77;0;5174240;428;0
147;18;336;14;22;22;47;3.60;6;2;1;78;0;5174247;217;0
147;18;336;14;22;22;99;3.80;8;2;1;79;0;5174299;380;0
147;18;336;14;22;23;99;3.60;2;1;1;70;0;5174399;181;0
147;18;336;14;22;24;14;3.80;1;1;1;92;0;5174414;632;0
147;18;336;14;22;24;29;3.80;5;2;1;91;0;5174429;1113;0
147;18;336;14;22;24;25;3.40;6;2;1;80;0;5174425;161;0
147;18;336;14;22;24;13;3.80;3;1;1;77;0;5174413;158;0
147;18;336;14;22;25;99;4.00;3;1;1;80;0;5174599;168;0
147;18;336;14;22;26;18;4.20;7;2;1;81;0;5174618;502;0
147;18;336;14;22;27;23;3.40;8;2;1;85;0;5174723;406;0
147;18;336;14;22;27;71;6.80;1;1;1;79;0;5174771;342;0
147;18;336;14;22;29;25;3.60;5;2;1;88;0;5174925;480;0
147;18;336;14;22;29;99;3.60;6;2;1;77;0;5174999;558;0
147;18;336;14;22;30;15;3.80;8;2;1;80;0;5175015;277;0
147;18;336;14;22;30;26;3.60;5;2;1;85;0;5175026;86;0
147;18;336;14;22;31;4;3.80;6;2;1;79;0;5175104;88;0
147;18;336;14;22;33;6;3.40;6;2;1;79;0;5175306;184;0
147;18;336;14;22;33;99;3.20;3;1;1;74;0;5175399;782;0
147;18;336;14;22;33;99;3.60;2;1;1;84;0;5175399;981;0
147;18;336;14;22;35;63;3.60;3;1;1;76;0;5175563;148;0
147;18;336;14;22;35;77;3.60;8;2;1;82;0;5175577;544;0
147;18;336;14;22;36;99;3.20;8;2;1;80;0;5175699;106;0
147;18;336;14;22;37;13;3.60;6;2;1;79;0;5175713;391;0
147;18;336;14;22;37;53;3.60;3;1;1;79;0;5175753;172;0
147;18;336;14;22;38;17;3.60;7;2;1;78;0;5175817;1180;0
147;18;336;14;22;39;99;3.40;3;1;1;75;0;5175999;229;0
147;18;336;14;22;40;2;3.00;2;1;1;79;0;5176002;587;0
147;18;336;14;22;40;75;3.40;2;1;1;77;0;5176075;59;0
147;18;336;14;22;41;99;3.80;6;2;1;83;0;5176199;469;0
147;18;336;14;22;41;99;3.80;3;1;1;90;0;5176199;183;0
147;18;336;14;22;42;5;3.60;7;2;1;93;0;5176205;371;0
147;18;336;14;22;42;29;3.00;6;2;1;83;0;5176229;13;0
147;18;336;14;22;42;51;3.60;8;2;1;84;0;5176251;537;0
147;18;336;14;22;43;99;3.20;2;1;1;77;0;5176399;308;0
147;18;336;14;22;44;99;4.00;7;2;1;84;0;5176499;280;0
147;18;336;14;22;46;99;3.60;6;2;1;80;0;5176699;456;0
147;18;336;14;22;48;9;4.60;2;1;1;73;0;5176809;395;0
147;18;336;14;22;49;99;3.80;1;1;1;83;0;5176999;2197;0
147;18;336;14;22;51;99;3.00;2;1;1;75;0;5177199;367;0
147;18;336;14;22;54;99;3.60;3;1;1;77;0;5177499;1284;0
147;18;336;14;22;56;99;3.20;6;2;1;78;0;5177699;983;0
147;18;336;14;22;56;99;3.60;2;1;1;84;0;5177699;485;0
147;18;336;14;22;58;27;3.20;3;1;1;85;0;5177827;311;0
147;18;336;14;22;58;67;3.60;6;2;1;77;0;5177867;153;0
147;18;336;14;22;58;76;3.80;7;2;1;77;0;5177876;1359;0
147;18;336;14;22;58;94;3.20;2;1;1;81;0;5177894;179;0
147;18;336;14;22;59;99;4.00;6;2;1;80;0;5177999;115;0
147;18;336;14;23;1;26;3.60;2;1;1;82;0;5178126;217;0
147;18;336;14;23;1;99;3.60;8;2;1;72;0;5178199;1932;0
147;18;336;14;23;1;99;3.60;6;2;1;72;0;5178199;182;0
147;18;336;14;23;2;99;4.00;4;1;1;80;0;5178299;4866;0
147;18;336;14;23;2;99;3.60;5;2;1;77;0;5178299;3257;0
147;18;336;14;23;2;13;4.00;4;1;1;78;0;5178213;-1;0
147;18;336;14;23;3;9;3.60;7;2;1;80;0;5178309;415;0
147;18;336;14;23;3;50;3.60;6;2;1;77;0;5178350;133;5177699
147;18;336;14;23;3;99;3.40;5;2;1;83;0;5178399;83;5177699
147;18;336;14;23;4;99;3.40;4;1;1;82;0;5178499;267;0
147;18;336;14;23;4;99;3.40;6;2;1;75;0;5178499;132;5177699
147;18;336;14;23;4;99;3.40;2;1;1;83;0;5178499;357;0
147;18;336;14;23;5;22;3.40;3;1;1;77;0;5178522;681;0
147;18;336;14;23;5;99;3.80;4;1;1;80;0;5178599;85;0
147;18;336;14;23;5;99;4.00;7;2;1;81;0;5178599;273;0
147;18;336;14;23;5;9;3.20;6;2;1;75;0;5178509;-1;5177699
147;18;336;14;23;5;41;3.80;5;2;1;81;0;5178541;127;5177699
147;18;336;14;23;6;5;3.20;4;1;1;79;0;5178605;-1;5177699
147;18;336;14;23;6;99;3.20;2;1;1;83;0;5178699;185;5177699
147;18;336;14;23;6;99;3.40;3;1;1;71;0;5178699;161;5177699
147;18;336;14;23;6;99;3.60;4;1;1;81;0;5178699;79;5177699
147;18;336;14;23;8;1;4.00;4;1;1;81;0;5178801;86;5178499
147;18;336;14;23;8;8;3.40;5;2;1;75;0;5178808;250;0
147;18;336;14;23;9;99;3.80;2;1;1;80;0;5178999;286;0
147;18;336;14;23;9;99;3.20;3;1;1;74;0;5178999;282;0
147;18;336;14;23;10;3;4.00;5;2;1;87;0;5179003;178;0
147;18;336;14;23;10;3;3.20;3;1;1;76;0;5179003;-1;0
147;18;336;14;23;10;21;3.20;6;2;1;63;0;5179021;496;0
147;18;336;14;23;11;99;3.80;4;1;1;77;0;5179199;380;0
147;18;336;14;23;11;99;3.60;5;2;1;85;0;5179199;179;0
147;18;336;14;23;11;99;3.60;3;1;1;75;0;5179199;180;0
147;18;336;14;23;12;20;3.80;1;1;1;96;0;5179220;2204;0
147;18;336;14;23;12;2;3.20;6;2;1;64;0;5179202;162;0
147;18;336;14;23;12;99;3.40;7;2;1;65;0;5179299;682;0
147;18;336;14;23;13;23;3.20;3;1;1;78;0;5179323;106;0
147;18;336;14;23;13;27;3.20;2;1;1;69;0;5179327;310;0
147;18;336;14;23;13;53;4.00;6;2;1;67;0;5179353;133;0
147;18;336;14;23;13;83;3.00;5;2;1;80;0;5179383;168;0
147;18;336;14;23;14;99;3.80;5;2;1;78;0;5179499;102;5178808
147;18;336;14;23;14;99;3.40;7;2;1;76;0;5179499;181;5178808
147;18;336;14;23;15;16;3.60;2;1;1;81;0;5179516;172;5178808
147;18;336;14;23;15;26;3.00;6;2;1;76;0;5179526;151;5178808
147;18;336;14;23;15;1;3.60;5;2;1;79;0;5179501;-1;5178808
147;18;336;14;23;16;99;3.40;8;2;1;74;0;5179699;1482;0
147;18;336;14;23;17;99;3.80;3;1;1;78;0;5179799;461;0
147;18;336;14;23;17;99;4.00;7;2;1;75;0;5179799;283;0
147;18;336;14;23;17;99;3.60;2;1;1;84;0;5179799;267;0
147;18;336;14;23;18;49;3.00;3;1;1;76;0;5179849;32;0
147;18;336;14;23;19;99;3.60;6;2;1;70;0;5179999;458;0
147;18;336;14;23;20;7;4.60;5;2;1;80;0;5180007;489;0
147;18;336;14;23;20;99;4.00;7;2;1;77;0;5180099;280;0
147;18;336;14;23;20;21;3.20;8;2;1;77;0;5180021;305;0
147;18;336;14;23;21;20;3.20;5;2;1;80;0;5180120;92;0
147;18;336;14;23;22;9;3.20;5;2;1;80;0;5180209;74;0
147;18;336;14;23;22;99;5.00;6;2;1;68;0;5180299;281;0
147;18;336;14;23;23;0;3.40;5;2;1;81;0;5180300;76;0
147;18;336;14;23;23;99;3.40;1;1;1;63;0;5180399;1164;0
147;18;336;14;23;23;6;3.20;3;1;1;80;0;5180306;442;0
147;18;336;14;23;23;22;2.80;6;2;1;68;0;5180322;-1;0
147;18;336;14;23;24;14;3.40;5;2;1;80;0;5180414;98;5180007
147;18;336;14;23;24;4;4.20;7;2;1;69;0;5180404;286;0
147;18;336;14;23;25;4;3.80;5;2;1;81;0;5180504;74;5180007
147;18;336;14;23;25;99;3.60;1;1;1;77;0;5180599;180;5180007
147;18;336;14;23;25;99;3.20;6;2;1;71;0;5180599;262;0
147;18;336;14;23;25;99;4.60;7;2;1;78;0;5180599;173;0
147;18;336;14;23;27;0;3.40;6;2;1;73;0;5180700;84;0
147;18;336;14;23;27;17;3.40;2;1;1;74;0;5180717;902;0
147;18;336;14;23;28;16;3.40;6;2;1;74;0;5180816;99;0
147;18;336;14;23;28;99;3.80;5;2;1;83;0;5180899;378;0
147;18;336;14;23;28;41;3.40;7;2;1;75;0;5180841;220;0
147;18;336;14;23;29;99;4.20;3;1;1;77;0;5180999;678;0
147;18;336;14;23;29;99;3.40;2;1;1;77;0;5180999;265;0
147;18;336;14;23;29;99;3.80;6;2;1;79;0;5180999;166;0
147;18;336;14;23;30;99;3.40;6;2;1;76;0;5181099;82;5180599
147;18;336;14;23;31;31;3.00;3;1;1;82;0;5181131;112;5180599
147;18;336;14;23;31;44;3.80;7;2;1;85;0;5181144;286;0
147;18;336;14;23;31;66;3.60;5;2;1;82;0;5181166;250;0
147;18;336;14;23;32;15;3.00;2;1;1;73;0;5181215;200;0
147;18;336;14;23;33;16;3.80;8;2;1;81;0;5181316;1280;0
147;18;336;14;23;33;21;3.60;6;2;1;76;0;5181321;205;0
147;18;336;14;23;34;89;4.00;5;2;1;84;0;5181489;307;0
147;18;336;14;23;35;99;3.80;5;2;1;86;0;5181599;92;0
147;18;336;14;23;36;20;3.20;6;2;1;72;0;5181620;281;0
147;18;336;14;23;36;65;3.00;3;1;1;81;0;5181665;520;0
147;18;336;14;23;36;76;3.60;6;2;1;73;0;5181676;40;0
147;18;336;14;23;38;4;3.00;6;2;1;75;0;5181804;110;0
147;18;336;14;23;39;74;4.00;5;2;1;80;0;5181974;359;0
147;18;336;14;23;39;99;3.60;7;2;1;81;0;5181999;838;0
147;18;336;14;23;40;1;3.60;6;2;1;74;0;5182001;182;0
147;18;336;14;23;41;30;3.40;3;1;1;84;0;5182130;451;0
147;18;336;14;23;42;12;3.80;2;1;1;93;0;5182212;982;0
147;18;336;14;23;43;99;2.80;3;1;1;79;0;5182399;254;0
147;18;336;14;23;43;2;3.60;2;1;1;84;0;5182302;75;0
147;18;336;14;23;43;6;3.60;6;2;1;75;0;5182306;287;0
147;18;336;14;23;44;67;3.40;3;1;1;76;0;5182467;55;0
147;18;336;14;23;46;40;3.60;2;1;1;82;0;5182640;322;0
147;18;336;14;23;47;19;3.80;6;2;1;75;0;5182719;395;0
147;18;336;14;23;47;99;3.80;5;2;1;81;0;5182799;807;0
147;18;336;14;23;47;99;3.40;3;1;1;76;0;5182799;315;0
147;18;336;14;23;48;99;3.20;2;1;1;79;0;5182899;243;0
147;18;336;14;23;48;99;3.40;6;2;1;75;0;5182899;161;0
147;18;336;14;23;49;11;3.80;4;1;1;81;0;5182911;3694;0
147;18;336;14;23;49;56;3.60;1;1;1;77;0;5182956;2340;0
147;18;336;14;23;49;81;3.40;5;2;1;78;0;5182981;165;0
147;18;336;14;23;49;99;3.80;2;1;1;74;0;5182999;85;0
147;18;336;14;23;50;18;3.60;4;1;1;80;0;5183018;90;0
147;18;336;14;23;50;99;3.40;7;2;1;74;0;5183099;1084;0
147;18;336;14;23;51;99;3.60;5;2;1;80;0;5183199;202;0
147;18;336;14;23;51;7;3.20;4;1;1;80;0;5183107;72;0
147;18;336;14;23;53;4;3.20;6;2;1;73;0;5183304;388;0
147;18;336;14;23;53;99;3.40;4;1;1;81;0;5183399;277;0
147;18;336;14;23;53;99;3.20;7;2;1;88;0;5183399;283;0
147;18;336;14;23;54;7;4.40;3;1;1;79;0;5183407;591;0
147;18;336;14;23;54;39;3.60;1;1;1;82;0;5183439;466;0
147;18;336;14;23;54;64;3.60;4;1;1;83;0;5183464;49;0
147;18;336;14;23;54;91;3.60;5;2;1;93;0;5183491;275;0
147;18;336;14;23;55;99;4.20;7;2;1;87;0;5183599;186;0
147;18;336;14;23;55;99;3.40;6;2;1;76;0;5183599;279;0
147;18;336;14;23;55;99;3.00;1;1;1;69;0;5183599;144;0
147;18;336;14;23;56;1;3.60;5;2;1;85;0;5183601;96;0
147;18;336;14;23;56;33;3.20;2;1;1;78;0;5183633;615;0
147;18;336;14;23;57;6;3.60;6;2;1;78;0;5183706;90;0
147;18;336;14;23;57;99;3.80;2;1;1;77;0;5183799;151;0
147;18;336;14;23;58;4;3.40;5;2;1;84;0;5183804;187;0
147;18;336;14;23;58;99;3.60;6;2;1;77;0;5183899;176;0
147;18;336;14;23;59;17;3.40;5;2;1;88;0;5183917;98;0
147;18;336;14;23;59;17;3.60;7;2;1;84;0;5183917;300;0
147;18;336;14;23;59;19;3.40;3;1;1;78;0;5183919;491;0
147;18;336;14;23;59;43;4.20;6;2;1;78;0;5183943;27;0
147;18;336;14;24;0;10;4.00;5;2;1;89;0;5184010;79;5183491
147;18;336;14;24;0;21;3.60;1;1;1;76;0;5184021;406;0
147;18;336;14;24;1;99;3.60;2;1;1;76;0;5184199;382;0
147;18;336;14;24;1;99;3.20;5;2;1;85;0;5184199;172;5183491
147;18;336;14;24;0;27;5.80;7;2;1;29;0;5184027;94;5183491
147;18;336;14;24;2;11;3.40;6;2;1;81;0;5184211;248;0
147;18;336;14;24;2;85;4.00;7;2;1;84;0;5184285;186;0
147;18;336;14;24;3;99;3.60;1;1;1;80;0;5184399;360;0
147;18;336;14;24;3;99;3.40;7;2;1;82;0;5184399;96;0
147;18;336;14;24;4;27;3.40;1;1;1;75;0;5184427;11;0
147;18;336;14;24;4;52;5.20;7;2;1;81;0;5184452;38;5183917
147;18;336;14;24;5;99;3.40;4;1;1;79;0;5184599;1119;0
147;18;336;14;24;5;99;3.60;7;2;1;83;0;5184599;123;5183917
147;18;336;14;24;6;5;3.40;1;1;1;74;0;5184605;161;5183917
147;18;336;14;24;7;58;4.00;5;2;1;86;0;5184758;545;0
147;18;336;14;24;7;62;3.80;2;1;1;77;0;5184762;545;0
147;18;336;14;24;7;89;3.80;7;2;1;85;0;5184789;174;5183917
147;18;336;14;24;7;98;3.80;3;1;1;70;0;5184798;863;0
147;18;336;14;24;8;20;4.00;5;2;1;84;0;5184820;45;0
147;18;336;14;24;8;99;3.00;6;2;1;77;0;5184899;672;0
147;18;336;14;24;9;0;3.80;3;1;1;71;0;5184900;82;0
147;18;336;14;24;10;99;3.40;6;2;1;77;0;5185099;185;0
147;18;336;14;24;10;99;3.40;5;2;1;83;0;5185099;261;0
147;18;336;14;24;10;99;3.40;3;1;1;76;0;5185099;179;0
147;18;336;14;24;12;69;3.80;3;1;1;75;0;5185269;153;0
147;18;336;14;24;13;99;3.40;4;1;1;79;0;5185399;784;0
147;18;336;14;24;14;8;3.60;3;1;1;73;0;5185408;120;5184798
147;18;336;14;24;14;17;3.80;2;1;1;79;0;5185417;637;0
147;18;336;14;24;15;5;3.60;6;2;1;72;0;5185505;390;0
147;18;336;14;24;15;24;3.20;2;1;1;79;0;5185524;89;0
147;18;336;14;24;15;99;3.80;4;1;1;83;0;5185599;184;0
147;18;336;14;24;16;99;5.40;6;2;1;74;0;5185699;176;0
147;18;336;14;24;16;99;3.60;7;2;1;82;0;5185699;893;0
147;18;336;14;24;15;78;17.60;3;1;5;76;0;5185578;152;5184798
147;18;336;14;24;17;37;3.40;6;2;1;81;0;5185737;11;5184798
147;18;336;14;24;17;83;3.80;1;1;1;79;0;5185783;1161;0
147;18;336;14;24;17;89;3.60;3;1;1;71;0;5185789;127;5184798
147;18;336;14;24;20;12;4.00;3;1;1;73;0;5186012;204;0
147;18;336;14;24;20;99;4.40;6;2;1;79;0;5186099;346;0
147;18;336;14;24;21;99;3.80;3;1;1;73;0;5186199;167;0
147;18;336;14;24;22;42;3.60;3;1;1;77;0;5186242;24;0
147;18;336;14;24;24;99;3.40;6;2;1;79;0;5186499;379;0
147;18;336;14;24;27;99;3.00;2;1;1;75;0;5186799;1260;0
147;18;336;14;24;27;60;3.60;1;1;1;78;0;5186760;959;0
147;18;336;14;24;28;93;3.20;6;2;1;75;0;5186893;378;0
147;18;336;14;24;30;99;3.20;6;2;1;76;0;5187099;190;0
147;18;336;14;24;31;99;3.20;4;1;1;81;0;5187199;1583;0
147;18;336;14;24;31;99;3.80;5;2;1;80;0;5187199;2085;0
147;18;336;14;24;33;99;3.60;3;1;1;79;0;5187399;1140;0
147;18;336;14;24;33;99;3.60;5;2;1;78;0;5187399;182;0
147;18;336;14;24;34;1;3.60;6;2;1;74;0;5187401;286;0
147;18;336;14;24;35;0;3.00;6;2;1;74;0;5187500;81;0
147;18;336;14;24;35;7;4.80;2;1;1;74;0;5187507;693;0
147;18;336;14;24;35;22;4.00;5;2;1;81;0;5187522;106;0
147;18;336;14;24;36;99;3.60;6;2;1;70;0;5187699;184;0
147;18;336;14;24;37;1;3.80;2;1;1;77;0;5187701;170;0
147;18;336;14;24;34;20;4.40;7;2;1;11;0;5187420;1705;0
147;18;336;14;24;38;9;3.60;3;1;1;79;0;5187809;393;0
147;18;336;14;24;38;11;3.40;6;2;1;74;0;5187811;93;0
147;18;336;14;24;38;15;3.80;2;1;1;77;0;5187815;96;0
147;18;336;14;24;38;78;3.40;7;2;1;80;0;5187878;314;0
147;18;336;14;24;39;99;3.20;6;2;1;76;0;5187999;171;5187401
147;18;336;14;24;39;99;3.20;3;1;1;79;0;5187999;173;5187401
147;18;336;14;24;40;15;3.20;8;2;1;81;0;5188015;6682;0
147;18;336;14;24;40;53;3.40;5;2;1;82;0;5188053;513;0
147;18;336;14;24;40;80;3.20;2;1;1;80;0;5188080;247;0
147;18;336;14;24;41;99;3.60;6;2;1;77;0;5188199;184;5187401
147;18;336;14;24;41;99;3.60;5;2;1;80;0;5188199;131;5187401
147;18;336;14;24;43;85;4.00;1;1;1;89;0;5188385;1608;0
147;18;336;14;24;43;99;3.20;6;2;1;82;0;5188399;183;5187401
147;18;336;14;24;43;99;3.20;2;1;1;73;0;5188399;304;0
147;18;336;14;24;45;14;3.00;2;1;1;75;0;5188514;99;0
147;18;336;14;24;46;99;6.00;4;1;1;83;0;5188699;1485;0
147;18;336;14;24;48;68;3.40;5;2;1;88;0;5188868;652;0
147;18;336;14;24;48;64;4.00;7;2;1;85;0;5188864;970;0
147;18;336;14;24;49;3;3.40;6;2;1;82;0;5188903;489;0
147;18;336;14;24;51;99;3.20;5;2;1;85;0;5189199;317;0
147;18;336;14;24;53;19;3.20;3;1;1;90;0;5189319;1305;0
147;18;336;14;24;53;31;7.00;6;2;1;81;0;5189331;413;0
147;18;336;14;24;54;99;3.20;6;2;1;83;0;5189499;136;0
147;18;336;14;24;58;27;3.60;6;2;1;86;0;5189827;314;0
147;18;336;14;24;58;27;4.00;2;1;1;82;0;5189827;1298;0
147;18;336;14;25;0;10;4.00;2;1;1;75;0;5190010;165;0
147;18;336;14;25;0;32;3.80;1;1;1;75;0;5190032;1630;0
147;18;336;14;25;1;2;3.20;3;1;1;75;0;5190102;770;0
147;18;336;14;25;3;58;3.60;8;2;1;67;0;5190358;2328;0
147;18;336;14;25;3;41;7.40;3;1;6;72;0;5190341;223;0
147;18;336;14;25;4;99;3.40;6;2;1;75;0;5190499;656;0
147;18;336;14;25;4;99;3.40;2;1;1;79;0;5190499;469;0
147;18;336;14;25;4;99;3.60;8;2;1;69;0;5190499;121;0
147;18;336;14;25;4;99;3.20;3;1;1;68;0;5190499;121;0
147;18;336;14;25;6;1;3.20;3;1;1;76;0;5190601;85;0
147;18;336;14;25;6;72;3.20;6;2;1;76;0;5190672;156;0
147;18;336;14;25;7;99;3.40;8;2;1;84;0;5190799;281;0
147;18;336;14;25;7;99;3.40;3;1;1;79;0;5190799;182;0
147;18;336;14;25;7;99;3.80;2;1;1;71;0;5190799;284;0
147;18;336;14;25;8;16;4.00;1;1;1;80;0;5190816;765;0
147;18;336;14;25;8;9;3.80;6;2;1;78;0;5190809;121;0
147;18;336;14;25;6;98;4.00;7;2;1;19;0;5190698;1817;0
147;18;336;14;25;9;99;3.60;6;2;1;80;0;5190999;172;0
147;18;336;14;25;10;99;3.80;3;1;1;75;0;5191099;284;0
147;18;336;14;25;10;99;3.20;6;2;1;82;0;5191099;83;5190499
147;18;336;14;25;11;2;4.00;4;1;1;80;0;5191102;2376;0
147;18;336;14;25;11;94;4.40;7;2;1;84;0;5191194;420;0
147;18;336;14;25;13;7;3.40;6;2;1;79;0;5191307;193;5190499
147;18;336;14;25;13;17;3.60;5;2;1;86;0;5191317;2104;0
147;18;336;14;25;14;99;3.20;6;2;1;81;0;5191499;176;5190499
147;18;336;14;25;14;99;3.60;5;2;1;88;0;5191499;166;5190499
147;18;336;14;25;14;99;4.00;7;2;1;78;0;5191499;286;0
147;18;336;14;25;14;99;4.20;3;1;1;72;0;5191499;381;0
147;18;336;14;25;15;99;3.40;6;2;1;82;0;5191599;85;5190499
147;18;336;14;25;16;19;3.60;8;2;1;83;0;5191619;805;0
147;18;336;14;25;15;91;8.60;7;2;2;64;0;5191591;73;0
147;18;336;14;25;18;21;3.80;5;2;1;83;0;5191821;307;0
147;18;336;14;25;19;99;3.80;2;1;1;80;0;5191999;1180;0
147;18;336;14;25;20;99;3.60;2;1;1;79;0;5192099;82;0
147;18;336;14;25;21;26;6.20;7;2;1;74;0;5192126;486;0
147;18;336;14;25;21;90;3.20;3;1;1;79;0;5192190;670;0
147;18;336;14;25;23;27;2.80;6;2;1;79;0;5192327;713;0
147;18;336;14;25;24;80;3.80;7;2;1;82;0;5192480;323;0
147;18;336;14;25;24;99;3.60;2;1;1;79;0;5192499;383;0
147;18;336;14;25;25;4;3.40;4;1;1;78;0;5192504;1384;0
147;18;336;14;25;25;10;4.00;3;1;1;74;0;5192510;305;0
147;18;336;14;25;25;22;3.20;7;2;1;77;0;5192522;25;0
147;18;336;14;25;25;27;3.40;1;1;1;83;0;5192527;1693;0
147;18;336;14;25;26;7;3.80;7;2;1;79;0;5192607;70;0
147;18;336;14;25;26;35;3.60;4;1;1;77;0;5192635;115;0
147;18;336;14;25;26;78;3.80;6;2;1;82;0;5192678;338;0
147;18;336;14;25;27;99;3.40;3;1;1;81;0;5192799;269;0
147;18;336;14;25;27;99;3.80;4;1;1;79;0;5192799;147;0
147;18;336;14;25;28;99;3.80;2;1;1;79;0;5192899;383;0
147;18;336;14;25;28;99;3.60;6;2;1;79;0;5192899;204;0
147;18;336;14;25;28;3;3.60;5;2;1;76;0;5192803;965;0
147;18;336;14;25;28;17;3.80;3;1;1;92;0;5192817;2;0
147;18;336;14;25;29;99;3.80;5;2;1;77;0;5192999;178;0
147;18;336;14;25;29;99;3.20;4;1;1;84;0;5192999;182;0
147;18;336;14;25;30;15;3.80;7;2;1;78;0;5193015;390;0
147;18;336;14;25;30;99;3.60;5;2;1;79;0;5193099;82;0
147;18;336;14;25;31;19;3.00;6;2;1;75;0;5193119;203;0
147;18;336;14;25;32;1;3.80;7;2;1;82;0;5193201;168;0
147;18;336;14;25;32;7;3.40;6;2;1;74;0;5193207;73;0
147;18;336;14;25;32;15;3.80;2;1;1;77;0;5193215;298;0
147;18;336;14;25;32;99;3.20;7;2;1;77;0;5193299;81;0
147;18;336;14;25;33;12;3.40;4;1;1;84;0;5193312;299;0
147;18;336;14;25;35;22;4.00;7;2;1;80;0;5193522;208;0
147;18;336;14;25;35;99;3.40;8;2;1;88;0;5193599;1964;0
147;18;336;14;25;35;99;3.20;2;1;1;75;0;5193599;366;0
147;18;336;14;25;35;99;5.00;3;1;1;73;0;5193599;767;0
147;18;336;14;25;36;36;3.40;2;1;1;77;0;5193636;21;0
147;18;336;14;25;37;9;3.60;5;2;1;90;0;5193709;593;0
147;18;336;14;25;37;23;3.60;6;2;1;82;0;5193723;499;0
147;18;336;14;25;37;95;4.00;1;1;1;78;0;5193795;1253;0
147;18;336;14;25;37;99;3.40;4;1;1;80;0;5193799;472;0
147;18;336;14;25;38;9;3.80;8;2;1;84;0;5193809;196;0
147;18;336;14;25;38;99;3.60;7;2;1;87;0;5193899;359;0
147;18;336;14;25;39;0;3.80;3;1;1;81;0;5193900;276;0
147;18;336;14;25;40;31;3.20;7;2;1;83;0;5194031;117;0
147;18;336;14;25;40;99;3.40;2;1;1;90;0;5194099;447;0
147;18;336;14;25;40;99;3.60;3;1;1;83;0;5194099;182;0
147;18;336;14;25;41;2;3.80;4;1;1;86;0;5194102;287;0
147;18;336;14;25;41;29;3.60;3;1;1;84;0;5194129;14;0
147;18;336;14;25;41;39;3.40;7;2;1;81;0;5194139;94;0
147;18;336;14;25;42;92;3.40;2;1;1;87;0;5194292;179;0
147;18;336;14;25;43;27;4.00;5;2;1;85;0;5194327;603;0
147;18;336;14;25;44;19;3.80;8;2;1;83;0;5194419;593;0
147;18;336;14;25;44;58;4.00;4;1;1;81;0;5194458;340;0
147;18;336;14;25;46;7;3.40;3;1;1;82;0;5194607;462;0
147;18;336;14;25;47;86;4.40;6;2;1;78;0;5194786;1047;0
147;18;336;14;25;49;52;3.40;5;2;1;79;0;5194952;608;0
147;18;336;14;25;50;15;3.40;2;1;1;85;0;5195015;708;0
147;18;336;14;25;50;99;4.00;6;2;1;77;0;5195099;292;0
147;18;336;14;25;52;74;3.40;6;2;1;75;0;5195274;156;0
147;18;336;14;25;52;91;3.60;4;1;1;83;0;5195291;815;0
147;18;336;14;25;53;99;3.60;6;2;1;78;0;5195399;108;0
147;18;336;14;25;53;99;3.40;3;1;1;79;0;5195399;777;0
147;18;336;14;25;54;11;2.80;1;1;1;67;0;5195411;1597;0
147;18;336;14;25;54;63;4.00;2;1;1;81;0;5195463;433;0
147;18;336;14;25;55;1;3.80;8;2;1;72;0;5195501;1065;0
147;18;336;14;25;55;99;3.20;6;2;1;77;0;5195599;183;0
147;18;336;14;25;55;99;3.60;3;1;1;80;0;5195599;184;0
147;18;336;14;25;55;99;2.80;1;1;1;67;0;5195599;172;0
147;18;336;14;25;56;2;3.60;7;2;1;79;0;5195602;1447;0
147;18;336;14;25;56;10;3.20;5;2;1;85;0;5195610;642;0
147;18;336;14;25;56;5;3.60;4;1;1;86;0;5195605;298;0
147;18;336;14;25;57;63;3.80;3;1;1;77;0;5195763;147;0
147;18;336;14;25;57;99;3.80;8;2;1;100;0;5195799;279;0
147;18;336;14;25;57;99;4.20;7;2;1;101;0;5195799;180;0
147;18;336;14;25;58;99;3.60;7;2;1;76;0;5195899;85;0
147;18;336;14;25;59;7;3.60;7;2;1;74;0;5195907;-1;0
147;18;336;14;25;59;39;3.20;6;2;1;81;0;5195939;325;0
147;18;336;14;25;59;36;4.00;3;1;1;76;0;5195936;155;0
147;18;336;14;26;0;76;5.20;2;1;1;77;0;5196076;595;0
147;18;336;14;26;0;99;3.40;6;2;1;74;0;5196099;145;0
147;18;336;14;26;1;99;4.00;2;1;1;76;0;5196199;98;0
147;18;336;14;26;2;14;3.40;3;1;1;76;0;5196214;259;0
147;18;336;14;26;2;20;3.80;6;2;1;76;0;5196220;104;0
147;18;336;14;26;2;60;3.40;2;1;1;77;0;5196260;42;0
147;18;336;14;26;3;4;3.60;5;2;1;79;0;5196304;680;0
147;18;336;14;26;3;99;3.40;6;2;1;74;0;5196399;161;0
147;18;336;14;26;3;99;4.00;7;2;1;80;0;5196399;474;0
147;18;336;14;26;3;99;3.60;5;2;1;80;0;5196399;78;0
147;18;336;14;26;4;99;3.60;4;1;1;81;0;5196499;878;0
147;18;336;14;26;4;99;3.60;3;1;1;72;0;5196499;268;0
147;18;336;14;26;5;5;3.60;6;2;1;77;0;5196505;89;5195939
147;18;336;14;26;5;58;3.60;2;1;1;66;0;5196558;282;0
147;18;336;14;26;6;99;3.00;6;2;1;76;0;5196699;177;5195939
147;18;336;14;26;6;99;3.80;4;1;1;82;0;5196699;184;5195939
147;18;336;14;26;7;14;4.20;3;1;1;71;0;5196714;197;5195939
147;18;336;14;26;7;68;4.80;6;2;1;80;0;5196768;54;5195939
147;18;336;14;26;8;99;3.80;4;1;1;80;0;5196899;183;5195939
147;18;336;14;26;8;99;3.80;2;1;1;79;0;5196899;321;0
147;18;336;14;26;9;99;3.60;8;2;1;83;0;5196999;1186;0
147;18;336;14;26;9;99;3.60;6;2;1;70;0;5196999;209;0
147;18;336;14;26;10;4;3.40;3;1;1;74;0;5197004;268;0
147;18;336;14;26;10;9;3.40;7;2;1;80;0;5197009;592;0
147;18;336;14;26;10;89;3.60;2;1;1;80;0;5197089;172;0
147;18;336;14;26;11;0;3.80;3;1;1;74;0;5197100;79;0
147;18;336;14;26;11;8;3.80;7;2;1;78;0;5197108;83;0
147;18;336;14;26;11;99;3.60;5;2;1;80;0;5197199;783;0
147;18;336;14;26;12;15;3.40;5;2;1;83;0;5197215;-1;0
147;18;336;14;26;12;99;3.20;3;1;1;74;0;5197299;180;0
147;18;336;14;26;12;13;3.40;6;2;1;75;0;5197213;195;0
147;18;336;14;26;13;5;3.60;6;2;1;76;0;5197305;75;0
147;18;336;14;26;14;99;4.20;7;2;1;72;0;5197499;373;0
147;18;336;14;26;14;99;3.80;4;1;1;74;0;5197499;582;0
147;18;336;14;26;14;12;3.80;3;1;1;90;0;5197412;97;0
147;18;336;14;26;14;18;3.60;8;2;1;81;0;5197418;403;0
147;18;336;14;26;15;57;3.80;2;1;1;75;0;5197557;451;0
147;18;336;14;26;15;68;3.60;7;2;1;72;0;5197568;48;0
147;18;336;14;26;15;94;3.80;6;2;1;77;0;5197594;271;0
147;18;336;14;26;16;99;3.60;7;2;1;73;0;5197699;113;0
147;18;336;14;26;16;99;4.60;3;1;1;82;0;5197699;271;0
147;18;336;14;26;16;99;3.80;4;1;1;80;0;5197699;181;0
147;18;336;14;26;17;51;3.00;6;2;1;78;0;5197751;139;0
147;18;336;14;26;17;48;3.60;3;1;1;76;0;5197748;28;0
147;18;336;14;26;19;5;3.40;2;1;1;80;0;5197905;329;0
147;18;336;14;26;19;99;3.20;7;2;1;80;0;5197999;282;0
147;18;336;14;26;19;99;3.80;6;2;1;76;0;5197999;234;0
147;18;336;14;26;21;11;3.60;6;2;1;77;0;5198111;94;0
147;18;336;14;26;21;99;3.80;8;2;1;86;0;5198199;765;0
147;18;336;14;26;22;23;3.20;6;2;1;81;0;5198223;95;0
147;18;336;14;26;22;41;4.40;3;1;1;83;0;5198241;475;0
147;18;336;14;26;23;89;3.60;6;2;1;73;0;5198389;151;0
147;18;336;14;26;23;99;4.00;4;1;1;86;0;5198399;682;0
147;18;336;14;26;23;99;4.00;5;2;1;85;0;5198399;1169;0
147;18;336;14;26;24;99;3.60;5;2;1;84;0;5198499;83;0
147;18;336;14;26;24;99;3.20;2;1;1;84;0;5198499;578;0
147;18;336;14;26;25;51;3.40;6;2;1;73;0;5198551;144;5197999
147;18;336;14;26;26;8;3.60;7;2;1;79;0;5198608;594;0
147;18;336;14;26;26;11;3.80;5;2;1;84;0;5198611;96;0
147;18;336;14;26;26;99;3.00;2;1;1;74;0;5198699;186;0
147;18;336;14;26;26;99;4.00;6;2;1;71;0;5198699;131;5197999
147;18;336;14;26;27;7;4.40;1;1;1;77;0;5198707;3092;0
147;18;336;14;26;27;99;3.20;6;2;1;72;0;5198799;79;5197999
147;18;336;14;26;27;26;3.80;4;1;1;79;0;5198726;310;0
147;18;336;14;26;28;70;3.60;2;1;1;76;0;5198870;156;0
147;18;336;14;26;29;99;3.20;3;1;1;75;0;5198999;738;0
147;18;336;14;26;31;99;3.40;6;2;1;82;0;5199199;384;0
147;18;336;14;26;31;99;3.40;2;1;1;73;0;5199199;311;0
147;18;336;14;26;32;99;3.60;1;1;1;73;0;5199299;571;0
147;18;336;14;26;32;2;3.80;3;1;1;83;0;5199202;187;0
147;18;336;14;26;33;88;3.60;2;1;1;80;0;5199388;172;0
147;18;336;14;26;34;99;3.60;2;1;1;78;0;5199499;94;0
147;18;336;14;26;35;13;3.40;3;1;1;78;0;5199513;294;0
147;18;336;14;26;35;67;3.40;6;2;1;79;0;5199567;353;0
147;18;336;14;26;37;13;3.00;6;2;1;75;0;5199713;130;0
147;18;336;14;26;38;22;4.40;2;1;1;86;0;5199822;306;0
147;18;336;14;26;38;81;3.80;5;2;1;80;0;5199881;1253;0
147;18;336;14;26;40;24;3.60;4;1;1;85;0;5200024;1280;0
147;18;336;14;26;40;55;3.20;6;2;1;76;0;5200055;327;0
147;18;336;14;26;41;3;5.60;7;2;1;86;0;5200103;1478;0
147;18;336;14;26;41;99;3.60;1;1;1;75;0;5200199;882;0
147;18;336;14;26;42;25;3.60;4;1;1;80;0;5200225;185;0
147;18;336;14;26;42;99;4.00;7;2;1;82;0;5200299;172;0
147;18;336;14;26;42;99;3.20;5;2;1;83;0;5200299;400;0
147;18;336;14;26;42;99;3.60;3;1;1;76;0;5200299;770;0
147;18;336;14;26;43;89;3.60;7;2;1;86;0;5200389;72;0
147;18;336;14;26;44;99;3.60;3;1;1;79;0;5200499;182;0
147;18;336;14;26;45;26;3.40;5;2;1;83;0;5200526;213;0
147;18;336;14;26;45;26;3.60;6;2;1;82;0;5200526;455;0
147;18;336;14;26;46;99;3.80;3;1;1;77;0;5200699;183;0
147;18;336;14;26;46;99;3.60;7;2;1;76;0;5200699;294;0
147;18;336;14;26;46;99;3.20;1;1;1;76;0;5200699;482;0
147;18;336;14;26;46;99;3.40;6;2;1;72;0;5200699;157;0
147;18;336;14;26;47;99;3.80;5;2;1;79;0;5200799;258;0
147;18;336;14;26;49;3;4.00;7;2;1;80;0;5200903;186;0
147;18;336;14;26;49;9;3.60;2;1;1;83;0;5200909;1068;0
147;18;336;14;26;49;99;2.80;6;2;1;74;0;5200999;283;0
147;18;336;14;26;50;99;3.40;3;1;1;79;0;5201099;382;0
147;18;336;14;26;51;99;3.60;7;2;1;89;0;5201199;278;0
147;18;336;14;26;51;99;3.00;3;1;1;80;0;5201199;84;0
147;18;336;14;26;51;99;3.60;4;1;1;79;0;5201199;957;0
147;18;336;14;26;53;15;3.80;6;2;1;81;0;5201315;302;0
147;18;336;14;26;53;12;3.80;4;1;1;81;0;5201312;96;0
147;18;336;14;26;54;22;3.60;2;1;1;96;0;5201422;497;0
147;18;336;14;26;53;21;23.60;3;1;5;83;0;5201321;108;0
147;18;336;14;26;54;99;3.20;6;2;1;72;0;5201499;167;0
147;18;336;14;26;55;99;3.60;1;1;1;79;0;5201599;884;0
147;18;336;14;26;56;99;3.20;2;1;1;82;0;5201699;263;0
147;18;336;14;26;57;99;4.00;7;2;1;79;0;5201799;585;0
147;18;336;14;26;57;99;3.00;3;1;1;83;0;5201799;375;0
147;18;336;14;26;58;6;3.80;2;1;1;83;0;5201806;92;0
147;18;336;14;26;58;7;3.60;6;2;1;82;0;5201807;292;0
147;18;336;14;26;59;99;3.80;6;2;1;97;0;5201999;176;0
147;18;336;14;27;0;7;3.20;1;1;1;84;0;5202007;391;0
147;18;336;14;27;0;2;3.80;3;1;1;77;0;5202002;189;0
147;18;336;14;27;2;1;3.40;6;2;1;78;0;5202201;187;0
147;18;336;14;27;3;16;3.60;2;1;1;78;0;5202316;493;0
147;18;336;14;27;3;47;3.20;6;2;1;73;0;5202347;130;0
147;18;336;14;27;3;54;3.80;2;1;1;78;0;5202354;21;0
147;18;336;14;27;4;22;3.80;4;1;1;79;0;5202422;1093;0
147;18;336;14;27;5;1;3.40;3;1;1;78;0;5202501;481;0
147;18;336;14;27;5;99;4.00;3;1;1;81;0;5202599;82;0
147;18;336;14;27;6;4;3.60;4;1;1;84;0;5202604;164;0
147;18;336;14;27;6;39;3.40;2;1;1;73;0;5202639;267;0
147;18;336;14;27;7;99;3.40;1;1;1;75;0;5202799;778;0
147;18;336;14;27;7;99;3.60;3;1;1;78;0;5202799;182;0
147;18;336;14;27;7;99;3.40;5;2;1;83;0;5202799;1982;0
147;18;336;14;27;8;99;3.20;4;1;1;85;0;5202899;279;0
147;18;336;14;27;8;24;3.80;2;1;1;79;0;5202824;168;0
147;18;336;14;27;9;13;3.60;6;2;1;79;0;5202913;550;0
147;18;336;14;27;10;99;7.40;7;2;1;91;0;5203099;1281;0
147;18;336;14;27;10;99;3.20;6;2;1;78;0;5203099;169;0
147;18;336;14;27;11;78;4.00;2;1;1;75;0;5203178;336;0
147;18;336;14;27;12;16;3.60;3;1;1;83;0;5203216;400;0
147;18;336;14;27;12;99;3.40;8;2;1;80;0;5203299;5084;0
147;18;336;14;27;13;99;3.60;5;2;1;82;0;5203399;585;0
147;18;336;14;27;14;0;3.60;2;1;1;89;0;5203400;202;0
147;18;336;14;27;14;52;3.60;6;2;1;72;0;5203452;338;0
147;18;336;14;27;14;99;3.80;1;1;1;73;0;5203499;683;0
147;18;336;14;27;15;99;3.80;4;1;1;79;0;5203599;686;0
147;18;336;14;27;15;99;3.80;6;2;1;73;0;5203599;129;0
147;18;336;14;27;16;8;3.60;8;2;1;77;0;5203608;293;0
147;18;336;14;27;16;33;5.00;4;1;1;80;0;5203633;16;0
147;18;336;14;27;16;52;3.60;7;2;1;85;0;5203652;523;0
147;18;336;14;27;17;99;3.80;7;2;1;83;0;5203799;131;0
147;18;336;14;27;17;99;5.00;2;1;1;81;0;5203799;384;0
147;18;336;14;27;18;99;3.60;7;2;1;78;0;5203899;83;0
147;18;336;14;27;18;99;3.20;3;1;1;75;0;5203899;667;0
147;18;336;14;27;19;99;3.20;3;1;1;76;0;5203999;84;0
147;18;336;14;27;20;99;3.60;4;1;1;78;0;5204099;443;0
147;18;336;14;27;20;99;3.20;6;2;1;78;0;5204099;481;0
147;18;336;14;27;20;99;5.60;2;1;1;78;0;5204099;277;0
147;18;336;14;27;21;13;3.40;7;2;1;76;0;5204113;197;0
147;18;336;14;27;21;47;3.60;3;1;1;79;0;5204147;132;0
147;18;336;14;27;22;99;3.60;5;2;1;81;0;5204299;884;0
147;18;336;14;27;22;99;3.60;2;1;1;76;0;5204299;174;0
147;18;336;14;27;23;24;3.40;7;2;1;76;0;5204324;194;5203652
147;18;336;14;27;23;99;3.00;6;2;1;78;0;5204399;285;0
147;18;336;14;27;23;99;3.40;5;2;1;82;0;5204399;84;0
147;18;336;14;27;24;66;3.80;3;1;1;82;0;5204466;302;0
147;18;336;14;27;25;8;3.20;6;2;1;79;0;5204508;95;0
147;18;336;14;27;26;3;3.40;5;2;1;82;0;5204603;189;0
147;18;336;14;27;26;99;3.60;1;1;1;79;0;5204699;1181;0
147;18;336;14;27;26;16;3.40;4;1;1;84;0;5204616;500;0
147;18;336;14;27;27;10;3.20;7;2;1;77;0;5204710;369;0
147;18;336;14;27;27;99;3.40;6;2;1;78;0;5204799;276;0
147;18;336;14;27;28;7;3.60;3;1;1;84;0;5204807;324;0
147;18;336;14;27;28;17;3.40;5;2;1;81;0;5204817;199;0
147;18;336;14;27;29;65;3.60;5;2;1;87;0;5204965;132;5204299
147;18;336;14;27;31;1;3.40;3;1;1;77;0;5205101;278;0
147;18;336;14;27;34;11;3.40;3;1;1;76;0;5205411;294;0
147;18;336;14;27;34;71;3.60;7;2;1;80;0;5205471;746;0
147;18;336;14;27;35;99;3.60;6;2;1;85;0;5205599;784;0
147;18;336;14;27;35;99;3.80;3;1;1;76;0;5205599;171;0
147;18;336;14;27;36;24;3.20;2;1;1;81;0;5205624;1307;0
147;18;336;14;27;36;3;4.00;4;1;1;81;0;5205603;972;0
147;18;336;14;27;37;92;3.60;2;1;1;81;0;5205792;153;0
147;18;336;14;27;37;99;3.80;6;2;1;77;0;5205799;184;0
147;18;336;14;27;38;99;4.00;4;1;1;80;0;5205899;278;0
147;18;336;14;27;38;99;3.60;3;1;1;84;0;5205899;282;0
147;18;336;14;27;40;4;3.60;4;1;1;87;0;5206004;87;0
147;18;336;14;27;41;99;3.60;3;1;1;83;0;5206199;284;0
147;18;336;14;27;41;12;3.60;4;1;1;88;0;5206112;93;0
147;18;336;14;27;42;7;3.60;5;2;1;83;0;5206207;1227;0
147;18;336;14;27;42;99;3.80;6;2;1;79;0;5206299;482;0
147;18;336;14;27;44;25;3.60;6;2;1;82;0;5206425;108;0
147;18;336;14;27;44;55;3.40;3;1;1;84;0;5206455;240;0
147;18;336;14;27;45;94;3.60;6;2;1;79;0;5206594;153;0
147;18;336;14;27;47;66;3.00;3;1;1;85;0;5206766;296;0
147;18;336;14;27;48;99;3.60;4;1;1;83;0;5206899;772;0
147;18;336;14;27;49;25;3.40;3;1;1;81;0;5206925;146;0
147;18;336;14;27;50;14;4.60;6;2;1;78;0;5207014;403;0
147;18;336;14;27;50;89;3.60;3;1;1;79;0;5207089;148;0
147;18;336;14;27;51;20;3.80;6;2;1;81;0;5207120;84;0
147;18;336;14;27;51;99;3.40;8;2;1;80;0;5207199;3574;0
147;18;336;14;27;52;75;3.60;2;1;1;77;0;5207275;1467;0
147;18;336;14;27;52;79;3.60;4;1;1;80;0;5207279;364;0
147;18;336;14;27;52;90;3.80;7;2;1;79;0;5207290;1802;0
147;18;336;14;27;53;17;4.00;6;2;1;75;0;5207317;180;0
147;18;336;14;27;53;99;3.80;2;1;1;79;0;5207399;107;0
147;18;336;14;27;54;99;3.40;3;1;1;57;0;5207499;393;0
147;18;336;14;27;54;99;3.00;7;2;1;79;0;5207499;191;0
147;18;336;14;27;55;13;3.60;6;2;1;75;0;5207513;176;0
147;18;336;14;27;55;74;3.40;4;1;1;83;0;5207574;278;0
147;18;336;14;27;56;99;3.20;6;2;1;75;0;5207699;168;5207014
147;18;336;14;27;56;99;3.00;2;1;1;71;0;5207699;282;0
147;18;336;14;27;56;99;3.40;3;1;1;71;0;5207699;178;0
147;18;336;14;27;57;20;3.60;5;2;1;82;0;5207720;1497;0
147;18;336;14;27;57;48;3.80;4;1;1;85;0;5207748;159;0
147;18;336;14;27;57;51;3.60;6;2;1;74;0;5207751;36;5207014
147;18;336;14;27;58;99;3.80;1;1;1;71;0;5207899;3183;0
147;18;336;14;27;59;2;3.80;6;2;1;73;0;5207902;133;5207014
147;18;336;14;27;59;5;3.20;1;1;1;70;0;5207905;-1;5207014
147;18;336;14;27;59;99;3.60;5;2;1;82;0;5207999;263;0
147;18;336;14;28;0;16;3.60;2;1;1;76;0;5208016;301;0
147;18;336;14;28;0;76;3.60;6;2;1;76;0;5208076;155;5207014
147;18;336;14;28;1;19;3.60;3;1;1;79;0;5208119;402;0
147;18;336;14;28;1;99;4.00;1;1;1;80;0;5208199;277;0
147;18;336;14;28;1;99;3.40;6;2;1;77;0;5208199;105;5207014
147;18;336;14;28;1;99;3.40;5;2;1;83;0;5208199;184;5207014
147;18;336;14;28;1;99;3.60;2;1;1;70;0;5208199;165;5207014
147;18;336;14;28;4;28;3.80;3;1;1;83;0;5208428;292;0
147;18;336;14;28;4;99;3.80;4;1;1;78;0;5208499;734;0
147;18;336;14;28;4;9;3.80;6;2;1;76;0;5208409;194;5207014
147;18;336;14;28;5;36;3.60;3;1;1;76;0;5208536;91;5207014
147;18;336;14;28;5;64;3.60;7;2;1;73;0;5208564;1051;0
147;18;336;14;28;6;4;4.40;2;1;1;76;0;5208604;386;0
147;18;336;14;28;6;4;2.20;3;1;1;74;0;5208604;50;0
147;18;336;14;28;7;99;3.60;4;1;1;76;0;5208799;282;0
147;18;336;14;28;7;99;3.40;3;1;1;74;0;5208799;184;0
147;18;336;14;28;8;12;3.60;5;2;1;80;0;5208812;598;0
147;18;336;14;28;8;17;4.60;4;1;1;78;0;5208817;0;0
147;18;336;14;28;8;99;3.40;6;2;1;75;0;5208899;472;0
147;18;336;14;28;9;7;3.60;3;1;1;73;0;5208907;91;5208428
147;18;336;14;28;9;99;3.40;1;1;1;81;0;5208999;782;0
147;18;336;14;28;9;99;3.60;4;1;1;79;0;5208999;160;0
147;18;336;14;28;11;2;3.60;6;2;1;77;0;5209102;186;0
147;18;336;14;28;11;27;3.60;4;1;1;81;0;5209127;111;0
147;18;336;14;28;11;99;3.20;2;1;1;71;0;5209199;574;0
147;18;336;14;28;8;61;4.00;7;2;1;11;0;5208861;279;0
147;18;336;14;28;12;99;3.60;2;1;1;68;0;5209299;83;0
147;18;336;14;28;12;12;2.80;3;1;1;76;0;5209212;287;0
147;18;336;14;28;12;13;3.00;1;1;1;78;0;5209213;198;0
147;18;336;14;28;12;14;3.80;4;1;1;80;0;5209214;71;5208799
147;18;336;14;28;13;7;3.60;2;1;1;68;0;5209307;-1;5208799
147;18;336;14;28;13;99;4.00;5;2;1;86;0;5209399;570;0
147;18;336;14;28;13;99;3.40;2;1;1;69;0;5209399;72;0
147;18;336;14;28;14;99;4.00;4;1;1;85;0;5209499;267;0
147;18;336;14;28;14;99;3.60;3;1;1;77;0;5209499;273;0
147;18;336;14;28;14;99;3.40;8;2;1;76;0;5209499;2284;0
147;18;336;14;28;15;15;3.80;2;1;1;74;0;5209515;98;5209199
147;18;336;14;28;15;64;3.60;1;1;1;79;0;5209564;337;0
147;18;336;14;28;15;63;3.60;5;2;1;80;0;5209563;147;0
147;18;336;14;28;16;99;3.40;6;2;1;79;0;5209699;580;0
147;18;336;14;28;17;24;5.00;8;2;1;82;0;5209724;208;0
147;18;336;14;28;18;99;3.60;6;2;1;78;0;5209899;184;0
147;18;336;14;28;19;99;3.60;8;2;1;80;0;5209999;253;0
147;18;336;14;28;20;56;3.60;7;2;1;80;0;5210056;1064;0
147;18;336;14;28;21;12;3.80;5;2;1;83;0;5210112;532;0
147;18;336;14;28;21;99;3.60;8;2;1;82;0;5210199;183;0
147;18;336;14;28;22;99;3.40;3;1;1;76;0;5210299;783;0
147;18;336;14;28;22;4;3.00;6;2;1;82;0;5210204;288;0
147;18;336;14;28;23;43;3.60;7;2;1;81;0;5210343;270;0
147;18;336;14;28;24;18;3.00;4;1;1;78;0;5210418;902;0
147;18;336;14;28;24;99;3.80;8;2;1;80;0;5210499;284;0
147;18;336;14;28;25;3;3.60;3;1;1;76;0;5210503;187;0
147;18;336;14;28;25;18;4.00;6;2;1;84;0;5210518;300;0
147;18;336;14;28;26;10;3.80;5;2;1;89;0;5210610;481;0
147;18;336;14;28;27;99;3.00;1;1;1;67;0;5210799;1218;0
147;18;336;14;28;27;99;4.00;6;2;1;86;0;5210799;263;0
147;18;336;14;28;27;99;3.40;3;1;1;79;0;5210799;278;0
147;18;336;14;28;29;26;3.40;4;1;1;81;0;5210926;494;0
147;18;336;14;28;29;99;4.00;3;1;1;79;0;5210999;184;0
147;18;336;14;28;29;99;3.40;1;1;1;66;0;5210999;183;0
147;18;336;14;28;30;35;3.40;2;1;1;78;0;5211035;1501;0
147;18;336;14;28;31;99;4.60;3;1;1;81;0;5211199;181;0
147;18;336;14;28;32;99;4.00;2;1;1;85;0;5211299;248;0
147;18;336;14;28;33;95;3.80;7;2;1;95;0;5211395;1036;0
147;18;336;14;28;34;18;3.60;6;2;1;76;0;5211418;602;0
147;18;336;14;28;34;99;3.40;5;2;1;76;0;5211499;873;0
147;18;336;14;28;35;99;3.60;6;2;1;77;0;5211599;163;0
147;18;336;14;28;35;38;3.80;4;1;1;81;0;5211538;596;0
147;18;336;14;28;36;11;3.40;5;2;1;84;0;5211611;95;0
147;18;336;14;28;36;9;3.60;3;1;1;70;0;5211609;389;0
147;18;336;14;28;36;79;3.60;1;1;1;77;0;5211679;661;0
147;18;336;14;28;37;1;3.80;4;1;1;84;0;5211701;146;0
147;18;336;14;28;37;11;3.00;6;2;1;76;0;5211711;95;0
147;18;336;14;28;37;99;3.40;5;2;1;83;0;5211799;173;0
147;18;336;14;28;38;10;3.40;5;2;1;81;0;5211810;-1;0
147;18;336;14;28;38;11;3.80;6;2;1;80;0;5211811;85;0
147;18;336;14;28;38;45;3.80;3;1;1;72;0;5211845;217;0
147;18;336;14;28;40;99;3.40;3;1;1;76;0;5212099;235;0
147;18;336;14;28;40;99;3.80;4;1;1;79;0;5212099;381;0
147;18;336;14;28;40;5;7.60;2;1;6;70;0;5212005;689;0
147;18;336;14;28;41;75;5.00;3;1;1;78;0;5212175;59;0
147;18;336;14;28;43;27;3.60;4;1;1;87;0;5212327;210;0
147;18;336;14;28;43;57;3.40;3;1;1;81;0;5212357;158;0
147;18;336;14;28;45;22;3.60;2;1;1;86;0;5212522;477;0
147;18;336;14;28;47;11;3.00;2;1;1;85;0;5212711;173;0
147;18;336;14;28;49;17;3.80;6;2;1;80;0;5212917;1088;0
147;18;336;14;28;50;21;2.80;7;2;1;82;0;5213021;1611;0
147;18;336;14;28;51;17;3.60;8;2;1;81;0;5213117;2600;0
147;18;336;14;28;51;99;3.60;6;2;1;75;0;5213199;264;0
147;18;336;14;28;52;99;4.00;2;1;1;79;0;5213299;575;0
147;18;336;14;28;52;99;3.60;6;2;1;75;0;5213299;82;0
147;18;336;14;28;53;16;4.60;5;2;1;88;0;5213316;1490;0
147;18;336;14;28;54;99;3.40;3;1;1;80;0;5213499;1126;0
147;18;336;14;28;56;91;3.40;4;1;1;82;0;5213691;1349;0
147;18;336;14;28;57;99;3.40;8;2;1;74;0;5213799;666;0
147;18;336;14;28;59;79;3.40;3;1;1;76;0;5213979;464;0
147;18;336;14;28;59;99;3.80;6;2;1;79;0;5213999;682;0
147;18;336;14;28;56;90;4.00;7;2;1;12;0;5213690;656;0
147;18;336;14;29;0;99;3.40;3;1;1;71;0;5214099;103;0
147;18;336;14;29;0;99;3.20;6;2;1;78;0;5214099;82;0
147;18;336;14;29;1;10;4.00;7;2;1;77;0;5214110;300;0
147;18;336;14;29;1;29;3.60;3;1;1;73;0;5214129;12;0
147;18;336;14;29;2;99;4.00;5;2;1;77;0;5214299;964;0
147;18;336;14;29;3;99;3.20;4;1;1;80;0;5214399;693;0
147;18;336;14;29;3;99;3.40;3;1;1;78;0;5214399;252;0
147;18;336;14;29;4;7;3.60;3;1;1;76;0;5214407;-1;0
147;18;336;14;29;4;99;3.40;7;2;1;81;0;5214499;370;0
147;18;336;14;29;6;9;3.00;6;2;1;78;0;5214609;495;0
147;18;336;14;29;6;48;3.60;3;1;1;74;0;5214648;223;0
147;18;336;14;29;8;99;4.00;6;2;1;84;0;5214899;276;0
147;18;336;14;29;9;3;3.80;5;2;1;88;0;5214903;585;0
147;18;336;14;29;9;15;3.40;3;1;1;72;0;5214915;249;0
147;18;336;14;29;9;50;3.80;2;1;1;78;0;5214950;1632;0
147;18;336;14;29;9;99;3.40;4;1;1;84;0;5214999;585;0
147;18;336;14;29;10;15;3.20;5;2;1;81;0;5215015;96;0
147;18;336;14;29;9;99;5.80;6;2;1;73;0;5214999;82;0
147;18;336;14;29;10;99;3.60;4;1;1;84;0;5215099;85;0
147;18;336;14;29;11;4;3.20;3;1;1;73;0;5215104;172;0
147;18;336;14;29;12;99;3.80;1;1;1;85;0;5215299;3603;0
147;18;336;14;29;12;99;3.80;2;1;1;77;0;5215299;331;0
147;18;336;14;29;13;21;3.20;3;1;1;79;0;5215321;201;0
147;18;336;14;29;14;30;3.40;4;1;1;85;0;5215430;315;0
147;18;336;14;29;15;99;3.80;5;2;1;82;0;5215599;569;0
147;18;336;14;29;12;73;4.20;7;2;1;12;0;5215273;758;0
147;18;336;14;29;16;99;3.20;4;1;1;85;0;5215699;254;0
147;18;336;14;29;17;20;4.20;8;2;1;88;0;5215720;1904;0
147;18;336;14;29;17;26;3.60;5;2;1;84;0;5215726;110;0
147;18;336;14;29;17;99;3.20;6;2;1;75;0;5215799;771;0
147;18;336;14;29;17;99;3.40;3;1;1;77;0;5215799;463;0
147;18;336;14;29;19;12;4.00;3;1;1;79;0;5215912;97;0
147;18;336;14;29;19;80;3.60;3;1;1;76;0;5215980;49;0
147;18;336;14;29;20;99;3.60;1;1;1;76;0;5216099;783;0
147;18;336;14;29;21;5;3.40;6;2;1;74;0;5216105;290;0
147;18;336;14;29;21;17;3.40;5;2;1;80;0;5216117;375;0
147;18;336;14;29;21;5;4.20;3;1;1;83;0;5216105;107;0
147;18;336;14;29;21;22;3.80;5;2;1;81;0;5216122;-1;0
147;18;336;14;29;21;32;3.00;1;1;1;76;0;5216132;15;0
147;18;336;14;29;22;99;3.40;4;1;1;86;0;5216299;586;0
147;18;336;14;29;22;99;3.40;1;1;1;69;0;5216299;152;0
147;18;336;14;29;23;99;3.60;2;1;1;75;0;5216399;1082;0
147;18;336;14;29;23;99;3.20;6;2;1;79;0;5216399;277;0
147;18;336;14;29;24;65;3.60;6;2;1;77;0;5216465;51;0
147;18;336;14;29;24;75;3.40;2;1;1;69;0;5216475;58;0
147;18;336;14;29;25;99;5.00;8;2;1;86;0;5216599;861;0
147;18;336;14;29;27;55;3.40;6;2;1;80;0;5216755;273;0
147;18;336;14;29;24;85;4.00;7;2;1;14;0;5216485;1086;0
147;18;336;14;29;27;85;3.60;3;1;1;78;0;5216785;661;0
147;18;336;14;29;27;99;3.80;7;2;1;80;0;5216799;211;0
147;18;336;14;29;28;10;3.80;5;2;1;85;0;5216810;671;0
147;18;336;14;29;29;17;3.40;3;1;1;79;0;5216917;115;0
147;18;336;14;29;30;89;3.40;6;2;1;78;0;5217089;318;0
147;18;336;14;29;31;99;3.80;3;1;1;83;0;5217199;266;0
147;18;336;14;29;29;19;4.00;7;2;1;14;0;5216919;102;0
147;18;336;14;29;33;99;4.00;6;2;1;76;0;5217399;294;0
147;18;336;14;29;33;99;3.60;3;1;1;79;0;5217399;183;0
147;18;336;14;29;33;99;3.80;7;2;1;76;0;5217399;377;0
147;18;336;14;29;35;2;3.80;2;1;1;79;0;5217502;1009;0
147;18;336;14;29;35;81;3.60;6;2;1;77;0;5217581;163;0
147;18;336;14;29;35;99;3.20;3;1;1;80;0;5217599;183;0
147;18;336;14;29;36;99;3.60;3;1;1;79;0;5217699;85;0
147;18;336;14;29;36;99;3.80;4;1;1;85;0;5217699;1385;0
147;18;336;14;29;36;99;3.60;6;2;1;91;0;5217699;101;0
147;18;336;14;29;36;99;3.60;5;2;1;76;0;5217699;872;0
147;18;336;14;29;37;53;3.80;3;1;1;79;0;5217753;37;5217199
147;18;336;14;29;37;61;3.20;5;2;1;78;0;5217761;44;5217199
147;18;336;14;29;38;21;3.20;6;2;1;89;0;5217821;107;5217199
147;18;336;14;29;38;99;3.80;8;2;1;76;0;5217899;1279;0
147;18;336;14;29;36;21;4.40;7;2;1;12;0;5217621;204;0
147;18;336;14;29;39;99;11.60;2;1;3;81;0;5217999;479;0
147;18;336;14;29;40;53;8.20;6;2;6;79;0;5218053;219;0
147;18;336;14;29;40;99;3.80;3;1;1;79;0;5218099;328;0
147;18;336;14;29;41;25;3.40;5;2;1;86;0;5218125;349;0
147;18;336;14;29;41;99;3.80;8;2;1;76;0;5218199;282;0
147;18;336;14;29;42;39;3.60;2;1;1;81;0;5218239;188;0
147;18;336;14;29;43;99;3.20;2;1;1;80;0;5218399;144;0
147;18;336;14;29;43;99;3.60;6;2;1;88;0;5218399;308;0
147;18;336;14;29;46;99;3.80;3;1;1;81;0;5218699;582;0
147;18;336;14;29;46;99;4.00;6;2;1;87;0;5218699;285;0
147;18;336;14;29;47;31;3.40;5;2;1;85;0;5218731;591;0
147;18;336;14;29;49;6;3.60;6;2;1;76;0;5218906;190;0
147;18;336;14;29;49;27;3.40;3;1;1;81;0;5218927;211;0
147;18;336;14;29;50;7;3.60;6;2;1;72;0;5219007;83;0
147;18;336;14;29;51;5;3.40;5;2;1;81;0;5219105;359;0
147;18;336;14;29;51;99;3.20;7;2;1;80;0;5219199;1446;0
147;18;336;14;29;51;99;3.60;3;1;1;83;0;5219199;256;0
147;18;336;14;29;52;21;3.60;4;1;1;86;0;5219221;1505;0
147;18;336;14;29;52;17;3.60;6;2;1;75;0;5219217;192;0
147;18;336;14;29;53;20;3.60;6;2;1;77;0;5219320;85;5218699
147;18;336;14;29;53;99;3.40;3;1;1;74;0;5219399;184;5218699
147;18;336;14;29;53;99;3.80;4;1;1;85;0;5219399;162;5218699
147;18;336;14;29;54;99;3.60;7;2;1;79;0;5219499;285;0
147;18;336;14;29;54;99;3.80;5;2;1;82;0;5219499;378;0
147;18;336;14;29;54;99;3.60;8;2;1;81;0;5219499;1282;0
147;18;336;14;29;54;99;3.60;4;1;1;86;0;5219499;83;0
147;18;336;14;29;54;99;3.60;1;1;1;79;0;5219499;3182;0
147;18;336;14;29;55;57;3.60;7;2;1;81;0;5219557;41;0
147;18;336;14;29;55;95;3.80;2;1;1;117;0;5219595;1181;0
147;18;336;14;29;56;99;3.60;5;2;1;89;0;5219699;183;0
147;18;336;14;29;56;99;3.60;4;1;1;84;0;5219699;184;0
147;18;336;14;29;56;99;4.60;6;2;1;81;0;5219699;362;0
147;18;336;14;29;57;99;3.00;3;1;1;73;0;5219799;383;0
147;18;336;14;29;57;3;3.20;2;1;1;78;0;5219703;96;0
147;18;336;14;29;57;48;3.80;4;1;1;83;0;5219748;33;5219221
147;18;336;14;29;58;20;3.80;5;2;1;84;0;5219820;106;5219221
147;18;336;14;29;59;29;3.40;4;1;1;87;0;5219929;164;5219221
147;18;336;14;29;59;99;3.40;3;1;1;71;0;5219999;185;5219221
147;18;336;14;29;59;99;3.60;6;2;1;80;0;5219999;279;0
147;18;336;14;30;0;2;3.40;5;2;1;82;0;5220002;165;0
147;18;336;14;30;1;99;3.00;2;1;1;74;0;5220199;481;0
147;18;336;14;30;1;99;3.60;6;2;1;79;0;5220199;183;0
147;18;336;14;30;1;99;3.40;3;1;1;79;0;5220199;182;0
147;18;336;14;30;1;99;3.20;5;2;1;84;0;5220199;182;5219499
147;18;336;14;30;2;99;3.40;2;1;1;74;0;5220299;85;5219499
147;18;336;14;30;2;36;3.80;5;2;1;87;0;5220236;23;5219499
147;18;336;14;30;2;30;3.80;6;2;1;77;0;5220230;14;5219499
147;18;336;14;30;3;78;3.40;7;2;1;83;0;5220378;805;0
147;18;336;14;30;5;12;3.80;6;2;1;86;0;5220512;264;0
147;18;336;14;30;5;28;3.20;1;1;1;77;0;5220528;1012;0
147;18;336;14;30;5;56;3.60;3;1;1;81;0;5220556;341;0
147;18;336;14;30;7;99;3.80;7;2;1;83;0;5220799;406;0
147;18;336;14;30;8;62;3.20;3;1;1;75;0;5220862;290;0
147;18;336;14;30;8;71;4.40;7;2;1;80;0;5220871;55;0
147;18;336;14;30;9;99;3.40;2;1;1;84;0;5220999;683;0
147;18;336;14;30;9;99;3.40;6;2;1;78;0;5220999;471;0
147;18;336;14;30;11;12;3.00;3;1;1;79;0;5221112;234;0
147;18;336;14;30;12;4;3.60;2;1;1;77;0;5221204;190;0
147;18;336;14;30;13;6;3.20;6;2;1;76;0;5221306;291;0
147;18;336;14;30;14;99;3.40;3;1;1;85;0;5221499;373;0
147;18;336;14;30;16;2;3.40;2;1;1;85;0;5221602;381;0
147;18;336;14;30;16;11;3.60;4;1;1;86;0;5221611;1667;0
147;18;336;14;30;19;0;3.80;6;2;1;80;0;5221900;578;0
147;18;336;14;30;20;99;3.40;3;1;1;78;0;5222099;585;0
147;18;336;14;30;20;99;3.60;6;2;1;78;0;5222099;181;0
147;18;336;14;30;20;42;3.60;7;2;1;78;0;5222042;1151;0
147;18;336;14;30;21;87;4.00;3;1;1;79;0;5222187;72;0
147;18;336;14;30;22;1;3.60;4;1;1;79;0;5222201;574;0
147;18;336;14;30;22;99;3.20;6;2;1;76;0;5222299;183;0
147;18;336;14;30;23;99;8.60;3;1;6;64;0;5222399;193;0
147;18;336;14;30;23;77;4.40;6;2;1;74;0;5222377;62;0
147;18;336;14;30;24;5;3.60;4;1;1;79;0;5222405;187;0
147;18;336;14;30;24;99;3.80;5;2;1;84;0;5222499;2247;0
147;18;336;14;30;24;99;8.00;3;1;6;64;0;5222499;51;0
147;18;336;14;30;25;16;3.00;6;2;1;77;0;5222516;117;5221900
147;18;336;14;30;25;99;3.60;5;2;1;81;0;5222599;83;5221900
147;18;336;14;30;26;27;3.60;6;2;1;83;0;5222627;96;5221900
147;18;336;14;30;26;51;3.20;3;1;1;63;0;5222651;107;5222099
147;18;336;14;30;26;99;6.00;8;2;1;74;0;5222699;3184;0
147;18;336;14;30;27;99;3.80;4;1;1;77;0;5222799;377;0
147;18;336;14;30;27;99;3.20;3;1;1;66;0;5222799;129;5222099
147;18;336;14;30;28;65;3.40;6;2;1;78;0;5222865;222;0
147;18;336;14;30;28;59;3.80;2;1;1;67;0;5222859;1242;0
147;18;336;14;30;29;3;3.20;3;1;1;75;0;5222903;86;5222099
147;18;336;14;30;30;13;3.60;4;1;1;84;0;5223013;196;5222099
147;18;336;14;30;30;99;3.80;6;2;1;76;0;5223099;218;0
147;18;336;14;30;31;61;3.20;6;2;1;77;0;5223161;44;0
147;18;336;14;30;31;68;3.80;3;1;1;77;0;5223168;249;0
147;18;336;14;30;32;99;4.20;2;1;1;77;0;5223299;419;0
147;18;336;14;30;32;99;3.60;6;2;1;76;0;5223299;123;0
147;18;336;14;30;33;23;3.20;3;1;1;76;0;5223323;137;0
147;18;336;14;30;34;6;3.60;4;1;1;82;0;5223406;377;0
147;18;336;14;30;34;99;3.60;6;2;1;73;0;5223499;182;0
147;18;336;14;30;36;2;5.00;8;2;1;89;0;5223602;873;0
147;18;336;14;30;36;77;3.80;6;2;1;76;0;5223677;160;5223099
147;18;336;14;30;37;99;3.60;2;1;1;71;0;5223799;480;0
147;18;336;14;30;38;45;3.20;6;2;1;81;0;5223845;150;5223099
147;18;336;14;30;39;7;4.60;5;2;1;89;0;5223907;1292;0
147;18;336;14;30;39;99;3.40;5;2;1;89;0;5223999;73;0
147;18;336;14;30;41;28;3.60;6;2;1;81;0;5224128;268;0
147;18;336;14;30;40;99;3.60;8;2;1;82;0;5224099;476;0
147;18;336;14;30;41;4;3.80;2;1;1;69;0;5224104;286;0
147;18;336;14;30;41;20;3.40;3;1;1;79;0;5224120;781;0
147;18;336;14;30;42;5;3.80;6;2;1;80;0;5224205;61;0
147;18;336;14;30;42;99;3.80;3;1;1;75;0;5224299;163;0
147;18;336;14;30;43;9;3.40;4;1;1;85;0;5224309;887;0
147;18;336;14;30;43;24;3.60;2;1;1;81;0;5224324;200;0
147;18;336;14;30;43;33;3.20;7;2;1;78;0;5224333;2274;0
147;18;336;14;30;44;99;3.80;4;1;1;80;0;5224499;175;0
147;18;336;14;30;46;8;3.60;2;1;1;85;0;5224608;268;0
147;18;336;14;30;47;99;3.60;3;1;1;75;0;5224799;481;0
147;18;336;14;30;49;20;3.60;8;2;1;75;0;5224920;805;0
147;18;336;14;30;49;74;2.80;3;1;1;77;0;5224974;157;0
147;18;336;14;30;49;94;4.00;7;2;1;85;0;5224994;646;0
147;18;336;14;30;51;10;2.80;6;2;1;84;0;5225110;887;0
147;18;336;14;30;51;7;3.60;4;1;1;77;0;5225107;590;0
147;18;336;14;30;51;15;3.40;3;1;1;72;0;5225115;127;0
147;18;336;14;30;52;99;4.00;7;2;1;79;0;5225299;288;0
147;18;336;14;30;52;99;3.60;4;1;1;80;0;5225299;175;0
147;18;336;14;30;52;99;5.40;3;1;1;69;0;5225299;167;0
147;18;336;14;30;53;99;3.00;6;2;1;80;0;5225399;277;0
147;18;336;14;30;54;18;3.60;6;2;1;80;0;5225418;5;0
147;18;336;14;30;55;2;3.20;4;1;1;81;0;5225502;186;0
147;18;336;14;30;55;99;3.80;7;2;1;85;0;5225599;281;0
147;18;336;14;30;55;99;4.00;6;2;1;83;0;5225599;164;0
147;18;336;14;30;56;5;3.40;3;1;1;80;0;5225605;277;0
147;18;336;14;30;56;22;3.40;5;2;1;79;0;5225622;1609;0
147;18;336;14;30;57;99;3.80;3;1;1;78;0;5225799;178;0
147;18;336;14;30;58;23;2.80;6;2;1;79;0;5225823;206;0
147;18;336;14;30;58;99;3.80;7;2;1;84;0;5225899;283;0
147;18;336;14;30;59;70;3.40;7;2;1;81;0;5225970;54;0
147;18;336;14;30;59;65;4.20;3;1;1;79;0;5225965;148;0
147;18;336;14;31;0;23;3.80;5;2;1;121;0;5226023;385;0
147;18;336;14;31;0;14;4.00;6;2;1;81;0;5226014;178;0
147;18;336;14;31;0;99;3.20;4;1;1;87;0;5226099;582;0
147;18;336;14;31;0;99;2.80;2;1;1;78;0;5226099;1475;0
147;18;336;14;31;1;17;3.60;1;1;1;90;0;5226117;5574;0
147;18;336;14;31;1;29;3.60;2;1;1;75;0;5226129;17;0
147;18;336;14;31;1;35;3.20;8;2;1;78;0;5226135;1197;0
147;18;336;14;31;2;99;3.20;7;2;1;77;0;5226299;313;0
147;18;336;14;31;2;99;3.00;2;1;1;76;0;5226299;152;0
147;18;336;14;31;3;5;4.00;4;1;1;83;0;5226305;192;0
147;18;336;14;31;4;37;3.00;3;1;1;75;0;5226437;452;0
147;18;336;14;31;4;66;3.80;6;2;1;82;0;5226466;434;0
147;18;336;14;31;4;80;3.80;2;1;1;80;0;5226480;166;0
147;18;336;14;31;5;99;3.20;3;1;1;76;0;5226599;147;0
147;18;336;14;31;6;26;4.00;7;2;1;80;0;5226626;312;0
147;18;336;14;31;7;84;2.80;3;1;1;79;0;5226784;169;0
147;18;336;14;31;8;99;3.20;4;1;1;82;0;5226899;576;0
147;18;336;14;31;9;4;3.80;3;1;1;78;0;5226904;107;0
147;18;336;14;31;9;50;3.40;6;2;1;76;0;5226950;467;0
147;18;336;14;31;11;99;3.60;3;1;1;74;0;5227199;277;0
147;18;336;14;31;11;21;4.20;4;1;1;79;0;5227121;207;0
147;18;336;14;31;12;57;4.00;2;1;1;77;0;5227257;759;0
147;18;336;14;31;12;99;3.60;6;2;1;83;0;5227299;332;0
147;18;336;14;31;13;12;4.60;4;1;1;79;0;5227312;171;0
147;18;336;14;31;13;99;3.40;2;1;1;79;0;5227399;123;0
147;18;336;14;31;14;3;3.00;4;1;1;75;0;5227403;70;0
147;18;336;14;31;14;10;3.60;6;2;1;81;0;5227410;95;0
147;18;336;14;31;15;99;3.60;2;1;1;78;0;5227599;184;0
147;18;336;14;31;15;99;3.40;3;1;1;79;0;5227599;382;0
147;18;336;14;31;15;99;3.80;5;2;1;81;0;5227599;1564;0
147;18;336;14;31;16;16;3.80;4;1;1;81;0;5227616;198;0
147;18;336;14;31;16;99;3.60;2;1;1;76;0;5227699;83;0
147;18;336;14;31;17;44;4.00;5;2;1;80;0;5227744;128;0
147;18;336;14;31;17;74;4.60;3;1;1;82;0;5227774;159;0
147;18;336;14;31;18;99;4.60;4;1;1;89;0;5227899;266;0
147;18;336;14;31;18;99;3.60;5;2;1;80;0;5227899;137;0
147;18;336;14;31;19;35;4.00;3;1;1;78;0;5227935;140;0
147;18;336;14;31;20;88;3.60;6;2;1;76;0;5228088;662;0
147;18;336;14;31;20;99;4.00;4;1;1;83;0;5228099;181;0
147;18;336;14;31;21;7;3.60;3;1;1;80;0;5228107;153;0
147;18;336;14;31;21;99;3.60;6;2;1;75;0;5228199;93;0
147;18;336;14;31;23;16;4.00;6;2;1;76;0;5228316;99;0
147;18;336;14;31;23;99;3.80;3;1;1;80;0;5228399;275;0
147;18;336;14;31;25;80;3.20;6;2;1;75;0;5228580;245;0
147;18;336;14;31;26;99;3.40;3;1;1;79;0;5228699;282;0
147;18;336;14;31;27;66;3.60;6;2;1;77;0;5228766;170;0
147;18;336;14;31;29;9;3.60;6;2;1;80;0;5228909;126;0
147;18;336;14;31;30;99;3.20;2;1;1;69;0;5229099;1382;0
147;18;336;14;31;31;99;3.60;7;2;1;81;0;5229199;2555;0
147;18;336;14;31;31;99;3.40;4;1;1;78;0;5229199;1082;0
147;18;336;14;31;32;20;3.60;6;2;1;84;0;5229220;294;0
147;18;336;14;31;33;90;9.40;3;1;2;73;0;5229390;675;0
147;18;336;14;31;34;99;3.00;3;1;1;73;0;5229499;62;0
147;18;336;14;31;34;99;3.60;1;1;1;71;0;5229499;3367;0
147;18;336;14;31;36;0;4.00;2;1;1;75;0;5229600;484;0
147;18;336;14;31;36;99;3.60;6;2;1;85;0;5229699;463;0
147;18;336;14;31;37;15;4.00;5;2;1;90;0;5229715;1799;0
147;18;336;14;31;37;46;3.80;6;2;1;82;0;5229746;31;0
147;18;336;14;31;38;15;3.40;3;1;1;72;0;5229815;301;0
147;18;336;14;31;39;99;4.00;4;1;1;78;0;5229999;784;0
147;18;336;14;31;39;8;3.80;6;2;1;79;0;5229908;145;0
147;18;336;14;31;40;46;3.80;3;1;1;73;0;5230046;214;0
147;18;336;14;31;40;60;3.40;8;2;1;85;0;5230060;3910;0
147;18;336;14;31;42;7;3.00;2;1;1;74;0;5230207;587;0
147;18;336;14;31;42;6;4.20;7;2;1;84;0;5230206;991;0
147;18;336;14;31;44;18;3.40;6;2;1;83;0;5230418;492;0
147;18;336;14;31;44;99;3.40;3;1;1;72;0;5230499;434;0
147;18;336;14;31;45;48;3.80;4;1;1;93;0;5230548;530;0
147;18;336;14;31;46;25;3.40;6;2;1;81;0;5230625;192;0
147;18;336;14;31;46;99;4.00;5;2;1;78;0;5230699;968;0
147;18;336;14;31;46;99;3.60;4;1;1;79;0;5230699;136;0
147;18;336;14;31;47;99;3.80;6;2;1;81;0;5230799;158;0
147;18;336;14;31;47;23;3.60;2;1;1;75;0;5230723;501;0
147;18;336;14;31;48;99;3.60;7;2;1;89;0;5230899;675;0
147;18;336;14;31;48;99;4.00;3;1;1;77;0;5230899;383;0
147;18;336;14;31;48;99;3.60;4;1;1;80;0;5230899;183;0
147;18;336;14;31;50;4;3.40;6;2;1;80;0;5231004;188;0
147;18;336;14;31;50;11;3.60;4;1;1;83;0;5231011;95;0
147;18;336;14;31;50;23;3.00;3;1;1;73;0;5231023;105;0
147;18;336;14;31;50;77;3.20;7;2;1;85;0;5231077;163;0
147;18;336;14;31;51;99;3.60;3;1;1;73;0;5231199;161;0
147;18;336;14;31;52;23;3.60;4;1;1;80;0;5231223;196;5230548
147;18;336;14;31;52;30;4.00;3;1;1;73;0;5231230;13;5230548
147;18;336;14;31;54;99;3.00;6;2;1;75;0;5231499;479;0
147;18;336;14;31;56;99;3.60;6;2;1;76;0;5231699;185;0
147;18;336;14;31;57;12;3.40;2;1;1;75;0;5231712;971;0
147;18;336;14;31;57;99;3.00;6;2;1;74;0;5231799;82;0
147;18;336;14;31;58;68;3.00;2;1;1;77;0;5231868;139;0
147;18;336;14;32;0;11;3.60;6;2;1;73;0;5232011;197;0
147;18;336;14;32;0;22;3.40;5;2;1;79;0;5232022;1304;0
147;18;336;14;32;2;8;3.60;5;2;1;80;0;5232208;170;0
147;18;336;14;32;2;12;3.40;6;2;1;78;0;5232212;183;5231499
147;18;336;14;32;2;99;3.40;3;1;1;70;0;5232299;1049;0
147;18;336;14;32;3;69;3.20;6;2;1;79;0;5232369;141;5231499
147;18;336;14;32;3;88;3.60;7;2;1;84;0;5232388;1297;0
147;18;336;14;32;4;14;3.60;5;2;1;79;0;5232414;189;0
147;18;336;14;32;5;16;3.80;6;2;1;77;0;5232516;132;5231499
147;18;336;14;32;6;99;4.20;4;1;1;89;0;5232699;1459;0
147;18;336;14;32;6;99;3.40;3;1;1;70;0;5232699;382;0
147;18;336;14;32;7;99;4.40;3;1;1;82;0;5232799;82;0
147;18;336;14;32;8;15;4.60;8;2;1;73;0;5232815;2740;0
147;18;336;14;32;8;36;3.40;2;1;1;73;0;5232836;953;0
147;18;336;14;32;8;71;3.20;6;2;1;77;0;5232871;337;0
147;18;336;14;32;9;99;3.20;3;1;1;78;0;5232999;180;0
147;18;336;14;32;10;6;3.40;7;2;1;74;0;5233006;602;0
147;18;336;14;32;10;19;4.00;4;1;1;90;0;5233019;303;0
147;18;336;14;32;10;16;3.80;2;1;1;75;0;5233016;163;0
147;18;336;14;32;10;34;3.80;6;2;1;80;0;5233034;148;0
147;18;336;14;32;11;98;3.80;3;1;1;74;0;5233198;184;0
147;18;336;14;32;11;99;3.60;4;1;1;80;0;5233199;164;0
147;18;336;14;32;12;99;4.40;6;2;1;81;0;5233299;247;0
147;18;336;14;32;15;99;3.00;6;2;1;80;0;5233599;280;0
147;18;336;14;32;18;42;3.60;2;1;1;86;0;5233842;807;0
147;18;336;14;32;19;99;3.60;3;1;1;82;0;5233999;782;0
147;18;336;14;32;19;99;3.20;7;2;1;86;0;5233999;976;0
147;18;336;14;32;20;99;3.00;3;1;1;75;0;5234099;84;0
147;18;336;14;32;21;36;4.00;2;1;1;72;0;5234136;278;0
147;18;336;14;32;21;99;3.20;3;1;1;77;0;5234199;85;0
147;18;336;14;32;21;99;3.00;2;1;1;73;0;5234199;43;0
147;18;336;14;32;22;3;3.80;6;2;1;82;0;5234203;590;0
147;18;336;14;32;22;99;3.60;4;1;1;85;0;5234299;1083;0
147;18;336;14;32;24;99;3.40;6;2;1;72;0;5234499;279;0
147;18;336;14;32;24;99;3.60;5;2;1;83;0;5234499;2068;0
147;18;336;14;32;24;99;3.40;2;1;1;80;0;5234499;285;0
147;18;336;14;32;25;23;3.60;7;2;1;81;0;5234523;510;0
147;18;336;14;32;25;99;6.40;5;2;1;83;0;5234599;84;0
147;18;336;14;32;25;99;3.60;3;1;1;82;0;5234599;385;0
147;18;336;14;32;26;41;3.60;5;2;1;82;0;5234641;14;0
147;18;336;14;32;27;8;3.80;7;2;1;86;0;5234708;169;0
147;18;336;14;32;27;3;3.80;3;1;1;80;0;5234703;88;0
147;18;336;14;32;27;8;3.60;2;1;1;78;0;5234708;193;0
147;18;336;14;32;27;99;3.80;5;2;1;84;0;5234799;142;0
147;18;336;14;32;28;5;5.60;7;2;1;78;0;5234805;81;0
147;18;336;14;32;29;93;3.40;2;1;1;74;0;5234993;268;0
147;18;336;14;32;29;99;3.40;6;2;1;76;0;5234999;483;0
147;18;336;14;32;31;59;3.20;1;1;1;78;0;5235159;5641;0
147;18;336;14;32;32;99;3.60;3;1;1;79;0;5235299;578;0
147;18;336;14;32;32;99;3.60;6;2;1;75;0;5235299;283;0
147;18;336;14;32;33;99;3.60;5;2;1;86;0;5235399;583;0
147;18;336;14;32;33;99;3.80;4;1;1;78;0;5235399;1084;0
147;18;336;14;32;33;27;3.40;6;2;1;76;0;5235327;10;0
147;18;336;14;32;33;35;3.60;3;1;1;78;0;5235335;19;0
147;18;336;14;32;35;99;3.00;6;2;1;73;0;5235599;255;0
147;18;336;14;32;36;13;3.80;3;1;1;78;0;5235613;261;0
147;18;336;14;32;37;5;4.00;4;1;1;79;0;5235705;288;0
147;18;336;14;32;37;99;3.80;2;1;1;78;0;5235799;789;0
147;18;336;14;32;38;1;3.60;6;2;1;76;0;5235801;187;0
147;18;336;14;32;38;4;3.60;2;1;1;79;0;5235804;-1;0
147;18;336;14;32;39;2;3.60;3;1;1;73;0;5235902;271;0
147;18;336;14;32;39;14;3.00;5;2;1;81;0;5235914;499;0
147;18;336;14;32;40;99;3.80;4;1;1;77;0;5236099;375;0
147;18;336;14;32;41;18;3.80;6;2;1;82;0;5236118;299;0
147;18;336;14;32;42;5;3.60;4;1;1;77;0;5236205;88;0
147;18;336;14;32;42;99;3.60;3;1;1;78;0;5236299;379;0
147;18;336;14;32;43;99;3.40;6;2;1;76;0;5236399;264;0
147;18;336;14;32;43;99;3.80;4;1;1;79;0;5236399;177;0
147;18;336;14;32;44;44;3.40;2;1;1;79;0;5236444;623;0
147;18;336;14;32;44;99;3.60;4;1;1;79;0;5236499;82;0
147;18;336;14;32;45;99;3.20;3;1;1;74;0;5236599;283;0
147;18;336;14;32;46;19;3.00;4;1;1;78;0;5236619;103;5236099
147;18;336;14;32;46;17;3.60;6;2;1;77;0;5236617;201;0
147;18;336;14;32;46;99;3.80;1;1;1;82;0;5236699;1525;0
147;18;336;14;32;47;99;3.00;6;2;1;75;0;5236799;165;0
147;18;336;14;32;47;99;3.60;4;1;1;78;0;5236799;166;5236099
147;18;336;14;32;47;99;3.60;3;1;1;74;0;5236799;184;5236099
147;18;336;14;32;48;99;3.60;6;2;1;76;0;5236899;85;5236099
147;18;336;14;32;49;63;3.80;3;1;1;77;0;5236963;146;5236099
147;18;336;14;32;50;99;3.60;2;1;1;81;0;5237099;639;0
147;18;336;14;32;50;99;3.40;7;2;1;80;0;5237099;2268;0
147;18;336;14;32;51;5;3.20;3;1;1;76;0;5237105;124;0
147;18;336;14;32;51;99;3.40;6;2;1;78;0;5237199;282;0
147;18;336;14;32;51;28;4.00;5;2;1;84;0;5237128;1200;0
147;18;336;14;32;52;1;3.80;4;1;1;80;0;5237201;385;0
147;18;336;14;32;52;23;3.60;7;2;1;83;0;5237223;108;0
147;18;336;14;32;52;74;3.40;3;1;1;74;0;5237274;153;5236599
147;18;336;14;32;53;16;3.60;3;1;1;74;0;5237316;25;5236599
147;18;336;14;32;53;16;5.60;6;2;1;86;0;5237316;101;5236599
147;18;336;14;32;53;99;3.00;6;2;1;78;0;5237399;59;5236599
147;18;336;14;32;53;99;3.60;4;1;1;80;0;5237399;180;5236599
147;18;336;14;32;54;87;3.00;4;1;1;84;0;5237487;71;5236599
147;18;336;14;32;55;99;3.00;6;2;1;78;0;5237599;186;5236599
147;18;336;14;32;55;99;3.60;8;2;1;74;0;5237599;4761;0
147;18;336;14;32;56;99;4.00;4;1;1;84;0;5237699;199;0
147;18;336;14;32;57;8;3.60;3;1;1;74;0;5237708;374;0
147;18;336;14;32;57;99;3.80;8;2;1;73;0;5237799;182;0
147;18;336;14;32;58;6;3.60;3;1;1;76;0;5237806;80;0
147;18;336;14;32;58;18;3.80;6;2;1;75;0;5237818;205;0
147;18;336;14;32;58;99;3.60;4;1;1;82;0;5237899;182;5237201
147;18;336;14;32;58;99;3.40;2;1;1;75;0;5237899;784;0
147;18;336;14;32;59;58;3.60;6;2;1;76;0;5237958;121;0
147;18;336;14;32;59;52;9.60;3;1;2;75;0;5237952;128;0
147;18;336;14;33;1;26;3.60;6;2;1;81;0;5238126;150;0
147;18;336;14;33;1;99;3.80;5;2;1;88;0;5238199;1053;0
147;18;336;14;33;1;99;3.80;3;1;1;77;0;5238199;200;0
147;18;336;14;33;1;16;3.40;1;1;1;73;0;5238116;1400;0
147;18;336;14;33;2;57;3.60;7;2;1;81;0;5238257;1018;0
147;18;336;14;33;2;99;3.80;8;2;1;95;0;5238299;481;0
147;18;336;14;33;3;99;3.00;2;1;1;75;0;5238399;483;0
147;18;336;14;33;3;99;3.60;7;2;1;79;0;5238399;126;0
147;18;336;14;33;5;11;3.40;4;1;1;80;0;5238511;596;0
147;18;336;14;33;5;17;3.60;3;1;1;80;0;5238517;300;0
147;18;336;14;33;5;70;11.20;5;2;2;79;0;5238570;355;0
147;18;336;14;33;5;99;4.00;2;1;1;83;0;5238599;185;0
147;18;336;14;33;6;99;3.60;1;1;1;82;0;5238699;566;0
147;18;336;14;33;6;99;3.60;6;2;1;78;0;5238699;557;0
147;18;336;14;33;6;99;4.00;3;1;1;81;0;5238699;165;0
147;18;336;14;33;6;99;3.40;4;1;1;80;0;5238699;172;0
147;18;336;14;33;6;99;3.60;8;2;1;68;0;5238699;385;0
147;18;336;14;33;7;87;8.40;2;1;6;82;0;5238787;170;0
147;18;336;14;33;8;99;3.80;6;2;1;75;0;5238899;183;0
147;18;336;14;33;8;99;3.80;3;1;1;79;0;5238899;182;0
147;18;336;14;33;7;99;1.00;7;2;1;1;1;5238799;383;0
147;18;336;14;33;9;12;3.80;4;1;1;84;0;5238912;197;0
147;18;336;14;33;11;99;3.20;6;2;1;72;0;5239199;281;0
147;18;336;14;33;11;99;3.40;5;2;1;83;0;5239199;577;0
147;18;336;14;33;11;99;3.60;3;1;1;77;0;5239199;282;0
147;18;336;14;33;12;6;3.60;7;2;1;77;0;5239206;790;0
147;18;336;14;33;12;41;3.20;2;1;1;74;0;5239241;417;0
147;18;336;14;33;12;84;3.80;7;2;1;74;0;5239284;61;0
147;18;336;14;33;12;88;4.20;4;1;1;73;0;5239288;359;0
147;18;336;14;33;13;15;3.40;5;2;1;83;0;5239315;101;0
147;18;336;14;33;13;16;3.00;6;2;1;70;0;5239316;101;0
147;18;336;14;33;13;99;3.20;3;1;1;76;0;5239399;183;0
147;18;336;14;33;14;99;4.20;5;2;1;80;0;5239499;169;0
147;18;336;14;33;14;6;4.40;3;1;1;76;0;5239406;-1;0
147;18;336;14;33;14;14;3.60;2;1;1;75;0;5239414;157;0
147;18;336;14;33;15;96;4.00;8;2;1;81;0;5239596;877;0
147;18;336;14;33;15;99;3.80;5;2;1;80;0;5239599;81;0
147;18;336;14;33;15;99;3.00;3;1;1;74;0;5239599;172;0
147;18;336;14;33;16;0;4.80;6;2;1;72;0;5239600;268;0
147;18;336;14;33;17;27;3.40;5;2;1;82;0;5239727;110;5239199
147;18;336;14;33;17;60;3.60;2;1;1;75;0;5239760;328;0
147;18;336;14;33;18;99;3.20;2;1;1;76;0;5239899;121;0
147;18;336;14;33;19;16;4.20;5;2;1;90;0;5239916;174;5239199
147;18;336;14;33;20;10;3.40;4;1;1;75;0;5240010;701;0
147;18;336;14;33;20;60;3.00;2;1;1;75;0;5240060;145;0
147;18;336;14;33;20;61;3.20;6;2;1;69;0;5240061;437;0
147;18;336;14;33;21;99;3.80;3;1;1;77;0;5240199;585;0
147;18;336;14;33;21;99;3.60;2;1;1;82;0;5240199;124;0
147;18;336;14;33;21;99;3.40;6;2;1;71;0;5240199;121;0
147;18;336;14;33;22;99;3.60;7;2;1;75;0;5240299;996;0
147;18;336;14;33;22;16;3.60;4;1;1;77;0;5240216;189;0
147;18;336;14;33;22;28;3.00;5;2;1;81;0;5240228;295;0
147;18;336;14;33;23;14;3.00;1;1;1;74;0;5240314;1599;0
147;18;336;14;33;23;22;3.20;6;2;1;77;0;5240322;105;0
147;18;336;14;33;23;24;3.80;5;2;1;80;0;5240324;82;0
147;18;336;14;33;24;7;2.80;2;1;1;77;0;5240407;192;5239760
147;18;336;14;33;24;99;4.00;3;1;1;86;0;5240499;282;0
147;18;336;14;33;24;2;3.40;1;1;1;77;0;5240402;73;0
147;18;336;14;33;26;5;3.60;3;1;1;81;0;5240605;89;0
147;18;336;14;33;26;99;3.40;3;1;1;78;0;5240699;78;0
147;18;336;14;33;27;12;3.00;6;2;1;77;0;5240712;375;0
147;18;336;14;33;27;99;11.80;2;1;3;82;0;5240799;378;0
147;18;336;14;33;28;15;3.60;1;1;1;83;0;5240815;397;0
147;18;336;14;33;28;99;3.60;5;2;1;83;0;5240899;557;0
147;18;336;14;33;29;99;3.40;6;2;1;81;0;5240999;272;0
147;18;336;14;33;29;99;3.60;3;1;1;70;0;5240999;284;0
147;18;336;14;33;29;5;3.20;2;1;1;84;0;5240905;54;0
147;18;336;14;33;30;28;3.60;5;2;1;87;0;5241028;113;0
147;18;336;14;33;30;76;4.00;4;1;1;80;0;5241076;843;0
147;18;336;14;33;30;89;3.60;3;1;1;70;0;5241089;71;0
147;18;336;14;33;31;1;3.60;8;2;1;75;0;5241101;1487;0
147;18;336;14;33;32;8;3.60;4;1;1;84;0;5241208;114;0
147;18;336;14;33;32;99;3.40;3;1;1;74;0;5241299;191;0
147;18;336;14;33;33;0;3.60;7;2;1;90;0;5241300;983;0
147;18;336;14;33;33;14;3.60;3;1;1;72;0;5241314;-1;0
147;18;336;14;33;34;99;3.80;3;1;1;76;0;5241499;167;5240999
147;18;336;14;33;36;97;7.60;6;2;2;69;0;5241697;682;0
147;18;336;14;33;37;9;3.60;5;2;1;82;0;5241709;666;0
147;18;336;14;33;37;35;3.00;6;2;1;74;0;5241735;-1;0
147;18;336;14;33;39;99;4.60;8;2;1;77;0;5241999;880;0
147;18;336;14;33;39;99;3.40;3;1;1;74;0;5241999;482;0
147;18;336;14;33;40;37;4.00;7;2;1;79;0;5242037;722;0
147;18;336;14;33;40;55;3.60;4;1;1;86;0;5242055;831;0
147;18;336;14;33;41;99;3.60;3;1;1;74;0;5242199;183;0
147;18;336;14;33;41;99;3.60;1;1;1;78;0;5242199;1368;0
147;18;336;14;33;42;22;3.20;5;2;1;82;0;5242222;497;0
147;18;336;14;33;42;10;3.60;6;2;1;72;0;5242210;460;0
147;18;336;14;33;43;17;3.40;3;1;1;79;0;5242317;100;0
147;18;336;14;33;43;99;3.40;6;2;1;73;0;5242399;171;0
147;18;336;14;33;44;7;3.60;2;1;1;77;0;5242407;1488;0
147;18;336;14;33;44;99;4.20;1;1;1;87;0;5242499;283;0
147;18;336;14;33;44;99;3.60;4;1;1;86;0;5242499;428;0
147;18;336;14;33;44;99;4.40;6;2;1;77;0;5242499;83;0
147;18;336;14;33;46;23;3.80;6;2;1;79;0;5242623;103;0
147;18;336;14;33;46;29;3.40;4;1;1;85;0;5242629;114;0
147;18;336;14;33;46;99;3.60;5;2;1;82;0;5242699;462;0
147;18;336;14;33;46;99;3.60;3;1;1;80;0;5242699;366;0
147;18;336;14;33;47;99;3.80;6;2;1;79;0;5242799;158;5242210
147;18;336;14;33;47;99;3.40;8;2;1;85;0;5242799;778;0
147;18;336;14;33;47;99;17.40;7;2;5;93;0;5242799;743;0
147;18;336;14;33;47;99;3.40;3;1;1;78;0;5242799;83;0
147;18;336;14;33;48;14;3.20;6;2;1;77;0;5242814;-1;5242210
147;18;336;14;33;48;99;3.60;5;2;1;81;0;5242899;184;5242210
147;18;336;14;33;48;99;3.20;3;1;1;78;0;5242899;84;5242210
147;18;336;14;33;49;19;3.60;4;1;1;82;0;5242919;275;0
147;18;336;14;33;49;99;3.00;6;2;1;69;0;5242999;170;5242210
147;18;336;14;33;49;99;3.80;8;2;1;79;0;5242999;185;5242210
147;18;336;14;33;50;28;3.60;2;1;1;96;0;5243028;604;0
147;18;336;14;33;50;22;4.00;7;2;1;78;0;5243022;155;0
147;18;336;14;33;51;12;3.20;6;2;1;65;0;5243112;97;5242210
147;18;336;14;33;51;98;3.80;5;2;1;81;0;5243198;283;0
147;18;336;14;33;51;73;5.40;7;2;1;37;0;5243173;132;0
147;18;336;14;33;52;99;3.80;6;2;1;81;0;5243299;169;5242210
147;18;336;14;33;53;21;3.60;2;1;1;81;0;5243321;279;0
147;18;336;14;33;53;80;3.80;5;2;1;84;0;5243380;165;0
147;18;336;14;33;53;77;3.60;6;2;1;73;0;5243377;61;5242210
147;18;336;14;33;54;99;3.00;6;2;1;73;0;5243499;104;5242210
147;18;336;14;33;54;99;3.80;5;2;1;80;0;5243499;102;5242210
147;18;336;14;33;54;99;4.00;2;1;1;83;0;5243499;162;5242210
147;18;336;14;33;55;26;3.40;7;2;1;82;0;5243526;300;0
147;18;336;14;33;55;15;3.80;5;2;1;79;0;5243515;-1;0
147;18;336;14;33;56;77;3.60;5;2;1;80;0;5243677;144;5243198
147;18;336;14;33;56;71;4.40;3;1;1;78;0;5243671;757;0
147;18;336;14;33;56;99;3.80;4;1;1;84;0;5243699;764;0
147;18;336;14;33;57;99;3.80;6;2;1;76;0;5243799;285;0
147;18;336;14;33;58;21;3.60;3;1;1;79;0;5243821;129;0
147;18;336;14;33;58;34;6.80;2;1;1;81;0;5243834;317;0
147;18;336;14;33;58;91;3.20;3;1;1;79;0;5243891;53;0
147;18;336;14;33;59;0;3.40;6;2;1;74;0;5243900;83;0
147;18;336;14;33;59;99;3.80;3;1;1;80;0;5243999;93;0
147;18;336;14;34;0;6;3.40;2;1;1;79;0;5244006;141;0
147;18;336;14;34;0;15;3.80;6;2;1;71;0;5244015;98;0
147;18;336;14;34;1;87;3.80;8;2;1;80;0;5244187;1170;0
147;18;336;14;34;2;99;3.80;6;2;1;71;0;5244299;264;0
147;18;336;14;34;3;23;3.60;7;2;1;79;0;5244323;782;0
147;18;336;14;34;3;42;3.20;5;2;1;85;0;5244342;648;0
147;18;336;14;34;4;99;3.80;3;1;1;79;0;5244499;482;0
147;18;336;14;34;4;99;3.20;6;2;1;75;0;5244499;180;0
147;18;336;14;34;5;99;3.40;3;1;1;80;0;5244599;82;0
147;18;336;14;34;6;54;3.40;6;2;1;79;0;5244654;139;0
147;18;336;14;34;6;99;3.20;4;1;1;83;0;5244699;983;0
147;18;336;14;34;7;99;3.40;7;2;1;84;0;5244799;459;0
147;18;336;14;34;8;7;3.40;3;1;1;77;0;5244807;192;0
147;18;336;14;34;8;20;3.40;4;1;1;82;0;5244820;107;0
147;18;336;14;34;9;99;3.60;6;2;1;81;0;5244999;329;0
147;18;336;14;34;9;99;3.40;8;2;1;79;0;5244999;794;0
147;18;336;14;34;9;99;3.40;1;1;1;78;0;5244999;2482;0
147;18;336;14;34;11;87;3.60;4;1;1;82;0;5245187;352;0
147;18;336;14;34;11;94;3.60;5;2;1;76;0;5245194;838;0
147;18;336;14;34;12;99;3.20;3;1;1;75;0;5245299;476;0
147;18;336;14;34;12;99;3.40;6;2;1;81;0;5245299;284;0
147;18;336;14;34;13;16;3.60;5;2;1;82;0;5245316;104;0
147;18;336;14;34;13;26;3.60;7;2;1;78;0;5245326;512;0
147;18;336;14;34;14;7;3.60;3;1;1;78;0;5245407;92;0
147;18;336;14;34;14;99;3.60;5;2;1;83;0;5245499;167;0
147;18;336;14;34;15;99;3.40;2;1;1;81;0;5245599;1577;0
147;18;336;14;34;15;99;3.60;6;2;1;78;0;5245599;284;0
147;18;336;14;34;16;25;3.20;2;1;1;76;0;5245625;10;0
147;18;336;14;34;17;99;3.40;6;2;1;82;0;5245799;183;0
147;18;336;14;34;18;24;3.40;1;1;1;77;0;5245824;809;0
147;18;336;14;34;19;99;3.80;6;2;1;86;0;5245999;185;0
147;18;336;14;34;20;14;3.20;3;1;1;85;0;5246014;590;0
147;18;336;14;34;20;99;3.40;6;2;1;78;0;5246099;84;0
147;18;336;14;34;22;99;3.80;6;2;1;83;0;5246299;184;5245599
147;18;336;14;34;23;6;3.40;2;1;1;73;0;5246306;665;0
147;18;336;14;34;24;9;3.40;7;2;1;84;0;5246409;1066;0
147;18;336;14;34;24;82;3.00;2;1;1;68;0;5246482;159;0
147;18;336;14;34;25;18;3.80;6;2;1;80;0;5246518;202;0
147;18;336;14;34;26;3;3.60;3;1;1;79;0;5246603;575;0
147;18;336;14;34;27;99;3.80;5;2;1;82;0;5246799;1284;0
147;18;336;14;34;27;99;5.00;7;2;1;74;0;5246799;375;0
147;18;336;14;34;27;99;3.20;6;2;1;78;0;5246799;263;0
147;18;336;14;34;28;99;3.60;1;1;1;93;0;5246899;1059;0
147;18;336;14;34;29;19;3.60;3;1;1;76;0;5246919;299;0
147;18;336;14;34;29;74;3.40;2;1;1;66;0;5246974;476;0
147;18;336;14;34;30;99;3.80;5;2;1;82;0;5247099;283;0
147;18;336;14;34;31;10;3.80;6;2;1;75;0;5247110;296;0
147;18;336;14;34;31;99;5.00;3;1;1;71;0;5247199;262;0
147;18;336;14;34;31;24;3.40;5;2;1;81;0;5247124;8;0
147;18;336;14;34;29;32;4.00;7;2;1;15;0;5246932;108;0
147;18;336;14;34;32;99;3.20;4;1;1;84;0;5247299;2096;0
147;18;336;14;34;34;7;3.40;6;2;1;83;0;5247407;278;0
147;18;336;14;34;35;11;3.00;7;2;1;86;0;5247511;483;0
147;18;336;14;34;35;12;3.40;2;1;1;70;0;5247512;519;0
147;18;336;14;34;37;99;6.20;7;2;1;83;0;5247799;275;0
147;18;336;14;34;38;6;3.40;6;2;1;76;0;5247806;384;0
147;18;336;14;34;38;22;3.20;5;2;1;81;0;5247822;682;0
147;18;336;14;34;38;99;5.00;2;1;1;67;0;5247899;369;0
147;18;336;14;34;38;99;3.60;1;1;1;70;0;5247899;986;0
147;18;336;14;34;39;32;3.80;2;1;1;69;0;5247932;6;0
147;18;336;14;34;39;95;3.60;7;2;1;77;0;5247995;169;0
147;18;336;14;34;40;99;3.60;3;1;1;84;0;5248099;874;0
147;18;336;14;34;43;99;3.80;5;2;1;84;0;5248399;562;0
147;18;336;14;34;44;25;4.60;6;2;1;79;0;5248425;602;0
147;18;336;14;34;45;3;4.00;5;2;1;87;0;5248503;87;0
147;18;336;14;34;45;4;3.80;6;2;1;82;0;5248504;58;0
147;18;336;14;34;45;99;4.60;8;2;1;94;0;5248599;3584;0
147;18;336;14;34;45;99;3.60;4;1;1;84;0;5248599;1286;0
147;18;336;14;34;45;99;3.80;3;1;1;79;0;5248599;484;0
147;18;336;14;34;46;25;3.20;6;2;1;82;0;5248625;104;0
147;18;336;14;34;47;71;3.60;4;1;1;84;0;5248771;156;0
147;18;336;14;34;47;75;4.40;3;1;1;74;0;5248775;158;0
147;18;336;14;34;48;15;4.00;2;1;1;87;0;5248815;863;0
147;18;336;14;34;48;99;4.00;4;1;1;81;0;5248899;112;0
147;18;336;14;34;49;50;2.80;2;1;1;73;0;5248950;118;0
147;18;336;14;34;49;56;3.80;1;1;1;81;0;5248956;1038;0
147;18;336;14;34;49;55;3.40;3;1;1;69;0;5248955;158;0
147;18;336;14;34;50;18;3.60;4;1;1;81;0;5249018;101;0
147;18;336;14;34;49;27;4.00;7;2;1;19;0;5248927;915;0
147;18;336;14;34;51;10;3.60;4;1;1;78;0;5249110;76;5248599
147;18;336;14;34;52;5;4.00;5;2;1;81;0;5249205;685;0
147;18;336;14;34;51;13;3.60;3;1;1;68;0;5249113;140;0
147;18;336;14;34;52;93;3.60;6;2;1;80;0;5249293;653;0
147;18;336;14;34;53;99;3.20;2;1;1;70;0;5249399;435;0
147;18;336;14;34;53;99;4.60;4;1;1;81;0;5249399;272;0
147;18;336;14;34;53;99;3.40;5;2;1;88;0;5249399;176;0
147;18;336;14;34;53;99;3.40;3;1;1;73;0;5249399;266;0
147;18;336;14;34;54;99;3.80;4;1;1;80;0;5249499;79;0
147;18;336;14;34;54;99;3.60;2;1;1;72;0;5249499;83;0
147;18;336;14;34;53;67;4.00;7;2;1;21;0;5249367;364;0
147;18;336;14;34;55;91;3.60;2;1;1;74;0;5249591;74;0
147;18;336;14;34;55;99;3.60;5;2;1;81;0;5249599;186;0
147;18;336;14;34;55;99;3.60;3;1;1;80;0;5249599;183;0
147;18;336;14;34;56;17;3.80;3;1;1;79;0;5249617;1;0
147;18;336;14;34;56;99;3.80;5;2;1;81;0;5249699;84;0
147;18;336;14;34;56;99;3.40;2;1;1;77;0;5249699;90;0
147;18;336;14;34;56;99;3.20;6;2;1;78;0;5249699;389;0
147;18;336;14;34;57;69;3.60;2;1;1;77;0;5249769;54;5249399
147;18;336;14;34;58;17;4.00;8;2;1;106;0;5249817;1200;0
147;18;336;14;34;58;11;3.40;7;2;1;77;0;5249811;375;0
147;18;336;14;34;58;99;3.40;6;2;1;76;0;5249899;185;0
147;18;336;14;34;58;99;3.60;2;1;1;79;0;5249899;113;5249399
147;18;336;14;34;59;3;3.40;3;1;1;72;0;5249903;268;0
147;18;336;14;34;59;99;3.60;7;2;1;73;0;5249999;172;0
147;18;336;14;35;0;87;3.20;6;2;1;70;0;5250087;171;0
147;18;336;14;35;0;99;3.80;2;1;1;77;0;5250099;183;5249399
147;18;336;14;35;0;99;3.40;5;2;1;84;0;5250099;383;0
147;18;336;14;35;0;99;3.60;4;1;1;77;0;5250099;582;0
147;18;336;14;35;1;6;4.00;3;1;1;71;0;5250106;186;0
147;18;336;14;35;1;99;7.80;7;2;6;78;0;5250199;182;0
147;18;336;14;35;1;99;3.80;4;1;1;75;0;5250199;83;0
147;18;336;14;35;2;19;4.20;2;1;1;79;0;5250219;102;5249399
147;18;336;14;35;2;36;3.80;6;2;1;81;0;5250236;132;5249399
147;18;336;14;35;2;74;3.60;3;1;1;75;0;5250274;147;5249399
147;18;336;14;35;3;13;3.80;5;2;1;78;0;5250313;199;5249399
147;18;336;14;35;4;5;3.60;2;1;1;79;0;5250405;166;5249399
147;18;336;14;35;4;99;3.80;5;2;1;79;0;5250499;168;5249399
147;18;336;14;35;4;34;3.60;4;1;1;98;0;5250434;216;0
147;18;336;14;35;5;20;3.60;3;1;1;78;0;5250520;228;0
147;18;336;14;35;5;74;3.60;6;2;1;76;0;5250574;321;0
147;18;336;14;35;6;28;3.40;2;1;1;82;0;5250628;206;0
147;18;336;14;35;6;99;3.80;3;1;1;68;0;5250699;162;0
147;18;336;14;35;7;7;3.20;6;2;1;81;0;5250707;115;0
147;18;336;14;35;8;26;3.80;4;1;1;85;0;5250826;378;0
147;18;336;14;35;8;99;3.40;3;1;1;69;0;5250899;179;0
147;18;336;14;35;9;99;3.20;2;1;1;78;0;5250999;356;0
147;18;336;14;35;8;96;5.80;7;2;1;26;0;5250896;661;0
147;18;336;14;35;10;99;3.00;2;1;1;72;0;5251099;85;0
147;18;336;14;35;11;99;3.40;6;2;1;78;0;5251199;477;0
147;18;336;14;35;11;99;3.40;3;1;1;75;0;5251199;282;0
147;18;336;14;35;12;22;3.80;4;1;1;82;0;5251222;379;0
147;18;336;14;35;13;12;3.20;6;2;1;73;0;5251312;97;0
147;18;336;14;35;13;99;3.40;2;1;1;79;0;5251399;285;0
147;18;336;14;35;13;99;4.00;5;2;1;86;0;5251399;882;0
147;18;336;14;35;13;99;3.40;1;1;1;69;0;5251399;2426;0
147;18;336;14;35;14;99;3.80;8;2;1;82;0;5251499;1668;0
147;18;336;14;35;14;99;3.80;3;1;1;78;0;5251499;283;0
147;18;336;14;35;14;99;3.20;2;1;1;83;0;5251499;84;0
147;18;336;14;35;15;18;3.20;6;2;1;75;0;5251518;190;0
147;18;336;14;35;15;99;3.40;2;1;1;74;0;5251599;86;0
147;18;336;14;35;16;99;3.80;8;2;1;75;0;5251699;183;0
147;18;336;14;35;17;20;3.40;5;2;1;79;0;5251720;304;0
147;18;336;14;35;17;99;4.00;2;1;1;74;0;5251799;183;0
147;18;336;14;35;17;44;3.20;6;2;1;77;0;5251744;210;0
147;18;336;14;35;18;84;4.80;7;2;1;77;0;5251884;907;0
147;18;336;14;35;19;99;6.00;7;2;1;79;0;5251999;92;0
147;18;336;14;35;19;99;3.20;6;2;1;73;0;5251999;240;0
147;18;336;14;35;20;29;3.60;3;1;1;78;0;5252029;512;0
147;18;336;14;35;20;30;3.80;8;2;1;79;0;5252030;312;0
147;18;336;14;35;20;80;3.60;4;1;1;79;0;5252080;841;0
147;18;336;14;35;20;94;3.20;2;1;1;72;0;5252094;275;0
147;18;336;14;35;22;19;4.80;3;1;1;72;0;5252219;173;0
147;18;336;14;35;22;99;4.40;7;2;1;74;0;5252299;272;0
147;18;336;14;35;22;42;4.00;4;1;1;81;0;5252242;145;0
147;18;336;14;35;22;43;3.60;5;2;1;82;0;5252243;507;0
147;18;336;14;35;22;39;4.00;2;1;1;74;0;5252239;129;0
147;18;336;14;35;23;83;3.40;7;2;1;79;0;5252383;62;0
147;18;336;14;35;24;23;3.60;4;1;1;79;0;5252423;163;0
147;18;336;14;35;25;17;3.40;3;1;1;67;0;5252517;274;0
147;18;336;14;35;26;99;3.40;2;1;1;71;0;5252699;440;0
147;18;336;14;35;26;99;3.80;3;1;1;72;0;5252699;163;0
147;18;336;14;35;26;99;3.60;6;2;1;80;0;5252699;684;0
147;18;336;14;35;27;99;3.60;2;1;1;72;0;5252799;82;0
147;18;336;14;35;27;99;3.80;7;2;1;83;0;5252799;400;0
147;18;336;14;35;28;13;6.00;1;1;1;85;0;5252813;1396;0
147;18;336;14;35;29;0;3.40;3;1;1;72;0;5252900;182;0
147;18;336;14;35;29;17;3.80;6;2;1;74;0;5252917;201;0
147;18;336;14;35;29;99;3.00;4;1;1;81;0;5252999;559;0
147;18;336;14;35;29;99;3.00;2;1;1;62;0;5252999;182;0
147;18;336;14;35;30;21;4.40;7;2;1;81;0;5253021;205;0
147;18;336;14;35;30;48;3.20;3;1;1;77;0;5253048;131;0
147;18;336;14;35;31;7;3.20;2;1;1;66;0;5253107;90;0
147;18;336;14;35;31;99;3.60;1;1;1;74;0;5253199;360;0
147;18;336;14;35;31;99;3.60;6;2;1;83;0;5253199;263;0
147;18;336;14;35;32;99;3.60;3;1;1;74;0;5253299;236;0
147;18;336;14;35;33;78;3.60;6;2;1;77;0;5253378;163;0
147;18;336;14;35;34;99;3.40;6;2;1;78;0;5253499;104;0
147;18;336;14;35;34;99;3.60;2;1;1;76;0;5253499;374;0
147;18;336;14;35;35;19;3.80;3;1;1;78;0;5253519;202;0
147;18;336;14;35;35;37;3.60;6;2;1;80;0;5253537;22;0
147;18;336;14;35;36;25;3.60;7;2;1;87;0;5253625;584;0
147;18;336;14;35;37;99;4.00;6;2;1;80;0;5253799;245;0
147;18;336;14;35;38;75;3.40;2;1;1;61;0;5253875;358;0
147;18;336;14;35;39;99;3.60;3;1;1;81;0;5253999;462;0
147;18;336;14;35;39;99;3.40;2;1;1;66;0;5253999;103;0
147;18;336;14;35;40;99;3.60;6;2;1;82;0;5254099;282;0
147;18;336;14;35;40;0;4.20;1;1;1;66;0;5254000;783;0
147;18;336;14;35;41;99;3.60;2;1;1;69;0;5254199;181;0
147;18;336;14;35;42;99;3.60;6;2;1;74;0;5254299;184;0
147;18;336;14;35;43;52;3.20;6;2;1;76;0;5254352;35;0
147;18;336;14;35;44;7;2.80;1;1;1;82;0;5254407;384;0
147;18;336;14;35;44;99;3.40;6;2;1;77;0;5254499;131;0
147;18;336;14;35;44;99;3.20;2;1;1;73;0;5254499;281;0
147;18;336;14;35;45;99;3.20;8;2;1;77;0;5254599;2551;0
147;18;336;14;35;45;99;3.40;3;1;1;74;0;5254599;584;0
147;18;336;14;35;46;3;3.80;7;2;1;72;0;5254603;963;0
147;18;336;14;35;46;95;4.00;5;2;1;84;0;5254695;2436;0
147;18;336;14;35;46;99;3.00;2;1;1;78;0;5254699;184;0
147;18;336;14;35;46;99;3.60;4;1;1;80;0;5254699;1686;0
147;18;336;14;35;47;16;4.00;3;1;1;76;0;5254716;100;0
147;18;336;14;35;47;99;3.20;6;2;1;74;0;5254799;284;0
147;18;336;14;35;47;99;3.80;7;2;1;72;0;5254799;177;0
147;18;336;14;35;47;99;3.60;2;1;1;77;0;5254799;86;0
147;18;336;14;35;48;72;4.00;3;1;1;79;0;5254872;137;0
147;18;336;14;35;48;9;18.60;4;1;5;77;0;5254809;93;0
147;18;336;14;35;49;17;3.60;2;1;1;74;0;5254917;101;0
147;18;336;14;35;50;4;3.80;5;2;1;82;0;5255004;291;0
147;18;336;14;35;50;99;3.80;3;1;1;81;0;5255099;208;0
147;18;336;14;35;51;13;3.60;4;1;1;81;0;5255113;217;0
147;18;336;14;35;51;19;3.40;2;1;1;78;0;5255119;184;5254499
147;18;336;14;35;52;20;3.20;2;1;1;73;0;5255220;85;5254499
147;18;336;14;35;52;99;3.80;6;2;1;72;0;5255299;484;0
147;18;336;14;35;53;7;3.60;2;1;1;70;0;5255307;71;5254499
147;18;336;14;35;53;27;3.80;4;1;1;87;0;5255327;198;5254499
147;18;336;14;35;53;63;3.80;3;1;1;81;0;5255363;247;0
147;18;336;14;35;55;0;4.20;5;2;1;88;0;5255500;479;0
147;18;336;14;35;55;10;4.00;4;1;1;89;0;5255510;167;0
147;18;336;14;35;57;99;3.00;1;1;1;75;0;5255799;1379;0
147;18;336;14;35;57;99;3.00;3;1;1;74;0;5255799;419;0
147;18;336;14;35;58;43;3.60;3;1;1;73;0;5255843;29;0
147;18;336;14;35;59;99;4.00;4;1;1;84;0;5255999;472;0
147;18;336;14;36;0;99;4.20;4;1;1;83;0;5256099;82;0
147;18;336;14;36;0;99;4.40;2;1;1;64;0;5256099;773;0
147;18;336;14;36;0;99;3.00;6;2;1;72;0;5256099;781;0
147;18;336;14;36;1;76;3.40;3;1;1;75;0;5256176;315;0
147;18;336;14;36;2;99;3.60;2;1;1;65;0;5256299;175;0
147;18;336;14;36;3;1;3.60;6;2;1;72;0;5256301;187;0
147;18;336;14;36;3;4;3.80;4;1;1;83;0;5256304;186;0
147;18;336;14;36;3;0;3.80;3;1;1;76;0;5256300;107;0
147;18;336;14;36;4;69;3.60;6;2;1;72;0;5256469;150;0
147;18;336;14;36;4;72;3.60;1;1;1;72;0;5256472;658;0
147;18;336;14;36;4;99;4.60;7;2;1;76;0;5256499;1681;0
147;18;336;14;36;4;99;3.80;3;1;1;77;0;5256499;181;0
147;18;336;14;36;6;5;3.40;2;1;1;76;0;5256605;286;0
147;18;336;14;36;6;5;4.40;7;2;1;74;0;5256605;84;0
147;18;336;14;36;7;4;3.80;1;1;1;79;0;5256704;214;0
147;18;336;14;36;8;13;4.00;2;1;1;76;0;5256813;191;0
147;18;336;14;36;9;12;3.80;6;2;1;79;0;5256912;425;0
147;18;336;14;36;9;56;3.40;8;2;1;70;0;5256956;2342;0
147;18;336;14;36;10;99;4.00;5;2;1;83;0;5257099;1581;0
147;18;336;14;36;11;16;3.80;8;2;1;76;0;5257116;142;0
147;18;336;14;36;12;10;3.80;3;1;1;74;0;5257210;693;0
147;18;336;14;36;12;7;3.80;7;2;1;72;0;5257207;580;0
147;18;336;14;36;12;99;6.20;5;2;1;89;0;5257299;182;0
147;18;336;14;36;12;99;3.20;8;2;1;76;0;5257299;165;0
147;18;336;14;36;13;4;3.40;4;1;1;84;0;5257304;983;0
147;18;336;14;36;13;24;3.60;7;2;1;80;0;5257324;98;0
147;18;336;14;36;15;9;3.20;7;2;1;76;0;5257509;168;0
147;18;336;14;36;16;27;3.20;3;1;1;77;0;5257627;398;0
147;18;336;14;36;15;99;3.60;5;2;1;82;0;5257599;274;0
147;18;336;14;36;17;6;4.40;7;2;1;82;0;5257706;181;0
147;18;336;14;36;17;99;3.20;3;1;1;76;0;5257799;157;0
147;18;336;14;36;18;1;3.60;6;2;1;84;0;5257801;871;0
147;18;336;14;36;19;99;9.60;4;1;2;81;0;5257999;680;0
147;18;336;14;36;20;99;3.60;2;1;1;67;0;5258099;1267;0
147;18;336;14;36;20;99;3.80;5;2;1;81;0;5258099;484;0
147;18;336;14;36;20;99;3.20;3;1;1;79;0;5258099;284;0
147;18;336;14;36;21;22;3.20;6;2;1;73;0;5258122;305;0
147;18;336;14;36;23;11;3.60;2;1;1;70;0;5258311;192;0
147;18;336;14;36;23;29;3.40;4;1;1;83;0;5258329;287;0
147;18;336;14;36;23;99;3.20;3;1;1;76;0;5258399;285;0
147;18;336;14;36;24;3;4.00;6;2;1;72;0;5258403;265;0
147;18;336;14;36;24;99;3.20;5;2;1;82;0;5258499;383;0
147;18;336;14;36;25;99;3.60;2;1;1;70;0;5258599;269;0
147;18;336;14;36;25;99;4.60;6;2;1;75;0;5258599;176;0
147;18;336;14;36;25;99;3.80;4;1;1;79;0;5258599;255;0
147;18;336;14;36;26;7;3.80;2;1;1;70;0;5258607;-1;0
147;18;336;14;36;27;15;3.40;5;2;1;83;0;5258715;201;0
147;18;336;14;36;27;7;3.80;3;1;1;73;0;5258707;292;0
147;18;336;14;36;27;14;4.00;6;2;1;76;0;5258714;92;0
147;18;336;14;36;27;99;3.60;5;2;1;85;0;5258799;69;0
147;18;336;14;36;27;99;3.60;2;1;1;73;0;5258799;172;0
147;18;336;14;36;28;99;3.20;6;2;1;75;0;5258899;166;0
147;18;336;14;36;28;99;3.60;5;2;1;83;0;5258899;84;0
147;18;336;14;36;28;99;3.40;3;1;1;83;0;5258899;173;0
147;18;336;14;36;28;99;4.40;2;1;1;69;0;5258899;82;0
147;18;336;14;36;29;21;3.20;4;1;1;78;0;5258921;304;0
147;18;336;14;36;29;56;3.00;7;2;1;86;0;5258956;1230;0
147;18;336;14;36;29;85;3.40;4;1;1;80;0;5258985;49;0
147;18;336;14;36;30;20;3.20;6;2;1;79;0;5259020;105;5258403
147;18;336;14;36;30;99;3.40;2;1;1;68;0;5259099;177;5258099
147;18;336;14;36;31;26;3.60;5;2;1;87;0;5259126;211;0
147;18;336;14;36;31;99;3.60;3;1;1;70;0;5259199;285;0
147;18;336;14;36;32;53;3.40;2;1;1;69;0;5259253;136;5258099
147;18;336;14;36;32;98;3.40;3;1;1;67;0;5259298;80;5258099
147;18;336;14;36;32;99;3.80;4;1;1;79;0;5259299;298;0
147;18;336;14;36;33;99;3.40;2;1;1;72;0;5259399;128;5258099
147;18;336;14;36;34;11;4.60;4;1;1;83;0;5259411;94;5258099
147;18;336;14;36;34;42;3.40;2;1;1;73;0;5259442;26;5258099
147;18;336;14;36;35;36;4.00;5;2;1;94;0;5259536;395;0
147;18;336;14;36;35;99;3.60;4;1;1;84;0;5259599;168;0
147;18;336;14;36;35;99;3.60;1;1;1;69;0;5259599;2877;0
147;18;336;14;36;36;23;3.80;6;2;1;80;0;5259623;588;0
147;18;336;14;36;37;14;3.40;6;2;1;78;0;5259714;73;0
147;18;336;14;36;37;43;3.80;1;1;1;68;0;5259743;125;0
147;18;336;14;36;38;99;3.60;6;2;1;72;0;5259899;169;0
147;18;336;14;36;40;7;3.40;3;1;1;69;0;5260007;690;0
147;18;336;14;36;41;9;3.80;8;2;1;80;0;5260109;2794;0
147;18;336;14;36;41;99;3.40;6;2;1;73;0;5260199;282;0
147;18;336;14;36;42;23;3.40;7;2;1;85;0;5260223;1254;0
147;18;336;14;36;43;13;3.00;6;2;1;79;0;5260313;97;0
147;18;336;14;36;43;99;3.40;3;1;1;71;0;5260399;374;0
147;18;336;14;36;45;86;3.60;7;2;1;79;0;5260586;348;0
147;18;336;14;36;45;91;3.20;6;2;1;77;0;5260591;264;0
147;18;336;14;36;45;69;7.60;4;1;6;78;0;5260569;954;0
147;18;336;14;36;46;99;3.60;3;1;1;73;0;5260699;282;0
147;18;336;14;36;46;99;3.80;4;1;1;78;0;5260699;94;0
147;18;336;14;36;47;98;3.60;5;2;1;82;0;5260798;1246;0
147;18;336;14;36;48;15;3.20;2;1;1;70;0;5260815;1356;0
147;18;336;14;36;48;99;3.20;6;2;1;72;0;5260899;293;0
147;18;336;14;36;48;99;4.40;8;2;1;80;0;5260899;772;0
147;18;336;14;36;49;3;4.40;3;1;1;74;0;5260903;186;0
147;18;336;14;36;49;19;3.60;6;2;1;73;0;5260919;3;0
147;18;336;14;36;49;3;3.20;5;2;1;79;0;5260903;89;0
147;18;336;14;36;49;31;3.60;2;1;1;70;0;5260931;99;0
147;18;336;14;36;50;3;4.60;4;1;1;81;0;5261003;286;0
147;18;336;14;36;50;99;3.00;3;1;1;73;0;5261099;174;0
147;18;336;14;36;51;7;3.60;6;2;1;79;0;5261107;170;0
147;18;336;14;36;51;99;4.00;4;1;1;82;0;5261199;175;0
147;18;336;14;36;51;99;3.80;2;1;1;65;0;5261199;249;0
147;18;336;14;36;52;47;3.40;1;1;1;76;0;5261247;1483;0
147;18;336;14;36;52;51;3.80;8;2;1;80;0;5261251;332;0
147;18;336;14;36;53;6;3.60;6;2;1;77;0;5261306;182;0
147;18;336;14;36;53;99;3.80;1;1;1;65;0;5261399;135;0
147;18;336;14;36;55;59;3.80;4;1;1;81;0;5261559;342;0
147;18;336;14;36;55;83;3.40;2;1;1;69;0;5261583;362;0
147;18;336;14;36;55;99;3.20;3;1;1;74;0;5261599;485;0
147;18;336;14;36;56;15;2.80;1;1;1;65;0;5261615;194;0
147;18;336;14;36;57;28;3.20;3;1;1;79;0;5261728;113;0
147;18;336;14;36;56;98;0.20;6;1;1;14;1;5261698;177885;0
147;18;336;14;36;58;99;3.60;4;1;1;82;0;5261899;323;0
147;18;336;14;36;58;99;3.20;2;1;1;72;0;5261899;298;0
147;18;336;14;36;59;99;3.60;3;1;1;80;0;5261999;256;0
147;18;336;14;36;59;3;3.80;7;2;1;82;0;5261903;1300;0
147;18;336;14;37;0;15;3.60;6;2;1;74;0;5262015;692;0
147;18;336;14;37;0;83;3.80;4;1;1;86;0;5262083;168;0
147;18;336;14;37;1;11;3.60;6;2;1;81;0;5262111;78;0
147;18;336;14;37;1;99;3.60;2;1;1;93;0;5262199;284;0
147;18;336;14;37;3;92;3.60;7;2;1;77;0;5262392;472;0
147;18;336;14;37;3;99;2.20;3;1;1;75;0;5262399;383;0
147;18;336;14;37;4;3;3.40;2;1;1;74;0;5262403;190;0
147;18;336;14;37;4;13;3.40;6;2;1;80;0;5262413;286;0
147;18;336;14;37;5;81;3.80;2;1;1;74;0;5262581;161;0
147;18;336;14;37;6;99;3.60;6;2;1;77;0;5262699;270;0
147;18;336;14;37;7;6;3.60;3;1;1;79;0;5262706;296;0
147;18;336;14;37;7;23;3.00;2;1;1;74;0;5262723;123;0
147;18;336;14;37;7;27;3.40;5;2;1;83;0;5262727;1809;0
147;18;336;14;37;8;85;3.60;3;1;1;80;0;5262885;162;0
147;18;336;14;37;9;1;3.60;1;1;1;78;0;5262901;1270;0
147;18;336;14;37;9;5;3.80;5;2;1;85;0;5262905;163;0
147;18;336;14;37;9;99;3.60;5;2;1;93;0;5262999;77;0
147;18;336;14;37;10;42;3.20;6;2;1;78;0;5263042;326;0
147;18;336;14;37;10;78;3.40;3;1;1;80;0;5263078;176;0
147;18;336;14;37;11;99;3.20;7;2;1;72;0;5263199;790;0
147;18;336;14;37;12;99;3.80;6;2;1;76;0;5263299;242;0
147;18;336;14;37;12;99;4.00;3;1;1;81;0;5263299;205;0
147;18;336;14;37;13;99;5.00;7;2;1;82;0;5263399;184;0
147;18;336;14;37;14;2;3.40;6;2;1;73;0;5263402;85;0
147;18;336;14;37;14;99;4.40;3;1;1;80;0;5263499;182;0
147;18;336;14;37;15;37;3.00;6;2;1;72;0;5263537;118;0
147;18;336;14;37;16;4;3.60;8;2;1;81;0;5263604;2335;0
147;18;336;14;37;16;99;3.80;6;2;1;75;0;5263699;147;0
147;18;336;14;37;17;8;3.60;2;1;1;76;0;5263708;970;0
147;18;336;14;37;17;99;3.60;5;2;1;81;0;5263799;786;0
147;18;336;14;37;17;99;3.40;7;2;1;72;0;5263799;378;0
147;18;336;14;37;18;55;3.60;2;1;1;75;0;5263855;129;0
147;18;336;14;37;18;70;3.60;6;2;1;74;0;5263870;152;5263299
147;18;336;14;37;18;99;3.80;7;2;1;72;0;5263899;83;5263299
147;18;336;14;37;18;99;4.40;1;1;1;79;0;5263899;981;0
147;18;336;14;37;19;99;3.40;6;2;1;78;0;5263999;111;5263299
147;18;336;14;37;20;4;3.60;3;1;1;79;0;5264004;485;0
147;18;336;14;37;20;39;3.80;7;2;1;76;0;5264039;121;0
147;18;336;14;37;21;99;3.60;2;1;1;83;0;5264199;326;0
147;18;336;14;37;22;0;3.00;6;2;1;78;0;5264200;185;5263299
147;18;336;14;37;23;17;3.20;3;1;1;79;0;5264317;296;0
147;18;336;14;37;24;99;3.40;3;1;1;82;0;5264499;167;0
147;18;336;14;37;24;99;4.20;6;2;1;81;0;5264499;285;0
147;18;336;14;37;26;99;3.40;2;1;1;75;0;5264699;484;0
147;18;336;14;37;27;99;3.60;5;2;1;83;0;5264799;984;0
147;18;336;14;37;28;21;3.40;5;2;1;85;0;5264821;6;0
147;18;336;14;37;28;70;3.80;7;2;1;77;0;5264870;813;0
147;18;336;14;37;28;84;3.40;2;1;1;76;0;5264884;168;0
147;18;336;14;37;28;99;3.60;8;2;1;81;0;5264899;1279;0
147;18;336;14;37;30;5;3.60;3;1;1;78;0;5265005;491;0
147;18;336;14;37;31;90;3.60;8;2;1;88;0;5265190;275;0
147;18;336;14;37;31;99;2.80;7;1;1;75;0;5265199;249867;0
147;18;336;14;37;31;99;3.80;3;1;1;77;0;5265199;177;0
147;18;336;14;37;31;99;3.60;4;1;1;82;0;5265199;3100;0
147;18;336;14;37;33;14;3.40;6;2;1;80;0;5265314;796;0
147;18;336;14;37;34;99;3.60;6;2;1;79;0;5265499;169;0
147;18;336;14;37;37;99;3.60;2;1;1;80;0;5265799;898;0
147;18;336;14;37;40;18;3.60;4;1;1;81;0;5266018;803;0
147;18;336;14;37;40;10;3.60;6;2;1;75;0;5266010;494;0
147;18;336;14;37;41;6;3.80;3;1;1;76;0;5266106;889;0
147;18;336;14;37;42;5;5.00;6;2;1;76;0;5266205;177;0
147;18;336;14;37;43;9;3.80;6;2;1;77;0;5266309;80;0
147;18;336;14;37;43;48;4.00;3;1;1;79;0;5266348;224;0
147;18;336;14;37;44;97;3.80;2;1;1;80;0;5266497;681;0
147;18;336;14;37;45;20;4.00;4;1;1;89;0;5266520;486;0
147;18;336;14;37;46;22;3.60;6;2;1;79;0;5266622;295;0
147;18;336;14;37;46;45;3.80;4;1;1;85;0;5266645;108;0
147;18;336;14;37;46;50;3.60;2;1;1;80;0;5266650;135;0
147;18;336;14;37;47;18;3.40;2;1;1;77;0;5266718;51;0
147;18;336;14;37;48;7;3.60;6;2;1;78;0;5266807;168;0
147;18;336;14;37;48;99;4.40;2;1;1;78;0;5266899;165;0
147;18;336;14;37;48;12;3.60;5;2;1;84;0;5266812;1976;0
147;18;336;14;37;49;90;3.00;2;1;1;79;0;5266990;70;5266497
147;18;336;14;37;49;99;3.40;6;2;1;75;0;5266999;175;5266497
147;18;336;14;37;51;19;3.60;4;1;1;86;0;5267119;457;0
147;18;336;14;37;51;78;3.80;3;1;1;82;0;5267178;811;0
147;18;336;14;37;52;99;3.20;6;2;1;79;0;5267299;283;0
147;18;336;14;37;53;23;3.20;2;1;1;77;0;5267323;319;0
147;18;336;14;37;53;99;4.00;5;2;1;82;0;5267399;571;0
147;18;336;14;37;53;24;3.60;3;1;1;84;0;5267324;129;0
147;18;336;14;37;54;99;3.60;2;1;1;81;0;5267499;161;0
147;18;336;14;37;54;50;25.20;4;1;5;82;0;5267450;315;0
147;18;336;14;37;57;13;3.60;3;1;1;71;0;5267713;373;0
147;18;336;14;37;58;99;3.60;3;1;1;66;0;5267899;167;0
147;18;336;14;37;58;24;4.40;6;2;1;86;0;5267824;510;0
147;18;336;14;37;59;6;3.60;4;1;1;81;0;5267906;345;0
147;18;336;14;37;59;80;3.60;7;2;1;88;0;5267980;3092;0
147;18;336;14;37;59;99;3.60;3;1;1;66;0;5267999;80;0
147;18;336;14;38;0;12;3.40;2;1;1;71;0;5268012;497;0
147;18;336;14;38;1;3;3.60;3;1;1;67;0;5268103;84;0
147;18;336;14;38;1;16;3.40;2;1;1;72;0;5268116;86;0
147;18;336;14;38;1;35;3.60;4;1;1;82;0;5268135;213;0
147;18;336;14;38;2;7;3.20;2;1;1;70;0;5268207;74;0
147;18;336;14;38;2;20;3.60;6;2;1;81;0;5268220;377;0
147;18;336;14;38;3;9;3.60;2;1;1;74;0;5268309;85;0
147;18;336;14;38;3;20;3.20;6;2;1;73;0;5268320;84;0
147;18;336;14;38;3;14;3.40;4;1;1;79;0;5268314;163;0
147;18;336;14;38;4;72;3.40;6;2;1;75;0;5268472;136;0
147;18;336;14;38;4;71;4.00;4;1;1;79;0;5268471;141;0
147;18;336;14;38;4;31;10.60;3;1;7;73;0;5268431;308;0
147;18;336;14;38;4;89;3.40;5;2;1;79;0;5268489;1072;0
147;18;336;14;38;5;99;3.60;4;1;1;81;0;5268599;109;0
147;18;336;14;38;6;7;3.60;6;2;1;78;0;5268607;118;0
147;18;336;14;38;7;28;3.00;2;1;1;80;0;5268728;401;0
147;18;336;14;38;7;99;3.60;3;1;1;76;0;5268799;315;0
147;18;336;14;38;8;99;3.20;4;1;1;83;0;5268899;284;0
147;18;336;14;38;8;99;3.80;2;1;1;78;0;5268899;157;0
147;18;336;14;38;9;92;3.60;6;2;1;75;0;5268992;368;0
147;18;336;14;38;11;27;6.00;3;1;1;74;0;5269127;310;0
147;18;336;14;38;12;3;3.60;2;1;1;67;0;5269203;286;0
147;18;336;14;38;12;99;3.40;4;1;1;86;0;5269299;386;0
147;18;336;14;38;13;99;3.60;2;1;1;71;0;5269399;176;0
147;18;336;14;38;13;99;3.40;4;1;1;86;0;5269399;85;0
147;18;336;14;38;14;11;3.20;3;1;1;74;0;5269411;254;0
147;18;336;14;38;14;62;3.80;4;1;1;85;0;5269462;48;0
147;18;336;14;38;15;99;3.60;6;2;1;75;0;5269599;589;0
147;18;336;14;38;15;99;3.20;1;1;1;71;0;5269599;5679;0
147;18;336;14;38;15;99;3.40;3;1;1;73;0;5269599;172;0
147;18;336;14;38;16;34;5.80;7;2;1;30;0;5269634;1639;0
147;18;336;14;38;17;99;3.60;3;1;1;75;0;5269799;183;0
147;18;336;14;38;17;99;3.40;2;1;1;77;0;5269799;381;0
147;18;336;14;38;19;1;3.60;2;1;1;77;0;5269901;86;0
147;18;336;14;38;19;27;3.60;6;2;1;82;0;5269927;310;0
147;18;336;14;38;20;99;3.20;2;1;1;74;0;5270099;181;0
147;18;336;14;38;20;99;4.20;7;2;1;77;0;5270099;395;0
147;18;336;14;38;20;99;3.80;6;2;1;83;0;5270099;156;0
147;18;336;14;38;22;89;3.20;2;1;1;77;0;5270289;174;0
147;18;336;14;38;23;99;3.40;7;2;1;81;0;5270399;280;0
147;18;336;14;38;24;22;3.20;2;1;1;75;0;5270422;118;5269799
147;18;336;14;38;24;56;4.40;7;2;1;84;0;5270456;41;5269799
147;18;336;14;38;26;0;3.80;3;1;1;78;0;5270600;783;0
147;18;336;14;38;26;99;3.20;6;2;1;84;0;5270699;583;0
147;18;336;14;38;26;99;3.80;2;1;1;73;0;5270699;261;0
147;18;336;14;38;27;44;3.80;4;1;1;78;0;5270744;1265;0
147;18;336;14;38;27;90;3.80;6;2;1;84;0;5270790;77;0
147;18;336;14;38;27;99;3.40;3;1;1;78;0;5270799;181;0
147;18;336;14;38;28;8;3.00;1;1;1;75;0;5270808;1192;0
147;18;336;14;38;28;99;3.60;6;2;1;90;0;5270899;92;0
147;18;336;14;38;28;99;3.20;4;1;1;82;0;5270899;137;0
147;18;336;14;38;29;18;3.20;2;1;1;80;0;5270918;200;0
147;18;336;14;38;29;99;3.60;6;2;1;84;0;5270999;85;0
147;18;336;14;38;30;99;3.20;6;2;1;85;0;5271099;84;5270699
147;18;336;14;38;30;96;5.00;2;1;1;75;0;5271096;163;5270699
147;18;336;14;38;30;99;5.80;3;1;1;73;0;5271099;284;0
147;18;336;14;38;32;1;3.80;5;2;1;80;0;5271201;2696;0
147;18;336;14;38;32;38;3.20;6;2;1;76;0;5271238;125;5270699
147;18;336;14;38;32;84;3.80;2;1;1;76;0;5271284;164;5270699
147;18;336;14;38;33;26;3.80;7;2;1;87;0;5271326;851;0
147;18;336;14;38;34;99;3.00;5;2;1;80;0;5271499;280;0
147;18;336;14;38;34;26;3.40;2;1;1;79;0;5271426;124;0
147;18;336;14;38;35;3;5.00;7;2;1;79;0;5271503;161;0
147;18;336;14;38;35;93;4.60;4;1;1;79;0;5271593;679;0
147;18;336;14;38;36;2;3.40;3;1;1;80;0;5271602;474;0
147;18;336;14;38;37;38;3.80;3;1;1;79;0;5271738;120;0
147;18;336;14;38;38;99;4.40;2;1;1;79;0;5271899;457;0
147;18;336;14;38;38;99;4.20;5;2;1;88;0;5271899;386;0
147;18;336;14;38;39;2;3.80;6;2;1;77;0;5271902;648;0
147;18;336;14;38;39;18;3.40;8;2;1;85;0;5271918;6713;0
147;18;336;14;38;39;23;3.00;3;1;1;77;0;5271923;167;0
147;18;336;14;38;39;7;4.00;2;1;1;79;0;5271907;-1;0
147;18;336;14;38;41;99;3.40;2;1;1;73;0;5272199;273;0
147;18;336;14;38;41;99;4.80;6;2;1;80;0;5272199;279;0
147;18;336;14;38;42;23;3.40;4;1;1;82;0;5272223;609;0
147;18;336;14;38;42;18;3.40;3;1;1;82;0;5272218;280;0
147;18;336;14;38;43;99;3.80;1;1;1;87;0;5272399;1576;0
147;18;336;14;38;43;99;3.40;2;1;1;78;0;5272399;183;0
147;18;336;14;38;43;99;3.20;3;1;1;76;0;5272399;166;0
147;18;336;14;38;45;68;3.80;4;1;1;82;0;5272568;330;0
147;18;336;14;38;45;89;3.80;2;1;1;76;0;5272589;174;0
147;18;336;14;38;45;97;3.80;1;1;1;82;0;5272597;182;0
147;18;336;14;38;45;99;3.40;6;2;1;75;0;5272599;378;0
147;18;336;14;38;46;99;4.00;5;2;1;83;0;5272699;782;0
147;18;336;14;38;48;99;3.40;3;1;1;77;0;5272899;484;0
147;18;336;14;38;48;99;3.40;6;2;1;87;0;5272899;283;0
147;18;336;14;38;49;99;5.80;7;2;1;75;0;5272999;1473;0
147;18;336;14;38;50;65;3.80;2;1;1;77;0;5273065;458;0
147;18;336;14;38;51;99;3.20;8;2;1;88;0;5273199;1266;0
147;18;336;14;38;52;99;3.40;4;1;1;81;0;5273299;714;0
147;18;336;14;38;52;2;3.20;2;1;1;77;0;5273202;119;0
147;18;336;14;38;52;99;4.60;6;2;1;82;0;5273299;385;0
147;18;336;14;38;53;99;3.20;3;1;1;73;0;5273399;484;0
147;18;336;14;38;53;99;4.60;2;1;1;78;0;5273399;182;0
147;18;336;14;38;53;99;3.60;6;2;1;74;0;5273399;79;0
147;18;336;14;38;54;99;4.20;8;2;1;90;0;5273499;286;0
147;18;336;14;38;54;99;3.60;5;2;1;84;0;5273499;782;0
147;18;336;14;38;54;99;3.40;1;1;1;106;0;5273499;885;0
147;18;336;14;38;54;99;3.60;2;1;1;77;0;5273499;78;0
147;18;336;14;38;57;4;3.80;6;2;1;81;0;5273704;287;0
147;18;336;14;38;58;29;3.20;5;2;1;92;0;5273829;314;0
147;18;336;14;38;58;85;3.60;4;1;1;84;0;5273885;570;0
147;18;336;14;38;58;99;3.20;3;1;1;75;0;5273899;484;0
147;18;336;14;38;58;99;3.40;1;1;1;82;0;5273899;388;0
147;18;336;14;38;59;99;3.40;6;2;1;82;0;5273999;278;0
147;18;336;14;38;59;99;3.20;3;1;1;76;0;5273999;84;0
147;18;336;14;39;0;23;4.40;5;2;1;83;0;5274023;181;0
147;18;336;14;39;0;71;3.60;3;1;1;76;0;5274071;56;0
147;18;336;14;39;1;19;3.80;5;2;1;81;0;5274119;76;0
147;18;336;14;39;1;99;3.40;3;1;1;77;0;5274199;110;0
147;18;336;14;39;1;99;3.40;6;2;1;77;0;5274199;185;0
147;18;336;14;39;4;22;3.60;5;2;1;83;0;5274422;286;0
147;18;336;14;39;4;99;3.60;3;1;1;82;0;5274499;284;0
147;18;336;14;39;4;99;3.00;6;2;1;75;0;5274499;284;0
147;18;336;14;39;5;19;4.00;5;2;1;84;0;5274519;81;0
147;18;336;14;39;5;15;3.00;1;1;1;75;0;5274515;601;0
147;18;336;14;39;5;53;4.00;6;2;1;76;0;5274553;39;0
147;18;336;14;39;6;99;3.40;3;1;1;82;0;5274699;184;0
147;18;336;14;39;6;99;5.80;6;2;1;74;0;5274699;127;0
147;18;336;14;39;7;3;4.00;5;2;1;80;0;5274703;166;0
147;18;336;14;39;6;99;7.40;2;1;6;79;0;5274699;1183;0
147;18;336;14;39;7;0;3.00;3;1;1;79;0;5274700;-1;0
147;18;336;14;39;8;6;3.80;5;2;1;83;0;5274806;85;0
147;18;336;14;39;8;19;3.80;1;1;1;84;0;5274819;289;0
147;18;336;14;39;9;99;3.60;2;1;1;83;0;5274999;266;0
147;18;336;14;39;9;99;3.40;6;2;1;71;0;5274999;271;0
147;18;336;14;39;6;69;4.20;7;2;1;11;0;5274669;1642;0
147;18;336;14;39;10;99;4.60;5;2;1;86;0;5275099;276;0
147;18;336;14;39;10;7;3.60;8;2;1;79;0;5275007;1491;0
147;18;336;14;39;10;65;3.00;2;1;1;77;0;5275065;50;0
147;18;336;14;39;11;12;3.60;8;2;1;78;0;5275112;88;0
147;18;336;14;39;11;99;3.80;5;2;1;88;0;5275199;80;0
147;18;336;14;39;11;99;3.40;3;1;1;80;0;5275199;485;0
147;18;336;14;39;12;0;3.60;4;1;1;82;0;5275200;1299;0
147;18;336;14;39;12;13;3.20;8;2;1;80;0;5275213;84;0
147;18;336;14;39;12;99;4.40;7;2;1;77;0;5275299;492;0
147;18;336;14;39;12;99;4.00;5;2;1;87;0;5275299;84;0
147;18;336;14;39;12;99;3.80;2;1;1;77;0;5275299;219;0
147;18;336;14;39;13;62;3.60;4;1;1;81;0;5275362;146;0
147;18;336;14;39;13;91;3.40;7;2;1;75;0;5275391;71;0
147;18;336;14;39;14;9;3.40;2;1;1;75;0;5275409;92;0
147;18;336;14;39;14;99;3.60;8;2;1;84;0;5275499;271;0
147;18;336;14;39;15;1;3.40;2;1;1;71;0;5275501;75;0
147;18;336;14;39;15;4;3.60;4;1;1;81;0;5275504;126;0
147;18;336;14;39;15;36;3.60;3;1;1;72;0;5275536;321;0
147;18;336;14;39;16;88;3.80;4;1;1;83;0;5275688;168;0
147;18;336;14;39;16;99;4.40;3;1;1;73;0;5275699;145;0
147;18;336;14;39;16;99;3.80;6;2;1;81;0;5275699;682;0
147;18;336;14;39;17;99;3.60;2;1;1;72;0;5275799;280;0
147;18;336;14;39;17;99;3.40;3;1;1;66;0;5275799;78;0
147;18;336;14;39;17;99;5.40;7;2;1;81;0;5275799;391;0
147;18;336;14;39;18;56;3.40;3;1;1;63;0;5275856;38;0
147;18;336;14;39;18;90;3.40;2;1;1;70;0;5275890;73;0
147;18;336;14;39;19;99;3.80;1;1;1;91;0;5275999;1163;0
147;18;336;14;39;19;99;4.80;7;2;1;71;0;5275999;176;0
147;18;336;14;39;19;99;3.80;5;2;1;82;0;5275999;683;0
147;18;336;14;39;20;35;3.40;2;1;1;67;0;5276035;127;0
147;18;336;14;39;21;80;3.80;7;2;1;80;0;5276180;156;0
147;18;336;14;39;22;99;3.20;6;2;1;78;0;5276299;583;0
147;18;336;14;39;23;67;3.80;6;2;1;82;0;5276367;53;0
147;18;336;14;39;23;94;0.00;7;2;1;17;1;5276394;196;0
147;18;336;14;39;26;99;4.00;3;1;1;76;0;5276699;823;0
147;18;336;14;39;28;4;3.40;2;1;1;75;0;5276804;750;0
147;18;336;14;39;28;18;3.40;3;1;1;82;0;5276818;100;0
147;18;336;14;39;29;99;3.60;4;1;1;86;0;5276999;1294;0
147;18;336;14;39;29;99;3.60;6;2;1;82;0;5276999;615;0
147;18;336;14;39;30;99;3.40;3;1;1;75;0;5277099;266;0
147;18;336;14;39;31;4;3.60;2;1;1;76;0;5277104;283;0
147;18;336;14;39;31;99;3.80;7;2;1;81;0;5277199;1001;0
147;18;336;14;39;32;25;3.80;4;1;1;87;0;5277225;210;0
147;18;336;14;39;32;99;4.00;6;2;1;81;0;5277299;284;0
147;18;336;14;39;34;1;3.20;3;1;1;84;0;5277401;285;0
147;18;336;14;39;34;0;5.60;2;1;1;74;0;5277400;278;0
147;18;336;14;39;35;5;2.80;2;1;1;71;0;5277505;77;0
147;18;336;14;39;35;99;4.00;7;2;1;79;0;5277599;383;0
147;18;336;14;39;37;99;3.00;7;2;1;79;0;5277799;181;0
147;18;336;14;39;38;6;3.60;6;2;1;77;0;5277806;489;0
147;18;336;14;39;38;99;3.40;3;1;1;72;0;5277899;484;0
147;18;336;14;39;38;99;5.20;2;1;1;74;0;5277899;379;0
147;18;336;14;39;39;24;3.00;3;1;1;76;0;5277924;7;0
147;18;336;14;39;39;99;3.60;2;1;1;72;0;5277999;74;0
147;18;336;14;39;40;8;3.80;6;2;1;76;0;5278008;185;0
147;18;336;14;39;39;93;6.00;7;2;1;70;0;5277993;180;0
147;18;336;14;39;41;21;4.00;4;1;1;78;0;5278121;880;0
147;18;336;14;39;41;26;4.20;5;2;1;89;0;5278126;2110;0
147;18;336;14;39;41;32;2.80;3;1;1;75;0;5278132;193;0
147;18;336;14;39;41;62;3.20;7;2;1;83;0;5278162;138;0
147;18;336;14;39;41;75;3.60;2;1;1;77;0;5278175;158;0
147;18;336;14;39;42;99;3.40;6;2;1;78;0;5278299;273;0
147;18;336;14;39;42;99;3.40;4;1;1;79;0;5278299;159;0
147;18;336;14;39;43;15;3.60;6;2;1;75;0;5278315;0;0
147;18;336;14;39;43;99;3.40;4;1;1;80;0;5278399;84;0
147;18;336;14;39;43;18;3.60;5;2;1;80;0;5278318;175;0
147;18;336;14;39;43;20;3.20;6;2;1;76;0;5278320;-1;0
147;18;336;14;39;44;2;3.80;3;1;1;85;0;5278402;256;0
147;18;336;14;39;44;86;3.60;6;2;1;76;0;5278486;150;0
147;18;336;14;39;45;99;3.60;6;2;1;79;0;5278599;95;5278299
147;18;336;14;39;45;99;3.40;3;1;1;76;0;5278599;180;5278299
147;18;336;14;39;47;7;3.40;8;2;1;85;0;5278707;3192;0
147;18;336;14;39;47;99;4.60;3;1;1;73;0;5278799;183;0
147;18;336;14;39;48;6;3.20;2;1;1;69;0;5278806;614;0
147;18;336;14;39;50;99;3.60;6;2;1;87;0;5279099;483;0
147;18;336;14;39;50;99;4.00;3;1;1;72;0;5279099;277;0
147;18;336;14;39;51;20;3.00;2;1;1;73;0;5279120;297;0
147;18;336;14;39;51;31;3.60;5;2;1;86;0;5279131;796;0
147;18;336;14;39;52;26;3.40;6;2;1;81;0;5279226;112;0
147;18;336;14;39;52;99;3.20;3;1;1;80;0;5279299;180;0
147;18;336;14;39;52;99;4.00;1;1;1;78;0;5279299;3284;0
147;18;336;14;39;53;99;3.60;4;1;1;84;0;5279399;984;0
147;18;336;14;39;54;16;3.60;1;1;1;73;0;5279416;98;0
147;18;336;14;39;54;62;3.60;6;2;1;82;0;5279462;220;0
147;18;336;14;39;54;88;3.80;5;2;1;85;0;5279488;341;0
147;18;336;14;39;55;18;3.80;2;1;1;76;0;5279518;383;0
147;18;336;14;39;55;99;4.00;4;1;1;83;0;5279599;184;0
147;18;336;14;39;56;13;4.60;2;1;1;83;0;5279613;77;0
147;18;336;14;39;56;46;3.60;8;2;1;74;0;5279646;924;0
147;18;336;14;39;57;91;3.60;6;2;1;80;0;5279791;313;0
147;18;336;14;39;57;99;3.60;2;1;1;70;0;5279799;166;0
147;18;336;14;39;58;99;3.40;2;1;1;70;0;5279899;81;0
147;18;336;14;39;59;10;3.20;6;2;1;76;0;5279910;102;0
147;18;336;14;39;59;61;5.00;4;1;1;85;0;5279961;344;0
147;18;336;14;39;59;69;4.80;6;2;1;81;0;5279969;43;0
147;18;336;14;39;59;57;4.20;2;1;1;75;0;5279957;40;5279518
147;18;336;14;40;0;99;3.60;2;1;1;67;0;5280099;121;5279518
147;18;336;14;40;0;99;3.60;3;1;1;78;0;5280099;785;0
147;18;336;14;40;1;99;3.40;6;2;1;75;0;5280199;208;0
147;18;336;14;40;1;1;3.80;2;1;1;68;0;5280101;-1;5279518
147;18;336;14;40;2;98;4.00;3;1;1;73;0;5280298;182;5279518
147;18;336;14;40;2;99;3.20;2;1;1;62;0;5280299;177;5279518
147;18;336;14;40;3;9;3.40;1;1;1;72;0;5280309;875;0
147;18;336;14;40;3;99;3.80;3;1;1;75;0;5280399;81;0
147;18;336;14;40;5;6;3.60;2;1;1;66;0;5280506;188;5279518
147;18;336;14;40;6;99;3.60;2;1;1;70;0;5280699;173;5279518
147;18;336;14;40;6;1;3.40;3;1;1;77;0;5280601;183;5279518
147;18;336;14;40;6;11;3.80;4;1;1;78;0;5280611;628;0
147;18;336;14;40;7;85;3.20;2;1;1;69;0;5280785;67;5279518
147;18;336;14;40;7;99;3.40;6;2;1;75;0;5280799;583;0
147;18;336;14;40;8;99;3.80;1;1;1;87;0;5280899;573;0
147;18;336;14;40;8;99;3.20;2;1;1;70;0;5280899;97;5279518
147;18;336;14;40;9;40;3.40;2;1;1;70;0;5280940;24;5279518
147;18;336;14;40;9;52;3.60;6;2;1;77;0;5280952;136;5279518
147;18;336;14;40;10;99;3.80;1;1;1;76;0;5281099;184;5279518
147;18;336;14;40;11;99;3.80;2;1;1;76;0;5281199;241;0
147;18;336;14;40;12;13;3.80;3;1;1;72;0;5281213;596;0
147;18;336;14;40;12;63;3.80;4;1;1;84;0;5281263;634;0
147;18;336;14;40;12;99;3.60;8;2;1;93;0;5281299;1635;0
147;18;336;14;40;13;4;3.80;6;2;1;80;0;5281304;335;0
147;18;336;14;40;13;19;3.00;3;1;1;72;0;5281319;87;0
147;18;336;14;40;13;99;4.00;5;2;1;78;0;5281399;1894;0
147;18;336;14;40;13;99;3.80;4;1;1;85;0;5281399;119;0
147;18;336;14;40;13;99;3.80;3;1;1;67;0;5281399;65;0
147;18;336;14;40;14;25;3.60;6;2;1;77;0;5281425;103;0
147;18;336;14;40;14;58;3.20;3;1;1;69;0;5281458;38;0
147;18;336;14;40;15;99;3.80;6;2;1;75;0;5281599;157;0
147;18;336;14;40;16;17;3.40;5;2;1;84;0;5281617;199;0
147;18;336;14;40;16;99;3.60;3;1;1;73;0;5281699;224;0
147;18;336;14;40;16;99;3.60;8;2;1;70;0;5281699;386;0
147;18;336;14;40;16;99;3.60;2;1;1;72;0;5281699;482;0
147;18;336;14;40;17;58;3.60;6;2;1;79;0;5281758;140;0
147;18;336;14;40;18;99;3.60;2;1;1;72;0;5281899;182;0
147;18;336;14;40;18;99;3.20;3;1;1;78;0;5281899;182;0
147;18;336;14;40;19;1;3.20;4;1;1;85;0;5281901;485;0
147;18;336;14;40;18;99;3.80;3;1;1;76;0;5281899;-1;0
147;18;336;14;40;19;28;3.60;5;2;1;82;0;5281928;296;0
147;18;336;14;40;20;99;3.60;3;1;1;79;0;5282099;182;0
147;18;336;14;40;21;1;3.80;5;2;1;83;0;5282101;157;0
147;18;336;14;40;21;2;3.80;4;1;1;83;0;5282102;187;0
147;18;336;14;40;21;23;3.40;6;2;1;78;0;5282123;348;0
147;18;336;14;40;21;99;3.60;2;1;1;74;0;5282199;282;0
147;18;336;14;40;22;99;3.60;4;1;1;81;0;5282299;180;0
147;18;336;14;40;23;3;4.00;2;1;1;74;0;5282303;86;0
147;18;336;14;40;23;26;3.40;6;2;1;83;0;5282326;187;0
147;18;336;14;40;24;4;3.80;2;1;1;72;0;5282404;81;0
147;18;336;14;40;24;3;3.80;7;2;1;84;0;5282403;4227;0
147;18;336;14;40;24;23;3.60;4;1;1;85;0;5282423;108;0
147;18;336;14;40;25;3;3.40;2;1;1;72;0;5282503;80;0
147;18;336;14;40;25;60;8.40;3;1;6;83;0;5282560;444;0
147;18;336;14;40;26;4;4.00;4;1;1;91;0;5282604;165;5281901
147;18;336;14;40;26;2;3.60;2;1;1;71;0;5282602;82;5282199
147;18;336;14;40;27;57;3.00;6;2;1;84;0;5282757;416;0
147;18;336;14;40;27;64;3.80;2;1;1;75;0;5282764;143;5282199
147;18;336;14;40;28;2;4.20;4;1;1;89;0;5282802;182;5281901
147;18;336;14;40;29;1;3.60;3;1;1;79;0;5282901;304;0
147;18;336;14;40;30;16;3.60;3;1;1;80;0;5283016;98;0
147;18;336;14;40;31;99;3.60;5;2;1;82;0;5283199;1081;0
147;18;336;14;40;32;4;3.60;1;1;1;77;0;5283204;2087;0
147;18;336;14;40;32;16;4.00;5;2;1;87;0;5283216;1;0
147;18;336;14;40;34;16;3.00;6;2;1;67;0;5283416;646;0
147;18;336;14;40;34;19;4.40;3;1;1;79;0;5283419;386;0
147;18;336;14;40;35;50;3.20;1;1;1;72;0;5283550;329;0
147;18;336;14;40;35;85;3.40;6;2;1;69;0;5283585;152;0
147;18;336;14;40;35;80;9.80;5;2;6;84;0;5283580;347;0
147;18;336;14;40;37;30;3.80;3;1;1;78;0;5283730;290;0
147;18;336;14;40;38;89;3.00;6;2;1;71;0;5283889;286;0
147;18;336;14;40;39;28;3.40;4;1;1;84;0;5283928;1109;0
147;18;336;14;40;39;99;3.60;2;1;1;78;0;5283999;1216;0
147;18;336;14;40;39;99;3.60;3;1;1;78;0;5283999;251;0
147;18;336;14;40;39;0;3.60;5;2;1;87;0;5283900;278;0
147;18;336;14;40;40;4;3.60;8;2;1;74;0;5284004;2286;0
147;18;336;14;40;40;89;3.40;3;1;1;75;0;5284089;73;0
147;18;336;14;40;40;98;3.20;6;2;1;79;0;5284098;193;0
147;18;336;14;40;41;26;3.40;5;2;1;89;0;5284126;211;0
147;18;336;14;40;41;99;3.20;2;1;1;81;0;5284199;183;0
147;18;336;14;40;44;2;3.60;3;1;1;75;0;5284402;296;0
147;18;336;14;40;44;18;3.40;6;2;1;80;0;5284418;305;0
147;18;336;14;40;44;99;3.40;5;2;1;85;0;5284499;359;0
147;18;336;14;40;45;55;3.80;6;2;1;82;0;5284555;121;0
147;18;336;14;40;48;6;3.60;5;2;1;79;0;5284806;292;0
147;18;336;14;40;45;58;4.00;7;2;1;14;0;5284558;2138;0
147;18;336;14;40;48;73;3.00;6;2;1;79;0;5284873;301;0
147;18;336;14;40;49;7;2.80;2;1;1;76;0;5284907;693;0
147;18;336;14;40;49;99;3.80;4;1;1;82;0;5284999;1056;0
147;18;336;14;40;49;99;3.00;3;1;1;78;0;5284999;579;0
147;18;336;14;40;50;16;3.20;6;2;1;77;0;5285016;129;0
147;18;336;14;40;50;68;3.80;8;2;1;86;0;5285068;1046;0
147;18;336;14;40;50;66;3.80;2;1;1;71;0;5285066;145;0
147;18;336;14;40;50;72;3.60;7;2;1;75;0;5285072;411;0
147;18;336;14;40;51;23;3.40;5;2;1;80;0;5285123;300;0
147;18;336;14;40;51;99;3.40;6;2;1;75;0;5285199;168;0
147;18;336;14;40;52;23;3.60;5;2;1;79;0;5285223;84;0
147;18;336;14;40;52;21;3.60;6;2;1;77;0;5285221;5;0
147;18;336;14;40;53;8;3.20;7;2;1;70;0;5285308;218;0
147;18;336;14;40;53;63;3.20;2;1;1;72;0;5285363;277;0
147;18;336;14;40;53;99;2.80;6;2;1;77;0;5285399;161;5284873
147;18;336;14;40;54;99;4.80;7;2;1;74;0;5285499;174;5284873
147;18;336;14;40;55;65;3.40;7;2;1;71;0;5285565;42;5284873
147;18;336;14;40;56;99;4.00;8;2;1;79;0;5285699;615;0
147;18;336;14;40;57;99;3.40;6;2;1;81;0;5285799;386;0
147;18;336;14;40;58;15;3.60;7;2;1;80;0;5285815;232;0
147;18;336;14;40;58;20;3.80;1;1;1;75;0;5285820;2254;0
147;18;336;14;40;58;68;3.80;8;2;1;77;0;5285868;150;0
147;18;336;14;40;58;86;3.60;2;1;1;68;0;5285886;507;0
147;18;336;14;40;59;99;3.60;4;1;1;79;0;5285999;983;0
147;18;336;14;40;59;99;3.60;1;1;1;78;0;5285999;160;0
147;18;336;14;41;0;3;3.80;8;2;1;76;0;5286003;117;0
147;18;336;14;41;0;18;3.80;6;2;1;84;0;5286018;203;0
147;18;336;14;41;0;57;3.80;3;1;1;82;0;5286057;1044;0
147;18;336;14;41;1;99;3.80;8;2;1;76;0;5286199;178;0
147;18;336;14;41;1;99;3.80;3;1;1;75;0;5286199;125;0
147;18;336;14;41;1;99;3.40;1;1;1;72;0;5286199;183;0
147;18;336;14;41;2;11;3.00;4;1;1;82;0;5286211;195;0
147;18;336;14;41;2;17;3.40;6;2;1;78;0;5286217;182;0
147;18;336;14;41;2;0;3.60;2;1;1;81;0;5286200;294;0
147;18;336;14;41;3;46;3.40;5;2;1;78;0;5286346;1106;0
147;18;336;14;41;3;98;3.60;6;2;1;80;0;5286398;165;0
147;18;336;14;41;4;99;3.40;4;1;1;75;0;5286499;274;0
147;18;336;14;41;4;99;3.60;5;2;1;79;0;5286499;137;0
147;18;336;14;41;5;2;3.60;3;1;1;78;0;5286502;284;0
147;18;336;14;41;5;99;3.00;5;2;1;78;0;5286599;83;0
147;18;336;14;41;5;21;3.60;4;1;1;86;0;5286521;5;0
147;18;336;14;41;5;42;4.00;2;1;1;77;0;5286542;326;0
147;18;336;14;41;6;9;3.60;7;2;1;76;0;5286609;777;0
147;18;336;14;41;6;83;3.80;6;2;1;83;0;5286683;268;0
147;18;336;14;41;6;90;3.40;5;2;1;81;0;5286690;77;0
147;18;336;14;41;7;26;3.60;5;2;1;81;0;5286726;20;5286346
147;18;336;14;41;8;4;3.40;2;1;1;76;0;5286804;243;0
147;18;336;14;41;8;63;3.20;3;1;1;78;0;5286863;344;0
147;18;336;14;41;8;93;3.60;5;2;1;89;0;5286893;151;5286346
147;18;336;14;41;9;16;3.80;2;1;1;77;0;5286916;95;5286346
147;18;336;14;41;9;99;3.80;6;2;1;83;0;5286999;299;0
147;18;336;14;41;10;1;7.20;2;1;1;74;0;5287001;67;0
147;18;336;14;41;10;34;3.60;4;1;1;77;0;5287034;497;0
147;18;336;14;41;12;99;3.60;4;1;1;77;0;5287299;248;0
147;18;336;14;41;13;7;3.80;8;2;1;72;0;5287307;1090;0
147;18;336;14;41;13;20;4.20;6;2;1;80;0;5287320;304;0
147;18;336;14;41;13;62;3.40;5;2;1;80;0;5287362;454;0
147;18;336;14;41;14;99;3.80;3;1;1;74;0;5287499;621;0
147;18;336;14;41;14;99;3.40;4;1;1;79;0;5287499;183;0
147;18;336;14;41;14;99;5.40;6;2;1;81;0;5287499;160;0
147;18;336;14;41;14;99;3.20;8;2;1;76;0;5287499;173;0
147;18;336;14;41;15;99;3.60;5;2;1;80;0;5287599;221;0
147;18;336;14;41;15;99;3.80;4;1;1;78;0;5287599;84;0
147;18;336;14;41;15;99;3.40;3;1;1;76;0;5287599;81;0
147;18;336;14;41;16;2;3.20;6;2;1;77;0;5287602;79;0
147;18;336;14;41;16;99;3.40;4;1;1;80;0;5287699;82;0
147;18;336;14;41;17;99;3.40;3;1;1;75;0;5287799;183;0
147;18;336;14;41;17;99;3.20;6;2;1;76;0;5287799;182;0
147;18;336;14;41;18;42;3.80;4;1;1;81;0;5287842;127;5287299
147;18;336;14;41;18;52;3.00;5;2;1;82;0;5287852;236;0
147;18;336;14;41;18;66;3.40;6;2;1;74;0;5287866;51;5287320
147;18;336;14;41;18;68;3.40;3;1;1;72;0;5287868;52;5287320
147;18;336;14;41;19;99;3.80;5;2;1;81;0;5287999;133;5287320
147;18;336;14;41;19;99;3.60;4;1;1;81;0;5287999;140;5287299
147;18;336;14;41;20;18;3.80;7;2;1;78;0;5288018;1391;0
147;18;336;14;41;21;21;3.40;3;1;1;76;0;5288121;236;0
147;18;336;14;41;22;0;4.00;7;2;1;78;0;5288200;164;0
147;18;336;14;41;22;11;3.20;4;1;1;80;0;5288211;196;5287299
147;18;336;14;41;23;2;3.80;4;1;1;79;0;5288302;76;5287299
147;18;336;14;41;23;37;3.60;6;2;1;75;0;5288337;454;0
147;18;336;14;41;24;99;3.60;3;1;1;76;0;5288499;361;0
147;18;336;14;41;24;99;7.60;8;2;2;85;0;5288499;984;0
147;18;336;14;41;25;99;3.40;3;1;1;73;0;5288599;82;0
147;18;336;14;41;25;99;3.40;4;1;1;81;0;5288599;279;0
147;18;336;14;41;25;99;3.20;6;2;1;71;0;5288599;244;0
147;18;336;14;41;26;22;3.20;7;2;1;80;0;5288622;403;0
147;18;336;14;41;26;53;3.60;4;1;1;81;0;5288653;38;0
147;18;336;14;41;27;25;3.20;7;2;1;78;0;5288725;88;0
147;18;336;14;41;27;99;3.00;2;1;1;71;0;5288799;1762;0
147;18;336;14;41;28;24;3.60;5;2;1;85;0;5288824;808;0
147;18;336;14;41;28;99;3.60;6;2;1;76;0;5288899;283;0
147;18;336;14;41;28;12;5.20;7;2;1;85;0;5288812;72;0
147;18;336;14;41;29;0;3.40;2;1;1;71;0;5288900;85;0
147;18;336;14;41;29;99;3.60;3;1;1;74;0;5288999;383;0
147;18;336;14;41;29;99;3.20;2;1;1;82;0;5288999;81;0
147;18;336;14;41;30;99;3.60;4;1;1;79;0;5289099;430;0
147;18;336;14;41;30;99;3.00;3;1;1;71;0;5289099;82;0
147;18;336;14;41;31;13;3.60;6;2;1;81;0;5289113;196;0
147;18;336;14;41;31;24;3.80;4;1;1;80;0;5289124;8;0
147;18;336;14;41;31;58;3.80;5;2;1;87;0;5289158;318;0
147;18;336;14;41;31;64;3.20;2;1;1;82;0;5289164;150;0
147;18;336;14;41;32;18;3.40;6;2;1;78;0;5289218;89;0
147;18;336;14;41;32;28;3.40;8;2;1;81;0;5289228;696;0
147;18;336;14;41;32;99;3.60;1;1;1;79;0;5289299;3083;0
147;18;336;14;41;32;95;7.00;3;1;1;67;0;5289295;180;0
147;18;336;14;41;33;99;3.80;8;2;1;82;0;5289399;155;0
147;18;336;14;41;33;99;3.20;4;1;1;77;0;5289399;257;0
147;18;336;14;41;33;6;3.00;2;1;1;82;0;5289306;127;5288799
147;18;336;14;41;33;13;3.80;5;2;1;88;0;5289313;139;5288799
147;18;336;14;41;34;99;3.80;4;1;1;77;0;5289499;85;5288799
147;18;336;14;41;34;99;3.60;3;1;1;66;0;5289499;166;5288799
147;18;336;14;41;35;24;3.80;2;1;1;80;0;5289524;204;0
147;18;336;14;41;35;99;7.40;5;2;6;87;0;5289599;270;0
147;18;336;14;41;35;99;3.00;6;2;1;80;0;5289599;365;0
147;18;336;14;41;35;99;3.00;4;1;1;71;0;5289599;82;0
147;18;336;14;41;35;99;3.40;2;1;1;76;0;5289599;57;0
147;18;336;14;41;36;21;3.60;1;1;1;92;0;5289621;305;0
147;18;336;14;41;37;81;5.80;3;1;1;66;0;5289781;262;0
147;18;336;14;41;37;99;4.40;6;2;1;76;0;5289799;186;0
147;18;336;14;41;38;16;3.80;5;2;1;89;0;5289816;186;0
147;18;336;14;41;38;99;4.00;3;1;1;71;0;5289899;86;0
147;18;336;14;41;38;99;3.40;7;2;1;77;0;5289899;1064;0
147;18;336;14;41;38;99;3.60;6;2;1;75;0;5289899;79;0
147;18;336;14;41;38;99;3.60;2;1;1;74;0;5289899;283;0
147;18;336;14;41;39;99;4.00;6;2;1;75;0;5289999;82;0
147;18;336;14;41;40;15;3.80;4;1;1;80;0;5290015;400;0
147;18;336;14;41;40;99;3.40;3;1;1;75;0;5290099;179;0
147;18;336;14;41;41;14;3.80;4;1;1;83;0;5290114;81;0
147;18;336;14;41;41;7;4.00;6;2;1;74;0;5290107;88;5289599
147;18;336;14;41;41;29;3.20;2;1;1;65;0;5290129;212;0
147;18;336;14;41;42;19;3.40;8;2;1;76;0;5290219;803;0
147;18;336;14;41;42;99;3.80;5;2;1;90;0;5290299;467;0
147;18;336;14;41;42;99;3.40;6;2;1;71;0;5290299;172;5289599
147;18;336;14;41;43;6;3.60;2;1;1;64;0;5290306;159;5289599
147;18;336;14;41;43;99;3.20;7;2;1;80;0;5290399;484;0
147;18;336;14;41;43;99;3.00;3;1;1;80;0;5290399;283;0
147;18;336;14;41;44;61;3.60;2;1;1;62;0;5290461;134;0
147;18;336;14;41;45;99;3.80;8;2;1;78;0;5290599;363;0
147;18;336;14;41;46;13;4.00;5;2;1;87;0;5290613;298;0
147;18;336;14;41;46;8;3.60;2;1;1;69;0;5290608;126;0
147;18;336;14;41;46;52;3.60;7;2;1;77;0;5290652;238;0
147;18;336;14;41;47;99;3.60;6;2;1;84;0;5290799;482;0
147;18;336;14;41;47;99;3.20;7;2;1;77;0;5290799;130;0
147;18;336;14;41;48;99;3.80;6;2;1;79;0;5290899;84;0
147;18;336;14;41;48;99;3.80;8;2;1;75;0;5290899;282;0
147;18;336;14;41;49;27;3.80;5;2;1;84;0;5290927;297;0
147;18;336;14;41;49;64;3.40;3;1;1;85;0;5290964;551;0
147;18;336;14;41;50;99;4.20;8;2;1;76;0;5291099;181;0
147;18;336;14;41;51;99;3.80;4;1;1;87;0;5291199;1068;0
147;18;336;14;41;51;99;5.00;6;2;1;78;0;5291199;282;0
147;18;336;14;41;52;99;3.60;3;1;1;75;0;5291299;320;0
147;18;336;14;41;53;99;3.40;3;1;1;77;0;5291399;82;0
147;18;336;14;41;53;99;3.80;2;1;1;77;0;5291399;772;0
147;18;336;14;41;54;25;3.40;6;2;1;79;0;5291425;202;0
147;18;336;14;41;55;99;3.60;5;2;1;83;0;5291599;655;0
147;18;336;14;41;55;99;4.00;8;2;1;77;0;5291599;480;0
147;18;336;14;41;57;72;4.60;6;2;1;82;0;5291772;331;0
147;18;336;14;41;57;75;3.00;3;1;1;73;0;5291775;360;0
147;18;336;14;41;58;99;3.80;8;2;1;79;0;5291899;281;0
147;18;336;14;41;58;99;3.80;3;1;1;75;0;5291899;109;0
147;18;336;14;41;59;20;3.60;2;1;1;79;0;5291920;503;0
147;18;336;14;42;0;99;4.00;2;1;1;76;0;5292099;162;0
147;18;336;14;42;0;99;3.60;3;1;1;73;0;5292099;181;0
147;18;336;14;42;1;99;3.40;7;2;1;77;0;5292199;1385;0
147;18;336;14;42;1;99;4.20;4;1;1;86;0;5292199;984;0
147;18;336;14;42;1;18;3.20;1;1;1;79;0;5292118;2482;0
147;18;336;14;42;2;66;3.40;7;2;1;80;0;5292266;51;0
147;18;336;14;42;2;79;3.80;8;2;1;74;0;5292279;362;0
147;18;336;14;42;2;99;3.60;2;1;1;83;0;5292299;181;0
147;18;336;14;42;3;20;3.00;6;2;1;78;0;5292320;527;0
147;18;336;14;42;4;4;3.60;7;2;1;80;0;5292404;122;0
147;18;336;14;42;4;42;3.40;2;1;1;80;0;5292442;127;0
147;18;336;14;42;4;59;3.00;7;2;1;76;0;5292459;38;0
147;18;336;14;42;5;99;3.60;5;2;1;83;0;5292599;984;0
147;18;336;14;42;6;2;3.40;3;1;1;77;0;5292602;485;0
147;18;336;14;42;6;99;4.00;6;2;1;75;0;5292699;365;0
147;18;336;14;42;7;20;4.00;2;1;1;81;0;5292720;262;0
147;18;336;14;42;7;75;4.00;7;2;1;81;0;5292775;301;0
147;18;336;14;42;7;75;3.20;6;2;1;74;0;5292775;56;0
147;18;336;14;42;8;11;3.20;3;1;1;76;0;5292811;193;0
147;18;336;14;42;8;99;3.80;5;2;1;82;0;5292899;284;0
147;18;336;14;42;8;99;3.60;3;1;1;84;0;5292899;72;0
147;18;336;14;42;10;99;3.60;3;1;1;79;0;5293099;184;0
147;18;336;14;42;11;19;3.80;7;2;1;79;0;5293119;326;0
147;18;336;14;42;11;99;3.80;5;2;1;80;0;5293199;283;0
147;18;336;14;42;11;99;4.40;6;2;1;76;0;5293199;408;0
147;18;336;14;42;12;41;3.60;4;1;1;83;0;5293241;1024;0
147;18;336;14;42;13;99;6.40;6;2;1;79;0;5293399;179;0
147;18;336;14;42;13;99;6.60;8;2;1;85;0;5293399;1101;0
147;18;336;14;42;14;2;3.80;3;1;1;67;0;5293402;286;0
147;18;336;14;42;15;99;3.80;4;1;1;82;0;5293599;342;0
147;18;336;14;42;15;99;3.80;6;2;1;81;0;5293599;170;0
147;18;336;14;42;17;20;3.80;4;1;1;81;0;5293720;104;0
147;18;336;14;42;17;57;3.40;6;2;1;75;0;5293757;141;0
147;18;336;14;42;18;99;3.40;3;1;1;70;0;5293899;476;0
147;18;336;14;42;19;99;3.80;4;1;1;83;0;5293999;262;0
147;18;336;14;42;19;12;4.40;7;2;1;85;0;5293912;775;0
147;18;336;14;42;20;65;3.00;3;1;1;70;0;5294065;148;0
147;18;336;14;42;20;99;2.80;6;2;1;79;0;5294099;325;0
147;18;336;14;42;21;99;3.20;6;2;1;79;0;5294199;87;0
147;18;336;14;42;21;96;19.00;3;1;5;69;0;5294196;115;0
147;18;336;14;42;23;3;3.20;2;1;1;72;0;5294303;1565;0
147;18;336;14;42;23;23;3.40;7;2;1;77;0;5294323;392;0
147;18;336;14;42;23;99;4.00;8;2;1;85;0;5294399;972;0
147;18;336;14;42;23;99;3.80;4;1;1;76;0;5294399;383;0
147;18;336;14;42;23;99;4.00;3;1;1;68;0;5294399;103;0
147;18;336;14;42;24;99;3.80;2;1;1;74;0;5294499;180;0
147;18;336;14;42;25;5;3.60;1;1;1;101;0;5294505;2372;0
147;18;336;14;42;25;99;3.60;8;2;1;80;0;5294599;183;0
147;18;336;14;42;25;99;3.80;2;1;1;69;0;5294599;81;0
147;18;336;14;42;26;99;3.20;3;1;1;81;0;5294699;278;0
147;18;336;14;42;27;8;3.80;2;1;1;69;0;5294708;89;0
147;18;336;14;42;27;29;3.60;4;1;1;85;0;5294729;312;0
147;18;336;14;42;28;25;3.60;7;2;1;82;0;5294825;486;0
147;18;336;14;42;28;99;3.60;2;1;1;73;0;5294899;171;5294303
147;18;336;14;42;29;99;3.60;6;2;1;71;0;5294999;785;0
147;18;336;14;42;29;99;3.80;8;2;1;81;0;5294999;383;0
147;18;336;14;42;30;0;3.20;2;1;1;72;0;5295000;83;5294303
147;18;336;14;42;30;57;3.40;6;2;1;70;0;5295057;39;5294303
147;18;336;14;42;31;2;3.60;2;1;1;72;0;5295102;86;5294303
147;18;336;14;42;31;25;3.40;5;2;1;83;0;5295125;1908;0
147;18;336;14;42;31;99;3.00;3;1;1;74;0;5295199;485;0
147;18;336;14;42;32;16;3.40;7;2;1;74;0;5295216;375;0
147;18;336;14;42;32;6;3.40;3;1;1;75;0;5295206;-1;0
147;18;336;14;42;32;28;3.60;2;1;1;71;0;5295228;108;5294303
147;18;336;14;42;33;83;3.60;5;2;1;80;0;5295383;243;0
147;18;336;14;42;33;99;3.20;1;1;1;82;0;5295399;881;0
147;18;336;14;42;33;99;3.40;2;1;1;72;0;5295399;152;5294303
147;18;336;14;42;34;99;3.60;5;2;1;85;0;5295499;99;5294303
147;18;336;14;42;34;99;3.60;2;1;1;71;0;5295499;83;5294303
147;18;336;14;42;34;99;3.00;3;1;1;74;0;5295499;276;0
147;18;336;14;42;34;99;3.60;7;2;1;75;0;5295499;266;0
147;18;336;14;42;35;15;3.60;6;2;1;82;0;5295515;440;0
147;18;336;14;42;35;67;3.60;7;2;1;73;0;5295567;50;0
147;18;336;14;42;35;87;4.00;4;1;1;82;0;5295587;842;0
147;18;336;14;42;36;99;3.20;6;2;1;90;0;5295699;168;0
147;18;336;14;42;36;99;3.00;2;1;1;69;0;5295699;181;5294303
147;18;336;14;42;37;7;5.80;2;1;1;70;0;5295707;-1;5294303
147;18;336;14;42;38;99;3.60;2;1;1;69;0;5295899;162;5294303
147;18;336;14;42;38;99;4.00;3;1;1;73;0;5295899;385;0
147;18;336;14;42;39;23;3.40;4;1;1;78;0;5295923;318;0
147;18;336;14;42;39;99;3.80;8;2;1;77;0;5295999;983;0
147;18;336;14;42;39;99;3.60;3;1;1;70;0;5295999;80;0
147;18;336;14;42;40;11;3.00;7;2;1;86;0;5296011;426;0
147;18;336;14;42;40;12;3.40;1;1;1;79;0;5296012;598;0
147;18;336;14;42;41;99;3.80;6;2;1;87;0;5296199;487;0
147;18;336;14;42;41;99;3.00;2;1;1;79;0;5296199;281;0
147;18;336;14;42;42;18;3.80;1;1;1;80;0;5296218;190;0
147;18;336;14;42;43;56;3.80;2;1;1;71;0;5296356;143;0
147;18;336;14;42;44;99;3.60;6;2;1;78;0;5296499;284;0
147;18;336;14;42;44;99;3.60;7;2;1;81;0;5296499;475;0
147;18;336;14;42;45;24;3.60;4;1;1;81;0;5296524;585;0
147;18;336;14;42;46;99;3.20;3;1;1;77;0;5296699;681;0
147;18;336;14;42;46;99;3.20;2;1;1;70;0;5296699;323;0
147;18;336;14;42;46;99;3.40;6;2;1;81;0;5296699;183;0
147;18;336;14;42;47;99;3.80;4;1;1;82;0;5296799;259;0
147;18;336;14;42;47;99;3.60;3;1;1;76;0;5296799;85;0
147;18;336;14;42;48;27;3.40;1;1;1;80;0;5296827;591;0
147;18;336;14;42;48;42;3.40;2;1;1;69;0;5296842;126;0
147;18;336;14;42;48;55;3.00;6;2;1;80;0;5296855;140;0
147;18;336;14;42;48;89;3.80;4;1;1;80;0;5296889;73;0
147;18;336;14;42;48;99;3.00;2;1;1;68;0;5296899;39;0
147;18;336;14;42;50;4;3.80;7;2;1;78;0;5297004;489;0
147;18;336;14;42;50;99;4.20;4;1;1;78;0;5297099;192;0
147;18;336;14;42;50;45;3.60;6;2;1;81;0;5297045;176;0
147;18;336;14;42;50;32;3.80;2;1;1;66;0;5297032;117;0
147;18;336;14;42;51;99;3.40;2;1;1;65;0;5297199;146;5296699
147;18;336;14;42;52;99;3.80;3;1;1;75;0;5297299;482;0
147;18;336;14;42;53;55;3.80;3;1;1;72;0;5297355;37;0
147;18;336;14;42;53;83;3.40;6;2;1;83;0;5297383;322;0
147;18;336;14;42;54;9;4.00;3;1;1;65;0;5297409;35;0
147;18;336;14;42;55;13;3.60;1;1;1;79;0;5297513;670;0
147;18;336;14;42;55;99;3.00;3;1;1;69;0;5297599;167;0
147;18;336;14;42;55;99;3.40;6;2;1;81;0;5297599;201;0
147;18;336;14;42;56;85;6.40;6;2;1;86;0;5297685;70;0
147;18;336;14;42;56;99;3.20;3;1;1;71;0;5297699;84;5297299
147;18;336;14;42;56;99;3.80;2;1;1;78;0;5297699;481;0
147;18;336;14;42;57;23;3.40;4;1;1;81;0;5297723;604;0
147;18;336;14;42;57;99;3.40;8;2;1;99;0;5297799;1782;0
147;18;336;14;42;58;6;3.20;6;2;1;66;0;5297806;94;0
147;18;336;14;42;58;66;3.40;7;2;1;80;0;5297866;844;0
147;18;336;14;42;59;16;3.80;5;2;1;83;0;5297916;2401;0
147;18;336;14;42;59;5;3.60;6;2;1;66;0;5297905;81;0
147;18;336;14;42;59;99;3.60;2;1;1;73;0;5297999;282;0
147;18;336;14;43;0;99;3.80;5;2;1;78;0;5298099;166;0
147;18;336;14;43;0;99;3.00;7;2;1;77;0;5298099;217;0
147;18;336;14;43;0;20;3.20;3;1;1;73;0;5298020;304;0
147;18;336;14;43;1;6;3.40;1;1;1;81;0;5298106;576;0
147;18;336;14;43;1;51;3.40;6;2;1;70;0;5298151;226;0
147;18;336;14;43;2;8;3.20;2;1;1;74;0;5298208;191;0
147;18;336;14;43;2;99;3.40;6;2;1;69;0;5298299;130;0
147;18;336;14;43;3;0;3.40;2;1;1;77;0;5298300;76;0
147;18;336;14;43;3;99;6.40;3;1;1;68;0;5298399;363;0
147;18;336;14;43;3;48;3.00;6;2;1;69;0;5298348;31;0
147;18;336;14;43;3;74;3.80;2;1;1;72;0;5298374;58;0
147;18;336;14;43;4;99;3.80;3;1;1;68;0;5298499;66;0
147;18;336;14;43;4;99;3.80;5;2;1;78;0;5298499;382;0
147;18;336;14;43;5;18;4.00;8;2;1;75;0;5298518;706;0
147;18;336;14;43;5;99;3.60;3;1;1;67;0;5298599;79;0
147;18;336;14;43;5;99;3.60;6;2;1;70;0;5298599;235;0
147;18;336;14;43;6;99;3.40;3;1;1;68;0;5298699;80;0
147;18;336;14;43;7;11;3.40;8;2;1;81;0;5298711;173;0
147;18;336;14;43;7;17;3.60;6;2;1;73;0;5298717;99;0
147;18;336;14;43;7;99;3.60;3;1;1;61;0;5298799;82;5298399
147;18;336;14;43;8;26;3.20;6;2;1;70;0;5298826;91;5298399
147;18;336;14;43;8;32;4.40;2;1;1;72;0;5298832;439;0
147;18;336;14;43;9;13;3.80;7;2;1;79;0;5298913;799;0
147;18;336;14;43;9;99;3.80;4;1;1;82;0;5298999;1260;0
147;18;336;14;43;9;99;3.60;2;1;1;68;0;5298999;145;0
147;18;336;14;43;10;4;3.20;6;2;1;69;0;5299004;161;0
147;18;336;14;43;10;99;3.80;7;2;1;80;0;5299099;168;0
147;18;336;14;43;10;99;3.80;2;1;1;73;0;5299099;80;0
147;18;336;14;43;11;5;3.60;5;2;1;74;0;5299105;588;0
147;18;336;14;43;11;28;3.40;2;1;1;72;0;5299128;10;0
147;18;336;14;43;11;78;4.20;5;2;1;72;0;5299178;55;0
147;18;336;14;43;11;82;3.80;6;2;1;65;0;5299182;161;5298599
147;18;336;14;43;12;0;5.60;7;2;1;82;0;5299200;83;5298599
147;18;336;14;43;12;99;3.20;6;2;1;63;0;5299299;95;5298599
147;18;336;14;43;13;99;3.40;2;1;1;73;0;5299399;254;0
147;18;336;14;43;13;5;3.60;5;2;1;75;0;5299305;106;0
147;18;336;14;43;13;41;3.40;3;1;1;82;0;5299341;520;0
147;18;336;14;43;15;99;3.80;5;2;1;71;0;5299599;276;0
147;18;336;14;43;15;99;3.60;2;1;1;81;0;5299599;183;0
147;18;336;14;43;15;99;3.80;3;1;1;79;0;5299599;243;0
147;18;336;14;43;15;5;23.20;6;2;5;65;0;5299505;187;5298599
147;18;336;14;43;17;99;3.60;3;1;1;84;0;5299799;182;5298599
147;18;336;14;43;17;99;3.00;5;2;1;71;0;5299799;180;5298599
147;18;336;14;43;17;99;4.00;4;1;1;83;0;5299799;783;0
147;18;336;14;43;18;4;3.60;6;2;1;67;0;5299804;170;5298599
147;18;336;14;43;18;99;3.80;5;2;1;72;0;5299899;84;5298599
147;18;336;14;43;18;36;3.40;7;2;1;76;0;5299836;611;0
147;18;336;14;43;19;99;3.60;3;1;1;80;0;5299999;184;0
147;18;336;14;43;20;99;3.20;5;2;1;70;0;5300099;181;0
147;18;336;14;43;21;29;3.40;2;1;1;82;0;5300129;514;0
147;18;336;14;43;21;9;3.20;6;2;1;72;0;5300109;285;0
147;18;336;14;43;21;25;3.00;5;2;1;70;0;5300125;9;5299599
147;18;336;14;43;21;49;4.00;7;2;1;75;0;5300149;296;0
147;18;336;14;43;21;57;4.00;4;1;1;81;0;5300157;340;0
147;18;336;14;43;22;4;5.20;8;2;1;80;0;5300204;1477;0
147;18;336;14;43;22;99;3.80;6;2;1;72;0;5300299;174;0
147;18;336;14;43;24;11;4.00;2;1;1;77;0;5300411;267;0
147;18;336;14;43;24;32;6.60;7;2;1;60;0;5300432;263;0
147;18;336;14;43;24;99;3.40;3;1;1;69;0;5300499;483;0
147;18;336;14;43;25;99;3.60;2;1;1;74;0;5300599;169;0
147;18;336;14;43;26;26;3.80;7;2;1;82;0;5300626;154;0
147;18;336;14;43;26;48;3.60;2;1;1;75;0;5300648;31;0
147;18;336;14;43;28;7;3.60;2;1;1;76;0;5300807;141;0
147;18;336;14;43;28;99;3.60;5;2;1;83;0;5300899;758;0
147;18;336;14;43;28;99;4.60;6;2;1;71;0;5300899;581;0
147;18;336;14;43;28;9;4.00;7;2;1;81;0;5300809;166;0
147;18;336;14;43;29;15;3.60;2;1;1;78;0;5300915;90;5300411
147;18;336;14;43;29;87;3.80;5;2;1;84;0;5300987;72;5300411
147;18;336;14;43;30;13;3.40;1;1;1;85;0;5301013;2891;0
147;18;336;14;43;30;99;3.20;2;1;1;76;0;5301099;167;5300411
147;18;336;14;43;31;28;3.20;5;2;1;81;0;5301128;124;5300411
147;18;336;14;43;31;19;3.80;7;2;1;81;0;5301119;292;0
147;18;336;14;43;31;32;3.60;3;1;1;86;0;5301132;615;0
147;18;336;14;43;32;90;3.60;5;2;1;84;0;5301290;147;0
147;18;336;14;43;32;99;3.60;2;1;1;75;0;5301299;184;5300411
147;18;336;14;43;32;99;3.40;6;2;1;79;0;5301299;376;0
147;18;336;14;43;33;99;3.60;7;2;1;81;0;5301399;263;0
147;18;336;14;43;34;84;3.60;2;1;1;76;0;5301484;167;5300411
147;18;336;14;43;34;99;3.80;1;1;1;86;0;5301499;471;0
147;18;336;14;43;35;99;4.00;7;2;1;84;0;5301599;184;0
147;18;336;14;43;35;99;3.80;6;2;1;85;0;5301599;284;0
147;18;336;14;43;37;95;3.60;3;1;1;72;0;5301795;647;0
147;18;336;14;43;38;99;3.60;8;2;1;86;0;5301899;1671;0
147;18;336;14;43;38;99;3.80;2;1;1;75;0;5301899;397;0
147;18;336;14;43;39;20;3.60;7;2;1;79;0;5301920;303;0
147;18;336;14;43;39;28;4.40;3;1;1;76;0;5301928;115;0
147;18;336;14;43;40;5;4.00;5;2;1;84;0;5302005;699;0
147;18;336;14;43;40;99;4.20;2;1;1;72;0;5302099;181;0
147;18;336;14;43;40;99;6.80;6;2;2;82;0;5302099;483;0
147;18;336;14;43;41;23;4.80;8;2;1;86;0;5302123;208;0
147;18;336;14;43;41;0;5.40;7;2;1;71;0;5302100;163;0
147;18;336;14;43;42;64;3.40;1;1;1;72;0;5302264;749;0
147;18;336;14;43;42;75;3.80;4;1;1;80;0;5302275;2100;0
147;18;336;14;43;43;22;3.20;6;2;1;85;0;5302322;193;0
147;18;336;14;43;43;99;3.80;5;2;1;91;0;5302399;376;0
147;18;336;14;43;44;12;3.60;3;1;1;76;0;5302412;463;0
147;18;336;14;43;44;13;3.60;4;1;1;79;0;5302413;120;0
147;18;336;14;43;44;56;3.40;6;2;1;75;0;5302456;120;0
147;18;336;14;43;45;23;3.40;4;1;1;79;0;5302523;93;0
147;18;336;14;43;46;99;5.00;7;2;1;76;0;5302699;571;0
147;18;336;14;43;46;15;3.20;3;1;1;73;0;5302615;185;0
147;18;336;14;43;46;19;3.00;6;2;1;74;0;5302619;146;0
147;18;336;14;43;48;21;3.60;5;2;1;83;0;5302821;406;0
147;18;336;14;43;48;99;3.60;3;1;1;76;0;5302899;268;0
147;18;336;14;43;48;99;3.40;6;2;1;77;0;5302899;265;0
147;18;336;14;43;49;28;3.20;8;2;1;74;0;5302928;784;0
147;18;336;14;43;49;48;3.60;2;1;1;82;0;5302948;828;0
147;18;336;14;43;50;1;3.00;7;2;1;78;0;5303001;278;0
147;18;336;14;43;50;99;4.80;3;1;1;79;0;5303099;182;0
147;18;336;14;43;50;99;4.40;8;2;1;71;0;5303099;155;0
147;18;336;14;43;51;25;3.20;6;2;1;79;0;5303125;210;0
147;18;336;14;43;51;99;5.40;7;2;1;87;0;5303199;184;0
147;18;336;14;43;53;99;3.80;4;1;1;90;0;5303399;860;0
147;18;336;14;43;54;11;3.80;3;1;1;81;0;5303411;290;0
147;18;336;14;43;54;99;3.40;6;2;1;76;0;5303499;359;0
147;18;336;14;43;54;0;3.20;5;2;1;79;0;5303400;563;0
147;18;336;14;43;55;99;3.40;2;1;1;75;0;5303599;635;0
147;18;336;14;43;56;0;3.20;6;2;1;75;0;5303600;84;0
147;18;336;14;43;56;0;4.00;3;1;1;75;0;5303600;172;0
147;18;336;14;43;55;87;17.00;4;1;4;80;0;5303587;172;0
147;18;336;14;43;57;49;3.00;3;1;1;75;0;5303749;129;0
147;18;336;14;43;57;66;4.60;2;1;1;77;0;5303766;150;0
147;18;336;14;43;58;99;3.60;4;1;1;81;0;5303899;235;0
147;18;336;14;43;59;15;3.40;3;1;1;77;0;5303915;151;0
147;18;336;14;43;59;7;4.40;8;2;1;85;0;5303907;785;0
147;18;336;14;44;0;99;3.60;3;1;1;75;0;5304099;168;5303411
147;18;336;14;44;1;99;3.60;5;2;1;77;0;5304199;784;0
147;18;336;14;44;2;21;3.80;3;1;1;77;0;5304221;104;5303411
147;18;336;14;44;2;31;4.00;5;2;1;78;0;5304231;15;5303411
147;18;336;14;44;2;51;7.20;4;1;1;86;0;5304251;336;0
147;18;336;14;44;2;72;3.60;6;2;1;82;0;5304272;656;0
147;18;336;14;44;3;99;3.80;4;1;1;83;0;5304399;117;0
147;18;336;14;44;3;99;3.80;2;1;1;76;0;5304399;611;0
147;18;336;14;44;4;10;3.20;3;1;1;72;0;5304410;171;5303411
147;18;336;14;44;4;12;3.80;5;2;1;81;0;5304412;162;5303411
147;18;336;14;44;4;99;3.60;4;1;1;83;0;5304499;83;5303411
147;18;336;14;44;4;99;3.60;6;2;1;74;0;5304499;211;0
147;18;336;14;44;4;19;3.40;2;1;1;72;0;5304419;2;0
147;18;336;14;44;5;84;3.80;4;1;1;82;0;5304584;69;0
147;18;336;14;44;5;99;3.40;6;2;1;74;0;5304599;82;0
147;18;336;14;44;5;52;15.00;2;1;4;73;0;5304552;116;0
147;18;336;14;44;6;99;3.80;1;1;1;72;0;5304699;2418;0
147;18;336;14;44;7;10;3.20;6;2;1;77;0;5304710;94;0
147;18;336;14;44;7;13;3.60;3;1;1;76;0;5304713;287;0
147;18;336;14;44;7;7;3.80;5;2;1;82;0;5304707;278;0
147;18;336;14;44;7;4;5.80;2;1;1;73;0;5304704;78;0
147;18;336;14;44;8;8;3.80;4;1;1;86;0;5304808;207;0
147;18;336;14;44;8;13;3.40;6;2;1;76;0;5304813;88;0
147;18;336;14;44;8;24;4.00;5;2;1;81;0;5304824;100;0
147;18;336;14;44;8;99;3.40;5;2;1;80;0;5304899;57;0
147;18;336;14;44;8;99;3.60;3;1;1;72;0;5304899;168;0
147;18;336;14;44;9;99;3.40;2;1;1;76;0;5304999;266;0
147;18;336;14;44;9;99;3.60;7;2;1;80;0;5304999;1777;0
147;18;336;14;44;9;99;3.40;6;2;1;73;0;5304999;169;5304499
147;18;336;14;44;10;15;4.00;3;1;1;85;0;5305015;98;5304499
147;18;336;14;44;10;99;3.60;7;2;1;78;0;5305099;83;5304499
147;18;336;14;44;11;13;4.00;6;2;1;76;0;5305113;97;5304499
147;18;336;14;44;11;99;3.40;2;1;1;75;0;5305199;183;5304499
147;18;336;14;44;12;19;3.60;1;1;1;95;0;5305219;501;0
147;18;336;14;44;12;8;3.20;8;2;1;75;0;5305208;1282;0
147;18;336;14;44;13;1;3.40;3;1;1;75;0;5305301;269;0
147;18;336;14;44;13;18;4.80;7;2;1;83;0;5305318;202;0
147;18;336;14;44;13;99;4.00;4;1;1;79;0;5305399;575;0
147;18;336;14;44;13;99;3.80;2;1;1;77;0;5305399;183;0
147;18;336;14;44;14;24;3.40;6;2;1;81;0;5305424;292;0
147;18;336;14;44;14;99;3.80;5;2;1;87;0;5305499;584;0
147;18;336;14;44;15;53;3.40;3;1;1;77;0;5305553;235;0
147;18;336;14;44;16;10;3.40;2;1;1;79;0;5305610;193;0
147;18;336;14;44;18;94;3.60;6;2;1;83;0;5305894;454;0
147;18;336;14;44;19;99;3.60;6;2;1;81;0;5305999;89;0
147;18;336;14;44;21;99;3.60;3;1;1;75;0;5306199;630;0
147;18;336;14;44;22;14;3.60;2;1;1;70;0;5306214;588;0
147;18;336;14;44;22;36;3.60;3;1;1;75;0;5306236;19;0
147;18;336;14;44;23;4;3.40;2;1;1;68;0;5306304;71;0
147;18;336;14;44;23;64;4.00;6;2;1;82;0;5306364;349;0
147;18;336;14;44;24;99;7.00;7;2;1;72;0;5306499;1160;0
147;18;336;14;44;24;99;3.80;2;1;1;73;0;5306499;177;0
147;18;336;14;44;24;99;3.60;1;1;1;83;0;5306499;1266;0
147;18;336;14;44;25;23;3.40;3;1;1;80;0;5306523;269;0
147;18;336;14;44;26;96;9.60;2;1;6;74;0;5306696;178;0
147;18;336;14;44;27;99;3.40;7;2;1;77;0;5306799;265;0
147;18;336;14;44;28;99;3.00;2;1;1;73;0;5306899;156;5306214
147;18;336;14;44;29;14;3.00;3;1;1;75;0;5306914;375;0
147;18;336;14;44;29;99;4.20;7;2;1;77;0;5306999;184;0
147;18;336;14;44;30;16;5.20;4;1;1;81;0;5307016;1598;0
147;18;336;14;44;31;95;3.60;3;1;1;73;0;5307195;266;0
147;18;336;14;44;31;99;3.20;6;2;1;83;0;5307199;817;0
147;18;336;14;44;32;99;3.60;4;1;1;82;0;5307299;259;0
147;18;336;14;44;32;7;3.20;2;1;1;74;0;5307207;293;0
147;18;336;14;44;32;16;3.80;7;2;1;82;0;5307216;197;0
147;18;336;14;44;33;93;3.00;5;2;1;80;0;5307393;1878;0
147;18;336;14;44;34;99;4.80;6;2;1;81;0;5307499;286;0
147;18;336;14;44;34;99;4.00;7;2;1;87;0;5307499;266;0
147;18;336;14;44;34;99;3.80;5;2;1;83;0;5307499;92;0
147;18;336;14;44;34;99;3.20;3;1;1;75;0;5307499;286;0
147;18;336;14;44;34;99;7.60;2;1;6;67;0;5307499;276;0
147;18;336;14;44;36;99;3.80;6;2;1;83;0;5307699;178;0
147;18;336;14;44;36;99;3.60;3;1;1;79;0;5307699;184;0
147;18;336;14;44;38;2;3.40;2;1;1;72;0;5307802;262;0
147;18;336;14;44;37;38;5.60;7;2;1;34;0;5307738;222;0
147;18;336;14;44;39;19;4.20;3;1;1;81;0;5307919;203;0
147;18;336;14;44;39;99;3.20;2;1;1;73;0;5307999;180;0
147;18;336;14;44;40;5;3.60;6;2;1;79;0;5308005;289;0
147;18;336;14;44;42;11;3.40;6;2;1;85;0;5308211;189;0
147;18;336;14;44;42;99;3.80;5;2;1;87;0;5308299;783;0
147;18;336;14;44;43;23;3.40;7;2;1;83;0;5308323;525;0
147;18;336;14;44;43;68;3.80;3;1;1;83;0;5308368;430;0
147;18;336;14;44;43;81;3.40;5;2;1;84;0;5308381;66;0
147;18;336;14;44;45;99;3.80;4;1;1;87;0;5308599;1284;0
147;18;336;14;44;46;16;3.20;6;2;1;80;0;5308616;390;0
147;18;336;14;44;48;15;3.80;4;1;1;87;0;5308815;200;0
147;18;336;14;44;48;73;3.40;6;2;1;80;0;5308873;242;0
147;18;336;14;44;50;99;3.20;2;1;1;72;0;5309099;1084;0
147;18;336;14;44;50;99;4.00;3;1;1;76;0;5309099;714;0
147;18;336;14;44;50;99;3.60;8;2;1;82;0;5309099;3875;0
147;18;336;14;44;51;55;3.40;6;2;1;78;0;5309155;266;0
147;18;336;14;44;51;51;3.60;2;1;1;72;0;5309151;36;0
147;18;336;14;44;52;11;3.40;3;1;1;74;0;5309211;93;0
147;18;336;14;44;52;15;3.60;6;2;1;76;0;5309215;44;0
147;18;336;14;44;52;99;3.60;2;1;1;78;0;5309299;130;0
147;18;336;14;44;52;99;3.80;5;2;1;81;0;5309299;903;0
147;18;336;14;44;53;7;4.80;7;2;1;84;0;5309307;969;0
147;18;336;14;44;54;93;3.40;3;1;1;76;0;5309493;265;0
147;18;336;14;44;54;99;3.80;2;1;1;72;0;5309499;183;0
147;18;336;14;44;54;99;3.80;7;2;1;82;0;5309499;171;0
147;18;336;14;44;56;92;4.00;7;2;1;83;0;5309692;176;0
147;18;336;14;44;57;9;3.80;6;2;1;75;0;5309709;476;0
147;18;336;14;44;58;32;3.20;3;1;1;75;0;5309832;322;0
147;18;336;14;44;58;36;3.20;6;2;1;77;0;5309836;108;0
147;18;336;14;45;0;21;3.60;3;1;1;75;0;5310021;173;0
147;18;336;14;45;0;99;3.80;6;2;1;79;0;5310099;248;0
147;18;336;14;45;0;99;4.00;8;2;1;83;0;5310099;984;0
147;18;336;14;45;1;67;3.80;3;1;1;77;0;5310167;128;0
147;18;336;14;45;2;99;5.80;4;1;1;88;0;5310299;1468;0
147;18;336;14;45;2;99;3.00;2;1;1;71;0;5310299;781;0
147;18;336;14;45;2;99;3.60;6;2;1;77;0;5310299;182;0
147;18;336;14;45;3;5;3.60;5;2;1;81;0;5310305;989;0
147;18;336;14;45;3;17;3.60;3;1;1;82;0;5310317;132;0
147;18;336;14;45;3;37;3.80;4;1;1;90;0;5310337;14;0
147;18;336;14;45;4;2;3.20;1;1;1;79;0;5310402;3887;0
147;18;336;14;45;4;92;5.20;2;1;1;80;0;5310492;177;0
147;18;336;14;45;4;99;3.60;6;2;1;74;0;5310499;183;0
147;18;336;14;45;4;63;19.40;5;2;5;82;0;5310463;142;0
147;18;336;14;45;5;99;3.80;5;2;1;80;0;5310599;50;0
147;18;336;14;45;5;99;3.80;7;2;1;74;0;5310599;889;0
147;18;336;14;45;5;99;3.60;3;1;1;74;0;5310599;266;0
147;18;336;14;45;6;79;3.60;2;1;1;77;0;5310679;163;0
147;18;336;14;45;7;99;4.00;5;2;1;81;0;5310799;182;0
147;18;336;14;45;7;99;3.80;4;1;1;82;0;5310799;446;0
147;18;336;14;45;7;99;3.40;3;1;1;73;0;5310799;182;0
147;18;336;14;45;8;99;3.40;2;1;1;75;0;5310899;203;0
147;18;336;14;45;8;99;3.60;6;2;1;86;0;5310899;382;0
147;18;336;14;45;8;32;4.00;4;1;1;77;0;5310832;16;0
147;18;336;14;45;9;99;4.00;5;2;1;87;0;5310999;182;5310305
147;18;336;14;45;9;99;3.20;3;1;1;72;0;5310999;183;5310305
147;18;336;14;45;10;99;4.00;7;2;1;81;0;5311099;481;0
147;18;336;14;45;11;3;3.40;6;2;1;76;0;5311103;188;0
147;18;336;14;45;12;6;3.40;3;1;1;73;0;5311206;191;0
147;18;336;14;45;12;99;4.60;2;1;1;79;0;5311299;383;0
147;18;336;14;45;13;4;3.40;7;2;1;79;0;5311304;187;0
147;18;336;14;45;14;83;3.60;3;1;1;79;0;5311483;260;0
147;18;336;14;45;15;99;4.00;1;1;1;72;0;5311599;1182;0
147;18;336;14;45;16;23;3.80;1;1;1;77;0;5311623;4;0
147;18;336;14;45;17;20;3.80;2;1;1;79;0;5311720;400;0
147;18;336;14;45;18;11;3.40;1;1;1;78;0;5311811;170;0
147;18;336;14;45;18;99;3.40;6;2;1;71;0;5311899;779;0
147;18;336;14;45;19;20;3.40;5;2;1;76;0;5311920;904;0
147;18;336;14;45;19;99;3.40;6;2;1;71;0;5311999;82;0
147;18;336;14;45;20;99;3.60;5;2;1;80;0;5312099;162;0
147;18;336;14;45;20;99;3.40;6;2;1;71;0;5312099;82;0
147;18;336;14;45;21;15;3.20;7;2;1;77;0;5312115;795;0
147;18;336;14;45;21;45;3.80;1;1;1;80;0;5312145;318;0
147;18;336;14;45;22;90;4.00;7;2;1;76;0;5312290;160;0
147;18;336;14;45;23;99;3.60;5;2;1;79;0;5312399;283;0
147;18;336;14;45;24;28;3.20;3;1;1;76;0;5312428;928;0
147;18;336;14;45;24;45;3.80;2;1;1;75;0;5312445;707;0
147;18;336;14;45;24;49;3.60;8;2;1;74;0;5312449;2332;0
147;18;336;14;45;24;62;3.40;6;2;1;70;0;5312462;345;0
147;18;336;14;45;25;99;5.20;6;2;1;75;0;5312599;119;0
147;18;336;14;45;26;4;2.80;2;1;1;76;0;5312604;140;0
147;18;336;14;45;26;16;3.40;3;1;1;76;0;5312616;172;0
147;18;336;14;45;26;24;3.80;6;2;1;76;0;5312624;0;0
147;18;336;14;45;27;89;3.80;2;1;1;83;0;5312789;171;0
147;18;336;14;45;27;99;3.40;3;1;1;79;0;5312799;166;0
147;18;336;14;45;28;3;4.00;1;1;1;86;0;5312803;640;0
147;18;336;14;45;28;89;25.40;7;2;5;86;0;5312889;580;0
147;18;336;14;45;29;21;3.20;2;1;1;80;0;5312921;115;0
147;18;336;14;45;29;12;4.00;8;2;1;76;0;5312912;445;0
147;18;336;14;45;30;99;3.80;5;2;1;94;0;5313099;683;0
147;18;336;14;45;31;19;3.80;3;1;1;77;0;5313119;304;0
147;18;336;14;45;32;3;3.40;4;1;1;78;0;5313203;2352;0
147;18;336;14;45;32;23;3.60;6;2;1;79;0;5313223;581;0
147;18;336;14;45;35;10;3.40;6;2;1;80;0;5313510;270;0
147;18;336;14;45;35;1;6.00;2;1;1;79;0;5313501;565;0
147;18;336;14;45;35;99;3.40;4;1;1;80;0;5313599;380;0
147;18;336;14;45;36;24;3.60;2;1;1;80;0;5313624;95;0
147;18;336;14;45;36;99;3.60;7;2;1;77;0;5313699;703;0
147;18;336;14;45;37;55;3.40;3;1;1;77;0;5313755;618;0
147;18;336;14;45;37;89;3.40;2;1;1;85;0;5313789;148;0
147;18;336;14;45;38;0;4.20;6;2;1;80;0;5313800;274;0
147;18;336;14;45;38;8;3.60;4;1;1;81;0;5313808;193;0
147;18;336;14;45;38;99;3.40;1;1;1;94;0;5313899;1079;0
147;18;336;14;45;39;99;4.00;6;2;1;73;0;5313999;180;0
147;18;336;14;45;39;39;3.60;8;2;1;73;0;5313939;1008;0
147;18;336;14;45;40;99;3.40;1;1;1;85;0;5314099;186;0
147;18;336;14;45;40;99;3.20;6;2;1;80;0;5314099;80;0
147;18;336;14;45;41;22;3.00;3;1;1;82;0;5314122;351;0
147;18;336;14;45;41;99;2.80;2;1;1;73;0;5314199;395;0
147;18;336;14;45;41;99;7.60;4;1;6;84;0;5314199;375;0
147;18;336;14;45;42;98;3.40;3;1;1;77;0;5314298;162;0
147;18;336;14;45;43;24;3.80;7;2;1;81;0;5314324;608;0
147;18;336;14;45;43;99;3.80;4;1;1;82;0;5314399;167;0
147;18;336;14;45;45;14;3.40;4;1;1;80;0;5314514;98;0
147;18;336;14;45;45;99;3.40;3;1;1;75;0;5314599;285;0
147;18;336;14;45;46;10;3.60;7;2;1;78;0;5314610;269;0
147;18;336;14;45;46;20;3.80;1;1;1;79;0;5314620;506;0
147;18;336;14;45;46;99;3.00;6;2;1;83;0;5314699;585;0
147;18;336;14;45;48;10;3.80;5;2;1;80;0;5314810;1696;0
147;18;336;14;45;48;21;3.60;2;1;1;76;0;5314821;608;0
147;18;336;14;45;48;99;3.00;4;1;1;80;0;5314899;369;0
147;18;336;14;45;48;99;4.00;7;2;1;77;0;5314899;272;0
147;18;336;14;45;49;20;4.00;5;2;1;83;0;5314920;92;0
147;18;336;14;45;49;99;3.40;6;2;1;79;0;5314999;286;0
147;18;336;14;45;52;1;4.40;6;2;1;81;0;5315201;186;0
147;18;336;14;45;52;46;4.20;3;1;1;82;0;5315246;630;0
147;18;336;14;45;53;99;3.40;8;2;1;83;0;5315399;1442;0
147;18;336;14;45;54;99;3.40;3;1;1;72;0;5315499;234;0
147;18;336;14;45;56;9;3.40;2;1;1;81;0;5315609;770;0
147;18;336;14;45;56;99;3.60;5;2;1;77;0;5315699;761;0
147;18;336;14;45;57;99;3.00;6;2;1;74;0;5315799;578;0
147;18;336;14;45;58;99;3.40;3;1;1;81;0;5315899;383;0
147;18;336;14;45;59;99;3.60;6;2;1;77;0;5315999;185;0
147;18;336;14;46;0;38;4.00;3;1;1;80;0;5316038;123;0
147;18;336;14;46;0;65;3.80;8;2;1;78;0;5316065;651;0
147;18;336;14;46;0;93;3.60;1;1;1;92;0;5316093;1455;0
147;18;336;14;46;1;9;3.60;6;2;1;80;0;5316109;93;0
147;18;336;14;46;1;99;3.60;3;1;1;81;0;5316199;143;0
147;18;336;14;46;2;27;3.60;1;1;1;80;0;5316227;119;0
147;18;336;14;46;3;99;3.80;7;2;1;86;0;5316399;1481;0
147;18;336;14;46;3;99;4.00;3;1;1;81;0;5316399;184;0
147;18;336;14;46;5;24;3.00;2;1;1;81;0;5316524;899;0
147;18;336;14;46;5;61;3.60;6;2;1;78;0;5316561;435;0
147;18;336;14;46;5;96;3.80;4;1;1;83;0;5316596;1683;0
147;18;336;14;46;7;5;3.60;7;2;1;82;0;5316705;290;0
147;18;336;14;46;7;15;3.40;6;2;1;78;0;5316715;137;0
147;18;336;14;46;7;13;3.80;3;1;1;80;0;5316713;296;0
147;18;336;14;46;7;26;4.80;1;1;1;79;0;5316726;482;0
147;18;336;14;46;8;97;3.40;6;2;1;76;0;5316897;166;0
147;18;336;14;46;8;99;3.60;8;2;1;84;0;5316899;816;0
147;18;336;14;46;8;99;3.80;6;2;1;72;0;5316899;-1;0
147;18;336;14;46;9;99;3.40;5;2;1;88;0;5316999;1283;0
147;18;336;14;46;10;5;4.80;2;1;1;77;0;5317005;467;0
147;18;336;14;46;10;83;3.40;6;2;1;73;0;5317083;165;5316561
147;18;336;14;46;11;7;3.80;2;1;1;76;0;5317107;79;5316561
147;18;336;14;46;11;99;3.40;7;2;1;76;0;5317199;478;0
147;18;336;14;46;11;99;3.80;8;2;1;82;0;5317199;284;0
147;18;336;14;46;12;99;3.60;2;1;1;78;0;5317299;174;0
147;18;336;14;46;12;24;3.20;6;2;1;76;0;5317224;124;5316561
147;18;336;14;46;13;99;4.00;2;1;1;76;0;5317399;83;5316561
147;18;336;14;46;14;99;3.40;6;2;1;78;0;5317499;259;0
147;18;336;14;46;14;99;4.40;6;2;1;76;0;5317499;-1;0
147;18;336;14;46;15;20;4.00;5;2;1;81;0;5317520;507;0
147;18;336;14;46;15;31;3.00;1;1;1;76;0;5317531;783;0
147;18;336;14;46;16;99;3.60;5;2;1;82;0;5317699;161;0
147;18;336;14;46;16;99;3.60;6;2;1;75;0;5317699;179;0
147;18;336;14;46;17;33;4.00;8;2;1;102;0;5317733;517;0
147;18;336;14;46;17;99;3.80;2;1;1;78;0;5317799;381;0
147;18;336;14;46;17;99;3.80;7;2;1;77;0;5317799;583;0
147;18;336;14;46;17;12;3.20;6;2;1;71;0;5317712;-1;0
147;18;336;14;46;18;4;3.40;5;2;1;80;0;5317804;89;0
147;18;336;14;46;18;71;3.00;3;1;1;82;0;5317871;1140;0
147;18;336;14;46;19;99;3.00;6;2;1;70;0;5317999;270;0
147;18;336;14;46;19;99;3.40;5;2;1;83;0;5317999;179;0
147;18;336;14;46;20;4;3.40;6;2;1;70;0;5318004;-1;0
147;18;336;14;46;21;99;4.00;4;1;1;96;0;5318199;1586;0
147;18;336;14;46;21;99;3.40;7;2;1;68;0;5318199;382;0
147;18;336;14;46;22;99;3.40;6;2;1;72;0;5318299;277;0
147;18;336;14;46;22;5;3.60;2;1;1;76;0;5318205;388;0
147;18;336;14;46;23;88;3.40;6;2;1;74;0;5318388;72;0
147;18;336;14;46;23;99;3.40;3;1;1;69;0;5318399;514;0
147;18;336;14;46;24;99;4.00;5;2;1;81;0;5318499;485;0
147;18;336;14;46;25;0;3.60;7;2;1;80;0;5318500;283;0
147;18;336;14;46;25;26;4.00;3;1;1;75;0;5318526;109;0
147;18;336;14;46;25;36;3.40;2;1;1;77;0;5318536;313;0
147;18;336;14;46;25;51;3.60;6;2;1;80;0;5318551;146;0
147;18;336;14;46;26;16;3.20;4;1;1;83;0;5318616;402;0
147;18;336;14;46;26;96;4.00;1;1;1;96;0;5318696;1150;0
147;18;336;14;46;27;20;3.60;2;1;1;78;0;5318720;168;0
147;18;336;14;46;27;99;4.00;7;2;1;81;0;5318799;282;0
147;18;336;14;46;27;99;3.00;8;2;1;67;0;5318799;1051;0
147;18;336;14;46;28;4;3.60;6;2;1;83;0;5318804;236;0
147;18;336;14;46;29;27;3.00;6;2;1;78;0;5318927;107;0
147;18;336;14;46;30;30;3.60;6;2;1;73;0;5319030;89;0
147;18;336;14;46;32;99;3.20;6;2;1;77;0;5319299;251;0
147;18;336;14;46;33;24;3.40;7;2;1;83;0;5319324;507;0
147;18;336;14;46;33;81;3.80;6;2;1;76;0;5319381;67;0
147;18;336;14;46;34;19;3.20;4;1;1;76;0;5319419;789;0
147;18;336;14;46;34;99;5.00;5;2;1;93;0;5319499;982;0
147;18;336;14;46;34;99;3.40;3;1;1;71;0;5319499;953;0
147;18;336;14;46;35;99;3.60;2;1;1;84;0;5319599;862;0
147;18;336;14;46;35;1;4.00;5;2;1;86;0;5319501;-1;0
147;18;336;14;46;35;15;3.20;6;2;1;77;0;5319515;116;0
147;18;336;14;46;37;4;3.00;6;2;1;73;0;5319704;174;0
147;18;336;14;46;37;21;3.20;5;2;1;81;0;5319721;203;0
147;18;336;14;46;38;20;3.40;5;2;1;81;0;5319820;84;0
147;18;336;14;46;38;9;4.00;6;2;1;75;0;5319809;90;5319299
147;18;336;14;46;39;99;3.60;3;1;1;72;0;5319999;482;0
147;18;336;14;46;39;99;3.60;6;2;1;76;0;5319999;170;5319299
147;18;336;14;46;40;20;3.60;5;2;1;82;0;5320020;184;5319299
147;18;336;14;46;40;99;3.80;6;2;1;73;0;5320099;82;5319299
147;18;336;14;46;41;69;3.60;7;2;1;71;0;5320169;830;0
147;18;336;14;46;41;83;4.40;6;2;1;76;0;5320183;65;5319299
147;18;336;14;46;42;8;3.80;3;1;1;76;0;5320208;191;5319299
147;18;336;14;46;42;99;3.60;6;2;1;72;0;5320299;95;5319299
147;18;336;14;46;42;99;4.40;8;2;1;83;0;5320299;1483;0
147;18;336;14;46;43;3;3.80;5;2;1;80;0;5320303;267;0
147;18;336;14;46;43;0;3.00;2;1;1;77;0;5320300;685;0
147;18;336;14;46;44;3;3.80;7;2;1;81;0;5320403;215;0
147;18;336;14;46;45;8;3.20;5;2;1;76;0;5320508;187;0
147;18;336;14;46;48;14;3.60;6;2;1;81;0;5320814;497;0
147;18;336;14;46;49;7;3.60;2;1;1;86;0;5320907;592;0
147;18;336;14;46;49;99;3.20;3;1;1;70;0;5320999;773;0
147;18;336;14;46;49;99;3.80;6;2;1;77;0;5320999;169;0
147;18;336;14;46;49;99;3.40;1;1;1;75;0;5320999;2288;0
147;18;336;14;46;50;21;3.60;4;1;1;79;0;5321021;1586;0
147;18;336;14;46;50;99;4.00;8;2;1;80;0;5321099;780;0
147;18;336;14;46;51;10;4.00;4;1;1;81;0;5321110;72;0
147;18;336;14;46;51;28;3.20;6;2;1;77;0;5321128;111;0
147;18;336;14;46;51;78;3.00;3;1;1;69;0;5321178;162;0
147;18;336;14;46;51;87;3.60;2;1;1;78;0;5321187;264;0
147;18;336;14;46;53;5;4.40;3;1;1;73;0;5321305;111;0
147;18;336;14;46;53;6;4.60;2;1;1;78;0;5321306;102;0
147;18;336;14;46;53;99;5.20;6;2;1;72;0;5321399;256;0
147;18;336;14;46;53;29;4.00;7;2;1;79;0;5321329;909;0
147;18;336;14;46;54;62;3.80;4;1;1;76;0;5321462;334;0
147;18;336;14;46;54;99;3.40;3;1;1;73;0;5321499;172;0
147;18;336;14;46;54;99;3.60;6;2;1;69;0;5321499;74;0
147;18;336;14;46;56;13;3.80;6;2;1;71;0;5321613;95;0
147;18;336;14;46;57;11;3.40;3;1;1;76;0;5321711;195;5320999
147;18;336;14;46;58;99;3.60;6;2;1;70;0;5321899;266;0
147;18;336;14;46;58;2;3.60;3;1;1;90;0;5321802;74;5320999
147;18;336;14;46;58;99;7.80;2;1;6;73;0;5321899;571;0
147;18;336;14;46;59;99;4.00;2;1;1;72;0;5321999;61;0
147;18;336;14;47;0;5;3.60;7;2;1;78;0;5322005;657;0
147;18;336;14;47;0;15;3.20;3;1;1;81;0;5322015;198;5320999
147;18;336;14;47;0;99;3.20;6;2;1;70;0;5322099;181;5320999
147;18;336;14;47;1;13;3.60;2;1;1;72;0;5322113;94;5320999
147;18;336;14;47;2;99;3.20;6;2;1;70;0;5322299;183;5320999
147;18;336;14;47;2;99;3.60;5;2;1;82;0;5322299;1775;0
147;18;336;14;47;2;99;5.20;1;1;1;73;0;5322299;1283;0
147;18;336;14;47;2;99;3.60;2;1;1;67;0;5322299;168;0
147;18;336;14;47;2;99;4.00;7;2;1;84;0;5322299;277;0
147;18;336;14;47;3;10;3.60;3;1;1;76;0;5322310;280;0
147;18;336;14;47;3;99;3.80;5;2;1;83;0;5322399;84;0
147;18;336;14;47;4;38;3.00;2;1;1;69;0;5322438;119;5321899
147;18;336;14;47;4;72;3.80;4;1;1;84;0;5322472;992;0
147;18;336;14;47;4;71;3.40;5;2;1;82;0;5322471;55;0
147;18;336;14;47;5;99;3.60;7;2;1;76;0;5322599;282;0
147;18;336;14;47;5;99;3.60;2;1;1;68;0;5322599;145;5321899
147;18;336;14;47;6;4;3.40;4;1;1;77;0;5322604;115;5321899
147;18;336;14;47;6;23;3.00;2;1;1;67;0;5322623;4;5321899
147;18;336;14;47;7;92;3.40;7;2;1;81;0;5322792;175;5321899
147;18;336;14;47;7;99;3.20;6;2;1;79;0;5322799;483;0
147;18;336;14;47;7;99;3.00;3;1;1;77;0;5322799;471;0
147;18;336;14;47;7;99;3.60;5;2;1;86;0;5322799;313;0
147;18;336;14;47;8;10;3.40;1;1;1;77;0;5322810;485;0
147;18;336;14;47;8;99;3.40;3;1;1;81;0;5322899;85;0
147;18;336;14;47;8;99;3.20;8;2;1;70;0;5322899;1782;0
147;18;336;14;47;8;99;3.60;2;1;1;72;0;5322899;259;0
147;18;336;14;47;9;88;3.00;3;1;1;79;0;5322988;73;0
147;18;336;14;47;10;99;3.60;4;1;1;79;0;5323099;479;0
147;18;336;14;47;10;99;3.80;6;2;1;79;0;5323099;285;0
147;18;336;14;47;11;8;4.40;7;2;1;80;0;5323108;300;0
147;18;336;14;47;11;1;3.80;1;1;1;87;0;5323101;275;0
147;18;336;14;47;12;80;3.00;2;1;1;69;0;5323280;363;0
147;18;336;14;47;12;99;3.80;6;2;1;82;0;5323299;182;0
147;18;336;14;47;12;99;3.80;3;1;1;75;0;5323299;297;0
147;18;336;14;47;13;24;3.80;5;2;1;82;0;5323324;509;0
147;18;336;14;47;14;33;3.80;3;1;1;72;0;5323433;115;0
147;18;336;14;47;14;72;3.80;7;2;1;83;0;5323472;344;0
147;18;336;14;47;14;76;3.80;5;2;1;82;0;5323476;135;0
147;18;336;14;47;14;84;3.80;6;2;1;75;0;5323484;168;0
147;18;336;14;47;15;99;4.20;6;2;1;75;0;5323599;96;0
147;18;336;14;47;16;16;3.80;5;2;1;81;0;5323616;123;0
147;18;336;14;47;16;99;3.40;3;1;1;73;0;5323699;247;0
147;18;336;14;47;17;77;3.40;7;2;1;74;0;5323777;288;0
147;18;336;14;47;17;99;3.40;2;1;1;74;0;5323799;503;0
147;18;336;14;47;18;6;3.80;5;2;1;81;0;5323806;173;0
147;18;336;14;47;18;99;4.40;1;1;1;79;0;5323899;782;0
147;18;336;14;47;18;99;3.40;6;2;1;77;0;5323899;279;0
147;18;336;14;47;19;57;3.20;6;2;1;79;0;5323957;42;0
147;18;336;14;47;20;17;3.40;3;1;1;77;0;5324017;301;0
147;18;336;14;47;20;99;3.40;5;2;1;82;0;5324099;276;0
147;18;336;14;47;21;99;5.20;4;1;1;79;0;5324199;1083;0
147;18;336;14;47;21;99;3.80;6;2;1;79;0;5324199;227;0
147;18;336;14;47;21;12;3.20;3;1;1;76;0;5324112;79;0
147;18;336;14;47;22;16;3.20;2;1;1;81;0;5324216;400;0
147;18;336;14;47;23;3;3.80;6;2;1;78;0;5324303;86;0
147;18;336;14;47;23;11;4.20;5;2;1;81;0;5324311;197;0
147;18;336;14;47;23;99;3.80;3;1;1;78;0;5324399;271;0
147;18;336;14;47;24;4;3.80;2;1;1;81;0;5324404;173;0
147;18;336;14;47;24;37;3.80;5;2;1;81;0;5324437;107;0
147;18;336;14;47;24;48;3.40;6;2;1;79;0;5324448;127;0
147;18;336;14;47;25;98;3.60;2;1;1;74;0;5324598;177;0
147;18;336;14;47;26;6;3.60;3;1;1;89;0;5324606;189;0
147;18;336;14;47;26;99;3.80;6;2;1;81;0;5324699;235;0
147;18;336;14;47;26;99;3.60;5;2;1;84;0;5324699;245;0
147;18;336;14;47;26;8;3.60;7;2;1;77;0;5324608;814;0
147;18;336;14;47;27;29;3.40;5;2;1;83;0;5324729;14;0
147;18;336;14;47;27;62;4.40;7;2;1;80;0;5324762;137;0
147;18;336;14;47;27;71;3.80;3;1;1;82;0;5324771;150;0
147;18;336;14;47;28;9;3.80;4;1;1;90;0;5324809;586;0
147;18;336;14;47;28;99;3.40;8;2;1;80;0;5324899;1983;0
147;18;336;14;47;29;17;3.80;3;1;1;78;0;5324917;129;0
147;18;336;14;47;29;99;4.00;7;2;1;79;0;5324999;217;0
147;18;336;14;47;29;21;7.60;6;2;6;71;0;5324921;205;0
147;18;336;14;47;30;15;3.20;5;2;1;82;0;5325015;271;0
147;18;336;14;47;30;89;3.80;3;1;1;82;0;5325089;154;5324399
147;18;336;14;47;30;89;4.20;7;2;1;80;0;5325089;71;5324399
147;18;336;14;47;30;99;3.60;4;1;1;93;0;5325099;274;0
147;18;336;14;47;31;4;3.80;2;1;1;81;0;5325104;488;0
147;18;336;14;47;32;15;3.80;8;2;1;90;0;5325215;300;0
147;18;336;14;47;33;13;3.80;6;2;1;79;0;5325313;353;0
147;18;336;14;47;33;99;3.60;3;1;1;75;0;5325399;293;0
147;18;336;14;47;35;80;3.40;2;1;1;84;0;5325580;459;0
147;18;336;14;47;35;99;3.80;6;2;1;78;0;5325599;268;0
147;18;336;14;47;36;99;4.20;7;2;1;81;0;5325699;591;0
147;18;336;14;47;37;25;3.40;3;1;1;74;0;5325725;308;0
147;18;336;14;47;38;17;3.80;7;2;1;85;0;5325817;99;0
147;18;336;14;47;38;30;3.00;2;1;1;80;0;5325830;235;0
147;18;336;14;47;38;99;3.00;6;2;1;82;0;5325899;282;0
147;18;336;14;47;38;99;3.20;3;1;1;76;0;5325899;157;0
147;18;336;14;47;39;8;3.60;8;2;1;73;0;5325908;677;0
147;18;336;14;47;40;22;3.60;3;1;1;77;0;5326022;107;0
147;18;336;14;47;40;63;3.60;5;2;1;79;0;5326063;1033;0
147;18;336;14;47;41;99;3.80;6;2;1;81;0;5326199;286;0
147;18;336;14;47;42;2;3.60;3;1;1;77;0;5326202;163;0
147;18;336;14;47;42;60;3.80;4;1;1;85;0;5326260;1147;0
147;18;336;14;47;43;20;3.80;6;2;1;76;0;5326320;104;0
147;18;336;14;47;43;16;3.40;7;2;1;69;0;5326316;482;0
147;18;336;14;47;44;0;3.80;4;1;1;86;0;5326400;123;0
147;18;336;14;47;44;18;3.80;5;2;1;80;0;5326418;338;0
147;18;336;14;47;44;99;3.20;1;1;1;72;0;5326499;2579;0
147;18;336;14;47;45;2;4.00;6;2;1;75;0;5326502;164;0
147;18;336;14;47;45;63;3.40;7;2;1;71;0;5326563;229;0
147;18;336;14;47;45;99;3.40;3;1;1;79;0;5326599;380;0
147;18;336;14;47;46;99;3.60;4;1;1;81;0;5326699;283;0
147;18;336;14;47;46;99;3.60;7;2;1;72;0;5326699;118;0
147;18;336;14;47;47;27;3.60;3;1;1;75;0;5326727;112;0
147;18;336;14;47;47;47;3.20;7;2;1;75;0;5326747;30;0
147;18;336;14;47;48;89;4.40;6;2;1;68;0;5326889;367;0
147;18;336;14;47;48;99;3.00;5;2;1;77;0;5326899;463;0
147;18;336;14;47;48;99;3.20;2;1;1;68;0;5326899;1055;0
147;18;336;14;47;48;99;3.00;3;1;1;83;0;5326899;154;0
147;18;336;14;47;50;47;3.40;6;2;1;80;0;5327047;134;0
147;18;336;14;47;50;82;3.60;5;2;1;88;0;5327082;168;0
147;18;336;14;47;51;99;3.60;6;2;1;79;0;5327199;136;0
147;18;336;14;47;51;99;4.00;2;1;1;78;0;5327199;283;0
147;18;336;14;47;52;23;3.60;4;1;1;81;0;5327223;508;0
147;18;336;14;47;52;36;3.80;3;1;1;72;0;5327236;323;0
147;18;336;14;47;53;99;3.40;7;2;1;76;0;5327399;636;0
147;18;336;14;47;54;99;3.60;8;2;1;83;0;5327499;1573;0
147;18;336;14;47;56;99;3.20;5;2;1;83;0;5327699;602;0
147;18;336;14;47;56;99;3.40;2;1;1;74;0;5327699;481;0
147;18;336;14;47;57;33;3.20;5;2;1;84;0;5327733;20;0
147;18;336;14;47;57;39;3.80;3;1;1;78;0;5327739;484;0
147;18;336;14;47;58;99;3.00;4;1;1;84;0;5327899;660;0
147;18;336;14;47;58;99;3.40;2;1;1;76;0;5327899;183;0
147;18;336;14;47;58;99;4.60;6;2;1;69;0;5327899;683;0
147;18;336;14;47;59;99;3.20;4;1;1;88;0;5327999;87;0
147;18;336;14;48;0;71;3.80;6;2;1;66;0;5328071;148;0
147;18;336;14;48;1;99;3.60;5;2;1;82;0;5328199;452;0
147;18;336;14;48;1;99;3.60;3;1;1;83;0;5328199;442;0
147;18;336;14;48;2;7;3.80;7;2;1;81;0;5328207;791;0
147;18;336;14;48;2;99;4.20;5;2;1;83;0;5328299;84;0
147;18;336;14;48;2;99;3.40;6;2;1;66;0;5328299;207;0
147;18;336;14;48;3;22;3.20;3;1;1;81;0;5328322;107;0
147;18;336;14;48;3;66;3.60;7;2;1;69;0;5328366;142;0
147;18;336;14;48;3;99;3.20;6;2;1;78;0;5328399;81;0
147;18;336;14;48;4;99;3.20;7;2;1;77;0;5328499;114;0
147;18;336;14;48;4;99;3.40;6;2;1;71;0;5328499;85;0
147;18;336;14;48;5;30;4.00;5;2;1;82;0;5328530;212;0
147;18;336;14;48;6;99;3.80;5;2;1;76;0;5328699;151;0
147;18;336;14;48;7;99;3.80;2;1;1;88;0;5328799;883;0
147;18;336;14;48;8;12;3.40;3;1;1;80;0;5328812;475;0
147;18;336;14;48;8;48;9.40;8;2;6;78;0;5328848;1333;0
147;18;336;14;48;10;15;3.80;4;1;1;80;0;5329015;1002;0
147;18;336;14;48;11;20;3.80;4;1;1;80;0;5329120;87;0
147;18;336;14;48;10;79;12.20;6;2;3;81;0;5329079;562;0
147;18;336;14;48;10;82;10.40;3;1;7;73;0;5329082;254;0
147;18;336;14;48;11;99;3.60;8;2;1;79;0;5329199;307;0
147;18;336;14;48;11;99;3.80;7;2;1;72;0;5329199;685;0
147;18;336;14;48;12;4;3.60;3;1;1;72;0;5329204;70;0
147;18;336;14;48;12;99;3.60;6;2;1;81;0;5329299;165;0
147;18;336;14;48;12;5;3.60;8;2;1;77;0;5329205;-1;0
147;18;336;14;48;13;44;3.80;5;2;1;95;0;5329344;627;0
147;18;336;14;48;13;71;3.60;8;2;1;79;0;5329371;149;0
147;18;336;14;48;14;15;3.40;3;1;1;73;0;5329415;193;0
147;18;336;14;48;15;9;4.00;3;1;1;71;0;5329509;77;0
147;18;336;14;48;15;99;3.80;2;1;1;77;0;5329599;784;0
147;18;336;14;48;15;41;4.40;6;2;1;101;0;5329541;226;0
147;18;336;14;48;16;88;3.40;4;1;1;79;0;5329688;550;0
147;18;336;14;48;16;99;3.20;2;1;1;78;0;5329699;82;0
147;18;336;14;48;17;15;3.80;6;2;1;78;0;5329715;158;0
147;18;336;14;48;17;99;3.20;2;1;1;79;0;5329799;85;0
147;18;336;14;48;18;3;3.80;3;1;1;73;0;5329803;273;0
147;18;336;14;48;18;9;3.60;2;1;1;77;0;5329809;-1;0
147;18;336;14;48;18;35;3.60;1;1;1;71;0;5329835;3320;0
147;18;336;14;48;18;46;3.60;6;2;1;75;0;5329846;113;0
147;18;336;14;48;19;16;4.80;4;1;1;86;0;5329916;212;0
147;18;336;14;48;19;99;3.60;2;1;1;77;0;5329999;173;5329599
147;18;336;14;48;18;54;5.40;7;2;1;39;0;5329854;636;0
147;18;336;14;48;19;99;3.40;3;1;1;70;0;5329999;177;0
147;18;336;14;48;19;99;5.60;6;2;1;76;0;5329999;135;0
147;18;336;14;48;20;17;3.60;3;1;1;79;0;5330017;0;0
147;18;336;14;48;21;12;3.60;7;2;1;83;0;5330112;208;0
147;18;336;14;48;21;23;4.20;2;1;1;70;0;5330123;107;5329599
147;18;336;14;48;22;17;3.80;1;1;1;86;0;5330217;363;0
147;18;336;14;48;22;99;3.80;2;1;1;71;0;5330299;154;5329599
147;18;336;14;48;22;99;4.20;5;2;1;85;0;5330299;940;0
147;18;336;14;48;23;16;3.60;3;1;1;79;0;5330316;282;0
147;18;336;14;48;23;76;3.80;5;2;1;90;0;5330376;59;0
147;18;336;14;48;22;1;4.20;7;2;1;15;0;5330201;73;0
147;18;336;14;48;24;99;3.40;4;1;1;84;0;5330499;562;0
147;18;336;14;48;26;99;3.20;3;1;1;74;0;5330699;366;0
147;18;336;14;48;27;23;4.00;7;2;1;79;0;5330723;421;0
147;18;336;14;48;27;99;7.20;5;2;1;93;0;5330799;407;0
147;18;336;14;48;28;12;3.00;2;1;1;82;0;5330812;493;0
147;18;336;14;48;29;99;3.40;4;1;1;82;0;5330999;485;0
147;18;336;14;48;29;99;3.60;2;1;1;79;0;5330999;173;0
147;18;336;14;48;29;99;3.60;6;2;1;82;0;5330999;973;0
147;18;336;14;48;30;2;3.20;4;1;1;83;0;5331002;-1;0
147;18;336;14;48;30;11;3.40;3;1;1;76;0;5331011;296;0
147;18;336;14;48;30;17;3.80;1;1;1;80;0;5331017;784;0
147;18;336;14;48;31;6;5.60;3;1;1;72;0;5331106;78;0
147;18;336;14;48;31;45;4.00;8;2;1;74;0;5331145;1757;0
147;18;336;14;48;31;75;3.60;2;1;1;77;0;5331175;159;0
147;18;336;14;48;32;99;3.40;5;2;1;74;0;5331299;472;0
147;18;336;14;48;32;99;3.80;6;2;1;64;0;5331299;284;0
147;18;336;14;48;33;18;3.40;2;1;1;76;0;5331318;126;0
147;18;336;14;48;33;21;4.20;8;2;1;78;0;5331321;156;0
147;18;336;14;48;33;55;3.60;3;1;1;80;0;5331355;221;0
147;18;336;14;48;34;99;3.80;5;2;1;89;0;5331499;183;0
147;18;336;14;48;34;99;3.60;4;1;1;84;0;5331499;483;0
147;18;336;14;48;35;99;3.60;2;1;1;73;0;5331599;264;0
147;18;336;14;48;36;81;3.40;4;1;1;87;0;5331681;166;0
147;18;336;14;48;37;11;3.20;6;2;1;79;0;5331711;390;0
147;18;336;14;48;37;99;3.40;2;1;1;75;0;5331799;182;0
147;18;336;14;48;38;20;3.40;2;1;1;83;0;5331820;4;0
147;18;336;14;48;39;23;3.20;2;1;1;79;0;5331923;88;0
147;18;336;14;48;40;4;4.00;6;2;1;78;0;5332004;278;0
147;18;336;14;48;40;99;3.80;5;2;1;96;0;5332099;584;0
147;18;336;14;48;44;76;3.20;2;1;1;79;0;5332476;538;0
147;18;336;14;48;44;99;4.00;4;1;1;78;0;5332499;803;0
147;18;336;14;48;47;2;3.80;2;1;1;76;0;5332702;211;0
147;18;336;14;48;47;99;3.00;3;1;1;68;0;5332799;1427;0
147;18;336;14;48;47;99;3.60;1;1;1;89;0;5332799;1764;0
147;18;336;14;48;48;99;3.80;2;1;1;74;0;5332899;179;0
147;18;336;14;48;50;99;3.40;6;2;1;82;0;5333099;1076;0
147;18;336;14;48;50;99;3.60;5;2;1;82;0;5333099;985;0
147;18;336;14;48;50;99;3.40;3;1;1;75;0;5333099;284;0
147;18;336;14;48;51;9;3.80;8;2;1;76;0;5333109;1768;0
147;18;336;14;48;52;99;3.60;6;2;1;83;0;5333299;185;0
147;18;336;14;48;52;96;3.60;1;1;1;72;0;5333296;482;0
147;18;336;14;48;53;16;4.00;5;2;1;80;0;5333316;201;0
147;18;336;14;48;53;99;3.80;2;1;1;80;0;5333399;481;0
147;18;336;14;48;53;99;3.40;6;2;1;67;0;5333399;84;0
147;18;336;14;48;54;17;3.80;8;2;1;86;0;5333417;290;0
147;18;336;14;48;54;42;3.40;6;2;1;70;0;5333442;24;0
147;18;336;14;48;55;11;3.40;5;2;1;83;0;5333511;177;0
147;18;336;14;48;55;14;3.00;6;2;1;72;0;5333514;54;5333099
147;18;336;14;48;55;99;3.60;3;1;1;76;0;5333599;483;0
147;18;336;14;48;55;99;3.60;2;1;1;77;0;5333599;182;0
147;18;336;14;48;55;99;3.40;4;1;1;80;0;5333599;1081;0
147;18;336;14;48;56;9;3.40;6;2;1;68;0;5333609;80;5333099
147;18;336;14;48;56;43;3.40;7;2;1;78;0;5333643;2901;0
147;18;336;14;48;56;37;3.80;3;1;1;73;0;5333637;20;0
147;18;336;14;48;57;99;3.00;6;2;1;68;0;5333799;172;5333099
147;18;336;14;48;57;99;3.80;4;1;1;79;0;5333799;184;5333099
147;18;336;14;48;59;24;3.00;2;1;1;73;0;5333924;308;0
147;18;336;14;48;58;99;3.00;6;2;1;68;0;5333899;84;5333099
147;18;336;14;48;58;99;3.40;5;2;1;80;0;5333899;373;0
147;18;336;14;48;59;60;3.40;6;2;1;70;0;5333960;45;5333099
147;18;336;14;48;57;92;4.00;7;2;1;19;0;5333792;133;5333099
147;18;336;14;48;59;93;3.60;5;2;1;77;0;5333993;78;5333099
147;18;336;14;49;0;14;4.20;4;1;1;81;0;5334014;197;5333099
147;18;336;14;49;0;99;3.20;6;2;1;70;0;5334099;121;5333099
147;18;336;14;49;1;9;3.20;2;1;1;77;0;5334109;170;5333099
147;18;336;14;49;1;99;3.80;5;2;1;79;0;5334199;189;5333099
147;18;336;14;49;1;23;3.40;3;1;1;78;0;5334123;467;0
147;18;336;14;49;2;16;3.00;6;2;1;71;0;5334216;100;5333099
147;18;336;14;49;2;99;3.80;4;1;1;81;0;5334299;266;0
147;18;336;14;49;2;99;3.60;2;1;1;68;0;5334299;175;0
147;18;336;14;49;3;11;3.80;8;2;1;90;0;5334311;878;0
147;18;336;14;49;3;23;3.60;1;1;1;87;0;5334323;1009;0
147;18;336;14;49;3;99;3.80;4;1;1;80;0;5334399;83;0
147;18;336;14;49;2;15;4.20;7;2;1;20;0;5334215;347;0
147;18;336;14;49;4;2;3.20;3;1;1;76;0;5334402;263;0
147;18;336;14;49;4;6;3.40;6;2;1;70;0;5334406;174;5333099
147;18;336;14;49;4;32;16.00;4;1;4;76;0;5334432;15;5333099
147;18;336;14;49;5;99;3.60;6;2;1;73;0;5334599;175;5333099
147;18;336;14;49;5;99;4.00;1;1;1;87;0;5334599;261;0
147;18;336;14;49;5;99;3.40;3;1;1;75;0;5334599;181;0
147;18;336;14;49;5;99;4.00;5;2;1;79;0;5334599;382;0
147;18;336;14;49;5;99;3.40;2;1;1;67;0;5334599;280;0
147;18;336;14;49;5;99;3.40;6;2;1;73;0;5334599;-1;5333099
147;18;336;14;49;6;99;3.40;3;1;1;76;0;5334699;83;5333099
147;18;336;14;49;6;99;3.60;2;1;1;71;0;5334699;81;5333099
147;18;336;14;49;6;99;13.80;4;1;4;76;0;5334699;191;5333099
147;18;336;14;49;7;4;5.20;7;2;1;86;0;5334704;413;0
147;18;336;14;49;7;7;3.20;1;1;1;71;0;5334707;91;0
147;18;336;14;49;7;77;3.60;5;2;1;82;0;5334777;159;0
147;18;336;14;49;7;67;3.80;6;2;1;71;0;5334767;151;5333099
147;18;336;14;49;7;99;3.80;3;1;1;74;0;5334799;83;5333099
147;18;336;14;49;8;16;4.00;2;1;1;78;0;5334816;98;5333099
147;18;336;14;49;8;99;3.60;5;2;1;83;0;5334899;106;5333099
147;18;336;14;49;8;99;3.20;6;2;1;74;0;5334899;112;5333099
147;18;336;14;49;8;99;3.80;3;1;1;74;0;5334899;81;5334402
147;18;336;14;49;10;9;3.60;1;1;1;69;0;5335009;285;0
147;18;336;14;49;10;17;3.60;8;2;1;76;0;5335017;690;0
147;18;336;14;49;10;25;3.40;5;2;1;82;0;5335025;110;0
147;18;336;14;49;10;99;3.60;6;2;1;71;0;5335099;184;5333099
147;18;336;14;49;11;10;3.60;2;1;1;82;0;5335110;275;0
147;18;336;14;49;11;99;3.60;6;2;1;72;0;5335199;81;5333099
147;18;336;14;49;11;99;3.40;7;2;1;75;0;5335199;473;0
147;18;336;14;49;11;14;3.80;4;1;1;101;0;5335114;349;0
147;18;336;14;49;12;80;3.20;5;2;1;79;0;5335280;240;0
147;18;336;14;49;13;99;3.60;3;1;1;77;0;5335399;481;0
147;18;336;14;49;14;99;3.80;6;2;1;77;0;5335499;282;0
147;18;336;14;49;14;50;3.60;8;2;1;82;0;5335450;415;0
147;18;336;14;49;15;99;3.60;3;1;1;78;0;5335599;183;0
147;18;336;14;49;15;99;5.60;1;1;1;77;0;5335599;571;0
147;18;336;14;49;16;99;3.20;3;1;1;78;0;5335699;83;0
147;18;336;14;49;16;95;12.00;6;2;3;72;0;5335695;178;0
147;18;336;14;49;18;99;3.40;5;2;1;80;0;5335899;604;0
147;18;336;14;49;19;51;3.60;8;2;1;75;0;5335951;485;0
147;18;336;14;49;20;25;3.60;1;1;1;80;0;5336025;399;0
147;18;336;14;49;20;88;3.20;2;1;1;75;0;5336088;962;0
147;18;336;14;49;21;99;3.00;3;1;1;75;0;5336199;485;0
147;18;336;14;49;23;99;3.60;6;2;1;80;0;5336399;644;0
147;18;336;14;49;23;99;3.40;2;1;1;74;0;5336399;295;0
147;18;336;14;49;24;99;4.00;3;1;1;75;0;5336499;285;0
147;18;336;14;49;25;18;3.00;4;1;1;81;0;5336518;1390;0
147;18;336;14;49;25;52;4.60;6;2;1;71;0;5336552;136;0
147;18;336;14;49;25;76;3.40;8;2;1;74;0;5336576;607;0
147;18;336;14;49;25;99;3.60;3;1;1;78;0;5336599;80;0
147;18;336;14;49;25;99;3.40;1;1;1;75;0;5336599;557;0
147;18;336;14;49;26;99;3.60;4;1;1;80;0;5336699;167;0
147;18;336;14;49;26;99;3.60;6;2;1;74;0;5336699;123;0
147;18;336;14;49;26;99;2.80;4;1;1;79;0;5336699;-1;0
147;18;336;14;49;27;16;3.60;8;2;1;79;0;5336716;123;0
147;18;336;14;49;27;47;3.00;2;1;1;89;0;5336747;331;0
147;18;336;14;49;27;78;3.80;7;2;1;84;0;5336778;1562;0
147;18;336;14;49;28;99;3.60;7;2;1;81;0;5336899;104;0
147;18;336;14;49;32;33;3.60;6;2;1;79;0;5337233;516;0
147;18;336;14;49;32;58;4.00;2;1;1;81;0;5337258;498;0
147;18;336;14;49;33;0;3.80;4;1;1;86;0;5337300;588;0
147;18;336;14;49;34;15;5.20;6;2;1;79;0;5337415;165;0
147;18;336;14;49;34;29;3.80;2;1;1;93;0;5337429;153;0
147;18;336;14;49;34;99;3.60;1;1;1;68;0;5337499;883;0
147;18;336;14;49;34;99;3.00;3;1;1;78;0;5337499;883;0
147;18;336;14;49;35;72;3.80;6;2;1;78;0;5337572;133;0
147;18;336;14;49;35;85;3.60;1;1;1;75;0;5337585;66;0
147;18;336;14;49;36;99;3.20;5;2;1;80;0;5337699;1784;0
147;18;336;14;49;36;99;3.60;6;2;1;71;0;5337699;109;0
147;18;336;14;49;37;99;4.20;8;2;1;75;0;5337799;1066;0
147;18;336;14;49;38;99;3.20;1;1;1;66;0;5337899;296;0
147;18;336;14;49;38;99;3.40;2;1;1;73;0;5337899;455;0
147;18;336;14;49;39;99;3.60;2;1;1;73;0;5337999;83;0
147;18;336;14;49;40;91;3.60;5;2;1;81;0;5338091;377;0
147;18;336;14;49;41;11;3.40;2;1;1;73;0;5338111;94;0
147;18;336;14;49;41;25;3.80;4;1;1;88;0;5338125;809;0
147;18;336;14;49;41;99;4.00;3;1;1;77;0;5338199;686;0
147;18;336;14;49;42;46;3.40;6;2;1;88;0;5338246;528;0
147;18;336;14;49;43;77;3.80;3;1;1;80;0;5338377;159;0
147;18;336;14;49;43;99;3.60;3;1;1;79;0;5338399;4;0
147;18;336;14;49;44;99;3.40;5;2;1;84;0;5338499;392;0
147;18;336;14;49;44;99;3.00;6;2;1;72;0;5338499;239;0
147;18;336;14;49;44;99;3.80;3;1;1;79;0;5338499;83;0
147;18;336;14;49;45;28;4.00;5;2;1;88;0;5338528;14;0
147;18;336;14;49;45;45;3.60;8;2;1;82;0;5338545;725;0
147;18;336;14;49;46;14;3.00;6;2;1;72;0;5338614;100;0
147;18;336;14;49;48;18;3.80;5;2;1;79;0;5338818;273;0
147;18;336;14;49;48;60;3.80;7;2;1;76;0;5338860;1945;0
147;18;336;14;49;48;99;3.60;3;1;1;75;0;5338899;382;0
147;18;336;14;49;49;99;8.00;6;2;6;78;0;5338999;370;0
147;18;336;14;49;49;99;3.60;2;1;1;80;0;5338999;871;0
147;18;336;14;49;50;42;3.20;4;1;1;80;0;5339042;901;0
147;18;336;14;49;50;60;3.40;6;2;1;79;0;5339060;24;0
147;18;336;14;49;51;99;3.80;6;2;1;76;0;5339199;123;0
147;18;336;14;49;51;99;3.80;3;1;1;74;0;5339199;282;0
147;18;336;14;49;53;25;2.80;3;1;1;73;0;5339325;107;0
147;18;336;14;49;53;72;3.20;6;2;1;80;0;5339372;155;0
147;18;336;14;49;53;86;3.60;5;2;1;84;0;5339386;550;0
147;18;336;14;49;54;99;3.60;3;1;1;79;0;5339499;160;0
147;18;336;14;49;53;85;11.80;2;1;2;78;0;5339385;369;0
147;18;336;14;49;52;16;4.00;7;2;1;15;0;5339216;338;0
147;18;336;14;49;54;99;3.60;5;2;1;81;0;5339499;97;0
147;18;336;14;49;55;11;3.20;2;1;1;81;0;5339511;71;0
147;18;336;14;49;55;61;4.00;5;2;1;83;0;5339561;46;0
147;18;336;14;49;55;66;3.00;6;2;1;76;0;5339566;179;5338999
147;18;336;14;49;57;99;3.80;5;2;1;80;0;5339799;220;0
147;18;336;14;49;57;5;5.60;7;2;1;32;0;5339705;393;0
147;18;336;14;49;58;58;3.60;3;1;1;86;0;5339858;342;0
147;18;336;14;49;59;8;3.40;5;2;1;79;0;5339908;91;0
147;18;336;14;49;59;99;4.40;5;2;1;76;0;5339999;75;0
147;18;336;14;50;0;15;3.80;6;2;1;75;0;5340015;434;0
147;18;336;14;50;1;99;4.60;5;2;1;86;0;5340199;179;0
147;18;336;14;50;2;4;3.80;2;1;1;86;0;5340204;678;0
147;18;336;14;50;2;99;3.60;8;2;1;80;0;5340299;1738;0
147;18;336;14;50;1;32;1.00;7;2;1;1;1;5340132;364;0
147;18;336;14;50;1;58;4.80;7;1;1;12;0;5340158;74945;0
147;18;336;14;50;3;53;3.60;3;1;1;77;0;5340353;479;0
147;18;336;14;50;4;99;3.40;3;1;1;76;0;5340499;129;0
147;18;336;14;50;4;99;5.20;7;2;1;73;0;5340499;731;0
147;18;336;14;50;5;20;3.60;6;2;1;81;0;5340520;486;0
147;18;336;14;50;6;86;3.60;3;1;1;74;0;5340686;170;0
147;18;336;14;50;6;76;4.80;7;2;1;70;0;5340676;151;0
147;18;336;14;50;7;9;3.40;3;1;1;82;0;5340709;5;0
147;18;336;14;50;7;99;3.40;2;1;1;82;0;5340799;579;0
147;18;336;14;50;7;99;3.60;6;2;1;80;0;5340799;263;0
147;18;336;14;50;7;99;5.00;2;1;1;87;0;5340799;-1;0
147;18;336;14;50;8;9;3.40;4;1;1;76;0;5340809;1752;0
147;18;336;14;50;8;66;3.80;6;2;1;80;0;5340866;50;0
147;18;336;14;50;8;82;4.00;2;1;1;90;0;5340882;62;0
147;18;336;14;50;9;4;3.80;7;2;1;83;0;5340904;203;0
147;18;336;14;50;9;26;3.80;3;1;1;82;0;5340926;202;0
147;18;336;14;50;9;99;3.80;8;2;1;82;0;5340999;683;0
147;18;336;14;50;9;99;3.80;5;2;1;81;0;5340999;780;0
147;18;336;14;50;10;4;3.60;6;2;1;76;0;5341004;120;0
147;18;336;14;50;10;99;3.60;3;1;1;83;0;5341099;156;0
147;18;336;14;50;11;14;3.60;5;2;1;83;0;5341114;98;0
147;18;336;14;50;11;99;3.60;4;1;1;79;0;5341199;373;0
147;18;336;14;50;11;85;11.80;6;2;7;72;0;5341185;163;0
147;18;336;14;50;12;99;3.60;3;1;1;79;0;5341299;184;0
147;18;336;14;50;13;13;3.80;4;1;1;77;0;5341313;97;0
147;18;336;14;50;13;16;3.20;6;2;1;71;0;5341316;72;5340799
147;18;336;14;50;14;10;3.80;4;1;1;78;0;5341410;79;5340799
147;18;336;14;50;14;84;5.60;7;2;1;69;0;5341484;563;0
147;18;336;14;50;14;99;3.40;6;2;1;67;0;5341499;166;5340799
147;18;336;14;50;14;99;3.80;5;2;1;81;0;5341499;369;0
147;18;336;14;50;15;99;3.80;7;2;1;78;0;5341599;85;0
147;18;336;14;50;15;99;3.80;3;1;1;76;0;5341599;283;0
147;18;336;14;50;15;10;4.00;4;1;1;76;0;5341510;82;0
147;18;336;14;50;17;99;3.80;3;1;1;97;0;5341799;182;0
147;18;336;14;50;16;78;1.00;7;2;1;1;1;5341678;61;0
147;18;336;14;50;18;19;3.20;2;1;1;72;0;5341819;921;0
147;18;336;14;50;18;21;3.40;6;2;1;73;0;5341821;303;0
147;18;336;14;50;18;0;8.80;5;2;6;83;0;5341800;284;0
147;18;336;14;50;19;99;3.80;4;1;1;77;0;5341999;470;0
147;18;336;14;50;19;99;3.40;2;1;1;70;0;5341999;164;0
147;18;336;14;50;20;17;3.60;6;2;1;75;0;5342017;179;0
147;18;336;14;50;21;42;3.60;6;2;1;81;0;5342142;107;0
147;18;336;14;50;21;51;3.40;5;2;1;87;0;5342151;312;0
147;18;336;14;50;22;14;3.20;2;1;1;70;0;5342214;197;0
147;18;336;14;50;22;99;3.00;3;1;1;79;0;5342299;485;0
147;18;336;14;50;23;5;3.80;7;2;1;78;0;5342305;688;0
147;18;336;14;50;24;11;3.80;1;1;1;78;0;5342411;4494;0
147;18;336;14;50;24;99;3.40;6;2;1;78;0;5342499;341;0
147;18;336;14;50;26;25;3.40;3;1;1;70;0;5342625;312;0
147;18;336;14;50;26;60;3.20;2;1;1;79;0;5342660;429;0
147;18;336;14;50;26;84;3.00;6;2;1;77;0;5342684;169;0
147;18;336;14;50;27;10;3.40;5;2;1;80;0;5342710;544;0
147;18;336;14;50;27;99;4.40;8;2;1;85;0;5342799;1783;0
147;18;336;14;50;27;99;3.60;3;1;1;70;0;5342799;156;0
147;18;336;14;50;27;99;3.60;5;2;1;79;0;5342799;73;0
147;18;336;14;50;28;0;3.80;6;2;1;79;0;5342800;101;0
147;18;336;14;50;29;15;3.80;5;2;1;84;0;5342915;99;0
147;18;336;14;50;29;83;3.60;3;1;1;72;0;5342983;165;0
147;18;336;14;50;29;99;3.80;2;1;1;88;0;5342999;324;0
147;18;336;14;50;30;18;3.60;1;1;1;79;0;5343018;589;0
147;18;336;14;50;31;26;4.00;5;2;1;97;0;5343126;194;0
147;18;336;14;50;31;99;8.20;3;1;6;72;0;5343199;198;0
147;18;336;14;50;32;99;3.40;4;1;1;77;0;5343299;1282;0
147;18;336;14;50;33;99;3.20;3;1;1;73;0;5343399;159;5342625
147;18;336;14;50;34;33;3.20;6;2;1;88;0;5343433;615;0
147;18;336;14;50;34;93;3.20;3;1;1;78;0;5343493;78;5342625
147;18;336;14;50;35;27;3.60;7;2;1;87;0;5343527;1204;0
147;18;336;14;50;36;2;3.60;6;2;1;79;0;5343602;155;0
147;18;336;14;50;36;24;3.40;3;1;1;78;0;5343624;116;5342625
147;18;336;14;50;36;51;5.20;2;1;1;81;0;5343651;636;0
147;18;336;14;50;38;7;3.80;3;1;1;76;0;5343807;167;5342625
147;18;336;14;50;38;99;4.20;1;1;1;87;0;5343899;864;0
147;18;336;14;50;39;22;3.60;6;2;1;79;0;5343922;303;0
147;18;336;14;50;39;49;3.40;8;2;1;80;0;5343949;1131;0
147;18;336;14;50;40;25;3.60;5;2;1;85;0;5344025;884;0
147;18;336;14;50;40;99;3.40;6;2;1;72;0;5344099;160;0
147;18;336;14;50;41;99;3.60;3;1;1;79;0;5344199;374;0
147;18;336;14;50;41;20;5.00;5;2;1;80;0;5344120;79;0
147;18;336;14;50;42;2;3.40;2;1;1;74;0;5344202;527;0
147;18;336;14;50;42;97;4.60;3;1;1;78;0;5344297;81;0
147;18;336;14;50;42;99;3.60;4;1;1;81;0;5344299;984;0
147;18;336;14;50;43;1;3.40;7;2;1;76;0;5344301;759;0
147;18;336;14;50;44;2;4.00;3;1;1;82;0;5344402;83;0
147;18;336;14;50;45;7;6.00;2;1;1;73;0;5344507;288;0
147;18;336;14;50;46;99;3.40;2;1;1;73;0;5344699;162;0
147;18;336;14;50;46;2;3.60;6;2;1;82;0;5344602;486;0
147;18;336;14;50;46;15;3.80;4;1;1;85;0;5344615;300;0
147;18;336;14;50;47;20;3.60;3;1;1;78;0;5344720;300;0
147;18;336;14;50;47;90;3.40;2;1;1;73;0;5344790;74;0
147;18;336;14;50;47;99;3.40;5;2;1;79;0;5344799;656;0
147;18;336;14;50;48;8;3.60;6;2;1;72;0;5344808;190;0
147;18;336;14;50;48;99;4.40;6;2;1;85;0;5344899;73;0
147;18;336;14;50;49;15;3.60;2;1;1;80;0;5344915;108;0
147;18;336;14;50;49;13;4.40;7;2;1;78;0;5344913;595;0
147;18;336;14;50;50;7;3.20;4;1;1;84;0;5345007;375;0
147;18;336;14;50;50;13;3.40;6;2;1;73;0;5345013;95;0
147;18;336;14;50;50;99;4.00;2;1;1;75;0;5345099;167;5344507
147;18;336;14;50;50;99;3.40;5;2;1;85;0;5345099;284;0
147;18;336;14;50;50;99;3.60;3;1;1;77;0;5345099;362;0
147;18;336;14;50;51;5;3.40;6;2;1;78;0;5345105;75;5344602
147;18;336;14;50;51;99;3.60;7;2;1;77;0;5345199;265;0
147;18;336;14;50;52;85;3.40;2;1;1;78;0;5345285;166;5344507
147;18;336;14;50;52;93;3.80;7;2;1;78;0;5345293;77;5344507
147;18;336;14;50;52;99;4.00;4;1;1;82;0;5345299;278;0
147;18;336;14;50;52;99;3.20;6;2;1;69;0;5345299;178;5344602
147;18;336;14;50;53;99;3.00;3;1;1;74;0;5345399;283;0
147;18;336;14;50;53;99;3.60;5;2;1;82;0;5345399;285;0
147;18;336;14;50;53;99;3.20;6;2;1;70;0;5345399;83;5344602
147;18;336;14;50;53;99;4.60;7;2;1;83;0;5345399;88;5344602
147;18;336;14;50;53;99;3.60;4;1;1;82;0;5345399;82;5344602
147;18;336;14;50;54;16;3.40;1;1;1;86;0;5345416;1499;0
147;18;336;14;50;54;15;4.00;7;2;1;79;0;5345415;-1;0
147;18;336;14;50;54;11;3.20;2;1;1;78;0;5345411;110;5344507
147;18;336;14;50;55;99;4.20;7;2;1;77;0;5345599;165;5345199
147;18;336;14;50;55;99;3.60;5;2;1;78;0;5345599;184;5345199
147;18;336;14;50;55;99;3.80;1;1;1;80;0;5345599;168;5345199
147;18;336;14;50;57;45;4.20;7;2;1;61;0;5345745;126;5345199
147;18;336;14;50;58;99;3.40;1;1;1;87;0;5345899;282;0
147;18;336;14;50;59;17;4.20;3;1;1;86;0;5345917;503;0
147;18;336;14;50;59;51;4.00;1;1;1;70;0;5345951;37;0
147;18;336;14;51;0;99;3.60;2;1;1;79;0;5346099;673;0
147;18;336;14;51;0;99;3.80;3;1;1;74;0;5346099;164;0
147;18;336;14;51;1;99;3.40;4;1;1;82;0;5346199;784;0
147;18;336;14;51;1;99;3.80;3;1;1;74;0;5346199;81;0
147;18;336;14;51;2;61;4.40;6;2;1;87;0;5346261;845;0
147;18;336;14;51;2;76;3.60;3;1;1;73;0;5346276;58;0
147;18;336;14;51;2;99;3.60;4;1;1;80;0;5346299;85;0
147;18;336;14;51;3;99;3.40;4;1;1;81;0;5346399;83;0
147;18;336;14;51;3;99;3.60;2;1;1;74;0;5346399;283;0
147;18;336;14;51;5;99;3.20;4;1;1;80;0;5346599;184;0
147;18;336;14;51;6;99;3.40;2;1;1;71;0;5346699;282;0
147;18;336;14;51;7;21;3.40;6;2;1;79;0;5346721;441;0
147;18;336;14;51;7;66;3.40;2;1;1;72;0;5346766;49;0
147;18;336;14;51;8;99;3.60;6;2;1;78;0;5346899;162;0
147;18;336;14;51;8;99;3.60;3;1;1;76;0;5346899;605;0
147;18;336;14;51;8;99;3.60;1;1;1;74;0;5346899;927;0
147;18;336;14;51;8;99;3.80;2;1;1;68;0;5346899;116;0
147;18;336;14;51;9;99;3.40;6;2;1;78;0;5346999;83;0
147;18;336;14;51;10;6;3.80;3;1;1;76;0;5347006;89;0
147;18;336;14;51;10;83;4.40;4;1;1;91;0;5347083;469;0
147;18;336;14;51;10;96;3.60;5;2;1;83;0;5347096;1480;0
147;18;336;14;51;10;99;3.60;2;1;1;67;0;5347099;179;0
147;18;336;14;51;11;99;3.00;2;1;1;66;0;5347199;80;5346699
147;18;336;14;51;12;14;3.40;5;2;1;89;0;5347214;102;5346699
147;18;336;14;51;12;60;3.60;3;1;1;76;0;5347260;236;0
147;18;336;14;51;12;51;3.60;2;1;1;65;0;5347251;35;5346699
147;18;336;14;51;12;85;3.40;6;2;1;70;0;5347285;270;0
147;18;336;14;51;13;19;3.60;5;2;1;83;0;5347319;91;0
147;18;336;14;51;13;19;3.80;4;1;1;82;0;5347319;218;0
147;18;336;14;51;13;99;3.60;2;1;1;64;0;5347399;128;5346699
147;18;336;14;51;14;13;3.20;6;2;1;72;0;5347413;110;5346699
147;18;336;14;51;14;99;3.60;2;1;1;67;0;5347499;79;5346699
147;18;336;14;51;14;99;6.40;7;2;1;78;0;5347499;1729;0
147;18;336;14;51;14;11;3.60;5;2;1;85;0;5347411;76;0
147;18;336;14;51;15;27;3.40;4;1;1;79;0;5347527;191;0
147;18;336;14;51;15;59;3.60;3;1;1;74;0;5347559;281;0
147;18;336;14;51;15;59;3.60;2;1;1;68;0;5347559;40;5346699
147;18;336;14;51;15;97;4.80;7;2;1;76;0;5347597;68;5346699
147;18;336;14;51;16;99;3.00;3;1;1;73;0;5347699;122;5346699
147;18;336;14;51;16;99;3.40;6;2;1;77;0;5347699;270;0
147;18;336;14;51;16;99;3.80;2;1;1;70;0;5347699;120;5346699
147;18;336;14;51;17;3;3.80;7;2;1;78;0;5347703;83;5346699
147;18;336;14;51;17;51;3.40;2;1;1;71;0;5347751;32;5346699
147;18;336;14;51;17;72;3.60;6;2;1;76;0;5347772;57;5346699
147;18;336;14;51;18;99;4.00;2;1;1;71;0;5347899;130;5346699
147;18;336;14;51;19;22;3.40;5;2;1;79;0;5347922;495;0
147;18;336;14;51;19;99;3.40;6;2;1;74;0;5347999;209;0
147;18;336;14;51;19;10;3.20;7;2;1;82;0;5347910;189;0
147;18;336;14;51;19;19;3.60;4;1;1;85;0;5347919;376;0
147;18;336;14;51;20;8;3.20;2;1;1;69;0;5348008;88;5346699
147;18;336;14;51;20;99;3.60;1;1;1;75;0;5348099;1182;0
147;18;336;14;51;21;99;3.20;7;2;1;81;0;5348199;274;0
147;18;336;14;51;22;9;3.60;3;1;1;77;0;5348209;495;0
147;18;336;14;51;23;99;3.60;2;1;1;80;0;5348399;374;0
147;18;336;14;51;23;99;3.80;6;2;1;78;0;5348399;383;0
147;18;336;14;51;24;99;3.60;3;1;1;76;0;5348499;273;0
147;18;336;14;51;25;77;3.40;4;1;1;86;0;5348577;642;0
147;18;336;14;51;25;91;3.40;2;1;1;77;0;5348591;175;0
147;18;336;14;51;27;99;3.20;3;1;1;79;0;5348799;282;0
147;18;336;14;51;28;8;3.20;4;1;1;86;0;5348808;216;0
147;18;336;14;51;28;4;3.80;6;2;1;76;0;5348804;387;0
147;18;336;14;51;28;98;3.40;2;1;1;77;0;5348898;291;0
147;18;336;14;51;29;99;3.40;3;1;1;77;0;5348999;185;0
147;18;336;14;51;29;99;3.60;6;2;1;76;0;5348999;177;0
147;18;336;14;51;30;12;3.60;5;2;1;86;0;5349012;1074;0
147;18;336;14;51;30;60;4.60;6;2;1;76;0;5349060;43;0
147;18;336;14;51;31;2;3.60;7;2;1;74;0;5349102;888;0
147;18;336;14;51;31;99;4.00;5;2;1;88;0;5349199;171;0
147;18;336;14;51;32;14;3.80;7;2;1;75;0;5349214;94;0
147;18;336;14;51;32;99;3.60;2;1;1;81;0;5349299;385;0
147;18;336;14;51;33;92;3.60;3;1;1;73;0;5349392;377;0
147;18;336;14;51;34;99;4.40;7;2;1;78;0;5349499;266;0
147;18;336;14;51;35;7;3.60;3;1;1;74;0;5349507;97;0
147;18;336;14;51;35;22;3.60;6;2;1;81;0;5349522;440;0
147;18;336;14;51;35;64;3.20;7;2;1;77;0;5349564;44;0
147;18;336;14;51;35;72;3.60;2;1;1;76;0;5349572;257;0
147;18;336;14;51;36;99;3.60;3;1;1;73;0;5349699;174;0
147;18;336;14;51;38;62;3.20;2;1;1;79;0;5349862;272;0
147;18;336;14;51;38;76;3.80;4;1;1;78;0;5349876;1054;0
147;18;336;14;51;39;99;3.00;6;2;1;82;0;5349999;461;0
147;18;336;14;51;41;99;3.60;6;2;1;76;0;5350199;186;0
147;18;336;14;51;42;99;3.60;6;2;1;81;0;5350299;82;0
147;18;336;14;51;44;99;3.20;6;2;1;76;0;5350499;184;0
147;18;336;14;51;45;5;3.80;5;2;1;80;0;5350505;1289;0
147;18;336;14;51;45;30;3.60;3;1;1;75;0;5350530;813;0
147;18;336;14;51;46;99;3.00;6;2;1;74;0;5350699;184;5349999
147;18;336;14;51;46;99;3.20;3;1;1;77;0;5350699;151;5349999
147;18;336;14;51;47;1;3.60;2;1;1;77;0;5350701;824;0
147;18;336;14;51;47;5;3.80;5;2;1;80;0;5350705;182;0
147;18;336;14;51;47;99;3.40;4;1;1;80;0;5350799;905;0
147;18;336;14;51;48;73;2.80;2;1;1;73;0;5350873;155;0
147;18;336;14;51;48;99;3.80;1;1;1;84;0;5350899;2782;0
147;18;336;14;51;49;99;3.20;2;1;1;72;0;5350999;112;0
147;18;336;14;51;49;99;3.80;5;2;1;83;0;5350999;276;0
147;18;336;14;51;49;99;3.40;6;2;1;77;0;5350999;285;0
147;18;336;14;51;50;99;3.80;2;1;1;78;0;5351099;84;0
147;18;336;14;51;50;19;3.80;4;1;1;85;0;5351019;204;0
147;18;336;14;51;51;6;3.00;2;1;1;82;0;5351106;-1;5350701
147;18;336;14;51;51;97;3.60;7;2;1;82;0;5351197;1618;0
147;18;336;14;51;52;24;3.60;2;1;1;78;0;5351224;104;5350701
147;18;336;14;51;52;99;3.40;6;2;1;77;0;5351299;284;0
147;18;336;14;51;52;99;15.20;3;1;4;78;0;5351299;585;0
147;18;336;14;51;53;3;3.60;8;2;1;78;0;5351303;7338;0
147;18;336;14;51;53;52;3.20;3;1;1;76;0;5351352;-1;0
147;18;336;14;51;53;74;3.60;4;1;1;92;0;5351374;338;0
147;18;336;14;51;53;81;3.60;8;2;1;80;0;5351381;61;0
147;18;336;14;51;54;99;3.20;5;2;1;81;0;5351499;483;0
147;18;336;14;51;54;99;3.40;7;2;1;81;0;5351499;286;0
147;18;336;14;51;55;12;3.20;3;1;1;76;0;5351512;144;0
147;18;336;14;51;55;4;5.80;2;1;1;78;0;5351504;263;0
147;18;336;14;51;56;16;3.40;7;2;1;80;0;5351616;101;0
147;18;336;14;51;56;91;3.60;2;1;1;78;0;5351691;160;0
147;18;336;14;51;57;99;3.20;2;1;1;76;0;5351799;91;0
147;18;336;14;51;58;31;3.40;3;1;1;79;0;5351831;303;0
147;18;336;14;51;59;1;3.20;6;2;1;84;0;5351901;586;0
147;18;336;14;51;58;80;3.00;2;1;1;75;0;5351880;65;0
147;18;336;14;51;59;3;3.80;7;2;1;79;0;5351903;271;0
147;18;336;14;52;0;99;3.60;6;2;1;80;0;5352099;184;0
147;18;336;14;52;0;99;3.20;2;1;1;79;0;5352099;204;0
147;18;336;14;52;1;65;3.60;6;2;1;74;0;5352165;49;0
147;18;336;14;52;1;99;3.60;2;1;1;79;0;5352199;85;0
147;18;336;14;52;2;19;3.60;5;2;1;78;0;5352219;705;0
147;18;336;14;52;2;99;3.80;6;2;1;76;0;5352299;116;0
147;18;336;14;52;4;0;3.20;2;1;1;78;0;5352400;184;0
147;18;336;14;52;4;99;3.20;8;2;1;75;0;5352499;1101;0
147;18;336;14;52;4;99;3.40;3;1;1;77;0;5352499;652;0
147;18;336;14;52;4;99;3.40;2;1;1;75;0;5352499;84;0
147;18;336;14;52;5;99;4.20;5;2;1;80;0;5352599;363;0
147;18;336;14;52;6;2;3.20;3;1;1;80;0;5352602;87;0
147;18;336;14;52;6;94;3.60;2;1;1;72;0;5352694;178;5352099
147;18;336;14;52;6;99;3.80;6;2;1;75;0;5352699;382;0
147;18;336;14;52;7;8;3.80;8;2;1;83;0;5352708;193;0
147;18;336;14;52;7;99;3.40;2;1;1;71;0;5352799;87;5352099
147;18;336;14;52;7;99;3.00;3;1;1;75;0;5352799;182;5352099
147;18;336;14;52;8;15;3.60;5;2;1;82;0;5352815;197;5352099
147;18;336;14;52;9;1;3.80;5;2;1;81;0;5352901;70;5352099
147;18;336;14;52;9;18;3.20;3;1;1;81;0;5352918;104;5352099
147;18;336;14;52;9;90;3.40;6;2;1;72;0;5352990;272;0
147;18;336;14;52;9;99;3.60;2;1;1;76;0;5352999;182;5352099
147;18;336;14;52;10;8;3.80;3;1;1;81;0;5353008;75;5352499
147;18;336;14;52;10;99;3.60;6;2;1;74;0;5353099;92;5352499
147;18;336;14;52;10;99;5.20;2;1;1;91;0;5353099;82;5352099
147;18;336;14;52;11;48;3.60;3;1;1;79;0;5353148;123;5352499
147;18;336;14;52;12;99;3.20;6;2;1;84;0;5353299;182;5352499
147;18;336;14;52;12;99;3.20;7;2;1;75;0;5353299;1378;0
147;18;336;14;52;13;4;3.60;8;2;1;79;0;5353304;579;0
147;18;336;14;52;15;26;3.40;5;2;1;80;0;5353526;608;0
147;18;336;14;52;15;99;3.40;8;2;1;79;0;5353599;278;0
147;18;336;14;52;16;8;4.00;5;2;1;81;0;5353608;66;0
147;18;336;14;52;17;99;3.60;6;2;1;76;0;5353799;486;0
147;18;336;14;52;17;99;3.40;1;1;1;70;0;5353799;2883;0
147;18;336;14;52;17;99;3.40;3;1;1;77;0;5353799;634;0
147;18;336;14;52;18;99;3.60;5;2;1;83;0;5353899;273;0
147;18;336;14;52;19;84;3.60;7;2;1;83;0;5353984;669;0
147;18;336;14;52;19;99;3.00;6;2;1;77;0;5353999;182;0
147;18;336;14;52;20;99;3.80;3;1;1;81;0;5354099;284;0
147;18;336;14;52;21;50;3.60;4;1;1;80;0;5354150;2761;0
147;18;336;14;52;21;53;3.80;6;2;1;82;0;5354153;139;0
147;18;336;14;52;21;69;3.00;3;1;1;75;0;5354169;53;0
147;18;336;14;52;22;99;3.40;2;1;1;84;0;5354299;1179;0
147;18;336;14;52;23;99;3.60;6;2;1;80;0;5354399;229;0
147;18;336;14;52;23;99;3.40;4;1;1;82;0;5354399;232;0
147;18;336;14;52;23;2;3.40;3;1;1;74;0;5354302;118;0
147;18;336;14;52;23;13;3.40;2;1;1;79;0;5354313;-1;0
147;18;336;14;52;25;99;3.40;8;2;1;81;0;5354599;984;0
147;18;336;14;52;25;99;3.80;1;1;1;82;0;5354599;782;0
147;18;336;14;52;26;21;3.20;4;1;1;84;0;5354621;207;0
147;18;336;14;52;26;50;3.40;3;1;1;77;0;5354650;331;0
147;18;336;14;52;27;99;3.80;8;2;1;80;0;5354799;184;0
147;18;336;14;52;29;56;3.60;1;1;1;77;0;5354956;340;0
147;18;336;14;52;29;65;4.60;5;2;1;90;0;5354965;1050;0
147;18;336;14;52;30;8;3.80;3;1;1;81;0;5355008;342;0
147;18;336;14;52;30;99;3.80;6;2;1;80;0;5355099;683;0
147;18;336;14;52;31;99;4.00;3;1;1;80;0;5355199;174;0
147;18;336;14;52;31;47;3.20;2;1;1;69;0;5355147;818;0
147;18;336;14;52;32;25;3.60;6;2;1;84;0;5355225;108;0
147;18;336;14;52;32;27;3.20;5;2;1;85;0;5355227;243;0
147;18;336;14;52;32;99;3.80;2;1;1;69;0;5355299;135;0
147;18;336;14;52;33;99;3.40;3;1;1;77;0;5355399;182;0
147;18;336;14;52;34;68;4.00;2;1;1;70;0;5355468;149;0
147;18;336;14;52;35;99;8.40;6;2;6;76;0;5355599;358;0
147;18;336;14;52;35;99;3.20;1;1;1;69;0;5355599;626;0
147;18;336;14;52;36;99;3.20;4;1;1;75;0;5355699;1064;0
147;18;336;14;52;36;99;3.20;2;1;1;68;0;5355699;210;0
147;18;336;14;52;37;99;4.00;5;2;1;81;0;5355799;558;0
147;18;336;14;52;38;99;3.20;1;1;1;68;0;5355899;283;0
147;18;336;14;52;38;99;3.40;6;2;1;73;0;5355899;260;0
147;18;336;14;52;39;13;3.80;5;2;1;82;0;5355913;96;0
147;18;336;14;52;40;14;3.20;5;2;1;84;0;5356014;84;0
147;18;336;14;52;39;47;10.60;6;2;2;75;0;5355947;31;0
147;18;336;14;52;40;99;3.40;2;1;1;70;0;5356099;383;0
147;18;336;14;52;40;99;3.40;6;2;1;71;0;5356099;101;0
147;18;336;14;52;41;22;3.40;4;1;1;79;0;5356122;407;0
147;18;336;14;52;41;99;3.20;5;2;1;80;0;5356199;171;0
147;18;336;14;52;42;56;3.20;3;1;1;69;0;5356256;841;0
147;18;336;14;52;42;60;3.80;1;1;1;72;0;5356260;344;0
147;18;336;14;52;42;84;3.20;5;2;1;81;0;5356284;70;5355799
147;18;336;14;52;42;78;3.40;6;2;1;71;0;5356278;161;5355799
147;18;336;14;52;42;99;4.20;2;1;1;61;0;5356299;182;5355799
147;18;336;14;52;43;1;3.40;7;2;1;73;0;5356301;2301;0
147;18;336;14;52;43;17;3.60;5;2;1;79;0;5356317;18;5355799
147;18;336;14;52;44;12;3.80;5;2;1;77;0;5356412;78;5355799
147;18;336;14;52;44;99;3.40;3;1;1;67;0;5356499;226;0
147;18;336;14;52;44;52;3.60;2;1;1;76;0;5356452;128;0
147;18;336;14;52;45;99;3.40;7;2;1;79;0;5356599;281;0
147;18;336;14;52;45;99;3.60;2;1;1;74;0;5356599;129;0
147;18;336;14;52;46;3;4.00;7;2;1;75;0;5356603;-1;0
147;18;336;14;52;47;0;3.60;6;2;1;75;0;5356700;404;0
147;18;336;14;52;47;70;3.20;5;2;1;78;0;5356770;340;0
147;18;336;14;52;47;99;2.80;6;2;1;73;0;5356799;81;0
147;18;336;14;52;47;99;3.60;3;1;1;69;0;5356799;281;0
147;18;336;14;52;49;99;3.40;1;1;1;66;0;5356999;720;0
147;18;336;14;52;50;99;3.60;3;1;1;67;0;5357099;281;0
147;18;336;14;52;51;3;3.60;4;1;1;79;0;5357103;965;0
147;18;336;14;52;51;99;3.60;3;1;1;65;0;5357199;80;0
147;18;336;14;52;51;99;4.00;4;1;1;80;0;5357199;79;0
147;18;336;14;52;52;46;4.00;4;1;1;77;0;5357246;29;0
147;18;336;14;52;52;89;3.40;2;1;1;69;0;5357289;672;0
147;18;336;14;52;53;99;3.80;6;2;1;82;0;5357399;586;0
147;18;336;14;52;53;99;3.20;1;1;1;81;0;5357399;381;0
147;18;336;14;52;54;44;3.00;1;1;1;82;0;5357444;30;0
147;18;336;14;52;54;42;3.40;6;2;1;79;0;5357442;26;0
147;18;336;14;52;55;1;4.00;3;1;1;79;0;5357501;282;0
147;18;336;14;52;55;99;3.00;2;1;1;70;0;5357599;292;0
147;18;336;14;52;56;14;3.40;3;1;1;75;0;5357614;94;0
147;18;336;14;52;57;5;3.40;6;2;1;79;0;5357705;247;0
147;18;336;14;52;57;38;3.20;3;1;1;76;0;5357738;107;0
147;18;336;14;52;58;7;3.80;2;1;1;77;0;5357807;192;0
147;18;336;14;52;58;99;3.40;7;2;1;88;0;5357899;1276;0
147;18;336;14;53;0;21;3.00;3;1;1;75;0;5358021;267;0
147;18;336;14;53;0;84;3.40;2;1;1;74;0;5358084;259;0
147;18;336;14;53;1;99;4.60;2;1;1;79;0;5358199;98;0
147;18;336;14;53;1;99;4.60;1;1;1;81;0;5358199;741;0
147;18;336;14;53;2;18;4.60;8;2;1;78;0;5358218;3401;0
147;18;336;14;53;2;39;3.80;3;1;1;80;0;5358239;203;0
147;18;336;14;53;3;20;3.60;6;2;1;78;0;5358320;599;0
147;18;336;14;53;3;99;3.00;2;1;1;77;0;5358399;179;0
147;18;336;14;53;5;10;3.60;2;1;1;74;0;5358510;96;0
147;18;336;14;53;5;61;3.20;4;1;1;81;0;5358561;1296;0
147;18;336;14;53;6;99;3.60;3;1;1;77;0;5358699;442;0
147;18;336;14;53;7;99;3.80;2;1;1;75;0;5358799;271;0
147;18;336;14;53;7;92;16.00;4;1;4;82;0;5358792;216;0
147;18;336;14;53;8;99;3.80;2;1;1;75;0;5358899;81;0
147;18;336;14;53;9;99;3.60;1;1;1;83;0;5358999;779;0
147;18;336;14;53;9;2;3.80;7;2;1;78;0;5358902;989;0
147;18;336;14;53;9;11;3.00;2;1;1;74;0;5358911;-1;0
147;18;336;14;53;10;22;3.60;5;2;1;81;0;5359022;2237;0
147;18;336;14;53;10;44;3.20;3;1;1;75;0;5359044;328;0
147;18;336;14;53;12;3;3.60;6;2;1;78;0;5359203;866;0
147;18;336;14;53;12;17;3.80;5;2;1;79;0;5359217;179;0
147;18;336;14;53;12;99;4.00;3;1;1;76;0;5359299;239;0
147;18;336;14;53;12;12;4.20;4;1;1;86;0;5359212;349;0
147;18;336;14;53;12;52;3.00;2;1;1;82;0;5359252;326;0
147;18;336;14;53;14;99;4.00;6;2;1;76;0;5359499;279;0
147;18;336;14;53;14;99;5.60;2;1;1;65;0;5359499;233;0
147;18;336;14;53;15;41;3.40;8;2;1;81;0;5359541;1301;0
147;18;336;14;53;15;58;3.60;6;2;1;78;0;5359558;40;0
147;18;336;14;53;15;70;3.40;5;2;1;87;0;5359570;335;0
147;18;336;14;53;15;98;4.60;2;1;1;66;0;5359598;67;0
147;18;336;14;53;16;99;5.00;3;1;1;76;0;5359699;381;0
147;18;336;14;53;17;14;3.80;1;1;1;85;0;5359714;699;0
147;18;336;14;53;17;99;3.80;2;1;1;64;0;5359799;175;0
147;18;336;14;53;17;2;2.80;7;2;1;80;0;5359702;782;0
147;18;336;14;53;18;81;3.80;1;1;1;80;0;5359881;150;0
147;18;336;14;53;18;69;3.00;2;1;1;63;0;5359869;48;0
147;18;336;14;53;18;99;3.80;4;1;1;80;0;5359899;669;0
147;18;336;14;53;19;99;3.40;2;1;1;60;0;5359999;112;5359499
147;18;336;14;53;19;99;4.40;7;2;1;85;0;5359999;284;0
147;18;336;14;53;19;99;3.80;3;1;1;72;0;5359999;276;0
147;18;336;14;53;20;27;3.60;2;1;1;65;0;5360027;7;5359499
147;18;336;14;53;21;24;3.40;1;1;1;85;0;5360124;225;0
147;18;336;14;53;21;99;4.60;3;1;1;75;0;5360199;181;0
147;18;336;14;53;21;99;3.40;6;2;1;82;0;5360199;624;0
147;18;336;14;53;21;99;3.60;2;1;1;69;0;5360199;152;5359499
147;18;336;14;53;23;83;3.00;2;1;1;70;0;5360383;165;5359499
147;18;336;14;53;23;99;3.20;6;2;1;72;0;5360399;185;5359499
147;18;336;14;53;24;99;3.40;7;2;1;80;0;5360499;481;0
147;18;336;14;53;24;99;3.20;5;2;1;82;0;5360499;914;0
147;18;336;14;53;24;99;3.60;2;1;1;68;0;5360499;100;5359499
147;18;336;14;53;25;14;3.80;1;1;1;83;0;5360514;375;0
147;18;336;14;53;25;37;3.60;2;1;1;68;0;5360537;18;5359499
147;18;336;14;53;25;63;3.00;3;1;1;75;0;5360563;341;0
147;18;336;14;53;26;99;3.40;6;2;1;74;0;5360699;284;0
147;18;336;14;53;26;99;3.20;2;1;1;63;0;5360699;142;5359499
147;18;336;14;53;27;99;3.80;3;1;1;74;0;5360799;221;0
147;18;336;14;53;28;99;4.20;2;1;1;74;0;5360899;181;5359499
147;18;336;14;53;28;99;3.80;6;2;1;76;0;5360899;183;5359499
147;18;336;14;53;30;20;4.40;2;1;1;65;0;5361020;100;5359499
147;18;336;14;53;30;55;3.80;7;2;1;85;0;5361055;540;0
147;18;336;14;53;31;1;3.20;3;1;1;74;0;5361101;283;0
147;18;336;14;53;31;99;3.80;7;2;1;88;0;5361199;127;0
147;18;336;14;53;32;14;3.60;6;2;1;75;0;5361214;297;0
147;18;336;14;53;32;99;3.20;3;1;1;77;0;5361299;182;0
147;18;336;14;53;32;99;3.60;2;1;1;68;0;5361299;254;0
147;18;336;14;53;33;10;3.60;6;2;1;77;0;5361310;78;0
147;18;336;14;53;33;99;3.60;2;1;1;69;0;5361399;80;0
147;18;336;14;53;34;99;3.40;1;1;1;78;0;5361499;968;0
147;18;336;14;53;34;99;3.20;6;2;1;77;0;5361499;172;0
147;18;336;14;53;34;99;3.40;2;1;1;69;0;5361499;81;0
147;18;336;14;53;35;18;2.80;3;1;1;65;0;5361518;204;0
147;18;336;14;53;35;99;3.80;6;2;1;77;0;5361599;85;0
147;18;336;14;53;35;28;3.40;5;2;1;83;0;5361528;1014;0
147;18;336;14;53;36;28;3.20;5;2;1;84;0;5361628;85;0
147;18;336;14;53;36;8;4.40;3;1;1;67;0;5361608;74;0
147;18;336;14;53;36;99;3.40;4;1;1;76;0;5361699;1782;0
147;18;336;14;53;37;14;3.80;7;2;1;79;0;5361714;499;0
147;18;336;14;53;37;99;3.80;7;2;1;77;0;5361799;67;0
147;18;336;14;53;38;0;3.60;6;2;1;83;0;5361800;183;5361214
147;18;336;14;53;38;30;3.60;3;1;1;76;0;5361830;198;5361214
147;18;336;14;53;38;37;3.00;2;1;1;63;0;5361837;320;0
147;18;336;14;53;38;61;4.60;4;1;1;82;0;5361861;145;0
147;18;336;14;53;39;99;3.80;1;1;1;77;0;5361999;484;0
147;18;336;14;53;39;99;3.60;2;1;1;64;0;5361999;144;0
147;18;336;14;53;40;99;3.60;4;1;1;82;0;5362099;217;0
147;18;336;14;53;40;99;3.40;2;1;1;66;0;5362099;79;0
147;18;336;14;53;41;59;3.40;3;1;1;65;0;5362159;311;0
147;18;336;14;53;41;99;3.00;2;1;1;62;0;5362199;81;0
147;18;336;14;53;43;2;3.40;6;2;1;69;0;5362302;486;0
147;18;336;14;53;43;2;3.80;3;1;1;65;0;5362302;124;0
147;18;336;14;53;43;44;3.60;7;2;1;76;0;5362344;527;0
147;18;336;14;53;44;99;3.40;6;2;1;72;0;5362499;179;0
147;18;336;14;53;44;99;3.60;5;2;1;80;0;5362499;857;0
147;18;336;14;53;44;99;3.80;7;2;1;78;0;5362499;137;0
147;18;336;14;53;44;99;4.20;8;2;1;75;0;5362499;2942;0
147;18;336;14;53;44;99;14.60;3;1;4;69;0;5362499;175;0
147;18;336;14;53;45;8;3.20;2;1;1;77;0;5362508;291;0
147;18;336;14;53;45;99;11.80;5;2;2;81;0;5362599;83;0
147;18;336;14;53;46;99;3.00;6;2;1;76;0;5362699;183;0
147;18;336;14;53;46;99;3.40;3;1;1;77;0;5362699;123;0
147;18;336;14;53;46;99;4.20;8;2;1;83;0;5362699;179;0
147;18;336;14;53;48;30;4.20;8;2;1;80;0;5362830;112;0
147;18;336;14;53;48;45;3.20;1;1;1;72;0;5362845;828;0
147;18;336;14;53;49;99;3.60;6;2;1;76;0;5362999;285;0
147;18;336;14;53;50;20;4.00;2;1;1;82;0;5363020;497;0
147;18;336;14;53;50;99;3.80;1;1;1;69;0;5363099;238;0
147;18;336;14;53;50;99;3.60;5;2;1;87;0;5363099;447;0
147;18;336;14;53;52;2;3.80;5;2;1;89;0;5363202;88;0
147;18;336;14;53;52;99;3.20;1;1;1;70;0;5363299;180;0
147;18;336;14;53;52;99;3.60;6;2;1;76;0;5363299;282;0
147;18;336;14;53;53;14;4.00;4;1;1;81;0;5363314;1199;0
147;18;336;14;53;54;99;3.80;7;2;1;83;0;5363499;982;0
147;18;336;14;53;55;14;3.60;4;1;1;82;0;5363514;182;0
147;18;336;14;53;55;99;3.00;1;1;1;69;0;5363599;283;0
147;18;336;14;53;56;76;3.40;2;1;1;84;0;5363676;638;0
147;18;336;14;53;57;99;3.00;6;2;1;74;0;5363799;482;0
147;18;336;14;53;57;99;3.40;3;1;1;94;0;5363799;1084;0
147;18;336;14;53;57;99;3.80;5;2;1;78;0;5363799;581;0
147;18;336;14;53;59;4;3.40;3;1;1;91;0;5363904;91;0
147;18;336;14;53;59;95;3.20;2;1;1;78;0;5363995;304;0
147;18;336;14;53;59;99;4.00;5;2;1;85;0;5363999;182;0
147;18;336;14;54;0;15;3.20;6;2;1;77;0;5364015;201;0
147;18;336;14;54;1;84;3.00;6;2;1;78;0;5364184;154;0
147;18;336;14;54;1;81;4.00;2;1;1;81;0;5364181;171;0
147;18;336;14;54;2;99;3.40;5;2;1;84;0;5364299;283;0
147;18;336;14;54;3;99;4.00;5;2;1;83;0;5364399;85;0
147;18;336;14;54;3;99;3.60;6;2;1;76;0;5364399;201;0
147;18;336;14;54;4;99;4.40;1;1;1;78;0;5364499;884;0
147;18;336;14;54;4;99;4.20;4;1;1;81;0;5364499;969;0
147;18;336;14;54;4;99;3.40;3;1;1;77;0;5364499;581;0
147;18;336;14;54;5;99;3.40;2;1;1;82;0;5364599;400;0
147;18;336;14;54;6;9;3.80;8;2;1;75;0;5364609;1760;0
147;18;336;14;54;6;46;3.40;6;2;1;78;0;5364646;229;0
147;18;336;14;54;7;25;3.60;2;1;1;79;0;5364725;111;0
147;18;336;14;54;8;21;3.60;5;2;1;92;0;5364821;404;0
147;18;336;14;54;9;58;3.80;2;1;1;80;0;5364958;216;0
147;18;336;14;54;9;99;3.40;6;2;1;78;0;5364999;337;0
147;18;336;14;54;11;7;3.60;5;2;1;88;0;5365107;271;0
147;18;336;14;54;12;10;3.60;6;2;1;76;0;5365210;195;0
147;18;336;14;54;12;99;3.80;7;2;1;78;0;5365299;1783;0
147;18;336;14;54;13;4;4.00;2;1;1;80;0;5365304;328;0
147;18;336;14;54;13;14;3.20;5;2;1;82;0;5365314;192;0
147;18;336;14;54;13;11;3.60;3;1;1;73;0;5365311;796;0
147;18;336;14;54;14;2;3.20;4;1;1;80;0;5365402;884;0
147;18;336;14;54;14;20;3.60;6;2;1;78;0;5365420;192;0
147;18;336;14;54;15;99;3.80;4;1;1;81;0;5365599;182;0
147;18;336;14;54;15;99;3.80;7;2;1;79;0;5365599;282;0
147;18;336;14;54;15;99;3.40;5;2;1;87;0;5365599;270;0
147;18;336;14;54;16;17;3.20;3;1;1;77;0;5365617;288;0
147;18;336;14;54;16;27;3.60;6;2;1;82;0;5365627;190;0
147;18;336;14;54;16;31;3.80;7;2;1;75;0;5365631;14;0
147;18;336;14;54;17;99;3.60;6;2;1;82;0;5365799;156;5364999
147;18;336;14;54;18;26;9.40;7;2;2;53;0;5365826;176;5364999
147;18;336;14;54;19;81;4.60;6;2;1;87;0;5365981;166;5364999
147;18;336;14;54;20;1;3.40;3;1;1;79;0;5366001;369;0
147;18;336;14;54;21;14;3.40;4;1;1;80;0;5366114;498;0
147;18;336;14;54;21;99;4.00;5;2;1;86;0;5366199;585;0
147;18;336;14;54;22;14;3.80;6;2;1;72;0;5366214;213;0
147;18;336;14;54;22;99;3.60;8;2;1;78;0;5366299;1671;0
147;18;336;14;54;24;42;3.40;4;1;1;82;0;5366442;312;0
147;18;336;14;54;24;74;3.60;6;2;1;76;0;5366474;241;0
147;18;336;14;54;25;0;3.20;3;1;1;70;0;5366500;483;0
147;18;336;14;54;25;99;3.40;4;1;1;83;0;5366599;142;0
147;18;336;14;54;26;14;3.80;8;2;1;85;0;5366614;298;0
147;18;336;14;54;26;32;3.40;6;2;1;78;0;5366632;140;0
147;18;336;14;54;27;23;3.40;4;1;1;81;0;5366723;109;0
147;18;336;14;54;25;82;1.00;7;2;1;1;1;5366582;692;0
147;18;336;14;54;26;57;1.00;7;2;1;1;1;5366657;767;0
147;18;336;14;54;27;98;3.60;2;1;1;69;0;5366798;1476;0
147;18;336;14;54;27;99;3.60;7;2;1;80;0;5366799;909;0
147;18;336;14;54;28;99;4.00;4;1;1;81;0;5366899;160;0
147;18;336;14;54;29;35;3.80;5;2;1;86;0;5366935;719;0
147;18;336;14;54;29;49;3.80;2;1;1;66;0;5366949;132;0
147;18;336;14;54;29;70;3.40;3;1;1;78;0;5366970;453;0
147;18;336;14;54;30;99;3.00;6;2;1;75;0;5367099;451;0
147;18;336;14;54;30;99;5.00;1;1;1;69;0;5367099;2579;0
147;18;336;14;54;31;99;3.20;1;1;1;69;0;5367199;73;0
147;18;336;14;54;31;16;3.40;2;1;1;68;0;5367116;146;0
147;18;336;14;54;32;99;4.00;4;1;1;76;0;5367299;382;0
147;18;336;14;54;33;99;3.60;2;1;1;77;0;5367399;265;0
147;18;336;14;54;34;99;4.80;7;2;1;74;0;5367499;683;0
147;18;336;14;54;34;35;3.40;2;1;1;68;0;5367435;19;0
147;18;336;14;54;34;68;3.40;5;2;1;84;0;5367468;517;0
147;18;336;14;54;35;96;3.80;6;2;1;74;0;5367596;482;0
147;18;336;14;54;35;99;4.20;3;1;1;76;0;5367599;613;0
147;18;336;14;54;36;99;4.00;8;2;1;79;0;5367699;1068;0
147;18;336;14;54;36;99;3.40;4;1;1;79;0;5367699;381;0
147;18;336;14;54;36;10;3.60;6;2;1;74;0;5367610;-1;0
147;18;336;14;54;37;46;3.60;3;1;1;78;0;5367746;127;0
147;18;336;14;54;36;98;5.80;7;2;1;30;0;5367698;175;0
147;18;336;14;54;39;5;3.20;6;2;1;77;0;5367905;277;0
147;18;336;14;54;40;99;3.80;7;2;1;80;0;5368099;331;0
147;18;336;14;54;41;99;3.00;6;2;1;74;0;5368199;279;0
147;18;336;14;54;41;99;4.00;4;1;1;79;0;5368199;484;0
147;18;336;14;54;41;99;3.00;3;1;1;77;0;5368199;436;0
147;18;336;14;54;42;41;3.80;5;2;1;78;0;5368241;758;0
147;18;336;14;54;42;60;3.60;4;1;1;81;0;5368260;42;0
147;18;336;14;54;42;58;4.20;6;2;1;77;0;5368258;44;0
147;18;336;14;54;42;79;3.80;3;1;1;77;0;5368279;65;0
147;18;336;14;54;43;99;3.80;5;2;1;78;0;5368399;140;0
147;18;336;14;54;43;99;3.20;6;2;1;77;0;5368399;121;0
147;18;336;14;54;44;1;3.80;2;1;1;78;0;5368401;948;0
147;18;336;14;54;44;99;3.20;3;1;1;76;0;5368499;202;0
147;18;336;14;54;44;5;3.80;4;1;1;83;0;5368405;129;0
147;18;336;14;54;45;13;3.60;7;2;1;85;0;5368513;396;0
147;18;336;14;54;45;99;3.00;2;1;1;76;0;5368599;180;0
147;18;336;14;54;46;21;3.80;6;2;1;91;0;5368621;207;0
147;18;336;14;54;46;99;3.80;2;1;1;73;0;5368699;85;0
147;18;336;14;54;46;99;3.40;5;2;1;76;0;5368699;282;0
147;18;336;14;54;47;32;3.40;7;2;1;87;0;5368732;203;0
147;18;336;14;54;47;20;3.60;6;2;1;72;0;5368720;83;0
147;18;336;14;54;47;71;4.20;8;2;1;96;0;5368771;1053;0
147;18;336;14;54;49;99;3.00;2;1;1;74;0;5368999;281;0
147;18;336;14;54;50;90;3.60;6;2;1;78;0;5369090;352;0
147;18;336;14;54;50;99;3.80;7;2;1;89;0;5369099;352;0
147;18;336;14;54;51;99;3.80;6;2;1;77;0;5369199;92;0
147;18;336;14;54;52;4;3.20;3;1;1;70;0;5369204;689;0
147;18;336;14;54;52;18;3.60;5;2;1;83;0;5369218;502;0
147;18;336;14;54;52;13;3.00;2;1;1;73;0;5369213;199;0
147;18;336;14;54;53;18;3.00;1;1;1;78;0;5369318;2102;0
147;18;336;14;54;53;99;4.00;5;2;1;83;0;5369399;165;0
147;18;336;14;54;53;99;3.80;6;2;1;75;0;5369399;182;0
147;18;336;14;54;53;99;3.20;3;1;1;70;0;5369399;178;0
147;18;336;14;54;54;99;3.80;6;2;1;76;0;5369499;81;0
147;18;336;14;54;54;99;3.60;5;2;1;84;0;5369499;82;0
147;18;336;14;54;55;4;4.80;2;1;1;75;0;5369504;276;0
147;18;336;14;54;55;53;3.00;3;1;1;72;0;5369553;137;0
147;18;336;14;54;55;41;3.40;7;2;1;78;0;5369541;426;0
147;18;336;14;54;55;99;3.20;5;2;1;85;0;5369599;84;0
147;18;336;14;54;56;99;3.20;2;1;1;74;0;5369699;171;0
147;18;336;14;54;56;99;3.00;6;2;1;77;0;5369699;182;5369090
147;18;336;14;54;57;14;3.80;5;2;1;84;0;5369714;101;5369218
147;18;336;14;54;58;21;3.40;3;1;1;78;0;5369821;253;0
147;18;336;14;54;58;99;3.60;7;2;1;82;0;5369899;342;0
147;18;336;14;54;58;99;3.80;6;2;1;77;0;5369899;185;5369090
147;18;336;14;55;0;8;3.20;2;1;1;74;0;5370008;293;0
147;18;336;14;55;0;38;3.40;3;1;1;71;0;5370038;201;0
147;18;336;14;55;1;99;3.60;5;2;1;78;0;5370199;468;0
147;18;336;14;55;2;99;4.00;3;1;1;71;0;5370299;243;0
147;18;336;14;55;2;33;4.00;2;1;1;81;0;5370233;209;0
147;18;336;14;55;2;47;3.60;5;2;1;82;0;5370247;31;0
147;18;336;14;55;3;83;3.40;6;2;1;70;0;5370383;466;0
147;18;336;14;55;3;99;4.00;2;1;1;78;0;5370399;148;0
147;18;336;14;55;3;99;3.00;3;1;1;77;0;5370399;79;0
147;18;336;14;55;4;26;3.00;3;1;1;78;0;5370426;12;0
147;18;336;14;55;4;99;3.80;2;1;1;82;0;5370499;81;0
147;18;336;14;55;4;99;3.40;6;2;1;71;0;5370499;98;0
147;18;336;14;55;6;8;3.80;6;2;1;69;0;5370608;91;0
147;18;336;14;55;6;99;2.80;2;1;1;82;0;5370699;183;0
147;18;336;14;55;7;36;4.00;5;2;1;77;0;5370736;473;0
147;18;336;14;55;8;9;3.80;4;1;1;89;0;5370809;2387;0
147;18;336;14;55;8;98;3.40;6;2;1;70;0;5370898;270;0
147;18;336;14;55;8;99;5.20;2;1;1;84;0;5370899;187;5370233
147;18;336;14;55;9;9;3.40;7;2;1;80;0;5370909;994;0
147;18;336;14;55;9;99;3.60;6;2;1;71;0;5370999;83;0
147;18;336;14;55;10;8;3.60;1;1;1;79;0;5371008;1676;0
147;18;336;14;55;11;9;3.60;4;1;1;82;0;5371109;284;0
147;18;336;14;55;11;99;8.40;2;1;2;79;0;5371199;277;0
147;18;336;14;55;11;99;3.60;6;2;1;77;0;5371199;181;0
147;18;336;14;55;12;99;7.20;7;2;1;81;0;5371299;374;0
147;18;336;14;55;12;99;6.20;3;1;1;82;0;5371299;859;0
147;18;336;14;55;13;1;3.60;6;2;1;76;0;5371301;85;0
147;18;336;14;55;13;11;3.40;4;1;1;83;0;5371311;186;0
147;18;336;14;55;13;86;3.80;5;2;1;79;0;5371386;631;0
147;18;336;14;55;13;99;3.00;7;2;1;81;0;5371399;68;0
147;18;336;14;55;15;9;3.60;1;1;1;78;0;5371509;484;0
147;18;336;14;55;15;44;3.60;3;1;1;76;0;5371544;217;0
147;18;336;14;55;16;21;3.20;5;2;1;81;0;5371621;217;0
147;18;336;14;55;16;99;3.40;6;2;1;78;0;5371699;380;0
147;18;336;14;55;16;99;3.20;2;1;1;81;0;5371699;461;0
147;18;336;14;55;16;99;3.40;3;1;1;75;0;5371699;137;0
147;18;336;14;55;17;11;3.40;1;1;1;84;0;5371711;185;0
147;18;336;14;55;17;99;3.80;5;2;1;80;0;5371799;163;0
147;18;336;14;55;17;99;3.80;6;2;1;79;0;5371799;84;0
147;18;336;14;55;18;9;3.60;3;1;1;77;0;5371809;93;0
147;18;336;14;55;18;99;3.80;5;2;1;79;0;5371899;82;0
147;18;336;14;55;19;99;3.60;6;2;1;75;0;5371999;182;0
147;18;336;14;55;20;21;3.80;3;1;1;76;0;5372021;195;0
147;18;336;14;55;20;42;3.80;7;2;1;77;0;5372042;629;0
147;18;336;14;55;20;52;3.20;4;1;1;77;0;5372052;726;0
147;18;336;14;55;21;27;3.60;2;1;1;85;0;5372127;413;0
147;18;336;14;55;21;99;4.20;6;2;1;80;0;5372199;182;0
147;18;336;14;55;22;13;3.60;4;1;1;78;0;5372213;146;0
147;18;336;14;55;22;99;4.20;2;1;1;79;0;5372299;156;0
147;18;336;14;55;22;99;15.40;4;1;4;78;0;5372299;69;0
147;18;336;14;55;24;99;3.00;1;1;1;79;0;5372499;773;0
147;18;336;14;55;25;12;3.80;7;2;1;81;0;5372512;452;0
147;18;336;14;55;25;13;3.40;3;1;1;78;0;5372513;474;0
147;18;336;14;55;25;43;3.60;4;1;1;80;0;5372543;172;0
147;18;336;14;55;26;86;4.80;8;2;1;77;0;5372686;3899;0
147;18;336;14;55;26;99;3.20;6;2;1;87;0;5372699;481;0
147;18;336;14;55;26;99;3.80;2;1;1;83;0;5372699;380;0
147;18;336;14;55;27;14;3.60;4;1;1;79;0;5372714;154;5372052
147;18;336;14;55;27;99;3.20;3;1;1;75;0;5372799;270;0
147;18;336;14;55;28;47;2.80;2;1;1;76;0;5372847;131;0
147;18;336;14;55;28;62;3.60;7;2;1;81;0;5372862;333;0
147;18;336;14;55;29;99;3.60;6;2;1;80;0;5372999;286;0
147;18;336;14;55;30;7;3.60;3;1;1;76;0;5373007;192;0
147;18;336;14;55;31;70;3.80;6;2;1;80;0;5373170;154;0
147;18;336;14;55;32;99;3.60;4;1;1;83;0;5373299;568;0
147;18;336;14;55;32;99;3.40;7;2;1;81;0;5373299;421;0
147;18;336;14;55;33;3;3.40;6;2;1;68;0;5373303;115;0
147;18;336;14;55;34;7;3.40;3;1;1;74;0;5373407;382;0
147;18;336;14;55;35;6;2.80;6;2;1;68;0;5373506;185;0
147;18;336;14;55;36;61;4.00;7;2;1;77;0;5373661;346;0
147;18;336;14;55;37;99;3.60;3;1;1;80;0;5373799;375;0
147;18;336;14;55;37;99;5.40;7;2;1;76;0;5373799;119;0
147;18;336;14;55;38;21;3.60;4;1;1;79;0;5373821;506;0
147;18;336;14;55;39;99;4.20;8;2;1;80;0;5373999;1290;0
147;18;336;14;55;39;99;3.20;2;1;1;84;0;5373999;1138;0
147;18;336;14;55;39;99;3.40;3;1;1;75;0;5373999;183;0
147;18;336;14;55;39;99;4.20;6;2;1;84;0;5373999;478;0
147;18;336;14;55;40;99;4.60;2;1;1;86;0;5374099;86;0
147;18;336;14;55;40;99;3.40;8;2;1;80;0;5374099;81;0
147;18;336;14;55;41;95;3.60;3;1;1;76;0;5374195;179;0
147;18;336;14;55;44;99;3.40;2;1;1;79;0;5374499;380;0
147;18;336;14;55;45;15;4.20;3;1;1;78;0;5374515;302;0
147;18;336;14;55;46;7;3.60;6;2;1;68;0;5374607;590;0
147;18;336;14;55;47;15;3.60;5;2;1;81;0;5374715;2798;0
147;18;336;14;55;47;99;3.20;6;2;1;68;0;5374799;172;0
147;18;336;14;55;45;32;4.00;7;2;1;14;0;5374532;707;0
147;18;336;14;55;48;2;3.60;6;2;1;70;0;5374802;-1;0
147;18;336;14;55;48;12;3.60;3;1;1;74;0;5374812;277;0
147;18;336;14;55;48;34;3.40;7;2;1;81;0;5374834;199;0
147;18;336;14;55;49;99;3.20;2;1;1;84;0;5374999;484;0
147;18;336;14;55;49;99;3.80;3;1;1;75;0;5374999;169;0
147;18;336;14;55;49;99;3.80;4;1;1;78;0;5374999;1161;0
147;18;336;14;55;50;99;3.00;6;2;1;77;0;5375099;278;0
147;18;336;14;55;51;20;3.40;2;1;1;74;0;5375120;107;0
147;18;336;14;55;52;99;3.20;4;1;1;77;0;5375299;282;0
147;18;336;14;55;52;99;3.00;1;1;1;79;0;5375299;2786;0
147;18;336;14;55;52;99;3.80;2;1;1;75;0;5375299;162;0
147;18;336;14;55;53;18;3.80;5;2;1;79;0;5375318;587;0
147;18;336;14;55;54;65;3.80;3;1;1;86;0;5375465;447;0
147;18;336;14;55;54;60;3.80;6;2;1;68;0;5375460;346;0
147;18;336;14;55;54;99;3.00;2;1;1;78;0;5375499;181;0
147;18;336;14;55;55;99;3.60;6;2;1;74;0;5375599;118;0
147;18;336;14;55;55;99;3.00;2;1;1;78;0;5375599;86;5374999
147;18;336;14;55;56;30;3.80;4;1;1;86;0;5375630;316;0
147;18;336;14;55;56;14;3.60;7;2;1;68;0;5375614;764;0
147;18;336;14;55;56;39;3.60;5;2;1;81;0;5375639;303;0
147;18;336;14;55;56;45;3.00;8;2;1;74;0;5375645;1530;0
147;18;336;14;55;57;99;3.40;6;2;1;78;0;5375799;182;0
147;18;336;14;55;57;99;3.60;1;1;1;72;0;5375799;486;0
147;18;336;14;55;57;99;3.60;7;2;1;70;0;5375799;165;0
147;18;336;14;55;58;99;3.40;2;1;1;74;0;5375899;286;0
147;18;336;14;55;58;14;3.80;5;2;1;88;0;5375814;159;0
147;18;336;14;55;58;98;24.60;7;2;5;76;0;5375898;80;0
147;18;336;14;56;0;27;3.80;6;2;1;81;0;5376027;212;0
147;18;336;14;56;0;99;3.20;2;1;1;75;0;5376099;183;0
147;18;336;14;56;0;99;3.60;3;1;1;80;0;5376099;618;0
147;18;336;14;56;2;5;3.60;2;1;1;78;0;5376205;90;0
147;18;336;14;56;2;99;3.60;3;1;1;73;0;5376299;183;0
147;18;336;14;56;2;99;3.60;8;2;1;74;0;5376299;639;0
147;18;336;14;56;3;19;3.40;1;1;1;79;0;5376319;502;0
147;18;336;14;56;3;17;3.40;5;2;1;77;0;5376317;487;0
147;18;336;14;56;4;84;3.20;6;2;1;80;0;5376484;440;0
147;18;336;14;56;4;90;3.00;2;1;1;69;0;5376490;268;0
147;18;336;14;56;4;99;3.60;3;1;1;74;0;5376499;182;0
147;18;336;14;56;6;10;3.20;8;2;1;70;0;5376610;293;0
147;18;336;14;56;6;7;3.20;6;2;1;74;0;5376607;108;0
147;18;336;14;56;6;22;3.60;5;2;1;79;0;5376622;289;0
147;18;336;14;56;7;12;3.00;3;1;1;79;0;5376712;195;0
147;18;336;14;56;7;13;4.20;7;2;1;76;0;5376713;698;0
147;18;336;14;56;7;99;3.60;5;2;1;79;0;5376799;160;0
147;18;336;14;56;7;99;3.60;2;1;1;70;0;5376799;293;0
147;18;336;14;56;8;99;3.60;7;2;1;76;0;5376899;166;0
147;18;336;14;56;9;9;3.20;6;2;1;73;0;5376909;286;0
147;18;336;14;56;9;44;3.20;3;1;1;75;0;5376944;218;0
147;18;336;14;56;9;50;3.20;1;1;1;74;0;5376950;615;0
147;18;336;14;56;9;70;3.80;5;2;1;78;0;5376970;154;0
147;18;336;14;56;10;21;3.20;3;1;1;77;0;5377021;61;0
147;18;336;14;56;10;99;3.80;8;2;1;77;0;5377099;472;0
147;18;336;14;56;10;99;3.60;2;1;1;82;0;5377099;281;0
147;18;336;14;56;11;13;3.40;5;2;1;81;0;5377113;125;0
147;18;336;14;56;11;10;3.60;4;1;1;84;0;5377110;1464;0
147;18;336;14;56;12;99;3.40;4;1;1;85;0;5377299;173;0
147;18;336;14;56;12;99;3.80;5;2;1;82;0;5377299;170;5376622
147;18;336;14;56;12;53;15.20;3;1;4;67;0;5377253;217;0
147;18;336;14;56;13;12;3.20;8;2;1;75;0;5377312;195;0
147;18;336;14;56;13;99;3.20;2;1;1;74;0;5377399;284;0
147;18;336;14;56;13;99;3.40;7;2;1;82;0;5377399;482;0
147;18;336;14;56;14;27;3.20;4;1;1;80;0;5377427;113;0
147;18;336;14;56;14;74;3.80;2;1;1;79;0;5377474;59;0
147;18;336;14;56;14;86;3.00;6;2;1;83;0;5377486;561;0
147;18;336;14;56;15;99;2.80;3;1;1;72;0;5377599;264;0
147;18;336;14;56;15;99;3.60;6;2;1;82;0;5377599;99;0
147;18;336;14;56;16;99;3.80;5;2;1;86;0;5377699;383;0
147;18;336;14;56;16;10;3.80;2;1;1;79;0;5377610;118;0
147;18;336;14;56;17;37;7.80;6;2;6;80;0;5377737;122;0
147;18;336;14;56;18;4;3.40;3;1;1;79;0;5377804;191;0
147;18;336;14;56;18;99;8.20;6;2;6;79;0;5377899;126;0
147;18;336;14;56;20;99;3.80;6;2;1;76;0;5378099;162;5377486
147;18;336;14;56;20;99;3.00;3;1;1;74;0;5378099;279;0
147;18;336;14;56;20;99;3.60;2;1;1;72;0;5378099;471;0
147;18;336;14;56;20;99;3.40;4;1;1;75;0;5378099;657;0
147;18;336;14;56;21;21;3.80;3;1;1;80;0;5378121;7;0
147;18;336;14;56;21;99;3.80;5;2;1;83;0;5378199;484;0
147;18;336;14;56;22;64;3.20;8;2;1;78;0;5378264;936;0
147;18;336;14;56;22;75;3.80;3;1;1;81;0;5378275;136;0
147;18;336;14;56;22;91;3.40;2;1;1;79;0;5378291;174;0
147;18;336;14;56;22;99;3.60;4;1;1;75;0;5378299;183;0
147;18;336;14;56;22;99;3.80;6;2;1;87;0;5378299;182;5377486
147;18;336;14;56;23;99;4.00;3;1;1;87;0;5378399;107;5377486
147;18;336;14;56;23;99;3.40;4;1;1;74;0;5378399;82;5377486
147;18;336;14;56;24;99;3.20;2;1;1;74;0;5378499;192;5377486
147;18;336;14;56;24;0;4.80;4;1;1;76;0;5378400;-1;5377486
147;18;336;14;56;24;3;3.20;3;1;1;79;0;5378403;-1;5378099
147;18;336;14;56;24;33;3.80;7;2;1;82;0;5378433;1019;0
147;18;336;14;56;24;24;4.20;8;2;1;74;0;5378424;145;0
147;18;336;14;56;26;26;3.80;4;1;1;85;0;5378626;203;0
147;18;336;14;56;26;99;3.20;2;1;1;74;0;5378699;184;0
147;18;336;14;56;27;71;3.60;6;2;1;78;0;5378771;456;0
147;18;336;14;56;27;95;4.00;2;1;1;72;0;5378795;80;5378099
147;18;336;14;56;28;99;3.20;6;2;1;78;0;5378899;111;5378099
147;18;336;14;56;29;99;3.60;3;1;1;73;0;5378999;581;0
147;18;336;14;56;30;89;3.80;6;2;1;78;0;5379089;175;0
147;18;336;14;56;30;99;3.40;2;1;1;70;0;5379099;284;0
147;18;336;14;56;31;11;4.00;7;2;1;92;0;5379111;661;0
147;18;336;14;56;31;99;4.00;4;1;1;79;0;5379199;556;0
147;18;336;14;56;32;11;3.00;2;1;1;71;0;5379211;94;0
147;18;336;14;56;32;92;3.40;1;1;1;79;0;5379292;2326;0
147;18;336;14;56;33;99;3.40;3;1;1;70;0;5379399;382;0
147;18;336;14;56;33;99;3.20;6;2;1;73;0;5379399;292;0
147;18;336;14;56;34;99;3.60;6;2;1;74;0;5379499;84;0
147;18;336;14;56;34;99;3.60;7;2;1;84;0;5379499;372;0
147;18;336;14;56;34;29;3.40;3;1;1;72;0;5379429;12;0
147;18;336;14;56;35;77;3.40;6;2;1;76;0;5379577;60;0
147;18;336;14;56;36;99;2.80;3;1;1;72;0;5379699;253;0
147;18;336;14;56;36;99;3.20;5;2;1;80;0;5379699;1483;0
147;18;336;14;56;36;99;3.40;6;2;1;77;0;5379699;105;0
147;18;336;14;56;37;66;5.20;5;2;1;82;0;5379766;52;0
147;18;336;14;56;38;94;14.20;3;1;4;75;0;5379894;181;0
147;18;336;14;56;38;99;3.40;6;2;1;77;0;5379899;184;5379399
147;18;336;14;56;39;99;3.60;7;2;1;81;0;5379999;484;0
147;18;336;14;56;40;0;3.20;3;1;1;77;0;5380000;37;0
147;18;336;14;56;40;17;3.20;1;1;1;85;0;5380017;709;0
147;18;336;14;56;40;74;3.20;2;1;1;75;0;5380074;847;0
147;18;336;14;56;40;96;3.80;4;1;1;82;0;5380096;878;0
147;18;336;14;56;41;99;3.20;6;2;1;78;0;5380199;284;0
147;18;336;14;56;42;2;3.20;6;2;1;78;0;5380202;-1;0
147;18;336;14;56;42;55;3.80;5;2;1;80;0;5380255;466;0
147;18;336;14;56;42;61;3.40;4;1;1;78;0;5380261;148;0
147;18;336;14;56;43;99;4.00;2;1;1;82;0;5380399;309;0
147;18;336;14;56;43;99;3.80;7;2;1;77;0;5380399;384;0
147;18;336;14;56;43;99;4.20;3;1;1;76;0;5380399;384;0
147;18;336;14;56;44;99;3.60;5;2;1;82;0;5380499;226;0
147;18;336;14;56;45;12;3.40;3;1;1;75;0;5380512;93;0
147;18;336;14;56;45;82;3.40;2;1;1;69;0;5380582;165;0
147;18;336;14;56;45;94;3.80;1;1;1;77;0;5380594;563;0
147;18;336;14;56;46;99;4.80;2;1;1;77;0;5380699;99;0
147;18;336;14;56;47;21;3.20;5;2;1;89;0;5380721;206;0
147;18;336;14;56;47;53;3.20;6;2;1;79;0;5380753;536;0
147;18;336;14;56;48;99;3.40;3;1;1;78;0;5380899;370;0
147;18;336;14;56;48;99;3.00;4;1;1;79;0;5380899;622;0
147;18;336;14;56;48;99;3.60;5;2;1;82;0;5380899;165;0
147;18;336;14;56;48;99;3.20;7;2;1;88;0;5380899;482;0
147;18;336;14;56;49;0;3.40;1;1;1;77;0;5380900;288;0
147;18;336;14;56;49;99;3.40;4;1;1;81;0;5380999;86;0
147;18;336;14;56;49;99;3.60;6;2;1;74;0;5380999;231;0
147;18;336;14;56;50;35;3.60;7;2;1;82;0;5381035;122;0
147;18;336;14;56;50;84;3.60;6;2;1;76;0;5381084;67;0
147;18;336;14;56;51;99;3.60;7;2;1;83;0;5381199;148;0
147;18;336;14;56;51;99;3.60;2;1;1;73;0;5381199;477;0
147;18;336;14;56;52;36;3.80;3;1;1;81;0;5381236;321;0
147;18;336;14;56;53;99;3.80;6;2;1;82;0;5381399;297;0
147;18;336;14;56;54;99;3.80;4;1;1;83;0;5381499;484;0
147;18;336;14;56;54;99;3.40;7;2;1;88;0;5381499;284;0
147;18;336;14;56;54;99;3.60;3;1;1;69;0;5381499;246;0
147;18;336;14;56;55;76;3.60;4;1;1;82;0;5381576;60;0
147;18;336;14;56;56;99;3.20;7;2;1;88;0;5381699;186;0
147;18;336;14;56;56;99;5.40;2;1;1;79;0;5381699;482;0
147;18;336;14;56;57;99;3.00;6;2;1;82;0;5381799;383;0
147;18;336;14;56;57;99;3.60;4;1;1;79;0;5381799;207;0
147;18;336;14;56;57;3;3.40;3;1;1;71;0;5381703;185;0
147;18;336;14;56;58;99;3.20;3;1;1;71;0;5381899;178;0
147;18;336;14;56;59;23;3.40;4;1;1;78;0;5381923;107;0
147;18;336;14;56;59;99;3.80;3;1;1;68;0;5381999;83;0
147;18;336;14;56;59;99;3.60;6;2;1;82;0;5381999;186;0
147;18;336;14;57;0;48;3.80;5;2;1;86;0;5382048;1133;0
147;18;336;14;57;0;59;3.40;6;2;1;77;0;5382059;44;0
147;18;336;14;57;2;99;4.80;3;1;1;86;0;5382299;279;0
147;18;336;14;57;2;0;4.00;4;1;1;89;0;5382200;261;0
147;18;336;14;57;3;15;3.20;2;1;1;69;0;5382315;591;0
147;18;336;14;57;3;75;5.00;6;2;1;79;0;5382375;300;0
147;18;336;14;57;4;99;3.80;7;2;1;83;0;5382499;786;0
147;18;336;14;57;5;5;3.40;6;2;1;77;0;5382505;107;0
147;18;336;14;57;5;26;3.60;3;1;1;77;0;5382526;206;0
147;18;336;14;57;6;8;3.60;4;1;1;87;0;5382608;391;0
147;18;336;14;57;6;99;3.20;2;1;1;73;0;5382699;367;0
147;18;336;14;57;7;13;3.40;7;2;1;77;0;5382713;197;0
147;18;336;14;57;7;99;3.60;3;1;1;78;0;5382799;256;0
147;18;336;14;57;8;72;3.20;1;1;1;104;0;5382872;1956;0
147;18;336;14;57;8;90;3.40;3;1;1;76;0;5382890;74;0
147;18;336;14;57;9;99;3.60;2;1;1;72;0;5382999;284;0
147;18;336;14;57;10;27;3.80;1;1;1;86;0;5383027;143;0
147;18;336;14;57;10;99;4.00;8;2;1;71;0;5383099;4654;0
147;18;336;14;57;10;17;3.60;3;1;1;82;0;5383017;110;0
147;18;336;14;57;10;17;3.20;2;1;1;72;0;5383017;0;0
147;18;336;14;57;12;99;3.40;2;1;1;74;0;5383299;266;0
147;18;336;14;57;12;99;3.40;6;2;1;85;0;5383299;778;0
147;18;336;14;57;13;17;3.20;2;1;1;70;0;5383317;1;0
147;18;336;14;57;13;68;3.20;3;1;1;75;0;5383368;335;0
147;18;336;14;57;14;99;3.40;2;1;1;73;0;5383499;165;0
147;18;336;14;57;14;99;4.40;3;1;1;79;0;5383499;115;0
147;18;336;14;57;14;99;3.80;8;2;1;67;0;5383499;379;0
147;18;336;14;57;15;16;4.00;2;1;1;74;0;5383516;0;0
147;18;336;14;57;16;75;3.40;6;2;1;74;0;5383675;361;0
147;18;336;14;57;16;99;3.40;2;1;1;73;0;5383699;163;5383299
147;18;336;14;57;16;99;3.20;3;1;1;85;0;5383699;179;5383299
147;18;336;14;57;16;99;4.40;7;2;1;78;0;5383699;970;0
147;18;336;14;57;17;14;3.60;4;1;1;85;0;5383714;1091;0
147;18;336;14;57;17;99;3.40;6;2;1;79;0;5383799;107;0
147;18;336;14;57;18;28;3.40;3;1;1;79;0;5383828;115;0
147;18;336;14;57;19;99;3.40;3;1;1;74;0;5383999;155;5383368
147;18;336;14;57;19;99;3.40;6;2;1;78;0;5383999;184;5383368
147;18;336;14;57;19;99;3.80;5;2;1;80;0;5383999;1935;0
147;18;336;14;57;21;5;3.80;2;1;1;78;0;5384105;389;0
147;18;336;14;57;22;4;4.00;3;1;1;79;0;5384204;188;5383368
147;18;336;14;57;22;31;3.20;4;1;1;86;0;5384231;501;0
147;18;336;14;57;22;25;3.40;6;2;1;82;0;5384225;210;0
147;18;336;14;57;23;16;3.80;2;1;1;82;0;5384316;193;0
147;18;336;14;57;23;28;3.60;1;1;1;91;0;5384328;1285;0
147;18;336;14;57;24;99;4.60;3;1;1;73;0;5384499;276;0
147;18;336;14;57;25;12;3.60;7;2;1;78;0;5384512;792;0
147;18;336;14;57;26;16;3.40;3;1;1;71;0;5384616;94;0
147;18;336;14;57;26;99;3.60;3;1;1;72;0;5384699;65;0
147;18;336;14;57;27;15;3.60;5;2;1;79;0;5384715;698;0
147;18;336;14;57;27;99;5.00;7;2;1;77;0;5384799;270;0
147;18;336;14;57;28;26;5.60;6;2;1;82;0;5384826;586;0
147;18;336;14;57;29;13;3.60;7;2;1;78;0;5384913;90;0
147;18;336;14;57;29;99;3.40;5;2;1;81;0;5384999;267;0
147;18;336;14;57;30;5;2.80;6;2;1;80;0;5385005;154;0
147;18;336;14;57;30;12;3.80;7;2;1;78;0;5385012;82;0
147;18;336;14;57;30;5;3.80;5;2;1;85;0;5385005;-1;0
147;18;336;14;57;31;40;3.40;2;1;1;84;0;5385140;807;0
147;18;336;14;57;31;95;3.40;6;2;1;80;0;5385195;177;0
147;18;336;14;57;32;19;3.60;7;2;1;82;0;5385219;189;0
147;18;336;14;57;32;99;4.00;2;1;1;82;0;5385299;144;0
147;18;336;14;57;33;19;3.20;7;2;1;85;0;5385319;84;5384799
147;18;336;14;57;33;20;3.00;3;1;1;80;0;5385320;603;0
147;18;336;14;57;34;91;3.80;7;2;1;82;0;5385491;158;5384799
147;18;336;14;57;35;99;3.60;3;1;1;86;0;5385599;265;0
147;18;336;14;57;37;0;3.20;5;2;1;89;0;5385700;678;0
147;18;336;14;57;37;12;3.80;2;1;1;84;0;5385712;395;0
147;18;336;14;57;37;99;3.20;7;2;1;77;0;5385799;291;0
147;18;336;14;57;38;7;3.40;7;2;1;75;0;5385807;-1;0
147;18;336;14;57;40;99;3.60;5;2;1;88;0;5386099;386;0
147;18;336;14;57;41;7;5.00;8;2;1;77;0;5386107;2587;0
147;18;336;14;57;41;53;3.40;6;2;1;84;0;5386153;942;0
147;18;336;14;57;42;99;3.40;2;1;1;83;0;5386299;570;0
147;18;336;14;57;42;99;3.40;6;2;1;82;0;5386299;131;0
147;18;336;14;57;43;27;3.60;6;2;1;85;0;5386327;13;0
147;18;336;14;57;43;23;3.80;5;2;1;93;0;5386323;209;0
147;18;336;14;57;44;94;3.40;6;2;1;77;0;5386494;151;0
147;18;336;14;57;45;99;3.40;2;1;1;75;0;5386599;285;0
147;18;336;14;57;45;99;3.40;3;1;1;69;0;5386599;984;0
147;18;336;14;57;46;28;3.60;6;2;1;75;0;5386628;118;5386153
147;18;336;14;57;47;99;3.80;8;2;1;78;0;5386799;668;0
147;18;336;14;57;47;99;3.20;2;1;1;74;0;5386799;183;0
147;18;336;14;57;47;99;3.80;5;2;1;84;0;5386799;461;0
147;18;336;14;57;48;17;3.40;3;1;1;72;0;5386817;200;0
147;18;336;14;57;48;99;3.60;5;2;1;84;0;5386899;83;0
147;18;336;14;57;49;3;3.80;6;2;1;79;0;5386903;257;0
147;18;336;14;57;49;62;3.40;5;2;1;83;0;5386962;47;0
147;18;336;14;57;49;59;3.80;7;2;1;86;0;5386959;1135;0
147;18;336;14;57;49;98;3.20;1;1;1;81;0;5386998;2655;0
147;18;336;14;57;49;99;3.60;3;1;1;71;0;5386999;165;0
147;18;336;14;57;50;99;3.80;7;2;1;87;0;5387099;124;0
147;18;336;14;57;50;99;3.80;2;1;1;82;0;5387099;284;0
147;18;336;14;57;51;11;4.40;3;1;1;72;0;5387111;93;0
147;18;336;14;57;52;99;3.60;3;1;1;75;0;5387299;166;0
147;18;336;14;57;53;3;3.80;6;2;1;80;0;5387303;382;0
147;18;336;14;57;53;16;3.20;4;1;1;81;0;5387316;3071;0
147;18;336;14;57;54;5;3.80;3;1;1;73;0;5387405;88;5386817
147;18;336;14;57;54;77;3.20;6;2;1;78;0;5387477;156;5386817
147;18;336;14;57;54;93;4.00;7;2;1;86;0;5387493;378;0
147;18;336;14;57;55;99;3.80;4;1;1;77;0;5387599;268;0
147;18;336;14;57;55;99;4.00;8;2;1;86;0;5387599;782;0
147;18;336;14;57;56;0;3.60;3;1;1;73;0;5387600;176;5386817
147;18;336;14;57;57;84;7.20;2;1;6;78;0;5387784;668;0
147;18;336;14;57;57;99;3.20;1;1;1;85;0;5387799;786;0
147;18;336;14;57;57;99;3.80;7;2;1;80;0;5387799;289;0
147;18;336;14;57;57;99;3.60;4;1;1;81;0;5387799;182;0
147;18;336;14;57;59;10;3.60;6;2;1;82;0;5387910;418;0
147;18;336;14;57;59;9;3.60;3;1;1;65;0;5387909;291;0
147;18;336;14;57;59;20;3.40;4;1;1;74;0;5387920;105;0
147;18;336;14;58;0;0;3.20;2;1;1;75;0;5388000;182;0
147;18;336;14;58;1;99;3.40;3;1;1;73;0;5388199;270;0
147;18;336;14;58;2;79;3.40;5;2;1;80;0;5388279;1302;0
147;18;336;14;58;2;99;3.40;6;2;1;74;0;5388299;373;0
147;18;336;14;58;3;21;3.40;2;1;1;74;0;5388321;305;0
147;18;336;14;58;3;99;3.80;3;1;1;74;0;5388399;183;0
147;18;336;14;58;4;42;3.00;3;1;1;75;0;5388442;24;0
147;18;336;14;58;5;99;3.20;2;1;1;70;0;5388599;261;0
147;18;336;14;58;5;99;3.60;1;1;1;80;0;5388599;786;0
147;18;336;14;58;5;99;3.00;4;1;1;77;0;5388599;662;0
147;18;336;14;58;5;64;17.60;6;2;5;73;0;5388564;248;0
147;18;336;14;58;6;11;3.40;3;1;1;75;0;5388611;154;0
147;18;336;14;58;7;12;3.80;2;1;1;75;0;5388712;96;0
147;18;336;14;58;7;53;3.60;5;2;1;79;0;5388753;458;0
147;18;336;14;58;8;11;3.40;5;2;1;80;0;5388811;41;0
147;18;336;14;58;8;23;2.80;6;2;1;74;0;5388823;172;0
147;18;336;14;58;8;99;3.80;3;1;1;78;0;5388899;271;0
147;18;336;14;58;9;99;3.20;1;1;1;73;0;5388999;383;0
147;18;336;14;58;9;6;3.60;5;2;1;79;0;5388906;79;0
147;18;336;14;58;9;66;3.40;5;2;1;83;0;5388966;43;0
147;18;336;14;58;10;14;3.80;6;2;1;100;0;5389014;177;0
147;18;336;14;58;11;99;3.00;6;2;1;77;0;5389199;171;0
147;18;336;14;58;12;19;3.00;6;2;1;78;0;5389219;5;5388564
147;18;336;14;58;12;94;3.80;5;2;1;83;0;5389294;313;0
147;18;336;14;58;13;5;3.60;3;1;1;78;0;5389305;388;0
147;18;336;14;58;13;99;3.40;6;2;1;75;0;5389399;166;5388564
147;18;336;14;58;14;0;4.00;3;1;1;76;0;5389400;78;5388564
147;18;336;14;58;14;7;3.60;4;1;1;78;0;5389407;793;0
147;18;336;14;58;14;29;3.80;5;2;1;86;0;5389429;118;0
147;18;336;14;58;15;89;3.20;3;1;1;76;0;5389589;170;0
147;18;336;14;58;15;99;4.00;2;1;1;80;0;5389599;868;0
147;18;336;14;58;15;99;3.40;6;2;1;76;0;5389599;183;5388564
147;18;336;14;58;16;99;4.00;1;1;1;83;0;5389699;684;0
147;18;336;14;58;17;8;3.40;4;1;1;89;0;5389708;284;0
147;18;336;14;58;17;14;3.60;8;2;1;91;0;5389714;2098;0
147;18;336;14;58;18;99;3.60;3;1;1;80;0;5389899;294;0
147;18;336;14;58;19;7;3.40;2;1;1;78;0;5389907;290;0
147;18;336;14;58;22;42;3.60;6;2;1;91;0;5390242;626;0
147;18;336;14;58;23;99;3.20;6;2;1;80;0;5390399;142;0
147;18;336;14;58;24;15;3.80;6;2;1;78;0;5390415;1;0
147;18;336;14;58;24;12;3.80;5;2;1;82;0;5390412;967;0
147;18;336;14;58;24;21;3.60;4;1;1;78;0;5390421;699;0
147;18;336;14;58;25;86;3.60;8;2;1;80;0;5390586;857;0
147;18;336;14;58;25;99;3.40;2;1;1;75;0;5390599;676;0
147;18;336;14;58;26;12;4.60;4;1;1;79;0;5390612;174;0
147;18;336;14;58;26;99;3.40;3;1;1;75;0;5390699;783;0
147;18;336;14;58;26;99;3.80;7;2;1;79;0;5390699;2882;0
147;18;336;14;58;27;46;3.00;2;1;1;73;0;5390746;130;0
147;18;336;14;58;28;99;3.60;7;2;1;78;0;5390899;182;0
147;18;336;14;58;28;99;3.60;3;1;1;82;0;5390899;183;0
147;18;336;14;58;28;99;3.20;6;2;1;77;0;5390899;466;0
147;18;336;14;58;29;16;3.60;6;2;1;75;0;5390916;2;0
147;18;336;14;58;30;99;3.60;3;1;1;83;0;5391099;184;0
147;18;336;14;58;31;99;3.80;6;2;1;86;0;5391199;265;0
147;18;336;14;58;31;99;3.40;2;1;1;76;0;5391199;438;0
147;18;336;14;58;32;19;3.00;2;1;1;79;0;5391219;3;0
147;18;336;14;58;33;5;4.80;3;1;1;73;0;5391305;190;0
147;18;336;14;58;33;99;3.80;6;2;1;75;0;5391399;184;0
147;18;336;14;58;32;45;5.80;7;2;1;32;0;5391245;329;0
147;18;336;14;58;34;99;3.40;6;2;1;73;0;5391499;81;0
147;18;336;14;58;34;99;3.60;5;2;1;83;0;5391499;1070;0
147;18;336;14;58;34;99;3.40;3;1;1;79;0;5391499;170;5390699
147;18;336;14;58;35;41;3.80;6;2;1;73;0;5391541;25;5390699
147;18;336;14;58;35;65;3.80;4;1;1;81;0;5391565;932;0
147;18;336;14;58;35;99;3.20;2;1;1;75;0;5391599;366;0
147;18;336;14;58;36;99;3.80;6;2;1;74;0;5391699;139;5391199
147;18;336;14;58;37;26;3.20;3;1;1;76;0;5391726;211;0
147;18;336;14;58;37;99;4.60;7;2;1;76;0;5391799;488;0
147;18;336;14;58;37;8;3.60;2;1;1;73;0;5391708;93;0
147;18;336;14;58;37;27;3.20;6;2;1;74;0;5391727;9;5391199
147;18;336;14;58;38;99;3.40;3;1;1;77;0;5391899;157;5391199
147;18;336;14;58;38;99;3.40;5;2;1;82;0;5391899;384;0
147;18;336;14;58;39;10;3.60;7;2;1;77;0;5391910;89;0
147;18;336;14;58;39;99;3.40;6;2;1;71;0;5391999;256;0
147;18;336;14;58;39;99;3.60;2;1;1;70;0;5391999;273;0
147;18;336;14;58;39;99;3.40;5;2;1;79;0;5391999;85;0
147;18;336;14;58;40;27;3.20;7;2;1;78;0;5392027;100;0
147;18;336;14;58;40;82;4.00;4;1;1;84;0;5392082;500;0
147;18;336;14;58;40;85;4.00;7;2;1;75;0;5392085;43;0
147;18;336;14;58;42;10;3.80;2;1;1;76;0;5392210;192;0
147;18;336;14;58;43;6;3.20;3;1;1;77;0;5392306;391;0
147;18;336;14;58;43;88;3.60;4;1;1;84;0;5392388;288;0
147;18;336;14;58;43;86;3.60;8;2;1;77;0;5392386;1783;0
147;18;336;14;58;43;67;7.40;6;2;1;74;0;5392367;350;0
147;18;336;14;58;44;99;3.40;3;1;1;75;0;5392499;178;0
147;18;336;14;58;44;99;3.60;5;2;1;80;0;5392499;484;0
147;18;336;14;58;45;62;3.60;8;2;1;81;0;5392562;159;0
147;18;336;14;58;44;73;9.20;7;2;2;54;0;5392473;368;0
147;18;336;14;58;46;8;4.00;6;2;1;78;0;5392608;205;0
147;18;336;14;58;46;99;3.80;4;1;1;86;0;5392699;295;0
147;18;336;14;58;46;99;3.60;7;2;1;79;0;5392699;164;0
147;18;336;14;58;46;99;3.40;3;1;1;76;0;5392699;183;0
147;18;336;14;58;47;99;3.80;5;2;1;79;0;5392799;283;0
147;18;336;14;58;48;18;3.40;7;2;1;77;0;5392818;102;0
147;18;336;14;58;48;71;3.80;5;2;1;77;0;5392871;54;0
147;18;336;14;58;48;81;3.20;6;2;1;80;0;5392881;254;0
147;18;336;14;58;49;6;3.80;5;2;1;78;0;5392906;17;0
147;18;336;14;58;49;99;3.40;7;2;1;80;0;5392999;165;0
147;18;336;14;58;49;99;3.40;6;2;1;81;0;5392999;103;0
147;18;336;14;58;50;0;3.80;5;2;1;88;0;5393000;76;0
147;18;336;14;58;50;30;3.00;3;1;1;78;0;5393030;314;0
147;18;336;14;58;51;1;3.20;6;2;1;81;0;5393101;86;0
147;18;336;14;58;51;99;3.60;5;2;1;89;0;5393199;183;5392799
147;18;336;14;58;51;99;3.60;7;2;1;77;0;5393199;184;5392473
147;18;336;14;58;52;6;3.60;3;1;1;76;0;5393206;162;5392473
147;18;336;14;58;52;99;3.20;2;1;1;78;0;5393299;1071;0
147;18;336;14;58;53;69;3.80;5;2;1;85;0;5393369;155;5392799
147;18;336;14;58;54;5;3.60;6;2;1;78;0;5393405;289;0
147;18;336;14;58;55;18;3.40;5;2;1;81;0;5393518;132;5392799
147;18;336;14;58;56;99;3.00;6;2;1;78;0;5393699;277;0
147;18;336;14;58;56;99;3.80;1;1;1;79;0;5393699;3982;0
147;18;336;14;58;56;99;3.60;3;1;1;74;0;5393699;475;0
147;18;336;14;58;57;7;3.80;4;1;1;76;0;5393707;992;0
147;18;336;14;58;57;99;3.40;5;2;1;81;0;5393799;265;0
147;18;336;14;58;57;99;3.60;2;1;1;81;0;5393799;485;0
147;18;336;14;58;57;99;3.20;6;2;1;79;0;5393799;86;0
147;18;336;14;58;57;99;3.40;4;1;1;76;0;5393799;74;0
147;18;336;14;58;59;6;3.00;3;1;1;73;0;5393906;189;0
147;18;336;14;58;59;24;3.60;2;1;1;83;0;5393924;109;0
147;18;336;14;58;59;99;3.80;5;2;1;85;0;5393999;184;0
147;18;336;14;58;59;99;3.80;4;1;1;77;0;5393999;183;0
147;18;336;14;58;59;99;3.80;6;2;1;80;0;5393999;185;0
147;18;336;14;59;0;31;3.40;5;2;1;88;0;5394031;15;0
147;18;336;14;59;0;47;3.20;1;1;1;83;0;5394047;330;0
147;18;336;14;59;1;92;3.20;6;2;1;77;0;5394192;175;0
147;18;336;14;59;1;99;5.60;4;1;1;81;0;5394199;182;0
147;18;336;14;59;2;24;3.80;2;1;1;83;0;5394224;284;0
147;18;336;14;59;2;19;3.40;3;1;1;73;0;5394219;298;0
147;18;336;14;59;3;41;3.40;6;2;1;76;0;5394341;134;5393699
147;18;336;14;59;3;72;3.80;2;1;1;81;0;5394372;131;5393699
147;18;336;14;59;4;99;3.80;1;1;1;90;0;5394499;438;0
147;18;336;14;59;5;20;3.40;8;2;1;86;0;5394520;1942;0
147;18;336;14;59;5;11;4.20;6;2;1;77;0;5394511;153;5393699
147;18;336;14;59;5;99;3.60;4;1;1;88;0;5394599;375;0
147;18;336;14;59;6;0;2.80;2;1;1;80;0;5394600;211;0
147;18;336;14;59;6;78;3.60;3;1;1;80;0;5394678;442;0
147;18;336;14;59;7;99;3.40;1;1;1;77;0;5394799;284;0
147;18;336;14;59;7;99;3.60;6;2;1;68;0;5394799;268;0
147;18;336;14;59;7;99;3.80;4;1;1;83;0;5394799;185;0
147;18;336;14;59;7;99;3.60;5;2;1;81;0;5394799;754;0
147;18;336;14;59;7;99;3.60;3;1;1;82;0;5394799;104;0
147;18;336;14;59;8;2;3.40;2;1;1;83;0;5394802;189;0
147;18;336;14;59;8;28;3.60;6;2;1;68;0;5394828;9;0
147;18;336;14;59;8;66;4.20;5;2;1;87;0;5394866;51;0
147;18;336;14;59;9;99;3.80;6;2;1;74;0;5394999;151;0
147;18;336;14;59;8;8;4.20;7;2;1;19;0;5394808;1592;0
147;18;336;14;59;9;99;3.60;2;1;1;82;0;5394999;182;0
147;18;336;14;59;10;1;3.80;8;2;1;76;0;5395001;466;0
147;18;336;14;59;11;99;3.60;7;2;1;79;0;5395199;311;0
147;18;336;14;59;13;8;3.60;7;2;1;77;0;5395308;92;0
147;18;336;14;59;13;45;3.20;6;2;1;66;0;5395345;327;0
147;18;336;14;59;14;99;3.20;3;1;1;78;0;5395499;684;0
147;18;336;14;59;15;99;3.60;8;2;1;73;0;5395599;580;0
147;18;336;14;59;15;99;2.80;6;2;1;69;0;5395599;236;0
147;18;336;14;59;16;35;4.20;8;2;1;72;0;5395635;18;0
147;18;336;14;59;16;57;3.20;4;1;1;81;0;5395657;841;0
147;18;336;14;59;16;51;3.80;6;2;1;70;0;5395651;37;0
147;18;336;14;59;17;99;4.60;1;1;1;75;0;5395799;984;0
147;18;336;14;59;18;6;3.40;6;2;1;70;0;5395806;135;0
147;18;336;14;59;18;15;3.60;8;2;1;73;0;5395815;159;0
147;18;336;14;59;18;51;3.40;3;1;1;79;0;5395851;337;0
147;18;336;14;59;19;99;3.60;4;1;1;83;0;5395999;327;0
147;18;336;14;59;19;99;3.20;6;2;1;72;0;5395999;175;0
147;18;336;14;59;19;99;3.60;3;1;1;68;0;5395999;132;0
147;18;336;14;59;20;99;3.20;3;1;1;66;0;5396099;80;0
147;18;336;14;59;20;0;3.80;6;2;1;74;0;5396000;-1;5395599
147;18;336;14;59;21;49;3.60;3;1;1;82;0;5396149;32;5395599
147;18;336;14;59;21;79;3.60;5;2;1;81;0;5396179;1295;0
147;18;336;14;59;21;80;3.40;2;1;1;73;0;5396180;1165;0
147;18;336;14;59;21;96;4.00;4;1;1;74;0;5396196;181;0
147;18;336;14;59;23;5;3.60;7;2;1;80;0;5396305;980;0
147;18;336;14;59;23;48;3.40;6;2;1;73;0;5396348;329;0
147;18;336;14;59;24;5;3.80;4;1;1;79;0;5396405;189;0
147;18;336;14;59;24;99;3.60;2;1;1;72;0;5396499;302;0
147;18;336;14;59;24;99;3.60;7;2;1;73;0;5396499;177;0
147;18;336;14;59;25;19;3.20;6;2;1;77;0;5396519;154;0
147;18;336;14;59;24;60;6.20;3;1;1;38;0;5396460;295;0
147;18;336;14;59;25;99;3.40;2;1;1;71;0;5396599;82;0
147;18;336;14;59;26;30;3.80;7;2;1;75;0;5396630;113;0
147;18;336;14;59;26;38;3.40;6;2;1;72;0;5396638;104;0
147;18;336;14;59;26;47;3.80;5;2;1;83;0;5396647;452;0
147;18;336;14;59;26;63;3.00;2;1;1;71;0;5396663;46;0
147;18;336;14;59;27;0;3.60;3;1;1;79;0;5396700;181;0
147;18;336;14;59;27;99;3.20;1;1;1;77;0;5396799;977;0
147;18;336;14;59;28;17;3.40;1;1;1;77;0;5396817;3;0
147;18;336;14;59;28;8;3.40;2;1;1;68;0;5396808;129;0
147;18;336;14;59;28;99;3.40;6;2;1;79;0;5396899;244;0
147;18;336;14;59;29;8;3.60;2;1;1;67;0;5396908;82;5396499
147;18;336;14;59;29;78;3.80;1;1;1;79;0;5396978;145;5396499
147;18;336;14;59;29;83;3.60;3;1;1;78;0;5396983;266;0
147;18;336;14;59;29;99;3.20;6;2;1;80;0;5396999;84;0
147;18;336;14;59;30;8;3.40;7;2;1;82;0;5397008;359;0
147;18;336;14;59;30;15;3.40;1;1;1;70;0;5397015;19;0
147;18;336;14;59;31;22;3.80;5;2;1;87;0;5397122;458;0
147;18;336;14;59;31;40;3.60;6;2;1;76;0;5397140;126;0
147;18;336;14;59;32;14;3.80;7;2;1;80;0;5397214;191;0
147;18;336;14;59;32;99;3.80;5;2;1;91;0;5397299;161;0
147;18;336;14;59;32;99;3.40;2;1;1;83;0;5397299;371;0
147;18;336;14;59;36;62;3.80;8;2;1;98;0;5397662;1829;0
147;18;336;14;59;37;99;3.00;6;2;1;75;0;5397799;641;0
147;18;336;14;59;38;99;3.60;6;2;1;77;0;5397899;85;0
147;18;336;14;59;40;99;3.80;3;1;1;80;0;5398099;1099;0
147;18;336;14;59;41;34;3.20;6;2;1;81;0;5398134;218;0
147;18;336;14;59;41;46;3.20;3;1;1;78;0;5398146;29;0
147;18;336;14;59;42;99;3.80;6;2;1;82;0;5398299;150;0
147;18;336;14;59;43;24;4.00;2;1;1;81;0;5398324;1010;0
147;18;336;14;59;43;99;3.00;4;1;1;85;0;5398399;1976;0
147;18;336;14;59;43;99;3.80;3;1;1;76;0;5398399;238;0
147;18;336;14;59;44;37;3.60;6;2;1;78;0;5398437;121;0
147;18;336;14;59;45;99;3.60;8;2;1;75;0;5398599;923;0
147;18;336;14;59;46;39;4.00;4;1;1;84;0;5398639;227;0
147;18;336;14;59;47;70;3.40;7;2;1;79;0;5398770;1538;0
147;18;336;14;59;48;99;3.40;7;2;1;78;0;5398899;113;0
147;18;336;14;59;48;99;3.60;3;1;1;72;0;5398899;482;0
147;18;336;14;59;49;18;4.00;4;1;1;82;0;5398918;261;0
147;18;336;14;59;49;38;3.80;2;1;1;82;0;5398938;596;0
147;18;336;14;59;49;30;3.80;3;1;1;74;0;5398930;13;0
147;18;336;14;59;49;85;4.00;1;1;1;70;0;5398985;1952;0
147;18;336;14;59;50;99;4.00;2;1;1;83;0;5399099;144;0
147;18;336;14;59;50;99;3.60;6;2;1;79;0;5399099;645;0
147;18;336;14;59;51;99;3.40;3;1;1;75;0;5399199;250;0
147;18;336;14;59;51;99;3.80;4;1;1;82;0;5399199;263;0
147;18;336;14;59;51;0;3.20;5;2;1;79;0;5399100;1785;0
147;18;336;14;59;51;6;3.80;7;2;1;83;0;5399106;191;0
147;18;336;14;59;52;14;3.80;3;1;1;71;0;5399214;-1;0
147;18;336;14;59;52;99;3.60;2;1;1;77;0;5399299;182;0
147;18;336;14;59;52;99;3.60;3;1;1;68;0;5399299;65;0
147;18;336;14;59;53;99;3.40;5;2;1;83;0;5399399;284;0
147;18;336;14;59;53;99;3.60;8;2;1;84;0;5399399;782;0
147;18;336;14;59;54;43;3.40;3;1;1;74;0;5399443;124;0
147;18;336;14;59;56;5;3.40;6;2;1;82;0;5399605;489;0
147;18;336;14;59;56;99;3.60;3;1;1;75;0;5399699;239;0
147;18;336;14;59;57;27;3.40;6;2;1;83;0;5399727;107;0
147;18;336;14;59;57;94;3.40;5;2;1;81;0;5399794;380;0
147;18;336;14;59;58;99;3.40;5;2;1;81;0;5399899;89;0
147;18;336;14;59;58;99;3.60;3;1;1;75;0;5399899;182;0
147;18;336;14;59;58;99;3.40;4;1;1;78;0;5399899;683;0
147;18;336;14;59;59;14;4.00;8;2;1;81;0;5399914;499;0
147;18;336;14;59;59;48;3.60;3;1;1;69;0;5399948;31;0
147;18;336;15;0;0;26;3.20;4;1;1;77;0;5400026;111;0
147;18;336;15;0;0;97;4.20;1;1;1;80;0;5400097;1091;0
147;18;336;15;0;0;99;3.00;2;1;1;76;0;5400099;783;0
147;18;336;15;0;1;99;3.20;3;1;1;71;0;5400199;232;0
147;18;336;15;0;1;99;3.80;4;1;1;83;0;5400199;158;0
147;18;336;15;0;1;7;3.60;3;1;1;69;0;5400107;-1;0
147;18;336;15;0;2;90;3.60;2;1;1;74;0;5400290;176;0
147;18;336;15;0;3;99;5.00;3;1;1;70;0;5400399;273;0
147;18;336;15;0;4;7;3.40;4;1;1;75;0;5400407;191;0
147;18;336;15;0;4;33;4.00;2;1;1;74;0;5400433;125;0
147;18;336;15;0;5;84;3.80;3;1;1;78;0;5400584;159;0
147;18;336;15;0;6;99;3.40;2;1;1;74;0;5400699;246;0
147;18;336;15;0;7;61;3.20;3;1;1;76;0;5400761;159;0
147;18;336;15;0;7;75;3.00;1;1;1;73;0;5400775;659;0
147;18;336;15;0;8;22;4.00;7;2;1;81;0;5400822;1699;0
147;18;336;15;0;8;99;3.80;4;1;1;82;0;5400899;475;0
147;18;336;15;0;8;99;3.40;6;2;1;85;0;5400899;1157;0
147;18;336;15;0;9;5;3.40;4;1;1;80;0;5400905;-1;0
147;18;336;15;0;9;12;4.20;7;2;1;80;0;5400912;72;0
147;18;336;15;0;9;36;3.60;5;2;1;88;0;5400936;1021;0
147;18;336;15;0;10;99;3.20;5;2;1;86;0;5401099;148;0
147;18;336;15;0;10;99;3.80;4;1;1;81;0;5401099;178;0
147;18;336;15;0;11;99;3.80;7;2;1;69;0;5401199;268;0
147;18;336;15;0;11;99;3.60;3;1;1;72;0;5401199;422;0
147;18;336;15;0;11;99;3.40;6;2;1;78;0;5401199;285;0
147;18;336;15;0;11;99;3.60;2;1;1;79;0;5401199;483;0
147;18;336;15;0;11;89;11.00;4;1;3;81;0;5401189;73;0
147;18;336;15;0;12;29;23.40;3;1;5;72;0;5401229;12;0
147;18;336;15;0;13;99;3.00;6;2;1;76;0;5401399;184;0
147;18;336;15;0;14;4;3.60;6;2;1;72;0;5401404;-1;0
147;18;336;15;0;15;4;3.60;3;1;1;74;0;5401504;158;0
147;18;336;15;0;15;69;3.40;5;2;1;78;0;5401569;456;0
147;18;336;15;0;15;99;5.60;3;1;1;74;0;5401599;77;0
147;18;336;15;0;16;99;3.40;2;1;1;72;0;5401699;483;0
147;18;336;15;0;17;24;3.40;4;1;1;82;0;5401724;486;0
147;18;336;15;0;17;0;3.00;3;1;1;74;0;5401700;73;5401199
147;18;336;15;0;17;4;3.40;6;2;1;71;0;5401704;282;0
147;18;336;15;0;17;59;3.80;2;1;1;72;0;5401759;43;0
147;18;336;15;0;18;99;3.40;4;1;1;81;0;5401899;160;0
147;18;336;15;0;18;99;3.60;2;1;1;68;0;5401899;121;0
147;18;336;15;0;18;99;3.60;6;2;1;76;0;5401899;177;0
147;18;336;15;0;19;99;3.80;4;1;1;82;0;5401999;84;0
147;18;336;15;0;19;99;3.60;2;1;1;66;0;5401999;80;0
147;18;336;15;0;19;99;3.40;3;1;1;72;0;5401999;284;0
147;18;336;15;0;20;2;3.80;7;2;1;77;0;5402002;783;0
147;18;336;15;0;20;81;3.40;6;2;1;84;0;5402081;164;0
147;18;336;15;0;20;88;3.40;3;1;1;72;0;5402088;72;0
147;18;336;15;0;20;99;3.80;4;1;1;83;0;5402099;83;0
147;18;336;15;0;21;99;4.40;2;1;1;81;0;5402199;180;5401699
147;18;336;15;0;21;99;3.20;3;1;1;76;0;5402199;94;5401699
147;18;336;15;0;21;99;4.00;4;1;1;78;0;5402199;83;5401724
147;18;336;15;0;22;50;3.60;6;2;1;79;0;5402250;154;5401724
147;18;336;15;0;23;99;3.80;3;1;1;75;0;5402399;184;5401724
147;18;336;15;0;24;14;3.80;2;1;1;74;0;5402414;195;5401699
147;18;336;15;0;25;45;3.60;3;1;1;77;0;5402545;127;5401999
147;18;336;15;0;26;99;3.80;1;1;1;77;0;5402699;1909;0
147;18;336;15;0;26;99;3.80;8;2;1;79;0;5402699;2767;0
147;18;336;15;0;27;99;3.80;7;2;1;81;0;5402799;779;0
147;18;336;15;0;27;3;3.00;2;1;1;73;0;5402703;270;0
147;18;336;15;0;27;24;3.60;6;2;1;79;0;5402724;457;0
147;18;336;15;0;28;78;3.60;3;1;1;79;0;5402878;316;0
147;18;336;15;0;29;22;3.40;5;2;1;80;0;5402922;1337;0
147;18;336;15;0;29;99;3.20;6;2;1;76;0;5402999;258;0
147;18;336;15;0;30;22;16.40;3;1;4;72;0;5403022;127;0
147;18;336;15;0;31;99;3.60;6;2;1;77;0;5403199;184;0
147;18;336;15;0;31;99;3.60;2;1;1;68;0;5403199;481;0
147;18;336;15;0;32;99;3.40;4;1;1;76;0;5403299;1081;0
147;18;336;15;0;32;29;3.60;6;2;1;76;0;5403229;13;0
147;18;336;15;0;32;22;4.20;3;1;1;69;0;5403222;118;0
147;18;336;15;0;33;99;3.00;3;1;1;69;0;5403399;155;0
147;18;336;15;0;34;3;3.20;2;1;1;70;0;5403403;184;0
147;18;336;15;0;34;99;3.40;6;2;1;73;0;5403499;252;0
147;18;336;15;0;35;4;3.20;4;1;1;79;0;5403504;188;0
147;18;336;15;0;35;99;5.20;3;1;1;71;0;5403599;184;5402878
147;18;336;15;0;35;16;3.60;2;1;1;76;0;5403516;96;5402878
147;18;336;15;0;35;17;3.80;6;2;1;73;0;5403517;1;5402878
147;18;336;15;0;36;99;4.20;8;2;1;85;0;5403699;982;0
147;18;336;15;0;37;1;3.40;3;1;1;71;0;5403701;75;5402878
147;18;336;15;0;37;4;4.00;6;2;1;72;0;5403704;168;5402878
147;18;336;15;0;37;19;3.60;5;2;1;80;0;5403719;781;0
147;18;336;15;0;37;99;3.40;1;1;1;77;0;5403799;1082;0
147;18;336;15;0;37;14;3.00;7;2;1;80;0;5403714;898;0
147;18;336;15;0;38;73;3.00;3;1;1;73;0;5403873;154;5402878
147;18;336;15;0;38;99;3.60;1;1;1;76;0;5403899;84;5402878
147;18;336;15;0;39;99;3.60;5;2;1;74;0;5403999;263;0
147;18;336;15;0;40;5;3.60;8;2;1;79;0;5404005;288;0
147;18;336;15;0;40;99;4.20;6;2;1;74;0;5404099;375;0
147;18;336;15;0;40;16;3.60;1;1;1;74;0;5404016;99;0
147;18;336;15;0;40;38;3.40;3;1;1;71;0;5404038;150;5402878
147;18;336;15;0;41;99;3.00;3;1;1;70;0;5404199;143;5402878
147;18;336;15;0;41;99;3.00;2;1;1;79;0;5404199;665;0
147;18;336;15;0;42;8;3.80;6;2;1;77;0;5404208;88;0
147;18;336;15;0;42;99;3.80;4;1;1;79;0;5404299;780;0
147;18;336;15;0;42;99;3.80;5;2;1;81;0;5404299;282;0
147;18;336;15;0;42;99;4.00;3;1;1;73;0;5404299;84;5402878
147;18;336;15;0;44;99;3.60;6;2;1;80;0;5404499;273;0
147;18;336;15;0;44;99;3.80;3;1;1;76;0;5404499;180;5402878
147;18;336;15;0;45;13;3.60;2;1;1;84;0;5404513;300;0
147;18;336;15;0;47;3;3.00;2;1;1;74;0;5404703;174;0
147;18;336;15;0;48;68;3.20;6;2;1;79;0;5404868;352;0
147;18;336;15;0;48;83;3.20;2;1;1;74;0;5404883;165;0
147;18;336;15;0;48;91;3.40;3;1;1;81;0;5404891;374;0
147;18;336;15;0;49;13;4.60;7;2;1;78;0;5404913;1185;0
147;18;336;15;0;49;99;3.80;6;2;1;81;0;5404999;116;0
147;18;336;15;0;49;99;3.80;7;2;1;74;0;5404999;64;0
147;18;336;15;0;50;13;3.60;4;1;1;82;0;5405013;696;0
147;18;336;15;0;50;99;4.20;2;1;1;73;0;5405099;200;0
147;18;336;15;0;50;99;3.20;7;2;1;75;0;5405099;81;0
147;18;336;15;0;51;26;3.40;6;2;1;80;0;5405126;110;0
147;18;336;15;0;51;99;3.20;2;1;1;74;0;5405199;79;0
147;18;336;15;0;51;99;3.80;4;1;1;91;0;5405199;170;0
147;18;336;15;0;53;15;3.20;2;1;1;75;0;5405315;100;0
147;18;336;15;0;53;55;3.00;5;2;1;71;0;5405355;1039;0
147;18;336;15;0;54;99;3.60;5;2;1;69;0;5405499;128;0
147;18;336;15;0;54;96;15.40;3;1;4;80;0;5405496;589;0
147;18;336;15;0;55;5;3.60;4;1;1;89;0;5405505;290;0
147;18;336;15;0;55;99;3.60;1;1;1;86;0;5405599;1565;0
147;18;336;15;0;55;99;4.20;6;2;1;79;0;5405599;457;0
147;18;336;15;0;55;11;3.40;4;1;1;88;0;5405511;-1;0
147;18;336;15;0;55;7;3.80;7;2;1;80;0;5405507;392;0
147;18;336;15;0;56;14;3.60;5;2;1;69;0;5405614;96;0
147;18;336;15;0;56;99;3.00;8;2;1;70;0;5405699;1677;0
147;18;336;15;0;57;99;3.60;5;2;1;81;0;5405799;166;0
147;18;336;15;0;58;16;4.00;5;2;1;81;0;5405816;1;5405355
147;18;336;15;0;58;49;3.80;6;2;1;75;0;5405849;230;0
147;18;336;15;0;59;99;5.20;5;2;1;82;0;5405999;165;5405355
147;18;336;15;1;0;99;3.80;2;1;1;76;0;5406099;768;0
147;18;336;15;1;1;99;3.80;5;2;1;84;0;5406199;177;5405355
147;18;336;15;1;1;99;3.80;1;1;1;76;0;5406199;584;0
147;18;336;15;1;2;99;3.60;8;2;1;75;0;5406299;584;0
147;18;336;15;1;3;10;3.60;6;2;1;81;0;5406310;442;0
147;18;336;15;1;6;32;3.80;4;1;1;77;0;5406632;1107;0
147;18;336;15;1;6;41;3.60;5;2;1;84;0;5406641;425;0
147;18;336;15;1;7;99;3.40;6;2;1;79;0;5406799;473;0
147;18;336;15;1;7;99;3.20;7;2;1;71;0;5406799;1274;0
147;18;336;15;1;9;13;3.80;7;2;1;71;0;5406913;97;0
147;18;336;15;1;10;19;4.00;6;2;1;79;0;5407019;204;0
147;18;336;15;1;10;99;3.80;3;1;1;73;0;5407099;1533;0
147;18;336;15;1;12;11;3.60;6;2;1;76;0;5407211;173;0
147;18;336;15;1;12;99;3.60;8;2;1;81;0;5407299;982;0
147;18;336;15;1;12;99;3.60;3;1;1;78;0;5407299;181;0
147;18;336;15;1;13;19;3.80;4;1;1;81;0;5407319;669;0
147;18;336;15;1;14;5;3.40;7;2;1;88;0;5407405;472;0
147;18;336;15;1;14;86;3.60;8;2;1;78;0;5407486;171;0
147;18;336;15;1;14;99;3.40;6;2;1;84;0;5407499;270;0
147;18;336;15;1;16;22;3.60;3;1;1;78;0;5407622;306;0
147;18;336;15;1;17;99;5.20;3;1;1;79;0;5407799;160;0
147;18;336;15;1;18;1;3.80;1;1;1;77;0;5407801;1584;0
147;18;336;15;1;18;4;4.00;4;1;1;80;0;5407804;468;0
147;18;336;15;1;18;99;3.60;7;2;1;77;0;5407899;480;0
147;18;336;15;1;19;78;3.40;3;1;1;75;0;5407978;155;0
147;18;336;15;1;19;99;3.60;4;1;1;82;0;5407999;177;0
147;18;336;15;1;20;99;3.00;5;2;1;81;0;5408099;1442;0
147;18;336;15;1;20;99;3.60;6;2;1;75;0;5408099;585;0
147;18;336;15;1;20;99;3.00;2;1;1;79;0;5408099;1982;0
147;18;336;15;1;21;52;3.60;5;2;1;85;0;5408152;39;0
147;18;336;15;1;22;8;3.60;6;2;1;75;0;5408208;91;0
147;18;336;15;1;23;10;4.20;4;1;1;81;0;5408310;295;0
147;18;336;15;1;23;10;4.40;8;2;1;74;0;5408310;807;0
147;18;336;15;1;23;99;3.60;5;2;1;84;0;5408399;231;0
147;18;336;15;1;23;99;4.60;6;2;1;75;0;5408399;173;0
147;18;336;15;1;23;99;3.40;1;1;1;79;0;5408399;580;0
147;18;336;15;1;23;99;3.40;3;1;1;75;0;5408399;404;0
147;18;336;15;1;24;21;3.80;4;1;1;83;0;5408421;92;0
147;18;336;15;1;24;56;3.80;5;2;1;85;0;5408456;41;0
147;18;336;15;1;24;61;3.60;6;2;1;75;0;5408461;39;0
147;18;336;15;1;26;25;3.20;7;2;1;83;0;5408625;709;0
147;18;336;15;1;26;27;3.60;4;1;1;83;0;5408627;189;0
147;18;336;15;1;26;99;3.60;3;1;1;74;0;5408699;283;0
147;18;336;15;1;26;42;3.60;5;2;1;84;0;5408642;169;0
147;18;336;15;1;27;99;3.60;2;1;1;71;0;5408799;686;0
147;18;336;15;1;27;99;3.80;6;2;1;77;0;5408799;320;0
147;18;336;15;1;28;3;4.20;7;2;1;85;0;5408803;164;0
147;18;336;15;1;28;14;3.40;2;1;1;70;0;5408814;-1;0
147;18;336;15;1;28;99;3.00;1;1;1;69;0;5408899;484;0
147;18;336;15;1;29;73;3.40;2;1;1;68;0;5408973;141;0
147;18;336;15;1;29;86;3.80;4;1;1;83;0;5408986;343;0
147;18;336;15;1;30;6;3.80;3;1;1;84;0;5409006;289;0
147;18;336;15;1;30;99;3.60;7;2;1;82;0;5409099;278;0
147;18;336;15;1;31;99;3.80;6;2;1;87;0;5409199;382;0
147;18;336;15;1;32;7;4.00;5;2;1;81;0;5409207;549;0
147;18;336;15;1;32;11;3.60;2;1;1;70;0;5409211;220;0
147;18;336;15;1;32;99;3.60;2;1;1;70;0;5409299;69;0
147;18;336;15;1;32;99;8.00;6;2;6;82;0;5409299;84;0
147;18;336;15;1;33;16;3.60;7;2;1;80;0;5409316;201;0
147;18;336;15;1;33;99;3.40;2;1;1;65;0;5409399;81;0
147;18;336;15;1;34;28;3.80;5;2;1;87;0;5409428;203;0
147;18;336;15;1;34;58;3.40;7;2;1;80;0;5409458;125;0
147;18;336;15;1;35;99;2.80;3;1;1;70;0;5409599;576;0
147;18;336;15;1;35;99;3.20;6;2;1;77;0;5409599;264;0
147;18;336;15;1;35;99;2.80;2;1;1;66;0;5409599;181;0
147;18;336;15;1;36;2;3.00;5;2;1;98;0;5409602;158;0
147;18;336;15;1;36;28;3.00;6;2;1;74;0;5409628;14;0
147;18;336;15;1;37;22;3.60;3;1;1;75;0;5409722;108;0
147;18;336;15;1;37;79;3.20;2;1;1;73;0;5409779;164;5409211
147;18;336;15;1;38;31;3.00;6;2;1;80;0;5409831;188;5409211
147;18;336;15;1;38;99;3.60;2;1;1;70;0;5409899;104;5409211
147;18;336;15;1;38;99;3.60;5;2;1;99;0;5409899;285;0
147;18;336;15;1;38;99;3.60;3;1;1;70;0;5409899;159;0
147;18;336;15;1;38;99;3.80;4;1;1;80;0;5409899;896;0
147;18;336;15;1;39;22;3.20;2;1;1;74;0;5409922;4;5409211
147;18;336;15;1;40;10;3.60;6;2;1;82;0;5410010;165;5409211
147;18;336;15;1;40;99;3.60;4;1;1;79;0;5410099;182;5409211
147;18;336;15;1;40;99;3.60;3;1;1;73;0;5410099;181;5409211
147;18;336;15;1;41;7;3.60;7;2;1;87;0;5410107;633;0
147;18;336;15;1;42;56;3.60;4;1;1;80;0;5410256;140;0
147;18;336;15;1;42;99;3.60;3;1;1;74;0;5410299;182;5409599
147;18;336;15;1;43;99;3.80;7;2;1;89;0;5410399;277;0
147;18;336;15;1;44;8;3.60;4;1;1;81;0;5410408;135;0
147;18;336;15;1;44;26;3.60;6;2;1;91;0;5410426;400;0
147;18;336;15;1;45;99;3.80;7;2;1;86;0;5410599;184;0
147;18;336;15;1;45;99;4.00;5;2;1;95;0;5410599;686;0
147;18;336;15;1;46;22;3.80;4;1;1;79;0;5410622;198;5409899
147;18;336;15;1;46;99;3.80;3;1;1;72;0;5410699;382;0
147;18;336;15;1;47;71;3.40;4;1;1;77;0;5410771;131;5409899
147;18;336;15;1;48;2;4.00;3;1;1;72;0;5410802;84;5409899
147;18;336;15;1;48;99;3.60;7;2;1;86;0;5410899;284;0
147;18;336;15;1;48;99;3.60;4;1;1;79;0;5410899;112;5409899
147;18;336;15;1;51;99;3.40;6;2;1;82;0;5411199;758;0
147;18;336;15;1;52;32;3.40;2;1;1;67;0;5411232;1294;0
147;18;336;15;1;54;99;3.00;3;1;1;73;0;5411499;677;0
147;18;336;15;1;55;12;3.40;6;2;1;78;0;5411512;298;0
147;18;336;15;1;56;99;3.40;4;1;1;81;0;5411699;783;0
147;18;336;15;1;57;1;3.40;6;2;1;85;0;5411701;173;0
147;18;336;15;1;57;40;3.60;4;1;1;79;0;5411740;25;0
147;18;336;15;1;58;99;3.40;3;1;1;66;0;5411899;385;0
147;18;336;15;1;59;99;3.40;2;1;1;65;0;5411999;748;0
147;18;336;15;1;59;24;4.20;3;1;1;71;0;5411924;6;0
147;18;336;15;2;0;22;3.60;6;2;1;78;0;5412022;306;0
147;18;336;15;2;0;52;4.60;4;1;1;73;0;5412052;295;0
147;18;336;15;2;0;73;3.20;2;1;1;66;0;5412073;55;0
147;18;336;15;2;0;99;3.80;5;2;1;84;0;5412099;1484;0
147;18;336;15;2;0;99;3.80;4;1;1;74;0;5412099;24;0
147;18;336;15;2;1;22;3.60;7;2;1;81;0;5412122;1207;0
147;18;336;15;2;1;99;3.40;3;1;1;70;0;5412199;253;0
147;18;336;15;2;1;99;3.60;2;1;1;66;0;5412199;108;0
147;18;336;15;2;2;70;3.60;6;2;1;68;0;5412270;231;0
147;18;336;15;2;3;12;3.80;3;1;1;72;0;5412312;95;0
147;18;336;15;2;3;99;3.40;2;1;1;69;0;5412399;180;0
147;18;336;15;2;3;99;3.20;7;2;1;76;0;5412399;261;0
147;18;336;15;2;3;99;4.60;6;2;1;78;0;5412399;109;0
147;18;336;15;2;4;99;3.20;3;1;1;71;0;5412499;168;0
147;18;336;15;2;4;99;3.80;4;1;1;79;0;5412499;381;0
147;18;336;15;2;4;11;3.60;2;1;1;65;0;5412411;-1;5411999
147;18;336;15;2;4;97;9.60;1;1;2;70;0;5412497;3582;0
147;18;336;15;2;5;70;3.20;6;2;1;72;0;5412570;149;0
147;18;336;15;2;5;75;3.80;4;1;1;76;0;5412575;58;0
147;18;336;15;2;5;85;3.60;5;2;1;83;0;5412585;469;0
147;18;336;15;2;5;96;3.40;3;1;1;72;0;5412596;80;0
147;18;336;15;2;6;21;3.20;4;1;1;77;0;5412621;28;0
147;18;336;15;2;6;99;3.60;6;2;1;71;0;5412699;113;0
147;18;336;15;2;7;16;3.40;2;1;1;68;0;5412716;285;0
147;18;336;15;2;8;99;3.20;2;1;1;66;0;5412899;165;0
147;18;336;15;2;9;17;3.80;6;2;1;73;0;5412917;199;5412270
147;18;336;15;2;9;99;3.00;2;1;1;67;0;5412999;82;5412270
147;18;336;15;2;10;68;3.60;6;2;1;76;0;5413068;132;5412270
147;18;336;15;2;10;99;3.60;3;1;1;80;0;5413099;486;0
147;18;336;15;2;11;99;3.20;2;1;1;69;0;5413199;183;0
147;18;336;15;2;11;99;3.40;6;2;1;75;0;5413199;113;5412270
147;18;336;15;2;12;47;3.60;2;1;1;72;0;5413247;31;5412716
147;18;336;15;2;13;13;3.00;6;2;1;75;0;5413313;97;5412270
147;18;336;15;2;14;99;3.60;6;2;1;77;0;5413499;171;5412270
147;18;336;15;2;14;99;3.60;3;1;1;77;0;5413499;383;0
147;18;336;15;2;15;73;3.40;4;1;1;82;0;5413573;937;0
147;18;336;15;2;15;71;3.40;6;2;1;73;0;5413571;55;5412270
147;18;336;15;2;16;17;3.40;3;1;1;74;0;5413617;101;5412270
147;18;336;15;2;16;99;3.60;4;1;1;81;0;5413699;111;5412270
147;18;336;15;2;17;13;3.80;6;2;1;77;0;5413713;125;5412270
147;18;336;15;2;17;10;3.60;4;1;1;79;0;5413710;-1;5412270
147;18;336;15;2;17;35;3.40;3;1;1;80;0;5413735;101;5412270
147;18;336;15;2;18;10;3.60;1;1;1;81;0;5413810;1263;0
147;18;336;15;2;18;81;3.60;4;1;1;80;0;5413881;154;0
147;18;336;15;2;19;99;3.80;3;1;1;80;0;5413999;248;0
147;18;336;15;2;19;99;16.00;4;1;4;81;0;5413999;101;5413573
147;18;336;15;2;20;31;3.60;2;1;1;76;0;5414031;766;0
147;18;336;15;2;21;23;3.20;4;1;1;81;0;5414123;52;5413573
147;18;336;15;2;21;99;3.00;6;2;1;76;0;5414199;468;0
147;18;336;15;2;22;99;3.60;3;1;1;78;0;5414299;282;0
147;18;336;15;2;22;99;3.60;1;1;1;89;0;5414299;473;0
147;18;336;15;2;22;19;3.40;4;1;1;81;0;5414219;81;5413573
147;18;336;15;2;23;0;3.60;6;2;1;79;0;5414300;86;5413573
147;18;336;15;2;23;99;3.60;3;1;1;75;0;5414399;83;5413573
147;18;336;15;2;25;22;3.40;4;1;1;80;0;5414522;287;0
147;18;336;15;2;25;7;3.80;2;1;1;83;0;5414507;458;0
147;18;336;15;2;25;26;3.40;3;1;1;78;0;5414526;109;0
147;18;336;15;2;25;58;3.80;5;2;1;82;0;5414558;1957;0
147;18;336;15;2;25;67;3.40;7;2;1;79;0;5414567;2152;0
147;18;336;15;2;26;99;3.80;4;1;1;80;0;5414699;161;0
147;18;336;15;2;27;99;3.20;4;1;1;78;0;5414799;82;0
147;18;336;15;2;28;17;3.60;6;2;1;76;0;5414817;500;0
147;18;336;15;2;29;24;3.80;7;2;1;78;0;5414924;341;0
147;18;336;15;2;28;99;3.00;1;1;1;78;0;5414899;585;0
147;18;336;15;2;29;99;3.60;6;2;1;77;0;5414999;164;0
147;18;336;15;2;29;99;3.60;3;1;1;77;0;5414999;457;0
147;18;336;15;2;30;8;3.00;4;1;1;78;0;5415008;194;0
147;18;336;15;2;30;99;3.40;6;2;1;75;0;5415099;83;0
147;18;336;15;2;30;37;3.80;3;1;1;75;0;5415037;21;0
147;18;336;15;2;31;92;3.60;1;1;1;77;0;5415192;279;0
147;18;336;15;2;31;92;3.80;8;2;1;77;0;5415192;6860;0
147;18;336;15;2;31;95;3.80;6;2;1;77;0;5415195;79;0
147;18;336;15;2;31;99;4.00;4;1;1;80;0;5415199;177;5414522
147;18;336;15;2;31;99;3.60;3;1;1;73;0;5415199;143;5414522
147;18;336;15;2;32;99;3.80;7;2;1;76;0;5415299;357;0
147;18;336;15;2;33;16;3.60;2;1;1;80;0;5415316;792;0
147;18;336;15;2;34;99;3.60;3;1;1;78;0;5415499;282;0
147;18;336;15;2;35;1;5.40;4;1;1;84;0;5415501;284;0
147;18;336;15;2;36;99;3.60;3;1;1;84;0;5415699;183;0
147;18;336;15;2;37;99;3.40;2;1;1;80;0;5415799;466;0
147;18;336;15;2;38;15;4.00;3;1;1;81;0;5415815;100;0
147;18;336;15;2;39;99;3.60;4;1;1;77;0;5415999;474;0
147;18;336;15;2;39;99;5.20;5;2;1;84;0;5415999;1424;0
147;18;336;15;2;39;99;4.40;2;1;1;76;0;5415999;184;0
147;18;336;15;2;40;16;3.20;6;2;1;79;0;5416016;803;0
147;18;336;15;2;40;28;3.20;1;1;1;85;0;5416028;819;0
147;18;336;15;2;40;29;2.80;4;1;1;76;0;5416029;13;0
147;18;336;15;2;40;99;3.80;7;2;1;81;0;5416099;782;0
147;18;336;15;2;40;20;4.00;5;2;1;84;0;5416020;-1;0
147;18;336;15;2;41;99;3.00;2;1;1;75;0;5416199;179;0
147;18;336;15;2;42;99;3.20;1;1;1;70;0;5416299;257;0
147;18;336;15;2;43;49;3.40;4;1;1;74;0;5416349;306;0
147;18;336;15;2;45;3;3.40;7;2;1;76;0;5416503;387;0
147;18;336;15;2;45;12;3.60;3;1;1;78;0;5416512;679;0
147;18;336;15;2;45;0;3.60;5;2;1;91;0;5416500;462;0
147;18;336;15;2;46;61;3.40;3;1;1;71;0;5416661;132;0
147;18;336;15;2;46;99;3.00;6;2;1;75;0;5416699;668;0
147;18;336;15;2;48;12;3.40;7;2;1;84;0;5416812;292;0
147;18;336;15;2;48;15;3.80;6;2;1;77;0;5416815;101;0
147;18;336;15;2;50;99;3.60;6;2;1;76;0;5417099;266;0
147;18;336;15;2;50;8;3.40;3;1;1;73;0;5417008;329;0
147;18;336;15;2;51;33;4.00;8;2;1;93;0;5417133;1923;0
147;18;336;15;2;52;10;3.80;6;2;1;77;0;5417210;93;0
147;18;336;15;2;53;23;3.80;6;2;1;80;0;5417323;95;0
147;18;336;15;2;54;99;3.80;6;2;1;84;0;5417499;158;0
147;18;336;15;2;54;74;15.80;4;1;4;83;0;5417474;1108;0
147;18;336;15;2;54;99;4.00;7;2;1;75;0;5417499;672;0
147;18;336;15;2;55;99;3.00;3;1;1;77;0;5417599;574;0
147;18;336;15;2;55;3;4.00;4;1;1;83;0;5417503;-1;0
147;18;336;15;2;56;23;3.20;5;2;1;82;0;5417623;1108;0
147;18;336;15;2;56;99;3.20;3;1;1;73;0;5417699;85;0
147;18;336;15;2;57;99;3.60;2;1;1;76;0;5417799;1585;0
147;18;336;15;2;58;7;3.60;6;2;1;82;0;5417807;291;0
147;18;336;15;2;58;8;4.00;5;2;1;81;0;5417808;170;0
147;18;336;15;2;58;99;3.80;3;1;1;73;0;5417899;184;0
147;18;336;15;2;58;35;3.40;5;2;1;81;0;5417835;9;0
147;18;336;15;2;59;18;3.40;4;1;1;81;0;5417918;397;0
147;18;336;15;3;0;99;3.60;3;1;1;74;0;5418099;181;0
147;18;336;15;3;1;3;3.60;4;1;1;80;0;5418103;169;0
147;18;336;15;3;1;64;3.80;3;1;1;76;0;5418164;47;5417599
147;18;336;15;3;2;99;3.80;4;1;1;79;0;5418299;179;5417599
147;18;336;15;3;2;99;3.40;5;2;1;79;0;5418299;448;0
147;18;336;15;3;2;99;3.40;6;2;1;78;0;5418299;476;0
147;18;336;15;3;3;30;4.00;7;2;1;85;0;5418330;811;0
147;18;336;15;3;4;65;3.20;4;1;1;78;0;5418465;148;0
147;18;336;15;3;5;99;3.20;3;1;1;75;0;5418599;417;0
147;18;336;15;3;6;10;5.80;6;2;1;74;0;5418610;295;0
147;18;336;15;3;6;62;3.40;5;2;1;89;0;5418662;347;0
147;18;336;15;3;7;99;3.60;8;2;1;79;0;5418799;1650;0
147;18;336;15;3;7;99;3.80;5;2;1;86;0;5418799;123;0
147;18;336;15;3;7;99;4.40;2;1;1;84;0;5418799;982;0
147;18;336;15;3;8;4;3.40;6;2;1;75;0;5418804;165;0
147;18;336;15;3;8;99;3.60;7;2;1;83;0;5418899;552;0
147;18;336;15;3;9;6;3.60;5;2;1;85;0;5418906;91;0
147;18;336;15;3;9;72;3.00;3;1;1;84;0;5418972;357;0
147;18;336;15;3;9;65;3.80;2;1;1;75;0;5418965;147;0
147;18;336;15;3;9;99;3.80;4;1;1;84;0;5418999;519;0
147;18;336;15;3;9;79;7.60;7;2;6;79;0;5418979;64;0
147;18;336;15;3;10;99;3.80;4;1;1;84;0;5419099;83;0
147;18;336;15;3;10;99;3.40;6;2;1;81;0;5419099;278;0
147;18;336;15;3;10;99;3.60;7;2;1;76;0;5419099;85;0
147;18;336;15;3;11;3;3.40;2;1;1;74;0;5419103;119;0
147;18;336;15;3;12;99;3.80;6;2;1;77;0;5419299;184;0
147;18;336;15;3;12;99;3.60;3;1;1;81;0;5419299;314;0
147;18;336;15;3;13;99;3.80;8;2;1;84;0;5419399;583;0
147;18;336;15;3;13;99;3.60;2;1;1;69;0;5419399;279;0
147;18;336;15;3;14;23;3.40;6;2;1;78;0;5419423;106;0
147;18;336;15;3;14;99;4.20;2;1;1;66;0;5419499;81;0
147;18;336;15;3;15;99;3.40;1;1;1;77;0;5419599;3283;0
147;18;336;15;3;15;99;3.60;4;1;1;78;0;5419599;483;0
147;18;336;15;3;15;99;3.00;3;1;1;76;0;5419599;284;0
147;18;336;15;3;16;16;4.00;1;1;1;74;0;5419616;1;0
147;18;336;15;3;16;26;3.60;6;2;1;80;0;5419626;187;0
147;18;336;15;3;17;0;3.40;4;1;1;81;0;5419700;84;0
147;18;336;15;3;17;11;2.80;3;1;1;76;0;5419711;97;0
147;18;336;15;3;17;22;3.80;1;1;1;84;0;5419722;86;0
147;18;336;15;3;18;99;3.60;2;1;1;73;0;5419899;377;0
147;18;336;15;3;20;0;3.60;2;1;1;75;0;5420000;83;0
147;18;336;15;3;20;99;4.00;6;2;1;81;0;5420099;456;0
147;18;336;15;3;21;15;3.80;7;2;1;79;0;5420115;998;0
147;18;336;15;3;21;99;3.80;2;1;1;80;0;5420199;181;0
147;18;336;15;3;23;99;3.80;2;1;1;77;0;5420399;182;0
147;18;336;15;3;24;14;3.20;4;1;1;81;0;5420414;698;0
147;18;336;15;3;24;16;3.60;6;2;1;86;0;5420416;299;0
147;18;336;15;3;24;22;3.60;5;2;1;82;0;5420422;1500;0
147;18;336;15;3;24;55;3.80;2;1;1;74;0;5420455;38;5419899
147;18;336;15;3;25;99;3.80;3;1;1;78;0;5420599;874;0
147;18;336;15;3;25;99;3.80;7;2;1;94;0;5420599;466;0
147;18;336;15;3;26;3;2.80;6;2;1;79;0;5420603;171;0
147;18;336;15;3;27;17;3.80;1;1;1;76;0;5420717;978;0
147;18;336;15;3;27;76;3.80;4;1;1;88;0;5420776;347;0
147;18;336;15;3;27;52;5.80;3;1;1;60;0;5420752;135;0
147;18;336;15;3;27;99;4.00;7;2;1;80;0;5420799;185;0
147;18;336;15;3;28;15;3.40;2;1;1;78;0;5420815;341;0
147;18;336;15;3;31;99;3.60;6;2;1;73;0;5421199;583;0
147;18;336;15;3;31;99;3.60;5;2;1;80;0;5421199;761;0
147;18;336;15;3;31;20;3.40;7;2;1;75;0;5421120;303;0
147;18;336;15;3;33;6;2.80;2;1;1;68;0;5421306;475;0
147;18;336;15;3;33;99;3.80;8;2;1;84;0;5421399;1983;0
147;18;336;15;3;34;99;3.80;6;2;1;78;0;5421499;282;0
147;18;336;15;3;34;27;3.60;2;1;1;73;0;5421427;106;0
147;18;336;15;3;36;0;3.40;6;2;1;83;0;5421600;83;0
147;18;336;15;3;35;99;4.00;2;1;1;79;0;5421599;154;0
147;18;336;15;3;37;47;3.60;3;1;1;79;0;5421747;960;0
147;18;336;15;3;38;99;3.60;7;2;1;79;0;5421899;762;0
147;18;336;15;3;39;99;3.40;3;1;1;77;0;5421999;235;0
147;18;336;15;3;39;33;3.40;7;2;1;80;0;5421933;17;0
147;18;336;15;3;41;99;3.00;6;2;1;80;0;5422199;584;0
147;18;336;15;3;42;0;3.20;5;2;1;87;0;5422200;984;0
147;18;336;15;3;43;99;3.80;2;1;1;94;0;5422399;781;0
147;18;336;15;3;44;17;3.60;1;1;1;80;0;5422417;1682;0
147;18;336;15;3;44;26;4.00;6;2;1;83;0;5422426;213;0
147;18;336;15;3;45;99;3.80;3;1;1;81;0;5422599;584;0
147;18;336;15;3;46;99;3.40;2;1;1;76;0;5422699;285;0
147;18;336;15;3;47;82;3.20;4;1;1;91;0;5422782;1990;0
147;18;336;15;3;47;84;3.60;2;1;1;72;0;5422784;68;0
147;18;336;15;3;49;20;3.80;6;2;1;79;0;5422920;476;0
147;18;336;15;3;49;99;3.40;7;2;1;76;0;5422999;1050;0
147;18;336;15;3;50;70;3.60;2;1;1;75;0;5423070;268;0
147;18;336;15;3;52;16;3.20;2;1;1;71;0;5423216;128;0
147;18;336;15;3;52;43;3.40;6;2;1;78;0;5423243;305;0
147;18;336;15;3;54;8;3.60;3;1;1;74;0;5423408;792;0
147;18;336;15;3;54;99;3.60;8;2;1;81;0;5423499;2083;0
147;18;336;15;3;54;2;3.80;4;1;1;81;0;5423402;607;0
147;18;336;15;3;54;5;3.60;6;2;1;80;0;5423405;146;0
147;18;336;15;3;55;24;3.20;5;2;1;88;0;5423524;1310;0
147;18;336;15;3;55;65;16.20;3;1;4;75;0;5423565;139;0
147;18;336;15;3;57;99;15.60;3;1;4;74;0;5423799;156;0
147;18;336;15;3;59;99;3.80;3;1;1;74;0;5423999;124;0
147;18;336;15;3;59;99;3.20;5;2;1;83;0;5423999;461;0
147;18;336;15;4;0;81;3.60;3;1;1;74;0;5424081;63;5423408
147;18;336;15;4;1;99;3.40;6;2;1;74;0;5424199;777;0
147;18;336;15;4;2;99;2.80;3;1;1;71;0;5424299;200;0
147;18;336;15;4;2;11;3.60;5;2;1;78;0;5424211;198;0
147;18;336;15;4;4;99;3.80;4;1;1;81;0;5424499;1080;0
147;18;336;15;4;1;82;4.00;7;2;1;12;0;5424182;1166;0
147;18;336;15;4;5;5;3.00;6;2;1;75;0;5424505;289;0
147;18;336;15;4;6;99;2.80;6;2;1;74;0;5424699;179;0
147;18;336;15;4;5;69;15.20;3;1;4;80;0;5424569;255;0
147;18;336;15;4;6;99;3.80;1;1;1;71;0;5424699;2265;0
147;18;336;15;4;7;99;2.80;2;1;1;85;0;5424799;1566;0
147;18;336;15;4;8;99;3.00;2;1;1;77;0;5424899;88;0
147;18;336;15;4;8;99;3.60;4;1;1;79;0;5424899;383;0
147;18;336;15;4;7;93;8.00;7;2;1;64;0;5424793;491;0
147;18;336;15;4;8;99;3.20;6;2;1;74;0;5424899;186;0
147;18;336;15;4;9;99;4.20;5;2;1;82;0;5424999;771;0
147;18;336;15;4;9;99;3.60;2;1;1;76;0;5424999;85;0
147;18;336;15;4;10;66;3.20;6;2;1;83;0;5425066;151;0
147;18;336;15;4;11;10;3.20;3;1;1;81;0;5425110;472;0
147;18;336;15;4;11;99;3.80;4;1;1;84;0;5425199;283;0
147;18;336;15;4;12;1;3.60;6;2;1;77;0;5425201;121;5424505
147;18;336;15;4;12;99;4.00;2;1;1;73;0;5425299;282;0
147;18;336;15;4;12;4;3.40;7;2;1;77;0;5425204;366;0
147;18;336;15;4;12;15;3.20;3;1;1;76;0;5425215;90;0
147;18;336;15;4;12;18;3.80;4;1;1;82;0;5425218;2;0
147;18;336;15;4;12;25;3.40;5;2;1;81;0;5425225;207;0
147;18;336;15;4;13;71;3.80;7;2;1;74;0;5425371;151;0
147;18;336;15;4;14;13;3.80;2;1;1;89;0;5425413;94;0
147;18;336;15;4;14;99;3.60;1;1;1;78;0;5425499;780;0
147;18;336;15;4;15;99;7.00;6;2;6;73;0;5425599;381;0
147;18;336;15;4;15;2;3.60;2;1;1;80;0;5425502;73;0
147;18;336;15;4;16;10;3.80;7;2;1;83;0;5425610;220;0
147;18;336;15;4;16;99;3.40;3;1;1;82;0;5425699;468;0
147;18;336;15;4;16;99;3.80;1;1;1;78;0;5425699;183;0
147;18;336;15;4;17;99;3.80;6;2;1;80;0;5425799;165;0
147;18;336;15;4;17;99;4.00;1;1;1;79;0;5425799;82;0
147;18;336;15;4;18;92;3.60;6;2;1;97;0;5425892;75;0
147;18;336;15;4;18;89;3.80;2;1;1;77;0;5425889;370;0
147;18;336;15;4;19;99;3.80;1;1;1;90;0;5425999;181;0
147;18;336;15;4;19;99;12.00;8;2;3;84;0;5425999;2484;0
147;18;336;15;4;20;0;3.40;2;1;1;73;0;5426000;93;0
147;18;336;15;4;20;26;3.60;3;1;1;80;0;5426026;312;0
147;18;336;15;4;20;20;3.80;4;1;1;83;0;5426020;785;0
147;18;336;15;4;22;99;3.60;3;1;1;79;0;5426299;256;0
147;18;336;15;4;23;21;3.60;6;2;1;84;0;5426321;415;0
147;18;336;15;4;21;37;4.00;7;2;1;13;0;5426137;510;0
147;18;336;15;4;24;23;3.40;4;1;1;78;0;5426423;386;0
147;18;336;15;4;24;99;3.60;3;1;1;78;0;5426499;183;0
147;18;336;15;4;25;3;3.20;1;1;1;70;0;5426503;488;0
147;18;336;15;4;25;15;3.60;4;1;1;79;0;5426515;76;0
147;18;336;15;4;25;24;3.80;6;2;1;82;0;5426524;187;0
147;18;336;15;4;25;20;3.60;3;1;1;79;0;5426520;4;0
147;18;336;15;4;25;18;4.00;4;1;1;79;0;5426518;-1;0
147;18;336;15;4;26;12;3.60;6;2;1;86;0;5426612;71;0
147;18;336;15;4;26;1;3.40;2;1;1;74;0;5426601;584;0
147;18;336;15;4;26;99;3.60;5;2;1;90;0;5426699;1458;0
147;18;336;15;4;26;99;3.40;4;1;1;83;0;5426699;162;0
147;18;336;15;4;29;0;3.40;3;1;1;78;0;5426900;363;0
147;18;336;15;4;29;99;4.60;6;2;1;72;0;5426999;371;0
147;18;336;15;4;29;99;3.60;8;2;1;69;0;5426999;948;0
147;18;336;15;4;29;96;12.20;4;1;4;80;0;5426996;282;0
147;18;336;15;4;30;99;3.80;5;2;1;83;0;5427099;385;0
147;18;336;15;4;31;67;3.80;3;1;1;80;0;5427167;251;0
147;18;336;15;4;31;99;3.20;5;2;1;81;0;5427199;83;0
147;18;336;15;4;31;99;4.40;7;2;1;73;0;5427199;951;0
147;18;336;15;4;32;20;3.80;4;1;1;79;0;5427220;169;0
147;18;336;15;4;32;99;3.60;8;2;1;74;0;5427299;281;0
147;18;336;15;4;33;2;3.40;7;2;1;85;0;5427302;81;0
147;18;336;15;4;33;2;3.60;6;2;1;75;0;5427302;280;0
147;18;336;15;4;33;24;3.40;2;1;1;77;0;5427324;706;0
147;18;336;15;4;33;68;3.60;6;2;1;74;0;5427368;48;0
147;18;336;15;4;34;99;6.20;6;2;1;75;0;5427499;113;0
147;18;336;15;4;35;15;3.40;5;2;1;84;0;5427515;301;0
147;18;336;15;4;35;99;3.80;8;2;1;85;0;5427599;282;0
147;18;336;15;4;36;23;3.60;5;2;1;82;0;5427623;93;0
147;18;336;15;4;37;99;4.00;8;2;1;88;0;5427799;183;0
147;18;336;15;4;38;53;3.80;6;2;1;90;0;5427853;324;0
147;18;336;15;4;40;99;3.60;3;1;1;72;0;5428099;914;0
147;18;336;15;4;41;27;3.80;3;1;1;70;0;5428127;10;0
147;18;336;15;4;41;52;4.00;6;2;1;90;0;5428152;283;0
147;18;336;15;4;43;13;3.80;7;2;1;85;0;5428313;996;0
147;18;336;15;4;43;1;3.60;2;1;1;65;0;5428301;961;0
147;18;336;15;4;44;41;3.00;5;2;1;95;0;5428441;802;0
147;18;336;15;4;44;84;3.60;2;1;1;67;0;5428484;163;0
147;18;336;15;4;44;99;4.00;4;1;1;78;0;5428499;1261;0
147;18;336;15;4;45;99;4.60;4;1;1;76;0;5428599;81;0
147;18;336;15;4;45;99;3.40;1;1;1;82;0;5428599;2079;0
147;18;336;15;4;46;21;3.40;2;1;1;71;0;5428621;117;0
147;18;336;15;4;46;66;3.80;4;1;1;79;0;5428666;45;0
147;18;336;15;4;46;74;3.40;6;2;1;73;0;5428674;506;0
147;18;336;15;4;47;11;3.60;3;1;1;68;0;5428711;564;0
147;18;336;15;4;47;99;3.00;7;2;1;78;0;5428799;469;0
147;18;336;15;4;47;99;3.40;1;1;1;74;0;5428799;185;0
147;18;336;15;4;47;99;3.80;4;1;1;77;0;5428799;115;0
147;18;336;15;4;48;99;8.60;6;2;6;80;0;5428899;208;0
147;18;336;15;4;48;99;3.60;1;1;1;74;0;5428899;83;0
147;18;336;15;4;49;7;4.00;1;1;1;73;0;5428907;-1;0
147;18;336;15;4;49;99;4.60;4;1;1;80;0;5428999;182;5428499
147;18;336;15;4;49;99;4.80;1;1;1;66;0;5428999;72;5428599
147;18;336;15;4;50;18;5.00;6;2;1;74;0;5429018;80;5428599
147;18;336;15;4;50;99;3.40;3;1;1;76;0;5429099;368;0
147;18;336;15;4;51;17;3.80;7;2;1;77;0;5429117;304;0
147;18;336;15;4;52;1;3.40;3;1;1;73;0;5429201;85;0
147;18;336;15;4;52;99;3.40;2;1;1;67;0;5429299;660;0
147;18;336;15;4;52;99;3.80;6;2;1;74;0;5429299;256;0
147;18;336;15;4;53;99;4.00;3;1;1;70;0;5429399;181;0
147;18;336;15;4;53;28;4.20;2;1;1;70;0;5429328;10;0
147;18;336;15;4;54;9;3.80;6;2;1;74;0;5429409;91;0
147;18;336;15;4;54;99;3.60;3;1;1;70;0;5429499;79;0
147;18;336;15;4;55;7;3.00;6;2;1;74;0;5429507;79;0
147;18;336;15;4;55;11;3.60;4;1;1;82;0;5429511;491;0
147;18;336;15;4;56;6;3.40;1;1;1;77;0;5429606;580;0
147;18;336;15;4;56;14;3.40;6;2;1;75;0;5429614;92;0
147;18;336;15;4;56;56;3.20;3;1;1;65;0;5429656;138;5429099
147;18;336;15;4;57;99;3.60;6;2;1;79;0;5429799;168;5429299
147;18;336;15;4;58;0;3.60;2;1;1;74;0;5429800;450;0
147;18;336;15;4;59;23;3.40;6;2;1;78;0;5429923;107;5429299
147;18;336;15;4;59;60;4.00;5;2;1;75;0;5429960;1507;0
147;18;336;15;4;59;77;3.00;4;1;1;79;0;5429977;450;0
147;18;336;15;4;59;99;3.80;2;1;1;68;0;5429999;181;0
147;18;336;15;5;0;99;4.00;5;2;1;75;0;5430099;119;0
147;18;336;15;5;0;99;3.60;3;1;1;75;0;5430099;425;0
147;18;336;15;5;0;99;4.00;7;2;1;81;0;5430099;964;0
147;18;336;15;5;1;13;3.80;2;1;1;77;0;5430113;93;0
147;18;336;15;5;1;17;3.60;4;1;1;79;0;5430117;126;0
147;18;336;15;5;1;57;4.00;8;2;1;82;0;5430157;2341;0
147;18;336;15;5;2;99;3.40;2;1;1;79;0;5430299;168;0
147;18;336;15;5;2;99;4.80;6;2;1;81;0;5430299;360;0
147;18;336;15;5;4;27;3.60;2;1;1;74;0;5430427;112;5429800
147;18;336;15;5;4;79;3.40;6;2;1;79;0;5430479;158;5429800
147;18;336;15;5;5;9;3.80;4;1;1;80;0;5430509;375;0
147;18;336;15;5;5;99;3.60;6;2;1;77;0;5430599;104;0
147;18;336;15;5;7;99;3.80;4;1;1;83;0;5430799;272;0
147;18;336;15;5;7;99;3.60;8;2;1;80;0;5430799;624;0
147;18;336;15;5;8;99;3.60;1;1;1;79;0;5430899;1277;0
147;18;336;15;5;8;99;4.00;5;2;1;90;0;5430899;780;0
147;18;336;15;5;9;4;5.00;6;2;1;79;0;5430904;288;0
147;18;336;15;5;9;45;3.60;3;1;1;77;0;5430945;828;0
147;18;336;15;5;10;99;7.60;2;1;6;74;0;5431099;654;0
147;18;336;15;5;10;99;3.80;6;2;1;79;0;5431099;172;0
147;18;336;15;5;10;99;3.20;7;2;1;86;0;5431099;982;0
147;18;336;15;5;11;10;3.20;1;1;1;90;0;5431110;194;0
147;18;336;15;5;11;99;7.80;6;2;6;77;0;5431199;82;0
147;18;336;15;5;11;20;3.20;2;1;1;77;0;5431120;-1;0
147;18;336;15;5;12;10;3.80;3;1;1;80;0;5431210;248;0
147;18;336;15;5;13;99;3.60;3;1;1;80;0;5431399;171;0
147;18;336;15;5;15;99;3.80;6;2;1;83;0;5431599;363;0
147;18;336;15;5;15;99;3.60;3;1;1;75;0;5431599;183;0
147;18;336;15;5;16;99;3.80;2;1;1;81;0;5431699;564;0
147;18;336;15;5;17;12;3.40;6;2;1;74;0;5431712;96;0
147;18;336;15;5;17;99;3.80;7;2;1;77;0;5431799;686;0
147;18;336;15;5;18;99;3.80;3;1;1;75;0;5431899;282;0
147;18;336;15;5;19;33;4.00;3;1;1;77;0;5431933;15;0
147;18;336;15;5;19;34;4.00;2;1;1;77;0;5431934;218;0
147;18;336;15;5;20;5;4.40;8;2;1;90;0;5432005;1189;0
147;18;336;15;5;20;99;4.60;2;1;1;72;0;5432099;146;0
147;18;336;15;5;20;99;4.00;6;2;1;88;0;5432099;370;0
147;18;336;15;5;21;99;3.60;1;1;1;73;0;5432199;1076;0
147;18;336;15;5;22;10;3.20;4;1;1;82;0;5432210;1394;0
147;18;336;15;5;22;99;3.60;1;1;1;83;0;5432299;82;0
147;18;336;15;5;23;1;3.40;3;1;1;72;0;5432301;349;0
147;18;336;15;5;23;99;3.20;4;1;1;81;0;5432399;174;0
147;18;336;15;5;23;99;4.00;1;1;1;80;0;5432399;84;0
147;18;336;15;5;23;99;3.80;6;2;1;80;0;5432399;283;0
147;18;336;15;5;24;99;3.60;2;1;1;76;0;5432499;377;0
147;18;336;15;5;25;87;3.40;6;2;1;72;0;5432587;170;0
147;18;336;15;5;26;10;3.60;3;1;1;79;0;5432610;292;0
147;18;336;15;5;26;12;3.60;7;2;1;77;0;5432612;795;0
147;18;336;15;5;26;99;4.00;4;1;1;80;0;5432699;285;0
147;18;336;15;5;27;8;3.20;7;2;1;71;0;5432708;79;0
147;18;336;15;5;27;20;3.40;6;2;1;74;0;5432720;116;0
147;18;336;15;5;27;38;3.40;2;1;1;80;0;5432738;221;0
147;18;336;15;5;28;16;3.60;1;1;1;75;0;5432816;399;0
147;18;336;15;5;28;99;3.40;8;2;1;70;0;5432899;876;0
147;18;336;15;5;28;99;3.80;6;2;1;74;0;5432899;162;0
147;18;336;15;5;29;99;3.60;5;2;1;82;0;5432999;2084;0
147;18;336;15;5;29;0;3.80;4;1;1;82;0;5432900;183;0
147;18;336;15;5;30;91;3.60;1;1;1;82;0;5433091;257;0
147;18;336;15;5;30;99;4.60;7;2;1;81;0;5433099;374;0
147;18;336;15;5;31;4;3.80;3;1;1;82;0;5433104;477;0
147;18;336;15;5;31;99;3.20;6;2;1;86;0;5433199;281;0
147;18;336;15;5;32;16;3.80;7;2;1;81;0;5433216;96;0
147;18;336;15;5;34;99;3.40;3;1;1;72;0;5433499;378;0
147;18;336;15;5;34;6;2.80;4;1;1;76;0;5433406;489;0
147;18;336;15;5;35;96;3.40;2;1;1;73;0;5433596;842;0
147;18;336;15;5;36;22;3.60;6;2;1;80;0;5433622;409;0
147;18;336;15;5;36;99;3.60;2;1;1;71;0;5433699;86;0
147;18;336;15;5;37;8;3.40;1;1;1;78;0;5433708;601;0
147;18;336;15;5;38;8;3.40;3;1;1;77;0;5433808;292;0
147;18;336;15;5;38;17;3.60;4;1;1;83;0;5433817;397;0
147;18;336;15;5;38;99;3.40;1;1;1;78;0;5433899;175;0
147;18;336;15;5;39;99;4.00;6;2;1;71;0;5433999;360;0
147;18;336;15;5;39;0;4.80;7;2;1;82;0;5433900;667;0
147;18;336;15;5;40;73;3.60;4;1;1;82;0;5434073;240;0
147;18;336;15;5;41;99;3.80;6;2;1;78;0;5434199;179;0
147;18;336;15;5;42;20;3.20;4;1;1;80;0;5434220;131;0
147;18;336;15;5;43;99;4.00;7;2;1;80;0;5434399;477;0
147;18;336;15;5;44;2;3.60;2;1;1;94;0;5434402;684;0
147;18;336;15;5;45;50;3.80;3;1;1;81;0;5434550;726;0
147;18;336;15;5;46;99;3.20;5;2;1;86;0;5434699;1684;0
147;18;336;15;5;46;99;3.80;7;2;1;77;0;5434699;282;0
147;18;336;15;5;47;6;3.40;2;1;1;85;0;5434706;290;0
147;18;336;15;5;49;99;3.80;2;1;1;79;0;5434999;278;0
147;18;336;15;5;49;99;3.20;6;2;1;76;0;5434999;782;0
147;18;336;15;5;50;60;4.00;7;2;1;79;0;5435060;343;0
147;18;336;15;5;51;16;3.20;6;2;1;84;0;5435116;101;0
147;18;336;15;5;51;99;3.20;2;1;1;79;0;5435199;182;0
147;18;336;15;5;53;14;3.60;5;2;1;84;0;5435314;601;0
147;18;336;15;5;52;55;16.40;3;1;4;74;0;5435255;688;0
147;18;336;15;5;53;99;3.60;3;1;1;75;0;5435399;64;0
147;18;336;15;5;53;99;3.80;6;2;1;81;0;5435399;269;0
147;18;336;15;5;54;20;3.40;5;2;1;86;0;5435420;90;0
147;18;336;15;5;54;99;3.80;2;1;1;76;0;5435499;285;0
147;18;336;15;5;54;99;3.80;7;2;1;86;0;5435499;420;0
147;18;336;15;5;55;28;3.60;2;1;1;77;0;5435528;11;0
147;18;336;15;5;55;57;4.60;3;1;1;79;0;5435557;140;0
147;18;336;15;5;56;8;3.60;6;2;1;83;0;5435608;192;0
147;18;336;15;5;56;99;3.80;2;1;1;76;0;5435699;154;0
147;18;336;15;5;56;99;3.60;5;2;1;83;0;5435699;264;0
147;18;336;15;5;57;12;3.20;5;2;1;83;0;5435712;-1;0
147;18;336;15;5;57;15;4.00;6;2;1;81;0;5435715;91;0
147;18;336;15;5;57;28;3.40;3;1;1;78;0;5435728;150;0
147;18;336;15;5;58;88;3.80;2;1;1;73;0;5435888;171;0
147;18;336;15;5;58;99;4.40;5;2;1;86;0;5435899;173;0
147;18;336;15;5;58;99;3.60;3;1;1;80;0;5435899;155;5435255
147;18;336;15;5;59;15;3.60;4;1;1;83;0;5435915;1680;0
147;18;336;15;6;0;6;4.00;6;2;1;80;0;5436006;273;0
147;18;336;15;6;1;25;3.60;5;2;1;85;0;5436125;207;0
147;18;336;15;6;1;99;3.00;3;1;1;76;0;5436199;283;0
147;18;336;15;6;3;54;3.60;6;2;1;77;0;5436354;330;0
147;18;336;15;6;5;22;3.20;6;2;1;77;0;5436522;151;0
147;18;336;15;6;6;12;3.20;5;2;1;81;0;5436612;471;0
147;18;336;15;6;6;99;3.60;4;1;1;79;0;5436699;768;0
147;18;336;15;6;5;81;13.60;3;1;4;76;0;5436581;367;0
147;18;336;15;6;8;9;3.40;3;1;1;77;0;5436809;163;0
147;18;336;15;6;8;77;3.80;6;2;1;81;0;5436877;340;0
147;18;336;15;6;9;99;10.00;3;1;2;79;0;5436999;174;0
147;18;336;15;6;10;24;3.60;1;1;1;81;0;5437024;3109;0
147;18;336;15;6;11;6;3.60;6;2;1;82;0;5437106;212;0
147;18;336;15;6;11;93;3.60;3;1;1;78;0;5437193;148;0
147;18;336;15;6;12;99;3.40;6;2;1;81;0;5437299;177;0
147;18;336;15;6;13;2;3.00;3;1;1;76;0;5437302;92;5436581
147;18;336;15;6;14;14;3.20;4;1;1;77;0;5437414;698;0
147;18;336;15;6;14;99;3.00;6;2;1;75;0;5437499;184;0
147;18;336;15;6;15;99;9.00;7;2;6;89;0;5437599;2084;0
147;18;336;15;6;15;99;3.80;4;1;1;76;0;5437599;170;0
147;18;336;15;6;16;62;4.00;2;1;1;77;0;5437662;1755;0
147;18;336;15;6;17;99;4.00;6;2;1;77;0;5437799;285;0
147;18;336;15;6;18;21;3.80;2;1;1;80;0;5437821;140;0
147;18;336;15;6;18;39;5.60;7;2;1;75;0;5437839;203;0
147;18;336;15;6;18;73;4.40;3;1;1;81;0;5437873;556;0
147;18;336;15;6;19;99;3.20;2;1;1;81;0;5437999;160;0
147;18;336;15;6;19;99;3.00;6;2;1;77;0;5437999;181;0
147;18;336;15;6;20;20;3.60;3;1;1;76;0;5438020;127;0
147;18;336;15;6;20;99;3.40;4;1;1;83;0;5438099;482;0
147;18;336;15;6;20;0;3.80;2;1;1;78;0;5438000;-1;0
147;18;336;15;6;20;5;3.00;8;2;1;69;0;5438005;5088;0
147;18;336;15;6;21;64;3.40;3;1;1;77;0;5438164;126;0
147;18;336;15;6;22;99;4.60;7;2;1;85;0;5438299;433;0
147;18;336;15;6;22;99;3.40;3;1;1;76;0;5438299;119;0
147;18;336;15;6;24;25;3.80;7;2;1;81;0;5438425;106;0
147;18;336;15;6;25;27;3.00;7;2;1;78;0;5438527;85;0
147;18;336;15;6;26;55;3.80;6;2;1;78;0;5438655;641;0
147;18;336;15;6;26;82;3.40;1;1;1;78;0;5438682;1642;0
147;18;336;15;6;27;2;3.60;3;1;1;88;0;5438702;386;0
147;18;336;15;6;27;99;3.60;2;1;1;80;0;5438799;781;0
147;18;336;15;6;28;99;4.40;6;2;1;79;0;5438899;226;0
147;18;336;15;6;29;9;3.40;4;1;1;81;0;5438909;795;0
147;18;336;15;6;29;16;4.00;3;1;1;78;0;5438916;199;0
147;18;336;15;6;30;99;3.40;5;2;1;90;0;5439099;2472;0
147;18;336;15;6;30;99;3.40;4;1;1;86;0;5439099;174;0
147;18;336;15;6;30;99;3.60;6;2;1;80;0;5439099;179;0
147;18;336;15;6;31;45;5.20;2;1;1;77;0;5439145;329;0
147;18;336;15;6;31;72;3.40;5;2;1;89;0;5439172;59;0
147;18;336;15;6;31;99;3.80;3;1;1;89;0;5439199;264;0
147;18;336;15;6;32;99;3.80;6;2;1;80;0;5439299;183;0
147;18;336;15;6;32;99;3.80;2;1;1;78;0;5439299;129;0
147;18;336;15;6;34;72;3.60;3;1;1;67;0;5439472;257;0
147;18;336;15;6;36;4;3.80;3;1;1;65;0;5439604;112;0
147;18;336;15;6;37;2;4.40;6;2;1;82;0;5439702;385;0
147;18;336;15;6;37;7;3.80;3;1;1;64;0;5439707;81;0
147;18;336;15;6;38;30;3.00;6;2;1;83;0;5439830;108;0
147;18;336;15;6;38;99;3.00;3;1;1;63;0;5439899;170;0
147;18;336;15;6;39;74;3.60;3;1;1;64;0;5439974;57;5439472
147;18;336;15;6;40;17;3.40;2;1;1;80;0;5440017;700;0
147;18;336;15;6;40;99;3.20;6;2;1;77;0;5440099;255;0
147;18;336;15;6;40;99;3.60;3;1;1;63;0;5440099;104;5439472
147;18;336;15;6;40;99;3.80;8;2;1;83;0;5440099;2078;0
147;18;336;15;6;41;77;3.80;2;1;1;76;0;5440177;144;0
147;18;336;15;6;42;99;3.80;4;1;1;81;0;5440299;1185;0
147;18;336;15;6;42;99;3.80;3;1;1;63;0;5440299;179;5439472
147;18;336;15;6;43;99;3.40;7;2;1;87;0;5440399;1858;0
147;18;336;15;6;43;11;3.60;6;2;1;73;0;5440311;197;0
147;18;336;15;6;44;67;3.40;3;1;1;73;0;5440467;146;5439472
147;18;336;15;6;44;82;3.40;6;2;1;73;0;5440482;153;5439472
147;18;336;15;6;45;20;3.40;2;1;1;84;0;5440520;325;0
147;18;336;15;6;45;99;3.80;6;2;1;79;0;5440599;100;0
147;18;336;15;6;45;99;3.40;3;1;1;77;0;5440599;115;5439472
147;18;336;15;6;45;99;3.00;4;1;1;78;0;5440599;283;0
147;18;336;15;6;46;30;3.40;2;1;1;80;0;5440630;95;0
147;18;336;15;6;46;41;3.80;4;1;1;78;0;5440641;28;0
147;18;336;15;6;47;1;3.60;7;2;1;76;0;5440701;287;0
147;18;336;15;6;48;19;3.60;7;2;1;76;0;5440819;100;0
147;18;336;15;6;48;99;3.40;2;1;1;74;0;5440899;253;0
147;18;336;15;6;49;7;4.20;4;1;1;82;0;5440907;248;0
147;18;336;15;6;49;11;3.40;6;2;1;78;0;5440911;294;0
147;18;336;15;6;49;64;3.60;3;1;1;76;0;5440964;349;0
147;18;336;15;6;50;99;4.00;2;1;1;75;0;5441099;183;0
147;18;336;15;6;50;99;3.80;7;2;1;77;0;5441099;262;0
147;18;336;15;6;50;99;3.60;3;1;1;76;0;5441099;117;0
147;18;336;15;6;51;99;3.80;6;2;1;78;0;5441199;272;0
147;18;336;15;6;51;99;3.60;3;1;1;71;0;5441199;82;0
147;18;336;15;6;52;99;3.40;6;2;1;81;0;5441299;82;0
147;18;336;15;6;53;3;3.40;2;1;1;75;0;5441303;184;0
147;18;336;15;6;53;99;3.60;5;2;1;82;0;5441399;2213;0
147;18;336;15;6;53;99;3.60;3;1;1;75;0;5441399;181;0
147;18;336;15;6;54;89;3.20;2;1;1;79;0;5441489;169;0
147;18;336;15;6;56;11;3.20;3;1;1;73;0;5441611;194;5440964
147;18;336;15;6;56;99;3.60;7;2;1;83;0;5441699;582;0
147;18;336;15;6;56;99;3.60;2;1;1;71;0;5441699;195;5440899
147;18;336;15;6;57;80;3.20;6;2;1;81;0;5441780;465;0
147;18;336;15;6;57;85;3.60;1;1;1;70;0;5441785;3087;0
147;18;336;15;6;57;87;4.60;2;1;1;72;0;5441787;69;5440899
147;18;336;15;6;58;99;3.40;3;1;1;71;0;5441899;272;0
147;18;336;15;6;58;99;3.40;7;2;1;82;0;5441899;184;0
147;18;336;15;6;58;99;3.60;6;2;1;75;0;5441899;104;0
147;18;336;15;6;58;99;3.40;2;1;1;70;0;5441899;89;5440899
147;18;336;15;7;0;10;3.20;3;1;1;74;0;5442010;93;5440899
147;18;336;15;7;0;20;3.60;4;1;1;77;0;5442020;1094;0
147;18;336;15;7;1;13;3.60;1;1;1;70;0;5442113;309;0
147;18;336;15;7;1;99;3.60;6;2;1;76;0;5442199;282;0
147;18;336;15;7;2;13;4.00;4;1;1;75;0;5442213;176;0
147;18;336;15;7;2;99;3.60;5;2;1;87;0;5442299;884;0
147;18;336;15;7;2;99;3.60;7;2;1;84;0;5442299;385;0
147;18;336;15;7;2;99;4.00;6;2;1;79;0;5442299;82;0
147;18;336;15;7;2;99;3.40;2;1;1;72;0;5442299;382;0
147;18;336;15;7;3;8;2.80;4;1;1;75;0;5442308;75;0
147;18;336;15;7;4;0;3.40;4;1;1;74;0;5442400;78;0
147;18;336;15;7;4;26;3.40;3;1;1;72;0;5442426;400;0
147;18;336;15;7;4;53;3.40;4;1;1;77;0;5442453;36;5442020
147;18;336;15;7;5;99;3.20;6;2;1;80;0;5442599;281;0
147;18;336;15;7;5;99;3.40;2;1;1;73;0;5442599;283;0
147;18;336;15;7;5;99;3.40;4;1;1;79;0;5442599;130;5442020
147;18;336;15;7;6;17;3.60;3;1;1;71;0;5442617;174;5442020
147;18;336;15;7;6;99;4.00;7;2;1;81;0;5442699;384;0
147;18;336;15;7;6;99;4.00;2;1;1;75;0;5442699;83;0
147;18;336;15;7;7;65;3.60;4;1;1;89;0;5442765;150;5442020
147;18;336;15;7;7;67;3.40;3;1;1;76;0;5442767;131;5442020
147;18;336;15;7;9;99;3.40;1;1;1;71;0;5442999;867;0
147;18;336;15;7;9;22;3.40;5;2;1;80;0;5442922;608;0
147;18;336;15;7;9;40;3.60;3;1;1;74;0;5442940;156;0
147;18;336;15;7;10;99;3.40;2;1;1;80;0;5443099;380;0
147;18;336;15;7;9;88;17.40;7;2;4;72;0;5442988;271;0
147;18;336;15;7;10;99;3.80;5;2;1;79;0;5443099;161;0
147;18;336;15;7;11;21;3.60;6;2;1;76;0;5443121;507;0
147;18;336;15;7;11;99;3.40;2;1;1;79;0;5443199;84;0
147;18;336;15;7;11;99;3.20;3;1;1;80;0;5443199;241;0
147;18;336;15;7;13;99;3.20;3;1;1;80;0;5443399;185;0
147;18;336;15;7;14;12;4.00;6;2;1;77;0;5443412;273;0
147;18;336;15;7;14;35;3.80;4;1;1;78;0;5443435;655;0
147;18;336;15;7;15;22;3.80;2;1;1;82;0;5443522;307;0
147;18;336;15;7;16;17;4.00;4;1;1;88;0;5443617;164;0
147;18;336;15;7;16;99;3.80;6;2;1;78;0;5443699;268;0
147;18;336;15;7;17;30;3.40;5;2;1;83;0;5443730;613;0
147;18;336;15;7;17;70;3.00;2;1;1;77;0;5443770;231;0
147;18;336;15;7;17;97;3.40;6;2;1;77;0;5443797;80;0
147;18;336;15;7;18;99;3.20;6;2;1;76;0;5443899;86;0
147;18;336;15;7;18;99;3.60;7;2;1;80;0;5443899;824;0
147;18;336;15;7;19;18;3.20;2;1;1;75;0;5443918;133;0
147;18;336;15;7;20;74;3.40;5;2;1;85;0;5444074;329;0
147;18;336;15;7;20;99;3.60;3;1;1;77;0;5444099;685;0
147;18;336;15;7;21;99;3.60;5;2;1;82;0;5444199;110;0
147;18;336;15;7;22;14;3.60;5;2;1;84;0;5444214;-1;0
147;18;336;15;7;22;25;3.60;6;2;1;79;0;5444225;310;0
147;18;336;15;7;23;3;3.80;3;1;1;82;0;5444303;187;0
147;18;336;15;7;23;99;3.60;7;2;1;77;0;5444399;483;0
147;18;336;15;7;24;7;3.60;5;2;1;83;0;5444407;177;0
147;18;336;15;7;24;7;4.60;6;2;1;83;0;5444407;165;0
147;18;336;15;7;24;16;4.00;8;2;1;86;0;5444416;4300;0
147;18;336;15;7;24;29;3.60;2;1;1;83;0;5444429;495;0
147;18;336;15;7;24;20;3.40;7;2;1;79;0;5444420;4;0
147;18;336;15;7;25;99;3.60;7;2;1;78;0;5444599;163;0
147;18;336;15;7;26;99;4.00;6;2;1;82;0;5444699;272;0
147;18;336;15;7;26;99;3.60;2;1;1;75;0;5444699;254;0
147;18;336;15;7;27;23;3.40;2;1;1;80;0;5444723;6;0
147;18;336;15;7;27;16;3.80;8;2;1;78;0;5444716;283;0
147;18;336;15;7;28;99;3.40;4;1;1;81;0;5444899;1265;0
147;18;336;15;7;29;99;3.20;3;1;1;81;0;5444999;679;0
147;18;336;15;7;28;10;9.20;6;2;6;37;0;5444810;93;0
147;18;336;15;7;30;44;3.80;2;1;1;72;0;5445044;305;0
147;18;336;15;7;30;70;3.80;6;2;1;75;0;5445070;170;0
147;18;336;15;7;30;85;3.80;5;2;1;80;0;5445085;662;0
147;18;336;15;7;30;92;3.80;7;2;1;87;0;5445092;476;0
147;18;336;15;7;31;99;3.80;6;2;1;76;0;5445199;110;0
147;18;336;15;7;32;1;3.80;3;1;1;79;0;5445201;187;0
147;18;336;15;7;33;99;3.80;6;2;1;74;0;5445399;182;5444699
147;18;336;15;7;35;13;3.20;2;1;1;74;0;5445513;450;0
147;18;336;15;7;36;99;3.80;6;2;1;80;0;5445699;281;0
147;18;336;15;7;36;99;3.00;3;1;1;76;0;5445699;480;0
147;18;336;15;7;36;99;3.60;7;2;1;80;0;5445699;591;0
147;18;336;15;7;37;99;2.80;4;1;1;84;0;5445799;884;0
147;18;336;15;7;38;4;3.80;4;1;1;83;0;5445804;-1;0
147;18;336;15;7;38;10;3.80;5;2;1;86;0;5445810;707;0
147;18;336;15;7;38;73;3.60;3;1;1;72;0;5445873;159;0
147;18;336;15;7;39;99;3.60;5;2;1;86;0;5445999;173;0
147;18;336;15;7;39;99;3.40;4;1;1;84;0;5445999;178;0
147;18;336;15;7;40;30;2.80;3;1;1;81;0;5446030;139;0
147;18;336;15;7;41;99;4.00;4;1;1;82;0;5446199;185;0
147;18;336;15;7;41;99;3.20;7;2;1;77;0;5446199;483;0
147;18;336;15;7;42;5;4.00;5;2;1;91;0;5446205;190;0
147;18;336;15;7;42;99;3.40;7;2;1;82;0;5446299;85;0
147;18;336;15;7;42;35;3.80;4;1;1;80;0;5446235;18;5443435
147;18;336;15;7;43;7;3.20;3;1;1;73;0;5446307;264;0
147;18;336;15;7;43;94;3.60;2;1;1;81;0;5446394;865;0
147;18;336;15;7;44;99;3.60;7;2;1;81;0;5446499;185;0
147;18;336;15;7;44;99;4.00;2;1;1;86;0;5446499;89;0
147;18;336;15;7;46;99;3.60;1;1;1;75;0;5446699;3682;0
147;18;336;15;7;46;99;8.00;6;2;6;76;0;5446699;982;0
147;18;336;15;7;47;99;3.20;6;2;1;78;0;5446799;62;0
147;18;336;15;7;48;65;4.00;3;1;1;72;0;5446865;542;0
147;18;336;15;7;48;73;3.40;7;2;1;77;0;5446873;358;0
147;18;336;15;7;48;99;3.80;6;2;1;77;0;5446899;85;0
147;18;336;15;7;49;99;3.60;7;2;1;76;0;5446999;110;0
147;18;336;15;7;50;0;3.40;6;2;1;77;0;5447000;83;0
147;18;336;15;7;50;63;3.40;7;2;1;78;0;5447063;46;0
147;18;336;15;7;51;99;4.40;1;1;1;83;0;5447199;482;0
147;18;336;15;7;52;99;3.20;6;2;1;77;0;5447299;283;0
147;18;336;15;7;53;99;3.80;4;1;1;80;0;5447399;1146;0
147;18;336;15;7;53;99;3.20;7;2;1;77;0;5447399;320;0
147;18;336;15;7;53;99;3.60;5;2;1;92;0;5447399;1178;0
147;18;336;15;7;54;1;3.40;2;1;1;79;0;5447401;885;0
147;18;336;15;7;55;99;3.60;3;1;1;68;0;5447599;714;0
147;18;336;15;7;55;1;4.00;7;2;1;77;0;5447501;87;0
147;18;336;15;7;55;27;3.80;1;1;1;78;0;5447527;308;0
147;18;336;15;7;56;92;3.80;3;1;1;68;0;5447692;73;0
147;18;336;15;7;56;99;3.60;4;1;1;80;0;5447699;282;0
147;18;336;15;7;57;6;3.60;6;2;1;80;0;5447706;392;0
147;18;336;15;7;57;99;4.00;3;1;1;73;0;5447799;86;0
147;18;336;15;7;58;72;3.60;6;2;1;82;0;5447872;149;0
147;18;336;15;7;58;73;3.40;3;1;1;72;0;5447873;54;0
147;18;336;15;7;58;74;3.60;1;1;1;73;0;5447874;329;0
147;18;336;15;7;59;99;4.00;3;1;1;69;0;5447999;109;5447599
147;18;336;15;8;0;99;3.40;1;1;1;76;0;5448099;207;0
147;18;336;15;8;1;99;3.40;3;1;1;68;0;5448199;179;5447599
147;18;336;15;8;1;99;4.00;6;2;1;72;0;5448199;311;0
147;18;336;15;8;2;99;3.60;1;1;1;78;0;5448299;183;0
147;18;336;15;8;3;27;3.60;2;1;1;79;0;5448327;910;0
147;18;336;15;8;4;99;3.20;2;1;1;79;0;5448499;155;0
147;18;336;15;8;5;99;3.60;7;2;1;79;0;5448599;1079;0
147;18;336;15;8;5;12;3.60;2;1;1;73;0;5448512;-1;0
147;18;336;15;8;6;99;3.20;2;1;1;72;0;5448699;169;0
147;18;336;15;8;7;99;3.20;3;1;1;72;0;5448799;582;0
147;18;336;15;8;8;12;3.40;3;1;1;74;0;5448812;-1;0
147;18;336;15;8;8;25;3.40;6;2;1;78;0;5448825;606;0
147;18;336;15;8;9;99;3.60;4;1;1;82;0;5448999;1283;0
147;18;336;15;8;10;99;4.00;3;1;1;72;0;5449099;270;0
147;18;336;15;8;10;99;3.80;5;2;1;77;0;5449099;1685;0
147;18;336;15;8;11;7;3.80;6;2;1;85;0;5449107;266;0
147;18;336;15;8;11;69;3.20;4;1;1;80;0;5449169;154;0
147;18;336;15;8;12;99;3.40;3;1;1;73;0;5449299;180;0
147;18;336;15;8;9;41;4.00;7;2;1;11;0;5448941;325;0
147;18;336;15;8;13;9;3.40;1;1;1;74;0;5449309;993;0
147;18;336;15;8;13;47;3.60;6;2;1;78;0;5449347;223;0
147;18;336;15;8;14;3;3.40;4;1;1;80;0;5449403;219;0
147;18;336;15;8;14;5;4.20;2;1;1;74;0;5449405;690;0
147;18;336;15;8;14;99;3.60;7;2;1;89;0;5449499;427;0
147;18;336;15;8;14;99;3.40;3;1;1;71;0;5449499;183;0
147;18;336;15;8;15;4;3.40;2;1;1;87;0;5449504;78;0
147;18;336;15;8;15;15;3.00;4;1;1;80;0;5449515;96;0
147;18;336;15;8;15;16;3.40;5;2;1;80;0;5449516;399;0
147;18;336;15;8;16;1;3.80;4;1;1;80;0;5449601;72;0
147;18;336;15;8;16;47;7.20;7;2;2;84;0;5449647;133;0
147;18;336;15;8;16;65;3.40;3;1;1;71;0;5449665;148;0
147;18;336;15;8;16;94;3.60;5;2;1;81;0;5449694;162;0
147;18;336;15;8;17;99;3.60;2;1;1;74;0;5449799;280;0
147;18;336;15;8;17;99;3.20;6;2;1;79;0;5449799;435;0
147;18;336;15;8;17;99;3.80;3;1;1;70;0;5449799;116;5449099
147;18;336;15;8;18;4;3.60;5;2;1;81;0;5449804;94;5449099
147;18;336;15;8;18;2;4.00;2;1;1;73;0;5449802;-1;5449099
147;18;336;15;8;19;87;3.60;6;2;1;77;0;5449987;173;5449099
147;18;336;15;8;19;89;3.80;3;1;1;71;0;5449989;170;5449099
147;18;336;15;8;19;99;4.80;7;2;1;82;0;5449999;321;0
147;18;336;15;8;19;99;3.80;2;1;1;76;0;5449999;177;0
147;18;336;15;8;20;99;3.40;1;1;1;86;0;5450099;773;0
147;18;336;15;8;20;99;3.40;4;1;1;79;0;5450099;480;0
147;18;336;15;8;20;99;3.40;2;1;1;69;0;5450099;82;0
147;18;336;15;8;20;99;3.80;6;2;1;76;0;5450099;95;0
147;18;336;15;8;21;29;4.20;2;1;1;72;0;5450129;12;5449405
147;18;336;15;8;22;8;4.00;1;1;1;81;0;5450208;94;5449405
147;18;336;15;8;22;99;3.80;6;2;1;71;0;5450299;182;5449405
147;18;336;15;8;22;99;5.40;7;2;1;81;0;5450299;278;0
147;18;336;15;8;24;99;3.80;3;1;1;85;0;5450499;490;0
147;18;336;15;8;25;99;3.80;3;1;1;77;0;5450599;83;0
147;18;336;15;8;26;27;3.80;5;2;1;86;0;5450627;807;0
147;18;336;15;8;26;40;2.60;2;1;1;72;0;5450640;490;0
147;18;336;15;8;26;71;4.60;6;2;1;73;0;5450671;352;0
147;18;336;15;8;27;99;3.60;3;1;1;79;0;5450799;182;0
147;18;336;15;8;27;99;4.20;2;1;1;75;0;5450799;146;0
147;18;336;15;8;28;3;3.80;4;1;1;85;0;5450803;688;0
147;18;336;15;8;28;16;3.20;2;1;1;81;0;5450816;-1;0
147;18;336;15;8;30;17;4.00;6;2;1;76;0;5451017;323;0
147;18;336;15;8;30;99;3.60;5;2;1;84;0;5451099;456;0
147;18;336;15;8;30;99;3.80;4;1;1;83;0;5451099;279;0
147;18;336;15;8;31;32;3.40;2;1;1;78;0;5451132;301;0
147;18;336;15;8;31;50;3.20;6;2;1;75;0;5451150;114;0
147;18;336;15;8;32;99;3.40;4;1;1;82;0;5451299;183;0
147;18;336;15;8;33;2;3.80;5;2;1;79;0;5451302;187;0
147;18;336;15;8;33;99;3.00;5;2;1;78;0;5451399;79;0
147;18;336;15;8;34;18;3.40;4;1;1;85;0;5451418;104;0
147;18;336;15;8;34;57;3.20;5;2;1;78;0;5451457;44;0
147;18;336;15;8;35;12;3.60;2;1;1;76;0;5451512;364;0
147;18;336;15;8;35;15;3.80;6;2;1;73;0;5451515;349;0
147;18;336;15;8;36;99;3.60;2;1;1;75;0;5451699;169;0
147;18;336;15;8;36;15;3.40;3;1;1;75;0;5451615;799;0
147;18;336;15;8;36;21;3.20;6;2;1;75;0;5451621;87;0
147;18;336;15;8;36;55;3.80;2;1;1;76;0;5451655;-1;0
147;18;336;15;8;37;99;3.40;3;1;1;76;0;5451799;167;0
147;18;336;15;8;37;99;4.60;6;2;1;75;0;5451799;162;0
147;18;336;15;8;39;13;3.20;2;1;1;78;0;5451913;240;0
147;18;336;15;8;39;20;8.00;6;2;6;71;0;5451920;98;0
147;18;336;15;8;40;99;3.80;8;2;1;76;0;5452099;7365;0
147;18;336;15;8;40;99;4.60;7;2;1;72;0;5452099;1776;0
147;18;336;15;8;40;99;3.40;5;2;1;77;0;5452099;627;0
147;18;336;15;8;41;6;3.60;3;1;1;80;0;5452106;290;0
147;18;336;15;8;42;98;4.80;7;2;1;78;0;5452298;176;0
147;18;336;15;8;42;99;3.60;5;2;1;78;0;5452299;184;0
147;18;336;15;8;42;99;3.60;4;1;1;81;0;5452299;866;0
147;18;336;15;8;42;99;6.00;3;1;1;75;0;5452299;176;0
147;18;336;15;8;43;99;3.00;4;1;1;81;0;5452399;84;0
147;18;336;15;8;43;99;3.60;5;2;1;78;0;5452399;83;0
147;18;336;15;8;44;92;3.60;6;2;1;78;0;5452492;531;0
147;18;336;15;8;46;99;3.40;6;2;1;70;0;5452699;190;0
147;18;336;15;8;48;28;4.20;8;2;1;82;0;5452828;711;0
147;18;336;15;8;48;13;3.60;6;2;1;72;0;5452813;96;0
147;18;336;15;8;49;10;3.80;6;2;1;73;0;5452910;79;0
147;18;336;15;8;50;99;3.80;7;2;1;82;0;5453099;778;0
147;18;336;15;8;51;6;3.20;6;2;1;73;0;5453106;177;5452492
147;18;336;15;8;51;99;3.60;4;1;1;80;0;5453199;786;0
147;18;336;15;8;53;8;3.00;8;2;1;82;0;5453308;461;0
147;18;336;15;8;53;99;3.40;4;1;1;83;0;5453399;183;0
147;18;336;15;8;54;70;3.60;6;2;1;74;0;5453470;348;0
147;18;336;15;8;56;13;3.00;6;2;1;78;0;5453613;125;0
147;18;336;15;8;56;99;3.60;6;2;1;73;0;5453699;72;0
147;18;336;15;8;56;14;3.40;2;1;1;72;0;5453614;1686;0
147;18;336;15;8;57;62;4.20;7;2;1;86;0;5453762;646;0
147;18;336;15;8;57;72;3.80;5;2;1;81;0;5453772;1356;0
147;18;336;15;8;58;8;3.60;6;2;1;73;0;5453808;91;0
147;18;336;15;8;58;99;3.00;1;1;1;77;0;5453899;3673;0
147;18;336;15;8;59;0;3.60;3;1;1;71;0;5453900;1572;0
147;18;336;15;8;59;44;3.20;7;2;1;85;0;5453944;164;0
147;18;336;15;8;59;45;4.20;4;1;1;74;0;5453945;531;0
147;18;336;15;9;0;99;3.40;4;1;1;77;0;5454099;133;0
147;18;336;15;9;1;4;3.40;7;2;1;84;0;5454104;146;0
147;18;336;15;9;1;99;3.60;4;1;1;77;0;5454199;84;0
147;18;336;15;9;1;99;3.60;3;1;1;69;0;5454199;280;0
147;18;336;15;9;2;29;3.80;4;1;1;77;0;5454229;13;0
147;18;336;15;9;3;99;3.60;4;1;1;75;0;5454399;152;5453945
147;18;336;15;9;3;99;4.00;6;2;1;80;0;5454399;573;0
147;18;336;15;9;4;35;3.80;2;1;1;74;0;5454435;804;0
147;18;336;15;9;5;99;3.00;3;1;1;62;0;5454599;381;0
147;18;336;15;9;6;1;3.60;2;1;1;73;0;5454601;147;0
147;18;336;15;9;3;77;4.20;7;2;1;13;0;5454377;258;0
147;18;336;15;9;7;18;3.20;6;2;1;75;0;5454718;301;0
147;18;336;15;9;7;45;3.60;4;1;1;86;0;5454745;328;0
147;18;336;15;9;8;3;3.40;3;1;1;71;0;5454803;186;0
147;18;336;15;9;8;99;3.00;5;2;1;79;0;5454899;1110;0
147;18;336;15;9;8;99;3.60;2;1;1;74;0;5454899;280;0
147;18;336;15;9;8;99;3.40;6;2;1;74;0;5454899;165;0
147;18;336;15;9;8;99;3.00;4;1;1;84;0;5454899;138;0
147;18;336;15;9;9;99;3.60;6;2;1;77;0;5454999;83;0
147;18;336;15;9;9;99;4.20;2;1;1;77;0;5454999;82;0
147;18;336;15;9;9;34;3.40;7;2;1;77;0;5454934;440;0
147;18;336;15;9;11;0;3.60;6;2;1;74;0;5455100;84;0
147;18;336;15;9;11;5;4.40;7;2;1;80;0;5455105;155;0
147;18;336;15;9;11;99;3.80;2;1;1;76;0;5455199;180;0
147;18;336;15;9;12;46;3.60;6;2;1;73;0;5455246;128;5454718
147;18;336;15;9;13;16;3.60;2;1;1;75;0;5455316;99;5454718
147;18;336;15;9;13;99;3.60;3;1;1;73;0;5455399;578;0
147;18;336;15;9;13;99;3.80;4;1;1;77;0;5455399;487;0
147;18;336;15;9;14;99;3.80;8;2;1;79;0;5455499;2177;0
147;18;336;15;9;14;99;3.20;6;2;1;74;0;5455499;235;0
147;18;336;15;9;14;8;3.60;2;1;1;72;0;5455408;74;5454899
147;18;336;15;9;15;23;3.80;1;1;1;85;0;5455523;1609;0
147;18;336;15;9;16;21;3.20;1;1;1;73;0;5455621;81;0
147;18;336;15;9;16;99;3.40;4;1;1;80;0;5455699;282;0
147;18;336;15;9;17;28;3.60;3;1;1;75;0;5455728;311;0
147;18;336;15;9;17;52;3.60;1;1;1;70;0;5455752;115;0
147;18;336;15;9;18;99;3.80;6;2;1;76;0;5455899;384;0
147;18;336;15;9;18;99;6.00;4;1;1;81;0;5455899;184;0
147;18;336;15;9;18;99;3.80;2;1;1;78;0;5455899;473;0
147;18;336;15;9;19;14;3.20;3;1;1;75;0;5455914;168;0
147;18;336;15;9;19;99;3.80;2;1;1;81;0;5455999;82;0
147;18;336;15;9;20;4;3.40;1;1;1;81;0;5456004;233;0
147;18;336;15;9;20;28;3.80;4;1;1;85;0;5456028;102;0
147;18;336;15;9;21;99;3.80;6;2;1;76;0;5456199;282;0
147;18;336;15;9;21;99;3.00;3;1;1;76;0;5456199;269;0
147;18;336;15;9;22;31;3.60;2;1;1;86;0;5456231;215;0
147;18;336;15;9;21;25;9.00;7;2;2;55;0;5456125;1000;0
147;18;336;15;9;22;20;3.20;5;2;1;83;0;5456220;1307;0
147;18;336;15;9;22;19;3.60;6;2;1;79;0;5456219;2;0
147;18;336;15;9;22;39;3.00;3;1;1;75;0;5456239;25;0
147;18;336;15;9;23;93;3.20;2;1;1;79;0;5456393;146;0
147;18;336;15;9;23;97;3.60;6;2;1;81;0;5456397;161;0
147;18;336;15;9;23;99;3.40;5;2;1;82;0;5456399;165;0
147;18;336;15;9;23;99;4.20;7;2;1;78;0;5456399;215;0
147;18;336;15;9;24;13;3.60;6;2;1;82;0;5456413;0;0
147;18;336;15;9;24;99;3.60;3;1;1;75;0;5456499;245;0
147;18;336;15;9;24;99;3.40;4;1;1;91;0;5456499;454;0
147;18;336;15;9;25;18;3.40;3;1;1;73;0;5456518;1;0
147;18;336;15;9;25;91;3.80;2;1;1;79;0;5456591;183;0
147;18;336;15;9;23;96;4.00;7;2;1;15;0;5456396;-1;0
147;18;336;15;9;26;99;3.00;3;1;1;76;0;5456699;164;0
147;18;336;15;9;27;18;3.60;8;2;1;82;0;5456718;1201;0
147;18;336;15;9;28;0;3.20;2;1;1;73;0;5456800;191;0
147;18;336;15;9;29;99;5.80;3;1;1;75;0;5456999;285;0
147;18;336;15;9;30;45;3.80;6;2;1;84;0;5457045;616;0
147;18;336;15;9;31;99;3.80;2;1;1;75;0;5457199;383;0
147;18;336;15;9;31;99;3.20;5;2;1;92;0;5457199;785;0
147;18;336;15;9;32;99;4.00;3;1;1;79;0;5457299;272;0
147;18;336;15;9;32;99;3.80;8;2;1;79;0;5457299;565;0
147;18;336;15;9;34;15;3.80;6;2;1;81;0;5457415;353;0
147;18;336;15;9;35;7;3.40;3;1;1;79;0;5457507;189;0
147;18;336;15;9;37;99;3.80;8;2;1;85;0;5457799;482;0
147;18;336;15;9;38;18;3.40;6;2;1;78;0;5457818;386;0
147;18;336;15;9;38;99;3.80;3;1;1;78;0;5457899;376;0
147;18;336;15;9;39;17;3.20;4;1;1;78;0;5457917;1404;0
147;18;336;15;9;39;99;3.80;2;1;1;74;0;5457999;781;0
147;18;336;15;9;40;6;4.00;6;2;1;79;0;5458006;172;0
147;18;336;15;9;40;20;3.60;2;1;1;75;0;5458020;2;0
147;18;336;15;9;39;33;1.00;7;2;1;1;1;5457933;1441;0
147;18;336;15;9;42;34;3.20;5;2;1;90;0;5458234;1022;0
147;18;336;15;9;43;2;3.40;8;2;1;77;0;5458302;486;0
147;18;336;15;9;43;69;3.40;2;1;1;75;0;5458369;331;0
147;18;336;15;9;43;78;4.80;7;2;1;82;0;5458378;1886;0
147;18;336;15;9;44;2;3.60;6;2;1;82;0;5458402;377;0
147;18;336;15;9;44;12;3.20;3;1;1;76;0;5458412;495;0
147;18;336;15;9;44;99;3.80;1;1;1;87;0;5458499;2479;0
147;18;336;15;9;44;99;3.20;4;1;1;81;0;5458499;567;0
147;18;336;15;9;44;99;3.60;5;2;1;79;0;5458499;252;0
147;18;336;15;9;45;99;3.20;2;1;1;74;0;5458599;213;0
147;18;336;15;9;46;9;3.40;4;1;1;86;0;5458609;95;0
147;18;336;15;9;46;98;3.80;7;2;1;79;0;5458698;298;0
147;18;336;15;9;46;99;3.40;3;1;1;76;0;5458699;271;0
147;18;336;15;9;47;99;3.40;2;1;1;85;0;5458799;184;0
147;18;336;15;9;47;99;3.80;5;2;1;74;0;5458799;283;0
147;18;336;15;9;48;81;3.20;6;2;1;75;0;5458881;463;0
147;18;336;15;9;48;78;4.00;5;2;1;74;0;5458878;60;0
147;18;336;15;9;49;18;3.40;2;1;1;76;0;5458918;104;0
147;18;336;15;9;49;99;3.60;3;1;1;82;0;5458999;283;0
147;18;336;15;9;49;99;3.80;8;2;1;81;0;5458999;681;0
147;18;336;15;9;49;99;3.60;7;2;1;87;0;5458999;283;0
147;18;336;15;9;49;99;3.60;5;2;1;77;0;5458999;101;0
147;18;336;15;9;50;34;3.80;5;2;1;80;0;5459034;18;0
147;18;336;15;9;50;37;3.60;2;1;1;77;0;5459037;102;0
147;18;336;15;9;51;83;3.20;6;2;1;81;0;5459183;286;0
147;18;336;15;9;52;99;3.80;6;2;1;79;0;5459299;101;0
147;18;336;15;9;53;14;3.80;5;2;1;82;0;5459314;262;0
147;18;336;15;9;53;80;4.00;6;2;1;81;0;5459380;63;0
147;18;336;15;9;54;99;3.40;5;2;1;81;0;5459499;168;0
147;18;336;15;9;54;99;4.20;2;1;1;73;0;5459499;445;0
147;18;336;15;9;55;19;3.60;5;2;1;81;0;5459519;4;0
147;18;336;15;9;55;99;4.00;6;2;1;80;0;5459599;201;0
147;18;336;15;9;55;99;3.60;3;1;1;78;0;5459599;584;0
147;18;336;15;9;57;99;3.40;4;1;1;85;0;5459799;1175;0
147;18;336;15;9;54;76;4.20;7;2;1;12;0;5459476;462;0
147;18;336;15;9;57;99;3.60;2;1;1;73;0;5459799;279;0
147;18;336;15;9;58;34;3.80;3;1;1;81;0;5459834;218;0
147;18;336;15;9;59;99;4.00;2;1;1;80;0;5459999;182;0
147;18;336;15;10;0;99;3.60;6;2;1;76;0;5460099;482;0
147;18;336;15;10;0;99;4.00;8;2;1;89;0;5460099;1083;0
147;18;336;15;10;1;12;3.60;6;2;1;76;0;5460112;-1;0
147;18;336;15;10;1;67;4.20;7;2;1;73;0;5460167;565;0
147;18;336;15;10;1;37;12.00;3;1;3;79;0;5460137;286;0
147;18;336;15;10;2;99;3.20;8;2;1;81;0;5460299;183;0
147;18;336;15;10;2;99;3.60;3;1;1;79;0;5460299;107;0
147;18;336;15;10;4;12;3.80;6;2;1;77;0;5460412;282;0
147;18;336;15;10;4;99;3.40;3;1;1;79;0;5460499;183;0
147;18;336;15;10;4;99;3.20;5;2;1;82;0;5460499;964;0
147;18;336;15;10;4;96;5.80;7;2;1;55;0;5460496;308;0
147;18;336;15;10;6;90;3.80;5;2;1;80;0;5460690;176;0
147;18;336;15;10;6;99;4.20;8;2;1;98;0;5460699;385;0
147;18;336;15;10;7;99;3.40;3;1;1;83;0;5460799;284;0
147;18;336;15;10;7;99;4.00;7;2;1;87;0;5460799;265;0
147;18;336;15;10;7;99;3.80;6;2;1;72;0;5460799;369;0
147;18;336;15;10;8;21;3.80;3;1;1;82;0;5460821;7;0
147;18;336;15;10;8;13;4.20;1;1;1;71;0;5460813;2298;0
147;18;336;15;10;8;33;5.80;7;2;1;31;0;5460833;17;0
147;18;336;15;10;10;99;4.40;5;2;1;88;0;5461099;391;0
147;18;336;15;10;10;99;3.40;2;1;1;72;0;5461099;1082;0
147;18;336;15;10;11;66;3.80;2;1;1;72;0;5461166;50;0
147;18;336;15;10;12;23;4.00;4;1;1;87;0;5461223;1409;0
147;18;336;15;10;12;99;3.60;1;1;1;75;0;5461299;464;0
147;18;336;15;10;13;22;3.40;2;1;1;76;0;5461322;137;0
147;18;336;15;10;14;8;4.00;7;2;1;80;0;5461408;507;0
147;18;336;15;10;15;11;3.40;2;1;1;74;0;5461511;172;0
147;18;336;15;10;16;50;3.80;6;2;1;80;0;5461650;832;0
147;18;336;15;10;16;80;3.00;3;1;1;80;0;5461680;842;0
147;18;336;15;10;17;99;3.40;3;1;1;75;0;5461799;105;0
147;18;336;15;10;18;99;3.60;2;1;1;79;0;5461899;371;0
147;18;336;15;10;19;55;3.60;4;1;1;81;0;5461955;715;0
147;18;336;15;10;20;99;3.80;4;1;1;83;0;5462099;128;0
147;18;336;15;10;20;99;3.40;6;2;1;80;0;5462099;431;0
147;18;336;15;10;23;99;3.80;5;2;1;85;0;5462399;1282;0
147;18;336;15;10;23;99;5.80;6;2;1;78;0;5462399;284;0
147;18;336;15;10;24;44;3.60;6;2;1;79;0;5462444;18;0
147;18;336;15;10;26;22;3.80;7;2;1;78;0;5462622;1196;0
147;18;336;15;10;25;99;3.60;2;1;1;77;0;5462599;683;0
147;18;336;15;10;25;99;3.60;8;2;1;93;0;5462599;1884;0
147;18;336;15;10;25;99;3.20;3;1;1;67;0;5462599;783;0
147;18;336;15;10;26;16;3.80;7;2;1;75;0;5462616;-1;0
147;18;336;15;10;26;99;3.40;5;2;1;88;0;5462699;283;0
147;18;336;15;10;26;10;3.60;2;1;1;77;0;5462610;-1;0
147;18;336;15;10;27;99;3.40;3;1;1;68;0;5462799;182;0
147;18;336;15;10;28;99;3.60;4;1;1;79;0;5462899;783;0
147;18;336;15;10;28;99;3.60;6;2;1;84;0;5462899;438;0
147;18;336;15;10;28;99;3.80;8;2;1;80;0;5462899;286;0
147;18;336;15;10;29;42;3.20;3;1;1;66;0;5462942;125;0
147;18;336;15;10;29;75;3.00;6;2;1;84;0;5462975;60;0
147;18;336;15;10;30;99;3.80;3;1;1;67;0;5463099;139;0
147;18;336;15;10;31;15;4.00;5;2;1;86;0;5463115;402;0
147;18;336;15;10;31;46;3.60;2;1;1;66;0;5463146;519;0
147;18;336;15;10;33;10;3.60;2;1;1;71;0;5463310;144;0
147;18;336;15;10;33;99;3.60;3;1;1;66;0;5463399;279;0
147;18;336;15;10;33;99;3.00;6;2;1;72;0;5463399;411;0
147;18;336;15;10;34;6;3.80;4;1;1;91;0;5463406;490;0
147;18;336;15;10;34;50;3.40;6;2;1;71;0;5463450;36;0
147;18;336;15;10;34;53;3.80;5;2;1;81;0;5463453;321;0
147;18;336;15;10;34;84;4.00;4;1;1;84;0;5463484;62;0
147;18;336;15;10;35;99;3.40;3;1;1;68;0;5463599;180;0
147;18;336;15;10;36;99;2.80;6;2;1;77;0;5463699;231;0
147;18;336;15;10;36;2;3.80;2;1;1;74;0;5463602;273;0
147;18;336;15;10;37;99;3.60;6;2;1;81;0;5463799;86;0
147;18;336;15;10;37;94;8.80;3;1;2;73;0;5463794;177;0
147;18;336;15;10;38;99;3.40;5;2;1;82;0;5463899;429;0
147;18;336;15;10;38;99;3.20;6;2;1;80;0;5463899;84;0
147;18;336;15;10;38;99;3.80;2;1;1;74;0;5463899;278;0
147;18;336;15;10;39;64;3.40;7;2;1;82;0;5463964;1329;0
147;18;336;15;10;40;99;3.00;3;1;1;72;0;5464099;261;0
147;18;336;15;10;41;99;3.20;2;1;1;72;0;5464199;281;0
147;18;336;15;10;41;99;3.80;6;2;1;87;0;5464199;285;0
147;18;336;15;10;42;54;3.40;3;1;1;76;0;5464254;140;0
147;18;336;15;10;44;22;3.60;6;2;1;79;0;5464422;207;0
147;18;336;15;10;44;9;3.80;3;1;1;79;0;5464409;138;0
147;18;336;15;10;44;64;3.60;8;2;1;79;0;5464464;1547;0
147;18;336;15;10;45;19;3.60;6;2;1;79;0;5464519;80;0
147;18;336;15;10;46;99;4.40;7;2;1;79;0;5464699;720;0
147;18;336;15;10;46;3;4.00;8;2;1;84;0;5464603;122;0
147;18;336;15;10;47;86;3.60;6;2;1;80;0;5464786;250;0
147;18;336;15;10;47;99;3.20;2;1;1;79;0;5464799;584;0
147;18;336;15;10;48;99;3.80;5;2;1;85;0;5464899;985;0
147;18;336;15;10;49;3;3.60;1;1;1;82;0;5464903;3586;0
147;18;336;15;10;51;12;3.80;3;1;1;80;0;5465112;685;0
147;18;336;15;10;52;39;3.80;7;2;1;82;0;5465239;519;0
147;18;336;15;10;53;99;3.00;2;1;1;76;0;5465399;585;0
147;18;336;15;10;53;99;4.00;6;2;1;85;0;5465399;596;0
147;18;336;15;10;53;99;4.00;7;2;1;85;0;5465399;143;0
147;18;336;15;10;54;99;5.80;1;1;1;79;0;5465499;580;0
147;18;336;15;10;54;12;3.80;4;1;1;78;0;5465412;1910;0
147;18;336;15;10;55;72;3.40;3;1;1;81;0;5465572;442;0
147;18;336;15;10;55;99;3.60;6;2;1;84;0;5465599;183;0
147;18;336;15;10;57;21;3.40;3;1;1;69;0;5465721;133;0
147;18;336;15;10;57;50;3.80;1;1;1;82;0;5465750;224;0
147;18;336;15;10;59;7;3.60;4;1;1;82;0;5465907;477;0
147;18;336;15;10;59;30;3.00;3;1;1;67;0;5465930;191;0
147;18;336;15;11;0;69;3.80;8;2;1;78;0;5466069;1448;0
147;18;336;15;11;0;99;4.40;2;1;1;74;0;5466099;685;0
147;18;336;15;11;1;99;3.60;4;1;1;84;0;5466199;276;0
147;18;336;15;11;1;99;3.00;2;1;1;73;0;5466199;78;0
147;18;336;15;11;2;16;3.80;1;1;1;78;0;5466216;449;0
147;18;336;15;11;3;3;3.60;4;1;1;81;0;5466303;88;0
147;18;336;15;11;3;99;4.00;7;2;1;77;0;5466399;983;0
147;18;336;15;11;4;99;6.20;2;1;1;68;0;5466499;285;0
147;18;336;15;11;5;64;4.20;6;2;1;77;0;5466564;949;0
147;18;336;15;11;5;99;3.40;2;1;1;70;0;5466599;67;0
147;18;336;15;11;6;99;3.60;2;1;1;70;0;5466699;82;0
147;18;336;15;11;7;99;3.60;6;2;1;73;0;5466799;215;0
147;18;336;15;11;7;9;3.80;5;2;1;80;0;5466709;1793;0
147;18;336;15;11;8;99;5.00;6;2;1;73;0;5466899;82;0
147;18;336;15;11;8;99;3.80;4;1;1;83;0;5466899;580;0
147;18;336;15;11;8;99;3.80;5;2;1;84;0;5466899;172;0
147;18;336;15;11;10;0;3.20;8;2;1;82;0;5467000;913;0
147;18;336;15;11;10;50;3.20;6;2;1;71;0;5467050;126;0
147;18;336;15;11;11;15;3.40;2;1;1;71;0;5467115;397;0
147;18;336;15;11;11;99;3.40;6;2;1;73;0;5467199;132;0
147;18;336;15;11;11;99;3.80;7;2;1;79;0;5467199;781;0
147;18;336;15;11;11;99;3.40;3;1;1;74;0;5467199;1252;0
147;18;336;15;11;11;99;3.80;4;1;1;82;0;5467199;283;0
147;18;336;15;11;11;99;3.20;2;1;1;72;0;5467199;66;0
147;18;336;15;11;12;20;3.80;5;2;1;84;0;5467220;304;0
147;18;336;15;11;13;8;3.80;2;1;1;73;0;5467308;93;0
147;18;336;15;11;13;99;3.80;5;2;1;83;0;5467399;162;0
147;18;336;15;11;13;99;3.80;7;2;1;77;0;5467399;182;0
147;18;336;15;11;14;99;3.20;2;1;1;72;0;5467499;172;0
147;18;336;15;11;14;99;3.60;4;1;1;78;0;5467499;283;0
147;18;336;15;11;15;13;4.60;1;1;1;77;0;5467513;1279;0
147;18;336;15;11;15;21;3.80;6;2;1;74;0;5467521;305;0
147;18;336;15;11;15;35;3.80;3;1;1;73;0;5467535;319;0
147;18;336;15;11;16;10;3.60;6;2;1;74;0;5467610;70;0
147;18;336;15;11;16;99;3.60;5;2;1;81;0;5467699;283;0
147;18;336;15;11;16;99;4.20;4;1;1;79;0;5467699;183;0
147;18;336;15;11;17;13;3.00;5;2;1;79;0;5467713;-1;0
147;18;336;15;11;18;71;3.80;2;1;1;75;0;5467871;356;0
147;18;336;15;11;18;92;3.20;6;2;1;77;0;5467892;264;0
147;18;336;15;11;18;99;3.60;8;2;1;80;0;5467899;884;0
147;18;336;15;11;19;99;3.60;3;1;1;81;0;5467999;445;0
147;18;336;15;11;20;19;3.00;6;2;1;71;0;5468019;112;0
147;18;336;15;11;21;99;3.60;7;2;1;83;0;5468199;782;0
147;18;336;15;11;21;99;8.20;2;1;6;73;0;5468199;309;0
147;18;336;15;11;22;99;3.60;4;1;1;81;0;5468299;580;0
147;18;336;15;11;22;5;3.40;2;1;1;75;0;5468205;-1;0
147;18;336;15;11;22;27;3.60;3;1;1;77;0;5468227;212;0
147;18;336;15;11;23;82;3.20;6;2;1;79;0;5468382;347;0
147;18;336;15;11;23;99;3.80;4;1;1;80;0;5468399;84;0
147;18;336;15;11;25;2;3.20;6;2;1;78;0;5468502;105;0
147;18;336;15;11;25;99;4.20;4;1;1;84;0;5468599;182;0
147;18;336;15;11;25;41;4.40;8;2;1;80;0;5468541;625;0
147;18;336;15;11;25;44;3.20;2;1;1;77;0;5468544;322;0
147;18;336;15;11;26;99;3.60;6;2;1;74;0;5468699;182;0
147;18;336;15;11;27;22;3.60;3;1;1;78;0;5468722;478;0
147;18;336;15;11;27;99;3.60;6;2;1;75;0;5468799;82;0
147;18;336;15;11;28;50;3.40;4;1;1;84;0;5468850;233;0
147;18;336;15;11;28;65;3.60;3;1;1;78;0;5468865;126;0
147;18;336;15;11;28;99;3.40;2;1;1;79;0;5468899;340;0
147;18;336;15;11;30;22;3.40;6;2;1;76;0;5469022;205;0
147;18;336;15;11;30;4;4.00;5;2;1;81;0;5469004;1277;0
147;18;336;15;11;30;53;3.40;3;1;1;81;0;5469053;171;0
147;18;336;15;11;31;6;3.80;5;2;1;81;0;5469106;84;0
147;18;336;15;11;31;99;4.40;7;2;1;82;0;5469199;984;0
147;18;336;15;11;32;6;3.80;5;2;1;85;0;5469206;83;0
147;18;336;15;11;33;22;3.20;2;1;1;74;0;5469322;407;0
147;18;336;15;11;33;43;3.60;6;2;1;75;0;5469343;304;0
147;18;336;15;11;33;89;3.20;8;2;1;75;0;5469389;828;0
147;18;336;15;11;33;99;3.80;4;1;1;78;0;5469399;534;0
147;18;336;15;11;34;2;3.60;3;1;1;82;0;5469402;333;0
147;18;336;15;11;34;16;3.40;2;1;1;75;0;5469416;78;0
147;18;336;15;11;34;20;3.60;7;2;1;81;0;5469420;201;0
147;18;336;15;11;35;8;3.60;8;2;1;84;0;5469508;103;0
147;18;336;15;11;35;99;3.60;5;2;1;81;0;5469599;376;0
147;18;336;15;11;35;38;7.20;3;1;2;80;0;5469538;120;0
147;18;336;15;11;36;27;3.40;8;2;1;82;0;5469627;103;0
147;18;336;15;11;37;30;3.40;3;1;1;84;0;5469730;159;0
147;18;336;15;11;37;99;3.60;5;2;1;84;0;5469799;184;0
147;18;336;15;11;38;35;4.00;3;1;1;82;0;5469835;90;0
147;18;336;15;11;39;4;3.20;2;1;1;73;0;5469904;471;0
147;18;336;15;11;39;99;3.20;7;2;1;79;0;5469999;563;0
147;18;336;15;11;39;99;3.40;5;2;1;82;0;5469999;184;0
147;18;336;15;11;39;99;4.00;6;2;1;74;0;5469999;638;0
147;18;336;15;11;40;20;3.80;1;1;1;81;0;5470020;2485;0
147;18;336;15;11;41;11;3.60;2;1;1;67;0;5470111;191;0
147;18;336;15;11;41;79;3.80;5;2;1;79;0;5470179;165;0
147;18;336;15;11;43;3;3.20;4;1;1;82;0;5470303;886;0
147;18;336;15;11;42;99;5.20;3;1;1;74;0;5470299;446;0
147;18;336;15;11;43;69;3.40;4;1;1;82;0;5470369;51;0
147;18;336;15;11;43;64;3.40;3;1;1;75;0;5470364;39;0
147;18;336;15;11;44;99;3.80;7;2;1;79;0;5470499;485;0
147;18;336;15;11;45;5;3.20;2;1;1;79;0;5470505;374;0
147;18;336;15;11;47;22;3.60;3;1;1;80;0;5470722;341;0
147;18;336;15;11;53;6;4.00;3;1;1;78;0;5471306;567;0
147;18;336;15;11;54;6;3.20;2;1;1;72;0;5471406;886;0
147;18;336;15;11;54;99;3.60;6;2;1;75;0;5471499;1480;0
147;18;336;15;11;54;99;3.60;5;2;1;82;0;5471499;1302;0
147;18;336;15;11;55;99;3.60;4;1;1;79;0;5471599;1215;0
147;18;336;15;11;56;10;3.20;6;2;1;79;0;5471610;93;0
147;18;336;15;11;56;13;3.40;3;1;1;79;0;5471613;288;0
147;18;336;15;11;57;99;4.20;3;1;1;75;0;5471799;170;0
147;18;336;15;11;58;3;3.60;3;1;1;68;0;5471803;-1;0
147;18;336;15;11;58;29;3.80;2;1;1;78;0;5471829;407;0
147;18;336;15;11;59;99;4.00;6;2;1;83;0;5471999;374;0
147;18;336;15;11;59;99;3.40;4;1;1;85;0;5471999;383;0
147;18;336;15;11;59;99;3.80;2;1;1;75;0;5471999;152;0
147;18;336;15;12;1;21;3.00;2;1;1;73;0;5472121;103;0
147;18;336;15;12;1;42;3.20;3;1;1;79;0;5472142;319;0
147;18;336;15;12;3;99;3.60;6;2;1;78;0;5472399;382;0
147;18;336;15;12;3;99;3.60;4;1;1;82;0;5472399;385;0
147;18;336;15;12;4;99;4.00;7;2;1;72;0;5472499;1982;0
147;18;336;15;12;5;99;3.60;6;2;1;83;0;5472599;183;0
147;18;336;15;12;6;7;3.20;3;1;1;75;0;5472607;450;0
147;18;336;15;12;6;64;3.00;6;2;1;78;0;5472664;49;0
147;18;336;15;12;7;99;3.60;3;1;1;74;0;5472799;176;0
147;18;336;15;12;8;99;3.80;4;1;1;82;0;5472899;484;0
147;18;336;15;12;8;99;3.40;2;1;1;62;0;5472899;763;0
147;18;336;15;12;10;6;3.00;2;1;1;61;0;5473006;87;0
147;18;336;15;12;10;99;3.60;3;1;1;79;0;5473099;282;0
147;18;336;15;12;11;13;3.40;7;2;1;87;0;5473113;594;0
147;18;336;15;12;11;10;3.20;2;1;1;63;0;5473110;86;0
147;18;336;15;12;11;54;3.20;2;1;1;67;0;5473154;25;0
147;18;336;15;12;12;99;3.60;6;2;1;73;0;5473299;621;0
147;18;336;15;12;14;11;3.40;2;1;1;65;0;5473411;239;0
147;18;336;15;12;14;53;3.60;3;1;1;81;0;5473453;337;0
147;18;336;15;12;14;55;3.60;5;2;1;84;0;5473455;1940;0
147;18;336;15;12;14;99;3.40;6;2;1;81;0;5473499;182;0
147;18;336;15;12;15;99;3.00;7;2;1;80;0;5473599;471;0
147;18;336;15;12;15;99;3.00;2;1;1;64;0;5473599;169;0
147;18;336;15;12;15;99;4.20;6;2;1;82;0;5473599;84;0
147;18;336;15;12;16;99;3.20;4;1;1;89;0;5473699;783;0
147;18;336;15;12;16;99;3.40;1;1;1;74;0;5473699;3662;0
147;18;336;15;12;17;99;3.60;7;2;1;81;0;5473799;186;0
147;18;336;15;12;18;17;3.00;6;2;1;74;0;5473817;199;0
147;18;336;15;12;18;99;3.60;7;2;1;81;0;5473899;84;0
147;18;336;15;12;19;15;3.40;2;1;1;70;0;5473915;299;0
147;18;336;15;12;19;49;3.40;6;2;1;83;0;5473949;117;5473299
147;18;336;15;12;20;99;3.60;2;1;1;68;0;5474099;166;5473299
147;18;336;15;12;20;99;3.80;6;2;1;74;0;5474099;135;5473299
147;18;336;15;12;21;99;3.40;4;1;1;81;0;5474199;487;0
147;18;336;15;12;21;10;3.60;2;1;1;69;0;5474110;-1;0
147;18;336;15;12;22;78;3.00;6;2;1;74;0;5474278;160;5473299
147;18;336;15;12;22;99;3.60;7;2;1;75;0;5474299;384;0
147;18;336;15;12;23;99;3.40;3;1;1;64;0;5474399;930;0
147;18;336;15;12;23;99;3.60;6;2;1;76;0;5474399;106;5473299
147;18;336;15;12;24;19;3.40;1;1;1;91;0;5474419;703;0
147;18;336;15;12;24;36;4.00;6;2;1;76;0;5474436;19;5473299
147;18;336;15;12;24;39;3.60;2;1;1;78;0;5474439;310;0
147;18;336;15;12;25;4;3.20;5;2;1;78;0;5474504;1033;0
147;18;336;15;12;25;99;3.20;4;1;1;79;0;5474599;384;0
147;18;336;15;12;26;99;3.80;3;1;1;73;0;5474699;280;0
147;18;336;15;12;27;66;3.40;4;1;1;79;0;5474766;152;0
147;18;336;15;12;28;99;3.40;3;1;1;74;0;5474899;181;0
147;18;336;15;12;28;99;3.40;4;1;1;79;0;5474899;117;0
147;18;336;15;12;29;16;3.40;3;1;1;78;0;5474916;0;0
147;18;336;15;12;29;71;3.60;2;1;1;78;0;5474971;515;0
147;18;336;15;12;30;99;4.00;7;2;1;82;0;5475099;782;0
147;18;336;15;12;31;0;3.60;4;1;1;81;0;5475100;185;0
147;18;336;15;12;31;99;3.60;5;2;1;89;0;5475199;680;0
147;18;336;15;12;32;67;3.60;6;2;1;78;0;5475267;812;0
147;18;336;15;12;32;89;3.60;1;1;1;81;0;5475289;856;0
147;18;336;15;12;33;99;3.00;8;2;1;71;0;5475399;5757;0
147;18;336;15;12;33;99;3.40;2;1;1;83;0;5475399;411;0
147;18;336;15;12;34;99;3.60;6;2;1;76;0;5475499;215;0
147;18;336;15;12;35;8;3.60;3;1;1;70;0;5475508;576;0
147;18;336;15;12;35;99;3.80;1;1;1;83;0;5475599;294;0
147;18;336;15;12;34;40;17.60;7;2;5;68;0;5475440;323;0
147;18;336;15;12;36;99;3.40;2;1;1;73;0;5475699;285;0
147;18;336;15;12;36;99;3.20;3;1;1;72;0;5475699;172;0
147;18;336;15;12;37;28;3.40;3;1;1;71;0;5475728;13;0
147;18;336;15;12;37;89;3.60;2;1;1;82;0;5475789;73;0
147;18;336;15;12;38;99;3.40;4;1;1;79;0;5475899;783;0
147;18;336;15;12;38;99;4.20;3;1;1;74;0;5475899;153;0
147;18;336;15;12;38;99;3.60;5;2;1;83;0;5475899;685;0
147;18;336;15;12;39;47;4.00;8;2;1;79;0;5475947;532;0
147;18;336;15;12;40;84;4.40;1;1;1;84;0;5476084;468;0
147;18;336;15;12;39;89;12.20;2;1;3;77;0;5475989;184;0
147;18;336;15;12;40;97;3.60;6;2;1;77;0;5476097;580;0
147;18;336;15;12;42;29;9.40;6;2;6;76;0;5476229;115;0
147;18;336;15;12;44;99;3.40;7;2;1;76;0;5476499;965;0
147;18;336;15;12;44;12;3.60;6;2;1;74;0;5476412;138;0
147;18;336;15;12;44;36;3.60;3;1;1;74;0;5476436;516;0
147;18;336;15;12;45;99;3.40;3;1;1;74;0;5476599;145;0
147;18;336;15;12;46;1;3.60;6;2;1;73;0;5476601;171;0
147;18;336;15;12;46;99;3.60;4;1;1;83;0;5476699;784;0
147;18;336;15;12;46;99;4.60;3;1;1;73;0;5476699;83;0
147;18;336;15;12;47;21;3.20;6;2;1;71;0;5476721;102;5476097
147;18;336;15;12;47;54;4.00;3;1;1;74;0;5476754;32;5476097
147;18;336;15;12;48;1;3.40;8;2;1;82;0;5476801;835;0
147;18;336;15;12;48;99;3.60;6;2;1;75;0;5476899;161;5476097
147;18;336;15;12;49;99;3.00;3;1;1;71;0;5476999;225;0
147;18;336;15;12;50;15;3.80;6;2;1;76;0;5477015;98;5476097
147;18;336;15;12;51;9;3.80;8;2;1;80;0;5477109;293;0
147;18;336;15;12;51;99;4.00;6;2;1;75;0;5477199;166;5476097
147;18;336;15;12;51;99;3.60;1;1;1;82;0;5477199;1096;0
147;18;336;15;12;51;99;3.60;3;1;1;72;0;5477199;184;0
147;18;336;15;12;52;6;3.60;4;1;1;83;0;5477206;491;0
147;18;336;15;12;52;21;3.40;2;1;1;75;0;5477221;1174;0
147;18;336;15;12;52;45;3.80;7;2;1;75;0;5477245;729;0
147;18;336;15;12;53;99;4.00;6;2;1;75;0;5477399;180;5476097
147;18;336;15;12;53;99;3.40;2;1;1;81;0;5477399;161;5476097
147;18;336;15;12;54;99;3.40;2;1;1;75;0;5477499;84;5476097
147;18;336;15;12;55;91;3.40;6;2;1;78;0;5477591;172;5476097
147;18;336;15;12;57;14;3.60;4;1;1;84;0;5477714;492;0
147;18;336;15;12;57;22;3.60;6;2;1;77;0;5477722;115;5476097
147;18;336;15;12;57;33;3.80;3;1;1;72;0;5477733;516;0
147;18;336;15;12;58;99;3.40;5;2;1;80;0;5477899;1984;0
147;18;336;15;12;58;99;4.40;4;1;1;84;0;5477899;169;0
147;18;336;15;12;58;99;3.60;2;1;1;73;0;5477899;383;0
147;18;336;15;12;58;99;3.20;6;2;1;76;0;5477899;160;5476097
147;18;336;15;12;59;99;3.80;3;1;1;74;0;5477999;247;0
147;18;336;15;12;59;99;3.20;2;1;1;73;0;5477999;82;0
147;18;336;15;12;59;99;2.80;6;2;1;72;0;5477999;84;5476097
147;18;336;15;13;0;0;3.80;5;2;1;90;0;5478000;85;5476097
147;18;336;15;13;0;15;4.20;4;1;1;84;0;5478015;97;5476097
147;18;336;15;13;0;47;3.40;3;1;1;75;0;5478047;29;5476097
147;18;336;15;13;1;99;3.40;1;1;1;73;0;5478199;984;0
147;18;336;15;13;1;99;3.80;3;1;1;74;0;5478199;135;0
147;18;336;15;13;2;18;3.40;5;2;1;81;0;5478218;202;0
147;18;336;15;13;2;13;3.80;3;1;1;76;0;5478213;-1;0
147;18;336;15;13;2;19;3.60;6;2;1;75;0;5478219;206;0
147;18;336;15;13;2;99;3.60;7;2;1;81;0;5478299;1035;0
147;18;336;15;13;2;30;3.60;5;2;1;76;0;5478230;-1;0
147;18;336;15;13;2;34;3.20;3;1;1;75;0;5478234;3;5477999
147;18;336;15;13;3;17;3.00;2;1;1;71;0;5478317;302;0
147;18;336;15;13;3;83;3.80;1;1;1;79;0;5478383;167;0
147;18;336;15;13;3;99;4.00;8;2;1;88;0;5478399;1272;0
147;18;336;15;13;4;29;3.40;5;2;1;84;0;5478429;181;0
147;18;336;15;13;5;20;4.60;7;2;1;92;0;5478520;205;0
147;18;336;15;13;5;36;3.20;6;2;1;78;0;5478536;299;0
147;18;336;15;13;5;47;3.40;2;1;1;74;0;5478547;214;0
147;18;336;15;13;6;99;3.80;2;1;1;69;0;5478699;135;0
147;18;336;15;13;8;54;3.60;3;1;1;69;0;5478854;604;0
147;18;336;15;13;10;73;4.00;7;2;1;78;0;5479073;535;0
147;18;336;15;13;11;99;3.80;5;2;1;77;0;5479199;755;0
147;18;336;15;13;11;99;3.40;2;1;1;74;0;5479199;480;0
147;18;336;15;13;12;99;3.60;3;1;1;77;0;5479299;426;0
147;18;336;15;13;13;16;3.40;6;2;1;73;0;5479316;765;0
147;18;336;15;13;13;59;4.00;4;1;1;84;0;5479359;1326;0
147;18;336;15;13;13;62;4.40;5;2;1;86;0;5479362;145;0
147;18;336;15;13;13;59;3.60;3;1;1;72;0;5479359;43;0
147;18;336;15;13;13;99;4.60;6;2;1;73;0;5479399;66;0
147;18;336;15;13;14;99;3.60;2;1;1;73;0;5479499;283;0
147;18;336;15;13;14;99;3.80;8;2;1;78;0;5479499;1083;0
147;18;336;15;13;14;99;3.40;5;2;1;86;0;5479499;118;0
147;18;336;15;13;15;34;3.40;6;2;1;75;0;5479534;112;0
147;18;336;15;13;16;12;3.80;5;2;1;86;0;5479612;98;0
147;18;336;15;13;16;99;3.60;1;1;1;78;0;5479699;1298;0
147;18;336;15;13;16;99;4.00;6;2;1;70;0;5479699;148;0
147;18;336;15;13;17;9;3.60;3;1;1;71;0;5479709;332;0
147;18;336;15;13;17;99;3.60;2;1;1;70;0;5479799;282;0
147;18;336;15;13;17;99;3.60;5;2;1;82;0;5479799;171;5479199
147;18;336;15;13;17;99;3.20;4;1;1;75;0;5479799;422;0
147;18;336;15;13;17;99;3.80;6;2;1;70;0;5479799;79;5479316
147;18;336;15;13;18;1;3.60;1;1;1;77;0;5479801;85;5479316
147;18;336;15;13;18;12;3.80;3;1;1;72;0;5479812;84;5479316
147;18;336;15;13;19;99;3.60;1;1;1;77;0;5479999;181;5479316
147;18;336;15;13;19;99;3.60;6;2;1;73;0;5479999;180;5479316
147;18;336;15;13;20;0;3.60;4;1;1;78;0;5480000;185;5479316
147;18;336;15;13;20;23;4.80;3;1;1;79;0;5480023;192;5479316
147;18;336;15;13;20;15;2.60;7;2;1;77;0;5480015;923;0
147;18;336;15;13;20;37;3.60;4;1;1;77;0;5480037;20;0
147;18;336;15;13;21;10;3.40;5;2;1;86;0;5480110;295;0
147;18;336;15;13;21;27;2.80;3;1;1;76;0;5480127;82;0
147;18;336;15;13;21;99;3.80;5;2;1;81;0;5480199;74;0
147;18;336;15;13;21;99;3.40;4;1;1;78;0;5480199;145;0
147;18;336;15;13;22;99;3.40;1;1;1;77;0;5480299;283;0
147;18;336;15;13;22;99;3.00;3;1;1;75;0;5480299;158;5479709
147;18;336;15;13;23;88;3.80;2;1;1;82;0;5480388;570;0
147;18;336;15;13;26;2;3.20;2;1;1;76;0;5480602;197;0
147;18;336;15;13;26;72;3.60;4;1;1;76;0;5480672;457;0
147;18;336;15;13;26;85;3.80;3;1;1;75;0;5480685;371;0
147;18;336;15;13;27;99;5.60;3;1;1;76;0;5480799;95;0
147;18;336;15;13;27;99;3.60;4;1;1;78;0;5480799;109;0
147;18;336;15;13;28;2;3.20;1;1;1;78;0;5480802;487;0
147;18;336;15;13;28;47;3.60;5;2;1;85;0;5480847;631;0
147;18;336;15;13;28;82;4.20;7;2;1;84;0;5480882;854;0
147;18;336;15;13;28;85;4.20;3;1;1;72;0;5480885;59;0
147;18;336;15;13;29;99;3.40;6;2;1;70;0;5480999;982;0
147;18;336;15;13;29;99;3.80;2;1;1;77;0;5480999;381;0
147;18;336;15;13;30;99;6.20;4;1;1;75;0;5481099;283;0
147;18;336;15;13;30;14;3.80;7;2;1;78;0;5481014;114;0
147;18;336;15;13;31;11;3.20;6;2;1;73;0;5481111;94;0
147;18;336;15;13;31;58;3.60;2;1;1;72;0;5481158;141;0
147;18;336;15;13;31;99;3.40;1;1;1;79;0;5481199;382;0
147;18;336;15;13;32;4;3.20;3;1;1;77;0;5481204;298;0
147;18;336;15;13;32;18;4.00;7;2;1;74;0;5481218;186;0
147;18;336;15;13;32;99;3.20;6;2;1;76;0;5481299;172;0
147;18;336;15;13;32;99;4.20;5;2;1;81;0;5481299;436;0
147;18;336;15;13;33;7;2.80;2;1;1;76;0;5481307;131;0
147;18;336;15;13;33;24;3.80;6;2;1;75;0;5481324;9;0
147;18;336;15;13;33;54;2.80;3;1;1;80;0;5481354;135;0
147;18;336;15;13;33;68;3.80;5;2;1;80;0;5481368;50;0
147;18;336;15;13;34;20;3.20;4;1;1;77;0;5481420;291;0
147;18;336;15;13;34;99;3.40;5;2;1;80;0;5481499;113;0
147;18;336;15;13;35;9;3.40;2;1;1;74;0;5481509;188;0
147;18;336;15;13;36;1;3.60;6;2;1;73;0;5481601;258;0
147;18;336;15;13;36;55;3.40;2;1;1;76;0;5481655;129;5480999
147;18;336;15;13;36;74;3.80;4;1;1;80;0;5481674;239;0
147;18;336;15;13;37;99;3.40;5;2;1;81;0;5481799;284;0
147;18;336;15;13;37;99;3.80;8;2;1;77;0;5481799;2282;0
147;18;336;15;13;38;18;3.00;6;2;1;72;0;5481818;199;0
147;18;336;15;13;39;14;3.40;5;2;1;83;0;5481914;99;0
147;18;336;15;13;39;99;3.60;2;1;1;76;0;5481999;327;0
147;18;336;15;13;40;99;3.20;5;2;1;81;0;5482099;170;0
147;18;336;15;13;40;99;3.80;3;1;1;81;0;5482099;732;0
147;18;336;15;13;40;99;3.40;2;1;1;77;0;5482099;82;0
147;18;336;15;13;41;15;3.60;6;2;1;72;0;5482115;282;0
147;18;336;15;13;42;13;3.00;2;1;1;73;0;5482213;98;0
147;18;336;15;13;42;99;3.40;6;2;1;73;0;5482299;166;0
147;18;336;15;13;42;99;7.60;7;2;1;57;0;5482299;1061;0
147;18;336;15;13;43;2;4.00;3;1;1;80;0;5482302;186;0
147;18;336;15;13;43;14;3.60;2;1;1;74;0;5482314;86;0
147;18;336;15;13;43;45;3.60;7;2;1;79;0;5482345;-1;0
147;18;336;15;13;44;3;3.80;6;2;1;77;0;5482403;87;0
147;18;336;15;13;44;14;3.20;3;1;1;78;0;5482414;94;0
147;18;336;15;13;44;99;3.80;4;1;1;81;0;5482499;807;0
147;18;336;15;13;44;99;4.00;8;2;1;72;0;5482499;682;0
147;18;336;15;13;45;10;3.60;2;1;1;76;0;5482510;178;5481999
147;18;336;15;13;45;99;3.80;3;1;1;79;0;5482599;170;5481999
147;18;336;15;13;45;99;3.80;8;2;1;74;0;5482599;80;5481999
147;18;336;15;13;47;15;3.60;8;2;1;75;0;5482715;97;5481999
147;18;336;15;13;47;99;3.60;3;1;1;77;0;5482799;182;5482099
147;18;336;15;13;47;99;3.60;6;2;1;77;0;5482799;378;0
147;18;336;15;13;48;99;3.60;5;2;1;81;0;5482899;785;0
147;18;336;15;13;48;99;3.60;3;1;1;75;0;5482899;83;5482099
147;18;336;15;13;48;25;3.60;7;2;1;74;0;5482825;463;0
147;18;336;15;13;49;19;3.40;6;2;1;81;0;5482919;103;0
147;18;336;15;13;49;99;3.80;8;2;1;82;0;5482999;266;0
147;18;336;15;13;51;5;5.20;8;2;1;76;0;5483105;89;0
147;18;336;15;13;51;28;3.20;4;1;1;83;0;5483128;612;0
147;18;336;15;13;51;56;8.20;2;1;6;78;0;5483156;628;0
147;18;336;15;13;52;99;3.40;2;1;1;76;0;5483299;105;0
147;18;336;15;13;55;99;3.20;2;1;1;82;0;5483599;283;0
147;18;336;15;13;59;78;4.60;7;2;1;89;0;5483978;1135;0
147;18;336;15;13;59;99;3.20;8;2;1;63;0;5483999;869;0
147;18;336;15;14;2;11;3.40;3;1;1;76;0;5484211;1294;0
147;18;336;15;14;2;16;3.60;4;1;1;80;0;5484216;1074;0
147;18;336;15;14;3;99;3.60;7;2;1;90;0;5484399;402;0
147;18;336;15;14;3;99;3.60;6;2;1;78;0;5484399;1464;0
147;18;336;15;14;3;99;3.80;3;1;1;75;0;5484399;171;0
147;18;336;15;14;4;29;3.40;3;1;1;77;0;5484429;11;0
147;18;336;15;14;4;88;3.20;6;2;1;82;0;5484488;72;0
147;18;336;15;14;4;94;3.80;4;1;1;78;0;5484494;261;0
147;18;336;15;14;5;99;7.00;3;1;6;74;0;5484599;154;0
147;18;336;15;14;6;23;3.80;6;2;1;86;0;5484623;120;0
147;18;336;15;14;6;23;3.80;8;2;1;82;0;5484623;605;0
147;18;336;15;14;7;97;3.60;2;1;1;78;0;5484797;1183;0
147;18;336;15;14;7;99;3.80;6;2;1;83;0;5484799;160;0
147;18;336;15;14;7;99;3.40;3;1;1;71;0;5484799;165;5484211
147;18;336;15;14;7;99;3.40;4;1;1;80;0;5484799;287;0
147;18;336;15;14;8;99;4.20;1;1;1;92;0;5484899;3684;0
147;18;336;15;14;8;99;3.00;6;2;1;80;0;5484899;83;5484399
147;18;336;15;14;8;99;3.00;4;1;1;76;0;5484899;84;5484399
147;18;336;15;14;9;27;2.80;6;2;1;77;0;5484927;14;5484399
147;18;336;15;14;10;99;4.20;6;2;1;78;0;5485099;158;5484399
147;18;336;15;14;10;99;3.80;3;1;1;70;0;5485099;282;0
147;18;336;15;14;11;99;3.60;4;1;1;79;0;5485199;285;0
147;18;336;15;14;11;99;3.60;2;1;1;81;0;5485199;385;0
147;18;336;15;14;11;3;3.60;5;2;1;80;0;5485103;2188;0
147;18;336;15;14;11;16;4.80;7;2;1;95;0;5485116;702;0
147;18;336;15;14;12;76;3.40;3;1;1;70;0;5485276;157;0
147;18;336;15;14;13;19;3.60;6;2;1;78;0;5485319;200;0
147;18;336;15;14;13;99;3.60;3;1;1;69;0;5485399;105;0
147;18;336;15;14;13;99;3.40;2;1;1;74;0;5485399;184;0
147;18;336;15;14;15;99;3.20;2;1;1;71;0;5485599;183;0
147;18;336;15;14;16;99;3.20;2;1;1;74;0;5485699;83;0
147;18;336;15;14;17;20;3.40;3;1;1;76;0;5485720;302;0
147;18;336;15;14;18;99;3.40;2;1;1;74;0;5485899;184;5485199
147;18;336;15;14;18;99;3.60;3;1;1;90;0;5485899;162;5485199
147;18;336;15;14;18;99;3.40;6;2;1;77;0;5485899;563;0
147;18;336;15;14;19;11;3.20;5;2;1;81;0;5485911;791;0
147;18;336;15;14;19;18;3.20;8;2;1;83;0;5485918;1278;0
147;18;336;15;14;19;13;3.20;2;1;1;77;0;5485913;-1;5485199
147;18;336;15;14;22;60;3.40;3;1;1;78;0;5486260;346;0
147;18;336;15;14;23;31;3.80;4;1;1;97;0;5486331;1115;0
147;18;336;15;14;23;99;3.60;2;1;1;78;0;5486399;471;0
147;18;336;15;14;24;6;2.80;3;1;1;77;0;5486406;130;0
147;18;336;15;14;24;16;3.40;5;2;1;78;0;5486416;490;0
147;18;336;15;14;25;80;3.80;2;1;1;77;0;5486580;164;0
147;18;336;15;14;25;99;3.20;8;2;1;78;0;5486599;667;0
147;18;336;15;14;26;8;3.80;2;1;1;76;0;5486608;10;0
147;18;336;15;14;27;15;3.60;6;2;1;76;0;5486715;800;0
147;18;336;15;14;28;99;4.00;5;2;1;79;0;5486899;467;0
147;18;336;15;14;28;99;3.40;6;2;1;77;0;5486899;166;0
147;18;336;15;14;28;99;3.20;4;1;1;81;0;5486899;553;0
147;18;336;15;14;29;19;3.60;2;1;1;78;0;5486919;293;0
147;18;336;15;14;28;63;16.20;3;1;4;75;0;5486863;443;0
147;18;336;15;14;29;37;4.60;2;1;1;78;0;5486937;1;0
147;18;336;15;14;30;99;3.60;8;2;1;78;0;5487099;485;0
147;18;336;15;14;30;99;3.20;2;1;1;76;0;5487099;140;0
147;18;336;15;14;31;99;3.80;6;2;1;78;0;5487199;284;0
147;18;336;15;14;31;99;3.60;3;1;1;80;0;5487199;258;0
147;18;336;15;14;31;99;4.40;5;2;1;82;0;5487199;281;0
147;18;336;15;14;32;77;4.40;7;2;1;73;0;5487277;2142;0
147;18;336;15;14;33;99;3.80;6;2;1;83;0;5487399;182;0
147;18;336;15;14;34;99;3.40;2;1;1;82;0;5487499;384;0
147;18;336;15;14;34;99;7.40;5;2;6;88;0;5487499;280;0
147;18;336;15;14;34;75;15.80;3;1;4;74;0;5487475;259;0
147;18;336;15;14;36;16;4.00;6;2;1;85;0;5487616;200;0
147;18;336;15;14;36;99;3.80;3;1;1;76;0;5487699;147;0
147;18;336;15;14;37;19;3.40;5;2;1;89;0;5487719;189;0
147;18;336;15;14;37;40;3.20;2;1;1;75;0;5487740;226;0
147;18;336;15;14;38;99;3.00;7;2;1;79;0;5487899;600;0
147;18;336;15;14;39;11;3.80;6;2;1;79;0;5487911;278;0
147;18;336;15;14;39;99;3.80;3;1;1;76;0;5487999;282;0
147;18;336;15;14;39;99;3.00;2;1;1;80;0;5487999;243;0
147;18;336;15;14;40;1;3.40;6;2;1;79;0;5488001;72;0
147;18;336;15;14;41;18;3.40;5;2;1;79;0;5488118;385;0
147;18;336;15;14;41;26;3.20;6;2;1;76;0;5488126;109;0
147;18;336;15;14;41;99;3.80;2;1;1;79;0;5488199;186;0
147;18;336;15;14;42;0;3.60;3;1;1;77;0;5488200;183;0
147;18;336;15;14;42;17;3.60;6;2;1;72;0;5488217;75;0
147;18;336;15;14;42;31;3.00;2;1;1;80;0;5488231;14;0
147;18;336;15;14;42;51;4.00;8;2;1;80;0;5488251;1135;0
147;18;336;15;14;44;99;4.40;5;2;1;87;0;5488499;365;0
147;18;336;15;14;45;15;4.00;8;2;1;74;0;5488515;246;0
147;18;336;15;14;45;86;3.40;6;2;1;96;0;5488586;351;0
147;18;336;15;14;45;35;8.00;7;2;1;65;0;5488535;622;0
147;18;336;15;14;46;99;3.80;6;2;1;81;0;5488699;100;0
147;18;336;15;14;47;99;3.60;4;1;1;81;0;5488799;1885;0
147;18;336;15;14;47;11;3.80;3;1;1;86;0;5488711;494;0
147;18;336;15;14;48;95;3.40;5;2;1;89;0;5488895;377;0
147;18;336;15;14;48;99;3.40;2;1;1;73;0;5488899;654;0
147;18;336;15;14;49;99;3.20;2;1;1;72;0;5488999;83;0
147;18;336;15;14;52;8;3.60;3;1;1;75;0;5489208;481;0
147;18;336;15;14;53;99;3.20;8;2;1;77;0;5489399;864;0
147;18;336;15;14;54;1;3.20;3;1;1;75;0;5489401;175;0
147;18;336;15;14;55;4;4.60;6;2;1;78;0;5489504;788;0
147;18;336;15;14;55;10;4.00;8;2;1;73;0;5489510;96;0
147;18;336;15;14;55;62;4.80;4;1;1;80;0;5489562;747;0
147;18;336;15;14;59;99;4.00;6;2;1;85;0;5489999;473;0
147;18;336;15;14;59;99;3.80;3;1;1;79;0;5489999;582;0
147;18;336;15;15;0;19;3.80;8;2;1;79;0;5490019;489;0
147;18;336;15;15;1;99;3.40;2;1;1;72;0;5490199;1184;0
147;18;336;15;15;2;99;4.60;3;1;1;80;0;5490299;282;0
147;18;336;15;15;4;99;3.20;2;1;1;75;0;5490499;283;0
147;18;336;15;15;5;30;3.60;6;2;1;80;0;5490530;514;0
147;18;336;15;15;5;35;4.00;7;2;1;83;0;5490535;1955;0
147;18;336;15;15;5;55;3.80;5;2;1;83;0;5490555;1646;0
147;18;336;15;15;6;22;3.80;3;1;1;83;0;5490622;302;0
147;18;336;15;15;5;99;21.60;8;2;5;75;0;5490599;562;0
147;18;336;15;15;7;99;4.00;3;1;1;82;0;5490799;160;0
147;18;336;15;15;7;0;3.60;6;2;1;74;0;5490700;153;0
147;18;336;15;15;8;38;3.60;4;1;1;94;0;5490838;1254;0
147;18;336;15;15;8;58;3.40;3;1;1;82;0;5490858;41;0
147;18;336;15;15;9;99;3.40;6;2;1;73;0;5490999;281;0
147;18;336;15;15;9;99;3.40;7;2;1;77;0;5490999;446;0
147;18;336;15;15;9;99;4.40;3;1;1;79;0;5490999;126;0
147;18;336;15;15;10;16;3.60;7;2;1;78;0;5491016;1;0
147;18;336;15;15;10;1;3.40;5;2;1;75;0;5491001;429;0
147;18;336;15;15;11;75;3.20;6;2;1;73;0;5491175;159;0
147;18;336;15;15;11;99;3.40;5;2;1;78;0;5491199;181;0
147;18;336;15;15;12;99;3.60;2;1;1;113;0;5491299;784;0
147;18;336;15;15;12;99;3.20;1;1;1;74;0;5491299;6383;0
147;18;336;15;15;12;99;4.00;7;2;1;83;0;5491299;266;0
147;18;336;15;15;12;99;3.60;3;1;1;82;0;5491299;279;0
147;18;336;15;15;12;99;3.40;4;1;1;82;0;5491299;447;0
147;18;336;15;15;13;67;3.60;2;1;1;79;0;5491367;56;0
147;18;336;15;15;14;20;3.60;1;1;1;86;0;5491420;105;0
147;18;336;15;15;14;18;3.80;6;2;1;78;0;5491418;227;0
147;18;336;15;15;14;99;3.80;7;2;1;89;0;5491499;182;0
147;18;336;15;15;15;2;6.60;6;2;1;86;0;5491502;66;0
147;18;336;15;15;15;6;3.60;4;1;1;80;0;5491506;192;0
147;18;336;15;15;15;29;3.60;2;1;1;89;0;5491529;145;0
147;18;336;15;15;16;71;4.00;8;2;1;84;0;5491671;968;0
147;18;336;15;15;16;99;3.40;4;1;1;84;0;5491699;176;0
147;18;336;15;15;16;99;3.20;6;2;1;74;0;5491699;169;0
147;18;336;15;15;17;99;6.00;2;1;1;77;0;5491799;255;0
147;18;336;15;15;18;30;3.20;4;1;1;82;0;5491830;116;0
147;18;336;15;15;18;62;3.60;5;2;1;84;0;5491862;647;0
147;18;336;15;15;18;77;3.20;6;2;1;80;0;5491877;162;0
147;18;336;15;15;19;17;3.40;2;1;1;75;0;5491917;89;0
147;18;336;15;15;19;99;3.40;3;1;1;76;0;5491999;684;0
147;18;336;15;15;19;99;3.00;1;1;1;76;0;5491999;563;0
147;18;336;15;15;21;59;3.60;6;2;1;78;0;5492159;267;0
147;18;336;15;15;23;20;3.40;2;1;1;77;0;5492320;386;0
147;18;336;15;15;23;6;3.80;6;2;1;77;0;5492306;130;0
147;18;336;15;15;23;15;4.20;7;2;1;82;0;5492315;800;0
147;18;336;15;15;23;24;3.60;3;1;1;87;0;5492324;308;0
147;18;336;15;15;23;61;3.60;5;2;1;79;0;5492361;483;0
147;18;336;15;15;24;7;3.40;4;1;1;95;0;5492407;562;0
147;18;336;15;15;24;98;3.60;7;2;1;80;0;5492498;164;0
147;18;336;15;15;24;99;3.40;1;1;1;77;0;5492499;485;0
147;18;336;15;15;24;99;3.00;6;2;1;75;0;5492499;175;0
147;18;336;15;15;25;99;3.00;2;1;1;71;0;5492599;263;0
147;18;336;15;15;26;99;3.40;2;1;1;71;0;5492699;84;0
147;18;336;15;15;26;99;5.00;6;2;1;75;0;5492699;185;0
147;18;336;15;15;27;99;4.00;7;2;1;84;0;5492799;284;0
147;18;336;15;15;27;99;3.40;2;1;1;69;0;5492799;82;0
147;18;336;15;15;28;29;3.60;8;2;1;73;0;5492829;1140;0
147;18;336;15;15;29;87;3.20;2;1;1;71;0;5492987;170;0
147;18;336;15;15;29;99;4.80;6;2;1;82;0;5492999;276;0
147;18;336;15;15;30;99;3.80;2;1;1;72;0;5493099;95;5492599
147;18;336;15;15;30;99;3.20;4;1;1;76;0;5493099;679;0
147;18;336;15;15;31;31;3.20;2;1;1;72;0;5493131;13;5492599
147;18;336;15;15;31;44;3.80;6;2;1;82;0;5493144;123;5492599
147;18;336;15;15;32;18;2.80;4;1;1;82;0;5493218;103;5492599
147;18;336;15;15;32;99;3.20;2;1;1;68;0;5493299;152;5492599
147;18;336;15;15;33;11;3.60;6;2;1;79;0;5493311;150;5492599
147;18;336;15;15;33;99;3.40;3;1;1;76;0;5493399;1060;0
147;18;336;15;15;33;99;3.20;7;2;1;78;0;5493399;582;0
147;18;336;15;15;34;4;3.80;2;1;1;66;0;5493404;88;5492599
147;18;336;15;15;35;7;3.20;1;1;1;70;0;5493507;992;0
147;18;336;15;15;36;13;3.60;6;2;1;75;0;5493613;285;0
147;18;336;15;15;36;24;3.00;2;1;1;77;0;5493624;199;5492599
147;18;336;15;15;37;13;5.20;4;1;1;83;0;5493713;482;0
147;18;336;15;15;37;28;3.20;7;2;1;88;0;5493728;314;0
147;18;336;15;15;37;99;3.80;2;1;1;68;0;5493799;160;5492599
147;18;336;15;15;38;30;3.60;6;2;1;88;0;5493830;199;5492599
147;18;336;15;15;38;99;3.40;2;1;1;69;0;5493899;79;5492599
147;18;336;15;15;38;99;3.60;4;1;1;83;0;5493899;163;5492599
147;18;336;15;15;38;5;3.40;1;1;1;77;0;5493805;281;0
147;18;336;15;15;38;24;3.80;7;2;1;89;0;5493824;82;0
147;18;336;15;15;40;10;3.40;1;1;1;73;0;5494010;189;0
147;18;336;15;15;40;36;3.60;6;2;1;93;0;5494036;191;0
147;18;336;15;15;41;61;3.40;6;2;1;85;0;5494161;111;0
147;18;336;15;15;41;55;2.80;2;1;1;75;0;5494155;238;0
147;18;336;15;15;41;71;4.00;1;1;1;96;0;5494171;144;0
147;18;336;15;15;42;18;3.80;8;2;1;80;0;5494218;1371;0
147;18;336;15;15;42;99;3.40;1;1;1;95;0;5494299;113;0
147;18;336;15;15;43;10;3.80;8;2;1;79;0;5494310;74;0
147;18;336;15;15;43;15;3.40;6;2;1;77;0;5494315;139;5493613
147;18;336;15;15;44;16;3.60;2;1;1;79;0;5494416;247;0
147;18;336;15;15;44;71;3.80;6;2;1;78;0;5494471;140;5493613
147;18;336;15;15;45;99;3.80;4;1;1;84;0;5494599;684;0
147;18;336;15;15;45;99;3.40;5;2;1;91;0;5494599;2221;0
147;18;336;15;15;46;49;3.40;2;1;1;80;0;5494649;216;0
147;18;336;15;15;47;99;3.60;6;2;1;80;0;5494799;310;0
147;18;336;15;15;48;99;3.80;5;2;1;83;0;5494899;286;0
147;18;336;15;15;48;99;3.60;7;2;1;84;0;5494899;1059;0
147;18;336;15;15;48;99;3.40;6;2;1;77;0;5494899;83;0
147;18;336;15;15;49;43;3.40;1;1;1;80;0;5494943;631;0
147;18;336;15;15;50;24;3.60;2;1;1;91;0;5495024;359;0
147;18;336;15;15;50;19;3.80;7;2;1;77;0;5495019;104;0
147;18;336;15;15;50;99;3.60;3;1;1;79;0;5495099;1683;0
147;18;336;15;15;52;0;3.80;2;1;1;83;0;5495200;161;0
147;18;336;15;15;52;99;3.40;4;1;1;80;0;5495299;683;0
147;18;336;15;15;53;99;3.40;6;2;1;78;0;5495399;484;0
147;18;336;15;15;55;13;3.60;7;2;1;81;0;5495513;476;0
147;18;336;15;15;55;99;3.60;2;1;1;99;0;5495599;382;0
147;18;336;15;15;56;99;3.60;6;2;1;74;0;5495699;284;0
147;18;336;15;15;57;67;3.80;4;1;1;80;0;5495767;452;0
147;18;336;15;15;57;99;3.40;6;2;1;75;0;5495799;82;0
147;18;336;15;15;58;99;3.60;6;2;1;75;0;5495899;83;0
147;18;336;15;15;59;8;3.00;5;2;1;87;0;5495908;992;0
147;18;336;15;15;59;18;3.00;7;2;1;81;0;5495918;389;0
147;18;336;15;16;0;99;3.80;5;2;1;85;0;5496099;178;0
147;18;336;15;16;0;99;4.00;6;2;1;76;0;5496099;182;0
147;18;336;15;16;2;7;3.80;5;2;1;79;0;5496207;91;0
147;18;336;15;16;2;99;3.20;7;2;1;69;0;5496299;367;0
147;18;336;15;16;3;99;3.40;2;1;1;84;0;5496399;786;0
147;18;336;15;16;4;12;3.00;6;2;1;81;0;5496412;294;0
147;18;336;15;16;4;70;3.60;6;2;1;81;0;5496470;44;0
147;18;336;15;16;5;99;3.00;3;1;1;71;0;5496599;1483;0
147;18;336;15;16;5;99;3.00;2;1;1;78;0;5496599;185;0
147;18;336;15;16;6;99;3.60;3;1;1;72;0;5496699;84;0
147;18;336;15;16;6;0;3.80;6;2;1;74;0;5496600;114;0
147;18;336;15;16;8;1;3.80;4;1;1;83;0;5496801;1016;0
147;18;336;15;16;8;9;3.60;6;2;1;77;0;5496809;190;0
147;18;336;15;16;8;99;5.60;5;2;1;82;0;5496899;674;0
147;18;336;15;16;9;58;2.80;3;1;1;69;0;5496958;241;0
147;18;336;15;16;10;99;3.80;6;2;1;79;0;5497099;273;0
147;18;336;15;16;10;99;3.40;1;1;1;87;0;5497099;2140;0
147;18;336;15;16;10;99;3.80;5;2;1;84;0;5497099;175;0
147;18;336;15;16;11;99;3.80;3;1;1;70;0;5497199;226;0
147;18;336;15;16;11;99;3.40;6;2;1;83;0;5497199;82;0
147;18;336;15;16;13;10;3.60;2;1;1;83;0;5497310;697;0
147;18;336;15;16;14;6;3.40;3;1;1;73;0;5497406;187;0
147;18;336;15;16;14;16;3.60;2;1;1;78;0;5497416;90;0
147;18;336;15;16;15;99;3.80;6;2;1;84;0;5497599;385;0
147;18;336;15;16;16;17;3.60;6;2;1;83;0;5497617;1;0
147;18;336;15;16;16;99;3.00;3;1;1;75;0;5497699;276;0
147;18;336;15;16;16;99;3.40;1;1;1;76;0;5497699;585;0
147;18;336;15;16;17;34;3.20;8;2;1;84;0;5497734;3406;0
147;18;336;15;16;18;99;3.40;6;2;1;73;0;5497899;266;0
147;18;336;15;16;18;99;3.00;2;1;1;70;0;5497899;466;0
147;18;336;15;16;19;19;3.60;5;2;1;87;0;5497919;803;0
147;18;336;15;16;20;99;4.00;3;1;1;75;0;5498099;385;0
147;18;336;15;16;21;33;3.80;3;1;1;90;0;5498133;14;0
147;18;336;15;16;22;42;4.60;5;2;1;97;0;5498242;308;0
147;18;336;15;16;22;58;3.40;2;1;1;80;0;5498258;343;0
147;18;336;15;16;23;99;3.20;2;1;1;82;0;5498399;125;0
147;18;336;15;16;23;99;11.60;4;1;7;77;0;5498399;1581;0
147;18;336;15;16;24;99;3.60;4;1;1;76;0;5498499;45;0
147;18;336;15;16;25;10;3.80;2;1;1;81;0;5498510;96;0
147;18;336;15;16;25;24;3.40;3;1;1;77;0;5498524;375;0
147;18;336;15;16;25;83;3.60;4;1;1;76;0;5498583;66;0
147;18;336;15;16;25;94;3.40;8;2;1;70;0;5498594;846;0
147;18;336;15;16;25;99;3.80;1;1;1;84;0;5498599;883;0
147;18;336;15;16;25;99;3.40;6;2;1;83;0;5498599;683;0
147;18;336;15;16;26;16;3.80;3;1;1;76;0;5498616;76;0
147;18;336;15;16;26;99;3.60;4;1;1;75;0;5498699;98;0
147;18;336;15;16;27;20;3.60;6;2;1;82;0;5498720;106;0
147;18;336;15;16;27;10;4.00;2;1;1;79;0;5498710;183;0
147;18;336;15;16;28;94;3.80;4;1;1;75;0;5498894;177;5498399
147;18;336;15;16;28;99;3.60;3;1;1;81;0;5498899;265;0
147;18;336;15;16;29;5;3.40;6;2;1;74;0;5498905;169;0
147;18;336;15;16;30;12;3.80;7;2;1;79;0;5499012;2696;0
147;18;336;15;16;30;79;3.80;5;2;1;83;0;5499079;819;0
147;18;336;15;16;31;28;3.60;6;2;1;83;0;5499128;206;0
147;18;336;15;16;31;99;3.40;4;1;1;77;0;5499199;286;0
147;18;336;15;16;31;99;3.40;5;2;1;83;0;5499199;103;0
147;18;336;15;16;33;13;3.80;6;2;1;84;0;5499313;169;0
147;18;336;15;16;34;24;3.40;6;2;1;81;0;5499424;94;0
147;18;336;15;16;34;99;3.80;4;1;1;78;0;5499499;284;0
147;18;336;15;16;34;99;3.20;3;1;1;71;0;5499499;584;0
147;18;336;15;16;35;80;3.60;8;2;1;90;0;5499580;968;0
147;18;336;15;16;36;3;3.40;2;1;1;79;0;5499603;874;0
147;18;336;15;16;36;13;4.00;4;1;1;78;0;5499613;96;0
147;18;336;15;16;36;21;3.40;6;2;1;80;0;5499621;181;0
147;18;336;15;16;36;99;4.40;5;2;1;85;0;5499699;485;0
147;18;336;15;16;36;99;3.80;7;2;1;91;0;5499699;669;0
147;18;336;15;16;36;99;4.00;3;1;1;71;0;5499699;183;0
147;18;336;15;16;37;99;3.80;1;1;1;79;0;5499799;1183;0
147;18;336;15;16;38;85;3.20;6;2;1;77;0;5499885;248;0
147;18;336;15;16;39;0;3.40;4;1;1;80;0;5499900;268;0
147;18;336;15;16;39;4;3.80;2;1;1;80;0;5499904;285;0
147;18;336;15;16;40;48;3.20;6;2;1;70;0;5500048;148;0
147;18;336;15;16;40;67;3.80;5;2;1;87;0;5500067;349;0
147;18;336;15;16;41;99;3.80;3;1;1;80;0;5500199;479;0
147;18;336;15;16;42;16;3.60;6;2;1;71;0;5500216;151;0
147;18;336;15;16;42;99;3.60;5;2;1;85;0;5500299;216;0
147;18;336;15;16;43;95;3.00;6;2;1;74;0;5500395;160;0
147;18;336;15;16;43;99;3.60;8;2;1;82;0;5500399;804;0
147;18;336;15;16;45;12;3.40;5;2;1;89;0;5500512;197;0
147;18;336;15;16;47;99;3.60;3;1;1;87;0;5500799;582;0
147;18;336;15;16;47;99;3.40;6;2;1;75;0;5500799;389;0
147;18;336;15;16;47;9;3.60;2;1;1;77;0;5500709;787;0
147;18;336;15;16;47;21;3.80;5;2;1;85;0;5500721;195;0
147;18;336;15;16;48;15;3.80;7;2;1;81;0;5500815;1100;0
147;18;336;15;16;48;99;3.60;2;1;1;75;0;5500899;173;0
147;18;336;15;16;49;99;3.20;6;2;1;81;0;5500999;183;0
147;18;336;15;16;49;99;8.40;2;1;6;73;0;5500999;82;0
147;18;336;15;16;50;15;5.00;7;2;1;80;0;5501015;183;0
147;18;336;15;16;51;1;4.00;7;2;1;79;0;5501101;63;0
147;18;336;15;16;51;10;3.20;2;1;1;74;0;5501110;69;0
147;18;336;15;16;51;99;3.60;6;2;1;80;0;5501199;185;0
147;18;336;15;16;52;99;5.80;2;1;1;71;0;5501299;173;5500709
147;18;336;15;16;52;99;3.60;3;1;1;75;0;5501299;485;0
147;18;336;15;16;52;99;3.80;4;1;1;85;0;5501299;1383;0
147;18;336;15;16;52;10;3.60;7;2;1;80;0;5501210;90;0
147;18;336;15;16;53;89;3.80;3;1;1;78;0;5501389;72;0
147;18;336;15;16;53;99;3.60;4;1;1;91;0;5501399;83;0
147;18;336;15;16;54;99;3.40;2;1;1;71;0;5501499;170;5500709
147;18;336;15;16;55;23;3.60;6;2;1;85;0;5501523;307;0
147;18;336;15;16;55;14;3.40;2;1;1;71;0;5501514;-1;5500709
147;18;336;15;16;56;11;3.40;5;2;1;93;0;5501611;873;0
147;18;336;15;16;56;99;3.60;2;1;1;69;0;5501699;167;5500709
147;18;336;15;16;57;99;3.60;3;1;1;74;0;5501799;392;0
147;18;336;15;16;57;99;3.60;6;2;1;82;0;5501799;260;0
147;18;336;15;16;57;99;3.60;5;2;1;82;0;5501799;174;0
147;18;336;15;16;57;99;3.40;2;1;1;70;0;5501799;81;5500709
147;18;336;15;16;58;42;3.60;3;1;1;73;0;5501842;25;5500709
147;18;336;15;16;58;64;3.60;5;2;1;85;0;5501864;49;5500709
147;18;336;15;16;59;99;4.00;7;2;1;87;0;5501999;772;0
147;18;336;15;16;59;99;4.00;2;1;1;73;0;5501999;182;5500709
147;18;336;15;17;0;24;3.00;8;2;1;75;0;5502024;1609;0
147;18;336;15;17;0;99;5.20;7;2;1;79;0;5502099;83;0
147;18;336;15;17;0;0;3.20;5;2;1;88;0;5502000;120;0
147;18;336;15;17;0;16;3.20;3;1;1;82;0;5502016;156;0
147;18;336;15;17;1;70;3.80;2;1;1;76;0;5502170;151;5500709
147;18;336;15;17;1;99;3.80;7;2;1;83;0;5502199;76;5500709
147;18;336;15;17;1;99;3.80;8;2;1;74;0;5502199;160;5500709
147;18;336;15;17;2;99;3.60;6;2;1;81;0;5502299;484;0
147;18;336;15;17;3;55;3.20;4;1;1;97;0;5502355;941;0
147;18;336;15;17;4;28;3.00;3;1;1;82;0;5502428;397;0
147;18;336;15;17;4;99;4.00;6;2;1;77;0;5502499;184;0
147;18;336;15;17;4;99;3.80;7;2;1;88;0;5502499;283;0
147;18;336;15;17;5;25;4.40;3;1;1;85;0;5502525;83;0
147;18;336;15;17;6;80;3.20;6;2;1;79;0;5502680;162;0
147;18;336;15;17;6;76;4.00;2;1;1;69;0;5502676;488;0
147;18;336;15;17;7;16;3.60;5;2;1;80;0;5502716;702;0
147;18;336;15;17;7;99;3.80;2;1;1;74;0;5502799;102;0
147;18;336;15;17;8;18;3.60;4;1;1;87;0;5502818;451;0
147;18;336;15;17;8;14;3.60;3;1;1;82;0;5502814;270;0
147;18;336;15;17;8;33;3.20;6;2;1;81;0;5502833;138;0
147;18;336;15;17;8;32;3.40;2;1;1;68;0;5502832;14;0
147;18;336;15;17;9;15;3.40;2;1;1;68;0;5502915;65;0
147;18;336;15;17;9;99;3.60;6;2;1;82;0;5502999;151;5502299
147;18;336;15;17;10;99;3.80;1;1;1;72;0;5503099;3282;0
147;18;336;15;17;10;99;3.40;6;2;1;81;0;5503099;84;5502299
147;18;336;15;17;11;65;3.60;2;1;1;67;0;5503165;232;0
147;18;336;15;17;11;99;3.00;6;2;1;76;0;5503199;84;5502299
147;18;336;15;17;12;99;3.60;3;1;1;77;0;5503299;469;0
147;18;336;15;17;12;99;4.00;5;2;1;84;0;5503299;566;0
147;18;336;15;17;13;4;3.40;3;1;1;75;0;5503304;-1;0
147;18;336;15;17;13;13;4.00;4;1;1;80;0;5503313;480;0
147;18;336;15;17;14;99;3.40;3;1;1;75;0;5503499;178;0
147;18;336;15;17;14;99;4.00;5;2;1;83;0;5503499;182;0
147;18;336;15;17;16;4;3.00;2;1;1;82;0;5503604;419;0
147;18;336;15;17;16;30;3.00;5;2;1;82;0;5503630;113;0
147;18;336;15;17;16;55;3.00;6;2;1;82;0;5503655;441;0
147;18;336;15;17;17;99;3.60;3;1;1;78;0;5503799;283;0
147;18;336;15;17;19;99;3.60;2;1;1;76;0;5503999;381;0
147;18;336;15;17;20;99;3.40;7;2;1;81;0;5504099;1584;0
147;18;336;15;17;20;99;4.60;4;1;1;82;0;5504099;768;0
147;18;336;15;17;20;99;3.40;3;1;1;70;0;5504099;283;0
147;18;336;15;17;20;99;3.60;5;2;1;79;0;5504099;455;0
147;18;336;15;17;21;20;3.80;4;1;1;81;0;5504120;0;0
147;18;336;15;17;21;91;3.80;2;1;1;85;0;5504191;174;0
147;18;336;15;17;23;38;3.20;5;2;1;80;0;5504338;222;0
147;18;336;15;17;23;36;3.80;3;1;1;74;0;5504336;219;0
147;18;336;15;17;24;22;3.00;6;2;1;75;0;5504422;753;0
147;18;336;15;17;24;99;3.80;5;2;1;82;0;5504499;146;0
147;18;336;15;17;25;99;3.80;6;2;1;78;0;5504599;162;0
147;18;336;15;17;25;99;3.00;3;1;1;74;0;5504599;244;0
147;18;336;15;17;25;99;3.60;2;1;1;79;0;5504599;391;0
147;18;336;15;17;26;23;3.60;2;1;1;78;0;5504623;7;0
147;18;336;15;17;26;57;3.20;7;2;1;83;0;5504657;542;0
147;18;336;15;17;26;61;3.60;5;2;1;85;0;5504661;145;0
147;18;336;15;17;27;99;3.60;4;1;1;81;0;5504799;662;0
147;18;336;15;17;27;99;3.40;2;1;1;73;0;5504799;159;0
147;18;336;15;17;28;9;3.80;3;1;1;79;0;5504809;195;0
147;18;336;15;17;28;99;3.40;2;1;1;72;0;5504899;83;0
147;18;336;15;17;28;5;3.80;6;2;1;77;0;5504805;188;0
147;18;336;15;17;29;91;3.40;3;1;1;86;0;5504991;164;0
147;18;336;15;17;30;10;3.80;6;2;1;79;0;5505010;187;0
147;18;336;15;17;30;99;3.00;2;1;1;78;0;5505099;183;5504599
147;18;336;15;17;30;99;3.00;7;2;1;67;0;5505099;428;0
147;18;336;15;17;31;99;5.40;8;2;1;83;0;5505199;2981;0
147;18;336;15;17;31;10;3.60;6;2;1;77;0;5505110;82;5504422
147;18;336;15;17;32;99;3.60;4;1;1;78;0;5505299;484;0
147;18;336;15;17;33;16;3.60;3;1;1;75;0;5505316;310;0
147;18;336;15;17;33;99;3.60;6;2;1;74;0;5505399;272;0
147;18;336;15;17;34;72;3.40;3;1;1;73;0;5505472;138;0
147;18;336;15;17;35;3;3.20;7;2;1;84;0;5505503;387;0
147;18;336;15;17;35;99;3.40;6;2;1;76;0;5505599;182;0
147;18;336;15;17;36;30;2.80;5;2;1;81;0;5505630;953;0
147;18;336;15;17;36;99;3.20;3;1;1;74;0;5505699;210;0
147;18;336;15;17;37;99;3.20;3;1;1;71;0;5505799;84;0
147;18;336;15;17;38;99;3.60;2;1;1;75;0;5505899;786;0
147;18;336;15;17;38;99;3.60;8;2;1;77;0;5505899;676;0
147;18;336;15;17;39;72;3.60;6;2;1;77;0;5505972;356;0
147;18;336;15;17;40;99;3.20;2;1;1;79;0;5506099;182;0
147;18;336;15;17;40;99;3.60;5;2;1;83;0;5506099;456;0
147;18;336;15;17;40;99;3.60;6;2;1;77;0;5506099;110;0
147;18;336;15;17;40;99;4.60;3;1;1;79;0;5506099;283;0
147;18;336;15;17;41;99;2.80;3;1;1;76;0;5506199;79;0
147;18;336;15;17;41;32;3.80;6;2;1;78;0;5506132;16;0
147;18;336;15;17;42;77;3.40;3;1;1;76;0;5506277;64;0
147;18;336;15;17;42;99;3.80;8;2;1;79;0;5506299;383;0
147;18;336;15;17;42;99;3.80;4;1;1;84;0;5506299;983;0
147;18;336;15;17;42;99;5.80;5;2;1;85;0;5506299;184;0
147;18;336;15;17;43;99;3.40;7;2;1;82;0;5506399;882;0
147;18;336;15;17;44;28;3.60;5;2;1;82;0;5506428;104;0
147;18;336;15;17;44;83;2.80;2;1;1;82;0;5506483;369;0
147;18;336;15;17;45;13;3.60;4;1;1;84;0;5506513;197;0
147;18;336;15;17;45;14;3.40;3;1;1;76;0;5506514;220;0
147;18;336;15;17;45;99;3.80;7;2;1;79;0;5506599;185;0
147;18;336;15;17;45;99;4.00;6;2;1;82;0;5506599;449;0
147;18;336;15;17;45;99;3.40;4;1;1;84;0;5506599;70;0
147;18;336;15;17;46;99;3.60;5;2;1;81;0;5506699;255;0
147;18;336;15;17;46;15;3.40;3;1;1;79;0;5506615;84;0
147;18;336;15;17;47;76;3.60;7;2;1;82;0;5506776;159;0
147;18;336;15;17;48;99;3.60;2;1;1;78;0;5506899;403;0
147;18;336;15;17;48;99;3.80;8;2;1;80;0;5506899;582;0
147;18;336;15;17;48;99;3.60;5;2;1;88;0;5506899;184;0
147;18;336;15;17;49;99;4.00;3;1;1;76;0;5506999;368;0
147;18;336;15;17;49;42;2.80;1;1;1;84;0;5506942;3824;0
147;18;336;15;17;49;49;3.60;4;1;1;87;0;5506949;335;0
147;18;336;15;17;50;99;4.60;6;2;1;78;0;5507099;482;0
147;18;336;15;17;51;2;4.20;8;2;1;77;0;5507102;185;0
147;18;336;15;17;51;99;4.00;2;1;1;84;0;5507199;283;0
147;18;336;15;17;51;99;3.80;6;2;1;79;0;5507199;78;0
147;18;336;15;17;52;71;3.20;7;2;1;86;0;5507271;479;0
147;18;336;15;17;52;94;3.80;3;1;1;85;0;5507294;276;0
147;18;336;15;17;53;99;3.20;7;2;1;83;0;5507399;114;0
147;18;336;15;17;53;99;3.60;6;2;1;75;0;5507399;182;0
147;18;336;15;17;54;99;3.60;3;1;1;76;0;5507499;188;0
147;18;336;15;17;54;60;3.80;6;2;1;81;0;5507460;43;0
147;18;336;15;17;55;99;4.00;5;2;1;82;0;5507599;685;0
147;18;336;15;17;56;10;4.00;7;2;1;79;0;5507610;197;0
147;18;336;15;17;56;18;3.40;2;1;1;84;0;5507618;401;0
147;18;336;15;17;57;36;4.00;3;1;1;79;0;5507736;219;0
147;18;336;15;17;57;47;3.80;4;1;1;92;0;5507747;783;0
147;18;336;15;17;59;19;3.00;6;2;1;78;0;5507919;442;0
147;18;336;15;17;59;20;3.80;2;1;1;79;0;5507920;287;0
147;18;336;15;17;59;37;2.20;6;2;1;77;0;5507937;4;0
147;18;336;15;18;1;99;3.80;2;1;1;77;0;5508199;261;0
147;18;336;15;18;1;99;3.60;6;2;1;75;0;5508199;251;0
147;18;336;15;18;1;99;3.20;3;1;1;75;0;5508199;444;0
147;18;336;15;18;2;18;3.60;4;1;1;80;0;5508218;456;0
147;18;336;15;18;2;45;3.60;2;1;1;78;0;5508245;28;0
147;18;336;15;18;2;53;3.60;6;2;1;74;0;5508253;36;0
147;18;336;15;18;2;69;3.60;7;2;1;81;0;5508269;640;0
147;18;336;15;18;2;78;4.00;5;2;1;78;0;5508278;661;0
147;18;336;15;18;3;99;3.40;2;1;1;74;0;5508399;137;0
147;18;336;15;18;4;3;3.60;4;1;1;80;0;5508403;168;0
147;18;336;15;18;4;25;3.40;3;1;1;76;0;5508425;210;0
147;18;336;15;18;4;23;3.80;6;2;1;73;0;5508423;152;0
147;18;336;15;18;5;99;3.60;2;1;1;70;0;5508599;183;0
147;18;336;15;18;6;18;3.40;6;2;1;73;0;5508618;176;0
147;18;336;15;18;7;30;3.20;3;1;1;76;0;5508730;288;0
147;18;336;15;18;7;72;4.00;4;1;1;79;0;5508772;352;0
147;18;336;15;18;8;99;3.80;5;2;1;83;0;5508899;602;0
147;18;336;15;18;8;99;3.40;6;2;1;73;0;5508899;264;0
147;18;336;15;18;8;99;3.60;3;1;1;78;0;5508899;153;0
147;18;336;15;18;7;32;4.40;7;2;1;16;0;5508732;447;0
147;18;336;15;18;9;21;4.00;1;1;1;68;0;5508921;1967;0
147;18;336;15;18;9;29;3.60;8;2;1;79;0;5508929;1807;0
147;18;336;15;18;10;90;3.40;4;1;1;77;0;5509090;299;0
147;18;336;15;18;10;93;3.60;5;2;1;82;0;5509093;177;0
147;18;336;15;18;10;99;3.40;2;1;1;74;0;5509099;481;0
147;18;336;15;18;11;99;3.00;3;1;1;74;0;5509199;283;0
147;18;336;15;18;11;99;3.20;5;2;1;83;0;5509199;90;0
147;18;336;15;18;11;99;3.60;2;1;1;73;0;5509199;83;0
147;18;336;15;18;12;19;3.80;1;1;1;80;0;5509219;276;0
147;18;336;15;18;12;31;3.20;2;1;1;70;0;5509231;14;0
147;18;336;15;18;13;99;3.00;3;1;1;68;0;5509399;185;0
147;18;336;15;18;14;2;3.80;4;1;1;75;0;5509402;296;0
147;18;336;15;18;14;7;3.80;6;2;1;75;0;5509407;491;0
147;18;336;15;18;14;99;3.80;1;1;1;74;0;5509499;262;0
147;18;336;15;18;15;72;3.20;3;1;1;70;0;5509572;157;0
147;18;336;15;18;16;20;3.20;6;2;1;73;0;5509620;194;0
147;18;336;15;18;17;99;3.80;4;1;1;82;0;5509799;378;0
147;18;336;15;18;17;12;3.80;6;2;1;73;0;5509712;76;0
147;18;336;15;18;18;1;3.60;1;1;1;74;0;5509801;283;0
147;18;336;15;18;15;62;4.00;7;2;1;14;0;5509562;731;0
147;18;336;15;18;18;99;3.20;3;1;1;64;0;5509899;310;0
147;18;336;15;18;18;99;3.00;1;1;1;79;0;5509899;80;0
147;18;336;15;18;19;99;3.20;6;2;1;76;0;5509999;268;0
147;18;336;15;18;20;94;3.60;2;1;1;83;0;5510094;846;0
147;18;336;15;18;20;98;3.80;3;1;1;66;0;5510098;181;0
147;18;336;15;18;21;99;3.00;6;2;1;68;0;5510199;184;0
147;18;336;15;18;22;5;3.40;2;1;1;72;0;5510205;95;0
147;18;336;15;18;22;8;3.40;3;1;1;66;0;5510208;89;0
147;18;336;15;18;22;15;4.20;2;1;1;72;0;5510215;-1;0
147;18;336;15;18;22;21;3.20;6;2;1;70;0;5510221;6;0
147;18;336;15;18;23;5;3.60;1;1;1;79;0;5510305;392;0
147;18;336;15;18;23;74;3.80;2;1;1;68;0;5510374;138;0
147;18;336;15;18;23;89;4.20;4;1;1;86;0;5510389;573;0
147;18;336;15;18;24;99;3.20;6;2;1;69;0;5510499;261;0
147;18;336;15;18;24;99;3.00;8;2;1;79;0;5510499;1553;0
147;18;336;15;18;24;99;4.00;4;1;1;84;0;5510499;92;0
147;18;336;15;18;25;58;3.60;2;1;1;69;0;5510558;163;5510094
147;18;336;15;18;25;74;3.20;6;2;1;69;0;5510574;58;5510094
147;18;336;15;18;26;3;3.20;3;1;1;70;0;5510603;376;0
147;18;336;15;18;26;99;3.60;2;1;1;71;0;5510699;122;5510094
147;18;336;15;18;27;99;3.40;3;1;1;74;0;5510799;179;5510094
147;18;336;15;18;27;12;4.80;4;1;1;84;0;5510712;195;5510094
147;18;336;15;18;27;31;3.60;2;1;1;71;0;5510731;13;5510094
147;18;336;15;18;28;99;4.40;5;2;1;85;0;5510899;1686;0
147;18;336;15;18;29;2;3.40;2;1;1;73;0;5510902;152;5510094
147;18;336;15;18;29;99;3.40;2;1;1;75;0;5510999;80;5510094
147;18;336;15;18;30;12;4.00;6;2;1;76;0;5511012;421;0
147;18;336;15;18;30;22;3.80;3;1;1;79;0;5511022;206;0
147;18;336;15;18;31;99;3.20;2;1;1;76;0;5511199;183;5510094
147;18;336;15;18;32;99;3.60;6;2;1;79;0;5511299;268;0
147;18;336;15;18;34;8;6.60;7;2;1;91;0;5511408;1743;0
147;18;336;15;18;34;99;3.60;3;1;1;73;0;5511499;459;0
147;18;336;15;18;35;51;3.80;2;1;1;79;0;5511551;336;0
147;18;336;15;18;35;61;4.00;5;2;1;94;0;5511561;643;0
147;18;336;15;18;36;99;5.00;7;2;1;85;0;5511699;264;0
147;18;336;15;18;36;99;4.20;8;2;1;71;0;5511699;1186;0
147;18;336;15;18;37;11;3.40;2;1;1;80;0;5511711;142;0
147;18;336;15;18;37;99;3.20;6;2;1;80;0;5511799;483;0
147;18;336;15;18;38;68;3.80;5;2;1;87;0;5511868;291;0
147;18;336;15;18;38;78;4.00;7;2;1;82;0;5511878;157;0
147;18;336;15;18;39;99;3.60;5;2;1;87;0;5511999;115;0
147;18;336;15;18;39;99;5.40;3;1;1;85;0;5511999;482;0
147;18;336;15;18;40;99;3.40;1;1;1;82;0;5512099;1777;0
147;18;336;15;18;40;39;3.80;2;1;1;74;0;5512039;312;0
147;18;336;15;18;40;43;3.20;6;2;1;74;0;5512043;229;0
147;18;336;15;18;41;99;3.80;8;2;1;82;0;5512199;478;0
147;18;336;15;18;40;61;5.80;7;2;1;31;0;5512061;165;0
147;18;336;15;18;41;99;6.20;3;1;1;77;0;5512199;177;0
147;18;336;15;18;42;15;3.40;2;1;1;68;0;5512215;157;0
147;18;336;15;18;42;99;3.60;6;2;1;73;0;5512299;240;0
147;18;336;15;18;43;48;4.00;5;2;1;81;0;5512348;334;0
147;18;336;15;18;43;58;4.00;8;2;1;81;0;5512358;142;0
147;18;336;15;18;43;72;3.60;7;2;1;75;0;5512372;243;0
147;18;336;15;18;44;26;3.60;5;2;1;83;0;5512426;60;0
147;18;336;15;18;44;99;3.40;6;2;1;73;0;5512499;182;0
147;18;336;15;18;44;99;4.20;2;1;1;80;0;5512499;266;0
147;18;336;15;18;44;99;3.80;3;1;1;71;0;5512499;271;0
147;18;336;15;18;45;25;3.60;5;2;1;82;0;5512525;83;0
147;18;336;15;18;46;4;3.60;3;1;1;71;0;5512604;85;0
147;18;336;15;18;45;99;4.00;7;2;1;31;0;5512599;209;0
147;18;336;15;18;46;99;3.60;6;2;1;73;0;5512699;183;0
147;18;336;15;18;46;99;3.60;2;1;1;77;0;5512699;181;0
147;18;336;15;18;46;99;3.40;5;2;1;86;0;5512699;158;0
147;18;336;15;18;47;14;3.20;3;1;1;73;0;5512714;91;0
147;18;336;15;18;47;22;3.40;4;1;1;77;0;5512722;1989;0
147;18;336;15;18;48;23;3.40;4;1;1;77;0;5512823;85;0
147;18;336;15;18;48;24;3.40;6;2;1;80;0;5512824;107;0
147;18;336;15;18;49;16;3.20;4;1;1;77;0;5512916;77;0
147;18;336;15;18;49;15;6.40;7;2;1;87;0;5512915;269;0
147;18;336;15;18;50;6;3.20;4;1;1;76;0;5513006;75;0
147;18;336;15;18;50;99;3.60;3;1;1;73;0;5513099;369;0
147;18;336;15;18;51;68;3.40;4;1;1;75;0;5513168;146;5512722
147;18;336;15;18;52;1;3.60;8;2;1;86;0;5513201;825;0
147;18;336;15;18;52;9;3.00;3;1;1;78;0;5513209;92;0
147;18;336;15;18;52;99;3.80;6;2;1;78;0;5513299;459;0
147;18;336;15;18;52;99;4.00;4;1;1;73;0;5513299;114;5512722
147;18;336;15;18;53;4;3.80;2;1;1;82;0;5513304;588;0
147;18;336;15;18;53;71;3.60;2;1;1;78;0;5513371;50;0
147;18;336;15;18;54;22;3.80;6;2;1;82;0;5513422;105;0
147;18;336;15;18;54;99;3.60;4;1;1;76;0;5513499;180;5512722
147;18;336;15;18;54;99;3.80;5;2;1;86;0;5513499;785;0
147;18;336;15;18;55;99;5.80;3;1;1;78;0;5513599;376;0
147;18;336;15;18;56;84;3.20;5;2;1;84;0;5513684;169;0
147;18;336;15;18;56;98;3.60;8;2;1;82;0;5513698;481;0
147;18;336;15;18;57;99;3.60;3;1;1;80;0;5513799;173;0
147;18;336;15;18;58;18;3.60;2;1;1;86;0;5513818;430;0
147;18;336;15;18;58;30;4.00;4;1;1;81;0;5513830;313;0
147;18;336;15;18;58;33;3.20;3;1;1;74;0;5513833;17;0
147;18;336;15;18;58;67;3.80;1;1;1;93;0;5513867;1753;0
147;18;336;15;18;59;21;3.40;6;2;1;77;0;5513921;482;0
147;18;336;15;19;1;75;4.00;5;2;1;83;0;5514175;477;0
147;18;336;15;19;2;99;3.60;6;2;1;80;0;5514299;362;0
147;18;336;15;19;3;12;3.60;3;1;1;78;0;5514312;463;0
147;18;336;15;19;4;99;3.40;2;1;1;69;0;5514499;665;0
147;18;336;15;19;4;99;3.20;3;1;1;75;0;5514499;170;0
147;18;336;15;19;4;99;3.80;6;2;1;80;0;5514499;183;0
147;18;336;15;19;5;99;3.60;7;2;1;80;0;5514599;1657;0
147;18;336;15;19;6;0;3.00;2;1;1;72;0;5514600;83;0
147;18;336;15;19;6;39;3.60;3;1;1;72;0;5514639;124;0
147;18;336;15;19;7;99;3.80;7;2;1;78;0;5514799;183;0
147;18;336;15;19;7;99;3.40;6;2;1;97;0;5514799;282;0
147;18;336;15;19;9;99;3.20;6;2;1;82;0;5514999;187;0
147;18;336;15;19;10;99;3.80;4;1;1;88;0;5515099;1251;0
147;18;336;15;19;10;99;3.60;3;1;1;74;0;5515099;442;0
147;18;336;15;19;11;77;3.60;4;1;1;92;0;5515177;62;0
147;18;336;15;19;11;67;3.40;8;2;1;66;0;5515167;1453;0
147;18;336;15;19;12;95;5.20;6;2;1;64;0;5515295;281;0
147;18;336;15;19;12;99;4.00;5;2;1;81;0;5515299;1106;0
147;18;336;15;19;12;99;3.60;3;1;1;76;0;5515299;182;0
147;18;336;15;19;10;40;4.00;7;2;1;12;0;5515040;223;0
147;18;336;15;19;13;99;3.60;5;2;1;77;0;5515399;82;0
147;18;336;15;19;13;11;3.60;6;2;1;64;0;5515311;-1;0
147;18;336;15;19;14;69;4.60;8;2;1;70;0;5515469;283;0
147;18;336;15;19;15;99;3.80;3;1;1;77;0;5515599;282;0
147;18;336;15;19;15;99;4.00;6;2;1;71;0;5515599;267;0
147;18;336;15;19;16;60;3.20;2;1;1;75;0;5515660;1045;0
147;18;336;15;19;18;18;4.20;5;2;1;77;0;5515818;402;0
147;18;336;15;19;18;99;4.00;6;2;1;74;0;5515899;279;0
147;18;336;15;19;18;99;3.40;4;1;1;83;0;5515899;707;0
147;18;336;15;19;18;13;3.20;3;1;1;75;0;5515813;196;0
147;18;336;15;19;20;99;4.00;6;2;1;77;0;5516099;180;0
147;18;336;15;19;20;99;3.80;3;1;1;75;0;5516099;270;0
147;18;336;15;19;20;99;3.80;2;1;1;81;0;5516099;423;0
147;18;336;15;19;20;99;3.80;5;2;1;77;0;5516099;261;0
147;18;336;15;19;21;23;4.80;6;2;1;77;0;5516123;5;0
147;18;336;15;19;21;35;3.80;8;2;1;76;0;5516135;642;0
147;18;336;15;19;22;5;4.20;5;2;1;79;0;5516205;88;0
147;18;336;15;19;23;99;3.60;5;2;1;81;0;5516399;174;0
147;18;336;15;19;23;99;3.80;8;2;1;70;0;5516399;246;0
147;18;336;15;19;23;1;3.80;2;1;1;79;0;5516301;185;0
147;18;336;15;19;24;55;3.40;3;1;1;74;0;5516455;337;0
147;18;336;15;19;24;99;3.80;8;2;1;68;0;5516499;80;0
147;18;336;15;19;24;43;0.40;7;2;1;30;1;5516443;1283;0
147;18;336;15;19;26;9;2.80;7;2;1;75;0;5516609;1449;0
147;18;336;15;19;26;27;4.20;6;2;1;84;0;5516627;481;0
147;18;336;15;19;27;17;3.00;2;1;1;77;0;5516717;398;0
147;18;336;15;19;28;99;3.60;5;2;1;81;0;5516899;484;0
147;18;336;15;19;28;99;3.60;4;1;1;84;0;5516899;985;0
147;18;336;15;19;28;99;3.40;3;1;1;80;0;5516899;427;0
147;18;336;15;19;28;99;3.20;6;2;1;71;0;5516899;254;0
147;18;336;15;19;29;6;3.60;5;2;1;77;0;5516906;-1;0
147;18;336;15;19;29;8;3.60;7;2;1;80;0;5516908;285;0
147;18;336;15;19;30;19;3.60;7;2;1;75;0;5517019;94;0
147;18;336;15;19;30;20;3.40;8;2;1;75;0;5517020;500;0
147;18;336;15;19;30;99;3.60;5;2;1;77;0;5517099;176;0
147;18;336;15;19;31;99;3.80;5;2;1;78;0;5517199;83;0
147;18;336;15;19;32;80;3.80;5;2;1;77;0;5517280;63;5516099
147;18;336;15;19;32;99;3.80;4;1;1;80;0;5517299;384;0
147;18;336;15;19;32;93;3.20;3;1;1;67;0;5517293;378;0
147;18;336;15;19;32;99;3.80;7;2;1;81;0;5517299;262;0
147;18;336;15;19;33;20;3.20;6;2;1;72;0;5517320;404;0
147;18;336;15;19;33;99;3.60;5;2;1;80;0;5517399;101;5516099
147;18;336;15;19;34;32;3.80;4;1;1;78;0;5517432;115;5516099
147;18;336;15;19;35;99;3.20;6;2;1;71;0;5517599;263;0
147;18;336;15;19;35;99;3.40;1;1;1;68;0;5517599;3717;0
147;18;336;15;19;36;6;3.60;4;1;1;80;0;5517606;156;0
147;18;336;15;19;36;99;3.60;1;1;1;69;0;5517699;82;0
147;18;336;15;19;36;20;3.60;3;1;1;69;0;5517620;309;0
147;18;336;15;19;37;22;3.80;4;1;1;81;0;5517722;99;0
147;18;336;15;19;37;95;3.60;2;1;1;67;0;5517795;1063;0
147;18;336;15;19;37;99;3.40;6;2;1;71;0;5517799;183;0
147;18;336;15;19;39;10;3.20;2;1;1;72;0;5517910;95;0
147;18;336;15;19;38;99;3.40;6;2;1;70;0;5517899;82;0
147;18;336;15;19;39;9;3.40;1;1;1;71;0;5517909;191;0
147;18;336;15;19;39;13;3.80;4;1;1;79;0;5517913;174;5517299
147;18;336;15;19;39;21;3.40;3;1;1;72;0;5517921;282;0
147;18;336;15;19;39;62;3.20;6;2;1;70;0;5517962;45;0
147;18;336;15;19;40;17;3.60;4;1;1;80;0;5518017;86;5517299
147;18;336;15;19;40;99;5.00;7;2;1;81;0;5518099;783;0
147;18;336;15;19;41;99;3.40;3;1;1;69;0;5518199;261;0
147;18;336;15;19;41;99;3.60;6;2;1;66;0;5518199;220;0
147;18;336;15;19;42;8;3.60;4;1;1;79;0;5518208;174;5517299
147;18;336;15;19;42;46;3.60;7;2;1;77;0;5518246;124;5517299
147;18;336;15;19;42;67;3.60;6;2;1;67;0;5518267;48;5517299
147;18;336;15;19;42;99;3.40;3;1;1;71;0;5518299;82;5517299
147;18;336;15;19;43;99;3.40;2;1;1;78;0;5518399;473;0
147;18;336;15;19;44;9;4.00;7;2;1;75;0;5518409;146;0
147;18;336;15;19;44;99;5.00;3;1;1;72;0;5518499;182;0
147;18;336;15;19;44;55;3.60;4;1;1;77;0;5518455;230;0
147;18;336;15;19;45;9;3.60;6;2;1;67;0;5518509;222;0
147;18;336;15;19;45;97;3.80;3;1;1;69;0;5518597;73;0
147;18;336;15;19;45;99;3.40;7;2;1;73;0;5518599;170;0
147;18;336;15;19;45;99;3.60;4;1;1;75;0;5518599;127;0
147;18;336;15;19;45;99;4.60;5;2;1;86;0;5518599;1183;0
147;18;336;15;19;46;99;4.60;3;1;1;71;0;5518699;82;5518199
147;18;336;15;19;46;99;3.20;6;2;1;68;0;5518699;170;5518199
147;18;336;15;19;47;42;4.20;5;2;1;87;0;5518742;123;5518199
147;18;336;15;19;47;43;3.60;6;2;1;69;0;5518743;27;5518199
147;18;336;15;19;47;51;3.60;4;1;1;79;0;5518751;134;5518199
147;18;336;15;19;48;99;4.60;2;1;1;77;0;5518899;484;0
147;18;336;15;19;48;99;11.60;3;1;3;69;0;5518899;176;5518199
147;18;336;15;19;49;25;4.00;4;1;1;68;0;5518925;157;5518199
147;18;336;15;19;49;99;3.60;6;2;1;69;0;5518999;237;0
147;18;336;15;19;50;6;3.40;6;2;1;69;0;5519006;-1;0
147;18;336;15;19;50;99;3.00;3;1;1;70;0;5519099;139;5518199
147;18;336;15;19;51;99;3.60;5;2;1;68;0;5519199;439;0
147;18;336;15;19;51;99;3.20;6;2;1;69;0;5519199;175;0
147;18;336;15;19;51;99;4.00;5;2;1;69;0;5519199;-1;0
147;18;336;15;19;52;23;3.40;3;1;1;67;0;5519223;108;5518199
147;18;336;15;19;52;74;3.60;2;1;1;74;0;5519274;353;0
147;18;336;15;19;52;20;5.40;7;2;1;53;0;5519220;604;0
147;18;336;15;19;52;85;3.40;6;2;1;68;0;5519285;69;0
147;18;336;15;19;52;90;3.20;5;2;1;67;0;5519290;70;0
147;18;336;15;19;54;99;2.80;6;2;1;70;0;5519499;196;5518509
147;18;336;15;19;54;99;3.80;5;2;1;66;0;5519499;191;5518509
147;18;336;15;19;54;99;3.40;3;1;1;71;0;5519499;257;0
147;18;336;15;19;54;28;3.60;2;1;1;73;0;5519428;136;0
147;18;336;15;19;55;49;3.80;5;2;1;67;0;5519549;29;5518599
147;18;336;15;19;55;99;3.00;4;1;1;74;0;5519599;652;0
147;18;336;15;19;56;8;3.60;3;1;1;75;0;5519608;91;0
147;18;336;15;19;57;15;3.60;6;2;1;69;0;5519715;201;0
147;18;336;15;19;56;99;3.80;1;1;1;75;0;5519699;1772;0
147;18;336;15;19;58;99;3.80;6;2;1;74;0;5519899;165;0
147;18;336;15;19;58;99;3.20;3;1;1;76;0;5519899;273;0
147;18;336;15;19;59;99;3.00;1;1;1;81;0;5519999;281;0
147;18;336;15;20;0;99;3.40;3;1;1;75;0;5520099;184;0
147;18;336;15;20;1;10;3.80;5;2;1;84;0;5520110;540;0
147;18;336;15;20;1;99;3.40;6;2;1;75;0;5520199;281;0
147;18;336;15;20;1;99;3.80;4;1;1;79;0;5520199;585;0
147;18;336;15;20;2;27;3.80;5;2;1;80;0;5520227;100;0
147;18;336;15;20;3;10;4.40;4;1;1;80;0;5520310;93;0
147;18;336;15;20;3;99;3.80;6;2;1;82;0;5520399;183;0
147;18;336;15;20;4;6;3.80;2;1;1;80;0;5520406;960;0
147;18;336;15;20;5;2;3.40;5;2;1;82;0;5520502;257;0
147;18;336;15;20;5;78;3.20;6;2;1;70;0;5520578;162;0
147;18;336;15;20;5;97;3.80;2;1;1;77;0;5520597;173;0
147;18;336;15;20;6;27;3.80;5;2;1;85;0;5520627;110;0
147;18;336;15;20;6;99;3.60;3;1;1;71;0;5520699;583;0
147;18;336;15;20;6;99;3.60;6;2;1;68;0;5520699;104;0
147;18;336;15;20;7;24;4.00;4;1;1;85;0;5520724;394;0
147;18;336;15;20;7;12;3.40;5;2;1;80;0;5520712;68;0
147;18;336;15;20;7;24;4.00;8;2;1;80;0;5520724;3687;0
147;18;336;15;20;7;42;3.20;6;2;1;69;0;5520742;23;5520199
147;18;336;15;20;6;82;4.00;7;2;1;19;0;5520682;1425;0
147;18;336;15;20;8;99;3.60;8;2;1;73;0;5520899;157;0
147;18;336;15;20;9;99;3.80;6;2;1;68;0;5520999;240;0
147;18;336;15;20;9;99;3.60;7;2;1;77;0;5520999;241;0
147;18;336;15;20;10;57;3.60;5;2;1;82;0;5521057;329;0
147;18;336;15;20;11;7;3.80;6;2;1;72;0;5521107;87;0
147;18;336;15;20;11;99;3.80;2;1;1;70;0;5521199;584;0
147;18;336;15;20;11;99;3.40;7;2;1;65;0;5521199;183;0
147;18;336;15;20;12;25;3.20;4;1;1;79;0;5521225;484;0
147;18;336;15;20;12;15;3.80;6;2;1;73;0;5521215;89;0
147;18;336;15;20;12;99;3.40;3;1;1;75;0;5521299;581;0
147;18;336;15;20;14;99;3.80;3;1;1;71;0;5521499;183;0
147;18;336;15;20;14;99;4.80;8;2;1;76;0;5521499;582;0
147;18;336;15;20;14;99;3.60;2;1;1;79;0;5521499;280;0
147;18;336;15;20;16;99;3.80;3;1;1;71;0;5521699;180;0
147;18;336;15;20;16;99;4.20;7;2;1;78;0;5521699;481;0
147;18;336;15;20;17;6;3.60;5;2;1;85;0;5521706;633;0
147;18;336;15;20;17;2;3.80;4;1;1;82;0;5521702;462;0
147;18;336;15;20;17;20;3.60;8;2;1;79;0;5521720;198;0
147;18;336;15;20;17;10;3.80;3;1;1;70;0;5521710;-1;0
147;18;336;15;20;17;33;3.20;2;1;1;77;0;5521733;217;0
147;18;336;15;20;18;0;4.20;1;1;1;82;0;5521800;1787;0
147;18;336;15;20;18;20;4.00;4;1;1;81;0;5521820;101;0
147;18;336;15;20;19;8;3.80;6;2;1;82;0;5521908;674;0
147;18;336;15;20;19;11;3.40;2;1;1;83;0;5521911;163;0
147;18;336;15;20;19;99;3.60;5;2;1;88;0;5521999;277;0
147;18;336;15;20;19;99;4.00;3;1;1;69;0;5521999;269;0
147;18;336;15;20;20;5;3.60;7;2;1;79;0;5522005;286;0
147;18;336;15;20;20;64;3.40;5;2;1;88;0;5522064;50;0
147;18;336;15;20;20;78;3.20;2;1;1;80;0;5522078;152;0
147;18;336;15;20;21;99;3.80;3;1;1;70;0;5522199;179;0
147;18;336;15;20;21;99;3.40;6;2;1;76;0;5522199;274;0
147;18;336;15;20;22;99;3.80;5;2;1;87;0;5522299;221;0
147;18;336;15;20;23;15;3.80;3;1;1;75;0;5522315;96;0
147;18;336;15;20;24;4;4.00;6;2;1;85;0;5522404;188;0
147;18;336;15;20;20;83;4.20;7;2;1;10;0;5522083;61;0
147;18;336;15;20;24;99;3.80;1;1;1;77;0;5522499;680;0
147;18;336;15;20;26;99;3.60;4;1;1;86;0;5522699;861;0
147;18;336;15;20;28;12;3.20;2;1;1;76;0;5522812;719;0
147;18;336;15;20;28;68;3.20;4;1;1;82;0;5522868;153;0
147;18;336;15;20;29;6;3.20;3;1;1;79;0;5522906;572;0
147;18;336;15;20;30;0;3.60;3;1;1;79;0;5523000;79;0
147;18;336;15;20;30;99;3.40;6;2;1;86;0;5523099;678;0
147;18;336;15;20;31;14;5.00;3;1;1;78;0;5523114;97;0
147;18;336;15;20;31;96;3.20;6;2;1;78;0;5523196;82;0
147;18;336;15;20;31;99;3.80;5;2;1;86;0;5523199;884;0
147;18;336;15;20;32;99;3.00;2;1;1;76;0;5523299;471;0
147;18;336;15;20;32;99;3.00;1;1;1;76;0;5523299;782;0
147;18;336;15;20;33;50;3.60;2;1;1;81;0;5523350;36;0
147;18;336;15;20;33;78;5.00;7;2;1;78;0;5523378;1143;0
147;18;336;15;20;34;99;3.60;6;2;1;66;0;5523499;288;0
147;18;336;15;20;34;99;3.40;7;2;1;80;0;5523499;97;0
147;18;336;15;20;34;99;4.00;2;1;1;79;0;5523499;133;0
147;18;336;15;20;35;34;3.60;7;2;1;80;0;5523534;19;0
147;18;336;15;20;36;2;3.60;2;1;1;75;0;5523602;84;0
147;18;336;15;20;36;17;3.00;6;2;1;73;0;5523617;98;0
147;18;336;15;20;36;99;3.20;2;1;1;70;0;5523699;79;5523299
147;18;336;15;20;37;99;3.80;4;1;1;87;0;5523799;916;0
147;18;336;15;20;38;10;3.80;2;1;1;71;0;5523810;94;5523299
147;18;336;15;20;38;79;3.20;6;2;1;71;0;5523879;247;0
147;18;336;15;20;39;99;3.40;5;2;1;82;0;5523999;784;0
147;18;336;15;20;40;99;3.20;6;2;1;70;0;5524099;203;0
147;18;336;15;20;40;99;3.40;5;2;1;85;0;5524099;85;0
147;18;336;15;20;40;99;3.60;2;1;1;74;0;5524099;269;0
147;18;336;15;20;40;19;3.60;7;2;1;75;0;5524019;468;0
147;18;336;15;20;41;65;3.40;3;1;1;80;0;5524165;1027;0
147;18;336;15;20;41;90;3.40;6;2;1;69;0;5524190;74;0
147;18;336;15;20;42;6;3.60;8;2;1;73;0;5524206;2469;0
147;18;336;15;20;42;99;5.40;6;2;1;72;0;5524299;91;0
147;18;336;15;20;42;99;3.20;7;2;1;77;0;5524299;262;0
147;18;336;15;20;43;12;3.60;5;2;1;82;0;5524312;198;0
147;18;336;15;20;43;52;3.20;7;2;1;75;0;5524352;38;0
147;18;336;15;20;44;99;3.60;4;1;1;87;0;5524499;684;0
147;18;336;15;20;44;99;3.60;3;1;1;81;0;5524499;318;0
147;18;336;15;20;44;99;3.20;2;1;1;76;0;5524499;382;0
147;18;336;15;20;45;99;3.40;6;2;1;75;0;5524599;273;0
147;18;336;15;20;45;99;3.60;8;2;1;76;0;5524599;375;0
147;18;336;15;20;47;15;3.20;1;1;1;77;0;5524715;1401;0
147;18;336;15;20;47;27;3.00;5;2;1;85;0;5524727;399;0
147;18;336;15;20;47;99;3.60;3;1;1;82;0;5524799;284;0
147;18;336;15;20;48;99;3.60;2;1;1;80;0;5524899;384;0
147;18;336;15;20;48;42;3.40;6;2;1;75;0;5524842;226;0
147;18;336;15;20;50;3;3.80;3;1;1;77;0;5525003;188;0
147;18;336;15;20;50;99;3.40;2;1;1;76;0;5525099;183;0
147;18;336;15;20;50;99;3.60;6;2;1;77;0;5525099;240;0
147;18;336;15;20;51;73;3.20;4;1;1;82;0;5525173;659;0
147;18;336;15;20;52;99;3.80;8;2;1;71;0;5525299;682;0
147;18;336;15;20;53;99;3.60;7;2;1;77;0;5525399;1031;0
147;18;336;15;20;53;99;3.60;8;2;1;70;0;5525399;80;0
147;18;336;15;20;53;6;3.40;3;1;1;75;0;5525306;285;0
147;18;336;15;20;54;28;3.80;4;1;1;82;0;5525428;240;0
147;18;336;15;20;54;99;3.60;2;1;1;83;0;5525499;383;0
147;18;336;15;20;55;99;9.00;2;1;6;84;0;5525599;84;0
147;18;336;15;20;56;14;3.60;7;2;1;77;0;5525614;198;0
147;18;336;15;20;56;93;3.20;6;2;1;79;0;5525693;577;0
147;18;336;15;20;57;13;3.40;3;1;1;79;0;5525713;390;0
147;18;336;15;20;57;99;3.80;5;2;1;90;0;5525799;1059;0
147;18;336;15;20;57;99;3.40;7;2;1;82;0;5525799;168;0
147;18;336;15;20;58;99;3.80;2;1;1;72;0;5525899;261;0
147;18;336;15;20;58;99;3.20;8;2;1;73;0;5525899;481;0
147;18;336;15;20;58;2;3.60;6;2;1;78;0;5525802;94;0
147;18;336;15;20;59;85;3.20;3;1;1;83;0;5525985;256;0
147;18;336;15;20;59;99;4.40;8;2;1;75;0;5525999;84;0
147;18;336;15;21;0;2;3.80;6;2;1;81;0;5526002;183;0
147;18;336;15;21;0;9;3.80;4;1;1;85;0;5526009;564;0
147;18;336;15;21;0;99;3.40;3;1;1;81;0;5526099;100;0
147;18;336;15;21;0;99;3.40;2;1;1;71;0;5526099;181;0
147;18;336;15;21;1;38;3.20;1;1;1;73;0;5526138;1408;0
147;18;336;15;21;2;26;3.20;5;2;1;85;0;5526226;411;0
147;18;336;15;21;2;99;4.00;1;1;1;71;0;5526299;145;0
147;18;336;15;21;3;5;3.40;6;2;1;75;0;5526305;286;0
147;18;336;15;21;3;99;3.80;5;2;1;82;0;5526399;159;0
147;18;336;15;21;3;6;6.40;2;1;1;80;0;5526306;189;0
147;18;336;15;21;4;62;3.40;6;2;1;72;0;5526462;140;0
147;18;336;15;21;4;84;4.00;3;1;1;98;0;5526484;369;0
147;18;336;15;21;5;4;3.60;5;2;1;81;0;5526504;88;0
147;18;336;15;21;5;12;3.40;2;1;1;67;0;5526512;177;0
147;18;336;15;21;6;19;3.60;3;1;1;77;0;5526619;120;0
147;18;336;15;21;6;23;3.60;6;2;1;77;0;5526623;144;0
147;18;336;15;21;6;25;3.60;5;2;1;83;0;5526625;105;0
147;18;336;15;21;6;30;3.60;2;1;1;73;0;5526630;99;5525899
147;18;336;15;21;7;99;3.60;1;1;1;80;0;5526799;479;0
147;18;336;15;21;8;99;3.40;7;2;1;81;0;5526899;1085;0
147;18;336;15;21;9;0;3.60;3;1;1;84;0;5526900;264;0
147;18;336;15;21;8;9;4.40;6;2;1;75;0;5526809;169;0
147;18;336;15;21;9;19;3.60;5;2;1;85;0;5526919;278;0
147;18;336;15;21;9;99;3.60;6;2;1;74;0;5526999;168;5526305
147;18;336;15;21;10;26;4.00;7;2;1;82;0;5527026;111;5526305
147;18;336;15;21;10;99;3.60;2;1;1;82;0;5527099;451;0
147;18;336;15;21;11;7;3.80;6;2;1;76;0;5527107;90;5526305
147;18;336;15;21;12;99;3.40;6;2;1;77;0;5527299;174;5526305
147;18;336;15;21;13;24;3.80;5;2;1;82;0;5527324;389;0
147;18;336;15;21;13;99;3.60;1;1;1;90;0;5527399;583;0
147;18;336;15;21;13;1;6.00;6;2;1;78;0;5527301;-1;5526305
147;18;336;15;21;14;25;3.80;8;2;1;78;0;5527425;1404;0
147;18;336;15;21;14;53;3.20;2;1;1;63;0;5527453;338;0
147;18;336;15;21;15;99;4.00;3;1;1;78;0;5527599;683;0
147;18;336;15;21;15;99;3.40;6;2;1;79;0;5527599;270;0
147;18;336;15;21;17;23;3.00;4;1;1;85;0;5527723;1697;0
147;18;336;15;21;17;88;3.60;6;2;1;81;0;5527788;173;0
147;18;336;15;21;18;99;3.40;3;1;1;75;0;5527899;281;0
147;18;336;15;21;20;99;2.80;6;2;1;79;0;5528099;295;0
147;18;336;15;21;21;0;3.60;4;1;1;82;0;5528100;364;0
147;18;336;15;21;21;99;2.80;2;1;1;68;0;5528199;727;0
147;18;336;15;21;22;66;3.60;6;2;1;78;0;5528266;154;0
147;18;336;15;21;22;70;4.00;5;2;1;79;0;5528270;929;0
147;18;336;15;21;22;74;2.80;3;1;1;71;0;5528274;358;0
147;18;336;15;21;23;1;3.20;2;1;1;74;0;5528301;87;0
147;18;336;15;21;24;6;3.60;2;1;1;75;0;5528406;89;0
147;18;336;15;21;24;79;4.00;5;2;1;81;0;5528479;190;0
147;18;336;15;21;25;99;2.60;4;1;1;83;0;5528599;483;0
147;18;336;15;21;25;99;3.80;3;1;1;79;0;5528599;310;0
147;18;336;15;21;26;99;3.20;6;2;1;75;0;5528699;416;0
147;18;336;15;21;27;99;4.00;4;1;1;83;0;5528799;188;0
147;18;336;15;21;27;99;3.20;6;2;1;77;0;5528799;84;0
147;18;336;15;21;28;99;3.40;2;1;1;75;0;5528899;475;0
147;18;336;15;21;29;3;3.00;4;1;1;83;0;5528903;86;0
147;18;336;15;21;29;12;3.80;6;2;1;80;0;5528912;98;0
147;18;336;15;21;30;11;4.00;2;1;1;75;0;5529011;95;0
147;18;336;15;21;30;31;3.40;4;1;1;82;0;5529031;114;0
147;18;336;15;21;30;99;3.20;6;2;1;77;0;5529099;169;0
147;18;336;15;21;31;1;3.80;5;2;1;83;0;5529101;604;0
147;18;336;15;21;30;99;3.40;2;1;1;75;0;5529099;68;0
147;18;336;15;21;31;25;3.20;3;1;1;84;0;5529125;508;0
147;18;336;15;21;32;43;4.60;2;1;1;76;0;5529243;127;0
147;18;336;15;21;33;11;3.60;6;2;1;76;0;5529311;197;5528699
147;18;336;15;21;33;99;3.60;4;1;1;84;0;5529399;353;0
147;18;336;15;21;34;99;3.60;2;1;1;74;0;5529499;234;0
147;18;336;15;21;34;99;3.20;7;2;1;76;0;5529499;2455;0
147;18;336;15;21;34;7;3.80;8;2;1;78;0;5529407;1964;0
147;18;336;15;21;36;16;3.60;2;1;1;70;0;5529616;99;0
147;18;336;15;21;36;99;3.60;7;2;1;82;0;5529699;184;0
147;18;336;15;21;37;11;3.60;4;1;1;85;0;5529711;296;0
147;18;336;15;21;37;75;3.60;2;1;1;69;0;5529775;140;0
147;18;336;15;21;38;99;3.20;6;2;1;78;0;5529899;570;0
147;18;336;15;21;39;16;3.80;7;2;1;83;0;5529916;201;0
147;18;336;15;21;39;19;5.40;6;2;1;75;0;5529919;5;0
147;18;336;15;21;39;23;3.80;2;1;1;66;0;5529923;129;0
147;18;336;15;21;40;99;3.80;5;2;1;81;0;5530099;981;0
147;18;336;15;21;41;99;3.60;2;1;1;68;0;5530199;255;0
147;18;336;15;21;41;93;12.60;6;2;2;74;0;5530193;248;0
147;18;336;15;21;42;59;3.60;5;2;1;83;0;5530259;143;0
147;18;336;15;21;43;99;3.80;5;2;1;85;0;5530399;124;0
147;18;336;15;21;43;99;3.20;7;2;1;78;0;5530399;466;0
147;18;336;15;21;44;2;3.40;4;1;1;77;0;5530402;675;0
147;18;336;15;21;44;20;3.80;7;2;1;80;0;5530420;6;0
147;18;336;15;21;44;29;3.60;5;2;1;83;0;5530429;13;0
147;18;336;15;21;45;13;3.40;3;1;1;80;0;5530513;1374;0
147;18;336;15;21;45;63;3.20;6;2;1;75;0;5530563;308;0
147;18;336;15;21;45;87;3.60;2;1;1;80;0;5530587;368;0
147;18;336;15;21;46;99;3.80;5;2;1;85;0;5530699;254;0
147;18;336;15;21;46;99;3.60;2;1;1;78;0;5530699;95;0
147;18;336;15;21;47;14;3.80;4;1;1;80;0;5530714;296;0
147;18;336;15;21;47;63;3.20;6;2;1;85;0;5530763;184;0
147;18;336;15;21;47;67;3.40;8;2;1;80;0;5530767;1342;0
147;18;336;15;21;47;68;3.20;2;1;1;78;0;5530768;52;0
147;18;336;15;21;48;99;4.20;5;2;1;81;0;5530899;183;0
147;18;336;15;21;49;99;3.80;2;1;1;77;0;5530999;216;0
147;18;336;15;21;49;99;3.40;3;1;1;89;0;5530999;470;0
147;18;336;15;21;50;4;3.40;4;1;1;82;0;5531004;272;0
147;18;336;15;21;50;99;3.80;5;2;1;79;0;5531099;181;0
147;18;336;15;21;51;8;3.60;1;1;1;78;0;5531108;3694;0
147;18;336;15;21;51;99;3.60;6;2;1;77;0;5531199;422;0
147;18;336;15;21;51;99;3.60;3;1;1;83;0;5531199;186;0
147;18;336;15;21;52;4;3.60;5;2;1;82;0;5531204;87;0
147;18;336;15;21;53;99;3.60;4;1;1;83;0;5531399;380;0
147;18;336;15;21;55;10;3.40;7;2;1;75;0;5531510;1072;0
147;18;336;15;21;58;99;3.20;3;1;1;83;0;5531899;684;0
147;18;336;15;21;59;99;3.60;1;1;1;80;0;5531999;874;0
147;18;336;15;22;0;32;3.80;7;2;1;83;0;5532032;505;0
147;18;336;15;22;0;40;3.40;4;1;1;83;0;5532040;625;0
147;18;336;15;22;1;1;3.40;8;2;1;87;0;5532101;1318;0
147;18;336;15;22;0;92;3.20;2;1;1;75;0;5532092;1075;0
147;18;336;15;22;1;99;4.00;5;2;1;85;0;5532199;979;0
147;18;336;15;22;1;99;4.60;6;2;1;71;0;5532199;983;0
147;18;336;15;22;2;8;3.60;8;2;1;79;0;5532208;92;0
147;18;336;15;22;2;7;3.80;2;1;1;74;0;5532207;99;0
147;18;336;15;22;2;11;3.60;7;2;1;81;0;5532211;162;0
147;18;336;15;22;3;13;3.60;3;1;1;81;0;5532313;400;0
147;18;336;15;22;3;23;3.80;5;2;1;84;0;5532323;107;0
147;18;336;15;22;3;74;2.80;6;2;1;73;0;5532374;151;0
147;18;336;15;22;3;99;3.80;2;1;1;70;0;5532399;173;0
147;18;336;15;22;4;99;3.80;8;2;1;77;0;5532499;274;0
147;18;336;15;22;4;99;5.00;5;2;1;79;0;5532499;159;0
147;18;336;15;22;5;33;3.40;6;2;1;76;0;5532533;145;0
147;18;336;15;22;5;59;4.80;7;2;1;81;0;5532559;332;0
147;18;336;15;22;6;3;3.60;1;1;1;79;0;5532603;587;0
147;18;336;15;22;6;99;3.60;2;1;1;72;0;5532699;280;0
147;18;336;15;22;7;12;3.20;3;1;1;74;0;5532712;383;0
147;18;336;15;22;7;99;3.80;1;1;1;77;0;5532799;179;0
147;18;336;15;22;7;14;3.80;3;1;1;75;0;5532714;-1;0
147;18;336;15;22;8;54;3.80;5;2;1;82;0;5532854;332;0
147;18;336;15;22;8;57;4.00;6;2;1;79;0;5532857;307;0
147;18;336;15;22;10;43;3.40;2;1;1;75;0;5533043;326;0
147;18;336;15;22;11;99;3.60;4;1;1;78;0;5533199;1144;0
147;18;336;15;22;11;99;3.20;3;1;1;72;0;5533199;466;0
147;18;336;15;22;11;99;3.60;8;2;1;73;0;5533199;682;0
147;18;336;15;22;12;5;3.20;6;2;1;77;0;5533205;329;0
147;18;336;15;22;13;62;3.60;3;1;1;77;0;5533362;147;0
147;18;336;15;22;13;94;3.80;6;2;1;76;0;5533394;174;0
147;18;336;15;22;15;16;3.40;2;1;1;70;0;5533516;456;0
147;18;336;15;22;16;11;3.40;3;1;1;73;0;5533611;232;0
147;18;336;15;22;16;87;3.40;6;2;1;73;0;5533687;275;0
147;18;336;15;22;17;15;3.40;5;2;1;79;0;5533715;844;0
147;18;336;15;22;17;99;3.40;2;1;1;77;0;5533799;265;0
147;18;336;15;22;17;99;3.80;4;1;1;78;0;5533799;583;0
147;18;336;15;22;17;99;3.80;8;2;1;79;0;5533799;582;0
147;18;336;15;22;17;99;3.40;6;2;1;70;0;5533799;95;0
147;18;336;15;22;18;64;3.60;4;1;1;79;0;5533864;47;0
147;18;336;15;22;19;99;2.80;1;1;1;74;0;5533999;1182;0
147;18;336;15;22;19;99;3.80;3;1;1;81;0;5533999;371;0
147;18;336;15;22;21;99;4.00;4;1;1;82;0;5534199;318;0
147;18;336;15;22;21;99;3.80;3;1;1;71;0;5534199;183;0
147;18;336;15;22;22;99;3.60;4;1;1;81;0;5534299;82;0
147;18;336;15;22;23;19;3.40;3;1;1;73;0;5534319;100;0
147;18;336;15;22;23;30;9.00;7;2;2;80;0;5534330;1749;0
147;18;336;15;22;24;14;3.60;3;1;1;70;0;5534414;78;0
147;18;336;15;22;24;99;4.20;4;1;1;76;0;5534499;184;0
147;18;336;15;22;24;99;3.40;2;1;1;72;0;5534499;684;0
147;18;336;15;22;25;8;3.20;6;2;1;81;0;5534508;691;0
147;18;336;15;22;26;16;4.20;6;2;1;80;0;5534616;93;0
147;18;336;15;22;26;92;3.60;4;1;1;79;0;5534692;173;0
147;18;336;15;22;26;99;3.60;2;1;1;74;0;5534699;183;0
147;18;336;15;22;27;99;3.80;7;2;1;85;0;5534799;428;0
147;18;336;15;22;27;99;3.00;3;1;1;72;0;5534799;366;0
147;18;336;15;22;28;23;3.60;4;1;1;78;0;5534823;114;5534199
147;18;336;15;22;28;47;3.40;1;1;1;81;0;5534847;834;0
147;18;336;15;22;28;67;3.80;5;2;1;84;0;5534867;1136;0
147;18;336;15;22;28;63;3.60;2;1;1;67;0;5534863;146;0
147;18;336;15;22;28;67;3.60;3;1;1;73;0;5534867;53;0
147;18;336;15;22;29;22;3.20;4;1;1;78;0;5534922;82;5534199
147;18;336;15;22;29;99;3.40;5;2;1;85;0;5534999;115;5534199
147;18;336;15;22;30;6;3.40;3;1;1;70;0;5535006;121;5534199
147;18;336;15;22;30;99;4.40;5;2;1;85;0;5535099;85;5534199
147;18;336;15;22;30;99;3.60;6;2;1;80;0;5535099;464;0
147;18;336;15;22;31;69;3.40;3;1;1;67;0;5535169;145;0
147;18;336;15;22;32;99;3.20;4;1;1;81;0;5535299;362;0
147;18;336;15;22;33;12;3.00;6;2;1;77;0;5535312;196;0
147;18;336;15;22;33;8;3.60;3;1;1;67;0;5535308;120;5534799
147;18;336;15;22;33;45;3.40;4;1;1;82;0;5535345;31;5534799
147;18;336;15;22;34;29;3.00;2;1;1;85;0;5535429;546;0
147;18;336;15;22;34;99;3.40;4;1;1;81;0;5535499;139;0
147;18;336;15;22;34;99;3.60;3;1;1;88;0;5535499;171;5534799
147;18;336;15;22;35;9;3.60;6;2;1;77;0;5535509;182;5534799
147;18;336;15;22;35;24;3.40;1;1;1;85;0;5535524;661;0
147;18;336;15;22;36;52;3.60;4;1;1;84;0;5535652;137;0
147;18;336;15;22;36;89;3.40;6;2;1;78;0;5535689;163;0
147;18;336;15;22;36;99;3.80;3;1;1;77;0;5535699;185;5534799
147;18;336;15;22;37;99;3.60;3;1;1;74;0;5535799;82;5534799
147;18;336;15;22;38;40;3.80;2;1;1;71;0;5535840;398;0
147;18;336;15;22;40;5;3.60;6;2;1;87;0;5536005;300;0
147;18;336;15;22;40;2;5.00;4;1;1;81;0;5536002;334;0
147;18;336;15;22;40;7;3.40;2;1;1;68;0;5536007;147;0
147;18;336;15;22;40;99;3.60;1;1;1;83;0;5536099;560;0
147;18;336;15;22;41;25;3.60;5;2;1;90;0;5536125;1007;0
147;18;336;15;22;41;89;3.40;6;2;1;77;0;5536189;169;0
147;18;336;15;22;41;87;3.80;2;1;1;71;0;5536187;162;0
147;18;336;15;22;43;3;3.60;5;2;1;86;0;5536303;163;0
147;18;336;15;22;43;8;3.80;2;1;1;75;0;5536308;101;0
147;18;336;15;22;43;23;3.80;4;1;1;85;0;5536323;298;0
147;18;336;15;22;44;93;3.60;5;2;1;81;0;5536493;174;0
147;18;336;15;22;45;99;3.40;2;1;1;77;0;5536599;272;0
147;18;336;15;22;45;99;3.80;8;2;1;72;0;5536599;2782;0
147;18;336;15;22;45;99;3.80;6;2;1;77;0;5536599;394;0
147;18;336;15;22;46;5;3.60;4;1;1;82;0;5536605;265;0
147;18;336;15;22;47;99;3.40;6;2;1;63;0;5536799;182;0
147;18;336;15;22;47;99;3.60;7;2;1;77;0;5536799;1983;0
147;18;336;15;22;48;99;3.80;5;2;1;76;0;5536899;390;0
147;18;336;15;22;48;99;3.00;3;1;1;73;0;5536899;1082;0
147;18;336;15;22;49;2;4.40;7;2;1;78;0;5536902;86;0
147;18;336;15;22;49;2;3.00;6;2;1;62;0;5536902;83;0
147;18;336;15;22;49;75;3.20;5;2;1;75;0;5536975;58;0
147;18;336;15;22;49;99;3.60;8;2;1;72;0;5536999;381;0
147;18;336;15;22;49;99;4.00;2;1;1;80;0;5536999;384;0
147;18;336;15;22;50;99;4.00;5;2;1;78;0;5537099;108;0
147;18;336;15;22;50;99;3.80;6;2;1;72;0;5537099;179;0
147;18;336;15;22;50;99;3.40;3;1;1;73;0;5537099;185;0
147;18;336;15;22;51;34;4.00;4;1;1;87;0;5537134;513;0
147;18;336;15;22;51;70;3.20;6;2;1;79;0;5537170;52;5536599
147;18;336;15;22;52;99;4.20;7;2;1;69;0;5537299;376;0
147;18;336;15;22;52;99;5.20;8;2;1;72;0;5537299;282;0
147;18;336;15;22;52;99;3.40;4;1;1;88;0;5537299;148;0
147;18;336;15;22;53;18;3.20;6;2;1;75;0;5537318;133;5536599
147;18;336;15;22;53;99;3.60;3;1;1;69;0;5537399;283;0
147;18;336;15;22;54;99;3.60;5;2;1;78;0;5537499;381;0
147;18;336;15;22;54;99;3.40;7;2;1;74;0;5537499;178;0
147;18;336;15;22;55;99;3.80;4;1;1;90;0;5537599;286;0
147;18;336;15;22;55;99;3.80;5;2;1;80;0;5537599;83;0
147;18;336;15;22;56;12;3.80;3;1;1;72;0;5537612;194;0
147;18;336;15;22;56;9;3.80;5;2;1;79;0;5537609;-1;0
147;18;336;15;22;56;27;4.20;6;2;1;81;0;5537627;293;0
147;18;336;15;22;58;99;3.80;4;1;1;85;0;5537899;284;0
147;18;336;15;22;58;99;3.40;6;2;1;77;0;5537899;253;0
147;18;336;15;22;58;99;3.40;2;1;1;72;0;5537899;882;0
147;18;336;15;22;59;67;4.00;2;1;1;73;0;5537967;51;0
147;18;336;15;22;59;95;3.80;7;2;1;71;0;5537995;479;0
147;18;336;15;23;0;99;4.40;2;1;1;71;0;5538099;112;0
147;18;336;15;23;0;99;3.80;3;1;1;74;0;5538099;468;0
147;18;336;15;23;0;99;4.00;7;2;1;72;0;5538099;84;0
147;18;336;15;23;1;2;3.80;6;2;1;69;0;5538102;187;0
147;18;336;15;23;1;14;3.60;2;1;1;70;0;5538114;-1;0
147;18;336;15;23;1;26;3.40;8;2;1;71;0;5538126;801;0
147;18;336;15;23;2;99;3.60;3;1;1;77;0;5538299;181;0
147;18;336;15;23;2;99;3.80;2;1;1;72;0;5538299;166;5537899
147;18;336;15;23;2;99;3.80;4;1;1;83;0;5538299;383;0
147;18;336;15;23;2;99;3.80;6;2;1;73;0;5538299;177;0
147;18;336;15;23;3;99;3.60;8;2;1;66;0;5538399;255;0
147;18;336;15;23;4;15;3.80;5;2;1;77;0;5538415;788;0
147;18;336;15;23;4;45;3.40;2;1;1;74;0;5538445;127;5537899
147;18;336;15;23;5;12;2.80;3;1;1;72;0;5538512;196;5537899
147;18;336;15;23;5;9;3.40;6;2;1;72;0;5538509;191;5537899
147;18;336;15;23;5;3;3.80;8;2;1;69;0;5538503;84;5537899
147;18;336;15;23;5;99;3.60;5;2;1;77;0;5538599;166;5537899
147;18;336;15;23;5;99;3.60;2;1;1;71;0;5538599;137;5537899
147;18;336;15;23;6;99;3.80;7;2;1;72;0;5538699;580;0
147;18;336;15;23;6;99;3.80;4;1;1;80;0;5538699;383;0
147;18;336;15;23;6;25;4.80;3;1;1;71;0;5538625;99;0
147;18;336;15;23;7;1;3.00;6;2;1;73;0;5538701;175;5537899
147;18;336;15;23;7;14;4.00;5;2;1;79;0;5538714;98;5537899
147;18;336;15;23;7;99;3.60;5;2;1;80;0;5538799;66;5537899
147;18;336;15;23;7;99;3.20;2;1;1;73;0;5538799;181;5537899
147;18;336;15;23;8;99;5.00;2;1;1;71;0;5538899;84;5537899
147;18;336;15;23;8;99;5.00;7;2;1;70;0;5538899;181;5537899
147;18;336;15;23;9;59;3.80;6;2;1;76;0;5538959;243;0
147;18;336;15;23;9;80;4.00;8;2;1;71;0;5538980;457;0
147;18;336;15;23;10;99;3.80;1;1;1;77;0;5539099;2984;0
147;18;336;15;23;11;15;3.40;5;2;1;82;0;5539115;299;0
147;18;336;15;23;11;16;3.60;6;2;1;74;0;5539116;139;0
147;18;336;15;23;13;15;4.00;3;1;1;80;0;5539315;665;0
147;18;336;15;23;13;99;3.60;5;2;1;81;0;5539399;269;0
147;18;336;15;23;14;25;3.00;6;2;1;78;0;5539425;291;0
147;18;336;15;23;14;50;3.80;3;1;1;79;0;5539450;117;0
147;18;336;15;23;15;99;3.60;4;1;1;84;0;5539599;882;0
147;18;336;15;23;15;99;3.80;1;1;1;80;0;5539599;482;0
147;18;336;15;23;17;45;3.00;6;2;1;76;0;5539745;306;0
147;18;336;15;23;18;99;3.60;2;1;1;79;0;5539899;974;0
147;18;336;15;23;18;99;4.20;5;2;1;86;0;5539899;484;0
147;18;336;15;23;18;99;5.00;7;2;1;73;0;5539899;974;0
147;18;336;15;23;20;99;3.20;5;2;1;81;0;5540099;182;0
147;18;336;15;23;21;8;3.20;6;2;1;75;0;5540108;348;0
147;18;336;15;23;22;89;3.60;5;2;1;80;0;5540289;175;0
147;18;336;15;23;23;99;6.00;2;1;1;76;0;5540399;483;0
147;18;336;15;23;24;21;3.00;6;2;1;77;0;5540421;297;0
147;18;336;15;23;24;99;3.40;3;1;1;69;0;5540499;1031;0
147;18;336;15;23;24;10;3.40;5;2;1;79;0;5540410;104;0
147;18;336;15;23;24;31;3.80;4;1;1;77;0;5540431;816;0
147;18;336;15;23;25;99;3.80;5;2;1;81;0;5540599;173;5539899
147;18;336;15;23;25;99;3.60;2;1;1;75;0;5540599;171;5539899
147;18;336;15;23;26;99;3.80;6;2;1;76;0;5540699;263;0
147;18;336;15;23;26;99;3.80;5;2;1;79;0;5540699;83;5539899
147;18;336;15;23;27;36;3.40;6;2;1;77;0;5540736;19;5539899
147;18;336;15;23;27;30;3.60;2;1;1;72;0;5540730;113;5539899
147;18;336;15;23;27;35;6.60;3;1;1;72;0;5540735;218;0
147;18;336;15;23;27;89;4.00;7;2;1;73;0;5540789;865;0
147;18;336;15;23;28;99;3.80;5;2;1;86;0;5540899;182;5539899
147;18;336;15;23;29;6;3.80;7;2;1;78;0;5540906;97;5539899
147;18;336;15;23;29;5;3.20;5;2;1;86;0;5540905;-1;5539899
147;18;336;15;23;29;29;3.20;6;2;1;76;0;5540929;177;5539899
147;18;336;15;23;29;34;3.20;2;1;1;76;0;5540934;186;5539899
147;18;336;15;23;30;97;3.00;6;2;1;70;0;5541097;152;5539899
147;18;336;15;23;31;99;3.80;6;2;1;74;0;5541199;86;5540699
147;18;336;15;23;31;44;5.80;7;2;1;32;0;5541144;220;0
147;18;336;15;23;33;99;2.80;2;1;1;79;0;5541399;449;0
147;18;336;15;23;33;99;3.80;6;2;1;78;0;5541399;181;5540699
147;18;336;15;23;34;99;3.80;5;2;1;83;0;5541499;580;0
147;18;336;15;23;34;99;3.40;3;1;1;81;0;5541499;731;0
147;18;336;15;23;34;10;4.80;6;2;1;82;0;5541410;-1;5540699
147;18;336;15;23;36;99;3.40;2;1;1;73;0;5541699;287;0
147;18;336;15;23;37;3;3.60;4;1;1;84;0;5541703;1254;0
147;18;336;15;23;37;49;3.60;7;2;1;77;0;5541749;539;0
147;18;336;15;23;39;94;10.00;7;2;2;55;0;5541994;228;0
147;18;336;15;23;41;23;3.60;5;2;1;87;0;5542123;607;0
147;18;336;15;23;41;99;3.80;4;1;1;85;0;5542199;480;0
147;18;336;15;23;42;37;5.80;6;2;1;80;0;5542237;805;0
147;18;336;15;23;43;99;3.40;2;1;1;70;0;5542399;683;0
147;18;336;15;23;45;16;4.00;6;2;1;77;0;5542516;252;0
147;18;336;15;23;45;22;3.40;2;1;1;69;0;5542522;105;0
147;18;336;15;23;46;99;3.40;6;2;1;73;0;5542699;164;0
147;18;336;15;23;46;99;3.60;3;1;1;78;0;5542699;1184;0
147;18;336;15;23;47;8;3.40;8;2;1;74;0;5542708;3707;0
147;18;336;15;23;47;9;3.60;2;1;1;70;0;5542709;169;0
147;18;336;15;23;47;31;3.60;3;1;1;80;0;5542731;15;0
147;18;336;15;23;48;99;4.00;6;2;1;80;0;5542899;183;0
147;18;336;15;23;49;99;5.00;3;1;1;79;0;5542999;251;0
147;18;336;15;23;49;99;3.20;2;1;1;68;0;5542999;271;0
147;18;336;15;23;51;6;3.60;4;1;1;84;0;5543106;890;0
147;18;336;15;23;51;11;3.40;6;2;1;79;0;5543111;194;0
147;18;336;15;23;51;99;3.00;3;1;1;75;0;5543199;177;0
147;18;336;15;23;52;6;3.60;6;2;1;83;0;5543206;79;5542516
147;18;336;15;23;53;90;3.40;8;2;1;65;0;5543390;665;0
147;18;336;15;23;54;99;10.60;6;2;7;76;0;5543499;277;0
147;18;336;15;23;54;99;3.60;2;1;1;69;0;5543499;483;0
147;18;336;15;23;55;27;3.20;3;1;1;77;0;5543527;313;0
147;18;336;15;23;55;42;3.20;4;1;1;80;0;5543542;420;0
147;18;336;15;23;56;99;3.80;6;2;1;78;0;5543699;149;0
147;18;336;15;23;55;96;7.40;7;2;2;57;0;5543596;1536;0
147;18;336;15;23;57;99;3.40;3;1;1;75;0;5543799;257;0
147;18;336;15;23;58;99;3.40;6;2;1;76;0;5543899;182;0
147;18;336;15;23;59;99;3.60;6;2;1;79;0;5543999;83;0
147;18;336;15;24;0;99;4.00;4;1;1;80;0;5544099;542;0
147;18;336;15;24;1;94;3.60;2;1;1;75;0;5544194;676;0
147;18;336;15;24;3;10;4.00;6;2;1;78;0;5544310;294;0
147;18;336;15;24;3;90;3.60;4;1;1;79;0;5544390;273;0
147;18;336;15;24;3;95;3.00;6;2;1;77;0;5544395;66;0
147;18;336;15;24;4;99;3.80;3;1;1;77;0;5544499;683;0
147;18;336;15;24;4;99;4.00;2;1;1;68;0;5544499;287;0
147;18;336;15;24;4;99;3.40;7;2;1;84;0;5544499;856;0
147;18;336;15;24;5;14;4.20;1;1;1;83;0;5544514;4897;0
147;18;336;15;24;6;99;3.80;5;2;1;89;0;5544699;2561;0
147;18;336;15;24;6;99;3.40;2;1;1;65;0;5544699;178;0
147;18;336;15;24;6;99;6.80;7;2;1;68;0;5544699;185;0
147;18;336;15;24;7;11;3.80;3;1;1;76;0;5544711;194;0
147;18;336;15;24;7;99;3.80;7;2;1;82;0;5544799;64;0
147;18;336;15;24;8;33;3.20;1;1;1;71;0;5544833;300;0
147;18;336;15;24;8;50;2.80;2;1;1;75;0;5544850;132;0
147;18;336;15;24;9;8;3.80;5;2;1;88;0;5544908;193;0
147;18;336;15;24;9;99;3.60;3;1;1;79;0;5544999;270;0
147;18;336;15;24;9;99;3.60;6;2;1;77;0;5544999;589;0
147;18;336;15;24;10;2;3.20;3;1;1;75;0;5545002;-1;0
147;18;336;15;24;10;34;4.40;8;2;1;87;0;5545034;1625;0
147;18;336;15;24;11;12;3.40;3;1;1;74;0;5545112;94;0
147;18;336;15;24;11;71;3.60;6;2;1;74;0;5545171;155;0
147;18;336;15;24;11;69;3.40;2;1;1;68;0;5545169;305;0
147;18;336;15;24;12;0;3.60;8;2;1;100;0;5545200;147;0
147;18;336;15;24;12;17;4.00;5;2;1;86;0;5545217;293;0
147;18;336;15;24;12;19;4.00;7;2;1;82;0;5545219;403;0
147;18;336;15;24;12;99;3.20;6;2;1;78;0;5545299;110;0
147;18;336;15;24;12;99;3.60;4;1;1;80;0;5545299;892;0
147;18;336;15;24;12;99;3.60;2;1;1;69;0;5545299;112;0
147;18;336;15;24;13;78;4.00;4;1;1;85;0;5545378;62;0
147;18;336;15;24;14;99;4.00;2;1;1;80;0;5545499;181;0
147;18;336;15;24;15;99;3.40;6;2;1;81;0;5545599;285;0
147;18;336;15;24;15;99;3.80;3;1;1;73;0;5545599;470;0
147;18;336;15;24;17;99;4.00;6;2;1;77;0;5545799;184;0
147;18;336;15;24;17;99;3.60;2;1;1;85;0;5545799;282;0
147;18;336;15;24;18;14;3.60;3;1;1;76;0;5545814;196;0
147;18;336;15;24;18;19;4.60;2;1;1;83;0;5545819;4;0
147;18;336;15;24;18;63;3.40;6;2;1;79;0;5545863;45;0
147;18;336;15;24;20;99;3.40;3;1;1;76;0;5546099;267;0
147;18;336;15;24;21;0;3.40;5;2;1;85;0;5546100;866;0
147;18;336;15;24;20;11;3.60;6;2;1;70;0;5546011;132;0
147;18;336;15;24;21;91;3.80;8;2;1;79;0;5546191;978;0
147;18;336;15;24;21;99;4.40;6;2;1;70;0;5546199;169;5545599
147;18;336;15;24;22;12;3.80;2;1;1;71;0;5546212;373;0
147;18;336;15;24;22;99;4.20;5;2;1;85;0;5546299;184;0
147;18;336;15;24;23;10;3.20;6;2;1;72;0;5546310;88;5545599
147;18;336;15;24;24;12;3.80;5;2;1;86;0;5546412;95;5545599
147;18;336;15;24;24;16;3.40;6;2;1;70;0;5546416;90;5545599
147;18;336;15;24;24;99;3.40;7;2;1;80;0;5546499;1262;0
147;18;336;15;24;25;22;4.20;5;2;1;86;0;5546522;94;0
147;18;336;15;24;25;99;3.80;6;2;1;72;0;5546599;165;5545599
147;18;336;15;24;27;10;3.40;6;2;1;74;0;5546710;92;5545599
147;18;336;15;24;28;17;3.40;3;1;1;75;0;5546817;701;0
147;18;336;15;24;28;15;3.60;6;2;1;73;0;5546815;88;5545599
147;18;336;15;24;28;43;3.80;5;2;1;83;0;5546843;303;0
147;18;336;15;24;29;99;3.40;3;1;1;79;0;5546999;165;0
147;18;336;15;24;30;3;3.60;6;2;1;72;0;5547003;170;5545599
147;18;336;15;24;30;99;4.60;7;2;1;82;0;5547099;584;0
147;18;336;15;24;31;24;3.40;2;1;1;72;0;5547124;892;0
147;18;336;15;24;32;15;3.00;6;2;1;69;0;5547215;194;5545599
147;18;336;15;24;32;99;3.00;3;1;1;81;0;5547299;284;0
147;18;336;15;24;33;99;3.60;6;2;1;70;0;5547399;168;5545599
147;18;336;15;24;33;30;3.00;4;1;1;80;0;5547330;1935;0
147;18;336;15;24;34;80;3.40;3;1;1;82;0;5547480;167;0
147;18;336;15;24;34;97;3.80;5;2;1;84;0;5547497;637;0
147;18;336;15;24;34;99;3.20;8;2;1;77;0;5547499;1290;0
147;18;336;15;24;35;8;4.00;6;2;1;69;0;5547508;90;5545599
147;18;336;15;24;35;19;3.60;2;1;1;79;0;5547519;378;0
147;18;336;15;24;35;99;3.80;7;2;1;80;0;5547599;479;0
147;18;336;15;24;36;18;3.80;3;1;1;78;0;5547618;123;0
147;18;336;15;24;36;45;3.00;6;2;1;80;0;5547645;116;5545599
147;18;336;15;24;37;99;3.60;4;1;1;78;0;5547799;455;0
147;18;336;15;24;37;99;3.60;5;2;1;80;0;5547799;285;0
147;18;336;15;24;37;99;3.60;3;1;1;79;0;5547799;163;0
147;18;336;15;24;37;99;3.60;8;2;1;68;0;5547799;285;0
147;18;336;15;24;37;99;3.40;2;1;1;76;0;5547799;263;0
147;18;336;15;24;38;99;4.00;6;2;1;72;0;5547899;240;0
147;18;336;15;24;39;99;3.20;3;1;1;77;0;5547999;183;5547299
147;18;336;15;24;40;99;3.60;4;1;1;84;0;5548099;283;0
147;18;336;15;24;40;99;3.20;5;2;1;82;0;5548099;283;0
147;18;336;15;24;41;0;3.60;6;2;1;73;0;5548100;181;0
147;18;336;15;24;41;52;3.40;2;1;1;84;0;5548152;336;0
147;18;336;15;24;41;71;3.80;4;1;1;84;0;5548171;56;0
147;18;336;15;24;42;12;3.40;5;2;1;80;0;5548212;98;0
147;18;336;15;24;42;99;3.40;8;2;1;78;0;5548299;480;0
147;18;336;15;24;42;99;4.60;3;1;1;90;0;5548299;285;0
147;18;336;15;24;40;87;4.00;7;2;1;12;0;5548087;470;0
147;18;336;15;24;44;2;3.80;3;1;1;75;0;5548402;84;0
147;18;336;15;24;44;60;3.80;1;1;1;85;0;5548460;3610;0
147;18;336;15;24;44;62;3.20;6;2;1;75;0;5548462;344;0
147;18;336;15;24;45;13;3.40;2;1;1;75;0;5548513;346;0
147;18;336;15;24;45;23;3.60;4;1;1;84;0;5548523;335;0
147;18;336;15;24;45;99;3.00;6;2;1;77;0;5548599;121;0
147;18;336;15;24;46;99;3.40;4;1;1;77;0;5548699;160;0
147;18;336;15;24;46;16;3.60;1;1;1;76;0;5548616;139;0
147;18;336;15;24;46;55;4.20;3;1;1;85;0;5548655;234;0
147;18;336;15;24;46;58;3.40;6;2;1;76;0;5548658;44;0
147;18;336;15;24;47;28;3.80;8;2;1;86;0;5548728;413;0
147;18;336;15;24;48;12;4.20;4;1;1;90;0;5548812;97;0
147;18;336;15;24;48;21;4.00;2;1;1;88;0;5548821;291;0
147;18;336;15;24;48;99;3.40;1;1;1;68;0;5548899;265;0
147;18;336;15;24;49;18;5.20;8;2;1;74;0;5548918;174;0
147;18;336;15;24;49;65;4.20;7;2;1;81;0;5548965;758;0
147;18;336;15;24;50;99;3.60;5;2;1;77;0;5549099;871;0
147;18;336;15;24;50;99;3.60;6;2;1;77;0;5549099;424;0
147;18;336;15;24;51;9;2.60;2;1;1;70;0;5549109;271;0
147;18;336;15;24;51;99;4.00;5;2;1;80;0;5549199;83;0
147;18;336;15;24;51;28;3.60;6;2;1;77;0;5549128;12;0
147;18;336;15;24;51;19;3.80;3;1;1;68;0;5549119;446;0
147;18;336;15;24;52;13;3.80;1;1;1;80;0;5549213;296;0
147;18;336;15;24;52;99;4.00;5;2;1;81;0;5549299;82;0
147;18;336;15;24;53;1;4.40;2;1;1;66;0;5549301;178;0
147;18;336;15;24;53;99;3.40;7;2;1;79;0;5549399;415;0
147;18;336;15;24;53;99;4.40;1;1;1;79;0;5549399;168;0
147;18;336;15;24;53;99;4.00;6;2;1;77;0;5549399;254;0
147;18;336;15;24;54;64;3.40;2;1;1;75;0;5549464;139;0
147;18;336;15;24;55;99;3.20;7;2;1;78;0;5549599;184;0
147;18;336;15;24;56;99;4.00;3;1;1;80;0;5549699;559;0
147;18;336;15;24;56;99;3.00;6;2;1;78;0;5549699;281;0
147;18;336;15;24;57;14;3.80;1;1;1;71;0;5549714;294;0
147;18;336;15;24;59;15;3.40;2;1;1;74;0;5549915;434;0
147;18;336;15;25;0;23;3.60;3;1;1;78;0;5550023;306;0
147;18;336;15;25;1;7;4.00;6;2;1;76;0;5550107;394;0
147;18;336;15;25;1;13;3.80;6;2;1;81;0;5550113;-1;0
147;18;336;15;25;2;4;5.00;7;2;1;75;0;5550204;590;0
147;18;336;15;25;2;57;3.60;5;2;1;80;0;5550257;940;0
147;18;336;15;25;2;64;3.20;1;1;1;78;0;5550264;530;0
147;18;336;15;25;3;16;4.00;5;2;1;81;0;5550316;42;0
147;18;336;15;25;3;99;3.20;6;2;1;79;0;5550399;269;0
147;18;336;15;25;4;15;3.40;5;2;1;82;0;5550415;81;0
147;18;336;15;25;4;18;3.80;3;1;1;75;0;5550418;378;0
147;18;336;15;25;5;15;3.80;5;2;1;83;0;5550515;85;0
147;18;336;15;25;5;99;3.60;6;2;1;78;0;5550599;185;0
147;18;336;15;25;6;23;3.80;5;2;1;89;0;5550623;91;5550257
147;18;336;15;25;6;26;3.80;8;2;1;87;0;5550626;1682;0
147;18;336;15;25;6;99;4.40;7;2;1;76;0;5550699;471;0
147;18;336;15;25;7;57;3.60;6;2;1;80;0;5550757;141;0
147;18;336;15;25;7;58;3.80;3;1;1;82;0;5550758;321;0
147;18;336;15;25;8;5;3.60;2;1;1;84;0;5550805;873;0
147;18;336;15;25;8;99;4.00;8;2;1;75;0;5550899;257;0
147;18;336;15;25;8;99;3.40;6;2;1;81;0;5550899;125;0
147;18;336;15;25;9;16;3.20;6;2;1;76;0;5550916;1;5550399
147;18;336;15;25;9;31;3.40;5;2;1;84;0;5550931;292;0
147;18;336;15;25;9;38;4.00;8;2;1;77;0;5550938;19;0
147;18;336;15;25;10;99;3.80;3;1;1;77;0;5551099;324;0
147;18;336;15;25;11;99;3.40;2;1;1;81;0;5551199;378;0
147;18;336;15;25;11;99;6.80;6;2;1;81;0;5551199;267;0
147;18;336;15;25;12;19;3.60;5;2;1;82;0;5551219;273;0
147;18;336;15;25;12;55;3.60;6;2;1;82;0;5551255;25;0
147;18;336;15;25;12;89;3.60;4;1;1;83;0;5551289;2460;0
147;18;336;15;25;13;12;3.60;2;1;1;78;0;5551312;97;0
147;18;336;15;25;13;99;3.60;7;2;1;80;0;5551399;679;0
147;18;336;15;25;14;24;3.60;6;2;1;86;0;5551424;153;0
147;18;336;15;25;15;99;3.00;4;1;1;83;0;5551599;294;0
147;18;336;15;25;16;99;4.00;6;2;1;83;0;5551699;259;0
147;18;336;15;25;18;99;3.20;3;1;1;83;0;5551899;782;0
147;18;336;15;25;18;99;4.00;6;2;1;91;0;5551899;182;0
147;18;336;15;25;20;88;4.00;2;1;1;81;0;5552088;759;0
147;18;336;15;25;20;99;3.40;6;2;1;86;0;5552099;184;0
147;18;336;15;25;21;99;3.80;2;1;1;78;0;5552199;93;0
147;18;336;15;25;22;0;4.00;5;2;1;91;0;5552200;965;0
147;18;336;15;25;23;99;3.60;2;1;1;82;0;5552399;182;0
147;18;336;15;25;23;99;3.80;6;2;1;84;0;5552399;285;0
147;18;336;15;25;26;99;3.40;4;1;1;82;0;5552699;1086;0
147;18;336;15;25;26;99;3.40;3;1;1;81;0;5552699;786;0
147;18;336;15;25;26;99;3.60;6;2;1;73;0;5552699;283;0
147;18;336;15;25;28;15;3.60;3;1;1;80;0;5552815;100;0
147;18;336;15;25;28;99;3.40;5;2;1;79;0;5552899;683;0
147;18;336;15;25;29;17;3.60;6;2;1;73;0;5552917;200;0
147;18;336;15;25;29;99;3.60;3;1;1;80;0;5552999;167;0
147;18;336;15;25;30;24;3.80;4;1;1;90;0;5553024;310;0
147;18;336;15;25;30;22;3.00;6;2;1;72;0;5553022;87;0
147;18;336;15;25;30;99;3.60;2;1;1;69;0;5553099;684;0
147;18;336;15;25;31;99;3.40;6;2;1;75;0;5553199;162;0
147;18;336;15;25;32;31;3.80;2;1;1;66;0;5553231;113;0
147;18;336;15;25;32;50;5.20;6;2;1;73;0;5553250;34;0
147;18;336;15;25;33;9;3.80;8;2;1;80;0;5553309;2352;0
147;18;336;15;25;33;99;3.40;5;2;1;79;0;5553399;484;0
147;18;336;15;25;33;99;3.40;2;1;1;70;0;5553399;147;0
147;18;336;15;25;34;15;3.60;8;2;1;74;0;5553415;88;0
147;18;336;15;25;34;99;3.20;6;2;1;75;0;5553499;223;0
147;18;336;15;25;34;99;3.20;3;1;1;77;0;5553499;483;0
147;18;336;15;25;34;99;3.40;1;1;1;77;0;5553499;3220;0
147;18;336;15;25;35;69;3.60;6;2;1;78;0;5553569;54;0
147;18;336;15;25;35;94;3.80;8;2;1;79;0;5553594;161;0
147;18;336;15;25;36;19;3.80;1;1;1;88;0;5553619;104;0
147;18;336;15;25;36;11;3.20;3;1;1;73;0;5553611;97;0
147;18;336;15;25;36;99;11.40;4;1;3;80;0;5553699;659;0
147;18;336;15;25;36;99;3.40;2;1;1;74;0;5553699;282;0
147;18;336;15;25;36;99;3.80;7;2;1;83;0;5553699;2283;0
147;18;336;15;25;38;12;3.40;7;2;1;83;0;5553812;96;0
147;18;336;15;25;39;8;3.80;6;2;1;83;0;5553908;322;0
147;18;336;15;25;39;6;3.60;2;1;1;74;0;5553906;190;0
147;18;336;15;25;39;99;3.40;7;2;1;82;0;5553999;172;0
147;18;336;15;25;40;20;3.80;8;2;1;86;0;5554020;408;0
147;18;336;15;25;40;61;3.20;5;2;1;84;0;5554061;646;0
147;18;336;15;25;41;15;3.60;3;1;1;73;0;5554115;488;0
147;18;336;15;25;42;99;4.00;2;1;1;73;0;5554299;375;0
147;18;336;15;25;42;9;4.00;7;2;1;84;0;5554209;195;0
147;18;336;15;25;43;3;3.80;4;1;1;81;0;5554303;552;0
147;18;336;15;25;44;99;3.40;6;2;1;77;0;5554499;574;0
147;18;336;15;25;44;99;3.20;3;1;1;76;0;5554499;366;0
147;18;336;15;25;47;0;3.40;1;1;1;74;0;5554700;1065;0
147;18;336;15;25;47;99;3.80;5;2;1;86;0;5554799;724;0
147;18;336;15;25;47;99;3.40;6;2;1;79;0;5554799;284;0
147;18;336;15;25;47;99;4.20;7;2;1;85;0;5554799;572;0
147;18;336;15;25;47;99;3.80;3;1;1;73;0;5554799;284;0
147;18;336;15;25;48;92;4.00;6;2;1;78;0;5554892;77;0
147;18;336;15;25;49;1;3.40;2;1;1;79;0;5554901;582;0
147;18;336;15;25;49;11;3.00;3;1;1;73;0;5554911;93;0
147;18;336;15;25;50;9;3.40;6;2;1;76;0;5555009;98;0
147;18;336;15;25;50;30;3.20;4;1;1;87;0;5555030;710;0
147;18;336;15;25;50;23;3.60;3;1;1;76;0;5555023;97;0
147;18;336;15;25;51;99;3.60;2;1;1;76;0;5555199;282;0
147;18;336;15;25;52;14;3.60;7;2;1;80;0;5555214;397;0
147;18;336;15;25;52;18;3.60;2;1;1;78;0;5555218;1;0
147;18;336;15;25;52;28;3.60;5;2;1;88;0;5555228;413;0
147;18;336;15;25;52;99;3.60;3;1;1;73;0;5555299;258;0
147;18;336;15;25;52;99;3.60;7;2;1;78;0;5555299;68;0
147;18;336;15;25;53;32;3.80;5;2;1;79;0;5555332;89;0
147;18;336;15;25;54;0;3.60;6;2;1;81;0;5555400;374;0
147;18;336;15;25;54;15;3.80;2;1;1;75;0;5555415;180;0
147;18;336;15;25;54;16;3.40;3;1;1;77;0;5555416;99;0
147;18;336;15;25;55;32;3.60;6;2;1;85;0;5555532;116;0
147;18;336;15;25;56;90;3.80;8;2;1;95;0;5555690;1654;0
147;18;336;15;25;56;99;3.60;6;2;1;81;0;5555699;151;0
147;18;336;15;25;57;25;3.20;4;1;1;82;0;5555725;681;0
147;18;336;15;25;57;99;3.00;2;1;1;69;0;5555799;365;0
147;18;336;15;25;57;99;3.40;3;1;1;76;0;5555799;367;0
147;18;336;15;25;57;99;5.00;5;2;1;99;0;5555799;449;0
147;18;336;15;25;58;37;3.80;7;2;1;81;0;5555837;521;0
147;18;336;15;25;58;56;3.60;5;2;1;83;0;5555856;38;0
147;18;336;15;25;59;99;3.00;3;1;1;75;0;5555999;183;0
147;18;336;15;26;1;67;3.60;3;1;1;72;0;5556167;153;0
147;18;336;15;26;1;99;3.80;6;2;1;77;0;5556199;484;0
147;18;336;15;26;2;27;3.60;4;1;1;82;0;5556227;487;0
147;18;336;15;26;3;14;3.60;2;1;1;80;0;5556314;499;0
147;18;336;15;26;4;99;3.80;6;2;1;84;0;5556499;282;0
147;18;336;15;26;6;24;4.00;6;2;1;88;0;5556624;108;0
147;18;336;15;26;7;15;3.60;3;1;1;69;0;5556715;530;0
147;18;336;15;26;7;99;3.60;2;1;1;71;0;5556799;468;0
147;18;336;15;26;8;30;3.60;4;1;1;87;0;5556830;587;0
147;18;336;15;26;9;97;3.60;2;1;1;77;0;5556997;179;0
147;18;336;15;26;9;99;3.40;4;1;1;88;0;5556999;154;0
147;18;336;15;26;9;99;3.40;3;1;1;76;0;5556999;265;0
147;18;336;15;26;10;17;3.20;7;2;1;77;0;5557017;1163;0
147;18;336;15;26;11;20;3.60;3;1;1;77;0;5557120;104;0
147;18;336;15;26;11;68;3.80;4;1;1;83;0;5557168;155;0
147;18;336;15;26;13;0;3.40;6;2;1;77;0;5557300;659;0
147;18;336;15;26;14;99;3.60;4;1;1;80;0;5557499;314;0
147;18;336;15;26;15;19;3.60;2;1;1;79;0;5557519;505;0
147;18;336;15;26;15;99;3.00;3;1;1;71;0;5557599;462;0
147;18;336;15;26;16;0;3.40;5;2;1;83;0;5557600;1728;0
147;18;336;15;26;16;20;3.40;4;1;1;80;0;5557620;104;0
147;18;336;15;26;16;21;3.40;6;2;1;78;0;5557621;305;0
147;18;336;15;26;17;99;3.60;5;2;1;84;0;5557799;184;0
147;18;336;15;26;17;99;3.80;3;1;1;76;0;5557799;184;0
147;18;336;15;26;18;16;3.80;4;1;1;82;0;5557816;180;0
147;18;336;15;26;18;5;3.40;6;2;1;76;0;5557805;168;0
147;18;336;15;26;18;16;3.00;2;1;1;79;0;5557816;280;0
147;18;336;15;26;19;87;3.60;7;2;1;80;0;5557987;955;0
147;18;336;15;26;19;99;3.60;6;2;1;80;0;5557999;177;0
147;18;336;15;26;20;99;3.80;5;2;1;83;0;5558099;284;0
147;18;336;15;26;21;40;3.60;4;1;1;78;0;5558140;307;0
147;18;336;15;26;21;79;3.80;5;2;1;88;0;5558179;63;0
147;18;336;15;26;21;74;3.80;3;1;1;73;0;5558174;357;0
147;18;336;15;26;21;78;3.80;6;2;1;75;0;5558178;162;0
147;18;336;15;26;22;99;3.80;5;2;1;80;0;5558299;104;0
147;18;336;15;26;22;99;4.00;1;1;1;79;0;5558299;3582;0
147;18;336;15;26;22;99;3.40;7;2;1;80;0;5558299;295;0
147;18;336;15;26;23;99;3.20;2;1;1;74;0;5558399;569;0
147;18;336;15;26;24;66;3.20;3;1;1;77;0;5558466;273;0
147;18;336;15;26;25;99;3.40;7;2;1;81;0;5558599;284;0
147;18;336;15;26;25;99;3.80;2;1;1;72;0;5558599;184;0
147;18;336;15;26;26;18;4.00;3;1;1;75;0;5558618;137;0
147;18;336;15;26;26;25;4.00;2;1;1;72;0;5558625;7;0
147;18;336;15;26;26;52;3.40;1;1;1;89;0;5558652;334;0
147;18;336;15;26;27;99;3.40;6;2;1;78;0;5558799;602;0
147;18;336;15;26;27;99;3.00;2;1;1;70;0;5558799;154;0
147;18;336;15;26;28;7;3.60;4;1;1;78;0;5558807;650;0
147;18;336;15;26;28;9;3.60;3;1;1;76;0;5558809;171;0
147;18;336;15;26;28;14;3.20;2;1;1;71;0;5558814;-1;5558399
147;18;336;15;26;29;88;3.60;3;1;1;78;0;5558988;161;5558399
147;18;336;15;26;29;99;3.40;4;1;1;78;0;5558999;175;5558399
147;18;336;15;26;29;99;3.00;2;1;1;73;0;5558999;168;5558399
147;18;336;15;26;30;1;3.80;6;2;1;74;0;5559001;186;5558399
147;18;336;15;26;30;99;3.60;2;1;1;72;0;5559099;85;5558399
147;18;336;15;26;31;99;3.80;7;2;1;81;0;5559199;584;0
147;18;336;15;26;31;99;3.60;3;1;1;77;0;5559199;194;5558466
147;18;336;15;26;32;99;4.00;7;2;1;84;0;5559299;83;5558466
147;18;336;15;26;32;99;4.00;3;1;1;78;0;5559299;83;5558466
147;18;336;15;26;33;4;3.80;6;2;1;81;0;5559304;284;0
147;18;336;15;26;33;99;3.40;7;2;1;92;0;5559399;82;0
147;18;336;15;26;33;99;3.80;4;1;1;79;0;5559399;384;0
147;18;336;15;26;34;77;3.60;5;2;1;80;0;5559477;1160;0
147;18;336;15;26;35;99;3.60;7;2;1;83;0;5559599;186;0
147;18;336;15;26;35;99;3.40;6;2;1;71;0;5559599;278;0
147;18;336;15;26;35;99;3.60;3;1;1;75;0;5559599;281;0
147;18;336;15;26;35;99;3.40;2;1;1;68;0;5559599;482;0
147;18;336;15;26;35;99;3.80;4;1;1;79;0;5559599;182;0
147;18;336;15;26;36;6;3.60;7;2;1;84;0;5559606;-1;5559199
147;18;336;15;26;36;23;3.20;6;2;1;73;0;5559623;6;5559199
147;18;336;15;26;36;35;3.80;4;1;1;79;0;5559635;18;5559199
147;18;336;15;26;37;75;3.40;3;1;1;72;0;5559775;158;5559199
147;18;336;15;26;37;93;4.00;5;2;1;84;0;5559793;299;0
147;18;336;15;26;37;99;3.60;4;1;1;80;0;5559799;146;0
147;18;336;15;26;38;99;3.80;4;1;1;81;0;5559899;83;5559399
147;18;336;15;26;39;50;3.40;3;1;1;73;0;5559950;158;5559399
147;18;336;15;26;39;86;3.20;5;2;1;84;0;5559986;175;5559399
147;18;336;15;26;40;99;3.80;6;2;1;77;0;5560099;460;0
147;18;336;15;26;40;99;8.60;4;1;2;79;0;5560099;183;5559399
147;18;336;15;26;41;99;3.80;3;1;1;72;0;5560199;232;0
147;18;336;15;26;42;73;3.40;7;2;1;80;0;5560273;651;0
147;18;336;15;26;42;99;3.60;6;2;1;70;0;5560299;182;0
147;18;336;15;26;43;4;3.60;8;2;1;80;0;5560304;4599;0
147;18;336;15;26;43;4;3.80;3;1;1;75;0;5560304;86;0
147;18;336;15;26;43;19;3.80;7;2;1;80;0;5560319;30;0
147;18;336;15;26;44;13;3.80;4;1;1;78;0;5560413;274;0
147;18;336;15;26;44;24;3.40;3;1;1;74;0;5560424;101;0
147;18;336;15;26;46;19;3.60;4;1;1;78;0;5560619;188;0
147;18;336;15;26;46;99;3.20;3;1;1;70;0;5560699;258;0
147;18;336;15;26;47;60;3.80;6;2;1;81;0;5560760;442;0
147;18;336;15;26;47;62;3.60;3;1;1;68;0;5560762;46;0
147;18;336;15;26;47;99;3.40;6;2;1;79;0;5560799;22;0
147;18;336;15;26;47;99;3.20;4;1;1;77;0;5560799;163;0
147;18;336;15;26;48;99;4.20;3;1;1;66;0;5560899;117;0
147;18;336;15;26;48;99;3.80;2;1;1;73;0;5560899;1282;0
147;18;336;15;26;48;99;3.60;1;1;1;82;0;5560899;2233;0
147;18;336;15;26;48;99;3.40;6;2;1;83;0;5560899;84;0
147;18;336;15;26;49;69;3.60;6;2;1;83;0;5560969;55;0
147;18;336;15;26;50;99;3.80;8;2;1;81;0;5561099;778;0
147;18;336;15;26;51;99;4.00;2;1;1;77;0;5561199;281;0
147;18;336;15;26;52;43;3.40;1;1;1;75;0;5561243;328;0
147;18;336;15;26;52;94;3.40;4;1;1;78;0;5561294;480;0
147;18;336;15;26;53;99;3.40;2;1;1;70;0;5561399;181;0
147;18;336;15;26;54;20;3.80;6;2;1;80;0;5561420;435;0
147;18;336;15;26;54;49;3.40;4;1;1;81;0;5561449;139;0
147;18;336;15;26;55;99;3.80;1;1;1;78;0;5561599;339;0
147;18;336;15;26;55;99;3.60;3;1;1;74;0;5561599;677;0
147;18;336;15;26;55;99;4.40;6;2;1;78;0;5561599;161;0
147;18;336;15;26;56;11;3.80;4;1;1;80;0;5561611;146;0
147;18;336;15;26;56;1;3.60;6;2;1;79;0;5561601;-1;0
147;18;336;15;26;58;99;3.60;7;2;1;92;0;5561899;1562;0
147;18;336;15;26;59;19;3.60;6;2;1;74;0;5561919;301;0
147;18;336;15;26;59;40;4.00;3;1;1;74;0;5561940;323;0
147;18;336;15;27;0;99;3.60;6;2;1;71;0;5562099;162;0
147;18;336;15;27;0;99;3.40;8;2;1;89;0;5562099;983;0
147;18;336;15;27;1;99;3.00;5;2;1;77;0;5562199;2199;0
147;18;336;15;27;1;99;3.60;4;1;1;87;0;5562199;570;0
147;18;336;15;27;1;99;3.60;3;1;1;73;0;5562199;239;0
147;18;336;15;27;2;50;3.80;6;2;1;80;0;5562250;132;0
147;18;336;15;27;2;62;3.80;3;1;1;72;0;5562262;45;0
147;18;336;15;27;3;2;3.40;5;2;1;89;0;5562302;88;0
147;18;336;15;27;3;99;3.40;7;2;1;72;0;5562399;485;0
147;18;336;15;27;3;99;3.80;5;2;1;82;0;5562399;83;0
147;18;336;15;27;4;14;3.20;3;1;1;68;0;5562414;133;0
147;18;336;15;27;4;99;3.20;2;1;1;71;0;5562499;1082;0
147;18;336;15;27;5;15;3.80;7;2;1;72;0;5562515;99;0
147;18;336;15;27;6;99;3.60;5;2;1;87;0;5562699;283;0
147;18;336;15;27;6;99;3.60;3;1;1;69;0;5562699;268;0
147;18;336;15;27;6;99;3.80;2;1;1;72;0;5562699;183;0
147;18;336;15;27;6;99;3.80;8;2;1;75;0;5562699;586;0
147;18;336;15;27;7;51;4.40;4;1;1;82;0;5562751;537;0
147;18;336;15;27;8;99;3.20;7;2;1;76;0;5562899;365;0
147;18;336;15;27;8;99;3.80;4;1;1;90;0;5562899;128;0
147;18;336;15;27;8;99;5.00;3;1;1;74;0;5562899;181;0
147;18;336;15;27;9;16;3.60;6;2;1;81;0;5562916;648;0
147;18;336;15;27;10;10;4.40;3;1;1;73;0;5563010;86;0
147;18;336;15;27;10;76;3.60;6;2;1;79;0;5563076;144;0
147;18;336;15;27;11;11;3.40;2;1;1;68;0;5563111;393;0
147;18;336;15;27;11;99;3.60;3;1;1;72;0;5563199;167;0
147;18;336;15;27;12;0;2.80;8;2;1;71;0;5563200;482;0
147;18;336;15;27;12;32;3.60;2;1;1;68;0;5563232;103;0
147;18;336;15;27;13;99;4.00;5;2;1;81;0;5563399;685;0
147;18;336;15;27;13;99;4.00;2;1;1;69;0;5563399;147;0
147;18;336;15;27;13;99;3.40;6;2;1;75;0;5563399;306;0
147;18;336;15;27;15;0;3.60;2;1;1;70;0;5563500;80;0
147;18;336;15;27;15;74;3.80;2;1;1;70;0;5563574;55;5563111
147;18;336;15;27;15;85;3.80;6;2;1;82;0;5563585;169;5563111
147;18;336;15;27;15;33;12.40;3;1;3;77;0;5563533;316;0
147;18;336;15;27;16;99;4.00;2;1;1;73;0;5563699;105;5563111
147;18;336;15;27;17;56;3.60;5;2;1;76;0;5563756;339;0
147;18;336;15;27;17;59;3.60;2;1;1;73;0;5563759;40;5563111
147;18;336;15;27;18;99;4.00;2;1;1;73;0;5563899;122;5563111
147;18;336;15;27;19;1;3.40;3;1;1;81;0;5563901;310;0
147;18;336;15;27;20;50;4.60;6;2;1;77;0;5564050;448;0
147;18;336;15;27;21;23;3.60;8;2;1;78;0;5564123;908;0
147;18;336;15;27;22;11;5.60;2;1;1;81;0;5564211;292;0
147;18;336;15;27;22;27;3.40;4;1;1;86;0;5564227;1312;0
147;18;336;15;27;22;99;3.60;3;1;1;71;0;5564299;382;0
147;18;336;15;27;22;36;3.40;6;2;1;82;0;5564236;164;0
147;18;336;15;27;23;99;3.80;3;1;1;72;0;5564399;81;0
147;18;336;15;27;23;99;3.60;4;1;1;85;0;5564399;157;0
147;18;336;15;27;24;16;3.80;2;1;1;79;0;5564416;180;0
147;18;336;15;27;24;99;4.00;7;2;1;76;0;5564499;1584;0
147;18;336;15;27;24;99;4.00;5;2;1;84;0;5564499;725;0
147;18;336;15;27;24;99;3.40;3;1;1;75;0;5564499;81;0
147;18;336;15;27;25;10;3.20;6;2;1;75;0;5564510;259;0
147;18;336;15;27;25;21;6.20;7;2;1;85;0;5564521;3;0
147;18;336;15;27;25;59;3.20;3;1;1;76;0;5564559;43;0
147;18;336;15;27;26;19;3.80;6;2;1;79;0;5564619;93;0
147;18;336;15;27;26;99;3.80;5;2;1;82;0;5564699;182;0
147;18;336;15;27;26;99;3.80;4;1;1;82;0;5564699;284;0
147;18;336;15;27;28;8;3.20;4;1;1;82;0;5564808;92;0
147;18;336;15;27;28;90;3.60;6;2;1;74;0;5564890;253;0
147;18;336;15;27;28;99;3.60;4;1;1;82;0;5564899;76;0
147;18;336;15;27;28;99;3.80;7;2;1;84;0;5564899;351;0
147;18;336;15;27;29;9;3.60;2;1;1;84;0;5564909;475;0
147;18;336;15;27;29;99;3.00;6;2;1;68;0;5564999;91;0
147;18;336;15;27;30;4;3.40;5;2;1;78;0;5565004;288;0
147;18;336;15;27;30;26;3.20;6;2;1;68;0;5565026;11;0
147;18;336;15;27;30;40;3.20;3;1;1;76;0;5565040;465;0
147;18;336;15;27;31;99;3.80;8;2;1;88;0;5565199;1059;0
147;18;336;15;27;31;99;3.80;2;1;1;80;0;5565199;274;0
147;18;336;15;27;31;99;3.60;7;2;1;81;0;5565199;283;0
147;18;336;15;27;31;99;4.00;1;1;1;93;0;5565199;3582;0
147;18;336;15;27;31;99;3.60;6;2;1;69;0;5565199;156;0
147;18;336;15;27;32;99;3.20;7;2;1;75;0;5565299;84;0
147;18;336;15;27;33;19;3.80;3;1;1;77;0;5565319;263;0
147;18;336;15;27;33;58;4.00;2;1;1;80;0;5565358;141;0
147;18;336;15;27;33;99;4.80;8;2;1;79;0;5565399;184;0
147;18;336;15;27;34;99;3.60;6;2;1;71;0;5565499;281;0
147;18;336;15;27;35;6;3.80;2;1;1;77;0;5565506;130;0
147;18;336;15;27;36;99;3.80;2;1;1;79;0;5565699;175;0
147;18;336;15;27;36;99;3.80;6;2;1;75;0;5565699;181;0
147;18;336;15;27;36;99;3.60;5;2;1;83;0;5565699;679;0
147;18;336;15;27;37;99;3.40;5;2;1;82;0;5565799;84;0
147;18;336;15;27;38;35;3.80;3;1;1;76;0;5565835;498;0
147;18;336;15;27;38;43;3.40;6;2;1;76;0;5565843;125;0
147;18;336;15;27;38;86;3.80;5;2;1;87;0;5565886;72;0
147;18;336;15;27;38;99;3.60;2;1;1;82;0;5565899;182;5565199
147;18;336;15;27;39;99;4.00;7;2;1;74;0;5565999;684;0
147;18;336;15;27;39;99;3.80;2;1;1;77;0;5565999;84;5565199
147;18;336;15;27;39;99;3.20;6;2;1;72;0;5565999;139;5565199
147;18;336;15;27;40;14;3.60;4;1;1;81;0;5566014;1099;0
147;18;336;15;27;40;20;4.80;5;2;1;87;0;5566020;118;0
147;18;336;15;27;41;4;3.80;2;1;1;78;0;5566104;87;5565199
147;18;336;15;27;41;24;3.60;4;1;1;83;0;5566124;94;5565199
147;18;336;15;27;41;78;3.40;6;2;1;73;0;5566178;163;5565499
147;18;336;15;27;41;99;3.40;5;2;1;86;0;5566199;159;5565699
147;18;336;15;27;41;99;3.60;8;2;1;69;0;5566199;778;0
147;18;336;15;27;42;99;3.60;4;1;1;81;0;5566299;159;0
147;18;336;15;27;43;39;3.20;6;2;1;77;0;5566339;144;5565499
147;18;336;15;27;44;99;3.80;2;1;1;77;0;5566499;377;0
147;18;336;15;27;44;99;3.80;3;1;1;76;0;5566499;646;0
147;18;336;15;27;45;7;3.20;6;2;1;78;0;5566507;153;5565499
147;18;336;15;27;45;28;4.20;5;2;1;81;0;5566528;314;0
147;18;336;15;27;46;90;3.20;2;1;1;78;0;5566690;173;0
147;18;336;15;27;46;96;3.60;7;2;1;79;0;5566696;677;0
147;18;336;15;27;47;99;3.20;3;1;1;80;0;5566799;282;0
147;18;336;15;27;47;99;3.60;5;2;1;84;0;5566799;252;0
147;18;336;15;27;49;20;3.60;7;2;1;77;0;5566920;207;0
147;18;336;15;27;49;99;3.60;5;2;1;85;0;5566999;184;0
147;18;336;15;27;49;99;4.60;3;1;1;69;0;5566999;185;0
147;18;336;15;27;50;15;3.40;2;1;1;74;0;5567015;310;0
147;18;336;15;27;50;99;3.80;7;2;1;81;0;5567099;162;0
147;18;336;15;27;50;16;3.20;6;2;1;76;0;5567016;494;0
147;18;336;15;27;51;17;3.60;8;2;1;83;0;5567117;899;0
147;18;336;15;27;52;8;3.60;4;1;1;85;0;5567208;893;0
147;18;336;15;27;52;99;3.80;5;2;1;93;0;5567299;284;0
147;18;336;15;27;52;99;3.00;6;2;1;80;0;5567299;267;0
147;18;336;15;27;54;20;4.20;5;2;1;89;0;5567420;106;0
147;18;336;15;27;54;99;3.80;2;1;1;78;0;5567499;467;0
147;18;336;15;27;54;99;3.60;4;1;1;77;0;5567499;275;0
147;18;336;15;27;55;99;3.20;6;2;1;78;0;5567599;286;0
147;18;336;15;27;55;15;3.20;3;1;1;74;0;5567515;492;0
147;18;336;15;27;56;8;3.40;7;2;1;82;0;5567608;492;0
147;18;336;15;27;58;41;3.60;7;2;1;80;0;5567841;218;0
147;18;336;15;27;59;2;3.40;1;1;1;92;0;5567902;2687;0
147;18;336;15;27;59;2;3.80;6;2;1;79;0;5567902;288;0
147;18;336;15;27;59;20;3.40;2;1;1;78;0;5567920;403;0
147;18;336;15;27;59;27;3.40;4;1;1;81;0;5567927;411;0
147;18;336;15;28;0;11;3.00;4;1;1;81;0;5568011;68;0
147;18;336;15;28;0;15;3.80;3;1;1;76;0;5568015;484;0
147;18;336;15;28;0;99;5.40;6;2;1;74;0;5568099;179;0
147;18;336;15;28;1;19;3.80;5;2;1;83;0;5568119;682;0
147;18;336;15;28;1;45;3.00;3;1;1;76;0;5568145;112;0
147;18;336;15;28;1;74;3.80;4;1;1;75;0;5568174;149;0
147;18;336;15;28;1;99;3.40;6;2;1;76;0;5568199;73;0
147;18;336;15;28;2;2;4.60;2;1;1;80;0;5568202;266;0
147;18;336;15;28;3;99;4.20;5;2;1;87;0;5568399;263;0
147;18;336;15;28;3;30;3.20;3;1;1;79;0;5568330;170;0
147;18;336;15;28;4;95;4.00;2;1;1;82;0;5568495;272;0
147;18;336;15;28;4;99;4.00;5;2;1;82;0;5568499;82;0
147;18;336;15;28;4;99;3.40;7;2;1;76;0;5568499;641;0
147;18;336;15;28;5;99;3.40;4;1;1;75;0;5568599;406;0
147;18;336;15;28;5;99;5.80;3;1;1;73;0;5568599;254;0
147;18;336;15;28;6;30;4.40;7;2;1;77;0;5568630;114;0
147;18;336;15;28;6;37;7.60;1;1;6;74;0;5568637;721;0
147;18;336;15;28;6;92;3.60;4;1;1;80;0;5568692;76;0
147;18;336;15;28;8;7;3.20;6;2;1;82;0;5568807;591;0
147;18;336;15;28;8;34;3.40;3;1;1;76;0;5568834;206;0
147;18;336;15;28;9;77;4.00;2;1;1;77;0;5568977;464;0
147;18;336;15;28;9;99;3.80;8;2;1;83;0;5568999;1866;0
147;18;336;15;28;10;10;3.60;6;2;1;77;0;5569010;188;0
147;18;336;15;28;10;99;2.80;1;1;1;80;0;5569099;425;0
147;18;336;15;28;11;9;4.00;3;1;1;74;0;5569109;258;0
147;18;336;15;28;11;70;3.60;6;2;1;79;0;5569170;143;0
147;18;336;15;28;12;99;3.60;3;1;1;79;0;5569299;170;0
147;18;336;15;28;12;99;3.60;5;2;1;79;0;5569299;782;0
147;18;336;15;28;13;99;3.60;6;2;1;74;0;5569399;212;0
147;18;336;15;28;13;22;3.80;7;2;1;78;0;5569322;671;0
147;18;336;15;28;14;13;3.40;2;1;1;78;0;5569413;417;0
147;18;336;15;28;15;0;4.60;7;2;1;77;0;5569500;160;0
147;18;336;15;28;16;19;4.40;4;1;1;82;0;5569619;910;0
147;18;336;15;28;16;24;3.60;5;2;1;83;0;5569624;308;0
147;18;336;15;28;16;39;3.60;1;1;1;81;0;5569639;527;0
147;18;336;15;28;18;99;15.60;4;1;4;82;0;5569899;260;0
147;18;336;15;28;19;99;3.40;6;2;1;74;0;5569999;582;0
147;18;336;15;28;22;6;3.40;2;1;1;74;0;5570206;777;0
147;18;336;15;28;22;14;3.80;4;1;1;81;0;5570214;246;0
147;18;336;15;28;24;11;4.00;3;1;1;83;0;5570411;1095;0
147;18;336;15;28;24;66;3.40;7;2;1;73;0;5570466;944;0
147;18;336;15;28;25;9;4.00;4;1;1;78;0;5570509;278;0
147;18;336;15;28;26;16;2.80;2;1;1;72;0;5570616;393;0
147;18;336;15;28;26;23;3.80;3;1;1;81;0;5570623;194;0
147;18;336;15;28;28;99;3.60;4;1;1;82;0;5570899;371;0
147;18;336;15;28;29;27;3.80;3;1;1;78;0;5570927;287;0
147;18;336;15;28;31;12;3.00;7;2;1;66;0;5571112;629;0
147;18;336;15;28;31;6;4.80;6;2;1;84;0;5571106;1090;0
147;18;336;15;28;32;3;3.40;7;2;1;74;0;5571203;74;0
147;18;336;15;28;34;28;3.00;2;1;1;80;0;5571428;798;0
147;18;336;15;28;34;55;3.60;6;2;1;82;0;5571455;328;0
147;18;336;15;28;34;69;3.80;7;2;1;74;0;5571469;249;0
147;18;336;15;28;35;22;4.00;3;1;1;85;0;5571522;577;0
147;18;336;15;28;36;99;3.60;6;2;1;79;0;5571699;228;0
147;18;336;15;28;38;99;5.00;8;2;1;83;0;5571899;2883;0
147;18;336;15;28;40;99;3.00;6;2;1;85;0;5572099;383;0
147;18;336;15;28;40;99;3.80;4;1;1;85;0;5572099;1184;0
147;18;336;15;28;41;99;3.60;2;1;1;76;0;5572199;757;0
147;18;336;15;28;42;10;4.00;3;1;1;82;0;5572210;671;0
147;18;336;15;28;42;71;3.80;6;2;1;84;0;5572271;159;0
147;18;336;15;28;43;7;3.40;2;1;1;74;0;5572307;90;0
147;18;336;15;28;45;99;4.60;2;1;1;72;0;5572599;275;0
147;18;336;15;28;46;99;3.20;6;2;1;80;0;5572699;411;0
147;18;336;15;28;46;99;4.00;2;1;1;60;0;5572699;77;0
147;18;336;15;28;47;53;3.40;2;1;1;59;0;5572753;30;0
147;18;336;15;28;47;83;3.20;3;1;1;73;0;5572783;555;0
147;18;336;15;28;47;96;3.20;6;2;1;76;0;5572796;82;0
147;18;336;15;28;49;99;3.80;5;2;1;86;0;5572999;3359;0
147;18;336;15;28;49;29;3.40;6;2;1;81;0;5572929;117;0
147;18;336;15;28;49;20;3.80;2;1;1;65;0;5572920;146;0
147;18;336;15;28;50;99;3.40;5;2;1;87;0;5573099;84;0
147;18;336;15;28;50;99;3.60;2;1;1;68;0;5573099;157;5572599
147;18;336;15;28;50;99;3.60;3;1;1;63;0;5573099;300;0
147;18;336;15;28;51;99;3.60;6;2;1;80;0;5573199;254;0
147;18;336;15;28;51;99;2.80;3;1;1;76;0;5573199;79;0
147;18;336;15;28;51;99;3.00;4;1;1;78;0;5573199;1083;0
147;18;336;15;28;51;99;3.60;2;1;1;67;0;5573199;80;5572599
147;18;336;15;28;52;12;3.40;3;1;1;71;0;5573212;-1;5572599
147;18;336;15;28;52;29;3.60;1;1;1;85;0;5573229;3574;0
147;18;336;15;28;53;99;3.60;2;1;1;70;0;5573399;180;5572599
147;18;336;15;28;53;99;3.60;6;2;1;77;0;5573399;183;5572599
147;18;336;15;28;54;99;2.40;5;2;1;88;0;5573499;385;0
147;18;336;15;28;54;99;3.60;3;1;1;73;0;5573499;269;0
147;18;336;15;28;56;99;3.40;3;1;1;74;0;5573699;182;0
147;18;336;15;28;57;8;3.40;2;1;1;77;0;5573708;290;0
147;18;336;15;28;57;44;3.60;1;1;1;68;0;5573744;499;0
147;18;336;15;28;57;63;3.60;6;2;1;71;0;5573763;347;0
147;18;336;15;28;58;26;3.00;4;1;1;80;0;5573826;613;0
147;18;336;15;28;58;99;3.60;3;1;1;74;0;5573899;183;0
147;18;336;15;28;58;99;3.40;2;1;1;83;0;5573899;175;0
147;18;336;15;28;59;99;3.20;4;1;1;86;0;5573999;159;0
147;18;336;15;29;1;27;3.80;4;1;1;90;0;5574127;114;0
147;18;336;15;29;1;99;3.20;3;1;1;71;0;5574199;282;0
147;18;336;15;29;1;99;3.20;6;2;1;78;0;5574199;417;0
147;18;336;15;29;2;14;3.40;2;1;1;74;0;5574214;300;0
147;18;336;15;29;2;20;3.60;5;2;1;85;0;5574220;711;0
147;18;336;15;29;2;16;3.40;3;1;1;72;0;5574216;0;0
147;18;336;15;29;2;20;4.00;7;2;1;79;0;5574220;2732;0
147;18;336;15;29;3;1;3.40;5;2;1;83;0;5574301;65;0
147;18;336;15;29;3;16;4.80;4;1;1;81;0;5574316;173;0
147;18;336;15;29;4;99;3.60;5;2;1;85;0;5574499;183;0
147;18;336;15;29;4;99;3.40;3;1;1;76;0;5574499;266;0
147;18;336;15;29;4;99;8.60;7;2;2;79;0;5574499;260;0
147;18;336;15;29;5;45;3.60;2;1;1;81;0;5574545;314;0
147;18;336;15;29;5;45;6.20;3;1;1;74;0;5574545;29;0
147;18;336;15;29;6;18;3.60;8;2;1;78;0;5574618;2697;0
147;18;336;15;29;6;99;3.60;6;2;1;80;0;5574699;485;0
147;18;336;15;29;8;83;3.60;5;2;1;84;0;5574883;368;0
147;18;336;15;29;8;90;3.40;2;1;1;76;0;5574890;329;0
147;18;336;15;29;8;99;3.20;6;2;1;75;0;5574899;183;0
147;18;336;15;29;9;26;3.80;5;2;1;87;0;5574926;27;0
147;18;336;15;29;9;99;3.60;3;1;1;77;0;5574999;423;0
147;18;336;15;29;9;99;3.80;4;1;1;87;0;5574999;661;0
147;18;336;15;29;9;99;3.80;6;2;1;76;0;5574999;84;0
147;18;336;15;29;10;9;3.60;5;2;1;86;0;5575009;67;0
147;18;336;15;29;10;37;3.40;2;1;1;62;0;5575037;130;0
147;18;336;15;29;11;7;3.20;6;2;1;78;0;5575107;90;0
147;18;336;15;29;12;99;3.40;2;1;1;62;0;5575299;242;0
147;18;336;15;29;12;23;4.00;5;2;1;89;0;5575223;198;0
147;18;336;15;29;13;92;3.40;1;1;1;80;0;5575392;1628;0
147;18;336;15;29;13;99;4.00;6;2;1;82;0;5575399;277;0
147;18;336;15;29;13;99;3.80;3;1;1;77;0;5575399;383;0
147;18;336;15;29;14;6;2.80;2;1;1;63;0;5575406;87;0
147;18;336;15;29;14;99;3.80;7;2;1;79;0;5575499;960;0
147;18;336;15;29;14;99;3.20;4;1;1;84;0;5575499;484;0
147;18;336;15;29;15;20;3.40;3;1;1;76;0;5575520;103;0
147;18;336;15;29;15;34;5.60;7;2;1;73;0;5575534;17;0
147;18;336;15;29;16;99;3.40;2;1;1;73;0;5575699;277;0
147;18;336;15;29;16;99;4.00;8;2;1;82;0;5575699;1064;0
147;18;336;15;29;17;99;4.00;5;2;1;87;0;5575799;559;0
147;18;336;15;29;18;71;3.40;1;1;1;74;0;5575871;463;0
147;18;336;15;29;18;93;4.00;5;2;1;87;0;5575893;77;0
147;18;336;15;29;18;99;3.20;4;1;1;78;0;5575899;386;0
147;18;336;15;29;19;99;3.20;7;2;1;81;0;5575999;437;0
147;18;336;15;29;20;9;3.80;3;1;1;76;0;5576009;472;0
147;18;336;15;29;20;24;3.40;2;1;1;66;0;5576024;308;0
147;18;336;15;29;20;37;3.60;6;2;1;75;0;5576037;620;0
147;18;336;15;29;21;99;3.60;4;1;1;82;0;5576199;285;0
147;18;336;15;29;21;99;3.80;2;1;1;66;0;5576199;156;0
147;18;336;15;29;21;99;3.20;1;1;1;86;0;5576199;311;0
147;18;336;15;29;21;99;4.00;7;2;1;76;0;5576199;185;0
147;18;336;15;29;22;5;3.80;6;2;1;82;0;5576205;150;0
147;18;336;15;29;22;99;4.20;3;1;1;71;0;5576299;272;0
147;18;336;15;29;22;99;4.00;5;2;1;91;0;5576299;389;0
147;18;336;15;29;23;67;4.00;1;1;1;86;0;5576367;154;0
147;18;336;15;29;23;99;3.40;3;1;1;70;0;5576399;78;0
147;18;336;15;29;24;99;3.20;6;2;1;80;0;5576499;277;0
147;18;336;15;29;25;2;3.40;3;1;1;72;0;5576502;85;0
147;18;336;15;29;25;55;3.60;5;2;1;79;0;5576555;240;0
147;18;336;15;29;26;14;3.80;4;1;1;81;0;5576614;399;0
147;18;336;15;29;26;98;3.60;3;1;1;68;0;5576698;179;0
147;18;336;15;29;27;99;3.80;4;1;1;81;0;5576799;168;0
147;18;336;15;29;28;8;3.60;2;1;1;75;0;5576808;588;0
147;18;336;15;29;28;15;3.60;3;1;1;77;0;5576815;97;5576299
147;18;336;15;29;28;58;3.80;6;2;1;79;0;5576858;344;0
147;18;336;15;29;29;15;3.60;8;2;1;78;0;5576915;1198;0
147;18;336;15;29;29;99;3.60;3;1;1;78;0;5576999;167;5576299
147;18;336;15;29;30;24;4.00;1;1;1;91;0;5577024;640;0
147;18;336;15;29;31;15;2.80;3;1;1;77;0;5577115;99;5576299
147;18;336;15;29;31;96;3.60;2;1;1;77;0;5577196;370;0
147;18;336;15;29;31;99;4.20;4;1;1;87;0;5577199;383;0
147;18;336;15;29;32;11;3.80;8;2;1;77;0;5577211;279;0
147;18;336;15;29;32;99;3.40;6;2;1;73;0;5577299;423;0
147;18;336;15;29;33;21;3.40;3;1;1;77;0;5577321;192;5576299
147;18;336;15;29;33;89;3.40;6;2;1;77;0;5577389;73;5576299
147;18;336;15;29;34;99;3.80;3;1;1;78;0;5577499;162;5576299
147;18;336;15;29;34;99;4.20;7;2;1;77;0;5577499;1281;0
147;18;336;15;29;36;4;3.60;4;1;1;83;0;5577604;387;0
147;18;336;15;29;36;33;2.80;8;2;1;70;0;5577633;404;0
147;18;336;15;29;36;84;3.20;6;2;1;80;0;5577684;279;0
147;18;336;15;29;36;97;4.20;5;2;1;101;0;5577697;1125;0
147;18;336;15;29;37;99;3.00;6;2;1;77;0;5577799;100;0
147;18;336;15;29;37;99;3.80;4;1;1;78;0;5577799;179;0
147;18;336;15;29;38;19;3.40;7;2;1;76;0;5577819;300;0
147;18;336;15;29;38;38;3.20;3;1;1;72;0;5577838;321;0
147;18;336;15;29;38;80;3.80;6;2;1;80;0;5577880;66;0
147;18;336;15;29;39;99;3.40;7;2;1;76;0;5577999;163;0
147;18;336;15;29;40;28;3.40;4;1;1;82;0;5578028;211;0
147;18;336;15;29;40;99;3.00;3;1;1;77;0;5578099;245;0
147;18;336;15;29;41;95;3.80;8;2;1;81;0;5578195;547;0
147;18;336;15;29;41;99;3.20;3;1;1;78;0;5578199;85;0
147;18;336;15;29;40;18;4.20;7;2;1;16;0;5578018;2;0
147;18;336;15;29;44;99;4.00;3;1;1;74;0;5578499;285;0
147;18;336;15;29;46;24;3.60;6;2;1;82;0;5578624;726;0
147;18;336;15;29;46;62;3.40;3;1;1;75;0;5578662;143;0
147;18;336;15;29;47;99;3.60;2;1;1;76;0;5578799;1586;0
147;18;336;15;29;48;99;3.60;4;1;1;75;0;5578899;856;0
147;18;336;15;29;48;22;3.60;6;2;1;81;0;5578822;182;0
147;18;336;15;29;49;4;3.80;2;1;1;77;0;5578904;87;0
147;18;336;15;29;49;99;3.20;2;1;1;80;0;5578999;77;0
147;18;336;15;29;50;99;3.40;2;1;1;75;0;5579099;85;0
147;18;336;15;29;51;17;3.00;6;2;1;82;0;5579117;279;0
147;18;336;15;29;52;99;3.80;3;1;1;82;0;5579299;620;0
147;18;336;15;29;52;99;3.60;5;2;1;81;0;5579299;1587;0
147;18;336;15;29;53;19;3.40;4;1;1;81;0;5579319;402;0
147;18;336;15;29;52;52;4.20;7;2;1;26;0;5579252;1139;0
147;18;336;15;29;53;34;3.20;5;2;1;82;0;5579334;19;0
147;18;336;15;29;53;34;3.60;6;2;1;77;0;5579334;203;0
147;18;336;15;29;54;97;3.80;4;1;1;82;0;5579497;162;0
147;18;336;15;29;54;99;4.40;1;1;1;73;0;5579499;2459;0
147;18;336;15;29;55;9;3.20;6;2;1;77;0;5579509;158;0
147;18;336;15;29;56;17;4.00;6;2;1;80;0;5579617;93;0
147;18;336;15;29;56;19;3.40;8;2;1;75;0;5579619;1407;0
147;18;336;15;29;56;21;4.00;3;1;1;81;0;5579621;305;0
147;18;336;15;29;56;66;3.60;2;1;1;76;0;5579666;550;0
147;18;336;15;29;57;14;3.40;3;1;1;81;0;5579714;75;0
147;18;336;15;29;57;99;3.00;6;2;1;79;0;5579799;164;0
147;18;336;15;29;58;8;3.80;4;1;1;84;0;5579808;294;0
147;18;336;15;29;58;22;3.60;2;1;1;77;0;5579822;138;0
147;18;336;15;29;58;22;3.80;3;1;1;79;0;5579822;92;0
147;18;336;15;30;1;13;3.40;8;2;1;81;0;5580113;477;0
147;18;336;15;30;1;99;11.60;2;1;3;75;0;5580199;360;0
147;18;336;15;30;1;63;3.20;6;2;1;75;0;5580163;350;0
147;18;336;15;30;2;8;4.00;5;2;1;81;0;5580208;859;0
147;18;336;15;30;2;99;3.00;2;1;1;78;0;5580299;44;0
147;18;336;15;30;3;99;3.40;5;2;1;83;0;5580399;173;0
147;18;336;15;30;3;99;6.40;8;2;1;78;0;5580399;270;0
147;18;336;15;30;3;99;0.80;7;1;1;40;1;5580399;240097;0
147;18;336;15;30;5;99;3.80;5;2;1;85;0;5580599;185;0
147;18;336;15;30;5;99;4.00;3;1;1;76;0;5580599;759;0
147;18;336;15;30;5;99;3.80;7;2;1;81;0;5580599;1288;0
147;18;336;15;30;6;51;4.00;6;2;1;76;0;5580651;472;0
147;18;336;15;30;7;99;4.20;8;2;1;79;0;5580799;370;0
147;18;336;15;30;7;99;3.40;2;1;1;74;0;5580799;486;0
147;18;336;15;30;7;99;3.00;6;2;1;73;0;5580799;129;0
147;18;336;15;30;8;99;3.40;3;1;1;79;0;5580899;281;0
147;18;336;15;30;9;99;3.80;2;1;1;79;0;5580999;183;0
147;18;336;15;30;10;99;4.00;7;2;1;79;0;5581099;483;0
147;18;336;15;30;10;99;3.80;3;1;1;78;0;5581099;184;0
147;18;336;15;30;10;99;4.40;4;1;1;82;0;5581099;1274;0
147;18;336;15;30;11;36;3.60;3;1;1;80;0;5581136;19;0
147;18;336;15;30;12;26;3.20;6;2;1;80;0;5581226;412;0
147;18;336;15;30;13;12;3.60;2;1;1;75;0;5581312;295;0
147;18;336;15;30;14;19;3.80;6;2;1;81;0;5581419;178;0
147;18;336;15;30;14;70;3.60;4;1;1;82;0;5581470;351;0
147;18;336;15;30;14;78;3.20;2;1;1;79;0;5581478;148;0
147;18;336;15;30;15;99;3.40;4;1;1;83;0;5581599;113;0
147;18;336;15;30;16;99;3.60;6;2;1;86;0;5581699;263;0
147;18;336;15;30;17;9;3.40;3;1;1;75;0;5581709;556;0
147;18;336;15;30;17;41;4.80;7;2;1;70;0;5581741;623;0
147;18;336;15;30;17;85;3.60;5;2;1;86;0;5581785;1169;0
147;18;336;15;30;17;82;3.80;6;2;1;80;0;5581782;67;0
147;18;336;15;30;18;16;3.80;8;2;1;81;0;5581816;997;0
147;18;336;15;30;18;99;3.60;6;2;1;80;0;5581899;99;0
147;18;336;15;30;18;99;3.80;5;2;1;89;0;5581899;98;0
147;18;336;15;30;19;21;3.60;4;1;1;80;0;5581921;307;0
147;18;336;15;30;19;51;3.40;3;1;1;81;0;5581951;225;0
147;18;336;15;30;22;18;3.60;3;1;1;81;0;5582218;251;0
147;18;336;15;30;22;99;3.60;5;2;1;89;0;5582299;384;0
147;18;336;15;30;22;99;3.60;2;1;1;75;0;5582299;806;0
147;18;336;15;30;23;99;3.40;6;2;1;76;0;5582399;483;0
147;18;336;15;30;24;18;3.60;6;2;1;74;0;5582418;2;0
147;18;336;15;30;24;60;4.40;3;1;1;80;0;5582460;226;0
147;18;336;15;30;25;99;3.60;6;2;1;73;0;5582599;163;0
147;18;336;15;30;25;99;3.60;5;2;1;83;0;5582599;285;0
147;18;336;15;30;26;99;4.00;4;1;1;86;0;5582699;761;0
147;18;336;15;30;26;99;3.60;3;1;1;77;0;5582699;219;0
147;18;336;15;30;27;14;3.60;5;2;1;82;0;5582714;99;0
147;18;336;15;30;27;46;4.60;7;2;1;74;0;5582746;980;0
147;18;336;15;30;28;12;5.80;6;2;1;76;0;5582812;195;0
147;18;336;15;30;28;99;3.00;7;2;1;73;0;5582899;130;0
147;18;336;15;30;29;4;5.00;6;2;1;75;0;5582904;64;5582399
147;18;336;15;30;29;31;3.80;4;1;1;80;0;5582931;215;0
147;18;336;15;30;29;29;3.80;7;2;1;76;0;5582929;15;0
147;18;336;15;30;30;83;3.80;3;1;1;70;0;5583083;367;0
147;18;336;15;30;30;97;2.60;7;2;1;76;0;5583097;150;0
147;18;336;15;30;30;99;3.60;5;2;1;85;0;5583099;369;0
147;18;336;15;30;30;99;3.60;2;1;1;76;0;5583099;782;0
147;18;336;15;30;31;17;3.60;4;1;1;79;0;5583117;168;0
147;18;336;15;30;31;20;3.60;6;2;1;77;0;5583120;192;5582399
147;18;336;15;30;32;7;4.00;5;2;1;83;0;5583207;92;5582399
147;18;336;15;30;32;14;3.60;1;1;1;72;0;5583214;3693;0
147;18;336;15;30;32;82;3.20;7;2;1;70;0;5583282;172;5582746
147;18;336;15;30;33;99;3.00;2;1;1;70;0;5583399;282;0
147;18;336;15;30;33;99;4.60;3;1;1;72;0;5583399;296;0
147;18;336;15;30;34;19;3.80;4;1;1;76;0;5583419;285;0
147;18;336;15;30;34;12;4.00;7;2;1;82;0;5583412;113;5582746
147;18;336;15;30;35;8;4.00;6;2;1;77;0;5583508;371;0
147;18;336;15;30;35;81;3.20;3;1;1;75;0;5583581;159;0
147;18;336;15;30;37;48;4.00;5;2;1;86;0;5583748;523;0
147;18;336;15;30;37;36;4.60;3;1;1;76;0;5583736;139;0
147;18;336;15;30;37;47;4.40;4;1;1;77;0;5583747;310;0
147;18;336;15;30;38;99;3.60;2;1;1;72;0;5583899;484;0
147;18;336;15;30;39;5;3.40;1;1;1;91;0;5583905;673;0
147;18;336;15;30;39;7;3.80;6;2;1;82;0;5583907;380;0
147;18;336;15;30;39;38;3.40;8;2;1;74;0;5583938;2105;0
147;18;336;15;30;40;14;3.80;3;1;1;76;0;5584014;256;0
147;18;336;15;30;40;99;3.40;6;2;1;80;0;5584099;175;0
147;18;336;15;30;41;3;3.20;5;2;1;81;0;5584103;338;0
147;18;336;15;30;41;99;3.00;7;2;1;82;0;5584199;769;0
147;18;336;15;30;41;99;3.40;2;1;1;76;0;5584199;282;0
147;18;336;15;30;42;22;3.80;3;1;1;73;0;5584222;190;0
147;18;336;15;30;43;23;3.40;2;1;1;76;0;5584323;107;0
147;18;336;15;30;44;13;4.00;1;1;1;92;0;5584413;494;0
147;18;336;15;30;44;9;3.40;3;1;1;71;0;5584409;168;0
147;18;336;15;30;44;24;3.20;2;1;1;75;0;5584424;84;0
147;18;336;15;30;44;99;3.80;6;2;1;76;0;5584499;384;0
147;18;336;15;30;45;74;3.40;7;2;1;79;0;5584574;361;0
147;18;336;15;30;45;99;3.20;3;1;1;67;0;5584599;172;0
147;18;336;15;30;46;99;3.80;7;2;1;75;0;5584699;109;0
147;18;336;15;30;46;99;3.80;6;2;1;79;0;5584699;182;0
147;18;336;15;30;47;8;3.20;3;1;1;70;0;5584708;91;5584014
147;18;336;15;30;47;62;3.60;4;1;1;78;0;5584762;994;0
147;18;336;15;30;48;99;3.80;7;2;1;72;0;5584899;181;0
147;18;336;15;30;48;99;4.00;6;2;1;79;0;5584899;182;0
147;18;336;15;30;49;99;5.00;3;1;1;68;0;5584999;274;0
147;18;336;15;30;49;99;3.20;2;1;1;78;0;5584999;559;0
147;18;336;15;30;49;7;3.20;5;2;1;90;0;5584907;789;0
147;18;336;15;30;50;37;3.20;3;1;1;67;0;5585037;11;0
147;18;336;15;30;50;64;3.20;6;2;1;73;0;5585064;146;0
147;18;336;15;30;51;4;3.00;2;1;1;75;0;5585104;90;0
147;18;336;15;30;51;1;3.60;4;1;1;71;0;5585101;322;0
147;18;336;15;30;51;99;3.20;3;1;1;66;0;5585199;144;0
147;18;336;15;30;51;99;3.40;4;1;1;73;0;5585199;79;0
147;18;336;15;30;51;99;7.20;2;1;1;77;0;5585199;80;0
147;18;336;15;30;52;17;3.60;3;1;1;67;0;5585217;0;0
147;18;336;15;30;52;33;3.20;4;1;1;74;0;5585233;17;0
147;18;336;15;30;53;87;3.60;6;2;1;74;0;5585387;307;0
147;18;336;15;30;53;99;3.80;2;1;1;78;0;5585399;166;0
147;18;336;15;30;54;99;3.80;8;2;1;81;0;5585499;1544;0
147;18;336;15;30;55;40;3.40;5;2;1;78;0;5585540;620;0
147;18;336;15;30;55;41;4.60;6;2;1;73;0;5585541;136;0
147;18;336;15;30;55;53;4.40;2;1;1;77;0;5585553;136;5584999
147;18;336;15;30;56;99;3.00;2;1;1;75;0;5585699;125;5584999
147;18;336;15;30;56;99;4.00;8;2;1;79;0;5585699;183;5584999
147;18;336;15;30;57;35;3.60;4;1;1;81;0;5585735;486;0
147;18;336;15;30;58;21;3.40;6;2;1;74;0;5585821;257;0
147;18;336;15;30;58;76;3.80;8;2;1;79;0;5585876;158;0
147;18;336;15;30;58;96;3.80;3;1;1;78;0;5585896;659;0
147;18;336;15;30;59;14;3.80;4;1;1;82;0;5585914;163;0
147;18;336;15;31;0;33;4.20;5;2;1;85;0;5586033;477;0
147;18;336;15;31;1;99;3.80;4;1;1;79;0;5586199;268;0
147;18;336;15;31;1;99;3.20;6;2;1;72;0;5586199;361;0
147;18;336;15;31;2;32;4.00;8;2;1;83;0;5586232;338;0
147;18;336;15;31;4;99;3.00;6;2;1;75;0;5586499;284;0
147;18;336;15;31;5;55;4.20;8;2;1;82;0;5586555;305;0
147;18;336;15;31;6;1;3.60;3;1;1;81;0;5586601;687;0
147;18;336;15;31;6;18;3.80;6;2;1;77;0;5586618;104;0
147;18;336;15;31;7;18;3.80;5;2;1;86;0;5586718;667;0
147;18;336;15;31;7;12;3.60;2;1;1;76;0;5586712;998;0
147;18;336;15;31;8;99;3.20;6;2;1;76;0;5586899;263;0
147;18;336;15;31;9;20;3.60;3;1;1;76;0;5586920;303;0
147;18;336;15;31;9;99;3.20;5;2;1;77;0;5586999;265;0
147;18;336;15;31;9;99;5.40;6;2;1;71;0;5586999;84;0
147;18;336;15;31;10;17;4.00;7;2;1;82;0;5587017;2099;0
147;18;336;15;31;11;99;3.60;4;1;1;80;0;5587199;982;0
147;18;336;15;31;11;99;3.60;6;2;1;71;0;5587199;172;0
147;18;336;15;31;11;99;4.00;5;2;1;91;0;5587199;185;0
147;18;336;15;31;12;16;3.60;3;1;1;73;0;5587216;278;0
147;18;336;15;31;13;38;3.60;3;1;1;73;0;5587338;104;0
147;18;336;15;31;13;78;3.80;4;1;1;79;0;5587378;162;0
147;18;336;15;31;13;79;3.80;6;2;1;73;0;5587379;161;0
147;18;336;15;31;13;99;3.40;3;1;1;74;0;5587399;43;0
147;18;336;15;31;14;99;4.60;6;2;1;83;0;5587499;101;5586899
147;18;336;15;31;12;65;0.40;7;2;1;16;1;5587265;230;0
147;18;336;15;31;15;99;3.00;6;2;1;80;0;5587599;80;5586899
147;18;336;15;31;15;3;3.60;3;1;1;75;0;5587503;87;5586899
147;18;336;15;31;15;37;20.80;5;2;5;85;0;5587537;322;0
147;18;336;15;31;16;99;3.60;3;1;1;77;0;5587699;178;5587216
147;18;336;15;31;17;99;3.20;7;2;1;76;0;5587799;764;0
147;18;336;15;31;19;99;3.40;3;1;1;81;0;5587999;283;0
147;18;336;15;31;19;99;3.40;6;2;1;77;0;5587999;386;0
147;18;336;15;31;20;3;4.00;5;2;1;80;0;5588003;377;0
147;18;336;15;31;20;13;4.00;8;2;1;88;0;5588013;1439;0
147;18;336;15;31;21;91;3.20;3;1;1;85;0;5588191;176;0
147;18;336;15;31;21;99;3.80;5;2;1;81;0;5588199;178;0
147;18;336;15;31;21;99;3.20;6;2;1;78;0;5588199;184;0
147;18;336;15;31;23;62;4.00;2;1;1;73;0;5588362;1632;0
147;18;336;15;31;24;99;3.20;6;2;1;86;0;5588499;285;0
147;18;336;15;31;25;30;3.40;5;2;1;83;0;5588530;314;0
147;18;336;15;31;25;8;2.80;4;1;1;87;0;5588508;1112;0
147;18;336;15;31;26;99;4.00;5;2;1;84;0;5588699;154;0
147;18;336;15;31;28;13;3.40;2;1;1;75;0;5588813;431;0
147;18;336;15;31;29;99;3.80;2;1;1;76;0;5588999;169;0
147;18;336;15;31;30;99;3.60;3;1;1;75;0;5589099;894;0
147;18;336;15;31;31;16;3.40;6;2;1;75;0;5589116;603;0
147;18;336;15;31;31;99;8.60;2;1;6;73;0;5589199;182;0
147;18;336;15;31;32;99;4.00;3;1;1;75;0;5589299;182;0
147;18;336;15;31;33;20;4.00;1;1;1;75;0;5589320;4891;0
147;18;336;15;31;34;99;3.80;6;2;1;82;0;5589499;366;0
147;18;336;15;31;35;14;3.40;7;2;1;79;0;5589514;1699;0
147;18;336;15;31;35;1;4.40;7;2;1;78;0;5589501;-1;0
147;18;336;15;31;36;66;3.00;6;2;1;83;0;5589666;150;0
147;18;336;15;31;36;61;3.40;7;2;1;73;0;5589661;139;0
147;18;336;15;31;37;99;3.40;3;1;1;74;0;5589799;480;0
147;18;336;15;31;37;99;4.00;7;2;1;78;0;5589799;121;0
147;18;336;15;31;38;99;5.40;8;2;1;89;0;5589899;1869;0
147;18;336;15;31;38;35;3.40;6;2;1;80;0;5589835;155;0
147;18;336;15;31;39;99;3.40;6;2;1;80;0;5589999;148;0
147;18;336;15;31;39;99;3.80;3;1;1;80;0;5589999;183;0
147;18;336;15;31;40;99;3.40;6;2;1;84;0;5590099;84;5589499
147;18;336;15;31;42;99;3.80;4;1;1;83;0;5590299;1779;0
147;18;336;15;31;44;18;3.60;7;2;1;88;0;5590418;600;0
147;18;336;15;31;44;78;3.60;3;1;1;77;0;5590478;461;0
147;18;336;15;31;44;92;4.20;5;2;1;88;0;5590492;1775;0
147;18;336;15;31;44;99;4.00;4;1;1;86;0;5590499;183;0
147;18;336;15;31;46;49;3.40;3;1;1;76;0;5590649;154;0
147;18;336;15;31;48;26;3.00;3;1;1;76;0;5590826;160;0
147;18;336;15;31;48;99;3.40;4;1;1;85;0;5590899;383;0
147;18;336;15;31;49;3;3.60;6;2;1;81;0;5590903;789;0
147;18;336;15;31;49;68;3.80;5;2;1;91;0;5590968;458;0
147;18;336;15;31;49;74;3.00;2;1;1;76;0;5590974;1732;0
147;18;336;15;31;50;1;3.60;8;2;1;70;0;5591001;1080;0
147;18;336;15;31;50;17;3.20;6;2;1;82;0;5591017;98;0
147;18;336;15;31;50;99;3.40;5;2;1;92;0;5591099;115;0
147;18;336;15;31;50;99;3.80;3;1;1;87;0;5591099;258;0
147;18;336;15;31;51;27;3.80;5;2;1;90;0;5591127;14;0
147;18;336;15;31;51;16;3.40;7;2;1;81;0;5591116;683;0
147;18;336;15;31;51;65;3.60;4;1;1;92;0;5591165;251;0
147;18;336;15;31;52;99;3.20;3;1;1;73;0;5591299;184;0
147;18;336;15;31;52;99;3.60;1;1;1;72;0;5591299;1959;0
147;18;336;15;31;53;6;3.80;5;2;1;88;0;5591306;163;0
147;18;336;15;31;53;99;3.40;7;2;1;88;0;5591399;267;0
147;18;336;15;31;53;99;3.00;6;2;1;74;0;5591399;367;0
147;18;336;15;31;53;99;3.60;3;1;1;75;0;5591399;84;0
147;18;336;15;31;53;12;3.40;4;1;1;86;0;5591312;132;0
147;18;336;15;31;54;3;3.60;5;2;1;88;0;5591403;81;5590968
147;18;336;15;31;54;99;3.60;3;1;1;75;0;5591499;82;5590968
147;18;336;15;31;55;20;3.20;7;2;1;81;0;5591520;107;5590968
147;18;336;15;31;55;99;3.20;2;1;1;77;0;5591599;610;0
147;18;336;15;31;56;99;3.80;6;2;1;70;0;5591699;285;0
147;18;336;15;31;56;53;3.80;2;1;1;77;0;5591653;39;0
147;18;336;15;31;57;99;4.00;8;2;1;84;0;5591799;779;0
147;18;336;15;31;57;99;3.40;6;2;1;67;0;5591799;80;0
147;18;336;15;31;57;99;3.00;3;1;1;75;0;5591799;282;0
147;18;336;15;31;57;99;4.00;5;2;1;78;0;5591799;381;0
147;18;336;15;31;58;99;4.20;6;2;1;65;0;5591899;81;0
147;18;336;15;31;58;99;3.40;3;1;1;77;0;5591899;85;0
147;18;336;15;31;58;0;3.80;5;2;1;82;0;5591800;-1;0
147;18;336;15;31;58;1;4.20;7;2;1;83;0;5591801;266;0
147;18;336;15;31;59;15;3.80;6;2;1;62;0;5591915;-1;0
147;18;336;15;31;59;87;3.80;8;2;1;78;0;5591987;170;0
147;18;336;15;32;0;5;3.60;3;1;1;79;0;5592005;90;0
147;18;336;15;32;0;99;3.80;5;2;1;77;0;5592099;282;0
147;18;336;15;32;0;99;3.80;2;1;1;79;0;5592099;428;0
147;18;336;15;32;0;99;3.60;7;2;1;79;0;5592099;279;0
147;18;336;15;32;0;99;3.60;6;2;1;66;0;5592099;161;5591699
147;18;336;15;32;1;99;3.80;3;1;1;77;0;5592199;177;5591699
147;18;336;15;32;1;99;3.40;4;1;1;83;0;5592199;872;0
147;18;336;15;32;1;41;6.20;7;2;1;78;0;5592141;25;0
147;18;336;15;32;1;47;3.40;6;2;1;64;0;5592147;28;5591699
147;18;336;15;32;3;99;3.60;6;2;1;76;0;5592399;232;0
147;18;336;15;32;4;58;3.20;6;2;1;79;0;5592458;41;0
147;18;336;15;32;5;9;3.80;1;1;1;78;0;5592509;1192;0
147;18;336;15;32;5;99;3.40;6;2;1;75;0;5592599;126;0
147;18;336;15;32;6;4;3.80;5;2;1;78;0;5592604;487;0
147;18;336;15;32;6;99;4.60;3;1;1;81;0;5592699;482;0
147;18;336;15;32;6;16;4.20;6;2;1;76;0;5592616;0;0
147;18;336;15;32;7;99;3.80;7;2;1;81;0;5592799;629;0
147;18;336;15;32;8;99;3.80;6;2;1;79;0;5592899;263;0
147;18;336;15;32;8;99;3.60;3;1;1;79;0;5592899;179;0
147;18;336;15;32;9;46;3.60;2;1;1;74;0;5592946;829;0
147;18;336;15;32;11;23;3.60;5;2;1;85;0;5593123;501;0
147;18;336;15;32;12;1;3.60;2;1;1;92;0;5593201;237;0
147;18;336;15;32;12;60;3.40;8;2;1;75;0;5593260;1255;0
147;18;336;15;32;13;9;3.40;2;1;1;89;0;5593309;93;0
147;18;336;15;32;13;4;3.80;6;2;1;83;0;5593304;387;0
147;18;336;15;32;14;7;4.20;4;1;1;80;0;5593407;1193;0
147;18;336;15;32;14;18;3.40;3;1;1;79;0;5593418;502;0
147;18;336;15;32;15;99;3.40;4;1;1;81;0;5593599;173;0
147;18;336;15;32;15;99;3.40;6;2;1;83;0;5593599;278;0
147;18;336;15;32;16;4;6.20;7;2;1;85;0;5593604;788;0
147;18;336;15;32;18;11;3.80;6;2;1;93;0;5593811;197;0
147;18;336;15;32;19;4;3.80;5;2;1;90;0;5593904;765;0
147;18;336;15;32;21;99;3.60;3;1;1;69;0;5594199;765;0
147;18;336;15;32;23;99;3.20;3;1;1;66;0;5594399;181;0
147;18;336;15;32;25;22;3.20;2;1;1;71;0;5594522;1199;0
147;18;336;15;32;25;99;3.00;2;1;1;71;0;5594599;60;0
147;18;336;15;32;26;23;3.40;3;1;1;76;0;5594623;206;0
147;18;336;15;32;26;99;4.00;5;2;1;93;0;5594699;779;0
147;18;336;15;32;26;99;5.20;8;2;1;81;0;5594699;1422;0
147;18;336;15;32;28;2;3.40;3;1;1;74;0;5594802;162;0
147;18;336;15;32;28;7;3.40;6;2;1;80;0;5594807;981;0
147;18;336;15;32;29;99;4.00;5;2;1;88;0;5594999;284;0
147;18;336;15;32;29;99;3.80;6;2;1;79;0;5594999;176;0
147;18;336;15;32;29;99;12.00;3;1;2;73;0;5594999;180;0
147;18;336;15;32;30;78;3.40;7;2;1;87;0;5595078;1447;0
147;18;336;15;32;30;85;3.40;6;2;1;78;0;5595085;68;0
147;18;336;15;32;30;99;3.60;5;2;1;86;0;5595099;83;0
147;18;336;15;32;31;99;3.80;2;1;1;75;0;5595199;584;0
147;18;336;15;32;32;24;3.80;5;2;1;87;0;5595224;109;0
147;18;336;15;32;32;18;4.60;3;1;1;76;0;5595218;159;0
147;18;336;15;32;32;32;3.40;1;1;1;79;0;5595232;2705;0
147;18;336;15;32;32;73;3.80;5;2;1;88;0;5595273;33;0
147;18;336;15;32;34;99;3.80;3;1;1;76;0;5595499;259;0
147;18;336;15;32;36;99;3.80;2;1;1;83;0;5595699;481;0
147;18;336;15;32;36;99;3.20;4;1;1;74;0;5595699;2084;0
147;18;336;15;32;37;27;3.00;4;1;1;79;0;5595727;12;0
147;18;336;15;32;38;99;3.80;2;1;1;76;0;5595899;183;0
147;18;336;15;32;38;99;3.60;1;1;1;86;0;5595899;651;0
147;18;336;15;32;39;1;3.60;6;2;1;83;0;5595901;800;0
147;18;336;15;32;40;79;3.40;7;2;1;79;0;5596079;986;0
147;18;336;15;32;40;83;3.60;6;2;1;78;0;5596083;166;0
147;18;336;15;32;44;10;3.80;7;2;1;86;0;5596410;315;0
147;18;336;15;32;45;79;3.00;3;1;1;71;0;5596579;1062;0
147;18;336;15;32;45;84;3.60;8;2;1;79;0;5596584;1861;0
147;18;336;15;32;45;87;3.40;1;1;1;74;0;5596587;672;0
147;18;336;15;32;46;99;3.40;4;1;1;81;0;5596699;958;0
147;18;336;15;32;47;19;3.20;8;2;1;78;0;5596719;118;0
147;18;336;15;32;48;70;3.40;3;1;1;72;0;5596870;275;0
147;18;336;15;32;48;82;3.40;7;2;1;80;0;5596882;456;0
147;18;336;15;32;49;99;3.60;6;2;1;84;0;5596999;899;0
147;18;336;15;32;50;57;3.60;3;1;1;80;0;5597057;170;0
147;18;336;15;32;52;26;3.20;6;2;1;80;0;5597226;211;0
147;18;336;15;32;52;99;4.20;3;1;1;80;0;5597299;225;0
147;18;336;15;32;54;9;3.00;2;1;1;69;0;5597409;1492;0
147;18;336;15;32;55;16;3.20;2;1;1;71;0;5597516;91;0
147;18;336;15;32;56;99;3.80;3;1;1;76;0;5597699;381;0
147;18;336;15;32;56;99;3.80;5;2;1;80;0;5597699;2410;0
147;18;336;15;32;56;99;3.40;6;2;1;82;0;5597699;458;0
147;18;336;15;32;57;99;4.00;3;1;1;81;0;5597799;82;0
147;18;336;15;32;57;99;3.80;2;1;1;75;0;5597799;266;0
147;18;336;15;32;58;0;3.80;6;2;1;93;0;5597800;86;0
147;18;336;15;32;57;10;3.80;7;2;1;81;0;5597710;812;0
147;18;336;15;32;58;33;3.60;5;2;1;96;0;5597833;116;0
147;18;336;15;32;59;14;3.60;4;1;1;79;0;5597914;1199;0
147;18;336;15;32;59;99;3.60;2;1;1;75;0;5597999;181;0
147;18;336;15;32;59;99;3.80;6;2;1;89;0;5597999;184;0
147;18;336;15;32;59;99;3.80;3;1;1;71;0;5597999;182;0
147;18;336;15;33;0;7;3.80;4;1;1;78;0;5598007;76;0
147;18;336;15;33;0;60;3.60;3;1;1;72;0;5598060;41;0
147;18;336;15;33;1;20;3.40;2;1;1;77;0;5598120;103;0
147;18;336;15;33;1;99;3.80;4;1;1;81;0;5598199;174;0
147;18;336;15;33;1;99;3.80;3;1;1;73;0;5598199;121;5597699
147;18;336;15;33;2;99;3.20;4;1;1;81;0;5598299;83;5597699
147;18;336;15;33;2;99;3.40;3;1;1;72;0;5598299;81;5597699
147;18;336;15;33;3;51;3.00;3;1;1;69;0;5598351;35;5597699
147;18;336;15;33;4;99;3.60;2;1;1;78;0;5598499;363;0
147;18;336;15;33;5;99;3.20;6;2;1;73;0;5598599;584;0
147;18;336;15;33;5;6;3.20;7;2;1;80;0;5598506;779;0
147;18;336;15;33;6;10;3.00;2;1;1;83;0;5598610;94;0
147;18;336;15;33;7;99;3.60;2;1;1;75;0;5598799;175;0
147;18;336;15;33;8;76;3.60;3;1;1;81;0;5598876;509;0
147;18;336;15;33;9;99;4.80;1;1;1;81;0;5598999;2395;0
147;18;336;15;33;9;99;3.80;6;2;1;82;0;5598999;384;0
147;18;336;15;33;10;99;3.80;6;2;1;78;0;5599099;83;0
147;18;336;15;33;11;6;3.60;4;1;1;94;0;5599106;792;0
147;18;336;15;33;11;75;3.20;1;1;1;79;0;5599175;154;0
147;18;336;15;33;12;99;3.60;6;2;1;70;0;5599299;182;0
147;18;336;15;33;12;99;3.40;3;1;1;87;0;5599299;407;0
147;18;336;15;33;13;0;2.80;2;1;1;74;0;5599300;483;0
147;18;336;15;33;12;99;7.00;7;2;1;59;0;5599299;778;0
147;18;336;15;33;13;60;3.20;1;1;1;74;0;5599360;170;0
147;18;336;15;33;13;70;3.00;8;2;1;72;0;5599370;2636;0
147;18;336;15;33;14;99;3.40;6;2;1;72;0;5599499;181;0
147;18;336;15;33;15;22;3.80;5;2;1;84;0;5599522;1675;0
147;18;336;15;33;16;11;3.60;1;1;1;72;0;5599611;235;0
147;18;336;15;33;16;60;3.20;6;2;1;75;0;5599660;144;5598999
147;18;336;15;33;16;99;3.40;8;2;1;77;0;5599699;314;0
147;18;336;15;33;17;99;3.00;3;1;1;76;0;5599799;485;0
147;18;336;15;33;17;99;3.60;6;2;1;73;0;5599799;123;5598999
147;18;336;15;33;17;99;3.40;1;1;1;74;0;5599799;170;5598999
147;18;336;15;33;18;16;3.40;4;1;1;76;0;5599816;696;0
147;18;336;15;33;19;15;3.20;1;1;1;75;0;5599915;99;0
147;18;336;15;33;19;99;3.20;3;1;1;79;0;5599999;185;0
147;18;336;15;33;18;82;4.00;7;2;1;19;0;5599882;540;0
147;18;336;15;33;23;3;3.60;8;2;1;76;0;5600303;588;0
147;18;336;15;33;23;17;3.80;6;2;1;89;0;5600317;500;0
147;18;336;15;33;24;96;3.40;2;1;1;75;0;5600496;1182;0
147;18;336;15;33;23;29;9.80;7;2;3;53;0;5600329;371;0
147;18;336;15;33;25;19;3.40;6;2;1;78;0;5600519;186;0
147;18;336;15;33;25;99;4.00;7;2;1;89;0;5600599;203;0
147;18;336;15;33;25;99;3.80;2;1;1;73;0;5600599;86;0
147;18;336;15;33;27;99;3.60;1;1;1;75;0;5600799;868;0
147;18;336;15;33;27;99;3.60;3;1;1;76;0;5600799;785;0
147;18;336;15;33;28;18;3.80;5;2;1;80;0;5600818;1279;0
147;18;336;15;33;28;99;3.80;7;2;1;83;0;5600899;283;0
147;18;336;15;33;28;99;3.60;6;2;1;78;0;5600899;364;0
147;18;336;15;33;28;16;3.00;3;1;1;75;0;5600816;-1;0
147;18;336;15;33;28;40;3.80;4;1;1;79;0;5600840;1007;0
147;18;336;15;33;29;77;3.60;2;1;1;74;0;5600977;359;0
147;18;336;15;33;29;86;4.20;8;2;1;85;0;5600986;665;0
147;18;336;15;33;29;73;12.20;3;1;7;71;0;5600973;142;0
147;18;336;15;33;30;99;3.80;5;2;1;85;0;5601099;263;0
147;18;336;15;33;30;99;4.00;2;1;1;66;0;5601099;104;0
147;18;336;15;33;31;55;3.40;6;2;1;79;0;5601155;239;0
147;18;336;15;33;31;68;3.80;2;1;1;72;0;5601168;47;0
147;18;336;15;33;32;99;4.60;2;1;1;69;0;5601299;112;0
147;18;336;15;33;33;99;3.60;6;2;1;77;0;5601399;228;0
147;18;336;15;33;34;92;3.80;2;1;1;70;0;5601492;169;5600977
147;18;336;15;33;35;12;3.60;6;2;1;78;0;5601512;96;5600977
147;18;336;15;33;36;76;3.40;6;2;1;77;0;5601676;147;5600977
147;18;336;15;33;37;99;3.40;3;1;1;65;0;5601799;764;0
147;18;336;15;33;38;99;4.60;5;2;1;82;0;5601899;783;0
147;18;336;15;33;39;57;3.00;3;1;1;63;0;5601957;139;0
147;18;336;15;33;40;99;3.80;5;2;1;80;0;5602099;179;0
147;18;336;15;33;41;99;3.80;6;2;1;73;0;5602199;507;0
147;18;336;15;33;41;34;3.20;3;1;1;86;0;5602134;159;0
147;18;336;15;33;42;2;4.40;8;2;1;78;0;5602202;1198;0
147;18;336;15;33;43;99;3.60;5;2;1;83;0;5602399;282;0
147;18;336;15;33;43;3;3.40;3;1;1;74;0;5602303;155;0
147;18;336;15;33;44;14;4.00;7;2;1;92;0;5602414;1498;0
147;18;336;15;33;44;52;3.80;6;2;1;72;0;5602452;234;0
147;18;336;15;33;44;91;3.60;5;2;1;84;0;5602491;76;0
147;18;336;15;33;45;99;3.60;5;2;1;77;0;5602599;92;0
147;18;336;15;33;45;99;3.40;6;2;1;70;0;5602599;128;0
147;18;336;15;33;46;9;3.40;8;2;1;88;0;5602609;386;0
147;18;336;15;33;47;6;3.80;4;1;1;78;0;5602706;1848;0
147;18;336;15;33;47;29;5.20;7;2;1;97;0;5602729;299;0
147;18;336;15;33;47;16;3.00;6;2;1;70;0;5602716;99;0
147;18;336;15;33;47;19;3.80;3;1;1;74;0;5602719;399;0
147;18;336;15;33;47;99;3.60;6;2;1;72;0;5602799;67;0
147;18;336;15;33;48;99;3.20;6;2;1;66;0;5602899;82;5602452
147;18;336;15;33;49;42;3.80;4;1;1;87;0;5602942;218;0
147;18;336;15;33;49;93;3.40;6;2;1;67;0;5602993;76;5602452
147;18;336;15;33;50;19;3.40;3;1;1;76;0;5603019;281;0
147;18;336;15;33;50;99;4.20;7;2;1;77;0;5603099;350;0
147;18;336;15;33;50;99;3.80;1;1;1;83;0;5603099;2282;0
147;18;336;15;33;51;1;3.60;4;1;1;85;0;5603101;143;0
147;18;336;15;33;51;99;3.60;7;2;1;77;0;5603199;80;0
147;18;336;15;33;51;99;4.00;6;2;1;66;0;5603199;187;5602452
147;18;336;15;33;51;35;5.20;3;1;1;76;0;5603135;99;5602452
147;18;336;15;33;52;96;3.80;4;1;1;77;0;5603296;179;5602452
147;18;336;15;33;52;99;3.00;6;2;1;68;0;5603299;78;5602452
147;18;336;15;33;53;9;2.80;2;1;1;80;0;5603309;1797;0
147;18;336;15;33;53;99;4.60;7;2;1;68;0;5603399;183;0
147;18;336;15;33;54;25;3.80;5;2;1;81;0;5603425;809;0
147;18;336;15;33;54;55;3.60;6;2;1;65;0;5603455;140;5602452
147;18;336;15;33;54;75;4.20;7;2;1;69;0;5603475;51;5602452
147;18;336;15;33;55;7;3.20;4;1;1;78;0;5603507;193;5602452
147;18;336;15;33;56;15;3.60;3;1;1;79;0;5603615;455;0
147;18;336;15;33;56;99;3.60;6;2;1;67;0;5603699;224;0
147;18;336;15;33;56;99;5.80;4;1;1;81;0;5603699;177;5602942
147;18;336;15;33;57;13;3.80;5;2;1;77;0;5603713;271;0
147;18;336;15;33;57;98;3.80;3;1;1;80;0;5603798;166;0
147;18;336;15;33;58;99;3.40;6;2;1;74;0;5603899;180;0
147;18;336;15;33;59;15;3.80;7;2;1;78;0;5603915;418;0
147;18;336;15;33;59;70;3.80;6;2;1;69;0;5603970;54;0
147;18;336;15;34;0;99;3.80;5;2;1;78;0;5604099;368;0
147;18;336;15;34;0;99;3.80;5;2;1;74;0;5604099;-1;0
147;18;336;15;34;0;99;5.20;7;2;1;72;0;5604099;166;0
147;18;336;15;34;1;99;3.60;4;1;1;77;0;5604199;474;0
147;18;336;15;34;2;17;3.60;5;2;1;73;0;5604217;99;0
147;18;336;15;34;2;78;3.80;2;1;1;76;0;5604278;956;0
147;18;336;15;34;2;99;3.20;3;1;1;79;0;5604299;483;0
147;18;336;15;34;3;3;3.20;5;2;1;73;0;5604303;68;0
147;18;336;15;34;3;99;3.80;7;2;1;86;0;5604399;274;0
147;18;336;15;34;3;99;3.20;6;2;1;75;0;5604399;409;0
147;18;336;15;34;3;99;3.60;4;1;1;86;0;5604399;183;0
147;18;336;15;34;4;15;3.60;3;1;1;83;0;5604415;101;0
147;18;336;15;34;5;5;3.40;4;1;1;86;0;5604505;90;0
147;18;336;15;34;5;3;3.40;5;2;1;79;0;5604503;184;5602399
147;18;336;15;34;5;15;3.00;2;1;1;76;0;5604515;219;0
147;18;336;15;34;5;21;3.80;6;2;1;77;0;5604521;106;0
147;18;336;15;34;6;15;3.60;5;2;1;80;0;5604615;96;5602399
147;18;336;15;34;6;99;3.80;6;2;1;77;0;5604699;160;5602399
147;18;336;15;34;6;99;3.40;5;2;1;82;0;5604699;67;5602399
147;18;336;15;34;7;16;4.40;7;2;1;85;0;5604716;301;0
147;18;336;15;34;7;64;3.20;1;1;1;81;0;5604764;1648;0
147;18;336;15;34;8;3;3.40;6;2;1;80;0;5604803;86;0
147;18;336;15;34;8;99;3.60;3;1;1;77;0;5604899;468;0
147;18;336;15;34;8;99;3.60;1;1;1;76;0;5604899;120;0
147;18;336;15;34;10;2;3.20;2;1;1;84;0;5605002;472;0
147;18;336;15;34;11;99;3.40;2;1;1;78;0;5605199;183;0
147;18;336;15;34;12;3;3.60;3;1;1;91;0;5605203;287;0
147;18;336;15;34;13;99;5.80;3;1;1;77;0;5605399;181;0
147;18;336;15;34;14;19;3.20;6;2;1;79;0;5605419;600;0
147;18;336;15;34;15;69;3.60;6;2;1;78;0;5605569;135;0
147;18;336;15;34;15;99;4.00;4;1;1;85;0;5605599;1079;0
147;18;336;15;34;15;99;4.00;3;1;1;81;0;5605599;172;0
147;18;336;15;34;16;99;3.40;4;1;1;87;0;5605699;83;0
147;18;336;15;34;16;99;3.40;3;1;1;74;0;5605699;82;0
147;18;336;15;34;16;99;3.20;2;1;1;90;0;5605699;484;0
147;18;336;15;34;16;99;3.80;1;1;1;82;0;5605699;782;0
147;18;336;15;34;17;49;3.40;4;1;1;87;0;5605749;35;0
147;18;336;15;34;17;72;4.60;3;1;1;75;0;5605772;56;5605203
147;18;336;15;34;18;99;3.40;1;1;1;81;0;5605899;183;5605203
147;18;336;15;34;18;99;3.60;4;1;1;85;0;5605899;135;5605203
147;18;336;15;34;19;99;3.20;3;1;1;82;0;5605999;204;0
147;18;336;15;34;19;21;3.60;7;2;1;80;0;5605921;1186;0
147;18;336;15;34;20;22;3.80;2;1;1;93;0;5606022;310;0
147;18;336;15;34;21;99;3.60;5;2;1;82;0;5606199;1485;0
147;18;336;15;34;21;99;3.40;3;1;1;84;0;5606199;185;0
147;18;336;15;34;22;19;3.40;6;2;1;72;0;5606219;633;0
147;18;336;15;34;23;8;3.40;4;1;1;87;0;5606308;393;0
147;18;336;15;34;23;99;4.00;7;2;1;82;0;5606399;461;0
147;18;336;15;34;24;99;3.60;6;2;1;72;0;5606499;263;0
147;18;336;15;34;24;99;3.80;8;2;1;85;0;5606499;3876;0
147;18;336;15;34;24;99;3.60;7;2;1;84;0;5606499;82;0
147;18;336;15;34;25;4;3.60;2;1;1;87;0;5606504;467;0
147;18;336;15;34;25;42;3.00;3;1;1;73;0;5606542;328;0
147;18;336;15;34;25;96;3.60;6;2;1;72;0;5606596;79;0
147;18;336;15;34;26;0;3.80;3;1;1;74;0;5606600;43;0
147;18;336;15;34;26;99;3.40;8;2;1;92;0;5606699;183;0
147;18;336;15;34;25;66;7.60;7;2;1;64;0;5606566;51;0
147;18;336;15;34;26;99;3.40;7;2;1;85;0;5606699;90;0
147;18;336;15;34;27;36;3.80;2;1;1;76;0;5606736;217;0
147;18;336;15;34;28;99;3.60;5;2;1;80;0;5606899;684;0
147;18;336;15;34;30;57;3.20;5;2;1;78;0;5607057;141;0
147;18;336;15;34;30;72;4.40;7;2;1;86;0;5607072;358;0
147;18;336;15;34;31;99;3.80;3;1;1;80;0;5607199;580;0
147;18;336;15;34;31;99;5.40;6;2;1;68;0;5607199;585;0
147;18;336;15;34;32;19;4.00;4;1;1;80;0;5607219;896;0
147;18;336;15;34;34;7;4.20;3;1;1;81;0;5607407;190;0
147;18;336;15;34;34;14;3.60;6;2;1;78;0;5607414;186;0
147;18;336;15;34;31;39;4.20;7;2;1;13;0;5607139;48;0
147;18;336;15;34;34;99;3.80;5;2;1;100;0;5607499;427;0
147;18;336;15;34;34;99;3.40;6;2;1;77;0;5607499;68;0
147;18;336;15;34;35;18;3.80;4;1;1;79;0;5607518;281;0
147;18;336;15;34;36;99;3.80;3;1;1;82;0;5607699;273;0
147;18;336;15;34;37;99;3.40;6;2;1;67;0;5607799;284;0
147;18;336;15;34;37;99;2.80;3;1;1;82;0;5607799;83;0
147;18;336;15;34;37;99;3.20;2;1;1;69;0;5607799;1045;0
147;18;336;15;34;38;25;3.80;3;1;1;84;0;5607825;13;0
147;18;336;15;34;38;99;3.60;5;2;1;81;0;5607899;386;0
147;18;336;15;34;39;12;3.40;2;1;1;74;0;5607912;96;0
147;18;336;15;34;39;7;3.80;6;2;1;67;0;5607907;89;0
147;18;336;15;34;39;99;7.20;6;2;6;66;0;5607999;71;0
147;18;336;15;34;40;26;4.40;5;2;1;80;0;5608026;111;0
147;18;336;15;34;40;44;4.40;3;1;1;79;0;5608044;202;0
147;18;336;15;34;41;99;3.80;5;2;1;81;0;5608199;153;0
147;18;336;15;34;41;99;4.20;6;2;1;71;0;5608199;160;0
147;18;336;15;34;42;13;4.00;5;2;1;80;0;5608213;-1;0
147;18;336;15;34;42;11;3.20;5;2;1;81;0;5608211;-1;5607899
147;18;336;15;34;44;99;3.40;2;1;1;64;0;5608499;570;0
147;18;336;15;34;45;25;3.40;7;2;1;83;0;5608525;1269;0
147;18;336;15;34;45;22;3.60;3;1;1;79;0;5608522;457;0
147;18;336;15;34;46;99;3.20;7;2;1;77;0;5608699;159;0
147;18;336;15;34;46;99;3.60;2;1;1;64;0;5608699;180;0
147;18;336;15;34;47;4;5.20;7;2;1;72;0;5608704;-1;0
147;18;336;15;34;48;31;3.40;2;1;1;65;0;5608831;111;0
147;18;336;15;34;48;42;3.60;6;2;1;73;0;5608842;621;0
147;18;336;15;34;48;82;4.40;1;1;1;82;0;5608882;2967;0
147;18;336;15;34;49;99;3.40;2;1;1;66;0;5608999;149;0
147;18;336;15;34;49;99;3.60;6;2;1;74;0;5608999;139;0
147;18;336;15;34;50;15;3.00;5;2;1;86;0;5609015;789;0
147;18;336;15;34;50;33;3.40;3;1;1;73;0;5609033;494;0
147;18;336;15;34;51;99;3.60;6;2;1;74;0;5609199;182;0
147;18;336;15;34;52;99;3.80;2;1;1;73;0;5609299;281;0
147;18;336;15;34;52;99;3.60;6;2;1;77;0;5609299;82;0
147;18;336;15;34;51;30;4.00;7;2;1;19;0;5609130;400;0
147;18;336;15;34;53;93;3.60;6;2;1;76;0;5609393;77;5608842
147;18;336;15;34;54;99;3.80;5;2;1;79;0;5609499;471;0
147;18;336;15;34;54;99;3.60;2;1;1;79;0;5609499;181;0
147;18;336;15;34;55;32;3.40;1;1;1;91;0;5609532;630;0
147;18;336;15;34;55;99;5.00;7;2;1;76;0;5609599;393;0
147;18;336;15;34;55;33;4.00;5;2;1;83;0;5609533;16;0
147;18;336;15;34;55;33;3.80;2;1;1;81;0;5609533;17;0
147;18;336;15;34;57;99;3.60;5;2;1;85;0;5609799;248;0
147;18;336;15;34;58;4;3.00;1;1;1;77;0;5609804;258;0
147;18;336;15;34;57;99;5.80;6;2;1;73;0;5609799;388;0
147;18;336;15;34;57;99;14.80;7;2;5;116;0;5609799;176;0
147;18;336;15;34;59;10;3.40;5;2;1;89;0;5609910;95;0
147;18;336;15;35;0;17;3.80;6;2;1;74;0;5610017;189;0
147;18;336;15;35;0;99;6.00;3;1;1;81;0;5610099;1049;0
147;18;336;15;35;0;99;3.60;5;2;1;84;0;5610099;175;0
147;18;336;15;35;0;7;3.40;7;2;1;77;0;5610007;162;0
147;18;336;15;35;1;62;9.80;3;1;2;82;0;5610162;36;0
147;18;336;15;35;2;99;3.80;5;2;1;81;0;5610299;184;0
147;18;336;15;35;2;99;3.60;6;2;1;77;0;5610299;263;0
147;18;336;15;35;2;99;4.80;7;2;1;82;0;5610299;276;0
147;18;336;15;35;2;99;7.60;1;1;6;71;0;5610299;480;0
147;18;336;15;35;3;23;3.40;2;1;1;91;0;5610323;773;0
147;18;336;15;35;4;99;3.80;5;2;1;80;0;5610499;183;5609799
147;18;336;15;35;4;99;3.40;2;1;1;84;0;5610499;162;5609799
147;18;336;15;35;5;99;3.20;6;2;1;77;0;5610599;283;0
147;18;336;15;35;7;12;3.60;3;1;1;79;0;5610712;506;0
147;18;336;15;35;8;16;3.20;6;2;1;81;0;5610816;202;0
147;18;336;15;35;8;29;3.40;4;1;1;79;0;5610829;3293;0
147;18;336;15;35;8;34;4.00;5;2;1;79;0;5610834;317;0
147;18;336;15;35;8;58;3.60;2;1;1;78;0;5610858;344;0
147;18;336;15;35;9;92;3.60;4;1;1;78;0;5610992;147;0
147;18;336;15;35;9;99;3.60;3;1;1;70;0;5610999;270;0
147;18;336;15;35;10;0;3.60;4;1;1;81;0;5611000;-1;0
147;18;336;15;35;10;99;3.40;2;1;1;74;0;5611099;224;0
147;18;336;15;35;10;99;3.40;6;2;1;77;0;5611099;268;0
147;18;336;15;35;10;99;3.40;4;1;1;84;0;5611099;83;0
147;18;336;15;35;11;39;3.60;7;2;1;80;0;5611139;818;0
147;18;336;15;35;11;51;3.80;2;1;1;71;0;5611151;35;0
147;18;336;15;35;11;77;3.60;6;2;1;78;0;5611177;62;0
147;18;336;15;35;12;99;3.40;2;1;1;67;0;5611299;128;0
147;18;336;15;35;13;99;3.20;2;1;1;64;0;5611399;81;0
147;18;336;15;35;13;18;3.60;6;2;1;77;0;5611318;124;0
147;18;336;15;35;13;44;3.40;2;1;1;62;0;5611344;-1;5611099
147;18;336;15;35;14;99;4.00;3;1;1;71;0;5611499;481;0
147;18;336;15;35;15;14;3.60;6;2;1;78;0;5611514;179;0
147;18;336;15;35;15;83;18.80;2;1;5;67;0;5611583;219;0
147;18;336;15;35;17;14;4.00;7;2;1;84;0;5611714;558;0
147;18;336;15;35;17;99;3.80;8;2;1;83;0;5611799;5086;0
147;18;336;15;35;18;20;3.40;3;1;1;72;0;5611820;300;0
147;18;336;15;35;18;99;3.80;6;2;1;80;0;5611899;368;0
147;18;336;15;35;19;13;2.80;3;1;1;65;0;5611913;76;0
147;18;336;15;35;20;73;7.40;7;2;1;63;0;5612073;341;0
147;18;336;15;35;22;99;4.00;3;1;1;71;0;5612299;370;0
147;18;336;15;35;22;99;3.60;2;1;1;79;0;5612299;614;0
147;18;336;15;35;24;1;4.00;5;2;1;93;0;5612401;1548;0
147;18;336;15;35;24;71;3.60;3;1;1;70;0;5612471;151;0
147;18;336;15;35;24;91;3.40;6;2;1;84;0;5612491;574;0
147;18;336;15;35;25;99;3.20;3;1;1;71;0;5612599;109;0
147;18;336;15;35;26;1;3.80;2;1;1;75;0;5612601;285;0
147;18;336;15;35;26;18;3.60;4;1;1;84;0;5612618;1504;0
147;18;336;15;35;26;56;3.80;3;1;1;72;0;5612656;40;0
147;18;336;15;35;27;8;3.80;6;2;1;80;0;5612708;202;0
147;18;336;15;35;27;99;3.20;4;1;1;85;0;5612799;165;0
147;18;336;15;35;27;99;3.60;2;1;1;68;0;5612799;179;0
147;18;336;15;35;27;99;4.60;5;2;1;85;0;5612799;382;0
147;18;336;15;35;28;99;3.60;2;1;1;70;0;5612899;80;0
147;18;336;15;35;29;11;4.00;8;2;1;105;0;5612911;1095;0
147;18;336;15;35;29;97;5.20;3;1;1;71;0;5612997;322;0
147;18;336;15;35;30;99;3.80;2;1;1;76;0;5613099;181;0
147;18;336;15;35;31;99;4.00;5;2;1;80;0;5613199;380;0
147;18;336;15;35;31;19;3.40;4;1;1;83;0;5613119;306;0
147;18;336;15;35;31;42;3.80;3;1;1;72;0;5613142;118;0
147;18;336;15;35;32;11;3.20;5;2;1;82;0;5613211;-1;0
147;18;336;15;35;32;7;3.60;6;2;1;65;0;5613207;481;0
147;18;336;15;35;32;88;4.40;7;2;1;80;0;5613288;1172;0
147;18;336;15;35;32;99;3.60;2;1;1;82;0;5613299;182;5612601
147;18;336;15;35;33;15;4.60;5;2;1;81;0;5613315;89;5612601
147;18;336;15;35;33;99;4.40;8;2;1;83;0;5613399;474;0
147;18;336;15;35;34;9;4.00;4;1;1;86;0;5613409;275;0
147;18;336;15;35;34;2;3.60;6;2;1;70;0;5613402;175;0
147;18;336;15;35;34;14;3.60;3;1;1;75;0;5613414;253;0
147;18;336;15;35;35;8;3.40;6;2;1;69;0;5613508;87;0
147;18;336;15;35;35;99;4.00;3;1;1;82;0;5613599;167;0
147;18;336;15;35;35;99;3.20;2;1;1;74;0;5613599;284;0
147;18;336;15;35;36;4;3.80;4;1;1;87;0;5613604;178;0
147;18;336;15;35;35;62;5.80;7;2;1;30;0;5613562;254;0
147;18;336;15;35;36;90;7.60;6;2;6;69;0;5613690;164;0
147;18;336;15;35;38;99;3.60;4;1;1;88;0;5613899;279;0
147;18;336;15;35;38;99;4.00;7;2;1;78;0;5613899;267;0
147;18;336;15;35;38;99;3.80;8;2;1;85;0;5613899;480;0
147;18;336;15;35;39;57;3.60;3;1;1;75;0;5613957;340;0
147;18;336;15;35;40;99;3.60;6;2;1;76;0;5614099;369;0
147;18;336;15;35;42;99;3.40;6;2;1;84;0;5614299;182;0
147;18;336;15;35;44;1;3.60;8;2;1;75;0;5614401;485;0
147;18;336;15;35;44;51;3.60;5;2;1;79;0;5614451;1115;0
147;18;336;15;35;45;99;5.60;6;2;1;77;0;5614599;285;0
147;18;336;15;35;45;99;3.80;3;1;1;73;0;5614599;624;0
147;18;336;15;35;45;99;4.00;5;2;1;81;0;5614599;131;0
147;18;336;15;35;47;2;3.80;5;2;1;80;0;5614702;85;0
147;18;336;15;35;47;61;3.80;4;1;1;80;0;5614761;847;0
147;18;336;15;35;48;16;3.40;3;1;1;73;0;5614816;198;0
147;18;336;15;35;48;99;3.80;6;2;1;74;0;5614899;273;0
147;18;336;15;35;48;99;3.80;4;1;1;77;0;5614899;120;0
147;18;336;15;35;48;99;3.80;5;2;1;81;0;5614899;179;0
147;18;336;15;35;49;28;5.40;8;2;1;76;0;5614928;509;0
147;18;336;15;35;49;46;3.00;3;1;1;75;0;5614946;113;0
147;18;336;15;35;50;92;4.20;6;2;1;76;0;5615092;174;0
147;18;336;15;35;50;99;3.80;2;1;1;83;0;5615099;1484;0
147;18;336;15;35;50;99;5.80;5;2;1;78;0;5615099;183;5614451
147;18;336;15;35;51;99;4.00;4;1;1;79;0;5615199;282;0
147;18;336;15;35;51;99;3.40;2;1;1;80;0;5615199;83;0
147;18;336;15;35;51;99;3.60;7;2;1;74;0;5615199;1281;0
147;18;336;15;35;52;16;3.60;4;1;1;78;0;5615216;-1;0
147;18;336;15;35;52;23;3.80;3;1;1;80;0;5615223;262;0
147;18;336;15;35;52;99;3.60;5;2;1;75;0;5615299;173;5614451
147;18;336;15;35;53;9;2.80;6;2;1;71;0;5615309;197;5614451
147;18;336;15;35;53;99;3.80;3;1;1;78;0;5615399;158;5614451
147;18;336;15;35;54;15;4.20;5;2;1;79;0;5615415;98;5614451
147;18;336;15;35;54;55;3.40;2;1;1;80;0;5615455;240;0
147;18;336;15;35;55;99;3.60;5;2;1;82;0;5615599;164;5614451
147;18;336;15;35;55;99;3.40;6;2;1;77;0;5615599;275;0
147;18;336;15;35;56;99;4.00;7;2;1;73;0;5615699;482;0
147;18;336;15;35;56;99;3.80;6;2;1;78;0;5615699;84;0
147;18;336;15;35;57;46;4.20;5;2;1;83;0;5615746;131;5614451
147;18;336;15;35;57;49;4.40;7;2;1;73;0;5615749;30;5614451
147;18;336;15;35;58;99;3.40;5;2;1;81;0;5615899;134;5614451
147;18;336;15;35;58;99;3.20;7;2;1;75;0;5615899;128;5614451
147;18;336;15;36;1;99;3.00;6;2;1;78;0;5616199;482;0
147;18;336;15;36;1;99;3.60;2;1;1;82;0;5616199;728;0
147;18;336;15;36;1;82;11.60;8;2;3;65;0;5616182;1228;0
147;18;336;15;36;2;83;3.60;3;1;1;73;0;5616283;866;0
147;18;336;15;36;3;19;3.40;6;2;1;80;0;5616319;106;0
147;18;336;15;36;3;15;3.60;4;1;1;78;0;5616315;1082;0
147;18;336;15;36;3;99;3.60;2;1;1;81;0;5616399;184;0
147;18;336;15;36;3;99;3.40;7;2;1;73;0;5616399;484;0
147;18;336;15;36;4;11;3.80;3;1;1;76;0;5616411;110;0
147;18;336;15;36;4;99;4.20;8;2;1;73;0;5616499;252;0
147;18;336;15;36;4;99;4.00;7;2;1;74;0;5616499;83;0
147;18;336;15;36;5;14;3.60;6;2;1;73;0;5616514;179;0
147;18;336;15;36;6;99;3.40;6;2;1;74;0;5616699;167;0
147;18;336;15;36;8;21;3.20;6;2;1;73;0;5616821;105;5616199
147;18;336;15;36;8;99;3.60;3;1;1;69;0;5616899;470;0
147;18;336;15;36;9;11;3.60;4;1;1;76;0;5616911;579;0
147;18;336;15;36;9;19;3.60;6;2;1;77;0;5616919;82;5616199
147;18;336;15;36;9;21;3.80;4;1;1;78;0;5616921;-1;5616199
147;18;336;15;36;10;28;6.00;3;1;1;68;0;5617028;110;5616199
147;18;336;15;36;10;71;3.60;2;1;1;78;0;5617071;656;0
147;18;336;15;36;11;4;4.20;5;2;1;85;0;5617104;1189;0
147;18;336;15;36;11;99;4.00;7;2;1;88;0;5617199;680;0
147;18;336;15;36;11;99;4.00;8;2;1;74;0;5617199;679;0
147;18;336;15;36;11;99;3.60;4;1;1;77;0;5617199;260;0
147;18;336;15;36;13;7;3.80;4;1;1;79;0;5617307;91;0
147;18;336;15;36;13;10;3.60;2;1;1;80;0;5617310;222;0
147;18;336;15;36;13;99;3.60;7;2;1;81;0;5617399;183;0
147;18;336;15;36;13;99;3.60;3;1;1;68;0;5617399;339;0
147;18;336;15;36;13;99;3.80;6;2;1;82;0;5617399;463;0
147;18;336;15;36;13;99;3.60;5;2;1;82;0;5617399;277;0
147;18;336;15;36;14;99;4.40;7;2;1;79;0;5617499;84;0
147;18;336;15;36;15;59;3.40;3;1;1;84;0;5617559;140;0
147;18;336;15;36;15;84;3.00;6;2;1;79;0;5617584;168;0
147;18;336;15;36;16;8;3.40;7;2;1;80;0;5617608;88;0
147;18;336;15;36;17;7;3.80;4;1;1;76;0;5617707;382;0
147;18;336;15;36;18;10;4.00;6;2;1;73;0;5617810;212;0
147;18;336;15;36;19;99;3.00;4;1;1;78;0;5617999;274;0
147;18;336;15;36;19;99;3.40;3;1;1;65;0;5617999;425;0
147;18;336;15;36;20;36;3.60;6;2;1;71;0;5618036;206;0
147;18;336;15;36;20;48;4.00;4;1;1;79;0;5618048;35;0
147;18;336;15;36;20;71;3.60;5;2;1;72;0;5618071;656;0
147;18;336;15;36;21;99;3.40;3;1;1;66;0;5618199;181;0
147;18;336;15;36;21;99;3.60;4;1;1;79;0;5618199;132;0
147;18;336;15;36;22;99;3.60;3;1;1;65;0;5618299;81;0
147;18;336;15;36;23;99;3.60;7;2;1;70;0;5618399;775;0
147;18;336;15;36;23;99;5.60;1;1;1;75;0;5618399;8061;0
147;18;336;15;36;23;99;3.60;5;2;1;79;0;5618399;310;0
147;18;336;15;36;24;99;3.60;3;1;1;69;0;5618499;180;0
147;18;336;15;36;24;99;4.80;6;2;1;66;0;5618499;444;0
147;18;336;15;36;24;99;3.80;2;1;1;78;0;5618499;1172;0
147;18;336;15;36;25;29;3.60;5;2;1;75;0;5618529;113;0
147;18;336;15;36;25;69;3.40;4;1;1;81;0;5618569;353;0
147;18;336;15;36;26;3;3.00;3;1;1;71;0;5618603;85;5617999
147;18;336;15;36;26;0;3.60;6;2;1;66;0;5618600;74;5617999
147;18;336;15;36;26;99;3.80;7;2;1;88;0;5618699;281;0
147;18;336;15;36;26;99;3.40;3;1;1;72;0;5618699;80;5617999
147;18;336;15;36;26;99;3.60;5;2;1;76;0;5618699;152;5617999
147;18;336;15;36;26;99;3.40;4;1;1;80;0;5618699;114;5617999
147;18;336;15;36;26;99;3.20;8;2;1;75;0;5618699;1480;0
147;18;336;15;36;27;8;3.80;5;2;1;76;0;5618708;-1;0
147;18;336;15;36;27;12;4.00;2;1;1;79;0;5618712;195;0
147;18;336;15;36;27;19;3.40;6;2;1;75;0;5618719;99;0
147;18;336;15;36;28;99;3.80;5;2;1;76;0;5618899;173;5618399
147;18;336;15;36;29;99;4.00;6;2;1;71;0;5618999;263;0
147;18;336;15;36;29;99;4.20;7;2;1;76;0;5618999;284;0
147;18;336;15;36;29;99;3.60;5;2;1;75;0;5618999;82;5618399
147;18;336;15;36;30;5;3.60;5;2;1;74;0;5619005;-1;5618399
147;18;336;15;36;31;1;3.80;5;2;1;77;0;5619101;78;5618399
147;18;336;15;36;31;6;3.60;6;2;1;70;0;5619106;86;5618399
147;18;336;15;36;31;99;4.00;3;1;1;79;0;5619199;483;0
147;18;336;15;36;32;19;3.60;7;2;1;73;0;5619219;200;0
147;18;336;15;36;33;20;3.40;5;2;1;86;0;5619320;201;0
147;18;336;15;36;33;52;3.40;7;2;1;74;0;5619352;115;0
147;18;336;15;36;33;95;3.60;3;1;1;80;0;5619395;177;0
147;18;336;15;36;33;99;4.20;6;2;1;81;0;5619399;274;0
147;18;336;15;36;34;15;3.60;5;2;1;80;0;5619415;80;0
147;18;336;15;36;34;99;3.20;7;2;1;66;0;5619499;130;0
147;18;336;15;36;35;14;3.60;5;2;1;84;0;5619514;82;0
147;18;336;15;36;35;99;3.60;2;1;1;79;0;5619599;868;0
147;18;336;15;36;36;6;4.00;4;1;1;86;0;5619606;891;0
147;18;336;15;36;36;2;3.60;6;2;1;75;0;5619602;184;0
147;18;336;15;36;36;99;3.40;7;2;1;77;0;5619699;182;0
147;18;336;15;36;37;8;3.60;6;2;1;72;0;5619708;88;0
147;18;336;15;36;37;99;3.40;5;2;1;89;0;5619799;269;0
147;18;336;15;36;38;8;4.00;7;2;1;79;0;5619808;93;5619219
147;18;336;15;36;38;6;3.60;6;2;1;70;0;5619806;80;5619219
147;18;336;15;36;38;44;3.60;2;1;1;77;0;5619844;228;0
147;18;336;15;36;39;99;3.00;7;2;1;72;0;5619999;172;5619219
147;18;336;15;36;39;99;3.80;5;2;1;84;0;5619999;186;5619219
147;18;336;15;36;39;99;8.00;1;1;6;74;0;5619999;1573;0
147;18;336;15;36;40;99;3.40;6;2;1;68;0;5620099;274;0
147;18;336;15;36;40;99;3.80;3;1;1;67;0;5620099;687;0
147;18;336;15;36;40;30;3.80;2;1;1;78;0;5620030;169;0
147;18;336;15;36;41;13;3.80;5;2;1;84;0;5620113;97;0
147;18;336;15;36;41;99;3.40;3;1;1;69;0;5620199;79;0
147;18;336;15;36;42;8;3.60;7;2;1;73;0;5620208;194;5619219
147;18;336;15;36;42;99;4.40;6;2;1;73;0;5620299;182;5619219
147;18;336;15;36;43;82;3.80;2;1;1;88;0;5620382;334;0
147;18;336;15;36;43;80;3.60;6;2;1;72;0;5620380;59;0
147;18;336;15;36;44;15;3.60;3;1;1;72;0;5620415;198;0
147;18;336;15;36;46;1;4.00;3;1;1;73;0;5620601;168;0
147;18;336;15;36;46;15;4.00;4;1;1;79;0;5620615;992;0
147;18;336;15;36;47;12;3.20;6;2;1;66;0;5620712;314;0
147;18;336;15;36;47;23;4.00;4;1;1;83;0;5620723;89;0
147;18;336;15;36;47;17;3.60;3;1;1;70;0;5620717;96;5620099
147;18;336;15;36;48;41;3.60;2;1;1;82;0;5620841;443;0
147;18;336;15;36;49;99;3.60;3;1;1;71;0;5620999;263;0
147;18;336;15;36;50;99;4.60;7;2;1;82;0;5621099;873;0
147;18;336;15;36;50;99;3.40;3;1;1;73;0;5621099;81;0
147;18;336;15;36;51;90;3.40;6;2;1;74;0;5621190;460;0
147;18;336;15;36;52;99;3.20;1;1;1;82;0;5621299;1261;0
147;18;336;15;36;52;99;3.40;4;1;1;79;0;5621299;558;0
147;18;336;15;36;52;99;3.40;3;1;1;69;0;5621299;183;0
147;18;336;15;36;52;99;3.80;5;2;1;86;0;5621299;1169;0
147;18;336;15;36;53;7;3.80;6;2;1;77;0;5621307;100;0
147;18;336;15;36;53;55;4.00;4;1;1;78;0;5621355;40;0
147;18;336;15;36;54;7;3.20;2;1;1;82;0;5621407;550;0
147;18;336;15;36;54;15;3.60;3;1;1;71;0;5621415;98;0
147;18;336;15;36;54;99;3.40;6;2;1;75;0;5621499;174;0
147;18;336;15;36;54;99;4.00;5;2;1;86;0;5621499;184;0
147;18;336;15;36;54;99;3.40;7;2;1;78;0;5621499;379;0
147;18;336;15;36;56;81;3.40;5;2;1;81;0;5621681;165;0
147;18;336;15;36;57;9;3.20;6;2;1;72;0;5621709;193;0
147;18;336;15;36;57;99;3.20;3;1;1;75;0;5621799;365;0
147;18;336;15;36;58;5;3.60;8;2;1;75;0;5621805;3090;0
147;18;336;15;36;58;8;3.60;6;2;1;75;0;5621808;83;5621190
147;18;336;15;36;58;37;3.40;3;1;1;73;0;5621837;22;5621190
147;18;336;15;36;59;82;3.40;6;2;1;76;0;5621982;156;5621190
147;18;336;15;37;0;7;3.20;3;1;1;75;0;5622007;153;5621190
147;18;336;15;37;0;16;4.20;6;2;1;77;0;5622016;17;5621190
147;18;336;15;37;1;3;4.00;2;1;1;81;0;5622103;681;0
147;18;336;15;37;2;99;3.80;2;1;1;72;0;5622299;178;0
147;18;336;15;37;3;99;3.40;4;1;1;78;0;5622399;1025;0
147;18;336;15;37;3;15;3.40;5;2;1;84;0;5622315;618;0
147;18;336;15;37;3;33;4.80;6;2;1;71;0;5622333;297;0
147;18;336;15;37;4;1;3.60;2;1;1;71;0;5622401;83;0
147;18;336;15;37;4;99;3.80;5;2;1;80;0;5622499;169;0
147;18;336;15;37;5;99;3.80;3;1;1;74;0;5622599;576;0
147;18;336;15;37;5;99;3.80;4;1;1;77;0;5622599;184;0
147;18;336;15;37;6;26;3.00;6;2;1;76;0;5622626;268;0
147;18;336;15;37;6;52;3.00;1;1;1;71;0;5622652;1338;0
147;18;336;15;37;7;99;3.00;2;1;1;71;0;5622799;379;0
147;18;336;15;37;8;99;3.40;2;1;1;68;0;5622899;84;0
147;18;336;15;37;10;15;3.60;6;2;1;68;0;5623015;374;0
147;18;336;15;37;11;99;3.20;2;1;1;65;0;5623199;282;0
147;18;336;15;37;11;31;3.80;6;2;1;71;0;5623131;96;0
147;18;336;15;37;11;69;3.40;7;2;1;78;0;5623169;1654;0
147;18;336;15;37;12;99;3.20;3;1;1;75;0;5623299;681;0
147;18;336;15;37;13;21;3.80;7;2;1;83;0;5623321;136;0
147;18;336;15;37;13;99;3.20;2;1;1;68;0;5623399;182;0
147;18;336;15;37;13;0;3.40;4;1;1;76;0;5623300;683;0
147;18;336;15;37;14;74;4.00;7;2;1;81;0;5623474;136;0
147;18;336;15;37;14;82;3.60;2;1;1;68;0;5623482;66;0
147;18;336;15;37;14;82;6.00;6;2;1;71;0;5623482;331;0
147;18;336;15;37;14;99;3.60;4;1;1;75;0;5623499;182;0
147;18;336;15;37;15;99;3.20;2;1;1;68;0;5623599;97;0
147;18;336;15;37;16;2;3.20;6;2;1;73;0;5623602;89;0
147;18;336;15;37;16;24;3.60;5;2;1;82;0;5623624;1107;0
147;18;336;15;37;16;28;3.20;3;1;1;77;0;5623628;313;0
147;18;336;15;37;16;48;3.40;4;1;1;81;0;5623648;131;0
147;18;336;15;37;17;23;3.80;5;2;1;80;0;5623723;83;0
147;18;336;15;37;17;99;3.40;2;1;1;74;0;5623799;183;5623199
147;18;336;15;37;18;18;3.20;7;2;1;77;0;5623818;326;0
147;18;336;15;37;18;99;3.40;3;1;1;79;0;5623899;256;0
147;18;336;15;37;19;61;4.00;6;2;1;72;0;5623961;343;0
147;18;336;15;37;19;94;3.60;2;1;1;77;0;5623994;178;5623199
147;18;336;15;37;20;99;3.00;2;1;1;74;0;5624099;88;5623199
147;18;336;15;37;21;5;3.60;7;2;1;76;0;5624105;272;0
147;18;336;15;37;21;12;4.00;6;2;1;82;0;5624112;131;0
147;18;336;15;37;22;84;3.80;6;2;1;75;0;5624284;154;0
147;18;336;15;37;23;13;3.20;6;2;1;76;0;5624313;10;0
147;18;336;15;37;23;99;3.60;2;1;1;75;0;5624399;285;0
147;18;336;15;37;24;47;3.00;6;2;1;82;0;5624447;118;5623961
147;18;336;15;37;24;47;3.40;7;2;1;84;0;5624447;324;0
147;18;336;15;37;25;99;4.20;1;1;1;103;0;5624599;1931;0
147;18;336;15;37;26;19;3.40;5;2;1;92;0;5624619;878;0
147;18;336;15;37;26;26;3.60;4;1;1;91;0;5624626;962;0
147;18;336;15;37;26;19;3.60;7;2;1;84;0;5624619;157;0
147;18;336;15;37;26;40;3.80;8;2;1;76;0;5624640;2817;0
147;18;336;15;37;27;65;3.20;6;2;1;65;0;5624765;304;0
147;18;336;15;37;27;93;3.80;5;2;1;91;0;5624793;160;0
147;18;336;15;37;27;99;3.40;6;2;1;64;0;5624799;16;0
147;18;336;15;37;27;99;4.60;7;2;1;83;0;5624799;164;0
147;18;336;15;37;28;21;3.60;8;2;1;75;0;5624821;163;0
147;18;336;15;37;28;99;3.80;3;1;1;71;0;5624899;984;0
147;18;336;15;37;28;99;3.60;2;1;1;79;0;5624899;482;0
147;18;336;15;37;29;16;3.20;6;2;1;67;0;5624916;97;0
147;18;336;15;37;29;47;3.60;5;2;1;76;0;5624947;138;0
147;18;336;15;37;29;60;3.60;4;1;1;87;0;5624960;319;0
147;18;336;15;37;29;69;3.40;3;1;1;74;0;5624969;50;0
147;18;336;15;37;30;3;4.00;7;2;1;81;0;5625003;184;0
147;18;336;15;37;30;99;3.80;4;1;1;88;0;5625099;124;0
147;18;336;15;37;30;99;3.40;1;1;1;74;0;5625099;485;0
147;18;336;15;37;31;1;3.60;6;2;1;68;0;5625101;167;0
147;18;336;15;37;31;99;3.40;3;1;1;75;0;5625199;213;0
147;18;336;15;37;31;99;4.00;2;1;1;74;0;5625199;283;0
147;18;336;15;37;31;99;5.00;7;2;1;76;0;5625199;178;5624447
147;18;336;15;37;32;24;3.40;6;2;1;79;0;5625224;103;5624765
147;18;336;15;37;32;60;3.60;1;1;1;74;0;5625260;144;5624765
147;18;336;15;37;33;99;3.00;4;1;1;79;0;5625399;284;0
147;18;336;15;37;33;99;3.60;1;1;1;69;0;5625399;121;0
147;18;336;15;37;35;2;3.40;2;1;1;74;0;5625502;283;0
147;18;336;15;37;36;19;3.80;5;2;1;87;0;5625619;654;0
147;18;336;15;37;36;15;3.40;6;2;1;75;0;5625615;375;0
147;18;336;15;37;36;99;3.40;2;1;1;73;0;5625699;180;0
147;18;336;15;37;36;15;3.80;6;2;1;80;0;5625615;-1;0
147;18;336;15;37;37;99;4.60;5;2;1;90;0;5625799;164;0
147;18;336;15;37;38;99;3.20;3;1;1;75;0;5625899;683;0
147;18;336;15;37;38;99;16.00;6;2;4;79;0;5625899;266;0
147;18;336;15;37;39;60;4.00;3;1;1;72;0;5625960;45;0
147;18;336;15;37;41;99;3.80;1;1;1;73;0;5626199;781;0
147;18;336;15;37;41;99;3.40;3;1;1;74;0;5626199;219;0
147;18;336;15;37;42;66;5.20;2;1;1;78;0;5626266;550;0
147;18;336;15;37;43;99;3.60;7;2;1;69;0;5626399;1176;0
147;18;336;15;37;43;99;3.20;3;1;1;73;0;5626399;183;0
147;18;336;15;37;44;2;3.20;7;2;1;71;0;5626402;-1;0
147;18;336;15;37;44;7;4.00;6;2;1;75;0;5626407;435;0
147;18;336;15;37;44;25;3.60;5;2;1;84;0;5626425;607;0
147;18;336;15;37;44;47;3.80;3;1;1;71;0;5626447;32;0
147;18;336;15;37;45;99;3.20;6;2;1;73;0;5626599;172;0
147;18;336;15;37;46;99;3.40;7;2;1;81;0;5626699;280;0
147;18;336;15;37;46;99;5.40;8;2;1;75;0;5626699;1860;0
147;18;336;15;37;47;37;3.20;7;2;1;80;0;5626737;22;0
147;18;336;15;37;47;36;3.40;3;1;1;76;0;5626736;269;0
147;18;336;15;37;50;98;3.80;4;1;1;85;0;5627098;1685;0
147;18;336;15;37;50;99;3.00;2;1;1;75;0;5627099;809;0
147;18;336;15;37;51;99;3.60;3;1;1;77;0;5627199;446;0
147;18;336;15;37;51;99;3.40;4;1;1;82;0;5627199;84;0
147;18;336;15;37;52;17;3.20;4;1;1;84;0;5627217;3;0
147;18;336;15;37;52;36;5.80;3;1;1;78;0;5627236;20;0
147;18;336;15;37;53;99;3.00;6;2;1;76;0;5627399;784;0
147;18;336;15;37;54;13;3.60;3;1;1;75;0;5627413;150;0
147;18;336;15;37;54;99;3.60;2;1;1;85;0;5627499;385;0
147;18;336;15;37;54;99;3.60;4;1;1;80;0;5627499;268;0
147;18;336;15;37;55;16;3.40;7;2;1;78;0;5627516;764;0
147;18;336;15;37;55;22;3.40;5;2;1;81;0;5627522;1081;0
147;18;336;15;37;55;27;3.40;3;1;1;77;0;5627527;96;0
147;18;336;15;37;55;98;3.60;2;1;1;75;0;5627598;83;0
147;18;336;15;37;55;99;3.40;4;1;1;80;0;5627599;83;0
147;18;336;15;37;55;99;3.40;6;2;1;80;0;5627599;185;0
147;18;336;15;37;56;99;4.20;3;1;1;73;0;5627699;156;5627199
147;18;336;15;37;57;25;3.60;6;2;1;82;0;5627725;110;5627199
147;18;336;15;37;58;99;3.40;7;2;1;87;0;5627899;367;0
147;18;336;15;37;58;99;3.60;3;1;1;76;0;5627899;179;5627199
147;18;336;15;37;58;99;3.40;6;2;1;75;0;5627899;158;5627199
147;18;336;15;38;1;99;3.40;3;1;1;91;0;5628199;282;0
147;18;336;15;38;1;99;3.40;6;2;1;79;0;5628199;283;0
147;18;336;15;38;2;31;3.60;7;2;1;81;0;5628231;317;0
147;18;336;15;38;3;19;3.40;5;2;1;106;0;5628319;781;0
147;18;336;15;38;3;11;3.60;6;2;1;78;0;5628311;96;0
147;18;336;15;38;4;99;3.80;5;2;1;88;0;5628499;168;0
147;18;336;15;38;5;21;4.40;5;2;1;91;0;5628521;6;0
147;18;336;15;38;5;62;3.80;3;1;1;83;0;5628562;349;0
147;18;336;15;38;6;0;4.00;2;1;1;70;0;5628600;984;0
147;18;336;15;38;6;99;4.00;7;2;1;82;0;5628699;452;0
147;18;336;15;38;6;99;3.60;5;2;1;85;0;5628699;160;0
147;18;336;15;38;7;29;3.00;4;1;1;86;0;5628729;1114;0
147;18;336;15;38;7;28;3.80;1;1;1;72;0;5628728;2510;0
147;18;336;15;38;8;11;3.40;3;1;1;77;0;5628811;232;0
147;18;336;15;38;9;2;4.40;5;2;1;89;0;5628902;187;5628319
147;18;336;15;38;9;7;4.00;3;1;1;72;0;5628907;80;5628319
147;18;336;15;38;9;99;3.60;4;1;1;80;0;5628999;257;0
147;18;336;15;38;9;99;3.40;6;2;1;77;0;5628999;671;0
147;18;336;15;38;10;73;3.00;3;1;1;76;0;5629073;146;0
147;18;336;15;38;11;99;5.20;4;1;1;86;0;5629199;183;0
147;18;336;15;38;12;8;3.40;5;2;1;86;0;5629208;288;0
147;18;336;15;38;13;7;3.00;3;1;1;76;0;5629307;219;0
147;18;336;15;38;13;99;4.00;4;1;1;80;0;5629399;178;0
147;18;336;15;38;14;99;3.00;2;1;1;75;0;5629499;878;0
147;18;336;15;38;11;87;1.00;7;2;1;1;1;5629187;470;0
147;18;336;15;38;14;99;4.80;6;2;1;82;0;5629499;484;0
147;18;336;15;38;14;99;3.80;3;1;1;79;0;5629499;177;0
147;18;336;15;38;14;99;3.60;5;2;1;80;0;5629499;276;0
147;18;336;15;38;15;40;4.00;7;2;1;83;0;5629540;823;0
147;18;336;15;38;16;99;3.20;2;1;1;81;0;5629699;185;0
147;18;336;15;38;18;89;5.80;5;2;1;84;0;5629889;373;0
147;18;336;15;38;17;78;8.60;7;2;2;57;0;5629778;220;0
147;18;336;15;38;19;99;3.80;6;2;1;85;0;5629999;478;0
147;18;336;15;38;19;99;3.80;5;2;1;90;0;5629999;85;0
147;18;336;15;38;20;49;4.00;3;1;1;84;0;5630049;532;0
147;18;336;15;38;22;15;3.80;4;1;1;90;0;5630215;798;0
147;18;336;15;38;22;9;3.60;7;2;1;72;0;5630209;376;0
147;18;336;15;38;22;99;4.60;6;2;1;81;0;5630299;283;0
147;18;336;15;38;22;99;3.80;7;2;1;77;0;5630299;72;0
147;18;336;15;38;24;99;3.60;6;2;1;76;0;5630499;179;0
147;18;336;15;38;25;5;3.60;5;2;1;78;0;5630505;490;0
147;18;336;15;38;25;35;4.00;6;2;1;74;0;5630535;18;0
147;18;336;15;38;26;99;3.60;4;1;1;84;0;5630699;468;0
147;18;336;15;38;22;87;4.20;7;2;1;10;0;5630287;-1;0
147;18;336;15;38;26;99;3.00;2;1;1;76;0;5630699;985;0
147;18;336;15;38;27;99;3.80;8;2;1;75;0;5630799;4074;0
147;18;336;15;38;27;99;3.40;6;2;1;78;0;5630799;244;0
147;18;336;15;38;27;99;3.60;5;2;1;79;0;5630799;277;0
147;18;336;15;38;28;25;4.00;5;2;1;79;0;5630825;9;0
147;18;336;15;38;28;35;3.60;7;2;1;80;0;5630835;396;0
147;18;336;15;38;29;99;3.40;5;2;1;80;0;5630999;155;0
147;18;336;15;38;29;99;3.40;2;1;1;81;0;5630999;285;0
147;18;336;15;38;31;8;5.20;6;2;1;78;0;5631108;293;0
147;18;336;15;38;32;1;3.60;8;2;1;83;0;5631201;383;0
147;18;336;15;38;32;99;3.20;3;1;1;80;0;5631299;1232;0
147;18;336;15;38;32;99;3.60;2;1;1;75;0;5631299;284;0
147;18;336;15;38;32;99;3.20;7;2;1;74;0;5631299;447;0
147;18;336;15;38;33;29;3.40;6;2;1;84;0;5631329;197;0
147;18;336;15;38;34;16;3.80;5;2;1;83;0;5631416;401;0
147;18;336;15;38;34;15;3.80;7;2;1;72;0;5631415;100;0
147;18;336;15;38;35;20;3.20;5;2;1;85;0;5631520;87;0
147;18;336;15;38;35;99;3.40;6;2;1;80;0;5631599;255;0
147;18;336;15;38;36;82;4.20;5;2;1;86;0;5631682;148;0
147;18;336;15;38;36;99;3.20;6;2;1;80;0;5631699;84;0
147;18;336;15;38;36;82;5.20;7;2;1;80;0;5631682;248;0
147;18;336;15;38;37;99;3.80;6;2;1;76;0;5631799;85;0
147;18;336;15;38;39;7;3.60;3;1;1;78;0;5631907;593;0
147;18;336;15;38;39;99;3.00;2;1;1;77;0;5631999;682;0
147;18;336;15;38;39;99;4.40;7;2;1;77;0;5631999;293;0
147;18;336;15;38;40;99;3.40;2;1;1;78;0;5632099;85;0
147;18;336;15;38;40;11;3.80;4;1;1;79;0;5632011;1296;0
147;18;336;15;38;41;56;3.40;8;2;1;75;0;5632156;939;0
147;18;336;15;38;41;92;3.40;3;1;1;78;0;5632192;268;0
147;18;336;15;38;42;23;3.60;4;1;1;81;0;5632223;194;0
147;18;336;15;38;44;0;3.80;2;1;1;77;0;5632400;285;0
147;18;336;15;38;44;16;3.20;3;1;1;73;0;5632416;208;0
147;18;336;15;38;44;99;3.40;5;2;1;81;0;5632499;799;0
147;18;336;15;38;45;0;3.60;6;2;1;76;0;5632500;683;0
147;18;336;15;38;45;99;3.40;5;2;1;84;0;5632599;84;0
147;18;336;15;38;45;99;3.00;2;1;1;79;0;5632599;181;0
147;18;336;15;38;45;0;4.00;7;2;1;78;0;5632500;480;0
147;18;336;15;38;46;90;3.60;4;1;1;86;0;5632690;451;0
147;18;336;15;38;47;16;3.20;3;1;1;78;0;5632716;284;0
147;18;336;15;38;47;99;3.40;5;2;1;86;0;5632799;185;0
147;18;336;15;38;47;99;3.80;2;1;1;68;0;5632799;186;0
147;18;336;15;38;48;48;5.00;7;2;1;81;0;5632848;329;0
147;18;336;15;38;49;24;3.80;5;2;1;82;0;5632924;110;0
147;18;336;15;38;50;99;3.40;3;1;1;79;0;5633099;368;0
147;18;336;15;38;51;47;3.40;1;1;1;85;0;5633147;4400;0
147;18;336;15;38;51;44;3.40;6;2;1;71;0;5633144;626;0
147;18;336;15;38;51;65;3.80;5;2;1;82;0;5633165;224;0
147;18;336;15;38;51;82;4.00;2;1;1;92;0;5633182;362;0
147;18;336;15;38;51;81;3.40;7;2;1;82;0;5633181;310;0
147;18;336;15;38;52;13;3.60;1;1;1;82;0;5633213;51;0
147;18;336;15;38;52;99;3.80;3;1;1;75;0;5633299;184;0
147;18;336;15;38;53;11;4.20;4;1;1;89;0;5633311;605;0
147;18;336;15;38;53;1;3.60;6;2;1;70;0;5633301;139;0
147;18;336;15;38;53;99;4.00;8;2;1;78;0;5633399;1226;0
147;18;336;15;38;53;31;3.00;6;2;1;69;0;5633331;11;0
147;18;336;15;38;52;87;5.40;7;2;1;36;0;5633287;91;0
147;18;336;15;38;54;29;3.40;2;1;1;85;0;5633429;231;0
147;18;336;15;38;54;87;3.20;7;2;1;75;0;5633487;146;0
147;18;336;15;38;55;99;3.40;8;2;1;74;0;5633599;181;0
147;18;336;15;38;55;99;3.40;3;1;1;76;0;5633599;281;0
147;18;336;15;38;56;5;3.40;5;2;1;79;0;5633605;423;0
147;18;336;15;38;57;5;3.60;8;2;1;73;0;5633705;89;0
147;18;336;15;38;57;99;3.60;8;2;1;68;0;5633799;76;0
147;18;336;15;38;58;19;3.80;6;2;1;80;0;5633819;472;0
147;18;336;15;38;58;99;3.60;3;1;1;72;0;5633899;283;0
147;18;336;15;38;58;1;3.60;8;2;1;69;0;5633801;-1;5633399
147;18;336;15;38;59;86;4.00;7;2;1;79;0;5633986;483;0
147;18;336;15;38;59;94;4.00;5;2;1;79;0;5633994;373;0
147;18;336;15;39;0;99;3.80;2;1;1;71;0;5634099;655;0
147;18;336;15;39;0;99;3.60;3;1;1;70;0;5634099;182;0
147;18;336;15;39;1;7;3.60;6;2;1;75;0;5634107;270;0
147;18;336;15;39;1;38;3.60;5;2;1;78;0;5634138;125;0
147;18;336;15;39;2;99;3.20;3;1;1;72;0;5634299;181;0
147;18;336;15;39;2;99;4.20;6;2;1;76;0;5634299;174;0
147;18;336;15;39;3;14;3.60;7;2;1;79;0;5634314;309;0
147;18;336;15;39;4;82;3.40;2;1;1;67;0;5634482;363;0
147;18;336;15;39;4;99;3.80;3;1;1;79;0;5634499;184;0
147;18;336;15;39;6;13;3.60;3;1;1;75;0;5634613;96;5633899
147;18;336;15;39;6;21;3.20;7;2;1;76;0;5634621;290;0
147;18;336;15;39;7;99;3.40;2;1;1;75;0;5634799;298;0
147;18;336;15;39;9;64;3.60;6;2;1;72;0;5634964;645;0
147;18;336;15;39;10;99;3.20;7;2;1;89;0;5635099;462;0
147;18;336;15;39;10;99;3.60;2;1;1;71;0;5635099;283;0
147;18;336;15;39;10;99;3.60;1;1;1;82;0;5635099;1870;0
147;18;336;15;39;10;99;3.20;6;2;1;71;0;5635099;117;0
147;18;336;15;39;11;22;3.60;5;2;1;83;0;5635122;967;0
147;18;336;15;39;11;99;3.80;3;1;1;77;0;5635199;568;0
147;18;336;15;39;11;26;3.20;6;2;1;71;0;5635126;10;0
147;18;336;15;39;13;5;3.80;6;2;1;69;0;5635305;162;0
147;18;336;15;39;13;99;3.60;2;1;1;74;0;5635399;281;0
147;18;336;15;39;13;99;3.80;5;2;1;83;0;5635399;261;0
147;18;336;15;39;14;1;3.80;3;1;1;69;0;5635401;184;0
147;18;336;15;39;14;8;3.80;1;1;1;69;0;5635408;293;0
147;18;336;15;39;14;40;4.00;2;1;1;74;0;5635440;23;0
147;18;336;15;39;14;83;3.80;6;2;1;74;0;5635483;158;5634964
147;18;336;15;39;15;99;6.40;5;2;1;84;0;5635599;183;5634964
147;18;336;15;39;16;99;3.40;6;2;1;71;0;5635699;197;5634964
147;18;336;15;39;16;99;3.80;3;1;1;74;0;5635699;278;0
147;18;336;15;39;16;6;3.60;4;1;1;76;0;5635606;2278;0
147;18;336;15;39;16;18;3.80;5;2;1;79;0;5635618;-1;0
147;18;336;15;39;17;83;3.40;2;1;1;80;0;5635783;323;0
147;18;336;15;39;18;22;3.20;3;1;1;76;0;5635822;104;0
147;18;336;15;39;18;99;3.40;4;1;1;77;0;5635899;275;0
147;18;336;15;39;18;99;3.80;6;2;1;74;0;5635899;182;5634964
147;18;336;15;39;18;99;3.80;2;1;1;86;0;5635899;100;5634964
147;18;336;15;39;19;40;3.20;4;1;1;78;0;5635940;25;5634964
147;18;336;15;39;19;42;12.80;5;2;3;77;0;5635942;306;0
147;18;336;15;39;20;99;3.60;3;1;1;73;0;5636099;261;0
147;18;336;15;39;20;99;3.40;6;2;1;73;0;5636099;181;5634964
147;18;336;15;39;21;1;3.40;4;1;1;74;0;5636101;146;5634964
147;18;336;15;39;21;99;4.00;7;2;1;79;0;5636199;1087;0
147;18;336;15;39;21;99;3.40;3;1;1;72;0;5636199;82;0
147;18;336;15;39;22;76;3.40;3;1;1;72;0;5636276;60;0
147;18;336;15;39;22;98;3.60;4;1;1;75;0;5636298;180;0
147;18;336;15;39;24;28;4.40;7;2;1;80;0;5636428;210;0
147;18;336;15;39;24;68;3.60;3;1;1;75;0;5636468;175;0
147;18;336;15;39;25;99;3.40;2;1;1;80;0;5636599;684;0
147;18;336;15;39;25;99;3.80;5;2;1;88;0;5636599;597;0
147;18;336;15;39;27;81;3.80;2;1;1;82;0;5636781;166;0
147;18;336;15;39;28;20;3.40;4;1;1;85;0;5636820;504;0
147;18;336;15;39;28;99;3.80;6;2;1;77;0;5636899;783;0
147;18;336;15;39;29;49;3.60;7;2;1;77;0;5636949;501;0
147;18;336;15;39;30;14;5.00;5;2;1;84;0;5637014;399;0
147;18;336;15;39;30;28;3.20;3;1;1;79;0;5637028;542;0
147;18;336;15;39;30;99;3.40;4;1;1;81;0;5637099;264;0
147;18;336;15;39;30;99;3.40;2;1;1;77;0;5637099;301;0
147;18;336;15;39;31;99;3.60;3;1;1;80;0;5637199;156;0
147;18;336;15;39;31;99;3.80;5;2;1;82;0;5637199;163;0
147;18;336;15;39;31;99;3.60;6;2;1;71;0;5637199;282;0
147;18;336;15;39;31;99;4.80;7;2;1;84;0;5637199;233;0
147;18;336;15;39;32;70;3.80;8;2;1;70;0;5637270;3450;0
147;18;336;15;39;33;99;3.40;2;1;1;77;0;5637399;284;0
147;18;336;15;39;33;99;4.20;6;2;1;74;0;5637399;181;0
147;18;336;15;39;34;27;3.60;2;1;1;77;0;5637427;12;0
147;18;336;15;39;35;12;3.60;3;1;1;82;0;5637512;296;0
147;18;336;15;39;36;99;3.40;3;1;1;81;0;5637699;171;0
147;18;336;15;39;36;99;3.80;4;1;1;88;0;5637699;584;0
147;18;336;15;39;36;99;3.20;2;1;1;75;0;5637699;255;0
147;18;336;15;39;36;99;3.40;6;2;1;75;0;5637699;279;0
147;18;336;15;39;36;99;3.60;3;1;1;86;0;5637699;-1;0
147;18;336;15;39;37;64;3.00;2;1;1;75;0;5637764;49;0
147;18;336;15;39;38;99;3.80;6;2;1;74;0;5637899;183;0
147;18;336;15;39;38;99;4.40;2;1;1;74;0;5637899;120;0
147;18;336;15;39;38;99;3.40;5;2;1;79;0;5637899;683;0
147;18;336;15;39;39;99;3.80;3;1;1;84;0;5637999;284;0
147;18;336;15;39;39;99;2.60;6;2;1;73;0;5637999;81;0
147;18;336;15;39;39;4;3.60;2;1;1;75;0;5637904;-1;0
147;18;336;15;39;40;99;3.80;5;2;1;79;0;5638099;184;0
147;18;336;15;39;41;5;3.60;6;2;1;73;0;5638105;93;0
147;18;336;15;39;42;29;3.60;6;2;1;74;0;5638229;106;5637699
147;18;336;15;39;43;99;3.40;6;2;1;77;0;5638399;152;5637699
147;18;336;15;39;43;99;4.00;2;1;1;88;0;5638399;477;0
147;18;336;15;39;44;99;4.40;3;1;1;75;0;5638499;483;0
147;18;336;15;39;41;42;4.20;7;2;1;10;0;5638142;922;0
147;18;336;15;39;45;26;3.80;2;1;1;87;0;5638526;110;0
147;18;336;15;39;45;99;3.40;8;2;1;79;0;5638599;1309;0
147;18;336;15;39;48;99;3.40;8;2;1;80;0;5638899;284;0
147;18;336;15;39;50;79;3.80;7;2;1;79;0;5639079;785;0
147;18;336;15;39;50;99;3.40;3;1;1;78;0;5639099;578;0
147;18;336;15;39;51;99;3.20;6;2;1;70;0;5639199;784;0
147;18;336;15;39;51;99;3.80;5;2;1;81;0;5639199;1082;0
147;18;336;15;39;51;99;4.20;7;2;1;75;0;5639199;102;0
147;18;336;15;39;52;44;3.20;3;1;1;82;0;5639244;129;0
147;18;336;15;39;53;3;3.40;7;2;1;77;0;5639303;83;0
147;18;336;15;39;53;11;3.60;6;2;1;73;0;5639311;95;0
147;18;336;15;39;53;84;3.60;4;1;1;82;0;5639384;1669;0
147;18;336;15;39;53;99;3.60;5;2;1;83;0;5639399;183;0
147;18;336;15;39;53;99;3.80;7;2;1;76;0;5639399;80;0
147;18;336;15;39;54;99;3.60;6;2;1;74;0;5639499;170;0
147;18;336;15;39;55;19;4.60;5;2;1;81;0;5639519;104;0
147;18;336;15;39;55;43;3.40;6;2;1;78;0;5639543;26;0
147;18;336;15;39;55;47;3.20;3;1;1;76;0;5639547;288;0
147;18;336;15;39;56;99;3.00;6;2;1;74;0;5639699;140;5639199
147;18;336;15;39;56;99;4.40;4;1;1;84;0;5639699;299;0
147;18;336;15;39;57;99;3.20;1;1;1;77;0;5639799;4371;0
147;18;336;15;39;57;99;3.00;7;2;1;76;0;5639799;382;0
147;18;336;15;39;58;14;3.80;7;2;1;74;0;5639814;0;0
147;18;336;15;39;58;99;3.40;3;1;1;74;0;5639899;336;0
147;18;336;15;39;58;99;3.60;4;1;1;80;0;5639899;181;0
147;18;336;15;39;59;99;4.00;4;1;1;81;0;5639999;83;0
147;18;336;15;39;59;99;5.00;6;2;1;72;0;5639999;285;0
147;18;336;15;40;0;16;3.40;1;1;1;74;0;5640016;202;0
147;18;336;15;40;0;59;3.80;4;1;1;80;0;5640059;42;0
147;18;336;15;40;0;75;3.40;2;1;1;77;0;5640075;1533;0
147;18;336;15;40;0;75;5.00;6;2;1;75;0;5640075;51;0
147;18;336;15;40;1;9;3.80;7;2;1;80;0;5640109;276;0
147;18;336;15;40;2;5;4.00;4;1;1;80;0;5640205;128;5639699
147;18;336;15;40;2;99;3.60;7;2;1;79;0;5640299;172;5639699
147;18;336;15;40;2;99;3.40;6;2;1;75;0;5640299;200;0
147;18;336;15;40;3;88;3.20;3;1;1;80;0;5640388;472;0
147;18;336;15;40;3;93;3.40;6;2;1;73;0;5640393;77;0
147;18;336;15;40;3;99;3.00;1;1;1;76;0;5640399;366;0
147;18;336;15;40;3;72;6.00;7;2;1;72;0;5640372;56;0
147;18;336;15;40;4;99;3.40;5;2;1;80;0;5640499;959;0
147;18;336;15;40;5;12;3.40;4;1;1;87;0;5640512;289;0
147;18;336;15;40;5;18;3.40;8;2;1;93;0;5640518;1603;0
147;18;336;15;40;5;17;3.80;7;2;1;75;0;5640517;115;0
147;18;336;15;40;6;99;3.20;7;2;1;79;0;5640699;163;5640109
147;18;336;15;40;6;99;3.40;2;1;1;72;0;5640699;608;0
147;18;336;15;40;7;99;6.00;6;2;1;74;0;5640799;389;0
147;18;336;15;40;8;4;3.00;2;1;1;75;0;5640804;88;0
147;18;336;15;40;9;99;3.80;6;2;1;76;0;5640999;170;0
147;18;336;15;40;11;93;7.40;6;2;6;75;0;5641193;176;0
147;18;336;15;40;11;99;3.80;4;1;1;77;0;5641199;672;0
147;18;336;15;40;11;99;3.20;3;1;1;71;0;5641199;796;0
147;18;336;15;40;12;4;3.40;2;1;1;78;0;5641204;385;0
147;18;336;15;40;12;99;3.60;3;1;1;73;0;5641299;83;0
147;18;336;15;40;13;39;4.00;4;1;1;77;0;5641339;122;0
147;18;336;15;40;13;83;3.40;6;2;1;74;0;5641383;154;0
147;18;336;15;40;14;99;3.80;2;1;1;76;0;5641499;279;0
147;18;336;15;40;14;99;3.60;5;2;1;75;0;5641499;984;0
147;18;336;15;40;15;0;3.40;3;1;1;75;0;5641500;183;0
147;18;336;15;40;15;23;3.40;8;2;1;78;0;5641523;991;0
147;18;336;15;40;16;0;3.00;2;1;1;78;0;5641600;83;0
147;18;336;15;40;16;77;3.80;5;2;1;72;0;5641677;160;0
147;18;336;15;40;16;92;3.40;6;2;1;71;0;5641692;292;0
147;18;336;15;40;16;99;3.80;1;1;1;72;0;5641699;1285;0
147;18;336;15;40;16;99;3.60;5;2;1;71;0;5641699;3;0
147;18;336;15;40;17;5;3.60;2;1;1;77;0;5641705;91;0
147;18;336;15;40;17;18;3.80;7;2;1;81;0;5641718;1004;0
147;18;336;15;40;17;99;6.00;3;1;1;75;0;5641799;282;0
147;18;336;15;40;17;99;3.60;4;1;1;77;0;5641799;441;0
147;18;336;15;40;18;18;3.40;5;2;1;71;0;5641818;100;0
147;18;336;15;40;18;85;3.60;6;2;1;77;0;5641885;175;0
147;18;336;15;40;19;17;4.40;8;2;1;85;0;5641917;378;0
147;18;336;15;40;19;18;4.00;4;1;1;79;0;5641918;102;0
147;18;336;15;40;19;99;5.40;7;2;1;83;0;5641999;264;0
147;18;336;15;40;18;54;7.40;5;2;1;57;0;5641854;18;5641499
147;18;336;15;40;20;15;3.60;6;2;1;82;0;5642015;113;5641499
147;18;336;15;40;20;13;3.20;3;1;1;75;0;5642013;185;5641499
147;18;336;15;40;20;13;3.80;5;2;1;75;0;5642013;112;5641499
147;18;336;15;40;20;3;3.60;8;2;1;83;0;5642003;67;5641499
147;18;336;15;40;21;99;4.00;3;1;1;80;0;5642199;170;5641499
147;18;336;15;40;21;99;5.80;2;1;1;74;0;5642199;477;0
147;18;336;15;40;22;99;3.60;5;2;1;80;0;5642299;267;0
147;18;336;15;40;22;99;3.40;3;1;1;76;0;5642299;82;0
147;18;336;15;40;23;59;3.80;2;1;1;77;0;5642359;131;0
147;18;336;15;40;24;15;3.40;6;2;1;73;0;5642415;384;0
147;18;336;15;40;25;3;4.20;8;2;1;94;0;5642503;484;0
147;18;336;15;40;25;16;3.60;5;2;1;82;0;5642516;200;0
147;18;336;15;40;25;15;3.40;3;1;1;73;0;5642515;199;5641799
147;18;336;15;40;25;99;3.40;6;2;1;69;0;5642599;167;5641799
147;18;336;15;40;25;20;3.60;7;2;1;79;0;5642520;497;0
147;18;336;15;40;26;13;3.20;1;1;1;71;0;5642613;895;0
147;18;336;15;40;26;77;3.80;5;2;1;78;0;5642677;145;0
147;18;336;15;40;26;87;4.00;3;1;1;78;0;5642687;155;5641799
147;18;336;15;40;26;99;3.60;6;2;1;72;0;5642699;82;5641799
147;18;336;15;40;27;99;3.80;3;1;1;83;0;5642799;93;5641799
147;18;336;15;40;27;99;4.00;5;2;1;77;0;5642799;104;5641799
147;18;336;15;40;28;10;5.40;7;2;1;84;0;5642810;273;0
147;18;336;15;40;28;30;3.60;4;1;1;84;0;5642830;893;0
147;18;336;15;40;31;61;3.80;2;1;1;73;0;5643161;784;0
147;18;336;15;40;31;72;3.40;6;2;1;80;0;5643172;455;0
147;18;336;15;40;31;99;3.60;5;2;1;86;0;5643199;381;0
147;18;336;15;40;32;99;3.80;6;2;1;83;0;5643299;111;0
147;18;336;15;40;32;99;5.20;7;2;1;79;0;5643299;465;0
147;18;336;15;40;32;99;3.40;3;1;1;69;0;5643299;483;0
147;18;336;15;40;33;10;3.40;2;1;1;77;0;5643310;130;0
147;18;336;15;40;33;32;3.80;5;2;1;93;0;5643332;117;0
147;18;336;15;40;33;32;3.40;4;1;1;79;0;5643332;486;0
147;18;336;15;40;35;12;2.80;3;1;1;69;0;5643512;195;0
147;18;336;15;40;35;99;3.80;4;1;1;81;0;5643599;251;0
147;18;336;15;40;36;35;3.40;1;1;1;72;0;5643635;1005;0
147;18;336;15;40;36;72;3.80;3;1;1;68;0;5643672;145;0
147;18;336;15;40;37;99;3.60;5;2;1;81;0;5643799;452;0
147;18;336;15;40;37;99;3.60;2;1;1;69;0;5643799;473;0
147;18;336;15;40;38;26;3.80;3;1;1;72;0;5643826;133;0
147;18;336;15;40;38;35;5.20;7;2;1;87;0;5643835;512;0
147;18;336;15;40;40;99;3.80;5;2;1;87;0;5644099;284;0
147;18;336;15;40;40;99;3.20;3;1;1;70;0;5644099;254;0
147;18;336;15;40;40;99;3.80;4;1;1;79;0;5644099;483;0
147;18;336;15;40;41;13;3.60;2;1;1;69;0;5644113;295;0
147;18;336;15;40;41;30;3.60;7;2;1;77;0;5644130;273;0
147;18;336;15;40;41;71;3.40;2;1;1;70;0;5644171;39;0
147;18;336;15;40;42;1;3.40;1;1;1;72;0;5644201;549;0
147;18;336;15;40;42;1;3.20;6;2;1;66;0;5644201;885;0
147;18;336;15;40;43;6;3.40;5;2;1;86;0;5644306;191;0
147;18;336;15;40;43;99;4.00;6;2;1;75;0;5644399;180;0
147;18;336;15;40;43;99;3.80;2;1;1;70;0;5644399;210;0
147;18;336;15;40;44;48;5.80;3;1;1;68;0;5644448;332;0
147;18;336;15;40;44;80;4.00;4;1;1;89;0;5644480;363;0
147;18;336;15;40;41;58;4.20;7;2;1;11;0;5644158;11;0
147;18;336;15;40;45;13;3.60;2;1;1;70;0;5644513;94;0
147;18;336;15;40;45;99;3.20;6;2;1;77;0;5644599;180;0
147;18;336;15;40;46;1;5.00;3;1;1;71;0;5644601;122;0
147;18;336;15;40;46;15;3.60;2;1;1;72;0;5644615;83;0
147;18;336;15;40;47;99;3.60;2;1;1;72;0;5644799;166;0
147;18;336;15;40;47;99;3.60;3;1;1;72;0;5644799;172;0
147;18;336;15;40;47;99;3.80;4;1;1;83;0;5644799;302;0
147;18;336;15;40;48;21;3.80;6;2;1;79;0;5644821;207;0
147;18;336;15;40;48;99;3.20;3;1;1;72;0;5644899;82;0
147;18;336;15;40;48;99;4.00;7;2;1;82;0;5644899;603;0
147;18;336;15;40;49;99;3.60;6;2;1;77;0;5644999;160;0
147;18;336;15;40;49;96;3.40;3;1;1;70;0;5644996;81;5644448
147;18;336;15;40;49;99;3.60;2;1;1;78;0;5644999;182;5644399
147;18;336;15;40;50;14;3.60;7;2;1;81;0;5645014;97;5644399
147;18;336;15;40;51;8;4.20;3;1;1;69;0;5645108;94;5644448
147;18;336;15;40;51;22;3.60;6;2;1;76;0;5645122;106;5644448
147;18;336;15;40;52;99;3.00;7;2;1;83;0;5645299;269;0
147;18;336;15;40;52;99;3.80;4;1;1;73;0;5645299;483;0
147;18;336;15;40;53;26;3.00;3;1;1;78;0;5645326;196;5644448
147;18;336;15;40;52;92;10.20;6;2;6;80;0;5645292;152;5644448
147;18;336;15;40;53;99;3.80;2;1;1;82;0;5645399;383;0
147;18;336;15;40;54;57;3.60;3;1;1;79;0;5645457;117;5644448
147;18;336;15;40;54;67;3.80;1;1;1;78;0;5645467;1249;0
147;18;336;15;40;55;99;3.40;7;2;1;80;0;5645599;286;0
147;18;336;15;40;55;99;3.60;5;2;1;79;0;5645599;1278;0
147;18;336;15;40;55;99;3.60;6;2;1;78;0;5645599;261;0
147;18;336;15;40;56;99;3.20;3;1;1;79;0;5645699;225;0
147;18;336;15;40;56;10;4.60;7;2;1;79;0;5645610;-1;0
147;18;336;15;40;56;40;3.20;5;2;1;80;0;5645640;24;0
147;18;336;15;40;57;87;3.40;5;2;1;77;0;5645787;132;0
147;18;336;15;40;58;7;3.60;2;1;1;74;0;5645807;391;0
147;18;336;15;40;58;99;3.60;8;2;1;79;0;5645899;3379;0
147;18;336;15;40;58;99;3.60;2;1;1;74;0;5645899;74;0
147;18;336;15;40;59;76;3.40;7;2;1;82;0;5645976;345;0
147;18;336;15;41;1;42;3.20;4;1;1;79;0;5646142;824;0
147;18;336;15;41;2;99;3.60;6;2;1;79;0;5646299;683;0
147;18;336;15;41;3;99;3.40;4;1;1;80;0;5646399;242;0
147;18;336;15;41;4;68;3.20;7;2;1;85;0;5646468;477;0
147;18;336;15;41;7;95;3.20;6;2;1;82;0;5646795;479;0
147;18;336;15;41;8;99;3.60;7;2;1;78;0;5646899;417;0
147;18;336;15;41;9;11;4.00;6;2;1;83;0;5646911;101;0
147;18;336;15;41;11;4;3.60;3;1;1;75;0;5647104;1390;0
147;18;336;15;41;12;16;3.40;1;1;1;74;0;5647216;1731;0
147;18;336;15;41;12;99;3.80;5;2;1;86;0;5647299;1496;0
147;18;336;15;41;12;99;3.80;4;1;1;93;0;5647299;884;0
147;18;336;15;41;14;3;3.80;1;1;1;68;0;5647403;170;0
147;18;336;15;41;14;19;3.40;3;1;1;76;0;5647419;297;0
147;18;336;15;41;14;99;3.60;6;2;1;81;0;5647499;570;0
147;18;336;15;41;14;45;6.80;2;1;1;73;0;5647445;1528;0
147;18;336;15;41;15;15;4.00;7;2;1;82;0;5647515;599;0
147;18;336;15;41;15;98;3.40;3;1;1;78;0;5647598;162;0
147;18;336;15;41;16;99;3.80;2;1;1;69;0;5647699;220;0
147;18;336;15;41;16;99;3.60;4;1;1;87;0;5647699;385;0
147;18;336;15;41;17;6;3.60;3;1;1;76;0;5647706;92;0
147;18;336;15;41;17;85;3.80;2;1;1;76;0;5647785;66;0
147;18;336;15;41;18;12;4.00;3;1;1;75;0;5647812;88;0
147;18;336;15;41;19;3;3.60;2;1;1;77;0;5647903;100;0
147;18;336;15;41;20;81;3.80;6;2;1;81;0;5648081;566;0
147;18;336;15;41;21;99;3.60;3;1;1;78;0;5648199;367;0
147;18;336;15;41;21;99;4.20;6;2;1;93;0;5648199;101;0
147;18;336;15;41;22;7;3.80;4;1;1;82;0;5648207;493;0
147;18;336;15;41;23;0;3.60;8;2;1;84;0;5648300;2384;0
147;18;336;15;41;23;19;3.40;3;1;1;82;0;5648319;103;0
147;18;336;15;41;23;16;3.60;6;2;1;79;0;5648316;100;0
147;18;336;15;41;23;99;4.00;4;1;1;82;0;5648399;175;0
147;18;336;15;41;23;99;8.60;2;1;6;68;0;5648399;479;0
147;18;336;15;41;23;99;3.40;4;1;1;81;0;5648399;-1;0
147;18;336;15;41;25;60;3.60;2;1;1;71;0;5648560;115;0
147;18;336;15;41;25;99;3.80;3;1;1;72;0;5648599;265;0
147;18;336;15;41;26;10;3.20;6;2;1;78;0;5648610;277;0
147;18;336;15;41;26;21;3.60;4;1;1;80;0;5648621;206;0
147;18;336;15;41;26;99;4.40;2;1;1;73;0;5648699;120;0
147;18;336;15;41;27;4;3.80;6;2;1;78;0;5648704;79;0
147;18;336;15;41;27;71;3.80;5;2;1;83;0;5648771;1456;0
147;18;336;15;41;28;11;3.40;7;2;1;75;0;5648811;1278;0
147;18;336;15;41;28;11;3.40;6;2;1;74;0;5648811;89;0
147;18;336;15;41;28;99;4.00;4;1;1;86;0;5648899;261;0
147;18;336;15;41;28;99;3.60;3;1;1;81;0;5648899;281;0
147;18;336;15;41;29;99;3.60;6;2;1;83;0;5648999;171;0
147;18;336;15;41;29;20;4.20;1;1;1;83;0;5648920;1496;0
147;18;336;15;41;30;1;3.80;4;1;1;84;0;5649001;85;0
147;18;336;15;41;30;91;3.40;2;1;1;84;0;5649091;370;0
147;18;336;15;41;31;99;4.00;8;2;1;82;0;5649199;883;0
147;18;336;15;41;32;5;3.80;7;2;1;77;0;5649205;377;0
147;18;336;15;41;32;34;4.80;1;1;1;86;0;5649234;295;0
147;18;336;15;41;32;50;3.80;6;2;1;86;0;5649250;235;0
147;18;336;15;41;32;66;4.00;4;1;1;82;0;5649266;248;0
147;18;336;15;41;33;99;3.20;6;2;1;88;0;5649399;133;0
147;18;336;15;41;34;4;3.60;4;1;1;82;0;5649404;120;0
147;18;336;15;41;35;47;3.80;1;1;1;76;0;5649547;292;0
147;18;336;15;41;35;66;3.40;3;1;1;73;0;5649566;651;0
147;18;336;15;41;36;19;4.00;5;2;1;87;0;5649619;831;0
147;18;336;15;41;36;99;7.00;3;1;1;74;0;5649699;116;0
147;18;336;15;41;37;13;3.60;7;2;1;81;0;5649713;490;0
147;18;336;15;41;37;10;3.20;2;1;1;75;0;5649710;604;0
147;18;336;15;41;37;54;3.40;3;1;1;73;0;5649754;20;0
147;18;336;15;41;38;18;3.60;6;2;1;79;0;5649818;405;0
147;18;336;15;41;38;98;3.80;2;1;1;78;0;5649898;172;0
147;18;336;15;41;39;99;3.40;5;2;1;81;0;5649999;363;0
147;18;336;15;41;40;17;3.00;2;1;1;73;0;5650017;101;0
147;18;336;15;41;40;40;3.20;6;2;1;72;0;5650040;205;0
147;18;336;15;41;40;89;3.20;5;2;1;82;0;5650089;74;0
147;18;336;15;41;41;99;3.80;2;1;1;79;0;5650199;167;0
147;18;336;15;41;42;13;3.60;7;2;1;73;0;5650213;484;0
147;18;336;15;41;42;25;4.00;5;2;1;84;0;5650225;121;0
147;18;336;15;41;43;31;3.40;3;1;1;83;0;5650331;560;0
147;18;336;15;41;43;91;3.20;6;2;1;74;0;5650391;335;0
147;18;336;15;41;45;16;3.60;7;2;1;73;0;5650516;285;0
147;18;336;15;41;45;83;4.00;4;1;1;92;0;5650583;1163;0
147;18;336;15;41;45;74;3.40;6;2;1;72;0;5650574;167;0
147;18;336;15;41;46;99;3.80;7;2;1;73;0;5650699;165;0
147;18;336;15;41;47;7;3.00;6;2;1;74;0;5650707;116;0
147;18;336;15;41;47;17;3.20;3;1;1;85;0;5650717;371;0
147;18;336;15;41;48;63;5.80;3;1;1;84;0;5650863;132;0
147;18;336;15;41;50;0;3.80;6;2;1;71;0;5651000;278;0
147;18;336;15;41;51;1;3.80;5;2;1;85;0;5651101;858;0
147;18;336;15;41;51;99;3.40;6;2;1;71;0;5651199;179;0
147;18;336;15;41;51;99;3.20;3;1;1;72;0;5651199;311;0
147;18;336;15;41;52;21;3.60;7;2;1;78;0;5651221;503;0
147;18;336;15;41;52;99;3.80;2;1;1;76;0;5651299;1082;0
147;18;336;15;41;52;6;3.80;5;2;1;81;0;5651206;88;0
147;18;336;15;41;53;58;3.20;8;2;1;78;0;5651358;2141;0
147;18;336;15;41;53;99;3.60;2;1;1;79;0;5651399;82;0
147;18;336;15;41;55;99;4.40;8;2;1;77;0;5651599;226;0
147;18;336;15;41;55;99;3.80;5;2;1;80;0;5651599;376;0
147;18;336;15;41;56;99;3.40;5;2;1;82;0;5651699;82;0
147;18;336;15;41;56;99;3.80;3;1;1;76;0;5651699;484;0
147;18;336;15;41;57;99;3.80;5;2;1;83;0;5651799;85;0
147;18;336;15;41;57;99;3.80;2;1;1;84;0;5651799;383;0
147;18;336;15;41;58;23;8.80;6;2;6;74;0;5651823;606;0
147;18;336;15;41;59;20;3.20;2;1;1;78;0;5651920;104;0
147;18;336;15;41;59;99;4.40;5;2;1;85;0;5651999;183;0
147;18;336;15;41;59;99;4.40;4;1;1;75;0;5651999;1400;0
147;18;336;15;42;0;9;3.40;6;2;1;73;0;5652009;143;0
147;18;336;15;42;0;99;3.80;4;1;1;76;0;5652099;78;0
147;18;336;15;42;0;34;3.60;7;2;1;80;0;5652034;796;0
147;18;336;15;42;1;9;3.40;6;2;1;72;0;5652109;83;0
147;18;336;15;42;1;16;3.60;1;1;1;79;0;5652116;2551;0
147;18;336;15;42;2;99;3.80;7;2;1;83;0;5652299;248;0
147;18;336;15;42;3;0;3.60;6;2;1;75;0;5652300;174;0
147;18;336;15;42;3;88;3.60;2;1;1;82;0;5652388;453;0
147;18;336;15;42;4;22;3.60;6;2;1;83;0;5652422;104;5651823
147;18;336;15;42;4;99;3.60;3;1;1;73;0;5652499;782;0
147;18;336;15;42;6;93;3.40;8;2;1;74;0;5652693;1073;0
147;18;336;15;42;6;99;3.80;2;1;1;81;0;5652699;295;0
147;18;336;15;42;6;99;3.80;7;2;1;73;0;5652699;383;0
147;18;336;15;42;7;25;3.40;6;2;1;78;0;5652725;287;0
147;18;336;15;42;8;25;4.00;7;2;1;74;0;5652825;107;0
147;18;336;15;42;8;82;4.00;3;1;1;76;0;5652882;365;0
147;18;336;15;42;9;9;3.00;6;2;1;78;0;5652909;168;0
147;18;336;15;42;9;20;3.60;8;2;1;76;0;5652920;210;0
147;18;336;15;42;10;13;4.00;3;1;1;78;0;5653013;112;0
147;18;336;15;42;10;23;3.60;7;2;1;74;0;5653023;178;0
147;18;336;15;42;12;21;3.60;3;1;1;77;0;5653221;189;0
147;18;336;15;42;13;8;3.00;2;1;1;74;0;5653308;592;0
147;18;336;15;42;13;46;5.00;7;2;1;76;0;5653346;305;0
147;18;336;15;42;14;99;4.00;2;1;1;75;0;5653499;176;0
147;18;336;15;42;16;3;3.40;6;2;1;80;0;5653603;680;0
147;18;336;15;42;16;91;4.40;7;2;1;81;0;5653691;321;0
147;18;336;15;42;18;10;3.40;1;1;1;76;0;5653810;1677;0
147;18;336;15;42;20;16;3.20;6;2;1;80;0;5654016;397;0
147;18;336;15;42;21;5;3.40;6;2;1;80;0;5654105;74;0
147;18;336;15;42;22;6;3.60;3;1;1;78;0;5654206;968;0
147;18;336;15;42;23;25;3.40;3;1;1;78;0;5654325;102;0
147;18;336;15;42;24;92;3.80;4;1;1;80;0;5654492;2375;0
147;18;336;15;42;24;99;3.60;6;2;1;77;0;5654499;378;0
147;18;336;15;42;25;99;3.60;5;2;1;80;0;5654599;2581;0
147;18;336;15;42;26;60;3.80;3;1;1;78;0;5654660;319;0
147;18;336;15;42;26;55;3.80;2;1;1;71;0;5654655;1136;0
147;18;336;15;42;27;99;3.00;6;2;1;76;0;5654799;283;0
147;18;336;15;42;27;99;3.20;2;1;1;73;0;5654799;124;0
147;18;336;15;42;28;99;3.60;3;1;1;78;0;5654899;221;0
147;18;336;15;42;28;6;3.80;6;2;1;74;0;5654806;-1;0
147;18;336;15;42;29;8;3.60;5;2;1;81;0;5654908;292;0
147;18;336;15;42;29;65;3.60;2;1;1;71;0;5654965;150;0
147;18;336;15;42;30;99;3.60;5;2;1;83;0;5655099;175;0
147;18;336;15;42;30;99;3.20;6;2;1;80;0;5655099;274;0
147;18;336;15;42;31;70;4.00;5;2;1;82;0;5655170;55;0
147;18;336;15;42;31;80;3.60;2;1;1;73;0;5655180;196;0
147;18;336;15;42;33;19;3.20;6;2;1;84;0;5655319;205;0
147;18;336;15;42;34;88;4.00;5;2;1;86;0;5655488;300;0
147;18;336;15;42;34;99;3.80;7;2;1;80;0;5655499;1788;0
147;18;336;15;42;34;99;3.40;6;2;1;75;0;5655499;166;0
147;18;336;15;42;35;99;4.00;5;2;1;85;0;5655599;94;0
147;18;336;15;42;35;99;3.60;6;2;1;76;0;5655599;83;0
147;18;336;15;42;36;10;3.20;2;1;1;77;0;5655610;412;0
147;18;336;15;42;36;62;3.40;5;2;1;86;0;5655662;46;0
147;18;336;15;42;36;54;3.40;6;2;1;77;0;5655654;37;0
147;18;336;15;42;37;99;3.20;7;2;1;84;0;5655799;282;0
147;18;336;15;42;38;16;3.40;4;1;1;87;0;5655816;1306;0
147;18;336;15;42;39;13;3.60;3;1;1;73;0;5655913;997;0
147;18;336;15;42;39;59;3.60;1;1;1;76;0;5655959;2132;0
147;18;336;15;42;39;93;3.80;2;1;1;80;0;5655993;368;0
147;18;336;15;42;40;99;3.40;3;1;1;75;0;5656099;168;0
147;18;336;15;42;41;1;3.80;4;1;1;86;0;5656101;270;0
147;18;336;15;42;40;99;3.80;2;1;1;75;0;5656099;88;0
147;18;336;15;42;41;22;3.80;6;2;1;82;0;5656122;452;0
147;18;336;15;42;41;44;3.60;4;1;1;85;0;5656144;27;0
147;18;336;15;42;41;44;3.40;2;1;1;75;0;5656144;26;0
147;18;336;15;42;42;1;3.00;6;2;1;73;0;5656201;62;0
147;18;336;15;42;42;99;5.80;3;1;1;76;0;5656299;183;0
147;18;336;15;42;43;22;3.60;2;1;1;76;0;5656322;161;0
147;18;336;15;42;43;99;3.80;8;2;1;73;0;5656399;3461;0
147;18;336;15;42;45;2;3.20;7;2;1;84;0;5656502;689;0
147;18;336;15;42;45;99;3.60;3;1;1;71;0;5656599;272;0
147;18;336;15;42;45;99;3.40;4;1;1;78;0;5656599;439;0
147;18;336;15;42;46;14;3.60;2;1;1;77;0;5656614;274;0
147;18;336;15;42;46;36;3.60;4;1;1;77;0;5656636;21;0
147;18;336;15;42;46;45;5.20;5;2;1;82;0;5656645;968;0
147;18;336;15;42;47;99;3.80;4;1;1;84;0;5656799;146;0
147;18;336;15;42;48;99;4.60;3;1;1;70;0;5656899;281;0
147;18;336;15;42;47;66;16.60;7;2;4;75;0;5656766;250;0
147;18;336;15;42;48;99;4.00;6;2;1;81;0;5656899;683;0
147;18;336;15;42;48;99;5.00;1;1;1;85;0;5656899;922;0
147;18;336;15;42;49;3;3.40;2;1;1;72;0;5656903;272;0
147;18;336;15;42;49;70;3.80;3;1;1;74;0;5656970;47;0
147;18;336;15;42;50;26;4.00;3;1;1;70;0;5657026;37;0
147;18;336;15;42;50;99;3.60;4;1;1;84;0;5657099;283;0
147;18;336;15;42;51;99;3.80;5;2;1;82;0;5657199;531;0
147;18;336;15;42;52;1;3.40;2;1;1;77;0;5657201;281;0
147;18;336;15;42;52;18;3.80;3;1;1;77;0;5657218;171;0
147;18;336;15;42;53;14;4.20;7;2;1;79;0;5657314;468;0
147;18;336;15;42;53;99;3.40;6;2;1;84;0;5657399;482;0
147;18;336;15;42;56;99;3.80;3;1;1;78;0;5657699;463;0
147;18;336;15;42;56;22;3.60;6;2;1;78;0;5657622;208;0
147;18;336;15;42;57;17;3.80;1;1;1;75;0;5657717;796;0
147;18;336;15;42;58;99;3.60;3;1;1;74;0;5657899;182;0
147;18;336;15;43;0;99;3.80;6;2;1;84;0;5658099;460;0
147;18;336;15;43;0;99;3.80;1;1;1;84;0;5658099;363;0
147;18;336;15;43;0;99;4.00;7;2;1;83;0;5658099;765;0
147;18;336;15;43;0;99;3.40;3;1;1;75;0;5658099;182;0
147;18;336;15;43;1;1;3.80;5;2;1;83;0;5658101;885;0
147;18;336;15;43;2;28;3.60;2;1;1;61;0;5658228;1011;0
147;18;336;15;43;3;99;3.60;3;1;1;78;0;5658399;283;0
147;18;336;15;43;3;99;3.40;7;2;1;75;0;5658399;282;0
147;18;336;15;43;3;99;3.40;6;2;1;80;0;5658399;283;0
147;18;336;15;43;4;99;3.60;5;2;1;87;0;5658499;381;0
147;18;336;15;43;5;28;3.20;6;2;1;79;0;5658528;113;0
147;18;336;15;43;6;99;3.80;5;2;1;80;0;5658699;185;0
147;18;336;15;43;7;35;3.60;6;2;1;74;0;5658735;192;0
147;18;336;15;43;7;46;3.60;3;1;1;78;0;5658746;330;0
147;18;336;15;43;7;65;4.40;4;1;1;80;0;5658765;1650;0
147;18;336;15;43;7;82;3.80;5;2;1;81;0;5658782;65;0
147;18;336;15;43;8;99;4.20;7;2;1;72;0;5658899;483;0
147;18;336;15;43;10;7;3.00;4;1;1;81;0;5659007;222;0
147;18;336;15;43;10;5;3.00;6;2;1;70;0;5659005;252;0
147;18;336;15;43;10;99;3.40;1;1;1;81;0;5659099;983;0
147;18;336;15;43;10;99;4.00;3;1;1;75;0;5659099;336;0
147;18;336;15;43;11;13;3.60;2;1;1;83;0;5659113;863;0
147;18;336;15;43;11;99;3.00;6;2;1;71;0;5659199;178;0
147;18;336;15;43;11;99;3.80;4;1;1;80;0;5659199;178;0
147;18;336;15;43;11;99;7.80;3;1;6;74;0;5659199;80;0
147;18;336;15;43;12;62;3.40;6;2;1;72;0;5659262;47;0
147;18;336;15;43;12;75;3.80;5;2;1;81;0;5659275;476;0
147;18;336;15;43;13;99;3.00;2;1;1;77;0;5659399;270;0
147;18;336;15;43;13;99;3.60;3;1;1;75;0;5659399;162;0
147;18;336;15;43;14;22;4.00;7;2;1;101;0;5659422;502;0
147;18;336;15;43;15;89;3.60;6;2;1;73;0;5659589;310;0
147;18;336;15;43;16;99;4.20;8;2;1;90;0;5659699;3281;0
147;18;336;15;43;16;99;3.20;3;1;1;76;0;5659699;282;0
147;18;336;15;43;16;99;3.80;6;2;1;71;0;5659699;92;0
147;18;336;15;43;17;64;3.40;2;1;1;77;0;5659764;350;0
147;18;336;15;43;18;99;3.80;6;2;1;72;0;5659899;180;0
147;18;336;15;43;18;99;3.80;2;1;1;79;0;5659899;119;0
147;18;336;15;43;19;99;5.40;6;2;1;76;0;5659999;81;0
147;18;336;15;43;19;99;3.40;2;1;1;76;0;5659999;82;0
147;18;336;15;43;20;97;3.40;2;1;1;74;0;5660097;81;0
147;18;336;15;43;19;97;5.60;7;2;1;36;0;5659997;560;0
147;18;336;15;43;21;5;3.40;3;1;1;70;0;5660105;390;0
147;18;336;15;43;22;32;3.60;2;1;1;75;0;5660232;118;5659764
147;18;336;15;43;25;1;3.80;4;1;1;78;0;5660501;1284;0
147;18;336;15;43;26;99;3.60;3;1;1;75;0;5660699;576;0
147;18;336;15;43;27;99;3.60;4;1;1;78;0;5660799;280;0
147;18;336;15;43;28;18;3.60;1;1;1;79;0;5660818;1703;0
147;18;336;15;43;28;99;3.60;5;2;1;79;0;5660899;1607;0
147;18;336;15;43;26;99;20.20;7;2;5;71;0;5660699;646;0
147;18;336;15;43;29;3;3.60;3;1;1;76;0;5660903;186;0
147;18;336;15;43;29;16;4.00;1;1;1;78;0;5660916;81;0
147;18;336;15;43;30;4;3.60;5;2;1;80;0;5661004;88;0
147;18;336;15;43;31;99;3.20;6;2;1;67;0;5661199;1174;0
147;18;336;15;43;31;99;4.00;3;1;1;78;0;5661199;278;0
147;18;336;15;43;31;99;3.60;4;1;1;79;0;5661199;383;0
147;18;336;15;43;32;26;3.20;8;2;1;76;0;5661226;1510;0
147;18;336;15;43;33;1;3.40;6;2;1;70;0;5661301;84;0
147;18;336;15;43;34;21;4.40;3;1;1;84;0;5661421;203;0
147;18;336;15;43;34;99;3.40;2;1;1;76;0;5661499;1249;0
147;18;336;15;43;35;14;3.60;8;2;1;69;0;5661514;272;0
147;18;336;15;43;35;48;3.40;4;1;1;75;0;5661548;332;0
147;18;336;15;43;36;99;3.60;2;1;1;73;0;5661699;183;0
147;18;336;15;43;36;99;3.40;6;2;1;75;0;5661699;380;0
147;18;336;15;43;37;6;3.40;3;1;1;78;0;5661706;266;0
147;18;336;15;43;36;39;5.80;7;2;1;33;0;5661639;837;0
147;18;336;15;43;37;9;4.00;5;2;1;92;0;5661709;688;0
147;18;336;15;43;37;99;1.00;4;1;1;1;1;5661799;234;0
147;18;336;15;43;38;12;3.40;4;1;1;77;0;5661812;247;0
147;18;336;15;43;38;21;3.60;1;1;1;82;0;5661821;886;0
147;18;336;15;43;38;54;3.80;2;1;1;69;0;5661854;137;0
147;18;336;15;43;38;99;4.40;6;2;1;75;0;5661899;183;0
147;18;336;15;43;38;99;3.60;1;1;1;82;0;5661899;62;0
147;18;336;15;43;39;99;5.80;3;1;1;71;0;5661999;277;0
147;18;336;15;43;39;99;4.00;4;1;1;80;0;5661999;171;0
147;18;336;15;43;39;99;3.40;6;2;1;75;0;5661999;78;0
147;18;336;15;43;40;5;3.60;7;2;1;78;0;5662005;302;0
147;18;336;15;43;40;22;3.80;5;2;1;82;0;5662022;297;0
147;18;336;15;43;40;56;3.80;1;1;1;74;0;5662056;141;0
147;18;336;15;43;41;99;3.60;6;2;1;75;0;5662199;183;0
147;18;336;15;43;41;99;5.80;7;2;1;75;0;5662199;177;0
147;18;336;15;43;44;17;3.80;6;2;1;80;0;5662417;200;0
147;18;336;15;43;47;99;7.20;7;2;6;79;0;5662799;572;0
147;18;336;15;43;47;99;8.20;2;1;6;72;0;5662799;925;0
147;18;336;15;43;48;14;3.40;6;2;1;80;0;5662814;379;0
147;18;336;15;43;48;14;3.40;3;1;1;81;0;5662814;785;0
147;18;336;15;43;49;10;3.40;6;2;1;82;0;5662910;80;0
147;18;336;15;43;49;99;5.00;2;1;1;72;0;5662999;159;0
147;18;336;15;43;47;99;1.00;7;2;1;1;1;5662799;-1;0
147;18;336;15;43;50;99;3.20;6;2;1;81;0;5663099;174;0
147;18;336;15;43;51;8;3.20;3;1;1;73;0;5663108;278;0
147;18;336;15;43;51;99;3.80;6;2;1;76;0;5663199;85;0
147;18;336;15;43;52;99;3.60;2;1;1;83;0;5663299;275;0
147;18;336;15;43;52;99;3.60;3;1;1;74;0;5663299;175;0
147;18;336;15;43;53;56;3.80;8;2;1;74;0;5663356;1823;0
147;18;336;15;43;53;87;3.80;3;1;1;78;0;5663387;70;0
147;18;336;15;43;55;3;3.80;1;1;1;79;0;5663503;1428;0
147;18;336;15;43;56;82;3.40;1;1;1;77;0;5663682;161;0
147;18;336;15;43;56;99;3.80;6;2;1;78;0;5663699;482;0
147;18;336;15;43;58;23;3.40;4;1;1;88;0;5663823;1806;0
147;18;336;15;43;58;21;3.20;2;1;1;77;0;5663821;506;0
147;18;336;15;43;58;48;3.80;6;2;1;73;0;5663848;131;0
147;18;336;15;43;58;67;3.20;3;1;1;78;0;5663867;462;0
147;18;336;15;43;59;99;4.20;7;2;1;64;0;5663999;1167;0
147;18;336;15;43;59;99;4.20;1;1;1;81;0;5663999;301;0
147;18;336;15;44;0;15;4.00;4;1;1;84;0;5664015;178;0
147;18;336;15;44;1;63;3.80;5;2;1;81;0;5664163;2124;0
147;18;336;15;44;1;63;3.60;6;2;1;77;0;5664163;296;0
147;18;336;15;44;1;78;3.40;4;1;1;82;0;5664178;145;0
147;18;336;15;44;2;19;3.60;3;1;1;75;0;5664219;337;0
147;18;336;15;44;2;99;3.60;4;1;1;82;0;5664299;106;0
147;18;336;15;44;2;99;3.80;5;2;1;81;0;5664299;119;0
147;18;336;15;44;3;48;3.60;4;1;1;81;0;5664348;33;5663823
147;18;336;15;44;4;99;4.60;7;2;1;73;0;5664499;476;0
147;18;336;15;44;4;99;3.60;6;2;1;83;0;5664499;319;0
147;18;336;15;44;4;99;4.20;5;2;1;81;0;5664499;183;0
147;18;336;15;44;5;99;3.00;3;1;1;70;0;5664599;362;0
147;18;336;15;44;5;1;3.20;8;2;1;75;0;5664501;1126;0
147;18;336;15;44;6;3;5.40;6;2;1;77;0;5664603;88;0
147;18;336;15;44;7;7;3.60;1;1;1;69;0;5664707;689;0
147;18;336;15;44;7;99;3.60;3;1;1;66;0;5664799;184;0
147;18;336;15;44;8;99;3.60;1;1;1;68;0;5664899;173;0
147;18;336;15;44;8;20;2.80;5;2;1;86;0;5664820;302;0
147;18;336;15;44;8;25;3.60;6;2;1;77;0;5664825;196;0
147;18;336;15;44;8;58;3.60;2;1;1;64;0;5664858;1022;0
147;18;336;15;44;9;99;3.60;6;2;1;81;0;5664999;157;0
147;18;336;15;44;8;76;8.20;7;2;1;54;0;5664876;354;0
147;18;336;15;44;9;99;3.60;2;1;1;66;0;5664999;120;0
147;18;336;15;44;9;99;3.40;1;1;1;64;0;5664999;80;0
147;18;336;15;44;10;99;3.20;4;1;1;77;0;5665099;735;0
147;18;336;15;44;10;99;3.80;6;2;1;80;0;5665099;84;5664499
147;18;336;15;44;10;99;3.60;7;2;1;75;0;5665099;168;5664499
147;18;336;15;44;11;13;3.60;2;1;1;62;0;5665113;94;5664499
147;18;336;15;44;11;94;3.60;3;1;1;70;0;5665194;375;0
147;18;336;15;44;12;22;3.60;6;2;1;76;0;5665222;105;5664499
147;18;336;15;44;12;99;4.40;2;1;1;62;0;5665299;165;5664499
147;18;336;15;44;12;99;3.80;1;1;1;62;0;5665299;280;0
147;18;336;15;44;13;99;3.00;3;1;1;71;0;5665399;186;0
147;18;336;15;44;13;99;3.40;2;1;1;63;0;5665399;74;5664858
147;18;336;15;44;13;25;3.40;6;2;1;76;0;5665325;85;5664499
147;18;336;15;44;13;44;3.40;5;2;1;78;0;5665344;512;0
147;18;336;15;44;14;81;4.80;2;1;1;64;0;5665481;62;5664858
147;18;336;15;44;14;99;3.40;5;2;1;78;0;5665499;139;5664858
147;18;336;15;44;14;99;3.40;3;1;1;67;0;5665499;84;5664858
147;18;336;15;44;15;99;3.60;6;2;1;77;0;5665599;257;0
147;18;336;15;44;16;1;3.60;3;1;1;68;0;5665601;83;0
147;18;336;15;44;16;88;3.00;3;1;1;66;0;5665688;67;5665194
147;18;336;15;44;17;7;3.80;4;1;1;77;0;5665707;593;0
147;18;336;15;44;17;99;3.60;2;1;1;79;0;5665799;291;0
147;18;336;15;44;17;99;3.40;6;2;1;83;0;5665799;183;0
147;18;336;15;44;17;99;3.40;3;1;1;62;0;5665799;94;5665194
147;18;336;15;44;19;85;3.20;2;1;1;71;0;5665985;169;5665194
147;18;336;15;44;20;17;3.80;1;1;1;92;0;5666017;695;0
147;18;336;15;44;20;17;3.40;3;1;1;76;0;5666017;198;5665194
147;18;336;15;44;20;99;3.40;2;1;1;69;0;5666099;97;5665194
147;18;336;15;44;21;34;3.00;1;1;1;93;0;5666134;102;5665194
147;18;336;15;44;22;6;3.40;2;1;1;66;0;5666206;89;5665194
147;18;336;15;44;22;99;3.40;3;1;1;78;0;5666299;265;0
147;18;336;15;44;23;99;3.40;2;1;1;65;0;5666399;174;5665799
147;18;336;15;44;23;99;3.80;6;2;1;79;0;5666399;585;0
147;18;336;15;44;24;19;3.60;3;1;1;77;0;5666419;104;0
147;18;336;15;44;25;99;3.60;5;2;1;79;0;5666599;1084;0
147;18;336;15;44;25;99;3.80;7;2;1;78;0;5666599;1482;0
147;18;336;15;44;26;22;3.00;7;2;1;71;0;5666622;5;0
147;18;336;15;44;26;4;3.60;4;1;1;82;0;5666604;879;0
147;18;336;15;44;26;37;3.80;5;2;1;82;0;5666637;21;0
147;18;336;15;44;27;11;4.00;6;2;1;81;0;5666711;294;0
147;18;336;15;44;27;99;3.80;3;1;1;75;0;5666799;363;0
147;18;336;15;44;28;99;3.00;2;1;1;70;0;5666899;481;0
147;18;336;15;44;28;99;2.80;6;2;1;74;0;5666899;170;0
147;18;336;15;44;28;99;3.20;4;1;1;78;0;5666899;279;0
147;18;336;15;44;28;99;4.40;5;2;1;83;0;5666899;245;0
147;18;336;15;44;29;26;3.00;5;2;1;82;0;5666926;7;0
147;18;336;15;44;29;78;3.80;6;2;1;83;0;5666978;65;0
147;18;336;15;44;29;86;2.80;2;1;1;73;0;5666986;71;0
147;18;336;15;44;30;99;3.80;7;2;1;76;0;5667099;461;0
147;18;336;15;44;30;99;3.60;3;1;1;74;0;5667099;281;0
147;18;336;15;44;30;99;3.60;1;1;1;80;0;5667099;953;0
147;18;336;15;44;31;26;3.60;2;1;1;81;0;5667126;126;0
147;18;336;15;44;32;90;4.00;3;1;1;78;0;5667290;173;0
147;18;336;15;44;33;99;3.60;5;2;1;91;0;5667399;459;0
147;18;336;15;44;33;99;3.60;4;1;1;80;0;5667399;485;0
147;18;336;15;44;33;99;3.80;6;2;1;81;0;5667399;404;0
147;18;336;15;44;35;13;3.60;3;1;1;79;0;5667513;204;0
147;18;336;15;44;35;99;3.20;2;1;1;82;0;5667599;457;0
147;18;336;15;44;35;99;3.80;6;2;1;79;0;5667599;183;0
147;18;336;15;44;36;41;3.80;2;1;1;83;0;5667641;27;0
147;18;336;15;44;37;99;3.60;7;2;1;91;0;5667799;682;0
147;18;336;15;44;37;99;3.80;5;2;1;86;0;5667799;385;0
147;18;336;15;44;37;99;3.60;4;1;1;90;0;5667799;383;0
147;18;336;15;44;38;99;3.60;8;2;1;84;0;5667899;3382;0
147;18;336;15;44;39;51;3.60;3;1;1;81;0;5667951;421;0
147;18;336;15;44;39;62;3.60;6;2;1;78;0;5667962;345;0
147;18;336;15;44;40;3;3.80;4;1;1;79;0;5668003;189;0
147;18;336;15;44;41;99;3.40;6;2;1;87;0;5668199;220;0
147;18;336;15;44;43;99;3.80;6;2;1;80;0;5668399;185;0
147;18;336;15;44;46;99;3.60;3;1;1;76;0;5668699;732;0
147;18;336;15;44;47;16;3.40;5;2;1;92;0;5668716;901;0
147;18;336;15;44;47;11;4.40;8;2;1;78;0;5668711;796;0
147;18;336;15;44;47;79;3.60;6;2;1;84;0;5668779;362;0
147;18;336;15;44;47;99;3.60;5;2;1;91;0;5668799;69;0
147;18;336;15;44;46;62;1.00;7;2;1;1;1;5668662;848;0
147;18;336;15;44;49;47;3.40;6;2;1;79;0;5668947;152;0
147;18;336;15;44;50;99;3.80;7;2;1;85;0;5669099;1285;0
147;18;336;15;44;50;99;4.00;2;1;1;79;0;5669099;1441;0
147;18;336;15;44;50;99;6.00;5;2;1;89;0;5669099;285;0
147;18;336;15;44;51;11;3.60;6;2;1;75;0;5669111;148;0
147;18;336;15;44;52;99;3.60;5;2;1;86;0;5669299;175;0
147;18;336;15;44;53;99;3.80;6;2;1;73;0;5669399;270;0
147;18;336;15;44;53;99;3.60;3;1;1;73;0;5669399;682;0
147;18;336;15;44;54;99;4.00;7;2;1;77;0;5669499;383;0
147;18;336;15;44;55;87;4.60;7;2;1;81;0;5669587;69;0
147;18;336;15;44;55;93;3.80;6;2;1;77;0;5669593;175;0
147;18;336;15;44;55;99;3.80;2;1;1;76;0;5669599;481;0
147;18;336;15;44;55;99;11.60;5;2;3;84;0;5669599;284;0
147;18;336;15;44;56;99;3.20;3;1;1;73;0;5669699;282;0
147;18;336;15;44;57;96;3.20;1;1;1;76;0;5669796;2680;0
147;18;336;15;44;58;10;3.80;5;2;1;90;0;5669810;161;0
147;18;336;15;44;58;16;3.00;6;2;1;80;0;5669816;205;0
147;18;336;15;44;58;20;3.80;8;2;1;80;0;5669820;1088;0
147;18;336;15;44;59;99;3.20;3;1;1;74;0;5669999;284;0
147;18;336;15;44;59;14;3.40;2;1;1;76;0;5669914;297;0
147;18;336;15;44;59;26;4.00;4;1;1;79;0;5669926;1905;0
147;18;336;15;45;1;18;3.80;4;1;1;82;0;5670118;173;0
147;18;336;15;45;1;99;3.20;3;1;1;72;0;5670199;184;0
147;18;336;15;45;2;13;3.80;5;2;1;80;0;5670213;387;0
147;18;336;15;45;2;32;3.00;2;1;1;69;0;5670232;301;0
147;18;336;15;45;2;48;3.60;4;1;1;83;0;5670248;113;0
147;18;336;15;45;3;99;3.80;6;2;1;80;0;5670399;569;0
147;18;336;15;45;3;99;3.20;2;1;1;66;0;5670399;151;0
147;18;336;15;45;4;99;3.40;5;2;1;80;0;5670499;268;0
147;18;336;15;45;4;99;3.60;2;1;1;64;0;5670499;82;0
147;18;336;15;45;5;60;3.60;2;1;1;62;0;5670560;40;0
147;18;336;15;45;5;85;3.60;3;1;1;75;0;5670585;370;0
147;18;336;15;45;5;99;3.60;4;1;1;83;0;5670599;335;0
147;18;336;15;45;6;10;3.20;2;1;1;62;0;5670610;29;5670232
147;18;336;15;45;6;99;3.60;6;2;1;80;0;5670699;282;0
147;18;336;15;45;6;99;3.80;5;2;1;83;0;5670699;184;0
147;18;336;15;45;6;99;3.80;3;1;1;78;0;5670699;96;0
147;18;336;15;45;7;33;3.60;1;1;1;83;0;5670733;921;0
147;18;336;15;45;7;48;3.40;6;2;1;80;0;5670748;32;0
147;18;336;15;45;7;64;3.80;5;2;1;82;0;5670764;48;0
147;18;336;15;45;7;53;4.40;2;1;1;69;0;5670753;124;5670232
147;18;336;15;45;8;99;3.60;7;2;1;79;0;5670899;1291;0
147;18;336;15;45;8;99;3.40;5;2;1;85;0;5670899;118;0
147;18;336;15;45;8;93;8.60;3;1;6;75;0;5670893;176;0
147;18;336;15;45;9;3;4.00;5;2;1;85;0;5670903;-1;5670499
147;18;336;15;45;11;8;3.60;5;2;1;85;0;5671108;188;5670499
147;18;336;15;45;11;99;4.40;7;2;1;83;0;5671199;283;0
147;18;336;15;45;13;99;3.60;2;1;1;77;0;5671399;623;0
147;18;336;15;45;13;99;4.00;4;1;1;80;0;5671399;784;0
147;18;336;15;45;13;99;3.60;6;2;1;69;0;5671399;635;0
147;18;336;15;45;14;24;3.40;5;2;1;83;0;5671424;300;0
147;18;336;15;45;13;10;4.00;7;2;1;12;0;5671310;91;0
147;18;336;15;45;16;99;3.40;5;2;1;87;0;5671699;260;0
147;18;336;15;45;16;99;3.80;6;2;1;71;0;5671699;281;0
147;18;336;15;45;16;99;3.40;4;1;1;80;0;5671699;282;0
147;18;336;15;45;16;99;4.00;7;2;1;92;0;5671699;269;0
147;18;336;15;45;18;15;3.60;8;2;1;80;0;5671815;1977;0
147;18;336;15;45;18;18;3.80;6;2;1;79;0;5671818;99;0
147;18;336;15;45;18;87;3.20;3;1;1;80;0;5671887;952;0
147;18;336;15;45;19;17;3.80;5;2;1;86;0;5671917;203;0
147;18;336;15;45;19;99;4.00;6;2;1;81;0;5671999;163;0
147;18;336;15;45;19;99;3.80;1;1;1;77;0;5671999;1250;0
147;18;336;15;45;20;82;3.80;4;1;1;85;0;5672082;367;0
147;18;336;15;45;21;99;3.60;6;2;1;81;0;5672199;182;0
147;18;336;15;45;21;99;3.40;3;1;1;81;0;5672199;297;0
147;18;336;15;45;22;38;3.80;4;1;1;85;0;5672238;139;0
147;18;336;15;45;23;8;3.80;6;2;1;81;0;5672308;93;5671699
147;18;336;15;45;23;99;4.00;8;2;1;81;0;5672399;567;0
147;18;336;15;45;23;99;3.60;2;1;1;78;0;5672399;983;0
147;18;336;15;45;24;19;4.60;5;2;1;90;0;5672419;486;0
147;18;336;15;45;24;99;4.00;8;2;1;79;0;5672499;82;0
147;18;336;15;45;25;14;4.00;7;2;1;85;0;5672514;799;0
147;18;336;15;45;26;99;3.80;2;1;1;80;0;5672699;283;0
147;18;336;15;45;26;99;3.40;3;1;1;70;0;5672699;484;0
147;18;336;15;45;27;3;3.80;4;1;1;84;0;5672703;448;0
147;18;336;15;45;27;21;3.60;2;1;1;79;0;5672721;4;0
147;18;336;15;45;30;40;3.80;1;1;1;87;0;5673040;1023;0
147;18;336;15;45;30;48;3.60;4;1;1;82;0;5673048;328;0
147;18;336;15;45;31;99;3.60;6;2;1;75;0;5673199;874;0
147;18;336;15;45;32;99;3.40;3;1;1;76;0;5673299;582;0
147;18;336;15;45;32;99;3.60;2;1;1;81;0;5673299;561;0
147;18;336;15;45;29;92;18.80;7;2;5;54;0;5672992;461;0
147;18;336;15;45;33;75;4.20;6;2;1;81;0;5673375;158;0
147;18;336;15;45;33;87;5.00;5;2;1;86;0;5673387;949;0
147;18;336;15;45;34;99;3.80;2;1;1;79;0;5673499;184;0
147;18;336;15;45;34;99;4.00;5;2;1;84;0;5673499;91;0
147;18;336;15;45;35;99;3.40;1;1;1;81;0;5673599;543;0
147;18;336;15;45;36;98;3.40;6;2;1;80;0;5673698;304;0
147;18;336;15;45;36;99;3.80;5;2;1;83;0;5673699;182;0
147;18;336;15;45;36;99;3.60;3;1;1;79;0;5673699;383;0
147;18;336;15;45;38;74;3.60;5;2;1;86;0;5673874;158;0
147;18;336;15;45;38;72;3.60;2;1;1;80;0;5673872;355;0
147;18;336;15;45;39;99;4.00;6;2;1;83;0;5673999;285;0
147;18;336;15;45;40;20;3.60;3;1;1;74;0;5674020;304;0
147;18;336;15;45;41;99;3.40;5;2;1;81;0;5674199;309;0
147;18;336;15;45;43;21;3.00;6;2;1;67;0;5674321;304;0
147;18;336;15;45;43;37;3.40;7;2;1;72;0;5674337;1219;0
147;18;336;15;45;44;99;3.60;6;2;1;68;0;5674499;161;0
147;18;336;15;45;45;13;3.40;7;2;1;76;0;5674513;159;0
147;18;336;15;45;45;99;3.80;3;1;1;71;0;5674599;561;0
147;18;336;15;45;45;29;3.20;2;1;1;74;0;5674529;640;0
147;18;336;15;45;46;99;3.60;5;2;1;86;0;5674699;484;0
147;18;336;15;45;46;99;3.80;6;2;1;73;0;5674699;180;0
147;18;336;15;45;47;99;3.60;6;2;1;70;0;5674799;81;0
147;18;336;15;45;48;6;3.40;1;1;1;72;0;5674806;1191;0
147;18;336;15;45;48;62;3.40;6;2;1;66;0;5674862;44;5674321
147;18;336;15;45;49;99;3.80;2;1;1;80;0;5674999;454;0
147;18;336;15;45;50;99;4.00;7;2;1;68;0;5675099;569;0
147;18;336;15;45;50;99;3.20;6;2;1;61;0;5675099;218;0
147;18;336;15;45;51;95;3.80;8;2;1;100;0;5675195;2677;0
147;18;336;15;45;51;85;3.20;1;1;1;74;0;5675185;362;0
147;18;336;15;45;52;1;3.60;2;1;1;79;0;5675201;184;0
147;18;336;15;45;53;47;3.60;1;1;1;77;0;5675347;146;0
147;18;336;15;45;54;1;3.20;3;1;1;78;0;5675401;782;0
147;18;336;15;45;54;99;3.40;6;2;1;72;0;5675499;381;0
147;18;336;15;45;56;86;3.40;3;1;1;76;0;5675686;270;0
147;18;336;15;45;56;99;3.80;4;1;1;77;0;5675699;2635;0
147;18;336;15;45;57;99;3.40;6;2;1;72;0;5675799;283;0
147;18;336;15;45;57;99;3.60;1;1;1;72;0;5675799;435;0
147;18;336;15;45;58;99;3.20;4;1;1;82;0;5675899;182;0
147;18;336;15;45;58;99;3.40;6;2;1;72;0;5675899;83;0
147;18;336;15;45;58;3;3.80;3;1;1;75;0;5675803;100;0
147;18;336;15;45;59;99;4.40;3;1;1;76;0;5675999;177;0
147;18;336;15;45;59;99;3.60;6;2;1;74;0;5675999;83;0
147;18;336;15;46;0;21;3.20;4;1;1;80;0;5676021;107;0
147;18;336;15;46;0;99;3.80;7;2;1;83;0;5676099;978;0
147;18;336;15;46;0;99;3.80;2;1;1;79;0;5676099;881;0
147;18;336;15;46;1;56;3.40;6;2;1;72;0;5676156;139;0
147;18;336;15;46;1;91;3.20;3;1;1;75;0;5676191;171;0
147;18;336;15;46;1;96;3.20;4;1;1;78;0;5676196;160;0
147;18;336;15;46;2;99;3.40;6;2;1;75;0;5676299;126;5675799
147;18;336;15;46;4;16;3.40;4;1;1;78;0;5676416;205;0
147;18;336;15;46;4;79;3.20;3;1;1;73;0;5676479;272;0
147;18;336;15;46;4;99;3.40;5;2;1;78;0;5676499;1784;0
147;18;336;15;46;4;99;3.60;2;1;1;77;0;5676499;382;0
147;18;336;15;46;5;99;3.60;4;1;1;78;0;5676599;167;0
147;18;336;15;46;6;17;3.40;3;1;1;71;0;5676617;122;0
147;18;336;15;46;6;34;3.20;4;1;1;78;0;5676634;18;0
147;18;336;15;46;6;44;3.40;6;2;1;76;0;5676644;328;0
147;18;336;15;46;6;46;17.60;5;2;5;78;0;5676646;131;0
147;18;336;15;46;7;99;3.80;2;1;1;75;0;5676799;283;0
147;18;336;15;46;7;99;3.60;4;1;1;81;0;5676799;150;0
147;18;336;15;46;7;99;3.80;3;1;1;73;0;5676799;164;0
147;18;336;15;46;8;99;3.40;3;1;1;74;0;5676899;81;0
147;18;336;15;46;8;99;3.80;4;1;1;81;0;5676899;84;5676416
147;18;336;15;46;8;99;3.60;6;2;1;76;0;5676899;238;0
147;18;336;15;46;8;99;3.40;2;1;1;76;0;5676899;81;0
147;18;336;15;46;8;99;3.40;8;2;1;71;0;5676899;1690;0
147;18;336;15;46;9;14;3.60;5;2;1;78;0;5676914;186;0
147;18;336;15;46;9;67;3.20;4;1;1;81;0;5676967;51;5676416
147;18;336;15;46;9;99;3.80;2;1;1;78;0;5676999;83;5676416
147;18;336;15;46;10;17;4.00;3;1;1;79;0;5677017;101;5676479
147;18;336;15;46;11;23;3.60;6;2;1;73;0;5677123;206;0
147;18;336;15;46;12;99;3.60;2;1;1;76;0;5677299;282;0
147;18;336;15;46;12;99;3.60;6;2;1;74;0;5677299;158;0
147;18;336;15;46;13;6;3.40;7;2;1;80;0;5677306;1190;0
147;18;336;15;46;13;99;3.00;3;1;1;76;0;5677399;363;0
147;18;336;15;46;13;2;3.60;6;2;1;78;0;5677302;-1;0
147;18;336;15;46;14;18;3.80;1;1;1;93;0;5677418;1601;0
147;18;336;15;46;14;99;3.00;6;2;1;84;0;5677499;180;0
147;18;336;15;46;14;81;7.60;2;1;1;77;0;5677481;164;0
147;18;336;15;46;14;99;4.00;7;2;1;86;0;5677499;177;0
147;18;336;15;46;16;25;3.80;7;2;1;84;0;5677625;109;0
147;18;336;15;46;17;4;3.20;6;2;1;83;0;5677704;192;5677123
147;18;336;15;46;17;99;3.20;5;2;1;85;0;5677799;868;0
147;18;336;15;46;18;99;4.00;7;2;1;85;0;5677899;257;0
147;18;336;15;46;19;82;3.60;6;2;1;83;0;5677982;264;0
147;18;336;15;46;20;99;3.00;5;2;1;84;0;5678099;286;0
147;18;336;15;46;23;17;3.60;1;1;1;78;0;5678317;884;0
147;18;336;15;46;23;99;3.40;6;2;1;70;0;5678399;401;0
147;18;336;15;46;24;6;4.00;3;1;1;88;0;5678406;992;0
147;18;336;15;46;24;50;3.40;1;1;1;77;0;5678450;116;0
147;18;336;15;46;25;1;3.40;3;1;1;86;0;5678501;78;0
147;18;336;15;46;25;99;3.80;2;1;1;83;0;5678599;1082;0
147;18;336;15;46;25;99;3.60;6;2;1;69;0;5678599;182;0
147;18;336;15;46;26;8;3.00;2;1;1;75;0;5678608;-1;0
147;18;336;15;46;27;74;3.60;2;1;1;78;0;5678774;151;0
147;18;336;15;46;27;99;3.60;2;1;1;74;0;5678799;8;0
147;18;336;15;46;28;11;3.60;8;2;1;80;0;5678811;1894;0
147;18;336;15;46;28;99;3.80;6;2;1;69;0;5678899;281;0
147;18;336;15;46;28;99;3.40;3;1;1;75;0;5678899;383;0
147;18;336;15;46;29;26;3.60;2;1;1;78;0;5678926;109;5677299
147;18;336;15;46;29;27;3.40;4;1;1;80;0;5678927;1945;0
147;18;336;15;46;29;61;3.60;6;2;1;68;0;5678961;42;0
147;18;336;15;46;31;21;4.00;1;1;1;94;0;5679121;655;0
147;18;336;15;46;31;99;3.60;6;2;1;66;0;5679199;218;0
147;18;336;15;46;31;99;8.40;7;2;2;76;0;5679199;1283;0
147;18;336;15;46;32;99;3.60;3;1;1;79;0;5679299;383;0
147;18;336;15;46;33;12;3.40;6;2;1;73;0;5679312;93;0
147;18;336;15;46;35;4;3.40;6;2;1;71;0;5679504;175;0
147;18;336;15;46;35;4;5.20;1;1;1;73;0;5679504;367;0
147;18;336;15;46;35;99;3.20;4;1;1;81;0;5679599;656;0
147;18;336;15;46;35;99;3.20;3;1;1;80;0;5679599;283;0
147;18;336;15;46;36;7;4.60;1;1;1;72;0;5679607;77;0
147;18;336;15;46;37;52;3.00;1;1;1;73;0;5679752;122;0
147;18;336;15;46;37;72;3.60;3;1;1;78;0;5679772;158;0
147;18;336;15;46;38;99;3.20;6;2;1;74;0;5679899;377;0
147;18;336;15;46;38;99;3.20;1;1;1;74;0;5679899;132;0
147;18;336;15;46;39;99;3.80;1;1;1;75;0;5679999;84;5679504
147;18;336;15;46;39;4;3.60;6;2;1;77;0;5679904;-1;5679504
147;18;336;15;46;40;99;4.00;8;2;1;85;0;5680099;1271;0
147;18;336;15;46;40;99;3.80;6;2;1;77;0;5680099;178;0
147;18;336;15;46;41;99;3.60;7;2;1;78;0;5680199;960;0
147;18;336;15;46;41;99;3.40;2;1;1;75;0;5680199;1256;0
147;18;336;15;46;43;99;3.80;8;2;1;79;0;5680399;283;0
147;18;336;15;46;44;2;3.40;3;1;1;78;0;5680402;613;0
147;18;336;15;46;44;13;3.80;6;2;1;78;0;5680413;296;0
147;18;336;15;46;45;99;6.20;6;2;1;75;0;5680599;168;0
147;18;336;15;46;46;14;3.40;3;1;1;76;0;5680614;196;0
147;18;336;15;46;46;34;3.20;2;1;1;80;0;5680634;418;0
147;18;336;15;46;47;37;3.60;2;1;1;81;0;5680737;88;0
147;18;336;15;46;47;38;3.00;6;2;1;76;0;5680738;109;0
147;18;336;15;46;48;2;4.00;3;1;1;77;0;5680802;171;0
147;18;336;15;46;48;99;4.00;3;1;1;85;0;5680899;78;0
147;18;336;15;46;49;13;4.00;1;1;1;70;0;5680913;895;0
147;18;336;15;46;49;99;3.60;7;2;1;84;0;5680999;783;0
147;18;336;15;46;49;7;3.80;4;1;1;79;0;5680907;1293;0
147;18;336;15;46;50;80;3.40;3;1;1;77;0;5681080;164;5680402
147;18;336;15;46;50;97;3.40;4;1;1;79;0;5681097;172;5680402
147;18;336;15;46;51;99;3.00;4;1;1;83;0;5681199;86;5680402
147;18;336;15;46;51;99;3.60;2;1;1;75;0;5681199;446;0
147;18;336;15;46;52;37;3.60;2;1;1;75;0;5681237;20;0
147;18;336;15;46;52;62;3.20;6;2;1;79;0;5681262;509;0
147;18;336;15;46;53;30;3.20;3;1;1;83;0;5681330;234;0
147;18;336;15;46;54;0;3.00;2;1;1;76;0;5681400;145;0
147;18;336;15;46;53;99;3.40;7;2;1;74;0;5681399;384;0
147;18;336;15;46;54;9;3.80;1;1;1;93;0;5681409;475;0
147;18;336;15;46;55;56;3.20;2;1;1;76;0;5681556;141;0
147;18;336;15;46;55;72;3.60;7;2;1;75;0;5681572;156;0
147;18;336;15;46;57;22;3.40;3;1;1;73;0;5681722;378;0
147;18;336;15;46;56;99;3.60;5;2;1;76;0;5681699;3587;0
147;18;336;15;46;56;99;3.20;7;2;1;77;0;5681699;109;0
147;18;336;15;46;57;0;3.60;6;2;1;73;0;5681700;423;0
147;18;336;15;46;57;24;3.60;3;1;1;74;0;5681724;-1;0
147;18;336;15;46;58;1;3.40;5;2;1;77;0;5681801;84;0
147;18;336;15;46;58;99;3.00;6;2;1;80;0;5681899;181;0
147;18;336;15;46;58;99;3.80;2;1;1;80;0;5681899;327;0
147;18;336;15;46;59;99;3.40;6;2;1;74;0;5681999;86;0
147;18;336;15;46;59;99;4.80;3;1;1;75;0;5681999;257;0
147;18;336;15;47;0;66;4.00;4;1;1;81;0;5682066;853;0
147;18;336;15;47;0;99;3.60;6;2;1;74;0;5682099;83;0
147;18;336;15;47;1;99;3.80;2;1;1;79;0;5682199;282;0
147;18;336;15;47;2;2;3.80;7;2;1;83;0;5682202;488;0
147;18;336;15;47;2;15;3.40;5;2;1;79;0;5682215;398;0
147;18;336;15;47;2;36;3.80;2;1;1;81;0;5682236;19;0
147;18;336;15;47;2;50;3.40;3;1;1;80;0;5682250;227;0
147;18;336;15;47;3;12;3.60;6;2;1;77;0;5682312;195;5681700
147;18;336;15;47;5;72;3.60;3;1;1;82;0;5682572;306;0
147;18;336;15;47;6;8;3.20;5;2;1;89;0;5682608;377;0
147;18;336;15;47;6;20;3.60;8;2;1;94;0;5682620;2203;0
147;18;336;15;47;7;90;11.60;2;1;2;79;0;5682790;537;0
147;18;336;15;47;8;99;3.40;3;1;1;80;0;5682899;311;0
147;18;336;15;47;9;99;3.60;6;2;1;79;0;5682999;670;0
147;18;336;15;47;9;99;3.60;3;1;1;79;0;5682999;84;0
147;18;336;15;47;10;67;3.80;5;2;1;88;0;5683067;446;0
147;18;336;15;47;11;99;3.60;4;1;1;78;0;5683199;1115;0
147;18;336;15;47;12;28;3.20;6;2;1;78;0;5683228;212;0
147;18;336;15;47;12;99;3.60;1;1;1;77;0;5683299;1875;0
147;18;336;15;47;13;3;3.40;3;1;1;72;0;5683303;287;0
147;18;336;15;47;13;76;3.80;2;1;1;80;0;5683376;533;0
147;18;336;15;47;13;99;4.20;6;2;1;82;0;5683399;156;0
147;18;336;15;47;14;14;3.60;7;2;1;85;0;5683414;1195;0
147;18;336;15;47;14;99;3.80;5;2;1;109;0;5683499;416;0
147;18;336;15;47;14;99;3.40;3;1;1;67;0;5683499;179;0
147;18;336;15;47;15;15;3.60;6;2;1;85;0;5683515;97;0
147;18;336;15;47;15;27;3.20;7;2;1;90;0;5683527;97;0
147;18;336;15;47;16;99;3.60;3;1;1;67;0;5683699;181;0
147;18;336;15;47;16;99;3.80;4;1;1;85;0;5683699;483;0
147;18;336;15;47;17;99;4.00;3;1;1;68;0;5683799;80;0
147;18;336;15;47;17;12;3.80;6;2;1;83;0;5683712;181;0
147;18;336;15;47;17;9;3.20;2;1;1;75;0;5683709;315;0
147;18;336;15;47;19;2;3.60;4;1;1;90;0;5683902;186;0
147;18;336;15;47;20;21;3.80;2;1;1;72;0;5684021;296;0
147;18;336;15;47;21;81;3.00;6;2;1;65;0;5684181;452;0
147;18;336;15;47;21;99;3.60;5;2;1;76;0;5684199;687;0
147;18;336;15;47;21;99;4.00;3;1;1;81;0;5684199;378;0
147;18;336;15;47;22;99;5.60;2;1;1;72;0;5684299;259;0
147;18;336;15;47;22;99;3.60;6;2;1;68;0;5684299;101;0
147;18;336;15;47;22;99;4.20;7;2;1;97;0;5684299;759;0
147;18;336;15;47;23;84;3.60;6;2;1;67;0;5684384;65;0
147;18;336;15;47;24;6;3.60;2;1;1;69;0;5684406;79;0
147;18;336;15;47;24;21;3.80;7;2;1;81;0;5684421;106;0
147;18;336;15;47;24;99;3.40;6;2;1;66;0;5684499;95;0
147;18;336;15;47;24;99;3.80;3;1;1;79;0;5684499;282;0
147;18;336;15;47;24;99;3.40;2;1;1;69;0;5684499;74;0
147;18;336;15;47;25;13;3.20;1;1;1;83;0;5684513;1197;0
147;18;336;15;47;25;9;3.60;7;2;1;84;0;5684509;71;0
147;18;336;15;47;26;68;4.00;6;2;1;70;0;5684668;150;5684181
147;18;336;15;47;26;86;3.60;1;1;1;82;0;5684686;159;5684181
147;18;336;15;47;26;82;3.40;2;1;1;63;0;5684682;165;5684181
147;18;336;15;47;27;99;3.80;7;2;1;88;0;5684799;274;0
147;18;336;15;47;27;99;3.80;6;2;1;68;0;5684799;110;5684181
147;18;336;15;47;28;61;3.00;3;1;1;77;0;5684861;344;0
147;18;336;15;47;29;99;3.60;6;2;1;66;0;5684999;179;5684181
147;18;336;15;47;30;99;3.80;6;2;1;77;0;5685099;80;5684181
147;18;336;15;47;30;99;3.40;5;2;1;79;0;5685099;882;0
147;18;336;15;47;32;19;3.40;6;2;1;74;0;5685219;102;5684181
147;18;336;15;47;33;14;3.80;3;1;1;73;0;5685314;438;0
147;18;336;15;47;33;55;3.60;4;1;1;80;0;5685355;1438;0
147;18;336;15;47;33;53;3.80;6;2;1;77;0;5685353;117;5684181
147;18;336;15;47;33;53;3.20;8;2;1;69;0;5685353;2719;0
147;18;336;15;47;34;99;3.00;6;2;1;78;0;5685499;128;5684181
147;18;336;15;47;35;99;4.60;7;2;1;76;0;5685599;784;0
147;18;336;15;47;35;99;4.00;6;2;1;76;0;5685599;86;5684181
147;18;336;15;47;35;99;3.80;3;1;1;76;0;5685599;266;0
147;18;336;15;47;36;76;4.00;5;2;1;88;0;5685676;561;0
147;18;336;15;47;36;99;3.40;7;2;1;76;0;5685699;78;0
147;18;336;15;47;37;99;3.80;6;2;1;75;0;5685799;181;5684181
147;18;336;15;47;38;4;3.60;2;1;1;81;0;5685804;1102;0
147;18;336;15;47;39;4;4.00;2;1;1;79;0;5685904;84;0
147;18;336;15;47;39;99;3.80;6;2;1;78;0;5685999;181;5684181
147;18;336;15;47;40;11;3.20;3;1;1;82;0;5686011;394;0
147;18;336;15;47;40;23;3.80;2;1;1;80;0;5686023;100;0
147;18;336;15;47;40;99;3.80;4;1;1;80;0;5686099;727;0
147;18;336;15;47;41;88;3.40;2;1;1;81;0;5686188;147;0
147;18;336;15;47;42;9;3.80;6;2;1;82;0;5686209;192;5684181
147;18;336;15;47;44;99;3.60;8;2;1;83;0;5686499;1129;0
147;18;336;15;47;44;99;3.60;7;2;1;87;0;5686499;783;0
147;18;336;15;47;45;18;3.40;3;1;1;71;0;5686518;492;0
147;18;336;15;47;44;69;12.40;2;1;3;78;0;5686469;265;0
147;18;336;15;47;45;99;4.00;4;1;1;81;0;5686599;482;0
147;18;336;15;47;45;99;3.80;5;2;1;77;0;5686599;906;0
147;18;336;15;47;46;4;3.40;6;2;1;82;0;5686604;378;0
147;18;336;15;47;45;95;9.00;2;1;2;72;0;5686595;68;0
147;18;336;15;47;47;26;4.00;5;2;1;84;0;5686726;109;0
147;18;336;15;47;47;99;3.40;3;1;1;73;0;5686799;263;0
147;18;336;15;47;47;99;4.00;7;2;1;83;0;5686799;285;0
147;18;336;15;47;48;30;4.00;6;2;1;80;0;5686830;211;0
147;18;336;15;47;48;40;3.60;7;2;1;75;0;5686840;23;0
147;18;336;15;47;48;46;3.20;3;1;1;75;0;5686846;30;0
147;18;336;15;47;49;99;3.80;1;1;1;74;0;5686999;2297;0
147;18;336;15;47;50;10;3.60;2;1;1;82;0;5687010;370;0
147;18;336;15;47;50;99;3.00;7;2;1;80;0;5687099;241;0
147;18;336;15;47;50;99;3.60;6;2;1;79;0;5687099;251;0
147;18;336;15;47;50;99;3.40;2;1;1;80;0;5687099;73;0
147;18;336;15;47;51;37;4.00;7;2;1;78;0;5687137;24;0
147;18;336;15;47;51;83;3.60;4;1;1;78;0;5687183;566;0
147;18;336;15;47;52;99;3.40;3;1;1;79;0;5687299;437;0
147;18;336;15;47;53;9;3.60;6;2;1;75;0;5687309;193;0
147;18;336;15;47;55;99;3.80;4;1;1;78;0;5687599;399;0
147;18;336;15;47;55;99;4.00;6;2;1;83;0;5687599;272;0
147;18;336;15;47;56;8;3.40;2;1;1;76;0;5687608;493;0
147;18;336;15;47;56;14;3.60;8;2;1;80;0;5687614;1099;0
147;18;336;15;47;56;46;3.80;3;1;1;77;0;5687646;331;0
147;18;336;15;47;56;64;3.40;7;2;1;81;0;5687664;508;0
147;18;336;15;47;57;20;3.60;5;2;1;84;0;5687720;976;0
147;18;336;15;47;57;99;3.40;2;1;1;78;0;5687799;174;0
147;18;336;15;47;58;19;3.40;7;2;1;81;0;5687819;139;0
147;18;336;15;47;59;13;3.80;5;2;1;82;0;5687913;177;0
147;18;336;15;47;59;53;3.40;6;2;1;70;0;5687953;336;0
147;18;336;15;47;59;99;3.40;6;2;1;78;0;5687999;28;0
147;18;336;15;48;0;99;3.20;5;2;1;81;0;5688099;169;0
147;18;336;15;48;1;99;3.60;7;2;1;76;0;5688199;364;0
147;18;336;15;48;1;60;3.80;7;2;1;102;0;5688160;-1;0
147;18;336;15;48;1;62;3.60;6;2;1;77;0;5688162;147;0
147;18;336;15;48;2;99;3.40;2;1;1;74;0;5688299;484;0
147;18;336;15;48;2;99;3.20;7;2;1;80;0;5688299;125;0
147;18;336;15;48;3;99;3.80;1;1;1;75;0;5688399;1381;0
147;18;336;15;48;4;16;3.20;1;1;1;73;0;5688416;-1;0
147;18;336;15;48;4;35;4.00;6;2;1;78;0;5688435;256;0
147;18;336;15;48;5;25;3.80;5;2;1;83;0;5688525;411;0
147;18;336;15;48;5;99;3.80;2;1;1;71;0;5688599;283;0
147;18;336;15;48;5;99;3.80;5;2;1;84;0;5688599;57;0
147;18;336;15;48;6;99;3.80;6;2;1;74;0;5688699;245;0
147;18;336;15;48;6;20;3.40;8;2;1;81;0;5688620;989;0
147;18;336;15;48;6;49;3.60;1;1;1;77;0;5688649;217;0
147;18;336;15;48;6;55;3.60;5;2;1;82;0;5688655;39;0
147;18;336;15;48;8;99;3.20;2;1;1;70;0;5688899;280;0
147;18;336;15;48;8;99;3.80;7;2;1;79;0;5688899;585;0
147;18;336;15;48;9;52;3.60;6;2;1;76;0;5688952;234;0
147;18;336;15;48;9;82;3.00;3;1;1;73;0;5688982;1318;0
147;18;336;15;48;9;60;8.40;1;1;6;69;0;5688960;294;0
147;18;336;15;48;11;5;4.60;6;2;1;77;0;5689105;135;0
147;18;336;15;48;11;99;3.60;1;1;1;69;0;5689199;195;0
147;18;336;15;48;12;98;3.60;1;1;1;66;0;5689298;80;0
147;18;336;15;48;12;99;3.40;4;1;1;77;0;5689299;1682;0
147;18;336;15;48;13;99;3.60;2;1;1;74;0;5689399;483;0
147;18;336;15;48;11;38;4.00;7;2;1;15;0;5689138;221;0
147;18;336;15;48;13;99;4.00;4;1;1;83;0;5689399;84;0
147;18;336;15;48;14;25;3.60;6;2;1;78;0;5689425;298;0
147;18;336;15;48;14;30;3.40;2;1;1;77;0;5689430;13;0
147;18;336;15;48;15;23;3.60;1;1;1;75;0;5689523;205;0
147;18;336;15;48;15;99;3.80;3;1;1;80;0;5689599;602;0
147;18;336;15;48;15;99;4.00;6;2;1;77;0;5689599;157;0
147;18;336;15;48;16;5;3.80;7;2;1;82;0;5689605;371;0
147;18;336;15;48;17;28;3.60;6;2;1;84;0;5689728;110;0
147;18;336;15;48;17;90;3.60;5;2;1;83;0;5689790;1119;0
147;18;336;15;48;17;99;3.80;3;1;1;81;0;5689799;182;0
147;18;336;15;48;18;99;3.80;6;2;1;72;0;5689899;155;0
147;18;336;15;48;18;99;3.60;7;2;1;87;0;5689899;277;0
147;18;336;15;48;18;99;3.80;2;1;1;73;0;5689899;453;0
147;18;336;15;48;19;58;8.20;2;1;6;71;0;5689958;40;0
147;18;336;15;48;20;99;3.80;3;1;1;76;0;5690099;283;0
147;18;336;15;48;20;99;4.20;6;2;1;82;0;5690099;181;5689425
147;18;336;15;48;22;78;3.00;6;2;1;75;0;5690278;160;5689425
147;18;336;15;48;22;78;3.60;3;1;1;74;0;5690278;161;5689425
147;18;336;15;48;23;99;3.60;5;2;1;87;0;5690399;593;0
147;18;336;15;48;24;20;3.40;7;2;1;81;0;5690420;506;0
147;18;336;15;48;25;1;3.80;2;1;1;78;0;5690501;501;0
147;18;336;15;48;26;99;3.80;6;2;1;76;0;5690699;406;0
147;18;336;15;48;27;16;3.80;2;1;1;74;0;5690716;197;0
147;18;336;15;48;27;69;3.00;3;1;1;73;0;5690769;473;0
147;18;336;15;48;27;86;4.00;5;2;1;81;0;5690786;372;0
147;18;336;15;48;27;99;3.60;6;2;1;75;0;5690799;82;0
147;18;336;15;48;28;99;4.00;7;2;1;94;0;5690899;463;0
147;18;336;15;48;29;16;4.00;5;2;1;83;0;5690916;112;0
147;18;336;15;48;29;34;3.40;6;2;1;77;0;5690934;117;0
147;18;336;15;48;30;96;3.40;3;1;1;73;0;5691096;312;0
147;18;336;15;48;32;32;3.40;4;1;1;81;0;5691232;1815;0
147;18;336;15;48;32;77;3.40;7;2;1;81;0;5691277;362;0
147;18;336;15;48;32;90;3.60;3;1;1;74;0;5691290;177;0
147;18;336;15;48;33;25;3.60;1;1;1;91;0;5691325;1784;0
147;18;336;15;48;33;99;3.80;6;2;1;79;0;5691399;449;0
147;18;336;15;48;33;99;3.40;2;1;1;78;0;5691399;664;0
147;18;336;15;48;34;99;3.80;3;1;1;74;0;5691499;191;0
147;18;336;15;48;34;24;3.80;6;2;1;78;0;5691424;7;0
147;18;336;15;48;36;99;3.60;6;2;1;79;0;5691699;257;0
147;18;336;15;48;36;99;3.60;2;1;1;74;0;5691699;284;0
147;18;336;15;48;38;2;3.00;2;1;1;72;0;5691802;85;0
147;18;336;15;48;39;14;3.80;4;1;1;82;0;5691914;666;0
147;18;336;15;48;41;1;3.60;6;2;1;80;0;5692101;385;0
147;18;336;15;48;41;99;4.00;1;1;1;82;0;5692199;859;0
147;18;336;15;48;41;99;3.40;2;1;1;72;0;5692199;382;0
147;18;336;15;48;42;17;3.00;6;2;1;84;0;5692217;99;0
147;18;336;15;48;43;99;3.80;3;1;1;84;0;5692399;881;0
147;18;336;15;48;43;99;3.60;7;2;1;82;0;5692399;1106;0
147;18;336;15;48;44;17;3.40;6;2;1;77;0;5692417;187;0
147;18;336;15;48;45;99;3.40;6;2;1;74;0;5692599;166;0
147;18;336;15;48;46;0;3.20;3;1;1;73;0;5692600;184;0
147;18;336;15;48;46;99;3.80;5;2;1;88;0;5692699;1765;0
147;18;336;15;48;47;2;3.60;4;1;1;82;0;5692702;771;0
147;18;336;15;48;47;99;3.80;2;1;1;80;0;5692799;583;0
147;18;336;15;48;47;17;3.00;7;2;1;79;0;5692717;302;0
147;18;336;15;48;47;47;4.00;5;2;1;82;0;5692747;32;0
147;18;336;15;48;48;0;4.00;6;2;1;83;0;5692800;184;5692101
147;18;336;15;48;48;12;3.80;8;2;1;84;0;5692812;4176;0
147;18;336;15;48;48;7;3.00;3;1;1;71;0;5692807;191;0
147;18;336;15;48;48;99;4.60;7;2;1;65;0;5692899;168;0
147;18;336;15;48;48;99;3.80;6;2;1;80;0;5692899;81;5692101
147;18;336;15;48;50;6;3.20;3;1;1;82;0;5693006;183;5692101
147;18;336;15;48;50;47;4.00;7;2;1;74;0;5693047;122;5692101
147;18;336;15;48;51;99;3.60;8;2;1;85;0;5693199;370;0
147;18;336;15;48;51;99;3.60;6;2;1;74;0;5693199;282;0
147;18;336;15;48;52;99;3.60;5;2;1;79;0;5693299;534;0
147;18;336;15;48;53;14;3.20;6;2;1;76;0;5693314;97;0
147;18;336;15;48;53;23;3.40;2;1;1;81;0;5693323;506;0
147;18;336;15;48;54;99;4.40;6;2;1;74;0;5693499;169;0
147;18;336;15;48;54;99;3.20;2;1;1;79;0;5693499;160;0
147;18;336;15;48;55;71;3.80;7;2;1;81;0;5693571;504;0
147;18;336;15;48;55;92;3.20;6;2;1;69;0;5693592;71;0
147;18;336;15;48;56;99;3.40;5;2;1;82;0;5693699;383;0
147;18;336;15;48;56;99;3.40;7;2;1;83;0;5693699;111;0
147;18;336;15;48;56;99;3.80;6;2;1;70;0;5693699;90;5693199
147;18;336;15;48;57;18;3.60;3;1;1;77;0;5693718;697;0
147;18;336;15;48;57;5;3.60;4;1;1;87;0;5693705;987;0
147;18;336;15;48;57;25;6.20;3;1;1;77;0;5693725;-1;0
147;18;336;15;48;58;57;3.80;6;2;1;69;0;5693857;138;5693199
147;18;336;15;48;58;99;3.20;5;2;1;82;0;5693899;185;5693199
147;18;336;15;48;58;99;3.60;3;1;1;76;0;5693899;145;5693199
147;18;336;15;48;59;2;3.20;6;2;1;69;0;5693902;25;5693199
147;18;336;15;48;59;10;3.40;2;1;1;75;0;5693910;396;0
147;18;336;15;48;59;99;3.20;2;1;1;76;0;5693999;72;0
147;18;336;15;49;0;2;3.80;6;2;1;71;0;5694002;83;5693199
147;18;336;15;49;0;35;3.80;4;1;1;85;0;5694035;315;0
147;18;336;15;49;0;78;3.80;3;1;1;78;0;5694078;161;0
147;18;336;15;49;2;23;3.80;5;2;1;86;0;5694223;309;0
147;18;336;15;49;2;22;3.20;2;1;1;74;0;5694222;207;0
147;18;336;15;49;2;99;3.80;3;1;1;82;0;5694299;203;0
147;18;336;15;49;2;99;4.60;6;2;1;70;0;5694299;277;0
147;18;336;15;49;3;97;3.20;5;2;1;85;0;5694397;158;0
147;18;336;15;49;3;99;3.80;2;1;1;73;0;5694399;161;0
147;18;336;15;49;4;99;3.60;6;2;1;73;0;5694499;176;0
147;18;336;15;49;4;99;3.00;5;2;1;84;0;5694499;88;0
147;18;336;15;49;5;12;3.80;2;1;1;73;0;5694512;94;0
147;18;336;15;49;5;50;3.80;1;1;1;68;0;5694550;2333;0
147;18;336;15;49;6;14;4.00;4;1;1;89;0;5694614;562;0
147;18;336;15;49;6;99;3.80;2;1;1;72;0;5694699;168;0
147;18;336;15;49;7;99;3.40;6;2;1;74;0;5694799;282;0
147;18;336;15;49;9;99;3.20;6;2;1;74;0;5694999;183;0
147;18;336;15;49;10;99;3.60;6;2;1;73;0;5695099;84;0
147;18;336;15;49;10;35;4.60;7;2;1;82;0;5695035;1321;0
147;18;336;15;49;10;47;3.60;4;1;1;79;0;5695047;416;0
147;18;336;15;49;11;99;3.20;3;1;1;71;0;5695199;883;0
147;18;336;15;49;11;99;3.00;7;2;1;83;0;5695199;143;0
147;18;336;15;49;12;99;3.80;3;1;1;69;0;5695299;83;0
147;18;336;15;49;13;1;4.00;6;2;1;75;0;5695301;184;0
147;18;336;15;49;13;44;3.60;8;2;1;84;0;5695344;2129;0
147;18;336;15;49;13;46;3.20;7;2;1;84;0;5695346;133;0
147;18;336;15;49;13;59;3.80;2;1;1;77;0;5695359;641;0
147;18;336;15;49;14;3;3.40;6;2;1;74;0;5695403;82;5694799
147;18;336;15;49;14;99;3.80;7;2;1;74;0;5695499;139;5694799
147;18;336;15;49;14;99;3.00;3;1;1;69;0;5695499;180;5694799
147;18;336;15;49;16;99;3.20;3;1;1;80;0;5695699;184;5694799
147;18;336;15;49;17;7;4.60;6;2;1;74;0;5695707;287;0
147;18;336;15;49;17;99;3.80;2;1;1;90;0;5695799;422;0
147;18;336;15;49;18;57;3.60;6;2;1;71;0;5695857;127;0
147;18;336;15;49;19;99;4.00;3;1;1;79;0;5695999;285;0
147;18;336;15;49;19;99;3.60;4;1;1;79;0;5695999;935;0
147;18;336;15;49;19;54;0.80;7;2;1;33;1;5695954;436;0
147;18;336;15;49;20;99;3.80;8;2;1;75;0;5696099;739;0
147;18;336;15;49;21;19;3.20;3;1;1;78;0;5696119;101;0
147;18;336;15;49;21;99;4.00;6;2;1;81;0;5696199;323;0
147;18;336;15;49;21;99;4.40;8;2;1;71;0;5696199;81;0
147;18;336;15;49;22;12;4.00;3;1;1;77;0;5696212;78;0
147;18;336;15;49;22;99;4.80;7;2;1;79;0;5696299;781;0
147;18;336;15;49;22;99;4.40;5;2;1;79;0;5696299;1787;0
147;18;336;15;49;22;99;3.40;2;1;1;78;0;5696299;484;0
147;18;336;15;49;23;1;3.80;4;1;1;80;0;5696301;285;0
147;18;336;15;49;23;41;3.40;7;2;1;75;0;5696341;20;0
147;18;336;15;49;24;99;3.80;5;2;1;85;0;5696499;179;0
147;18;336;15;49;24;99;4.20;3;1;1;79;0;5696499;268;0
147;18;336;15;49;24;99;3.40;8;2;1;66;0;5696499;277;0
147;18;336;15;49;25;99;3.60;3;1;1;77;0;5696599;80;0
147;18;336;15;49;25;2;3.80;6;2;1;81;0;5696502;285;0
147;18;336;15;49;27;99;3.40;6;2;1;76;0;5696799;280;0
147;18;336;15;49;28;11;3.80;5;2;1;85;0;5696811;295;0
147;18;336;15;49;28;27;3.60;1;1;1;68;0;5696827;2256;0
147;18;336;15;49;29;16;3.80;3;1;1;82;0;5696916;300;0
147;18;336;15;49;29;99;3.80;5;2;1;80;0;5696999;171;0
147;18;336;15;49;29;99;3.40;8;2;1;74;0;5696999;481;0
147;18;336;15;49;30;10;3.80;1;1;1;75;0;5697010;163;0
147;18;336;15;49;31;44;3.60;5;2;1;77;0;5697144;127;0
147;18;336;15;49;31;76;3.80;2;1;1;86;0;5697176;861;0
147;18;336;15;49;32;7;3.40;3;1;1;76;0;5697207;274;0
147;18;336;15;49;32;25;3.60;5;2;1;79;0;5697225;64;0
147;18;336;15;49;32;99;3.60;6;2;1;78;0;5697299;483;0
147;18;336;15;49;33;22;3.80;5;2;1;82;0;5697322;80;5696811
147;18;336;15;49;34;99;3.60;6;2;1;77;0;5697499;183;5696811
147;18;336;15;49;34;99;3.80;3;1;1;76;0;5697499;275;0
147;18;336;15;49;35;2;3.80;8;2;1;79;0;5697502;486;0
147;18;336;15;49;36;1;3.80;4;1;1;81;0;5697601;1282;0
147;18;336;15;49;36;15;3.80;5;2;1;85;0;5697615;276;0
147;18;336;15;49;33;15;4.00;7;2;1;12;0;5697315;957;0
147;18;336;15;49;36;46;3.40;3;1;1;73;0;5697646;129;0
147;18;336;15;49;37;1;3.20;3;1;1;77;0;5697701;38;0
147;18;336;15;49;37;99;3.60;5;2;1;81;0;5697799;167;0
147;18;336;15;49;38;2;3.20;2;1;1;80;0;5697802;610;0
147;18;336;15;49;38;13;3.60;6;2;1;80;0;5697813;297;0
147;18;336;15;49;39;9;3.40;2;1;1;82;0;5697909;92;0
147;18;336;15;49;37;78;4.00;7;2;1;16;0;5697778;343;0
147;18;336;15;49;40;7;3.20;6;2;1;78;0;5698007;177;0
147;18;336;15;49;40;10;3.60;3;1;1;81;0;5698010;294;0
147;18;336;15;49;41;20;4.00;5;2;1;79;0;5698120;305;0
147;18;336;15;49;41;76;3.80;2;1;1;74;0;5698176;252;0
147;18;336;15;49;42;13;3.80;6;2;1;77;0;5698213;191;0
147;18;336;15;49;42;99;3.80;5;2;1;81;0;5698299;160;0
147;18;336;15;49;42;99;4.00;1;1;1;87;0;5698299;1270;0
147;18;336;15;49;43;23;3.40;6;2;1;78;0;5698323;92;0
147;18;336;15;49;43;99;3.40;3;1;1;80;0;5698399;373;0
147;18;336;15;49;45;99;3.60;2;1;1;83;0;5698599;404;0
147;18;336;15;49;45;99;3.40;3;1;1;81;0;5698599;184;0
147;18;336;15;49;46;32;3.40;6;2;1;77;0;5698632;293;0
147;18;336;15;49;47;24;3.40;5;2;1;85;0;5698724;408;0
147;18;336;15;49;47;99;3.80;7;2;1;79;0;5698799;931;0
147;18;336;15;49;48;99;3.20;5;2;1;85;0;5698899;160;0
147;18;336;15;49;48;4;3.80;1;1;1;85;0;5698804;488;0
147;18;336;15;49;49;64;3.00;6;2;1;80;0;5698964;316;0
147;18;336;15;49;50;99;3.20;6;2;1;80;0;5699099;121;0
147;18;336;15;49;50;99;3.80;3;1;1;71;0;5699099;484;0
147;18;336;15;49;52;99;3.40;6;2;1;75;0;5699299;185;0
147;18;336;15;49;52;99;3.40;5;2;1;77;0;5699299;386;0
147;18;336;15;49;53;18;3.60;3;1;1;78;0;5699318;199;0
147;18;336;15;49;53;4;3.80;5;2;1;77;0;5699304;-1;0
147;18;336;15;49;55;99;3.40;2;1;1;78;0;5699599;984;0
147;18;336;15;49;55;99;7.40;7;2;1;59;0;5699599;782;0
147;18;336;15;49;56;17;3.40;6;2;1;81;0;5699617;301;0
147;18;336;15;49;57;18;3.80;2;1;1;79;0;5699718;103;0
147;18;336;15;49;57;93;3.40;4;1;1;81;0;5699793;2175;0
147;18;336;15;49;57;99;3.80;3;1;1;81;0;5699799;464;0
147;18;336;15;49;57;99;3.80;6;2;1;79;0;5699799;166;0
147;18;336;15;50;0;99;3.60;5;2;1;79;0;5700099;777;0
147;18;336;15;50;0;99;3.80;6;2;1;74;0;5700099;282;0
147;18;336;15;50;1;22;3.80;4;1;1;82;0;5700122;313;0
147;18;336;15;50;1;99;7.40;7;2;1;64;0;5700199;554;0
147;18;336;15;50;2;69;3.40;5;2;1;79;0;5700269;153;0
147;18;336;15;50;2;94;3.80;4;1;1;86;0;5700294;155;0
147;18;336;15;50;2;99;3.60;2;1;1;80;0;5700299;563;0
147;18;336;15;50;3;0;3.40;6;2;1;69;0;5700300;182;0
147;18;336;15;50;3;99;3.80;5;2;1;79;0;5700399;114;0
147;18;336;15;50;3;99;3.80;8;2;1;72;0;5700399;2879;0
147;18;336;15;50;4;8;3.60;2;1;1;71;0;5700408;92;0
147;18;336;15;50;4;7;3.60;6;2;1;71;0;5700407;89;0
147;18;336;15;50;5;15;3.20;3;1;1;80;0;5700515;699;0
147;18;336;15;50;5;99;5.40;6;2;1;76;0;5700599;173;0
147;18;336;15;50;6;5;3.40;6;2;1;74;0;5700605;-1;5700099
147;18;336;15;50;7;48;3.80;2;1;1;74;0;5700748;321;0
147;18;336;15;50;7;64;3.80;3;1;1;76;0;5700764;234;0
147;18;336;15;50;8;10;3.40;2;1;1;74;0;5700810;43;0
147;18;336;15;50;8;99;4.00;1;1;1;91;0;5700899;2078;0
147;18;336;15;50;9;6;4.00;2;1;1;74;0;5700906;79;0
147;18;336;15;50;9;6;4.00;7;2;1;76;0;5700906;665;0
147;18;336;15;50;10;22;3.40;3;1;1;81;0;5701022;240;0
147;18;336;15;50;11;16;3.60;2;1;1;80;0;5701116;190;0
147;18;336;15;50;11;99;4.00;3;1;1;94;0;5701199;161;0
147;18;336;15;50;11;99;3.60;6;2;1;72;0;5701199;577;0
147;18;336;15;50;11;10;3.80;8;2;1;78;0;5701110;692;0
147;18;336;15;50;12;22;3.60;1;1;1;80;0;5701222;307;0
147;18;336;15;50;12;86;3.80;3;1;1;76;0;5701286;71;0
147;18;336;15;50;13;19;3.00;6;2;1;75;0;5701319;102;0
147;18;336;15;50;13;99;3.60;8;2;1;74;0;5701399;271;0
147;18;336;15;50;13;99;3.20;1;1;1;78;0;5701399;160;0
147;18;336;15;50;14;15;3.20;6;2;1;78;0;5701415;81;0
147;18;336;15;50;14;35;3.60;4;1;1;101;0;5701435;1125;0
147;18;336;15;50;15;2;3.40;2;1;1;86;0;5701502;369;0
147;18;336;15;50;15;87;3.80;7;2;1;77;0;5701587;662;0
147;18;336;15;50;15;99;3.60;5;2;1;83;0;5701599;1182;0
147;18;336;15;50;16;99;4.20;3;1;1;92;0;5701699;395;0
147;18;336;15;50;16;99;3.60;8;2;1;76;0;5701699;282;0
147;18;336;15;50;16;99;3.80;2;1;1;77;0;5701699;182;0
147;18;336;15;50;18;25;3.60;6;2;1;83;0;5701825;395;0
147;18;336;15;50;18;99;4.00;5;2;1;82;0;5701899;284;0
147;18;336;15;50;19;99;4.80;7;2;1;70;0;5701999;394;0
147;18;336;15;50;19;18;3.80;2;1;1;76;0;5701918;201;0
147;18;336;15;50;20;89;3.80;7;2;1;79;0;5702089;65;0
147;18;336;15;50;20;99;3.40;2;1;1;74;0;5702099;163;0
147;18;336;15;50;21;20;3.00;6;2;1;78;0;5702120;279;0
147;18;336;15;50;21;99;3.00;3;1;1;74;0;5702199;483;0
147;18;336;15;50;21;99;3.80;5;2;1;86;0;5702199;282;0
147;18;336;15;50;22;75;25.40;8;2;5;82;0;5702275;558;0
147;18;336;15;50;23;99;3.40;5;2;1;82;0;5702399;184;0
147;18;336;15;50;24;16;4.60;6;2;1;81;0;5702416;282;0
147;18;336;15;50;24;34;3.00;6;2;1;78;0;5702434;-1;0
147;18;336;15;50;25;99;3.80;3;1;1;80;0;5702599;385;0
147;18;336;15;50;26;99;3.40;2;1;1;58;0;5702699;583;0
147;18;336;15;50;27;25;3.60;3;1;1;79;0;5702725;108;0
147;18;336;15;50;27;34;3.40;6;2;1;77;0;5702734;286;0
147;18;336;15;50;28;99;3.60;4;1;1;80;0;5702899;1451;0
147;18;336;15;50;28;99;8.00;4;1;1;81;0;5702899;-1;0
147;18;336;15;50;29;99;3.40;2;1;1;59;0;5702999;278;0
147;18;336;15;50;29;4;3.20;3;1;1;68;0;5702904;162;0
147;18;336;15;50;30;58;3.60;1;1;1;75;0;5703058;1644;0
147;18;336;15;50;29;22;9.40;7;2;2;53;0;5702922;815;0
147;18;336;15;50;30;83;3.40;2;1;1;62;0;5703083;63;0
147;18;336;15;50;31;99;3.80;5;2;1;84;0;5703199;785;0
147;18;336;15;50;31;99;3.60;3;1;1;68;0;5703199;278;0
147;18;336;15;50;31;99;3.80;6;2;1;81;0;5703199;449;0
147;18;336;15;50;32;4;3.60;5;2;1;82;0;5703204;-1;0
147;18;336;15;50;33;3;3.40;3;1;1;68;0;5703303;84;0
147;18;336;15;50;33;99;3.60;2;1;1;72;0;5703399;296;0
147;18;336;15;50;33;99;3.80;4;1;1;79;0;5703399;464;0
147;18;336;15;50;34;99;4.00;3;1;1;69;0;5703499;178;0
147;18;336;15;50;34;99;3.40;4;1;1;78;0;5703499;82;0
147;18;336;15;50;34;99;3.60;5;2;1;80;0;5703499;279;0
147;18;336;15;50;34;5;3.80;2;1;1;72;0;5703405;-1;0
147;18;336;15;50;35;11;3.40;6;2;1;72;0;5703511;295;0
147;18;336;15;50;35;91;3.40;3;1;1;70;0;5703591;71;0
147;18;336;15;50;36;12;3.80;1;1;1;80;0;5703612;536;0
147;18;336;15;50;36;25;3.60;4;1;1;81;0;5703625;110;0
147;18;336;15;50;36;99;3.60;5;2;1;80;0;5703699;183;0
147;18;336;15;50;36;99;3.40;7;2;1;79;0;5703699;713;0
147;18;336;15;50;38;9;3.60;1;1;1;67;0;5703809;179;0
147;18;336;15;50;38;74;4.40;6;2;1;79;0;5703874;346;0
147;18;336;15;50;38;99;3.80;4;1;1;82;0;5703899;258;0
147;18;336;15;50;38;99;4.20;7;2;1;78;0;5703899;184;0
147;18;336;15;50;39;99;4.20;7;2;1;80;0;5703999;80;0
147;18;336;15;50;41;18;3.00;2;1;1;71;0;5704118;694;0
147;18;336;15;50;42;99;3.20;2;1;1;70;0;5704299;165;0
147;18;336;15;50;42;9;3.40;3;1;1;74;0;5704209;600;0
147;18;336;15;50;43;78;3.20;4;1;1;80;0;5704378;462;0
147;18;336;15;50;44;99;3.20;6;2;1;76;0;5704499;604;0
147;18;336;15;50;45;52;3.60;2;1;1;70;0;5704552;236;0
147;18;336;15;50;45;87;3.20;6;2;1;75;0;5704587;72;0
147;18;336;15;50;46;99;3.40;3;1;1;82;0;5704699;473;0
147;18;336;15;50;47;31;3.60;2;1;1;75;0;5704731;160;0
147;18;336;15;50;48;99;3.20;6;2;1;75;0;5704899;296;0
147;18;336;15;50;49;99;3.80;1;1;1;77;0;5704999;1170;0
147;18;336;15;50;49;99;3.80;7;2;1;80;0;5704999;981;0
147;18;336;15;50;50;37;4.60;3;1;1;76;0;5705037;323;0
147;18;336;15;50;50;46;3.80;8;2;1;80;0;5705046;2659;0
147;18;336;15;50;51;99;4.00;8;2;1;79;0;5705199;135;0
147;18;336;15;50;51;99;3.20;2;1;1;80;0;5705199;450;0
147;18;336;15;50;51;99;3.20;4;1;1;78;0;5705199;806;0
147;18;336;15;50;51;99;3.60;6;2;1;81;0;5705199;284;0
147;18;336;15;50;52;99;4.00;3;1;1;68;0;5705299;240;0
147;18;336;15;50;52;15;3.40;4;1;1;79;0;5705215;1;0
147;18;336;15;50;53;52;3.00;7;2;1;71;0;5705352;335;0
147;18;336;15;50;53;61;3.60;6;2;1;82;0;5705361;146;0
147;18;336;15;50;53;89;3.60;5;2;1;86;0;5705389;1673;0
147;18;336;15;50;54;99;3.80;2;1;1;74;0;5705499;285;0
147;18;336;15;50;54;99;3.20;3;1;1;68;0;5705499;178;0
147;18;336;15;50;54;99;7.60;6;2;6;81;0;5705499;122;0
147;18;336;15;50;54;99;3.80;5;2;1;85;0;5705499;94;0
147;18;336;15;50;55;20;3.40;7;2;1;80;0;5705520;152;0
147;18;336;15;50;55;34;3.60;4;1;1;79;0;5705534;303;0
147;18;336;15;50;55;38;3.80;3;1;1;73;0;5705538;22;0
147;18;336;15;50;55;57;4.00;5;2;1;81;0;5705557;41;0
147;18;336;15;50;56;99;3.80;6;2;1;84;0;5705699;166;0
147;18;336;15;50;56;99;4.20;7;2;1;72;0;5705699;163;0
147;18;336;15;50;57;99;3.60;4;1;1;80;0;5705799;248;0
147;18;336;15;50;57;99;5.40;5;2;1;79;0;5705799;224;0
147;18;336;15;50;57;99;3.40;3;1;1;69;0;5705799;242;0
147;18;336;15;50;57;99;3.40;8;2;1;80;0;5705799;581;0
147;18;336;15;50;58;24;3.20;6;2;1;80;0;5705824;108;5705199
147;18;336;15;51;0;99;3.60;4;1;1;78;0;5706099;283;0
147;18;336;15;51;0;18;3.60;5;2;1;81;0;5706018;194;0
147;18;336;15;51;0;27;3.00;6;2;1;76;0;5706027;188;5705199
147;18;336;15;51;0;34;3.60;2;1;1;73;0;5706034;516;0
147;18;336;15;51;2;11;3.40;6;2;1;78;0;5706211;169;5705199
147;18;336;15;51;2;20;3.00;3;1;1;68;0;5706220;403;0
147;18;336;15;51;3;0;3.60;3;1;1;68;0;5706300;64;0
147;18;336;15;51;3;95;3.40;4;1;1;77;0;5706395;279;0
147;18;336;15;51;4;6;4.60;7;2;1;82;0;5706406;686;0
147;18;336;15;51;3;96;5.00;3;1;1;62;0;5706396;76;0
147;18;336;15;51;4;99;3.80;2;1;1;81;0;5706499;447;0
147;18;336;15;51;4;99;3.40;6;2;1;71;0;5706499;272;0
147;18;336;15;51;5;29;3.40;7;2;1;82;0;5706529;102;0
147;18;336;15;51;6;12;3.00;3;1;1;77;0;5706612;186;0
147;18;336;15;51;6;99;3.40;7;2;1;76;0;5706699;155;0
147;18;336;15;51;6;99;3.60;2;1;1;71;0;5706699;183;0
147;18;336;15;51;8;42;3.40;6;2;1;77;0;5706842;325;0
147;18;336;15;51;8;80;3.80;8;2;1;77;0;5706880;1065;0
147;18;336;15;51;9;99;3.80;5;2;1;84;0;5706999;965;0
147;18;336;15;51;9;99;3.80;6;2;1;77;0;5706999;141;0
147;18;336;15;51;11;63;3.80;4;1;1;79;0;5707163;752;0
147;18;336;15;51;11;99;3.00;2;1;1;74;0;5707199;481;0
147;18;336;15;51;12;17;3.80;1;1;1;86;0;5707217;2200;0
147;18;336;15;51;12;12;3.80;8;2;1;71;0;5707212;314;0
147;18;336;15;51;13;17;3.60;3;1;1;78;0;5707317;690;0
147;18;336;15;51;13;11;3.60;7;2;1;78;0;5707311;595;0
147;18;336;15;51;14;99;3.60;1;1;1;82;0;5707499;266;0
147;18;336;15;51;16;50;3.20;1;1;1;73;0;5707650;135;0
147;18;336;15;51;17;5;3.40;2;1;1;67;0;5707705;491;0
147;18;336;15;51;17;99;3.80;3;1;1;74;0;5707799;465;0
147;18;336;15;51;17;99;3.80;8;2;1;70;0;5707799;567;0
147;18;336;15;51;17;99;3.20;4;1;1;83;0;5707799;618;0
147;18;336;15;51;17;87;8.80;6;2;6;75;0;5707787;770;0
147;18;336;15;51;19;2;3.40;4;1;1;82;0;5707902;89;0
147;18;336;15;51;19;14;3.80;3;1;1;70;0;5707914;96;0
147;18;336;15;51;19;99;3.80;6;2;1;74;0;5707999;169;0
147;18;336;15;51;19;99;3.60;2;1;1;73;0;5707999;275;0
147;18;336;15;51;20;99;3.40;7;2;1;78;0;5708099;771;0
147;18;336;15;51;20;99;3.40;6;2;1;76;0;5708099;81;0
147;18;336;15;51;21;13;3.60;3;1;1;71;0;5708113;179;0
147;18;336;15;51;21;39;3.60;2;1;1;77;0;5708139;122;0
147;18;336;15;51;21;67;3.40;7;2;1;77;0;5708167;52;0
147;18;336;15;51;22;99;3.40;4;1;1;83;0;5708299;382;0
147;18;336;15;51;22;99;3.80;7;2;1;79;0;5708299;116;0
147;18;336;15;51;22;99;3.20;2;1;1;78;0;5708299;143;0
147;18;336;15;51;22;99;3.40;3;1;1;72;0;5708299;167;0
147;18;336;15;51;23;9;4.40;2;1;1;77;0;5708309;-1;0
147;18;336;15;51;24;14;3.40;6;2;1;76;0;5708414;298;0
147;18;336;15;51;24;84;3.00;2;1;1;75;0;5708484;154;5707999
147;18;336;15;51;24;99;4.20;7;2;1;82;0;5708499;182;5707999
147;18;336;15;51;25;99;3.40;6;2;1;75;0;5708599;168;5707999
147;18;336;15;51;27;99;3.60;6;2;1;73;0;5708799;183;5707999
147;18;336;15;51;29;99;3.20;6;2;1;74;0;5708999;182;5707999
147;18;336;15;51;30;25;3.60;5;2;1;81;0;5709025;2009;0
147;18;336;15;51;30;99;3.20;7;2;1;75;0;5709099;581;0
147;18;336;15;51;31;29;3.20;6;2;1;73;0;5709129;114;5708414
147;18;336;15;51;31;58;3.80;7;2;1;76;0;5709158;43;5708414
147;18;336;15;51;32;99;3.20;5;2;1;86;0;5709299;258;0
147;18;336;15;51;33;8;3.80;6;2;1;73;0;5709308;163;5708414
147;18;336;15;51;33;21;3.80;7;2;1;82;0;5709321;145;5708414
147;18;336;15;51;33;4;3.60;5;2;1;80;0;5709304;-1;5708414
147;18;336;15;51;34;15;4.00;4;1;1;77;0;5709415;1101;0
147;18;336;15;51;34;99;3.60;1;1;1;73;0;5709499;1833;0
147;18;336;15;51;35;9;3.60;6;2;1;71;0;5709509;182;5708414
147;18;336;15;51;35;99;3.80;2;1;1;84;0;5709599;1100;0
147;18;336;15;51;35;99;3.60;5;2;1;78;0;5709599;278;0
147;18;336;15;51;35;99;3.20;4;1;1;75;0;5709599;165;0
147;18;336;15;51;36;69;3.60;5;2;1;82;0;5709669;53;0
147;18;336;15;51;36;67;3.40;6;2;1;76;0;5709667;139;5708414
147;18;336;15;51;37;5;3.20;3;1;1;70;0;5709705;1389;0
147;18;336;15;51;38;99;3.80;2;1;1;72;0;5709899;283;0
147;18;336;15;51;38;99;3.80;5;2;1;84;0;5709899;214;0
147;18;336;15;51;38;99;3.80;3;1;1;76;0;5709899;177;0
147;18;336;15;51;39;10;3.40;6;2;1;75;0;5709910;226;0
147;18;336;15;51;40;2;3.80;5;2;1;84;0;5710002;86;0
147;18;336;15;51;40;20;3.60;2;1;1;74;0;5710020;102;0
147;18;336;15;51;41;49;4.00;7;2;1;87;0;5710149;811;0
147;18;336;15;51;42;19;3.40;6;2;1;77;0;5710219;292;0
147;18;336;15;51;42;99;3.80;2;1;1;76;0;5710299;261;0
147;18;336;15;51;42;99;3.40;4;1;1;81;0;5710299;684;0
147;18;336;15;51;43;14;3.40;6;2;1;74;0;5710314;79;0
147;18;336;15;51;44;36;7.80;4;1;6;79;0;5710436;121;0
147;18;336;15;51;44;80;3.60;5;2;1;82;0;5710480;461;0
147;18;336;15;51;44;81;3.60;2;1;1;80;0;5710481;164;0
147;18;336;15;51;45;99;3.20;7;2;1;76;0;5710599;433;0
147;18;336;15;51;47;2;3.20;6;2;1;76;0;5710702;371;0
147;18;336;15;51;48;99;3.60;3;1;1;76;0;5710899;982;0
147;18;336;15;51;49;28;3.60;6;2;1;74;0;5710928;210;0
147;18;336;15;51;50;99;3.80;5;2;1;82;0;5711099;603;0
147;18;336;15;51;50;99;4.00;7;2;1;80;0;5711099;484;0
147;18;336;15;51;50;99;3.60;1;1;1;79;0;5711099;1582;0
147;18;336;15;51;50;99;3.40;6;2;1;76;0;5711099;153;0
147;18;336;15;51;50;99;3.40;3;1;1;69;0;5711099;182;0
147;18;336;15;51;51;0;3.60;5;2;1;85;0;5711100;-1;0
147;18;336;15;51;51;99;3.80;7;2;1;86;0;5711199;82;0
147;18;336;15;51;51;99;3.40;2;1;1;66;0;5711199;701;0
147;18;336;15;51;52;58;3.80;3;1;1;67;0;5711258;141;0
147;18;336;15;51;53;99;3.80;2;1;1;80;0;5711399;181;0
147;18;336;15;51;54;63;3.60;3;1;1;68;0;5711463;184;0
147;18;336;15;51;55;99;3.60;6;2;1;76;0;5711599;483;0
147;18;336;15;51;55;99;4.00;5;2;1;86;0;5711599;483;0
147;18;336;15;51;55;99;5.20;4;1;1;79;0;5711599;1127;0
147;18;336;15;51;56;99;4.20;7;2;1;81;0;5711699;484;0
147;18;336;15;51;57;9;3.40;1;1;1;80;0;5711709;593;0
147;18;336;15;51;57;6;3.20;3;1;1;72;0;5711706;223;0
147;18;336;15;51;58;99;2.80;5;2;1;91;0;5711899;283;0
147;18;336;15;51;58;99;3.80;6;2;1;79;0;5711899;282;0
147;18;336;15;51;59;7;3.40;3;1;1;72;0;5711907;185;0
147;18;336;15;51;59;27;4.00;2;1;1;81;0;5711927;510;0
147;18;336;15;51;59;41;3.80;6;2;1;77;0;5711941;24;0
147;18;336;15;51;59;55;4.60;4;1;1;80;0;5711955;332;0
147;18;336;15;52;0;99;3.40;3;1;1;77;0;5712099;175;0
147;18;336;15;52;1;6;3.60;6;2;1;80;0;5712106;147;0
147;18;336;15;52;2;31;4.00;6;2;1;77;0;5712231;108;0
147;18;336;15;52;2;39;3.40;2;1;1;79;0;5712239;294;0
147;18;336;15;52;2;86;3.20;4;1;1;85;0;5712286;310;0
147;18;336;15;52;2;99;3.60;5;2;1;84;0;5712299;388;0
147;18;336;15;52;3;99;3.20;3;1;1;81;0;5712399;284;0
147;18;336;15;52;4;99;3.20;8;2;1;79;0;5712499;4680;0
147;18;336;15;52;6;21;3.40;2;1;1;82;0;5712621;366;0
147;18;336;15;52;6;99;3.80;8;2;1;79;0;5712699;185;0
147;18;336;15;52;6;99;5.00;4;1;1;78;0;5712699;399;0
147;18;336;15;52;7;4;3.80;6;2;1;80;0;5712704;454;0
147;18;336;15;52;8;15;3.60;6;2;1;80;0;5712815;93;0
147;18;336;15;52;11;99;3.20;4;1;1;79;0;5713199;476;0
147;18;336;15;52;11;99;3.40;3;1;1;75;0;5713199;785;0
147;18;336;15;52;11;99;3.00;6;2;1;79;0;5713199;367;0
147;18;336;15;52;11;99;3.20;4;1;1;80;0;5713199;-1;0
147;18;336;15;52;12;14;3.60;3;1;1;77;0;5713214;-1;0
147;18;336;15;52;12;35;3.60;2;1;1;70;0;5713235;599;0
147;18;336;15;52;12;75;3.20;7;2;1;83;0;5713275;1557;0
147;18;336;15;52;13;11;3.20;2;1;1;70;0;5713311;57;0
147;18;336;15;52;13;19;3.80;6;2;1;76;0;5713319;106;0
147;18;336;15;52;14;3;3.00;2;1;1;67;0;5713403;75;0
147;18;336;15;52;14;1;5.00;7;2;1;77;0;5713401;112;0
147;18;336;15;52;15;65;3.60;2;1;1;69;0;5713565;145;0
147;18;336;15;52;15;89;3.00;4;1;1;83;0;5713589;375;0
147;18;336;15;52;16;6;3.40;3;1;1;73;0;5713606;375;0
147;18;336;15;52;16;99;3.60;1;1;1;80;0;5713699;1974;0
147;18;336;15;52;16;99;3.40;7;2;1;73;0;5713699;274;0
147;18;336;15;52;17;99;4.00;2;1;1;70;0;5713799;215;0
147;18;336;15;52;18;15;4.00;5;2;1;81;0;5713815;1500;0
147;18;336;15;52;18;99;3.00;7;2;1;77;0;5713899;183;0
147;18;336;15;52;18;99;4.80;3;1;1;75;0;5713899;276;0
147;18;336;15;52;19;14;3.40;2;1;1;73;0;5713914;94;0
147;18;336;15;52;19;99;3.80;4;1;1;84;0;5713999;396;0
147;18;336;15;52;20;52;3.80;7;2;1;82;0;5714052;138;0
147;18;336;15;52;20;48;3.80;2;1;1;70;0;5714048;117;0
147;18;336;15;52;20;95;3.00;3;1;1;76;0;5714095;172;0
147;18;336;15;52;21;99;4.00;1;1;1;77;0;5714199;483;0
147;18;336;15;52;21;99;3.60;6;2;1;73;0;5714199;862;0
147;18;336;15;52;22;18;3.60;7;2;1;72;0;5714218;149;0
147;18;336;15;52;22;99;3.80;5;2;1;79;0;5714299;466;0
147;18;336;15;52;22;99;3.40;3;1;1;74;0;5714299;189;0
147;18;336;15;52;23;3;4.40;6;2;1;75;0;5714303;86;0
147;18;336;15;52;23;99;3.20;5;2;1;80;0;5714399;82;0
147;18;336;15;52;24;1;3.60;3;1;1;72;0;5714401;85;0
147;18;336;15;52;24;8;4.00;1;1;1;76;0;5714408;190;0
147;18;336;15;52;24;99;3.40;7;2;1;75;0;5714499;263;0
147;18;336;15;52;24;0;3.40;5;2;1;80;0;5714400;-1;0
147;18;336;15;52;25;39;3.20;3;1;1;71;0;5714539;120;5713899
147;18;336;15;52;25;84;3.80;4;1;1;79;0;5714584;568;0
147;18;336;15;52;27;3;3.60;3;1;1;80;0;5714703;147;5713899
147;18;336;15;52;28;11;3.60;4;1;1;82;0;5714811;209;0
147;18;336;15;52;28;87;3.80;6;2;1;84;0;5714887;562;0
147;18;336;15;52;28;99;3.40;8;2;1;69;0;5714899;2182;0
147;18;336;15;52;30;7;3.80;5;2;1;87;0;5715007;591;0
147;18;336;15;52;30;58;3.40;3;1;1;77;0;5715058;338;0
147;18;336;15;52;30;76;3.40;7;2;1;73;0;5715076;560;0
147;18;336;15;52;31;11;3.40;6;2;1;86;0;5715111;207;0
147;18;336;15;52;32;9;3.60;2;1;1;79;0;5715209;1141;0
147;18;336;15;52;32;3;4.80;7;2;1;75;0;5715203;110;0
147;18;336;15;52;33;72;3.60;6;2;1;83;0;5715372;246;0
147;18;336;15;52;33;99;3.40;4;1;1;84;0;5715399;572;0
147;18;336;15;52;34;99;3.40;2;1;1;74;0;5715499;273;0
147;18;336;15;52;35;2;3.80;7;2;1;83;0;5715502;275;0
147;18;336;15;52;37;7;3.60;2;1;1;74;0;5715707;191;0
147;18;336;15;52;37;99;4.00;8;2;1;82;0;5715799;882;0
147;18;336;15;52;38;11;3.40;4;1;1;83;0;5715811;397;0
147;18;336;15;52;38;12;3.80;2;1;1;77;0;5715812;87;0
147;18;336;15;52;39;20;3.80;6;2;1;88;0;5715920;532;0
147;18;336;15;52;40;26;3.40;3;1;1;80;0;5716026;952;0
147;18;336;15;52;41;99;3.40;1;1;1;70;0;5716199;1772;0
147;18;336;15;52;43;7;3.60;4;1;1;83;0;5716307;481;0
147;18;336;15;52;43;55;3.60;3;1;1;79;0;5716355;313;0
147;18;336;15;52;44;99;3.40;6;2;1;72;0;5716499;563;0
147;18;336;15;52;45;3;3.40;1;1;1;77;0;5716503;286;0
147;18;336;15;52;45;9;3.60;8;2;1;83;0;5716509;692;0
147;18;336;15;52;45;99;3.60;5;2;1;87;0;5716599;1576;0
147;18;336;15;52;45;1;3.60;3;1;1;82;0;5716501;129;0
147;18;336;15;52;45;36;4.00;4;1;1;83;0;5716536;213;0
147;18;336;15;52;46;99;3.60;6;2;1;73;0;5716699;183;0
147;18;336;15;52;46;99;3.40;8;2;1;68;0;5716699;174;0
147;18;336;15;52;47;99;3.40;7;2;1;70;0;5716799;1280;0
147;18;336;15;52;47;99;3.40;6;2;1;72;0;5716799;82;0
147;18;336;15;52;48;83;3.80;6;2;1;72;0;5716883;67;0
147;18;336;15;52;49;99;4.60;7;2;1;79;0;5716999;182;0
147;18;336;15;52;50;99;3.40;6;2;1;71;0;5717099;197;5716499
147;18;336;15;52;51;99;3.80;5;2;1;77;0;5717199;585;0
147;18;336;15;52;52;7;3.40;6;2;1;65;0;5717207;90;5716499
147;18;336;15;52;53;34;3.60;2;1;1;82;0;5717334;1504;0
147;18;336;15;52;53;67;3.00;3;1;1;72;0;5717367;850;0
147;18;336;15;52;54;17;3.60;5;2;1;80;0;5717417;200;0
147;18;336;15;52;54;99;3.60;6;2;1;74;0;5717499;273;0
147;18;336;15;52;56;80;3.40;2;1;1;77;0;5717680;330;0
147;18;336;15;52;57;99;3.40;8;2;1;81;0;5717799;1082;0
147;18;336;15;52;57;99;3.60;2;1;1;77;0;5717799;103;0
147;18;336;15;52;58;5;3.80;5;2;1;73;0;5717805;371;0
147;18;336;15;52;59;12;3.40;8;2;1;71;0;5717912;97;0
147;18;336;15;52;59;99;3.40;2;1;1;85;0;5717999;183;0
147;18;336;15;52;59;99;3.80;3;1;1;70;0;5717999;617;0
147;18;336;15;53;0;13;3.60;7;2;1;75;0;5718013;993;0
147;18;336;15;53;0;99;3.20;6;2;1;76;0;5718099;582;0
147;18;336;15;53;0;18;3.40;2;1;1;77;0;5718018;4;0
147;18;336;15;53;1;20;3.80;4;1;1;79;0;5718120;1566;0
147;18;336;15;53;1;69;2.80;7;2;1;75;0;5718169;138;0
147;18;336;15;53;1;79;4.60;3;1;1;70;0;5718179;160;0
147;18;336;15;53;2;99;3.40;2;1;1;72;0;5718299;265;0
147;18;336;15;53;3;99;3.60;7;2;1;75;0;5718399;216;0
147;18;336;15;53;3;99;3.20;3;1;1;69;0;5718399;196;0
147;18;336;15;53;3;64;3.60;5;2;1;81;0;5718364;540;0
147;18;336;15;53;4;94;3.00;7;2;1;74;0;5718494;77;0
147;18;336;15;53;4;99;3.80;6;2;1;74;0;5718499;384;0
147;18;336;15;53;4;99;3.40;5;2;1;81;0;5718499;119;0
147;18;336;15;53;4;99;3.60;2;1;1;73;0;5718499;183;0
147;18;336;15;53;5;15;3.60;4;1;1;78;0;5718515;377;0
147;18;336;15;53;6;48;3.60;6;2;1;81;0;5718648;130;0
147;18;336;15;53;6;56;3.20;3;1;1;69;0;5718656;240;0
147;18;336;15;53;6;73;3.60;4;1;1;79;0;5718673;141;0
147;18;336;15;53;7;5;3.60;2;1;1;70;0;5718705;188;0
147;18;336;15;53;8;3;4.40;4;1;1;79;0;5718803;113;0
147;18;336;15;53;8;14;3.60;6;2;1;78;0;5718814;150;0
147;18;336;15;53;8;99;3.60;3;1;1;68;0;5718899;226;0
147;18;336;15;53;8;99;3.60;2;1;1;73;0;5718899;175;0
147;18;336;15;53;9;99;3.20;2;1;1;73;0;5718999;82;5718299
147;18;336;15;53;9;99;3.80;7;2;1;77;0;5718999;490;0
147;18;336;15;53;10;11;3.80;5;2;1;83;0;5719011;496;0
147;18;336;15;53;11;10;3.80;5;2;1;83;0;5719110;82;0
147;18;336;15;53;11;89;3.60;2;1;1;78;0;5719189;174;5718299
147;18;336;15;53;11;89;4.20;5;2;1;80;0;5719189;62;5718299
147;18;336;15;53;13;38;3.20;2;1;1;76;0;5719338;132;5718299
147;18;336;15;53;14;25;3.80;4;1;1;92;0;5719425;601;0
147;18;336;15;53;14;91;3.60;1;1;1;76;0;5719491;2972;0
147;18;336;15;53;14;99;3.40;7;2;1;82;0;5719499;482;0
147;18;336;15;53;15;99;3.40;6;2;1;73;0;5719599;768;0
147;18;336;15;53;17;3;3.40;5;2;1;80;0;5719703;495;0
147;18;336;15;53;17;99;3.80;6;2;1;69;0;5719799;183;0
147;18;336;15;53;18;99;3.00;6;2;1;68;0;5719899;80;0
147;18;336;15;53;18;99;3.00;7;2;1;79;0;5719899;385;0
147;18;336;15;53;18;4;3.60;5;2;1;85;0;5719804;85;0
147;18;336;15;53;18;1;4.00;8;2;1;83;0;5719801;1871;0
147;18;336;15;53;19;87;3.60;7;2;1;82;0;5719987;74;0
147;18;336;15;53;21;20;4.00;7;2;1;82;0;5720120;117;0
147;18;336;15;53;22;5;3.20;6;2;1;74;0;5720205;290;0
147;18;336;15;53;22;13;4.20;2;1;1;79;0;5720213;859;0
147;18;336;15;53;22;99;3.00;3;1;1;73;0;5720299;1380;0
147;18;336;15;53;23;4;4.00;5;2;1;82;0;5720304;484;0
147;18;336;15;53;23;25;4.00;4;1;1;97;0;5720325;885;0
147;18;336;15;53;24;5;3.80;5;2;1;83;0;5720405;83;0
147;18;336;15;53;25;9;3.20;1;1;1;79;0;5720509;1000;0
147;18;336;15;53;25;99;3.80;6;2;1;85;0;5720599;378;0
147;18;336;15;53;25;99;3.80;4;1;1;90;0;5720599;259;0
147;18;336;15;53;26;23;3.60;5;2;1;87;0;5720623;201;0
147;18;336;15;53;26;29;5.00;8;2;1;75;0;5720629;810;0
147;18;336;15;53;28;4;3.00;1;1;1;66;0;5720804;280;0
147;18;336;15;53;29;5;3.80;2;1;1;80;0;5720905;672;0
147;18;336;15;53;29;38;3.60;8;2;1;72;0;5720938;285;0
147;18;336;15;53;29;70;3.40;6;2;1;76;0;5720970;354;0
147;18;336;15;53;30;99;4.00;7;2;1;78;0;5721099;961;0
147;18;336;15;53;30;99;4.00;5;2;1;78;0;5721099;461;0
147;18;336;15;53;30;99;3.60;2;1;1;74;0;5721099;176;0
147;18;336;15;53;31;1;3.60;8;2;1;74;0;5721101;145;0
147;18;336;15;53;31;7;3.80;3;1;1;74;0;5721107;793;0
147;18;336;15;53;32;98;3.40;2;1;1;69;0;5721298;181;0
147;18;336;15;53;32;99;3.80;6;2;1;72;0;5721299;312;0
147;18;336;15;53;32;99;3.20;7;2;1;80;0;5721299;181;0
147;18;336;15;53;32;99;3.60;3;1;1;72;0;5721299;173;0
147;18;336;15;53;33;11;3.20;8;2;1;73;0;5721311;192;0
147;18;336;15;53;34;3;3.60;2;1;1;71;0;5721403;87;0
147;18;336;15;53;34;10;3.60;7;2;1;79;0;5721410;96;0
147;18;336;15;53;34;17;4.60;3;1;1;74;0;5721417;100;0
147;18;336;15;53;34;43;3.80;5;2;1;91;0;5721443;325;0
147;18;336;15;53;34;79;4.00;4;1;1;81;0;5721479;864;0
147;18;336;15;53;35;99;4.60;7;2;1;82;0;5721599;172;0
147;18;336;15;53;36;12;3.60;2;1;1;74;0;5721612;190;5720905
147;18;336;15;53;36;99;3.40;4;1;1;84;0;5721699;202;0
147;18;336;15;53;37;99;3.60;7;2;1;81;0;5721799;179;5721099
147;18;336;15;53;37;99;7.00;3;1;1;74;0;5721799;359;0
147;18;336;15;53;37;99;3.20;6;2;1;70;0;5721799;481;0
147;18;336;15;53;38;99;2.80;2;1;1;79;0;5721899;269;0
147;18;336;15;53;38;99;4.00;3;1;1;71;0;5721899;65;0
147;18;336;15;53;39;4;3.40;6;2;1;66;0;5721904;88;0
147;18;336;15;53;39;42;3.40;5;2;1;76;0;5721942;483;0
147;18;336;15;53;40;99;3.40;7;2;1;68;0;5722099;284;0
147;18;336;15;53;40;99;3.40;6;2;1;71;0;5722099;176;0
147;18;336;15;53;41;99;4.00;4;1;1;89;0;5722199;485;0
147;18;336;15;53;41;99;3.60;2;1;1;81;0;5722199;287;0
147;18;336;15;53;41;99;3.40;3;1;1;70;0;5722199;279;0
147;18;336;15;53;41;5;3.00;5;2;1;78;0;5722105;146;0
147;18;336;15;53;42;73;3.80;5;2;1;77;0;5722273;154;0
147;18;336;15;53;43;99;3.60;2;1;1;80;0;5722399;184;0
147;18;336;15;53;43;99;3.20;3;1;1;72;0;5722399;182;0
147;18;336;15;53;44;3;3.40;6;2;1;71;0;5722403;286;0
147;18;336;15;53;44;35;3.60;3;1;1;72;0;5722435;20;0
147;18;336;15;53;45;19;4.60;8;2;1;81;0;5722519;1192;0
147;18;336;15;53;45;99;3.60;7;2;1;75;0;5722599;482;0
147;18;336;15;53;45;99;3.00;6;2;1;70;0;5722599;178;0
147;18;336;15;53;46;4;3.80;3;1;1;72;0;5722604;151;0
147;18;336;15;53;46;99;3.60;2;1;1;71;0;5722699;283;0
147;18;336;15;53;46;99;3.60;5;2;1;84;0;5722699;408;0
147;18;336;15;53;46;99;4.00;8;2;1;78;0;5722699;159;0
147;18;336;15;53;47;93;4.00;2;1;1;74;0;5722793;75;0
147;18;336;15;53;48;13;3.80;4;1;1;79;0;5722813;597;0
147;18;336;15;53;48;20;3.20;6;2;1;76;0;5722820;205;0
147;18;336;15;53;48;99;3.40;3;1;1;73;0;5722899;276;0
147;18;336;15;53;49;44;3.40;4;1;1;80;0;5722944;113;0
147;18;336;15;53;50;99;3.60;2;1;1;72;0;5723099;286;0
147;18;336;15;53;50;99;3.40;6;2;1;76;0;5723099;263;0
147;18;336;15;53;51;99;3.80;2;1;1;70;0;5723199;82;0
147;18;336;15;53;52;53;3.60;7;2;1;77;0;5723253;636;0
147;18;336;15;53;53;17;3.80;2;1;1;74;0;5723317;98;0
147;18;336;15;53;53;99;3.40;8;2;1;79;0;5723399;681;0
147;18;336;15;53;53;99;3.40;7;2;1;74;0;5723399;129;0
147;18;336;15;53;54;99;3.80;6;2;1;82;0;5723499;383;0
147;18;336;15;53;54;32;3.80;3;1;1;84;0;5723432;516;0
147;18;336;15;53;54;36;3.60;2;1;1;67;0;5723436;100;0
147;18;336;15;53;56;99;3.20;2;1;1;65;0;5723699;243;0
147;18;336;15;53;57;14;3.00;1;1;1;75;0;5723714;2893;0
147;18;336;15;53;58;19;3.40;2;1;1;72;0;5723819;102;0
147;18;336;15;53;58;99;3.60;3;1;1;73;0;5723899;450;0
147;18;336;15;53;59;99;3.40;7;2;1;83;0;5723999;583;0
147;18;336;15;53;59;17;3.40;6;2;1;77;0;5723917;401;0
147;18;336;15;53;59;32;4.00;3;1;1;80;0;5723932;15;0
147;18;336;15;54;0;72;4.20;5;2;1;82;0;5724072;1357;0
147;18;336;15;54;1;1;3.00;6;2;1;75;0;5724101;168;0
147;18;336;15;54;0;99;3.40;1;1;1;65;0;5724099;370;0
147;18;336;15;54;1;99;3.40;2;1;1;75;0;5724199;363;0
147;18;336;15;54;2;17;3.00;6;2;1;75;0;5724217;101;0
147;18;336;15;54;2;49;3.00;5;2;1;82;0;5724249;158;0
147;18;336;15;54;3;99;4.00;5;2;1;81;0;5724399;136;0
147;18;336;15;54;4;4;3.00;6;2;1;70;0;5724404;172;0
147;18;336;15;54;4;99;3.20;3;1;1;73;0;5724499;549;0
147;18;336;15;54;4;99;3.20;7;2;1;73;0;5724499;485;0
147;18;336;15;54;5;37;3.40;7;2;1;76;0;5724537;22;0
147;18;336;15;54;6;99;3.60;5;2;1;81;0;5724699;282;0
147;18;336;15;54;6;99;3.40;6;2;1;76;0;5724699;279;0
147;18;336;15;54;8;99;3.40;5;2;1;77;0;5724899;184;0
147;18;336;15;54;8;99;3.40;6;2;1;75;0;5724899;183;0
147;18;336;15;54;10;9;3.40;5;2;1;77;0;5725009;94;0
147;18;336;15;54;10;67;25.40;7;2;5;72;0;5725067;513;0
147;18;336;15;54;11;99;3.20;3;1;1;76;0;5725199;684;0
147;18;336;15;54;12;10;3.80;6;2;1;72;0;5725210;294;0
147;18;336;15;54;12;99;3.20;2;1;1;77;0;5725299;1083;0
147;18;336;15;54;13;92;3.40;7;2;1;74;0;5725392;198;0
147;18;336;15;54;13;99;3.00;6;2;1;77;0;5725399;170;0
147;18;336;15;54;13;99;3.40;5;2;1;81;0;5725399;374;0
147;18;336;15;54;14;99;3.80;5;2;1;81;0;5725499;84;0
147;18;336;15;54;14;99;3.80;7;2;1;74;0;5725499;90;0
147;18;336;15;54;15;5;3.40;6;2;1;77;0;5725505;91;0
147;18;336;15;54;16;16;3.00;6;2;1;74;0;5725616;95;0
147;18;336;15;54;17;4;4.00;3;1;1;92;0;5725704;489;0
147;18;336;15;54;17;11;4.60;7;2;1;73;0;5725711;193;0
147;18;336;15;54;17;27;3.80;6;2;1;80;0;5725727;96;5725210
147;18;336;15;54;17;39;3.60;3;1;1;74;0;5725739;19;5725210
147;18;336;15;54;18;73;3.60;2;1;1;73;0;5725873;559;0
147;18;336;15;54;18;96;3.60;5;2;1;85;0;5725896;380;0
147;18;336;15;54;18;99;3.60;4;1;1;86;0;5725899;2939;0
147;18;336;15;54;18;99;3.40;1;1;1;72;0;5725899;1781;0
147;18;336;15;54;18;39;6.80;7;2;1;46;0;5725839;105;5725067
147;18;336;15;54;20;20;3.40;6;2;1;74;0;5726020;275;0
147;18;336;15;54;20;23;3.00;5;2;1;75;0;5726023;111;0
147;18;336;15;54;20;44;3.20;1;1;1;71;0;5726044;128;0
147;18;336;15;54;20;59;3.40;3;1;1;78;0;5726059;302;0
147;18;336;15;54;21;99;4.80;7;2;1;76;0;5726199;306;0
147;18;336;15;54;21;99;3.60;2;1;1;74;0;5726199;308;0
147;18;336;15;54;21;99;4.20;7;2;1;84;0;5726199;-1;0
147;18;336;15;54;22;99;4.00;4;1;1;88;0;5726299;384;0
147;18;336;15;54;23;46;5.80;7;2;1;78;0;5726346;129;0
147;18;336;15;54;23;70;4.40;2;1;1;74;0;5726370;153;0
147;18;336;15;54;24;15;3.40;2;1;1;72;0;5726415;23;0
147;18;336;15;54;24;99;4.00;3;1;1;69;0;5726499;424;0
147;18;336;15;54;25;4;3.60;5;2;1;77;0;5726504;466;0
147;18;336;15;54;25;3;8.60;7;2;2;62;0;5726503;130;0
147;18;336;15;54;26;99;3.40;3;1;1;69;0;5726699;179;0
147;18;336;15;54;26;99;4.00;1;1;1;69;0;5726699;638;0
147;18;336;15;54;26;99;3.20;4;1;1;76;0;5726699;383;0
147;18;336;15;54;26;99;4.20;5;2;1;79;0;5726699;178;0
147;18;336;15;54;27;99;3.60;7;2;1;75;0;5726799;246;0
147;18;336;15;54;27;99;3.60;3;1;1;70;0;5726799;82;0
147;18;336;15;54;27;15;3.40;6;2;1;78;0;5726715;678;0
147;18;336;15;54;27;15;3.20;2;1;1;71;0;5726715;283;0
147;18;336;15;54;28;99;4.20;8;2;1;90;0;5726899;3484;0
147;18;336;15;54;30;14;3.40;3;1;1;77;0;5727014;196;0
147;18;336;15;54;30;99;3.80;1;1;1;84;0;5727099;379;0
147;18;336;15;54;30;37;4.80;5;2;1;79;0;5727037;318;0
147;18;336;15;54;30;58;3.80;6;2;1;72;0;5727058;327;0
147;18;336;15;54;33;22;3.60;5;2;1;93;0;5727322;263;0
147;18;336;15;54;33;33;3.60;6;2;1;73;0;5727333;256;0
147;18;336;15;54;34;99;3.40;4;1;1;86;0;5727499;784;0
147;18;336;15;54;34;99;3.60;1;1;1;78;0;5727499;383;0
147;18;336;15;54;34;99;3.60;2;1;1;86;0;5727499;767;0
147;18;336;15;54;34;99;3.20;3;1;1;74;0;5727499;469;0
147;18;336;15;54;34;38;8.40;7;2;2;56;0;5727438;621;0
147;18;336;15;54;35;30;4.40;6;2;1;97;0;5727530;179;0
147;18;336;15;54;36;12;3.40;3;1;1;76;0;5727612;97;0
147;18;336;15;54;36;17;3.60;8;2;1;76;0;5727617;701;0
147;18;336;15;54;36;11;5.80;2;1;1;81;0;5727611;96;0
147;18;336;15;54;36;78;5.60;4;1;1;85;0;5727678;164;0
147;18;336;15;54;36;99;3.40;6;2;1;76;0;5727699;152;0
147;18;336;15;54;37;99;3.80;5;2;1;84;0;5727799;463;0
147;18;336;15;54;38;94;3.20;6;2;1;75;0;5727894;178;0
147;18;336;15;54;38;96;3.60;4;1;1;84;0;5727896;194;0
147;18;336;15;54;40;99;3.60;7;2;1;74;0;5728099;607;0
147;18;336;15;54;40;99;3.80;6;2;1;79;0;5728099;189;5727333
147;18;336;15;54;41;91;3.20;6;2;1;78;0;5728191;74;5727333
147;18;336;15;54;42;99;3.60;6;2;1;78;0;5728299;93;5727333
147;18;336;15;54;42;99;3.60;4;1;1;80;0;5728299;387;0
147;18;336;15;54;43;18;4.00;7;2;1;82;0;5728318;201;0
147;18;336;15;54;43;39;3.40;2;1;1;76;0;5728339;702;0
147;18;336;15;54;43;74;3.60;4;1;1;77;0;5728374;58;0
147;18;336;15;54;43;69;3.00;3;1;1;66;0;5728369;740;0
147;18;336;15;54;45;8;3.00;4;1;1;77;0;5728508;117;0
147;18;336;15;54;46;4;4.80;3;1;1;69;0;5728604;218;0
147;18;336;15;54;47;99;3.20;4;1;1;79;0;5728799;276;0
147;18;336;15;54;47;99;3.20;6;2;1;76;0;5728799;483;0
147;18;336;15;54;47;99;3.40;1;1;1;77;0;5728799;1283;0
147;18;336;15;54;48;99;3.80;2;1;1;68;0;5728899;543;0
147;18;336;15;54;48;24;4.00;5;2;1;75;0;5728824;1008;0
147;18;336;15;54;48;29;3.40;3;1;1;72;0;5728829;199;0
147;18;336;15;54;49;99;4.00;5;2;1;78;0;5728999;155;0
147;18;336;15;54;50;3;3.40;2;1;1;67;0;5729003;83;0
147;18;336;15;54;50;99;3.80;5;2;1;77;0;5729099;81;0
147;18;336;15;54;50;99;3.20;3;1;1;71;0;5729099;253;0
147;18;336;15;54;51;9;3.20;6;2;1;72;0;5729109;294;0
147;18;336;15;54;51;56;4.00;8;2;1;71;0;5729156;1521;0
147;18;336;15;54;51;91;3.80;5;2;1;82;0;5729191;74;0
147;18;336;15;54;51;99;2.80;2;1;1;69;0;5729199;177;0
147;18;336;15;54;52;99;3.00;6;2;1;72;0;5729299;174;0
147;18;336;15;54;53;20;3.60;4;1;1;77;0;5729320;506;0
147;18;336;15;54;53;99;3.80;2;1;1;76;0;5729399;185;0
147;18;336;15;54;54;21;3.00;6;2;1;75;0;5729421;107;0
147;18;336;15;54;55;5;3.60;2;1;1;74;0;5729505;88;5728899
147;18;336;15;54;55;99;3.40;5;2;1;83;0;5729599;391;0
147;18;336;15;54;55;99;3.40;4;1;1;80;0;5729599;262;0
147;18;336;15;54;55;99;3.80;6;2;1;78;0;5729599;163;0
147;18;336;15;54;56;10;4.00;7;2;1;82;0;5729610;1274;0
147;18;336;15;54;56;48;3.80;5;2;1;82;0;5729648;34;0
147;18;336;15;54;56;73;3.40;2;1;1;74;0;5729673;150;5728899
147;18;336;15;54;57;25;3.80;5;2;1;78;0;5729725;60;5728899
147;18;336;15;54;57;99;4.20;8;2;1;79;0;5729799;622;0
147;18;336;15;54;58;1;4.00;6;2;1;77;0;5729801;184;5729109
147;18;336;15;54;58;99;8.20;7;2;1;64;0;5729899;271;0
147;18;336;15;54;58;37;5.00;2;1;1;74;0;5729837;147;5728899
147;18;336;15;54;59;99;3.60;5;2;1;77;0;5729999;256;0
147;18;336;15;55;0;2;3.20;2;1;1;73;0;5730002;140;5728899
147;18;336;15;55;1;40;3.60;6;2;1;78;0;5730140;320;0
147;18;336;15;55;1;42;3.60;2;1;1;74;0;5730142;124;5728899
147;18;336;15;55;2;99;4.00;3;1;1;79;0;5730299;1183;0
147;18;336;15;55;2;99;3.60;4;1;1;93;0;5730299;684;0
147;18;336;15;55;2;99;3.80;6;2;1;73;0;5730299;142;0
147;18;336;15;55;4;71;3.40;7;2;1;77;0;5730471;525;0
147;18;336;15;55;4;99;3.60;6;2;1;72;0;5730499;181;0
147;18;336;15;55;5;99;3.60;5;2;1;80;0;5730599;583;0
147;18;336;15;55;4;97;8.40;3;1;6;75;0;5730497;179;0
147;18;336;15;55;5;99;4.40;6;2;1;74;0;5730599;82;0
147;18;336;15;55;6;52;3.20;7;2;1;75;0;5730652;165;0
147;18;336;15;55;7;99;3.60;2;1;1;79;0;5730799;639;0
147;18;336;15;55;7;99;3.20;4;1;1;76;0;5730799;486;0
147;18;336;15;55;8;99;3.40;3;1;1;73;0;5730899;361;0
147;18;336;15;55;9;77;3.20;5;2;1;81;0;5730977;361;0
147;18;336;15;55;9;70;4.00;4;1;1;74;0;5730970;155;0
147;18;336;15;55;10;14;3.60;2;1;1;78;0;5731014;198;0
147;18;336;15;55;10;25;3.20;6;2;1;76;0;5731025;404;0
147;18;336;15;55;10;99;3.40;4;1;1;81;0;5731099;109;0
147;18;336;15;55;11;27;3.40;4;1;1;79;0;5731127;12;0
147;18;336;15;55;11;68;3.60;6;2;1;77;0;5731168;127;0
147;18;336;15;55;11;67;3.40;2;1;1;73;0;5731167;136;0
147;18;336;15;55;13;4;3.40;2;1;1;73;0;5731304;120;0
147;18;336;15;55;14;5;3.20;6;2;1;79;0;5731405;220;0
147;18;336;15;55;14;59;4.00;5;2;1;79;0;5731459;467;0
147;18;336;15;55;14;91;3.00;2;1;1;74;0;5731491;170;5730799
147;18;336;15;55;15;99;3.40;3;1;1;76;0;5731599;683;0
147;18;336;15;55;15;99;3.80;4;1;1;83;0;5731599;456;0
147;18;336;15;55;15;99;4.00;7;2;1;82;0;5731599;931;0
147;18;336;15;55;18;25;3.20;3;1;1;76;0;5731825;209;0
147;18;336;15;55;18;23;3.80;6;2;1;82;0;5731823;403;0
147;18;336;15;55;19;36;3.60;3;1;1;77;0;5731936;95;0
147;18;336;15;55;20;15;3.60;3;1;1;75;0;5732015;62;0
147;18;336;15;55;20;99;3.80;2;1;1;81;0;5732099;593;0
147;18;336;15;55;20;93;1.00;7;2;1;1;1;5732093;476;0
147;18;336;15;55;23;21;3.40;4;1;1;85;0;5732321;705;0
147;18;336;15;55;23;99;3.80;2;1;1;80;0;5732399;283;0
147;18;336;15;55;23;99;3.60;3;1;1;75;0;5732399;366;0
147;18;336;15;55;25;99;3.40;3;1;1;77;0;5732599;182;0
147;18;336;15;55;27;96;3.60;6;2;1;83;0;5732796;956;0
147;18;336;15;55;29;57;3.80;4;1;1;83;0;5732957;621;0
147;18;336;15;55;30;16;3.80;6;2;1;78;0;5733016;204;0
147;18;336;15;55;28;10;4.20;7;2;1;16;0;5732810;1193;0
147;18;336;15;55;31;99;4.00;3;1;1;81;0;5733199;584;0
147;18;336;15;55;32;7;2.80;2;1;1;70;0;5733207;790;0
147;18;336;15;55;32;53;3.40;6;2;1;74;0;5733253;219;0
147;18;336;15;55;33;10;5.00;4;1;1;87;0;5733310;336;0
147;18;336;15;55;33;99;3.80;2;1;1;69;0;5733399;177;0
147;18;336;15;55;35;99;3.40;6;2;1;79;0;5733599;329;0
147;18;336;15;55;35;99;3.20;1;1;1;67;0;5733599;4784;0
147;18;336;15;55;36;15;3.80;2;1;1;74;0;5733615;196;0
147;18;336;15;55;35;81;1.00;7;2;1;1;1;5733581;676;0
147;18;336;15;55;37;52;4.60;1;1;1;79;0;5733752;135;0
147;18;336;15;55;37;74;3.40;2;1;1;67;0;5733774;140;0
147;18;336;15;55;38;99;3.60;6;2;1;82;0;5733899;284;0
147;18;336;15;55;39;30;4.00;4;1;1;77;0;5733930;599;0
147;18;336;15;55;40;82;4.00;3;1;1;81;0;5734082;865;0
147;18;336;15;55;40;99;3.80;6;2;1;80;0;5734099;184;0
147;18;336;15;55;41;22;3.80;4;1;1;83;0;5734122;173;0
147;18;336;15;55;41;99;3.80;2;1;1;75;0;5734199;406;0
147;18;336;15;55;42;2;3.60;3;1;1;72;0;5734202;102;0
147;18;336;15;55;42;36;3.80;6;2;1;79;0;5734236;119;0
147;18;336;15;55;42;51;3.20;2;1;1;74;0;5734251;33;0
147;18;336;15;55;43;99;3.20;3;1;1;76;0;5734399;179;0
147;18;336;15;55;43;99;4.00;2;1;1;94;0;5734399;132;0
147;18;336;15;55;43;99;3.20;6;2;1;83;0;5734399;145;0
147;18;336;15;55;45;15;3.80;2;1;1;77;0;5734515;100;0
147;18;336;15;55;46;25;4.20;5;2;1;90;0;5734625;3147;0
147;18;336;15;55;46;99;3.20;2;1;1;78;0;5734699;166;5734199
147;18;336;15;55;46;99;3.80;6;2;1;82;0;5734699;286;0
147;18;336;15;55;48;99;3.80;2;1;1;78;0;5734899;185;5734199
147;18;336;15;55;48;99;15.60;7;1;5;62;0;5734899;394597;0
147;18;336;15;55;49;99;2.40;7;1;1;53;0;5734999;9;0
147;18;336;15;55;50;4;2.80;4;1;1;75;0;5735004;865;0
147;18;336;15;55;50;20;4.20;8;2;1;96;0;5735020;5201;0
147;18;336;15;55;49;99;24.20;6;2;5;77;0;5734999;283;0
147;18;336;15;55;50;69;3.80;5;2;1;82;0;5735069;427;0
147;18;336;15;55;50;75;3.80;1;1;1;75;0;5735075;1302;0
147;18;336;15;55;51;2;3.60;4;1;1;79;0;5735102;84;0
147;18;336;15;55;51;18;3.00;1;1;1;76;0;5735118;24;0
147;18;336;15;55;52;12;3.60;2;1;1;78;0;5735212;295;0
147;18;336;15;55;52;68;3.20;4;1;1;81;0;5735268;149;0
147;18;336;15;55;52;61;4.00;7;2;1;79;0;5735261;2356;0
147;18;336;15;55;53;99;3.40;5;2;1;79;0;5735399;313;0
147;18;336;15;55;53;99;5.20;7;2;1;75;0;5735399;119;0
147;18;336;15;55;53;99;3.40;1;1;1;73;0;5735399;266;0
147;18;336;15;55;54;99;3.40;6;2;1;77;0;5735499;386;0
147;18;336;15;55;54;99;3.00;4;1;1;83;0;5735499;216;0
147;18;336;15;55;54;1;3.80;7;2;1;75;0;5735401;-1;0
147;18;336;15;55;55;2;3.60;3;1;1;75;0;5735502;1087;0
147;18;336;15;55;56;7;3.60;3;1;1;73;0;5735607;87;0
147;18;336;15;55;56;99;3.40;7;2;1;71;0;5735699;279;0
147;18;336;15;55;57;14;3.40;1;1;1;84;0;5735714;298;0
147;18;336;15;55;57;99;3.60;3;1;1;65;0;5735799;174;0
147;18;336;15;55;58;99;4.00;6;2;1;76;0;5735899;384;0
147;18;336;15;55;58;99;4.00;5;2;1;83;0;5735899;484;0
147;18;336;15;56;0;38;4.00;3;1;1;78;0;5736038;219;0
147;18;336;15;56;0;40;3.60;6;2;1;80;0;5736040;122;0
147;18;336;15;56;2;9;3.20;4;1;1;87;0;5736209;696;0
147;18;336;15;56;4;99;3.40;3;1;1;71;0;5736499;442;0
147;18;336;15;56;4;99;3.60;6;2;1;83;0;5736499;442;0
147;18;336;15;56;5;33;2.80;2;1;1;78;0;5736533;1304;0
147;18;336;15;56;5;77;3.20;3;1;1;72;0;5736577;60;0
147;18;336;15;56;6;99;3.20;3;1;1;72;0;5736699;106;0
147;18;336;15;56;6;99;3.20;4;1;1;83;0;5736699;476;0
147;18;336;15;56;8;11;2.80;2;1;1;79;0;5736811;265;0
147;18;336;15;56;8;15;3.20;4;1;1;82;0;5736815;102;0
147;18;336;15;56;8;99;3.20;3;1;1;74;0;5736899;184;0
147;18;336;15;56;10;48;3.20;2;1;1;78;0;5737048;224;0
147;18;336;15;56;12;99;4.00;6;2;1;77;0;5737299;784;0
147;18;336;15;56;12;27;3.40;2;1;1;79;0;5737227;164;0
147;18;336;15;56;14;20;4.00;7;2;1;79;0;5737420;1703;0
147;18;336;15;56;14;99;4.40;6;2;1;73;0;5737499;181;0
147;18;336;15;56;16;96;3.60;3;1;1;76;0;5737696;781;0
147;18;336;15;56;16;99;3.60;6;2;1;70;0;5737699;178;0
147;18;336;15;56;16;99;3.00;5;2;1;78;0;5737699;1782;0
147;18;336;15;56;17;99;3.00;6;2;1;68;0;5737799;81;0
147;18;336;15;56;17;99;3.60;3;1;1;76;0;5737799;85;0
147;18;336;15;56;18;60;3.20;7;2;1;82;0;5737860;421;0
147;18;336;15;56;18;69;3.80;6;2;1;76;0;5737869;54;5737299
147;18;336;15;56;18;99;3.60;3;1;1;75;0;5737899;82;5737299
147;18;336;15;56;19;99;3.80;3;1;1;71;0;5737999;82;5737299
147;18;336;15;56;20;20;3.60;4;1;1;80;0;5738020;1190;0
147;18;336;15;56;20;28;3.20;6;2;1;74;0;5738028;141;5737299
147;18;336;15;56;20;39;3.40;5;2;1;82;0;5738039;326;0
147;18;336;15;56;21;99;3.80;3;1;1;73;0;5738199;180;5737696
147;18;336;15;56;21;99;3.40;1;1;1;79;0;5738199;2470;0
147;18;336;15;56;22;15;3.20;6;2;1;73;0;5738215;171;5737299
147;18;336;15;56;22;99;3.80;4;1;1;81;0;5738299;262;0
147;18;336;15;56;23;3;4.00;5;2;1;76;0;5738303;249;0
147;18;336;15;56;23;34;3.80;3;1;1;75;0;5738334;116;5737696
147;18;336;15;56;24;3;3.20;2;1;1;73;0;5738403;1160;0
147;18;336;15;56;24;99;3.80;1;1;1;73;0;5738499;284;0
147;18;336;15;56;25;28;3.60;2;1;1;75;0;5738528;109;0
147;18;336;15;56;27;99;4.40;8;2;1;70;0;5738799;3763;0
147;18;336;15;56;27;99;3.40;2;1;1;77;0;5738799;253;0
147;18;336;15;56;28;36;3.40;6;2;1;75;0;5738836;605;0
147;18;336;15;56;29;99;3.80;5;2;1;89;0;5738999;677;0
147;18;336;15;56;31;93;3.80;6;2;1;77;0;5739193;340;0
147;18;336;15;56;31;99;3.60;5;2;1;83;0;5739199;184;0
147;18;336;15;56;32;28;4.60;5;2;1;80;0;5739228;13;0
147;18;336;15;56;33;41;3.20;6;2;1;80;0;5739341;130;0
147;18;336;15;56;34;99;3.60;6;2;1;81;0;5739499;143;0
147;18;336;15;56;35;99;3.80;6;2;1;83;0;5739599;84;0
147;18;336;15;56;36;99;4.20;7;2;1;82;0;5739699;1824;0
147;18;336;15;56;37;99;4.20;2;1;1;92;0;5739799;984;0
147;18;336;15;56;43;99;3.40;6;2;1;74;0;5740399;783;0
147;18;336;15;56;43;55;3.80;2;1;1;77;0;5740355;539;0
147;18;336;15;56;44;99;3.80;5;2;1;84;0;5740499;1250;0
147;18;336;15;56;45;7;4.00;8;2;1;78;0;5740507;1685;0
147;18;336;15;56;45;99;3.40;6;2;1;78;0;5740599;183;0
147;18;336;15;56;45;99;3.60;3;1;1;77;0;5740599;2246;0
147;18;336;15;56;46;29;3.60;6;2;1;79;0;5740629;14;0
147;18;336;15;56;48;24;3.60;3;1;1;79;0;5740824;208;0
147;18;336;15;56;49;12;3.80;6;2;1;80;0;5740912;266;0
147;18;336;15;56;49;99;3.80;2;1;1;81;0;5740999;626;0
147;18;336;15;56;50;6;4.00;4;1;1;80;0;5741006;2690;0
147;18;336;15;56;50;99;3.60;3;1;1;77;0;5741099;258;0
147;18;336;15;56;51;17;3.60;7;2;1;79;0;5741117;1399;0
147;18;336;15;56;52;15;3.80;8;2;1;74;0;5741215;689;0
147;18;336;15;56;52;99;3.40;3;1;1;77;0;5741299;183;0
147;18;336;15;56;53;16;3.40;5;2;1;89;0;5741316;800;0
147;18;336;15;56;54;66;3.80;5;2;1;88;0;5741466;136;0
147;18;336;15;56;54;95;3.60;4;1;1;84;0;5741495;471;0
147;18;336;15;56;55;99;3.60;6;2;1;73;0;5741599;669;0
147;18;336;15;56;55;99;3.80;7;2;1;80;0;5741599;465;0
147;18;336;15;56;56;13;3.40;3;1;1;81;0;5741613;298;0
147;18;336;15;56;56;45;3.60;8;2;1;76;0;5741645;411;0
147;18;336;15;56;59;57;3.80;6;2;1;85;0;5741957;340;0
147;18;336;15;57;0;99;4.00;3;1;1;74;0;5742099;470;0
147;18;336;15;57;1;17;3.00;7;2;1;80;0;5742117;500;0
147;18;336;15;57;1;32;3.00;2;1;1;74;0;5742132;1116;0
147;18;336;15;57;2;99;3.40;3;1;1;75;0;5742299;180;0
147;18;336;15;57;2;99;4.20;6;2;1;81;0;5742299;325;0
147;18;336;15;57;3;14;3.00;3;1;1;74;0;5742314;-1;0
147;18;336;15;57;4;94;7.20;3;1;6;75;0;5742494;165;0
147;18;336;15;57;5;99;3.40;6;2;1;76;0;5742599;281;0
147;18;336;15;57;5;99;3.60;8;2;1;79;0;5742599;936;0
147;18;336;15;57;6;25;3.40;2;1;1;82;0;5742625;478;0
147;18;336;15;57;7;19;3.80;7;2;1;80;0;5742719;588;0
147;18;336;15;57;7;86;3.60;5;2;1;80;0;5742786;1304;0
147;18;336;15;57;8;99;4.20;8;2;1;81;0;5742899;283;0
147;18;336;15;57;8;99;3.60;3;1;1;77;0;5742899;370;0
147;18;336;15;57;9;40;3.80;7;2;1;78;0;5742940;203;0
147;18;336;15;57;9;84;3.60;3;1;1;74;0;5742984;68;0
147;18;336;15;57;10;99;3.80;6;2;1;73;0;5743099;483;0
147;18;336;15;57;10;99;3.80;7;2;1;75;0;5743099;141;0
147;18;336;15;57;11;16;3.80;5;2;1;85;0;5743116;313;0
147;18;336;15;57;11;19;3.80;3;1;1;76;0;5743119;117;0
147;18;336;15;57;11;99;3.60;2;1;1;73;0;5743199;559;0
147;18;336;15;57;12;78;3.40;6;2;1;74;0;5743278;160;0
147;18;336;15;57;12;82;3.60;3;1;1;79;0;5743282;145;0
147;18;336;15;57;12;99;3.40;1;1;1;76;0;5743299;4781;0
147;18;336;15;57;13;99;3.40;7;2;1;74;0;5743399;281;0
147;18;336;15;57;13;99;3.60;5;2;1;82;0;5743399;266;0
147;18;336;15;57;13;99;3.80;6;2;1;69;0;5743399;104;0
147;18;336;15;57;15;99;3.40;5;2;1;79;0;5743599;184;0
147;18;336;15;57;17;22;3.40;5;2;1;83;0;5743722;107;0
147;18;336;15;57;17;59;3.60;6;2;1;71;0;5743759;340;0
147;18;336;15;57;17;99;3.80;7;2;1;73;0;5743799;383;0
147;18;336;15;57;18;99;3.80;7;2;1;81;0;5743899;81;0
147;18;336;15;57;19;15;3.80;5;2;1;78;0;5743915;178;0
147;18;336;15;57;19;19;3.80;3;1;1;74;0;5743919;620;0
147;18;336;15;57;19;35;3.60;6;2;1;72;0;5743935;157;0
147;18;336;15;57;21;13;4.60;6;2;1;76;0;5744113;160;0
147;18;336;15;57;22;24;3.00;2;1;1;76;0;5744224;1007;0
147;18;336;15;57;22;81;4.00;5;2;1;85;0;5744281;348;0
147;18;336;15;57;23;11;3.40;6;2;1;73;0;5744311;176;0
147;18;336;15;57;25;16;3.20;6;2;1;72;0;5744516;188;5743759
147;18;336;15;57;26;11;3.20;6;2;1;73;0;5744611;79;5743759
147;18;336;15;57;26;24;4.00;4;1;1;84;0;5744624;3113;0
147;18;336;15;57;26;99;4.60;7;2;1;77;0;5744699;783;0
147;18;336;15;57;27;14;3.40;3;1;1;68;0;5744714;776;0
147;18;336;15;57;27;49;3.60;5;2;1;80;0;5744749;451;0
147;18;336;15;57;27;81;4.80;8;2;1;77;0;5744781;1863;0
147;18;336;15;57;28;7;3.20;4;1;1;79;0;5744807;165;0
147;18;336;15;57;28;9;3.00;3;1;1;66;0;5744809;77;0
147;18;336;15;57;28;20;3.60;6;2;1;82;0;5744820;193;5743759
147;18;336;15;57;29;0;3.60;6;2;1;79;0;5744900;64;5743759
147;18;336;15;57;29;13;3.40;3;1;1;68;0;5744913;87;5743759
147;18;336;15;57;30;99;3.40;7;2;1;81;0;5745099;378;0
147;18;336;15;57;31;5;3.60;6;2;1;79;0;5745105;188;5743759
147;18;336;15;57;31;18;3.40;2;1;1;78;0;5745118;879;0
147;18;336;15;57;31;12;3.40;3;1;1;69;0;5745112;181;0
147;18;336;15;57;32;25;2.80;6;2;1;79;0;5745225;103;5743759
147;18;336;15;57;33;99;4.60;4;1;1;77;0;5745399;577;0
147;18;336;15;57;33;99;8.40;2;1;6;81;0;5745399;265;0
147;18;336;15;57;33;99;3.80;6;2;1;76;0;5745399;161;5743759
147;18;336;15;57;34;18;3.40;3;1;1;71;0;5745418;288;0
147;18;336;15;57;36;7;3.00;3;1;1;74;0;5745607;171;0
147;18;336;15;57;36;99;3.80;4;1;1;81;0;5745699;278;0
147;18;336;15;57;36;99;7.00;3;1;1;72;0;5745699;77;0
147;18;336;15;57;37;56;3.40;1;1;1;76;0;5745756;2440;0
147;18;336;15;57;38;99;3.60;3;1;1;72;0;5745899;165;0
147;18;336;15;57;38;99;3.20;7;2;1;81;0;5745899;784;0
147;18;336;15;57;39;10;5.20;7;2;1;82;0;5745910;-1;0
147;18;336;15;57;39;99;3.80;6;2;1;70;0;5745999;582;0
147;18;336;15;57;40;5;3.60;3;1;1;72;0;5746005;88;5745418
147;18;336;15;57;40;71;3.60;7;2;1;76;0;5746071;138;5745418
147;18;336;15;57;40;99;3.40;6;2;1;69;0;5746099;80;5745418
147;18;336;15;57;41;99;3.00;3;1;1;66;0;5746199;176;5745418
147;18;336;15;57;42;12;3.60;6;2;1;74;0;5746212;95;5745418
147;18;336;15;57;42;6;3.60;2;1;1;76;0;5746206;769;0
147;18;336;15;57;43;2;3.40;3;1;1;63;0;5746302;86;5745418
147;18;336;15;57;44;26;3.60;4;1;1;79;0;5746426;710;0
147;18;336;15;57;44;99;3.40;6;2;1;77;0;5746499;269;0
147;18;336;15;57;44;99;3.60;5;2;1;76;0;5746499;1733;0
147;18;336;15;57;44;99;3.40;1;1;1;82;0;5746499;726;0
147;18;336;15;57;44;10;5.60;8;2;1;85;0;5746410;1606;0
147;18;336;15;57;45;42;3.20;5;2;1;76;0;5746542;25;0
147;18;336;15;57;45;44;3.80;3;1;1;79;0;5746544;222;0
147;18;336;15;57;45;72;3.80;1;1;1;77;0;5746572;58;0
147;18;336;15;57;46;20;3.60;5;2;1;78;0;5746620;62;0
147;18;336;15;57;46;99;3.20;7;2;1;74;0;5746699;610;0
147;18;336;15;57;47;15;3.60;2;1;1;79;0;5746715;491;0
147;18;336;15;57;47;99;3.20;5;2;1;78;0;5746799;162;0
147;18;336;15;57;48;99;3.80;2;1;1;82;0;5746899;167;0
147;18;336;15;57;48;99;3.40;8;2;1;79;0;5746899;465;0
147;18;336;15;57;49;99;3.60;6;2;1;77;0;5746999;484;0
147;18;336;15;57;49;99;3.60;5;2;1;83;0;5746999;185;5746499
147;18;336;15;57;50;43;3.60;6;2;1;78;0;5747043;27;5746499
147;18;336;15;57;50;88;3.40;5;2;1;82;0;5747088;73;5746499
147;18;336;15;57;52;4;4.00;6;2;1;76;0;5747204;144;5746499
147;18;336;15;57;52;12;3.60;2;1;1;73;0;5747212;296;0
147;18;336;15;57;52;41;3.60;4;1;1;80;0;5747241;798;0
147;18;336;15;57;53;76;3.20;3;1;1;77;0;5747376;814;0
147;18;336;15;57;53;99;7.60;6;2;2;77;0;5747399;176;0
147;18;336;15;57;55;24;3.60;2;1;1;71;0;5747524;294;0
147;18;336;15;57;56;15;3.20;4;1;1;86;0;5747615;357;0
147;18;336;15;57;56;99;3.60;5;2;1;83;0;5747699;596;0
147;18;336;15;57;56;99;3.40;6;2;1;74;0;5747699;264;0
147;18;336;15;57;57;99;3.60;2;1;1;76;0;5747799;256;0
147;18;336;15;57;57;14;3.80;4;1;1;83;0;5747714;85;0
147;18;336;15;57;58;14;4.20;6;2;1;81;0;5747814;98;0
147;18;336;15;57;58;99;3.40;3;1;1;74;0;5747899;508;0
147;18;336;15;57;59;11;3.40;7;2;1;82;0;5747911;1196;0
147;18;336;15;57;59;17;3.80;2;1;1;80;0;5747917;100;0
147;18;336;15;57;59;99;3.20;6;2;1;70;0;5747999;166;0
147;18;336;15;58;0;3;3.80;4;1;1;78;0;5748003;272;0
147;18;336;15;58;0;24;3.20;7;2;1;82;0;5748024;98;0
147;18;336;15;58;0;74;3.40;4;1;1;77;0;5748074;53;0
147;18;336;15;58;1;12;3.40;6;2;1;84;0;5748112;96;0
147;18;336;15;58;1;97;4.40;3;1;1;79;0;5748197;281;0
147;18;336;15;58;1;99;5.60;2;1;1;74;0;5748199;264;0
147;18;336;15;58;2;99;3.60;5;2;1;87;0;5748299;584;0
147;18;336;15;58;3;57;3.60;6;2;1;71;0;5748357;230;0
147;18;336;15;58;4;99;3.20;6;2;1;70;0;5748499;123;0
147;18;336;15;58;5;57;3.60;7;2;1;75;0;5748557;518;0
147;18;336;15;58;6;16;3.60;2;1;1;84;0;5748616;389;0
147;18;336;15;58;6;99;3.40;6;2;1;69;0;5748699;183;0
147;18;336;15;58;7;2;3.60;8;2;1;74;0;5748702;1787;0
147;18;336;15;58;8;53;3.40;2;1;1;75;0;5748853;221;0
147;18;336;15;58;8;64;3.80;5;2;1;82;0;5748864;550;0
147;18;336;15;58;8;99;3.40;3;1;1;76;0;5748899;681;0
147;18;336;15;58;9;99;7.40;7;2;2;58;0;5748999;424;0
147;18;336;15;58;10;5;3.60;5;2;1;82;0;5749005;124;0
147;18;336;15;58;10;39;4.00;6;2;1;77;0;5749039;322;0
147;18;336;15;58;10;53;3.60;8;2;1;71;0;5749053;333;0
147;18;336;15;58;11;99;3.80;1;1;1;75;0;5749199;2609;0
147;18;336;15;58;12;99;3.80;2;1;1;80;0;5749299;429;0
147;18;336;15;58;13;9;3.40;3;1;1;68;0;5749309;393;0
147;18;336;15;58;13;17;3.60;4;1;1;76;0;5749317;1227;0
147;18;336;15;58;13;34;3.40;6;2;1;80;0;5749334;276;0
147;18;336;15;58;13;96;4.00;5;2;1;81;0;5749396;375;0
147;18;336;15;58;14;99;3.80;7;2;1;79;0;5749499;454;0
147;18;336;15;58;14;99;3.80;4;1;1;78;0;5749499;164;0
147;18;336;15;58;15;19;3.40;5;2;1;84;0;5749519;105;0
147;18;336;15;58;16;4;2.80;4;1;1;79;0;5749604;87;0
147;18;336;15;58;16;7;3.40;6;2;1;81;0;5749607;257;0
147;18;336;15;58;16;15;3.80;3;1;1;78;0;5749615;288;0
147;18;336;15;58;16;18;3.40;2;1;1;72;0;5749618;301;0
147;18;336;15;58;16;99;3.80;5;2;1;86;0;5749699;165;0
147;18;336;15;58;17;99;3.20;1;1;1;74;0;5749799;581;0
147;18;336;15;58;16;90;15.40;7;2;3;83;0;5749690;173;0
147;18;336;15;58;17;99;3.60;4;1;1;80;0;5749799;182;0
147;18;336;15;58;18;14;3.40;2;1;1;77;0;5749814;179;0
147;18;336;15;58;18;16;3.40;7;2;1;72;0;5749816;59;0
147;18;336;15;58;19;99;3.20;2;1;1;76;0;5749999;169;0
147;18;336;15;58;20;17;3.20;2;1;1;73;0;5750017;2;0
147;18;336;15;58;21;66;3.80;3;1;1;74;0;5750166;533;0
147;18;336;15;58;18;69;4.20;7;2;1;12;0;5749869;36;0
147;18;336;15;58;23;17;3.60;2;1;1;81;0;5750317;284;0
147;18;336;15;58;24;99;3.80;6;2;1;83;0;5750499;876;0
147;18;336;15;58;24;99;3.80;3;1;1;76;0;5750499;314;0
147;18;336;15;58;25;17;3.60;2;1;1;77;0;5750517;184;0
147;18;336;15;58;26;99;3.80;6;2;1;78;0;5750699;183;0
147;18;336;15;58;26;99;3.40;4;1;1;81;0;5750699;883;0
147;18;336;15;58;27;3;3.20;3;1;1;79;0;5750703;186;0
147;18;336;15;58;28;20;3.60;1;1;1;84;0;5750820;1005;0
147;18;336;15;58;28;55;2.80;3;1;1;71;0;5750855;137;0
147;18;336;15;58;29;99;3.80;4;1;1;82;0;5750999;284;0
147;18;336;15;58;30;2;3.00;2;1;1;74;0;5751002;468;0
147;18;336;15;58;29;99;1.00;3;1;1;1;1;5750999;129;0
147;18;336;15;58;31;5;3.20;1;1;1;75;0;5751105;269;0
147;18;336;15;58;31;16;3.80;3;1;1;78;0;5751116;246;0
147;18;336;15;58;31;96;4.00;8;2;1;86;0;5751196;2124;0
147;18;336;15;58;32;99;3.20;4;1;1;82;0;5751299;283;0
147;18;336;15;58;34;7;3.80;7;2;1;78;0;5751407;1412;0
147;18;336;15;58;34;12;3.60;3;1;1;74;0;5751412;278;0
147;18;336;15;58;34;99;3.20;6;2;1;71;0;5751499;782;0
147;18;336;15;58;35;4;3.80;2;1;1;76;0;5751504;487;0
147;18;336;15;58;35;29;3.40;7;2;1;81;0;5751529;104;0
147;18;336;15;58;35;99;3.80;3;1;1;74;0;5751599;169;0
147;18;336;15;58;36;54;4.00;5;2;1;79;0;5751654;1939;0
147;18;336;15;58;36;84;3.40;4;1;1;77;0;5751684;370;0
147;18;336;15;58;37;13;3.60;7;2;1;76;0;5751713;168;0
147;18;336;15;58;37;99;3.00;3;1;1;71;0;5751799;181;0
147;18;336;15;58;37;99;3.60;6;2;1;78;0;5751799;283;0
147;18;336;15;58;37;99;4.20;8;2;1;80;0;5751799;586;0
147;18;336;15;58;38;99;3.60;2;1;1;80;0;5751899;377;0
147;18;336;15;58;39;91;3.40;6;2;1;76;0;5751991;175;0
147;18;336;15;58;39;99;3.80;1;1;1;79;0;5751999;878;0
147;18;336;15;58;40;0;25.40;7;2;5;82;0;5752000;269;0
147;18;336;15;58;41;29;3.80;4;1;1;93;0;5752129;429;0
147;18;336;15;58;42;99;3.40;1;1;1;79;0;5752299;282;0
147;18;336;15;58;43;99;3.60;3;1;1;73;0;5752399;584;0
147;18;336;15;58;43;7;3.20;4;1;1;85;0;5752307;163;0
147;18;336;15;58;45;99;3.40;2;1;1;79;0;5752599;683;0
147;18;336;15;58;45;99;3.00;3;1;1;72;0;5752599;182;0
147;18;336;15;58;41;33;4.20;7;2;1;9;0;5752133;21;0
147;18;336;15;58;45;99;3.60;6;2;1;77;0;5752599;591;0
147;18;336;15;58;46;1;3.80;5;2;1;85;0;5752601;928;0
147;18;336;15;58;47;8;3.20;4;1;1;80;0;5752708;387;0
147;18;336;15;58;48;9;2.80;3;1;1;73;0;5752809;195;0
147;18;336;15;58;48;99;3.80;6;2;1;75;0;5752899;283;0
147;18;336;15;58;48;99;3.60;4;1;1;78;0;5752899;176;0
147;18;336;15;58;49;53;3.40;5;2;1;77;0;5752953;335;0
147;18;336;15;58;50;16;3.60;4;1;1;77;0;5753016;100;0
147;18;336;15;58;50;99;3.20;2;1;1;76;0;5753099;484;0
147;18;336;15;58;51;6;3.80;1;1;1;79;0;5753106;791;0
147;18;336;15;58;51;28;3.40;6;2;1;73;0;5753128;210;0
147;18;336;15;58;52;99;3.80;2;1;1;80;0;5753299;184;0
147;18;336;15;58;52;99;3.60;4;1;1;86;0;5753299;266;0
147;18;336;15;58;52;99;3.60;6;2;1;73;0;5753299;154;0
147;18;336;15;58;53;2;3.60;3;1;1;86;0;5753302;479;0
147;18;336;15;58;54;8;3.20;6;2;1;71;0;5753408;91;0
147;18;336;15;58;54;33;3.20;1;1;1;87;0;5753433;309;0
147;18;336;15;58;54;40;3.60;2;1;1;77;0;5753440;123;0
147;18;336;15;58;54;43;3.80;5;2;1;79;0;5753443;474;0
147;18;336;15;58;55;99;4.80;3;1;1;79;0;5753599;281;0
147;18;336;15;58;55;99;2.80;6;2;1;72;0;5753599;174;0
147;18;336;15;58;55;99;3.80;5;2;1;79;0;5753599;138;0
147;18;336;15;58;56;10;3.80;2;1;1;82;0;5753610;153;0
147;18;336;15;58;56;99;5.60;7;2;1;71;0;5753699;1398;0
147;18;336;15;58;56;33;3.20;6;2;1;75;0;5753633;20;5753128
147;18;336;15;58;56;47;4.00;3;1;1;79;0;5753647;26;5753128
147;18;336;15;58;57;76;4.00;5;2;1;80;0;5753776;159;5753128
147;18;336;15;58;58;99;4.00;7;2;1;78;0;5753899;171;5753128
147;18;336;15;58;58;99;3.40;3;1;1;77;0;5753899;233;0
147;18;336;15;59;0;99;3.20;6;2;1;75;0;5754099;450;0
147;18;336;15;59;0;99;3.20;7;2;1;82;0;5754099;181;0
147;18;336;15;59;1;21;4.00;4;1;1;80;0;5754121;806;0
147;18;336;15;59;3;1;3.20;4;1;1;82;0;5754301;162;0
147;18;336;15;59;2;99;4.40;3;1;1;76;0;5754299;384;0
147;18;336;15;59;3;99;3.60;5;2;1;80;0;5754399;605;0
147;18;336;15;59;5;99;3.40;6;2;1;81;0;5754599;484;0
147;18;336;15;59;6;99;3.80;3;1;1;76;0;5754699;379;0
147;18;336;15;59;7;47;3.80;3;1;1;75;0;5754747;30;0
147;18;336;15;59;8;99;3.40;6;2;1;77;0;5754899;284;0
147;18;336;15;59;9;1;3.80;2;1;1;74;0;5754901;1274;0
147;18;336;15;59;9;20;3.20;7;2;1;84;0;5754920;806;0
147;18;336;15;59;9;46;3.00;3;1;1;77;0;5754946;180;0
147;18;336;15;59;10;99;3.80;6;2;1;78;0;5755099;184;0
147;18;336;15;59;10;99;3.20;4;1;1;84;0;5755099;783;0
147;18;336;15;59;10;99;3.80;2;1;1;74;0;5755099;179;0
147;18;336;15;59;10;99;4.00;5;2;1;81;0;5755099;683;0
147;18;336;15;59;11;99;4.80;3;1;1;76;0;5755199;238;0
147;18;336;15;59;12;50;3.80;3;1;1;73;0;5755250;28;0
147;18;336;15;59;12;78;4.00;4;1;1;90;0;5755278;165;0
147;18;336;15;59;12;99;3.40;6;2;1;79;0;5755299;182;0
147;18;336;15;59;14;19;3.80;3;1;1;73;0;5755419;150;0
147;18;336;15;59;14;33;3.40;4;1;1;84;0;5755433;139;0
147;18;336;15;59;15;90;3.80;6;2;1;79;0;5755590;275;0
147;18;336;15;59;15;99;3.20;1;1;1;77;0;5755599;2152;0
147;18;336;15;59;15;99;3.40;8;2;1;83;0;5755599;3781;0
147;18;336;15;59;15;99;3.40;5;2;1;93;0;5755599;482;0
147;18;336;15;59;17;26;3.80;3;1;1;74;0;5755726;288;0
147;18;336;15;59;20;99;3.60;6;2;1;83;0;5756099;491;0
147;18;336;15;59;21;99;3.20;3;1;1;74;0;5756199;454;0
147;18;336;15;59;22;9;3.00;2;1;1;77;0;5756209;1091;0
147;18;336;15;59;22;80;3.60;2;1;1;75;0;5756280;56;0
147;18;336;15;59;23;99;4.00;6;2;1;83;0;5756399;284;0
147;18;336;15;59;22;12;4.00;7;2;1;17;0;5756212;1278;0
147;18;336;15;59;24;14;3.80;1;1;1;76;0;5756414;800;0
147;18;336;15;59;25;24;3.40;6;2;1;80;0;5756524;107;0
147;18;336;15;59;25;99;4.00;7;2;1;80;0;5756599;302;0
147;18;336;15;59;26;99;3.80;2;1;1;76;0;5756699;401;0
147;18;336;15;59;29;99;3.40;8;2;1;81;0;5756999;1385;0
147;18;336;15;59;29;0;3.00;3;1;1;77;0;5756900;685;0
147;18;336;15;59;30;64;3.20;2;1;1;80;0;5757064;347;0
147;18;336;15;59;31;99;3.60;8;2;1;80;0;5757199;184;0
147;18;336;15;59;32;27;3.80;7;2;1;82;0;5757227;610;0
147;18;336;15;59;33;1;4.20;2;1;1;77;0;5757301;222;0
147;18;336;15;59;34;99;3.80;6;2;1;83;0;5757499;959;0
147;18;336;15;59;38;13;5.00;3;1;1;76;0;5757813;898;0
147;18;336;15;59;38;99;3.40;6;2;1;74;0;5757899;383;0
147;18;336;15;59;39;9;3.40;7;2;1;80;0;5757909;665;0
147;18;336;15;59;39;99;3.80;6;2;1;83;0;5757999;83;0
147;18;336;15;59;40;1;4.00;4;1;1;79;0;5758001;2553;0
147;18;336;15;59;40;24;3.60;3;1;1;77;0;5758024;187;0
147;18;336;15;59;40;80;3.80;6;2;1;81;0;5758080;64;0
147;18;336;15;59;40;93;3.80;5;2;1;80;0;5758093;2480;0
147;18;336;15;59;41;99;3.60;1;1;1;78;0;5758199;1767;0
147;18;336;15;59;41;99;3.40;3;1;1;79;0;5758199;158;0
147;18;336;15;59;41;99;3.60;2;1;1;86;0;5758199;878;0
147;18;336;15;59;41;99;3.60;4;1;1;83;0;5758199;179;0
147;18;336;15;59;42;14;3.60;5;2;1;78;0;5758214;103;0
147;18;336;15;59;42;6;3.80;7;2;1;81;0;5758206;281;0
147;18;336;15;59;44;99;4.00;6;2;1;82;0;5758499;402;0
147;18;336;15;59;45;12;3.40;5;2;1;82;0;5758512;281;0
147;18;336;15;59;45;13;3.40;2;1;1;78;0;5758513;298;0
147;18;336;15;59;46;22;3.80;3;1;1;82;0;5758622;407;0
147;18;336;15;59;46;99;3.80;2;1;1;79;0;5758699;170;0
147;18;336;15;59;47;99;3.60;6;2;1;84;0;5758799;282;0
147;18;336;15;59;49;99;4.00;5;2;1;84;0;5758999;472;0
147;18;336;15;59;52;15;3.60;6;2;1;79;0;5759215;400;0
147;18;336;15;59;53;99;3.60;6;2;1;77;0;5759399;167;0
147;18;336;15;59;55;36;3.40;3;1;1;72;0;5759536;897;0
147;18;336;15;59;55;6;2.20;7;2;1;42;0;5759506;1283;0
147;18;336;15;59;56;80;3.60;8;2;1;71;0;5759680;2464;0
147;18;336;15;59;56;99;3.60;6;2;1;75;0;5759699;283;0
147;18;336;15;59;56;99;4.60;3;1;1;72;0;5759699;146;0
147;18;336;15;59;56;99;3.40;1;1;1;81;0;5759699;1483;0
147;18;336;15;59;57;99;3.40;6;2;1;75;0;5759799;82;0
147;18;336;15;59;58;1;3.80;3;1;1;77;0;5759801;79;0
147;18;336;15;59;58;34;3.60;5;2;1;74;0;5759834;817;0
147;18;336;15;59;59;19;3.40;6;2;1;77;0;5759919;103;0
147;18;336;16;0;0;99;3.40;3;1;1;74;0;5760099;280;0
147;18;336;16;0;1;99;3.80;3;1;1;76;0;5760199;83;0
147;18;336;16;0;1;99;3.40;1;1;1;75;0;5760199;484;0
147;18;336;16;0;0;53;4.20;7;2;1;11;0;5760053;528;0
147;18;336;16;0;4;7;3.60;2;1;1;77;0;5760407;1690;0
147;18;336;16;0;4;99;3.60;6;2;1;79;0;5760499;564;0
147;18;336;16;0;5;2;6.00;2;1;1;75;0;5760502;78;0
147;18;336;16;0;5;99;3.80;5;2;1;78;0;5760599;747;0
147;18;336;16;0;5;99;4.00;3;1;1;79;0;5760599;382;0
147;18;336;16;0;6;99;3.20;2;1;1;78;0;5760699;168;0
147;18;336;16;0;6;99;3.80;8;2;1;76;0;5760699;1000;0
147;18;336;16;0;8;55;3.80;5;2;1;76;0;5760855;238;0
147;18;336;16;0;8;71;4.00;8;2;1;75;0;5760871;154;0
147;18;336;16;0;9;99;3.40;3;1;1;66;0;5760999;381;0
147;18;336;16;0;9;99;3.60;1;1;1;71;0;5760999;783;0
147;18;336;16;0;10;15;3.20;5;2;1;77;0;5761015;142;0
147;18;336;16;0;10;27;3.40;6;2;1;79;0;5761027;511;0
147;18;336;16;0;11;8;3.60;5;2;1;78;0;5761108;78;0
147;18;336;16;0;11;13;4.40;7;2;1;81;0;5761113;922;0
147;18;336;16;0;11;63;3.60;2;1;1;71;0;5761163;449;0
147;18;336;16;0;12;99;3.40;3;1;1;71;0;5761299;281;0
147;18;336;16;0;12;99;3.60;6;2;1;78;0;5761299;256;0
147;18;336;16;0;12;99;3.40;2;1;1;65;0;5761299;117;0
147;18;336;16;0;13;12;3.80;5;2;1;78;0;5761312;187;0
147;18;336;16;0;13;6;3.20;3;1;1;70;0;5761306;-1;0
147;18;336;16;0;13;20;4.00;8;2;1;79;0;5761320;429;0
147;18;336;16;0;15;99;4.00;8;2;1;76;0;5761599;260;0
147;18;336;16;0;14;74;11.20;7;2;7;71;0;5761474;341;0
147;18;336;16;0;15;99;3.60;3;1;1;79;0;5761599;276;0
147;18;336;16;0;16;10;3.40;5;2;1;90;0;5761610;280;0
147;18;336;16;0;17;2;3.20;7;2;1;75;0;5761702;171;0
147;18;336;16;0;18;99;3.60;6;2;1;78;0;5761899;583;0
147;18;336;16;0;18;8;3.40;7;2;1;77;0;5761808;90;0
147;18;336;16;0;19;99;3.20;6;2;1;77;0;5761999;83;0
147;18;336;16;0;20;20;3.80;1;1;1;77;0;5762020;1002;0
147;18;336;16;0;21;85;3.40;3;1;1;75;0;5762185;569;0
147;18;336;16;0;22;0;3.80;2;1;1;78;0;5762200;882;0
147;18;336;16;0;22;99;3.20;2;1;1;77;0;5762299;81;0
147;18;336;16;0;23;99;5.80;6;2;1;74;0;5762399;385;0
147;18;336;16;0;23;38;3.40;3;1;1;82;0;5762338;136;0
147;18;336;16;0;24;99;3.20;6;2;1;73;0;5762499;71;0
147;18;336;16;0;25;99;3.40;3;1;1;77;0;5762599;246;0
147;18;336;16;0;26;81;3.60;7;2;1;95;0;5762681;857;0
147;18;336;16;0;27;12;3.60;3;1;1;77;0;5762712;97;0
147;18;336;16;0;27;19;3.20;2;1;1;82;0;5762719;405;0
147;18;336;16;0;27;99;3.80;4;1;1;78;0;5762799;4584;0
147;18;336;16;0;27;99;3.80;6;2;1;74;0;5762799;284;0
147;18;336;16;0;28;3;4.20;7;2;1;82;0;5762803;108;0
147;18;336;16;0;28;99;3.60;4;1;1;77;0;5762899;82;0
147;18;336;16;0;30;99;3.40;3;1;1;74;0;5763099;370;0
147;18;336;16;0;31;5;3.40;6;2;1;78;0;5763105;287;0
147;18;336;16;0;31;29;3.60;7;2;1;78;0;5763129;307;0
147;18;336;16;0;32;99;3.20;6;2;1;78;0;5763299;178;0
147;18;336;16;0;33;1;3.60;6;2;1;79;0;5763301;-1;0
147;18;336;16;0;35;18;3.40;6;2;1;79;0;5763518;200;0
147;18;336;16;0;34;45;8.00;7;2;1;60;0;5763445;299;0
147;18;336;16;0;37;98;4.00;3;1;1;84;0;5763798;682;0
147;18;336;16;0;37;99;4.20;5;2;1;87;0;5763799;2175;0
147;18;336;16;0;39;15;3.60;8;2;1;76;0;5763915;2297;0
147;18;336;16;0;36;41;4.00;7;2;1;13;0;5763641;148;0
147;18;336;16;0;40;7;3.00;2;1;1;76;0;5764007;1273;0
147;18;336;16;0;40;99;4.00;6;2;1;81;0;5764099;565;0
147;18;336;16;0;40;99;3.20;4;1;1;79;0;5764099;1183;0
147;18;336;16;0;40;99;3.80;3;1;1;79;0;5764099;283;0
147;18;336;16;0;40;99;3.80;2;1;1;70;0;5764099;77;0
147;18;336;16;0;41;99;3.40;4;1;1;76;0;5764199;85;0
147;18;336;16;0;42;5;3.40;2;1;1;74;0;5764205;86;0
147;18;336;16;0;41;65;25.40;6;2;5;81;0;5764165;48;0
147;18;336;16;0;42;99;5.00;7;2;1;72;0;5764299;547;0
147;18;336;16;0;43;99;4.20;4;1;1;83;0;5764399;183;0
147;18;336;16;0;44;1;3.60;3;1;1;75;0;5764401;284;0
147;18;336;16;0;44;11;4.00;2;1;1;80;0;5764411;189;0
147;18;336;16;0;44;76;3.60;4;1;1;85;0;5764476;58;0
147;18;336;16;0;45;24;3.60;5;2;1;89;0;5764524;707;0
147;18;336;16;0;45;99;3.60;8;2;1;82;0;5764599;666;0
147;18;336;16;0;45;99;3.20;3;1;1;74;0;5764599;180;0
147;18;336;16;0;46;99;3.60;2;1;1;80;0;5764699;270;0
147;18;336;16;0;48;99;4.00;2;1;1;77;0;5764899;183;0
147;18;336;16;0;49;11;2.80;6;2;1;75;0;5764911;633;0
147;18;336;16;0;49;12;3.40;1;1;1;79;0;5764912;2874;0
147;18;336;16;0;49;18;3.40;3;1;1;79;0;5764918;303;0
147;18;336;16;0;47;69;24.00;7;2;5;72;0;5764769;445;0
147;18;336;16;0;50;99;3.80;5;2;1;80;0;5765099;560;0
147;18;336;16;0;53;99;3.60;7;2;1;85;0;5765399;510;0
147;18;336;16;0;54;12;3.80;6;2;1;81;0;5765412;487;0
147;18;336;16;0;54;55;3.40;5;2;1;87;0;5765455;338;0
147;18;336;16;0;55;99;3.80;5;2;1;84;0;5765599;129;0
147;18;336;16;0;55;99;3.80;3;1;1;81;0;5765599;665;0
147;18;336;16;0;55;99;3.40;2;1;1;74;0;5765599;681;0
147;18;336;16;0;55;88;8.00;6;2;6;70;0;5765588;159;0
147;18;336;16;0;56;99;3.60;8;2;1;79;0;5765699;1084;0
147;18;336;16;0;57;16;3.20;5;2;1;81;0;5765716;100;0
147;18;336;16;0;57;70;3.40;6;2;1;71;0;5765770;140;0
147;18;336;16;0;57;37;8.40;7;2;2;68;0;5765737;322;0
147;18;336;16;0;59;18;3.80;6;2;1;78;0;5765918;130;0
147;18;336;16;1;0;99;3.60;5;2;1;80;0;5766099;368;0
147;18;336;16;1;1;99;5.40;4;1;1;83;0;5766199;1707;0
147;18;336;16;1;2;12;4.40;6;2;1;75;0;5766212;276;0
147;18;336;16;0;59;7;4.00;7;2;1;10;0;5765907;125;0
147;18;336;16;1;3;4;3.40;5;2;1;78;0;5766304;188;0
147;18;336;16;1;3;99;3.60;1;1;1;72;0;5766399;1471;0
147;18;336;16;1;3;99;3.80;5;2;1;79;0;5766399;79;0
147;18;336;16;1;4;99;3.60;6;2;1;75;0;5766499;265;0
147;18;336;16;1;4;18;3.80;2;1;1;89;0;5766418;802;0
147;18;336;16;1;5;5;3.20;5;2;1;83;0;5766505;88;0
147;18;336;16;1;5;83;3.40;8;2;1;77;0;5766583;867;0
147;18;336;16;1;5;99;6.00;7;2;1;73;0;5766599;548;0
147;18;336;16;1;6;99;3.20;5;2;1;86;0;5766699;180;5766099
147;18;336;16;1;6;99;3.60;6;2;1;70;0;5766699;182;5766099
147;18;336;16;1;6;99;3.40;1;1;1;71;0;5766699;282;0
147;18;336;16;1;7;21;3.60;3;1;1;87;0;5766721;1105;0
147;18;336;16;1;7;64;3.60;2;1;1;74;0;5766764;330;0
147;18;336;16;1;9;35;3.60;2;1;1;65;0;5766935;153;0
147;18;336;16;1;10;91;4.00;4;1;1;77;0;5767091;868;0
147;18;336;16;1;11;99;3.20;1;1;1;68;0;5767199;482;0
147;18;336;16;1;11;99;3.40;2;1;1;62;0;5767199;244;0
147;18;336;16;1;12;60;3.20;6;2;1;79;0;5767260;542;0
147;18;336;16;1;12;80;4.20;2;1;1;63;0;5767280;61;0
147;18;336;16;1;14;28;3.80;5;2;1;81;0;5767428;715;0
147;18;336;16;1;13;99;3.80;1;1;1;73;0;5767399;183;0
147;18;336;16;1;14;3;3.60;7;2;1;80;0;5767403;774;0
147;18;336;16;1;14;99;3.40;3;1;1;70;0;5767499;763;0
147;18;336;16;1;15;73;3.40;4;1;1;78;0;5767573;463;0
147;18;336;16;1;16;4;3.60;6;2;1;79;0;5767604;329;0
147;18;336;16;1;16;99;3.80;4;1;1;79;0;5767699;110;0
147;18;336;16;1;17;35;3.80;4;1;1;77;0;5767735;18;0
147;18;336;16;1;17;49;3.80;6;2;1;77;0;5767749;128;0
147;18;336;16;1;17;65;4.60;5;2;1;87;0;5767765;320;0
147;18;336;16;1;17;65;3.80;3;1;1;73;0;5767765;248;0
147;18;336;16;1;18;99;3.20;2;1;1;62;0;5767899;595;0
147;18;336;16;1;19;99;3.60;7;2;1;78;0;5767999;579;0
147;18;336;16;1;19;99;3.40;8;2;1;80;0;5767999;1400;0
147;18;336;16;1;19;99;3.40;3;1;1;74;0;5767999;215;0
147;18;336;16;1;19;99;14.20;4;1;4;80;0;5767999;246;0
147;18;336;16;1;19;4;3.20;2;1;1;70;0;5767904;-1;0
147;18;336;16;1;20;60;3.80;4;1;1;79;0;5768060;-1;0
147;18;336;16;1;20;48;6.60;7;2;1;63;0;5768048;32;0
147;18;336;16;1;21;15;3.60;6;2;1;75;0;5768115;348;0
147;18;336;16;1;21;99;3.80;2;1;1;79;0;5768199;278;0
147;18;336;16;1;22;5;4.40;4;1;1;80;0;5768205;127;0
147;18;336;16;1;22;5;3.80;5;2;1;81;0;5768205;420;0
147;18;336;16;1;22;99;3.60;3;1;1;74;0;5768299;283;0
147;18;336;16;1;22;56;3.60;4;1;1;80;0;5768256;31;0
147;18;336;16;1;22;50;3.80;6;2;1;70;0;5768250;117;0
147;18;336;16;1;20;97;4.00;7;2;1;17;0;5768097;11;0
147;18;336;16;1;23;13;3.80;1;1;1;80;0;5768313;895;0
147;18;336;16;1;23;89;3.20;3;1;1;74;0;5768389;72;0
147;18;336;16;1;24;99;3.20;5;2;1;87;0;5768499;277;0
147;18;336;16;1;24;45;4.00;7;2;1;17;0;5768445;263;0
147;18;336;16;1;27;40;3.40;4;1;1;79;0;5768740;467;0
147;18;336;16;1;29;99;3.80;6;2;1;76;0;5768999;729;0
147;18;336;16;1;29;99;14.80;4;1;4;78;0;5768999;243;0
147;18;336;16;1;30;9;3.60;2;1;1;70;0;5769009;792;0
147;18;336;16;1;30;20;3.80;8;2;1;78;0;5769020;1005;0
147;18;336;16;1;31;99;4.20;4;1;1;79;0;5769199;131;0
147;18;336;16;1;31;99;3.60;3;1;1;72;0;5769199;794;0
147;18;336;16;1;32;13;3.60;6;2;1;75;0;5769213;196;0
147;18;336;16;1;32;99;3.60;5;2;1;78;0;5769299;786;0
147;18;336;16;1;33;78;3.20;6;2;1;77;0;5769378;147;0
147;18;336;16;1;33;89;3.60;2;1;1;75;0;5769389;361;0
147;18;336;16;1;34;19;3.80;4;1;1;84;0;5769419;200;0
147;18;336;16;1;34;99;4.40;3;1;1;73;0;5769499;282;0
147;18;336;16;1;34;99;4.00;6;2;1;77;0;5769499;106;0
147;18;336;16;1;35;19;4.00;5;2;1;87;0;5769519;203;0
147;18;336;16;1;35;18;3.40;2;1;1;74;0;5769518;111;0
147;18;336;16;1;35;66;3.60;6;2;1;77;0;5769566;48;5768999
147;18;336;16;1;35;76;5.00;5;2;1;86;0;5769576;40;5768999
147;18;336;16;1;36;5;3.40;4;1;1;81;0;5769605;169;5768999
147;18;336;16;1;36;11;3.80;7;2;1;77;0;5769611;1081;0
147;18;336;16;1;36;99;3.60;3;1;1;74;0;5769699;178;0
147;18;336;16;1;37;19;3.20;4;1;1;80;0;5769719;98;0
147;18;336;16;1;38;10;3.00;6;2;1;76;0;5769810;227;0
147;18;336;16;1;38;13;4.00;5;2;1;79;0;5769813;216;0
147;18;336;16;1;38;99;4.20;2;1;1;72;0;5769899;364;0
147;18;336;16;1;38;99;5.20;7;2;1;80;0;5769899;270;0
147;18;336;16;1;39;23;3.60;5;2;1;85;0;5769923;91;0
147;18;336;16;1;39;99;4.20;4;1;1;81;0;5769999;265;0
147;18;336;16;1;39;99;3.60;1;1;1;78;0;5769999;1668;0
147;18;336;16;1;40;6;3.40;6;2;1;76;0;5770006;181;0
147;18;336;16;1;40;99;4.00;2;1;1;74;0;5770099;179;0
147;18;336;16;1;41;13;3.60;5;2;1;81;0;5770113;174;0
147;18;336;16;1;41;99;3.40;2;1;1;71;0;5770199;80;0
147;18;336;16;1;42;5;3.60;5;2;1;81;0;5770205;76;0
147;18;336;16;1;42;5;3.60;3;1;1;82;0;5770205;488;0
147;18;336;16;1;42;99;3.60;7;2;1;78;0;5770299;376;0
147;18;336;16;1;43;7;3.60;2;1;1;70;0;5770307;90;0
147;18;336;16;1;43;48;3.20;5;2;1;84;0;5770348;127;5769813
147;18;336;16;1;44;4;3.60;6;2;1;79;0;5770404;381;0
147;18;336;16;1;44;99;3.60;7;2;1;81;0;5770499;183;0
147;18;336;16;1;44;99;5.60;4;1;1;88;0;5770499;481;0
147;18;336;16;1;45;11;3.60;8;2;1;79;0;5770511;1473;0
147;18;336;16;1;45;6;3.00;3;1;1;71;0;5770506;285;0
147;18;336;16;1;45;40;3.20;2;1;1;76;0;5770540;214;0
147;18;336;16;1;46;6;3.00;6;2;1;79;0;5770606;185;0
147;18;336;16;1;46;99;3.40;5;2;1;82;0;5770699;337;0
147;18;336;16;1;46;99;3.40;1;1;1;81;0;5770699;683;0
147;18;336;16;1;47;99;3.80;6;2;1;76;0;5770799;179;0
147;18;336;16;1;48;35;3.40;2;1;1;69;0;5770835;279;0
147;18;336;16;1;48;93;3.80;6;2;1;80;0;5770893;76;0
147;18;336;16;1;49;16;3.60;3;1;1;72;0;5770916;394;0
147;18;336;16;1;49;99;4.00;2;1;1;76;0;5770999;146;0
147;18;336;16;1;49;99;3.40;6;2;1;81;0;5770999;88;5770404
147;18;336;16;1;51;10;4.40;5;2;1;85;0;5771110;396;0
147;18;336;16;1;51;9;2.80;2;1;1;70;0;5771109;91;0
147;18;336;16;1;51;99;3.40;3;1;1;69;0;5771199;265;0
147;18;336;16;1;51;99;2.80;2;1;1;67;0;5771199;75;0
147;18;336;16;1;52;99;3.40;4;1;1;80;0;5771299;777;0
147;18;336;16;1;52;99;3.60;5;2;1;85;0;5771299;170;0
147;18;336;16;1;53;9;3.20;3;1;1;66;0;5771309;92;0
147;18;336;16;1;53;24;3.60;2;1;1;69;0;5771324;109;5770835
147;18;336;16;1;54;11;3.40;7;2;1;78;0;5771411;896;0
147;18;336;16;1;54;99;3.40;2;1;1;74;0;5771499;156;5770835
147;18;336;16;1;55;99;3.60;3;1;1;78;0;5771599;272;0
147;18;336;16;1;56;61;3.60;6;2;1;73;0;5771661;646;0
147;18;336;16;1;57;99;3.00;3;1;1;79;0;5771799;183;0
147;18;336;16;1;57;99;3.80;6;2;1;75;0;5771799;120;0
147;18;336;16;1;58;5;3.40;5;2;1;83;0;5771805;490;0
147;18;336;16;1;58;17;3.20;7;2;1;77;0;5771817;390;0
147;18;336;16;1;59;99;3.60;8;2;1;74;0;5771999;1471;0
147;18;336;16;2;0;18;3.60;5;2;1;88;0;5772018;198;0
147;18;336;16;2;0;9;3.40;2;1;1;71;0;5772009;493;0
147;18;336;16;2;1;77;3.40;6;2;1;76;0;5772177;359;0
147;18;336;16;2;1;85;3.00;2;1;1;70;0;5772185;158;0
147;18;336;16;2;2;99;3.80;2;1;1;71;0;5772299;98;0
147;18;336;16;2;4;98;3.40;6;2;1;73;0;5772498;304;0
147;18;336;16;2;4;99;4.20;7;2;1;83;0;5772499;667;0
147;18;336;16;2;6;58;3.80;6;2;1;74;0;5772658;143;0
147;18;336;16;2;6;65;3.60;5;2;1;81;0;5772665;632;0
147;18;336;16;2;7;99;4.20;5;2;1;81;0;5772799;118;0
147;18;336;16;2;7;99;4.40;7;2;1;81;0;5772799;281;0
147;18;336;16;2;8;99;3.20;3;1;1;71;0;5772899;1086;0
147;18;336;16;2;8;25;3.20;6;2;1;75;0;5772825;148;0
147;18;336;16;2;9;54;7.40;7;2;6;79;0;5772954;135;0
147;18;336;16;2;10;0;3.60;2;1;1;82;0;5773000;681;0
147;18;336;16;2;10;25;3.40;6;2;1;78;0;5773025;184;0
147;18;336;16;2;10;99;3.20;3;1;1;69;0;5773099;183;0
147;18;336;16;2;11;18;3.60;2;1;1;84;0;5773118;102;0
147;18;336;16;2;11;30;3.80;6;2;1;82;0;5773130;89;5772498
147;18;336;16;2;11;52;3.80;7;2;1;86;0;5773152;164;5772498
147;18;336;16;2;11;91;4.00;4;1;1;74;0;5773191;1876;0
147;18;336;16;2;12;19;3.40;1;1;1;75;0;5773219;2504;0
147;18;336;16;2;12;99;3.80;6;2;1;82;0;5773299;152;5772498
147;18;336;16;2;12;99;5.60;3;1;1;70;0;5773299;183;5772498
147;18;336;16;2;13;7;3.80;4;1;1;74;0;5773307;96;5772498
147;18;336;16;2;13;19;3.80;6;2;1;75;0;5773319;3;5772498
147;18;336;16;2;14;99;3.80;5;2;1;81;0;5773499;681;0
147;18;336;16;2;15;99;4.80;8;2;1;74;0;5773599;1582;0
147;18;336;16;2;15;99;3.80;3;1;1;71;0;5773599;271;0
147;18;336;16;2;16;13;3.20;5;2;1;83;0;5773613;97;0
147;18;336;16;2;16;67;3.80;8;2;1;75;0;5773667;44;0
147;18;336;16;2;17;12;4.00;5;2;1;84;0;5773712;85;0
147;18;336;16;2;17;11;3.80;1;1;1;74;0;5773711;475;0
147;18;336;16;2;17;99;3.40;3;1;1;70;0;5773799;180;0
147;18;336;16;2;17;99;3.60;6;2;1;75;0;5773799;461;0
147;18;336;16;2;17;99;3.80;8;2;1;73;0;5773799;113;0
147;18;336;16;2;18;0;3.00;3;1;1;70;0;5773800;-1;0
147;18;336;16;2;19;99;4.00;4;1;1;86;0;5773999;673;0
147;18;336;16;2;19;96;3.80;3;1;1;72;0;5773996;180;0
147;18;336;16;2;20;99;3.60;6;2;1;67;0;5774099;282;0
147;18;336;16;2;22;3;3.80;7;2;1;76;0;5774203;1035;0
147;18;336;16;2;22;4;3.20;3;1;1;68;0;5774204;189;5773599
147;18;336;16;2;22;99;3.80;6;2;1;65;0;5774299;180;5773599
147;18;336;16;2;22;99;3.20;4;1;1;83;0;5774299;283;0
147;18;336;16;2;22;99;4.40;5;2;1;79;0;5774299;569;0
147;18;336;16;2;22;99;3.80;2;1;1;74;0;5774299;1165;0
147;18;336;16;2;23;14;4.20;7;2;1;76;0;5774314;93;0
147;18;336;16;2;23;99;3.80;8;2;1;82;0;5774399;581;0
147;18;336;16;2;24;59;3.20;6;2;1;67;0;5774459;138;0
147;18;336;16;2;25;99;3.00;6;2;1;66;0;5774599;122;0
147;18;336;16;2;25;99;3.80;5;2;1;84;0;5774599;279;0
147;18;336;16;2;25;99;3.20;3;1;1;72;0;5774599;378;0
147;18;336;16;2;26;12;3.00;1;1;1;72;0;5774612;882;0
147;18;336;16;2;26;2;3.40;7;2;1;78;0;5774602;268;0
147;18;336;16;2;27;0;3.40;6;2;1;69;0;5774700;84;5774099
147;18;336;16;2;29;0;3.60;6;2;1;71;0;5774900;182;5774099
147;18;336;16;2;29;68;3.80;1;1;1;75;0;5774968;341;0
147;18;336;16;2;30;99;3.40;3;1;1;73;0;5775099;484;0
147;18;336;16;2;31;0;3.60;6;2;1;75;0;5775100;181;5774099
147;18;336;16;2;31;20;3.00;5;2;1;81;0;5775120;504;0
147;18;336;16;2;32;99;3.80;8;2;1;81;0;5775299;883;0
147;18;336;16;2;32;99;3.60;6;2;1;68;0;5775299;181;5774099
147;18;336;16;2;33;99;3.40;4;1;1;79;0;5775399;1086;0
147;18;336;16;2;33;99;4.00;5;2;1;78;0;5775399;265;0
147;18;336;16;2;33;99;4.00;3;1;1;71;0;5775399;283;0
147;18;336;16;2;34;24;3.00;7;2;1;80;0;5775424;806;0
147;18;336;16;2;34;23;3.00;6;2;1;73;0;5775423;104;5774099
147;18;336;16;2;34;46;3.60;4;1;1;77;0;5775446;31;5774099
147;18;336;16;2;35;99;3.60;7;2;1;75;0;5775599;161;5774099
147;18;336;16;2;35;99;3.60;6;2;1;74;0;5775599;161;5774099
147;18;336;16;2;36;8;3.40;5;2;1;83;0;5775608;190;5774099
147;18;336;16;2;36;27;3.40;2;1;1;81;0;5775627;1309;0
147;18;336;16;2;36;99;3.60;4;1;1;78;0;5775699;236;0
147;18;336;16;2;37;12;4.00;7;2;1;77;0;5775712;95;0
147;18;336;16;2;37;70;3.60;4;1;1;73;0;5775770;54;0
147;18;336;16;2;37;85;3.40;6;2;1;74;0;5775785;168;5774099
147;18;336;16;2;37;98;3.60;5;2;1;83;0;5775798;175;5774099
147;18;336;16;2;38;99;2.60;7;2;1;73;0;5775899;168;5774099
147;18;336;16;2;39;15;3.60;2;1;1;74;0;5775915;272;0
147;18;336;16;2;39;26;3.60;6;2;1;75;0;5775926;124;5774099
147;18;336;16;2;40;99;3.60;5;2;1;82;0;5776099;285;0
147;18;336;16;2;40;99;3.60;1;1;1;83;0;5776099;1112;0
147;18;336;16;2;40;99;4.00;4;1;1;76;0;5776099;311;0
147;18;336;16;2;41;99;3.80;3;1;1;78;0;5776199;779;0
147;18;336;16;2;42;11;3.60;1;1;1;80;0;5776211;96;0
147;18;336;16;2;42;61;3.80;4;1;1;78;0;5776261;143;0
147;18;336;16;2;42;89;4.20;5;2;1;85;0;5776289;174;0
147;18;336;16;2;43;13;3.20;4;1;1;77;0;5776313;34;0
147;18;336;16;2;43;99;3.40;4;1;1;79;0;5776399;71;0
147;18;336;16;2;44;99;6.80;3;1;1;79;0;5776499;282;0
147;18;336;16;2;45;2;3.60;1;1;1;83;0;5776502;274;0
147;18;336;16;2;44;64;3.80;4;1;1;78;0;5776464;49;5776099
147;18;336;16;2;45;20;3.20;2;1;1;72;0;5776520;587;0
147;18;336;16;2;45;99;4.00;1;1;1;82;0;5776599;81;0
147;18;336;16;2;46;99;3.60;1;1;1;81;0;5776699;82;0
147;18;336;16;2;46;99;3.60;4;1;1;78;0;5776699;217;0
147;18;336;16;2;47;76;4.40;7;2;1;79;0;5776776;864;0
147;18;336;16;2;48;99;3.60;6;2;1;76;0;5776899;955;0
147;18;336;16;2;48;99;4.20;7;2;1;78;0;5776899;102;0
147;18;336;16;2;49;6;3.20;6;2;1;75;0;5776906;-1;0
147;18;336;16;2;49;22;4.00;2;1;1;76;0;5776922;386;0
147;18;336;16;2;50;99;3.60;6;2;1;74;0;5777099;177;0
147;18;336;16;2;51;99;3.80;3;1;1;73;0;5777199;669;0
147;18;336;16;2;51;99;4.00;8;2;1;78;0;5777199;1883;0
147;18;336;16;2;52;64;4.20;6;2;1;72;0;5777264;147;0
147;18;336;16;2;53;99;3.80;7;2;1;77;0;5777399;480;0
147;18;336;16;2;54;13;3.20;3;1;1;69;0;5777413;195;0
147;18;336;16;2;54;99;3.80;1;1;1;69;0;5777499;784;0
147;18;336;16;2;54;99;3.40;7;2;1;76;0;5777499;82;0
147;18;336;16;2;54;25;3.00;6;2;1;76;0;5777425;140;5774099
147;18;336;16;2;55;23;4.60;5;2;1;84;0;5777523;1216;0
147;18;336;16;2;55;99;3.20;7;2;1;76;0;5777599;83;0
147;18;336;16;2;56;10;3.20;2;1;1;76;0;5777610;669;0
147;18;336;16;2;56;99;4.40;7;2;1;79;0;5777699;84;0
147;18;336;16;2;57;25;3.40;4;1;1;81;0;5777725;1009;0
147;18;336;16;2;57;26;3.80;7;2;1;75;0;5777726;6;5777399
147;18;336;16;2;57;66;3.80;2;1;1;74;0;5777766;140;5777399
147;18;336;16;2;58;3;3.20;6;2;1;88;0;5777803;363;0
147;18;336;16;2;58;23;3.40;5;2;1;90;0;5777823;280;0
147;18;336;16;2;58;99;3.40;7;2;1;71;0;5777899;154;5777399
147;18;336;16;2;58;99;4.60;4;1;1;83;0;5777899;158;5777399
147;18;336;16;3;0;99;4.00;8;2;1;78;0;5778099;881;0
147;18;336;16;3;1;99;3.40;3;1;1;68;0;5778199;769;0
147;18;336;16;3;1;99;3.80;4;1;1;74;0;5778199;280;0
147;18;336;16;3;4;5;3.40;5;2;1;82;0;5778405;568;0
147;18;336;16;3;4;99;3.00;2;1;1;66;0;5778499;714;0
147;18;336;16;3;4;99;4.80;6;2;1;72;0;5778499;682;0
147;18;336;16;3;4;15;3.80;3;1;1;74;0;5778415;198;0
147;18;336;16;3;5;84;3.40;1;1;1;68;0;5778584;1065;0
147;18;336;16;3;5;96;3.60;6;2;1;74;0;5778596;73;0
147;18;336;16;3;5;99;3.60;5;2;1;81;0;5778599;179;0
147;18;336;16;3;6;99;3.00;1;1;1;70;0;5778699;97;0
147;18;336;16;3;6;99;7.40;7;2;6;77;0;5778699;782;0
147;18;336;16;3;7;99;4.00;5;2;1;80;0;5778799;184;0
147;18;336;16;3;7;14;3.00;2;1;1;70;0;5778714;198;0
147;18;336;16;3;7;64;3.80;4;1;1;73;0;5778764;546;0
147;18;336;16;3;8;95;4.20;7;2;1;75;0;5778895;161;0
147;18;336;16;3;10;5;3.00;3;1;1;66;0;5779005;571;0
147;18;336;16;3;10;71;3.60;5;2;1;82;0;5779071;254;0
147;18;336;16;3;12;99;3.60;2;1;1;89;0;5779299;569;0
147;18;336;16;3;12;99;3.20;3;1;1;70;0;5779299;277;0
147;18;336;16;3;12;20;3.40;4;1;1;74;0;5779220;437;0
147;18;336;16;3;12;48;4.00;1;1;1;86;0;5779248;533;0
147;18;336;16;3;12;42;3.80;6;2;1;65;0;5779242;628;0
147;18;336;16;3;13;75;3.40;5;2;1;73;0;5779375;288;0
147;18;336;16;3;13;84;3.60;2;1;1;78;0;5779384;70;0
147;18;336;16;3;13;99;3.40;4;1;1;72;0;5779399;162;0
147;18;336;16;3;14;99;3.20;6;2;1;69;0;5779499;235;0
147;18;336;16;3;15;29;3.60;3;1;1;74;0;5779529;213;0
147;18;336;16;3;15;73;3.60;4;1;1;83;0;5779573;157;0
147;18;336;16;3;13;21;18.40;7;2;5;41;0;5779321;405;0
147;18;336;16;3;16;99;3.00;6;2;1;65;0;5779699;183;0
147;18;336;16;3;17;5;3.60;5;2;1;77;0;5779705;313;0
147;18;336;16;3;16;99;3.40;7;2;1;62;0;5779699;216;0
147;18;336;16;3;18;76;4.60;8;2;1;60;0;5779876;1758;0
147;18;336;16;3;19;8;3.20;6;2;1;68;0;5779908;192;0
147;18;336;16;3;19;99;5.00;7;2;1;61;0;5779999;280;0
147;18;336;16;3;19;99;5.40;3;1;1;77;0;5779999;452;0
147;18;336;16;3;21;16;3.60;3;1;1;75;0;5780116;91;0
147;18;336;16;3;23;3;3.60;3;1;1;72;0;5780303;169;0
147;18;336;16;3;23;85;4.60;2;1;1;79;0;5780385;984;0
147;18;336;16;3;24;9;3.60;5;2;1;81;0;5780409;687;0
147;18;336;16;3;24;15;3.60;8;2;1;82;0;5780415;511;0
147;18;336;16;3;24;13;3.60;7;2;1;73;0;5780413;384;0
147;18;336;16;3;24;17;3.80;6;2;1;76;0;5780417;492;0
147;18;336;16;3;24;99;3.00;4;1;1;77;0;5780499;910;0
147;18;336;16;3;24;99;3.00;2;1;1;73;0;5780499;93;0
147;18;336;16;3;25;22;3.40;7;2;1;74;0;5780522;91;0
147;18;336;16;3;25;42;3.20;2;1;1;73;0;5780542;28;0
147;18;336;16;3;25;56;3.00;4;1;1;77;0;5780556;42;0
147;18;336;16;3;25;60;3.60;3;1;1;73;0;5780560;239;0
147;18;336;16;3;26;99;4.00;4;1;1;76;0;5780699;128;0
147;18;336;16;3;26;99;3.60;7;2;1;79;0;5780699;160;0
147;18;336;16;3;26;99;3.40;2;1;1;75;0;5780699;141;0
147;18;336;16;3;27;99;3.20;2;1;1;75;0;5780799;83;5780385
147;18;336;16;3;28;50;4.00;3;1;1;82;0;5780850;272;0
147;18;336;16;3;28;99;3.00;6;2;1;80;0;5780899;464;0
147;18;336;16;3;30;0;3.60;5;2;1;80;0;5781000;575;0
147;18;336;16;3;30;36;3.00;6;2;1;74;0;5781036;123;0
147;18;336;16;3;31;99;3.20;1;1;1;79;0;5781199;1934;0
147;18;336;16;3;33;47;2.80;6;2;1;79;0;5781347;296;0
147;18;336;16;3;34;27;3.80;1;1;1;85;0;5781427;213;0
147;18;336;16;3;34;99;3.60;8;2;1;66;0;5781499;1068;0
147;18;336;16;3;35;23;3.60;5;2;1;78;0;5781523;506;0
147;18;336;16;3;35;99;3.20;6;2;1;70;0;5781599;239;0
147;18;336;16;3;35;41;3.20;3;1;1;83;0;5781541;673;0
147;18;336;16;3;36;10;3.60;1;1;1;81;0;5781610;166;0
147;18;336;16;3;36;99;3.60;2;1;1;87;0;5781699;884;0
147;18;336;16;3;36;92;11.00;6;2;3;73;0;5781692;76;0
147;18;336;16;3;38;18;3.40;8;2;1;77;0;5781818;299;0
147;18;336;16;3;38;27;3.60;2;1;1;80;0;5781827;113;0
147;18;336;16;3;38;48;3.60;3;1;1;69;0;5781848;293;0
147;18;336;16;3;39;99;3.20;4;1;1;80;0;5781999;1281;0
147;18;336;16;3;40;7;3.60;3;1;1;71;0;5782007;140;0
147;18;336;16;3;42;17;3.60;3;1;1;71;0;5782217;191;0
147;18;336;16;3;43;19;3.60;4;1;1;75;0;5782319;305;0
147;18;336;16;3;43;27;3.40;3;1;1;72;0;5782327;91;0
147;18;336;16;3;44;99;4.80;3;1;1;73;0;5782499;155;5781848
147;18;336;16;3;44;99;3.60;8;2;1;76;0;5782499;665;0
147;18;336;16;3;45;99;4.40;7;2;1;83;0;5782599;1883;0
147;18;336;16;3;45;7;2.80;3;1;1;70;0;5782507;-1;5781848
147;18;336;16;3;46;99;3.60;7;2;1;82;0;5782699;80;5781848
147;18;336;16;3;46;99;3.80;6;2;1;72;0;5782699;952;0
147;18;336;16;3;46;99;3.80;5;2;1;78;0;5782699;1159;0
147;18;336;16;3;47;5;3.40;4;1;1;81;0;5782705;368;0
147;18;336;16;3;47;99;3.20;3;1;1;70;0;5782799;277;0
147;18;336;16;3;47;99;3.00;2;1;1;75;0;5782799;955;0
147;18;336;16;3;48;8;3.40;7;2;1;80;0;5782808;93;0
147;18;336;16;3;48;65;3.60;4;1;1;81;0;5782865;144;0
147;18;336;16;3;48;62;3.40;3;1;1;69;0;5782862;46;0
147;18;336;16;3;49;99;3.40;2;1;1;76;0;5782999;185;0
147;18;336;16;3;49;99;3.20;7;2;1;76;0;5782999;175;0
147;18;336;16;3;50;99;3.20;1;1;1;80;0;5783099;1473;0
147;18;336;16;3;50;99;4.80;3;1;1;75;0;5783099;219;0
147;18;336;16;3;50;13;3.60;5;2;1;82;0;5783013;296;0
147;18;336;16;3;51;79;3.40;6;2;1;80;0;5783179;461;0
147;18;336;16;3;51;99;3.60;3;1;1;78;0;5783199;76;0
147;18;336;16;3;52;99;3.80;8;2;1;73;0;5783299;782;0
147;18;336;16;3;52;99;3.40;2;1;1;79;0;5783299;283;0
147;18;336;16;3;53;21;3.20;8;2;1;72;0;5783321;3;0
147;18;336;16;3;53;45;3.40;5;2;1;99;0;5783345;316;0
147;18;336;16;3;53;50;4.00;3;1;1;76;0;5783350;134;0
147;18;336;16;3;55;18;3.60;4;1;1;85;0;5783518;637;0
147;18;336;16;3;55;99;3.80;1;1;1;80;0;5783599;485;0
147;18;336;16;3;55;99;3.60;6;2;1;75;0;5783599;404;0
147;18;336;16;3;57;99;3.40;2;1;1;76;0;5783799;484;0
147;18;336;16;3;58;16;3.20;3;1;1;75;0;5783816;447;0
147;18;336;16;3;58;99;3.80;8;2;1;78;0;5783899;562;0
147;18;336;16;3;58;99;3.80;2;1;1;73;0;5783899;83;0
147;18;336;16;3;59;8;4.80;3;1;1;77;0;5783908;76;0
147;18;336;16;4;0;10;4.00;3;1;1;75;0;5784010;79;0
147;18;336;16;4;1;15;3.60;4;1;1;82;0;5784115;581;0
147;18;336;16;4;1;56;3.00;2;1;1;72;0;5784156;238;0
147;18;336;16;4;2;99;3.40;2;1;1;71;0;5784299;128;0
147;18;336;16;4;3;0;3.20;4;1;1;77;0;5784300;169;0
147;18;336;16;4;3;15;3.80;5;2;1;88;0;5784315;957;0
147;18;336;16;4;3;99;3.20;2;1;1;70;0;5784399;82;0
147;18;336;16;4;4;66;3.60;6;2;1;79;0;5784466;849;0
147;18;336;16;4;4;80;3.20;7;2;1;71;0;5784480;1465;0
147;18;336;16;4;4;99;3.00;2;1;1;66;0;5784499;83;0
147;18;336;16;4;5;99;4.60;7;2;1;77;0;5784599;102;0
147;18;336;16;4;5;99;3.20;2;1;1;74;0;5784599;83;5784156
147;18;336;16;4;7;99;3.80;1;1;1;75;0;5784799;1182;0
147;18;336;16;4;8;14;3.40;2;1;1;66;0;5784814;199;5784156
147;18;336;16;4;8;99;3.60;6;2;1;80;0;5784899;416;0
147;18;336;16;4;8;99;13.40;8;2;3;76;0;5784899;982;0
147;18;336;16;4;10;99;3.40;6;2;1;79;0;5785099;183;0
147;18;336;16;4;11;0;3.00;3;1;1;79;0;5785100;1070;0
147;18;336;16;4;11;49;3.80;6;2;1;76;0;5785149;34;0
147;18;336;16;4;11;58;3.00;2;1;1;66;0;5785158;325;0
147;18;336;16;4;12;99;3.00;2;1;1;68;0;5785299;124;0
147;18;336;16;4;13;99;3.80;4;1;1;76;0;5785399;1084;0
147;18;336;16;4;13;99;3.60;6;2;1;71;0;5785399;232;0
147;18;336;16;4;13;99;3.60;5;2;1;76;0;5785399;1068;0
147;18;336;16;4;13;99;3.60;7;2;1;72;0;5785399;778;0
147;18;336;16;4;14;14;4.20;5;2;1;77;0;5785414;-1;0
147;18;336;16;4;14;19;4.00;3;1;1;81;0;5785419;305;0
147;18;336;16;4;14;18;4.00;4;1;1;78;0;5785418;1;0
147;18;336;16;4;14;33;4.00;2;1;1;70;0;5785433;118;0
147;18;336;16;4;15;20;3.60;5;2;1;76;0;5785520;86;0
147;18;336;16;4;15;99;5.40;7;2;1;72;0;5785599;182;0
147;18;336;16;4;15;99;3.20;2;1;1;69;0;5785599;145;0
147;18;336;16;4;16;99;3.60;6;2;1;73;0;5785699;281;0
147;18;336;16;4;16;6;3.80;5;2;1;76;0;5785606;68;0
147;18;336;16;4;16;7;3.60;2;1;1;66;0;5785607;-1;5785158
147;18;336;16;4;17;82;3.40;3;1;1;73;0;5785782;345;0
147;18;336;16;4;17;97;3.60;7;2;1;79;0;5785797;171;0
147;18;336;16;4;17;99;4.60;5;2;1;77;0;5785799;175;5778405
147;18;336;16;4;17;99;3.40;6;2;1;75;0;5785799;82;5778405
147;18;336;16;4;18;99;3.60;2;1;1;74;0;5785899;272;0
147;18;336;16;4;18;99;3.60;7;2;1;78;0;5785899;85;0
147;18;336;16;4;18;99;3.80;4;1;1;79;0;5785899;462;0
147;18;336;16;4;19;85;7.00;2;1;1;70;0;5785985;68;0
147;18;336;16;4;20;99;3.80;3;1;1;76;0;5786099;300;0
147;18;336;16;4;20;99;3.80;7;2;1;76;0;5786099;183;5785399
147;18;336;16;4;20;99;3.40;4;1;1;83;0;5786099;182;5785399
147;18;336;16;4;21;30;3.40;3;1;1;76;0;5786130;13;5785399
147;18;336;16;4;23;99;3.60;4;1;1;82;0;5786399;285;0
147;18;336;16;4;23;99;3.20;3;1;1;73;0;5786399;252;0
147;18;336;16;4;23;99;3.80;2;1;1;68;0;5786399;378;0
147;18;336;16;4;24;5;3.60;6;2;1;77;0;5786405;589;0
147;18;336;16;4;25;99;6.80;3;1;1;74;0;5786599;184;0
147;18;336;16;4;25;99;4.00;5;2;1;87;0;5786599;778;0
147;18;336;16;4;26;99;4.00;6;2;1;84;0;5786699;277;0
147;18;336;16;4;26;99;3.60;3;1;1;71;0;5786699;66;0
147;18;336;16;4;26;17;4.00;2;1;1;88;0;5786617;197;0
147;18;336;16;4;26;14;4.20;1;1;1;81;0;5786614;1796;0
147;18;336;16;4;26;21;3.20;4;1;1;78;0;5786621;206;0
147;18;336;16;4;28;99;4.00;7;2;1;88;0;5786899;782;0
147;18;336;16;4;29;22;3.00;2;1;1;78;0;5786922;288;0
147;18;336;16;4;29;11;3.80;3;1;1;72;0;5786911;193;0
147;18;336;16;4;30;99;3.60;6;2;1;80;0;5787099;382;0
147;18;336;16;4;30;99;3.80;5;2;1;86;0;5787099;483;0
147;18;336;16;4;30;99;3.40;4;1;1;76;0;5787099;463;0
147;18;336;16;4;32;8;3.00;1;1;1;86;0;5787208;575;0
147;18;336;16;4;33;5;4.00;5;2;1;82;0;5787305;190;0
147;18;336;16;4;33;18;3.20;8;2;1;78;0;5787318;2355;0
147;18;336;16;4;33;99;4.00;4;1;1;88;0;5787399;283;0
147;18;336;16;4;33;99;3.60;6;2;1;72;0;5787399;283;0
147;18;336;16;4;34;46;3.60;3;1;1;70;0;5787446;516;0
147;18;336;16;4;34;33;9.40;6;2;2;72;0;5787433;16;0
147;18;336;16;4;35;99;3.80;4;1;1;81;0;5787599;183;0
147;18;336;16;4;36;1;3.60;5;2;1;78;0;5787601;278;0
147;18;336;16;4;37;30;3.60;2;1;1;70;0;5787730;794;0
147;18;336;16;4;37;54;3.40;6;2;1;71;0;5787754;274;0
147;18;336;16;4;38;99;3.20;3;1;1;74;0;5787899;434;0
147;18;336;16;4;39;99;3.20;8;2;1;74;0;5787999;666;0
147;18;336;16;4;40;0;3.60;5;2;1;84;0;5788000;382;0
147;18;336;16;4;39;49;3.40;2;1;1;68;0;5787949;200;0
147;18;336;16;4;40;23;3.00;6;2;1;80;0;5788023;251;0
147;18;336;16;4;40;86;3.80;1;1;1;74;0;5788086;865;0
147;18;336;16;4;41;16;3.40;7;2;1;79;0;5788116;1200;0
147;18;336;16;4;41;99;3.20;1;1;1;72;0;5788199;94;0
147;18;336;16;4;42;11;3.20;6;2;1;81;0;5788211;174;0
147;18;336;16;4;42;67;3.80;4;1;1;77;0;5788267;651;0
147;18;336;16;4;43;1;3.40;3;1;1;72;0;5788301;386;0
147;18;336;16;4;43;9;3.40;2;1;1;74;0;5788309;342;0
147;18;336;16;4;43;99;4.00;4;1;1;78;0;5788399;114;0
147;18;336;16;4;43;99;5.20;2;1;1;75;0;5788399;73;0
147;18;336;16;4;43;99;3.80;4;1;1;80;0;5788399;-1;0
147;18;336;16;4;44;7;3.60;3;1;1;72;0;5788407;89;0
147;18;336;16;4;45;70;3.40;6;2;1;81;0;5788570;344;0
147;18;336;16;4;45;99;4.00;2;1;1;81;0;5788599;175;0
147;18;336;16;4;46;99;3.00;4;1;1;80;0;5788699;282;0
147;18;336;16;4;46;99;3.60;3;1;1;72;0;5788699;274;0
147;18;336;16;4;47;4;3.80;3;1;1;72;0;5788704;-1;0
147;18;336;16;4;47;48;3.40;5;2;1;77;0;5788748;732;0
147;18;336;16;4;48;0;5.40;6;2;1;68;0;5788800;214;0
147;18;336;16;4;48;99;3.00;3;1;1;72;0;5788899;176;0
147;18;336;16;4;49;99;3.40;6;2;1;69;0;5788999;170;0
147;18;336;16;4;50;1;3.40;5;2;1;78;0;5789001;237;0
147;18;336;16;4;50;12;3.80;3;1;1;73;0;5789012;98;0
147;18;336;16;4;50;99;3.80;2;1;1;76;0;5789099;482;0
147;18;336;16;4;50;99;3.80;7;2;1;71;0;5789099;967;0
147;18;336;16;4;52;7;3.80;8;2;1;85;0;5789207;1192;0
147;18;336;16;4;54;99;3.80;3;1;1;77;0;5789499;468;0
147;18;336;16;4;54;5;3.80;8;2;1;76;0;5789405;181;0
147;18;336;16;4;55;0;4.00;5;2;1;86;0;5789500;483;0
147;18;336;16;4;55;62;3.60;4;1;1;78;0;5789562;849;0
147;18;336;16;4;55;83;3.80;3;1;1;85;0;5789583;66;0
147;18;336;16;4;56;99;3.20;2;1;1;71;0;5789699;582;0
147;18;336;16;4;57;99;3.80;5;2;1;85;0;5789799;282;0
147;18;336;16;4;57;24;3.80;6;2;1;81;0;5789724;707;0
147;18;336;16;4;58;16;3.80;2;1;1;72;0;5789816;100;0
147;18;336;16;4;58;99;3.80;5;2;1;84;0;5789899;83;0
147;18;336;16;4;59;5;3.60;1;1;1;74;0;5789905;1690;0
147;18;336;16;4;59;99;4.40;2;1;1;74;0;5789999;164;0
147;18;336;16;5;0;24;4.00;5;2;1;82;0;5790024;108;0
147;18;336;16;5;1;28;3.40;5;2;1;82;0;5790128;86;0
147;18;336;16;5;1;99;3.40;4;1;1;81;0;5790199;620;0
147;18;336;16;5;1;99;3.40;7;2;1;75;0;5790199;1080;0
147;18;336;16;5;1;99;3.60;2;1;1;69;0;5790199;178;0
147;18;336;16;5;2;3;3.60;6;2;1;77;0;5790203;462;0
147;18;336;16;5;2;99;3.60;1;1;1;71;0;5790299;376;0
147;18;336;16;5;2;99;15.80;4;1;4;79;0;5790299;84;0
147;18;336;16;5;2;35;3.40;3;1;1;75;0;5790235;635;0
147;18;336;16;5;3;10;3.20;2;1;1;66;0;5790310;92;5789699
147;18;336;16;5;3;93;3.20;7;2;1;81;0;5790393;177;5789699
147;18;336;16;5;3;99;3.20;8;2;1;79;0;5790399;976;0
147;18;336;16;5;4;99;3.60;2;1;1;67;0;5790499;171;5789699
147;18;336;16;5;5;30;3.20;6;2;1;70;0;5790530;310;0
147;18;336;16;5;6;17;3.80;5;2;1;78;0;5790617;474;0
147;18;336;16;5;6;99;3.80;7;2;1;80;0;5790699;291;0
147;18;336;16;5;6;99;3.20;2;1;1;66;0;5790699;180;5789699
147;18;336;16;5;6;99;3.80;6;2;1;71;0;5790699;152;5789699
147;18;336;16;5;6;99;3.60;7;2;1;77;0;5790699;-1;5789699
147;18;336;16;5;8;61;3.40;2;1;1;68;0;5790861;144;5789699
147;18;336;16;5;9;16;3.40;6;2;1;69;0;5790916;197;5789699
147;18;336;16;5;9;99;3.20;5;2;1;88;0;5790999;364;0
147;18;336;16;5;10;6;3.60;2;1;1;71;0;5791006;127;5789699
147;18;336;16;5;10;60;6.00;6;2;1;73;0;5791060;126;5789699
147;18;336;16;5;11;99;3.80;8;2;1;81;0;5791199;785;0
147;18;336;16;5;11;99;3.40;2;1;1;71;0;5791199;174;5789699
147;18;336;16;5;12;7;4.00;5;2;1;81;0;5791207;194;5789699
147;18;336;16;5;12;99;4.20;4;1;1;81;0;5791299;928;0
147;18;336;16;5;14;99;7.80;3;1;6;78;0;5791499;1247;0
147;18;336;16;5;15;25;3.00;2;1;1;70;0;5791525;308;0
147;18;336;16;5;15;41;3.40;4;1;1;78;0;5791541;223;0
147;18;336;16;5;16;16;3.60;7;2;1;81;0;5791616;900;0
147;18;336;16;5;16;20;3.60;6;2;1;78;0;5791620;530;0
147;18;336;16;5;16;99;3.60;2;1;1;73;0;5791699;158;0
147;18;336;16;5;17;99;3.20;2;1;1;69;0;5791799;82;0
147;18;336;16;5;18;14;3.20;5;2;1;86;0;5791814;589;0
147;18;336;16;5;18;3;3.60;3;1;1;71;0;5791803;268;0
147;18;336;16;5;18;85;3.40;6;2;1;73;0;5791885;248;0
147;18;336;16;5;19;99;3.40;5;2;1;79;0;5791999;171;0
147;18;336;16;5;19;99;3.80;7;2;1;89;0;5791999;367;0
147;18;336;16;5;20;21;3.80;5;2;1;80;0;5792021;6;0
147;18;336;16;5;21;8;3.60;6;2;1;74;0;5792108;206;0
147;18;336;16;5;21;99;3.20;3;1;1;77;0;5792199;377;0
147;18;336;16;5;21;99;3.40;5;2;1;79;0;5792199;160;0
147;18;336;16;5;22;99;3.60;7;2;1;81;0;5792299;284;0
147;18;336;16;5;23;16;3.20;3;1;1;77;0;5792316;102;0
147;18;336;16;5;23;92;4.40;6;2;1;69;0;5792392;266;0
147;18;336;16;5;24;99;6.00;5;2;1;79;0;5792499;284;0
147;18;336;16;5;24;99;3.00;8;2;1;79;0;5792499;1283;0
147;18;336;16;5;28;22;3.20;6;2;1;73;0;5792822;407;0
147;18;336;16;5;28;70;4.00;7;2;1;80;0;5792870;555;0
147;18;336;16;5;29;99;8.40;2;1;6;72;0;5792999;1183;0
147;18;336;16;5;29;99;3.60;6;2;1;80;0;5792999;161;0
147;18;336;16;5;30;21;3.20;5;2;1;85;0;5793021;494;0
147;18;336;16;5;30;26;3.80;4;1;1;81;0;5793026;1469;0
147;18;336;16;5;31;26;3.40;3;1;1;78;0;5793126;795;0
147;18;336;16;5;32;99;3.80;1;1;1;72;0;5793299;2981;0
147;18;336;16;5;32;99;4.00;3;1;1;79;0;5793299;157;0
147;18;336;16;5;33;0;3.40;2;1;1;79;0;5793300;259;0
147;18;336;16;5;33;22;3.60;5;2;1;81;0;5793322;287;0
147;18;336;16;5;33;25;3.40;3;1;1;78;0;5793325;7;0
147;18;336;16;5;35;10;3.80;6;2;1;75;0;5793510;494;0
147;18;336;16;5;35;17;3.20;1;1;1;77;0;5793517;199;0
147;18;336;16;5;35;16;4.20;5;2;1;84;0;5793516;178;0
147;18;336;16;5;36;22;3.20;7;2;1;82;0;5793622;734;0
147;18;336;16;5;36;27;3.80;8;2;1;86;0;5793627;1114;0
147;18;336;16;5;36;49;3.40;6;2;1;76;0;5793649;120;0
147;18;336;16;5;39;99;3.60;3;1;1;75;0;5793999;658;0
147;18;336;16;5;40;2;3.60;4;1;1;76;0;5794002;959;0
147;18;336;16;5;40;1;3.60;7;2;1;80;0;5794001;364;0
147;18;336;16;5;42;2;3.80;3;1;1;74;0;5794202;185;0
147;18;336;16;5;43;16;4.00;4;1;1;78;0;5794316;296;0
147;18;336;16;5;43;73;14.00;3;1;4;74;0;5794373;152;0
147;18;336;16;5;44;99;3.80;6;2;1;80;0;5794499;833;0
147;18;336;16;5;45;4;4.40;4;1;1;80;0;5794504;169;0
147;18;336;16;5;46;64;3.40;1;1;1;87;0;5794664;1132;0
147;18;336;16;5;47;8;3.40;8;2;1;76;0;5794708;1065;0
147;18;336;16;5;46;62;17.00;3;1;4;69;0;5794662;220;0
147;18;336;16;5;48;99;3.20;2;1;1;73;0;5794899;1583;0
147;18;336;16;5;48;99;3.80;8;2;1;72;0;5794899;174;0
147;18;336;16;5;49;9;3.60;3;1;1;74;0;5794909;158;0
147;18;336;16;5;49;85;3.00;5;2;1;86;0;5794985;1451;0
147;18;336;16;5;50;99;5.80;6;2;1;74;0;5795099;582;0
147;18;336;16;5;51;25;3.80;5;2;1;86;0;5795125;127;0
147;18;336;16;5;51;51;3.40;6;2;1;73;0;5795151;23;0
147;18;336;16;5;52;1;3.00;3;1;1;75;0;5795201;274;0
147;18;336;16;5;52;99;3.40;4;1;1;93;0;5795299;775;0
147;18;336;16;5;54;13;3.80;4;1;1;84;0;5795413;100;0
147;18;336;16;5;54;65;4.00;7;2;1;81;0;5795465;1447;0
147;18;336;16;5;55;99;3.60;3;1;1;79;0;5795599;383;0
147;18;336;16;5;55;99;3.60;2;1;1;82;0;5795599;684;0
147;18;336;16;5;57;99;3.20;2;1;1;80;0;5795799;184;0
147;18;336;16;5;58;10;4.00;3;1;1;85;0;5795810;194;0
147;18;336;16;5;58;99;3.00;6;2;1;73;0;5795899;731;0
147;18;336;16;5;58;5;3.60;4;1;1;83;0;5795805;375;0
147;18;336;16;6;0;99;3.40;1;1;1;74;0;5796099;1420;0
147;18;336;16;6;1;99;3.80;3;1;1;78;0;5796199;372;0
147;18;336;16;6;1;99;3.80;6;2;1;79;0;5796199;285;0
147;18;336;16;6;1;16;4.00;4;1;1;85;0;5796116;295;0
147;18;336;16;6;2;99;3.60;6;2;1;72;0;5796299;82;0
147;18;336;16;6;4;22;3.20;6;2;1;75;0;5796422;105;0
147;18;336;16;6;4;38;3.40;5;2;1;79;0;5796438;1297;0
147;18;336;16;6;6;10;3.20;4;1;1;76;0;5796610;477;0
147;18;336;16;6;6;99;3.40;2;1;1;63;0;5796699;885;0
147;18;336;16;6;6;99;3.60;6;2;1;75;0;5796699;261;0
147;18;336;16;6;6;99;4.00;5;2;1;81;0;5796699;245;0
147;18;336;16;6;6;9;3.20;3;1;1;69;0;5796609;392;0
147;18;336;16;6;6;21;3.80;1;1;1;82;0;5796621;505;0
147;18;336;16;6;7;99;4.20;3;1;1;65;0;5796799;173;0
147;18;336;16;6;8;15;3.60;2;1;1;72;0;5796815;96;0
147;18;336;16;6;8;99;3.60;3;1;1;64;0;5796899;76;0
147;18;336;16;6;8;99;3.20;1;1;1;71;0;5796899;261;0
147;18;336;16;6;9;18;3.80;6;2;1;76;0;5796918;201;0
147;18;336;16;6;9;62;3.40;5;2;1;81;0;5796962;245;0
147;18;336;16;6;10;99;3.60;3;1;1;63;0;5797099;179;0
147;18;336;16;6;11;5;3.60;6;2;1;71;0;5797105;169;0
147;18;336;16;6;11;1;4.20;3;1;1;61;0;5797101;-1;5796609
147;18;336;16;6;12;99;3.40;6;2;1;71;0;5797299;175;5796609
147;18;336;16;6;13;14;3.80;2;1;1;79;0;5797314;481;0
147;18;336;16;6;14;25;3.60;2;1;1;82;0;5797425;93;0
147;18;336;16;6;14;36;3.80;6;2;1;77;0;5797436;119;0
147;18;336;16;6;15;6;5.20;7;2;1;78;0;5797506;2023;0
147;18;336;16;6;15;18;3.80;3;1;1;74;0;5797518;392;0
147;18;336;16;6;15;99;3.80;5;2;1;78;0;5797599;621;0
147;18;336;16;6;18;1;3.80;3;1;1;74;0;5797801;264;0
147;18;336;16;6;18;99;3.80;6;2;1;75;0;5797899;445;0
147;18;336;16;6;20;7;3.60;4;1;1;77;0;5798007;1381;0
147;18;336;16;6;20;19;3.60;6;2;1;75;0;5798019;101;0
147;18;336;16;6;20;99;4.20;1;1;1;71;0;5798099;1183;0
147;18;336;16;6;22;52;3.80;4;1;1;82;0;5798252;228;0
147;18;336;16;6;22;47;3.80;3;1;1;71;0;5798247;427;0
147;18;336;16;6;22;72;3.40;5;2;1;78;0;5798272;655;0
147;18;336;16;6;23;99;4.00;7;2;1;80;0;5798399;869;0
147;18;336;16;6;23;99;4.60;6;2;1;76;0;5798399;362;0
147;18;336;16;6;24;20;3.80;5;2;1;82;0;5798420;132;0
147;18;336;16;6;24;99;3.80;3;1;1;72;0;5798499;232;0
147;18;336;16;6;24;35;4.00;6;2;1;75;0;5798435;14;0
147;18;336;16;6;25;99;3.20;5;2;1;83;0;5798599;162;0
147;18;336;16;6;25;99;3.40;7;2;1;75;0;5798599;182;0
147;18;336;16;6;26;99;3.60;3;1;1;68;0;5798699;181;0
147;18;336;16;6;26;99;3.40;6;2;1;73;0;5798699;244;0
147;18;336;16;6;27;23;3.20;3;1;1;67;0;5798723;4;0
147;18;336;16;6;27;35;3.20;7;2;1;74;0;5798735;119;0
147;18;336;16;6;28;99;4.00;5;2;1;85;0;5798899;286;0
147;18;336;16;6;28;99;3.20;6;2;1;80;0;5798899;183;0
147;18;336;16;6;30;9;3.40;6;2;1;85;0;5799009;95;0
147;18;336;16;6;30;99;3.60;4;1;1;82;0;5799099;830;0
147;18;336;16;6;30;99;3.80;5;2;1;81;0;5799099;183;0
147;18;336;16;6;31;99;3.40;5;2;1;82;0;5799199;83;0
147;18;336;16;6;31;99;3.60;3;1;1;77;0;5799199;458;0
147;18;336;16;6;31;99;5.00;6;2;1;80;0;5799199;175;0
147;18;336;16;6;32;26;3.60;5;2;1;84;0;5799226;12;0
147;18;336;16;6;34;24;3.60;5;2;1;88;0;5799424;182;5798899
147;18;336;16;6;34;99;4.60;6;2;1;72;0;5799499;277;0
147;18;336;16;6;35;77;3.40;5;2;1;85;0;5799577;138;5798899
147;18;336;16;6;35;93;3.80;7;2;1;79;0;5799593;842;0
147;18;336;16;6;35;99;3.00;6;2;1;74;0;5799599;77;0
147;18;336;16;6;36;99;3.00;3;1;1;71;0;5799699;483;0
147;18;336;16;6;36;99;3.80;6;2;1;73;0;5799699;85;0
147;18;336;16;6;37;52;3.60;5;2;1;85;0;5799752;160;5798899
147;18;336;16;6;38;99;8.00;4;1;6;86;0;5799899;784;0
147;18;336;16;6;39;15;3.80;3;1;1;81;0;5799915;200;0
147;18;336;16;6;39;13;3.60;1;1;1;73;0;5799913;1792;0
147;18;336;16;6;39;99;3.60;6;2;1;73;0;5799999;281;0
147;18;336;16;6;40;19;4.00;5;2;1;79;0;5800019;251;0
147;18;336;16;6;41;99;3.80;5;2;1;82;0;5800199;161;0
147;18;336;16;6;42;25;3.40;2;1;1;78;0;5800225;2784;0
147;18;336;16;6;43;23;3.60;5;2;1;85;0;5800323;107;0
147;18;336;16;6;43;99;3.80;3;1;1;80;0;5800399;467;0
147;18;336;16;6;44;4;3.20;6;2;1;79;0;5800404;387;0
147;18;336;16;6;45;38;3.80;6;2;1;75;0;5800538;119;0
147;18;336;16;6;45;92;3.60;1;1;1;71;0;5800592;661;0
147;18;336;16;6;46;99;3.00;7;2;1;75;0;5800699;1088;0
147;18;336;16;6;46;99;3.80;6;2;1;74;0;5800699;142;0
147;18;336;16;6;47;12;3.80;5;2;1;83;0;5800712;373;0
147;18;336;16;6;47;15;3.20;7;2;1;76;0;5800715;1;0
147;18;336;16;6;48;99;3.60;6;2;1;69;0;5800899;181;0
147;18;336;16;6;49;99;5.40;5;2;1;88;0;5800999;270;0
147;18;336;16;6;49;99;3.40;6;2;1;70;0;5800999;81;5800404
147;18;336;16;6;50;22;3.40;7;2;1;72;0;5801022;291;0
147;18;336;16;6;50;59;3.80;1;1;1;79;0;5801059;448;0
147;18;336;16;6;51;99;3.40;6;2;1;72;0;5801199;182;5800404
147;18;336;16;6;52;99;3.20;8;2;1;77;0;5801299;6381;0
147;18;336;16;6;53;1;3.20;2;1;1;83;0;5801301;1060;0
147;18;336;16;6;54;6;3.40;7;2;1;79;0;5801406;367;0
147;18;336;16;6;54;99;3.80;3;1;1;80;0;5801499;1082;0
147;18;336;16;6;55;8;3.20;6;2;1;78;0;5801508;292;0
147;18;336;16;6;56;6;5.00;5;2;1;87;0;5801606;584;0
147;18;336;16;6;56;16;3.40;3;1;1;74;0;5801616;99;0
147;18;336;16;6;56;99;3.40;4;1;1;76;0;5801699;1766;0
147;18;336;16;6;57;21;3.80;6;2;1;80;0;5801721;198;0
147;18;336;16;6;57;3;3.40;3;1;1;78;0;5801703;70;0
147;18;336;16;6;58;24;4.00;7;2;1;89;0;5801824;402;0
147;18;336;16;6;58;99;3.40;5;2;1;78;0;5801899;272;0
147;18;336;16;6;59;99;3.60;3;1;1;81;0;5801999;280;0
147;18;336;16;6;59;99;5.20;6;2;1;73;0;5801999;260;0
147;18;336;16;6;59;99;3.40;2;1;1;79;0;5801999;684;0
147;18;336;16;6;59;90;8.00;5;2;2;74;0;5801990;75;0
147;18;336;16;7;0;71;3.00;3;1;1;75;0;5802071;56;0
147;18;336;16;7;1;11;3.40;6;2;1;83;0;5802111;86;0
147;18;336;16;7;1;99;3.80;5;2;1;79;0;5802199;170;0
147;18;336;16;7;1;99;3.80;4;1;1;85;0;5802199;483;0
147;18;336;16;7;1;99;11.60;2;1;3;77;0;5802199;184;0
147;18;336;16;7;2;99;3.60;6;2;1;73;0;5802299;173;0
147;18;336;16;7;3;3;3.60;5;2;1;82;0;5802303;86;0
147;18;336;16;7;3;90;3.20;6;2;1;75;0;5802390;73;0
147;18;336;16;7;3;99;4.00;3;1;1;82;0;5802399;313;0
147;18;336;16;7;5;24;3.80;6;2;1;81;0;5802524;118;5801999
147;18;336;16;7;6;99;3.60;5;2;1;82;0;5802699;380;0
147;18;336;16;7;7;99;3.60;6;2;1;79;0;5802799;258;0
147;18;336;16;7;8;14;3.80;2;1;1;65;0;5802814;560;0
147;18;336;16;7;8;41;3.60;4;1;1;79;0;5802841;625;0
147;18;336;16;7;9;99;3.60;6;2;1;74;0;5802999;183;0
147;18;336;16;7;9;99;3.60;2;1;1;65;0;5802999;163;0
147;18;336;16;7;9;99;3.80;8;2;1;73;0;5802999;1685;0
147;18;336;16;7;10;27;3.80;4;1;1;84;0;5803027;169;0
147;18;336;16;7;10;99;2.80;2;1;1;65;0;5803099;80;0
147;18;336;16;7;10;31;3.80;5;2;1;87;0;5803031;316;0
147;18;336;16;7;10;47;3.20;6;2;1;75;0;5803047;30;0
147;18;336;16;7;11;80;2.80;3;1;1;71;0;5803180;763;0
147;18;336;16;7;12;99;5.80;3;1;1;71;0;5803299;104;0
147;18;336;16;7;12;99;3.60;1;1;1;75;0;5803299;2222;0
147;18;336;16;7;14;5;3.80;5;2;1;81;0;5803405;358;0
147;18;336;16;7;14;99;3.80;6;2;1;78;0;5803499;436;0
147;18;336;16;7;14;99;3.20;8;2;1;75;0;5803499;481;0
147;18;336;16;7;14;99;4.20;4;1;1;77;0;5803499;455;0
147;18;336;16;7;15;99;3.60;3;1;1;66;0;5803599;270;0
147;18;336;16;7;15;11;3.80;7;2;1;77;0;5803511;1670;0
147;18;336;16;7;15;18;3.60;6;2;1;75;0;5803518;1;0
147;18;336;16;7;16;79;15.40;4;1;4;71;0;5803679;160;0
147;18;336;16;7;17;99;3.60;1;1;1;80;0;5803799;482;0
147;18;336;16;7;18;44;3.40;3;1;1;67;0;5803844;225;0
147;18;336;16;7;18;6;16.00;4;1;4;68;0;5803806;48;0
147;18;336;16;7;20;99;3.60;4;1;1;69;0;5804099;208;0
147;18;336;16;7;20;99;3.40;1;1;1;74;0;5804099;283;0
147;18;336;16;7;21;42;10.80;3;1;7;75;0;5804142;279;0
147;18;336;16;7;21;89;3.60;6;2;1;73;0;5804189;653;0
147;18;336;16;7;21;99;4.40;2;1;1;81;0;5804199;1084;0
147;18;336;16;7;22;99;3.80;4;1;1;74;0;5804299;181;0
147;18;336;16;7;22;99;3.80;6;2;1;74;0;5804299;92;0
147;18;336;16;7;22;99;5.80;2;1;1;81;0;5804299;80;0
147;18;336;16;7;23;11;3.80;5;2;1;83;0;5804311;889;0
147;18;336;16;7;23;47;4.00;7;2;1;80;0;5804347;818;0
147;18;336;16;7;23;45;3.80;3;1;1;76;0;5804345;151;0
147;18;336;16;7;24;99;3.60;2;1;1;79;0;5804499;174;0
147;18;336;16;7;25;99;5.40;8;2;1;83;0;5804599;1084;0
147;18;336;16;7;26;8;3.80;6;2;1;76;0;5804608;290;0
147;18;336;16;7;26;16;3.60;4;1;1;83;0;5804616;298;0
147;18;336;16;7;27;1;2.80;5;2;1;83;0;5804701;373;0
147;18;336;16;7;26;99;3.60;7;2;1;76;0;5804699;334;0
147;18;336;16;7;27;1;3.20;2;1;1;74;0;5804701;185;0
147;18;336;16;7;27;99;3.40;4;1;1;81;0;5804799;167;0
147;18;336;16;7;28;33;3.00;2;1;1;74;0;5804833;116;5804199
147;18;336;16;7;29;90;3.40;6;2;1;86;0;5804990;364;0
147;18;336;16;7;30;99;3.60;4;1;1;81;0;5805099;284;0
147;18;336;16;7;31;19;3.80;2;1;1;67;0;5805119;271;0
147;18;336;16;7;31;36;3.80;6;2;1;77;0;5805136;131;0
147;18;336;16;7;31;92;6.00;8;2;1;92;0;5805192;569;0
147;18;336;16;7;32;6;3.80;7;2;1;79;0;5805206;489;0
147;18;336;16;7;32;99;3.40;2;1;1;69;0;5805299;159;0
147;18;336;16;7;33;13;3.40;6;2;1;77;0;5805313;159;0
147;18;336;16;7;34;14;3.40;2;1;1;69;0;5805414;97;0
147;18;336;16;7;35;20;2.80;6;2;1;78;0;5805520;191;0
147;18;336;16;7;35;99;4.00;7;2;1;80;0;5805599;375;0
147;18;336;16;7;35;99;3.80;4;1;1;76;0;5805599;484;0
147;18;336;16;7;35;99;3.60;2;1;1;69;0;5805599;167;0
147;18;336;16;7;35;99;3.80;8;2;1;84;0;5805599;383;0
147;18;336;16;7;36;21;4.40;3;1;1;71;0;5805621;1258;0
147;18;336;16;7;36;46;3.60;7;2;1;80;0;5805646;29;0
147;18;336;16;7;38;20;3.40;3;1;1;70;0;5805820;176;0
147;18;336;16;7;39;97;4.00;5;2;1;83;0;5805997;1283;0
147;18;336;16;7;40;0;3.60;7;2;1;72;0;5806000;337;0
147;18;336;16;7;40;99;3.60;5;2;1;78;0;5806099;84;0
147;18;336;16;7;40;99;3.60;3;1;1;69;0;5806099;261;0
147;18;336;16;7;41;62;3.80;6;2;1;77;0;5806162;629;0
147;18;336;16;7;41;78;3.60;4;1;1;77;0;5806178;561;0
147;18;336;16;7;42;98;4.00;7;2;1;76;0;5806298;280;0
147;18;336;16;7;42;99;3.60;3;1;1;70;0;5806299;181;0
147;18;336;16;7;42;99;3.80;5;2;1;80;0;5806299;183;0
147;18;336;16;7;43;15;3.60;6;2;1;72;0;5806315;135;0
147;18;336;16;7;43;99;3.20;1;1;1;82;0;5806399;2283;0
147;18;336;16;7;44;9;3.40;3;1;1;71;0;5806409;91;0
147;18;336;16;7;44;74;3.80;5;2;1;80;0;5806474;157;0
147;18;336;16;7;44;99;3.60;4;1;1;80;0;5806499;304;0
147;18;336;16;7;45;9;2.80;6;2;1;74;0;5806509;176;0
147;18;336;16;7;45;27;3.40;1;1;1;97;0;5806527;113;0
147;18;336;16;7;45;99;3.40;2;1;1;75;0;5806599;981;0
147;18;336;16;7;45;99;3.60;4;1;1;76;0;5806599;83;0
147;18;336;16;7;45;99;3.60;2;1;1;75;0;5806599;-1;0
147;18;336;16;7;46;46;3.60;4;1;1;79;0;5806646;29;0
147;18;336;16;7;47;23;3.80;3;1;1;79;0;5806723;296;0
147;18;336;16;7;49;29;3.60;3;1;1;71;0;5806929;188;0
147;18;336;16;7;49;61;3.40;4;1;1;82;0;5806961;298;0
147;18;336;16;7;49;79;3.60;8;2;1;79;0;5806979;1363;0
147;18;336;16;7;50;99;3.40;3;1;1;71;0;5807099;151;0
147;18;336;16;7;50;99;3.60;4;1;1;83;0;5807099;123;0
147;18;336;16;7;52;89;3.00;6;2;1;73;0;5807289;766;0
147;18;336;16;7;52;80;5.40;3;1;1;70;0;5807280;163;0
147;18;336;16;7;53;99;2.80;3;1;1;69;0;5807399;91;5806723
147;18;336;16;7;53;99;3.80;1;1;1;87;0;5807399;859;0
147;18;336;16;7;54;8;4.00;2;1;1;82;0;5807408;791;0
147;18;336;16;7;54;28;3.40;6;2;1;72;0;5807428;124;0
147;18;336;16;7;54;61;3.60;5;2;1;78;0;5807461;969;0
147;18;336;16;7;54;65;4.00;1;1;1;86;0;5807465;50;0
147;18;336;16;7;54;81;3.60;3;1;1;65;0;5807481;67;5806723
147;18;336;16;7;55;99;3.80;6;2;1;75;0;5807599;154;5806723
147;18;336;16;7;55;99;3.60;5;2;1;79;0;5807599;121;5806723
147;18;336;16;7;55;99;3.20;4;1;1;78;0;5807599;484;0
147;18;336;16;7;57;17;4.40;4;1;1;78;0;5807717;103;0
147;18;336;16;7;58;99;3.60;6;2;1;77;0;5807899;281;0
147;18;336;16;7;59;53;4.00;4;1;1;72;0;5807953;215;0
147;18;336;16;8;0;99;3.40;3;1;1;74;0;5808099;598;0
147;18;336;16;8;1;99;2.80;6;2;1;82;0;5808199;283;0
147;18;336;16;8;1;99;3.40;4;1;1;76;0;5808199;226;0
147;18;336;16;8;2;98;3.00;2;1;1;71;0;5808298;872;0
147;18;336;16;8;3;16;3.60;5;2;1;87;0;5808316;700;0
147;18;336;16;8;3;99;3.60;1;1;1;74;0;5808399;917;0
147;18;336;16;8;3;99;3.60;2;1;1;68;0;5808399;85;0
147;18;336;16;8;3;99;3.60;7;2;1;69;0;5808399;2082;0
147;18;336;16;8;4;9;3.20;3;1;1;78;0;5808409;293;0
147;18;336;16;8;4;67;4.00;1;1;1;82;0;5808467;50;0
147;18;336;16;8;5;99;3.20;7;2;1;68;0;5808599;181;0
147;18;336;16;8;5;99;3.80;4;1;1;79;0;5808599;383;0
147;18;336;16;8;5;99;3.60;6;2;1;77;0;5808599;387;0
147;18;336;16;8;6;17;3.40;2;1;1;76;0;5808617;198;0
147;18;336;16;8;6;99;3.00;6;2;1;75;0;5808699;83;0
147;18;336;16;8;6;99;3.40;3;1;1;74;0;5808699;275;0
147;18;336;16;8;6;99;3.60;4;1;1;78;0;5808699;82;0
147;18;336;16;8;6;99;5.40;5;2;1;87;0;5808699;368;0
147;18;336;16;8;7;76;4.00;6;2;1;70;0;5808776;62;0
147;18;336;16;8;7;91;3.20;8;2;1;77;0;5808791;1795;0
147;18;336;16;8;10;88;3.20;6;2;1;72;0;5809088;291;0
147;18;336;16;8;11;99;3.80;3;1;1;82;0;5809199;483;0
147;18;336;16;8;11;1;3.20;6;2;1;72;0;5809101;-1;0
147;18;336;16;8;13;8;3.80;3;1;1;84;0;5809308;92;0
147;18;336;16;8;13;99;3.40;2;1;1;70;0;5809399;765;0
147;18;336;16;8;13;99;3.60;6;2;1;75;0;5809399;282;0
147;18;336;16;8;15;13;5.80;4;1;1;82;0;5809513;797;0
147;18;336;16;8;15;77;11.20;2;1;2;68;0;5809577;160;0
147;18;336;16;8;15;99;3.60;6;2;1;74;0;5809599;182;0
147;18;336;16;8;16;25;3.80;5;2;1;83;0;5809625;903;0
147;18;336;16;8;16;99;4.20;2;1;1;69;0;5809699;62;0
147;18;336;16;8;17;42;3.40;4;1;1;81;0;5809742;203;0
147;18;336;16;8;17;20;6.20;3;1;1;70;0;5809720;395;0
147;18;336;16;8;17;58;4.60;2;1;1;74;0;5809758;37;0
147;18;336;16;8;18;15;3.40;5;2;1;79;0;5809815;173;0
147;18;336;16;8;18;99;3.00;2;1;1;69;0;5809899;118;5809399
147;18;336;16;8;18;99;3.40;6;2;1;75;0;5809899;282;0
147;18;336;16;8;18;99;4.00;8;2;1;81;0;5809899;1093;0
147;18;336;16;8;19;4;3.60;3;1;1;68;0;5809904;152;0
147;18;336;16;8;19;99;3.40;5;2;1;83;0;5809999;168;0
147;18;336;16;8;19;9;4.40;8;2;1;80;0;5809909;-1;0
147;18;336;16;8;20;19;3.00;3;1;1;68;0;5810019;95;0
147;18;336;16;8;20;80;3.20;6;2;1;80;0;5810080;164;0
147;18;336;16;8;21;99;4.00;6;2;1;77;0;5810199;104;0
147;18;336;16;8;22;17;3.60;3;1;1;72;0;5810217;182;0
147;18;336;16;8;22;58;3.40;8;2;1;77;0;5810258;329;0
147;18;336;16;8;23;99;4.60;5;2;1;82;0;5810399;385;0
147;18;336;16;8;23;99;3.80;4;1;1;83;0;5810399;641;0
147;18;336;16;8;23;99;8.00;3;1;6;73;0;5810399;164;5809720
147;18;336;16;8;24;99;4.00;1;1;1;79;0;5810499;2014;0
147;18;336;16;8;24;99;3.40;6;2;1;80;0;5810499;281;0
147;18;336;16;8;25;87;3.20;6;2;1;82;0;5810587;72;0
147;18;336;16;8;25;99;3.40;4;1;1;76;0;5810599;183;0
147;18;336;16;8;26;23;3.00;3;1;1;75;0;5810623;184;5809720
147;18;336;16;8;27;99;3.80;8;2;1;77;0;5810799;525;0
147;18;336;16;8;27;25;3.80;5;2;1;84;0;5810725;305;0
147;18;336;16;8;28;99;3.40;3;1;1;72;0;5810899;261;0
147;18;336;16;8;29;12;3.80;7;2;1;86;0;5810912;2296;0
147;18;336;16;8;29;99;3.20;4;1;1;81;0;5810999;383;0
147;18;336;16;8;31;17;3.60;4;1;1;79;0;5811117;103;0
147;18;336;16;8;31;99;3.20;8;2;1;74;0;5811199;382;0
147;18;336;16;8;32;24;3.60;6;2;1;84;0;5811224;622;0
147;18;336;16;8;32;20;3.40;3;1;1;70;0;5811220;304;0
147;18;336;16;8;34;6;3.60;7;2;1;77;0;5811406;478;0
147;18;336;16;8;34;99;3.60;3;1;1;78;0;5811499;261;0
147;18;336;16;8;35;33;4.20;2;1;1;71;0;5811533;1618;0
147;18;336;16;8;35;51;3.00;4;1;1;75;0;5811551;417;0
147;18;336;16;8;35;99;3.40;3;1;1;74;0;5811599;83;0
147;18;336;16;8;34;33;4.00;7;2;1;12;0;5811433;10;0
147;18;336;16;8;37;22;3.20;2;1;1;71;0;5811722;167;0
147;18;336;16;8;38;61;3.60;1;1;1;66;0;5811861;1343;0
147;18;336;16;8;38;99;3.60;3;1;1;73;0;5811899;283;0
147;18;336;16;8;39;99;3.60;2;1;1;70;0;5811999;260;0
147;18;336;16;8;39;99;3.80;7;2;1;93;0;5811999;446;0
147;18;336;16;8;39;99;3.60;6;2;1;75;0;5811999;759;0
147;18;336;16;8;40;80;3.20;2;1;1;71;0;5812080;62;0
147;18;336;16;8;41;99;4.20;8;2;1;81;0;5812199;984;0
147;18;336;16;8;41;99;4.00;5;2;1;84;0;5812199;1457;0
147;18;336;16;8;42;99;3.20;6;2;1;73;0;5812299;282;0
147;18;336;16;8;44;99;3.20;6;2;1;73;0;5812499;184;0
147;18;336;16;8;44;99;3.80;5;2;1;77;0;5812499;282;0
147;18;336;16;8;45;52;3.60;6;2;1;74;0;5812552;37;0
147;18;336;16;8;46;99;3.40;8;2;1;77;0;5812699;481;0
147;18;336;16;8;47;6;3.60;2;1;1;82;0;5812706;609;0
147;18;336;16;8;48;77;3.60;5;2;1;81;0;5812877;360;0
147;18;336;16;8;48;99;4.40;6;2;1;78;0;5812899;329;0
147;18;336;16;8;49;99;4.00;5;2;1;81;0;5812999;106;0
147;18;336;16;8;50;11;3.40;8;2;1;75;0;5813011;296;0
147;18;336;16;8;50;21;3.60;1;1;1;81;0;5813021;1140;0
147;18;336;16;8;50;16;3.40;3;1;1;76;0;5813016;1099;0
147;18;336;16;8;50;44;3.80;4;1;1;79;0;5813044;1478;0
147;18;336;16;8;51;99;3.80;7;2;1;74;0;5813199;1185;0
147;18;336;16;8;52;9;3.20;4;1;1;78;0;5813209;147;0
147;18;336;16;8;54;99;4.00;4;1;1;79;0;5813499;275;0
147;18;336;16;8;54;99;4.00;5;2;1;84;0;5813499;482;0
147;18;336;16;8;54;99;3.60;3;1;1;76;0;5813499;466;0
147;18;336;16;8;54;99;3.00;6;2;1;79;0;5813499;579;0
147;18;336;16;8;55;39;3.60;4;1;1;80;0;5813539;21;0
147;18;336;16;8;57;12;3.80;2;1;1;77;0;5813712;990;0
147;18;336;16;8;57;99;3.40;4;1;1;78;0;5813799;243;0
147;18;336;16;8;57;99;7.20;7;2;2;92;0;5813799;581;0
147;18;336;16;8;58;5;3.00;3;1;1;73;0;5813805;288;0
147;18;336;16;8;59;99;3.20;6;2;1;86;0;5813999;486;0
147;18;336;16;9;1;10;3.60;4;1;1;79;0;5814110;295;0
147;18;336;16;9;1;15;3.60;1;1;1;76;0;5814115;1078;0
147;18;336;16;9;1;97;3.60;3;1;1;70;0;5814197;377;0
147;18;336;16;9;2;10;4.20;8;2;1;83;0;5814210;1182;0
147;18;336;16;9;3;31;3.60;5;2;1;84;0;5814331;814;0
147;18;336;16;9;3;29;3.20;3;1;1;72;0;5814329;113;0
147;18;336;16;9;3;71;3.00;2;1;1;79;0;5814371;641;0
147;18;336;16;9;3;69;3.40;7;2;1;77;0;5814369;541;0
147;18;336;16;9;4;99;3.80;6;2;1;79;0;5814499;486;0
147;18;336;16;9;4;99;3.40;4;1;1;77;0;5814499;372;0
147;18;336;16;9;5;12;3.20;6;2;1;81;0;5814512;-1;0
147;18;336;16;9;6;68;4.20;7;2;1;22;0;5814668;283;0
147;18;336;16;9;8;14;3.40;2;1;1;75;0;5814814;429;0
147;18;336;16;9;9;5;3.40;3;1;1;69;0;5814905;560;0
147;18;336;16;9;9;99;3.00;2;1;1;91;0;5814999;168;0
147;18;336;16;9;11;71;13.20;4;1;5;81;0;5815171;656;0
147;18;336;16;9;12;13;2.80;3;1;1;73;0;5815213;290;0
147;18;336;16;9;13;2;5.40;4;1;1;79;0;5815302;72;0
147;18;336;16;9;13;13;3.20;2;1;1;71;0;5815313;302;0
147;18;336;16;9;13;20;4.40;1;1;1;85;0;5815320;1187;0
147;18;336;16;9;13;30;3.40;7;2;1;75;0;5815330;593;0
147;18;336;16;9;14;97;4.00;6;2;1;72;0;5815497;970;0
147;18;336;16;9;15;99;3.20;6;2;1;74;0;5815599;82;0
147;18;336;16;9;14;6;4.00;7;2;1;13;0;5815406;59;0
147;18;336;16;9;17;99;4.80;8;2;1;81;0;5815799;1570;0
147;18;336;16;9;18;8;3.80;6;2;1;74;0;5815808;193;0
147;18;336;16;9;19;24;3.80;5;2;1;84;0;5815924;1577;0
147;18;336;16;9;19;99;3.20;7;2;1;71;0;5815999;482;0
147;18;336;16;9;19;99;6.00;6;2;1;77;0;5815999;172;0
147;18;336;16;9;20;12;3.20;3;1;1;70;0;5816012;785;0
147;18;336;16;9;20;99;3.60;4;1;1;77;0;5816099;772;0
147;18;336;16;9;20;99;3.00;2;1;1;70;0;5816099;769;0
147;18;336;16;9;20;99;3.60;7;2;1;74;0;5816099;83;0
147;18;336;16;9;21;12;3.60;6;2;1;71;0;5816112;84;5815497
147;18;336;16;9;22;99;3.20;4;1;1;79;0;5816299;183;5815497
147;18;336;16;9;22;99;4.00;2;1;1;77;0;5816299;184;5815497
147;18;336;16;9;23;99;3.60;3;1;1;73;0;5816399;370;0
147;18;336;16;9;23;17;3.40;6;2;1;79;0;5816317;186;5815497
147;18;336;16;9;24;12;3.80;2;1;1;76;0;5816412;94;5815497
147;18;336;16;9;24;99;3.60;2;1;1;71;0;5816499;69;5815497
147;18;336;16;9;25;10;3.20;6;2;1;79;0;5816510;177;5815497
147;18;336;16;9;26;26;3.20;5;2;1;83;0;5816626;685;0
147;18;336;16;9;26;21;3.60;3;1;1;74;0;5816621;204;0
147;18;336;16;9;26;23;3.00;2;1;1;68;0;5816623;105;5816099
147;18;336;16;9;27;99;3.60;6;2;1;77;0;5816799;274;0
147;18;336;16;9;28;10;3.60;4;1;1;82;0;5816810;496;0
147;18;336;16;9;28;99;3.00;3;1;1;68;0;5816899;260;0
147;18;336;16;9;29;3;4.60;4;1;1;80;0;5816903;77;0
147;18;336;16;9;29;99;3.20;3;1;1;70;0;5816999;84;0
147;18;336;16;9;30;99;3.60;5;2;1;80;0;5817099;459;0
147;18;336;16;9;30;99;3.40;3;1;1;71;0;5817099;83;0
147;18;336;16;9;31;17;3.40;6;2;1;77;0;5817117;301;0
147;18;336;16;9;32;24;3.80;4;1;1;82;0;5817224;300;0
147;18;336;16;9;33;22;3.40;2;1;1;76;0;5817322;683;0
147;18;336;16;9;33;99;3.00;6;2;1;76;0;5817399;266;0
147;18;336;16;9;34;17;3.60;5;2;1;76;0;5817417;301;0
147;18;336;16;9;34;77;3.00;3;1;1;70;0;5817477;360;0
147;18;336;16;9;35;99;3.60;2;1;1;72;0;5817599;260;0
147;18;336;16;9;35;99;3.80;6;2;1;74;0;5817599;185;0
147;18;336;16;9;36;46;3.60;6;2;1;82;0;5817646;28;0
147;18;336;16;9;37;5;4.20;3;1;1;66;0;5817705;212;0
147;18;336;16;9;38;99;3.60;5;2;1;80;0;5817899;464;0
147;18;336;16;9;38;99;3.60;6;2;1;80;0;5817899;237;0
147;18;336;16;9;38;99;3.80;2;1;1;80;0;5817899;282;0
147;18;336;16;9;38;0;3.60;3;1;1;79;0;5817800;72;0
147;18;336;16;9;40;99;4.40;5;2;1;83;0;5818099;183;0
147;18;336;16;9;36;94;4.20;7;2;1;11;0;5817694;1577;0
147;18;336;16;9;40;99;3.60;1;1;1;75;0;5818099;2760;0
147;18;336;16;9;41;99;3.40;7;2;1;73;0;5818199;367;0
147;18;336;16;9;41;19;3.60;2;1;1;74;0;5818119;202;0
147;18;336;16;9;41;47;3.40;3;1;1;71;0;5818147;330;0
147;18;336;16;9;42;99;3.40;6;2;1;82;0;5818299;383;0
147;18;336;16;9;42;99;3.80;8;2;1;75;0;5818299;2478;0
147;18;336;16;9;43;99;3.40;3;1;1;67;0;5818399;234;0
147;18;336;16;9;43;99;5.40;4;1;1;77;0;5818399;1158;0
147;18;336;16;9;44;20;4.00;2;1;1;77;0;5818420;283;0
147;18;336;16;9;43;83;6.20;7;2;1;63;0;5818383;167;0
147;18;336;16;9;45;14;3.80;8;2;1;75;0;5818514;196;0
147;18;336;16;9;45;99;3.20;5;2;1;84;0;5818599;480;0
147;18;336;16;9;45;99;4.60;3;1;1;80;0;5818599;181;0
147;18;336;16;9;46;24;4.20;6;2;1;94;0;5818624;310;0
147;18;336;16;9;46;14;3.80;1;1;1;73;0;5818614;497;0
147;18;336;16;9;47;99;4.20;7;2;1;85;0;5818799;380;0
147;18;336;16;9;47;99;3.40;8;2;1;70;0;5818799;266;0
147;18;336;16;9;48;4;3.40;4;1;1;76;0;5818804;379;0
147;18;336;16;9;48;99;3.80;7;2;1;70;0;5818899;82;0
147;18;336;16;9;48;99;3.80;5;2;1;83;0;5818899;286;0
147;18;336;16;9;49;8;3.00;6;2;1;79;0;5818908;267;0
147;18;336;16;9;49;42;4.20;3;1;1;75;0;5818942;322;0
147;18;336;16;9;49;77;5.20;1;1;1;68;0;5818977;344;0
147;18;336;16;9;50;99;3.20;6;2;1;76;0;5819099;177;0
147;18;336;16;9;50;99;4.20;4;1;1;77;0;5819099;278;0
147;18;336;16;9;51;99;4.00;2;1;1;76;0;5819199;760;0
147;18;336;16;9;51;99;3.20;6;2;1;76;0;5819199;84;0
147;18;336;16;9;51;99;4.20;4;1;1;77;0;5819199;80;0
147;18;336;16;9;52;47;3.80;3;1;1;75;0;5819247;284;0
147;18;336;16;9;53;8;4.00;6;2;1;80;0;5819308;93;0
147;18;336;16;9;53;99;5.60;6;2;1;69;0;5819399;73;5818908
147;18;336;16;9;54;9;5.80;5;2;1;86;0;5819409;493;0
147;18;336;16;9;56;99;3.60;7;2;1;77;0;5819699;780;0
147;18;336;16;9;56;99;3.20;4;1;1;78;0;5819699;480;0
147;18;336;16;9;57;75;3.20;6;2;1;82;0;5819775;346;0
147;18;336;16;9;57;99;3.40;3;1;1;77;0;5819799;533;0
147;18;336;16;9;58;4;3.80;5;2;1;78;0;5819804;370;0
147;18;336;16;9;58;99;2.80;2;1;1;69;0;5819899;681;0
147;18;336;16;9;59;2;3.40;7;2;1;75;0;5819902;186;0
147;18;336;16;9;59;54;3.40;3;1;1;78;0;5819954;139;0
147;18;336;16;10;0;18;3.40;6;2;1;78;0;5820018;228;0
147;18;336;16;10;1;6;3.20;1;1;1;69;0;5820106;1101;0
147;18;336;16;10;3;3;3.00;4;1;1;77;0;5820303;589;0
147;18;336;16;10;3;99;3.80;3;1;1;78;0;5820399;429;0
147;18;336;16;10;3;99;3.80;4;1;1;75;0;5820399;81;0
147;18;336;16;10;4;99;4.20;5;2;1;85;0;5820499;677;0
147;18;336;16;10;5;2;3.80;7;2;1;84;0;5820502;583;0
147;18;336;16;10;5;80;3.20;6;2;1;74;0;5820580;546;0
147;18;336;16;10;5;99;3.40;2;1;1;82;0;5820599;685;0
147;18;336;16;10;5;99;3.60;5;2;1;86;0;5820599;82;0
147;18;336;16;10;6;0;3.60;8;2;1;86;0;5820600;1783;0
147;18;336;16;10;6;99;15.00;4;1;4;78;0;5820699;281;0
147;18;336;16;10;7;2;10.80;2;1;3;75;0;5820702;88;0
147;18;336;16;10;7;25;5.80;7;2;1;67;0;5820725;206;0
147;18;336;16;10;8;99;4.60;7;2;1;91;0;5820899;142;0
147;18;336;16;10;8;99;3.60;2;1;1;71;0;5820899;145;0
147;18;336;16;10;9;17;4.00;1;1;1;71;0;5820917;794;0
147;18;336;16;10;8;96;15.60;6;2;4;80;0;5820896;300;0
147;18;336;16;10;9;4;3.80;3;1;1;85;0;5820904;487;0
147;18;336;16;10;10;99;4.00;4;1;1;85;0;5821099;330;0
147;18;336;16;10;10;99;3.40;2;1;1;73;0;5821099;181;0
147;18;336;16;10;9;94;23.20;7;2;5;82;0;5820994;76;0
147;18;336;16;10;11;30;3.40;6;2;1;87;0;5821130;163;0
147;18;336;16;10;12;37;3.00;1;1;1;71;0;5821237;299;0
147;18;336;16;10;12;46;3.40;5;2;1;86;0;5821246;631;0
147;18;336;16;10;14;8;3.20;3;1;1;74;0;5821408;487;0
147;18;336;16;10;15;82;3.80;7;2;1;85;0;5821582;486;0
147;18;336;16;10;16;7;3.40;6;2;1;79;0;5821607;462;0
147;18;336;16;10;16;99;3.40;4;1;1;79;0;5821699;583;0
147;18;336;16;10;17;14;3.40;2;1;1;68;0;5821714;598;0
147;18;336;16;10;18;1;4.00;3;1;1;77;0;5821801;377;0
147;18;336;16;10;19;99;3.20;3;1;1;72;0;5821999;179;0
147;18;336;16;10;20;18;3.60;7;2;1;75;0;5822018;419;0
147;18;336;16;10;20;50;3.60;2;1;1;69;0;5822050;318;0
147;18;336;16;10;20;80;3.60;4;1;1;78;0;5822080;365;0
147;18;336;16;10;21;99;3.60;6;2;1;76;0;5822199;576;0
147;18;336;16;10;21;99;3.80;3;1;1;66;0;5822199;184;0
147;18;336;16;10;22;99;3.80;7;2;1;81;0;5822299;263;0
147;18;336;16;10;22;99;11.80;4;1;2;83;0;5822299;202;0
147;18;336;16;10;23;99;3.00;3;1;1;70;0;5822399;179;0
147;18;336;16;10;23;99;3.20;2;1;1;67;0;5822399;330;0
147;18;336;16;10;23;67;20.20;6;2;5;70;0;5822367;150;0
147;18;336;16;10;24;99;3.60;7;2;1;75;0;5822499;183;0
147;18;336;16;10;25;30;4.60;2;1;1;67;0;5822530;113;0
147;18;336;16;10;26;99;3.60;3;1;1;80;0;5822699;284;0
147;18;336;16;10;27;6;3.80;6;2;1;67;0;5822706;235;0
147;18;336;16;10;27;30;3.00;2;1;1;65;0;5822730;175;0
147;18;336;16;10;28;99;3.80;5;2;1;80;0;5822899;1638;0
147;18;336;16;10;28;99;3.60;2;1;1;63;0;5822899;152;0
147;18;336;16;10;29;99;3.20;6;2;1;67;0;5822999;272;0
147;18;336;16;10;29;99;3.40;5;2;1;84;0;5822999;82;0
147;18;336;16;10;29;99;6.60;1;1;1;67;0;5822999;1746;0
147;18;336;16;10;30;50;3.00;6;2;1;66;0;5823050;33;0
147;18;336;16;10;31;99;4.00;7;2;1;75;0;5823199;682;0
147;18;336;16;10;31;99;5.60;5;2;1;84;0;5823199;185;0
147;18;336;16;10;31;99;4.80;6;2;1;64;0;5823199;132;0
147;18;336;16;10;32;10;3.00;1;1;1;65;0;5823210;175;0
147;18;336;16;10;32;24;3.60;3;1;1;79;0;5823224;508;0
147;18;336;16;10;32;99;3.80;8;2;1;71;0;5823299;2683;0
147;18;336;16;10;32;9;3.60;2;1;1;72;0;5823209;289;0
147;18;336;16;10;33;6;3.60;5;2;1;81;0;5823306;83;0
147;18;336;16;10;33;99;3.20;3;1;1;75;0;5823399;158;0
147;18;336;16;10;35;99;10.60;8;2;7;69;0;5823599;280;0
147;18;336;16;10;36;99;3.60;5;2;1;78;0;5823699;377;0
147;18;336;16;10;36;99;3.20;3;1;1;77;0;5823699;284;0
147;18;336;16;10;37;99;3.20;6;2;1;73;0;5823799;573;0
147;18;336;16;10;37;99;3.80;8;2;1;72;0;5823799;144;0
147;18;336;16;10;37;7;3.00;7;2;1;80;0;5823707;488;0
147;18;336;16;10;39;99;3.80;6;2;1;76;0;5823999;184;0
147;18;336;16;10;39;99;3.60;5;2;1;75;0;5823999;283;0
147;18;336;16;10;40;34;3.60;6;2;1;77;0;5824034;17;0
147;18;336;16;10;40;42;3.00;7;2;1;74;0;5824042;321;0
147;18;336;16;10;41;91;3.80;5;2;1;76;0;5824191;174;0
147;18;336;16;10;41;99;3.40;6;2;1;77;0;5824199;148;0
147;18;336;16;10;42;99;3.40;6;2;1;77;0;5824299;84;5823799
147;18;336;16;10;42;99;4.00;8;2;1;82;0;5824299;481;0
147;18;336;16;10;43;87;3.40;2;1;1;78;0;5824387;1160;0
147;18;336;16;10;44;1;3.40;6;2;1;74;0;5824401;86;5823799
147;18;336;16;10;45;5;3.40;5;2;1;76;0;5824505;296;0
147;18;336;16;10;45;10;0.80;7;2;1;9;1;5824510;453;0
147;18;336;16;10;46;80;3.60;6;2;1;72;0;5824680;262;0
147;18;336;16;10;46;99;1.80;7;1;1;45;0;5824699;89683;0
147;18;336;16;10;47;99;5.60;5;2;1;74;0;5824799;277;0
147;18;336;16;10;47;99;3.60;2;1;1;74;0;5824799;396;0
147;18;336;16;10;48;20;3.00;6;2;1;72;0;5824820;122;0
147;18;336;16;10;48;22;3.80;5;2;1;73;0;5824822;-1;0
147;18;336;16;10;48;52;3.20;7;2;1;73;0;5824852;795;0
147;18;336;16;10;48;81;3.40;3;1;1;74;0;5824881;1167;0
147;18;336;16;10;49;14;3.60;2;1;1;77;0;5824914;97;0
147;18;336;16;10;49;99;3.60;5;2;1;72;0;5824999;158;0
147;18;336;16;10;49;99;4.00;7;2;1;74;0;5824999;131;0
147;18;336;16;10;50;19;3.00;4;1;1;73;0;5825019;2668;0
147;18;336;16;10;50;17;3.80;8;2;1;82;0;5825017;700;0
147;18;336;16;10;50;29;3.80;4;1;1;79;0;5825029;-1;0
147;18;336;16;10;51;99;3.40;3;1;1;73;0;5825199;301;0
147;18;336;16;10;52;99;3.40;5;2;1;84;0;5825299;282;0
147;18;336;16;10;52;99;3.00;7;2;1;76;0;5825299;280;0
147;18;336;16;10;54;3;3.20;7;2;1;79;0;5825403;89;0
147;18;336;16;10;54;25;3.00;4;1;1;78;0;5825425;378;0
147;18;336;16;10;54;95;4.60;3;1;1;74;0;5825495;279;0
147;18;336;16;10;54;99;3.00;5;2;1;85;0;5825499;185;0
147;18;336;16;10;55;99;3.60;8;2;1;85;0;5825599;565;0
147;18;336;16;10;55;99;3.60;6;2;1;72;0;5825599;764;0
147;18;336;16;10;55;99;3.00;3;1;1;73;0;5825599;81;0
147;18;336;16;10;56;67;3.60;7;2;1;74;0;5825667;249;0
147;18;336;16;10;56;77;6.00;5;2;1;86;0;5825677;165;0
147;18;336;16;10;56;91;3.60;4;1;1;80;0;5825691;252;0
147;18;336;16;10;57;99;3.40;7;2;1;71;0;5825799;114;0
147;18;336;16;10;57;99;3.80;5;2;1;88;0;5825799;96;0
147;18;336;16;10;57;99;3.60;3;1;1;77;0;5825799;185;0
147;18;336;16;10;57;99;3.40;6;2;1;77;0;5825799;182;0
147;18;336;16;10;57;99;3.80;4;1;1;80;0;5825799;91;0
147;18;336;16;10;58;12;4.40;7;2;1;76;0;5825812;-1;0
147;18;336;16;10;59;7;3.60;6;2;1;73;0;5825907;92;0
147;18;336;16;11;0;23;3.00;7;2;1;73;0;5826023;190;0
147;18;336;16;11;0;99;3.80;1;1;1;84;0;5826099;2872;0
147;18;336;16;11;1;3;3.20;5;2;1;89;0;5826103;288;0
147;18;336;16;11;1;99;3.40;6;2;1;73;0;5826199;274;0
147;18;336;16;11;2;99;3.80;2;1;1;77;0;5826299;1368;0
147;18;336;16;11;2;66;16.60;4;1;4;81;0;5826266;449;0
147;18;336;16;11;3;22;3.80;8;2;1;77;0;5826322;707;0
147;18;336;16;11;4;99;4.00;5;2;1;82;0;5826499;383;0
147;18;336;16;11;4;99;3.20;6;2;1;72;0;5826499;283;0
147;18;336;16;11;5;99;3.00;6;2;1;70;0;5826599;84;0
147;18;336;16;11;6;21;3.60;2;1;1;81;0;5826621;304;0
147;18;336;16;11;7;24;3.60;4;1;1;82;0;5826724;384;0
147;18;336;16;11;7;99;3.60;6;2;1;65;0;5826799;184;0
147;18;336;16;11;9;81;3.80;6;2;1;69;0;5826981;162;0
147;18;336;16;11;9;99;4.20;8;2;1;80;0;5826999;659;0
147;18;336;16;11;10;99;3.60;5;2;1;82;0;5827099;582;0
147;18;336;16;11;11;2;3.80;3;1;1;75;0;5827102;1286;0
147;18;336;16;11;11;65;3.40;3;1;1;71;0;5827165;44;0
147;18;336;16;11;12;99;3.80;2;1;1;76;0;5827299;662;0
147;18;336;16;11;12;99;3.80;6;2;1;75;0;5827299;298;0
147;18;336;16;11;12;99;4.00;4;1;1;78;0;5827299;559;0
147;18;336;16;11;12;99;3.80;5;2;1;88;0;5827299;184;0
147;18;336;16;11;13;99;3.60;2;1;1;73;0;5827399;82;0
147;18;336;16;11;13;99;5.80;3;1;1;70;0;5827399;216;0
147;18;336;16;11;13;29;3.60;6;2;1;81;0;5827329;11;0
147;18;336;16;11;14;99;4.00;7;2;1;79;0;5827499;1461;0
147;18;336;16;11;14;99;3.20;3;1;1;66;0;5827499;70;0
147;18;336;16;11;15;99;3.80;8;2;1;74;0;5827599;581;0
147;18;336;16;11;15;99;4.00;5;2;1;80;0;5827599;284;0
147;18;336;16;11;15;99;3.60;3;1;1;64;0;5827599;82;0
147;18;336;16;11;16;62;4.00;6;2;1;86;0;5827662;317;0
147;18;336;16;11;17;99;3.00;3;1;1;69;0;5827799;179;0
147;18;336;16;11;18;14;4.00;7;2;1;81;0;5827814;296;0
147;18;336;16;11;18;99;3.80;4;1;1;78;0;5827899;581;0
147;18;336;16;11;18;99;4.00;8;2;1;85;0;5827899;281;0
147;18;336;16;11;18;12;3.00;3;1;1;75;0;5827812;-1;5827399
147;18;336;16;11;19;99;3.00;4;1;1;78;0;5827999;82;5827399
147;18;336;16;11;19;99;4.40;6;2;1;75;0;5827999;320;0
147;18;336;16;11;20;99;3.60;7;2;1;80;0;5828099;267;0
147;18;336;16;11;21;4;4.00;8;2;1;95;0;5828104;188;0
147;18;336;16;11;20;99;3.60;2;1;1;68;0;5828099;682;0
147;18;336;16;11;21;13;3.80;3;1;1;71;0;5828113;286;0
147;18;336;16;11;21;30;3.80;7;2;1;76;0;5828130;14;0
147;18;336;16;11;22;99;3.20;6;2;1;74;0;5828299;278;0
147;18;336;16;11;22;99;3.60;3;1;1;70;0;5828299;166;0
147;18;336;16;11;22;99;3.60;2;1;1;69;0;5828299;180;0
147;18;336;16;11;24;10;3.40;2;1;1;68;0;5828410;92;0
147;18;336;16;11;24;24;3.20;6;2;1;76;0;5828424;109;0
147;18;336;16;11;24;32;3.80;3;1;1;72;0;5828432;114;0
147;18;336;16;11;23;92;6.80;7;2;1;64;0;5828392;244;0
147;18;336;16;11;25;99;3.40;5;2;1;78;0;5828599;982;0
147;18;336;16;11;26;99;4.00;3;1;1;71;0;5828699;248;0
147;18;336;16;11;27;7;4.00;4;1;1;78;0;5828707;694;0
147;18;336;16;11;27;99;3.20;3;1;1;70;0;5828799;79;0
147;18;336;16;11;27;99;3.20;2;1;1;73;0;5828799;371;0
147;18;336;16;11;28;99;6.00;4;1;1;79;0;5828899;173;0
147;18;336;16;11;28;99;3.40;6;2;1;72;0;5828899;459;0
147;18;336;16;11;29;8;3.40;2;1;1;71;0;5828908;93;0
147;18;336;16;11;29;74;3.40;6;2;1;72;0;5828974;58;0
147;18;336;16;11;29;89;3.60;8;2;1;73;0;5828989;869;0
147;18;336;16;11;29;95;4.00;4;1;1;79;0;5828995;68;0
147;18;336;16;11;30;12;3.60;2;1;1;73;0;5829012;86;0
147;18;336;16;11;30;99;3.60;7;2;1;78;0;5829099;668;0
147;18;336;16;11;30;99;3.80;2;1;1;71;0;5829099;69;0
147;18;336;16;11;30;99;4.80;4;1;1;80;0;5829099;85;0
147;18;336;16;11;31;25;3.40;3;1;1;75;0;5829125;309;0
147;18;336;16;11;32;20;3.40;6;2;1;75;0;5829220;229;0
147;18;336;16;11;32;99;3.60;2;1;1;68;0;5829299;180;5828799
147;18;336;16;11;33;99;3.40;2;1;1;68;0;5829399;80;5828799
147;18;336;16;11;33;99;3.00;4;1;1;80;0;5829399;278;0
147;18;336;16;11;33;99;3.60;3;1;1;76;0;5829399;257;0
147;18;336;16;11;34;8;3.20;5;2;1;80;0;5829408;793;0
147;18;336;16;11;34;40;4.40;6;2;1;71;0;5829440;203;0
147;18;336;16;11;35;99;4.60;5;2;1;83;0;5829599;176;0
147;18;336;16;11;35;99;3.80;2;1;1;70;0;5829599;182;5828799
147;18;336;16;11;36;99;3.60;3;1;1;68;0;5829699;282;0
147;18;336;16;11;36;99;3.80;6;2;1;72;0;5829699;236;0
147;18;336;16;11;37;99;3.60;3;1;1;69;0;5829799;80;0
147;18;336;16;11;38;99;3.00;7;2;1;73;0;5829899;783;0
147;18;336;16;11;38;99;3.40;6;2;1;68;0;5829899;181;0
147;18;336;16;11;38;99;3.40;2;1;1;77;0;5829899;280;0
147;18;336;16;11;39;26;3.80;4;1;1;80;0;5829926;513;0
147;18;336;16;11;39;31;3.40;2;1;1;76;0;5829931;16;0
147;18;336;16;11;39;52;4.00;1;1;1;92;0;5829952;3836;0
147;18;336;16;11;39;45;3.40;6;2;1;68;0;5829945;28;0
147;18;336;16;11;40;99;3.80;3;1;1;72;0;5830099;281;0
147;18;336;16;11;40;99;3.60;7;2;1;77;0;5830099;185;0
147;18;336;16;11;41;99;3.60;6;2;1;67;0;5830199;236;0
147;18;336;16;11;42;26;3.40;7;2;1;78;0;5830226;110;0
147;18;336;16;11;42;83;4.80;4;1;1;85;0;5830283;339;0
147;18;336;16;11;42;89;3.80;2;1;1;83;0;5830289;341;0
147;18;336;16;11;42;99;3.40;6;2;1;67;0;5830299;80;0
147;18;336;16;11;44;99;4.00;3;1;1;77;0;5830499;381;0
147;18;336;16;11;44;99;3.60;6;2;1;65;0;5830499;181;0
147;18;336;16;11;45;99;4.40;2;1;1;84;0;5830599;293;0
147;18;336;16;11;45;99;3.80;8;2;1;74;0;5830599;1592;0
147;18;336;16;11;46;1;3.20;6;2;1;65;0;5830601;82;0
147;18;336;16;11;47;26;3.00;6;2;1;67;0;5830726;107;5830199
147;18;336;16;11;47;99;4.00;7;2;1;80;0;5830799;557;0
147;18;336;16;11;48;99;3.00;2;1;1;74;0;5830899;281;0
147;18;336;16;11;48;99;5.60;6;2;1;71;0;5830899;156;5830199
147;18;336;16;11;50;83;4.40;6;2;1;71;0;5831083;155;5830199
147;18;336;16;11;50;99;4.20;4;1;1;82;0;5831099;795;0
147;18;336;16;11;51;19;3.60;3;1;1;78;0;5831119;601;0
147;18;336;16;11;52;12;4.00;7;2;1;79;0;5831212;395;0
147;18;336;16;11;52;72;3.60;3;1;1;75;0;5831272;136;0
147;18;336;16;11;52;72;3.40;6;2;1;70;0;5831272;166;5830199
147;18;336;16;11;52;91;4.00;5;2;1;81;0;5831291;1672;0
147;18;336;16;11;53;99;3.60;3;1;1;76;0;5831399;109;0
147;18;336;16;11;54;14;3.40;8;2;1;77;0;5831414;796;0
147;18;336;16;11;54;24;3.80;5;2;1;82;0;5831424;115;0
147;18;336;16;11;55;24;3.00;6;2;1;73;0;5831524;234;0
147;18;336;16;11;55;99;3.40;2;1;1;81;0;5831599;685;0
147;18;336;16;11;56;99;3.00;7;2;1;66;0;5831699;468;0
147;18;336;16;11;57;41;3.80;2;1;1;81;0;5831741;126;0
147;18;336;16;11;59;99;3.80;5;2;1;89;0;5831999;558;0
147;18;336;16;11;59;99;4.00;6;2;1;72;0;5831999;460;0
147;18;336;16;12;0;99;3.60;6;2;1;72;0;5832099;80;0
147;18;336;16;12;1;99;4.00;5;2;1;85;0;5832199;184;0
147;18;336;16;12;1;99;3.20;2;1;1;69;0;5832199;441;0
147;18;336;16;12;2;5;3.60;7;2;1;76;0;5832205;489;0
147;18;336;16;12;2;43;3.20;6;2;1;82;0;5832243;126;0
147;18;336;16;12;3;99;3.60;5;2;1;84;0;5832399;183;0
147;18;336;16;12;3;99;3.20;2;1;1;69;0;5832399;183;0
147;18;336;16;12;3;99;3.40;6;2;1;79;0;5832399;141;0
147;18;336;16;12;3;99;3.60;5;2;1;84;0;5832399;-1;0
147;18;336;16;12;4;99;3.60;6;2;1;78;0;5832499;84;5831999
147;18;336;16;12;5;1;3.80;1;1;1;85;0;5832501;2533;0
147;18;336;16;12;5;75;3.60;2;1;1;70;0;5832575;159;0
147;18;336;16;12;5;74;4.40;3;1;1;73;0;5832574;1157;0
147;18;336;16;12;5;95;3.80;5;2;1;81;0;5832595;180;5831999
147;18;336;16;12;5;97;3.60;7;2;1;79;0;5832597;374;0
147;18;336;16;12;6;99;3.60;1;1;1;83;0;5832699;181;0
147;18;336;16;12;7;14;3.80;3;1;1;76;0;5832714;118;0
147;18;336;16;12;8;99;5.20;3;1;1;82;0;5832899;167;0
147;18;336;16;12;9;99;3.40;6;2;1;83;0;5832999;483;0
147;18;336;16;12;9;99;3.80;8;2;1;81;0;5832999;1569;0
147;18;336;16;12;10;43;3.00;6;2;1;75;0;5833043;29;0
147;18;336;16;12;10;67;3.40;3;1;1;78;0;5833067;145;0
147;18;336;16;12;13;99;4.00;7;2;1;92;0;5833399;785;0
147;18;336;16;12;13;99;3.00;6;2;1;72;0;5833399;341;0
147;18;336;16;12;14;99;3.60;2;1;1;74;0;5833499;905;0
147;18;336;16;12;15;26;3.00;7;2;1;83;0;5833526;111;0
147;18;336;16;12;15;20;3.20;3;1;1;74;0;5833520;437;0
147;18;336;16;12;15;28;3.40;6;2;1;73;0;5833528;114;0
147;18;336;16;12;16;99;3.60;3;1;1;77;0;5833699;163;0
147;18;336;16;12;17;99;3.60;6;2;1;75;0;5833799;254;0
147;18;336;16;12;18;98;3.80;7;2;1;85;0;5833898;358;0
147;18;336;16;12;18;99;3.40;3;1;1;76;0;5833899;183;0
147;18;336;16;12;18;99;6.00;6;2;1;78;0;5833899;82;0
147;18;336;16;12;21;4;3.40;5;2;1;83;0;5834104;1492;0
147;18;336;16;12;21;99;4.00;2;1;1;81;0;5834199;682;0
147;18;336;16;12;21;99;3.20;6;2;1;77;0;5834199;272;0
147;18;336;16;12;21;99;3.20;3;1;1;76;0;5834199;283;0
147;18;336;16;12;23;15;3.60;4;1;1;81;0;5834315;3197;0
147;18;336;16;12;23;54;4.00;8;2;1;79;0;5834354;1338;0
147;18;336;16;12;23;99;3.40;5;2;1;85;0;5834399;280;0
147;18;336;16;12;24;12;3.40;6;2;1;80;0;5834412;198;0
147;18;336;16;12;24;99;3.40;3;1;1;73;0;5834499;284;0
147;18;336;16;12;25;5;3.20;6;2;1;76;0;5834505;77;0
147;18;336;16;12;25;22;4.60;5;2;1;90;0;5834522;108;0
147;18;336;16;12;26;9;3.40;8;2;1;81;0;5834609;236;0
147;18;336;16;12;26;99;3.00;3;1;1;75;0;5834699;183;0
147;18;336;16;12;26;99;3.80;2;1;1;74;0;5834699;482;0
147;18;336;16;12;27;9;3.60;7;2;1;84;0;5834709;794;0
147;18;336;16;12;27;99;4.00;4;1;1;82;0;5834799;468;0
147;18;336;16;12;28;43;3.40;3;1;1;74;0;5834843;129;0
147;18;336;16;12;28;59;3.80;1;1;1;84;0;5834859;2144;0
147;18;336;16;12;29;26;3.80;7;2;1;95;0;5834926;201;0
147;18;336;16;12;29;99;3.40;8;2;1;77;0;5834999;374;0
147;18;336;16;12;30;19;3.40;2;1;1;81;0;5835019;301;0
147;18;336;16;12;30;99;3.00;6;2;1;77;0;5835099;578;0
147;18;336;16;12;31;0;4.00;3;1;1;69;0;5835100;240;0
147;18;336;16;12;31;99;3.00;6;2;1;78;0;5835199;85;0
147;18;336;16;12;31;99;3.40;2;1;1;77;0;5835199;164;0
147;18;336;16;12;32;7;3.60;4;1;1;77;0;5835207;390;0
147;18;336;16;12;33;37;3.80;1;1;1;72;0;5835337;461;0
147;18;336;16;12;33;49;3.60;5;2;1;81;0;5835349;808;0
147;18;336;16;12;33;54;3.80;2;1;1;75;0;5835354;139;0
147;18;336;16;12;34;99;3.60;6;2;1;71;0;5835499;286;0
147;18;336;16;12;35;2;3.40;5;2;1;80;0;5835502;137;0
147;18;336;16;12;35;2;3.20;8;2;1;85;0;5835502;487;0
147;18;336;16;12;35;36;4.00;3;1;1;84;0;5835536;415;0
147;18;336;16;12;37;2;3.40;4;1;1;78;0;5835702;478;0
147;18;336;16;12;37;9;3.60;7;2;1;81;0;5835709;768;0
147;18;336;16;12;37;99;3.40;3;1;1;79;0;5835799;245;0
147;18;336;16;12;37;99;3.40;4;1;1;79;0;5835799;81;0
147;18;336;16;12;38;11;3.40;6;2;1;75;0;5835811;293;0
147;18;336;16;12;38;35;3.40;5;2;1;82;0;5835835;317;0
147;18;336;16;12;39;99;3.60;5;2;1;82;0;5835999;149;0
147;18;336;16;12;40;11;3.00;1;1;1;66;0;5836011;655;0
147;18;336;16;12;41;89;3.80;5;2;1;81;0;5836189;174;0
147;18;336;16;12;41;99;3.80;3;1;1;73;0;5836199;384;0
147;18;336;16;12;42;99;3.80;7;2;1;81;0;5836299;574;0
147;18;336;16;12;44;0;3.60;6;2;1;74;0;5836400;572;0
147;18;336;16;12;44;99;3.40;3;1;1;74;0;5836499;281;0
147;18;336;16;12;45;22;3.40;4;1;1;77;0;5836522;707;0
147;18;336;16;12;45;99;3.80;5;2;1;90;0;5836599;393;0
147;18;336;16;12;45;99;3.40;1;1;1;78;0;5836599;571;0
147;18;336;16;12;45;99;3.80;2;1;1;74;0;5836599;1226;0
147;18;336;16;12;45;19;3.60;8;2;1;72;0;5836519;1003;0
147;18;336;16;12;46;10;3.40;3;1;1;71;0;5836610;94;0
147;18;336;16;12;46;99;3.80;4;1;1;82;0;5836699;161;0
147;18;336;16;12;46;99;3.00;2;1;1;76;0;5836699;81;0
147;18;336;16;12;47;11;3.00;6;2;1;80;0;5836711;293;0
147;18;336;16;12;48;29;3.20;2;1;1;82;0;5836829;115;0
147;18;336;16;12;49;93;3.60;3;1;1;78;0;5836993;365;0
147;18;336;16;12;50;8;3.60;5;2;1;80;0;5837008;393;0
147;18;336;16;12;50;21;3.40;3;1;1;81;0;5837021;11;0
147;18;336;16;12;50;18;2.80;6;2;1;72;0;5837018;293;0
147;18;336;16;12;51;9;3.80;6;2;1;72;0;5837109;77;0
147;18;336;16;12;51;99;3.60;7;2;1;79;0;5837199;883;0
147;18;336;16;12;52;13;3.80;3;1;1;79;0;5837213;176;0
147;18;336;16;12;52;99;3.60;1;1;1;80;0;5837299;684;0
147;18;336;16;12;54;85;3.80;6;2;1;84;0;5837485;357;0
147;18;336;16;12;55;99;3.20;1;1;1;81;0;5837599;283;0
147;18;336;16;12;55;77;12.00;5;2;3;83;0;5837577;552;0
147;18;336;16;12;57;99;3.60;3;1;1;78;0;5837799;568;0
147;18;336;16;12;58;99;3.00;3;1;1;83;0;5837899;83;0
147;18;336;16;12;58;32;4.20;6;2;1;72;0;5837832;330;0
147;18;336;16;13;0;99;3.60;6;2;1;72;0;5838099;246;0
147;18;336;16;13;1;16;3.40;1;1;1;74;0;5838116;502;0
147;18;336;16;13;1;81;3.40;8;2;1;78;0;5838181;1644;0
147;18;336;16;13;2;99;3.80;2;1;1;78;0;5838299;1455;0
147;18;336;16;13;3;99;3.80;8;2;1;75;0;5838399;202;0
147;18;336;16;13;4;5;3.40;4;1;1;83;0;5838405;1689;0
147;18;336;16;13;4;5;3.80;3;1;1;80;0;5838405;492;0
147;18;336;16;13;4;19;3.60;7;2;1;76;0;5838419;1203;0
147;18;336;16;13;5;99;3.20;4;1;1;82;0;5838599;179;0
147;18;336;16;13;5;99;3.60;6;2;1;81;0;5838599;482;0
147;18;336;16;13;6;32;3.80;7;2;1;81;0;5838632;195;0
147;18;336;16;13;7;8;3.40;6;2;1;74;0;5838708;93;0
147;18;336;16;13;8;0;3.20;7;2;1;78;0;5838800;151;0
147;18;336;16;13;8;5;4.00;4;1;1;83;0;5838805;191;0
147;18;336;16;13;8;10;3.80;5;2;1;84;0;5838810;1180;0
147;18;336;16;13;9;15;3.40;6;2;1;74;0;5838915;190;0
147;18;336;16;13;9;93;3.00;7;2;1;73;0;5838993;178;0
147;18;336;16;13;10;6;3.20;4;1;1;80;0;5839006;183;0
147;18;336;16;13;10;99;3.60;8;2;1;78;0;5839099;681;0
147;18;336;16;13;11;2;3.60;1;1;1;77;0;5839102;969;0
147;18;336;16;13;11;35;3.40;2;1;1;81;0;5839135;818;0
147;18;336;16;13;12;97;4.40;8;2;1;72;0;5839297;181;0
147;18;336;16;13;12;99;3.80;6;2;1;79;0;5839299;367;0
147;18;336;16;13;13;4;2.80;1;1;1;77;0;5839304;185;0
147;18;336;16;13;12;99;4.40;3;1;1;64;0;5839299;876;0
147;18;336;16;13;13;99;3.60;3;1;1;65;0;5839399;75;0
147;18;336;16;13;14;5;3.40;8;2;1;70;0;5839405;86;0
147;18;336;16;13;14;49;3.40;2;1;1;79;0;5839449;298;0
147;18;336;16;13;14;91;4.00;7;2;1;78;0;5839491;483;0
147;18;336;16;13;15;15;4.00;4;1;1;81;0;5839515;494;0
147;18;336;16;13;15;99;3.60;2;1;1;75;0;5839599;134;0
147;18;336;16;13;17;9;3.80;1;1;1;72;0;5839709;391;0
147;18;336;16;13;17;77;3.40;6;2;1;74;0;5839777;460;0
147;18;336;16;13;18;1;3.60;8;2;1;78;0;5839801;378;0
147;18;336;16;13;18;99;3.60;2;1;1;68;0;5839899;282;0
147;18;336;16;13;18;99;3.00;3;1;1;76;0;5839899;480;0
147;18;336;16;13;19;8;6.20;8;2;1;79;0;5839908;90;0
147;18;336;16;13;19;47;3.40;2;1;1;66;0;5839947;28;0
147;18;336;16;13;20;99;3.60;3;1;1;81;0;5840099;185;0
147;18;336;16;13;21;99;3.80;6;2;1;82;0;5840199;405;0
147;18;336;16;13;22;64;3.40;1;1;1;70;0;5840264;536;0
147;18;336;16;13;22;99;4.00;5;2;1;91;0;5840299;1472;0
147;18;336;16;13;24;11;3.40;2;1;1;77;0;5840411;445;0
147;18;336;16;13;24;67;3.40;3;1;1;79;0;5840467;352;0
147;18;336;16;13;25;11;3.80;5;2;1;84;0;5840511;196;0
147;18;336;16;13;26;8;3.20;6;2;1;74;0;5840608;392;0
147;18;336;16;13;26;99;4.80;5;2;1;87;0;5840699;171;0
147;18;336;16;13;27;6;3.40;6;2;1;70;0;5840706;82;0
147;18;336;16;13;25;66;4.20;7;2;1;16;0;5840566;1056;0
147;18;336;16;13;28;99;3.80;5;2;1;88;0;5840899;180;0
147;18;336;16;13;29;31;3.20;7;2;1;76;0;5840931;270;0
147;18;336;16;13;29;45;3.20;3;1;1;74;0;5840945;462;0
147;18;336;16;13;30;99;3.20;4;1;1;78;0;5841099;1566;0
147;18;336;16;13;30;99;3.60;1;1;1;74;0;5841099;817;0
147;18;336;16;13;31;3;4.20;6;2;1;88;0;5841103;379;0
147;18;336;16;13;31;99;3.60;3;1;1;71;0;5841199;238;0
147;18;336;16;13;32;67;4.00;1;1;1;74;0;5841267;150;0
147;18;336;16;13;33;14;3.60;7;2;1;80;0;5841314;367;0
147;18;336;16;13;33;11;3.40;3;1;1;73;0;5841311;93;0
147;18;336;16;13;34;14;3.40;5;2;1;82;0;5841414;499;0
147;18;336;16;13;34;17;3.40;6;2;1;69;0;5841417;296;0
147;18;336;16;13;35;19;3.40;3;1;1;73;0;5841519;191;0
147;18;336;16;13;35;99;4.00;7;2;1;77;0;5841599;268;0
147;18;336;16;13;36;99;4.60;6;2;1;71;0;5841699;264;0
147;18;336;16;13;36;99;3.40;5;2;1;80;0;5841699;270;0
147;18;336;16;13;37;2;3.80;2;1;1;89;0;5841702;1275;0
147;18;336;16;13;38;0;3.00;7;2;1;76;0;5841800;182;0
147;18;336;16;13;38;99;8.00;3;1;6;78;0;5841899;363;0
147;18;336;16;13;39;14;3.60;6;2;1;69;0;5841914;191;0
147;18;336;16;13;39;99;3.80;1;1;1;84;0;5841999;712;0
147;18;336;16;13;39;99;4.00;8;2;1;77;0;5841999;2062;0
147;18;336;16;13;39;35;3.60;5;2;1;80;0;5841935;220;0
147;18;336;16;13;41;12;3.00;6;2;1;73;0;5842112;179;0
147;18;336;16;13;41;13;3.60;3;1;1;76;0;5842113;177;0
147;18;336;16;13;41;99;3.40;4;1;1;76;0;5842199;1085;0
147;18;336;16;13;42;9;3.60;2;1;1;77;0;5842209;491;0
147;18;336;16;13;42;81;3.40;6;2;1;70;0;5842281;154;0
147;18;336;16;13;43;99;3.00;2;1;1;77;0;5842399;173;0
147;18;336;16;13;44;23;3.80;2;1;1;79;0;5842423;9;0
147;18;336;16;13;45;89;3.20;4;1;1;85;0;5842589;373;0
147;18;336;16;13;45;88;3.40;6;2;1;73;0;5842588;289;0
147;18;336;16;13;46;99;3.40;5;2;1;81;0;5842699;747;0
147;18;336;16;13;46;99;3.00;6;2;1;72;0;5842699;94;0
147;18;336;16;13;48;9;3.20;4;1;1;85;0;5842809;206;0
147;18;336;16;13;48;13;3.40;5;2;1;78;0;5842813;98;0
147;18;336;16;13;49;99;3.40;2;1;1;73;0;5842999;558;0
147;18;336;16;13;49;3;3.60;6;2;1;68;0;5842903;189;0
147;18;336;16;13;49;15;3.60;3;1;1;76;0;5842915;784;0
147;18;336;16;13;50;2;3.40;5;2;1;77;0;5843002;173;0
147;18;336;16;13;50;99;3.80;5;2;1;78;0;5843099;81;0
147;18;336;16;13;51;99;4.40;4;1;1;82;0;5843199;376;0
147;18;336;16;13;51;99;3.00;6;2;1;70;0;5843199;276;0
147;18;336;16;13;51;99;3.80;5;2;1;80;0;5843199;82;5842699
147;18;336;16;13;52;6;3.40;2;1;1;71;0;5843206;190;5842699
147;18;336;16;13;52;10;3.20;7;2;1;80;0;5843210;1395;0
147;18;336;16;13;52;9;3.40;3;1;1;76;0;5843209;276;0
147;18;336;16;13;52;27;3.60;6;2;1;69;0;5843227;12;0
147;18;336;16;13;53;1;4.20;8;2;1;70;0;5843301;1283;0
147;18;336;16;13;53;99;3.80;3;1;1;79;0;5843399;173;0
147;18;336;16;13;53;99;3.60;5;2;1;80;0;5843399;182;5842699
147;18;336;16;13;54;99;3.00;6;2;1;66;0;5843499;253;0
147;18;336;16;13;54;99;3.80;2;1;1;77;0;5843499;275;0
147;18;336;16;13;55;30;3.20;5;2;1;83;0;5843530;114;5842699
147;18;336;16;13;55;51;3.80;7;2;1;69;0;5843551;326;0
147;18;336;16;13;55;79;3.60;6;2;1;68;0;5843579;63;0
147;18;336;16;13;55;99;3.80;1;1;1;85;0;5843599;1583;0
147;18;336;16;13;56;99;3.40;4;1;1;84;0;5843699;480;0
147;18;336;16;13;56;99;2.80;6;2;1;69;0;5843699;100;0
147;18;336;16;13;58;99;4.00;3;1;1;76;0;5843899;482;0
147;18;336;16;14;0;5;3.60;2;1;1;77;0;5844005;488;0
147;18;336;16;14;0;44;9.80;6;2;6;73;0;5844044;330;0
147;18;336;16;14;1;99;3.80;4;1;1;79;0;5844199;485;0
147;18;336;16;14;1;58;5.60;7;2;1;32;0;5844158;587;0
147;18;336;16;14;3;9;3.80;2;1;1;78;0;5844309;287;0
147;18;336;16;14;3;15;3.60;3;1;1;77;0;5844315;397;0
147;18;336;16;14;3;23;3.60;4;1;1;82;0;5844323;106;0
147;18;336;16;14;4;99;3.80;6;2;1;77;0;5844499;406;0
147;18;336;16;14;4;99;4.00;4;1;1;80;0;5844499;160;0
147;18;336;16;14;5;27;3.00;2;1;1;74;0;5844527;200;0
147;18;336;16;14;7;16;3.40;4;1;1;81;0;5844716;199;0
147;18;336;16;14;8;58;4.60;7;2;1;74;0;5844858;637;0
147;18;336;16;14;8;99;3.40;3;1;1;82;0;5844899;567;0
147;18;336;16;14;8;99;4.00;6;2;1;78;0;5844899;382;0
147;18;336;16;14;9;99;3.80;5;2;1;75;0;5844999;1455;0
147;18;336;16;14;9;99;3.80;4;1;1;83;0;5844999;267;0
147;18;336;16;14;10;22;4.00;6;2;1;75;0;5845022;104;0
147;18;336;16;14;10;34;3.00;7;2;1;75;0;5845034;153;0
147;18;336;16;14;11;99;4.60;4;1;1;85;0;5845199;183;0
147;18;336;16;14;11;99;6.20;6;2;1;73;0;5845199;157;0
147;18;336;16;14;12;99;3.60;8;2;1;78;0;5845299;1976;0
147;18;336;16;14;12;99;3.80;2;1;1;73;0;5845299;757;0
147;18;336;16;14;13;39;3.80;3;1;1;74;0;5845339;425;0
147;18;336;16;14;13;72;3.20;5;2;1;84;0;5845372;354;0
147;18;336;16;14;15;0;3.40;6;2;1;73;0;5845500;270;0
147;18;336;16;14;15;4;3.80;3;1;1;74;0;5845504;146;0
147;18;336;16;14;16;99;3.60;1;1;1;79;0;5845699;2083;0
147;18;336;16;14;17;12;4.00;6;2;1;73;0;5845712;195;0
147;18;336;16;14;17;99;4.00;3;1;1;70;0;5845799;276;0
147;18;336;16;14;18;63;3.80;3;1;1;72;0;5845863;43;0
147;18;336;16;14;19;99;3.60;4;1;1;77;0;5845999;780;0
147;18;336;16;14;20;11;3.60;5;2;1;77;0;5846011;625;0
147;18;336;16;14;20;8;3.40;3;1;1;65;0;5846008;126;0
147;18;336;16;14;20;99;3.20;7;2;1;73;0;5846099;1050;0
147;18;336;16;14;20;7;3.00;4;1;1;78;0;5846007;-1;0
147;18;336;16;14;21;3;4.20;4;1;1;73;0;5846103;82;0
147;18;336;16;14;21;87;3.20;6;2;1;76;0;5846187;455;0
147;18;336;16;14;21;99;3.60;3;1;1;74;0;5846199;172;0
147;18;336;16;14;21;99;3.60;4;1;1;74;0;5846199;75;0
147;18;336;16;14;22;99;4.20;3;1;1;63;0;5846299;82;5845799
147;18;336;16;14;22;99;3.40;6;2;1;74;0;5846299;96;5845799
147;18;336;16;14;23;26;4.80;4;1;1;75;0;5846326;109;5844999
147;18;336;16;14;23;41;3.40;6;2;1;74;0;5846341;25;5844999
147;18;336;16;14;24;18;4.00;6;2;1;76;0;5846418;60;5844999
147;18;336;16;14;24;99;3.60;2;1;1;63;0;5846499;1181;0
147;18;336;16;14;24;99;3.20;1;1;1;79;0;5846499;783;0
147;18;336;16;14;24;99;3.60;4;1;1;81;0;5846499;149;5844999
147;18;336;16;14;25;99;3.60;6;2;1;77;0;5846599;162;5846187
147;18;336;16;14;25;99;3.80;2;1;1;57;0;5846599;79;5846187
147;18;336;16;14;25;10;3.40;5;2;1;77;0;5846510;482;0
147;18;336;16;14;26;90;3.00;6;2;1;71;0;5846690;74;5846187
147;18;336;16;14;26;83;3.60;7;2;1;80;0;5846683;568;0
147;18;336;16;14;26;99;3.80;1;1;1;74;0;5846699;185;0
147;18;336;16;14;26;99;3.80;2;1;1;59;0;5846699;76;0
147;18;336;16;14;27;15;3.00;3;1;1;66;0;5846715;392;0
147;18;336;16;14;27;99;3.20;5;2;1;77;0;5846799;273;0
147;18;336;16;14;27;99;3.40;4;1;1;78;0;5846799;284;0
147;18;336;16;14;27;99;4.20;7;2;1;76;0;5846799;99;0
147;18;336;16;14;27;99;3.40;6;2;1;76;0;5846799;93;5846187
147;18;336;16;14;27;99;3.20;3;1;1;64;0;5846799;67;5846187
147;18;336;16;14;28;24;3.60;1;1;1;72;0;5846824;106;5846187
147;18;336;16;14;29;99;4.00;5;2;1;76;0;5846999;185;5846187
147;18;336;16;14;29;99;5.00;3;1;1;64;0;5846999;182;5846187
147;18;336;16;14;30;99;4.00;5;2;1;82;0;5847099;81;5846187
147;18;336;16;14;30;4;3.00;3;1;1;62;0;5847004;-1;5846187
147;18;336;16;14;30;19;3.00;2;1;1;66;0;5847019;296;0
147;18;336;16;14;31;61;3.20;4;1;1;79;0;5847161;346;0
147;18;336;16;14;32;99;3.40;4;1;1;76;0;5847299;123;0
147;18;336;16;14;32;99;3.40;3;1;1;61;0;5847299;277;0
147;18;336;16;14;33;99;4.00;2;1;1;72;0;5847399;363;0
147;18;336;16;14;33;1;3.00;3;1;1;64;0;5847301;-1;0
147;18;336;16;14;35;99;3.20;2;1;1;79;0;5847599;180;0
147;18;336;16;14;36;10;5.20;4;1;1;81;0;5847610;294;0
147;18;336;16;14;36;3;4.40;3;1;1;68;0;5847603;285;0
147;18;336;16;14;36;80;4.60;6;2;1;79;0;5847680;864;0
147;18;336;16;14;37;99;3.40;6;2;1;80;0;5847799;98;0
147;18;336;16;14;38;11;3.80;2;1;1;76;0;5847811;197;0
147;18;336;16;14;35;15;4.20;7;2;1;12;0;5847515;696;0
147;18;336;16;14;38;99;3.40;3;1;1;66;0;5847899;272;0
147;18;336;16;14;38;43;3.40;8;2;1;82;0;5847843;2527;0
147;18;336;16;14;39;99;2.80;3;1;1;68;0;5847999;81;0
147;18;336;16;14;40;21;4.00;6;2;1;80;0;5848021;206;0
147;18;336;16;14;40;99;4.60;7;2;1;75;0;5848099;458;0
147;18;336;16;14;41;42;3.80;6;2;1;79;0;5848142;103;0
147;18;336;16;14;41;52;3.80;1;1;1;77;0;5848152;1310;0
147;18;336;16;14;42;17;3.80;6;2;1;80;0;5848217;57;0
147;18;336;16;14;43;4;3.40;6;2;1;78;0;5848304;69;0
147;18;336;16;14;43;99;3.80;4;1;1;82;0;5848399;765;0
147;18;336;16;14;43;35;3.40;6;2;1;80;0;5848335;15;5848021
147;18;336;16;14;43;30;3.80;3;1;1;65;0;5848330;316;0
147;18;336;16;14;44;23;3.60;7;2;1;85;0;5848423;301;0
147;18;336;16;14;45;99;3.60;7;2;1;78;0;5848599;160;0
147;18;336;16;14;46;66;4.60;6;2;1;80;0;5848666;315;0
147;18;336;16;14;47;99;3.60;2;1;1;76;0;5848799;970;0
147;18;336;16;14;47;99;3.40;3;1;1;66;0;5848799;447;0
147;18;336;16;14;47;83;9.60;6;2;6;78;0;5848783;96;0
147;18;336;16;14;48;99;3.60;3;1;1;75;0;5848899;81;0
147;18;336;16;14;49;99;3.40;6;2;1;73;0;5848999;171;0
147;18;336;16;14;49;98;7.20;7;2;1;65;0;5848998;382;0
147;18;336;16;14;53;22;3.00;8;2;1;72;0;5849322;1464;0
147;18;336;16;14;53;16;3.60;2;1;1;85;0;5849316;499;0
147;18;336;16;14;51;49;6.60;7;1;1;14;0;5849149;24435;0
147;18;336;16;14;54;12;3.60;6;2;1;77;0;5849412;396;0
147;18;336;16;14;57;97;2.80;2;1;1;77;0;5849797;465;0
147;18;336;16;14;57;99;3.40;3;1;1;71;0;5849799;882;0
147;18;336;16;14;58;99;3.00;6;2;1;72;0;5849899;470;0
147;18;336;16;14;59;70;3.80;2;1;1;76;0;5849970;159;0
147;18;336;16;14;59;98;4.00;3;1;1;70;0;5849998;181;0
147;18;336;16;15;0;99;3.20;3;1;1;75;0;5850099;80;0
147;18;336;16;15;1;7;4.20;3;1;1;75;0;5850107;-1;0
147;18;336;16;15;2;21;3.60;2;1;1;77;0;5850221;233;0
147;18;336;16;15;2;88;3.60;6;2;1;72;0;5850288;374;0
147;18;336;16;15;3;99;3.20;3;1;1;81;0;5850399;271;0
147;18;336;16;15;3;99;3.60;2;1;1;80;0;5850399;161;0
147;18;336;16;15;4;79;4.00;5;2;1;83;0;5850479;3362;0
147;18;336;16;15;5;99;3.00;6;2;1;68;0;5850599;293;0
147;18;336;16;15;5;99;3.60;5;2;1;81;0;5850599;102;0
147;18;336;16;15;4;66;5.40;7;2;1;32;0;5850466;1428;0
147;18;336;16;15;6;18;3.60;3;1;1;76;0;5850618;204;0
147;18;336;16;15;6;99;3.40;6;2;1;67;0;5850699;84;0
147;18;336;16;15;7;99;3.80;2;1;1;77;0;5850799;383;0
147;18;336;16;15;7;99;4.80;6;2;1;73;0;5850799;81;0
147;18;336;16;15;8;99;3.80;2;1;1;77;0;5850899;82;0
147;18;336;16;15;9;23;3.80;5;2;1;87;0;5850923;308;0
147;18;336;16;15;6;98;4.00;7;2;1;14;0;5850698;171;0
147;18;336;16;15;9;52;4.00;6;2;1;75;0;5850952;129;0
147;18;336;16;15;10;99;4.00;2;1;1;79;0;5851099;182;0
147;18;336;16;15;13;99;3.20;3;1;1;77;0;5851399;763;0
147;18;336;16;15;13;99;4.40;6;2;1;90;0;5851399;427;0
147;18;336;16;15;15;97;3.60;7;2;1;81;0;5851597;796;0
147;18;336;16;15;15;99;3.80;2;1;1;80;0;5851599;481;0
147;18;336;16;15;16;99;4.00;5;2;1;82;0;5851699;760;0
147;18;336;16;15;17;73;3.00;3;1;1;81;0;5851773;359;0
147;18;336;16;15;20;9;3.40;6;2;1;78;0;5852009;592;0
147;18;336;16;15;20;99;3.80;5;2;1;87;0;5852099;382;0
147;18;336;16;15;20;99;3.20;3;1;1;80;0;5852099;312;0
147;18;336;16;15;21;99;4.00;2;1;1;91;0;5852199;582;0
147;18;336;16;15;21;99;2.60;8;2;1;67;0;5852199;2862;0
147;18;336;16;15;21;99;3.40;5;2;1;82;0;5852199;84;0
147;18;336;16;15;22;99;3.40;2;1;1;77;0;5852299;84;0
147;18;336;16;15;24;31;3.40;4;1;1;83;0;5852431;4015;0
147;18;336;16;15;26;13;3.40;7;2;1;72;0;5852613;1000;0
147;18;336;16;15;26;99;3.40;1;1;1;79;0;5852699;4529;0
147;18;336;16;15;27;18;3.40;6;2;1;62;0;5852718;693;0
147;18;336;16;15;27;41;4.20;5;2;1;76;0;5852741;527;0
147;18;336;16;15;28;99;3.00;6;2;1;61;0;5852899;161;0
147;18;336;16;15;28;99;3.80;5;2;1;79;0;5852899;138;0
147;18;336;16;15;28;99;3.60;7;2;1;77;0;5852899;269;0
147;18;336;16;15;29;2;3.20;3;1;1;66;0;5852902;788;0
147;18;336;16;15;29;26;3.40;1;1;1;82;0;5852926;211;0
147;18;336;16;15;29;19;3.40;6;2;1;60;0;5852919;2;0
147;18;336;16;15;30;56;4.40;7;2;1;74;0;5853056;140;0
147;18;336;16;15;30;99;3.60;4;1;1;91;0;5853099;653;0
147;18;336;16;15;30;99;3.80;6;2;1;58;0;5853099;159;0
147;18;336;16;15;31;99;3.80;7;2;1;79;0;5853199;121;0
147;18;336;16;15;31;99;3.40;5;2;1;78;0;5853199;282;0
147;18;336;16;15;32;22;3.00;3;1;1;78;0;5853222;302;0
147;18;336;16;15;32;28;3.80;6;2;1;63;0;5853228;105;5852718
147;18;336;16;15;32;68;3.80;7;2;1;69;0;5853268;51;5852718
147;18;336;16;15;33;99;3.40;7;2;1;68;0;5853399;111;5852899
147;18;336;16;15;34;99;3.40;2;1;1;77;0;5853499;1184;0
147;18;336;16;15;34;99;3.00;6;2;1;69;0;5853499;249;0
147;18;336;16;15;34;99;3.40;3;1;1;68;0;5853499;263;0
147;18;336;16;15;34;99;3.80;7;2;1;68;0;5853499;82;5852899
147;18;336;16;15;35;75;3.40;5;2;1;80;0;5853575;360;0
147;18;336;16;15;36;99;3.00;7;2;1;72;0;5853699;179;5852899
147;18;336;16;15;37;5;3.40;3;1;1;76;0;5853705;188;5852899
147;18;336;16;15;38;99;3.60;6;2;1;79;0;5853899;384;0
147;18;336;16;15;39;2;3.40;3;1;1;72;0;5853902;180;0
147;18;336;16;15;40;7;4.00;4;1;1;87;0;5854007;893;0
147;18;336;16;15;40;41;3.40;2;1;1;69;0;5854041;526;0
147;18;336;16;15;40;99;3.20;3;1;1;77;0;5854099;180;0
147;18;336;16;15;40;90;5.60;2;1;1;66;0;5854090;31;0
147;18;336;16;15;41;99;3.20;1;1;1;92;0;5854199;1258;0
147;18;336;16;15;43;7;3.60;4;1;1;81;0;5854307;283;0
147;18;336;16;15;43;17;3.40;6;2;1;80;0;5854317;401;0
147;18;336;16;15;43;9;3.40;2;1;1;67;0;5854309;188;0
147;18;336;16;15;43;99;3.60;7;2;1;75;0;5854399;685;0
147;18;336;16;15;43;99;9.00;3;1;2;77;0;5854399;285;0
147;18;336;16;15;44;99;3.80;6;2;1;81;0;5854499;166;0
147;18;336;16;15;45;40;3.20;8;2;1;79;0;5854540;2327;0
147;18;336;16;15;45;52;3.80;4;1;1;80;0;5854552;229;0
147;18;336;16;15;45;99;3.20;2;1;1;76;0;5854599;271;0
147;18;336;16;15;46;99;3.80;4;1;1;83;0;5854699;129;0
147;18;336;16;15;46;99;3.60;2;1;1;84;0;5854699;84;0
147;18;336;16;15;46;99;4.80;1;1;1;83;0;5854699;487;0
147;18;336;16;15;47;11;4.00;6;2;1;84;0;5854711;195;0
147;18;336;16;15;47;99;3.60;5;2;1;83;0;5854799;1208;0
147;18;336;16;15;48;98;3.60;5;2;1;84;0;5854898;83;0
147;18;336;16;15;49;99;3.00;3;1;1;74;0;5854999;557;0
147;18;336;16;15;50;68;3.80;3;1;1;79;0;5855068;54;0
147;18;336;16;15;51;24;3.80;5;2;1;82;0;5855124;210;0
147;18;336;16;15;52;22;3.00;6;2;1;76;0;5855222;493;0
147;18;336;16;15;52;99;4.20;5;2;1;85;0;5855299;158;0
147;18;336;16;15;52;32;3.40;2;1;1;72;0;5855232;517;0
147;18;336;16;15;53;54;5.20;4;1;1;77;0;5855354;638;0
147;18;336;16;15;53;97;3.40;6;2;1;72;0;5855397;160;0
147;18;336;16;15;53;99;3.00;7;2;1;81;0;5855399;982;0
147;18;336;16;15;54;99;6.80;3;1;1;73;0;5855499;413;0
147;18;336;16;15;54;99;4.60;7;2;1;79;0;5855499;86;0
147;18;336;16;15;55;13;3.80;4;1;1;84;0;5855513;134;0
147;18;336;16;15;55;77;3.80;3;1;1;71;0;5855577;44;0
147;18;336;16;15;56;99;3.40;7;2;1;84;0;5855699;179;0
147;18;336;16;15;56;99;4.20;8;2;1;77;0;5855699;1144;0
147;18;336;16;15;56;99;3.60;6;2;1;72;0;5855699;285;0
147;18;336;16;15;56;99;5.20;5;2;1;85;0;5855699;382;0
147;18;336;16;15;57;99;3.80;3;1;1;69;0;5855799;202;0
147;18;336;16;15;59;99;3.60;1;1;1;81;0;5855999;1279;0
147;18;336;16;16;0;32;3.40;3;1;1;72;0;5856032;213;0
147;18;336;16;16;2;99;3.60;3;1;1;75;0;5856299;250;0
147;18;336;16;16;2;99;4.80;5;2;1;103;0;5856299;577;0
147;18;336;16;16;3;26;3.40;3;1;1;81;0;5856326;9;0
147;18;336;16;16;4;99;3.60;3;1;1;75;0;5856499;157;0
147;18;336;16;16;5;42;3.40;3;1;1;75;0;5856542;25;0
147;18;336;16;16;5;33;3.60;6;2;1;61;0;5856533;816;0
147;18;336;16;16;6;5;3.60;7;2;1;73;0;5856605;891;0
147;18;336;16;16;6;94;4.00;2;1;1;79;0;5856694;1445;0
147;18;336;16;16;6;99;3.40;5;2;1;79;0;5856699;383;0
147;18;336;16;16;7;11;3.40;6;2;1;66;0;5856711;156;0
147;18;336;16;16;7;99;3.60;3;1;1;75;0;5856799;240;0
147;18;336;16;16;8;52;5.80;5;2;1;76;0;5856852;137;0
147;18;336;16;16;8;66;4.60;7;2;1;77;0;5856866;243;0
147;18;336;16;16;8;72;3.40;6;2;1;65;0;5856872;142;0
147;18;336;16;16;9;99;3.00;2;1;1;71;0;5856999;286;0
147;18;336;16;16;8;90;17.80;4;1;4;79;0;5856890;1360;0
147;18;336;16;16;10;1;3.00;6;2;1;63;0;5857001;110;0
147;18;336;16;16;10;22;3.40;3;1;1;74;0;5857022;205;0
147;18;336;16;16;10;9;3.20;7;2;1;72;0;5857009;121;0
147;18;336;16;16;11;84;3.60;5;2;1;81;0;5857184;304;0
147;18;336;16;16;11;99;4.00;3;1;1;77;0;5857199;160;0
147;18;336;16;16;12;5;3.00;2;1;1;77;0;5857205;190;0
147;18;336;16;16;13;25;3.60;3;1;1;77;0;5857325;107;0
147;18;336;16;16;13;40;3.40;2;1;1;74;0;5857340;120;0
147;18;336;16;16;13;72;3.60;6;2;1;77;0;5857372;353;0
147;18;336;16;16;14;15;3.40;7;2;1;78;0;5857415;390;0
147;18;336;16;16;14;99;3.60;5;2;1;79;0;5857499;299;0
147;18;336;16;16;14;99;3.60;2;1;1;74;0;5857499;142;0
147;18;336;16;16;17;99;3.40;3;1;1;72;0;5857799;457;0
147;18;336;16;16;17;99;7.40;6;2;6;68;0;5857799;410;0
147;18;336;16;16;18;6;3.80;5;2;1;81;0;5857806;290;0
147;18;336;16;16;19;16;2.80;2;1;1;72;0;5857916;399;0
147;18;336;16;16;19;19;4.00;4;1;1;83;0;5857919;947;0
147;18;336;16;16;19;99;3.60;6;2;1;69;0;5857999;160;0
147;18;336;16;16;20;12;3.80;5;2;1;79;0;5858012;189;0
147;18;336;16;16;20;99;2.80;3;1;1;73;0;5858099;283;0
147;18;336;16;16;21;55;3.60;5;2;1;78;0;5858155;125;0
147;18;336;16;16;22;22;3.60;5;2;1;77;0;5858222;50;0
147;18;336;16;16;22;99;4.00;4;1;1;82;0;5858299;362;0
147;18;336;16;16;23;4;5.00;6;2;1;69;0;5858304;286;0
147;18;336;16;16;23;18;4.20;3;1;1;79;0;5858318;205;0
147;18;336;16;16;24;99;3.60;6;2;1;69;0;5858499;168;0
147;18;336;16;16;24;99;3.40;2;1;1;65;0;5858499;569;0
147;18;336;16;16;24;99;3.20;5;2;1;73;0;5858499;260;0
147;18;336;16;16;24;99;6.80;7;2;1;69;0;5858499;1068;0
147;18;336;16;16;25;99;3.80;5;2;1;74;0;5858599;84;0
147;18;336;16;16;26;10;3.60;8;2;1;73;0;5858610;2891;0
147;18;336;16;16;26;37;4.00;5;2;1;74;0;5858637;19;0
147;18;336;16;16;26;50;3.60;6;2;1;70;0;5858650;132;0
147;18;336;16;16;28;24;3.60;5;2;1;80;0;5858824;167;0
147;18;336;16;16;28;17;3.40;6;2;1;71;0;5858817;148;0
147;18;336;16;16;28;11;3.20;7;2;1;78;0;5858811;276;0
147;18;336;16;16;28;17;3.60;1;1;1;80;0;5858817;2802;0
147;18;336;16;16;29;99;4.80;7;2;1;79;0;5858999;173;0
147;18;336;16;16;29;99;3.60;6;2;1;72;0;5858999;164;5858304
147;18;336;16;16;30;99;3.80;3;1;1;85;0;5859099;761;0
147;18;336;16;16;31;71;3.40;6;2;1;73;0;5859171;154;5858304
147;18;336;16;16;32;99;3.40;6;2;1;74;0;5859299;111;5858304
147;18;336;16;16;33;30;3.60;6;2;1;77;0;5859330;14;5858304
147;18;336;16;16;36;10;4.00;5;2;1;84;0;5859610;769;0
147;18;336;16;16;36;18;3.20;2;1;1;74;0;5859618;1100;0
147;18;336;16;16;37;99;3.40;3;1;1;72;0;5859799;683;0
147;18;336;16;16;38;4;3.60;6;2;1;71;0;5859804;457;0
147;18;336;16;16;38;99;3.40;7;2;1;71;0;5859899;878;0
147;18;336;16;16;38;99;4.00;4;1;1;82;0;5859899;1582;0
147;18;336;16;16;38;26;3.60;5;2;1;89;0;5859826;198;0
147;18;336;16;16;38;23;3.80;3;1;1;69;0;5859823;6;0
147;18;336;16;16;39;14;4.20;7;2;1;77;0;5859914;-1;0
147;18;336;16;16;39;86;3.80;6;2;1;73;0;5859986;163;0
147;18;336;16;16;39;99;5.80;3;1;1;66;0;5859999;156;0
147;18;336;16;16;40;99;3.60;3;1;1;66;0;5860099;68;0
147;18;336;16;16;41;17;3.80;2;1;1;73;0;5860117;483;0
147;18;336;16;16;41;39;3.40;6;2;1;73;0;5860139;134;0
147;18;336;16;16;41;39;3.40;3;1;1;66;0;5860139;20;5859799
147;18;336;16;16;42;99;4.00;3;1;1;77;0;5860299;141;5859799
147;18;336;16;16;42;99;3.80;4;1;1;83;0;5860299;382;0
147;18;336;16;16;43;4;3.20;5;2;1;80;0;5860304;463;0
147;18;336;16;16;42;99;3.40;2;1;1;70;0;5860299;163;0
147;18;336;16;16;43;99;3.00;6;2;1;76;0;5860399;243;0
147;18;336;16;16;44;3;3.60;1;1;1;72;0;5860403;1569;0
147;18;336;16;16;44;99;3.60;6;2;1;76;0;5860499;85;0
147;18;336;16;16;45;15;3.60;2;1;1;72;0;5860515;198;0
147;18;336;16;16;45;99;3.80;5;2;1;78;0;5860599;280;0
147;18;336;16;16;45;99;3.80;7;2;1;81;0;5860599;665;0
147;18;336;16;16;46;17;3.80;6;2;1;80;0;5860617;100;0
147;18;336;16;16;46;41;3.60;1;1;1;67;0;5860641;220;0
147;18;336;16;16;47;99;4.00;6;2;1;79;0;5860799;164;0
147;18;336;16;16;48;14;3.40;2;1;1;70;0;5860814;281;0
147;18;336;16;16;48;99;3.80;7;2;1;79;0;5860899;283;0
147;18;336;16;16;48;5;3.40;2;1;1;66;0;5860805;-1;0
147;18;336;16;16;49;99;3.60;6;2;1;82;0;5860999;181;5860399
147;18;336;16;16;49;99;3.80;8;2;1;78;0;5860999;2371;0
147;18;336;16;16;49;99;3.40;2;1;1;64;0;5860999;175;0
147;18;336;16;16;51;36;3.60;6;2;1;80;0;5861136;121;5860399
147;18;336;16;16;52;0;3.60;2;1;1;68;0;5861200;181;5860399
147;18;336;16;16;52;15;3.20;5;2;1;79;0;5861215;598;0
147;18;336;16;16;52;99;4.40;7;2;1;71;0;5861299;382;0
147;18;336;16;16;54;52;3.60;6;2;1;76;0;5861452;299;0
147;18;336;16;16;55;5;3.00;5;2;1;77;0;5861505;275;0
147;18;336;16;16;55;99;3.80;6;2;1;76;0;5861599;129;0
147;18;336;16;16;55;99;3.80;7;2;1;80;0;5861599;277;0
147;18;336;16;16;56;99;3.60;2;1;1;81;0;5861699;479;0
147;18;336;16;16;57;88;4.00;6;2;1;77;0;5861788;171;0
147;18;336;16;16;58;9;3.60;5;2;1;80;0;5861809;289;0
147;18;336;16;16;59;19;3.60;5;2;1;79;0;5861919;93;0
147;18;336;16;17;0;99;4.20;4;1;1;80;0;5862099;1783;0
147;18;336;16;17;0;99;3.40;6;2;1;76;0;5862099;292;0
147;18;336;16;17;0;99;3.40;5;2;1;80;0;5862099;163;0
147;18;336;16;17;1;99;3.60;7;2;1;75;0;5862199;582;0
147;18;336;16;17;1;99;3.20;5;2;1;81;0;5862199;84;0
147;18;336;16;17;1;99;3.80;6;2;1;85;0;5862199;83;0
147;18;336;16;17;2;60;3.80;3;1;1;73;0;5862260;1942;0
147;18;336;16;17;2;63;3.60;7;2;1;74;0;5862263;46;0
147;18;336;16;17;3;99;3.60;4;1;1;80;0;5862399;281;0
147;18;336;16;17;3;99;3.60;6;2;1;76;0;5862399;183;0
147;18;336;16;17;3;99;3.60;5;2;1;84;0;5862399;185;5861809
147;18;336;16;17;3;99;3.80;7;2;1;73;0;5862399;118;5861809
147;18;336;16;17;4;3;3.20;2;1;1;73;0;5862403;688;0
147;18;336;16;17;5;6;3.20;6;2;1;76;0;5862506;89;0
147;18;336;16;17;6;99;4.40;3;1;1;73;0;5862699;420;0
147;18;336;16;17;6;99;4.00;7;2;1;78;0;5862699;281;0
147;18;336;16;17;6;99;3.40;5;2;1;79;0;5862699;284;0
147;18;336;16;17;7;21;3.60;6;2;1;80;0;5862721;199;5862099
147;18;336;16;17;7;99;3.80;7;2;1;82;0;5862799;81;5862099
147;18;336;16;17;9;35;3.60;3;1;1;74;0;5862935;214;0
147;18;336;16;17;9;43;3.80;4;1;1;81;0;5862943;527;0
147;18;336;16;17;10;21;3.60;2;1;1;79;0;5863021;602;0
147;18;336;16;17;10;99;3.60;6;2;1;79;0;5863099;361;0
147;18;336;16;17;10;99;3.80;3;1;1;83;0;5863099;146;0
147;18;336;16;17;11;99;3.80;3;1;1;76;0;5863199;83;0
147;18;336;16;17;12;43;3.20;6;2;1;78;0;5863243;127;0
147;18;336;16;17;12;61;3.80;5;2;1;81;0;5863261;546;0
147;18;336;16;17;13;27;3.20;7;2;1;83;0;5863327;511;0
147;18;336;16;17;13;99;3.40;4;1;1;79;0;5863399;439;0
147;18;336;16;17;13;99;3.60;7;2;1;81;0;5863399;58;0
147;18;336;16;17;14;99;3.20;2;1;1;76;0;5863499;461;0
147;18;336;16;17;14;34;3.60;3;1;1;77;0;5863434;217;0
147;18;336;16;17;15;99;3.80;8;2;1;83;0;5863599;2582;0
147;18;336;16;17;16;0;3.00;5;2;1;78;0;5863600;322;0
147;18;336;16;17;16;99;3.40;2;1;1;78;0;5863699;184;0
147;18;336;16;17;16;99;3.40;7;2;1;82;0;5863699;284;0
147;18;336;16;17;16;99;3.40;4;1;1;81;0;5863699;284;0
147;18;336;16;17;17;26;3.60;3;1;1;75;0;5863726;275;0
147;18;336;16;17;19;99;3.80;3;1;1;77;0;5863999;255;0
147;18;336;16;17;20;63;3.00;2;1;1;83;0;5864063;348;0
147;18;336;16;17;21;14;3.20;5;2;1;83;0;5864114;500;0
147;18;336;16;17;21;99;3.40;6;2;1;99;0;5864199;941;0
147;18;336;16;17;21;99;3.00;3;1;1;72;0;5864199;182;0
147;18;336;16;17;22;11;3.40;7;2;1;77;0;5864211;497;0
147;18;336;16;17;22;12;3.60;4;1;1;80;0;5864212;497;0
147;18;336;16;17;22;42;3.60;2;1;1;84;0;5864242;165;0
147;18;336;16;17;22;60;3.60;6;2;1;84;0;5864260;48;0
147;18;336;16;17;22;60;3.60;3;1;1;73;0;5864260;46;0
147;18;336;16;17;23;99;3.40;1;1;1;65;0;5864399;3738;0
147;18;336;16;17;23;99;3.40;2;1;1;79;0;5864399;141;0
147;18;336;16;17;24;8;3.60;8;2;1;79;0;5864408;792;0
147;18;336;16;17;24;99;4.60;6;2;1;82;0;5864499;223;0
147;18;336;16;17;24;3;3.40;2;1;1;81;0;5864403;-1;0
147;18;336;16;17;25;99;3.60;8;2;1;77;0;5864599;174;0
147;18;336;16;17;27;9;3.20;8;2;1;75;0;5864709;93;0
147;18;336;16;17;27;40;4.40;3;1;1;86;0;5864740;462;0
147;18;336;16;17;28;99;4.00;8;2;1;74;0;5864899;174;0
147;18;336;16;17;29;99;3.00;3;1;1;73;0;5864999;240;0
147;18;336;16;17;29;99;3.60;4;1;1;79;0;5864999;770;0
147;18;336;16;17;30;37;4.00;6;2;1;81;0;5865037;517;0
147;18;336;16;17;31;99;3.60;5;2;1;84;0;5865199;1071;0
147;18;336;16;17;31;99;3.60;3;1;1;72;0;5865199;185;0
147;18;336;16;17;32;16;3.60;4;1;1;77;0;5865216;200;0
147;18;336;16;17;33;0;4.40;3;1;1;76;0;5865300;83;0
147;18;336;16;17;33;99;3.00;3;1;1;72;0;5865399;78;0
147;18;336;16;17;34;9;3.60;4;1;1;76;0;5865409;176;0
147;18;336;16;17;34;99;4.00;4;1;1;74;0;5865499;72;0
147;18;336;16;17;36;99;3.20;6;2;1;61;0;5865699;644;0
147;18;336;16;17;35;74;16.20;3;1;5;71;0;5865574;160;5864999
147;18;336;16;17;37;2;3.40;5;2;1;84;0;5865702;487;0
147;18;336;16;17;36;99;7.20;8;2;6;78;0;5865699;780;0
147;18;336;16;17;37;31;3.60;6;2;1;62;0;5865731;13;0
147;18;336;16;17;38;71;3.80;4;1;1;78;0;5865871;352;0
147;18;336;16;17;45;39;1.00;2;1;1;1;1;5866539;2120;0
147;18;336;16;17;38;84;3.40;2;1;1;81;0;5865884;1465;0
147;18;336;16;17;38;99;3.40;7;2;1;75;0;5865899;1672;0
147;18;336;16;17;38;99;3.80;3;1;1;72;0;5865899;242;0
147;18;336;16;17;38;99;3.60;6;2;1;64;0;5865899;147;0
147;18;336;16;17;40;13;3.00;3;1;1;73;0;5866013;95;0
147;18;336;16;17;40;68;3.60;7;2;1;78;0;5866068;152;0
147;18;336;16;17;41;0;3.60;4;1;1;77;0;5866100;211;0
147;18;336;16;17;41;9;3.40;6;2;1;68;0;5866109;189;0
147;18;336;16;17;42;2;3.60;6;2;1;70;0;5866202;75;5865699
147;18;336;16;17;42;14;3.00;3;1;1;74;0;5866214;186;5865699
147;18;336;16;17;42;11;3.40;7;2;1;77;0;5866211;126;5865699
147;18;336;16;17;42;99;3.60;4;1;1;79;0;5866299;182;5865699
147;18;336;16;17;42;4;3.40;8;2;1;78;0;5866204;471;0
147;18;336;16;17;43;7;3.80;5;2;1;83;0;5866307;590;0
147;18;336;16;17;43;17;3.80;3;1;1;74;0;5866317;88;0
147;18;336;16;17;43;58;3.80;4;1;1;74;0;5866358;42;0
147;18;336;16;17;44;99;4.00;5;2;1;85;0;5866499;175;0
147;18;336;16;17;44;99;4.00;4;1;1;76;0;5866499;122;0
147;18;336;16;17;45;2;3.00;6;2;1;73;0;5866502;281;0
147;18;336;16;17;45;64;4.20;6;2;1;71;0;5866564;47;0
147;18;336;16;17;46;0;3.80;4;1;1;76;0;5866600;82;5866100
147;18;336;16;17;46;99;4.00;5;2;1;83;0;5866699;183;5866100
147;18;336;16;17;46;99;3.80;6;2;1;67;0;5866699;113;5866100
147;18;336;16;17;47;29;3.00;7;2;1;80;0;5866729;502;0
147;18;336;16;17;47;10;3.00;7;2;1;72;0;5866710;-1;0
147;18;336;16;17;48;13;4.20;6;2;1;80;0;5866813;93;0
147;18;336;16;17;50;2;3.80;6;2;1;80;0;5867002;170;5866502
147;18;336;16;17;51;1;3.60;7;2;1;73;0;5867101;376;0
147;18;336;16;17;51;99;4.60;4;1;1;76;0;5867199;581;0
147;18;336;16;17;54;23;3.60;6;2;1;78;0;5867423;403;0
147;18;336;16;17;53;45;3.00;5;2;1;78;0;5867345;628;0
147;18;336;16;17;53;78;4.40;3;1;1;70;0;5867378;1042;0
147;18;336;16;17;53;90;3.40;1;1;1;77;0;5867390;2972;0
147;18;336;16;17;54;99;3.60;5;2;1;79;0;5867499;140;0
147;18;336;16;17;56;10;3.20;3;1;1;72;0;5867610;209;0
147;18;336;16;17;56;18;3.60;8;2;1;80;0;5867618;1398;0
147;18;336;16;17;56;81;3.40;6;2;1;63;0;5867681;241;0
147;18;336;16;17;57;99;3.40;6;2;1;63;0;5867799;98;0
147;18;336;16;17;57;99;3.20;3;1;1;71;0;5867799;173;0
147;18;336;16;17;58;11;3.20;6;2;1;62;0;5867811;-1;0
147;18;336;16;17;59;4;3.60;4;1;1;78;0;5867904;683;0
147;18;336;16;17;59;99;3.60;8;2;1;72;0;5867999;364;0
147;18;336;16;17;59;99;3.60;3;1;1;70;0;5867999;183;0
147;18;336;16;17;59;99;4.00;4;1;1;78;0;5867999;78;0
147;18;336;16;18;0;1;3.80;6;2;1;61;0;5868001;171;0
147;18;336;16;18;1;11;3.00;5;2;1;78;0;5868111;595;0
147;18;336;16;18;1;80;2.80;3;1;1;69;0;5868180;162;0
147;18;336;16;18;1;99;4.40;4;1;1;76;0;5868199;181;0
147;18;336;16;18;1;99;3.60;6;2;1;64;0;5868199;175;5867681
147;18;336;16;18;2;99;3.40;4;1;1;77;0;5868299;79;5867681
147;18;336;16;18;2;99;3.80;3;1;1;71;0;5868299;104;5867610
147;18;336;16;18;3;14;3.40;5;2;1;79;0;5868314;189;5867610
147;18;336;16;18;3;60;3.60;6;2;1;70;0;5868360;140;5867681
147;18;336;16;18;4;21;3.60;5;2;1;82;0;5868421;91;5867681
147;18;336;16;18;4;99;3.60;4;1;1;77;0;5868499;184;5867904
147;18;336;16;18;4;99;3.60;3;1;1;71;0;5868499;180;5867610
147;18;336;16;18;4;99;3.80;1;1;1;74;0;5868499;1093;0
147;18;336;16;18;4;99;3.80;6;2;1;77;0;5868499;120;5867681
147;18;336;16;18;5;18;3.40;3;1;1;74;0;5868518;0;5867610
147;18;336;16;18;5;99;5.00;7;2;1;75;0;5868599;1480;0
147;18;336;16;18;5;99;4.40;2;1;1;68;0;5868599;2699;0
147;18;336;16;18;5;99;3.60;8;2;1;81;0;5868599;582;0
147;18;336;16;18;6;1;3.40;7;2;1;77;0;5868601;-1;0
147;18;336;16;18;6;4;3.80;5;2;1;88;0;5868604;167;0
147;18;336;16;18;6;59;3.80;3;1;1;69;0;5868659;124;5867610
147;18;336;16;18;6;70;4.80;6;2;1;84;0;5868670;153;5867681
147;18;336;16;18;7;99;3.80;3;1;1;69;0;5868799;120;5867610
147;18;336;16;18;8;7;3.60;7;2;1;78;0;5868807;190;5867610
147;18;336;16;18;8;13;3.60;2;1;1;72;0;5868813;190;5867610
147;18;336;16;18;9;99;3.60;8;2;1;71;0;5868999;384;0
147;18;336;16;18;9;99;3.40;2;1;1;71;0;5868999;168;0
147;18;336;16;18;10;99;3.20;6;2;1;74;0;5869099;408;0
147;18;336;16;18;10;99;3.80;2;1;1;71;0;5869099;82;0
147;18;336;16;18;10;99;4.00;3;1;1;69;0;5869099;280;0
147;18;336;16;18;11;7;5.40;1;1;1;82;0;5869107;589;0
147;18;336;16;18;11;95;3.80;5;2;1;77;0;5869195;575;0
147;18;336;16;18;10;78;5.40;7;2;1;34;0;5869078;254;0
147;18;336;16;18;12;13;3.60;4;1;1;74;0;5869213;697;0
147;18;336;16;18;12;99;3.20;7;2;1;73;0;5869299;163;0
147;18;336;16;18;12;99;3.20;3;1;1;60;0;5869299;179;0
147;18;336;16;18;12;99;6.60;5;2;1;75;0;5869299;86;0
147;18;336;16;18;12;99;4.00;4;1;1;78;0;5869299;68;0
147;18;336;16;18;13;14;3.20;6;2;1;75;0;5869314;199;0
147;18;336;16;18;13;8;4.00;3;1;1;60;0;5869308;-1;0
147;18;336;16;18;14;2;2.80;2;1;1;68;0;5869402;283;0
147;18;336;16;18;14;8;3.80;4;1;1;73;0;5869408;90;0
147;18;336;16;18;15;99;3.80;2;1;1;69;0;5869599;182;0
147;18;336;16;18;16;14;3.80;6;2;1;72;0;5869614;284;0
147;18;336;16;18;17;99;3.60;2;1;1;74;0;5869799;180;0
147;18;336;16;18;18;7;3.20;4;1;1;83;0;5869807;380;0
147;18;336;16;18;18;40;3.00;6;2;1;72;0;5869840;207;0
147;18;336;16;18;17;62;4.00;7;2;1;17;0;5869762;447;0
147;18;336;16;18;19;99;3.80;3;1;1;73;0;5869999;667;0
147;18;336;16;18;21;2;3.60;2;1;1;76;0;5870102;285;0
147;18;336;16;18;21;20;3.40;6;2;1;73;0;5870120;265;0
147;18;336;16;18;22;99;3.20;3;1;1;74;0;5870299;281;0
147;18;336;16;18;22;99;3.00;6;2;1;77;0;5870299;162;0
147;18;336;16;18;24;0;4.00;7;2;1;86;0;5870400;553;0
147;18;336;16;18;24;86;3.20;6;2;1;75;0;5870486;172;0
147;18;336;16;18;24;99;3.80;7;2;1;76;0;5870499;82;0
147;18;336;16;18;25;99;4.00;5;2;1;87;0;5870599;1268;0
147;18;336;16;18;25;99;3.40;1;1;1;75;0;5870599;1468;0
147;18;336;16;18;26;12;3.40;6;2;1;72;0;5870612;110;0
147;18;336;16;18;27;99;4.60;1;1;1;75;0;5870799;183;0
147;18;336;16;18;26;38;4.00;7;2;1;20;0;5870638;121;0
147;18;336;16;18;28;11;3.80;5;2;1;82;0;5870811;195;0
147;18;336;16;18;29;99;3.20;3;1;1;80;0;5870999;684;0
147;18;336;16;18;29;99;4.40;5;2;1;85;0;5870999;171;0
147;18;336;16;18;30;7;3.40;6;2;1;76;0;5871007;378;0
147;18;336;16;18;31;38;3.40;6;2;1;78;0;5871138;114;0
147;18;336;16;18;32;96;3.80;7;2;1;81;0;5871296;586;0
147;18;336;16;18;32;99;8.60;2;1;6;72;0;5871299;1179;0
147;18;336;16;18;33;99;5.00;7;2;1;79;0;5871399;86;0
147;18;336;16;18;33;99;4.60;3;1;1;82;0;5871399;385;0
147;18;336;16;18;34;40;3.60;6;2;1;79;0;5871440;286;0
147;18;336;16;18;35;5;3.60;6;2;1;78;0;5871505;48;0
147;18;336;16;18;35;10;3.40;3;1;1;74;0;5871510;90;0
147;18;336;16;18;35;99;3.80;4;1;1;87;0;5871599;1778;0
147;18;336;16;18;37;99;3.60;6;2;1;79;0;5871799;277;0
147;18;336;16;18;37;5;5.60;7;2;1;31;0;5871705;283;0
147;18;336;16;18;39;36;3.60;3;1;1;81;0;5871936;409;0
147;18;336;16;18;41;1;3.80;3;1;1;86;0;5872101;149;0
147;18;336;16;18;41;5;3.80;6;2;1;77;0;5872105;289;0
147;18;336;16;18;41;31;3.80;8;2;1;72;0;5872131;3113;0
147;18;336;16;18;42;99;4.80;3;1;1;76;0;5872299;182;0
147;18;336;16;18;43;2;3.60;5;2;1;76;0;5872302;1284;0
147;18;336;16;18;43;5;3.80;1;1;1;78;0;5872305;1483;0
147;18;336;16;18;43;99;6.80;7;2;1;62;0;5872399;628;0
147;18;336;16;18;44;16;4.00;6;2;1;80;0;5872416;293;0
147;18;336;16;18;45;20;3.60;5;2;1;78;0;5872520;200;0
147;18;336;16;18;45;99;4.00;6;2;1;77;0;5872599;165;0
147;18;336;16;18;45;94;11.60;2;1;3;69;0;5872594;1252;0
147;18;336;16;18;46;99;3.80;5;2;1;79;0;5872699;162;0
147;18;336;16;18;46;99;3.40;3;1;1;68;0;5872699;377;0
147;18;336;16;18;47;85;5.60;7;2;1;77;0;5872785;346;0
147;18;336;16;18;47;99;3.00;6;2;1;77;0;5872799;181;0
147;18;336;16;18;47;99;3.40;3;1;1;66;0;5872799;82;0
147;18;336;16;18;48;99;3.80;4;1;1;83;0;5872899;1284;0
147;18;336;16;18;49;10;3.40;3;1;1;65;0;5872910;92;0
147;18;336;16;18;49;46;3.60;5;2;1;80;0;5872946;229;0
147;18;336;16;18;49;54;3.60;8;2;1;84;0;5872954;804;0
147;18;336;16;18;50;99;3.60;3;1;1;68;0;5873099;170;0
147;18;336;16;18;52;50;3.20;2;1;1;78;0;5873250;595;0
147;18;336;16;18;52;64;3.80;4;1;1;77;0;5873264;348;0
147;18;336;16;18;53;99;3.40;3;1;1;70;0;5873399;280;0
147;18;336;16;18;54;99;3.80;4;1;1;76;0;5873499;217;0
147;18;336;16;18;54;23;2.80;6;2;1;77;0;5873423;609;0
147;18;336;16;18;55;24;3.60;5;2;1;81;0;5873524;561;0
147;18;336;16;18;55;99;3.60;3;1;1;67;0;5873599;182;0
147;18;336;16;18;55;99;3.60;4;1;1;77;0;5873599;82;0
147;18;336;16;18;56;27;3.00;5;2;1;78;0;5873627;87;0
147;18;336;16;18;56;99;3.40;3;1;1;65;0;5873699;80;0
147;18;336;16;18;56;99;3.20;6;2;1;79;0;5873699;262;0
147;18;336;16;18;57;63;3.60;7;2;1;88;0;5873763;951;0
147;18;336;16;18;58;99;3.20;6;2;1;82;0;5873899;185;0
147;18;336;16;18;59;21;3.60;5;2;1;80;0;5873921;280;0
147;18;336;16;18;59;4;18.80;6;2;5;87;0;5873904;-1;0
147;18;336;16;19;0;99;3.60;6;2;1;80;0;5874099;117;0
147;18;336;16;19;1;99;3.80;3;1;1;76;0;5874199;481;0
147;18;336;16;19;1;99;3.60;5;2;1;86;0;5874199;261;0
147;18;336;16;19;1;99;3.40;2;1;1;75;0;5874199;934;0
147;18;336;16;19;2;57;3.40;6;2;1;79;0;5874257;141;5873699
147;18;336;16;19;3;14;3.60;8;2;1;82;0;5874314;1344;0
147;18;336;16;19;3;99;3.40;5;2;1;86;0;5874399;184;0
147;18;336;16;19;3;99;3.60;4;1;1;75;0;5874399;783;0
147;18;336;16;19;5;1;3.60;4;1;1;76;0;5874501;84;0
147;18;336;16;19;5;4;3.40;2;1;1;71;0;5874504;288;0
147;18;336;16;19;5;97;3.40;3;1;1;71;0;5874597;380;0
147;18;336;16;19;5;99;5.40;6;2;1;78;0;5874599;326;0
147;18;336;16;19;5;99;3.80;2;1;1;73;0;5874599;77;0
147;18;336;16;19;7;4;4.60;5;2;1;81;0;5874704;290;0
147;18;336;16;19;7;13;3.60;8;2;1;73;0;5874713;383;0
147;18;336;16;19;7;49;3.20;2;1;1;74;0;5874749;131;0
147;18;336;16;19;8;99;3.60;8;2;1;70;0;5874899;168;0
147;18;336;16;19;8;99;4.00;7;2;1;80;0;5874899;1121;0
147;18;336;16;19;8;99;3.40;5;2;1;86;0;5874899;174;0
147;18;336;16;19;9;8;4.00;7;2;1;83;0;5874908;-1;0
147;18;336;16;19;10;25;3.20;4;1;1;87;0;5875025;506;0
147;18;336;16;19;10;70;4.00;3;1;1;73;0;5875070;455;0
147;18;336;16;19;10;85;3.80;5;2;1;80;0;5875085;171;0
147;18;336;16;19;10;97;4.00;6;2;1;75;0;5875097;473;0
147;18;336;16;19;12;2;3.20;3;1;1;72;0;5875202;112;0
147;18;336;16;19;12;18;3.20;6;2;1;84;0;5875218;101;0
147;18;336;16;19;13;99;3.80;6;2;1;78;0;5875399;167;0
147;18;336;16;19;13;99;3.80;5;2;1;83;0;5875399;296;0
147;18;336;16;19;14;5;3.60;7;2;1;78;0;5875405;479;0
147;18;336;16;19;14;13;3.60;5;2;1;85;0;5875413;-1;0
147;18;336;16;19;16;99;3.40;4;1;1;95;0;5875699;660;0
147;18;336;16;19;16;99;3.40;3;1;1;76;0;5875699;481;0
147;18;336;16;19;16;99;3.40;5;2;1;83;0;5875699;270;0
147;18;336;16;19;16;99;3.60;2;1;1;83;0;5875699;934;0
147;18;336;16;19;16;99;3.80;6;2;1;73;0;5875699;282;0
147;18;336;16;19;19;13;3.20;4;1;1;78;0;5875913;201;0
147;18;336;16;19;19;99;3.40;8;2;1;76;0;5875999;1081;0
147;18;336;16;19;19;99;4.40;6;2;1;77;0;5875999;281;0
147;18;336;16;19;19;99;4.20;7;2;1;82;0;5875999;577;0
147;18;336;16;19;20;12;4.00;5;2;1;84;0;5876012;298;0
147;18;336;16;19;20;81;2.80;4;1;1;82;0;5876081;153;0
147;18;336;16;19;20;99;4.40;5;2;1;88;0;5876099;69;0
147;18;336;16;19;21;99;3.40;6;2;1;74;0;5876199;179;0
147;18;336;16;19;22;99;3.60;2;1;1;77;0;5876299;584;0
147;18;336;16;19;23;21;3.80;8;2;1;80;0;5876321;305;0
147;18;336;16;19;23;88;3.60;4;1;1;85;0;5876388;294;0
147;18;336;16;19;24;99;3.60;7;2;1;81;0;5876499;481;0
147;18;336;16;19;24;99;3.60;3;1;1;68;0;5876499;783;0
147;18;336;16;19;24;99;4.00;2;1;1;72;0;5876499;183;0
147;18;336;16;19;26;8;3.00;3;1;1;66;0;5876608;89;0
147;18;336;16;19;26;99;3.40;2;1;1;71;0;5876699;180;0
147;18;336;16;19;26;99;3.20;6;2;1;72;0;5876699;483;0
147;18;336;16;19;26;99;4.00;5;2;1;79;0;5876699;582;0
147;18;336;16;19;26;99;3.20;4;1;1;76;0;5876699;295;0
147;18;336;16;19;27;99;3.60;3;1;1;66;0;5876799;174;0
147;18;336;16;19;27;99;3.40;6;2;1;71;0;5876799;84;0
147;18;336;16;19;27;99;3.80;4;1;1;76;0;5876799;84;0
147;18;336;16;19;28;80;3.40;3;1;1;65;0;5876880;61;0
147;18;336;16;19;28;99;4.00;5;2;1;78;0;5876899;181;0
147;18;336;16;19;28;99;5.40;4;1;1;75;0;5876899;82;0
147;18;336;16;19;29;14;3.20;2;1;1;67;0;5876914;197;0
147;18;336;16;19;30;2;3.60;5;2;1;78;0;5877002;84;0
147;18;336;16;19;30;43;3.60;2;1;1;72;0;5877043;111;5876299
147;18;336;16;19;32;99;3.60;6;2;1;71;0;5877299;482;0
147;18;336;16;19;32;0;3.40;3;1;1;69;0;5877200;301;0
147;18;336;16;19;33;85;4.00;7;2;1;76;0;5877385;870;0
147;18;336;16;19;33;99;3.40;6;2;1;70;0;5877399;81;0
147;18;336;16;19;34;12;3.40;3;1;1;70;0;5877412;194;0
147;18;336;16;19;34;99;3.60;8;2;1;77;0;5877499;1160;0
147;18;336;16;19;34;99;3.80;2;1;1;84;0;5877499;438;0
147;18;336;16;19;35;13;3.60;2;1;1;69;0;5877513;-1;0
147;18;336;16;19;35;62;3.20;3;1;1;81;0;5877562;132;0
147;18;336;16;19;36;99;3.20;6;2;1;68;0;5877699;282;0
147;18;336;16;19;36;99;4.60;5;2;1;83;0;5877699;680;0
147;18;336;16;19;37;99;3.80;4;1;1;83;0;5877799;874;0
147;18;336;16;19;37;99;3.00;6;2;1;68;0;5877799;83;0
147;18;336;16;19;37;99;4.00;2;1;1;65;0;5877799;267;0
147;18;336;16;19;38;15;3.80;7;2;1;77;0;5877815;411;0
147;18;336;16;19;38;92;4.00;4;1;1;80;0;5877892;76;0
147;18;336;16;19;39;99;3.80;5;2;1;80;0;5877999;280;0
147;18;336;16;19;40;4;3.60;6;2;1;71;0;5878004;189;0
147;18;336;16;19;40;28;8.40;7;2;2;54;0;5878028;195;0
147;18;336;16;19;41;88;3.60;2;1;1;73;0;5878188;366;0
147;18;336;16;19;41;99;3.00;6;2;1;73;0;5878199;176;0
147;18;336;16;19;42;99;3.60;4;1;1;81;0;5878299;389;0
147;18;336;16;19;43;44;3.40;3;1;1;74;0;5878344;767;0
147;18;336;16;19;41;34;4.00;7;2;1;16;0;5878134;50;0
147;18;336;16;19;43;53;4.00;2;1;1;82;0;5878353;147;0
147;18;336;16;19;44;3;3.40;6;2;1;73;0;5878403;189;5877699
147;18;336;16;19;44;99;3.60;4;1;1;81;0;5878499;184;5877699
147;18;336;16;19;44;99;3.00;6;2;1;74;0;5878499;79;5877699
147;18;336;16;19;45;24;3.40;5;2;1;85;0;5878524;507;0
147;18;336;16;19;45;15;3.80;4;1;1;79;0;5878515;0;0
147;18;336;16;19;46;2;3.80;6;2;1;73;0;5878602;88;5877699
147;18;336;16;19;46;99;3.00;4;1;1;81;0;5878699;166;5877699
147;18;336;16;19;47;99;3.40;8;2;1;70;0;5878799;1283;0
147;18;336;16;19;47;99;3.40;4;1;1;83;0;5878799;86;5878299
147;18;336;16;19;47;99;3.60;3;1;1;74;0;5878799;438;0
147;18;336;16;19;48;57;3.40;6;2;1;78;0;5878857;236;0
147;18;336;16;19;48;87;3.20;3;1;1;73;0;5878887;70;0
147;18;336;16;19;49;99;3.80;8;2;1;68;0;5878999;182;0
147;18;336;16;19;49;99;4.20;2;1;1;70;0;5878999;628;0
147;18;336;16;19;50;99;3.80;4;1;1;78;0;5879099;285;0
147;18;336;16;19;51;62;3.80;3;1;1;73;0;5879162;259;0
147;18;336;16;19;51;82;3.60;6;2;1;80;0;5879182;309;0
147;18;336;16;19;51;99;3.00;2;1;1;69;0;5879199;178;0
147;18;336;16;19;51;99;3.80;7;2;1;87;0;5879199;975;0
147;18;336;16;19;52;99;3.80;5;2;1;78;0;5879299;760;0
147;18;336;16;19;52;99;3.00;2;1;1;65;0;5879299;84;0
147;18;336;16;19;53;31;3.40;3;1;1;72;0;5879331;150;0
147;18;336;16;19;53;70;3.80;5;2;1;77;0;5879370;53;0
147;18;336;16;19;54;99;3.20;6;2;1;82;0;5879499;300;0
147;18;336;16;19;54;99;3.20;2;1;1;70;0;5879499;183;0
147;18;336;16;19;55;5;4.00;3;1;1;78;0;5879505;157;0
147;18;336;16;19;55;99;3.80;5;2;1;81;0;5879599;211;0
147;18;336;16;19;56;99;3.40;2;1;1;75;0;5879699;183;5878999
147;18;336;16;19;57;8;3.00;6;2;1;73;0;5879708;194;5878999
147;18;336;16;19;57;99;3.20;3;1;1;76;0;5879799;275;0
147;18;336;16;19;58;99;3.60;6;2;1;71;0;5879899;176;0
147;18;336;16;19;58;61;3.80;5;2;1;81;0;5879861;245;0
147;18;336;16;19;59;2;3.60;2;1;1;75;0;5879902;186;5878999
147;18;336;16;19;59;99;3.80;4;1;1;83;0;5879999;882;0
147;18;336;16;20;0;26;3.60;5;2;1;81;0;5880026;148;0
147;18;336;16;20;0;99;3.00;6;2;1;78;0;5880099;181;0
147;18;336;16;20;1;59;3.00;3;1;1;74;0;5880159;344;0
147;18;336;16;20;3;14;3.60;4;1;1;88;0;5880314;298;0
147;18;336;16;20;4;92;3.80;2;1;1;92;0;5880492;572;0
147;18;336;16;20;4;99;3.80;3;1;1;79;0;5880499;325;0
147;18;336;16;20;5;24;3.00;6;2;1;81;0;5880524;411;0
147;18;336;16;20;5;57;4.20;7;2;1;17;0;5880557;1342;0
147;18;336;16;20;7;99;3.60;3;1;1;77;0;5880799;282;0
147;18;336;16;20;8;13;3.80;2;1;1;72;0;5880813;306;0
147;18;336;16;20;8;99;3.60;6;2;1;74;0;5880899;361;0
147;18;336;16;20;8;9;3.80;4;1;1;89;0;5880809;480;0
147;18;336;16;20;9;22;3.40;3;1;1;75;0;5880922;106;0
147;18;336;16;20;9;99;3.60;6;2;1;76;0;5880999;82;0
147;18;336;16;20;10;99;3.60;3;1;1;78;0;5881099;160;0
147;18;336;16;20;11;35;4.20;8;2;1;87;0;5881135;2115;0
147;18;336;16;20;11;52;3.20;6;2;1;77;0;5881152;135;0
147;18;336;16;20;11;67;3.80;5;2;1;85;0;5881167;1125;0
147;18;336;16;20;10;89;5.60;7;2;1;35;0;5881089;443;0
147;18;336;16;20;12;99;3.60;3;1;1;73;0;5881299;183;0
147;18;336;16;20;13;13;3.20;2;1;1;73;0;5881313;481;0
147;18;336;16;20;14;11;3.60;2;1;1;77;0;5881411;82;0
147;18;336;16;20;15;22;3.20;6;2;1;81;0;5881522;355;0
147;18;336;16;20;16;5;3.40;5;2;1;80;0;5881605;421;0
147;18;336;16;20;16;38;3.80;6;2;1;73;0;5881638;101;0
147;18;336;16;20;16;58;3.40;5;2;1;78;0;5881658;37;0
147;18;336;16;20;18;99;4.00;5;2;1;82;0;5881899;225;0
147;18;336;16;20;18;99;3.40;3;1;1;70;0;5881899;582;0
147;18;336;16;20;19;0;3.60;4;1;1;72;0;5881900;1075;0
147;18;336;16;20;19;80;3.60;7;2;1;82;0;5881980;833;0
147;18;336;16;20;20;99;3.40;6;2;1;73;0;5882099;442;0
147;18;336;16;20;22;85;4.20;6;2;1;73;0;5882285;169;0
147;18;336;16;20;22;99;3.20;3;1;1;65;0;5882299;382;0
147;18;336;16;20;23;99;3.20;3;1;1;67;0;5882399;82;0
147;18;336;16;20;23;99;3.20;6;2;1;78;0;5882399;93;0
147;18;336;16;20;24;7;3.60;5;2;1;81;0;5882407;490;0
147;18;336;16;20;24;62;3.80;4;1;1;80;0;5882462;544;0
147;18;336;16;20;24;84;3.20;3;1;1;70;0;5882484;67;0
147;18;336;16;20;25;17;3.80;7;2;1;79;0;5882517;521;0
147;18;336;16;20;25;99;3.60;3;1;1;68;0;5882599;98;0
147;18;336;16;20;26;99;3.20;4;1;1;79;0;5882699;219;0
147;18;336;16;20;27;0;3.40;6;2;1;73;0;5882700;286;0
147;18;336;16;20;27;93;3.40;3;1;1;69;0;5882793;174;5882299
147;18;336;16;20;27;99;3.80;7;2;1;80;0;5882799;264;0
147;18;336;16;20;27;99;3.80;2;1;1;76;0;5882799;1371;0
147;18;336;16;20;29;3;3.40;6;2;1;72;0;5882903;186;0
147;18;336;16;20;29;50;3.40;3;1;1;70;0;5882950;139;5882299
147;18;336;16;20;29;89;4.00;5;2;1;79;0;5882989;566;0
147;18;336;16;20;29;94;3.40;2;1;1;76;0;5882994;177;0
147;18;336;16;20;30;12;3.60;7;2;1;80;0;5883012;195;0
147;18;336;16;20;30;99;3.60;6;2;1;73;0;5883099;179;0
147;18;336;16;20;31;99;3.40;2;1;1;74;0;5883199;188;0
147;18;336;16;20;31;99;3.20;3;1;1;72;0;5883199;231;0
147;18;336;16;20;32;12;3.00;6;2;1;72;0;5883212;95;0
147;18;336;16;20;32;63;3.60;7;2;1;69;0;5883263;234;0
147;18;336;16;20;32;78;3.40;3;1;1;71;0;5883278;63;0
147;18;336;16;20;33;18;3.60;2;1;1;74;0;5883318;102;0
147;18;336;16;20;33;99;3.60;7;2;1;67;0;5883399;117;0
147;18;336;16;20;34;62;3.40;3;1;1;70;0;5883462;166;0
147;18;336;16;20;34;79;4.60;5;2;1;84;0;5883479;471;0
147;18;336;16;20;35;99;3.60;2;1;1;72;0;5883599;263;0
147;18;336;16;20;35;99;3.40;3;1;1;70;0;5883599;119;0
147;18;336;16;20;35;99;3.60;7;2;1;75;0;5883599;180;0
147;18;336;16;20;35;99;3.00;6;2;1;67;0;5883599;372;0
147;18;336;16;20;37;3;3.80;4;1;1;78;0;5883703;989;0
147;18;336;16;20;37;49;3.20;3;1;1;70;0;5883749;132;5883199
147;18;336;16;20;37;99;3.80;5;2;1;84;0;5883799;300;0
147;18;336;16;20;37;99;3.80;4;1;1;78;0;5883799;78;0
147;18;336;16;20;38;11;3.00;6;2;1;75;0;5883811;195;0
147;18;336;16;20;38;99;3.20;4;1;1;76;0;5883899;82;0
147;18;336;16;20;38;99;3.40;2;1;1;73;0;5883899;282;0
147;18;336;16;20;39;8;4.40;2;1;1;69;0;5883908;-1;0
147;18;336;16;20;39;44;3.60;3;1;1;80;0;5883944;178;5883199
147;18;336;16;20;40;99;4.00;7;2;1;83;0;5884099;482;0
147;18;336;16;20;41;99;4.40;2;1;1;76;0;5884199;268;0
147;18;336;16;20;44;11;3.60;7;2;1;88;0;5884411;294;0
147;18;336;16;20;44;50;3.40;5;2;1;78;0;5884450;634;0
147;18;336;16;20;46;99;3.60;7;2;1;80;0;5884699;273;0
147;18;336;16;20;48;15;3.60;3;1;1;77;0;5884815;854;0
147;18;336;16;20;49;39;3.60;4;1;1;79;0;5884939;1024;0
147;18;336;16;20;50;9;3.00;6;2;1;77;0;5885009;1183;0
147;18;336;16;20;50;92;3.00;3;1;1;77;0;5885092;260;0
147;18;336;16;20;51;99;4.80;3;1;1;81;0;5885199;92;0
147;18;336;16;20;52;20;3.20;3;1;1;74;0;5885220;-1;0
147;18;336;16;20;52;46;3.20;2;1;1;75;0;5885246;1026;0
147;18;336;16;20;52;50;3.40;1;1;1;72;0;5885250;12927;0
147;18;336;16;20;54;99;7.80;6;2;6;77;0;5885499;475;0
147;18;336;16;20;54;18;3.60;2;1;1;72;0;5885418;156;0
147;18;336;16;20;55;82;3.60;3;1;1;79;0;5885582;346;0
147;18;336;16;20;55;99;3.20;4;1;1;80;0;5885599;643;0
147;18;336;16;20;55;99;3.60;8;2;1;79;0;5885599;4446;0
147;18;336;16;20;56;99;3.40;1;1;1;73;0;5885699;432;0
147;18;336;16;20;57;17;3.60;3;1;1;81;0;5885717;118;0
147;18;336;16;20;58;99;3.80;6;2;1;85;0;5885899;363;0
147;18;336;16;20;59;15;3.80;3;1;1;78;0;5885915;182;0
147;18;336;16;20;59;99;3.40;6;2;1;80;0;5885999;83;0
147;18;336;16;20;59;99;4.40;4;1;1;85;0;5885999;385;0
147;18;336;16;20;59;99;3.40;1;1;1;72;0;5885999;283;0
147;18;336;16;21;0;19;3.20;3;1;1;77;0;5886019;86;0
147;18;336;16;21;0;56;3.80;2;1;1;78;0;5886056;620;0
147;18;336;16;21;0;65;4.40;5;2;1;85;0;5886065;1599;0
147;18;336;16;21;0;99;4.40;6;2;1;77;0;5886099;84;0
147;18;336;16;21;1;99;3.40;2;1;1;80;0;5886199;125;0
147;18;336;16;21;1;99;3.80;5;2;1;82;0;5886199;115;0
147;18;336;16;21;1;99;3.80;3;1;1;83;0;5886199;165;5885582
147;18;336;16;21;2;18;3.60;7;2;1;79;0;5886218;1502;0
147;18;336;16;21;2;99;3.80;4;1;1;84;0;5886299;281;0
147;18;336;16;21;2;1;4.00;3;1;1;76;0;5886201;-1;5885582
147;18;336;16;21;2;32;4.80;6;2;1;79;0;5886232;112;5885582
147;18;336;16;21;2;32;3.80;5;2;1;80;0;5886232;16;5885582
147;18;336;16;21;4;2;3.40;3;1;1;84;0;5886402;182;5885582
147;18;336;16;21;3;99;3.40;2;1;1;74;0;5886399;184;5885582
147;18;336;16;21;4;12;3.80;6;2;1;75;0;5886412;158;5885899
147;18;336;16;21;4;99;3.40;5;2;1;81;0;5886499;249;0
147;18;336;16;21;4;99;3.40;7;2;1;80;0;5886499;264;0
147;18;336;16;21;5;39;3.40;1;1;1;75;0;5886539;523;0
147;18;336;16;21;5;39;4.00;5;2;1;76;0;5886539;24;0
147;18;336;16;21;5;56;3.20;3;1;1;80;0;5886556;139;5885582
147;18;336;16;21;6;99;3.60;2;1;1;72;0;5886699;283;0
147;18;336;16;21;7;47;3.20;5;2;1;80;0;5886747;189;0
147;18;336;16;21;8;99;3.60;2;1;1;71;0;5886899;182;0
147;18;336;16;21;8;99;3.20;6;2;1;80;0;5886899;468;0
147;18;336;16;21;8;99;3.40;3;1;1;73;0;5886899;328;0
147;18;336;16;21;9;9;3.60;5;2;1;81;0;5886909;147;0
147;18;336;16;21;11;9;3.40;5;2;1;79;0;5887109;184;5886499
147;18;336;16;21;11;99;3.80;7;2;1;81;0;5887199;684;0
147;18;336;16;21;12;37;3.60;2;1;1;82;0;5887237;319;0
147;18;336;16;21;13;19;3.20;3;1;1;73;0;5887319;403;0
147;18;336;16;21;13;99;5.40;6;2;1;84;0;5887399;485;0
147;18;336;16;21;14;99;3.60;2;1;1;82;0;5887499;246;0
147;18;336;16;21;14;99;3.40;4;1;1;70;0;5887499;1183;0
147;18;336;16;21;15;46;3.40;4;1;1;72;0;5887546;29;0
147;18;336;16;21;16;99;3.40;2;1;1;73;0;5887699;184;0
147;18;336;16;21;17;22;3.60;3;1;1;79;0;5887722;387;0
147;18;336;16;21;19;8;3.80;6;2;1;77;0;5887908;485;0
147;18;336;16;21;19;6;4.00;2;1;1;73;0;5887906;190;0
147;18;336;16;21;20;8;3.80;8;2;1;88;0;5888008;2392;0
147;18;336;16;21;20;34;3.80;3;1;1;74;0;5888034;295;0
147;18;336;16;21;20;58;3.60;4;1;1;92;0;5888058;495;0
147;18;336;16;21;21;99;3.40;7;2;1;73;0;5888199;983;0
147;18;336;16;21;21;99;4.60;3;1;1;74;0;5888199;146;0
147;18;336;16;21;22;17;2.80;2;1;1;77;0;5888217;291;0
147;18;336;16;21;22;99;3.20;6;2;1;70;0;5888299;373;0
147;18;336;16;21;23;22;3.60;2;1;1;77;0;5888322;91;0
147;18;336;16;21;23;64;3.80;7;2;1;77;0;5888364;148;0
147;18;336;16;21;24;19;3.60;3;1;1;81;0;5888419;197;0
147;18;336;16;21;24;99;3.20;1;1;1;81;0;5888499;1943;0
147;18;336;16;21;25;6;3.60;1;1;1;81;0;5888506;-1;0
147;18;336;16;21;26;1;3.60;5;2;1;89;0;5888601;1476;0
147;18;336;16;21;25;43;5.20;3;1;1;72;0;5888543;108;0
147;18;336;16;21;25;54;4.00;7;2;1;72;0;5888554;172;0
147;18;336;16;21;27;10;3.60;3;1;1;69;0;5888710;141;5888034
147;18;336;16;21;27;99;3.60;6;2;1;74;0;5888799;483;0
147;18;336;16;21;27;99;3.60;2;1;1;77;0;5888799;460;0
147;18;336;16;21;27;99;4.20;5;2;1;83;0;5888799;183;0
147;18;336;16;21;28;31;3.60;7;2;1;74;0;5888831;257;0
147;18;336;16;21;28;67;4.00;5;2;1;75;0;5888867;49;0
147;18;336;16;21;28;82;4.20;2;1;1;79;0;5888882;66;0
147;18;336;16;21;29;9;3.60;3;1;1;73;0;5888909;180;5888034
147;18;336;16;21;30;6;3.40;3;1;1;80;0;5889006;79;5888034
147;18;336;16;21;31;79;3.60;7;2;1;66;0;5889179;330;0
147;18;336;16;21;31;99;3.40;2;1;1;79;0;5889199;297;0
147;18;336;16;21;31;76;10.20;4;1;2;80;0;5889176;1103;0
147;18;336;16;21;32;9;3.80;6;2;1;73;0;5889209;392;0
147;18;336;16;21;32;22;3.60;5;2;1;81;0;5889222;335;0
147;18;336;16;21;32;99;5.80;2;1;1;77;0;5889299;84;0
147;18;336;16;21;33;26;3.40;3;1;1;82;0;5889326;304;0
147;18;336;16;21;33;55;3.60;5;2;1;81;0;5889355;117;0
147;18;336;16;21;34;13;4.00;2;1;1;79;0;5889413;86;0
147;18;336;16;21;34;34;3.00;5;2;1;89;0;5889434;63;0
147;18;336;16;21;35;7;3.60;3;1;1;83;0;5889507;166;0
147;18;336;16;21;34;99;5.20;7;2;1;76;0;5889499;300;0
147;18;336;16;21;36;99;3.60;6;2;1;66;0;5889699;471;0
147;18;336;16;21;37;15;3.80;5;2;1;78;0;5889715;268;0
147;18;336;16;21;37;99;3.40;7;2;1;69;0;5889799;275;0
147;18;336;16;21;38;19;3.60;3;1;1;80;0;5889819;296;0
147;18;336;16;21;38;60;4.00;5;2;1;78;0;5889860;127;0
147;18;336;16;21;39;99;3.80;5;2;1;79;0;5889999;120;0
147;18;336;16;21;40;99;4.80;5;2;1;78;0;5890099;82;0
147;18;336;16;21;41;11;3.60;3;1;1;77;0;5890111;275;0
147;18;336;16;21;41;2;3.60;6;2;1;58;0;5890102;383;0
147;18;336;16;21;41;98;3.00;7;2;1;72;0;5890198;381;0
147;18;336;16;21;41;99;3.40;5;2;1;80;0;5890199;77;5889715
147;18;336;16;21;42;99;2.80;2;1;1;80;0;5890299;867;0
147;18;336;16;21;42;99;3.80;3;1;1;84;0;5890299;171;0
147;18;336;16;21;43;99;3.60;6;2;1;61;0;5890399;274;0
147;18;336;16;21;43;49;3.80;4;1;1;79;0;5890349;1127;0
147;18;336;16;21;44;99;3.40;5;2;1;74;0;5890499;284;0
147;18;336;16;21;44;99;3.20;6;2;1;54;0;5890499;78;0
147;18;336;16;21;45;99;3.60;3;1;1;71;0;5890599;283;0
147;18;336;16;21;45;99;3.00;7;2;1;61;0;5890599;386;0
147;18;336;16;21;45;8;3.40;6;2;1;53;0;5890508;-1;0
147;18;336;16;21;46;35;3.40;2;1;1;70;0;5890635;323;0
147;18;336;16;21;46;57;3.00;5;2;1;76;0;5890657;141;0
147;18;336;16;21;46;70;3.00;1;1;1;81;0;5890670;2148;0
147;18;336;16;21;46;93;3.60;3;1;1;70;0;5890693;75;0
147;18;336;16;21;47;99;3.40;6;2;1;54;0;5890799;267;0
147;18;336;16;21;46;74;10.00;7;2;2;58;0;5890674;57;0
147;18;336;16;21;47;99;3.80;5;2;1;81;0;5890799;127;0
147;18;336;16;21;48;2;3.80;2;1;1;77;0;5890802;149;0
147;18;336;16;21;48;99;3.40;3;1;1;71;0;5890899;187;0
147;18;336;16;21;48;0;4.00;5;2;1;81;0;5890800;-1;0
147;18;336;16;21;48;99;3.20;6;2;1;54;0;5890899;77;0
147;18;336;16;21;48;5;3.40;7;2;1;58;0;5890805;68;0
147;18;336;16;21;49;9;3.40;2;1;1;69;0;5890909;89;0
147;18;336;16;21;49;99;4.60;7;2;1;59;0;5890999;172;0
147;18;336;16;21;50;5;4.00;4;1;1;82;0;5891005;638;0
147;18;336;16;21;49;99;3.40;6;2;1;57;0;5890999;78;0
147;18;336;16;21;50;20;3.60;5;2;1;78;0;5891020;202;0
147;18;336;16;21;50;99;3.20;2;1;1;71;0;5891099;172;0
147;18;336;16;21;51;84;3.60;2;1;1;72;0;5891184;68;5890635
147;18;336;16;21;52;99;3.60;3;1;1;76;0;5891299;382;0
147;18;336;16;21;53;10;3.40;6;2;1;67;0;5891310;289;0
147;18;336;16;21;53;39;3.60;2;1;1;71;0;5891339;137;5890635
147;18;336;16;21;55;99;4.00;4;1;1;82;0;5891599;576;0
147;18;336;16;21;55;99;3.00;6;2;1;68;0;5891599;270;0
147;18;336;16;21;55;99;3.60;2;1;1;66;0;5891599;241;0
147;18;336;16;21;56;66;3.40;3;1;1;76;0;5891666;349;0
147;18;336;16;21;56;83;3.80;7;2;1;80;0;5891683;655;0
147;18;336;16;21;56;87;3.40;6;2;1;70;0;5891687;72;0
147;18;336;16;21;57;99;4.20;2;1;1;69;0;5891799;180;0
147;18;336;16;21;58;99;3.20;6;2;1;69;0;5891899;194;0
147;18;336;16;21;59;75;3.80;4;1;1;79;0;5891975;358;0
147;18;336;16;21;59;93;4.20;7;2;1;78;0;5891993;292;0
147;18;336;16;22;0;99;3.60;6;2;1;66;0;5892099;183;0
147;18;336;16;22;0;99;3.40;3;1;1;69;0;5892099;416;0
147;18;336;16;22;1;11;4.00;5;2;1;78;0;5892111;1074;0
147;18;336;16;22;1;1;3.80;7;2;1;74;0;5892101;88;0
147;18;336;16;22;2;99;5.60;3;1;1;67;0;5892299;182;0
147;18;336;16;22;2;99;15.20;4;1;4;79;0;5892299;306;0
147;18;336;16;22;2;99;4.00;7;2;1;74;0;5892299;179;0
147;18;336;16;22;3;99;3.00;6;2;1;65;0;5892399;280;0
147;18;336;16;22;4;8;3.80;5;2;1;77;0;5892408;278;0
147;18;336;16;22;4;60;3.40;7;2;1;73;0;5892460;141;0
147;18;336;16;22;4;60;3.80;3;1;1;74;0;5892460;130;0
147;18;336;16;22;4;71;3.60;6;2;1;62;0;5892471;55;0
147;18;336;16;22;5;99;3.80;2;1;1;72;0;5892599;778;0
147;18;336;16;22;5;99;3.00;6;2;1;64;0;5892599;107;0
147;18;336;16;22;5;99;5.20;8;2;1;81;0;5892599;4575;0
147;18;336;16;22;6;21;3.80;5;2;1;84;0;5892621;195;0
147;18;336;16;22;6;56;3.20;2;1;1;73;0;5892656;38;0
147;18;336;16;22;6;65;3.00;6;2;1;70;0;5892665;49;0
147;18;336;16;22;7;17;3.80;5;2;1;79;0;5892717;79;0
147;18;336;16;22;8;19;3.80;4;1;1;79;0;5892819;450;0
147;18;336;16;22;9;0;3.60;3;1;1;73;0;5892900;421;0
147;18;336;16;22;10;99;3.80;3;1;1;73;0;5893099;181;0
147;18;336;16;22;10;99;4.00;6;2;1;75;0;5893099;418;0
147;18;336;16;22;11;2;3.00;4;1;1;86;0;5893102;265;0
147;18;336;16;22;12;83;5.20;6;2;1;76;0;5893283;164;0
147;18;336;16;22;12;99;3.60;5;2;1;80;0;5893299;564;0
147;18;336;16;22;14;62;3.40;6;2;1;68;0;5893462;154;0
147;18;336;16;22;15;99;3.40;3;1;1;54;0;5893599;481;0
147;18;336;16;22;15;99;3.40;2;1;1;66;0;5893599;927;0
147;18;336;16;22;15;99;3.40;6;2;1;67;0;5893599;119;0
147;18;336;16;22;16;1;3.80;7;2;1;84;0;5893601;1124;0
147;18;336;16;22;16;10;3.80;4;1;1;85;0;5893610;495;0
147;18;336;16;22;16;99;3.00;3;1;1;58;0;5893699;77;0
147;18;336;16;22;16;32;3.40;2;1;1;65;0;5893632;14;0
147;18;336;16;22;17;87;4.20;4;1;1;77;0;5893787;160;0
147;18;336;16;22;17;79;3.80;3;1;1;58;0;5893779;61;0
147;18;336;16;22;17;99;4.40;7;2;1;76;0;5893799;181;0
147;18;336;16;22;18;24;3.80;5;2;1;84;0;5893824;508;0
147;18;336;16;22;18;99;3.00;3;1;1;67;0;5893899;96;0
147;18;336;16;22;19;56;3.40;1;1;1;59;0;5893956;3272;0
147;18;336;16;22;20;16;3.00;6;2;1;71;0;5894016;398;0
147;18;336;16;22;20;99;3.40;5;2;1;80;0;5894099;258;0
147;18;336;16;22;21;99;7.40;8;2;6;78;0;5894199;1576;0
147;18;336;16;22;21;99;3.40;3;1;1;63;0;5894199;283;0
147;18;336;16;22;21;7;3.60;6;2;1;73;0;5894107;75;0
147;18;336;16;22;21;30;3.40;7;2;1;64;0;5894130;310;0
147;18;336;16;22;22;99;3.60;6;2;1;72;0;5894299;174;0
147;18;336;16;22;23;15;3.80;5;2;1;82;0;5894315;200;0
147;18;336;16;22;23;20;3.80;4;1;1;80;0;5894320;513;0
147;18;336;16;22;23;6;3.60;3;1;1;61;0;5894306;87;0
147;18;336;16;22;23;99;3.00;2;1;1;71;0;5894399;748;0
147;18;336;16;22;23;99;3.80;7;2;1;71;0;5894399;249;0
147;18;336;16;22;23;99;3.40;5;2;1;78;0;5894399;67;0
147;18;336;16;22;24;66;3.40;6;2;1;72;0;5894466;149;0
147;18;336;16;22;24;74;3.40;4;1;1;81;0;5894474;136;0
147;18;336;16;22;24;66;3.80;7;2;1;69;0;5894466;47;0
147;18;336;16;22;26;19;3.80;6;2;1;72;0;5894619;136;5894016
147;18;336;16;22;27;40;3.40;2;1;1;71;0;5894740;325;0
147;18;336;16;22;27;87;3.80;6;2;1;71;0;5894787;149;5894016
147;18;336;16;22;28;99;3.60;3;1;1;68;0;5894899;571;0
147;18;336;16;22;28;99;3.80;4;1;1;78;0;5894899;409;0
147;18;336;16;22;28;99;3.80;7;2;1;82;0;5894899;413;0
147;18;336;16;22;29;1;3.60;5;2;1;80;0;5894901;486;0
147;18;336;16;22;29;99;4.00;6;2;1;70;0;5894999;192;5894016
147;18;336;16;22;29;9;3.40;2;1;1;65;0;5894909;151;5894016
147;18;336;16;22;30;26;3.20;7;2;1;80;0;5895026;110;5894016
147;18;336;16;22;31;99;3.40;2;1;1;66;0;5895199;271;0
147;18;336;16;22;31;99;3.40;7;2;1;79;0;5895199;158;0
147;18;336;16;22;31;99;3.20;6;2;1;73;0;5895199;179;5894016
147;18;336;16;22;31;99;3.60;3;1;1;68;0;5895199;280;0
147;18;336;16;22;31;86;13.20;4;1;5;73;0;5895186;269;0
147;18;336;16;22;33;99;3.60;4;1;1;74;0;5895399;147;0
147;18;336;16;22;33;99;3.80;3;1;1;73;0;5895399;180;0
147;18;336;16;22;34;99;3.60;4;1;1;72;0;5895499;82;0
147;18;336;16;22;34;99;3.80;3;1;1;76;0;5895499;81;0
147;18;336;16;22;34;28;3.00;6;2;1;72;0;5895428;213;0
147;18;336;16;22;34;32;3.80;2;1;1;68;0;5895432;214;0
147;18;336;16;22;35;99;3.80;3;1;1;75;0;5895599;82;0
147;18;336;16;22;37;46;3.20;6;2;1;80;0;5895746;303;0
147;18;336;16;22;38;99;3.80;6;2;1;81;0;5895899;138;0
147;18;336;16;22;39;99;3.80;6;2;1;77;0;5895999;83;0
147;18;336;16;22;39;14;3.80;4;1;1;84;0;5895914;397;0
147;18;336;16;22;40;68;3.80;1;1;1;69;0;5896068;2091;0
147;18;336;16;22;40;79;4.60;2;1;1;83;0;5896079;626;0
147;18;336;16;22;40;99;3.60;3;1;1;71;0;5896099;481;0
147;18;336;16;22;41;99;3.60;4;1;1;77;0;5896199;268;0
147;18;336;16;22;41;99;3.60;6;2;1;81;0;5896199;182;0
147;18;336;16;22;42;11;3.60;5;2;1;84;0;5896211;1293;0
147;18;336;16;22;42;13;3.20;2;1;1;75;0;5896213;114;0
147;18;336;16;22;43;9;3.20;3;1;1;74;0;5896309;191;0
147;18;336;16;22;43;99;3.20;2;1;1;75;0;5896399;170;0
147;18;336;16;22;44;99;3.60;3;1;1;75;0;5896499;174;0
147;18;336;16;22;44;20;3.20;2;1;1;71;0;5896420;5;0
147;18;336;16;22;45;79;3.40;5;2;1;83;0;5896579;352;0
147;18;336;16;22;46;5;3.60;6;2;1;75;0;5896605;390;0
147;18;336;16;22;47;8;3.80;7;2;1;77;0;5896708;1493;0
147;18;336;16;22;48;20;3.60;6;2;1;77;0;5896820;197;0
147;18;336;16;22;48;99;3.60;4;1;1;78;0;5896899;683;0
147;18;336;16;22;49;99;3.80;6;2;1;77;0;5896999;162;0
147;18;336;16;22;49;99;15.20;3;1;4;70;0;5896999;482;0
147;18;336;16;22;50;11;3.60;2;1;1;88;0;5897011;574;0
147;18;336;16;22;50;10;3.40;4;1;1;79;0;5897010;94;0
147;18;336;16;22;51;25;4.00;5;2;1;80;0;5897125;531;0
147;18;336;16;22;51;99;3.60;3;1;1;74;0;5897199;121;0
147;18;336;16;22;51;99;3.80;6;2;1;72;0;5897199;182;0
147;18;336;16;22;51;99;3.40;7;2;1;78;0;5897199;473;0
147;18;336;16;22;53;99;3.80;6;2;1;74;0;5897399;181;5896605
147;18;336;16;22;54;99;3.80;3;1;1;71;0;5897499;282;0
147;18;336;16;22;54;99;3.80;1;1;1;74;0;5897499;1411;0
147;18;336;16;22;54;99;3.40;5;2;1;78;0;5897499;356;0
147;18;336;16;22;55;16;3.60;2;1;1;77;0;5897516;490;0
147;18;336;16;22;55;41;3.40;5;2;1;78;0;5897541;26;0
147;18;336;16;22;55;46;3.80;6;2;1;73;0;5897546;128;5896605
147;18;336;16;22;55;64;3.60;4;1;1;81;0;5897564;538;0
147;18;336;16;22;55;99;3.20;2;1;1;71;0;5897599;66;0
147;18;336;16;22;56;99;4.00;4;1;1;83;0;5897699;119;0
147;18;336;16;22;56;99;3.80;3;1;1;71;0;5897699;180;0
147;18;336;16;22;58;6;3.20;3;1;1;74;0;5897806;87;0
147;18;336;16;22;58;3;3.00;6;2;1;68;0;5897803;238;0
147;18;336;16;22;58;92;4.60;7;2;1;71;0;5897892;677;0
147;18;336;16;22;59;6;3.00;2;1;1;76;0;5897906;290;0
147;18;336;16;22;59;99;3.40;7;2;1;71;0;5897999;83;0
147;18;336;16;23;0;69;3.40;6;2;1;75;0;5898069;250;0
147;18;336;16;23;1;99;3.60;7;2;1;70;0;5898199;182;0
147;18;336;16;23;1;99;6.20;5;2;1;78;0;5898199;642;0
147;18;336;16;23;1;99;3.80;3;1;1;70;0;5898199;377;0
147;18;336;16;23;2;99;3.80;2;1;1;70;0;5898299;378;0
147;18;336;16;23;2;2;3.80;6;2;1;71;0;5898202;116;0
147;18;336;16;23;3;94;3.80;5;2;1;78;0;5898394;166;0
147;18;336;16;23;4;99;3.60;2;1;1;74;0;5898499;180;0
147;18;336;16;23;5;13;3.60;4;1;1;79;0;5898513;796;0
147;18;336;16;23;5;2;5.00;6;2;1;62;0;5898502;280;0
147;18;336;16;23;5;37;3.60;5;2;1;78;0;5898537;125;0
147;18;336;16;23;5;47;4.20;2;1;1;74;0;5898547;30;0
147;18;336;16;23;6;3;3.20;7;2;1;80;0;5898603;385;0
147;18;336;16;23;6;99;3.80;4;1;1;84;0;5898699;169;0
147;18;336;16;23;6;99;3.40;2;1;1;70;0;5898699;131;0
147;18;336;16;23;6;99;3.40;6;2;1;67;0;5898699;167;0
147;18;336;16;23;7;99;3.80;2;1;1;71;0;5898799;82;5898299
147;18;336;16;23;8;99;4.60;2;1;1;76;0;5898899;80;5898299
147;18;336;16;23;9;15;4.00;7;2;1;80;0;5898915;297;0
147;18;336;16;23;10;21;3.40;2;1;1;75;0;5899021;100;5898299
147;18;336;16;23;11;12;4.00;6;2;1;80;0;5899112;394;0
147;18;336;16;23;11;4;5.60;3;1;1;69;0;5899104;885;0
147;18;336;16;23;11;99;4.20;2;1;1;71;0;5899199;161;5898299
147;18;336;16;23;12;6;3.80;2;1;1;70;0;5899206;-1;5898299
147;18;336;16;23;13;51;3.80;6;2;1;67;0;5899351;221;0
147;18;336;16;23;14;99;3.60;4;1;1;82;0;5899499;783;0
147;18;336;16;23;15;6;4.00;3;1;1;76;0;5899506;372;0
147;18;336;16;23;15;17;3.40;6;2;1;70;0;5899517;145;0
147;18;336;16;23;15;57;3.80;6;2;1;67;0;5899557;22;0
147;18;336;16;23;16;99;3.80;5;2;1;77;0;5899699;1145;0
147;18;336;16;23;17;8;3.00;6;2;1;65;0;5899708;130;0
147;18;336;16;23;17;99;3.40;2;1;1;78;0;5899799;573;0
147;18;336;16;23;17;99;3.40;5;2;1;80;0;5899799;82;0
147;18;336;16;23;18;83;3.40;5;2;1;79;0;5899883;68;0
147;18;336;16;23;17;95;5.60;7;2;1;31;0;5899795;862;0
147;18;336;16;23;19;99;5.40;6;2;1;63;0;5899999;274;0
147;18;336;16;23;19;99;3.40;2;1;1;73;0;5899999;184;0
147;18;336;16;23;20;9;3.20;6;2;1;61;0;5900009;-1;0
147;18;336;16;23;20;22;3.80;5;2;1;78;0;5900022;123;0
147;18;336;16;23;22;99;5.80;6;2;1;69;0;5900299;271;0
147;18;336;16;23;23;33;3.20;1;1;1;72;0;5900333;2815;0
147;18;336;16;23;23;67;3.00;2;1;1;71;0;5900367;351;0
147;18;336;16;23;23;67;3.80;3;1;1;72;0;5900367;842;0
147;18;336;16;23;24;13;3.40;6;2;1;68;0;5900413;83;0
147;18;336;16;23;24;99;4.00;7;2;1;63;0;5900499;638;0
147;18;336;16;23;24;99;3.60;3;1;1;72;0;5900499;113;0
147;18;336;16;23;25;99;3.60;7;2;1;67;0;5900599;77;0
147;18;336;16;23;25;14;5.60;6;2;1;67;0;5900514;83;0
147;18;336;16;23;26;0;3.00;3;1;1;70;0;5900600;83;0
147;18;336;16;23;26;9;3.60;4;1;1;79;0;5900609;1094;0
147;18;336;16;23;26;99;4.00;6;2;1;68;0;5900699;154;0
147;18;336;16;23;27;99;3.40;8;2;1;75;0;5900799;6565;0
147;18;336;16;23;28;5;3.60;2;1;1;79;0;5900805;422;0
147;18;336;16;23;28;8;3.40;6;2;1;66;0;5900808;87;5900299
147;18;336;16;23;28;73;3.80;5;2;1;77;0;5900873;833;0
147;18;336;16;23;28;74;4.00;7;2;1;73;0;5900874;255;0
147;18;336;16;23;29;22;3.80;4;1;1;76;0;5900922;296;0
147;18;336;16;23;29;99;3.60;2;1;1;71;0;5900999;177;0
147;18;336;16;23;29;99;3.60;5;2;1;77;0;5900999;108;0
147;18;336;16;23;30;99;4.00;4;1;1;80;0;5901099;159;0
147;18;336;16;23;30;99;4.00;7;2;1;70;0;5901099;205;0
147;18;336;16;23;31;61;3.00;3;1;1;75;0;5901161;545;0
147;18;336;16;23;31;65;3.60;5;2;1;77;0;5901165;149;0
147;18;336;16;23;31;99;3.20;6;2;1;81;0;5901199;372;0
147;18;336;16;23;31;97;4.60;7;2;1;65;0;5901197;77;0
147;18;336;16;23;32;99;3.40;3;1;1;71;0;5901299;123;0
147;18;336;16;23;33;99;3.60;2;1;1;75;0;5901399;381;0
147;18;336;16;23;33;59;3.80;6;2;1;68;0;5901359;145;0
147;18;336;16;23;34;99;3.20;2;1;1;70;0;5901499;82;0
147;18;336;16;23;34;99;3.80;6;2;1;68;0;5901499;119;0
147;18;336;16;23;36;78;3.80;4;1;1;86;0;5901678;561;0
147;18;336;16;23;36;79;3.80;6;2;1;69;0;5901679;159;0
147;18;336;16;23;36;99;4.00;2;1;1;70;0;5901699;183;0
147;18;336;16;23;37;99;3.60;8;2;1;73;0;5901799;983;0
147;18;336;16;23;38;99;3.00;6;2;1;69;0;5901899;200;0
147;18;336;16;23;38;99;3.80;2;1;1;69;0;5901899;179;0
147;18;336;16;23;38;6;3.80;7;2;1;75;0;5901806;583;0
147;18;336;16;23;39;2;4.00;3;1;1;77;0;5901902;585;0
147;18;336;16;23;39;99;3.60;6;2;1;71;0;5901999;84;0
147;18;336;16;23;41;25;3.40;2;1;1;76;0;5902125;206;0
147;18;336;16;23;41;35;3.60;5;2;1;77;0;5902135;953;0
147;18;336;16;23;41;16;5.00;7;2;1;71;0;5902116;291;0
147;18;336;16;23;41;86;3.40;4;1;1;80;0;5902186;492;0
147;18;336;16;23;42;99;3.80;4;1;1;81;0;5902299;97;0
147;18;336;16;23;43;10;4.00;3;1;1;99;0;5902310;389;0
147;18;336;16;23;42;99;3.40;6;2;1;72;0;5902299;281;0
147;18;336;16;23;43;99;4.20;2;1;1;74;0;5902399;257;0
147;18;336;16;23;44;22;4.20;4;1;1;89;0;5902422;106;0
147;18;336;16;23;44;79;3.20;7;2;1;71;0;5902479;337;0
147;18;336;16;23;44;99;3.40;5;2;1;80;0;5902499;347;0
147;18;336;16;23;45;99;3.40;1;1;1;66;0;5902599;2250;0
147;18;336;16;23;46;27;3.40;6;2;1;78;0;5902627;311;0
147;18;336;16;23;46;54;3.40;3;1;1;76;0;5902654;329;0
147;18;336;16;23;44;36;4.20;7;2;1;14;0;5902436;-1;0
147;18;336;16;23;47;5;3.60;4;1;1;82;0;5902705;266;0
147;18;336;16;23;48;1;3.60;2;1;1;81;0;5902801;381;0
147;18;336;16;23;48;6;3.20;3;1;1;70;0;5902806;135;0
147;18;336;16;23;48;16;3.80;4;1;1;83;0;5902816;95;0
147;18;336;16;23;50;99;3.40;6;2;1;69;0;5903099;456;0
147;18;336;16;23;51;0;3.60;1;1;1;75;0;5903100;482;0
147;18;336;16;23;51;7;3.80;4;1;1;85;0;5903107;274;0
147;18;336;16;23;52;92;3.80;6;2;1;68;0;5903292;175;0
147;18;336;16;23;53;99;3.80;4;1;1;84;0;5903399;275;0
147;18;336;16;23;53;99;3.40;6;2;1;69;0;5903399;86;0
147;18;336;16;23;53;7;3.80;5;2;1;75;0;5903307;792;0
147;18;336;16;23;54;7;3.80;1;1;1;66;0;5903407;289;0
147;18;336;16;23;54;84;3.60;3;1;1;82;0;5903484;661;0
147;18;336;16;23;54;81;3.60;6;2;1;68;0;5903481;64;0
147;18;336;16;23;55;99;3.40;1;1;1;64;0;5903599;171;0
147;18;336;16;23;55;99;4.60;4;1;1;83;0;5903599;183;0
147;18;336;16;23;55;99;4.00;2;1;1;73;0;5903599;782;0
147;18;336;16;23;56;6;3.60;6;2;1;68;0;5903606;105;5903099
147;18;336;16;23;56;29;3.20;1;1;1;59;0;5903629;10;5903099
147;18;336;16;23;57;99;3.40;2;1;1;79;0;5903799;180;5903099
147;18;336;16;23;57;99;4.00;5;2;1;80;0;5903799;473;0
147;18;336;16;23;57;99;3.20;6;2;1;68;0;5903799;173;5903099
147;18;336;16;23;55;63;4.00;7;2;1;15;0;5903563;1019;0
147;18;336;16;23;58;99;3.80;5;2;1;79;0;5903899;82;0
147;18;336;16;23;58;99;3.60;3;1;1;75;0;5903899;399;0
147;18;336;16;23;59;67;4.20;5;2;1;79;0;5903967;50;0
147;18;336;16;24;0;10;4.00;1;1;1;91;0;5904010;361;0
147;18;336;16;24;0;20;3.40;6;2;1;70;0;5904020;204;0
147;18;336;16;24;0;99;3.60;5;2;1;77;0;5904099;112;0
147;18;336;16;24;0;99;4.00;2;1;1;78;0;5904099;284;0
147;18;336;16;24;1;99;3.20;3;1;1;70;0;5904199;282;0
147;18;336;16;24;2;7;3.40;5;2;1;82;0;5904207;91;5903799
147;18;336;16;24;2;89;3.80;4;1;1;77;0;5904289;670;0
147;18;336;16;24;2;99;3.00;6;2;1;67;0;5904299;261;0
147;18;336;16;24;3;99;3.60;3;1;1;75;0;5904399;183;0
147;18;336;16;24;3;99;3.40;5;2;1;77;0;5904399;177;5903799
147;18;336;16;24;4;3;3.80;2;1;1;76;0;5904403;285;0
147;18;336;16;24;4;65;3.20;6;2;1;66;0;5904465;149;0
147;18;336;16;24;5;0;3.60;5;2;1;76;0;5904500;85;5903799
147;18;336;16;24;5;99;3.20;4;1;1;78;0;5904599;292;0
147;18;336;16;24;5;58;12.80;6;2;7;67;0;5904558;75;0
147;18;336;16;24;6;99;3.80;5;2;1;73;0;5904699;181;5903799
147;18;336;16;24;6;30;3.40;2;1;1;78;0;5904630;209;0
147;18;336;16;24;7;99;3.00;6;2;1;67;0;5904799;172;0
147;18;336;16;24;8;17;4.60;8;2;1;76;0;5904817;3000;0
147;18;336;16;24;8;99;3.80;5;2;1;83;0;5904899;181;5903799
147;18;336;16;24;9;18;3.40;2;1;1;77;0;5904918;272;0
147;18;336;16;24;10;99;3.20;7;2;1;73;0;5905099;1440;0
147;18;336;16;24;10;99;4.00;5;2;1;81;0;5905099;183;5903799
147;18;336;16;24;12;69;3.00;3;1;1;69;0;5905269;852;0
147;18;336;16;24;12;99;3.00;2;1;1;74;0;5905299;365;0
147;18;336;16;24;13;11;3.20;6;2;1;70;0;5905311;495;0
147;18;336;16;24;11;78;4.20;7;2;1;20;0;5905178;63;0
147;18;336;16;24;14;12;3.60;2;1;1;74;0;5905412;98;0
147;18;336;16;24;15;99;3.60;2;1;1;77;0;5905599;169;0
147;18;336;16;24;16;10;3.40;5;2;1;78;0;5905610;493;0
147;18;336;16;24;16;12;4.00;6;2;1;82;0;5905612;284;0
147;18;336;16;24;16;5;3.40;6;2;1;80;0;5905605;-1;0
147;18;336;16;24;18;0;3.60;2;1;1;75;0;5905800;184;0
147;18;336;16;24;18;99;4.00;5;2;1;81;0;5905899;273;0
147;18;336;16;24;18;99;3.40;6;2;1;72;0;5905899;278;0
147;18;336;16;24;19;3;3.60;2;1;1;75;0;5905903;85;5905299
147;18;336;16;24;20;3;4.60;7;2;1;81;0;5906003;749;0
147;18;336;16;24;20;99;3.20;6;2;1;74;0;5906099;183;0
147;18;336;16;24;22;10;3.40;6;2;1;73;0;5906210;95;0
147;18;336;16;24;22;88;3.80;2;1;1;81;0;5906288;367;0
147;18;336;16;24;23;99;3.80;3;1;1;83;0;5906399;1114;0
147;18;336;16;24;24;14;3.40;6;2;1;75;0;5906414;187;0
147;18;336;16;24;24;45;3.80;4;1;1;84;0;5906445;1831;0
147;18;336;16;24;25;83;3.00;6;2;1;75;0;5906583;152;5905899
147;18;336;16;24;26;99;4.20;1;1;1;81;0;5906699;2673;0
147;18;336;16;24;26;99;3.60;8;2;1;78;0;5906699;1860;0
147;18;336;16;24;27;10;3.20;3;1;1;78;0;5906710;294;0
147;18;336;16;24;27;17;3.60;5;2;1;75;0;5906717;800;0
147;18;336;16;24;28;99;3.20;6;2;1;77;0;5906899;301;0
147;18;336;16;24;29;12;3.60;8;2;1;86;0;5906912;196;0
147;18;336;16;24;29;99;3.60;6;2;1;75;0;5906999;85;0
147;18;336;16;24;30;18;3.80;2;1;1;82;0;5907018;713;0
147;18;336;16;24;30;83;4.20;5;2;1;77;0;5907083;348;0
147;18;336;16;24;30;92;3.60;6;2;1;72;0;5907092;75;0
147;18;336;16;24;31;99;3.40;2;1;1;81;0;5907199;164;0
147;18;336;16;24;31;99;3.80;8;2;1;84;0;5907199;271;0
147;18;336;16;24;31;99;3.20;6;2;1;73;0;5907199;89;0
147;18;336;16;24;32;74;3.40;5;2;1;83;0;5907274;171;0
147;18;336;16;24;33;99;3.40;3;1;1;80;0;5907399;674;0
147;18;336;16;24;30;74;4.00;7;2;1;14;0;5907074;1050;0
147;18;336;16;24;33;99;3.40;6;2;1;83;0;5907399;184;5906899
147;18;336;16;24;35;82;3.40;5;2;1;86;0;5907582;293;0
147;18;336;16;24;35;77;3.80;8;2;1;79;0;5907577;361;0
147;18;336;16;24;35;99;6.00;2;1;1;74;0;5907599;384;0
147;18;336;16;24;35;99;3.40;6;2;1;72;0;5907599;185;5906899
147;18;336;16;24;37;19;3.40;2;1;1;76;0;5907719;90;5906899
147;18;336;16;24;37;19;3.80;6;2;1;75;0;5907719;103;5906899
147;18;336;16;24;38;23;4.00;5;2;1;83;0;5907823;226;0
147;18;336;16;24;38;99;3.20;2;1;1;73;0;5907899;163;0
147;18;336;16;24;39;25;4.00;4;1;1;86;0;5907925;1463;0
147;18;336;16;24;39;99;3.60;6;2;1;82;0;5907999;261;0
147;18;336;16;24;39;3;3.80;3;1;1;68;0;5907903;488;0
147;18;336;16;24;40;11;3.80;2;1;1;71;0;5908011;96;0
147;18;336;16;24;40;92;3.80;5;2;1;80;0;5908092;251;0
147;18;336;16;24;40;27;9.80;7;2;3;55;0;5908027;850;0
147;18;336;16;24;41;99;3.40;3;1;1;69;0;5908199;275;0
147;18;336;16;24;42;99;3.80;5;2;1;80;0;5908299;189;0
147;18;336;16;24;42;51;3.20;3;1;1;71;0;5908251;34;0
147;18;336;16;24;43;88;3.40;2;1;1;77;0;5908388;357;0
147;18;336;16;24;44;99;3.80;4;1;1;80;0;5908499;557;0
147;18;336;16;24;45;12;14.60;3;1;4;67;0;5908512;244;0
147;18;336;16;24;46;99;4.60;3;1;1;68;0;5908699;108;0
147;18;336;16;24;46;99;3.60;2;1;1;69;0;5908699;295;0
147;18;336;16;24;47;99;3.60;6;2;1;73;0;5908799;784;0
147;18;336;16;24;47;35;3.80;4;1;1;79;0;5908735;218;0
147;18;336;16;24;48;99;3.80;3;1;1;69;0;5908899;175;0
147;18;336;16;24;49;99;3.40;2;1;1;69;0;5908999;281;0
147;18;336;16;24;51;16;3.60;5;2;1;73;0;5909116;799;0
147;18;336;16;24;51;99;3.20;2;1;1;65;0;5909199;182;0
147;18;336;16;24;51;99;3.40;3;1;1;74;0;5909199;280;0
147;18;336;16;24;52;99;3.20;8;2;1;97;0;5909299;1704;0
147;18;336;16;24;52;8;3.80;6;2;1;76;0;5909208;391;0
147;18;336;16;24;52;7;3.60;5;2;1;71;0;5909207;73;0
147;18;336;16;24;51;21;4.00;7;2;1;19;0;5909121;1029;0
147;18;336;16;24;53;71;3.00;2;1;1;74;0;5909371;154;0
147;18;336;16;24;53;76;3.20;5;2;1;71;0;5909376;150;0
147;18;336;16;24;53;88;3.80;8;2;1;76;0;5909388;77;0
147;18;336;16;24;53;99;3.60;3;1;1;79;0;5909399;183;0
147;18;336;16;24;54;99;3.40;7;2;1;80;0;5909499;302;0
147;18;336;16;24;54;99;3.60;6;2;1;79;0;5909499;273;0
147;18;336;16;24;56;11;4.00;1;1;1;81;0;5909611;2893;0
147;18;336;16;24;56;99;3.40;6;2;1;76;0;5909699;183;0
147;18;336;16;24;56;99;3.60;5;2;1;79;0;5909699;306;0
147;18;336;16;24;56;99;3.60;7;2;1;81;0;5909699;184;0
147;18;336;16;24;57;99;3.80;8;2;1;98;0;5909799;393;0
147;18;336;16;24;57;99;4.00;5;2;1;83;0;5909799;83;0
147;18;336;16;24;57;14;4.00;7;2;1;81;0;5909714;-1;0
147;18;336;16;24;58;17;3.20;3;1;1;82;0;5909817;401;0
147;18;336;16;24;59;99;4.80;8;2;1;107;0;5909999;186;0
147;18;336;16;24;59;99;3.60;6;2;1;84;0;5909999;283;0
147;18;336;16;24;59;99;5.40;7;2;1;67;0;5909999;267;0
147;18;336;16;25;2;6;3.80;4;1;1;86;0;5910206;1453;0
147;18;336;16;25;2;99;3.00;3;1;1;77;0;5910299;467;0
147;18;336;16;25;3;15;4.20;6;2;1;83;0;5910315;300;0
147;18;336;16;25;3;66;3.80;2;1;1;74;0;5910366;980;0
147;18;336;16;25;4;99;3.40;6;2;1;79;0;5910499;165;0
147;18;336;16;25;6;99;3.00;3;1;1;75;0;5910699;385;0
147;18;336;16;25;7;3;3.40;7;2;1;83;0;5910703;674;0
147;18;336;16;25;7;99;2.80;6;2;1;66;0;5910799;284;0
147;18;336;16;25;7;99;3.80;5;2;1;83;0;5910799;982;0
147;18;336;16;25;8;13;3.60;3;1;1;75;0;5910813;99;0
147;18;336;16;25;10;1;3.00;3;1;1;73;0;5911001;170;0
147;18;336;16;25;10;11;3.80;4;1;1;77;0;5911011;789;0
147;18;336;16;25;11;89;3.60;4;1;1;79;0;5911189;160;0
147;18;336;16;25;13;15;3.60;4;1;1;77;0;5911315;109;0
147;18;336;16;25;13;53;3.40;6;2;1;75;0;5911353;538;0
147;18;336;16;25;14;15;3.60;5;2;1;81;0;5911415;599;0
147;18;336;16;25;14;18;3.20;7;2;1;76;0;5911418;700;0
147;18;336;16;25;14;19;3.40;3;1;1;76;0;5911419;403;0
147;18;336;16;25;14;99;3.60;4;1;1;78;0;5911499;167;0
147;18;336;16;25;14;99;3.40;6;2;1;76;0;5911499;129;0
147;18;336;16;25;15;99;4.00;7;2;1;67;0;5911599;165;0
147;18;336;16;25;15;99;3.60;6;2;1;77;0;5911599;83;0
147;18;336;16;25;15;24;3.40;8;2;1;79;0;5911524;1508;0
147;18;336;16;25;16;16;3.80;2;1;1;81;0;5911616;1231;0
147;18;336;16;25;16;64;4.20;6;2;1;82;0;5911664;48;0
147;18;336;16;25;17;22;3.00;5;2;1;83;0;5911722;291;0
147;18;336;16;25;17;99;3.60;7;2;1;72;0;5911799;178;0
147;18;336;16;25;18;4;3.40;2;1;1;78;0;5911804;171;0
147;18;336;16;25;18;18;3.40;4;1;1;80;0;5911818;302;0
147;18;336;16;25;18;9;3.60;6;2;1;80;0;5911809;126;5911353
147;18;336;16;25;18;6;3.60;7;2;1;69;0;5911806;-1;5911353
147;18;336;16;25;19;17;5.20;2;1;1;74;0;5911917;97;5911353
147;18;336;16;25;19;99;3.20;4;1;1;76;0;5911999;165;5911353
147;18;336;16;25;19;99;3.40;6;2;1;77;0;5911999;173;5911353
147;18;336;16;25;19;99;3.20;6;2;1;72;0;5911999;-1;5911353
147;18;336;16;25;20;8;3.80;4;1;1;76;0;5912008;-1;5911353
147;18;336;16;25;20;19;4.60;5;2;1;82;0;5912019;283;0
147;18;336;16;25;20;99;3.40;2;1;1;72;0;5912099;156;0
147;18;336;16;25;20;16;3.40;3;1;1;62;0;5912016;580;0
147;18;336;16;25;21;21;4.60;6;2;1;78;0;5912121;106;5911353
147;18;336;16;25;21;44;3.40;4;1;1;75;0;5912144;118;5911353
147;18;336;16;25;21;88;3.40;2;1;1;74;0;5912188;72;5911616
147;18;336;16;25;22;99;3.20;3;1;1;63;0;5912299;263;0
147;18;336;16;25;23;6;4.80;2;1;1;68;0;5912306;101;5911616
147;18;336;16;25;23;27;3.40;3;1;1;63;0;5912327;9;5911616
147;18;336;16;25;23;56;3.80;5;2;1;84;0;5912356;316;0
147;18;336;16;25;24;99;3.60;3;1;1;63;0;5912499;152;0
147;18;336;16;25;25;99;3.20;6;2;1;78;0;5912599;456;0
147;18;336;16;25;26;20;3.20;3;1;1;66;0;5912620;100;0
147;18;336;16;25;27;99;3.60;2;1;1;69;0;5912799;467;0
147;18;336;16;25;29;94;4.20;3;1;1;73;0;5912994;356;0
147;18;336;16;25;30;99;3.40;4;1;1;80;0;5913099;938;0
147;18;336;16;25;30;78;15.40;3;1;4;75;0;5913078;63;0
147;18;336;16;25;34;68;3.80;4;1;1;86;0;5913468;353;0
147;18;336;16;25;34;78;4.00;6;2;1;79;0;5913478;864;0
147;18;336;16;25;35;20;3.60;5;2;1;82;0;5913520;1147;0
147;18;336;16;25;35;99;5.00;7;2;1;77;0;5913599;1774;0
147;18;336;16;25;35;99;3.60;8;2;1;86;0;5913599;2059;0
147;18;336;16;25;36;2;3.60;3;1;1;81;0;5913602;450;0
147;18;336;16;25;39;22;3.60;6;2;1;74;0;5913922;425;0
147;18;336;16;25;39;99;3.80;5;2;1;85;0;5913999;463;0
147;18;336;16;25;40;3;3.40;6;2;1;66;0;5914003;63;0
147;18;336;16;25;41;31;3.00;5;2;1;84;0;5914131;115;0
147;18;336;16;25;41;47;3.40;6;2;1;66;0;5914147;125;0
147;18;336;16;25;42;99;3.60;7;2;1;72;0;5914299;676;0
147;18;336;16;25;43;99;3.20;6;2;1;68;0;5914399;233;0
147;18;336;16;25;44;1;4.00;7;2;1;77;0;5914401;84;0
147;18;336;16;25;45;16;3.00;6;2;1;72;0;5914516;100;0
147;18;336;16;25;45;99;4.00;5;2;1;80;0;5914599;455;0
147;18;336;16;25;47;11;3.60;5;2;1;80;0;5914711;94;0
147;18;336;16;25;47;99;3.60;6;2;1;71;0;5914799;268;0
147;18;336;16;25;48;99;3.00;3;1;1;67;0;5914899;1281;0
147;18;336;16;25;48;99;3.40;4;1;1;78;0;5914899;1415;0
147;18;336;16;25;49;37;3.40;2;1;1;82;0;5914937;2119;0
147;18;336;16;25;49;90;3.40;8;2;1;74;0;5914990;1375;0
147;18;336;16;25;50;1;3.00;3;1;1;71;0;5915001;85;0
147;18;336;16;25;50;20;3.60;6;2;1;85;0;5915020;202;0
147;18;336;16;25;50;99;3.80;4;1;1;76;0;5915099;184;0
147;18;336;16;25;51;18;3.40;3;1;1;72;0;5915118;101;0
147;18;336;16;25;52;99;3.40;2;1;1;78;0;5915299;347;0
147;18;336;16;25;53;1;4.00;6;2;1;80;0;5915301;265;0
147;18;336;16;25;53;99;3.60;5;2;1;84;0;5915399;671;0
147;18;336;16;25;53;99;3.80;3;1;1;78;0;5915399;264;0
147;18;336;16;25;54;47;5.20;8;2;1;78;0;5915447;440;0
147;18;336;16;25;56;6;3.80;3;1;1;76;0;5915606;189;0
147;18;336;16;25;56;13;3.60;6;2;1;77;0;5915613;294;0
147;18;336;16;25;57;70;3.40;6;2;1;75;0;5915770;140;0
147;18;336;16;25;57;99;3.40;5;2;1;79;0;5915799;384;0
147;18;336;16;25;57;99;3.40;2;1;1;78;0;5915799;484;0
147;18;336;16;25;58;17;3.80;3;1;1;73;0;5915817;193;0
147;18;336;16;25;58;99;3.40;8;2;1;76;0;5915899;428;0
147;18;336;16;25;59;17;3.40;5;2;1;81;0;5915917;102;0
147;18;336;16;25;59;59;3.00;6;2;1;76;0;5915959;172;0
147;18;336;16;26;0;2;3.60;3;1;1;71;0;5916002;166;0
147;18;336;16;26;0;99;3.60;2;1;1;81;0;5916099;284;0
147;18;336;16;26;1;15;3.80;6;2;1;72;0;5916115;141;0
147;18;336;16;26;3;30;3.20;5;2;1;86;0;5916330;397;0
147;18;336;16;26;4;99;3.20;6;2;1;73;0;5916499;365;0
147;18;336;16;26;4;40;4.00;8;2;1;80;0;5916440;524;0
147;18;336;16;26;5;99;3.80;7;2;1;77;0;5916599;2179;0
147;18;336;16;26;8;99;3.40;3;1;1;76;0;5916899;878;0
147;18;336;16;26;8;99;3.20;6;2;1;74;0;5916899;384;0
147;18;336;16;26;8;99;3.80;7;2;1;74;0;5916899;282;0
147;18;336;16;26;9;20;3.20;2;1;1;76;0;5916920;805;0
147;18;336;16;26;9;39;3.80;6;2;1;74;0;5916939;24;0
147;18;336;16;26;9;49;3.40;3;1;1;73;0;5916949;33;0
147;18;336;16;26;10;11;3.60;5;2;1;82;0;5917011;667;0
147;18;336;16;26;10;83;4.40;4;1;1;79;0;5917083;1966;0
147;18;336;16;26;10;99;3.60;6;2;1;73;0;5917099;141;0
147;18;336;16;26;12;68;3.40;7;2;1;79;0;5917268;350;0
147;18;336;16;26;12;78;4.20;5;2;1;80;0;5917278;251;0
147;18;336;16;26;13;99;3.80;7;2;1;82;0;5917399;115;0
147;18;336;16;26;14;19;3.60;8;2;1;68;0;5917419;961;0
147;18;336;16;26;15;99;3.00;6;2;1;73;0;5917599;482;0
147;18;336;16;26;17;31;3.60;4;1;1;79;0;5917731;627;0
147;18;336;16;26;17;35;4.40;6;2;1;72;0;5917735;121;0
147;18;336;16;26;17;30;5.80;3;1;1;68;0;5917730;764;0
147;18;336;16;26;18;99;3.80;5;2;1;80;0;5917899;602;0
147;18;336;16;26;18;99;3.60;6;2;1;72;0;5917899;142;0
147;18;336;16;26;19;99;3.80;4;1;1;77;0;5917999;251;0
147;18;336;16;26;19;24;3.60;6;2;1;71;0;5917924;7;0
147;18;336;16;26;20;90;3.60;3;1;1;69;0;5918090;329;0
147;18;336;16;26;20;99;3.80;4;1;1;79;0;5918099;82;0
147;18;336;16;26;21;99;3.20;5;2;1;81;0;5918199;282;0
147;18;336;16;26;21;99;4.00;3;1;1;80;0;5918199;90;0
147;18;336;16;26;21;99;3.40;1;1;1;65;0;5918199;8570;0
147;18;336;16;26;22;4;2.80;6;2;1;64;0;5918204;261;0
147;18;336;16;26;22;45;3.60;7;2;1;75;0;5918245;829;0
147;18;336;16;26;22;52;3.40;3;1;1;72;0;5918252;35;0
147;18;336;16;26;23;91;3.60;6;2;1;68;0;5918391;171;0
147;18;336;16;26;23;99;4.20;5;2;1;80;0;5918399;185;0
147;18;336;16;26;23;99;3.80;4;1;1;80;0;5918399;282;0
147;18;336;16;26;23;99;3.60;7;2;1;75;0;5918399;136;0
147;18;336;16;26;24;99;3.60;6;2;1;67;0;5918499;88;0
147;18;336;16;26;24;99;4.80;5;2;1;80;0;5918499;81;0
147;18;336;16;26;24;99;5.60;2;1;1;72;0;5918499;1563;0
147;18;336;16;26;25;33;4.00;6;2;1;70;0;5918533;14;0
147;18;336;16;26;25;61;3.80;8;2;1;80;0;5918561;1122;0
147;18;336;16;26;25;84;8.40;3;1;6;72;0;5918584;315;0
147;18;336;16;26;26;99;3.60;4;1;1;75;0;5918699;282;0
147;18;336;16;26;26;99;3.40;2;1;1;74;0;5918699;172;0
147;18;336;16;26;27;15;3.60;7;2;1;76;0;5918715;298;0
147;18;336;16;26;28;98;3.60;7;2;1;76;0;5918898;165;0
147;18;336;16;26;28;99;3.20;6;2;1;79;0;5918899;345;0
147;18;336;16;26;28;99;3.80;3;1;1;70;0;5918899;273;0
147;18;336;16;26;28;99;3.60;2;1;1;65;0;5918899;183;0
147;18;336;16;26;29;15;3.40;5;2;1;86;0;5918915;394;0
147;18;336;16;26;30;93;3.80;7;2;1;86;0;5919093;177;0
147;18;336;16;26;31;6;4.00;5;2;1;93;0;5919106;176;0
147;18;336;16;26;30;89;3.60;2;1;1;62;0;5919089;170;0
147;18;336;16;26;31;13;2.80;3;1;1;66;0;5919113;194;0
147;18;336;16;26;31;99;6.20;4;1;1;75;0;5919199;482;0
147;18;336;16;26;32;19;3.40;6;2;1;78;0;5919219;305;0
147;18;336;16;26;32;2;5.40;2;1;1;67;0;5919202;92;5918499
147;18;336;16;26;32;42;3.60;3;1;1;73;0;5919242;113;5918499
147;18;336;16;26;33;81;3.40;2;1;1;66;0;5919381;149;5918499
147;18;336;16;26;33;99;4.20;7;2;1;93;0;5919399;290;0
147;18;336;16;26;33;99;3.60;4;1;1;74;0;5919399;170;0
147;18;336;16;26;34;99;4.00;8;2;1;71;0;5919499;920;0
147;18;336;16;26;35;62;3.20;3;1;1;70;0;5919562;302;0
147;18;336;16;26;37;21;3.00;3;1;1;70;0;5919721;142;0
147;18;336;16;26;40;8;3.60;3;1;1;71;0;5920008;271;0
147;18;336;16;26;40;23;3.60;6;2;1;75;0;5920023;788;0
147;18;336;16;26;40;34;3.20;2;1;1;72;0;5920034;634;0
147;18;336;16;26;41;99;3.40;2;1;1;71;0;5920199;149;0
147;18;336;16;26;43;67;4.00;6;2;1;81;0;5920367;326;0
147;18;336;16;26;43;71;4.20;2;1;1;70;0;5920371;154;0
147;18;336;16;26;43;99;3.40;7;2;1;77;0;5920399;983;0
147;18;336;16;26;44;99;3.60;2;1;1;67;0;5920499;106;0
147;18;336;16;26;44;99;4.60;6;2;1;78;0;5920499;114;0
147;18;336;16;26;44;99;3.80;5;2;1;80;0;5920499;1377;0
147;18;336;16;26;46;99;3.60;3;1;1;78;0;5920699;672;0
147;18;336;16;26;47;2;3.60;7;2;1;73;0;5920702;287;0
147;18;336;16;26;47;28;3.60;5;2;1;88;0;5920728;211;0
147;18;336;16;26;47;99;3.40;6;2;1;77;0;5920799;278;0
147;18;336;16;26;49;0;3.40;1;1;1;77;0;5920900;2682;0
147;18;336;16;26;49;99;4.00;6;2;1;80;0;5920999;184;0
147;18;336;16;26;49;99;3.80;7;2;1;81;0;5920999;279;0
147;18;336;16;26;50;57;3.60;6;2;1;74;0;5921057;40;0
147;18;336;16;26;51;99;3.40;8;2;1;77;0;5921199;1679;0
147;18;336;16;26;52;20;3.40;4;1;1;76;0;5921220;1803;0
147;18;336;16;26;52;99;3.00;3;1;1;72;0;5921299;583;0
147;18;336;16;26;52;99;2.80;5;2;1;80;0;5921299;556;0
147;18;336;16;26;52;99;4.80;7;2;1;82;0;5921299;283;0
147;18;336;16;26;53;8;3.80;1;1;1;79;0;5921308;392;0
147;18;336;16;26;53;97;3.60;6;2;1;74;0;5921397;322;0
147;18;336;16;26;54;99;3.60;7;2;1;78;0;5921499;178;0
147;18;336;16;26;54;99;4.00;4;1;1;84;0;5921499;262;0
147;18;336;16;26;55;5;3.80;5;2;1;83;0;5921505;193;0
147;18;336;16;26;55;29;3.80;7;2;1;77;0;5921529;13;0
147;18;336;16;26;57;4;3.20;2;1;1;76;0;5921704;1185;0
147;18;336;16;26;57;15;3.20;6;2;1;73;0;5921715;300;0
147;18;336;16;26;57;4;5.20;3;1;1;72;0;5921704;390;0
147;18;336;16;26;57;99;3.40;3;1;1;71;0;5921799;69;0
147;18;336;16;26;58;40;3.80;5;2;1;82;0;5921840;318;0
147;18;336;16;26;58;47;4.00;1;1;1;79;0;5921847;521;0
147;18;336;16;26;59;4;3.60;6;2;1;73;0;5921904;173;0
147;18;336;16;26;59;99;3.60;2;1;1;73;0;5921999;279;0
147;18;336;16;27;0;2;3.80;2;1;1;74;0;5922002;-1;0
147;18;336;16;27;1;13;3.20;6;2;1;76;0;5922113;191;0
147;18;336;16;27;2;99;3.00;6;2;1;72;0;5922299;170;0
147;18;336;16;27;2;99;3.60;5;2;1;78;0;5922299;442;0
147;18;336;16;27;2;99;3.00;7;2;1;75;0;5922299;752;0
147;18;336;16;27;3;16;3.60;2;1;1;79;0;5922316;295;0
147;18;336;16;27;4;99;3.40;2;1;1;75;0;5922499;166;0
147;18;336;16;27;4;99;4.00;5;2;1;80;0;5922499;183;0
147;18;336;16;27;4;99;3.00;6;2;1;73;0;5922499;185;5921715
147;18;336;16;27;5;13;4.00;3;1;1;79;0;5922513;696;0
147;18;336;16;27;6;9;3.00;6;2;1;75;0;5922609;95;5921715
147;18;336;16;27;6;71;3.80;2;1;1;73;0;5922671;155;5921715
147;18;336;16;27;6;73;3.40;1;1;1;64;0;5922673;807;0
147;18;336;16;27;7;25;4.80;6;2;1;85;0;5922725;101;5921715
147;18;336;16;27;8;24;3.60;3;1;1;77;0;5922824;292;0
147;18;336;16;27;8;28;4.60;2;1;1;79;0;5922828;138;0
147;18;336;16;27;9;99;3.60;3;1;1;77;0;5922999;158;0
147;18;336;16;27;10;99;3.20;3;1;1;77;0;5923099;83;0
147;18;336;16;27;12;99;3.80;6;2;1;76;0;5923299;553;0
147;18;336;16;27;13;99;3.80;8;2;1;74;0;5923399;2184;0
147;18;336;16;27;14;21;3.60;2;1;1;79;0;5923421;572;0
147;18;336;16;27;15;9;3.40;2;1;1;77;0;5923509;71;0
147;18;336;16;27;15;99;3.20;3;1;1;77;0;5923599;485;0
147;18;336;16;27;15;99;4.00;4;1;1;81;0;5923599;2082;0
147;18;336;16;27;17;7;3.60;2;1;1;81;0;5923707;182;0
147;18;336;16;27;17;4;5.40;4;1;1;84;0;5923704;87;0
147;18;336;16;27;17;99;3.40;6;2;1;76;0;5923799;482;0
147;18;336;16;27;17;99;3.00;7;2;1;71;0;5923799;1485;0
147;18;336;16;27;18;39;3.80;2;1;1;73;0;5923839;116;0
147;18;336;16;27;19;99;3.20;7;2;1;74;0;5923999;184;0
147;18;336;16;27;20;99;3.60;3;1;1;80;0;5924099;485;0
147;18;336;16;27;21;2;3.80;3;1;1;68;0;5924102;-1;0
147;18;336;16;27;21;28;3.60;4;1;1;76;0;5924128;400;0
147;18;336;16;27;21;76;3.80;5;2;1;81;0;5924176;1659;0
147;18;336;16;27;23;13;4.00;4;1;1;80;0;5924313;167;0
147;18;336;16;27;25;27;3.40;7;2;1;79;0;5924527;512;0
147;18;336;16;27;24;99;4.00;6;2;1;65;0;5924499;683;0
147;18;336;16;27;25;10;3.40;3;1;1;74;0;5924510;387;0
147;18;336;16;27;26;19;3.60;4;1;1;80;0;5924619;288;0
147;18;336;16;27;26;57;3.40;6;2;1;70;0;5924657;135;0
147;18;336;16;27;27;13;3.00;5;2;1;76;0;5924713;520;0
147;18;336;16;27;28;99;3.40;6;2;1;78;0;5924899;224;0
147;18;336;16;27;28;99;3.20;3;1;1;77;0;5924899;372;0
147;18;336;16;27;28;99;3.60;2;1;1;70;0;5924899;1041;0
147;18;336;16;27;30;99;3.40;6;2;1;82;0;5925099;184;0
147;18;336;16;27;30;99;7.80;3;1;6;78;0;5925099;185;0
147;18;336;16;27;31;5;3.40;7;2;1;77;0;5925105;562;0
147;18;336;16;27;31;50;3.60;6;2;1;78;0;5925150;36;0
147;18;336;16;27;32;14;3.20;5;2;1;84;0;5925214;486;0
147;18;336;16;27;32;91;3.60;7;2;1;78;0;5925291;170;0
147;18;336;16;27;32;99;3.80;3;1;1;77;0;5925299;164;0
147;18;336;16;27;32;99;3.20;5;2;1;82;0;5925299;71;0
147;18;336;16;27;33;99;3.20;6;2;1;77;0;5925399;232;0
147;18;336;16;27;33;99;3.40;7;2;1;74;0;5925399;91;0
147;18;336;16;27;33;1;3.00;2;1;1;77;0;5925301;383;0
147;18;336;16;27;34;6;7.00;5;2;1;86;0;5925406;92;0
147;18;336;16;27;35;99;3.20;7;2;1;78;0;5925599;183;0
147;18;336;16;27;34;84;12.80;3;1;2;74;0;5925484;167;0
147;18;336;16;27;36;2;3.60;6;2;1;76;0;5925602;188;0
147;18;336;16;27;37;99;3.00;6;2;1;73;0;5925799;179;0
147;18;336;16;27;37;6;2.20;7;2;1;10;0;5925706;92;5925105
147;18;336;16;27;39;60;3.20;5;2;1;82;0;5925960;524;0
147;18;336;16;27;39;85;3.60;3;1;1;75;0;5925985;438;0
147;18;336;16;27;40;99;4.00;6;2;1;76;0;5926099;285;0
147;18;336;16;27;40;99;3.80;5;2;1;77;0;5926099;124;0
147;18;336;16;27;41;6;3.40;7;2;1;77;0;5926106;320;0
147;18;336;16;27;41;23;4.40;5;2;1;79;0;5926123;6;0
147;18;336;16;27;41;34;3.80;4;1;1;76;0;5926134;1498;0
147;18;336;16;27;42;76;3.40;3;1;1;76;0;5926276;273;0
147;18;336;16;27;42;99;4.40;7;2;1;79;0;5926299;177;0
147;18;336;16;27;43;10;3.60;4;1;1;75;0;5926310;158;0
147;18;336;16;27;43;99;3.60;3;1;1;74;0;5926399;106;0
147;18;336;16;27;43;99;3.20;5;2;1;79;0;5926399;255;0
147;18;336;16;27;43;99;3.20;6;2;1;78;0;5926399;281;0
147;18;336;16;27;44;34;3.80;4;1;1;77;0;5926434;106;0
147;18;336;16;27;44;17;7.60;1;1;6;75;0;5926417;3724;0
147;18;336;16;27;44;53;4.20;2;1;1;81;0;5926453;1137;0
147;18;336;16;27;44;73;3.80;5;2;1;80;0;5926473;59;0
147;18;336;16;27;46;16;3.80;2;1;1;79;0;5926616;144;0
147;18;336;16;27;46;99;4.40;6;2;1;75;0;5926699;285;0
147;18;336;16;27;47;64;3.40;4;1;1;82;0;5926764;312;0
147;18;336;16;27;47;84;3.80;6;2;1;77;0;5926784;63;0
147;18;336;16;27;48;99;3.80;8;2;1;81;0;5926899;3481;0
147;18;336;16;27;49;8;3.40;3;1;1;75;0;5926908;491;0
147;18;336;16;27;49;20;3.40;7;2;1;87;0;5926920;600;0
147;18;336;16;27;49;28;4.40;5;2;1;84;0;5926928;437;0
147;18;336;16;27;50;99;3.40;6;2;1;78;0;5927099;297;0
147;18;336;16;27;50;99;3.40;2;1;1;78;0;5927099;465;0
147;18;336;16;27;52;16;3.60;5;2;1;84;0;5927216;269;0
147;18;336;16;27;54;34;3.60;6;2;1;76;0;5927434;319;0
147;18;336;16;27;56;99;3.60;5;2;1;79;0;5927699;467;0
147;18;336;16;27;56;2;3.40;3;1;1;76;0;5927602;677;0
147;18;336;16;27;57;21;3.80;6;2;1;72;0;5927721;269;0
147;18;336;16;27;58;99;3.40;7;2;1;81;0;5927899;964;0
147;18;336;16;27;58;99;3.60;6;2;1;73;0;5927899;159;0
147;18;336;16;27;58;99;3.40;4;1;1;79;0;5927899;1120;0
147;18;336;16;27;59;99;3.20;2;1;1;66;0;5927999;884;0
147;18;336;16;27;59;99;3.60;3;1;1;78;0;5927999;380;0
147;18;336;16;28;0;23;4.00;5;2;1;80;0;5928023;307;0
147;18;336;16;28;0;99;8.00;2;1;6;68;0;5928099;82;0
147;18;336;16;28;1;99;3.80;1;1;1;77;0;5928199;1745;0
147;18;336;16;28;2;5;4.00;5;2;1;81;0;5928205;164;0
147;18;336;16;28;3;1;3.80;6;2;1;91;0;5928301;384;0
147;18;336;16;28;3;22;3.80;3;1;1;78;0;5928322;306;0
147;18;336;16;28;3;99;3.00;7;2;1;72;0;5928399;484;0
147;18;336;16;28;3;99;4.60;2;1;1;72;0;5928399;257;0
147;18;336;16;28;4;99;3.60;3;1;1;77;0;5928499;159;0
147;18;336;16;28;5;6;3.40;8;2;1;88;0;5928506;1590;0
147;18;336;16;28;4;30;3.40;6;2;1;69;0;5928430;113;0
147;18;336;16;28;6;99;3.60;6;2;1;75;0;5928699;251;0
147;18;336;16;28;7;6;3.60;8;2;1;80;0;5928706;186;0
147;18;336;16;28;7;3;3.80;6;2;1;70;0;5928703;-1;0
147;18;336;16;28;9;20;3.00;7;2;1;83;0;5928920;506;0
147;18;336;16;28;10;54;3.60;8;2;1;73;0;5929054;331;0
147;18;336;16;28;12;16;3.60;5;2;1;79;0;5929216;993;0
147;18;336;16;28;12;1;7.40;6;2;6;72;0;5929201;478;0
147;18;336;16;28;12;41;3.80;3;1;1;75;0;5929241;725;0
147;18;336;16;28;13;99;3.20;6;2;1;73;0;5929399;161;0
147;18;336;16;28;14;5;4.00;5;2;1;82;0;5929405;172;0
147;18;336;16;28;15;14;3.60;6;2;1;73;0;5929514;99;0
147;18;336;16;28;15;74;4.00;8;2;1;73;0;5929574;502;0
147;18;336;16;28;16;99;3.80;6;2;1;74;0;5929699;167;0
147;18;336;16;28;16;10;17.60;7;2;5;69;0;5929610;676;0
147;18;336;16;28;18;87;4.00;3;1;1;78;0;5929887;627;0
147;18;336;16;28;18;99;3.80;6;2;1;73;0;5929899;181;5929201
147;18;336;16;28;21;21;3.60;6;2;1;78;0;5930121;203;0
147;18;336;16;28;22;1;3.40;7;2;1;78;0;5930201;499;0
147;18;336;16;28;23;82;4.20;4;1;1;76;0;5930382;2467;0
147;18;336;16;28;23;99;3.40;6;2;1;80;0;5930399;261;0
147;18;336;16;28;23;99;3.40;2;1;1;88;0;5930399;1977;0
147;18;336;16;28;24;8;3.40;3;1;1;76;0;5930408;502;0
147;18;336;16;28;24;99;4.20;5;2;1;86;0;5930499;1076;0
147;18;336;16;28;24;99;4.00;4;1;1;76;0;5930499;97;0
147;18;336;16;28;25;28;4.00;6;2;1;72;0;5930528;113;0
147;18;336;16;28;25;84;3.40;3;1;1;82;0;5930584;159;0
147;18;336;16;28;26;14;3.40;2;1;1;77;0;5930614;201;0
147;18;336;16;28;26;99;3.80;7;2;1;75;0;5930699;482;0
147;18;336;16;28;26;99;3.20;6;2;1;75;0;5930699;151;0
147;18;336;16;28;27;29;4.20;7;2;1;84;0;5930729;11;0
147;18;336;16;28;28;5;3.60;5;2;1;83;0;5930805;288;0
147;18;336;16;28;29;17;3.60;3;1;1;85;0;5930917;318;0
147;18;336;16;28;29;14;3.60;7;2;1;72;0;5930914;167;0
147;18;336;16;28;30;61;4.00;6;2;1;75;0;5931061;346;0
147;18;336;16;28;30;70;3.80;2;1;1;76;0;5931070;440;0
147;18;336;16;28;31;99;3.40;2;1;1;73;0;5931199;111;0
147;18;336;16;28;31;99;5.60;8;2;1;82;0;5931199;1605;0
147;18;336;16;28;32;4;3.60;6;2;1;75;0;5931204;123;0
147;18;336;16;28;33;51;3.40;6;2;1;77;0;5931351;129;0
147;18;336;16;28;34;99;3.80;5;2;1;82;0;5931499;678;0
147;18;336;16;28;35;10;3.20;3;1;1;77;0;5931510;577;0
147;18;336;16;28;35;33;3.40;6;2;1;85;0;5931533;166;0
147;18;336;16;28;36;99;4.40;2;1;1;74;0;5931699;483;0
147;18;336;16;28;38;27;3.00;5;2;1;83;0;5931827;311;0
147;18;336;16;28;38;34;3.00;6;2;1;71;0;5931834;286;0
147;18;336;16;28;38;75;3.80;2;1;1;76;0;5931875;154;0
147;18;336;16;28;39;99;3.80;3;1;1;78;0;5931999;474;0
147;18;336;16;28;39;99;3.40;5;2;1;84;0;5931999;158;0
147;18;336;16;28;39;99;3.80;6;2;1;70;0;5931999;149;0
147;18;336;16;28;40;12;3.60;5;2;1;84;0;5932012;-1;0
147;18;336;16;28;41;2;3.60;2;1;1;79;0;5932102;209;0
147;18;336;16;28;41;98;3.60;6;2;1;70;0;5932198;179;0
147;18;336;16;28;42;99;4.00;6;2;1;71;0;5932299;82;0
147;18;336;16;28;43;57;3.60;5;2;1;80;0;5932357;329;0
147;18;336;16;28;44;99;3.40;6;2;1;65;0;5932499;179;5931834
147;18;336;16;28;44;99;3.60;4;1;1;84;0;5932499;1981;0
147;18;336;16;28;44;99;3.80;2;1;1;78;0;5932499;380;0
147;18;336;16;28;44;99;3.20;8;2;1;80;0;5932499;1275;0
147;18;336;16;28;44;99;3.20;3;1;1;77;0;5932499;482;0
147;18;336;16;28;45;99;4.00;5;2;1;77;0;5932599;225;0
147;18;336;16;28;45;2;7.40;7;2;6;73;0;5932502;1570;0
147;18;336;16;28;45;22;3.40;6;2;1;62;0;5932522;4;5931834
147;18;336;16;28;46;99;3.40;5;2;1;76;0;5932699;81;5931834
147;18;336;16;28;47;99;3.20;3;1;1;74;0;5932799;285;0
147;18;336;16;28;47;99;3.60;5;2;1;77;0;5932799;83;0
147;18;336;16;28;47;99;5.00;6;2;1;63;0;5932799;257;0
147;18;336;16;28;46;40;4.20;7;2;1;19;0;5932640;101;0
147;18;336;16;28;48;44;3.20;4;1;1;80;0;5932844;329;0
147;18;336;16;28;48;51;4.60;5;2;1;76;0;5932851;35;0
147;18;336;16;28;47;75;0.40;7;2;1;15;1;5932775;55;0
147;18;336;16;28;49;99;3.40;3;1;1;72;0;5932999;184;0
147;18;336;16;28;49;99;3.60;8;2;1;75;0;5932999;485;0
147;18;336;16;28;49;99;3.60;5;2;1;78;0;5932999;126;5932599
147;18;336;16;28;50;99;6.40;6;2;1;68;0;5933099;271;0
147;18;336;16;28;51;48;5.00;7;2;1;72;0;5933148;428;0
147;18;336;16;28;51;68;4.60;5;2;1;78;0;5933168;152;5932599
147;18;336;16;28;52;5;3.60;6;2;1;70;0;5933205;72;5932599
147;18;336;16;28;52;99;3.80;4;1;1;78;0;5933299;440;0
147;18;336;16;28;52;99;3.40;2;1;1;78;0;5933299;782;0
147;18;336;16;28;52;99;3.40;5;2;1;77;0;5933299;109;5932599
147;18;336;16;28;52;99;3.40;7;2;1;71;0;5933299;126;5932599
147;18;336;16;28;53;57;3.40;4;1;1;78;0;5933357;40;5932599
147;18;336;16;28;54;94;3.60;1;1;1;73;0;5933494;5277;0
147;18;336;16;28;55;11;3.20;3;1;1;72;0;5933511;495;0
147;18;336;16;28;55;99;3.40;6;2;1;69;0;5933599;375;0
147;18;336;16;28;56;99;4.40;5;2;1;82;0;5933699;384;0
147;18;336;16;28;57;99;3.40;6;2;1;70;0;5933799;182;0
147;18;336;16;28;57;99;3.80;3;1;1;72;0;5933799;272;0
147;18;336;16;28;58;39;3.60;5;2;1;77;0;5933839;120;0
147;18;336;16;28;58;44;3.20;6;2;1;69;0;5933844;27;0
147;18;336;16;28;58;61;4.00;7;2;1;66;0;5933861;544;0
147;18;336;16;29;0;99;3.40;4;1;1;78;0;5934099;726;0
147;18;336;16;29;0;99;3.80;5;2;1;80;0;5934099;243;0
147;18;336;16;29;1;0;4.00;3;1;1;81;0;5934100;282;0
147;18;336;16;28;59;18;6.00;7;2;1;23;0;5933918;35;0
147;18;336;16;29;1;15;3.80;6;2;1;74;0;5934115;254;0
147;18;336;16;29;1;81;3.20;5;2;1;81;0;5934181;64;0
147;18;336;16;29;3;99;3.60;5;2;1;77;0;5934399;203;0
147;18;336;16;29;4;12;3.60;2;1;1;77;0;5934412;1097;0
147;18;336;16;29;4;99;3.80;5;2;1;79;0;5934499;83;0
147;18;336;16;29;2;29;7.40;7;2;2;17;0;5934229;217;0
147;18;336;16;29;5;99;4.80;6;2;1;65;0;5934599;465;0
147;18;336;16;29;6;86;3.40;6;2;1;67;0;5934686;60;0
147;18;336;16;29;7;99;3.40;5;2;1;83;0;5934799;282;0
147;18;336;16;29;8;3;3.00;6;2;1;68;0;5934803;98;0
147;18;336;16;29;8;23;3.80;7;2;1;73;0;5934823;437;0
147;18;336;16;29;9;70;3.60;5;2;1;79;0;5934970;156;0
147;18;336;16;29;10;7;3.40;6;2;1;67;0;5935007;188;0
147;18;336;16;29;10;99;4.00;3;1;1;79;0;5935099;981;0
147;18;336;16;29;12;15;3.00;6;2;1;66;0;5935215;189;5934599
147;18;336;16;29;12;99;3.20;2;1;1;74;0;5935299;870;0
147;18;336;16;29;13;14;3.60;5;2;1;82;0;5935314;327;0
147;18;336;16;29;12;82;15.00;4;1;4;79;0;5935282;1167;0
147;18;336;16;29;13;99;3.60;6;2;1;72;0;5935399;167;5934599
147;18;336;16;29;14;50;3.20;2;1;1;75;0;5935450;135;5934599
147;18;336;16;29;15;99;3.60;4;1;1;79;0;5935599;248;0
147;18;336;16;29;15;99;3.60;5;2;1;82;0;5935599;269;0
147;18;336;16;29;15;99;16.40;6;2;4;69;0;5935599;182;5934599
147;18;336;16;29;16;26;3.60;3;1;1;81;0;5935626;508;0
147;18;336;16;29;16;52;3.80;7;2;1;70;0;5935652;810;0
147;18;336;16;29;17;99;3.40;8;2;1;79;0;5935799;2782;0
147;18;336;16;29;17;99;4.20;6;2;1;66;0;5935799;114;5934599
147;18;336;16;29;17;99;3.40;5;2;1;82;0;5935799;184;5934599
147;18;336;16;29;18;16;3.40;4;1;1;84;0;5935816;200;0
147;18;336;16;29;18;99;3.60;8;2;1;78;0;5935899;84;0
147;18;336;16;29;19;3;3.00;6;2;1;67;0;5935903;81;5934599
147;18;336;16;29;19;47;3.40;3;1;1;78;0;5935947;305;0
147;18;336;16;29;20;99;4.00;5;2;1;84;0;5936099;285;0
147;18;336;16;29;17;33;4.20;7;2;1;11;0;5935733;61;0
147;18;336;16;29;21;50;3.20;7;2;1;74;0;5936150;279;0
147;18;336;16;29;21;56;7.40;2;1;6;79;0;5936156;690;0
147;18;336;16;29;22;99;2.80;6;2;1;74;0;5936299;379;0
147;18;336;16;29;23;4;3.40;8;2;1;70;0;5936304;388;0
147;18;336;16;29;23;0;3.40;3;1;1;79;0;5936300;337;0
147;18;336;16;29;24;71;3.40;6;2;1;71;0;5936471;158;0
147;18;336;16;29;24;41;4.80;7;2;1;62;0;5936441;275;0
147;18;336;16;29;25;99;4.20;5;2;1;74;0;5936599;482;0
147;18;336;16;29;25;99;4.00;6;2;1;68;0;5936599;110;0
147;18;336;16;29;26;6;3.60;3;1;1;76;0;5936606;290;0
147;18;336;16;29;27;9;3.80;5;2;1;76;0;5936709;89;0
147;18;336;16;29;27;13;3.60;6;2;1;69;0;5936713;92;0
147;18;336;16;29;27;65;3.40;8;2;1;69;0;5936765;443;0
147;18;336;16;29;27;99;3.60;3;1;1;81;0;5936799;175;0
147;18;336;16;29;28;99;3.60;2;1;1;79;0;5936899;709;0
147;18;336;16;29;28;99;3.80;5;2;1;75;0;5936899;172;0
147;18;336;16;29;27;91;15.20;4;1;4;75;0;5936791;960;0
147;18;336;16;29;28;99;3.80;6;2;1;68;0;5936899;167;5936299
147;18;336;16;29;29;42;3.40;3;1;1;81;0;5936942;127;5936299
147;18;336;16;29;29;42;3.20;7;2;1;68;0;5936942;473;0
147;18;336;16;29;31;7;3.40;6;2;1;68;0;5937107;187;5936299
147;18;336;16;29;32;84;3.20;6;2;1;69;0;5937284;159;5936299
147;18;336;16;29;31;22;4.00;7;2;1;17;0;5937122;163;5936299
147;18;336;16;29;33;99;2.80;2;1;1;75;0;5937399;483;0
147;18;336;16;29;34;75;3.20;6;2;1;75;0;5937475;174;5936299
147;18;336;16;29;35;99;3.40;5;2;1;80;0;5937599;681;0
147;18;336;16;29;35;93;16.60;4;1;4;82;0;5937593;729;0
147;18;336;16;29;36;22;3.20;6;2;1;77;0;5937622;131;5936299
147;18;336;16;29;36;99;4.00;4;1;1;86;0;5937699;33;5936299
147;18;336;16;29;36;99;3.60;5;2;1;79;0;5937699;84;5936299
147;18;336;16;29;37;19;3.40;7;2;1;85;0;5937719;512;0
147;18;336;16;29;37;66;3.40;4;1;1;84;0;5937766;50;0
147;18;336;16;29;37;59;3.00;2;1;1;70;0;5937759;346;0
147;18;336;16;29;38;99;3.60;2;1;1;71;0;5937899;124;0
147;18;336;16;29;39;21;3.60;5;2;1;81;0;5937921;205;0
147;18;336;16;29;39;21;3.60;3;1;1;77;0;5937921;963;0
147;18;336;16;29;40;89;3.80;8;2;1;70;0;5938089;1306;0
147;18;336;16;29;39;96;14.60;7;2;4;88;0;5937996;262;0
147;18;336;16;29;41;99;6.00;7;2;1;75;0;5938199;143;0
147;18;336;16;29;41;99;3.60;6;2;1;78;0;5938199;562;0
147;18;336;16;29;43;17;3.40;5;2;1;81;0;5938317;380;0
147;18;336;16;29;43;99;3.40;6;2;1;77;0;5938399;183;0
147;18;336;16;29;44;99;6.00;2;1;1;78;0;5938499;581;0
147;18;336;16;29;42;93;1.00;7;2;1;1;1;5938293;65;0
147;18;336;16;29;45;99;3.80;3;1;1;78;0;5938599;661;0
147;18;336;16;29;46;99;3.80;7;2;1;79;0;5938699;471;0
147;18;336;16;29;46;99;4.00;8;2;1;91;0;5938699;590;0
147;18;336;16;29;47;98;3.00;3;1;1;69;0;5938798;181;0
147;18;336;16;29;48;4;3.60;4;1;1;80;0;5938804;1023;0
147;18;336;16;29;48;6;3.40;6;2;1;78;0;5938806;391;0
147;18;336;16;29;49;1;3.60;3;1;1;69;0;5938901;87;0
147;18;336;16;29;49;11;3.20;7;2;1;73;0;5938911;194;0
147;18;336;16;29;49;25;3.80;6;2;1;83;0;5938925;103;0
147;18;336;16;29;49;27;5.20;5;2;1;85;0;5938927;594;0
147;18;336;16;29;49;20;3.40;1;1;1;74;0;5938920;5408;0
147;18;336;16;29;49;99;3.60;4;1;1;79;0;5938999;178;0
147;18;336;16;29;50;75;3.80;6;2;1;79;0;5939075;133;0
147;18;336;16;29;50;90;3.40;2;1;1;72;0;5939090;563;0
147;18;336;16;29;50;99;3.40;3;1;1;70;0;5939099;179;0
147;18;336;16;29;51;7;3.60;4;1;1;75;0;5939107;91;0
147;18;336;16;29;52;2;4.20;3;1;1;69;0;5939202;85;5938599
147;18;336;16;29;50;0;4.00;7;2;1;15;0;5939000;73;5938599
147;18;336;16;29;52;58;3.20;4;1;1;75;0;5939258;133;5938599
147;18;336;16;29;52;57;3.20;2;1;1;63;0;5939257;150;5938599
147;18;336;16;29;53;99;3.60;6;2;1;75;0;5939399;306;0
147;18;336;16;29;53;99;4.00;5;2;1;76;0;5939399;449;0
147;18;336;16;29;53;99;3.20;1;1;1;80;0;5939399;462;0
147;18;336;16;29;55;3;3.40;6;2;1;81;0;5939503;86;0
147;18;336;16;29;55;0;3.80;3;1;1;69;0;5939500;276;0
147;18;336;16;29;55;66;3.60;5;2;1;79;0;5939566;148;0
147;18;336;16;29;54;4;4.00;7;2;1;15;0;5939404;308;0
147;18;336;16;29;56;99;3.60;6;2;1;81;0;5939699;180;0
147;18;336;16;29;56;99;3.20;3;1;1;69;0;5939699;179;0
147;18;336;16;29;57;6;3.80;5;2;1;86;0;5939706;123;0
147;18;336;16;29;58;14;3.60;6;2;1;79;0;5939814;99;0
147;18;336;16;29;59;99;3.40;6;2;1;76;0;5939999;168;5939399
147;18;336;16;29;59;9;4.00;4;1;1;76;0;5939909;635;0
147;18;336;16;30;0;85;4.00;7;2;1;76;0;5940085;585;0
147;18;336;16;30;0;99;3.60;3;1;1;73;0;5940099;383;0
147;18;336;16;30;1;25;3.40;5;2;1;90;0;5940125;403;0
147;18;336;16;30;1;99;3.60;6;2;1;79;0;5940199;183;5939399
147;18;336;16;30;1;99;5.60;4;1;1;78;0;5940199;271;0
147;18;336;16;30;1;99;4.00;7;2;1;76;0;5940199;95;0
147;18;336;16;30;1;99;3.60;2;1;1;76;0;5940199;923;0
147;18;336;16;30;2;12;4.00;5;2;1;84;0;5940212;73;0
147;18;336;16;30;3;94;3.40;3;1;1;72;0;5940394;277;0
147;18;336;16;30;3;99;3.40;7;2;1;76;0;5940399;181;0
147;18;336;16;30;4;99;3.80;2;1;1;76;0;5940499;282;0
147;18;336;16;30;4;99;3.80;5;2;1;82;0;5940499;269;0
147;18;336;16;30;5;44;3.60;4;1;1;79;0;5940544;319;0
147;18;336;16;30;5;58;4.20;3;1;1;75;0;5940558;147;0
147;18;336;16;30;5;98;3.60;6;2;1;79;0;5940598;382;0
147;18;336;16;30;8;26;3.00;6;2;1;81;0;5940826;211;0
147;18;336;16;30;9;14;3.00;3;1;1;73;0;5940914;335;0
147;18;336;16;30;10;18;3.60;4;1;1;76;0;5941018;457;0
147;18;336;16;30;11;18;3.80;4;1;1;80;0;5941118;82;0
147;18;336;16;30;12;99;3.20;4;1;1;79;0;5941299;163;0
147;18;336;16;30;13;11;4.00;3;1;1;74;0;5941311;382;0
147;18;336;16;30;13;19;3.60;6;2;1;77;0;5941319;479;0
147;18;336;16;30;13;99;3.80;5;2;1;83;0;5941399;883;0
147;18;336;16;30;13;99;3.60;8;2;1;66;0;5941399;2684;0
147;18;336;16;30;14;99;3.40;4;1;1;79;0;5941499;185;0
147;18;336;16;30;14;99;3.40;6;2;1;81;0;5941499;163;0
147;18;336;16;30;15;5;3.40;3;1;1;69;0;5941505;174;0
147;18;336;16;30;15;34;3.80;2;1;1;79;0;5941534;1017;0
147;18;336;16;30;16;99;3.80;4;1;1;81;0;5941699;184;5941018
147;18;336;16;30;16;99;3.40;3;1;1;70;0;5941699;176;5941018
147;18;336;16;30;18;59;3.60;4;1;1;84;0;5941859;143;5941018
147;18;336;16;30;18;71;3.40;2;1;1;79;0;5941871;319;0
147;18;336;16;30;19;99;3.40;3;1;1;78;0;5941999;282;0
147;18;336;16;30;20;28;3.80;6;2;1;75;0;5942028;513;0
147;18;336;16;30;21;6;3.60;4;1;1;77;0;5942106;231;0
147;18;336;16;30;21;99;6.20;2;1;1;75;0;5942199;312;0
147;18;336;16;30;22;99;3.80;4;1;1;78;0;5942299;176;0
147;18;336;16;30;22;99;3.60;3;1;1;75;0;5942299;284;0
147;18;336;16;30;23;99;3.80;8;2;1;84;0;5942399;980;0
147;18;336;16;30;24;12;3.40;4;1;1;76;0;5942412;95;0
147;18;336;16;30;24;99;3.80;3;1;1;72;0;5942499;182;0
147;18;336;16;30;26;99;3.60;6;2;1;68;0;5942699;652;0
147;18;336;16;30;26;99;4.00;5;2;1;82;0;5942699;1283;0
147;18;336;16;30;27;99;3.60;2;1;1;70;0;5942799;570;0
147;18;336;16;30;27;99;5.00;5;2;1;83;0;5942799;82;0
147;18;336;16;30;29;17;3.00;2;1;1;69;0;5942917;99;0
147;18;336;16;30;29;23;3.20;1;1;1;75;0;5942923;3509;0
147;18;336;16;30;30;3;3.00;3;1;1;81;0;5943003;485;0
147;18;336;16;30;29;99;3.80;7;2;1;62;0;5942999;2583;0
147;18;336;16;30;30;28;3.40;5;2;1;75;0;5943028;207;0
147;18;336;16;30;30;26;4.00;3;1;1;79;0;5943026;9;0
147;18;336;16;30;30;54;8.60;7;2;2;49;0;5943054;32;0
147;18;336;16;30;31;99;3.40;6;2;1;66;0;5943199;480;0
147;18;336;16;30;31;99;3.40;5;2;1;79;0;5943199;154;0
147;18;336;16;30;32;99;4.20;3;1;1;76;0;5943299;254;0
147;18;336;16;30;32;99;3.80;4;1;1;79;0;5943299;870;0
147;18;336;16;30;32;99;3.60;2;1;1;71;0;5943299;366;0
147;18;336;16;30;32;99;3.60;5;2;1;80;0;5943299;84;0
147;18;336;16;30;34;7;3.80;6;2;1;64;0;5943407;189;0
147;18;336;16;30;33;67;3.60;4;1;1;79;0;5943367;50;0
147;18;336;16;30;33;70;3.80;6;2;1;66;0;5943370;-1;0
147;18;336;16;30;34;7;3.40;5;2;1;84;0;5943407;91;0
147;18;336;16;30;34;99;4.00;5;2;1;82;0;5943499;77;5943028
147;18;336;16;30;35;99;3.40;6;2;1;64;0;5943599;208;0
147;18;336;16;30;32;63;4.20;7;2;1;13;0;5943263;145;0
147;18;336;16;30;36;55;3.80;6;2;1;66;0;5943655;36;0
147;18;336;16;30;37;99;6.80;5;2;1;76;0;5943799;282;0
147;18;336;16;30;37;99;4.00;6;2;1;65;0;5943799;123;0
147;18;336;16;30;37;99;4.00;1;1;1;73;0;5943799;860;0
147;18;336;16;30;37;99;3.80;4;1;1;77;0;5943799;415;0
147;18;336;16;30;37;99;3.80;2;1;1;66;0;5943799;481;0
147;18;336;16;30;39;3;3.80;4;1;1;76;0;5943903;86;0
147;18;336;16;30;39;20;3.80;5;2;1;78;0;5943920;88;0
147;18;336;16;30;39;99;3.40;2;1;1;68;0;5943999;179;0
147;18;336;16;30;38;97;6.20;7;2;1;60;0;5943897;517;0
147;18;336;16;30;39;99;4.00;4;1;1;77;0;5943999;78;0
147;18;336;16;30;40;99;3.00;6;2;1;68;0;5944099;277;0
147;18;336;16;30;40;99;3.40;1;1;1;68;0;5944099;280;0
147;18;336;16;30;40;99;3.40;3;1;1;72;0;5944099;780;0
147;18;336;16;30;40;21;3.40;8;2;1;82;0;5944021;1605;0
147;18;336;16;30;40;21;3.40;4;1;1;77;0;5944021;3;0
147;18;336;16;30;41;72;3.80;5;2;1;81;0;5944172;234;0
147;18;336;16;30;41;60;5.00;6;2;1;67;0;5944160;45;0
147;18;336;16;30;42;99;3.60;5;2;1;81;0;5944299;110;0
147;18;336;16;30;42;99;3.40;3;1;1;69;0;5944299;183;0
147;18;336;16;30;43;20;3.60;6;2;1;68;0;5944320;133;0
147;18;336;16;30;44;21;3.60;7;2;1;82;0;5944421;486;0
147;18;336;16;30;44;96;3.40;5;2;1;74;0;5944496;181;0
147;18;336;16;30;44;92;3.60;3;1;1;67;0;5944492;175;0
147;18;336;16;30;45;99;3.60;4;1;1;79;0;5944599;562;0
147;18;336;16;30;45;99;3.20;6;2;1;68;0;5944599;259;0
147;18;336;16;30;45;99;11.40;5;2;3;75;0;5944599;86;0
147;18;336;16;30;46;74;5.60;3;1;1;67;0;5944674;162;0
147;18;336;16;30;47;99;3.60;5;2;1;75;0;5944799;145;5944172
147;18;336;16;30;48;3;3.40;1;1;1;80;0;5944803;686;0
147;18;336;16;30;48;18;3.40;8;2;1;79;0;5944818;782;0
147;18;336;16;30;48;99;3.60;2;1;1;82;0;5944899;882;0
147;18;336;16;30;48;45;3.60;4;1;1;77;0;5944845;229;0
147;18;336;16;30;48;42;3.60;2;1;1;89;0;5944842;-1;0
147;18;336;16;30;49;99;3.40;8;2;1;67;0;5944999;165;0
147;18;336;16;30;49;99;3.80;7;2;1;81;0;5944999;562;0
147;18;336;16;30;50;99;3.80;3;1;1;68;0;5945099;394;0
147;18;336;16;30;50;99;3.60;6;2;1;80;0;5945099;483;0
147;18;336;16;30;50;99;3.40;2;1;1;72;0;5945099;242;0
147;18;336;16;30;52;17;4.00;5;2;1;84;0;5945217;400;0
147;18;336;16;30;52;99;3.60;3;1;1;75;0;5945299;179;0
147;18;336;16;30;52;99;4.80;6;2;1;75;0;5945299;183;0
147;18;336;16;30;53;99;3.60;8;2;1;86;0;5945399;381;0
147;18;336;16;30;53;42;3.00;2;1;1;66;0;5945342;226;0
147;18;336;16;30;54;90;4.80;6;2;1;74;0;5945490;167;0
147;18;336;16;30;55;13;3.40;2;1;1;67;0;5945513;154;0
147;18;336;16;30;55;99;3.60;1;1;1;73;0;5945599;780;0
147;18;336;16;30;56;22;3.20;7;2;1;76;0;5945622;606;0
147;18;336;16;30;56;22;3.40;6;2;1;65;0;5945622;108;0
147;18;336;16;30;56;67;4.20;3;1;1;76;0;5945667;350;0
147;18;336;16;30;58;99;3.20;2;1;1;70;0;5945899;367;0
147;18;336;16;30;58;3;3.80;7;2;1;76;0;5945803;165;0
147;18;336;16;30;59;75;3.80;3;1;1;82;0;5945975;288;0
147;18;336;16;30;59;78;3.60;5;2;1;85;0;5945978;743;0
147;18;336;16;30;59;79;3.60;6;2;1;68;0;5945979;338;0
147;18;336;16;31;0;99;3.60;7;2;1;76;0;5946099;278;0
147;18;336;16;31;1;8;3.60;3;1;1;81;0;5946108;116;0
147;18;336;16;31;1;3;3.80;1;1;1;73;0;5946103;486;0
147;18;336;16;31;1;69;3.60;6;2;1;75;0;5946169;170;0
147;18;336;16;31;2;99;4.00;7;2;1;86;0;5946299;182;0
147;18;336;16;31;3;5;3.00;6;2;1;75;0;5946305;118;0
147;18;336;16;31;4;14;3.60;5;2;1;81;0;5946414;420;0
147;18;336;16;31;5;3;2.80;2;1;1;66;0;5946503;587;0
147;18;336;16;31;5;99;4.00;5;2;1;83;0;5946599;169;0
147;18;336;16;31;6;99;3.60;4;1;1;79;0;5946699;1837;0
147;18;336;16;31;6;22;3.00;7;2;1;74;0;5946622;306;0
147;18;336;16;31;7;98;3.40;2;1;1;71;0;5946798;279;0
147;18;336;16;31;7;99;3.20;3;1;1;74;0;5946799;675;0
147;18;336;16;31;7;99;3.40;6;2;1;72;0;5946799;479;0
147;18;336;16;31;8;2;3.40;7;2;1;80;0;5946802;165;0
147;18;336;16;31;8;99;3.60;3;1;1;77;0;5946899;84;0
147;18;336;16;31;9;69;3.60;7;2;1;76;0;5946969;151;0
147;18;336;16;31;9;88;3.20;6;2;1;66;0;5946988;172;0
147;18;336;16;31;10;99;3.80;3;1;1;77;0;5947099;183;0
147;18;336;16;31;10;99;3.80;5;2;1;81;0;5947099;482;0
147;18;336;16;31;11;6;3.80;6;2;1;64;0;5947106;100;0
147;18;336;16;31;11;7;3.80;1;1;1;83;0;5947107;985;0
147;18;336;16;31;11;42;3.40;2;1;1;76;0;5947142;326;0
147;18;336;16;31;11;40;3.60;6;2;1;67;0;5947140;12;0
147;18;336;16;31;12;86;4.00;5;2;1;80;0;5947286;170;0
147;18;336;16;31;13;99;3.00;6;2;1;67;0;5947399;239;0
147;18;336;16;31;14;99;12.00;2;1;3;81;0;5947499;340;0
147;18;336;16;31;14;65;3.20;7;2;1;74;0;5947465;478;0
147;18;336;16;31;15;99;4.40;6;2;1;72;0;5947599;183;0
147;18;336;16;31;16;99;3.40;6;2;1;71;0;5947699;78;0
147;18;336;16;31;16;35;3.40;6;2;1;70;0;5947635;-1;0
147;18;336;16;31;17;99;3.20;7;2;1;75;0;5947799;318;0
147;18;336;16;31;17;99;4.40;5;2;1;83;0;5947799;495;0
147;18;336;16;31;18;99;3.60;4;1;1;95;0;5947899;1183;0
147;18;336;16;31;19;2;3.60;6;2;1;76;0;5947902;249;0
147;18;336;16;31;20;4;3.60;8;2;1;82;0;5948004;2589;0
147;18;336;16;31;20;99;3.60;3;1;1;78;0;5948099;982;0
147;18;336;16;31;21;4;3.60;2;1;1;76;0;5948104;551;0
147;18;336;16;31;21;99;3.40;7;2;1;73;0;5948199;384;0
147;18;336;16;31;21;99;5.60;6;2;1;73;0;5948199;279;0
147;18;336;16;31;22;98;3.20;3;1;1;77;0;5948298;182;0
147;18;336;16;31;22;92;4.40;2;1;1;77;0;5948292;170;0
147;18;336;16;31;23;15;4.00;4;1;1;82;0;5948315;402;0
147;18;336;16;31;24;11;3.20;3;1;1;85;0;5948411;98;0
147;18;336;16;31;24;15;3.80;5;2;1;82;0;5948415;596;0
147;18;336;16;31;24;30;5.00;6;2;1;69;0;5948430;203;0
147;18;336;16;31;24;54;3.60;2;1;1;71;0;5948454;141;0
147;18;336;16;31;25;99;3.80;6;2;1;68;0;5948599;142;0
147;18;336;16;31;26;29;3.20;1;1;1;81;0;5948629;1505;0
147;18;336;16;31;26;99;4.40;2;1;1;95;0;5948699;226;0
147;18;336;16;31;26;99;3.40;3;1;1;74;0;5948699;274;0
147;18;336;16;31;26;99;4.00;4;1;1;84;0;5948699;366;0
147;18;336;16;31;26;99;3.60;5;2;1;81;0;5948699;267;0
147;18;336;16;31;27;6;3.80;8;2;1;86;0;5948706;686;0
147;18;336;16;31;27;29;3.20;7;2;1;82;0;5948729;513;0
147;18;336;16;31;27;44;3.00;6;2;1;70;0;5948744;124;0
147;18;336;16;31;28;99;3.60;4;1;1;78;0;5948899;182;0
147;18;336;16;31;28;99;7.20;7;2;1;65;0;5948899;155;0
147;18;336;16;31;29;16;3.20;5;2;1;84;0;5948916;201;0
147;18;336;16;31;29;40;3.60;2;1;1;78;0;5948940;224;0
147;18;336;16;31;30;99;2.80;6;2;1;62;0;5949099;339;0
147;18;336;16;31;30;99;2.80;7;2;1;63;0;5949099;160;0
147;18;336;16;31;30;99;4.00;5;2;1;78;0;5949099;169;0
147;18;336;16;31;30;99;3.60;2;1;1;79;0;5949099;142;0
147;18;336;16;31;30;97;11.80;4;1;7;78;0;5949097;181;0
147;18;336;16;31;31;6;3.40;8;2;1;74;0;5949106;384;0
147;18;336;16;31;31;99;3.60;6;2;1;69;0;5949199;83;0
147;18;336;16;31;32;37;3.20;7;2;1;76;0;5949237;122;0
147;18;336;16;31;32;99;3.80;2;1;1;75;0;5949299;183;0
147;18;336;16;31;33;99;3.80;7;2;1;75;0;5949399;146;5948729
147;18;336;16;31;33;99;3.80;5;2;1;83;0;5949399;281;0
147;18;336;16;31;35;20;3.60;7;2;1;80;0;5949520;102;5948729
147;18;336;16;31;35;99;4.00;1;1;1;80;0;5949599;955;0
147;18;336;16;31;35;99;3.60;3;1;1;70;0;5949599;883;0
147;18;336;16;31;36;99;3.80;2;1;1;83;0;5949699;381;0
147;18;336;16;31;37;33;3.40;3;1;1;70;0;5949733;115;0
147;18;336;16;31;37;53;6.80;6;2;1;76;0;5949753;535;0
147;18;336;16;31;38;99;3.40;8;2;1;77;0;5949899;776;0
147;18;336;16;31;39;10;3.80;2;1;1;79;0;5949910;194;0
147;18;336;16;31;39;5;3.60;4;1;1;74;0;5949905;753;0
147;18;336;16;31;39;15;3.60;7;2;1;71;0;5949915;378;0
147;18;336;16;31;39;35;3.80;3;1;1;66;0;5949935;184;0
147;18;336;16;31;40;7;6.60;2;1;1;77;0;5950007;79;0
147;18;336;16;31;41;19;3.20;6;2;1;77;0;5950119;333;0
147;18;336;16;31;41;99;3.20;7;2;1;71;0;5950199;265;0
147;18;336;16;31;41;99;3.40;2;1;1;73;0;5950199;161;0
147;18;336;16;31;42;79;3.40;3;1;1;75;0;5950279;323;0
147;18;336;16;31;43;99;3.60;2;1;1;79;0;5950399;183;5949699
147;18;336;16;31;44;1;3.80;6;2;1;80;0;5950401;267;0
147;18;336;16;31;44;17;3.20;8;2;1;71;0;5950417;502;0
147;18;336;16;31;45;99;4.00;5;2;1;85;0;5950599;1183;0
147;18;336;16;31;46;10;3.20;7;2;1;76;0;5950610;394;0
147;18;336;16;31;46;99;12.00;3;1;7;82;0;5950699;403;0
147;18;336;16;31;47;1;3.80;4;1;1;84;0;5950701;778;0
147;18;336;16;31;47;1;3.20;6;2;1;78;0;5950701;282;0
147;18;336;16;31;47;45;4.00;5;2;1;83;0;5950745;129;0
147;18;336;16;31;49;7;5.40;4;1;1;83;0;5950907;189;0
147;18;336;16;31;49;99;4.00;5;2;1;85;0;5950999;236;0
147;18;336;16;31;49;99;3.60;3;1;1;76;0;5950999;247;0
147;18;336;16;31;50;99;3.60;7;2;1;72;0;5951099;473;0
147;18;336;16;31;51;7;3.20;3;1;1;74;0;5951107;90;0
147;18;336;16;31;52;12;4.00;4;1;1;85;0;5951212;281;0
147;18;336;16;31;53;3;3.40;6;2;1;77;0;5951303;587;0
147;18;336;16;31;53;98;3.80;3;1;1;77;0;5951398;275;0
147;18;336;16;31;53;99;4.00;2;1;1;78;0;5951399;983;0
147;18;336;16;31;54;1;3.20;1;1;1;71;0;5951401;1784;0
147;18;336;16;31;54;99;3.40;4;1;1;81;0;5951499;270;0
147;18;336;16;31;54;99;3.60;3;1;1;75;0;5951499;83;0
147;18;336;16;31;55;56;3.40;4;1;1;83;0;5951556;41;0
147;18;336;16;31;55;67;3.60;5;2;1;82;0;5951567;551;0
147;18;336;16;31;56;3;3.40;2;1;1;75;0;5951603;185;0
147;18;336;16;31;56;21;3.40;3;1;1;78;0;5951621;104;0
147;18;336;16;31;56;99;5.60;6;2;1;78;0;5951699;380;0
147;18;336;16;31;56;99;3.80;8;2;1;80;0;5951699;1265;0
147;18;336;16;31;57;99;4.00;4;1;1;85;0;5951799;228;0
147;18;336;16;31;57;10;3.60;3;1;1;77;0;5951710;73;0
147;18;336;16;31;58;10;3.40;6;2;1;75;0;5951810;85;0
147;18;336;16;31;58;99;3.40;8;2;1;78;0;5951899;182;0
147;18;336;16;31;59;16;4.00;5;2;1;79;0;5951916;333;0
147;18;336;16;31;59;99;4.40;6;2;1;75;0;5951999;172;0
147;18;336;16;32;0;65;3.60;3;1;1;78;0;5952065;338;0
147;18;336;16;32;0;74;8.40;2;1;2;82;0;5952074;454;0
147;18;336;16;32;1;19;4.00;4;1;1;80;0;5952119;303;0
147;18;336;16;32;1;99;3.40;6;2;1;76;0;5952199;178;0
147;18;336;16;32;2;3;4.40;6;2;1;73;0;5952203;-1;5951699
147;18;336;16;32;3;80;3.40;3;1;1;75;0;5952380;298;0
147;18;336;16;32;4;16;3.40;6;2;1;80;0;5952416;191;5951699
147;18;336;16;32;4;99;4.60;4;1;1;75;0;5952499;362;0
147;18;336;16;32;4;99;4.00;3;1;1;74;0;5952499;102;0
147;18;336;16;32;5;0;3.40;6;2;1;82;0;5952500;68;5951699
147;18;336;16;32;5;21;3.80;7;2;1;69;0;5952521;1404;0
147;18;336;16;32;5;64;3.60;2;1;1;72;0;5952564;453;0
147;18;336;16;32;6;11;4.00;6;2;1;76;0;5952611;96;5951699
147;18;336;16;32;6;19;3.60;7;2;1;75;0;5952619;78;5951699
147;18;336;16;32;6;99;5.40;5;2;1;84;0;5952699;764;0
147;18;336;16;32;7;99;3.40;3;1;1;74;0;5952799;280;0
147;18;336;16;32;8;59;4.00;8;2;1;76;0;5952859;944;0
147;18;336;16;32;9;6;3.60;6;2;1;81;0;5952906;276;0
147;18;336;16;32;9;6;2.80;3;1;1;61;0;5952906;90;0
147;18;336;16;32;10;23;3.80;8;2;1;94;0;5953023;145;0
147;18;336;16;32;9;99;4.40;3;1;1;60;0;5952999;76;0
147;18;336;16;32;10;16;3.60;2;1;1;68;0;5953016;434;0
147;18;336;16;32;10;54;3.60;6;2;1;79;0;5953054;132;0
147;18;336;16;32;11;99;3.20;3;1;1;67;0;5953199;173;0
147;18;336;16;32;12;99;3.40;6;2;1;81;0;5953299;228;0
147;18;336;16;32;13;24;3.60;5;2;1;79;0;5953324;601;0
147;18;336;16;32;13;70;3.60;7;2;1;85;0;5953370;733;0
147;18;336;16;32;13;85;3.80;3;1;1;72;0;5953385;168;5952799
147;18;336;16;32;14;6;3.80;1;1;1;74;0;5953406;1988;0
147;18;336;16;32;15;99;3.40;2;1;1;82;0;5953599;563;0
147;18;336;16;32;16;13;3.40;6;2;1;75;0;5953613;298;0
147;18;336;16;32;16;89;3.60;7;2;1;79;0;5953689;303;0
147;18;336;16;32;17;22;3.20;2;1;1;73;0;5953722;108;0
147;18;336;16;32;17;99;4.00;4;1;1;89;0;5953799;1277;0
147;18;336;16;32;18;14;3.40;6;2;1;79;0;5953814;184;0
147;18;336;16;32;18;94;3.80;3;1;1;76;0;5953894;490;0
147;18;336;16;32;19;99;4.00;3;1;1;83;0;5953999;87;0
147;18;336;16;32;19;99;3.60;4;1;1;82;0;5953999;183;0
147;18;336;16;32;20;99;4.40;2;1;1;75;0;5954099;361;0
147;18;336;16;32;20;0;3.40;4;1;1;79;0;5954000;-1;0
147;18;336;16;32;21;15;3.40;6;2;1;84;0;5954115;285;0
147;18;336;16;32;21;13;3.60;2;1;1;73;0;5954113;-1;0
147;18;336;16;32;21;99;3.80;5;2;1;84;0;5954199;858;0
147;18;336;16;32;22;16;4.20;7;2;1;93;0;5954216;510;0
147;18;336;16;32;22;99;3.80;5;2;1;87;0;5954299;83;0
147;18;336;16;32;22;99;3.80;2;1;1;70;0;5954299;168;0
147;18;336;16;32;24;99;3.40;2;1;1;78;0;5954499;180;0
147;18;336;16;32;24;99;3.80;4;1;1;79;0;5954499;483;0
147;18;336;16;32;25;3;4.20;6;2;1;86;0;5954503;373;0
147;18;336;16;32;25;16;3.60;5;2;1;89;0;5954516;201;0
147;18;336;16;32;28;46;3.00;6;2;1;74;0;5954846;325;0
147;18;336;16;32;29;99;3.60;2;1;1;78;0;5954999;484;0
147;18;336;16;32;30;10;3.40;3;1;1;78;0;5955010;993;0
147;18;336;16;32;30;9;4.60;4;1;1;84;0;5955009;492;0
147;18;336;16;32;31;23;3.40;3;1;1;77;0;5955123;97;0
147;18;336;16;32;31;70;3.60;5;2;1;84;0;5955170;639;0
147;18;336;16;32;31;70;3.60;6;2;1;77;0;5955170;309;0
147;18;336;16;32;32;99;4.00;8;2;1;74;0;5955299;2261;0
147;18;336;16;32;33;12;3.60;7;2;1;72;0;5955312;1079;0
147;18;336;16;32;34;99;4.00;8;2;1;77;0;5955499;180;0
147;18;336;16;32;34;99;3.60;6;2;1;79;0;5955499;312;0
147;18;336;16;32;35;24;3.20;2;1;1;77;0;5955524;508;0
147;18;336;16;32;35;99;3.60;5;2;1;84;0;5955599;413;0
147;18;336;16;32;36;6;3.60;6;2;1;76;0;5955606;90;0
147;18;336;16;32;36;90;3.20;2;1;1;80;0;5955690;151;0
147;18;336;16;32;37;99;3.60;7;2;1;77;0;5955799;469;0
147;18;336;16;32;38;99;3.40;4;1;1;82;0;5955899;870;0
147;18;336;16;32;38;7;3.80;5;2;1;80;0;5955807;192;0
147;18;336;16;32;39;3;4.00;7;2;1;82;0;5955903;87;0
147;18;336;16;32;40;0;3.80;5;2;1;84;0;5956000;175;0
147;18;336;16;32;40;0;4.00;6;2;1;79;0;5956000;376;0
147;18;336;16;32;40;99;3.60;3;1;1;74;0;5956099;960;0
147;18;336;16;32;42;99;3.60;3;1;1;75;0;5956299;182;0
147;18;336;16;32;42;99;3.20;6;2;1;73;0;5956299;280;0
147;18;336;16;32;43;2;3.40;7;2;1;81;0;5956302;381;0
147;18;336;16;32;44;2;3.60;5;2;1;80;0;5956402;385;0
147;18;336;16;32;44;59;4.00;3;1;1;79;0;5956459;142;0
147;18;336;16;32;44;99;3.80;2;1;1;88;0;5956499;794;0
147;18;336;16;32;45;12;3.60;6;2;1;73;0;5956512;197;0
147;18;336;16;32;45;23;3.40;4;1;1;87;0;5956523;609;0
147;18;336;16;32;46;30;3.00;6;2;1;75;0;5956630;100;0
147;18;336;16;32;47;2;3.20;3;1;1;79;0;5956702;224;0
147;18;336;16;32;47;99;3.80;4;1;1;86;0;5956799;261;0
147;18;336;16;32;47;99;3.80;6;2;1;72;0;5956799;154;0
147;18;336;16;32;48;18;3.60;2;1;1;80;0;5956818;303;0
147;18;336;16;32;48;99;4.00;3;1;1;89;0;5956899;182;0
147;18;336;16;32;48;99;3.60;7;2;1;75;0;5956899;581;0
147;18;336;16;32;49;70;3.20;6;2;1;77;0;5956970;152;5956299
147;18;336;16;32;49;99;4.00;7;2;1;74;0;5956999;82;5956299
147;18;336;16;32;49;99;4.00;2;1;1;78;0;5956999;164;5956299
147;18;336;16;32;50;99;3.60;6;2;1;79;0;5957099;114;5956299
147;18;336;16;32;51;10;3.80;3;1;1;80;0;5957110;194;5956299
147;18;336;16;32;52;14;3.40;2;1;1;82;0;5957214;196;5956299
147;18;336;16;32;53;99;3.00;6;2;1;74;0;5957399;283;0
147;18;336;16;32;54;48;3.60;2;1;1;79;0;5957448;219;0
147;18;336;16;32;54;56;3.20;7;2;1;76;0;5957456;437;0
147;18;336;16;32;55;99;3.20;6;2;1;75;0;5957599;185;0
147;18;336;16;32;55;99;3.60;3;1;1;77;0;5957599;471;0
147;18;336;16;32;56;10;3.80;2;1;1;75;0;5957610;145;0
147;18;336;16;32;56;99;2.80;4;1;1;77;0;5957699;884;0
147;18;336;16;32;56;56;3.80;5;2;1;85;0;5957656;1237;0
147;18;336;16;32;59;0;3.60;7;2;1;78;0;5957900;428;0
147;18;336;16;32;59;35;3.60;4;1;1;81;0;5957935;222;0
147;18;336;16;32;59;52;3.80;2;1;1;81;0;5957952;323;0
147;18;336;16;33;0;99;3.80;4;1;1;78;0;5958099;148;0
147;18;336;16;33;0;99;3.40;6;2;1;72;0;5958099;484;0
147;18;336;16;33;1;99;3.60;3;1;1;78;0;5958199;583;0
147;18;336;16;33;1;99;3.60;4;1;1;79;0;5958199;82;0
147;18;336;16;33;1;39;3.80;5;2;1;79;0;5958139;466;0
147;18;336;16;33;2;99;3.80;4;1;1;82;0;5958299;83;0
147;18;336;16;33;3;99;4.00;2;1;1;80;0;5958399;430;0
147;18;336;16;33;3;99;3.80;5;2;1;79;0;5958399;242;0
147;18;336;16;33;4;81;3.20;4;1;1;82;0;5958481;165;5957935
147;18;336;16;33;5;99;3.60;6;2;1;65;0;5958599;483;0
147;18;336;16;33;5;99;3.00;8;2;1;69;0;5958599;3081;0
147;18;336;16;33;6;99;3.00;3;1;1;75;0;5958699;483;0
147;18;336;16;33;6;99;3.40;2;1;1;84;0;5958699;282;0
147;18;336;16;33;6;99;3.40;6;2;1;66;0;5958699;80;0
147;18;336;16;33;6;16;3.80;5;2;1;78;0;5958616;199;0
147;18;336;16;33;7;8;3.60;3;1;1;73;0;5958708;-1;0
147;18;336;16;33;7;72;3.00;6;2;1;64;0;5958772;54;0
147;18;336;16;33;7;99;2.80;2;1;1;79;0;5958799;85;0
147;18;336;16;33;8;99;4.40;7;2;1;72;0;5958899;982;0
147;18;336;16;33;8;99;5.00;3;1;1;75;0;5958899;173;0
147;18;336;16;33;9;3;3.60;2;1;1;76;0;5958903;91;0
147;18;336;16;33;9;37;4.00;5;2;1;79;0;5958937;303;0
147;18;336;16;33;9;44;3.20;7;2;1;73;0;5958944;23;0
147;18;336;16;33;9;77;3.00;6;2;1;67;0;5958977;188;0
147;18;336;16;33;10;99;3.60;1;1;1;80;0;5959099;5674;0
147;18;336;16;33;10;99;3.00;3;1;1;69;0;5959099;176;0
147;18;336;16;33;10;99;3.80;8;2;1;74;0;5959099;484;0
147;18;336;16;33;10;99;3.00;5;2;1;79;0;5959099;143;0
147;18;336;16;33;11;99;3.60;6;2;1;69;0;5959199;205;0
147;18;336;16;33;11;99;5.40;2;1;1;75;0;5959199;278;0
147;18;336;16;33;12;99;4.20;2;1;1;77;0;5959299;74;0
147;18;336;16;33;12;43;5.20;7;2;1;41;0;5959243;283;0
147;18;336;16;33;13;99;3.60;3;1;1;73;0;5959399;284;0
147;18;336;16;33;14;99;4.20;6;2;1;76;0;5959499;281;0
147;18;336;16;33;14;34;3.80;1;1;1;80;0;5959434;318;0
147;18;336;16;33;15;3;3.60;2;1;1;83;0;5959503;184;0
147;18;336;16;33;15;99;3.80;5;2;1;82;0;5959599;486;0
147;18;336;16;33;14;49;8.20;7;2;1;56;0;5959449;160;0
147;18;336;16;33;15;99;3.20;6;2;1;67;0;5959599;80;0
147;18;336;16;33;16;99;3.60;5;2;1;80;0;5959699;83;0
147;18;336;16;33;16;99;6.40;7;2;1;62;0;5959699;197;0
147;18;336;16;33;17;41;3.20;3;1;1;66;0;5959741;324;0
147;18;336;16;33;17;75;3.60;6;2;1;70;0;5959775;158;0
147;18;336;16;33;19;2;4.00;3;1;1;69;0;5959902;143;0
147;18;336;16;33;19;99;3.20;2;1;1;70;0;5959999;480;0
147;18;336;16;33;20;0;3.80;4;1;1;82;0;5960000;1504;0
147;18;336;16;33;20;4;3.40;6;2;1;70;0;5960004;210;0
147;18;336;16;33;20;93;3.40;5;2;1;79;0;5960093;377;0
147;18;336;16;33;20;99;3.80;4;1;1;82;0;5960099;82;0
147;18;336;16;33;21;99;3.60;1;1;1;83;0;5960199;747;0
147;18;336;16;33;21;99;3.40;7;2;1;73;0;5960199;462;0
147;18;336;16;33;22;4;3.20;5;2;1;81;0;5960204;95;0
147;18;336;16;33;22;30;3.00;3;1;1;71;0;5960230;307;0
147;18;336;16;33;22;76;3.80;5;2;1;80;0;5960276;57;0
147;18;336;16;33;22;79;3.40;6;2;1;67;0;5960279;257;0
147;18;336;16;33;23;20;3.60;4;1;1;78;0;5960320;204;0
147;18;336;16;33;24;99;3.80;2;1;1;80;0;5960499;483;0
147;18;336;16;33;24;19;3.20;1;1;1;88;0;5960419;204;0
147;18;336;16;33;22;79;4.00;7;2;1;19;0;5960279;63;0
147;18;336;16;33;24;20;3.60;4;1;1;75;0;5960420;83;0
147;18;336;16;33;25;99;3.60;6;2;1;72;0;5960599;301;0
147;18;336;16;33;26;99;4.40;7;2;1;80;0;5960699;344;0
147;18;336;16;33;26;99;3.60;6;2;1;72;0;5960699;82;0
147;18;336;16;33;27;60;3.60;5;2;1;80;0;5960760;466;0
147;18;336;16;33;27;52;8.80;7;2;2;50;0;5960752;33;0
147;18;336;16;33;29;7;3.60;5;2;1;81;0;5960907;130;0
147;18;336;16;33;29;99;3.60;6;2;1;74;0;5960999;282;0
147;18;336;16;33;29;22;3.80;5;2;1;82;0;5960922;-1;0
147;18;336;16;33;30;17;3.80;4;1;1;82;0;5961017;579;0
147;18;336;16;33;30;86;3.60;6;2;1;75;0;5961086;69;0
147;18;336;16;33;31;0;3.80;3;1;1;78;0;5961100;854;0
147;18;336;16;33;31;22;4.00;2;1;1;81;0;5961122;605;0
147;18;336;16;33;31;99;3.80;3;1;1;79;0;5961199;81;0
147;18;336;16;33;33;99;4.40;2;1;1;82;0;5961399;259;0
147;18;336;16;33;33;99;4.20;5;2;1;87;0;5961399;460;0
147;18;336;16;33;33;99;3.80;6;2;1;83;0;5961399;295;0
147;18;336;16;33;35;75;3.80;3;1;1;78;0;5961575;358;0
147;18;336;16;33;35;99;3.80;8;2;1;82;0;5961599;2481;0
147;18;336;16;33;37;99;3.80;6;2;1;77;0;5961799;383;0
147;18;336;16;33;37;8;4.00;3;1;1;75;0;5961708;115;0
147;18;336;16;33;37;49;3.40;2;1;1;78;0;5961749;330;0
147;18;336;16;33;34;95;4.00;7;2;1;10;0;5961495;679;0
147;18;336;16;33;39;99;3.20;1;1;1;81;0;5961999;1566;0
147;18;336;16;33;41;99;3.80;5;2;1;71;0;5962199;782;0
147;18;336;16;33;42;99;4.40;2;1;1;70;0;5962299;534;0
147;18;336;16;33;43;98;3.80;6;2;1;81;0;5962398;581;0
147;18;336;16;33;43;99;3.80;4;1;1;79;0;5962399;1365;0
147;18;336;16;33;43;95;8.20;3;1;6;78;0;5962395;667;0
147;18;336;16;33;44;1;3.60;8;2;1;69;0;5962401;785;0
147;18;336;16;33;45;74;3.60;5;2;1;79;0;5962574;355;0
147;18;336;16;33;45;87;3.60;4;1;1;78;0;5962587;170;0
147;18;336;16;33;46;3;3.80;2;1;1;84;0;5962603;281;0
147;18;336;16;33;46;99;3.80;3;1;1;72;0;5962699;266;0
147;18;336;16;33;46;99;3.60;6;2;1;73;0;5962699;284;0
147;18;336;16;33;46;99;3.80;7;2;1;80;0;5962699;1060;0
147;18;336;16;33;46;99;3.80;8;2;1;84;0;5962699;279;0
147;18;336;16;33;47;20;5.80;7;2;1;70;0;5962720;3;0
147;18;336;16;33;48;74;3.60;3;1;1;72;0;5962874;156;0
147;18;336;16;33;48;92;4.00;4;1;1;82;0;5962892;288;0
147;18;336;16;33;48;99;3.80;5;2;1;84;0;5962899;308;0
147;18;336;16;33;48;99;3.80;7;2;1;75;0;5962899;149;0
147;18;336;16;33;49;99;3.40;4;1;1;77;0;5962999;89;0
147;18;336;16;33;50;79;4.00;4;1;1;78;0;5963079;64;0
147;18;336;16;33;51;5;3.40;6;2;1;81;0;5963105;388;0
147;18;336;16;33;52;18;3.20;1;1;1;71;0;5963218;1204;0
147;18;336;16;33;52;99;3.60;5;2;1;81;0;5963299;383;0
147;18;336;16;33;52;99;3.80;4;1;1;79;0;5963299;201;0
147;18;336;16;33;52;8;3.20;2;1;1;78;0;5963208;588;0
147;18;336;16;33;54;99;3.60;4;1;1;81;0;5963499;182;0
147;18;336;16;33;54;99;4.00;6;2;1;77;0;5963499;378;0
147;18;336;16;33;54;99;5.00;8;2;1;63;0;5963499;783;0
147;18;336;16;33;56;5;3.80;4;1;1;86;0;5963605;90;0
147;18;336;16;33;56;90;3.80;8;2;1;62;0;5963690;162;0
147;18;336;16;33;56;99;3.60;5;2;1;81;0;5963699;384;0
147;18;336;16;33;56;99;2.80;3;1;1;79;0;5963699;807;0
147;18;336;16;33;56;99;3.80;6;2;1;78;0;5963699;181;0
147;18;336;16;33;58;3;3.40;7;2;1;75;0;5963803;885;0
147;18;336;16;33;58;40;3.20;2;1;1;70;0;5963840;617;0
147;18;336;16;33;58;99;5.40;6;2;1;75;0;5963899;182;0
147;18;336;16;33;59;99;3.00;2;1;1;69;0;5963999;142;0
147;18;336;16;34;1;3;3.80;6;2;1;78;0;5964103;178;0
147;18;336;16;34;2;13;4.00;7;2;1;75;0;5964213;393;0
147;18;336;16;34;2;99;4.00;2;1;1;76;0;5964299;284;0
147;18;336;16;34;2;99;3.40;3;1;1;77;0;5964299;587;0
147;18;336;16;34;2;99;3.60;6;2;1;75;0;5964299;178;5963499
147;18;336;16;34;3;40;3.80;5;2;1;82;0;5964340;625;0
147;18;336;16;34;3;91;3.60;8;2;1;78;0;5964391;678;0
147;18;336;16;34;3;99;6.40;1;1;1;78;0;5964399;1164;0
147;18;336;16;34;4;22;3.40;5;2;1;82;0;5964422;65;0
147;18;336;16;34;4;13;3.60;6;2;1;73;0;5964413;96;5963499
147;18;336;16;34;4;99;4.00;7;2;1;72;0;5964499;266;0
147;18;336;16;34;4;99;3.40;4;1;1;82;0;5964499;878;0
147;18;336;16;34;5;19;3.80;6;2;1;78;0;5964519;88;5963499
147;18;336;16;34;6;93;3.80;6;2;1;75;0;5964693;156;5963499
147;18;336;16;34;6;99;3.80;2;1;1;77;0;5964699;381;0
147;18;336;16;34;7;99;3.60;3;1;1;81;0;5964799;484;0
147;18;336;16;34;8;21;3.80;5;2;1;76;0;5964821;384;0
147;18;336;16;34;8;80;3.40;6;2;1;75;0;5964880;168;5963499
147;18;336;16;34;9;99;3.60;4;1;1;81;0;5964999;485;0
147;18;336;16;34;10;99;3.80;3;1;1;81;0;5965099;284;0
147;18;336;16;34;10;31;3.40;6;2;1;76;0;5965031;134;5963499
147;18;336;16;34;12;99;3.60;6;2;1;78;0;5965299;251;0
147;18;336;16;34;12;99;3.20;4;1;1;74;0;5965299;284;0
147;18;336;16;34;13;21;3.60;8;2;1;76;0;5965321;913;0
147;18;336;16;34;13;24;3.60;2;1;1;78;0;5965324;607;0
147;18;336;16;34;13;69;3.40;1;1;1;74;0;5965369;940;0
147;18;336;16;34;14;99;3.40;3;1;1;81;0;5965499;383;0
147;18;336;16;34;15;0;4.00;2;1;1;78;0;5965500;159;0
147;18;336;16;34;15;99;4.40;7;2;1;79;0;5965599;1080;0
147;18;336;16;34;15;99;3.20;4;1;1;78;0;5965599;284;0
147;18;336;16;34;15;1;3.40;2;1;1;78;0;5965501;-1;0
147;18;336;16;34;16;87;4.60;3;1;1;86;0;5965687;172;0
147;18;336;16;34;17;13;3.40;6;2;1;76;0;5965713;397;0
147;18;336;16;34;17;99;3.60;3;1;1;78;0;5965799;92;0
147;18;336;16;34;21;75;4.60;6;2;1;77;0;5966175;445;0
147;18;336;16;34;22;99;3.60;8;2;1;77;0;5966299;960;0
147;18;336;16;34;22;99;3.60;3;1;1;79;0;5966299;483;0
147;18;336;16;34;23;12;3.60;5;2;1;81;0;5966312;1473;0
147;18;336;16;34;24;10;4.00;6;2;1;85;0;5966410;213;0
147;18;336;16;34;25;0;3.00;5;2;1;84;0;5966500;172;0
147;18;336;16;34;24;99;3.40;2;1;1;54;0;5966499;982;0
147;18;336;16;34;25;99;3.60;6;2;1;80;0;5966599;172;0
147;18;336;16;34;25;99;4.20;4;1;1;77;0;5966599;985;0
147;18;336;16;34;25;99;3.60;2;1;1;54;0;5966599;77;0
147;18;336;16;34;25;99;15.80;3;1;4;69;0;5966599;283;0
147;18;336;16;34;26;63;3.80;5;2;1;82;0;5966663;150;0
147;18;336;16;34;26;48;5.40;3;1;1;63;0;5966648;-1;0
147;18;336;16;34;26;96;3.80;4;1;1;78;0;5966696;77;0
147;18;336;16;34;28;4;3.00;5;2;1;82;0;5966804;124;0
147;18;336;16;34;27;99;3.40;3;1;1;64;0;5966799;120;0
147;18;336;16;34;28;99;3.40;6;2;1;76;0;5966899;283;0
147;18;336;16;34;28;3;3.00;2;1;1;58;0;5966803;180;0
147;18;336;16;34;29;0;3.60;5;2;1;83;0;5966900;82;5966312
147;18;336;16;34;29;4;3.80;3;1;1;65;0;5966904;85;5966312
147;18;336;16;34;29;99;3.80;4;1;1;83;0;5966999;285;0
147;18;336;16;34;29;99;3.20;2;1;1;62;0;5966999;177;0
147;18;336;16;34;30;99;3.20;5;2;1;83;0;5967099;183;5966312
147;18;336;16;34;30;99;3.60;7;2;1;77;0;5967099;1479;0
147;18;336;16;34;31;74;6.40;6;2;1;79;0;5967174;258;0
147;18;336;16;34;32;99;4.20;5;2;1;81;0;5967299;186;5966312
147;18;336;16;34;33;16;3.60;4;1;1;79;0;5967316;300;0
147;18;336;16;34;33;13;3.20;6;2;1;95;0;5967313;109;0
147;18;336;16;34;33;5;3.20;7;2;1;80;0;5967305;189;0
147;18;336;16;34;33;24;4.00;3;1;1;80;0;5967324;398;0
147;18;336;16;34;34;58;3.20;2;1;1;76;0;5967458;440;0
147;18;336;16;34;34;62;3.60;5;2;1;82;0;5967462;144;5966312
147;18;336;16;34;34;99;3.60;2;1;1;76;0;5967499;25;5966312
147;18;336;16;34;37;99;3.20;3;1;1;73;0;5967799;457;0
147;18;336;16;34;38;3;3.20;4;1;1;78;0;5967803;470;0
147;18;336;16;34;38;99;3.60;1;1;1;80;0;5967899;2513;0
147;18;336;16;34;38;99;4.00;6;2;1;82;0;5967899;573;0
147;18;336;16;34;39;8;4.00;2;1;1;89;0;5967908;391;0
147;18;336;16;34;39;96;4.80;2;1;1;81;0;5967996;71;0
147;18;336;16;34;40;99;3.60;6;2;1;76;0;5968099;182;0
147;18;336;16;34;40;99;3.60;5;2;1;80;0;5968099;621;0
147;18;336;16;34;42;9;3.20;8;2;1;77;0;5968209;1893;0
147;18;336;16;34;42;99;3.80;5;2;1;82;0;5968299;183;0
147;18;336;16;34;42;99;3.60;4;1;1;99;0;5968299;481;0
147;18;336;16;34;44;93;3.60;3;1;1;95;0;5968493;678;0
147;18;336;16;34;44;92;3.80;2;1;1;94;0;5968492;474;0
147;18;336;16;34;45;99;3.40;6;2;1;72;0;5968599;482;0
147;18;336;16;34;46;8;3.20;1;1;1;77;0;5968608;692;0
147;18;336;16;34;47;86;3.20;6;2;1;79;0;5968786;170;0
147;18;336;16;34;47;99;3.60;2;1;1;87;0;5968799;292;0
147;18;336;16;34;48;99;3.80;7;2;1;77;0;5968899;1579;0
147;18;336;16;34;49;70;3.80;6;2;1;80;0;5968970;169;0
147;18;336;16;34;50;99;3.40;3;1;1;76;0;5969099;592;0
147;18;336;16;34;52;6;3.80;1;1;1;79;0;5969206;583;0
147;18;336;16;34;51;9;1.00;7;2;1;1;1;5969109;192;0
147;18;336;16;34;52;7;8.60;7;1;2;37;0;5969207;119888;0
147;18;336;16;34;54;22;3.80;5;2;1;82;0;5969422;1106;0
147;18;336;16;34;55;99;3.40;6;2;1;71;0;5969599;611;0
147;18;336;16;34;55;99;3.40;5;2;1;82;0;5969599;160;0
147;18;336;16;34;55;99;3.80;1;1;1;86;0;5969599;375;0
147;18;336;16;34;56;99;3.60;5;2;1;86;0;5969699;85;0
147;18;336;16;34;56;15;3.40;3;1;1;70;0;5969615;499;0
147;18;336;16;34;57;79;3.60;8;2;1;73;0;5969779;1555;0
147;18;336;16;34;58;11;3.80;5;2;1;83;0;5969811;96;0
147;18;336;16;34;58;99;3.00;6;2;1;79;0;5969899;282;0
147;18;336;16;34;59;57;3.40;8;2;1;75;0;5969957;160;0
147;18;336;16;34;59;58;4.00;2;1;1;73;0;5969958;1144;0
147;18;336;16;35;1;7;18.40;7;2;5;75;0;5970107;1190;0
147;18;336;16;35;2;99;3.60;6;2;1;74;0;5970299;386;0
147;18;336;16;35;4;4;3.20;6;2;1;73;0;5970404;87;0
147;18;336;16;35;5;98;3.40;5;2;1;80;0;5970598;770;0
147;18;336;16;35;5;91;5.80;7;2;1;74;0;5970591;395;0
147;18;336;16;35;6;99;3.20;5;2;1;82;0;5970699;85;0
147;18;336;16;35;7;68;3.20;6;2;1;81;0;5970768;348;0
147;18;336;16;35;7;60;3.20;8;2;1;66;0;5970760;786;0
147;18;336;16;35;8;99;3.60;8;2;1;67;0;5970899;121;0
147;18;336;16;35;9;99;3.00;2;1;1;76;0;5970999;1021;0
147;18;336;16;35;9;26;3.60;6;2;1;70;0;5970926;143;0
147;18;336;16;35;9;41;3.40;7;2;1;78;0;5970941;321;0
147;18;336;16;35;10;99;4.00;4;1;1;78;0;5971099;2786;0
147;18;336;16;35;11;9;3.40;8;2;1;77;0;5971109;190;0
147;18;336;16;35;12;27;4.00;4;1;1;81;0;5971227;109;0
147;18;336;16;35;12;46;3.80;3;1;1;81;0;5971246;1613;0
147;18;336;16;35;13;99;3.80;7;2;1;86;0;5971399;442;0
147;18;336;16;35;13;99;3.40;4;1;1;81;0;5971399;154;0
147;18;336;16;35;13;99;6.00;6;2;1;74;0;5971399;454;0
147;18;336;16;35;14;99;3.40;7;2;1;75;0;5971499;84;0
147;18;336;16;35;14;17;3.60;5;2;1;80;0;5971417;703;0
147;18;336;16;35;15;69;3.80;2;1;1;79;0;5971569;555;0
147;18;336;16;35;15;81;3.40;7;2;1;73;0;5971581;65;0
147;18;336;16;35;15;99;3.60;5;2;1;81;0;5971599;165;0
147;18;336;16;35;16;99;3.40;6;2;1;77;0;5971699;270;0
147;18;336;16;35;16;99;3.40;1;1;1;65;0;5971699;2084;0
147;18;336;16;35;17;25;3.60;5;2;1;78;0;5971725;110;0
147;18;336;16;35;17;41;3.80;2;1;1;79;0;5971741;154;0
147;18;336;16;35;18;99;4.40;7;2;1;72;0;5971899;301;0
147;18;336;16;35;19;99;3.40;3;1;1;73;0;5971999;736;0
147;18;336;16;35;19;99;4.00;5;2;1;83;0;5971999;257;0
147;18;336;16;35;19;99;3.60;7;2;1;73;0;5971999;78;0
147;18;336;16;35;19;1;3.60;4;1;1;80;0;5971901;486;0
147;18;336;16;35;20;62;3.40;6;2;1;73;0;5972062;347;0
147;18;336;16;35;20;82;3.40;2;1;1;81;0;5972082;323;0
147;18;336;16;35;21;99;3.80;7;2;1;75;0;5972199;182;0
147;18;336;16;35;21;99;3.40;5;2;1;88;0;5972199;182;0
147;18;336;16;35;21;99;3.80;2;1;1;78;0;5972199;101;0
147;18;336;16;35;22;28;3.60;3;1;1;82;0;5972228;212;0
147;18;336;16;35;22;27;4.00;6;2;1;75;0;5972227;148;0
147;18;336;16;35;23;1;4.80;5;2;1;84;0;5972301;88;0
147;18;336;16;35;23;99;3.60;6;2;1;76;0;5972399;152;0
147;18;336;16;35;23;85;5.20;7;2;1;35;0;5972385;167;0
147;18;336;16;35;25;67;3.40;2;1;1;87;0;5972567;350;0
147;18;336;16;35;25;99;6.20;6;2;1;75;0;5972599;182;0
147;18;336;16;35;26;99;3.60;5;2;1;81;0;5972699;377;0
147;18;336;16;35;27;99;3.40;6;2;1;73;0;5972799;170;5972062
147;18;336;16;35;27;99;3.60;4;1;1;81;0;5972799;881;0
147;18;336;16;35;27;38;3.80;2;1;1;89;0;5972738;156;0
147;18;336;16;35;28;99;3.40;3;1;1;83;0;5972899;655;0
147;18;336;16;35;28;99;3.80;7;2;1;83;0;5972899;460;0
147;18;336;16;35;29;99;3.60;4;1;1;85;0;5972999;184;0
147;18;336;16;35;30;35;3.60;5;2;1;82;0;5973035;320;0
147;18;336;16;35;30;84;3.80;1;1;1;80;0;5973084;1366;0
147;18;336;16;35;30;93;4.20;7;2;1;72;0;5973093;177;0
147;18;336;16;35;31;99;3.40;2;1;1;79;0;5973199;445;0
147;18;336;16;35;32;99;7.20;6;2;2;75;0;5973299;483;0
147;18;336;16;35;32;99;3.40;8;2;1;69;0;5973299;2174;0
147;18;336;16;35;32;2;3.00;4;1;1;81;0;5973202;187;0
147;18;336;16;35;33;20;3.20;6;2;1;75;0;5973320;-1;0
147;18;336;16;35;34;99;7.20;5;2;1;93;0;5973499;448;0
147;18;336;16;35;34;99;3.60;6;2;1;76;0;5973499;163;0
147;18;336;16;35;34;99;3.80;1;1;1;73;0;5973499;397;0
147;18;336;16;35;35;38;4.00;8;2;1;72;0;5973538;221;0
147;18;336;16;35;35;87;7.00;7;2;1;61;0;5973587;473;0
147;18;336;16;35;36;99;4.00;2;1;1;81;0;5973699;484;0
147;18;336;16;35;38;14;4.00;4;1;1;85;0;5973814;598;0
147;18;336;16;35;38;99;3.40;6;2;1;78;0;5973899;382;0
147;18;336;16;35;39;99;3.80;3;1;1;78;0;5973999;1085;0
147;18;336;16;35;40;23;2.80;2;1;1;79;0;5974023;306;0
147;18;336;16;35;40;24;3.80;6;2;1;77;0;5974024;109;0
147;18;336;16;35;41;12;3.60;5;2;1;80;0;5974112;585;0
147;18;336;16;35;41;99;3.80;6;2;1;79;0;5974199;157;0
147;18;336;16;35;42;99;3.20;1;1;1;78;0;5974299;781;0
147;18;336;16;35;44;99;4.80;6;2;1;82;0;5974499;282;0
147;18;336;16;35;44;99;3.80;2;1;1;80;0;5974499;463;0
147;18;336;16;35;45;5;3.60;5;2;1;80;0;5974505;376;0
147;18;336;16;35;45;55;4.20;8;2;1;73;0;5974555;997;0
147;18;336;16;35;46;21;3.40;4;1;1;79;0;5974621;790;0
147;18;336;16;35;47;14;3.00;6;2;1;83;0;5974714;193;0
147;18;336;16;35;47;99;3.20;8;2;1;72;0;5974799;223;0
147;18;336;16;35;48;55;3.60;3;1;1;80;0;5974855;838;0
147;18;336;16;35;49;99;4.00;5;2;1;86;0;5974999;477;0
147;18;336;16;35;50;99;3.40;4;1;1;90;0;5975099;462;0
147;18;336;16;35;50;99;3.40;6;2;1;69;0;5975099;371;0
147;18;336;16;35;50;45;3.80;5;2;1;89;0;5975045;29;0
147;18;336;16;35;51;99;3.40;4;1;1;87;0;5975199;86;0
147;18;336;16;35;51;99;4.60;3;1;1;64;0;5975199;327;0
147;18;336;16;35;50;16;4.00;7;2;1;16;0;5975016;1387;0
147;18;336;16;35;52;99;3.80;6;2;1;67;0;5975299;182;0
147;18;336;16;35;52;99;3.60;2;1;1;62;0;5975299;782;0
147;18;336;16;35;52;99;3.00;7;2;1;73;0;5975299;193;0
147;18;336;16;35;52;99;4.00;5;2;1;79;0;5975299;238;0
147;18;336;16;35;53;34;3.00;2;1;1;61;0;5975334;14;0
147;18;336;16;35;53;48;3.60;3;1;1;64;0;5975348;123;0
147;18;336;16;35;53;96;4.40;1;1;1;65;0;5975396;1082;0
147;18;336;16;35;54;99;3.60;4;1;1;81;0;5975499;285;0
147;18;336;16;35;54;99;3.60;5;2;1;83;0;5975499;181;0
147;18;336;16;35;54;99;3.60;2;1;1;69;0;5975499;147;0
147;18;336;16;35;56;76;3.80;7;2;1;76;0;5975676;362;0
147;18;336;16;35;56;84;3.40;6;2;1;67;0;5975684;364;0
147;18;336;16;35;56;97;3.20;8;2;1;79;0;5975697;882;0
147;18;336;16;35;56;99;3.60;5;2;1;78;0;5975699;184;0
147;18;336;16;35;57;99;3.60;2;1;1;65;0;5975799;281;0
147;18;336;16;35;57;99;3.40;3;1;1;73;0;5975799;430;0
147;18;336;16;35;57;99;3.80;7;2;1;79;0;5975799;105;0
147;18;336;16;35;58;99;3.40;2;1;1;60;0;5975899;80;0
147;18;336;16;35;58;53;3.60;3;1;1;74;0;5975853;37;0
147;18;336;16;35;58;76;3.20;6;2;1;77;0;5975876;173;0
147;18;336;16;35;59;99;3.60;5;2;1;87;0;5975999;283;0
147;18;336;16;35;59;99;3.60;2;1;1;60;0;5975999;79;0
147;18;336;16;35;59;99;4.20;6;2;1;74;0;5975999;108;0
147;18;336;16;36;0;99;3.20;5;2;1;84;0;5976099;85;0
147;18;336;16;36;1;58;4.00;6;2;1;72;0;5976158;138;0
147;18;336;16;36;1;99;3.40;5;2;1;79;0;5976199;86;0
147;18;336;16;36;2;99;3.60;1;1;1;75;0;5976299;878;0
147;18;336;16;36;2;99;3.40;2;1;1;49;0;5976299;278;0
147;18;336;16;36;3;8;5.20;4;1;1;77;0;5976308;793;0
147;18;336;16;36;3;66;4.00;3;1;1;60;0;5976366;495;0
147;18;336;16;36;4;28;3.60;7;2;1;84;0;5976428;611;0
147;18;336;16;36;4;99;4.00;2;1;1;65;0;5976499;175;0
147;18;336;16;36;4;99;3.20;3;1;1;58;0;5976499;109;0
147;18;336;16;36;5;11;3.60;6;2;1;73;0;5976511;333;0
147;18;336;16;36;6;35;3.00;2;1;1;65;0;5976635;113;0
147;18;336;16;36;7;99;3.20;2;1;1;71;0;5976799;147;0
147;18;336;16;36;8;1;3.20;6;2;1;75;0;5976801;272;0
147;18;336;16;36;8;49;3.40;7;2;1;73;0;5976849;405;0
147;18;336;16;36;9;99;4.40;7;2;1;76;0;5976999;133;0
147;18;336;16;36;11;40;3.40;6;2;1;67;0;5977140;323;0
147;18;336;16;36;11;99;4.00;4;1;1;87;0;5977199;866;0
147;18;336;16;36;12;99;3.60;2;1;1;77;0;5977299;483;0
147;18;336;16;36;12;99;3.60;6;2;1;70;0;5977299;140;0
147;18;336;16;36;13;18;3.40;5;2;1;79;0;5977318;1103;0
147;18;336;16;36;13;24;3.60;6;2;1;70;0;5977324;6;0
147;18;336;16;36;14;19;3.60;2;1;1;80;0;5977419;103;0
147;18;336;16;36;14;75;3.40;7;2;1;77;0;5977475;455;0
147;18;336;16;36;14;99;3.20;5;2;1;75;0;5977499;165;0
147;18;336;16;36;15;99;3.60;7;2;1;78;0;5977599;108;0
147;18;336;16;36;15;99;3.40;6;2;1;70;0;5977599;256;0
147;18;336;16;36;16;51;3.60;5;2;1;78;0;5977651;136;0
147;18;336;16;36;16;66;3.00;6;2;1;71;0;5977666;49;0
147;18;336;16;36;16;78;3.20;7;2;1;79;0;5977678;62;0
147;18;336;16;36;17;99;3.20;5;2;1;83;0;5977799;131;0
147;18;336;16;36;17;99;4.20;3;1;1;85;0;5977799;1280;0
147;18;336;16;36;17;99;3.40;6;2;1;67;0;5977799;117;0
147;18;336;16;36;18;21;4.00;7;2;1;77;0;5977821;128;0
147;18;336;16;36;19;12;3.20;3;1;1;80;0;5977912;95;0
147;18;336;16;36;19;99;3.40;7;2;1;79;0;5977999;159;5977475
147;18;336;16;36;20;99;3.80;2;1;1;90;0;5978099;663;0
147;18;336;16;36;22;99;3.40;5;2;1;77;0;5978299;486;0
147;18;336;16;36;22;99;3.40;7;2;1;79;0;5978299;284;0
147;18;336;16;36;22;14;7.80;6;1;6;32;0;5978214;894401;0
147;18;336;16;36;23;99;3.80;7;2;1;75;0;5978399;84;0
147;18;336;16;36;24;61;3.60;3;1;1;81;0;5978461;534;0
147;18;336;16;36;24;75;3.40;2;1;1;84;0;5978475;360;0
147;18;336;16;36;25;13;3.80;7;2;1;74;0;5978513;95;0
147;18;336;16;36;25;99;3.80;8;2;1;82;0;5978599;2887;0
147;18;336;16;36;25;99;3.40;5;2;1;74;0;5978599;284;0
147;18;336;16;36;25;99;3.60;6;2;1;72;0;5978599;781;0
147;18;336;16;36;26;16;3.20;2;1;1;81;0;5978616;126;0
147;18;336;16;36;26;16;4.60;3;1;1;82;0;5978616;139;0
147;18;336;16;36;26;67;3.60;7;2;1;70;0;5978667;135;0
147;18;336;16;36;27;16;3.80;5;2;1;74;0;5978716;100;0
147;18;336;16;36;27;99;5.40;3;1;1;68;0;5978799;162;0
147;18;336;16;36;27;99;3.60;7;2;1;69;0;5978799;113;5978299
147;18;336;16;36;28;99;3.40;5;2;1;78;0;5978899;164;5978299
147;18;336;16;36;29;5;3.20;3;1;1;66;0;5978905;77;5978299
147;18;336;16;36;29;37;3.80;7;2;1;65;0;5978937;119;5978299
147;18;336;16;36;29;91;3.40;8;2;1;74;0;5978991;375;0
147;18;336;16;36;29;99;4.20;3;1;1;78;0;5978999;76;5978461
147;18;336;16;36;30;11;3.60;6;2;1;76;0;5979011;394;0
147;18;336;16;36;30;99;3.40;7;2;1;72;0;5979099;140;5978299
147;18;336;16;36;31;1;3.80;3;1;1;64;0;5979101;82;5978461
147;18;336;16;36;31;20;3.40;4;1;1;77;0;5979120;1904;0
147;18;336;16;36;31;36;3.60;2;1;1;64;0;5979136;505;0
147;18;336;16;36;32;12;3.60;7;2;1;67;0;5979212;96;5978299
147;18;336;16;36;32;99;3.40;1;1;1;76;0;5979299;2982;0
147;18;336;16;36;32;99;4.00;4;1;1;77;0;5979299;163;0
147;18;336;16;36;32;99;3.00;3;1;1;62;0;5979299;176;5978461
147;18;336;16;36;32;99;3.60;7;2;1;66;0;5979299;67;5978299
147;18;336;16;36;34;2;3.20;6;2;1;77;0;5979402;373;0
147;18;336;16;36;34;3;3.20;2;1;1;73;0;5979403;246;0
147;18;336;16;36;34;19;3.60;4;1;1;77;0;5979419;101;0
147;18;336;16;36;34;24;3.20;7;2;1;65;0;5979424;105;5978299
147;18;336;16;36;34;31;3.60;3;1;1;64;0;5979431;114;5978461
147;18;336;16;36;34;53;3.80;5;2;1;80;0;5979453;538;0
147;18;336;16;36;35;99;2.80;3;1;1;68;0;5979599;147;5978461
147;18;336;16;36;35;99;3.60;7;2;1;61;0;5979599;157;5978299
147;18;336;16;36;35;99;3.60;2;1;1;73;0;5979599;180;5978299
147;18;336;16;36;36;99;3.20;6;2;1;76;0;5979699;282;0
147;18;336;16;36;36;15;3.40;4;1;1;77;0;5979615;179;0
147;18;336;16;36;36;21;3.60;8;2;1;72;0;5979621;613;0
147;18;336;16;36;37;99;3.40;1;1;1;77;0;5979799;483;0
147;18;336;16;36;37;99;3.60;6;2;1;70;0;5979799;84;0
147;18;336;16;36;37;99;3.00;2;1;1;69;0;5979799;182;0
147;18;336;16;36;37;95;8.80;5;2;6;80;0;5979795;324;0
147;18;336;16;36;38;99;3.00;3;1;1;68;0;5979899;285;0
147;18;336;16;36;38;99;3.80;5;2;1;77;0;5979899;64;0
147;18;336;16;36;39;42;3.60;1;1;1;68;0;5979942;127;0
147;18;336;16;36;40;99;3.00;6;2;1;71;0;5980099;281;0
147;18;336;16;36;40;99;3.40;5;2;1;74;0;5980099;182;0
147;18;336;16;36;41;99;3.60;6;2;1;68;0;5980199;84;0
147;18;336;16;36;41;4;3.00;3;1;1;72;0;5980104;189;0
147;18;336;16;36;42;79;4.00;4;1;1;81;0;5980279;648;0
147;18;336;16;36;43;99;3.20;6;2;1;66;0;5980399;180;0
147;18;336;16;36;44;12;3.80;5;2;1;82;0;5980412;296;0
147;18;336;16;36;44;24;3.60;6;2;1;68;0;5980424;7;0
147;18;336;16;36;44;43;3.00;3;1;1;76;0;5980443;324;0
147;18;336;16;36;45;6;3.80;4;1;1;78;0;5980506;209;0
147;18;336;16;36;45;99;4.00;3;1;1;77;0;5980599;141;0
147;18;336;16;36;46;99;3.60;4;1;1;84;0;5980699;175;0
147;18;336;16;36;46;99;3.40;6;2;1;68;0;5980699;255;0
147;18;336;16;36;46;99;3.60;7;2;1;79;0;5980699;1078;0
147;18;336;16;36;47;51;3.60;3;1;1;73;0;5980751;133;0
147;18;336;16;36;47;68;3.80;6;2;1;68;0;5980768;51;0
147;18;336;16;36;47;99;3.40;7;2;1;77;0;5980799;83;0
147;18;336;16;36;48;99;3.80;3;1;1;71;0;5980899;130;0
147;18;336;16;36;48;99;3.40;4;1;1;83;0;5980899;184;0
147;18;336;16;36;50;99;3.40;1;1;1;73;0;5981099;1137;0
147;18;336;16;36;51;9;3.20;6;2;1;80;0;5981109;320;0
147;18;336;16;36;53;99;3.40;6;2;1;78;0;5981399;275;0
147;18;336;16;36;54;0;4.60;7;2;1;85;0;5981400;585;0
147;18;336;16;36;54;30;3.80;1;1;1;62;0;5981430;314;0
147;18;336;16;36;54;52;3.80;5;2;1;79;0;5981452;1023;0
147;18;336;16;36;55;14;3.20;3;1;1;94;0;5981514;595;0
147;18;336;16;36;54;55;4.20;2;1;1;70;0;5981455;1640;0
147;18;336;16;36;55;99;3.40;6;2;1;78;0;5981599;184;0
147;18;336;16;36;55;99;3.80;7;2;1;80;0;5981599;179;0
147;18;336;16;36;56;99;4.00;5;2;1;79;0;5981699;229;0
147;18;336;16;36;57;12;3.80;2;1;1;79;0;5981712;235;0
147;18;336;16;36;57;49;3.80;1;1;1;67;0;5981749;296;0
147;18;336;16;36;57;96;3.80;7;2;1;84;0;5981796;179;0
147;18;336;16;36;58;2;3.20;6;2;1;73;0;5981802;187;0
147;18;336;16;36;58;99;4.00;5;2;1;78;0;5981899;181;0
147;18;336;16;36;59;23;3.80;4;1;1;79;0;5981923;1009;0
147;18;336;16;37;0;11;3.60;7;2;1;78;0;5982011;198;0
147;18;336;16;37;1;99;3.60;2;1;1;78;0;5982199;469;0
147;18;336;16;37;2;79;9.60;7;2;6;71;0;5982279;251;0
147;18;336;16;37;3;99;3.80;6;2;1;77;0;5982399;581;0
147;18;336;16;37;3;99;3.40;2;1;1;69;0;5982399;183;0
147;18;336;16;37;5;60;3.20;2;1;1;70;0;5982560;143;0
147;18;336;16;37;5;67;3.20;7;2;1;77;0;5982567;239;0
147;18;336;16;37;5;99;4.00;6;2;1;73;0;5982599;182;0
147;18;336;16;37;6;99;3.60;6;2;1;72;0;5982699;80;0
147;18;336;16;37;7;16;3.20;3;1;1;76;0;5982716;1189;0
147;18;336;16;37;7;20;3.80;7;2;1;74;0;5982720;138;0
147;18;336;16;37;7;72;4.00;4;1;1;79;0;5982772;831;0
147;18;336;16;37;10;74;3.40;4;1;1;81;0;5983074;283;0
147;18;336;16;37;10;67;3.40;6;2;1;71;0;5983067;350;0
147;18;336;16;37;11;99;10.40;4;1;2;77;0;5983199;109;0
147;18;336;16;37;11;99;3.20;3;1;1;60;0;5983199;467;0
147;18;336;16;37;12;21;3.80;5;2;1;84;0;5983221;1303;0
147;18;336;16;37;12;99;3.40;1;1;1;68;0;5983299;1529;0
147;18;336;16;37;12;47;3.80;6;2;1;76;0;5983247;162;0
147;18;336;16;37;12;48;3.40;3;1;1;61;0;5983248;29;0
147;18;336;16;37;13;99;3.80;5;2;1;83;0;5983399;161;0
147;18;336;16;37;13;99;3.40;7;2;1;74;0;5983399;660;0
147;18;336;16;37;13;99;3.40;2;1;1;67;0;5983399;822;0
147;18;336;16;37;14;99;3.60;5;2;1;81;0;5983499;83;0
147;18;336;16;37;15;2;3.00;6;2;1;80;0;5983502;237;0
147;18;336;16;37;15;47;3.80;4;1;1;84;0;5983547;299;0
147;18;336;16;37;15;40;3.40;2;1;1;67;0;5983540;122;0
147;18;336;16;37;15;94;3.60;3;1;1;68;0;5983594;325;0
147;18;336;16;37;16;99;4.00;6;2;1;80;0;5983699;183;0
147;18;336;16;37;16;99;3.00;4;1;1;77;0;5983699;135;0
147;18;336;16;37;17;99;3.20;1;1;1;84;0;5983799;482;0
147;18;336;16;37;17;34;3.20;2;1;1;67;0;5983734;175;0
147;18;336;16;37;19;99;3.60;2;1;1;69;0;5983999;247;0
147;18;336;16;37;22;5;3.60;2;1;1;69;0;5984205;187;0
147;18;336;16;37;22;99;3.40;7;2;1;77;0;5984299;883;0
147;18;336;16;37;22;1;3.00;3;1;1;72;0;5984201;587;0
147;18;336;16;37;23;8;3.60;2;1;1;69;0;5984308;84;0
147;18;336;16;37;23;99;3.40;4;1;1;79;0;5984399;685;0
147;18;336;16;37;24;12;3.60;5;2;1;87;0;5984412;897;0
147;18;336;16;37;24;1;3.60;3;1;1;72;0;5984401;185;0
147;18;336;16;37;24;99;4.00;8;2;1;82;0;5984499;4860;0
147;18;336;16;37;24;99;4.00;1;1;1;89;0;5984499;686;0
147;18;336;16;37;24;99;4.00;7;2;1;82;0;5984499;184;0
147;18;336;16;37;24;99;3.40;6;2;1;75;0;5984499;782;0
147;18;336;16;37;25;7;3.80;2;1;1;72;0;5984507;180;0
147;18;336;16;37;26;99;3.60;2;1;1;72;0;5984699;173;5983999
147;18;336;16;37;27;99;3.20;3;1;1;80;0;5984799;380;0
147;18;336;16;37;27;12;3.60;4;1;1;82;0;5984712;297;0
147;18;336;16;37;27;10;3.60;6;2;1;70;0;5984710;194;0
147;18;336;16;37;28;99;3.80;5;2;1;75;0;5984899;472;0
147;18;336;16;37;28;99;3.60;1;1;1;71;0;5984899;383;0
147;18;336;16;37;29;99;3.20;4;1;1;80;0;5984999;271;0
147;18;336;16;37;29;99;3.40;6;2;1;71;0;5984999;270;0
147;18;336;16;37;29;99;3.40;5;2;1;74;0;5984999;81;0
147;18;336;16;37;30;13;3.00;5;2;1;75;0;5985013;-1;0
147;18;336;16;37;30;10;3.60;7;2;1;75;0;5985010;493;0
147;18;336;16;37;30;99;3.60;1;1;1;71;0;5985099;181;0
147;18;336;16;37;30;2;3.60;4;1;1;80;0;5985002;-1;0
147;18;336;16;37;30;33;3.20;2;1;1;78;0;5985033;316;0
147;18;336;16;37;30;55;3.80;6;2;1;74;0;5985055;38;0
147;18;336;16;37;32;99;3.80;5;2;1;82;0;5985299;271;0
147;18;336;16;37;32;99;3.60;2;1;1;79;0;5985299;251;0
147;18;336;16;37;32;99;5.40;6;2;1;72;0;5985299;225;0
147;18;336;16;37;32;99;3.60;3;1;1;72;0;5985299;485;0
147;18;336;16;37;33;43;4.00;7;2;1;76;0;5985343;315;0
147;18;336;16;37;33;79;3.20;5;2;1;82;0;5985379;63;0
147;18;336;16;37;33;99;3.20;4;1;1;78;0;5985399;380;0
147;18;336;16;37;33;99;3.40;3;1;1;71;0;5985399;82;0
147;18;336;16;37;34;99;3.00;3;1;1;72;0;5985499;82;0
147;18;336;16;37;35;99;3.80;4;1;1;73;0;5985599;185;0
147;18;336;16;37;35;53;3.40;3;1;1;71;0;5985553;39;0
147;18;336;16;37;36;99;3.80;3;1;1;68;0;5985699;128;5985299
147;18;336;16;37;37;8;3.20;2;1;1;72;0;5985708;392;0
147;18;336;16;37;37;99;3.00;8;2;1;66;0;5985799;1282;0
147;18;336;16;37;37;99;3.40;6;2;1;81;0;5985799;473;0
147;18;336;16;37;37;99;3.40;4;1;1;79;0;5985799;181;0
147;18;336;16;37;38;0;3.00;2;1;1;72;0;5985800;76;0
147;18;336;16;37;38;57;3.40;3;1;1;69;0;5985857;137;5985299
147;18;336;16;37;39;99;4.00;1;1;1;91;0;5985999;881;0
147;18;336;16;37;39;99;4.00;2;1;1;73;0;5985999;184;0
147;18;336;16;37;40;99;3.40;3;1;1;70;0;5986099;224;0
147;18;336;16;37;40;99;4.80;6;2;1;71;0;5986099;284;0
147;18;336;16;37;41;86;4.00;5;2;1;80;0;5986186;792;0
147;18;336;16;37;41;94;3.40;1;1;1;86;0;5986194;179;0
147;18;336;16;37;41;99;3.40;3;1;1;70;0;5986199;82;0
147;18;336;16;37;42;99;3.40;4;1;1;77;0;5986299;484;0
147;18;336;16;37;42;99;3.60;6;2;1;72;0;5986299;175;0
147;18;336;16;37;42;99;3.80;2;1;1;81;0;5986299;280;0
147;18;336;16;37;43;21;3.60;4;1;1;78;0;5986321;6;0
147;18;336;16;37;43;0;15.80;3;1;4;71;0;5986300;83;0
147;18;336;16;37;44;21;3.00;2;1;1;79;0;5986421;105;0
147;18;336;16;37;44;99;4.00;6;2;1;71;0;5986499;182;0
147;18;336;16;37;45;1;4.20;3;1;1;76;0;5986501;120;0
147;18;336;16;37;45;8;3.60;6;2;1;71;0;5986508;-1;0
147;18;336;16;37;45;35;6.00;4;1;1;80;0;5986535;197;0
147;18;336;16;37;46;91;3.40;7;2;1;79;0;5986691;1329;0
147;18;336;16;37;46;99;3.40;1;1;1;86;0;5986699;490;0
147;18;336;16;37;47;99;3.20;6;2;1;70;0;5986799;272;0
147;18;336;16;37;48;18;3.60;7;2;1;81;0;5986818;111;0
147;18;336;16;37;48;23;3.60;6;2;1;70;0;5986823;7;0
147;18;336;16;37;49;4;3.20;3;1;1;83;0;5986904;383;0
147;18;336;16;37;49;3;3.60;5;2;1;80;0;5986903;699;0
147;18;336;16;37;49;99;3.80;6;2;1;73;0;5986999;157;0
147;18;336;16;37;49;99;4.80;7;2;1;79;0;5986999;165;0
147;18;336;16;37;50;99;3.80;8;2;1;71;0;5987099;1283;0
147;18;336;16;37;50;99;3.80;5;2;1;81;0;5987099;179;0
147;18;336;16;37;51;5;4.00;5;2;1;83;0;5987105;-1;0
147;18;336;16;37;51;22;3.60;7;2;1;77;0;5987122;101;0
147;18;336;16;37;51;36;3.80;6;2;1;67;0;5987136;118;0
147;18;336;16;37;51;73;3.60;8;2;1;75;0;5987173;54;0
147;18;336;16;37;52;6;4.40;5;2;1;81;0;5987206;83;0
147;18;336;16;37;52;99;3.40;7;2;1;75;0;5987299;160;5986691
147;18;336;16;37;53;13;3.80;5;2;1;76;0;5987313;87;5986903
147;18;336;16;37;53;28;3.40;6;2;1;81;0;5987328;171;5986799
147;18;336;16;37;54;99;3.60;3;1;1;79;0;5987499;581;0
147;18;336;16;37;54;99;3.00;6;2;1;78;0;5987499;155;5986799
147;18;336;16;37;55;99;3.40;5;2;1;80;0;5987599;268;0
147;18;336;16;37;55;99;4.60;3;1;1;78;0;5987599;83;0
147;18;336;16;37;55;99;3.40;7;2;1;76;0;5987599;283;0
147;18;336;16;37;55;8;3.60;3;1;1;76;0;5987508;-1;0
147;18;336;16;37;56;73;3.40;3;1;1;76;0;5987673;147;0
147;18;336;16;37;57;3;3.60;1;1;1;81;0;5987703;989;0
147;18;336;16;37;57;99;3.00;6;2;1;78;0;5987799;286;0
147;18;336;16;37;58;99;3.80;2;1;1;83;0;5987899;1464;0
147;18;336;16;37;59;98;4.80;8;2;1;76;0;5987998;807;0
147;18;336;16;37;59;99;4.20;3;1;1;81;0;5987999;309;0
147;18;336;16;37;59;99;4.80;6;2;1;77;0;5987999;186;0
147;18;336;16;38;1;29;3.60;5;2;1;84;0;5988129;514;0
147;18;336;16;38;1;99;3.40;7;2;1;76;0;5988199;583;0
147;18;336;16;38;2;23;3.80;5;2;1;81;0;5988223;78;0
147;18;336;16;38;2;99;3.80;2;1;1;77;0;5988299;383;0
147;18;336;16;38;3;99;3.40;1;1;1;76;0;5988399;680;0
147;18;336;16;38;3;99;3.60;5;2;1;81;0;5988399;159;0
147;18;336;16;38;3;14;4.40;7;2;1;87;0;5988314;98;0
147;18;336;16;38;3;30;4.00;8;2;1;93;0;5988330;309;0
147;18;336;16;38;4;96;3.20;2;1;1;79;0;5988496;179;0
147;18;336;16;38;4;97;3.60;6;2;1;83;0;5988497;475;0
147;18;336;16;38;4;99;3.60;5;2;1;81;0;5988499;84;0
147;18;336;16;38;6;18;3.60;1;1;1;79;0;5988618;202;0
147;18;336;16;38;6;27;3.00;6;2;1;86;0;5988627;114;0
147;18;336;16;38;6;84;3.80;5;2;1;82;0;5988684;169;5988129
147;18;336;16;38;7;25;4.60;4;1;1;88;0;5988725;2163;0
147;18;336;16;38;7;99;7.60;3;1;6;77;0;5988799;781;0
147;18;336;16;38;8;99;3.20;6;2;1;85;0;5988899;259;0
147;18;336;16;38;7;92;8.60;2;1;6;69;0;5988792;281;0
147;18;336;16;38;8;29;3.60;1;1;1;81;0;5988829;194;0
147;18;336;16;38;9;17;3.80;2;1;1;71;0;5988917;80;0
147;18;336;16;38;10;9;4.20;1;1;1;75;0;5989009;164;0
147;18;336;16;38;10;99;5.00;5;2;1;84;0;5989099;398;0
147;18;336;16;38;11;74;3.40;5;2;1;84;0;5989174;53;0
147;18;336;16;38;11;75;3.80;6;2;1;78;0;5989175;262;0
147;18;336;16;38;12;99;3.60;3;1;1;81;0;5989299;464;0
147;18;336;16;38;13;2;3.40;2;1;1;72;0;5989302;365;0
147;18;336;16;38;13;10;3.60;5;2;1;83;0;5989310;121;0
147;18;336;16;38;13;99;3.80;4;1;1;82;0;5989399;655;0
147;18;336;16;38;14;99;3.20;3;1;1;76;0;5989499;184;0
147;18;336;16;38;17;2;3.80;4;1;1;76;0;5989702;286;0
147;18;336;16;38;17;99;3.80;5;2;1;84;0;5989799;473;0
147;18;336;16;38;17;99;3.60;3;1;1;76;0;5989799;284;0
147;18;336;16;38;18;20;4.00;5;2;1;89;0;5989820;4;0
147;18;336;16;38;18;99;5.00;6;2;1;74;0;5989899;706;0
147;18;336;16;38;18;99;3.80;1;1;1;73;0;5989899;869;0
147;18;336;16;38;18;99;4.00;3;1;1;89;0;5989899;82;0
147;18;336;16;38;19;6;3.60;5;2;1;86;0;5989906;69;0
147;18;336;16;38;19;1;3.60;6;2;1;77;0;5989901;-1;0
147;18;336;16;38;19;12;4.00;7;2;1;76;0;5989912;1579;0
147;18;336;16;38;19;41;3.40;4;1;1;80;0;5989941;221;0
147;18;336;16;38;20;2;3.40;2;1;1;75;0;5990002;683;0
147;18;336;16;38;20;99;3.40;6;2;1;77;0;5990099;181;0
147;18;336;16;38;20;99;3.20;4;1;1;86;0;5990099;142;0
147;18;336;16;38;20;99;3.60;3;1;1;78;0;5990099;183;0
147;18;336;16;38;21;10;3.40;6;2;1;77;0;5990110;-1;0
147;18;336;16;38;23;2;3.60;4;1;1;81;0;5990302;189;0
147;18;336;16;38;23;99;3.40;6;2;1;75;0;5990399;273;0
147;18;336;16;38;27;68;3.80;2;1;1;74;0;5990768;749;0
147;18;336;16;38;27;99;3.20;7;2;1;81;0;5990799;868;0
147;18;336;16;38;28;99;3.60;6;2;1;77;0;5990899;483;0
147;18;336;16;38;29;50;3.20;5;2;1;80;0;5990950;1028;0
147;18;336;16;38;29;69;3.80;6;2;1;74;0;5990969;53;0
147;18;336;16;38;32;1;4.00;3;1;1;77;0;5991201;1085;0
147;18;336;16;38;32;72;3.60;6;2;1;70;0;5991272;284;0
147;18;336;16;38;33;15;3.80;2;1;1;88;0;5991315;528;0
147;18;336;16;38;33;99;3.60;7;2;1;77;0;5991399;585;0
147;18;336;16;38;33;99;3.80;6;2;1;72;0;5991399;108;0
147;18;336;16;38;34;99;3.60;2;1;1;77;0;5991499;168;0
147;18;336;16;38;35;99;3.40;7;2;1;77;0;5991599;183;0
147;18;336;16;38;35;99;3.60;2;1;1;80;0;5991599;83;0
147;18;336;16;38;36;0;3.40;6;2;1;76;0;5991600;182;0
147;18;336;16;38;39;99;3.40;6;2;1;77;0;5991999;382;0
147;18;336;16;38;39;99;5.40;4;1;1;87;0;5991999;1681;0
147;18;336;16;38;39;20;3.00;2;1;1;70;0;5991920;304;0
147;18;336;16;38;39;48;3.60;8;2;1;85;0;5991948;3602;0
147;18;336;16;38;40;0;3.60;5;2;1;77;0;5992000;1035;0
147;18;336;16;38;42;95;4.20;6;2;1;77;0;5992295;280;0
147;18;336;16;38;43;6;4.60;3;1;1;75;0;5992306;1086;0
147;18;336;16;38;43;99;3.60;5;2;1;83;0;5992399;382;0
147;18;336;16;38;43;99;4.00;6;2;1;75;0;5992399;84;0
147;18;336;16;38;45;21;3.60;5;2;1;82;0;5992521;106;0
147;18;336;16;38;45;95;3.00;1;1;1;78;0;5992595;2677;0
147;18;336;16;38;45;99;3.40;4;1;1;86;0;5992599;577;0
147;18;336;16;38;45;99;3.40;7;2;1;76;0;5992599;984;0
147;18;336;16;38;46;16;3.60;8;2;1;85;0;5992616;652;0
147;18;336;16;38;46;99;4.60;5;2;1;87;0;5992699;162;0
147;18;336;16;38;46;99;3.40;3;1;1;81;0;5992699;370;0
147;18;336;16;38;46;99;4.00;6;2;1;77;0;5992699;280;0
147;18;336;16;38;46;99;3.40;2;1;1;72;0;5992699;763;0
147;18;336;16;38;48;24;3.60;7;2;1;84;0;5992824;208;0
147;18;336;16;38;48;99;4.40;6;2;1;76;0;5992899;181;0
147;18;336;16;38;49;25;3.80;5;2;1;82;0;5992925;206;0
147;18;336;16;38;49;99;3.60;6;2;1;76;0;5992999;79;0
147;18;336;16;38;49;36;3.60;4;1;1;82;0;5992936;322;0
147;18;336;16;38;51;99;3.60;6;2;1;75;0;5993199;182;0
147;18;336;16;38;51;99;3.60;3;1;1;76;0;5993199;484;0
147;18;336;16;38;52;5;3.20;2;1;1;70;0;5993205;489;0
147;18;336;16;38;52;14;3.80;7;2;1;77;0;5993214;374;0
147;18;336;16;38;52;66;3.60;5;2;1;82;0;5993266;324;0
147;18;336;16;38;52;76;3.40;3;1;1;70;0;5993276;59;0
147;18;336;16;38;53;15;3.00;4;1;1;78;0;5993315;363;0
147;18;336;16;38;54;22;3.40;6;2;1;77;0;5993422;205;0
147;18;336;16;38;55;20;4.00;3;1;1;80;0;5993520;226;0
147;18;336;16;38;55;99;3.60;6;2;1;82;0;5993599;161;0
147;18;336;16;38;56;0;3.40;4;1;1;79;0;5993600;271;0
147;18;336;16;38;57;99;4.20;1;1;1;76;0;5993799;1190;0
147;18;336;16;38;58;99;3.00;6;2;1;77;0;5993899;284;0
147;18;336;16;38;59;7;3.80;5;2;1;82;0;5993907;625;0
147;18;336;16;38;59;99;5.60;7;2;1;84;0;5993999;767;0
147;18;336;16;39;0;44;3.40;7;2;1;75;0;5994044;21;0
147;18;336;16;39;1;20;3.40;6;2;1;80;0;5994120;206;0
147;18;336;16;39;1;26;3.40;5;2;1;80;0;5994126;202;0
147;18;336;16;39;1;99;3.80;4;1;1;81;0;5994199;583;0
147;18;336;16;39;3;6;3.60;3;1;1;70;0;5994306;768;0
147;18;336;16;39;3;99;3.40;5;2;1;85;0;5994399;257;0
147;18;336;16;39;3;99;3.80;2;1;1;72;0;5994399;1177;0
147;18;336;16;39;4;99;4.00;3;1;1;73;0;5994499;174;0
147;18;336;16;39;4;99;3.60;7;2;1;76;0;5994499;438;0
147;18;336;16;39;5;3;3.60;2;1;1;73;0;5994503;85;0
147;18;336;16;39;5;45;3.00;5;2;1;81;0;5994545;131;0
147;18;336;16;39;6;99;3.60;3;1;1;74;0;5994699;180;0
147;18;336;16;39;6;99;3.80;4;1;1;80;0;5994699;483;0
147;18;336;16;39;7;99;3.60;2;1;1;72;0;5994799;278;0
147;18;336;16;39;7;99;3.20;6;2;1;69;0;5994799;663;0
147;18;336;16;39;7;14;3.40;3;1;1;77;0;5994714;-1;0
147;18;336;16;39;8;14;4.80;5;2;1;84;0;5994814;255;0
147;18;336;16;39;8;17;3.60;2;1;1;74;0;5994817;0;0
147;18;336;16;39;9;1;3.60;6;2;1;90;0;5994901;85;0
147;18;336;16;39;9;99;3.40;2;1;1;70;0;5994999;164;0
147;18;336;16;39;9;99;4.00;3;1;1;74;0;5994999;269;0
147;18;336;16;39;10;21;3.80;5;2;1;83;0;5995021;186;0
147;18;336;16;39;10;2;8.00;6;2;6;70;0;5995002;86;0
147;18;336;16;39;10;59;3.40;1;1;1;84;0;5995059;1240;0
147;18;336;16;39;11;17;3.60;5;2;1;83;0;5995117;79;0
147;18;336;16;39;11;99;3.60;7;2;1;74;0;5995199;682;0
147;18;336;16;39;12;7;3.60;2;1;1;70;0;5995207;190;0
147;18;336;16;39;12;99;4.80;7;2;1;72;0;5995299;82;0
147;18;336;16;39;13;99;3.80;6;2;1;75;0;5995399;355;0
147;18;336;16;39;13;99;3.60;3;1;1;74;0;5995399;380;0
147;18;336;16;39;14;13;3.20;7;2;1;76;0;5995413;90;0
147;18;336;16;39;14;99;3.80;2;1;1;71;0;5995499;273;0
147;18;336;16;39;15;36;3.20;5;2;1;81;0;5995536;403;0
147;18;336;16;39;15;67;3.80;6;2;1;73;0;5995567;149;0
147;18;336;16;39;17;10;3.60;7;2;1;80;0;5995710;281;0
147;18;336;16;39;17;16;3.60;3;1;1;79;0;5995716;299;0
147;18;336;16;39;17;99;3.40;6;2;1;74;0;5995799;213;0
147;18;336;16;39;18;97;3.40;6;2;1;72;0;5995897;81;0
147;18;336;16;39;19;99;3.80;6;2;1;73;0;5995999;85;0
147;18;336;16;39;20;33;3.40;7;2;1;81;0;5996033;306;0
147;18;336;16;39;20;32;3.60;4;1;1;78;0;5996032;1315;0
147;18;336;16;39;20;54;4.00;6;2;1;70;0;5996054;36;0
147;18;336;16;39;22;99;3.80;6;2;1;75;0;5996299;224;0
147;18;336;16;39;22;99;3.40;7;2;1;77;0;5996299;250;0
147;18;336;16;39;24;7;3.60;3;1;1;74;0;5996407;674;0
147;18;336;16;39;24;99;3.60;6;2;1;77;0;5996499;181;0
147;18;336;16;39;24;99;3.80;4;1;1;95;0;5996499;450;0
147;18;336;16;39;25;0;4.00;1;1;1;82;0;5996500;1426;0
147;18;336;16;39;26;5;3.20;5;2;1;84;0;5996605;1054;0
147;18;336;16;39;26;5;3.40;8;2;1;78;0;5996605;3973;0
147;18;336;16;39;26;99;3.00;6;2;1;71;0;5996699;183;0
147;18;336;16;39;28;20;3.00;5;2;1;79;0;5996820;201;0
147;18;336;16;39;28;25;3.40;3;1;1;81;0;5996825;400;0
147;18;336;16;39;30;10;3.80;3;1;1;77;0;5997010;169;0
147;18;336;16;39;32;99;4.40;7;2;1;67;0;5997299;984;0
147;18;336;16;39;33;16;3.60;6;2;1;82;0;5997316;601;0
147;18;336;16;39;33;78;3.40;5;2;1;89;0;5997378;544;0
147;18;336;16;39;33;85;3.20;7;2;1;67;0;5997385;62;0
147;18;336;16;39;34;99;3.20;8;2;1;73;0;5997499;878;0
147;18;336;16;39;34;99;3.80;6;2;1;76;0;5997499;167;0
147;18;336;16;39;35;28;3.80;3;1;1;72;0;5997528;500;0
147;18;336;16;39;36;2;3.60;8;2;1;74;0;5997602;87;0
147;18;336;16;39;36;6;3.60;4;1;1;76;0;5997606;1092;0
147;18;336;16;39;36;57;3.80;6;2;1;81;0;5997657;140;0
147;18;336;16;39;36;62;3.60;2;1;1;73;0;5997662;2143;0
147;18;336;16;39;36;99;3.40;5;2;1;86;0;5997699;307;0
147;18;336;16;39;37;99;4.00;4;1;1;79;0;5997799;175;0
147;18;336;16;39;37;99;5.00;7;2;1;82;0;5997799;396;0
147;18;336;16;39;38;4;3.80;6;2;1;79;0;5997804;130;0
147;18;336;16;39;38;99;4.20;7;2;1;74;0;5997899;78;0
147;18;336;16;39;38;18;3.80;2;1;1;77;0;5997818;138;0
147;18;336;16;39;38;27;3.80;4;1;1;77;0;5997827;9;0
147;18;336;16;39;39;99;3.60;2;1;1;82;0;5997999;163;0
147;18;336;16;39;39;79;16.20;3;1;4;74;0;5997979;432;0
147;18;336;16;39;40;19;4.00;4;1;1;77;0;5998019;174;0
147;18;336;16;39;40;5;3.60;8;2;1;75;0;5998005;385;0
147;18;336;16;39;42;99;3.80;4;1;1;79;0;5998299;261;0
147;18;336;16;39;42;99;3.80;6;2;1;79;0;5998299;477;0
147;18;336;16;39;43;27;3.60;6;2;1;81;0;5998327;10;0
147;18;336;16;39;43;36;3.40;5;2;1;84;0;5998336;622;0
147;18;336;16;39;43;47;3.60;3;1;1;74;0;5998347;289;0
147;18;336;16;39;44;18;3.20;4;1;1;76;0;5998418;101;0
147;18;336;16;39;44;99;3.80;8;2;1;76;0;5998499;476;0
147;18;336;16;39;44;99;3.00;3;1;1;67;0;5998499;134;0
147;18;336;16;39;45;19;3.60;4;1;1;75;0;5998519;85;0
147;18;336;16;39;45;99;3.60;2;1;1;78;0;5998599;584;0
147;18;336;16;39;45;99;3.60;3;1;1;69;0;5998599;83;0
147;18;336;16;39;46;80;3.80;5;2;1;83;0;5998680;329;0
147;18;336;16;39;46;82;5.00;4;1;1;80;0;5998682;145;0
147;18;336;16;39;47;99;3.20;2;1;1;76;0;5998799;183;0
147;18;336;16;39;48;15;3.80;2;1;1;77;0;5998815;0;0
147;18;336;16;39;49;2;4.00;3;1;1;72;0;5998902;284;0
147;18;336;16;39;49;9;3.40;1;1;1;92;0;5998909;2391;0
147;18;336;16;39;49;99;4.00;4;1;1;82;0;5998999;294;0
147;18;336;16;39;49;99;3.60;3;1;1;75;0;5998999;77;0
147;18;336;16;39;49;99;3.60;6;2;1;72;0;5998999;656;0
147;18;336;16;39;51;2;3.40;4;1;1;83;0;5999102;85;0
147;18;336;16;39;51;39;3.00;6;2;1;72;0;5999139;122;0
147;18;336;16;39;51;57;3.60;3;1;1;75;0;5999157;140;0
147;18;336;16;39;51;82;3.80;2;1;1;83;0;5999182;349;0
147;18;336;16;39;52;99;4.20;4;1;1;80;0;5999299;182;0
147;18;336;16;39;53;99;3.40;6;2;1;77;0;5999399;245;0
147;18;336;16;39;53;36;3.60;5;2;1;80;0;5999336;639;0
147;18;336;16;39;51;76;1.00;7;2;1;1;1;5999176;1256;0
147;18;336;16;39;54;99;3.20;6;2;1;76;0;5999499;84;0
147;18;336;16;39;55;22;4.20;5;2;1;82;0;5999522;169;0
147;18;336;16;39;55;99;3.40;7;2;1;75;0;5999599;1679;0
147;18;336;16;39;55;99;5.80;4;1;1;79;0;5999599;281;0
147;18;336;16;39;57;2;3.40;6;2;1;75;0;5999702;187;0
147;18;336;16;39;56;80;4.00;8;2;1;74;0;5999680;1163;0
147;18;336;16;39;57;99;3.00;3;1;1;73;0;5999799;624;0
147;18;336;16;39;57;99;3.40;2;1;1;79;0;5999799;600;0
147;18;336;16;39;59;2;3.60;6;2;1;75;0;5999902;183;0
147;18;336;16;40;1;14;3.00;3;1;1;77;0;6000114;300;0
147;18;336;16;40;1;15;3.60;6;2;1;77;0;6000115;195;5999399
147;18;336;16;39;59;44;4.00;7;2;1;12;0;5999944;328;0
147;18;336;16;40;3;5;3.20;2;1;1;74;0;6000305;490;0
147;18;336;16;40;3;13;3.60;8;2;1;72;0;6000313;613;0
147;18;336;16;40;5;99;3.60;6;2;1;74;0;6000599;467;0
147;18;336;16;40;5;99;3.20;3;1;1;82;0;6000599;470;0
147;18;336;16;40;5;99;3.60;5;2;1;80;0;6000599;1058;0
147;18;336;16;40;7;99;3.60;2;1;1;77;0;6000799;478;0
147;18;336;16;40;9;37;3.60;3;1;1;77;0;6000937;323;0
147;18;336;16;40;9;92;3.60;2;1;1;78;0;6000992;176;0
147;18;336;16;40;7;85;4.00;7;2;1;16;0;6000785;721;0
147;18;336;16;40;10;99;3.80;6;2;1;61;0;6001099;482;0
147;18;336;16;40;11;99;3.60;2;1;1;84;0;6001199;190;0
147;18;336;16;40;11;30;3.40;6;2;1;61;0;6001130;8;0
147;18;336;16;40;12;99;3.60;2;1;1;75;0;6001299;84;0
147;18;336;16;40;12;99;3.60;6;2;1;61;0;6001299;148;0
147;18;336;16;40;13;2;3.80;7;2;1;72;0;6001302;427;0
147;18;336;16;40;13;99;3.20;5;2;1;87;0;6001399;783;0
147;18;336;16;40;13;99;4.80;6;2;1;61;0;6001399;78;0
147;18;336;16;40;14;66;3.80;2;1;1;75;0;6001466;149;6000799
147;18;336;16;40;15;7;3.60;7;2;1;68;0;6001507;186;6000799
147;18;336;16;40;15;99;3.40;6;2;1;74;0;6001599;171;6001099
147;18;336;16;40;16;99;3.00;2;1;1;77;0;6001699;214;0
147;18;336;16;40;16;99;11.40;3;1;2;77;0;6001699;745;0
147;18;336;16;40;18;99;3.60;2;1;1;74;0;6001899;185;0
147;18;336;16;40;19;31;3.60;6;2;1;77;0;6001931;315;0
147;18;336;16;40;20;16;2.60;8;2;1;76;0;6002016;1685;0
147;18;336;16;40;21;3;3.60;6;2;1;68;0;6002103;155;0
147;18;336;16;40;21;7;3.60;1;1;1;70;0;6002107;3184;0
147;18;336;16;40;20;17;1.00;7;2;1;1;1;6002017;490;0
147;18;336;16;40;20;43;15.40;7;1;5;26;0;6002043;32752;0
147;18;336;16;40;23;17;3.40;7;2;1;78;0;6002317;790;0
147;18;336;16;40;23;99;3.80;6;2;1;70;0;6002399;276;0
147;18;336;16;40;24;99;5.60;5;2;1;83;0;6002499;1086;0
147;18;336;16;40;24;31;3.40;1;1;1;69;0;6002431;305;0
147;18;336;16;40;26;99;3.40;4;1;1;77;0;6002699;3073;0
147;18;336;16;40;27;13;3.40;3;1;1;73;0;6002713;960;0
147;18;336;16;40;27;85;4.60;6;2;1;84;0;6002785;366;0
147;18;336;16;40;29;2;3.80;2;1;1;75;0;6002902;985;0
147;18;336;16;40;30;99;4.40;3;1;1;77;0;6003099;369;0
147;18;336;16;40;31;99;3.60;2;1;1;77;0;6003199;278;0
147;18;336;16;40;31;99;3.40;8;2;1;66;0;6003199;1170;0
147;18;336;16;40;32;81;3.80;1;1;1;91;0;6003281;832;0
147;18;336;16;40;32;82;4.00;4;1;1;91;0;6003282;567;0
147;18;336;16;40;32;90;3.40;3;1;1;73;0;6003290;170;0
147;18;336;16;40;33;1;3.00;2;1;1;79;0;6003301;85;0
147;18;336;16;40;34;6;3.40;3;1;1;82;0;6003406;99;0
147;18;336;16;40;35;95;3.60;8;2;1;68;0;6003595;377;0
147;18;336;16;40;36;20;4.00;3;1;1;81;0;6003620;199;0
147;18;336;16;40;36;99;3.80;1;1;1;88;0;6003699;402;0
147;18;336;16;40;37;15;3.20;8;2;1;66;0;6003715;100;0
147;18;336;16;40;37;6;3.40;6;2;1;68;0;6003706;901;0
147;18;336;16;40;37;24;4.60;5;2;1;91;0;6003724;1200;0
147;18;336;16;40;38;12;3.40;2;1;1;95;0;6003812;497;0
147;18;336;16;40;38;99;3.80;7;2;1;76;0;6003899;1566;0
147;18;336;16;40;39;99;3.40;6;2;1;68;0;6003999;275;0
147;18;336;16;40;39;99;3.80;3;1;1;76;0;6003999;361;0
147;18;336;16;40;40;64;3.00;6;2;1;67;0;6004064;47;0
147;18;336;16;40;41;99;3.40;3;1;1;76;0;6004199;182;0
147;18;336;16;40;42;9;4.00;7;2;1;77;0;6004209;292;0
147;18;336;16;40;42;16;3.40;4;1;1;79;0;6004216;918;0
147;18;336;16;40;42;19;3.80;1;1;1;78;0;6004219;504;0
147;18;336;16;40;42;57;2.80;3;1;1;76;0;6004257;41;0
147;18;336;16;40;43;99;3.60;6;2;1;67;0;6004399;318;0
147;18;336;16;40;43;99;3.80;7;2;1;79;0;6004399;171;0
147;18;336;16;40;43;99;3.80;4;1;1;77;0;6004399;167;0
147;18;336;16;40;43;99;3.80;3;1;1;77;0;6004399;128;0
147;18;336;16;40;44;15;3.60;2;1;1;87;0;6004415;590;0
147;18;336;16;40;45;62;3.80;3;1;1;77;0;6004562;145;6003999
147;18;336;16;40;45;96;3.40;5;2;1;83;0;6004596;853;0
147;18;336;16;40;45;98;3.40;6;2;1;72;0;6004598;179;0
147;18;336;16;40;47;8;3.40;5;2;1;78;0;6004708;97;0
147;18;336;16;40;47;99;4.00;2;1;1;83;0;6004799;369;0
147;18;336;16;40;47;6;5.60;7;2;1;73;0;6004706;289;0
147;18;336;16;40;48;92;3.80;6;2;1;77;0;6004892;277;0
147;18;336;16;40;48;99;4.20;3;1;1;78;0;6004899;319;0
147;18;336;16;40;49;99;3.60;5;2;1;76;0;6004999;275;0
147;18;336;16;40;51;99;3.40;5;2;1;77;0;6005199;182;0
147;18;336;16;40;52;34;3.60;6;2;1;82;0;6005234;324;0
147;18;336;16;40;52;37;4.40;3;1;1;74;0;6005237;318;0
147;18;336;16;40;54;99;3.40;5;2;1;82;0;6005499;284;0
147;18;336;16;40;55;6;3.20;3;1;1;77;0;6005506;247;0
147;18;336;16;40;55;40;3.60;4;1;1;83;0;6005540;1123;0
147;18;336;16;40;56;99;5.80;1;1;1;78;0;6005699;1462;0
147;18;336;16;40;57;1;3.60;2;1;1;82;0;6005701;884;0
147;18;336;16;40;57;2;3.60;3;1;1;73;0;6005702;181;0
147;18;336;16;40;57;99;3.60;4;1;1;79;0;6005799;243;0
147;18;336;16;40;58;99;3.60;2;1;1;77;0;6005899;182;0
147;18;336;16;40;58;99;4.40;6;2;1;76;0;6005899;649;0
147;18;336;16;40;59;99;3.60;4;1;1;87;0;6005999;183;0
147;18;336;16;41;0;13;3.00;1;1;1;73;0;6006013;287;0
147;18;336;16;41;0;47;3.80;5;2;1;77;0;6006047;533;0
147;18;336;16;41;1;11;3.80;7;2;1;81;0;6006111;1377;0
147;18;336;16;41;1;99;6.00;3;1;1;76;0;6006199;479;0
147;18;336;16;41;1;99;3.80;5;2;1;86;0;6006199;134;0
147;18;336;16;41;1;99;3.60;2;1;1;81;0;6006199;283;0
147;18;336;16;41;2;99;3.60;7;2;1;77;0;6006299;171;0
147;18;336;16;41;3;15;3.40;6;2;1;75;0;6006315;395;0
147;18;336;16;41;3;64;3.60;5;2;1;90;0;6006364;149;0
147;18;336;16;41;3;59;3.80;3;1;1;74;0;6006359;131;0
147;18;336;16;41;3;99;3.00;2;1;1;76;0;6006399;184;0
147;18;336;16;41;4;99;3.80;7;2;1;81;0;6006499;183;0
147;18;336;16;41;6;9;3.40;2;1;1;76;0;6006609;195;0
147;18;336;16;41;7;10;3.80;4;1;1;81;0;6006710;696;0
147;18;336;16;41;7;99;3.80;2;1;1;73;0;6006799;173;0
147;18;336;16;41;7;13;4.00;3;1;1;77;0;6006713;335;0
147;18;336;16;41;8;99;3.60;6;2;1;70;0;6006899;567;0
147;18;336;16;41;9;99;3.40;2;1;1;72;0;6006999;181;6006199
147;18;336;16;41;9;99;3.60;7;2;1;75;0;6006999;483;0
147;18;336;16;41;10;0;3.00;2;1;1;72;0;6007000;-1;6006199
147;18;336;16;41;10;99;5.20;6;2;1;66;0;6007099;181;6006199
147;18;336;16;41;10;17;3.80;7;2;1;76;0;6007017;0;6006199
147;18;336;16;41;11;82;3.60;2;1;1;73;0;6007182;167;6006199
147;18;336;16;41;11;99;7.00;6;2;2;71;0;6007199;71;6006199
147;18;336;16;41;12;99;3.60;7;2;1;80;0;6007299;264;0
147;18;336;16;41;12;99;3.40;5;2;1;76;0;6007299;920;0
147;18;336;16;41;12;99;3.20;6;2;1;68;0;6007299;64;0
147;18;336;16;41;13;47;3.60;3;1;1;71;0;6007347;615;0
147;18;336;16;41;14;8;3.40;7;2;1;77;0;6007408;92;0
147;18;336;16;41;15;16;3.20;6;2;1;74;0;6007516;200;0
147;18;336;16;41;16;12;3.40;3;1;1;71;0;6007612;246;0
147;18;336;16;41;17;99;3.00;6;2;1;72;0;6007799;267;0
147;18;336;16;41;17;99;3.20;7;2;1;75;0;6007799;375;0
147;18;336;16;41;18;68;3.60;2;1;1;71;0;6007868;668;0
147;18;336;16;41;18;86;3.60;6;2;1;81;0;6007886;72;0
147;18;336;16;41;19;31;3.80;5;2;1;89;0;6007931;615;0
147;18;336;16;41;19;99;3.60;3;1;1;82;0;6007999;369;0
147;18;336;16;41;20;99;4.00;5;2;1;89;0;6008099;152;0
147;18;336;16;41;20;99;3.60;4;1;1;83;0;6008099;1372;0
147;18;336;16;41;20;4;3.60;3;1;1;70;0;6008004;-1;0
147;18;336;16;41;21;82;3.40;6;2;1;71;0;6008182;280;0
147;18;336;16;41;21;99;3.60;2;1;1;77;0;6008199;312;0
147;18;336;16;41;22;99;3.40;6;2;1;71;0;6008299;99;0
147;18;336;16;41;22;99;3.60;5;2;1;80;0;6008299;183;0
147;18;336;16;41;22;99;3.40;3;1;1;70;0;6008299;276;0
147;18;336;16;41;23;9;4.00;7;2;1;84;0;6008309;494;0
147;18;336;16;41;23;29;3.20;6;2;1;70;0;6008329;12;0
147;18;336;16;41;24;99;3.60;2;1;1;76;0;6008499;283;0
147;18;336;16;41;25;5;3.80;3;1;1;72;0;6008505;188;0
147;18;336;16;41;25;99;3.40;6;2;1;66;0;6008599;253;0
147;18;336;16;41;26;84;3.80;6;2;1;67;0;6008684;66;0
147;18;336;16;41;26;99;3.60;3;1;1;70;0;6008699;175;0
147;18;336;16;41;27;99;3.80;2;1;1;72;0;6008799;282;0
147;18;336;16;41;28;99;3.60;6;2;1;70;0;6008899;194;0
147;18;336;16;41;28;20;3.60;2;1;1;72;0;6008820;2;0
147;18;336;16;41;28;62;3.60;1;1;1;79;0;6008862;2834;0
147;18;336;16;41;30;99;3.60;1;1;1;73;0;6009099;220;0
147;18;336;16;41;31;92;3.60;3;1;1;92;0;6009192;474;0
147;18;336;16;41;32;7;3.40;1;1;1;70;0;6009207;90;0
147;18;336;16;41;32;99;3.40;6;2;1;72;0;6009299;381;0
147;18;336;16;41;33;42;3.40;1;1;1;72;0;6009342;117;0
147;18;336;16;41;34;18;3.20;6;2;1;73;0;6009418;102;0
147;18;336;16;41;34;91;3.00;8;2;1;85;0;6009491;5758;0
147;18;336;16;41;34;99;3.40;2;1;1;80;0;6009499;661;0
147;18;336;16;41;35;99;3.80;3;1;1;78;0;6009599;392;0
147;18;336;16;41;37;99;3.80;3;1;1;77;0;6009799;182;0
147;18;336;16;41;37;99;3.20;6;2;1;73;0;6009799;365;0
147;18;336;16;41;38;99;2.80;3;1;1;68;0;6009899;82;0
147;18;336;16;41;38;99;3.20;7;2;1;78;0;6009899;1572;0
147;18;336;16;41;38;7;3.60;5;2;1;77;0;6009807;1491;0
147;18;336;16;41;38;33;4.00;2;1;1;76;0;6009833;318;0
147;18;336;16;41;38;45;3.40;4;1;1;77;0;6009845;1730;0
147;18;336;16;41;39;23;3.80;7;2;1;80;0;6009923;9;0
147;18;336;16;41;40;17;3.40;4;1;1;77;0;6010017;156;0
147;18;336;16;41;40;99;4.00;8;2;1;90;0;6010099;595;0
147;18;336;16;41;41;3;3.40;2;1;1;76;0;6010103;251;0
147;18;336;16;41;41;79;3.20;2;1;1;73;0;6010179;59;0
147;18;336;16;41;42;22;3.40;3;1;1;78;0;6010222;308;0
147;18;336;16;41;42;99;3.20;4;1;1;74;0;6010299;266;0
147;18;336;16;41;42;99;3.60;7;2;1;74;0;6010299;358;0
147;18;336;16;41;43;15;3.40;4;1;1;72;0;6010315;0;0
147;18;336;16;41;43;99;3.20;3;1;1;75;0;6010399;161;0
147;18;336;16;41;43;99;5.20;8;2;1;75;0;6010399;284;0
147;18;336;16;41;43;11;3.20;6;2;1;79;0;6010311;496;0
147;18;336;16;41;44;95;3.60;2;1;1;78;0;6010495;300;0
147;18;336;16;41;45;6;3.60;6;2;1;79;0;6010506;180;0
147;18;336;16;41;45;22;3.20;3;1;1;75;0;6010522;107;0
147;18;336;16;41;45;99;3.00;5;2;1;84;0;6010599;775;0
147;18;336;16;41;45;99;4.00;7;2;1;82;0;6010599;282;0
147;18;336;16;41;46;51;3.40;6;2;1;79;0;6010651;128;0
147;18;336;16;41;47;99;3.60;3;1;1;78;0;6010799;261;0
147;18;336;16;41;47;99;3.60;6;2;1;80;0;6010799;132;0
147;18;336;16;41;47;99;3.80;4;1;1;83;0;6010799;467;0
147;18;336;16;41;48;8;3.60;5;2;1;85;0;6010808;196;0
147;18;336;16;41;48;15;3.60;8;2;1;69;0;6010815;391;0
147;18;336;16;41;48;3;4.00;6;2;1;81;0;6010803;-1;6010311
147;18;336;16;41;48;7;3.20;3;1;1;72;0;6010807;-1;6010311
147;18;336;16;41;49;99;3.00;3;1;1;68;0;6010999;176;6010311
147;18;336;16;41;50;99;3.80;8;2;1;71;0;6011099;265;0
147;18;336;16;41;50;99;3.20;2;1;1;82;0;6011099;587;0
147;18;336;16;41;51;7;4.00;6;2;1;80;0;6011107;286;0
147;18;336;16;41;52;99;3.60;7;2;1;83;0;6011299;682;0
147;18;336;16;41;53;6;3.60;5;2;1;85;0;6011306;482;0
147;18;336;16;41;54;6;3.80;7;2;1;84;0;6011406;91;0
147;18;336;16;41;54;50;3.60;6;2;1;76;0;6011450;325;0
147;18;336;16;41;55;11;3.40;6;2;1;77;0;6011511;43;0
147;18;336;16;41;55;99;3.80;4;1;1;80;0;6011599;783;0
147;18;336;16;41;55;99;3.80;6;2;1;73;0;6011599;72;0
147;18;336;16;41;56;99;3.00;3;1;1;68;0;6011699;684;0
147;18;336;16;41;56;40;4.20;1;1;1;95;0;6011640;2281;0
147;18;336;16;41;56;52;3.60;6;2;1;73;0;6011652;34;0
147;18;336;16;41;57;85;4.40;3;1;1;66;0;6011785;70;0
147;18;336;16;41;57;94;5.00;7;2;1;75;0;6011794;371;0
147;18;336;16;41;57;99;3.40;4;1;1;82;0;6011799;182;0
147;18;336;16;41;58;99;3.00;6;2;1;71;0;6011899;229;0
147;18;336;16;41;58;99;3.00;2;1;1;77;0;6011899;785;0
147;18;336;16;41;59;42;3.80;7;2;1;72;0;6011942;124;0
147;18;336;16;41;59;74;3.60;1;1;1;75;0;6011974;318;0
147;18;336;16;42;2;98;4.40;3;1;1;73;0;6012298;489;0
147;18;336;16;42;3;1;3.40;4;1;1;77;0;6012301;487;0
147;18;336;16;42;3;99;3.00;6;2;1;69;0;6012399;484;0
147;18;336;16;42;4;55;3.60;4;1;1;79;0;6012455;138;0
147;18;336;16;42;4;68;3.40;3;1;1;68;0;6012468;148;0
147;18;336;16;42;5;7;3.20;6;2;1;70;0;6012507;92;0
147;18;336;16;42;5;99;3.00;7;2;1;69;0;6012599;638;0
147;18;336;16;42;6;14;3.60;4;1;1;78;0;6012614;142;0
147;18;336;16;42;8;1;3.20;7;2;1;70;0;6012801;186;0
147;18;336;16;42;8;7;3.60;4;1;1;79;0;6012807;176;0
147;18;336;16;42;8;21;3.80;5;2;1;86;0;6012821;1499;0
147;18;336;16;42;7;57;15.80;3;1;4;71;0;6012757;271;0
147;18;336;16;42;8;99;3.60;6;2;1;80;0;6012899;375;0
147;18;336;16;42;8;99;3.80;7;2;1;69;0;6012899;81;0
147;18;336;16;42;9;14;3.80;2;1;1;75;0;6012914;1000;0
147;18;336;16;42;10;21;3.60;5;2;1;87;0;6013021;184;0
147;18;336;16;42;10;99;3.40;4;1;1;86;0;6013099;275;0
147;18;336;16;42;11;5;3.20;3;1;1;79;0;6013105;267;0
147;18;336;16;42;11;8;3.60;4;1;1;88;0;6013108;-1;0
147;18;336;16;42;12;97;3.80;2;1;1;90;0;6013297;364;0
147;18;336;16;42;12;99;3.40;7;2;1;81;0;6013299;380;0
147;18;336;16;42;13;99;4.40;5;2;1;81;0;6013399;363;0
147;18;336;16;42;14;0;3.40;6;2;1;73;0;6013400;484;0
147;18;336;16;42;13;99;3.20;1;1;1;54;0;6013399;1407;0
147;18;336;16;42;14;99;3.20;2;1;1;65;0;6013499;186;0
147;18;336;16;42;14;19;3.20;3;1;1;76;0;6013419;299;0
147;18;336;16;42;15;19;3.00;7;2;1;73;0;6013519;204;0
147;18;336;16;42;15;77;3.80;2;1;1;63;0;6013577;60;0
147;18;336;16;42;15;99;3.60;3;1;1;79;0;6013599;164;0
147;18;336;16;42;15;99;3.00;7;2;1;71;0;6013599;65;0
147;18;336;16;42;16;99;3.00;4;1;1;78;0;6013699;576;0
147;18;336;16;42;16;99;4.00;1;1;1;89;0;6013699;278;0
147;18;336;16;42;16;99;3.40;7;2;1;71;0;6013699;84;0
147;18;336;16;42;16;99;3.40;2;1;1;56;0;6013699;100;0
147;18;336;16;42;17;27;4.00;8;2;1;86;0;6013727;2608;0
147;18;336;16;42;17;99;3.20;3;1;1;71;0;6013799;183;0
147;18;336;16;42;18;12;3.60;4;1;1;78;0;6013812;99;0
147;18;336;16;42;18;99;3.60;6;2;1;82;0;6013899;482;0
147;18;336;16;42;18;99;2.80;2;1;1;58;0;6013899;178;6013297
147;18;336;16;42;19;6;3.40;7;2;1;78;0;6013906;189;6013297
147;18;336;16;42;19;24;3.20;2;1;1;57;0;6013924;7;6013297
147;18;336;16;42;19;99;13.40;3;1;5;67;0;6013999;183;6013297
147;18;336;16;42;20;99;3.00;4;1;1;69;0;6014099;270;0
147;18;336;16;42;21;99;3.60;2;1;1;59;0;6014199;254;0
147;18;336;16;42;21;99;3.60;4;1;1;69;0;6014199;84;0
147;18;336;16;42;22;41;3.40;2;1;1;61;0;6014241;20;0
147;18;336;16;42;23;99;3.40;3;1;1;77;0;6014399;328;0
147;18;336;16;42;23;99;3.40;6;2;1;74;0;6014399;484;0
147;18;336;16;42;25;82;3.00;2;1;1;69;0;6014582;320;0
147;18;336;16;42;26;1;3.40;6;2;1;76;0;6014601;185;0
147;18;336;16;42;26;21;3.60;5;2;1;83;0;6014621;1202;0
147;18;336;16;42;26;99;3.20;2;1;1;77;0;6014699;101;0
147;18;336;16;42;27;38;3.00;6;2;1;72;0;6014738;120;0
147;18;336;16;42;28;99;3.60;6;2;1;68;0;6014899;146;0
147;18;336;16;42;29;99;3.40;7;2;1;73;0;6014999;1077;0
147;18;336;16;42;29;25;2.80;6;2;1;64;0;6014925;6;6014399
147;18;336;16;42;30;52;3.40;3;1;1;74;0;6015052;637;0
147;18;336;16;42;30;80;3.80;5;2;1;80;0;6015080;443;0
147;18;336;16;42;30;86;4.40;4;1;1;73;0;6015086;868;0
147;18;336;16;42;31;0;3.40;6;2;1;62;0;6015100;159;6014399
147;18;336;16;42;31;99;3.40;2;1;1;80;0;6015199;485;0
147;18;336;16;42;32;15;3.40;6;2;1;68;0;6015215;95;6014399
147;18;336;16;42;32;61;3.80;7;2;1;77;0;6015261;245;0
147;18;336;16;42;33;99;3.20;5;2;1;74;0;6015399;301;0
147;18;336;16;42;33;99;4.00;3;1;1;74;0;6015399;330;0
147;18;336;16;42;33;99;3.20;6;2;1;67;0;6015399;166;6014399
147;18;336;16;42;34;99;3.80;5;2;1;75;0;6015499;84;6014399
147;18;336;16;42;34;99;3.20;4;1;1;76;0;6015499;391;0
147;18;336;16;42;34;99;4.00;3;1;1;75;0;6015499;80;0
147;18;336;16;42;34;99;3.60;6;2;1;70;0;6015499;82;6014399
147;18;336;16;42;35;89;3.40;4;1;1;82;0;6015589;74;6014399
147;18;336;16;42;35;99;3.40;5;2;1;74;0;6015599;81;6014399
147;18;336;16;42;36;2;3.60;2;1;1;78;0;6015602;387;0
147;18;336;16;42;36;3;3.20;6;2;1;71;0;6015603;85;6014399
147;18;336;16;42;36;99;3.80;5;2;1;77;0;6015699;83;6014399
147;18;336;16;42;37;30;3.00;2;1;1;78;0;6015730;111;6014399
147;18;336;16;42;37;99;3.60;3;1;1;75;0;6015799;280;0
147;18;336;16;42;37;55;3.80;7;2;1;75;0;6015755;476;0
147;18;336;16;42;38;99;3.80;7;2;1;78;0;6015899;125;0
147;18;336;16;42;39;99;3.80;5;2;1;79;0;6015999;282;0
147;18;336;16;42;39;99;8.20;6;2;6;74;0;6015999;379;0
147;18;336;16;42;40;11;4.20;2;1;1;78;0;6016011;267;0
147;18;336;16;42;41;99;3.40;5;2;1;81;0;6016199;182;0
147;18;336;16;42;42;12;3.40;7;2;1;78;0;6016212;295;0
147;18;336;16;42;42;99;4.00;8;2;1;84;0;6016299;2555;0
147;18;336;16;42;42;6;3.80;6;2;1;72;0;6016206;167;0
147;18;336;16;42;42;26;4.00;5;2;1;82;0;6016226;11;0
147;18;336;16;42;44;99;4.00;2;1;1;85;0;6016499;468;0
147;18;336;16;42;44;99;3.80;4;1;1;79;0;6016499;895;0
147;18;336;16;42;45;86;3.80;6;2;1;89;0;6016586;361;0
147;18;336;16;42;46;99;3.80;7;2;1;79;0;6016699;471;0
147;18;336;16;42;46;99;3.40;3;1;1;80;0;6016699;882;0
147;18;336;16;42;47;99;3.40;2;1;1;69;0;6016799;283;0
147;18;336;16;42;48;1;3.20;6;2;1;84;0;6016801;199;0
147;18;336;16;42;48;79;3.20;2;1;1;75;0;6016879;62;0
147;18;336;16;42;49;99;3.20;1;1;1;69;0;6016999;3283;0
147;18;336;16;42;49;99;3.60;4;1;1;83;0;6016999;482;0
147;18;336;16;42;50;25;4.80;8;2;1;82;0;6017025;708;0
147;18;336;16;42;52;99;4.00;4;1;1;82;0;6017299;284;0
147;18;336;16;42;52;4;3.40;2;1;1;81;0;6017204;309;0
147;18;336;16;42;52;5;3.20;7;2;1;78;0;6017205;488;0
147;18;336;16;42;55;3;3.20;4;1;1;80;0;6017503;186;0
147;18;336;16;42;55;12;3.80;3;1;1;74;0;6017512;797;0
147;18;336;16;42;56;28;3.60;6;2;1;84;0;6017628;813;0
147;18;336;16;42;58;24;3.20;6;2;1;76;0;6017824;180;0
147;18;336;16;42;59;99;3.60;3;1;1;77;0;6017999;468;0
147;18;336;16;43;0;99;3.60;4;1;1;82;0;6018099;581;0
147;18;336;16;43;0;53;3.80;6;2;1;83;0;6018053;213;0
147;18;336;16;43;1;15;3.40;8;2;1;76;0;6018115;1068;0
147;18;336;16;43;1;99;3.40;2;1;1;77;0;6018199;979;0
147;18;336;16;43;2;99;3.40;7;2;1;80;0;6018299;1079;0
147;18;336;16;43;3;95;3.40;6;2;1;85;0;6018395;325;0
147;18;336;16;43;4;99;3.80;7;2;1;79;0;6018499;184;0
147;18;336;16;43;4;99;3.60;2;1;1;77;0;6018499;284;0
147;18;336;16;43;4;99;4.20;5;2;1;86;0;6018499;2255;0
147;18;336;16;43;5;99;3.60;3;1;1;74;0;6018599;583;0
147;18;336;16;43;5;99;3.80;6;2;1;83;0;6018599;189;0
147;18;336;16;43;5;15;3.20;2;1;1;75;0;6018515;-1;0
147;18;336;16;43;6;99;3.40;5;2;1;86;0;6018699;182;0
147;18;336;16;43;6;99;3.60;3;1;1;76;0;6018699;82;0
147;18;336;16;43;7;99;3.80;5;2;1;86;0;6018799;85;0
147;18;336;16;43;7;99;3.20;6;2;1;78;0;6018799;183;0
147;18;336;16;43;8;33;4.60;7;2;1;79;0;6018833;316;0
147;18;336;16;43;9;25;3.80;5;2;1;83;0;6018925;110;0
147;18;336;16;43;9;99;3.80;3;1;1;73;0;6018999;282;0
147;18;336;16;43;9;99;3.60;6;2;1;67;0;6018999;185;0
147;18;336;16;43;9;99;3.60;7;2;1;79;0;6018999;145;0
147;18;336;16;43;10;29;3.40;5;2;1;85;0;6019029;87;6018499
147;18;336;16;43;10;99;3.00;6;2;1;72;0;6019099;80;6018395
147;18;336;16;43;11;8;3.20;7;2;1;81;0;6019108;92;6018395
147;18;336;16;43;11;57;6.00;1;1;1;77;0;6019157;2141;0
147;18;336;16;43;11;81;3.40;3;1;1;74;0;6019181;163;0
147;18;336;16;43;12;99;3.20;6;2;1;67;0;6019299;185;6018395
147;18;336;16;43;12;99;3.60;2;1;1;78;0;6019299;768;0
147;18;336;16;43;13;9;3.40;3;1;1;76;0;6019309;111;0
147;18;336;16;43;13;53;3.80;2;1;1;76;0;6019353;37;0
147;18;336;16;43;14;99;3.60;7;2;1;74;0;6019499;376;0
147;18;336;16;43;14;99;2.80;6;2;1;70;0;6019499;182;6018395
147;18;336;16;43;15;17;3.60;5;2;1;76;0;6019517;473;0
147;18;336;16;43;15;99;4.00;8;2;1;81;0;6019599;1467;0
147;18;336;16;43;16;14;3.40;7;2;1;74;0;6019614;97;0
147;18;336;16;43;17;12;3.00;3;1;1;76;0;6019712;386;0
147;18;336;16;43;17;99;4.60;5;2;1;80;0;6019799;264;0
147;18;336;16;43;17;99;7.00;3;1;1;80;0;6019799;72;0
147;18;336;16;43;18;5;3.00;6;2;1;79;0;6019805;291;0
147;18;336;16;43;19;99;3.80;3;1;1;77;0;6019999;168;0
147;18;336;16;43;20;99;3.80;6;2;1;78;0;6020099;280;0
147;18;336;16;43;21;61;3.60;6;2;1;77;0;6020161;44;0
147;18;336;16;43;21;77;3.80;3;1;1;69;0;6020177;160;0
147;18;336;16;43;22;23;3.60;5;2;1;83;0;6020223;403;0
147;18;336;16;43;22;99;4.00;3;1;1;74;0;6020299;102;6019712
147;18;336;16;43;23;99;3.60;6;2;1;74;0;6020399;221;0
147;18;336;16;43;23;99;3.20;3;1;1;69;0;6020399;80;6019712
147;18;336;16;43;24;2;3.60;1;1;1;104;0;6020402;1216;0
147;18;336;16;43;24;0;3.80;2;1;1;79;0;6020400;1029;0
147;18;336;16;43;24;92;3.60;5;2;1;81;0;6020492;253;0
147;18;336;16;43;24;99;3.20;4;1;1;83;0;6020499;2384;0
147;18;336;16;43;24;99;3.60;6;2;1;77;0;6020499;82;0
147;18;336;16;43;24;99;3.40;2;1;1;75;0;6020499;81;0
147;18;336;16;43;25;99;3.40;4;1;1;82;0;6020599;86;0
147;18;336;16;43;25;99;3.60;5;2;1;82;0;6020599;91;0
147;18;336;16;43;25;99;3.40;2;1;1;71;0;6020599;83;0
147;18;336;16;43;26;27;3.20;4;1;1;82;0;6020627;13;0
147;18;336;16;43;26;90;3.40;6;2;1;83;0;6020690;174;0
147;18;336;16;43;28;19;3.80;4;1;1;86;0;6020819;177;0
147;18;336;16;43;28;99;3.40;2;1;1;84;0;6020899;282;0
147;18;336;16;43;28;99;3.20;3;1;1;72;0;6020899;483;0
147;18;336;16;43;29;66;3.40;3;1;1;69;0;6020966;51;0
147;18;336;16;43;30;16;3.60;8;2;1;77;0;6021016;1399;0
147;18;336;16;43;30;99;3.00;6;2;1;68;0;6021099;394;0
147;18;336;16;43;30;99;3.40;3;1;1;69;0;6021099;115;0
147;18;336;16;43;31;0;4.40;2;1;1;72;0;6021100;186;0
147;18;336;16;43;32;5;3.20;3;1;1;71;0;6021205;88;0
147;18;336;16;43;32;13;3.60;6;2;1;71;0;6021213;98;0
147;18;336;16;43;32;99;3.80;5;2;1;84;0;6021299;684;0
147;18;336;16;43;32;99;3.60;4;1;1;79;0;6021299;464;0
147;18;336;16;43;32;99;4.20;8;2;1;79;0;6021299;266;0
147;18;336;16;43;33;99;3.00;3;1;1;71;0;6021399;177;6020899
147;18;336;16;43;33;99;7.00;2;1;1;73;0;6021399;277;0
147;18;336;16;43;33;0;3.00;6;2;1;69;0;6021300;68;0
147;18;336;16;43;33;99;4.60;7;2;1;64;0;6021399;1768;0
147;18;336;16;43;34;21;3.60;4;1;1;81;0;6021421;105;0
147;18;336;16;43;34;57;3.80;3;1;1;71;0;6021457;42;6020899
147;18;336;16;43;34;91;3.20;6;2;1;70;0;6021491;175;6020899
147;18;336;16;43;35;16;3.00;3;1;1;71;0;6021516;39;6020899
147;18;336;16;43;35;99;3.80;4;1;1;80;0;6021599;162;6020899
147;18;336;16;43;35;99;4.80;2;1;1;71;0;6021599;165;6020899
147;18;336;16;43;35;99;3.40;6;2;1;69;0;6021599;91;6021099
147;18;336;16;43;36;58;4.60;4;1;1;80;0;6021658;41;6021099
147;18;336;16;43;37;99;5.00;7;2;1;80;0;6021799;374;0
147;18;336;16;43;38;7;3.20;2;1;1;77;0;6021807;183;0
147;18;336;16;43;38;99;8.20;6;2;6;70;0;6021899;282;0
147;18;336;16;43;38;99;3.40;2;1;1;77;0;6021899;77;0
147;18;336;16;43;39;3;3.40;8;2;1;76;0;6021903;584;0
147;18;336;16;43;38;14;3.60;3;1;1;71;0;6021814;282;0
147;18;336;16;43;41;4;3.40;3;1;1;83;0;6022104;271;0
147;18;336;16;43;42;99;3.00;6;2;1;73;0;6022299;357;0
147;18;336;16;43;43;27;3.40;3;1;1;85;0;6022327;208;0
147;18;336;16;43;43;99;3.60;6;2;1;75;0;6022399;85;0
147;18;336;16;43;43;99;3.40;3;1;1;75;0;6022399;57;0
147;18;336;16;43;44;10;3.40;5;2;1;79;0;6022410;1094;0
147;18;336;16;43;43;92;6.00;7;2;1;71;0;6022392;570;0
147;18;336;16;43;44;65;3.60;4;1;1;83;0;6022465;786;0
147;18;336;16;43;44;74;3.20;5;2;1;79;0;6022474;48;0
147;18;336;16;43;45;99;4.00;4;1;1;83;0;6022599;118;0
147;18;336;16;43;46;99;3.40;3;1;1;77;0;6022699;283;0
147;18;336;16;43;47;99;3.20;3;1;1;76;0;6022799;84;0
147;18;336;16;43;50;99;2.80;3;1;1;77;0;6023099;284;0
147;18;336;16;43;51;29;3.40;2;1;1;81;0;6023129;1214;0
147;18;336;16;43;52;9;3.60;3;1;1;79;0;6023209;96;0
147;18;336;16;43;53;99;3.60;3;1;1;77;0;6023399;173;0
147;18;336;16;43;54;35;3.80;4;1;1;84;0;6023435;818;0
147;18;336;16;43;55;99;3.40;6;2;1;77;0;6023599;1182;0
147;18;336;16;43;55;99;3.20;2;1;1;80;0;6023599;454;0
147;18;336;16;43;55;99;3.80;7;2;1;85;0;6023599;1176;0
147;18;336;16;43;56;99;3.60;5;2;1;77;0;6023699;1210;0
147;18;336;16;43;56;99;3.80;4;1;1;79;0;6023699;247;0
147;18;336;16;43;56;99;3.40;3;1;1;75;0;6023699;283;0
147;18;336;16;43;57;98;3.80;3;1;1;85;0;6023798;82;0
147;18;336;16;43;57;99;4.20;2;1;1;72;0;6023799;185;0
147;18;336;16;43;58;99;3.60;4;1;1;78;0;6023899;182;0
147;18;336;16;43;58;99;3.40;7;2;1;77;0;6023899;283;0
147;18;336;16;43;58;99;3.80;6;2;1;70;0;6023899;284;0
147;18;336;16;43;59;99;4.00;5;2;1;76;0;6023999;283;0
147;18;336;16;43;59;5;4.40;7;2;1;73;0;6023905;-1;0
147;18;336;16;43;59;33;3.00;2;1;1;76;0;6023933;113;0
147;18;336;16;44;0;97;3.40;6;2;1;73;0;6024097;178;0
147;18;336;16;44;1;5;3.40;4;1;1;77;0;6024105;189;0
147;18;336;16;44;1;19;3.60;3;1;1;84;0;6024119;304;0
147;18;336;16;44;1;99;4.00;6;2;1;75;0;6024199;85;0
147;18;336;16;44;2;6;3.40;4;1;1;78;0;6024206;85;0
147;18;336;16;44;2;11;3.60;5;2;1;79;0;6024211;193;0
147;18;336;16;44;2;3;3.20;7;2;1;77;0;6024203;276;0
147;18;336;16;44;2;99;3.00;2;1;1;78;0;6024299;351;0
147;18;336;16;44;3;99;3.40;4;1;1;80;0;6024399;177;6023699
147;18;336;16;44;3;99;3.40;6;2;1;72;0;6024399;180;6023699
147;18;336;16;44;5;2;3.60;6;2;1;74;0;6024502;86;6023899
147;18;336;16;44;7;41;3.80;6;2;1;74;0;6024741;221;0
147;18;336;16;44;7;60;4.00;2;1;1;89;0;6024760;447;0
147;18;336;16;44;8;99;3.80;5;2;1;94;0;6024899;671;0
147;18;336;16;44;9;99;3.20;3;1;1;83;0;6024999;864;0
147;18;336;16;44;9;29;3.60;6;2;1;72;0;6024929;169;0
147;18;336;16;44;10;95;3.40;5;2;1;81;0;6025095;181;0
147;18;336;16;44;10;99;3.80;4;1;1;84;0;6025099;684;0
147;18;336;16;44;11;99;3.60;5;2;1;84;0;6025199;88;0
147;18;336;16;44;12;4;3.60;6;2;1;78;0;6025204;257;0
147;18;336;16;44;12;7;10.00;3;1;2;78;0;6025207;194;0
147;18;336;16;44;12;75;3.80;5;2;1;87;0;6025275;60;0
147;18;336;16;44;12;55;7.80;2;1;6;70;0;6025255;478;0
147;18;336;16;44;13;99;5.20;7;2;1;81;0;6025399;1181;0
147;18;336;16;44;14;5;3.80;4;1;1;83;0;6025405;289;0
147;18;336;16;44;13;99;8.20;2;1;2;68;0;6025399;103;0
147;18;336;16;44;14;99;3.60;6;2;1;80;0;6025499;278;0
147;18;336;16;44;15;60;3.40;6;2;1;75;0;6025560;44;0
147;18;336;16;44;15;86;3.40;2;1;1;67;0;6025586;143;0
147;18;336;16;44;15;99;3.60;3;1;1;77;0;6025599;345;0
147;18;336;16;44;16;99;3.80;2;1;1;64;0;6025699;94;0
147;18;336;16;44;17;18;4.20;6;2;1;74;0;6025718;141;0
147;18;336;16;44;17;45;3.00;3;1;1;76;0;6025745;129;0
147;18;336;16;44;17;46;3.80;8;2;1;83;0;6025746;3826;0
147;18;336;16;44;17;54;3.80;2;1;1;62;0;6025754;33;6025255
147;18;336;16;44;18;1;4.40;5;2;1;81;0;6025801;510;0
147;18;336;16;44;18;19;3.20;7;2;1;80;0;6025819;396;0
147;18;336;16;44;19;99;3.00;6;2;1;78;0;6025999;260;0
147;18;336;16;44;19;14;3.60;6;2;1;80;0;6025914;-1;0
147;18;336;16;44;20;69;3.60;5;2;1;81;0;6026069;248;0
147;18;336;16;44;20;54;4.40;1;1;1;60;0;6026054;5639;0
147;18;336;16;44;20;99;3.40;4;1;1;78;0;6026099;677;0
147;18;336;16;44;21;99;3.60;3;1;1;74;0;6026199;439;0
147;18;336;16;44;22;9;3.60;5;2;1;82;0;6026209;124;0
147;18;336;16;44;22;7;3.00;6;2;1;74;0;6026207;276;0
147;18;336;16;44;22;21;3.00;3;1;1;68;0;6026221;4;0
147;18;336;16;44;22;53;3.20;7;2;1;80;0;6026253;419;0
147;18;336;16;44;23;93;3.60;3;1;1;68;0;6026393;156;0
147;18;336;16;44;23;99;3.60;6;2;1;79;0;6026399;177;0
147;18;336;16;44;23;99;3.40;2;1;1;72;0;6026399;622;0
147;18;336;16;44;24;2;3.80;1;1;1;70;0;6026402;321;0
147;18;336;16;44;24;23;5.80;7;2;1;29;0;6026423;155;0
147;18;336;16;44;25;76;3.60;4;1;1;75;0;6026576;461;0
147;18;336;16;44;26;5;5.40;2;1;1;75;0;6026605;189;0
147;18;336;16;44;27;23;3.20;6;2;1;74;0;6026723;307;0
147;18;336;16;44;27;39;3.40;6;2;1;73;0;6026739;0;0
147;18;336;16;44;28;99;4.00;6;2;1;74;0;6026899;143;0
147;18;336;16;44;28;99;6.60;4;1;1;82;0;6026899;305;0
147;18;336;16;44;29;1;3.00;3;1;1;81;0;6026901;488;0
147;18;336;16;44;30;45;3.40;4;1;1;82;0;6027045;117;0
147;18;336;16;44;30;86;3.60;5;2;1;80;0;6027086;861;0
147;18;336;16;44;32;1;4.20;7;2;1;77;0;6027201;706;0
147;18;336;16;44;32;4;3.20;5;2;1;83;0;6027204;101;0
147;18;336;16;44;32;2;3.60;4;1;1;80;0;6027202;142;0
147;18;336;16;44;33;85;4.00;7;2;1;73;0;6027385;164;0
147;18;336;16;44;33;99;3.80;5;2;1;82;0;6027399;181;0
147;18;336;16;44;34;99;3.40;3;1;1;72;0;6027499;584;0
147;18;336;16;44;34;99;3.60;6;2;1;76;0;6027499;580;0
147;18;336;16;44;34;99;7.00;1;1;6;69;0;6027499;1077;0
147;18;336;16;44;35;3;3.80;7;2;1;71;0;6027503;98;0
147;18;336;16;44;35;21;3.60;3;1;1;70;0;6027521;4;0
147;18;336;16;44;35;40;3.40;6;2;1;73;0;6027540;23;0
147;18;336;16;44;35;49;4.00;5;2;1;81;0;6027549;133;0
147;18;336;16;44;37;99;3.80;5;2;1;79;0;6027799;232;0
147;18;336;16;44;36;64;23.60;7;2;5;78;0;6027664;141;0
147;18;336;16;44;37;99;3.20;1;1;1;75;0;6027799;263;0
147;18;336;16;44;37;99;4.00;6;2;1;69;0;6027799;242;0
147;18;336;16;44;38;15;4.00;5;2;1;76;0;6027815;-1;0
147;18;336;16;44;38;92;4.00;8;2;1;77;0;6027892;2129;0
147;18;336;16;44;39;2;3.80;6;2;1;71;0;6027902;82;0
147;18;336;16;44;40;99;7.60;3;1;6;75;0;6028099;559;0
147;18;336;16;44;41;13;4.60;3;1;1;76;0;6028113;-1;0
147;18;336;16;44;41;99;3.60;4;1;1;81;0;6028199;980;0
147;18;336;16;44;42;12;3.80;3;1;1;76;0;6028212;77;0
147;18;336;16;44;42;99;3.80;4;1;1;78;0;6028299;84;0
147;18;336;16;44;42;99;3.60;6;2;1;76;0;6028299;377;0
147;18;336;16;44;42;99;4.20;2;1;1;69;0;6028299;1668;0
147;18;336;16;44;43;24;3.60;6;2;1;78;0;6028324;7;0
147;18;336;16;44;43;81;3.80;1;1;1;77;0;6028381;566;0
147;18;336;16;44;43;91;3.60;4;1;1;79;0;6028391;74;0
147;18;336;16;44;44;16;3.40;6;2;1;80;0;6028416;75;0
147;18;336;16;44;44;99;3.60;4;1;1;79;0;6028499;91;0
147;18;336;16;44;45;11;4.00;2;1;1;92;0;6028511;190;0
147;18;336;16;44;45;22;3.60;4;1;1;80;0;6028522;6;6028199
147;18;336;16;44;45;26;3.60;6;2;1;77;0;6028526;94;6028199
147;18;336;16;44;46;92;4.00;5;2;1;83;0;6028692;858;0
147;18;336;16;44;46;99;3.60;4;1;1;81;0;6028699;160;6028199
147;18;336;16;44;46;99;3.40;3;1;1;70;0;6028699;469;0
147;18;336;16;44;46;99;3.40;6;2;1;80;0;6028699;156;6028299
147;18;336;16;44;47;99;3.20;3;1;1;70;0;6028799;82;6028299
147;18;336;16;44;47;99;3.80;5;2;1;82;0;6028799;89;6028299
147;18;336;16;44;48;16;3.60;2;1;1;73;0;6028816;289;0
147;18;336;16;44;48;53;3.40;5;2;1;84;0;6028853;37;0
147;18;336;16;44;48;68;3.80;3;1;1;74;0;6028868;52;0
147;18;336;16;44;48;73;5.60;2;1;1;74;0;6028873;39;0
147;18;336;16;44;49;3;3.60;6;2;1;80;0;6028903;188;6028299
147;18;336;16;44;49;99;4.60;1;1;1;80;0;6028999;600;0
147;18;336;16;44;49;99;4.00;5;2;1;82;0;6028999;131;0
147;18;336;16;44;49;99;3.20;7;2;1;79;0;6028999;1226;0
147;18;336;16;44;50;23;3.40;6;2;1;79;0;6029023;103;6028299
147;18;336;16;44;51;14;3.40;1;1;1;74;0;6029114;94;6028299
147;18;336;16;44;51;88;3.40;3;1;1;72;0;6029188;301;0
147;18;336;16;44;52;99;3.60;3;1;1;77;0;6029299;94;0
147;18;336;16;44;52;99;3.20;2;1;1;82;0;6029299;398;0
147;18;336;16;44;52;99;3.40;6;2;1;78;0;6029299;260;0
147;18;336;16;44;54;99;4.00;6;2;1;78;0;6029499;184;0
147;18;336;16;44;54;99;3.60;3;1;1;71;0;6029499;183;0
147;18;336;16;44;56;4;3.80;4;1;1;84;0;6029604;889;0
147;18;336;16;44;56;6;3.40;3;1;1;68;0;6029606;88;0
147;18;336;16;44;56;21;3.80;6;2;1;77;0;6029621;103;0
147;18;336;16;44;56;99;3.40;2;1;1;71;0;6029699;385;0
147;18;336;16;44;57;99;3.00;1;1;1;78;0;6029799;668;0
147;18;336;16;44;57;99;3.80;4;1;1;86;0;6029799;178;0
147;18;336;16;44;59;99;5.20;2;1;1;76;0;6029999;282;0
147;18;336;16;44;59;99;3.20;3;1;1;91;0;6029999;375;0
147;18;336;16;45;0;0;5.40;1;1;1;73;0;6030000;187;0
147;18;336;16;45;0;18;3.40;6;2;1;75;0;6030018;379;0
147;18;336;16;45;0;9;3.40;2;1;1;76;0;6030009;-1;0
147;18;336;16;45;2;99;3.60;2;1;1;75;0;6030299;273;0
147;18;336;16;45;2;99;3.80;8;2;1;79;0;6030299;2388;0
147;18;336;16;45;2;99;3.00;1;1;1;85;0;6030299;272;0
147;18;336;16;45;5;6;3.40;6;2;1;77;0;6030506;471;0
147;18;336;16;45;3;5;4.00;7;2;1;16;0;6030305;1291;0
147;18;336;16;45;6;13;3.60;3;1;1;70;0;6030613;601;0
147;18;336;16;45;6;55;3.80;8;2;1;82;0;6030655;338;0
147;18;336;16;45;7;99;3.80;3;1;1;69;0;6030799;167;0
147;18;336;16;45;7;99;4.60;6;2;1;82;0;6030799;277;0
147;18;336;16;45;8;10;4.20;6;2;1;74;0;6030810;-1;0
147;18;336;16;45;6;21;4.20;7;2;1;15;0;6030621;226;0
147;18;336;16;45;8;28;3.60;3;1;1;71;0;6030828;9;0
147;18;336;16;45;9;91;4.00;1;1;1;83;0;6030991;679;0
147;18;336;16;45;9;95;3.20;3;1;1;72;0;6030995;148;0
147;18;336;16;45;9;99;3.20;8;2;1;76;0;6030999;327;0
147;18;336;16;45;10;11;3.80;5;2;1;78;0;6031011;1994;0
147;18;336;16;45;10;99;3.20;2;1;1;86;0;6031099;782;0
147;18;336;16;45;11;28;3.80;2;1;1;87;0;6031128;15;0
147;18;336;16;45;11;44;5.00;6;2;1;78;0;6031144;313;0
147;18;336;16;45;11;95;3.80;4;1;1;80;0;6031195;1380;0
147;18;336;16;45;12;1;3.00;2;1;1;74;0;6031201;57;0
147;18;336;16;45;12;99;3.40;6;2;1;80;0;6031299;131;0
147;18;336;16;45;12;99;3.80;5;2;1;79;0;6031299;270;0
147;18;336;16;45;10;20;4.00;7;2;1;13;0;6031020;298;0
147;18;336;16;45;13;99;3.60;3;1;1;79;0;6031399;388;0
147;18;336;16;45;13;18;3.80;2;1;1;81;0;6031318;102;0
147;18;336;16;45;13;21;3.80;4;1;1;82;0;6031321;108;0
147;18;336;16;45;15;99;3.60;3;1;1;82;0;6031599;183;0
147;18;336;16;45;16;10;3.00;6;2;1;69;0;6031610;295;0
147;18;336;16;45;17;22;4.40;6;2;1;78;0;6031722;96;0
147;18;336;16;45;18;14;3.80;3;1;1;80;0;6031814;199;0
147;18;336;16;45;18;23;3.60;4;1;1;81;0;6031823;485;0
147;18;336;16;45;19;78;3.60;2;1;1;76;0;6031978;643;0
147;18;336;16;45;19;99;4.20;6;2;1;79;0;6031999;256;0
147;18;336;16;45;19;99;4.80;5;2;1;83;0;6031999;682;0
147;18;336;16;45;19;99;3.40;4;1;1;80;0;6031999;160;0
147;18;336;16;45;20;99;3.80;4;1;1;78;0;6032099;84;0
147;18;336;16;45;21;75;3.00;6;2;1;73;0;6032175;156;0
147;18;336;16;45;22;99;3.40;4;1;1;76;0;6032299;182;0
147;18;336;16;45;22;99;3.80;2;1;1;73;0;6032299;303;0
147;18;336;16;45;23;16;3.40;6;2;1;73;0;6032316;126;0
147;18;336;16;45;23;99;3.00;7;2;1;71;0;6032399;1268;0
147;18;336;16;45;24;88;3.40;3;1;1;74;0;6032488;656;0
147;18;336;16;45;24;92;3.00;6;2;1;71;0;6032492;159;0
147;18;336;16;45;25;3;3.60;5;2;1;78;0;6032503;483;0
147;18;336;16;45;25;99;3.80;8;2;1;74;0;6032599;1584;0
147;18;336;16;45;26;4;3.40;6;2;1;71;0;6032604;96;6031999
147;18;336;16;45;27;0;3.80;5;2;1;76;0;6032700;180;6031999
147;18;336;16;45;27;99;3.40;4;1;1;81;0;6032799;483;0
147;18;336;16;45;27;99;3.20;5;2;1;76;0;6032799;81;0
147;18;336;16;45;28;99;3.80;8;2;1;85;0;6032899;281;0
147;18;336;16;45;28;99;3.60;6;2;1;71;0;6032899;277;0
147;18;336;16;45;28;99;3.80;3;1;1;76;0;6032899;394;0
147;18;336;16;45;28;99;3.80;5;2;1;78;0;6032899;84;0
147;18;336;16;45;25;64;4.00;7;2;1;11;0;6032564;149;0
147;18;336;16;45;30;99;3.60;5;2;1;79;0;6033099;182;6032503
147;18;336;16;45;31;22;3.60;5;2;1;84;0;6033122;6;6032503
147;18;336;16;45;31;99;3.40;8;2;1;75;0;6033199;283;0
147;18;336;16;45;31;22;3.20;2;1;1;78;0;6033122;804;0
147;18;336;16;45;31;21;5.00;6;2;1;80;0;6033121;203;0
147;18;336;16;45;31;52;4.00;7;2;1;88;0;6033152;457;0
147;18;336;16;45;33;99;3.60;7;2;1;80;0;6033399;230;0
147;18;336;16;45;33;99;3.60;5;2;1;80;0;6033399;261;0
147;18;336;16;45;34;36;3.40;5;2;1;83;0;6033436;20;0
147;18;336;16;45;34;60;3.60;4;1;1;77;0;6033460;645;0
147;18;336;16;45;34;78;3.40;6;2;1;79;0;6033478;334;0
147;18;336;16;45;35;99;3.60;6;2;1;77;0;6033599;105;0
147;18;336;16;45;36;99;5.20;5;2;1;80;0;6033699;248;0
147;18;336;16;45;36;99;3.40;3;1;1;79;0;6033699;782;0
147;18;336;16;45;33;65;4.00;7;2;1;11;0;6033365;-1;0
147;18;336;16;45;37;97;4.00;6;2;1;78;0;6033797;181;0
147;18;336;16;45;39;35;4.00;5;2;1;83;0;6033935;212;0
147;18;336;16;45;39;78;4.60;3;1;1;78;0;6033978;263;0
147;18;336;16;45;36;54;0.40;7;2;1;10;1;6033654;158;0
147;18;336;16;45;40;99;5.00;3;1;1;70;0;6034099;99;0
147;18;336;16;45;40;99;3.80;8;2;1;75;0;6034099;883;0
147;18;336;16;45;40;99;3.40;6;2;1;76;0;6034099;283;0
147;18;336;16;45;41;0;3.60;5;2;1;81;0;6034100;147;0
147;18;336;16;45;41;14;3.40;2;1;1;79;0;6034114;977;0
147;18;336;16;45;41;16;3.60;1;1;1;80;0;6034116;3107;0
147;18;336;16;45;41;99;3.60;4;1;1;73;0;6034199;722;0
147;18;336;16;45;41;14;3.40;3;1;1;78;0;6034114;-1;0
147;18;336;16;45;42;5;3.80;4;1;1;73;0;6034205;-1;0
147;18;336;16;45;43;5;3.60;2;1;1;76;0;6034305;175;0
147;18;336;16;45;43;99;3.60;4;1;1;75;0;6034399;175;0
147;18;336;16;45;43;99;3.40;2;1;1;72;0;6034399;76;0
147;18;336;16;45;44;46;4.00;7;2;1;81;0;6034446;950;0
147;18;336;16;45;44;59;3.40;6;2;1;74;0;6034459;343;0
147;18;336;16;45;44;73;3.40;2;1;1;69;0;6034473;57;0
147;18;336;16;45;45;99;3.20;7;2;1;81;0;6034599;135;0
147;18;336;16;45;45;99;4.00;3;1;1;76;0;6034599;469;0
147;18;336;16;45;46;5;3.20;1;1;1;80;0;6034605;472;0
147;18;336;16;45;45;99;3.60;2;1;1;67;0;6034599;108;6034114
147;18;336;16;45;46;99;3.40;6;2;1;67;0;6034699;223;0
147;18;336;16;45;47;53;7.80;7;2;1;56;0;6034753;139;0
147;18;336;16;45;48;99;3.60;5;2;1;79;0;6034899;783;0
147;18;336;16;45;48;99;3.60;3;1;1;81;0;6034899;281;0
147;18;336;16;45;48;99;3.80;4;1;1;83;0;6034899;482;0
147;18;336;16;45;49;4;3.40;7;2;1;75;0;6034904;100;0
147;18;336;16;45;49;24;3.00;5;2;1;80;0;6034924;8;0
147;18;336;16;45;50;99;3.60;6;2;1;68;0;6035099;381;0
147;18;336;16;45;51;99;3.40;3;1;1;80;0;6035199;284;0
147;18;336;16;45;52;0;3.80;6;2;1;69;0;6035200;81;0
147;18;336;16;45;51;51;5.80;7;2;1;53;0;6035151;230;0
147;18;336;16;45;53;99;3.40;2;1;1;76;0;6035399;780;0
147;18;336;16;45;54;29;3.60;1;1;1;70;0;6035429;809;0
147;18;336;16;45;55;99;3.40;5;2;1;84;0;6035599;661;0
147;18;336;16;45;56;18;3.40;3;1;1;73;0;6035618;403;0
147;18;336;16;45;57;7;3.80;3;1;1;75;0;6035707;72;0
147;18;336;16;45;57;25;3.40;5;2;1;83;0;6035725;111;0
147;18;336;16;45;57;69;3.60;2;1;1;76;0;6035769;353;0
147;18;336;16;45;58;99;3.20;6;2;1;69;0;6035899;679;0
147;18;336;16;45;59;3;3.60;2;1;1;73;0;6035903;116;0
147;18;336;16;45;57;42;4.00;7;2;1;18;0;6035742;551;0
147;18;336;16;45;59;99;0.20;7;2;1;19;1;6035999;177;0
147;18;336;16;46;0;89;3.20;2;1;1;72;0;6036089;168;0
147;18;336;16;46;0;99;3.20;5;2;1;83;0;6036099;359;0
147;18;336;16;46;1;99;3.20;6;2;1;77;0;6036199;283;0
147;18;336;16;46;1;99;3.60;3;1;1;78;0;6036199;473;0
147;18;336;16;46;1;99;3.80;2;1;1;69;0;6036199;94;0
147;18;336;16;46;2;28;4.00;7;2;1;82;0;6036228;406;0
147;18;336;16;46;3;2;4.00;6;2;1;76;0;6036302;88;0
147;18;336;16;46;2;70;4.40;2;1;1;68;0;6036270;51;6035769
147;18;336;16;46;3;99;3.80;8;2;1;80;0;6036399;2281;0
147;18;336;16;46;3;99;3.00;2;1;1;66;0;6036399;105;6035769
147;18;336;16;46;4;3;3.80;1;1;1;64;0;6036403;955;0
147;18;336;16;46;4;99;3.60;6;2;1;75;0;6036499;178;0
147;18;336;16;46;5;39;3.80;2;1;1;65;0;6036539;123;6035769
147;18;336;16;46;5;82;3.20;3;1;1;66;0;6036582;366;0
147;18;336;16;46;6;99;3.80;2;1;1;65;0;6036699;138;6035769
147;18;336;16;46;6;99;3.60;4;1;1;82;0;6036699;1783;0
147;18;336;16;46;7;62;4.20;4;1;1;84;0;6036762;47;0
147;18;336;16;46;6;68;5.60;7;2;1;32;0;6036668;422;0
147;18;336;16;46;7;68;3.80;2;1;1;64;0;6036768;47;6035769
147;18;336;16;46;9;99;3.80;4;1;1;84;0;6036999;219;0
147;18;336;16;46;9;99;3.60;5;2;1;79;0;6036999;886;0
147;18;336;16;46;9;99;3.60;2;1;1;67;0;6036999;209;0
147;18;336;16;46;10;36;3.40;6;2;1;71;0;6037036;519;0
147;18;336;16;46;10;99;3.40;2;1;1;67;0;6037099;80;0
147;18;336;16;46;12;99;3.00;2;1;1;65;0;6037299;181;0
147;18;336;16;46;12;99;3.40;3;1;1;70;0;6037299;699;0
147;18;336;16;46;12;51;3.80;4;1;1;86;0;6037251;235;0
147;18;336;16;46;13;99;3.40;8;2;1;79;0;6037399;982;0
147;18;336;16;46;13;99;3.20;2;1;1;66;0;6037399;83;0
147;18;336;16;46;14;99;3.20;7;2;1;68;0;6037499;768;0
147;18;336;16;46;14;99;3.60;6;2;1;72;0;6037499;445;0
147;18;336;16;46;14;99;3.40;5;2;1;85;0;6037499;483;0
147;18;336;16;46;15;8;4.00;4;1;1;84;0;6037508;241;0
147;18;336;16;46;15;14;3.60;8;2;1;78;0;6037514;99;0
147;18;336;16;46;15;42;3.40;3;1;1;75;0;6037542;225;0
147;18;336;16;46;15;99;3.40;4;1;1;81;0;6037599;73;0
147;18;336;16;46;16;18;3.00;6;2;1;72;0;6037618;101;0
147;18;336;16;46;16;99;3.80;1;1;1;67;0;6037699;1274;0
147;18;336;16;46;16;99;4.00;1;1;1;79;0;6037699;-1;0
147;18;336;16;46;17;99;3.60;6;2;1;71;0;6037799;166;0
147;18;336;16;46;17;1;2.80;2;1;1;73;0;6037701;284;0
147;18;336;16;46;17;45;3.40;3;1;1;71;0;6037745;186;0
147;18;336;16;46;19;2;3.60;4;1;1;79;0;6037902;287;0
147;18;336;16;46;19;99;3.20;3;1;1;75;0;6037999;236;0
147;18;336;16;46;19;99;3.80;2;1;1;74;0;6037999;284;0
147;18;336;16;46;20;50;3.80;6;2;1;66;0;6038050;232;0
147;18;336;16;46;21;99;3.20;1;1;1;71;0;6038199;481;0
147;18;336;16;46;21;99;3.80;4;1;1;76;0;6038199;280;0
147;18;336;16;46;21;99;3.20;3;1;1;70;0;6038199;184;0
147;18;336;16;46;21;99;3.80;5;2;1;75;0;6038199;685;0
147;18;336;16;46;21;99;3.20;2;1;1;79;0;6038199;181;0
147;18;336;16;46;21;99;3.40;6;2;1;66;0;6038199;128;0
147;18;336;16;46;22;99;3.00;4;1;1;76;0;6038299;82;0
147;18;336;16;46;22;32;3.80;6;2;1;68;0;6038232;14;0
147;18;336;16;46;23;96;3.40;5;2;1;74;0;6038396;178;0
147;18;336;16;46;23;96;3.80;3;1;1;77;0;6038396;180;0
147;18;336;16;46;24;12;3.80;4;1;1;77;0;6038412;98;0
147;18;336;16;46;24;99;3.60;5;2;1;70;0;6038499;86;0
147;18;336;16;46;25;7;4.00;7;2;1;80;0;6038507;991;0
147;18;336;16;46;25;99;3.80;6;2;1;70;0;6038599;346;0
147;18;336;16;46;25;17;3.40;4;1;1;75;0;6038517;87;0
147;18;336;16;46;26;99;3.60;5;2;1;73;0;6038699;181;0
147;18;336;16;46;27;99;3.40;5;2;1;75;0;6038799;82;6038199
147;18;336;16;46;28;9;3.60;6;2;1;70;0;6038809;190;6038199
147;18;336;16;46;28;67;3.40;7;2;1;81;0;6038867;342;0
147;18;336;16;46;29;7;3.80;2;1;1;67;0;6038907;693;0
147;18;336;16;46;29;99;3.40;3;1;1;72;0;6038999;585;0
147;18;336;16;46;30;0;3.80;7;2;1;77;0;6039000;117;0
147;18;336;16;46;30;41;3.40;5;2;1;82;0;6039041;225;0
147;18;336;16;46;31;99;3.60;5;2;1;80;0;6039199;143;0
147;18;336;16;46;31;99;4.00;6;2;1;78;0;6039199;371;0
147;18;336;16;46;32;99;4.00;5;2;1;81;0;6039299;83;0
147;18;336;16;46;33;22;3.20;7;2;1;88;0;6039322;304;0
147;18;336;16;46;33;30;3.00;3;1;1;77;0;6039330;314;0
147;18;336;16;46;34;8;3.40;2;1;1;78;0;6039408;480;0
147;18;336;16;46;34;99;3.40;5;2;1;82;0;6039499;182;0
147;18;336;16;46;35;13;4.00;6;2;1;73;0;6039513;295;0
147;18;336;16;46;36;17;4.00;5;2;1;83;0;6039617;103;6039041
147;18;336;16;46;36;99;3.20;6;2;1;69;0;6039699;166;6039041
147;18;336;16;46;37;99;3.80;3;1;1;75;0;6039799;454;0
147;18;336;16;46;37;99;3.40;7;2;1;80;0;6039799;463;0
147;18;336;16;46;38;19;3.60;6;2;1;68;0;6039819;103;0
147;18;336;16;46;39;99;10.20;7;2;2;78;0;6039999;184;0
147;18;336;16;46;40;1;3.40;6;2;1;64;0;6040001;162;0
147;18;336;16;46;40;99;3.60;7;2;1;80;0;6040099;52;0
147;18;336;16;46;40;32;3.60;8;2;1;74;0;6040032;2501;0
147;18;336;16;46;41;99;3.60;8;2;1;74;0;6040199;149;0
147;18;336;16;46;43;32;3.40;8;2;1;73;0;6040332;115;0
147;18;336;16;46;45;2;3.80;7;2;1;73;0;6040502;386;0
147;18;336;16;46;45;17;4.80;2;1;1;81;0;6040517;1093;0
147;18;336;16;46;45;99;3.40;3;1;1;74;0;6040599;781;0
147;18;336;16;46;46;7;2.80;7;2;1;69;0;6040607;86;0
147;18;336;16;46;46;95;3.60;8;2;1;75;0;6040695;346;0
147;18;336;16;46;47;99;3.80;8;2;1;72;0;6040799;86;0
147;18;336;16;46;48;4;3.80;3;1;1;72;0;6040804;188;0
147;18;336;16;46;48;32;3.80;4;1;1;82;0;6040832;2298;0
147;18;336;16;46;49;99;3.80;7;2;1;73;0;6040999;377;0
147;18;336;16;46;49;99;4.80;2;1;1;79;0;6040999;460;0
147;18;336;16;46;49;99;4.00;4;1;1;82;0;6040999;150;0
147;18;336;16;46;50;3;3.80;6;2;1;81;0;6041003;982;0
147;18;336;16;46;50;99;3.40;2;1;1;78;0;6041099;78;0
147;18;336;16;46;51;23;3.20;4;1;1;81;0;6041123;106;0
147;18;336;16;46;51;70;4.80;2;1;1;81;0;6041170;55;0
147;18;336;16;46;51;91;3.60;7;2;1;78;0;6041191;173;0
147;18;336;16;46;51;92;3.80;6;2;1;78;0;6041192;172;0
147;18;336;16;46;52;99;3.60;1;1;1;76;0;6041299;3083;0
147;18;336;16;46;52;99;3.20;6;2;1;71;0;6041299;89;0
147;18;336;16;46;53;3;3.20;2;1;1;77;0;6041303;111;0
147;18;336;16;46;53;34;3.60;7;2;1;77;0;6041334;126;0
147;18;336;16;46;54;14;3.60;2;1;1;76;0;6041414;96;6040999
147;18;336;16;46;54;93;3.60;3;1;1;69;0;6041493;670;0
147;18;336;16;46;54;99;3.60;1;1;1;81;0;6041499;182;0
147;18;336;16;46;55;99;3.60;7;2;1;76;0;6041599;248;0
147;18;336;16;46;55;99;3.40;4;1;1;85;0;6041599;461;0
147;18;336;16;46;55;99;3.80;3;1;1;69;0;6041599;87;0
147;18;336;16;46;56;17;4.00;6;2;1;80;0;6041617;301;0
147;18;336;16;46;56;42;3.00;2;1;1;77;0;6041642;210;0
147;18;336;16;46;58;99;3.60;3;1;1;75;0;6041899;280;0
147;18;336;16;46;58;13;3.60;2;1;1;73;0;6041813;156;0
147;18;336;16;46;58;20;3.40;6;2;1;77;0;6041820;185;0
147;18;336;16;46;58;50;3.80;1;1;1;68;0;6041850;335;0
147;18;336;16;46;59;99;3.40;3;1;1;74;0;6041999;82;0
147;18;336;16;46;59;99;3.80;6;2;1;80;0;6041999;163;0
147;18;336;16;47;0;99;3.60;2;1;1;72;0;6042099;268;0
147;18;336;16;47;0;99;3.60;3;1;1;70;0;6042099;83;0
147;18;336;16;47;1;19;3.80;6;2;1;82;0;6042119;102;0
147;18;336;16;47;1;26;3.60;4;1;1;82;0;6042126;512;0
147;18;336;16;47;1;80;3.60;2;1;1;76;0;6042180;63;0
147;18;336;16;47;2;99;4.00;4;1;1;79;0;6042299;157;0
147;18;336;16;47;2;99;3.80;5;2;1;81;0;6042299;2664;0
147;18;336;16;47;3;21;3.60;4;1;1;79;0;6042321;3;0
147;18;336;16;47;4;12;3.80;3;1;1;77;0;6042412;294;0
147;18;336;16;47;4;99;3.60;4;1;1;79;0;6042499;161;0
147;18;336;16;47;5;99;4.00;4;1;1;78;0;6042599;83;6042126
147;18;336;16;47;6;18;3.60;7;2;1;78;0;6042618;1001;0
147;18;336;16;47;6;24;4.00;1;1;1;84;0;6042624;753;0
147;18;336;16;47;6;71;3.40;2;1;1;66;0;6042671;473;0
147;18;336;16;47;9;53;3.60;2;1;1;69;0;6042953;263;0
147;18;336;16;47;10;19;3.80;7;2;1;82;0;6043019;384;0
147;18;336;16;47;10;99;3.60;2;1;1;69;0;6043099;127;0
147;18;336;16;47;10;99;3.40;3;1;1;79;0;6043099;669;0
147;18;336;16;47;11;28;3.60;2;1;1;71;0;6043128;10;0
147;18;336;16;47;12;9;2.40;3;1;1;81;0;6043209;94;0
147;18;336;16;47;11;67;4.20;4;1;1;82;0;6043167;549;0
147;18;336;16;47;12;99;3.80;2;1;1;72;0;6043299;152;0
147;18;336;16;47;14;53;3.60;6;2;1;82;0;6043453;1317;0
147;18;336;16;47;15;99;3.20;3;1;1;77;0;6043599;379;0
147;18;336;16;47;16;99;3.60;4;1;1;78;0;6043699;513;0
147;18;336;16;47;16;38;3.60;7;2;1;77;0;6043638;602;0
147;18;336;16;47;17;99;3.60;2;1;1;81;0;6043799;481;0
147;18;336;16;47;19;4;3.40;4;1;1;77;0;6043904;188;0
147;18;336;16;47;19;45;3.40;1;1;1;79;0;6043945;1303;0
147;18;336;16;47;19;98;3.60;6;2;1;73;0;6043998;529;0
147;18;336;16;47;20;99;3.20;4;1;1;80;0;6044099;179;0
147;18;336;16;47;21;21;4.00;3;1;1;78;0;6044121;507;0
147;18;336;16;47;21;99;3.80;8;2;1;78;0;6044199;3381;0
147;18;336;16;47;22;87;3.80;4;1;1;77;0;6044287;173;0
147;18;336;16;47;22;99;3.60;3;1;1;78;0;6044299;159;0
147;18;336;16;47;23;99;4.60;6;2;1;71;0;6044399;383;0
147;18;336;16;47;24;31;3.00;7;2;1;71;0;6044431;776;0
147;18;336;16;47;24;75;3.80;3;1;1;75;0;6044475;159;0
147;18;336;16;47;25;99;4.00;4;1;1;77;0;6044599;294;0
147;18;336;16;47;25;99;3.40;3;1;1;75;0;6044599;105;0
147;18;336;16;47;26;3;3.80;4;1;1;78;0;6044603;-1;0
147;18;336;16;47;26;99;3.80;7;2;1;78;0;6044699;252;0
147;18;336;16;47;27;99;3.60;7;2;1;77;0;6044799;82;0
147;18;336;16;47;28;99;3.80;2;1;1;86;0;6044899;1084;0
147;18;336;16;47;29;8;3.40;7;2;1;81;0;6044908;92;0
147;18;336;16;47;29;5;3.40;6;2;1;75;0;6044905;482;0
147;18;336;16;47;30;99;3.20;6;2;1;76;0;6045099;177;0
147;18;336;16;47;30;99;3.40;4;1;1;76;0;6045099;478;0
147;18;336;16;47;31;99;4.00;8;2;1;76;0;6045199;982;0
147;18;336;16;47;32;41;3.60;2;1;1;71;0;6045241;326;0
147;18;336;16;47;32;99;3.60;4;1;1;73;0;6045299;183;0
147;18;336;16;47;33;99;3.00;4;1;1;70;0;6045399;82;0
147;18;336;16;47;33;99;3.80;6;2;1;79;0;6045399;284;0
147;18;336;16;47;36;99;3.60;2;1;1;72;0;6045699;439;0
147;18;336;16;47;37;17;3.40;6;2;1;83;0;6045717;300;0
147;18;336;16;47;38;15;3.00;3;1;1;68;0;6045815;1199;0
147;18;336;16;47;39;99;6.80;1;1;1;72;0;6045999;2038;0
147;18;336;16;47;40;89;3.60;6;2;1;78;0;6046089;357;0
147;18;336;16;47;40;90;4.00;3;1;1;79;0;6046090;259;0
147;18;336;16;47;42;28;3.80;4;1;1;77;0;6046228;813;0
147;18;336;16;47;42;61;3.60;2;1;1;74;0;6046261;544;0
147;18;336;16;47;43;99;3.60;3;1;1;69;0;6046399;290;0
147;18;336;16;47;43;99;3.60;4;1;1;76;0;6046399;153;0
147;18;336;16;47;46;99;3.80;6;2;1;79;0;6046699;593;0
147;18;336;16;47;47;29;3.80;2;1;1;69;0;6046729;450;0
147;18;336;16;47;48;12;3.20;2;1;1;75;0;6046812;63;0
147;18;336;16;47;48;99;3.60;3;1;1;82;0;6046899;481;0
147;18;336;16;47;48;99;3.60;8;2;1;78;0;6046899;1681;0
147;18;336;16;47;49;99;3.80;3;1;1;83;0;6046999;84;0
147;18;336;16;47;49;3;3.60;2;1;1;69;0;6046903;75;0
147;18;336;16;47;50;99;3.40;5;2;1;83;0;6047099;4783;0
147;18;336;16;47;51;15;3.80;4;1;1;89;0;6047115;698;0
147;18;336;16;47;51;99;3.40;2;1;1;69;0;6047199;277;0
147;18;336;16;47;52;5;3.20;3;1;1;79;0;6047205;189;0
147;18;336;16;47;52;26;3.40;2;1;1;68;0;6047226;9;0
147;18;336;16;47;52;47;3.60;6;2;1;73;0;6047247;530;0
147;18;336;16;47;53;99;3.40;2;1;1;68;0;6047399;155;0
147;18;336;16;47;53;99;3.80;3;1;1;76;0;6047399;179;0
147;18;336;16;47;54;6;3.80;6;2;1;72;0;6047406;141;0
147;18;336;16;47;54;5;6.60;7;2;1;84;0;6047405;2481;0
147;18;336;16;47;54;16;3.80;5;2;1;83;0;6047416;302;0
147;18;336;16;47;55;13;3.00;2;1;1;72;0;6047513;96;0
147;18;336;16;47;55;61;3.80;4;1;1;91;0;6047561;430;0
147;18;336;16;47;55;92;3.80;1;1;1;87;0;6047592;1559;0
147;18;336;16;47;55;88;3.80;6;2;1;72;0;6047588;163;0
147;18;336;16;47;56;99;3.40;3;1;1;61;0;6047699;282;0
147;18;336;16;47;57;17;3.40;7;2;1;78;0;6047717;283;0
147;18;336;16;47;57;33;3.40;6;2;1;69;0;6047733;126;0
147;18;336;16;47;58;13;3.60;1;1;1;83;0;6047813;205;0
147;18;336;16;47;58;17;3.40;5;2;1;80;0;6047817;384;0
147;18;336;16;47;58;99;4.20;7;2;1;68;0;6047899;166;0
147;18;336;16;47;58;99;3.40;3;1;1;58;0;6047899;179;0
147;18;336;16;47;59;99;4.00;5;2;1;79;0;6047999;166;0
147;18;336;16;48;0;3;3.80;8;2;1;77;0;6048003;1087;0
147;18;336;16;48;0;13;5.40;3;1;1;69;0;6048013;92;0
147;18;336;16;48;0;88;3.60;6;2;1;68;0;6048088;337;0
147;18;336;16;48;0;99;5.20;7;2;1;77;0;6048099;177;0
147;18;336;16;48;1;8;3.40;4;1;1;77;0;6048108;531;0
147;18;336;16;48;1;99;4.40;3;1;1;67;0;6048199;157;0
147;18;336;16;48;1;99;3.40;5;2;1;77;0;6048199;181;0
147;18;336;16;48;2;9;3.20;4;1;1;78;0;6048209;85;0
147;18;336;16;48;2;32;3.60;6;2;1;76;0;6048232;124;0
147;18;336;16;48;4;0;3.80;7;2;1;80;0;6048400;276;0
147;18;336;16;48;4;99;3.40;5;2;1;84;0;6048499;284;0
147;18;336;16;48;5;21;3.20;2;1;1;73;0;6048521;993;0
147;18;336;16;48;5;21;4.20;7;2;1;81;0;6048521;103;0
147;18;336;16;48;5;60;4.20;5;2;1;86;0;6048560;46;0
147;18;336;16;48;5;86;3.60;6;2;1;81;0;6048586;336;0
147;18;336;16;48;6;99;3.40;7;2;1;81;0;6048699;159;0
147;18;336;16;48;7;99;3.80;6;2;1;77;0;6048799;197;0
147;18;336;16;48;7;28;3.40;2;1;1;75;0;6048728;191;0
147;18;336;16;48;8;85;3.20;7;2;1;84;0;6048885;170;0
147;18;336;16;48;8;99;3.40;5;2;1;85;0;6048899;321;0
147;18;336;16;48;9;99;3.60;3;1;1;78;0;6048999;776;0
147;18;336;16;48;10;1;4.40;8;2;1;89;0;6049001;980;0
147;18;336;16;48;10;43;3.20;7;2;1;75;0;6049043;144;6048400
147;18;336;16;48;11;11;3.60;5;2;1;86;0;6049111;197;6048400
147;18;336;16;48;12;6;3.80;2;1;1;69;0;6049206;461;0
147;18;336;16;48;12;99;3.40;6;2;1;73;0;6049299;482;0
147;18;336;16;48;12;0;3.40;3;1;1;72;0;6049200;184;0
147;18;336;16;48;13;99;4.40;2;1;1;71;0;6049399;173;0
147;18;336;16;48;14;99;4.00;6;2;1;72;0;6049499;183;0
147;18;336;16;48;14;99;3.80;5;2;1;80;0;6049499;372;0
147;18;336;16;48;14;99;3.60;7;2;1;78;0;6049499;440;0
147;18;336;16;48;15;46;3.40;6;2;1;71;0;6049546;27;0
147;18;336;16;48;16;99;4.00;7;2;1;81;0;6049699;183;0
147;18;336;16;48;16;99;3.20;6;2;1;73;0;6049699;135;0
147;18;336;16;48;16;99;4.00;8;2;1;76;0;6049699;680;0
147;18;336;16;48;17;99;3.80;3;1;1;81;0;6049799;582;0
147;18;336;16;48;17;10;4.00;7;2;1;82;0;6049710;-1;0
147;18;336;16;48;19;99;3.60;6;2;1;70;0;6049999;284;0
147;18;336;16;48;20;99;3.80;5;2;1;82;0;6050099;582;0
147;18;336;16;48;20;99;3.60;2;1;1;71;0;6050099;677;0
147;18;336;16;48;20;9;3.60;6;2;1;71;0;6050009;-1;0
147;18;336;16;48;21;17;3.60;5;2;1;84;0;6050117;1;0
147;18;336;16;48;21;93;3.80;1;1;1;78;0;6050193;2364;0
147;18;336;16;48;18;77;4.00;7;2;1;13;0;6049877;149;0
147;18;336;16;48;22;99;3.60;3;1;1;78;0;6050299;483;0
147;18;336;16;48;24;99;3.80;7;2;1;77;0;6050499;511;0
147;18;336;16;48;24;99;3.20;3;1;1;64;0;6050499;183;0
147;18;336;16;48;26;92;3.40;8;2;1;81;0;6050692;974;0
147;18;336;16;48;26;99;3.60;7;2;1;77;0;6050699;182;0
147;18;336;16;48;26;95;3.60;3;1;1;62;0;6050695;178;0
147;18;336;16;48;27;99;3.60;2;1;1;68;0;6050799;681;0
147;18;336;16;48;28;13;3.40;4;1;1;67;0;6050813;2589;0
147;18;336;16;48;28;23;3.60;3;1;1;62;0;6050823;107;0
147;18;336;16;48;29;99;3.80;6;2;1;81;0;6050999;971;0
147;18;336;16;48;29;99;4.20;3;1;1;62;0;6050999;155;6050299
147;18;336;16;48;30;7;4.20;2;1;1;68;0;6051007;188;6050299
147;18;336;16;48;30;99;3.80;5;2;1;82;0;6051099;966;0
147;18;336;16;48;30;30;3.40;3;1;1;57;0;6051030;6;6050299
147;18;336;16;48;31;65;5.60;6;2;1;71;0;6051165;149;6050299
147;18;336;16;48;31;79;3.60;2;1;1;68;0;6051179;149;6050299
147;18;336;16;48;32;99;3.60;5;2;1;79;0;6051299;183;6050299
147;18;336;16;48;33;0;3.80;2;1;1;72;0;6051300;101;6050299
147;18;336;16;48;31;59;21.60;7;2;5;68;0;6051159;443;0
147;18;336;16;48;34;22;4.40;8;2;1;86;0;6051422;714;0
147;18;336;16;48;34;99;3.40;5;2;1;79;0;6051499;183;0
147;18;336;16;48;34;99;3.00;6;2;1;78;0;6051499;305;0
147;18;336;16;48;34;99;3.20;7;2;1;73;0;6051499;225;0
147;18;336;16;48;34;99;3.60;4;1;1;66;0;6051499;667;0
147;18;336;16;48;35;99;3.60;5;2;1;79;0;6051599;84;0
147;18;336;16;48;35;99;3.80;6;2;1;77;0;6051599;86;0
147;18;336;16;48;36;55;4.00;5;2;1;83;0;6051655;39;6051099
147;18;336;16;48;36;67;3.20;4;1;1;80;0;6051667;148;6051099
147;18;336;16;48;36;99;4.00;2;1;1;68;0;6051699;380;0
147;18;336;16;48;38;60;3.60;5;2;1;85;0;6051860;187;6051099
147;18;336;16;48;39;99;3.40;3;1;1;78;0;6051999;947;0
147;18;336;16;48;39;99;3.60;2;1;1;70;0;6051999;278;0
147;18;336;16;48;39;99;3.00;6;2;1;74;0;6051999;382;0
147;18;336;16;48;40;21;4.60;7;2;1;77;0;6052021;506;0
147;18;336;16;48;40;99;4.00;1;1;1;85;0;6052099;1888;0
147;18;336;16;48;44;7;3.20;5;2;1;76;0;6052407;531;0
147;18;336;16;48;44;99;3.40;6;2;1;73;0;6052499;485;0
147;18;336;16;48;44;99;3.60;5;2;1;76;0;6052499;76;0
147;18;336;16;48;44;99;3.20;8;2;1;78;0;6052499;1058;0
147;18;336;16;48;45;99;4.60;7;2;1;76;0;6052599;556;0
147;18;336;16;48;46;99;3.80;5;2;1;84;0;6052699;182;0
147;18;336;16;48;47;99;3.40;6;2;1;75;0;6052799;283;0
147;18;336;16;48;47;99;5.80;7;2;1;65;0;6052799;178;0
147;18;336;16;48;47;99;4.00;4;1;1;81;0;6052799;1117;0
147;18;336;16;48;48;31;2.80;2;1;1;70;0;6052831;813;0
147;18;336;16;48;48;20;3.60;3;1;1;68;0;6052820;805;0
147;18;336;16;48;49;99;4.00;5;2;1;77;0;6052999;283;0
147;18;336;16;48;49;99;3.40;8;2;1;80;0;6052999;485;0
147;18;336;16;48;49;99;3.40;7;2;1;68;0;6052999;167;0
147;18;336;16;48;50;99;2.80;3;1;1;70;0;6053099;259;0
147;18;336;16;48;50;99;3.40;6;2;1;68;0;6053099;283;0
147;18;336;16;48;51;82;2.80;6;2;1;69;0;6053182;65;0
147;18;336;16;48;52;99;3.60;2;1;1;74;0;6053299;453;0
147;18;336;16;48;52;99;3.00;3;1;1;66;0;6053299;185;0
147;18;336;16;48;50;46;4.20;7;2;1;12;0;6053046;29;0
147;18;336;16;48;53;18;3.80;3;1;1;75;0;6053318;2;0
147;18;336;16;48;52;85;1.00;7;2;1;1;1;6053285;113;6052599
147;18;336;16;48;54;15;3.40;7;2;1;72;0;6053415;243;0
147;18;336;16;48;54;99;3.80;5;2;1;81;0;6053499;481;0
147;18;336;16;48;55;2;3.80;6;2;1;77;0;6053502;305;0
147;18;336;16;48;55;99;3.60;5;2;1;81;0;6053599;83;0
147;18;336;16;48;56;66;3.80;2;1;1;90;0;6053666;349;0
147;18;336;16;48;54;73;4.20;7;2;1;11;0;6053473;41;0
147;18;336;16;48;58;99;3.00;2;1;1;72;0;6053899;217;0
147;18;336;16;48;58;18;2.60;6;2;1;74;0;6053818;298;0
147;18;336;16;48;59;54;3.40;3;1;1;71;0;6053954;617;0
147;18;336;16;48;59;96;3.20;5;2;1;78;0;6053996;381;0
147;18;336;16;49;0;9;3.40;2;1;1;74;0;6054009;95;0
147;18;336;16;49;0;99;3.60;7;2;1;81;0;6054099;488;0
147;18;336;16;49;2;99;3.60;5;2;1;87;0;6054299;288;0
147;18;336;16;49;2;99;3.60;8;2;1;73;0;6054299;1284;0
147;18;336;16;49;3;4;4.20;3;1;1;75;0;6054304;332;0
147;18;336;16;49;3;99;3.40;8;2;1;78;0;6054399;82;0
147;18;336;16;49;3;79;8.00;2;1;6;68;0;6054379;353;0
147;18;336;16;49;4;99;4.20;8;2;1;78;0;6054499;84;0
147;18;336;16;49;5;10;3.40;3;1;1;75;0;6054510;185;0
147;18;336;16;49;2;45;4.00;7;2;1;13;0;6054245;130;0
147;18;336;16;49;6;41;3.80;6;2;1;74;0;6054641;810;0
147;18;336;16;49;7;7;4.00;5;2;1;84;0;6054707;393;0
147;18;336;16;49;7;6;3.60;2;1;1;69;0;6054706;284;0
147;18;336;16;49;8;13;3.40;3;1;1;75;0;6054813;286;0
147;18;336;16;49;8;99;3.60;1;1;1;73;0;6054899;2783;0
147;18;336;16;49;6;10;4.20;7;2;1;11;0;6054610;254;0
147;18;336;16;49;9;59;4.40;5;2;1;81;0;6054959;234;0
147;18;336;16;49;9;70;3.40;3;1;1;78;0;6054970;140;0
147;18;336;16;49;11;30;3.60;3;1;1;75;0;6055130;144;0
147;18;336;16;49;13;6;3.20;5;2;1;80;0;6055306;327;0
147;18;336;16;49;11;86;9.00;7;2;3;51;0;6055186;438;0
147;18;336;16;49;13;99;5.40;3;1;1;66;0;6055399;251;0
147;18;336;16;49;13;99;3.80;1;1;1;77;0;6055399;482;0
147;18;336;16;49;13;99;3.80;7;2;1;79;0;6055399;149;0
147;18;336;16;49;14;59;3.60;4;1;1;76;0;6055459;2642;0
147;18;336;16;49;14;84;3.40;2;1;1;66;0;6055484;759;0
147;18;336;16;49;15;99;3.80;1;1;1;78;0;6055599;182;0
147;18;336;16;49;16;99;3.60;7;2;1;81;0;6055699;282;0
147;18;336;16;49;16;3;3.60;2;1;1;67;0;6055603;100;0
147;18;336;16;49;18;99;3.60;4;1;1;79;0;6055899;422;0
147;18;336;16;49;18;99;3.60;6;2;1;84;0;6055899;1239;0
147;18;336;16;49;18;99;3.80;3;1;1;78;0;6055899;470;0
147;18;336;16;49;19;48;4.20;6;2;1;83;0;6055948;33;0
147;18;336;16;49;19;35;3.40;2;1;1;62;0;6055935;312;0
147;18;336;16;49;20;99;4.00;1;1;1;83;0;6056099;482;0
147;18;336;16;49;20;99;3.60;3;1;1;60;0;6056099;182;0
147;18;336;16;49;21;99;5.80;3;1;1;61;0;6056199;78;0
147;18;336;16;49;22;83;4.00;1;1;1;92;0;6056283;166;0
147;18;336;16;49;22;88;4.20;2;1;1;66;0;6056288;333;0
147;18;336;16;49;22;99;4.40;8;2;1;76;0;6056299;1780;0
147;18;336;16;49;23;14;3.60;6;2;1;79;0;6056314;347;0
147;18;336;16;49;23;99;3.60;2;1;1;67;0;6056399;88;0
147;18;336;16;49;24;8;5.20;6;2;1;77;0;6056408;77;0
147;18;336;16;49;25;86;3.60;2;1;1;67;0;6056586;167;0
147;18;336;16;49;26;99;3.60;1;1;1;73;0;6056699;400;0
147;18;336;16;49;27;48;3.20;6;2;1;86;0;6056748;315;0
147;18;336;16;49;26;88;6.60;7;2;1;67;0;6056688;973;0
147;18;336;16;49;27;70;3.60;8;2;1;73;0;6056770;450;0
147;18;336;16;49;28;7;3.80;2;1;1;75;0;6056807;201;0
147;18;336;16;49;28;99;3.60;2;1;1;73;0;6056899;73;0
147;18;336;16;49;30;20;2.80;6;2;1;76;0;6057020;258;0
147;18;336;16;49;30;99;3.80;2;1;1;72;0;6057099;182;0
147;18;336;16;49;31;23;3.20;8;2;1;77;0;6057123;335;0
147;18;336;16;49;31;99;3.80;3;1;1;69;0;6057199;965;0
147;18;336;16;49;31;99;3.80;5;2;1;80;0;6057199;1878;0
147;18;336;16;49;31;85;9.00;7;2;2;60;0;6057185;461;0
147;18;336;16;49;33;24;3.80;5;2;1;80;0;6057324;107;0
147;18;336;16;49;33;99;4.00;1;1;1;71;0;6057399;682;0
147;18;336;16;49;32;86;10.80;2;1;3;67;0;6057286;168;0
147;18;336;16;49;33;99;3.60;3;1;1;75;0;6057399;180;0
147;18;336;16;49;33;99;5.20;6;2;1;77;0;6057399;365;0
147;18;336;16;49;34;15;3.60;5;2;1;82;0;6057415;73;0
147;18;336;16;49;34;15;4.00;4;1;1;77;0;6057415;1499;0
147;18;336;16;49;35;61;3.40;3;1;1;73;0;6057561;144;0
147;18;336;16;49;35;84;3.60;2;1;1;75;0;6057584;239;0
147;18;336;16;49;35;83;3.40;1;1;1;72;0;6057583;163;0
147;18;336;16;49;35;99;3.20;6;2;1;77;0;6057599;175;0
147;18;336;16;49;36;18;3.40;1;1;1;74;0;6057618;18;0
147;18;336;16;49;36;99;4.20;5;2;1;83;0;6057699;268;0
147;18;336;16;49;37;8;3.60;2;1;1;78;0;6057708;106;0
147;18;336;16;49;37;65;3.40;6;2;1;76;0;6057765;151;0
147;18;336;16;49;38;23;3.80;5;2;1;80;0;6057823;105;0
147;18;336;16;49;39;21;4.00;7;2;1;81;0;6057921;682;0
147;18;336;16;49;39;99;3.00;6;2;1;74;0;6057999;217;0
147;18;336;16;49;40;62;3.00;2;1;1;66;0;6058062;337;0
147;18;336;16;49;41;99;3.80;7;2;1;81;0;6058199;260;0
147;18;336;16;49;41;99;3.60;4;1;1;67;0;6058199;765;0
147;18;336;16;49;41;99;3.00;2;1;1;66;0;6058199;120;0
147;18;336;16;49;42;1;3.80;1;1;1;74;0;6058201;566;0
147;18;336;16;49;42;15;4.00;4;1;1;69;0;6058215;-1;0
147;18;336;16;49;43;99;3.40;4;1;1;63;0;6058399;163;0
147;18;336;16;49;44;99;3.20;2;1;1;65;0;6058499;283;0
147;18;336;16;49;44;4;3.40;2;1;1;65;0;6058404;-1;0
147;18;336;16;49;44;6;3.80;4;1;1;65;0;6058406;-1;0
147;18;336;16;49;45;85;3.20;2;1;1;61;0;6058585;162;0
147;18;336;16;49;46;18;3.20;4;1;1;81;0;6058618;190;6051499
147;18;336;16;49;46;99;2.80;3;2;1;69;0;6058699;1205102;0
147;18;336;16;49;47;18;3.80;2;1;1;62;0;6058718;114;0
147;18;336;16;49;48;99;3.60;4;1;1;87;0;6058899;266;0
147;18;336;16;49;48;99;3.40;2;1;1;60;0;6058899;158;6058062
147;18;336;16;49;49;99;3.60;6;2;1;76;0;6058999;985;0
147;18;336;16;49;50;1;3.60;3;1;1;77;0;6059001;1423;0
147;18;336;16;49;50;53;3.40;6;2;1;81;0;6059053;36;0
147;18;336;16;49;50;47;3.60;2;1;1;59;0;6059047;127;6058062
147;18;336;16;49;51;99;3.60;6;2;1;77;0;6059199;130;6058062
147;18;336;16;49;51;99;4.60;3;1;1;78;0;6059199;181;6058062
147;18;336;16;49;50;12;4.00;7;2;1;14;0;6059012;796;0
147;18;336;16;49;54;99;3.20;6;2;1;76;0;6059499;283;0
147;18;336;16;49;54;99;3.80;2;1;1;75;0;6059499;430;0
147;18;336;16;49;55;50;3.40;6;2;1;75;0;6059550;35;0
147;18;336;16;49;56;99;3.20;3;1;1;76;0;6059699;478;0
147;18;336;16;49;56;99;4.80;4;1;1;96;0;6059699;785;0
147;18;336;16;49;56;99;3.80;6;2;1;80;0;6059699;132;0
147;18;336;16;49;57;18;3.60;6;2;1;72;0;6059718;1;0
147;18;336;16;50;0;15;3.40;2;1;1;74;0;6060015;497;0
147;18;336;16;50;0;14;3.40;3;1;1;75;0;6060014;299;0
147;18;336;16;50;0;29;4.80;5;2;1;78;0;6060029;2188;0
147;18;336;16;50;0;66;3.40;6;2;1;73;0;6060066;330;0
147;18;336;16;50;1;25;3.60;4;1;1;83;0;6060125;408;0
147;18;336;16;50;1;99;3.40;3;1;1;75;0;6060199;168;0
147;18;336;16;50;2;99;3.00;6;2;1;71;0;6060299;216;0
147;18;336;16;50;3;66;3.60;3;1;1;81;0;6060366;150;0
147;18;336;16;50;3;66;3.40;2;1;1;80;0;6060366;334;0
147;18;336;16;50;5;14;3.40;8;2;1;74;0;6060514;3376;0
147;18;336;16;50;6;99;3.60;1;1;1;74;0;6060699;2479;0
147;18;336;16;50;6;99;3.60;2;1;1;58;0;6060699;317;0
147;18;336;16;50;8;13;3.60;2;1;1;56;0;6060813;91;0
147;18;336;16;50;9;13;3.20;5;2;1;74;0;6060913;861;0
147;18;336;16;50;9;99;3.00;3;1;1;67;0;6060999;617;0
147;18;336;16;50;9;99;3.60;5;2;1;79;0;6060999;70;0
147;18;336;16;50;9;99;3.40;4;1;1;73;0;6060999;858;0
147;18;336;16;50;10;16;3.40;3;1;1;69;0;6061016;0;0
147;18;336;16;50;10;54;3.60;6;2;1;71;0;6061054;739;0
147;18;336;16;50;11;82;3.60;4;1;1;76;0;6061182;166;0
147;18;336;16;50;12;17;3.60;6;2;1;73;0;6061217;144;0
147;18;336;16;50;10;4;2.80;7;1;1;9;0;6061004;58747;0
147;18;336;16;50;12;99;3.20;3;1;1;74;0;6061299;265;0
147;18;336;16;50;12;99;3.80;2;1;1;75;0;6061299;462;0
147;18;336;16;50;13;27;3.80;6;2;1;76;0;6061327;92;0
147;18;336;16;50;14;99;3.60;3;1;1;78;0;6061499;184;0
147;18;336;16;50;16;99;3.80;7;2;1;72;0;6061699;2584;0
147;18;336;16;50;17;17;6.00;6;2;1;86;0;6061717;372;0
147;18;336;16;50;17;99;4.00;4;1;1;99;0;6061799;599;0
147;18;336;16;50;17;99;4.20;3;1;1;78;0;6061799;283;0
147;18;336;16;50;20;99;3.80;3;1;1;72;0;6062099;280;0
147;18;336;16;50;20;4;4.00;6;2;1;79;0;6062004;261;0
147;18;336;16;50;21;3;3.60;5;2;1;77;0;6062103;1087;0
147;18;336;16;50;21;9;3.80;2;1;1;73;0;6062109;791;0
147;18;336;16;50;21;99;3.80;5;2;1;78;0;6062199;79;0
147;18;336;16;50;21;99;3.00;7;2;1;82;0;6062199;481;0
147;18;336;16;50;23;7;4.00;3;1;1;78;0;6062307;189;0
147;18;336;16;50;23;15;3.00;6;2;1;71;0;6062315;292;0
147;18;336;16;50;23;6;7.80;7;2;1;62;0;6062306;93;0
147;18;336;16;50;24;99;3.40;2;1;1;70;0;6062499;371;0
147;18;336;16;50;24;99;3.40;5;2;1;80;0;6062499;282;0
147;18;336;16;50;24;99;3.60;6;2;1;76;0;6062499;168;0
147;18;336;16;50;25;7;3.40;4;1;1;77;0;6062507;693;0
147;18;336;16;50;26;11;3.20;3;1;1;74;0;6062611;285;0
147;18;336;16;50;26;52;3.00;6;2;1;73;0;6062652;135;0
147;18;336;16;50;26;77;4.00;5;2;1;81;0;6062677;162;0
147;18;336;16;50;26;94;3.80;7;2;1;76;0;6062694;342;0
147;18;336;16;50;27;14;3.40;2;1;1;75;0;6062714;197;0
147;18;336;16;50;27;99;5.00;3;1;1;75;0;6062799;172;0
147;18;336;16;50;28;3;4.00;5;2;1;81;0;6062803;108;0
147;18;336;16;50;28;53;3.80;6;2;1;79;0;6062853;186;0
147;18;336;16;50;28;63;3.80;7;2;1;73;0;6062863;151;0
147;18;336;16;50;29;99;3.20;4;1;1;80;0;6062999;476;0
147;18;336;16;50;30;99;4.60;4;1;1;82;0;6063099;85;0
147;18;336;16;50;31;13;3.40;3;1;1;72;0;6063113;290;0
147;18;336;16;50;31;99;3.60;2;1;1;85;0;6063199;468;0
147;18;336;16;50;31;99;3.40;3;1;1;72;0;6063199;69;0
147;18;336;16;50;32;99;3.40;1;1;1;86;0;6063299;2582;0
147;18;336;16;50;32;99;3.60;7;2;1;76;0;6063299;417;0
147;18;336;16;50;33;21;3.80;6;2;1;80;0;6063321;450;0
147;18;336;16;50;33;99;3.60;2;1;1;70;0;6063399;184;0
147;18;336;16;50;33;35;3.80;4;1;1;81;0;6063335;215;0
147;18;336;16;50;34;79;6.80;2;1;1;80;0;6063479;61;0
147;18;336;16;50;34;53;10.20;7;2;3;51;0;6063453;136;0
147;18;336;16;50;36;16;4.00;3;1;1;76;0;6063616;400;0
147;18;336;16;50;36;39;3.60;7;2;1;75;0;6063639;114;0
147;18;336;16;50;36;44;3.60;2;1;1;77;0;6063644;134;0
147;18;336;16;50;37;99;4.40;3;1;1;77;0;6063799;164;0
147;18;336;16;50;38;39;3.80;2;1;1;75;0;6063839;178;6063199
147;18;336;16;50;39;22;3.40;1;1;1;83;0;6063922;608;0
147;18;336;16;50;38;24;5.60;7;2;1;28;0;6063824;167;0
147;18;336;16;50;39;99;4.80;5;2;1;79;0;6063999;1178;0
147;18;336;16;50;39;62;1.00;7;2;1;1;1;6063962;66;6063299
147;18;336;16;50;40;99;3.80;7;2;1;71;0;6064099;203;0
147;18;336;16;50;41;23;5.20;2;1;1;78;0;6064123;265;0
147;18;336;16;50;42;6;3.80;6;2;1;72;0;6064206;867;0
147;18;336;16;50;43;7;3.40;6;2;1;70;0;6064307;82;0
147;18;336;16;50;44;66;2.80;5;2;1;77;0;6064466;445;0
147;18;336;16;50;45;25;3.20;6;2;1;80;0;6064525;200;0
147;18;336;16;50;45;99;3.80;2;1;1;68;0;6064599;452;0
147;18;336;16;50;46;7;4.00;5;2;1;79;0;6064607;127;0
147;18;336;16;50;46;11;6.00;6;2;1;79;0;6064611;71;0
147;18;336;16;50;46;36;3.80;2;1;1;72;0;6064636;16;0
147;18;336;16;50;46;43;10.60;7;1;7;35;0;6064643;3527;0
147;18;336;16;50;47;99;3.60;6;2;1;73;0;6064799;160;0
147;18;336;16;50;47;99;3.60;2;1;1;71;0;6064799;144;0
147;18;336;16;50;47;99;11.80;7;1;7;72;0;6064799;46;0
147;18;336;16;50;48;99;3.40;5;2;1;81;0;6064899;273;0
147;18;336;16;50;48;99;3.60;6;2;1;75;0;6064899;82;0
147;18;336;16;50;49;49;3.80;3;1;1;78;0;6064949;1129;0
147;18;336;16;50;48;76;12.20;2;1;3;70;0;6064876;58;0
147;18;336;16;50;49;60;3.80;5;2;1;80;0;6064960;45;0
147;18;336;16;50;51;99;3.80;2;1;1;73;0;6065199;260;0
147;18;336;16;50;52;96;4.40;8;2;1;75;0;6065296;4765;0
147;18;336;16;50;53;12;3.80;6;2;1;80;0;6065312;395;0
147;18;336;16;50;53;99;3.20;7;2;1;78;0;6065399;1280;0
147;18;336;16;50;54;42;3.40;5;2;1;84;0;6065442;464;0
147;18;336;16;50;54;34;3.80;3;1;1;68;0;6065434;467;0
147;18;336;16;50;56;99;3.80;5;2;1;84;0;6065699;242;0
147;18;336;16;50;56;15;3.20;6;2;1;76;0;6065615;285;0
147;18;336;16;50;57;99;3.40;2;1;1;80;0;6065799;581;0
147;18;336;16;50;58;99;3.40;6;2;1;74;0;6065899;268;0
147;18;336;16;50;59;26;3.80;7;2;1;81;0;6065926;512;0
147;18;336;16;50;59;51;3.80;5;2;1;82;0;6065951;235;0
147;18;336;16;50;59;60;3.40;6;2;1;70;0;6065960;44;0
147;18;336;16;51;0;99;3.40;2;1;1;80;0;6066099;284;0
147;18;336;16;51;0;99;4.00;5;2;1;81;0;6066099;131;0
147;18;336;16;51;1;99;3.60;7;2;1;73;0;6066199;256;0
147;18;336;16;51;1;99;6.40;6;2;1;71;0;6066199;221;0
147;18;336;16;51;1;99;3.60;3;1;1;70;0;6066199;744;0
147;18;336;16;51;2;65;4.00;5;2;1;81;0;6066265;148;0
147;18;336;16;51;2;68;3.40;4;1;1;76;0;6066268;2916;0
147;18;336;16;51;2;99;3.60;8;2;1;70;0;6066299;981;0
147;18;336;16;51;2;99;3.80;6;2;1;80;0;6066299;67;0
147;18;336;16;51;3;10;3.60;3;1;1;68;0;6066310;92;0
147;18;336;16;51;3;99;2.80;6;2;1;79;0;6066399;82;0
147;18;336;16;51;3;99;3.00;8;2;1;69;0;6066399;81;0
147;18;336;16;51;3;99;4.00;4;1;1;79;0;6066399;114;0
147;18;336;16;51;4;17;3.40;4;1;1;78;0;6066417;-1;0
147;18;336;16;51;4;31;3.60;2;1;1;72;0;6066431;316;0
147;18;336;16;51;4;55;3.20;8;2;1;69;0;6066455;40;0
147;18;336;16;51;5;3;3.80;3;1;1;69;0;6066503;173;0
147;18;336;16;51;5;99;3.80;6;2;1;78;0;6066599;187;0
147;18;336;16;51;5;99;3.80;1;1;1;72;0;6066599;2662;0
147;18;336;16;51;5;99;3.60;5;2;1;79;0;6066599;316;0
147;18;336;16;51;6;99;4.40;2;1;1;77;0;6066699;250;0
147;18;336;16;51;6;99;3.60;4;1;1;77;0;6066699;266;0
147;18;336;16;51;5;58;4.20;7;2;1;23;0;6066558;341;0
147;18;336;16;51;7;57;3.60;3;1;1;69;0;6066757;234;0
147;18;336;16;51;7;94;3.20;8;2;1;78;0;6066794;322;0
147;18;336;16;51;8;99;3.60;2;1;1;80;0;6066899;179;0
147;18;336;16;51;8;99;3.80;7;2;1;73;0;6066899;275;0
147;18;336;16;51;8;99;3.60;3;1;1;69;0;6066899;123;0
147;18;336;16;51;9;10;3.60;8;2;1;68;0;6066910;101;0
147;18;336;16;51;9;57;3.80;8;2;1;68;0;6066957;27;0
147;18;336;16;51;10;91;3.80;3;1;1;70;0;6067091;173;0
147;18;336;16;51;10;99;3.60;4;1;1;80;0;6067099;383;0
147;18;336;16;51;11;99;3.60;8;2;1;62;0;6067199;221;0
147;18;336;16;51;11;99;4.20;1;1;1;78;0;6067199;581;0
147;18;336;16;51;12;42;3.20;8;2;1;59;0;6067242;22;0
147;18;336;16;51;12;64;4.80;3;1;1;68;0;6067264;153;0
147;18;336;16;51;13;20;3.60;5;2;1;81;0;6067320;704;0
147;18;336;16;51;13;99;3.20;6;2;1;69;0;6067399;782;0
147;18;336;16;51;13;99;3.60;8;2;1;63;0;6067399;137;0
147;18;336;16;51;13;99;3.20;3;1;1;74;0;6067399;109;6066757
147;18;336;16;51;15;4;3.40;6;2;1;70;0;6067504;88;6066757
147;18;336;16;51;15;99;2.80;3;1;1;68;0;6067599;184;6066757
147;18;336;16;51;16;2;3.20;7;2;1;77;0;6067602;684;0
147;18;336;16;51;16;99;3.40;6;2;1;77;0;6067699;177;0
147;18;336;16;51;17;54;3.20;6;2;1;76;0;6067754;39;0
147;18;336;16;51;19;23;2.80;6;2;1;74;0;6067923;153;6067399
147;18;336;16;51;20;86;5.20;6;2;1;73;0;6068086;149;6067399
147;18;336;16;51;20;99;3.60;1;1;1;76;0;6068099;880;0
147;18;336;16;51;20;99;3.60;5;2;1;82;0;6068099;763;0
147;18;336;16;51;21;99;3.80;6;2;1;76;0;6068199;87;6067399
147;18;336;16;51;21;99;4.00;3;1;1;86;0;6068199;585;0
147;18;336;16;51;22;10;3.60;4;1;1;75;0;6068210;1094;0
147;18;336;16;51;22;24;3.00;6;2;1;71;0;6068224;7;6067399
147;18;336;16;51;22;29;3.20;5;2;1;82;0;6068229;114;6067399
147;18;336;16;51;22;17;3.80;7;2;1;79;0;6068217;600;0
147;18;336;16;51;22;50;4.00;2;1;1;86;0;6068250;1334;0
147;18;336;16;51;24;99;3.00;3;1;1;80;0;6068499;283;0
147;18;336;16;51;24;99;3.20;6;2;1;71;0;6068499;259;0
147;18;336;16;51;24;7;3.60;5;2;1;88;0;6068407;163;0
147;18;336;16;51;26;99;3.60;6;2;1;67;0;6068699;183;0
147;18;336;16;51;26;99;4.00;3;1;1;79;0;6068699;186;0
147;18;336;16;51;27;0;4.20;8;2;1;78;0;6068700;1280;0
147;18;336;16;51;28;3;3.60;5;2;1;80;0;6068803;381;0
147;18;336;16;51;28;99;3.60;1;1;1;74;0;6068899;782;0
147;18;336;16;51;28;99;3.40;4;1;1;76;0;6068899;671;0
147;18;336;16;51;29;99;3.20;3;1;1;77;0;6068999;281;0
147;18;336;16;51;29;99;3.80;2;1;1;79;0;6068999;732;0
147;18;336;16;51;29;99;3.40;6;2;1;70;0;6068999;280;0
147;18;336;16;51;29;3;3.80;4;1;1;76;0;6068903;-1;0
147;18;336;16;51;30;99;3.80;6;2;1;73;0;6069099;82;0
147;18;336;16;51;31;99;3.60;5;2;1;76;0;6069199;379;0
147;18;336;16;51;31;99;3.60;8;2;1;77;0;6069199;479;0
147;18;336;16;51;32;43;3.00;3;1;1;77;0;6069243;229;0
147;18;336;16;51;32;40;3.00;6;2;1;74;0;6069240;122;0
147;18;336;16;51;33;99;3.80;5;2;1;84;0;6069399;182;0
147;18;336;16;51;33;99;3.20;6;2;1;75;0;6069399;144;0
147;18;336;16;51;34;2;3.40;4;1;1;78;0;6069402;481;0
147;18;336;16;51;34;6;3.20;3;1;1;74;0;6069406;148;0
147;18;336;16;51;35;91;3.40;2;1;1;85;0;6069591;574;0
147;18;336;16;51;36;99;3.60;4;1;1;80;0;6069699;281;0
147;18;336;16;51;37;99;4.40;3;1;1;68;0;6069799;377;0
147;18;336;16;51;37;41;3.60;6;2;1;75;0;6069741;326;0
147;18;336;16;51;38;99;3.20;7;2;1;84;0;6069899;1664;0
147;18;336;16;51;38;99;3.20;4;1;1;79;0;6069899;183;0
147;18;336;16;51;39;99;3.00;3;1;1;69;0;6069999;176;0
147;18;336;16;51;40;24;3.60;8;2;1;78;0;6070024;808;0
147;18;336;16;51;41;99;3.80;3;1;1;72;0;6070199;184;0
147;18;336;16;51;42;99;3.20;3;1;1;72;0;6070299;81;0
147;18;336;16;51;43;89;3.80;3;1;1;87;0;6070389;74;6069799
147;18;336;16;51;44;6;4.00;7;2;1;79;0;6070406;493;0
147;18;336;16;51;44;99;3.80;1;1;1;76;0;6070499;1582;0
147;18;336;16;51;45;70;3.20;8;2;1;75;0;6070570;529;0
147;18;336;16;51;46;20;3.00;6;2;1;79;0;6070620;861;0
147;18;336;16;51;46;99;4.60;2;1;1;81;0;6070699;1093;0
147;18;336;16;51;46;99;4.00;8;2;1;72;0;6070699;113;0
147;18;336;16;51;48;3;4.00;3;1;1;75;0;6070803;398;0
147;18;336;16;51;48;31;3.80;5;2;1;98;0;6070831;1415;0
147;18;336;16;51;48;57;3.80;2;1;1;83;0;6070857;137;0
147;18;336;16;51;48;63;3.80;4;1;1;86;0;6070863;949;0
147;18;336;16;51;49;6;3.20;3;1;1;73;0;6070906;83;0
147;18;336;16;51;52;99;3.80;2;1;1;74;0;6071299;425;0
147;18;336;16;51;52;99;3.80;8;2;1;67;0;6071299;580;0
147;18;336;16;51;54;16;3.60;3;1;1;75;0;6071416;494;0
147;18;336;16;51;54;17;4.80;6;2;1;79;0;6071417;783;0
147;18;336;16;51;54;99;3.60;1;1;1;88;0;6071499;982;0
147;18;336;16;51;54;99;3.60;2;1;1;71;0;6071499;181;0
147;18;336;16;51;55;11;4.00;3;1;1;74;0;6071511;77;0
147;18;336;16;51;55;24;3.40;7;2;1;81;0;6071524;1099;0
147;18;336;16;51;56;15;3.80;2;1;1;73;0;6071615;97;0
147;18;336;16;51;57;99;6.00;6;2;1;80;0;6071799;360;0
147;18;336;16;51;58;71;3.60;3;1;1;76;0;6071871;340;0
147;18;336;16;52;0;23;4.40;2;1;1;81;0;6072023;389;0
147;18;336;16;52;0;18;3.40;3;1;1;73;0;6072018;129;0
147;18;336;16;52;0;44;2.80;6;2;1;77;0;6072044;218;0
147;18;336;16;52;2;2;3.40;7;2;1;82;0;6072202;662;0
147;18;336;16;52;2;1;3.60;3;1;1;74;0;6072201;166;0
147;18;336;16;52;3;59;3.20;3;1;1;74;0;6072359;140;0
147;18;336;16;52;3;25;8.40;4;1;6;73;0;6072325;1446;0
147;18;336;16;52;4;99;3.60;1;1;1;77;0;6072499;985;0
147;18;336;16;52;4;99;3.60;2;1;1;78;0;6072499;456;0
147;18;336;16;52;4;99;3.60;4;1;1;74;0;6072499;132;0
147;18;336;16;52;4;99;3.20;7;2;1;66;0;6072499;282;0
147;18;336;16;52;6;9;3.60;5;2;1;82;0;6072609;1764;0
147;18;336;16;52;6;11;3.80;6;2;1;76;0;6072611;553;0
147;18;336;16;52;6;1;3.80;7;2;1;65;0;6072601;84;0
147;18;336;16;52;7;15;3.60;3;1;1;80;0;6072715;340;0
147;18;336;16;52;7;26;3.40;6;2;1;78;0;6072726;97;0
147;18;336;16;52;7;99;3.40;8;2;1;68;0;6072799;1479;0
147;18;336;16;52;8;80;3.80;5;2;1;82;0;6072880;255;0
147;18;336;16;52;9;17;3.80;4;1;1;83;0;6072917;400;0
147;18;336;16;52;9;99;3.60;6;2;1;67;0;6072999;257;0
147;18;336;16;52;10;12;3.20;7;2;1;81;0;6073012;389;0
147;18;336;16;52;10;9;4.00;5;2;1;81;0;6073009;112;0
147;18;336;16;52;10;18;3.80;4;1;1;90;0;6073018;84;0
147;18;336;16;52;11;9;4.20;8;2;1;76;0;6073109;292;0
147;18;336;16;52;11;16;3.40;6;2;1;68;0;6073116;97;0
147;18;336;16;52;11;97;3.80;2;1;1;80;0;6073197;681;0
147;18;336;16;52;12;99;3.80;5;2;1;79;0;6073299;272;0
147;18;336;16;52;12;99;3.60;3;1;1;74;0;6073299;567;0
147;18;336;16;52;12;99;3.80;6;2;1;70;0;6073299;165;0
147;18;336;16;52;13;99;3.20;5;2;1;78;0;6073399;82;0
147;18;336;16;52;13;0;3.40;4;1;1;82;0;6073300;266;0
147;18;336;16;52;14;99;5.40;5;2;1;83;0;6073499;85;0
147;18;336;16;52;15;16;3.60;7;2;1;77;0;6073516;489;0
147;18;336;16;52;15;99;3.60;2;1;1;76;0;6073599;384;0
147;18;336;16;52;16;66;3.60;6;2;1;80;0;6073666;347;0
147;18;336;16;52;16;70;3.60;4;1;1;83;0;6073670;355;0
147;18;336;16;52;16;61;4.80;3;1;1;71;0;6073661;344;0
147;18;336;16;52;16;99;3.00;2;1;1;75;0;6073699;82;0
147;18;336;16;52;17;99;4.00;6;2;1;86;0;6073799;116;0
147;18;336;16;52;17;99;3.60;3;1;1;73;0;6073799;113;0
147;18;336;16;52;17;99;3.80;5;2;1;81;0;6073799;276;0
147;18;336;16;52;19;11;3.60;7;2;1;85;0;6073911;378;0
147;18;336;16;52;19;92;4.40;6;2;1;90;0;6073992;176;0
147;18;336;16;52;19;99;3.80;2;1;1;74;0;6073999;285;0
147;18;336;16;52;23;13;3.80;5;2;1;81;0;6074313;497;0
147;18;336;16;52;24;2;3.40;7;2;1;88;0;6074402;475;0
147;18;336;16;52;24;77;3.40;6;2;1;81;0;6074477;467;0
147;18;336;16;52;24;99;4.00;3;1;1;82;0;6074499;682;0
147;18;336;16;52;25;99;3.60;1;1;1;73;0;6074599;2083;0
147;18;336;16;52;28;1;3.60;5;2;1;86;0;6074801;471;0
147;18;336;16;52;28;6;3.80;2;1;1;70;0;6074806;788;0
147;18;336;16;52;28;24;4.00;6;2;1;81;0;6074824;331;0
147;18;336;16;52;29;99;3.40;7;2;1;78;0;6074999;583;0
147;18;336;16;52;30;3;3.40;5;2;1;86;0;6075003;186;0
147;18;336;16;52;30;25;4.00;3;1;1;85;0;6075025;508;0
147;18;336;16;52;31;27;3.80;5;2;1;85;0;6075127;109;0
147;18;336;16;52;31;30;3.60;2;1;1;70;0;6075130;304;0
147;18;336;16;52;32;99;3.80;6;2;1;74;0;6075299;457;0
147;18;336;16;52;32;99;3.40;8;2;1;68;0;6075299;2170;0
147;18;336;16;52;32;99;3.60;1;1;1;75;0;6075299;682;0
147;18;336;16;52;33;99;3.40;5;2;1;83;0;6075399;255;0
147;18;336;16;52;33;20;3.60;7;2;1;78;0;6075320;305;0
147;18;336;16;52;34;4;3.40;1;1;1;79;0;6075404;87;0
147;18;336;16;52;33;17;3.60;2;1;1;69;0;6075317;168;0
147;18;336;16;52;34;83;6.00;6;2;1;79;0;6075483;165;0
147;18;336;16;52;36;5;4.00;2;1;1;75;0;6075605;269;0
147;18;336;16;52;36;99;5.00;6;2;1;72;0;6075699;188;0
147;18;336;16;52;36;62;4.00;5;2;1;85;0;6075662;248;0
147;18;336;16;52;37;99;3.40;2;1;1;76;0;6075799;174;0
147;18;336;16;52;38;99;3.80;6;2;1;73;0;6075899;175;0
147;18;336;16;52;39;59;3.60;2;1;1;76;0;6075959;143;0
147;18;336;16;52;40;99;3.80;3;1;1;77;0;6076099;1057;0
147;18;336;16;52;42;99;3.60;2;1;1;76;0;6076299;322;0
147;18;336;16;52;42;99;7.60;6;2;6;73;0;6076299;381;0
147;18;336;16;52;43;99;3.80;5;2;1;78;0;6076399;720;0
147;18;336;16;52;44;5;3.80;2;1;1;75;0;6076405;88;0
147;18;336;16;52;44;44;3.00;6;2;1;69;0;6076444;107;0
147;18;336;16;52;45;27;3.40;5;2;1;81;0;6076527;110;0
147;18;336;16;52;46;9;3.40;6;2;1;69;0;6076609;149;0
147;18;336;16;52;46;30;3.80;5;2;1;81;0;6076630;87;0
147;18;336;16;52;48;99;3.80;8;2;1;74;0;6076899;1582;0
147;18;336;16;52;48;99;3.00;6;2;1;70;0;6076899;272;0
147;18;336;16;52;50;24;3.40;5;2;1;79;0;6077024;377;0
147;18;336;16;52;50;99;3.60;6;2;1;74;0;6077099;184;0
147;18;336;16;52;50;99;3.00;3;1;1;74;0;6077099;982;0
147;18;336;16;52;50;99;3.60;5;2;1;78;0;6077099;59;0
147;18;336;16;52;52;53;3.40;6;2;1;67;0;6077253;136;0
147;18;336;16;52;53;99;3.40;6;2;1;63;0;6077399;127;0
147;18;336;16;52;53;99;4.00;7;2;1;78;0;6077399;2062;0
147;18;336;16;52;54;45;3.00;3;1;1;60;0;6077445;331;0
147;18;336;16;52;54;73;3.60;5;2;1;79;0;6077473;357;0
147;18;336;16;52;55;96;3.80;2;1;1;69;0;6077596;1172;0
147;18;336;16;52;55;99;3.20;6;2;1;68;0;6077599;180;6076899
147;18;336;16;52;55;99;3.20;8;2;1;63;0;6077599;681;0
147;18;336;16;52;56;99;4.20;3;1;1;74;0;6077699;236;0
147;18;336;16;52;56;99;3.40;6;2;1;66;0;6077699;83;6076899
147;18;336;16;52;56;99;3.60;5;2;1;77;0;6077699;209;0
147;18;336;16;52;57;7;3.40;1;1;1;64;0;6077707;2287;0
147;18;336;16;52;57;49;3.60;6;2;1;67;0;6077749;31;6076899
147;18;336;16;52;57;47;6.00;3;1;1;72;0;6077747;27;6076899
147;18;336;16;52;57;98;3.00;7;2;1;73;0;6077798;380;0
147;18;336;16;52;58;16;3.60;3;1;1;71;0;6077816;39;0
147;18;336;16;52;58;99;3.60;5;2;1;78;0;6077899;183;0
147;18;336;16;52;59;99;3.80;3;1;1;72;0;6077999;164;0
147;18;336;16;52;59;33;3.20;6;2;1;69;0;6077933;164;6076899
147;18;336;16;52;59;51;3.20;4;1;1;81;0;6077951;4265;0
147;18;336;16;53;0;96;4.20;7;2;1;72;0;6078096;283;0
147;18;336;16;53;0;99;3.60;8;2;1;77;0;6078099;481;0
147;18;336;16;53;0;99;3.80;5;2;1;81;0;6078099;183;0
147;18;336;16;53;0;99;3.60;3;1;1;71;0;6078099;81;6077699
147;18;336;16;53;1;13;3.60;6;2;1;68;0;6078113;163;6076899
147;18;336;16;53;1;99;3.80;7;2;1;73;0;6078199;82;6076899
147;18;336;16;53;1;99;3.60;4;1;1;89;0;6078199;233;0
147;18;336;16;53;2;37;3.80;5;2;1;77;0;6078237;121;0
147;18;336;16;53;3;99;4.00;5;2;1;77;0;6078399;144;6077699
147;18;336;16;53;6;99;3.40;6;2;1;67;0;6078699;566;0
147;18;336;16;53;6;99;3.40;3;1;1;78;0;6078699;581;0
147;18;336;16;53;8;99;4.00;5;2;1;81;0;6078899;481;0
147;18;336;16;53;8;99;3.60;6;2;1;69;0;6078899;181;0
147;18;336;16;53;9;99;3.40;4;1;1;78;0;6078999;785;0
147;18;336;16;53;9;99;3.80;8;2;1;78;0;6078999;883;0
147;18;336;16;53;7;47;4.00;7;2;1;16;0;6078747;529;0
147;18;336;16;53;10;6;3.60;2;1;1;72;0;6079006;1390;0
147;18;336;16;53;10;99;3.60;4;1;1;79;0;6079099;84;0
147;18;336;16;53;11;99;3.80;2;1;1;74;0;6079199;175;0
147;18;336;16;53;12;18;3.20;6;2;1;76;0;6079218;300;0
147;18;336;16;53;12;83;3.60;1;1;1;77;0;6079283;1556;0
147;18;336;16;53;13;3;3.00;6;2;1;74;0;6079303;69;0
147;18;336;16;53;14;15;3.60;5;2;1;80;0;6079415;498;0
147;18;336;16;53;14;99;3.80;6;2;1;76;0;6079499;181;0
147;18;336;16;53;16;17;3.20;4;1;1;76;0;6079617;501;0
147;18;336;16;53;16;17;3.80;2;1;1;74;0;6079617;399;0
147;18;336;16;53;16;99;5.40;1;1;1;76;0;6079699;399;0
147;18;336;16;53;17;99;3.60;3;1;1;69;0;6079799;1084;0
147;18;336;16;53;17;58;3.20;2;1;1;76;0;6079758;122;0
147;18;336;16;53;17;59;3.80;7;2;1;81;0;6079759;922;0
147;18;336;16;53;18;19;2.80;3;1;1;66;0;6079819;1;0
147;18;336;16;53;19;6;4.00;4;1;1;77;0;6079906;273;0
147;18;336;16;53;20;99;4.00;4;1;1;79;0;6080099;174;0
147;18;336;16;53;21;99;4.00;1;1;1;87;0;6080199;474;0
147;18;336;16;53;22;4;3.20;6;2;1;70;0;6080204;687;0
147;18;336;16;53;22;99;3.40;2;1;1;74;0;6080299;525;0
147;18;336;16;53;22;46;5.60;7;2;1;82;0;6080246;470;0
147;18;336;16;53;23;4;3.40;4;1;1;78;0;6080304;186;0
147;18;336;16;53;23;99;3.60;5;2;1;82;0;6080399;967;0
147;18;336;16;53;23;99;3.60;6;2;1;74;0;6080399;178;0
147;18;336;16;53;24;3;3.60;5;2;1;80;0;6080403;-1;0
147;18;336;16;53;25;12;3.60;3;1;1;67;0;6080512;677;0
147;18;336;16;53;25;42;3.20;6;2;1;78;0;6080542;125;0
147;18;336;16;53;26;24;3.20;4;1;1;79;0;6080624;304;0
147;18;336;16;53;26;99;3.80;3;1;1;69;0;6080699;167;0
147;18;336;16;53;27;4;3.80;4;1;1;79;0;6080704;65;0
147;18;336;16;53;27;17;4.00;7;2;1;73;0;6080717;446;0
147;18;336;16;53;27;43;3.20;2;1;1;81;0;6080743;427;0
147;18;336;16;53;28;76;4.20;8;2;1;85;0;6080876;1859;0
147;18;336;16;53;28;99;3.60;6;2;1;79;0;6080899;342;0
147;18;336;16;53;29;99;3.80;3;1;1;68;0;6080999;280;0
147;18;336;16;53;29;99;3.40;4;1;1;78;0;6080999;277;0
147;18;336;16;53;30;48;3.80;8;2;1;83;0;6081048;154;0
147;18;336;16;53;30;72;3.60;6;2;1;78;0;6081072;156;0
147;18;336;16;53;32;10;3.00;2;1;1;72;0;6081210;452;0
147;18;336;16;53;32;27;3.80;6;2;1;81;0;6081227;138;0
147;18;336;16;53;33;85;3.80;3;1;1;76;0;6081385;365;0
147;18;336;16;53;33;99;3.80;7;2;1;84;0;6081399;662;0
147;18;336;16;53;34;99;3.20;4;1;1;78;0;6081499;484;0
147;18;336;16;53;35;5;3.80;3;1;1;73;0;6081505;102;0
147;18;336;16;53;35;7;3.60;2;1;1;69;0;6081507;282;0
147;18;336;16;53;35;35;3.60;4;1;1;77;0;6081535;21;0
147;18;336;16;53;36;99;3.40;6;2;1;82;0;6081699;455;0
147;18;336;16;53;36;99;3.60;4;1;1;80;0;6081699;147;0
147;18;336;16;53;37;6;3.60;2;1;1;81;0;6081706;180;0
147;18;336;16;53;37;8;3.80;3;1;1;73;0;6081708;184;0
147;18;336;16;53;38;73;3.60;4;1;1;78;0;6081873;157;0
147;18;336;16;53;39;99;3.80;4;1;1;78;0;6081999;109;6081499
147;18;336;16;53;40;2;3.40;5;2;1;81;0;6082002;1582;0
147;18;336;16;53;40;57;3.60;6;2;1;83;0;6082057;343;0
147;18;336;16;53;41;99;3.00;2;1;1;71;0;6082199;477;0
147;18;336;16;53;43;6;4.00;3;1;1;68;0;6082306;579;0
147;18;336;16;53;43;61;3.00;6;2;1;74;0;6082361;288;0
147;18;336;16;53;44;99;3.60;3;1;1;67;0;6082499;171;0
147;18;336;16;53;44;99;4.00;4;1;1;81;0;6082499;482;0
147;18;336;16;53;45;19;3.80;6;2;1;81;0;6082519;143;0
147;18;336;16;53;45;99;3.60;3;1;1;69;0;6082599;80;0
147;18;336;16;53;45;99;7.80;2;1;6;65;0;6082599;384;0
147;18;336;16;53;46;99;4.00;6;2;1;80;0;6082699;163;0
147;18;336;16;53;47;99;3.20;2;1;1;68;0;6082799;156;0
147;18;336;16;53;47;99;3.60;3;1;1;70;0;6082799;181;0
147;18;336;16;53;48;22;4.00;2;1;1;67;0;6082822;6;0
147;18;336;16;53;50;10;3.80;2;1;1;68;0;6083010;166;0
147;18;336;16;53;50;99;3.40;6;2;1;69;0;6083099;382;0
147;18;336;16;53;50;34;5.80;5;2;1;74;0;6083034;1016;0
147;18;336;16;53;51;81;3.80;3;1;1;77;0;6083181;363;0
147;18;336;16;53;52;20;3.40;4;1;1;81;0;6083220;703;0
147;18;336;16;53;51;96;5.60;7;2;1;68;0;6083196;1780;0
147;18;336;16;53;52;99;3.60;2;1;1;81;0;6083299;268;0
147;18;336;16;53;52;99;3.60;1;1;1;74;0;6083299;3083;0
147;18;336;16;53;52;99;3.60;4;1;1;79;0;6083299;63;0
147;18;336;16;53;53;19;3.40;6;2;1;78;0;6083319;202;0
147;18;336;16;53;53;17;3.20;3;1;1;75;0;6083317;118;0
147;18;336;16;53;54;12;3.20;2;1;1;79;0;6083412;97;0
147;18;336;16;53;54;99;4.00;4;1;1;80;0;6083499;183;0
147;18;336;16;53;54;99;3.60;3;1;1;71;0;6083499;166;0
147;18;336;16;53;55;9;3.60;8;2;1;77;0;6083509;2444;0
147;18;336;16;53;55;99;3.60;2;1;1;77;0;6083599;172;0
147;18;336;16;53;56;19;3.60;1;1;1;77;0;6083619;302;0
147;18;336;16;53;56;61;3.80;4;1;1;80;0;6083661;144;0
147;18;336;16;53;56;96;3.60;2;1;1;70;0;6083696;80;0
147;18;336;16;53;57;99;3.40;7;2;1;77;0;6083799;573;0
147;18;336;16;53;57;99;3.60;6;2;1;81;0;6083799;464;0
147;18;336;16;53;57;99;3.60;2;1;1;71;0;6083799;84;6083299
147;18;336;16;53;58;67;3.40;3;1;1;76;0;6083867;349;0
147;18;336;16;53;58;73;8.20;8;2;6;58;0;6083873;347;0
147;18;336;16;53;59;99;3.40;6;2;1;82;0;6083999;184;0
147;18;336;16;54;0;11;3.80;5;2;1;79;0;6084011;948;0
147;18;336;16;54;0;99;3.60;7;2;1;60;0;6084099;284;0
147;18;336;16;54;0;99;3.60;8;2;1;61;0;6084099;175;0
147;18;336;16;54;2;99;3.60;6;2;1;70;0;6084299;285;0
147;18;336;16;54;2;99;4.00;7;2;1;77;0;6084299;178;0
147;18;336;16;54;3;99;3.60;3;1;1;77;0;6084399;515;0
147;18;336;16;54;3;16;3.00;6;2;1;69;0;6084316;-1;0
147;18;336;16;54;5;99;3.00;5;2;1;79;0;6084599;570;0
147;18;336;16;54;6;16;3.80;8;2;1;75;0;6084616;495;0
147;18;336;16;54;6;34;3.40;6;2;1;71;0;6084634;302;0
147;18;336;16;54;6;93;3.60;8;2;1;76;0;6084693;58;0
147;18;336;16;54;8;47;3.20;6;2;1;85;0;6084847;195;0
147;18;336;16;54;9;99;3.60;6;2;1;79;0;6084999;138;0
147;18;336;16;54;10;99;3.00;3;1;1;70;0;6085099;683;0
147;18;336;16;54;11;56;3.00;6;2;1;76;0;6085156;140;0
147;18;336;16;54;11;56;3.00;3;1;1;70;0;6085156;41;0
147;18;336;16;54;12;99;4.20;3;1;1;72;0;6085299;127;0
147;18;336;16;54;13;7;3.40;6;2;1;76;0;6085307;136;6084634
147;18;336;16;54;15;99;3.00;2;1;1;84;0;6085599;1781;0
147;18;336;16;54;16;16;3.20;6;2;1;80;0;6085616;292;0
147;18;336;16;54;16;46;3.80;5;2;1;85;0;6085646;1033;0
147;18;336;16;54;17;99;3.80;5;2;1;90;0;6085799;136;0
147;18;336;16;54;18;26;3.40;6;2;1;78;0;6085826;195;0
147;18;336;16;54;18;99;3.80;1;1;1;83;0;6085899;2263;0
147;18;336;16;54;18;16;3.20;2;1;1;72;0;6085816;204;0
147;18;336;16;54;18;26;3.80;6;2;1;80;0;6085826;-1;0
147;18;336;16;54;19;99;4.00;5;2;1;91;0;6085999;184;0
147;18;336;16;54;19;99;3.80;2;1;1;72;0;6085999;167;0
147;18;336;16;54;19;25;23.60;7;2;5;68;0;6085925;1607;0
147;18;336;16;54;21;0;3.40;6;2;1;70;0;6086100;256;0
147;18;336;16;54;21;9;4.00;2;1;1;75;0;6086109;91;0
147;18;336;16;54;21;55;3.40;3;1;1;81;0;6086155;835;0
147;18;336;16;54;22;7;3.00;6;2;1;71;0;6086207;89;0
147;18;336;16;54;22;99;3.40;5;2;1;86;0;6086299;284;0
147;18;336;16;54;23;19;3.80;4;1;1;86;0;6086319;2640;0
147;18;336;16;54;24;21;3.60;5;2;1;86;0;6086421;107;0
147;18;336;16;54;25;4;4.20;7;2;1;76;0;6086504;454;0
147;18;336;16;54;26;12;3.60;2;1;1;71;0;6086612;483;0
147;18;336;16;54;26;41;3.60;6;2;1;80;0;6086641;418;0
147;18;336;16;54;27;93;3.00;2;1;1;70;0;6086793;162;0
147;18;336;16;54;28;99;3.80;3;1;1;83;0;6086899;728;0
147;18;336;16;54;28;99;3.60;5;2;1;82;0;6086899;462;0
147;18;336;16;54;29;95;3.80;5;2;1;85;0;6086995;80;0
147;18;336;16;54;29;98;3.60;6;2;1;65;0;6086998;340;0
147;18;336;16;54;31;8;3.00;6;2;1;65;0;6087108;90;0
147;18;336;16;54;28;74;4.20;7;2;1;11;0;6086874;350;0
147;18;336;16;54;32;99;3.40;6;2;1;62;0;6087299;174;0
147;18;336;16;54;33;99;4.00;2;1;1;78;0;6087399;590;0
147;18;336;16;54;33;99;4.80;5;2;1;91;0;6087399;387;0
147;18;336;16;54;33;99;3.20;6;2;1;66;0;6087399;80;0
147;18;336;16;54;34;61;3.40;6;2;1;63;0;6087461;44;6086998
147;18;336;16;54;35;99;4.20;5;2;1;79;0;6087599;181;6086998
147;18;336;16;54;35;99;3.40;2;1;1;80;0;6087599;181;6086998
147;18;336;16;54;35;99;3.20;6;2;1;65;0;6087599;118;6086998
147;18;336;16;54;36;25;3.60;3;1;1;85;0;6087625;709;0
147;18;336;16;54;37;9;3.80;2;1;1;80;0;6087709;94;0
147;18;336;16;54;37;99;9.40;6;2;6;82;0;6087799;182;6086998
147;18;336;16;54;38;99;6.20;5;2;1;76;0;6087899;280;0
147;18;336;16;54;36;81;4.00;7;2;1;12;0;6087681;669;0
147;18;336;16;54;40;15;3.60;3;1;1;76;0;6088015;374;0
147;18;336;16;54;41;4;3.20;5;2;1;82;0;6088104;175;0
147;18;336;16;54;40;99;3.60;6;2;1;74;0;6088099;258;0
147;18;336;16;54;42;8;3.20;2;1;1;75;0;6088208;481;0
147;18;336;16;54;42;75;3.80;8;2;1;84;0;6088275;3564;0
147;18;336;16;54;43;20;3.20;6;2;1;71;0;6088320;203;0
147;18;336;16;54;43;99;3.60;2;1;1;72;0;6088399;175;0
147;18;336;16;54;43;99;3.40;7;2;1;86;0;6088399;598;0
147;18;336;16;54;44;10;4.00;3;1;1;77;0;6088410;377;0
147;18;336;16;54;44;41;4.40;2;1;1;68;0;6088441;24;0
147;18;336;16;54;44;40;2.80;3;1;1;69;0;6088440;11;0
147;18;336;16;54;45;99;3.80;6;2;1;77;0;6088599;262;0
147;18;336;16;54;47;55;3.60;2;1;1;75;0;6088755;290;0
147;18;336;16;54;47;68;3.60;6;2;1;80;0;6088768;151;0
147;18;336;16;54;50;93;3.60;6;2;1;77;0;6089093;308;0
147;18;336;16;54;50;99;3.80;5;2;1;80;0;6089099;980;0
147;18;336;16;54;50;99;3.00;2;1;1;72;0;6089099;326;0
147;18;336;16;54;51;99;3.60;5;2;1;85;0;6089199;82;0
147;18;336;16;54;51;99;3.60;6;2;1;80;0;6089199;89;0
147;18;336;16;54;52;41;3.00;2;1;1;74;0;6089241;127;0
147;18;336;16;54;53;24;3.00;6;2;1;79;0;6089324;108;0
147;18;336;16;54;53;99;6.60;3;1;1;71;0;6089399;944;0
147;18;336;16;54;54;23;3.80;5;2;1;80;0;6089423;208;0
147;18;336;16;54;55;28;3.40;6;2;1;79;0;6089528;190;0
147;18;336;16;54;55;62;6.00;7;2;1;75;0;6089562;1148;0
147;18;336;16;54;55;99;3.60;3;1;1;71;0;6089599;166;0
147;18;336;16;54;56;99;3.40;6;2;1;78;0;6089699;155;6089093
147;18;336;16;54;56;99;4.40;7;2;1;83;0;6089699;108;6089093
147;18;336;16;54;56;99;4.40;3;1;1;72;0;6089699;81;6089093
147;18;336;16;54;57;24;3.20;8;2;1;75;0;6089724;1432;0
147;18;336;16;54;57;55;5.00;7;2;1;72;0;6089755;36;0
147;18;336;16;54;58;5;3.80;4;1;1;83;0;6089805;3470;0
147;18;336;16;54;58;99;3.80;8;2;1;77;0;6089899;159;0
147;18;336;16;54;59;99;3.60;7;2;1;81;0;6089999;219;0
147;18;336;16;54;59;27;3.20;6;2;1;79;0;6089927;212;0
147;18;336;16;55;0;65;3.60;8;2;1;75;0;6090065;148;0
147;18;336;16;55;0;99;3.80;5;2;1;82;0;6090099;658;0
147;18;336;16;55;2;21;3.40;5;2;1;83;0;6090221;105;0
147;18;336;16;55;0;81;4.00;7;2;1;14;0;6090081;66;0
147;18;336;16;55;3;99;3.40;3;1;1;66;0;6090399;678;0
147;18;336;16;55;5;46;3.60;6;2;1;75;0;6090546;604;0
147;18;336;16;55;5;49;6.20;7;2;1;75;0;6090549;365;0
147;18;336;16;55;6;99;7.00;2;1;2;75;0;6090699;1443;0
147;18;336;16;55;6;42;0.60;7;2;1;32;1;6090642;63;0
147;18;336;16;55;7;61;3.20;6;2;1;81;0;6090761;197;0
147;18;336;16;55;8;92;3.60;5;2;1;78;0;6090892;656;0
147;18;336;16;55;8;99;3.80;2;1;1;74;0;6090899;166;0
147;18;336;16;55;10;60;4.60;3;1;1;69;0;6091060;642;0
147;18;336;16;55;10;99;3.40;5;2;1;84;0;6091099;190;0
147;18;336;16;55;10;99;3.20;6;2;1;73;0;6091099;323;0
147;18;336;16;55;11;99;5.20;7;2;1;80;0;6091199;620;0
147;18;336;16;55;11;99;3.20;6;2;1;72;0;6091199;84;0
147;18;336;16;55;11;99;3.80;4;1;1;79;0;6091199;1377;0
147;18;336;16;55;11;99;3.80;2;1;1;72;0;6091199;281;0
147;18;336;16;55;12;29;3.60;3;1;1;71;0;6091229;145;0
147;18;336;16;55;12;32;3.60;6;2;1;72;0;6091232;17;0
147;18;336;16;55;12;39;3.80;5;2;1;81;0;6091239;125;0
147;18;336;16;55;13;93;3.60;2;1;1;75;0;6091393;175;0
147;18;336;16;55;14;22;3.60;1;1;1;77;0;6091422;5506;0
147;18;336;16;55;15;30;3.80;6;2;1;71;0;6091530;280;0
147;18;336;16;55;15;55;3.60;5;2;1;89;0;6091555;299;0
147;18;336;16;55;15;62;3.20;7;2;1;75;0;6091562;339;0
147;18;336;16;55;17;1;4.00;8;2;1;81;0;6091701;1618;0
147;18;336;16;55;18;0;3.80;4;1;1;88;0;6091800;583;0
147;18;336;16;55;18;7;3.40;3;1;1;79;0;6091807;559;0
147;18;336;16;55;18;91;4.00;2;1;1;69;0;6091891;480;0
147;18;336;16;55;18;99;3.60;5;2;1;81;0;6091899;329;0
147;18;336;16;55;19;99;3.60;2;1;1;69;0;6091999;87;0
147;18;336;16;55;19;99;4.00;3;1;1;88;0;6091999;176;0
147;18;336;16;55;16;61;4.00;7;2;1;13;0;6091661;83;0
147;18;336;16;55;20;42;3.40;2;1;1;70;0;6092042;24;0
147;18;336;16;55;20;60;3.60;8;2;1;69;0;6092060;341;0
147;18;336;16;55;21;99;3.00;6;2;1;68;0;6092199;649;0
147;18;336;16;55;21;99;3.20;3;1;1;77;0;6092199;183;0
147;18;336;16;55;21;99;3.20;5;2;1;74;0;6092199;284;0
147;18;336;16;55;22;99;4.60;8;2;1;78;0;6092299;220;0
147;18;336;16;55;22;99;3.60;6;2;1;69;0;6092299;84;0
147;18;336;16;55;22;22;3.80;5;2;1;77;0;6092222;7;0
147;18;336;16;55;23;8;3.40;8;2;1;76;0;6092308;-1;0
147;18;336;16;55;23;10;3.40;3;1;1;76;0;6092310;96;0
147;18;336;16;55;23;99;3.40;6;2;1;67;0;6092399;81;0
147;18;336;16;55;23;99;4.20;5;2;1;81;0;6092399;159;0
147;18;336;16;55;24;18;3.60;3;1;1;76;0;6092418;91;6091807
147;18;336;16;55;24;99;4.00;1;1;1;82;0;6092499;1060;0
147;18;336;16;55;25;9;3.80;8;2;1;78;0;6092509;184;0
147;18;336;16;55;26;99;3.60;6;2;1;79;0;6092699;281;0
147;18;336;16;55;27;24;3.60;5;2;1;78;0;6092724;306;0
147;18;336;16;55;27;99;3.40;3;1;1;74;0;6092799;363;0
147;18;336;16;55;27;99;4.20;6;2;1;72;0;6092799;83;0
147;18;336;16;55;28;86;3.60;2;1;1;78;0;6092886;826;0
147;18;336;16;55;29;0;3.80;3;1;1;75;0;6092900;84;0
147;18;336;16;55;29;15;3.80;5;2;1;78;0;6092915;174;0
147;18;336;16;55;29;99;3.40;6;2;1;73;0;6092999;179;0
147;18;336;16;55;29;99;4.20;5;2;1;77;0;6092999;66;0
147;18;336;16;55;30;17;3.60;2;1;1;77;0;6093017;114;0
147;18;336;16;55;28;45;1.00;7;2;1;1;1;6092845;1073;0
147;18;336;16;55;31;99;4.60;4;1;1;76;0;6093199;1383;0
147;18;336;16;55;32;99;3.40;5;2;1;81;0;6093299;280;0
147;18;336;16;55;32;99;3.20;6;2;1;75;0;6093299;283;0
147;18;336;16;55;33;73;3.60;1;1;1;78;0;6093373;856;0
147;18;336;16;55;34;99;3.60;6;2;1;75;0;6093499;184;0
147;18;336;16;55;35;41;3.20;4;1;1;86;0;6093541;320;0
147;18;336;16;55;35;31;3.60;8;2;1;77;0;6093531;1004;0
147;18;336;16;55;36;9;4.00;3;1;1;80;0;6093609;690;0
147;18;336;16;55;36;99;3.20;1;1;1;79;0;6093699;309;0
147;18;336;16;55;37;20;4.40;8;2;1;81;0;6093720;172;0
147;18;336;16;55;37;99;3.80;6;2;1;74;0;6093799;282;0
147;18;336;16;55;39;10;3.80;4;1;1;82;0;6093910;355;0
147;18;336;16;55;39;12;3.20;2;1;1;81;0;6093912;878;0
147;18;336;16;55;39;17;3.60;6;2;1;76;0;6093917;99;0
147;18;336;16;55;40;22;4.00;4;1;1;82;0;6094022;95;0
147;18;336;16;55;40;99;3.60;2;1;1;79;0;6094099;172;0
147;18;336;16;55;40;31;3.20;3;1;1;78;0;6094031;404;0
147;18;336;16;55;41;99;3.60;4;1;1;79;0;6094199;159;0
147;18;336;16;55;40;71;4.20;7;2;1;17;0;6094071;2299;0
147;18;336;16;55;43;30;4.00;8;2;1;78;0;6094330;590;0
147;18;336;16;55;43;74;4.00;3;1;1;74;0;6094374;328;0
147;18;336;16;55;44;99;3.20;4;1;1;76;0;6094499;283;0
147;18;336;16;55;44;99;4.40;7;2;1;79;0;6094499;339;0
147;18;336;16;55;45;11;3.00;2;1;1;77;0;6094511;395;0
147;18;336;16;55;45;10;3.60;4;1;1;76;0;6094510;-1;0
147;18;336;16;55;46;86;3.40;4;1;1;74;0;6094686;158;0
147;18;336;16;55;47;16;3.40;6;2;1;75;0;6094716;781;0
147;18;336;16;55;47;99;3.80;7;2;1;79;0;6094799;279;0
147;18;336;16;55;51;2;5.80;3;1;1;70;0;6095102;708;0
147;18;336;16;55;52;99;3.80;3;1;1;69;0;6095299;167;0
147;18;336;16;55;52;99;3.60;5;2;1;87;0;6095299;1984;0
147;18;336;16;55;53;42;3.60;3;1;1;67;0;6095342;23;0
147;18;336;16;55;54;99;3.80;4;1;1;81;0;6095499;796;0
147;18;336;16;55;54;99;4.20;6;2;1;87;0;6095499;766;0
147;18;336;16;55;56;54;4.00;4;1;1;79;0;6095654;138;0
147;18;336;16;55;56;92;3.60;2;1;1;74;0;6095692;1166;0
147;18;336;16;55;57;99;3.00;3;1;1;72;0;6095799;437;0
147;18;336;16;55;57;99;3.60;8;2;1;75;0;6095799;1450;0
147;18;336;16;55;57;99;4.00;4;1;1;83;0;6095799;126;0
147;18;336;16;55;58;3;3.80;2;1;1;73;0;6095803;93;0
147;18;336;16;55;58;12;3.60;1;1;1;82;0;6095812;2098;0
147;18;336;16;55;58;14;3.60;6;2;1;81;0;6095814;297;0
147;18;336;16;56;1;41;3.80;4;1;1;76;0;6096141;324;0
147;18;336;16;56;1;57;3.60;6;2;1;75;0;6096157;327;0
147;18;336;16;56;2;99;3.60;3;1;1;73;0;6096299;485;0
147;18;336;16;56;4;23;3.20;6;2;1;74;0;6096423;248;0
147;18;336;16;56;5;3;3.60;4;1;1;80;0;6096503;344;0
147;18;336;16;56;4;98;9.20;3;1;6;71;0;6096498;181;0
147;18;336;16;56;6;4;3.40;3;1;1;70;0;6096604;59;0
147;18;336;16;56;6;19;4.60;2;1;1;73;0;6096619;797;0
147;18;336;16;56;6;40;3.20;4;1;1;81;0;6096640;120;0
147;18;336;16;56;8;99;3.00;6;2;1;77;0;6096899;460;0
147;18;336;16;56;8;99;3.80;5;2;1;80;0;6096899;1585;0
147;18;336;16;56;9;99;3.40;6;2;1;77;0;6096999;85;0
147;18;336;16;56;9;99;3.80;3;1;1;74;0;6096999;377;0
147;18;336;16;56;9;99;3.80;5;2;1;83;0;6096999;82;0
147;18;336;16;56;10;99;3.20;5;2;1;83;0;6097099;83;0
147;18;336;16;56;10;99;5.20;2;1;1;77;0;6097099;457;0
147;18;336;16;56;11;99;3.40;4;1;1;79;0;6097199;544;0
147;18;336;16;56;11;31;3.40;6;2;1;70;0;6097131;116;0
147;18;336;16;56;12;13;3.80;7;2;1;75;0;6097213;2396;0
147;18;336;16;56;13;99;3.00;6;2;1;70;0;6097399;250;0
147;18;336;16;56;13;99;3.40;3;1;1;73;0;6097399;381;0
147;18;336;16;56;14;41;3.60;2;1;1;76;0;6097441;317;0
147;18;336;16;56;14;79;3.80;6;2;1;69;0;6097479;64;0
147;18;336;16;56;16;22;3.20;6;2;1;77;0;6097622;123;0
147;18;336;16;56;17;99;3.20;3;1;1;73;0;6097799;383;0
147;18;336;16;56;16;9;1.00;7;2;1;1;1;6097609;377;0
147;18;336;16;56;18;99;3.40;2;1;1;64;0;6097899;440;0
147;18;336;16;56;18;99;3.60;5;2;1;85;0;6097899;786;0
147;18;336;16;56;18;99;10.00;6;2;2;68;0;6097899;262;0
147;18;336;16;56;19;40;3.80;6;2;1;74;0;6097940;-1;0
147;18;336;16;56;19;40;4.80;3;1;1;77;0;6097940;125;0
147;18;336;16;56;19;51;6.20;7;2;1;67;0;6097951;719;0
147;18;336;16;56;20;11;3.80;4;1;1;82;0;6098011;796;0
147;18;336;16;56;19;96;3.60;2;1;1;63;0;6097996;77;0
147;18;336;16;56;20;99;3.40;3;1;1;70;0;6098099;136;0
147;18;336;16;56;21;99;3.60;8;2;1;76;0;6098199;2382;0
147;18;336;16;56;21;99;3.60;1;1;1;70;0;6098199;2371;0
147;18;336;16;56;21;9;3.60;6;2;1;70;0;6098109;150;0
147;18;336;16;56;21;34;4.00;2;1;1;63;0;6098134;117;0
147;18;336;16;56;22;64;3.80;3;1;1;70;0;6098264;147;0
147;18;336;16;56;23;22;3.80;7;2;1;91;0;6098322;337;0
147;18;336;16;56;23;99;3.80;6;2;1;71;0;6098399;271;0
147;18;336;16;56;23;99;3.80;2;1;1;66;0;6098399;242;0
147;18;336;16;56;24;2;3.80;5;2;1;81;0;6098402;487;0
147;18;336;16;56;24;50;3.80;6;2;1;70;0;6098450;31;0
147;18;336;16;56;25;99;4.00;4;1;1;82;0;6098599;571;0
147;18;336;16;56;25;99;3.60;5;2;1;80;0;6098599;180;0
147;18;336;16;56;26;99;3.40;4;1;1;84;0;6098699;82;0
147;18;336;16;56;26;99;4.00;7;2;1;75;0;6098699;361;0
147;18;336;16;56;26;99;3.40;6;2;1;66;0;6098699;229;0
147;18;336;16;56;26;99;3.80;3;1;1;76;0;6098699;415;0
147;18;336;16;56;26;12;4.00;2;1;1;79;0;6098612;192;0
147;18;336;16;56;28;99;3.60;6;2;1;68;0;6098899;181;0
147;18;336;16;56;30;94;3.60;6;2;1;68;0;6099094;175;0
147;18;336;16;56;30;99;3.80;7;2;1;77;0;6099099;380;0
147;18;336;16;56;31;99;4.40;2;1;1;96;0;6099199;568;0
147;18;336;16;56;31;7;3.80;6;2;1;71;0;6099107;-1;0
147;18;336;16;56;33;16;3.20;6;2;1;71;0;6099316;189;6098699
147;18;336;16;56;33;99;3.20;5;2;1;77;0;6099399;783;0
147;18;336;16;56;33;99;3.80;8;2;1;76;0;6099399;1182;0
147;18;336;16;56;34;5;3.20;6;2;1;71;0;6099405;72;6098699
147;18;336;16;56;35;2;3.20;7;2;1;82;0;6099502;385;0
147;18;336;16;56;35;20;3.80;5;2;1;78;0;6099520;106;0
147;18;336;16;56;35;99;3.60;3;1;1;74;0;6099599;882;0
147;18;336;16;56;36;12;4.00;5;2;1;79;0;6099612;74;0
147;18;336;16;56;36;26;3.20;7;2;1;82;0;6099626;109;0
147;18;336;16;56;37;5;3.60;6;2;1;70;0;6099705;283;0
147;18;336;16;56;37;42;3.80;2;1;1;77;0;6099742;526;0
147;18;336;16;56;37;92;5.40;5;2;1;77;0;6099792;161;0
147;18;336;16;56;38;99;3.40;7;2;1;77;0;6099899;258;0
147;18;336;16;56;38;99;3.80;2;1;1;77;0;6099899;139;0
147;18;336;16;56;39;99;3.40;5;2;1;78;0;6099999;181;6099399
147;18;336;16;56;39;99;3.60;6;2;1;79;0;6099999;275;0
147;18;336;16;56;40;96;4.00;5;2;1;77;0;6100096;81;6099399
147;18;336;16;56;41;2;3.40;1;1;1;81;0;6100102;1884;0
147;18;336;16;56;41;99;3.80;7;2;1;73;0;6100199;284;0
147;18;336;16;56;41;99;3.40;5;2;1;80;0;6100199;84;6099399
147;18;336;16;56;42;14;3.40;6;2;1;77;0;6100214;198;6099399
147;18;336;16;56;42;62;4.00;7;2;1;72;0;6100262;44;6099399
147;18;336;16;56;44;99;3.60;2;1;1;81;0;6100499;582;0
147;18;336;16;56;44;33;5.80;3;1;1;75;0;6100433;816;0
147;18;336;16;56;45;99;3.40;4;1;1;83;0;6100599;1885;0
147;18;336;16;56;45;99;3.60;6;2;1;75;0;6100599;369;0
147;18;336;16;56;45;99;3.20;3;1;1;77;0;6100599;138;0
147;18;336;16;56;46;99;3.80;1;1;1;76;0;6100699;581;0
147;18;336;16;56;46;99;3.60;5;2;1;86;0;6100699;484;0
147;18;336;16;56;46;99;3.60;6;2;1;85;0;6100699;82;0
147;18;336;16;56;48;99;3.40;3;1;1;81;0;6100899;285;0
147;18;336;16;56;48;99;4.00;1;1;1;82;0;6100899;182;0
147;18;336;16;56;49;99;3.80;4;1;1;85;0;6100999;385;0
147;18;336;16;56;50;27;3.00;2;1;1;82;0;6101027;512;0
147;18;336;16;56;50;60;3.60;5;2;1;83;0;6101060;345;0
147;18;336;16;56;50;54;3.60;6;2;1;67;0;6101054;339;0
147;18;336;16;56;51;99;5.00;6;2;1;66;0;6101199;125;0
147;18;336;16;56;51;99;3.80;4;1;1;84;0;6101199;183;0
147;18;336;16;56;52;99;3.20;3;1;1;77;0;6101299;384;0
147;18;336;16;56;52;44;3.40;7;2;1;72;0;6101244;962;0
147;18;336;16;56;53;4;4.00;5;2;1;77;0;6101304;228;0
147;18;336;16;56;53;99;3.20;6;2;1;66;0;6101399;172;0
147;18;336;16;56;54;99;3.80;5;2;1;80;0;6101499;176;0
147;18;336;16;56;54;99;3.60;4;1;1;86;0;6101499;283;0
147;18;336;16;56;54;99;3.40;6;2;1;67;0;6101499;82;0
147;18;336;16;56;54;13;3.40;7;2;1;78;0;6101413;152;0
147;18;336;16;56;55;62;3.80;2;1;1;80;0;6101562;521;0
147;18;336;16;56;55;99;3.00;7;2;1;74;0;6101599;170;0
147;18;336;16;56;56;99;3.60;5;2;1;79;0;6101699;182;0
147;18;336;16;56;57;99;3.80;7;2;1;76;0;6101799;185;0
147;18;336;16;56;58;98;5.20;6;2;1;75;0;6101898;380;0
147;18;336;16;56;58;99;3.80;5;2;1;81;0;6101899;183;0
147;18;336;16;56;58;99;4.00;3;1;1;79;0;6101899;585;0
147;18;336;16;56;58;99;3.40;6;2;1;73;0;6101899;-1;0
147;18;336;16;56;59;99;4.00;2;1;1;86;0;6101999;419;0
147;18;336;16;57;0;46;3.20;6;2;1;65;0;6102046;130;0
147;18;336;16;57;1;99;3.60;6;2;1;64;0;6102199;135;0
147;18;336;16;57;1;99;3.60;7;2;1;73;0;6102199;382;0
147;18;336;16;57;2;20;3.60;6;2;1;66;0;6102220;0;6101054
147;18;336;16;57;2;28;3.80;7;2;1;68;0;6102228;11;6101054
147;18;336;16;57;4;99;3.80;2;1;1;69;0;6102499;483;0
147;18;336;16;57;4;99;3.80;6;2;1;68;0;6102499;259;0
147;18;336;16;57;5;19;3.40;3;1;1;76;0;6102519;601;0
147;18;336;16;57;5;27;3.60;7;2;1;69;0;6102527;278;0
147;18;336;16;57;6;99;3.80;6;2;1;71;0;6102699;179;0
147;18;336;16;57;7;99;3.40;7;2;1;71;0;6102799;253;0
147;18;336;16;57;7;5;3.20;5;2;1;79;0;6102705;789;0
147;18;336;16;57;7;0;4.00;6;2;1;70;0;6102700;-1;0
147;18;336;16;57;8;80;3.60;1;1;1;69;0;6102880;1963;0
147;18;336;16;57;8;99;3.60;6;2;1;72;0;6102899;178;0
147;18;336;16;57;9;99;3.40;4;1;1;83;0;6102999;1484;0
147;18;336;16;57;9;99;3.20;2;1;1;71;0;6102999;480;0
147;18;336;16;57;10;54;3.60;4;1;1;84;0;6103054;40;0
147;18;336;16;57;10;54;3.00;3;1;1;59;0;6103054;518;0
147;18;336;16;57;11;18;3.40;6;2;1;69;0;6103118;201;0
147;18;336;16;57;11;99;4.00;5;2;1;77;0;6103199;479;0
147;18;336;16;57;12;9;3.80;4;1;1;82;0;6103209;139;0
147;18;336;16;57;12;8;3.00;6;2;1;68;0;6103208;72;0
147;18;336;16;57;12;3;3.20;2;1;1;67;0;6103203;187;0
147;18;336;16;57;12;99;4.00;5;2;1;79;0;6103299;81;0
147;18;336;16;57;12;99;3.20;7;2;1;72;0;6103299;482;0
147;18;336;16;57;13;41;3.60;3;1;1;65;0;6103341;268;0
147;18;336;16;57;13;61;3.40;6;2;1;66;0;6103361;137;0
147;18;336;16;57;14;3;3.40;7;2;1;70;0;6103403;88;0
147;18;336;16;57;14;99;3.20;6;2;1;65;0;6103499;119;0
147;18;336;16;57;14;99;3.60;1;1;1;80;0;6103499;600;0
147;18;336;16;57;14;99;3.20;2;1;1;64;0;6103499;278;0
147;18;336;16;57;15;4;3.80;7;2;1;70;0;6103504;83;0
147;18;336;16;57;15;36;3.80;3;1;1;71;0;6103536;175;0
147;18;336;16;57;16;94;3.80;2;1;1;71;0;6103694;177;0
147;18;336;16;57;17;14;3.60;6;2;1;76;0;6103714;197;6103118
147;18;336;16;57;17;1;3.80;3;1;1;70;0;6103701;145;6103118
147;18;336;16;57;18;57;4.80;5;2;1;81;0;6103857;539;0
147;18;336;16;57;18;94;3.20;6;2;1;76;0;6103894;162;6103118
147;18;336;16;57;19;99;4.00;2;1;1;72;0;6103999;285;0
147;18;336;16;57;19;99;3.60;6;2;1;75;0;6103999;89;6103118
147;18;336;16;57;20;18;3.60;3;1;1;70;0;6104018;297;0
147;18;336;16;57;20;35;3.40;6;2;1;76;0;6104035;18;6103118
147;18;336;16;57;21;99;3.20;7;2;1;85;0;6104199;675;0
147;18;336;16;57;22;22;3.80;4;1;1;84;0;6104222;996;0
147;18;336;16;57;22;99;3.60;5;2;1;81;0;6104299;420;0
147;18;336;16;57;23;25;3.20;3;1;1;72;0;6104325;288;0
147;18;336;16;57;23;32;3.80;4;1;1;87;0;6104332;93;0
147;18;336;16;57;23;90;3.60;5;2;1;78;0;6104390;75;0
147;18;336;16;57;24;99;4.20;2;1;1;76;0;6104499;480;0
147;18;336;16;57;25;99;3.60;5;2;1;82;0;6104599;192;0
147;18;336;16;57;26;2;3.80;5;2;1;81;0;6104602;-1;0
147;18;336;16;57;26;5;3.20;3;1;1;70;0;6104605;264;0
147;18;336;16;57;26;7;3.60;6;2;1;75;0;6104607;555;0
147;18;336;16;57;27;29;3.20;7;2;1;84;0;6104729;516;0
147;18;336;16;57;27;99;3.80;6;2;1;75;0;6104799;174;0
147;18;336;16;57;27;99;3.80;3;1;1;70;0;6104799;177;0
147;18;336;16;57;28;0;3.60;5;2;1;84;0;6104800;181;6104299
147;18;336;16;57;28;35;3.20;2;1;1;70;0;6104835;316;0
147;18;336;16;57;28;86;3.80;6;2;1;78;0;6104886;68;0
147;18;336;16;57;29;99;3.80;8;2;1;75;0;6104999;5582;0
147;18;336;16;57;30;13;3.60;4;1;1;83;0;6105013;665;0
147;18;336;16;57;30;99;3.80;2;1;1;70;0;6105099;247;0
147;18;336;16;57;29;86;15.40;3;1;4;67;0;6104986;167;0
147;18;336;16;57;30;29;3.60;7;2;1;79;0;6105029;286;0
147;18;336;16;57;32;99;3.40;3;1;1;67;0;6105299;230;0
147;18;336;16;57;32;99;3.60;6;2;1;78;0;6105299;395;0
147;18;336;16;57;32;99;3.40;2;1;1;72;0;6105299;180;0
147;18;336;16;57;33;44;3.40;6;2;1;77;0;6105344;28;0
147;18;336;16;57;33;43;3.40;3;1;1;68;0;6105343;25;0
147;18;336;16;57;34;99;3.40;2;1;1;65;0;6105499;183;0
147;18;336;16;57;34;99;3.60;1;1;1;73;0;6105499;1983;0
147;18;336;16;57;34;99;3.20;4;1;1;84;0;6105499;470;0
147;18;336;16;57;35;17;3.60;5;2;1;83;0;6105517;701;0
147;18;336;16;57;36;11;3.40;6;2;1;80;0;6105611;251;0
147;18;336;16;57;36;73;3.60;3;1;1;82;0;6105673;312;0
147;18;336;16;57;36;82;3.60;1;1;1;63;0;6105682;165;0
147;18;336;16;57;38;99;3.40;3;1;1;71;0;6105899;210;0
147;18;336;16;57;38;99;3.60;7;2;1;80;0;6105899;853;0
147;18;336;16;57;39;99;4.00;5;2;1;81;0;6105999;466;0
147;18;336;16;57;40;99;3.80;7;2;1;82;0;6106099;183;0
147;18;336;16;57;40;99;3.60;3;1;1;66;0;6106099;182;0
147;18;336;16;57;41;42;4.60;4;1;1;77;0;6106142;629;0
147;18;336;16;57;41;88;3.80;6;2;1;78;0;6106188;561;0
147;18;336;16;57;42;9;3.60;4;1;1;76;0;6106209;45;0
147;18;336;16;57;42;11;3.60;2;1;1;73;0;6106211;693;0
147;18;336;16;57;43;5;4.20;7;2;1;83;0;6106305;189;0
147;18;336;16;57;43;6;3.80;6;2;1;83;0;6106306;100;0
147;18;336;16;57;44;3;3.00;3;1;1;66;0;6106403;284;0
147;18;336;16;57;45;99;3.00;3;1;1;65;0;6106599;179;0
147;18;336;16;57;45;99;3.40;6;2;1;72;0;6106599;276;0
147;18;336;16;57;45;99;4.00;2;1;1;75;0;6106599;370;0
147;18;336;16;57;46;49;3.20;7;2;1;76;0;6106649;325;0
147;18;336;16;57;46;72;3.60;3;1;1;66;0;6106672;56;0
147;18;336;16;57;47;3;3.60;4;1;1;80;0;6106703;476;0
147;18;336;16;57;47;99;3.00;1;1;1;72;0;6106799;1096;0
147;18;336;16;57;47;99;3.40;3;1;1;67;0;6106799;107;0
147;18;336;16;57;48;99;3.80;4;1;1;78;0;6106899;179;0
147;18;336;16;57;49;60;3.60;3;1;1;65;0;6106960;142;6106403
147;18;336;16;57;51;20;3.80;8;2;1;77;0;6107120;2102;0
147;18;336;16;57;51;14;3.40;3;1;1;65;0;6107114;134;6106403
147;18;336;16;57;51;56;3.80;2;1;1;85;0;6107156;537;0
147;18;336;16;57;52;99;3.60;3;1;1;64;0;6107299;166;6106403
147;18;336;16;57;52;99;4.20;2;1;1;80;0;6107299;126;6106403
147;18;336;16;57;53;99;3.80;6;2;1;78;0;6107399;783;0
147;18;336;16;57;54;8;3.80;5;2;1;81;0;6107408;1391;0
147;18;336;16;57;54;99;3.20;4;1;1;76;0;6107499;582;0
147;18;336;16;57;55;99;4.00;3;1;1;70;0;6107599;279;0
147;18;336;16;57;55;99;3.20;2;1;1;63;0;6107599;281;0
147;18;336;16;57;56;7;3.60;4;1;1;77;0;6107607;92;0
147;18;336;16;57;56;8;4.60;6;2;1;76;0;6107608;191;0
147;18;336;16;57;56;66;3.40;3;1;1;76;0;6107666;46;0
147;18;336;16;57;57;99;3.60;8;2;1;73;0;6107799;661;0
147;18;336;16;57;57;99;5.00;4;1;1;78;0;6107799;175;0
147;18;336;16;57;58;0;3.80;5;2;1;82;0;6107800;375;0
147;18;336;16;57;59;2;3.60;3;1;1;79;0;6107902;219;0
147;18;336;16;57;58;16;3.80;8;2;1;74;0;6107816;-1;0
147;18;336;16;58;1;0;3.20;3;1;1;77;0;6108100;181;0
147;18;336;16;58;1;17;5.60;7;2;1;76;0;6108117;1452;0
147;18;336;16;58;2;99;3.60;6;2;1;79;0;6108299;669;0
147;18;336;16;58;2;99;3.60;2;1;1;77;0;6108299;681;0
147;18;336;16;58;3;99;3.40;4;1;1;79;0;6108399;576;0
147;18;336;16;58;4;25;3.60;5;2;1;82;0;6108425;608;0
147;18;336;16;58;4;71;3.00;2;1;1;76;0;6108471;155;0
147;18;336;16;58;4;74;3.80;6;2;1;80;0;6108474;158;0
147;18;336;16;58;5;5;3.80;3;1;1;76;0;6108505;390;0
147;18;336;16;58;6;20;4.00;7;2;1;76;0;6108620;476;0
147;18;336;16;58;6;99;3.40;3;1;1;77;0;6108699;176;0
147;18;336;16;58;7;5;4.00;2;1;1;78;0;6108705;219;0
147;18;336;16;58;7;20;3.60;6;2;1;84;0;6108720;228;0
147;18;336;16;58;9;21;3.80;5;2;1;84;0;6108921;480;0
147;18;336;16;58;9;21;3.60;1;1;1;70;0;6108921;2107;0
147;18;336;16;58;9;56;3.60;6;2;1;78;0;6108956;220;0
147;18;336;16;58;10;99;4.00;2;1;1;75;0;6109099;375;0
147;18;336;16;58;11;18;3.60;6;2;1;80;0;6109118;145;0
147;18;336;16;58;12;97;3.60;3;1;1;72;0;6109297;582;0
147;18;336;16;58;12;99;3.60;7;2;1;82;0;6109299;660;0
147;18;336;16;58;13;99;4.20;8;2;1;100;0;6109399;1564;0
147;18;336;16;58;14;1;3.40;6;2;1;79;0;6109401;266;0
147;18;336;16;58;14;57;3.20;3;1;1;73;0;6109457;142;0
147;18;336;16;58;15;99;3.60;4;1;1;82;0;6109599;1184;0
147;18;336;16;58;15;99;3.40;6;2;1;82;0;6109599;182;0
147;18;336;16;58;15;99;3.80;3;1;1;78;0;6109599;126;0
147;18;336;16;58;16;28;3.40;7;2;1;83;0;6109628;313;0
147;18;336;16;58;16;99;3.60;2;1;1;68;0;6109699;580;0
147;18;336;16;58;17;60;3.80;2;1;1;65;0;6109760;41;0
147;18;336;16;58;17;94;4.40;7;2;1;79;0;6109794;151;0
147;18;336;16;58;18;99;3.40;5;2;1;81;0;6109899;961;0
147;18;336;16;58;18;99;2.80;3;1;1;68;0;6109899;282;0
147;18;336;16;58;18;99;3.60;2;1;1;65;0;6109899;117;0
147;18;336;16;58;19;28;3.60;6;2;1;83;0;6109928;314;0
147;18;336;16;58;20;11;4.60;4;1;1;76;0;6110011;396;0
147;18;336;16;58;20;96;3.80;3;1;1;68;0;6110096;182;0
147;18;336;16;58;21;3;3.60;4;1;1;77;0;6110103;70;0
147;18;336;16;58;21;99;3.60;6;2;1;82;0;6110199;255;0
147;18;336;16;58;21;8;3.80;4;1;1;76;0;6110108;-1;0
147;18;336;16;58;21;13;3.40;3;1;1;69;0;6110113;-1;0
147;18;336;16;58;22;75;20.40;7;2;5;87;0;6110275;460;0
147;18;336;16;58;23;10;3.80;4;1;1;74;0;6110310;184;0
147;18;336;16;58;23;24;3.00;6;2;1;80;0;6110324;109;0
147;18;336;16;58;24;13;3.80;4;1;1;72;0;6110413;84;6110011
147;18;336;16;58;24;2;3.60;3;1;1;76;0;6110402;271;0
147;18;336;16;58;24;49;3.20;6;2;1;80;0;6110449;111;0
147;18;336;16;58;25;10;3.40;4;1;1;76;0;6110510;78;6110011
147;18;336;16;58;25;99;3.20;3;1;1;77;0;6110599;179;6110011
147;18;336;16;58;26;13;4.00;6;2;1;76;0;6110613;149;6110011
147;18;336;16;58;26;99;4.20;5;2;1;80;0;6110699;784;0
147;18;336;16;58;27;32;3.40;3;1;1;73;0;6110732;118;0
147;18;336;16;58;28;6;3.80;7;2;1;79;0;6110806;446;0
147;18;336;16;58;28;10;3.40;6;2;1;76;0;6110810;178;6110199
147;18;336;16;58;28;99;3.60;5;2;1;79;0;6110899;181;6110199
147;18;336;16;58;28;99;3.60;3;1;1;71;0;6110899;150;6110199
147;18;336;16;58;30;85;3.60;5;2;1;79;0;6111085;169;6110199
147;18;336;16;58;30;99;8.40;6;2;6;75;0;6111099;272;0
147;18;336;16;58;31;99;3.60;5;2;1;78;0;6111199;97;0
147;18;336;16;58;32;2;3.60;3;1;1;69;0;6111202;284;0
147;18;336;16;58;34;99;3.40;6;2;1;77;0;6111499;359;0
147;18;336;16;58;31;66;4.20;7;2;1;11;0;6111166;342;0
147;18;336;16;58;35;7;3.60;2;1;1;65;0;6111507;1588;0
147;18;336;16;58;35;83;4.00;7;2;1;80;0;6111583;279;0
147;18;336;16;58;36;99;3.60;6;2;1;83;0;6111699;184;0
147;18;336;16;58;36;99;3.60;2;1;1;63;0;6111699;172;0
147;18;336;16;58;38;99;3.60;3;1;1;77;0;6111899;678;0
147;18;336;16;58;39;6;4.20;2;1;1;67;0;6111906;186;0
147;18;336;16;58;40;8;3.60;3;1;1;72;0;6112008;92;0
147;18;336;16;58;40;24;3.40;5;2;1;84;0;6112024;808;0
147;18;336;16;58;40;22;3.80;6;2;1;81;0;6112022;307;0
147;18;336;16;58;41;99;3.60;6;2;1;79;0;6112199;160;0
147;18;336;16;58;41;99;3.40;3;1;1;67;0;6112199;173;0
147;18;336;16;58;41;99;3.20;2;1;1;71;0;6112199;270;0
147;18;336;16;58;42;44;3.40;5;2;1;85;0;6112244;205;0
147;18;336;16;58;42;40;3.80;2;1;1;70;0;6112240;24;0
147;18;336;16;58;42;52;3.40;7;2;1;77;0;6112252;651;0
147;18;336;16;58;43;99;3.40;6;2;1;70;0;6112399;183;0
147;18;336;16;58;44;14;3.40;3;1;1;73;0;6112414;196;0
147;18;336;16;58;44;99;5.60;5;2;1;80;0;6112499;240;0
147;18;336;16;58;44;99;3.60;6;2;1;70;0;6112499;82;0
147;18;336;16;58;45;59;3.60;5;2;1;82;0;6112559;34;0
147;18;336;16;58;45;55;3.80;3;1;1;73;0;6112555;124;6111899
147;18;336;16;58;46;99;3.20;6;2;1;68;0;6112699;181;6112022
147;18;336;16;58;46;99;3.60;7;2;1;81;0;6112699;431;0
147;18;336;16;58;47;3;3.40;5;2;1;82;0;6112703;128;0
147;18;336;16;58;47;99;3.20;3;1;1;65;0;6112799;225;0
147;18;336;16;58;48;88;3.00;6;2;1;70;0;6112888;172;6112022
147;18;336;16;58;48;99;3.40;3;1;1;64;0;6112899;82;6112022
147;18;336;16;58;49;99;3.20;2;1;1;63;0;6112999;739;0
147;18;336;16;58;49;99;3.20;6;2;1;71;0;6112999;95;6112022
147;18;336;16;58;49;99;3.60;3;1;1;64;0;6112999;80;6112022
147;18;336;16;58;50;19;3.80;5;2;1;79;0;6113019;301;0
147;18;336;16;58;50;59;3.40;2;1;1;70;0;6113059;41;0
147;18;336;16;58;50;70;4.00;5;2;1;80;0;6113070;33;0
147;18;336;16;58;50;74;3.20;7;2;1;76;0;6113074;359;0
147;18;336;16;58;51;10;4.40;6;2;1;79;0;6113110;94;6112022
147;18;336;16;58;51;99;4.00;5;2;1;81;0;6113199;111;6112022
147;18;336;16;58;52;9;3.60;2;1;1;70;0;6113209;132;6112022
147;18;336;16;58;52;20;4.00;7;2;1;78;0;6113220;130;6112022
147;18;336;16;58;52;99;3.60;6;2;1;78;0;6113299;168;6112022
147;18;336;16;58;52;28;3.80;2;1;1;70;0;6113228;0;6112022
147;18;336;16;58;53;2;3.60;4;1;1;79;0;6113302;2775;0
147;18;336;16;58;53;72;3.40;5;2;1;80;0;6113372;155;0
147;18;336;16;58;53;99;5.20;3;1;1;71;0;6113399;379;0
147;18;336;16;58;54;14;3.40;6;2;1;73;0;6113414;98;6112022
147;18;336;16;58;54;99;3.80;2;1;1;70;0;6113499;251;0
147;18;336;16;58;55;20;3.80;3;1;1;79;0;6113520;94;0
147;18;336;16;58;55;47;3.40;6;2;1;75;0;6113547;116;6112022
147;18;336;16;58;56;99;3.60;5;2;1;84;0;6113699;311;0
147;18;336;16;58;57;19;3.60;6;2;1;76;0;6113719;155;6112022
147;18;336;16;58;58;26;3.80;5;2;1;83;0;6113826;111;6112022
147;18;336;16;58;58;96;3.20;2;1;1;60;0;6113896;377;0
147;18;336;16;58;59;99;4.40;5;2;1;85;0;6113999;156;0
147;18;336;16;58;59;99;3.60;4;1;1;81;0;6113999;680;0
147;18;336;16;58;59;99;3.60;2;1;1;66;0;6113999;83;0
147;18;336;16;59;0;53;3.60;6;2;1;69;0;6114053;316;0
147;18;336;16;59;1;99;3.80;6;2;1;71;0;6114199;127;0
147;18;336;16;59;2;99;4.60;7;2;1;77;0;6114299;1060;0
147;18;336;16;59;3;54;3.20;7;2;1;85;0;6114354;33;0
147;18;336;16;59;3;92;3.20;6;2;1;79;0;6114392;173;0
147;18;336;16;59;3;99;4.40;5;2;1;84;0;6114399;381;0
147;18;336;16;59;4;99;3.80;7;2;1;79;0;6114499;131;0
147;18;336;16;59;5;28;3.20;3;1;1;72;0;6114528;990;0
147;18;336;16;59;5;47;5.60;7;2;1;90;0;6114547;30;0
147;18;336;16;59;6;6;3.40;2;1;1;68;0;6114606;587;0
147;18;336;16;59;6;99;3.60;1;1;1;79;0;6114699;5759;0
147;18;336;16;59;6;99;3.20;6;2;1;77;0;6114699;292;0
147;18;336;16;59;7;2;3.60;3;1;1;73;0;6114702;158;0
147;18;336;16;59;7;99;4.00;4;1;1;80;0;6114799;784;0
147;18;336;16;59;8;88;3.80;1;1;1;75;0;6114888;172;0
147;18;336;16;59;8;99;3.20;3;1;1;72;0;6114899;179;0
147;18;336;16;59;9;9;3.80;6;2;1;77;0;6114909;195;0
147;18;336;16;59;9;27;0.80;7;2;1;30;1;6114927;357;0
147;18;336;16;59;12;99;3.60;1;1;1;68;0;6115299;392;0
147;18;336;16;59;13;12;3.20;3;1;1;76;0;6115312;397;0
147;18;336;16;59;13;23;3.80;6;2;1;81;0;6115323;396;0
147;18;336;16;59;13;40;3.40;2;1;1;76;0;6115340;716;0
147;18;336;16;59;13;83;3.40;5;2;1;81;0;6115383;965;0
147;18;336;16;59;14;99;4.00;8;2;1;85;0;6115499;6084;0
147;18;336;16;59;14;99;3.40;6;2;1;67;0;6115499;159;0
147;18;336;16;59;14;99;3.80;4;1;1;77;0;6115499;682;0
147;18;336;16;59;15;99;3.20;2;1;1;75;0;6115599;242;0
147;18;336;16;59;15;8;3.40;6;2;1;70;0;6115508;-1;0
147;18;336;16;59;16;11;3.80;8;2;1;89;0;6115611;95;0
147;18;336;16;59;16;66;3.80;1;1;1;83;0;6115666;347;0
147;18;336;16;59;17;12;4.00;1;1;1;77;0;6115712;29;0
147;18;336;16;59;17;99;3.20;6;2;1;74;0;6115799;273;0
147;18;336;16;59;17;99;3.60;2;1;1;62;0;6115799;184;0
147;18;336;16;59;18;18;3.80;8;2;1;84;0;6115818;191;0
147;18;336;16;59;18;91;10.20;7;2;2;80;0;6115891;1321;0
147;18;336;16;59;19;99;3.40;1;1;1;76;0;6115999;268;0
147;18;336;16;59;19;99;3.20;3;1;1;74;0;6115999;671;0
147;18;336;16;59;20;99;3.60;6;2;1;80;0;6116099;284;0
147;18;336;16;59;21;99;3.80;5;2;1;81;0;6116199;800;0
147;18;336;16;59;22;14;3.80;6;2;1;79;0;6116214;98;0
147;18;336;16;59;25;99;3.40;6;2;1;74;0;6116599;367;0
147;18;336;16;59;25;99;3.60;3;1;1;75;0;6116599;584;0
147;18;336;16;59;26;16;4.60;4;1;1;85;0;6116616;1099;0
147;18;336;16;59;26;35;3.60;2;1;1;69;0;6116635;815;0
147;18;336;16;59;26;99;3.40;7;2;1;69;0;6116699;762;0
147;18;336;16;59;29;89;3.40;2;1;1;72;0;6116989;335;0
147;18;336;16;59;29;99;3.20;3;1;1;77;0;6116999;382;0
147;18;336;16;59;30;99;3.00;6;2;1;73;0;6117099;483;0
147;18;336;16;59;30;99;3.40;5;2;1;80;0;6117099;883;0
147;18;336;16;59;31;47;3.60;4;1;1;81;0;6117147;511;0
147;18;336;16;59;31;61;3.80;7;2;1;88;0;6117161;444;0
147;18;336;16;59;31;69;3.60;6;2;1;77;0;6117169;55;0
147;18;336;16;59;32;7;3.40;5;2;1;89;0;6117207;92;0
147;18;336;16;59;33;15;3.20;5;2;1;81;0;6117315;94;0
147;18;336;16;59;36;35;4.00;5;2;1;86;0;6117635;305;0
147;18;336;16;59;36;44;3.60;2;1;1;85;0;6117644;638;0
147;18;336;16;59;36;86;4.60;8;2;1;74;0;6117686;1851;0
147;18;336;16;59;35;70;4.00;7;2;1;17;0;6117570;393;0
147;18;336;16;59;37;99;3.60;4;1;1;83;0;6117799;636;0
147;18;336;16;59;37;99;4.00;8;2;1;74;0;6117799;90;0
147;18;336;16;59;38;99;3.60;3;1;1;83;0;6117899;885;0
147;18;336;16;59;38;29;4.00;5;2;1;89;0;6117829;177;0
147;18;336;16;59;38;26;3.60;6;2;1;77;0;6117826;640;0
147;18;336;16;59;39;63;3.40;2;1;1;69;0;6117963;303;0
147;18;336;16;59;39;99;4.00;3;1;1;77;0;6117999;84;0
147;18;336;16;59;40;9;3.60;4;1;1;84;0;6118009;194;0
147;18;336;16;59;40;99;3.20;5;2;1;84;0;6118099;253;0
147;18;336;16;59;40;99;3.80;6;2;1;74;0;6118099;256;0
147;18;336;16;59;39;5;4.00;7;2;1;14;0;6117905;250;0
147;18;336;16;59;41;41;3.60;5;2;1;80;0;6118141;28;0
147;18;336;16;59;41;69;3.40;3;1;1;74;0;6118169;151;0
147;18;336;16;59;42;99;3.80;8;2;1;83;0;6118299;480;0
147;18;336;16;59;42;99;3.20;6;2;1;75;0;6118299;181;0
147;18;336;16;59;43;99;3.80;6;2;1;72;0;6118399;84;0
147;18;336;16;59;44;49;4.00;5;2;1;81;0;6118449;291;0
147;18;336;16;59;44;61;3.40;3;1;1;70;0;6118461;275;0
147;18;336;16;59;44;98;3.60;1;1;1;82;0;6118498;2482;0
147;18;336;16;59;45;99;3.40;3;1;1;67;0;6118599;120;0
147;18;336;16;59;45;99;4.00;6;2;1;77;0;6118599;181;0
147;18;336;16;59;46;99;3.40;3;1;1;62;0;6118699;81;0
147;18;336;16;59;46;16;3.20;8;2;1;78;0;6118616;300;0
147;18;336;16;59;47;99;3.40;3;1;1;63;0;6118799;80;0
147;18;336;16;59;48;99;3.60;1;1;1;75;0;6118899;385;0
147;18;336;16;59;49;31;3.60;3;1;1;62;0;6118931;112;6118461
147;18;336;16;59;50;27;3.20;4;1;1;77;0;6119027;1002;0
147;18;336;16;59;50;99;4.00;5;2;1;87;0;6119099;632;0
147;18;336;16;59;50;99;3.60;2;1;1;74;0;6119099;1118;0
147;18;336;16;59;51;12;3.60;4;1;1;80;0;6119112;70;0
147;18;336;16;59;51;35;3.00;2;1;1;77;0;6119135;18;0
147;18;336;16;59;51;32;3.20;3;1;1;64;0;6119132;180;6118461
147;18;336;16;59;52;21;4.00;5;2;1;83;0;6119221;105;6118461
147;18;336;16;59;53;99;4.00;4;1;1;75;0;6119399;270;0
147;18;336;16;59;53;99;3.80;6;2;1;79;0;6119399;781;0
147;18;336;16;59;53;99;3.80;2;1;1;78;0;6119399;249;0
147;18;336;16;59;53;99;3.60;3;1;1;69;0;6119399;249;0
147;18;336;16;59;51;22;4.00;7;2;1;15;0;6119122;1114;0
147;18;336;16;59;55;1;3.80;5;2;1;83;0;6119501;262;0
147;18;336;16;59;55;99;3.60;7;2;1;80;0;6119599;381;0
147;18;336;16;59;56;10;3.40;4;1;1;79;0;6119610;191;0
147;18;336;16;59;56;14;3.40;2;1;1;72;0;6119614;197;0
147;18;336;16;59;57;7;4.00;3;1;1;72;0;6119707;289;0
147;18;336;16;59;57;75;3.40;7;2;1;77;0;6119775;159;0
147;18;336;16;59;58;99;3.40;3;1;1;74;0;6119899;172;0
147;18;336;16;59;58;99;3.80;4;1;1;81;0;6119899;273;0
147;18;336;16;59;59;34;3.60;3;1;1;71;0;6119934;18;0
147;18;336;17;0;1;99;3.20;3;1;1;73;0;6120199;246;0
147;18;336;17;0;1;93;12.80;2;1;7;99;0;6120193;562;0
147;18;336;17;0;2;99;3.80;7;2;1;77;0;6120299;508;0
147;18;336;17;0;2;99;2.40;2;2;1;56;0;6120299;-2;0
147;18;336;17;0;3;99;3.80;6;2;1;73;0;6120399;982;0
147;18;336;17;0;4;20;3.80;3;1;1;77;0;6120420;205;0
147;18;336;17;0;4;17;3.60;4;1;1;77;0;6120417;501;0
147;18;336;17;0;4;26;3.60;1;1;1;74;0;6120426;1509;0
147;18;336;17;0;4;61;3.00;5;2;1;82;0;6120461;943;0
147;18;336;17;0;5;99;3.40;2;1;1;72;0;6120599;359;0
147;18;336;17;0;4;86;5.80;7;2;1;66;0;6120486;169;0
147;18;336;17;0;6;12;3.60;2;1;1;80;0;6120612;-1;0
147;18;336;17;0;6;99;3.60;6;2;1;79;0;6120699;281;0
147;18;336;17;0;6;13;3.20;3;1;1;71;0;6120613;175;0
147;18;336;17;0;7;68;4.40;4;1;1;74;0;6120768;334;0
147;18;336;17;0;7;91;3.40;2;1;1;75;0;6120791;162;0
147;18;336;17;0;8;99;3.20;6;2;1;76;0;6120899;183;0
147;18;336;17;0;9;5;2.80;2;1;1;71;0;6120905;97;0
147;18;336;17;0;9;6;3.40;7;2;1;80;0;6120906;388;0
147;18;336;17;0;9;56;3.40;6;2;1;81;0;6120956;41;0
147;18;336;17;0;10;85;3.80;3;1;1;73;0;6121085;455;0
147;18;336;17;0;11;99;3.40;2;1;1;68;0;6121199;279;0
147;18;336;17;0;13;99;4.00;2;1;1;78;0;6121399;182;0
147;18;336;17;0;13;99;3.40;6;2;1;81;0;6121399;427;0
147;18;336;17;0;14;51;3.60;4;1;1;78;0;6121451;661;0
147;18;336;17;0;15;19;3.20;3;1;1;75;0;6121519;415;0
147;18;336;17;0;15;99;3.60;5;2;1;82;0;6121599;1124;0
147;18;336;17;0;16;99;3.80;6;2;1;78;0;6121699;284;0
147;18;336;17;0;16;99;3.20;5;2;1;77;0;6121699;84;0
147;18;336;17;0;16;99;5.60;4;1;1;76;0;6121699;231;0
147;18;336;17;0;17;62;3.40;4;1;1;79;0;6121762;36;0
147;18;336;17;0;17;86;3.40;6;2;1;77;0;6121786;69;0
147;18;336;17;0;18;5;3.80;5;2;1;77;0;6121805;91;0
147;18;336;17;0;20;12;3.40;6;2;1;73;0;6122012;210;0
147;18;336;17;0;22;11;3.20;3;1;1;67;0;6122211;676;0
147;18;336;17;0;22;77;3.60;3;1;1;67;0;6122277;48;0
147;18;336;17;0;24;99;3.40;6;2;1;81;0;6122499;470;0
147;18;336;17;0;24;2;3.00;4;1;1;83;0;6122402;624;0
147;18;336;17;0;22;36;4.20;7;2;1;13;0;6122236;1314;0
147;18;336;17;0;25;47;3.60;3;1;1;68;0;6122547;250;0
147;18;336;17;0;25;54;3.40;2;1;1;71;0;6122554;1136;0
147;18;336;17;0;25;90;3.80;1;1;1;74;0;6122590;2146;0
147;18;336;17;0;25;98;3.80;6;2;1;81;0;6122598;83;0
147;18;336;17;0;26;99;3.00;3;1;1;63;0;6122699;132;0
147;18;336;17;0;26;99;4.00;2;1;1;76;0;6122699;127;0
147;18;336;17;0;27;47;3.40;5;2;1;78;0;6122747;924;0
147;18;336;17;0;27;46;3.00;3;1;1;59;0;6122746;29;0
147;18;336;17;0;28;99;3.60;4;1;1;78;0;6122899;483;0
147;18;336;17;0;28;99;3.20;2;1;1;74;0;6122899;181;0
147;18;336;17;0;28;74;8.20;7;2;1;53;0;6122874;521;0
147;18;336;17;0;29;99;3.60;4;1;1;79;0;6122999;83;0
147;18;336;17;0;29;1;3.60;5;2;1;80;0;6122901;138;0
147;18;336;17;0;30;6;4.80;2;1;1;75;0;6123006;91;0
147;18;336;17;0;30;75;4.20;7;2;1;76;0;6123075;145;0
147;18;336;17;0;30;71;3.20;6;2;1;68;0;6123071;456;0
147;18;336;17;0;31;99;3.20;6;2;1;64;0;6123199;111;0
147;18;336;17;0;31;99;3.60;3;1;1;72;0;6123199;434;0
147;18;336;17;0;32;14;3.60;2;1;1;75;0;6123214;184;6122554
147;18;336;17;0;32;23;3.80;4;1;1;83;0;6123223;207;0
147;18;336;17;0;34;0;3.40;6;2;1;65;0;6123400;183;0
147;18;336;17;0;34;99;6.00;3;1;1;65;0;6123499;282;0
147;18;336;17;0;34;99;3.80;7;2;1;71;0;6123499;404;0
147;18;336;17;0;34;99;3.40;4;1;1;75;0;6123499;259;0
147;18;336;17;0;34;99;3.00;6;2;1;76;0;6123499;80;0
147;18;336;17;0;35;92;3.00;3;1;1;73;0;6123592;59;0
147;18;336;17;0;35;79;3.60;4;1;1;72;0;6123579;63;0
147;18;336;17;0;35;87;3.40;6;2;1;69;0;6123587;73;6123071
147;18;336;17;0;36;1;3.60;8;2;1;73;0;6123601;4970;0
147;18;336;17;0;36;99;3.20;4;1;1;73;0;6123699;102;0
147;18;336;17;0;37;0;4.60;3;1;1;66;0;6123700;93;0
147;18;336;17;0;37;27;3.40;2;1;1;72;0;6123727;495;0
147;18;336;17;0;38;99;3.60;3;1;1;70;0;6123899;173;0
147;18;336;17;0;39;99;3.60;1;1;1;70;0;6123999;1390;0
147;18;336;17;0;39;99;3.60;2;1;1;74;0;6123999;255;0
147;18;336;17;0;40;13;3.60;4;1;1;80;0;6124013;298;0
147;18;336;17;0;40;92;3.60;2;1;1;71;0;6124092;75;0
147;18;336;17;0;41;99;3.60;7;2;1;79;0;6124199;680;0
147;18;336;17;0;41;99;3.60;4;1;1;80;0;6124199;169;0
147;18;336;17;0;42;0;4.20;3;1;1;74;0;6124200;282;0
147;18;336;17;0;43;2;3.60;1;1;1;71;0;6124302;284;0
147;18;336;17;0;44;18;3.60;3;1;1;73;0;6124418;197;0
147;18;336;17;0;45;5;4.00;2;1;1;75;0;6124505;394;0
147;18;336;17;0;45;55;3.40;5;2;1;71;0;6124555;1637;0
147;18;336;17;0;46;0;3.60;2;1;1;73;0;6124600;75;0
147;18;336;17;0;46;99;3.60;5;2;1;70;0;6124699;126;0
147;18;336;17;0;47;25;4.00;4;1;1;91;0;6124725;509;0
147;18;336;17;0;47;23;3.40;7;2;1;78;0;6124723;507;0
147;18;336;17;0;48;9;3.40;6;2;1;78;0;6124809;1204;0
147;18;336;17;0;48;67;3.80;5;2;1;71;0;6124867;149;0
147;18;336;17;0;48;89;4.20;6;2;1;77;0;6124889;64;0
147;18;336;17;0;48;99;3.60;2;1;1;83;0;6124899;281;0
147;18;336;17;0;49;2;3.40;3;1;1;77;0;6124902;466;0
147;18;336;17;0;49;99;4.00;5;2;1;69;0;6124999;112;0
147;18;336;17;0;50;2;3.40;5;2;1;68;0;6125002;-1;6124555
147;18;336;17;0;50;17;3.20;6;2;1;79;0;6125017;108;6124555
147;18;336;17;0;50;24;4.00;4;1;1;90;0;6125024;283;0
147;18;336;17;0;50;24;3.60;1;1;1;83;0;6125024;703;0
147;18;336;17;0;50;59;4.40;7;2;1;78;0;6125059;320;0
147;18;336;17;0;51;16;3.80;4;1;1;90;0;6125116;76;0
147;18;336;17;0;51;12;3.40;5;2;1;75;0;6125112;92;6124555
147;18;336;17;0;52;99;3.60;3;1;1;87;0;6125299;381;0
147;18;336;17;0;52;99;3.40;6;2;1;78;0;6125299;267;0
147;18;336;17;0;52;99;3.40;1;1;1;78;0;6125299;259;0
147;18;336;17;0;53;57;3.60;2;1;1;91;0;6125357;442;0
147;18;336;17;0;54;99;3.40;6;2;1;79;0;6125499;184;0
147;18;336;17;0;56;11;3.60;6;2;1;82;0;6125611;96;0
147;18;336;17;0;57;99;3.80;6;2;1;77;0;6125799;172;0
147;18;336;17;0;57;99;3.60;2;1;1;73;0;6125799;427;0
147;18;336;17;0;58;99;3.80;3;1;1;78;0;6125899;585;0
147;18;336;17;0;58;93;5.20;7;2;1;66;0;6125893;813;0
147;18;336;17;1;0;20;3.60;2;1;1;77;0;6126020;203;0
147;18;336;17;1;0;41;7.20;6;2;6;78;0;6126041;224;0
147;18;336;17;1;2;99;3.40;1;1;1;68;0;6126299;984;0
147;18;336;17;1;3;6;3.40;3;1;1;76;0;6126306;389;0
147;18;336;17;1;4;99;5.00;2;1;1;78;0;6126499;462;0
147;18;336;17;1;5;99;3.20;2;1;1;76;0;6126599;76;0
147;18;336;17;1;5;99;3.20;6;2;1;85;0;6126599;524;0
147;18;336;17;1;6;99;3.60;1;1;1;79;0;6126699;382;0
147;18;336;17;1;6;99;3.00;2;1;1;69;0;6126699;84;0
147;18;336;17;1;9;99;3.20;3;1;1;88;0;6126999;676;0
147;18;336;17;1;9;99;3.80;6;2;1;89;0;6126999;386;0
147;18;336;17;1;10;99;3.80;2;1;1;80;0;6127099;384;0
147;18;336;17;1;10;99;3.40;5;2;1;92;0;6127099;1970;0
147;18;336;17;1;13;24;3.60;7;2;1;82;0;6127324;1402;0
147;18;336;17;1;13;1;3.40;6;2;1;76;0;6127301;286;0
147;18;336;17;1;13;31;3.00;2;1;1;73;0;6127331;214;0
147;18;336;17;1;14;99;3.40;1;1;1;80;0;6127499;783;0
147;18;336;17;1;15;99;3.40;3;1;1;77;0;6127599;586;0
147;18;336;17;1;17;7;3.40;3;1;1;74;0;6127707;92;0
147;18;336;17;1;17;99;3.60;2;1;1;76;0;6127799;453;0
147;18;336;17;1;17;99;3.80;7;2;1;79;0;6127799;459;0
147;18;336;17;1;19;99;4.60;2;1;1;77;0;6127999;182;0
147;18;336;17;1;20;99;3.80;7;2;1;76;0;6128099;282;0
147;18;336;17;1;22;19;3.00;6;2;1;79;0;6128219;901;0
147;18;336;17;1;23;1;3.80;6;2;1;79;0;6128301;68;0
147;18;336;17;1;24;99;3.20;6;2;1;77;0;6128499;180;0
147;18;336;17;1;23;8;5.80;7;2;1;29;0;6128308;191;0
147;18;336;17;1;25;99;2.80;6;2;1;78;0;6128599;85;0
147;18;336;17;1;27;99;4.00;7;2;1;77;0;6128799;419;0
147;18;336;17;1;28;99;3.20;3;1;1;73;0;6128899;1175;0
147;18;336;17;1;28;99;3.40;7;2;1;75;0;6128899;81;0
147;18;336;17;1;29;12;3.40;2;1;1;70;0;6128912;891;0
147;18;336;17;1;29;88;3.40;6;2;1;80;0;6128988;376;0
147;18;336;17;1;30;12;3.00;2;1;1;71;0;6129012;82;0
147;18;336;17;1;30;99;3.00;1;1;1;79;0;6129099;1584;0
147;18;336;17;1;30;99;6.60;3;1;1;68;0;6129099;184;0
147;18;336;17;1;28;55;4.00;7;2;1;11;0;6128855;-1;0
147;18;336;17;1;32;17;3.60;5;2;1;86;0;6129217;2104;0
147;18;336;17;1;32;16;3.60;6;2;1;79;0;6129216;212;0
147;18;336;17;1;33;99;3.60;3;1;1;75;0;6129399;265;0
147;18;336;17;1;34;75;9.20;8;2;6;77;0;6129475;5856;0
147;18;336;17;1;35;20;3.80;6;2;1;86;0;6129520;287;0
147;18;336;17;1;35;99;3.80;2;1;1;76;0;6129599;571;0
147;18;336;17;1;36;13;3.60;7;2;1;74;0;6129613;627;0
147;18;336;17;1;35;97;12.60;3;1;2;77;0;6129597;180;0
147;18;336;17;1;36;48;3.80;5;2;1;83;0;6129648;415;0
147;18;336;17;1;37;99;3.60;4;1;1;81;0;6129799;4667;0
147;18;336;17;1;38;7;3.60;2;1;1;75;0;6129807;190;0
147;18;336;17;1;38;99;3.60;6;2;1;78;0;6129899;363;0
147;18;336;17;1;38;99;3.80;5;2;1;84;0;6129899;234;0
147;18;336;17;1;39;62;3.60;6;2;1;77;0;6129962;46;0
147;18;336;17;1;40;99;3.60;3;1;1;83;0;6130099;443;0
147;18;336;17;1;40;99;3.00;6;2;1;81;0;6130099;120;0
147;18;336;17;1;40;99;3.60;8;2;1;90;0;6130099;580;0
147;18;336;17;1;41;4;3.80;5;2;1;89;0;6130104;188;0
147;18;336;17;1;41;2;3.00;2;1;1;72;0;6130102;277;0
147;18;336;17;1;41;27;3.80;7;2;1;80;0;6130127;496;0
147;18;336;17;1;42;74;3.60;6;2;1;74;0;6130274;161;0
147;18;336;17;1;43;99;3.60;7;2;1;78;0;6130399;254;0
147;18;336;17;1;44;60;3.60;1;1;1;79;0;6130460;1347;0
147;18;336;17;1;45;0;3.60;4;1;1;80;0;6130500;685;0
147;18;336;17;1;45;99;3.40;2;1;1;79;0;6130599;482;0
147;18;336;17;1;45;99;3.80;8;2;1;87;0;6130599;485;0
147;18;336;17;1;46;24;3.40;4;1;1;82;0;6130624;107;0
147;18;336;17;1;46;24;4.80;3;1;1;78;0;6130624;509;0
147;18;336;17;1;47;99;3.40;7;2;1;79;0;6130799;383;0
147;18;336;17;1;47;99;3.80;1;1;1;79;0;6130799;322;0
147;18;336;17;1;47;99;3.40;6;2;1;76;0;6130799;507;0
147;18;336;17;1;49;10;3.80;5;2;1;84;0;6130910;790;0
147;18;336;17;1;49;21;3.40;3;1;1;79;0;6130921;274;0
147;18;336;17;1;49;35;4.00;8;2;1;76;0;6130935;320;0
147;18;336;17;1;49;61;3.80;4;1;1;78;0;6130961;322;0
147;18;336;17;1;50;99;3.80;3;1;1;80;0;6131099;162;0
147;18;336;17;1;51;7;3.80;1;1;1;78;0;6131107;290;0
147;18;336;17;1;51;21;3.60;4;1;1;80;0;6131121;142;0
147;18;336;17;1;51;99;3.40;8;2;1;73;0;6131199;245;0
147;18;336;17;1;52;4;3.40;4;1;1;81;0;6131204;66;0
147;18;336;17;1;52;23;4.00;7;2;1;80;0;6131223;408;0
147;18;336;17;1;53;6;3.60;4;1;1;81;0;6131306;86;0
147;18;336;17;1;53;99;3.40;6;2;1;71;0;6131399;583;0
147;18;336;17;1;53;99;3.60;5;2;1;78;0;6131399;472;0
147;18;336;17;1;53;99;3.00;2;1;1;77;0;6131399;784;0
147;18;336;17;1;55;6;3.80;6;2;1;71;0;6131506;89;0
147;18;336;17;1;56;99;3.80;4;1;1;84;0;6131699;377;0
147;18;336;17;1;56;5;3.80;5;2;1;77;0;6131605;189;0
147;18;336;17;1;56;11;3.60;6;2;1;70;0;6131611;85;0
147;18;336;17;1;56;97;7.40;3;1;6;74;0;6131697;580;0
147;18;336;17;1;57;82;3.40;7;2;1;76;0;6131782;541;0
147;18;336;17;1;58;99;4.00;5;2;1;76;0;6131899;276;0
147;18;336;17;1;59;35;3.40;2;1;1;87;0;6131935;521;0
147;18;336;17;2;0;23;3.40;5;2;1;75;0;6132023;105;0
147;18;336;17;2;0;76;3.80;6;2;1;71;0;6132076;446;0
147;18;336;17;2;1;99;3.40;6;2;1;71;0;6132199;103;0
147;18;336;17;2;2;19;3.60;5;2;1;82;0;6132219;179;0
147;18;336;17;2;2;50;3.40;6;2;1;71;0;6132250;33;0
147;18;336;17;2;2;73;3.60;2;1;1;76;0;6132273;323;0
147;18;336;17;2;3;99;3.80;3;1;1;86;0;6132399;666;0
147;18;336;17;2;3;99;3.60;6;2;1;73;0;6132399;131;0
147;18;336;17;2;3;99;3.00;6;2;1;70;0;6132399;-1;6132076
147;18;336;17;2;5;6;3.20;6;2;1;73;0;6132506;91;6132076
147;18;336;17;2;5;23;3.20;2;1;1;75;0;6132523;232;0
147;18;336;17;2;6;99;3.40;2;1;1;70;0;6132699;160;0
147;18;336;17;2;6;99;3.60;1;1;1;80;0;6132699;1574;0
147;18;336;17;2;6;99;4.00;6;2;1;69;0;6132699;177;6132076
147;18;336;17;2;6;99;4.20;5;2;1;80;0;6132699;464;0
147;18;336;17;2;7;16;3.60;4;1;1;83;0;6132716;1000;0
147;18;336;17;2;7;50;4.20;7;2;1;75;0;6132750;951;0
147;18;336;17;2;8;99;3.60;3;1;1;74;0;6132899;484;0
147;18;336;17;2;8;99;3.60;6;2;1;73;0;6132899;179;6132076
147;18;336;17;2;9;99;3.40;3;1;1;69;0;6132999;82;6132076
147;18;336;17;2;9;6;4.40;6;2;1;75;0;6132906;-1;6132076
147;18;336;17;2;10;19;3.40;4;1;1;79;0;6133019;287;0
147;18;336;17;2;10;93;3.80;3;1;1;70;0;6133093;76;0
147;18;336;17;2;10;99;3.60;4;1;1;78;0;6133099;64;0
147;18;336;17;2;10;99;3.60;6;2;1;69;0;6133099;171;6132076
147;18;336;17;2;11;20;3.20;5;2;1;77;0;6133120;402;0
147;18;336;17;2;12;1;3.80;2;1;1;81;0;6133201;484;0
147;18;336;17;2;12;19;3.20;6;2;1;71;0;6133219;101;6132076
147;18;336;17;2;14;1;3.40;3;1;1;79;0;6133401;288;0
147;18;336;17;2;14;12;4.40;2;1;1;84;0;6133412;194;0
147;18;336;17;2;15;26;3.40;7;2;1;81;0;6133526;755;0
147;18;336;17;2;15;99;3.80;8;2;1;85;0;6133599;2383;0
147;18;336;17;2;15;99;2.80;3;1;1;73;0;6133599;182;0
147;18;336;17;2;16;99;3.60;6;2;1;66;0;6133699;463;0
147;18;336;17;2;17;21;3.40;1;1;1;90;0;6133721;1005;0
147;18;336;17;2;17;99;3.20;6;2;1;67;0;6133799;80;0
147;18;336;17;2;17;44;3.40;2;1;1;75;0;6133744;313;0
147;18;336;17;2;18;88;3.80;5;2;1;72;0;6133888;753;0
147;18;336;17;2;18;99;3.60;3;1;1;73;0;6133899;286;0
147;18;336;17;2;19;6;3.20;6;2;1;68;0;6133906;89;0
147;18;336;17;2;19;99;4.00;5;2;1;78;0;6133999;92;0
147;18;336;17;2;20;1;3.40;2;1;1;77;0;6134001;240;0
147;18;336;17;2;21;19;3.60;6;2;1;78;0;6134119;196;0
147;18;336;17;2;21;99;4.00;1;1;1;78;0;6134199;464;0
147;18;336;17;2;22;3;3.80;6;2;1;74;0;6134203;67;6133699
147;18;336;17;2;23;0;3.40;7;2;1;79;0;6134300;758;0
147;18;336;17;2;23;15;3.60;3;1;1;80;0;6134315;398;0
147;18;336;17;2;23;99;3.40;2;1;1;74;0;6134399;382;0
147;18;336;17;2;24;99;3.80;7;2;1;76;0;6134499;183;0
147;18;336;17;2;24;99;3.60;6;2;1;70;0;6134499;277;0
147;18;336;17;2;25;86;4.00;5;2;1;86;0;6134586;568;0
147;18;336;17;2;26;9;3.60;8;2;1;73;0;6134609;993;0
147;18;336;17;2;26;99;3.40;6;2;1;74;0;6134699;181;0
147;18;336;17;2;26;99;3.20;2;1;1;76;0;6134699;283;0
147;18;336;17;2;26;99;3.60;7;2;1;75;0;6134699;182;0
147;18;336;17;2;28;2;3.40;8;2;1;74;0;6134802;175;0
147;18;336;17;2;29;8;3.40;5;2;1;81;0;6134908;305;0
147;18;336;17;2;29;99;3.20;2;1;1;75;0;6134999;284;0
147;18;336;17;2;29;99;3.60;8;2;1;78;0;6134999;180;0
147;18;336;17;2;30;32;3.80;6;2;1;82;0;6135032;316;0
147;18;336;17;2;31;99;3.80;1;1;1;81;0;6135199;981;0
147;18;336;17;2;32;99;4.40;2;1;1;71;0;6135299;284;0
147;18;336;17;2;33;76;3.20;6;2;1;75;0;6135376;327;0
147;18;336;17;2;38;0;3.60;6;2;1;79;0;6135800;408;0
147;18;336;17;2;38;24;4.60;3;1;1;78;0;6135824;1492;0
147;18;336;17;2;38;99;4.00;7;2;1;83;0;6135899;1182;0
147;18;336;17;2;39;99;3.60;6;2;1;85;0;6135999;182;0
147;18;336;17;2;40;99;3.40;2;1;1;85;0;6136099;777;0
147;18;336;17;2;40;22;3.40;3;1;1;70;0;6136022;176;0
147;18;336;17;2;41;14;3.40;4;1;1;76;0;6136114;2998;0
147;18;336;17;2;41;99;4.00;6;2;1;79;0;6136199;184;0
147;18;336;17;2;41;99;3.80;4;1;1;76;0;6136199;68;0
147;18;336;17;2;42;18;4.00;1;1;1;78;0;6136218;1002;0
147;18;336;17;2;42;99;3.60;3;1;1;71;0;6136299;259;0
147;18;336;17;2;42;99;3.40;6;2;1;78;0;6136299;81;0
147;18;336;17;2;42;5;3.40;2;1;1;67;0;6136205;91;0
147;18;336;17;2;43;57;3.80;5;2;1;78;0;6136357;1433;0
147;18;336;17;2;43;99;3.40;6;2;1;77;0;6136399;84;6135800
147;18;336;17;2;44;99;3.40;2;1;1;70;0;6136499;275;0
147;18;336;17;2;44;99;3.40;3;1;1;72;0;6136499;181;0
147;18;336;17;2;45;13;3.60;6;2;1;72;0;6136513;98;6135800
147;18;336;17;2;45;21;3.60;3;1;1;71;0;6136521;4;6135800
147;18;336;17;2;46;83;4.80;1;1;1;76;0;6136683;446;0
147;18;336;17;2;48;15;5.20;3;1;1;75;0;6136815;275;0
147;18;336;17;2;49;99;3.80;6;2;1;77;0;6136999;468;0
147;18;336;17;2;50;5;3.60;3;1;1;79;0;6137005;165;0
147;18;336;17;2;49;99;11.80;4;1;2;82;0;6136999;782;0
147;18;336;17;2;51;95;3.20;8;2;1;86;0;6137195;2179;0
147;18;336;17;2;52;16;3.40;6;2;1;70;0;6137216;199;0
147;18;336;17;2;53;2;3.80;2;1;1;83;0;6137302;785;0
147;18;336;17;2;53;3;3.60;6;2;1;71;0;6137303;69;0
147;18;336;17;2;53;49;3.00;7;2;1;74;0;6137349;1432;0
147;18;336;17;2;53;73;3.00;3;1;1;72;0;6137373;351;0
147;18;336;17;2;54;99;4.80;3;1;1;69;0;6137499;111;0
147;18;336;17;2;54;99;3.20;7;2;1;81;0;6137499;135;0
147;18;336;17;2;55;11;3.80;2;1;1;84;0;6137511;192;0
147;18;336;17;2;56;27;3.80;4;1;1;89;0;6137627;576;0
147;18;336;17;2;56;99;3.80;7;2;1;84;0;6137699;185;0
147;18;336;17;2;57;99;3.80;6;2;1;69;0;6137799;477;0
147;18;336;17;2;58;22;3.80;7;2;1;79;0;6137822;106;0
147;18;336;17;2;58;51;3.00;6;2;1;68;0;6137851;32;0
147;18;336;17;2;59;1;4.00;8;2;1;82;0;6137901;692;0
147;18;336;17;2;59;99;3.20;2;1;1;69;0;6137999;471;0
147;18;336;17;3;0;18;3.40;6;2;1;75;0;6138018;151;0
147;18;336;17;3;0;16;24.40;3;1;5;71;0;6138016;491;0
147;18;336;17;3;2;99;3.40;7;2;1;81;0;6138299;459;0
147;18;336;17;3;2;99;4.00;5;2;1;78;0;6138299;1924;0
147;18;336;17;3;2;99;3.60;3;1;1;71;0;6138299;159;0
147;18;336;17;3;3;20;3.80;4;1;1;79;0;6138320;677;0
147;18;336;17;3;3;7;3.60;2;1;1;75;0;6138307;291;0
147;18;336;17;3;3;44;3.80;5;2;1;78;0;6138344;26;0
147;18;336;17;3;4;12;3.80;4;1;1;78;0;6138412;74;0
147;18;336;17;3;4;99;3.40;6;2;1;73;0;6138499;464;0
147;18;336;17;3;5;14;4.00;4;1;1;79;0;6138514;84;0
147;18;336;17;3;5;15;3.80;3;1;1;72;0;6138515;197;0
147;18;336;17;3;5;99;3.60;6;2;1;74;0;6138599;83;0
147;18;336;17;3;6;37;3.80;4;1;1;82;0;6138637;104;0
147;18;336;17;3;6;71;3.00;2;1;1;81;0;6138671;346;0
147;18;336;17;3;7;99;3.80;6;2;1;72;0;6138799;182;0
147;18;336;17;3;8;17;3.40;7;2;1;78;0;6138817;502;0
147;18;336;17;3;8;15;3.80;3;1;1;74;0;6138815;281;0
147;18;336;17;3;8;8;3.60;2;1;1;77;0;6138808;123;0
147;18;336;17;3;8;11;4.00;5;2;1;83;0;6138811;449;0
147;18;336;17;3;8;34;3.80;1;1;1;66;0;6138834;2128;0
147;18;336;17;3;10;99;3.00;3;1;1;72;0;6139099;265;0
147;18;336;17;3;10;99;3.80;5;2;1;85;0;6139099;270;0
147;18;336;17;3;11;23;4.00;7;2;1;76;0;6139123;290;0
147;18;336;17;3;11;72;3.40;6;2;1;70;0;6139172;354;0
147;18;336;17;3;12;2;3.80;5;2;1;88;0;6139202;86;0
147;18;336;17;3;12;99;3.80;1;1;1;69;0;6139299;444;0
147;18;336;17;3;12;99;3.60;2;1;1;74;0;6139299;474;0
147;18;336;17;3;13;99;7.00;5;2;2;75;0;6139399;181;0
147;18;336;17;3;13;99;3.40;2;1;1;76;0;6139399;82;0
147;18;336;17;3;13;99;4.00;3;1;1;75;0;6139399;285;0
147;18;336;17;3;14;78;3.80;2;1;1;74;0;6139478;62;0
147;18;336;17;3;14;95;3.60;4;1;1;82;0;6139495;841;0
147;18;336;17;3;16;10;3.40;3;1;1;78;0;6139610;191;0
147;18;336;17;3;16;11;3.60;2;1;1;70;0;6139611;114;0
147;18;336;17;3;17;99;3.20;3;1;1;80;0;6139799;173;0
147;18;336;17;3;18;14;3.40;6;2;1;71;0;6139814;624;0
147;18;336;17;3;18;99;3.80;1;1;1;73;0;6139899;580;0
147;18;336;17;3;19;6;3.80;2;1;1;79;0;6139906;276;0
147;18;336;17;3;19;99;3.60;6;2;1;69;0;6139999;167;0
147;18;336;17;3;21;1;3.60;5;2;1;81;0;6140101;668;0
147;18;336;17;3;21;22;3.60;5;2;1;81;0;6140122;5;0
147;18;336;17;3;21;36;3.60;6;2;1;76;0;6140136;118;0
147;18;336;17;3;21;36;4.00;3;1;1;77;0;6140136;322;0
147;18;336;17;3;22;99;3.60;5;2;1;81;0;6140299;161;0
147;18;336;17;3;22;99;3.60;2;1;1;78;0;6140299;375;0
147;18;336;17;3;22;99;5.40;4;1;1;92;0;6140299;788;0
147;18;336;17;3;20;26;4.20;7;2;1;11;0;6140026;884;0
147;18;336;17;3;25;1;3.00;6;2;1;76;0;6140501;347;0
147;18;336;17;3;26;12;4.00;4;1;1;80;0;6140612;291;0
147;18;336;17;3;26;99;3.20;3;1;1;75;0;6140699;544;0
147;18;336;17;3;27;10;3.60;2;1;1;85;0;6140710;394;0
147;18;336;17;3;27;6;3.80;6;2;1;76;0;6140706;190;0
147;18;336;17;3;25;25;4.20;7;2;1;18;0;6140525;361;0
147;18;336;17;3;27;99;4.40;7;2;1;85;0;6140799;190;0
147;18;336;17;3;35;99;3.20;1;1;1;69;0;6141599;1681;0
147;18;336;17;3;35;99;3.20;3;1;1;68;0;6141599;884;0
147;18;336;17;3;36;99;4.00;3;1;1;70;0;6141699;83;0
147;18;336;17;3;37;15;4.00;6;2;1;90;0;6141715;991;0
147;18;336;17;3;37;17;4.00;4;1;1;79;0;6141717;1087;0
147;18;336;17;3;37;99;3.60;2;1;1;69;0;6141799;1073;0
147;18;336;17;3;37;99;3.40;3;1;1;72;0;6141799;79;0
147;18;336;17;3;38;6;3.60;4;1;1;78;0;6141806;70;0
147;18;336;17;3;38;99;3.60;1;1;1;69;0;6141899;283;0
147;18;336;17;3;39;0;3.40;3;1;1;74;0;6141900;84;0
147;18;336;17;3;39;19;3.80;5;2;1;87;0;6141919;1604;0
147;18;336;17;3;39;39;4.00;2;1;1;73;0;6141939;121;0
147;18;336;17;3;41;13;4.00;2;1;1;72;0;6142113;154;0
147;18;336;17;3;43;99;3.60;3;1;1;82;0;6142399;482;0
147;18;336;17;3;43;99;3.60;1;1;1;78;0;6142399;481;0
147;18;336;17;3;44;13;4.00;4;1;1;87;0;6142413;590;0
147;18;336;17;3;44;20;3.60;2;1;1;77;0;6142420;287;0
147;18;336;17;3;46;99;3.20;3;1;1;72;0;6142699;284;0
147;18;336;17;3;46;99;3.80;5;2;1;84;0;6142699;764;0
147;18;336;17;3;46;0;3.20;6;2;1;82;0;6142600;869;0
147;18;336;17;3;47;74;3.40;2;1;1;77;0;6142774;337;0
147;18;336;17;3;48;99;3.40;6;2;1;79;0;6142899;284;0
147;18;336;17;3;48;99;3.40;3;1;1;75;0;6142899;184;0
147;18;336;17;3;48;99;3.60;4;1;1;85;0;6142899;469;0
147;18;336;17;3;49;24;3.40;6;2;1;78;0;6142924;9;0
147;18;336;17;3;49;41;3.40;2;1;1;79;0;6142941;151;0
147;18;336;17;3;49;35;3.80;3;1;1;72;0;6142935;19;0
147;18;336;17;3;49;41;5.20;1;1;1;86;0;6142941;525;0
147;18;336;17;3;50;99;4.00;8;2;1;88;0;6143099;5180;0
147;18;336;17;3;50;99;3.40;5;2;1;84;0;6143099;383;0
147;18;336;17;3;50;99;3.40;2;1;1;83;0;6143099;142;0
147;18;336;17;3;51;19;3.60;4;1;1;80;0;6143119;204;0
147;18;336;17;3;51;99;3.60;3;1;1;76;0;6143199;245;0
147;18;336;17;3;52;22;4.20;5;2;1;85;0;6143222;108;0
147;18;336;17;3;52;57;3.40;4;1;1;85;0;6143257;121;0
147;18;336;17;3;53;0;3.60;3;1;1;75;0;6143300;83;0
147;18;336;17;3;53;99;3.40;6;2;1;64;0;6143399;459;0
147;18;336;17;3;54;5;3.60;7;2;1;85;0;6143405;2587;0
147;18;336;17;3;54;27;3.60;7;2;1;84;0;6143427;6;0
147;18;336;17;3;54;21;3.20;6;2;1;64;0;6143421;2;0
147;18;336;17;3;55;1;3.80;3;1;1;80;0;6143501;183;0
147;18;336;17;3;55;99;3.40;1;1;1;78;0;6143599;636;0
147;18;336;17;3;56;5;3.80;5;2;1;85;0;6143605;365;0
147;18;336;17;3;56;99;3.40;6;2;1;63;0;6143699;260;0
147;18;336;17;3;57;61;3.80;6;2;1;64;0;6143761;42;0
147;18;336;17;3;56;5;1.00;7;2;1;1;1;6143605;162;0
147;18;336;17;3;59;99;2.80;3;1;1;72;0;6143999;480;0
147;18;336;17;3;59;99;3.60;5;2;1;80;0;6143999;377;0
147;18;336;17;3;59;21;4.00;6;2;1;69;0;6143921;138;0
147;18;336;17;4;1;5;4.00;1;1;1;87;0;6144105;490;0
147;18;336;17;4;1;99;3.20;3;1;1;74;0;6144199;186;0
147;18;336;17;4;2;66;3.60;6;2;1;74;0;6144266;324;0
147;18;336;17;4;3;93;2.80;2;1;1;61;0;6144393;1279;0
147;18;336;17;4;3;99;4.60;4;1;1;82;0;6144399;1127;0
147;18;336;17;4;4;99;3.20;5;2;1;80;0;6144499;483;0
147;18;336;17;4;5;44;3.80;1;1;1;70;0;6144544;422;0
147;18;336;17;4;5;99;3.20;6;2;1;78;0;6144599;315;0
147;18;336;17;4;5;99;3.20;2;1;1;74;0;6144599;189;0
147;18;336;17;4;6;99;3.00;3;1;1;75;0;6144699;484;0
147;18;336;17;4;6;99;3.40;1;1;1;77;0;6144699;135;0
147;18;336;17;4;7;4;3.80;6;2;1;77;0;6144704;90;0
147;18;336;17;4;8;99;3.60;6;2;1;74;0;6144899;177;0
147;18;336;17;4;8;99;3.40;7;2;1;66;0;6144899;1456;0
147;18;336;17;4;10;58;3.60;7;2;1;72;0;6145058;140;0
147;18;336;17;4;10;62;3.80;2;1;1;70;0;6145062;447;0
147;18;336;17;4;11;0;3.20;6;2;1;72;0;6145100;183;0
147;18;336;17;4;11;99;3.80;1;1;1;74;0;6145199;484;0
147;18;336;17;4;12;5;3.60;7;2;1;66;0;6145205;129;0
147;18;336;17;4;13;76;3.20;3;1;1;76;0;6145376;662;0
147;18;336;17;4;13;82;3.60;2;1;1;77;0;6145382;300;0
147;18;336;17;4;13;99;3.80;6;2;1;81;0;6145399;283;0
147;18;336;17;4;13;99;6.00;5;2;1;77;0;6145399;885;0
147;18;336;17;4;13;99;3.60;1;1;1;72;0;6145399;181;0
147;18;336;17;4;14;99;3.60;6;2;1;67;0;6145499;83;0
147;18;336;17;4;14;99;3.80;5;2;1;77;0;6145499;71;0
147;18;336;17;4;15;29;3.20;1;1;1;71;0;6145529;112;0
147;18;336;17;4;15;69;3.40;4;1;1;80;0;6145569;1149;0
147;18;336;17;4;15;66;3.60;6;2;1;69;0;6145566;47;0
147;18;336;17;4;17;18;3.00;3;1;1;67;0;6145718;326;0
147;18;336;17;4;17;9;4.00;2;1;1;74;0;6145709;310;0
147;18;336;17;4;18;0;4.00;8;2;1;73;0;6145800;2684;0
147;18;336;17;4;18;4;3.40;6;2;1;68;0;6145804;219;0
147;18;336;17;4;18;15;4.00;5;2;1;78;0;6145815;298;0
147;18;336;17;4;20;13;3.20;3;1;1;72;0;6146013;278;0
147;18;336;17;4;20;10;3.60;6;2;1;75;0;6146010;188;0
147;18;336;17;4;20;72;3.60;1;1;1;77;0;6146072;526;0
147;18;336;17;4;20;81;5.20;4;1;1;74;0;6146081;496;0
147;18;336;17;4;21;99;4.40;5;2;1;77;0;6146199;365;0
147;18;336;17;4;21;99;7.80;2;1;6;64;0;6146199;470;0
147;18;336;17;4;22;99;3.60;7;2;1;75;0;6146299;1074;0
147;18;336;17;4;22;99;3.60;3;1;1;70;0;6146299;270;0
147;18;336;17;4;22;99;3.80;4;1;1;76;0;6146299;192;0
147;18;336;17;4;23;81;3.20;2;1;1;69;0;6146381;138;0
147;18;336;17;4;24;10;3.60;4;1;1;74;0;6146410;93;0
147;18;336;17;4;24;99;3.80;2;1;1;78;0;6146499;101;0
147;18;336;17;4;24;99;3.40;6;2;1;74;0;6146499;471;0
147;18;336;17;4;25;17;3.40;1;1;1;70;0;6146517;428;0
147;18;336;17;4;26;7;3.00;3;1;1;75;0;6146607;289;0
147;18;336;17;4;26;99;3.20;7;2;1;77;0;6146699;382;0
147;18;336;17;4;26;99;4.40;2;1;1;76;0;6146699;182;0
147;18;336;17;4;27;99;3.60;2;1;1;82;0;6146799;79;6146199
147;18;336;17;4;28;50;3.60;3;1;1;73;0;6146850;228;0
147;18;336;17;4;30;21;3.60;6;2;1;84;0;6147021;505;0
147;18;336;17;4;30;22;3.20;4;1;1;84;0;6147022;594;0
147;18;336;17;4;30;29;3.60;3;1;1;76;0;6147029;161;0
147;18;336;17;4;31;99;4.00;1;1;1;87;0;6147199;664;0
147;18;336;17;4;32;25;3.20;5;2;1;85;0;6147225;1005;0
147;18;336;17;4;33;24;3.60;3;1;1;71;0;6147324;277;0
147;18;336;17;4;33;51;3.40;2;1;1;67;0;6147351;536;0
147;18;336;17;4;33;95;3.60;7;2;1;79;0;6147395;681;0
147;18;336;17;4;35;5;3.60;1;1;1;80;0;6147505;289;0
147;18;336;17;4;35;5;3.60;2;1;1;71;0;6147505;135;0
147;18;336;17;4;36;61;3.40;7;2;1;85;0;6147661;249;0
147;18;336;17;4;37;99;3.60;2;1;1;79;0;6147799;275;0
147;18;336;17;4;37;99;3.20;1;1;1;70;0;6147799;277;0
147;18;336;17;4;37;99;3.60;4;1;1;83;0;6147799;763;0
147;18;336;17;4;38;13;4.60;6;2;1;83;0;6147813;776;0
147;18;336;17;4;38;69;3.60;4;1;1;80;0;6147869;54;0
147;18;336;17;4;39;16;3.60;5;2;1;86;0;6147916;677;0
147;18;336;17;4;39;14;3.00;2;1;1;72;0;6147914;98;0
147;18;336;17;4;40;16;4.60;3;1;1;76;0;6148016;673;0
147;18;336;17;4;41;8;3.20;7;2;1;75;0;6148108;432;0
147;18;336;17;4;41;99;5.80;2;1;1;74;0;6148199;270;0
147;18;336;17;4;42;99;3.60;6;2;1;78;0;6148299;466;0
147;18;336;17;4;42;99;3.20;5;2;1;86;0;6148299;367;0
147;18;336;17;4;42;99;3.60;2;1;1;74;0;6148299;71;0
147;18;336;17;4;43;74;3.40;5;2;1;85;0;6148374;61;0
147;18;336;17;4;44;99;4.00;1;1;1;80;0;6148499;683;0
147;18;336;17;4;45;99;3.40;2;1;1;67;0;6148599;282;0
147;18;336;17;4;45;3;4.40;6;2;1;72;0;6148503;187;0
147;18;336;17;4;45;17;3.60;3;1;1;73;0;6148517;479;0
147;18;336;17;4;46;83;3.60;5;2;1;83;0;6148683;294;0
147;18;336;17;4;46;99;3.80;6;2;1;75;0;6148699;174;0
147;18;336;17;4;47;14;3.60;4;1;1;83;0;6148714;828;0
147;18;336;17;4;48;14;4.60;4;1;1;85;0;6148814;84;0
147;18;336;17;4;48;15;3.40;2;1;1;71;0;6148815;197;0
147;18;336;17;4;48;64;3.20;4;1;1;86;0;6148864;30;0
147;18;336;17;4;49;99;3.60;3;1;1;76;0;6148999;464;0
147;18;336;17;4;50;99;3.60;8;2;1;68;0;6149099;3279;0
147;18;336;17;4;50;99;3.60;6;2;1;77;0;6149099;381;0
147;18;336;17;4;50;99;3.60;2;1;1;78;0;6149099;266;0
147;18;336;17;4;51;7;3.40;4;1;1;82;0;6149107;229;0
147;18;336;17;4;51;20;3.60;5;2;1;77;0;6149120;421;0
147;18;336;17;4;52;99;3.60;6;2;1;73;0;6149299;183;0
147;18;336;17;4;52;99;3.20;2;1;1;66;0;6149299;183;0
147;18;336;17;4;53;4;3.80;5;2;1;78;0;6149304;167;0
147;18;336;17;4;53;99;3.80;4;1;1;75;0;6149399;277;0
147;18;336;17;4;53;3;3.60;3;1;1;72;0;6149303;286;0
147;18;336;17;4;53;20;3.60;6;2;1;74;0;6149320;3;0
147;18;336;17;4;53;53;3.60;5;2;1;80;0;6149353;31;0
147;18;336;17;4;54;99;3.60;6;2;1;76;0;6149499;161;0
147;18;336;17;4;54;99;3.60;5;2;1;82;0;6149499;129;0
147;18;336;17;4;55;4;3.20;2;1;1;71;0;6149504;187;0
147;18;336;17;4;55;99;3.40;6;2;1;67;0;6149599;82;6149099
147;18;336;17;4;56;11;3.80;2;1;1;69;0;6149611;90;6149099
147;18;336;17;4;56;76;3.60;6;2;1;70;0;6149676;58;6149099
147;18;336;17;4;56;87;3.40;1;1;1;72;0;6149687;1170;0
147;18;336;17;4;57;99;4.20;7;2;1;83;0;6149799;1675;0
147;18;336;17;4;57;99;4.00;5;2;1;88;0;6149799;284;0
147;18;336;17;4;57;99;3.80;8;2;1;78;0;6149799;680;0
147;18;336;17;4;58;99;3.60;6;2;1;84;0;6149899;204;0
147;18;336;17;4;58;99;3.20;4;1;1;81;0;6149899;481;0
147;18;336;17;4;58;31;3.80;3;1;1;70;0;6149831;510;0
147;18;336;17;4;59;99;3.80;6;2;1;78;0;6149999;84;0
147;18;336;17;5;0;1;3.80;5;2;1;87;0;6150001;185;0
147;18;336;17;5;0;99;4.00;3;1;1;89;0;6150099;248;0
147;18;336;17;5;0;99;3.60;6;2;1;75;0;6150099;82;0
147;18;336;17;5;0;99;7.00;7;2;6;83;0;6150099;281;0
147;18;336;17;5;1;23;3.40;2;1;1;76;0;6150123;492;0
147;18;336;17;5;1;13;3.20;5;2;1;78;0;6150113;96;0
147;18;336;17;5;1;49;4.80;1;1;1;86;0;6150149;445;0
147;18;336;17;5;2;99;4.20;7;2;1;79;0;6150299;169;0
147;18;336;17;5;2;99;4.80;3;1;1;76;0;6150299;183;0
147;18;336;17;5;2;99;3.80;6;2;1;77;0;6150299;182;0
147;18;336;17;5;3;5;3.40;2;1;1;74;0;6150305;165;0
147;18;336;17;5;3;99;3.40;7;2;1;78;0;6150399;80;0
147;18;336;17;5;4;15;3.60;2;1;1;76;0;6150415;93;0
147;18;336;17;5;7;99;4.20;5;2;1;76;0;6150799;671;0
147;18;336;17;5;7;99;3.20;2;1;1;74;0;6150799;366;0
147;18;336;17;5;8;10;3.60;5;2;1;81;0;6150810;-1;0
147;18;336;17;5;9;59;3.40;2;1;1;82;0;6150959;144;0
147;18;336;17;5;9;99;3.40;6;2;1;69;0;6150999;682;0
147;18;336;17;5;11;5;3.60;7;2;1;76;0;6151105;690;0
147;18;336;17;5;11;12;3.80;5;2;1;82;0;6151112;286;0
147;18;336;17;5;11;15;3.40;6;2;1;66;0;6151115;98;0
147;18;336;17;5;13;3;4.00;7;2;1;84;0;6151303;180;0
147;18;336;17;5;13;4;3.80;6;2;1;70;0;6151304;170;0
147;18;336;17;5;14;53;3.60;6;2;1;70;0;6151453;129;0
147;18;336;17;5;14;84;3.40;7;2;1;82;0;6151484;163;0
147;18;336;17;5;15;99;4.60;7;2;1;85;0;6151599;100;0
147;18;336;17;5;16;26;3.60;4;1;1;94;0;6151626;1712;0
147;18;336;17;5;16;99;3.20;6;2;1;73;0;6151699;227;0
147;18;336;17;5;17;72;6.40;1;1;1;74;0;6151772;1602;0
147;18;336;17;5;18;9;3.60;2;1;1;73;0;6151809;835;0
147;18;336;17;5;18;25;3.80;3;1;1;85;0;6151825;1503;0
147;18;336;17;5;18;99;5.80;8;2;1;73;0;6151899;2082;0
147;18;336;17;5;19;13;3.60;6;2;1;80;0;6151913;198;0
147;18;336;17;5;19;35;3.80;7;2;1;81;0;6151935;316;0
147;18;336;17;5;19;91;3.80;2;1;1;76;0;6151991;164;0
147;18;336;17;5;20;99;4.00;8;2;1;79;0;6152099;171;0
147;18;336;17;5;21;23;4.60;3;1;1;75;0;6152123;281;0
147;18;336;17;5;22;99;3.00;2;1;1;71;0;6152299;290;0
147;18;336;17;5;22;99;3.40;6;2;1;79;0;6152299;369;0
147;18;336;17;5;24;42;3.60;3;1;1;77;0;6152442;296;0
147;18;336;17;5;25;13;3.60;6;2;1;82;0;6152513;198;0
147;18;336;17;5;25;99;3.20;2;1;1;70;0;6152599;284;0
147;18;336;17;5;26;12;3.60;6;2;1;80;0;6152612;83;0
147;18;336;17;5;27;70;4.00;7;2;1;82;0;6152770;818;0
147;18;336;17;5;28;20;3.40;6;2;1;77;0;6152820;191;0
147;18;336;17;5;28;22;3.60;5;2;1;80;0;6152822;1693;0
147;18;336;17;5;28;99;3.40;3;1;1;81;0;6152899;440;0
147;18;336;17;5;28;99;4.60;7;2;1;82;0;6152899;111;0
147;18;336;17;5;29;36;3.60;6;2;1;79;0;6152936;100;6152299
147;18;336;17;5;31;27;3.80;3;1;1;90;0;6153127;212;0
147;18;336;17;5;32;99;3.40;5;2;1;81;0;6153299;460;0
147;18;336;17;5;32;99;3.80;3;1;1;80;0;6153299;156;0
147;18;336;17;5;32;99;3.60;2;1;1;72;0;6153299;683;0
147;18;336;17;5;33;99;3.40;2;1;1;73;0;6153399;82;0
147;18;336;17;5;35;91;3.80;3;1;1;84;0;6153591;274;0
147;18;336;17;5;35;99;3.20;7;2;1;89;0;6153599;679;0
147;18;336;17;5;36;18;3.80;5;2;1;82;0;6153618;303;0
147;18;336;17;5;36;99;5.00;7;2;1;83;0;6153699;87;0
147;18;336;17;5;37;47;3.60;2;1;1;74;0;6153747;331;0
147;18;336;17;5;38;99;3.80;4;1;1;84;0;6153899;2259;0
147;18;336;17;5;38;99;3.20;2;1;1;74;0;6153899;134;0
147;18;336;17;5;39;13;3.40;6;2;1;74;0;6153913;960;0
147;18;336;17;5;40;84;3.20;2;1;1;76;0;6154084;169;0
147;18;336;17;5;40;99;4.20;4;1;1;82;0;6154099;183;0
147;18;336;17;5;41;99;3.20;6;2;1;81;0;6154199;269;0
147;18;336;17;5;43;21;3.60;4;1;1;88;0;6154321;203;0
147;18;336;17;5;46;99;4.00;5;2;1;85;0;6154699;1064;0
147;18;336;17;5;46;99;4.00;7;2;1;88;0;6154699;978;0
147;18;336;17;5;48;99;3.80;6;2;1;76;0;6154899;685;0
147;18;336;17;5;49;11;3.20;2;1;1;83;0;6154911;811;0
147;18;336;17;5;49;99;3.80;5;2;1;80;0;6154999;283;0
147;18;336;17;5;49;99;4.40;3;1;1;76;0;6154999;1391;0
147;18;336;17;5;50;14;4.40;6;2;1;78;0;6155014;97;0
147;18;336;17;5;51;99;3.80;8;2;1;78;0;6155199;3081;0
147;18;336;17;5;51;99;4.00;4;1;1;78;0;6155199;863;0
147;18;336;17;5;51;99;3.40;3;1;1;75;0;6155199;179;0
147;18;336;17;5;52;62;3.40;8;2;1;80;0;6155262;45;0
147;18;336;17;5;52;64;4.00;5;2;1;86;0;6155264;247;0
147;18;336;17;5;53;99;3.80;4;1;1;81;0;6155399;181;0
147;18;336;17;5;53;99;3.80;6;2;1;85;0;6155399;364;0
147;18;336;17;5;54;99;4.00;5;2;1;90;0;6155499;218;0
147;18;336;17;5;54;99;3.80;4;1;1;79;0;6155499;83;0
147;18;336;17;5;55;66;3.40;2;1;1;73;0;6155566;641;0
147;18;336;17;5;56;23;3.40;5;2;1;97;0;6155623;108;0
147;18;336;17;5;56;99;3.40;6;2;1;81;0;6155699;283;0
147;18;336;17;5;57;3;3.80;2;1;1;73;0;6155703;120;0
147;18;336;17;5;58;99;4.00;3;1;1;77;0;6155899;683;0
147;18;336;17;5;58;99;3.60;2;1;1;77;0;6155899;177;0
147;18;336;17;5;58;99;4.00;1;1;1;100;0;6155899;4095;0
147;18;336;17;6;0;7;3.40;2;1;1;74;0;6156007;91;0
147;18;336;17;6;2;26;3.20;2;1;1;79;0;6156226;202;0
147;18;336;17;6;4;99;3.80;6;2;1;78;0;6156499;784;0
147;18;336;17;6;4;99;3.40;3;1;1;75;0;6156499;581;0
147;18;336;17;6;4;99;3.60;5;2;1;79;0;6156499;863;0
147;18;336;17;6;6;99;3.40;6;2;1;76;0;6156699;182;0
147;18;336;17;6;6;99;3.00;7;2;1;68;0;6156699;1983;0
147;18;336;17;6;7;17;3.80;4;1;1;78;0;6156717;1200;0
147;18;336;17;6;7;1;3.40;2;1;1;78;0;6156701;460;0
147;18;336;17;6;9;27;3.60;4;1;1;82;0;6156927;192;0
147;18;336;17;6;10;51;3.20;3;1;1;77;0;6157051;535;0
147;18;336;17;6;11;99;3.40;6;2;1;77;0;6157199;483;0
147;18;336;17;6;10;90;23.40;4;1;5;83;0;6157090;147;0
147;18;336;17;6;12;18;3.40;2;1;1;75;0;6157218;501;0
147;18;336;17;6;13;59;3.80;2;1;1;74;0;6157359;124;0
147;18;336;17;6;14;99;3.60;2;1;1;74;0;6157499;121;0
147;18;336;17;6;15;22;3.60;6;2;1;79;0;6157522;307;0
147;18;336;17;6;16;99;3.60;3;1;1;81;0;6157699;633;0
147;18;336;17;6;17;0;3.20;4;1;1;75;0;6157700;508;0
147;18;336;17;6;17;99;3.60;6;2;1;82;0;6157799;260;0
147;18;336;17;6;19;99;3.40;5;2;1;82;0;6157999;1483;0
147;18;336;17;6;19;99;3.80;3;1;1;73;0;6157999;284;0
147;18;336;17;6;22;16;4.00;7;2;1;80;0;6158216;1501;0
147;18;336;17;6;22;99;3.60;3;1;1;73;0;6158299;281;0
147;18;336;17;6;24;99;3.60;5;2;1;80;0;6158499;485;0
147;18;336;17;6;24;99;3.40;6;2;1;67;0;6158499;684;0
147;18;336;17;6;25;8;4.00;7;2;1;77;0;6158508;274;0
147;18;336;17;6;25;99;3.00;3;1;1;70;0;6158599;282;0
147;18;336;17;6;25;27;3.20;2;1;1;76;0;6158527;1010;0
147;18;336;17;6;26;73;4.80;4;1;1;82;0;6158673;957;0
147;18;336;17;6;26;85;3.00;6;2;1;66;0;6158685;167;0
147;18;336;17;6;27;99;3.40;3;1;1;71;0;6158799;184;0
147;18;336;17;6;27;99;3.60;4;1;1;79;0;6158799;104;0
147;18;336;17;6;28;37;4.00;6;2;1;70;0;6158837;135;0
147;18;336;17;6;29;13;3.80;3;1;1;73;0;6158913;96;0
147;18;336;17;6;29;99;3.60;6;2;1;74;0;6158999;141;0
147;18;336;17;6;29;99;3.80;3;1;1;74;0;6158999;67;0
147;18;336;17;6;30;99;3.20;2;1;1;76;0;6159099;556;0
147;18;336;17;6;30;23;3.00;4;1;1;74;0;6159023;207;0
147;18;336;17;6;31;90;3.40;3;1;1;73;0;6159190;172;6158599
147;18;336;17;6;33;18;3.40;2;1;1;75;0;6159318;203;0
147;18;336;17;6;34;74;12.60;3;1;3;81;0;6159474;267;0
147;18;336;17;6;34;99;3.00;7;2;1;77;0;6159499;972;0
147;18;336;17;6;35;99;3.40;6;2;1;70;0;6159599;582;0
147;18;336;17;6;35;99;3.80;5;2;1;80;0;6159599;1083;0
147;18;336;17;6;36;13;3.80;7;2;1;75;0;6159613;99;0
147;18;336;17;6;36;74;3.80;3;1;1;74;0;6159674;144;0
147;18;336;17;6;36;83;3.20;6;2;1;73;0;6159683;66;0
147;18;336;17;6;37;99;4.00;2;1;1;91;0;6159799;464;0
147;18;336;17;6;38;8;3.80;4;1;1;84;0;6159808;770;0
147;18;336;17;6;38;30;3.60;7;2;1;77;0;6159830;198;0
147;18;336;17;6;39;66;15.60;3;1;4;72;0;6159966;273;0
147;18;336;17;6;39;99;3.80;4;1;1;83;0;6159999;174;0
147;18;336;17;6;40;99;3.20;6;2;1;79;0;6160099;400;0
147;18;336;17;6;40;99;3.20;2;1;1;74;0;6160099;284;0
147;18;336;17;6;41;17;3.40;2;1;1;75;0;6160117;2;0
147;18;336;17;6;41;37;3.40;6;2;1;69;0;6160137;23;0
147;18;336;17;6;41;70;4.20;7;2;1;83;0;6160170;323;0
147;18;336;17;6;42;99;3.40;2;1;1;75;0;6160299;165;0
147;18;336;17;6;42;99;3.00;1;1;1;76;0;6160299;4385;0
147;18;336;17;6;43;99;3.60;2;1;1;72;0;6160399;83;0
147;18;336;17;6;43;5;3.00;6;2;1;69;0;6160305;150;0
147;18;336;17;6;44;99;3.20;3;1;1;77;0;6160499;455;0
147;18;336;17;6;44;99;3.20;6;2;1;69;0;6160499;178;0
147;18;336;17;6;45;99;3.20;6;2;1;68;0;6160599;83;6160099
147;18;336;17;6;46;15;3.60;7;2;1;78;0;6160615;426;0
147;18;336;17;6;46;52;4.00;2;1;1;76;0;6160652;235;0
147;18;336;17;6;46;81;3.40;4;1;1;80;0;6160681;665;0
147;18;336;17;6;47;99;3.40;6;2;1;81;0;6160799;183;6160099
147;18;336;17;6;48;99;3.80;6;2;1;69;0;6160899;84;6160099
147;18;336;17;6;48;99;4.00;5;2;1;80;0;6160899;1282;0
147;18;336;17;6;48;32;3.60;3;1;1;73;0;6160832;318;0
147;18;336;17;6;49;99;3.20;6;2;1;73;0;6160999;80;6160099
147;18;336;17;6;50;99;3.40;8;2;1;75;0;6161099;5821;0
147;18;336;17;6;53;99;3.60;3;1;1;74;0;6161399;549;0
147;18;336;17;6;53;99;3.60;7;2;1;79;0;6161399;767;0
147;18;336;17;6;54;73;3.60;5;2;1;79;0;6161473;556;0
147;18;336;17;6;54;74;4.00;8;2;1;79;0;6161474;358;0
147;18;336;17;6;54;81;5.40;3;1;1;75;0;6161481;64;0
147;18;336;17;6;54;99;3.20;6;2;1;71;0;6161499;484;0
147;18;336;17;6;55;99;3.80;5;2;1;79;0;6161599;109;0
147;18;336;17;6;55;99;3.60;4;1;1;81;0;6161599;902;0
147;18;336;17;6;55;99;3.80;7;2;1;80;0;6161599;183;0
147;18;336;17;6;55;99;3.80;2;1;1;74;0;6161599;928;0
147;18;336;17;6;56;12;5.80;5;2;1;79;0;6161612;-1;0
147;18;336;17;6;57;99;3.80;4;1;1;78;0;6161799;184;0
147;18;336;17;6;59;99;3.40;7;2;1;80;0;6161999;382;0
147;18;336;17;6;59;99;4.00;6;2;1;75;0;6161999;483;0
147;18;336;17;7;0;99;3.20;4;1;1;80;0;6162099;282;0
147;18;336;17;7;0;99;3.80;7;2;1;73;0;6162099;84;0
147;18;336;17;7;0;99;3.40;2;1;1;70;0;6162099;481;0
147;18;336;17;7;0;99;4.00;3;1;1;62;0;6162099;592;0
147;18;336;17;7;1;49;3.80;6;2;1;76;0;6162149;130;0
147;18;336;17;7;3;19;3.80;4;1;1;77;0;6162319;205;0
147;18;336;17;7;3;99;3.80;3;1;1;64;0;6162399;276;0
147;18;336;17;7;3;99;4.20;6;2;1;73;0;6162399;232;0
147;18;336;17;7;3;99;3.80;2;1;1;79;0;6162399;282;0
147;18;336;17;7;4;1;4.00;5;2;1;77;0;6162401;762;0
147;18;336;17;7;4;50;4.00;4;1;1;79;0;6162450;113;0
147;18;336;17;7;5;99;3.40;5;2;1;76;0;6162599;179;0
147;18;336;17;7;5;99;5.00;6;2;1;70;0;6162599;179;0
147;18;336;17;7;5;99;11.80;8;2;3;76;0;6162599;1106;0
147;18;336;17;7;6;99;3.40;4;1;1;78;0;6162699;230;0
147;18;336;17;7;6;27;3.80;2;1;1;72;0;6162627;210;0
147;18;336;17;7;7;12;3.60;5;2;1;80;0;6162712;96;0
147;18;336;17;7;7;14;3.80;8;2;1;77;0;6162714;59;0
147;18;336;17;7;7;88;3.60;3;1;1;70;0;6162788;367;0
147;18;336;17;7;8;99;3.40;6;2;1;74;0;6162899;274;0
147;18;336;17;7;8;99;3.60;4;1;1;79;0;6162899;184;0
147;18;336;17;7;8;99;3.60;3;1;1;70;0;6162899;92;0
147;18;336;17;7;8;99;3.60;7;2;1;78;0;6162899;781;0
147;18;336;17;7;9;18;3.20;2;1;1;73;0;6162918;272;0
147;18;336;17;7;10;21;3.20;4;1;1;79;0;6163021;105;0
147;18;336;17;7;10;99;3.60;5;2;1;80;0;6163099;370;0
147;18;336;17;7;10;99;3.80;2;1;1;71;0;6163099;165;0
147;18;336;17;7;11;13;4.00;7;2;1;77;0;6163113;197;0
147;18;336;17;7;11;99;3.40;6;2;1;72;0;6163199;283;0
147;18;336;17;7;11;99;3.80;1;1;1;79;0;6163199;2885;0
147;18;336;17;7;11;32;3.60;2;1;1;68;0;6163132;13;0
147;18;336;17;7;12;58;3.80;3;1;1;70;0;6163258;340;0
147;18;336;17;7;13;99;3.60;2;1;1;68;0;6163399;247;0
147;18;336;17;7;14;4;3.00;8;2;1;72;0;6163404;672;0
147;18;336;17;7;14;3;4.00;3;1;1;67;0;6163403;125;0
147;18;336;17;7;14;39;3.60;5;2;1;82;0;6163439;323;0
147;18;336;17;7;14;70;3.20;7;2;1;76;0;6163470;338;0
147;18;336;17;7;15;99;3.20;2;1;1;71;0;6163599;180;0
147;18;336;17;7;16;5;3.80;3;1;1;69;0;6163605;180;0
147;18;336;17;7;17;54;3.20;7;2;1;75;0;6163754;268;0
147;18;336;17;7;17;66;3.20;2;1;1;72;0;6163766;150;0
147;18;336;17;7;17;86;3.80;4;1;1;82;0;6163786;750;0
147;18;336;17;7;17;83;3.80;6;2;1;80;0;6163783;567;0
147;18;336;17;7;18;99;3.40;3;1;1;73;0;6163899;274;0
147;18;336;17;7;19;7;4.20;3;1;1;68;0;6163907;-1;0
147;18;336;17;7;19;99;3.80;5;2;1;79;0;6163999;544;0
147;18;336;17;7;19;45;3.40;6;2;1;80;0;6163945;144;0
147;18;336;17;7;20;4;4.00;4;1;1;79;0;6164004;201;0
147;18;336;17;7;20;99;3.60;5;2;1;77;0;6164099;82;0
147;18;336;17;7;22;7;3.20;6;2;1;73;0;6164207;246;0
147;18;336;17;7;22;65;3.00;3;1;1;76;0;6164265;335;0
147;18;336;17;7;23;99;3.60;6;2;1;71;0;6164399;176;0
147;18;336;17;7;24;99;4.40;6;2;1;71;0;6164499;81;0
147;18;336;17;7;24;18;3.60;4;1;1;79;0;6164418;395;0
147;18;336;17;7;24;36;3.40;2;1;1;78;0;6164436;654;0
147;18;336;17;7;25;20;3.80;3;1;1;83;0;6164520;240;0
147;18;336;17;7;25;84;2.80;1;1;1;71;0;6164584;1367;0
147;18;336;17;7;26;99;3.40;6;2;1;73;0;6164699;177;0
147;18;336;17;7;26;99;3.00;7;2;1;76;0;6164699;929;0
147;18;336;17;7;27;63;3.60;5;2;1;82;0;6164763;647;0
147;18;336;17;7;27;84;3.60;7;2;1;74;0;6164784;70;0
147;18;336;17;7;28;99;3.60;1;1;1;80;0;6164899;300;0
147;18;336;17;7;29;9;3.00;3;1;1;75;0;6164909;372;0
147;18;336;17;7;29;99;3.60;6;2;1;74;0;6164999;283;0
147;18;336;17;7;30;0;3.20;4;1;1;81;0;6165000;565;0
147;18;336;17;7;30;99;3.80;3;1;1;78;0;6165099;175;0
147;18;336;17;7;30;99;4.00;6;2;1;74;0;6165099;82;0
147;18;336;17;7;32;40;4.00;3;1;1;78;0;6165240;123;0
147;18;336;17;7;33;5;3.40;6;2;1;76;0;6165305;186;0
147;18;336;17;7;33;99;3.60;5;2;1;78;0;6165399;620;0
147;18;336;17;7;34;8;4.20;6;2;1;81;0;6165408;86;0
147;18;336;17;7;35;78;3.80;5;2;1;84;0;6165578;162;0
147;18;336;17;7;36;99;3.80;6;2;1;77;0;6165699;272;0
147;18;336;17;7;36;99;3.60;4;1;1;80;0;6165699;684;0
147;18;336;17;7;37;43;3.60;6;2;1;79;0;6165743;26;0
147;18;336;17;7;38;99;3.60;3;1;1;75;0;6165899;640;0
147;18;336;17;7;39;1;3.40;6;2;1;83;0;6165901;141;0
147;18;336;17;7;39;99;3.40;2;1;1;71;0;6165999;1547;0
147;18;336;17;7;39;99;4.00;5;2;1;80;0;6165999;404;0
147;18;336;17;7;40;21;3.80;4;1;1;79;0;6166021;305;0
147;18;336;17;7;40;26;3.40;7;2;1;78;0;6166026;1224;0
147;18;336;17;7;40;68;3.60;5;2;1;80;0;6166068;51;0
147;18;336;17;7;41;99;3.40;2;1;1;71;0;6166199;182;0
147;18;336;17;7;41;99;3.20;6;2;1;74;0;6166199;283;0
147;18;336;17;7;42;12;3.60;1;1;1;70;0;6166212;1296;0
147;18;336;17;7;42;33;3.00;5;2;1;82;0;6166233;148;0
147;18;336;17;7;42;51;2.80;6;2;1;73;0;6166251;36;0
147;18;336;17;7;44;99;3.40;6;2;1;79;0;6166499;234;0
147;18;336;17;7;45;85;3.00;2;1;1;74;0;6166585;368;0
147;18;336;17;7;46;99;4.00;1;1;1;66;0;6166699;468;0
147;18;336;17;7;47;13;3.00;2;1;1;67;0;6166713;113;0
147;18;336;17;7;47;99;3.20;6;2;1;83;0;6166799;284;0
147;18;336;17;7;48;11;3.80;2;1;1;68;0;6166811;81;0
147;18;336;17;7;49;15;3.60;5;2;1;82;0;6166915;668;0
147;18;336;17;7;49;99;3.20;7;2;1;80;0;6166999;957;0
147;18;336;17;7;49;99;3.60;3;1;1;75;0;6166999;1082;0
147;18;336;17;7;49;99;5.60;2;1;1;71;0;6166999;167;0
147;18;336;17;7;50;53;4.00;5;2;1;81;0;6167053;122;0
147;18;336;17;7;50;80;3.80;3;1;1;80;0;6167080;63;0
147;18;336;17;7;51;13;3.00;7;2;1;78;0;6167113;99;0
147;18;336;17;7;52;3;3.00;6;2;1;81;0;6167203;390;0
147;18;336;17;7;54;16;3.80;8;2;1;80;0;6167416;3997;0
147;18;336;17;7;54;99;3.60;5;2;1;82;0;6167499;428;0
147;18;336;17;7;54;99;5.80;3;1;1;100;0;6167499;401;0
147;18;336;17;7;54;99;3.40;2;1;1;84;0;6167499;471;0
147;18;336;17;7;55;4;3.40;5;2;1;80;0;6167504;-1;0
147;18;336;17;7;55;44;3.20;6;2;1;78;0;6167544;327;0
147;18;336;17;7;55;37;4.00;8;2;1;75;0;6167537;103;0
147;18;336;17;7;55;80;3.20;5;2;1;79;0;6167580;60;0
147;18;336;17;7;56;1;3.80;7;2;1;84;0;6167601;474;0
147;18;336;17;7;56;75;11.00;1;1;3;76;0;6167675;954;0
147;18;336;17;7;57;1;3.40;7;2;1;74;0;6167701;83;0
147;18;336;17;7;58;99;3.80;2;1;1;79;0;6167899;385;0
147;18;336;17;7;59;99;3.40;5;2;1;80;0;6167999;404;0
147;18;336;17;7;59;99;3.60;7;2;1;72;0;6167999;281;0
147;18;336;17;8;0;11;3.60;5;2;1;81;0;6168011;-1;0
147;18;336;17;8;0;16;3.20;3;1;1;78;0;6168016;496;0
147;18;336;17;8;0;60;3.20;7;2;1;71;0;6168060;43;0
147;18;336;17;8;1;15;3.80;6;2;1;80;0;6168115;556;0
147;18;336;17;8;1;99;3.60;5;2;1;80;0;6168199;172;0
147;18;336;17;8;1;99;3.40;7;2;1;70;0;6168199;122;0
147;18;336;17;8;2;99;3.60;2;1;1;83;0;6168299;382;0
147;18;336;17;8;2;99;3.20;7;2;1;72;0;6168299;82;0
147;18;336;17;8;3;88;3.80;7;2;1;70;0;6168388;73;6167999
147;18;336;17;8;5;99;3.80;6;2;1;71;0;6168599;466;0
147;18;336;17;8;8;10;4.00;5;2;1;81;0;6168810;594;0
147;18;336;17;8;8;77;3.60;3;1;1;80;0;6168877;846;0
147;18;336;17;8;8;95;3.80;6;2;1;78;0;6168895;276;0
147;18;336;17;8;7;89;5.60;7;2;1;28;0;6168789;381;0
147;18;336;17;8;10;99;3.60;7;2;1;73;0;6169099;238;0
147;18;336;17;8;10;30;3.40;5;2;1;81;0;6169030;202;0
147;18;336;17;8;10;36;3.00;6;2;1;76;0;6169036;123;0
147;18;336;17;8;11;85;4.40;7;2;1;61;0;6169185;68;0
147;18;336;17;8;11;99;3.80;3;1;1;77;0;6169199;305;0
147;18;336;17;8;11;99;3.60;1;1;1;74;0;6169199;1471;0
147;18;336;17;8;12;99;3.20;6;2;1;73;0;6169299;248;0
147;18;336;17;8;13;44;3.40;3;1;1;73;0;6169344;127;0
147;18;336;17;8;13;76;3.60;4;1;1;84;0;6169376;3337;0
147;18;336;17;8;14;99;3.00;6;2;1;75;0;6169499;184;0
147;18;336;17;8;15;21;3.60;5;2;1;86;0;6169521;475;0
147;18;336;17;8;15;13;5.80;6;2;1;78;0;6169513;-1;0
147;18;336;17;8;16;99;3.60;2;1;1;76;0;6169699;1384;0
147;18;336;17;8;16;85;6.00;7;2;1;68;0;6169685;474;0
147;18;336;17;8;17;99;3.80;3;1;1;77;0;6169799;438;0
147;18;336;17;8;17;99;3.40;7;2;1;79;0;6169799;82;0
147;18;336;17;8;18;23;3.60;2;1;1;78;0;6169823;106;0
147;18;336;17;8;18;67;3.60;7;2;1;78;0;6169867;52;0
147;18;336;17;8;20;19;3.80;2;1;1;77;0;6170019;179;0
147;18;336;17;8;21;71;3.60;3;1;1;81;0;6170171;354;0
147;18;336;17;8;21;99;3.40;6;2;1;79;0;6170199;659;0
147;18;336;17;8;22;11;4.20;3;1;1;81;0;6170211;24;0
147;18;336;17;8;22;99;3.80;4;1;1;80;0;6170299;907;0
147;18;336;17;8;23;16;3.80;6;2;1;81;0;6170316;101;0
147;18;336;17;8;24;97;3.80;2;1;1;75;0;6170497;460;0
147;18;336;17;8;24;99;4.00;8;2;1;75;0;6170499;2942;0
147;18;336;17;8;24;99;3.60;6;2;1;81;0;6170499;166;0
147;18;336;17;8;25;99;3.40;3;1;1;78;0;6170599;369;0
147;18;336;17;8;26;39;11.60;2;1;2;72;0;6170639;123;0
147;18;336;17;8;26;95;3.80;5;2;1;77;0;6170695;1158;0
147;18;336;17;8;27;7;4.00;6;2;1;77;0;6170707;192;0
147;18;336;17;8;28;99;3.40;2;1;1;78;0;6170899;202;0
147;18;336;17;8;28;1;3.20;3;1;1;79;0;6170801;186;0
147;18;336;17;8;29;2;3.20;6;2;1;76;0;6170902;176;6170199
147;18;336;17;8;29;99;3.80;3;1;1;74;0;6170999;183;6170199
147;18;336;17;8;31;19;4.80;5;2;1;81;0;6171119;406;0
147;18;336;17;8;31;25;3.80;6;2;1;76;0;6171125;207;0
147;18;336;17;8;31;31;3.00;3;1;1;73;0;6171131;113;0
147;18;336;17;8;31;39;4.00;2;1;1;87;0;6171139;224;0
147;18;336;17;8;32;99;3.60;6;2;1;79;0;6171299;156;0
147;18;336;17;8;32;99;3.20;2;1;1;95;0;6171299;143;0
147;18;336;17;8;33;99;3.60;2;1;1;81;0;6171399;87;0
147;18;336;17;8;33;30;3.20;6;2;1;74;0;6171330;14;0
147;18;336;17;8;34;70;4.00;5;2;1;81;0;6171470;329;0
147;18;336;17;8;34;99;5.20;3;1;1;76;0;6171499;353;0
147;18;336;17;8;35;21;4.00;5;2;1;84;0;6171521;33;0
147;18;336;17;8;35;99;3.00;2;1;1;84;0;6171599;184;0
147;18;336;17;8;35;99;4.00;6;2;1;96;0;6171599;253;0
147;18;336;17;8;36;41;3.20;1;1;1;77;0;6171641;2424;0
147;18;336;17;8;36;12;8.20;7;2;1;61;0;6171612;1728;0
147;18;336;17;8;37;99;3.60;6;2;1;86;0;6171799;185;0
147;18;336;17;8;37;99;4.40;2;1;1;77;0;6171799;187;6171139
147;18;336;17;8;37;99;3.80;3;1;1;84;0;6171799;275;0
147;18;336;17;8;38;9;3.60;6;2;1;75;0;6171809;-1;0
147;18;336;17;8;38;99;3.40;2;1;1;76;0;6171899;79;6171139
147;18;336;17;8;38;27;4.00;7;2;1;79;0;6171827;166;6171139
147;18;336;17;8;39;81;3.20;6;2;1;80;0;6171981;154;6171139
147;18;336;17;8;39;99;5.60;2;1;1;67;0;6171999;83;6171139
147;18;336;17;8;40;5;3.60;3;1;1;78;0;6172005;189;6171139
147;18;336;17;8;41;0;3.60;3;1;1;78;0;6172100;78;6171139
147;18;336;17;8;41;17;3.80;1;1;1;78;0;6172117;461;0
147;18;336;17;8;41;32;3.60;6;2;1;76;0;6172132;136;6171599
147;18;336;17;8;41;35;4.00;7;2;1;80;0;6172135;289;0
147;18;336;17;8;42;99;4.40;7;2;1;75;0;6172299;146;0
147;18;336;17;8;43;99;3.80;1;1;1;78;0;6172399;264;0
147;18;336;17;8;45;99;3.60;4;1;1;87;0;6172599;2282;0
147;18;336;17;8;45;99;3.40;2;1;1;76;0;6172599;569;0
147;18;336;17;8;48;99;5.40;7;2;1;84;0;6172899;578;0
147;18;336;17;8;48;99;3.60;6;2;1;73;0;6172899;749;0
147;18;336;17;8;49;4;3.20;7;2;1;80;0;6172904;-1;0
147;18;336;17;8;50;99;3.40;6;2;1;78;0;6173099;182;0
147;18;336;17;8;52;6;3.40;2;1;1;76;0;6173206;590;0
147;18;336;17;8;52;99;4.60;7;2;1;86;0;6173299;380;0
147;18;336;17;8;53;99;3.80;6;2;1;72;0;6173399;284;0
147;18;336;17;8;54;65;3.60;5;2;1;80;0;6173465;1926;0
147;18;336;17;8;55;99;3.40;2;1;1;75;0;6173599;376;0
147;18;336;17;8;55;99;3.20;6;2;1;70;0;6173599;181;0
147;18;336;17;8;55;99;4.00;5;2;1;80;0;6173599;117;0
147;18;336;17;8;58;2;3.60;6;2;1;73;0;6173802;186;0
147;18;336;17;8;58;99;3.20;1;1;1;70;0;6173899;1482;0
147;18;336;17;8;58;99;3.80;3;1;1;80;0;6173899;1782;0
147;18;336;17;8;59;26;3.40;6;2;1;75;0;6173926;106;0
147;18;336;17;8;59;50;3.80;2;1;1;79;0;6173950;334;0
147;18;336;17;8;59;72;3.60;4;1;1;73;0;6173972;1358;0
147;18;336;17;9;2;63;3.80;2;1;1;79;0;6174263;295;0
147;18;336;17;9;3;99;4.40;7;2;1;88;0;6174399;1080;0
147;18;336;17;9;4;99;3.40;3;1;1;75;0;6174499;582;0
147;18;336;17;9;4;14;3.60;5;2;1;83;0;6174414;797;0
147;18;336;17;9;4;52;3.00;6;2;1;83;0;6174452;509;0
147;18;336;17;9;5;95;4.20;4;1;1;80;0;6174595;605;0
147;18;336;17;9;5;99;3.60;2;1;1;84;0;6174599;318;0
147;18;336;17;9;6;99;4.60;8;2;1;85;0;6174699;4180;0
147;18;336;17;9;7;52;3.80;6;2;1;73;0;6174752;286;0
147;18;336;17;9;8;99;3.60;5;2;1;79;0;6174899;469;0
147;18;336;17;9;5;18;4.20;7;2;1;11;0;6174518;101;0
147;18;336;17;9;8;99;3.60;1;1;1;74;0;6174899;983;0
147;18;336;17;9;10;99;3.80;4;1;1;78;0;6175099;485;0
147;18;336;17;9;10;99;3.60;6;2;1;77;0;6175099;328;0
147;18;336;17;9;11;99;3.00;6;2;1;81;0;6175199;83;0
147;18;336;17;9;12;68;3.40;8;2;1;82;0;6175268;549;0
147;18;336;17;9;13;99;3.60;7;2;1;76;0;6175399;743;0
147;18;336;17;9;13;99;3.60;6;2;1;78;0;6175399;186;0
147;18;336;17;9;14;8;3.00;3;1;1;80;0;6175408;892;0
147;18;336;17;9;15;18;3.40;5;2;1;79;0;6175518;602;0
147;18;336;17;9;15;85;3.40;4;1;1;83;0;6175585;468;0
147;18;336;17;9;15;99;3.80;5;2;1;77;0;6175599;65;0
147;18;336;17;9;16;99;4.00;4;1;1;82;0;6175699;99;0
147;18;336;17;9;16;99;3.40;7;2;1;79;0;6175699;282;0
147;18;336;17;9;16;99;3.40;3;1;1;76;0;6175699;277;0
147;18;336;17;9;16;99;4.00;6;2;1;75;0;6175699;283;0
147;18;336;17;9;17;63;3.60;4;1;1;77;0;6175763;46;0
147;18;336;17;9;17;83;3.80;1;1;1;81;0;6175783;866;0
147;18;336;17;9;18;99;3.60;6;2;1;74;0;6175899;180;0
147;18;336;17;9;19;99;5.40;7;2;1;83;0;6175999;284;0
147;18;336;17;9;20;99;3.80;6;2;1;80;0;6176099;182;0
147;18;336;17;9;21;99;4.00;7;2;1;76;0;6176199;176;0
147;18;336;17;9;23;99;3.60;5;2;1;82;0;6176399;782;0
147;18;336;17;9;24;99;3.60;7;2;1;80;0;6176499;281;0
147;18;336;17;9;24;99;3.80;6;2;1;77;0;6176499;382;0
147;18;336;17;9;25;99;3.80;2;1;1;78;0;6176599;1984;0
147;18;336;17;9;27;11;3.00;6;2;1;79;0;6176711;194;0
147;18;336;17;9;27;27;3.40;2;1;1;80;0;6176727;110;0
147;18;336;17;9;27;45;3.80;5;2;1;80;0;6176745;330;0
147;18;336;17;9;28;19;4.20;8;2;1;80;0;6176819;1536;0
147;18;336;17;9;28;99;3.80;2;1;1;80;0;6176899;156;0
147;18;336;17;9;28;99;3.80;6;2;1;83;0;6176899;174;0
147;18;336;17;9;29;18;3.20;3;1;1;81;0;6176918;1202;0
147;18;336;17;9;29;99;3.80;4;1;1;82;0;6176999;1219;0
147;18;336;17;9;30;10;3.80;2;1;1;81;0;6177010;93;0
147;18;336;17;9;30;15;3.80;5;2;1;82;0;6177015;252;0
147;18;336;17;9;31;99;3.20;6;2;1;76;0;6177199;283;0
147;18;336;17;9;29;82;22.60;7;2;5;77;0;6176982;466;0
147;18;336;17;9;33;14;3.60;7;2;1;74;0;6177314;226;0
147;18;336;17;9;34;99;3.60;3;1;1;69;0;6177499;566;0
147;18;336;17;9;34;99;3.80;4;1;1;81;0;6177499;483;0
147;18;336;17;9;35;23;3.20;1;1;1;68;0;6177523;1723;0
147;18;336;17;9;35;40;3.60;7;2;1;73;0;6177540;208;0
147;18;336;17;9;35;94;4.00;5;2;1;85;0;6177594;562;0
147;18;336;17;9;35;99;3.60;3;1;1;69;0;6177599;81;0
147;18;336;17;9;36;99;3.60;6;2;1;81;0;6177699;484;0
147;18;336;17;9;36;99;3.60;1;1;1;69;0;6177699;159;0
147;18;336;17;9;36;99;3.40;3;1;1;67;0;6177699;81;0
147;18;336;17;9;37;99;3.60;2;1;1;71;0;6177799;772;0
147;18;336;17;9;37;41;3.60;1;1;1;71;0;6177741;23;0
147;18;336;17;9;38;99;3.60;1;1;1;70;0;6177899;139;0
147;18;336;17;9;39;99;3.40;3;1;1;72;0;6177999;281;0
147;18;336;17;9;40;15;3.60;1;1;1;72;0;6178015;97;6177523
147;18;336;17;9;41;22;4.00;7;2;1;81;0;6178122;564;0
147;18;336;17;9;41;17;3.20;2;1;1;68;0;6178117;299;0
147;18;336;17;9;41;99;3.40;6;2;1;80;0;6178199;484;0
147;18;336;17;9;42;2;3.40;2;1;1;65;0;6178202;68;0
147;18;336;17;9;43;76;3.80;5;2;1;86;0;6178376;765;0
147;18;336;17;9;43;62;4.40;7;2;1;65;0;6178362;222;0
147;18;336;17;9;44;3;3.20;4;1;1;81;0;6178403;887;0
147;18;336;17;9;44;5;3.00;2;1;1;67;0;6178405;184;0
147;18;336;17;9;44;99;4.40;6;2;1;77;0;6178499;284;0
147;18;336;17;9;45;26;3.20;2;1;1;72;0;6178526;104;0
147;18;336;17;9;46;99;3.80;2;1;1;70;0;6178699;157;6178117
147;18;336;17;9;46;99;3.80;6;2;1;81;0;6178699;179;6178117
147;18;336;17;9;47;99;3.60;2;1;1;65;0;6178799;80;6178117
147;18;336;17;9;47;99;4.00;8;2;1;92;0;6178799;1961;0
147;18;336;17;9;47;99;3.80;6;2;1;78;0;6178799;83;0
147;18;336;17;9;49;2;3.80;7;2;1;83;0;6178902;515;0
147;18;336;17;9;50;29;3.40;6;2;1;75;0;6179029;212;0
147;18;336;17;9;51;99;4.20;8;2;1;81;0;6179199;384;0
147;18;336;17;9;49;80;4.00;7;2;1;17;0;6178980;61;0
147;18;336;17;9;52;99;3.40;2;1;1;81;0;6179299;480;0
147;18;336;17;9;53;66;3.20;4;1;1;83;0;6179366;948;0
147;18;336;17;9;54;99;3.60;4;1;1;81;0;6179499;119;0
147;18;336;17;9;54;99;3.60;3;1;1;74;0;6179499;1483;0
147;18;336;17;9;54;99;6.00;4;1;1;81;0;6179499;-1;0
147;18;336;17;9;58;42;3.80;4;1;1;84;0;6179842;316;0
147;18;336;17;9;58;45;3.80;2;1;1;83;0;6179845;530;0
147;18;336;17;9;59;99;4.20;6;2;1;85;0;6179999;953;0
147;18;336;17;10;2;27;3.40;8;2;1;83;0;6180227;1009;0
147;18;336;17;10;2;0;3.80;7;2;1;22;0;6180200;1135;0
147;18;336;17;10;3;39;4.00;3;1;1;69;0;6180339;822;0
147;18;336;17;10;6;64;3.60;3;1;1;72;0;6180664;304;0
147;18;336;17;10;6;98;3.40;6;2;1;74;0;6180698;681;0
147;18;336;17;10;7;99;3.00;5;2;1;80;0;6180799;2407;0
147;18;336;17;10;7;99;3.80;3;1;1;74;0;6180799;117;0
147;18;336;17;10;8;99;5.00;6;2;1;70;0;6180899;184;0
147;18;336;17;10;9;99;3.60;7;2;1;78;0;6180999;736;0
147;18;336;17;10;9;99;3.40;6;2;1;70;0;6180999;74;0
147;18;336;17;10;10;18;3.40;7;2;1;77;0;6181018;2;0
147;18;336;17;10;11;99;4.00;3;1;1;76;0;6181199;381;0
147;18;336;17;10;12;99;3.60;6;2;1;77;0;6181299;282;0
147;18;336;17;10;12;99;4.00;5;2;1;78;0;6181299;486;0
147;18;336;17;10;14;94;3.20;5;2;1;80;0;6181494;176;0
147;18;336;17;10;15;27;3.20;2;1;1;77;0;6181527;1665;0
147;18;336;17;10;15;99;3.60;3;1;1;79;0;6181599;381;0
147;18;336;17;10;16;69;3.60;6;2;1;71;0;6181669;353;0
147;18;336;17;10;17;99;3.00;1;1;1;76;0;6181799;3766;0
147;18;336;17;10;18;1;3.80;6;2;1;74;0;6181801;113;0
147;18;336;17;10;18;34;3.80;7;2;1;81;0;6181834;800;0
147;18;336;17;10;19;22;3.80;5;2;1;78;0;6181922;413;0
147;18;336;17;10;19;79;3.60;3;1;1;79;0;6181979;363;0
147;18;336;17;10;20;17;3.20;6;2;1;78;0;6182017;197;0
147;18;336;17;10;20;99;4.00;5;2;1;80;0;6182099;159;0
147;18;336;17;10;21;19;3.20;3;1;1;72;0;6182119;123;0
147;18;336;17;10;22;25;3.20;6;2;1;77;0;6182225;193;0
147;18;336;17;10;23;0;4.40;4;1;1;83;0;6182300;2441;0
147;18;336;17;10;23;2;3.60;6;2;1;80;0;6182302;62;6181669
147;18;336;17;10;23;31;3.80;2;1;1;72;0;6182331;789;0
147;18;336;17;10;25;18;3.60;7;2;1;81;0;6182518;667;0
147;18;336;17;10;25;21;3.80;3;1;1;81;0;6182521;386;0
147;18;336;17;10;25;99;4.00;6;2;1;80;0;6182599;280;0
147;18;336;17;10;25;99;3.40;2;1;1;64;0;6182599;249;0
147;18;336;17;10;26;6;3.80;7;2;1;81;0;6182606;72;0
147;18;336;17;10;26;69;3.80;7;2;1;84;0;6182669;46;0
147;18;336;17;10;26;67;4.40;1;1;1;79;0;6182667;853;0
147;18;336;17;10;27;20;3.60;3;1;1;76;0;6182720;182;0
147;18;336;17;10;28;99;3.60;2;1;1;75;0;6182899;280;0
147;18;336;17;10;28;99;3.40;3;1;1;73;0;6182899;161;0
147;18;336;17;10;28;99;4.00;4;1;1;81;0;6182899;579;0
147;18;336;17;10;29;62;4.00;2;1;1;76;0;6182962;45;0
147;18;336;17;10;29;59;4.40;7;2;1;74;0;6182959;273;0
147;18;336;17;10;30;13;3.60;6;2;1;75;0;6183013;396;0
147;18;336;17;10;31;68;3.20;4;1;1;82;0;6183168;251;0
147;18;336;17;10;32;99;3.80;3;1;1;75;0;6183299;383;0
147;18;336;17;10;32;99;3.60;2;1;1;76;0;6183299;318;0
147;18;336;17;10;32;99;4.00;4;1;1;83;0;6183299;116;0
147;18;336;17;10;33;99;4.80;5;2;1;83;0;6183399;1282;0
147;18;336;17;10;33;99;3.20;6;2;1;75;0;6183399;368;0
147;18;336;17;10;33;99;3.60;3;1;1;72;0;6183399;81;0
147;18;336;17;10;34;85;3.40;1;1;1;82;0;6183485;797;0
147;18;336;17;10;35;99;3.20;4;1;1;72;0;6183599;282;0
147;18;336;17;10;36;99;4.00;4;1;1;63;0;6183699;84;0
147;18;336;17;10;37;17;3.40;1;1;1;73;0;6183717;217;0
147;18;336;17;10;37;90;3.00;6;2;1;76;0;6183790;375;0
147;18;336;17;10;38;12;3.80;2;1;1;81;0;6183812;495;0
147;18;336;17;10;38;99;7.80;7;2;6;77;0;6183899;918;0
147;18;336;17;10;39;5;3.80;5;2;1;80;0;6183905;485;0
147;18;336;17;10;39;61;3.60;3;1;1;76;0;6183961;544;0
147;18;336;17;10;40;20;3.80;5;2;1;77;0;6184020;97;0
147;18;336;17;10;40;99;7.60;6;2;6;79;0;6184099;294;0
147;18;336;17;10;41;99;4.00;5;2;1;81;0;6184199;161;0
147;18;336;17;10;42;81;3.20;5;2;1;82;0;6184281;64;0
147;18;336;17;10;43;99;4.00;5;2;1;85;0;6184399;103;6183905
147;18;336;17;10;43;99;3.40;2;1;1;71;0;6184399;570;0
147;18;336;17;10;44;15;3.40;6;2;1;75;0;6184415;281;0
147;18;336;17;10;44;26;3.00;3;1;1;64;0;6184426;447;0
147;18;336;17;10;45;23;4.00;5;2;1;93;0;6184523;107;6183905
147;18;336;17;10;45;99;3.60;4;1;1;82;0;6184599;877;0
147;18;336;17;10;45;99;4.40;1;1;1;68;0;6184599;865;0
147;18;336;17;10;46;99;3.40;6;2;1;77;0;6184699;267;0
147;18;336;17;10;46;99;3.80;3;1;1;72;0;6184699;256;0
147;18;336;17;10;47;1;3.80;4;1;1;83;0;6184701;86;0
147;18;336;17;10;47;91;3.60;3;1;1;71;0;6184791;73;0
147;18;336;17;10;47;99;4.00;7;2;1;80;0;6184799;863;0
147;18;336;17;10;47;99;3.60;1;1;1;67;0;6184799;176;0
147;18;336;17;10;48;99;3.80;2;1;1;77;0;6184899;482;0
147;18;336;17;10;48;99;6.00;8;2;1;86;0;6184899;4657;0
147;18;336;17;10;49;23;3.20;6;2;1;81;0;6184923;208;0
147;18;336;17;10;49;59;5.80;2;1;1;77;0;6184959;42;0
147;18;336;17;10;50;99;3.00;5;2;1;83;0;6185099;560;0
147;18;336;17;10;50;99;4.20;7;2;1;84;0;6185099;282;0
147;18;336;17;10;50;99;3.60;6;2;1;80;0;6185099;161;0
147;18;336;17;10;52;61;3.60;5;2;1;84;0;6185261;148;0
147;18;336;17;10;52;99;3.80;1;1;1;78;0;6185299;480;0
147;18;336;17;10;54;10;4.00;5;2;1;86;0;6185410;133;0
147;18;336;17;10;54;52;3.20;6;2;1;77;0;6185452;336;0
147;18;336;17;10;57;7;3.60;6;2;1;84;0;6185707;240;0
147;18;336;17;11;0;7;4.00;2;1;1;77;0;6186007;1020;0
147;18;336;17;11;1;17;4.00;5;2;1;81;0;6186117;690;0
147;18;336;17;11;1;99;3.20;3;1;1;79;0;6186199;1389;0
147;18;336;17;11;2;44;3.00;6;2;1;82;0;6186244;521;0
147;18;336;17;11;2;44;4.60;4;1;1;81;0;6186244;1526;0
147;18;336;17;11;3;99;5.60;8;2;1;62;0;6186399;1474;0
147;18;336;17;11;4;99;3.20;7;2;1;74;0;6186499;1382;0
147;18;336;17;11;4;99;3.60;6;2;1;78;0;6186499;241;0
147;18;336;17;11;5;86;3.80;7;2;1;79;0;6186586;71;0
147;18;336;17;11;6;0;3.60;6;2;1;76;0;6186600;84;0
147;18;336;17;11;6;99;3.80;5;2;1;82;0;6186699;564;0
147;18;336;17;11;7;32;3.40;6;2;1;79;0;6186732;114;0
147;18;336;17;11;7;51;4.00;5;2;1;80;0;6186751;35;0
147;18;336;17;11;8;99;4.00;5;2;1;82;0;6186899;130;0
147;18;336;17;11;8;99;4.20;2;1;1;88;0;6186899;873;0
147;18;336;17;11;8;99;3.60;3;1;1;67;0;6186899;685;0
147;18;336;17;11;8;99;3.40;1;1;1;79;0;6186899;1582;0
147;18;336;17;11;9;99;6.20;7;2;1;76;0;6186999;395;0
147;18;336;17;11;9;99;3.80;3;1;1;68;0;6186999;80;0
147;18;336;17;11;9;20;3.80;5;2;1;81;0;6186920;3;0
147;18;336;17;11;11;15;3.80;5;2;1;83;0;6187115;178;6186699
147;18;336;17;11;11;14;4.60;2;1;1;79;0;6187114;197;6186699
147;18;336;17;11;11;99;4.20;8;2;1;88;0;6187199;767;0
147;18;336;17;11;12;25;3.80;7;2;1;77;0;6187225;196;0
147;18;336;17;11;12;47;3.60;6;2;1;64;0;6187247;499;0
147;18;336;17;11;13;9;3.60;4;1;1;79;0;6187309;1044;0
147;18;336;17;11;13;99;3.00;3;1;1;72;0;6187399;379;0
147;18;336;17;11;13;99;3.20;2;1;1;77;0;6187399;264;0
147;18;336;17;11;14;99;3.00;6;2;1;63;0;6187499;231;0
147;18;336;17;11;14;15;3.80;3;1;1;74;0;6187415;1;0
147;18;336;17;11;15;98;5.20;5;2;1;87;0;6187598;466;0
147;18;336;17;11;15;99;3.20;6;2;1;67;0;6187599;82;0
147;18;336;17;11;16;99;3.60;7;2;1;74;0;6187699;456;0
147;18;336;17;11;16;99;3.60;3;1;1;81;0;6187699;265;0
147;18;336;17;11;17;99;4.00;6;2;1;65;0;6187799;182;0
147;18;336;17;11;18;14;4.00;5;2;1;80;0;6187814;194;0
147;18;336;17;11;20;37;3.20;6;2;1;74;0;6188037;215;0
147;18;336;17;11;21;99;3.20;7;2;1;81;0;6188199;482;0
147;18;336;17;11;22;18;3.20;6;2;1;70;0;6188218;165;0
147;18;336;17;11;23;94;3.60;2;1;1;68;0;6188394;980;0
147;18;336;17;11;24;99;4.60;2;1;1;72;0;6188499;85;0
147;18;336;17;11;26;21;3.60;3;1;1;80;0;6188621;906;0
147;18;336;17;11;26;28;3.40;7;2;1;82;0;6188628;414;0
147;18;336;17;11;26;99;3.20;2;1;1;75;0;6188699;177;0
147;18;336;17;11;27;99;3.60;2;1;1;75;0;6188799;84;0
147;18;336;17;11;27;10;3.80;4;1;1;80;0;6188710;1384;0
147;18;336;17;11;29;99;3.80;6;2;1;74;0;6188999;764;0
147;18;336;17;11;29;99;3.60;2;1;1;74;0;6188999;182;6188394
147;18;336;17;11;31;99;3.20;2;1;1;78;0;6189199;182;6188394
147;18;336;17;11;32;10;3.60;4;1;1;81;0;6189210;482;0
147;18;336;17;11;32;99;3.20;7;2;1;79;0;6189299;656;0
147;18;336;17;11;33;68;3.80;2;1;1;84;0;6189368;154;6188394
147;18;336;17;11;33;97;3.20;3;1;1;78;0;6189397;759;0
147;18;336;17;11;33;99;3.40;5;2;1;79;0;6189399;1567;0
147;18;336;17;11;34;99;2.80;7;2;1;73;0;6189499;185;0
147;18;336;17;11;35;15;3.40;4;1;1;79;0;6189515;289;0
147;18;336;17;11;35;20;3.80;5;2;1;79;0;6189520;105;0
147;18;336;17;11;35;63;3.60;3;1;1;79;0;6189563;151;0
147;18;336;17;11;36;99;3.60;8;2;1;75;0;6189699;2482;0
147;18;336;17;11;36;82;7.80;6;2;6;69;0;6189682;664;0
147;18;336;17;11;36;99;3.40;5;2;1;81;0;6189699;161;0
147;18;336;17;11;37;9;3.20;6;2;1;68;0;6189709;-1;0
147;18;336;17;11;37;10;3.60;6;2;1;66;0;6189710;-1;0
147;18;336;17;11;38;19;3.20;5;2;1;82;0;6189819;104;0
147;18;336;17;11;38;73;3.60;2;1;1;80;0;6189873;488;0
147;18;336;17;11;38;90;3.60;3;1;1;70;0;6189890;310;0
147;18;336;17;11;39;99;3.60;4;1;1;82;0;6189999;468;0
147;18;336;17;11;38;79;13.00;5;2;5;69;0;6189879;45;6189399
147;18;336;17;11;40;99;3.60;8;2;1;63;0;6190099;382;0
147;18;336;17;11;40;11;3.20;3;1;1;69;0;6190011;102;0
147;18;336;17;11;40;15;3.60;6;2;1;70;0;6190015;285;0
147;18;336;17;11;41;93;3.00;4;1;1;82;0;6190193;178;0
147;18;336;17;11;42;99;3.20;3;1;1;72;0;6190299;271;0
147;18;336;17;11;42;99;3.80;6;2;1;74;0;6190299;265;0
147;18;336;17;11;43;12;3.60;3;1;1;71;0;6190312;-1;0
147;18;336;17;11;43;98;3.80;5;2;1;81;0;6190398;451;0
147;18;336;17;11;43;99;3.60;4;1;1;81;0;6190399;192;0
147;18;336;17;11;44;99;3.20;6;2;1;72;0;6190499;181;0
147;18;336;17;11;45;99;3.20;6;2;1;68;0;6190599;84;0
147;18;336;17;11;45;99;5.80;7;2;1;66;0;6190599;1086;0
147;18;336;17;11;45;99;3.40;3;1;1;72;0;6190599;268;0
147;18;336;17;11;45;21;3.80;5;2;1;82;0;6190521;106;0
147;18;336;17;11;45;40;3.20;6;2;1;65;0;6190540;-1;0
147;18;336;17;11;46;99;3.60;2;1;1;76;0;6190699;809;0
147;18;336;17;11;46;99;3.60;5;2;1;88;0;6190699;161;0
147;18;336;17;11;46;99;3.60;7;2;1;84;0;6190699;68;0
147;18;336;17;11;47;99;3.00;6;2;1;69;0;6190799;241;0
147;18;336;17;11;47;99;3.00;3;1;1;71;0;6190799;183;0
147;18;336;17;11;49;1;3.60;7;2;1;70;0;6190901;186;0
147;18;336;17;11;49;99;3.80;6;2;1;69;0;6190999;184;0
147;18;336;17;11;49;99;3.40;8;2;1;82;0;6190999;879;0
147;18;336;17;11;50;1;3.40;7;2;1;64;0;6191001;81;0
147;18;336;17;11;50;99;3.40;2;1;1;71;0;6191099;382;0
147;18;336;17;11;50;15;3.40;5;2;1;79;0;6191015;301;0
147;18;336;17;11;51;8;4.20;4;1;1;79;0;6191108;693;0
147;18;336;17;11;51;98;4.00;5;2;1;78;0;6191198;167;0
147;18;336;17;11;51;98;3.80;7;2;1;78;0;6191198;177;6190599
147;18;336;17;11;51;99;3.40;3;1;1;75;0;6191199;384;0
147;18;336;17;11;51;99;3.80;2;1;1;72;0;6191199;82;0
147;18;336;17;11;52;99;3.60;4;1;1;80;0;6191299;171;0
147;18;336;17;11;53;21;3.20;7;2;1;76;0;6191321;105;6190599
147;18;336;17;11;53;49;3.80;4;1;1;88;0;6191349;33;6190599
147;18;336;17;11;55;99;5.80;3;1;1;75;0;6191599;383;0
147;18;336;17;11;55;0;3.80;2;1;1;77;0;6191500;282;0
147;18;336;17;11;56;85;3.60;3;1;1;73;0;6191685;58;0
147;18;336;17;11;56;99;4.60;7;2;1;73;0;6191699;362;0
147;18;336;17;11;57;99;3.80;2;1;1;77;0;6191799;281;0
147;18;336;17;11;59;21;3.20;5;2;1;81;0;6191921;704;0
147;18;336;17;11;59;99;4.40;6;2;1;76;0;6191999;980;0
147;18;336;17;11;59;99;3.80;2;1;1;79;0;6191999;182;0
147;18;336;17;12;0;18;3.80;4;1;1;92;0;6192018;653;0
147;18;336;17;12;1;56;3.40;1;1;1;80;0;6192156;5241;0
147;18;336;17;12;2;99;3.60;2;1;1;79;0;6192299;282;0
147;18;336;17;12;3;99;3.40;7;2;1;76;0;6192399;677;0
147;18;336;17;12;4;85;3.80;4;1;1;80;0;6192485;452;0
147;18;336;17;12;4;71;6.60;6;2;1;72;0;6192471;451;0
147;18;336;17;12;5;9;3.20;3;1;1;70;0;6192509;806;0
147;18;336;17;12;5;99;3.20;8;2;1;72;0;6192599;1585;0
147;18;336;17;12;5;99;3.80;6;2;1;81;0;6192599;95;0
147;18;336;17;12;5;99;3.80;2;1;1;83;0;6192599;283;0
147;18;336;17;12;6;12;3.40;3;1;1;73;0;6192612;86;0
147;18;336;17;12;6;34;3.40;8;2;1;70;0;6192634;19;0
147;18;336;17;12;6;91;3.80;4;1;1;84;0;6192691;188;0
147;18;336;17;12;7;99;3.80;3;1;1;74;0;6192799;170;0
147;18;336;17;12;8;99;4.00;7;2;1;72;0;6192899;483;0
147;18;336;17;12;9;19;3.80;6;2;1;79;0;6192919;303;0
147;18;336;17;12;9;99;3.40;4;1;1;87;0;6192999;291;0
147;18;336;17;12;9;99;3.40;2;1;1;80;0;6192999;383;0
147;18;336;17;12;11;7;4.40;2;1;1;72;0;6193107;92;0
147;18;336;17;12;11;25;3.20;6;2;1;76;0;6193125;188;0
147;18;336;17;12;12;99;3.60;4;1;1;88;0;6193299;285;0
147;18;336;17;12;12;99;3.40;2;1;1;76;0;6193299;170;0
147;18;336;17;12;16;1;3.80;3;1;1;69;0;6193601;783;0
147;18;336;17;12;17;10;3.40;6;2;1;69;0;6193710;569;0
147;18;336;17;12;17;99;3.60;5;2;1;87;0;6193799;1863;0
147;18;336;17;12;18;11;3.40;7;2;1;76;0;6193811;892;0
147;18;336;17;12;18;99;3.60;2;1;1;86;0;6193899;583;0
147;18;336;17;12;19;57;4.80;3;1;1;78;0;6193957;336;0
147;18;336;17;12;19;91;3.60;6;2;1;75;0;6193991;263;0
147;18;336;17;12;20;99;3.60;8;2;1;70;0;6194099;1447;0
147;18;336;17;12;21;7;3.20;6;2;1;78;0;6194107;98;0
147;18;336;17;12;22;97;3.20;6;2;1;70;0;6194297;175;0
147;18;336;17;12;22;99;3.60;7;2;1;75;0;6194299;471;0
147;18;336;17;12;23;99;3.40;2;1;1;76;0;6194399;484;0
147;18;336;17;12;24;15;3.40;7;2;1;77;0;6194415;98;0
147;18;336;17;12;24;59;3.40;6;2;1;70;0;6194459;145;0
147;18;336;17;12;24;68;3.80;8;2;1;79;0;6194468;350;0
147;18;336;17;12;25;9;3.20;5;2;1;86;0;6194509;695;0
147;18;336;17;12;26;10;3.60;4;1;1;78;0;6194610;1296;0
147;18;336;17;12;26;99;4.40;7;2;1;78;0;6194699;268;0
147;18;336;17;12;26;99;3.20;2;1;1;74;0;6194699;283;0
147;18;336;17;12;27;17;3.80;8;2;1;84;0;6194717;231;0
147;18;336;17;12;28;99;3.00;3;1;1;63;0;6194899;919;0
147;18;336;17;12;28;99;3.40;6;2;1;80;0;6194899;422;0
147;18;336;17;12;29;17;3.60;4;1;1;75;0;6194917;290;0
147;18;336;17;12;29;14;3.40;3;1;1;63;0;6194914;-1;0
147;18;336;17;12;30;99;3.60;3;1;1;66;0;6195099;165;0
147;18;336;17;12;30;99;3.60;4;1;1;76;0;6195099;164;0
147;18;336;17;12;31;24;3.20;4;1;1;68;0;6195124;7;0
147;18;336;17;12;32;21;3.00;5;2;1;72;0;6195221;698;0
147;18;336;17;12;32;99;3.20;6;2;1;79;0;6195299;384;0
147;18;336;17;12;32;99;3.80;4;1;1;72;0;6195299;158;0
147;18;336;17;12;32;99;3.60;3;1;1;73;0;6195299;180;0
147;18;336;17;12;34;4;3.20;5;2;1;78;0;6195404;168;0
147;18;336;17;12;35;12;3.60;3;1;1;74;0;6195512;195;6192509
147;18;336;17;12;35;27;3.60;7;2;1;92;0;6195527;807;0
147;18;336;17;12;35;99;3.80;6;2;1;82;0;6195599;285;0
147;18;336;17;12;35;99;3.60;4;1;1;82;0;6195599;281;0
147;18;336;17;12;35;99;3.40;2;1;1;68;0;6195599;884;0
147;18;336;17;12;36;16;3.80;7;2;1;86;0;6195616;74;0
147;18;336;17;12;37;54;3.60;4;1;1;78;0;6195754;139;0
147;18;336;17;12;37;99;3.80;1;1;1;86;0;6195799;3627;0
147;18;336;17;12;37;99;3.00;6;2;1;75;0;6195799;183;0
147;18;336;17;12;37;99;3.20;2;1;1;69;0;6195799;182;0
147;18;336;17;12;38;13;3.20;3;1;1;75;0;6195813;283;0
147;18;336;17;12;38;99;3.40;2;1;1;69;0;6195899;83;0
147;18;336;17;12;39;8;3.20;4;1;1;81;0;6195908;137;0
147;18;336;17;12;39;58;3.20;5;2;1;78;0;6195958;539;0
147;18;336;17;12;39;44;5.40;6;2;1;66;0;6195944;130;0
147;18;336;17;12;39;65;3.40;2;1;1;72;0;6195965;48;0
147;18;336;17;12;40;11;3.20;3;1;1;70;0;6196011;182;0
147;18;336;17;12;39;69;16.40;7;2;4;86;0;6195969;337;0
147;18;336;17;12;41;11;3.60;5;2;1;78;0;6196111;138;0
147;18;336;17;12;41;99;3.20;6;2;1;66;0;6196199;225;0
147;18;336;17;12;41;99;5.80;3;1;1;70;0;6196199;171;0
147;18;336;17;12;42;22;3.40;5;2;1;77;0;6196222;94;0
147;18;336;17;12;42;96;3.40;2;1;1;76;0;6196296;314;0
147;18;336;17;12;43;99;3.80;7;2;1;80;0;6196399;361;0
147;18;336;17;12;43;99;3.40;3;1;1;71;0;6196399;170;0
147;18;336;17;12;44;99;3.80;3;1;1;75;0;6196499;82;6195813
147;18;336;17;12;44;51;3.80;2;1;1;71;0;6196451;138;6195813
147;18;336;17;12;45;18;3.00;6;2;1;77;0;6196518;301;0
147;18;336;17;12;46;99;3.40;6;2;1;78;0;6196699;166;0
147;18;336;17;12;46;99;3.60;1;1;1;80;0;6196699;884;0
147;18;336;17;12;47;46;3.40;4;1;1;77;0;6196746;823;0
147;18;336;17;12;47;47;3.20;3;1;1;74;0;6196747;229;0
147;18;336;17;12;47;82;4.20;2;1;1;87;0;6196782;311;0
147;18;336;17;12;50;1;3.80;6;2;1;79;0;6197001;286;0
147;18;336;17;12;49;47;5.80;2;1;1;82;0;6196947;147;0
147;18;336;17;12;51;99;3.60;6;2;1;81;0;6197199;180;0
147;18;336;17;12;51;99;3.80;2;1;1;81;0;6197199;226;0
147;18;336;17;12;52;24;4.20;7;2;1;86;0;6197224;807;0
147;18;336;17;12;52;92;4.40;3;1;1;67;0;6197292;529;0
147;18;336;17;12;53;99;3.80;4;1;1;81;0;6197399;637;0
147;18;336;17;12;54;99;3.80;2;1;1;78;0;6197499;283;0
147;18;336;17;12;54;99;5.40;6;2;1;73;0;6197499;284;0
147;18;336;17;12;54;30;3.40;3;1;1;74;0;6197430;114;0
147;18;336;17;12;55;99;4.40;8;2;1;74;0;6197599;2865;0
147;18;336;17;12;56;99;3.60;3;1;1;75;0;6197699;252;0
147;18;336;17;12;56;99;4.00;7;2;1;79;0;6197699;457;0
147;18;336;17;12;57;27;3.40;6;2;1;76;0;6197727;201;0
147;18;336;17;12;57;35;3.60;8;2;1;78;0;6197735;114;0
147;18;336;17;12;57;42;3.60;2;1;1;77;0;6197742;225;0
147;18;336;17;12;58;3;4.60;3;1;1;75;0;6197803;86;0
147;18;336;17;12;58;99;4.00;6;2;1;74;0;6197899;155;0
147;18;336;17;12;59;4;7.20;5;2;6;84;0;6197904;1666;0
147;18;336;17;12;59;99;3.80;2;1;1;77;0;6197999;240;0
147;18;336;17;12;59;99;3.80;6;2;1;74;0;6197999;80;0
147;18;336;17;13;0;96;3.80;6;2;1;75;0;6198096;78;0
147;18;336;17;13;0;89;4.40;3;1;1;68;0;6198089;263;0
147;18;336;17;13;1;8;3.20;7;2;1;78;0;6198108;390;0
147;18;336;17;13;1;99;3.00;2;1;1;76;0;6198199;182;0
147;18;336;17;13;2;0;3.20;4;1;1;79;0;6198200;784;0
147;18;336;17;13;2;63;3.00;5;2;1;79;0;6198263;328;0
147;18;336;17;13;3;99;3.80;3;1;1;65;0;6198399;286;0
147;18;336;17;13;3;99;3.60;4;1;1;82;0;6198399;184;0
147;18;336;17;13;3;99;5.20;2;1;1;72;0;6198399;185;0
147;18;336;17;13;4;99;3.60;3;1;1;66;0;6198499;78;0
147;18;336;17;13;5;10;3.80;8;2;1;79;0;6198510;758;0
147;18;336;17;13;5;15;3.80;1;1;1;71;0;6198515;1799;0
147;18;336;17;13;6;4;3.80;7;2;1;88;0;6198604;481;0
147;18;336;17;13;6;30;3.00;5;2;1;82;0;6198630;353;0
147;18;336;17;13;6;99;3.80;2;1;1;70;0;6198699;274;0
147;18;336;17;13;6;99;3.40;3;1;1;69;0;6198699;180;0
147;18;336;17;13;6;99;4.20;6;2;1;81;0;6198699;584;0
147;18;336;17;13;7;99;3.40;2;1;1;70;0;6198799;80;0
147;18;336;17;13;6;84;10.80;4;1;2;86;0;6198684;269;0
147;18;336;17;13;8;4;3.20;3;1;1;80;0;6198804;87;0
147;18;336;17;13;10;28;3.80;5;2;1;82;0;6199028;384;0
147;18;336;17;13;10;85;3.60;6;2;1;76;0;6199085;367;0
147;18;336;17;13;11;99;3.80;7;2;1;76;0;6199199;579;0
147;18;336;17;13;11;99;6.00;1;1;1;65;0;6199199;664;0
147;18;336;17;13;11;99;3.80;3;1;1;82;0;6199199;380;0
147;18;336;17;13;13;74;3.40;1;1;1;61;0;6199374;141;0
147;18;336;17;13;13;93;3.60;3;1;1;75;0;6199393;177;0
147;18;336;17;13;13;99;3.60;2;1;1;75;0;6199399;582;0
147;18;336;17;13;13;99;3.80;6;2;1;77;0;6199399;296;0
147;18;336;17;13;14;99;3.60;7;2;1;81;0;6199499;282;0
147;18;336;17;13;15;12;3.20;3;1;1;73;0;6199512;101;0
147;18;336;17;13;16;0;3.00;2;1;1;63;0;6199600;183;0
147;18;336;17;13;16;99;3.40;3;1;1;71;0;6199699;171;0
147;18;336;17;13;16;99;3.00;2;1;1;65;0;6199699;81;0
147;18;336;17;13;17;14;4.00;4;1;1;78;0;6199714;984;0
147;18;336;17;13;18;8;3.20;6;2;1;74;0;6199808;391;0
147;18;336;17;13;18;99;3.60;3;1;1;70;0;6199899;182;6199199
147;18;336;17;13;20;18;3.00;2;1;1;78;0;6200018;302;0
147;18;336;17;13;21;99;4.00;4;1;1;88;0;6200199;466;0
147;18;336;17;13;21;99;3.80;6;2;1;77;0;6200199;375;0
147;18;336;17;13;23;2;3.40;3;1;1;81;0;6200302;384;0
147;18;336;17;13;23;51;4.00;6;2;1;78;0;6200351;134;0
147;18;336;17;13;24;32;2.60;3;1;1;82;0;6200432;114;0
147;18;336;17;13;24;99;3.60;2;1;1;79;0;6200499;467;0
147;18;336;17;13;25;99;3.60;2;1;1;80;0;6200599;83;0
147;18;336;17;13;26;99;3.60;6;2;1;76;0;6200699;329;0
147;18;336;17;13;26;99;3.80;5;2;1;81;0;6200699;1654;0
147;18;336;17;13;27;99;3.20;3;1;1;77;0;6200799;355;0
147;18;336;17;13;28;10;3.80;5;2;1;81;0;6200810;94;0
147;18;336;17;13;28;53;4.00;3;1;1;76;0;6200853;39;0
147;18;336;17;13;28;81;3.40;6;2;1;78;0;6200881;164;0
147;18;336;17;13;29;6;3.80;5;2;1;80;0;6200906;79;0
147;18;336;17;13;31;99;3.80;3;1;1;72;0;6201199;327;0
147;18;336;17;13;32;99;3.40;7;2;1;79;0;6201299;1784;0
147;18;336;17;13;32;99;3.80;6;2;1;84;0;6201299;402;0
147;18;336;17;13;34;19;4.00;6;2;1;80;0;6201419;103;0
147;18;336;17;13;34;99;3.00;3;1;1;72;0;6201499;281;0
147;18;336;17;13;36;99;3.60;4;1;1;76;0;6201699;1483;0
147;18;336;17;13;37;11;3.40;3;1;1;70;0;6201711;197;0
147;18;336;17;13;35;53;4.20;7;2;1;14;0;6201553;238;0
147;18;336;17;13;38;12;3.40;2;1;1;80;0;6201812;1196;0
147;18;336;17;13;39;20;3.60;6;2;1;82;0;6201920;483;0
147;18;336;17;13;40;99;3.60;3;1;1;75;0;6202099;370;0
147;18;336;17;13;41;1;3.60;6;2;1;76;0;6202101;165;0
147;18;336;17;13;41;93;4.00;4;1;1;80;0;6202193;476;0
147;18;336;17;13;42;99;3.00;3;1;1;76;0;6202299;182;0
147;18;336;17;13;43;0;3.60;4;1;1;79;0;6202300;89;0
147;18;336;17;13;43;99;3.80;2;1;1;75;0;6202399;571;0
147;18;336;17;13;43;29;5.20;7;2;1;77;0;6202329;668;0
147;18;336;17;13;44;99;3.60;4;1;1;86;0;6202499;182;0
147;18;336;17;13;45;99;4.40;5;2;1;79;0;6202599;1675;0
147;18;336;17;13;45;6;3.40;2;1;1;72;0;6202506;88;0
147;18;336;17;13;46;12;3.00;5;2;1;82;0;6202612;-1;0
147;18;336;17;13;46;73;4.00;1;1;1;76;0;6202673;3278;0
147;18;336;17;13;46;92;4.20;5;2;1;81;0;6202692;66;0
147;18;336;17;13;46;99;3.00;6;2;1;81;0;6202699;580;0
147;18;336;17;13;48;1;3.40;5;2;1;81;0;6202801;90;0
147;18;336;17;13;47;99;6.20;6;2;1;79;0;6202799;86;0
147;18;336;17;13;48;3;3.40;1;1;1;77;0;6202803;111;0
147;18;336;17;13;49;94;3.60;6;2;1;78;0;6202994;166;0
147;18;336;17;13;50;99;3.80;5;2;1;81;0;6203099;282;0
147;18;336;17;13;51;39;3.40;5;2;1;82;0;6203139;23;0
147;18;336;17;13;52;99;4.00;6;2;1;78;0;6203299;288;0
147;18;336;17;13;52;99;3.80;5;2;1;83;0;6203299;145;0
147;18;336;17;13;53;21;3.60;3;1;1;72;0;6203321;1007;0
147;18;336;17;13;54;97;4.00;5;2;1;86;0;6203497;181;0
147;18;336;17;13;55;99;3.20;7;2;1;78;0;6203599;1245;0
147;18;336;17;13;56;18;3.20;3;1;1;75;0;6203618;279;0
147;18;336;17;13;56;63;3.60;1;1;1;65;0;6203663;844;0
147;18;336;17;13;57;4;3.40;6;2;1;81;0;6203704;386;0
147;18;336;17;13;57;10;3.80;4;1;1;93;0;6203710;1195;0
147;18;336;17;13;57;99;3.60;7;2;1;78;0;6203799;185;0
147;18;336;17;13;57;99;3.40;5;2;1;80;0;6203799;285;0
147;18;336;17;13;57;99;3.60;1;1;1;65;0;6203799;116;0
147;18;336;17;13;58;14;4.00;4;1;1;88;0;6203814;89;0
147;18;336;17;13;58;20;3.00;3;1;1;69;0;6203820;186;0
147;18;336;17;13;58;99;3.80;7;2;1;78;0;6203899;83;0
147;18;336;17;14;0;6;4.40;1;1;1;68;0;6204006;187;0
147;18;336;17;14;0;99;3.00;6;2;1;81;0;6204099;379;0
147;18;336;17;14;1;68;3.60;2;1;1;72;0;6204168;1645;0
147;18;336;17;14;2;99;3.40;4;1;1;83;0;6204299;468;0
147;18;336;17;14;3;9;3.80;6;2;1;80;0;6204309;196;0
147;18;336;17;14;4;89;3.60;3;1;1;67;0;6204489;653;0
147;18;336;17;14;5;99;3.40;6;2;1;76;0;6204599;272;0
147;18;336;17;14;5;99;3.60;3;1;1;68;0;6204599;90;0
147;18;336;17;14;6;4;3.40;7;2;1;82;0;6204604;687;0
147;18;336;17;14;6;29;4.20;4;1;1;84;0;6204629;315;0
147;18;336;17;14;6;37;3.60;5;2;1;82;0;6204637;822;0
147;18;336;17;14;6;27;3.80;3;1;1;71;0;6204627;8;0
147;18;336;17;14;6;32;3.60;2;1;1;73;0;6204632;446;0
147;18;336;17;14;7;99;3.40;6;2;1;74;0;6204799;183;0
147;18;336;17;14;8;22;3.80;5;2;1;87;0;6204822;169;0
147;18;336;17;14;8;6;3.60;4;1;1;81;0;6204806;159;0
147;18;336;17;14;8;3;3.80;2;1;1;72;0;6204803;153;0
147;18;336;17;14;7;67;4.20;7;2;1;21;0;6204767;148;0
147;18;336;17;14;10;99;3.80;3;1;1;77;0;6205099;452;0
147;18;336;17;14;11;3;3.40;2;1;1;73;0;6205103;281;0
147;18;336;17;14;11;31;3.40;3;1;1;75;0;6205131;14;0
147;18;336;17;14;11;38;4.00;5;2;1;86;0;6205138;300;0
147;18;336;17;14;12;0;3.20;6;2;1;76;0;6205200;384;0
147;18;336;17;14;12;99;3.60;8;2;1;84;0;6205299;6771;0
147;18;336;17;14;12;99;3.60;6;2;1;76;0;6205299;83;0
147;18;336;17;14;13;10;4.20;1;1;1;82;0;6205310;1280;0
147;18;336;17;14;13;99;3.40;2;1;1;72;0;6205399;279;0
147;18;336;17;14;14;23;3.80;1;1;1;80;0;6205423;94;0
147;18;336;17;14;14;32;3.20;7;2;1;77;0;6205432;593;0
147;18;336;17;14;14;64;3.80;6;2;1;85;0;6205464;147;0
147;18;336;17;14;15;13;3.80;4;1;1;93;0;6205513;691;0
147;18;336;17;14;15;23;3.80;2;1;1;79;0;6205523;107;0
147;18;336;17;14;15;99;3.40;3;1;1;75;0;6205599;451;0
147;18;336;17;14;16;0;3.80;1;1;1;74;0;6205600;159;0
147;18;336;17;14;16;21;4.20;4;1;1;93;0;6205621;93;0
147;18;336;17;14;16;99;3.60;2;1;1;78;0;6205699;158;0
147;18;336;17;14;17;16;3.20;3;1;1;70;0;6205716;100;0
147;18;336;17;14;17;82;3.20;6;2;1;79;0;6205782;301;0
147;18;336;17;14;18;99;3.60;3;1;1;73;0;6205899;166;0
147;18;336;17;14;20;45;25.40;7;2;5;76;0;6206045;598;0
147;18;336;17;14;21;99;3.40;3;1;1;75;0;6206199;282;0
147;18;336;17;14;22;26;3.20;7;2;1;76;0;6206226;60;0
147;18;336;17;14;22;99;3.00;6;2;1;70;0;6206299;502;0
147;18;336;17;14;23;99;3.40;6;2;1;70;0;6206399;84;0
147;18;336;17;14;24;50;3.60;3;1;1;74;0;6206450;234;0
147;18;336;17;14;25;14;3.80;4;1;1;84;0;6206514;876;0
147;18;336;17;14;24;11;8.20;7;2;1;61;0;6206411;169;0
147;18;336;17;14;25;99;3.00;6;2;1;73;0;6206599;182;0
147;18;336;17;14;26;99;3.40;6;2;1;77;0;6206699;85;0
147;18;336;17;14;28;13;4.00;3;1;1;70;0;6206813;345;0
147;18;336;17;14;28;99;3.60;6;2;1;79;0;6206899;184;6206299
147;18;336;17;14;26;50;4.00;7;2;1;14;0;6206650;190;6206299
147;18;336;17;14;29;42;3.80;5;2;1;85;0;6206942;1787;0
147;18;336;17;14;30;99;3.80;2;1;1;81;0;6207099;1383;0
147;18;336;17;14;31;99;3.40;3;1;1;80;0;6207199;365;0
147;18;336;17;14;32;88;3.40;7;2;1;76;0;6207288;535;0
147;18;336;17;14;32;99;3.60;3;1;1;78;0;6207299;84;0
147;18;336;17;14;34;15;3.20;2;1;1;73;0;6207415;299;0
147;18;336;17;14;34;17;4.60;6;2;1;84;0;6207417;501;0
147;18;336;17;14;34;13;3.60;4;1;1;81;0;6207413;882;0
147;18;336;17;14;36;13;3.60;4;1;1;80;0;6207613;184;0
147;18;336;17;14;37;4;3.60;2;1;1;71;0;6207704;273;0
147;18;336;17;14;38;17;3.80;3;1;1;75;0;6207817;501;0
147;18;336;17;14;38;99;3.40;4;1;1;77;0;6207899;269;0
147;18;336;17;14;38;99;3.40;8;2;1;64;0;6207899;2584;0
147;18;336;17;14;39;99;3.40;2;1;1;70;0;6207999;276;0
147;18;336;17;14;39;99;3.60;3;1;1;68;0;6207999;163;0
147;18;336;17;14;39;0;3.00;6;2;1;71;0;6207900;463;0
147;18;336;17;14;39;99;4.00;4;1;1;77;0;6207999;84;0
147;18;336;17;14;39;41;3.40;1;1;1;74;0;6207941;2322;0
147;18;336;17;14;40;99;3.00;6;2;1;72;0;6208099;183;0
147;18;336;17;14;40;99;3.80;7;2;1;88;0;6208099;794;0
147;18;336;17;14;41;99;3.80;4;1;1;79;0;6208199;181;0
147;18;336;17;14;41;99;3.60;2;1;1;79;0;6208199;182;0
147;18;336;17;14;41;99;3.40;6;2;1;74;0;6208199;85;0
147;18;336;17;14;42;9;3.40;5;2;1;82;0;6208209;1250;0
147;18;336;17;14;42;7;3.80;3;1;1;78;0;6208207;188;0
147;18;336;17;14;42;3;3.80;1;1;1;68;0;6208203;245;0
147;18;336;17;14;42;60;3.60;4;1;1;79;0;6208260;43;0
147;18;336;17;14;43;99;4.00;5;2;1;79;0;6208399;175;0
147;18;336;17;14;44;0;4.00;4;1;1;87;0;6208400;123;6207899
147;18;336;17;14;44;99;3.80;5;2;1;79;0;6208499;81;6207899
147;18;336;17;14;44;99;3.80;2;1;1;83;0;6208499;283;0
147;18;336;17;14;44;21;3.40;3;1;1;72;0;6208421;196;0
147;18;336;17;14;45;64;4.00;5;2;1;79;0;6208564;47;0
147;18;336;17;14;45;96;3.20;4;1;1;83;0;6208596;179;6207899
147;18;336;17;14;46;99;3.40;6;2;1;77;0;6208699;483;0
147;18;336;17;14;46;99;3.20;3;1;1;73;0;6208699;261;0
147;18;336;17;14;46;99;3.60;8;2;1;77;0;6208699;780;0
147;18;336;17;14;47;2;3.00;4;1;1;84;0;6208702;92;6207899
147;18;336;17;14;47;41;3.80;5;2;1;76;0;6208741;158;6208209
147;18;336;17;14;47;64;3.80;4;1;1;78;0;6208764;49;6207899
147;18;336;17;14;47;70;3.80;7;2;1;79;0;6208770;655;0
147;18;336;17;14;48;99;4.00;3;1;1;73;0;6208899;184;0
147;18;336;17;14;48;99;3.60;6;2;1;78;0;6208899;184;0
147;18;336;17;14;48;99;3.60;1;1;1;72;0;6208899;675;0
147;18;336;17;14;49;0;3.80;5;2;1;76;0;6208900;141;6208209
147;18;336;17;14;50;24;3.60;5;2;1;82;0;6209024;106;6208209
147;18;336;17;14;50;69;3.60;1;1;1;70;0;6209069;152;6208209
147;18;336;17;14;50;94;4.00;2;1;1;79;0;6209094;578;0
147;18;336;17;14;50;98;3.60;6;2;1;78;0;6209098;182;0
147;18;336;17;14;51;99;3.60;4;1;1;79;0;6209199;417;0
147;18;336;17;14;52;29;3.80;3;1;1;76;0;6209229;310;0
147;18;336;17;14;53;99;3.40;4;1;1;78;0;6209399;183;0
147;18;336;17;14;53;99;3.40;2;1;1;78;0;6209399;286;0
147;18;336;17;14;54;99;3.60;3;1;1;79;0;6209499;252;0
147;18;336;17;14;55;48;3.60;2;1;1;87;0;6209548;133;0
147;18;336;17;14;56;99;3.80;6;2;1;82;0;6209699;584;0
147;18;336;17;14;57;17;4.00;5;2;1;86;0;6209717;677;0
147;18;336;17;14;58;74;4.60;6;2;1;65;0;6209874;158;0
147;18;336;17;14;58;94;3.80;2;1;1;74;0;6209894;331;0
147;18;336;17;14;58;99;6.80;5;2;1;82;0;6209899;165;0
147;18;336;17;14;59;3;3.80;3;1;1;72;0;6209903;387;0
147;18;336;17;14;59;7;3.40;6;2;1;64;0;6209907;7;0
147;18;336;17;14;59;99;3.80;4;1;1;80;0;6209999;584;0
147;18;336;17;14;59;99;4.40;5;2;1;83;0;6209999;70;0
147;18;336;17;15;0;43;3.80;2;1;1;78;0;6210043;130;0
147;18;336;17;15;0;85;3.20;6;2;1;64;0;6210085;158;0
147;18;336;17;15;2;2;3.80;8;2;1;86;0;6210202;1486;0
147;18;336;17;15;2;99;3.20;6;2;1;69;0;6210299;196;6209699
147;18;336;17;15;2;19;3.80;1;1;1;74;0;6210219;1131;0
147;18;336;17;15;2;27;3.00;3;1;1;73;0;6210227;305;0
147;18;336;17;15;3;10;3.40;6;2;1;68;0;6210310;-1;6209699
147;18;336;17;15;4;99;4.00;5;2;1;82;0;6210499;480;0
147;18;336;17;15;6;5;3.60;4;1;1;81;0;6210605;588;0
147;18;336;17;15;6;21;3.80;1;1;1;77;0;6210621;383;0
147;18;336;17;15;6;99;3.40;3;1;1;73;0;6210699;457;0
147;18;336;17;15;8;16;3.40;3;1;1;71;0;6210816;100;0
147;18;336;17;15;8;60;3.60;7;2;1;78;0;6210860;2072;0
147;18;336;17;15;8;99;3.80;5;2;1;83;0;6210899;382;0
147;18;336;17;15;9;99;3.00;6;2;1;73;0;6210999;671;0
147;18;336;17;15;10;1;4.00;5;2;1;86;0;6211001;85;0
147;18;336;17;15;10;14;3.60;3;1;1;74;0;6211014;180;0
147;18;336;17;15;11;22;3.60;5;2;1;87;0;6211122;104;0
147;18;336;17;15;11;99;3.60;6;2;1;72;0;6211199;185;0
147;18;336;17;15;13;35;3.60;6;2;1;71;0;6211335;118;0
147;18;336;17;15;15;18;3.60;6;2;1;70;0;6211518;164;0
147;18;336;17;15;15;28;3.40;3;1;1;74;0;6211528;496;0
147;18;336;17;15;16;99;3.40;5;2;1;84;0;6211699;562;0
147;18;336;17;15;14;73;18.00;7;2;5;68;0;6211473;596;0
147;18;336;17;15;16;99;3.40;6;2;1;70;0;6211699;162;6210999
147;18;336;17;15;17;99;3.60;6;2;1;70;0;6211799;82;6210999
147;18;336;17;15;17;99;4.00;1;1;1;72;0;6211799;1160;0
147;18;336;17;15;17;99;3.80;8;2;1;74;0;6211799;1581;0
147;18;336;17;15;18;99;3.60;5;2;1;83;0;6211899;185;0
147;18;336;17;15;19;99;3.40;8;2;1;70;0;6211999;181;0
147;18;336;17;15;20;12;3.40;7;2;1;75;0;6212012;443;0
147;18;336;17;15;20;99;4.00;5;2;1;80;0;6212099;184;0
147;18;336;17;15;20;17;3.40;3;1;1;71;0;6212017;472;0
147;18;336;17;15;21;99;3.20;3;1;1;71;0;6212199;164;0
147;18;336;17;15;22;9;3.40;6;2;1;78;0;6212209;391;0
147;18;336;17;15;22;9;3.40;4;1;1;73;0;6212209;1588;0
147;18;336;17;15;22;1;4.60;2;1;1;71;0;6212201;2140;0
147;18;336;17;15;22;99;3.60;4;1;1;72;0;6212299;73;0
147;18;336;17;15;22;99;3.20;2;1;1;70;0;6212299;74;0
147;18;336;17;15;23;19;3.60;5;2;1;81;0;6212319;202;0
147;18;336;17;15;23;42;3.40;7;2;1;79;0;6212342;313;0
147;18;336;17;15;23;53;3.40;3;1;1;69;0;6212353;137;0
147;18;336;17;15;23;73;3.20;6;2;1;74;0;6212373;148;0
147;18;336;17;15;24;1;3.60;2;1;1;72;0;6212401;85;0
147;18;336;17;15;24;13;3.80;4;1;1;73;0;6212413;96;0
147;18;336;17;15;24;26;3.40;5;2;1;82;0;6212426;91;0
147;18;336;17;15;24;99;4.40;8;2;1;93;0;6212499;482;0
147;18;336;17;15;24;99;3.80;7;2;1;80;0;6212499;141;0
147;18;336;17;15;25;3;3.60;6;2;1;71;0;6212503;114;0
147;18;336;17;15;25;99;3.60;5;2;1;80;0;6212599;158;0
147;18;336;17;15;25;99;3.60;2;1;1;72;0;6212599;180;0
147;18;336;17;15;25;23;3.80;4;1;1;75;0;6212523;91;0
147;18;336;17;15;25;25;3.80;3;1;1;69;0;6212525;154;0
147;18;336;17;15;26;6;4.00;5;2;1;79;0;6212606;-1;0
147;18;336;17;15;26;99;3.40;5;2;1;81;0;6212699;74;6212319
147;18;336;17;15;26;99;3.80;1;1;1;73;0;6212699;880;0
147;18;336;17;15;28;4;3.20;3;1;1;67;0;6212804;259;0
147;18;336;17;15;28;59;3.80;7;2;1;77;0;6212859;342;0
147;18;336;17;15;29;99;3.00;8;2;1;80;0;6212999;482;0
147;18;336;17;15;30;99;3.20;3;1;1;69;0;6213099;277;0
147;18;336;17;15;30;99;4.00;5;2;1;84;0;6213099;384;0
147;18;336;17;15;31;99;3.40;2;1;1;68;0;6213199;582;0
147;18;336;17;15;31;99;3.60;6;2;1;81;0;6213199;677;0
147;18;336;17;15;32;99;3.40;4;1;1;78;0;6213299;757;0
147;18;336;17;15;32;99;3.80;3;1;1;71;0;6213299;183;0
147;18;336;17;15;33;7;3.60;7;2;1;78;0;6213307;430;0
147;18;336;17;15;33;63;3.80;6;2;1;78;0;6213363;148;0
147;18;336;17;15;34;1;3.20;3;1;1;73;0;6213401;82;0
147;18;336;17;15;34;77;8.60;8;2;6;74;0;6213477;464;0
147;18;336;17;15;34;99;4.00;7;2;1;78;0;6213499;175;0
147;18;336;17;15;35;99;3.80;4;1;1;80;0;6213599;284;0
147;18;336;17;15;35;6;3.20;6;2;1;77;0;6213506;125;0
147;18;336;17;15;36;11;4.00;3;1;1;75;0;6213611;194;0
147;18;336;17;15;36;58;3.40;7;2;1;76;0;6213658;140;0
147;18;336;17;15;37;99;3.20;2;1;1;77;0;6213799;582;0
147;18;336;17;15;37;99;3.80;7;2;1;76;0;6213799;124;0
147;18;336;17;15;37;99;3.80;4;1;1;79;0;6213799;182;0
147;18;336;17;15;38;28;3.40;3;1;1;74;0;6213828;197;6213099
147;18;336;17;15;39;96;3.40;6;2;1;75;0;6213996;475;0
147;18;336;17;15;40;99;3.40;3;1;1;77;0;6214099;254;0
147;18;336;17;15;41;16;3.00;2;1;1;78;0;6214116;302;0
147;18;336;17;15;41;51;3.00;6;2;1;73;0;6214151;138;0
147;18;336;17;15;42;99;3.20;3;1;1;74;0;6214299;184;0
147;18;336;17;15;42;99;3.80;6;2;1;78;0;6214299;133;0
147;18;336;17;15;42;99;3.60;5;2;1;78;0;6214299;1182;0
147;18;336;17;15;43;20;3.00;3;1;1;74;0;6214320;5;0
147;18;336;17;15;43;37;3.20;7;2;1;80;0;6214337;520;0
147;18;336;17;15;44;18;3.80;5;2;1;79;0;6214418;102;0
147;18;336;17;15;44;99;3.60;4;1;1;79;0;6214499;682;0
147;18;336;17;15;45;99;3.40;1;1;1;78;0;6214599;1881;0
147;18;336;17;15;46;9;3.40;6;2;1;81;0;6214609;292;0
147;18;336;17;15;46;15;3.80;3;1;1;78;0;6214615;280;0
147;18;336;17;15;47;2;3.40;4;1;1;82;0;6214702;186;0
147;18;336;17;15;47;99;3.80;2;1;1;76;0;6214799;669;0
147;18;336;17;15;47;99;3.40;4;1;1;81;0;6214799;82;0
147;18;336;17;15;47;99;3.80;5;2;1;77;0;6214799;363;0
147;18;336;17;15;48;99;3.80;1;1;1;80;0;6214899;284;0
147;18;336;17;15;49;99;3.80;3;1;1;69;0;6214999;366;0
147;18;336;17;15;50;16;3.00;2;1;1;75;0;6215016;199;0
147;18;336;17;15;50;99;3.60;7;2;1;81;0;6215099;747;0
147;18;336;17;15;50;99;11.00;6;2;3;68;0;6215099;474;0
147;18;336;17;15;51;73;3.20;3;1;1;71;0;6215173;154;0
147;18;336;17;15;51;75;3.40;7;2;1;75;0;6215175;60;0
147;18;336;17;15;52;8;3.80;2;1;1;74;0;6215208;177;0
147;18;336;17;15;52;99;3.40;6;2;1;72;0;6215299;141;0
147;18;336;17;15;52;99;3.60;4;1;1;78;0;6215299;484;0
147;18;336;17;15;53;99;3.60;3;1;1;69;0;6215399;209;0
147;18;336;17;15;54;66;3.60;6;2;1;73;0;6215466;150;0
147;18;336;17;15;55;99;3.00;6;2;1;74;0;6215599;115;0
147;18;336;17;15;57;99;3.80;2;1;1;80;0;6215799;572;0
147;18;336;17;15;58;99;3.60;3;1;1;74;0;6215899;481;0
147;18;336;17;15;58;1;3.20;4;1;1;88;0;6215801;485;0
147;18;336;17;15;59;9;3.20;6;2;1;76;0;6215909;295;0
147;18;336;17;15;59;55;3.80;7;2;1;84;0;6215955;763;0
147;18;336;17;16;0;99;3.00;3;1;1;75;0;6216099;182;0
147;18;336;17;16;0;99;3.60;6;2;1;74;0;6216099;174;0
147;18;336;17;16;1;6;3.60;6;2;1;75;0;6216106;-1;0
147;18;336;17;16;2;99;4.00;5;2;1;88;0;6216299;1482;0
147;18;336;17;16;2;99;3.00;6;2;1;77;0;6216299;175;0
147;18;336;17;16;3;99;3.60;5;2;1;86;0;6216399;83;0
147;18;336;17;16;3;99;3.20;2;1;1;77;0;6216399;582;0
147;18;336;17;16;3;99;3.20;3;1;1;68;0;6216399;285;0
147;18;336;17;16;4;20;3.80;5;2;1;85;0;6216420;5;0
147;18;336;17;16;4;47;3.60;6;2;1;75;0;6216447;133;6215909
147;18;336;17;16;5;99;3.80;7;2;1;77;0;6216599;627;0
147;18;336;17;16;6;99;3.40;6;2;1;73;0;6216699;234;0
147;18;336;17;16;6;25;3.80;5;2;1;90;0;6216625;188;0
147;18;336;17;16;7;99;5.60;6;2;1;73;0;6216799;83;0
147;18;336;17;16;7;99;3.60;3;1;1;75;0;6216799;383;0
147;18;336;17;16;8;99;3.60;5;2;1;80;0;6216899;258;0
147;18;336;17;16;9;15;3.60;6;2;1;73;0;6216915;88;0
147;18;336;17;16;9;40;3.60;5;2;1;81;0;6216940;24;0
147;18;336;17;16;11;99;3.60;5;2;1;82;0;6217199;243;0
147;18;336;17;16;11;99;4.60;7;2;1;78;0;6217199;582;0
147;18;336;17;16;12;17;3.40;4;1;1;86;0;6217217;1402;0
147;18;336;17;16;12;72;4.00;5;2;1;82;0;6217272;57;0
147;18;336;17;16;12;99;3.40;5;2;1;87;0;6217299;9;0
147;18;336;17;16;13;13;4.00;2;1;1;83;0;6217313;899;0
147;18;336;17;16;13;8;3.40;6;2;1;69;0;6217308;375;0
147;18;336;17;16;13;99;3.80;7;2;1;70;0;6217399;178;0
147;18;336;17;16;14;13;3.20;3;1;1;74;0;6217413;596;0
147;18;336;17;16;14;46;5.60;4;1;1;86;0;6217446;214;0
147;18;336;17;16;15;18;3.20;7;2;1;70;0;6217518;99;0
147;18;336;17;16;16;20;4.00;1;1;1;80;0;6217620;2703;0
147;18;336;17;16;17;11;3.60;6;2;1;74;0;6217711;385;0
147;18;336;17;16;18;99;3.00;6;2;1;74;0;6217899;170;0
147;18;336;17;16;19;23;3.20;3;1;1;84;0;6217923;494;0
147;18;336;17;16;21;8;3.20;7;2;1;69;0;6218108;573;0
147;18;336;17;16;22;9;3.20;2;1;1;72;0;6218209;878;0
147;18;336;17;16;22;16;3.40;6;2;1;71;0;6218216;302;0
147;18;336;17;16;22;58;4.00;7;2;1;79;0;6218258;133;0
147;18;336;17;16;22;77;3.40;3;1;1;77;0;6218277;340;0
147;18;336;17;16;23;99;3.60;6;2;1;70;0;6218399;165;0
147;18;336;17;16;23;99;4.00;4;1;1;84;0;6218399;929;0
147;18;336;17;16;23;99;3.60;2;1;1;72;0;6218399;174;0
147;18;336;17;16;24;99;3.80;4;1;1;81;0;6218499;82;0
147;18;336;17;16;24;18;3.80;3;1;1;75;0;6218418;125;0
147;18;336;17;16;25;81;3.60;6;2;1;75;0;6218581;163;0
147;18;336;17;16;26;15;3.40;2;1;1;74;0;6218615;198;0
147;18;336;17;16;26;99;4.00;5;2;1;85;0;6218699;1385;0
147;18;336;17;16;26;99;6.00;4;1;1;85;0;6218699;183;0
147;18;336;17;16;26;99;3.60;6;2;1;76;0;6218699;100;0
147;18;336;17;16;28;99;3.00;6;2;1;74;0;6218899;182;6218216
147;18;336;17;16;29;99;3.60;3;1;1;80;0;6218999;562;0
147;18;336;17;16;29;99;3.80;4;1;1;83;0;6218999;274;0
147;18;336;17;16;29;1;3.60;2;1;1;75;0;6218901;269;0
147;18;336;17;16;33;99;4.60;3;1;1;77;0;6219399;383;0
147;18;336;17;16;33;99;3.20;2;1;1;73;0;6219399;480;0
147;18;336;17;16;33;99;3.40;1;1;1;85;0;6219399;1761;0
147;18;336;17;16;34;0;4.40;3;1;1;82;0;6219400;-1;0
147;18;336;17;16;35;1;3.40;2;1;1;73;0;6219501;86;0
147;18;336;17;16;36;99;4.20;3;1;1;77;0;6219699;279;0
147;18;336;17;16;37;4;3.20;6;2;1;76;0;6219704;790;0
147;18;336;17;16;37;26;3.60;3;1;1;78;0;6219726;7;0
147;18;336;17;16;38;99;3.80;6;2;1;74;0;6219899;179;0
147;18;336;17;16;39;99;4.00;7;2;1;85;0;6219999;1722;0
147;18;336;17;16;39;99;3.60;4;1;1;77;0;6219999;983;0
147;18;336;17;16;39;99;4.20;1;1;1;100;0;6219999;585;0
147;18;336;17;16;39;99;3.00;6;2;1;71;0;6219999;81;0
147;18;336;17;16;40;13;3.20;2;1;1;78;0;6220013;495;0
147;18;336;17;16;40;16;4.40;8;2;1;79;0;6220016;6497;0
147;18;336;17;16;40;75;3.60;4;1;1;77;0;6220075;59;0
147;18;336;17;16;40;81;3.60;3;1;1;79;0;6220081;338;0
147;18;336;17;16;40;83;3.60;6;2;1;72;0;6220083;68;0
147;18;336;17;16;40;99;3.80;7;2;1;81;0;6220099;83;0
147;18;336;17;16;41;21;3.80;4;1;1;77;0;6220121;29;0
147;18;336;17;16;41;99;3.60;1;1;1;80;0;6220199;184;0
147;18;336;17;16;42;9;3.00;4;1;1;80;0;6220209;70;0
147;18;336;17;16;42;99;3.60;6;2;1;73;0;6220299;198;6219704
147;18;336;17;16;42;55;3.60;3;1;1;80;0;6220255;157;6219704
147;18;336;17;16;43;18;3.20;5;2;1;77;0;6220318;1602;0
147;18;336;17;16;43;99;4.00;7;2;1;77;0;6220399;283;0
147;18;336;17;16;44;99;3.60;6;2;1;69;0;6220499;182;6219704
147;18;336;17;16;44;99;3.60;1;1;1;81;0;6220499;283;0
147;18;336;17;16;44;99;3.80;5;2;1;80;0;6220499;166;0
147;18;336;17;16;45;17;4.60;7;2;1;81;0;6220517;99;0
147;18;336;17;16;45;37;3.00;5;2;1;77;0;6220537;20;0
147;18;336;17;16;47;18;3.00;3;1;1;78;0;6220718;446;0
147;18;336;17;16;48;3;3.80;2;1;1;75;0;6220803;775;0
147;18;336;17;16;49;23;3.20;6;2;1;78;0;6220923;405;0
147;18;336;17;16;50;33;4.20;2;1;1;76;0;6221033;211;0
147;18;336;17;16;51;99;3.20;6;2;1;81;0;6221199;261;0
147;18;336;17;16;52;7;3.80;2;1;1;77;0;6221207;154;0
147;18;336;17;16;53;58;4.00;5;2;1;79;0;6221358;806;0
147;18;336;17;16;53;73;3.40;3;1;1;76;0;6221373;641;0
147;18;336;17;16;54;1;3.80;4;1;1;85;0;6221401;1178;0
147;18;336;17;16;54;99;3.20;6;2;1;73;0;6221499;285;0
147;18;336;17;16;54;99;3.80;5;2;1;80;0;6221499;122;0
147;18;336;17;16;55;3;3.80;7;2;1;77;0;6221503;965;0
147;18;336;17;16;56;99;3.20;4;1;1;81;0;6221699;281;0
147;18;336;17;16;57;5;3.60;7;2;1;81;0;6221705;184;0
147;18;336;17;16;57;18;3.40;2;1;1;71;0;6221718;493;0
147;18;336;17;16;58;13;3.40;6;2;1;72;0;6221813;298;0
147;18;336;17;16;58;69;4.00;7;2;1;78;0;6221869;148;0
147;18;336;17;16;59;99;4.80;2;1;1;67;0;6221999;263;0
147;18;336;17;17;0;6;3.60;1;1;1;80;0;6222006;1491;0
147;18;336;17;17;0;99;3.40;6;2;1;74;0;6222099;269;0
147;18;336;17;17;0;99;3.60;3;1;1;68;0;6222099;709;0
147;18;336;17;17;0;35;3.20;2;1;1;65;0;6222035;10;0
147;18;336;17;17;1;99;3.60;6;2;1;76;0;6222199;83;0
147;18;336;17;17;1;99;3.40;3;1;1;68;0;6222199;80;0
147;18;336;17;17;2;99;3.60;7;2;1;82;0;6222299;411;0
147;18;336;17;17;3;45;3.80;4;1;1;86;0;6222345;631;0
147;18;336;17;17;4;99;3.40;2;1;1;69;0;6222499;446;0
147;18;336;17;17;5;11;3.80;6;2;1;84;0;6222511;294;0
147;18;336;17;17;6;14;4.00;2;1;1;72;0;6222614;97;0
147;18;336;17;17;7;20;3.80;7;2;1;80;0;6222720;405;0
147;18;336;17;17;7;99;3.80;3;1;1;69;0;6222799;582;0
147;18;336;17;17;7;99;3.40;4;1;1;77;0;6222799;438;0
147;18;336;17;17;8;1;3.80;1;1;1;67;0;6222801;778;0
147;18;336;17;17;8;26;3.40;6;2;1;81;0;6222826;298;0
147;18;336;17;17;8;28;3.60;2;1;1;77;0;6222828;194;0
147;18;336;17;17;9;29;4.40;2;1;1;77;0;6222929;84;0
147;18;336;17;17;9;32;3.60;3;1;1;77;0;6222932;113;0
147;18;336;17;17;9;99;4.80;6;2;1;84;0;6222999;157;0
147;18;336;17;17;10;99;3.80;3;1;1;66;0;6223099;150;0
147;18;336;17;17;10;36;4.00;7;2;1;80;0;6223036;298;0
147;18;336;17;17;11;99;4.00;5;2;1;90;0;6223199;1682;0
147;18;336;17;17;11;99;4.00;6;2;1;80;0;6223199;179;0
147;18;336;17;17;12;99;3.80;4;1;1;85;0;6223299;484;0
147;18;336;17;17;12;99;3.00;7;2;1;78;0;6223299;245;0
147;18;336;17;17;13;13;3.40;7;2;1;79;0;6223313;0;0
147;18;336;17;17;13;46;3.80;2;1;1;82;0;6223346;396;0
147;18;336;17;17;14;99;3.20;3;1;1;73;0;6223499;379;0
147;18;336;17;17;14;99;3.80;5;2;1;88;0;6223499;284;0
147;18;336;17;17;14;99;3.60;1;1;1;71;0;6223499;677;0
147;18;336;17;17;15;99;3.80;7;2;1;77;0;6223599;270;0
147;18;336;17;17;16;60;3.40;3;1;1;74;0;6223660;145;0
147;18;336;17;17;17;99;3.60;5;2;1;80;0;6223799;284;0
147;18;336;17;17;18;15;3.80;2;1;1;81;0;6223815;452;0
147;18;336;17;17;18;18;3.40;7;2;1;80;0;6223818;201;0
147;18;336;17;17;18;64;3.60;6;2;1;68;0;6223864;647;0
147;18;336;17;17;20;99;3.80;4;1;1;76;0;6224099;783;0
147;18;336;17;17;20;99;3.60;6;2;1;68;0;6224099;215;0
147;18;336;17;17;21;36;3.40;3;1;1;66;0;6224136;459;0
147;18;336;17;17;21;98;3.20;1;1;1;68;0;6224198;680;0
147;18;336;17;17;21;99;3.40;6;2;1;68;0;6224199;80;0
147;18;336;17;17;22;18;3.80;2;1;1;78;0;6224218;386;0
147;18;336;17;17;23;9;3.60;3;1;1;67;0;6224309;154;0
147;18;336;17;17;23;99;3.60;2;1;1;77;0;6224399;163;0
147;18;336;17;17;23;99;3.60;6;2;1;68;0;6224399;182;0
147;18;336;17;17;22;97;8.20;1;1;6;72;0;6224297;82;0
147;18;336;17;17;24;99;3.80;4;1;1;81;0;6224499;382;0
147;18;336;17;17;24;99;3.40;6;2;1;70;0;6224499;80;0
147;18;336;17;17;25;4;3.60;3;1;1;67;0;6224504;175;0
147;18;336;17;17;25;11;3.60;2;1;1;71;0;6224511;95;0
147;18;336;17;17;25;99;3.40;6;2;1;70;0;6224599;82;6224099
147;18;336;17;17;25;99;3.60;1;1;1;74;0;6224599;261;0
147;18;336;17;17;26;98;3.60;7;2;1;72;0;6224698;864;0
147;18;336;17;17;27;3;3.00;6;2;1;67;0;6224703;86;6224099
147;18;336;17;17;27;99;5.00;5;2;1;76;0;6224799;983;0
147;18;336;17;17;28;8;3.60;6;2;1;70;0;6224808;88;6224099
147;18;336;17;17;28;19;3.20;5;2;1;77;0;6224819;-1;6224099
147;18;336;17;17;28;26;3.60;1;1;1;66;0;6224826;209;0
147;18;336;17;17;29;99;3.60;7;2;1;74;0;6224999;283;0
147;18;336;17;17;29;99;3.60;6;2;1;68;0;6224999;172;6224099
147;18;336;17;17;30;99;3.40;1;1;1;61;0;6225099;253;0
147;18;336;17;17;31;72;3.40;7;2;1;73;0;6225172;155;0
147;18;336;17;17;32;99;3.60;6;2;1;75;0;6225299;280;0
147;18;336;17;17;33;99;3.20;2;1;1;76;0;6225399;869;0
147;18;336;17;17;35;99;4.20;3;1;1;81;0;6225599;1075;0
147;18;336;17;17;35;99;3.40;7;2;1;77;0;6225599;410;0
147;18;336;17;17;37;99;3.80;7;2;1;82;0;6225799;184;0
147;18;336;17;17;39;18;3.60;4;1;1;79;0;6225918;1402;0
147;18;336;17;17;41;22;3.20;2;1;1;80;0;6226122;707;0
147;18;336;17;17;44;72;7.40;3;1;6;78;0;6226472;854;0
147;18;336;17;17;44;99;3.20;4;1;1;84;0;6226499;564;0
147;18;336;17;17;45;99;3.20;8;2;1;85;0;6226599;6562;0
147;18;336;17;17;45;99;3.60;6;2;1;69;0;6226599;1282;0
147;18;336;17;17;46;34;3.60;3;1;1;75;0;6226634;127;0
147;18;336;17;17;46;37;3.40;6;2;1;70;0;6226637;19;0
147;18;336;17;17;47;3;4.00;7;2;1;75;0;6226703;887;0
147;18;336;17;17;47;99;3.80;6;2;1;66;0;6226799;144;0
147;18;336;17;17;48;8;3.40;3;1;1;75;0;6226808;156;0
147;18;336;17;17;48;99;3.60;7;2;1;73;0;6226899;176;0
147;18;336;17;17;49;76;5.40;7;2;1;73;0;6226976;59;0
147;18;336;17;17;49;96;3.20;5;2;1;80;0;6226996;2162;0
147;18;336;17;17;50;99;3.40;6;2;1;79;0;6227099;279;0
147;18;336;17;17;50;99;3.60;5;2;1;80;0;6227099;88;0
147;18;336;17;17;51;11;3.60;6;2;1;77;0;6227111;-1;0
147;18;336;17;17;51;12;3.60;5;2;1;82;0;6227112;-1;0
147;18;336;17;17;51;99;8.60;3;1;6;80;0;6227199;374;0
147;18;336;17;17;51;33;3.60;8;2;1;81;0;6227133;520;0
147;18;336;17;17;53;99;3.80;7;2;1;91;0;6227399;396;0
147;18;336;17;17;53;99;3.40;4;1;1;82;0;6227399;886;0
147;18;336;17;17;53;99;6.40;3;1;1;75;0;6227399;161;0
147;18;336;17;17;54;32;3.60;6;2;1;75;0;6227432;304;0
147;18;336;17;17;55;99;3.60;2;1;1;73;0;6227599;1462;0
147;18;336;17;17;55;99;3.60;3;1;1;74;0;6227599;169;0
147;18;336;17;17;55;99;3.60;6;2;1;75;0;6227599;149;0
147;18;336;17;17;57;12;3.60;2;1;1;76;0;6227712;95;0
147;18;336;17;17;57;99;3.20;5;2;1;81;0;6227799;671;0
147;18;336;17;17;57;99;3.60;6;2;1;73;0;6227799;182;0
147;18;336;17;17;58;99;3.80;5;2;1;80;0;6227899;85;0
147;18;336;17;17;58;99;3.40;7;2;1;76;0;6227899;484;0
147;18;336;17;17;58;99;3.80;2;1;1;73;0;6227899;169;0
147;18;336;17;18;0;4;3.40;2;1;1;73;0;6228004;86;0
147;18;336;17;18;0;99;3.80;7;2;1;84;0;6228099;183;0
147;18;336;17;18;1;15;3.40;4;1;1;73;0;6228115;701;0
147;18;336;17;18;1;99;4.00;5;2;1;79;0;6228199;282;0
147;18;336;17;18;1;15;3.60;3;1;1;71;0;6228115;498;0
147;18;336;17;18;2;94;3.20;2;1;1;72;0;6228294;273;0
147;18;336;17;18;3;99;3.80;3;1;1;74;0;6228399;265;0
147;18;336;17;18;3;99;3.00;6;2;1;69;0;6228399;582;0
147;18;336;17;18;4;21;4.00;5;2;1;82;0;6228421;203;0
147;18;336;17;18;4;20;3.80;7;2;1;76;0;6228420;304;0
147;18;336;17;18;4;61;2.60;6;2;1;68;0;6228461;46;0
147;18;336;17;18;5;17;3.40;4;1;1;79;0;6228517;385;0
147;18;336;17;18;5;99;3.60;3;1;1;77;0;6228599;181;0
147;18;336;17;18;6;99;3.80;4;1;1;81;0;6228699;166;0
147;18;336;17;18;7;80;6.80;4;1;1;83;0;6228780;64;0
147;18;336;17;18;7;99;3.60;5;2;1;80;0;6228799;360;0
147;18;336;17;18;8;20;3.60;1;1;1;77;0;6228820;3700;0
147;18;336;17;18;9;99;4.00;6;2;1;70;0;6228999;524;0
147;18;336;17;18;9;99;3.20;8;2;1;73;0;6228999;1850;0
147;18;336;17;18;9;23;3.80;5;2;1;81;0;6228923;107;0
147;18;336;17;18;9;38;3.60;1;1;1;83;0;6228938;101;0
147;18;336;17;18;10;99;3.60;5;2;1;81;0;6229099;159;0
147;18;336;17;18;11;99;3.40;4;1;1;83;0;6229199;389;0
147;18;336;17;18;11;99;3.60;6;2;1;70;0;6229199;179;0
147;18;336;17;18;12;66;3.80;3;1;1;85;0;6229266;650;0
147;18;336;17;18;14;99;3.60;3;1;1;72;0;6229499;216;0
147;18;336;17;18;14;99;3.20;6;2;1;72;0;6229499;281;0
147;18;336;17;18;14;2;3.60;5;2;1;83;0;6229402;287;0
147;18;336;17;18;15;17;3.20;5;2;1;76;0;6229517;99;0
147;18;336;17;18;15;99;3.40;3;1;1;73;0;6229599;82;0
147;18;336;17;18;18;0;4.20;8;2;1;81;0;6229800;785;0
147;18;336;17;18;18;5;4.40;6;2;1;72;0;6229805;290;0
147;18;336;17;18;18;99;3.40;3;1;1;72;0;6229899;283;0
147;18;336;17;18;19;16;3.40;5;2;1;81;0;6229916;383;0
147;18;336;17;18;19;99;3.40;2;1;1;71;0;6229999;1689;0
147;18;336;17;18;19;24;4.40;3;1;1;81;0;6229924;7;0
147;18;336;17;18;21;9;3.40;1;1;1;77;0;6230109;1155;0
147;18;336;17;18;22;28;3.40;6;2;1;76;0;6230228;401;0
147;18;336;17;18;23;2;3.80;5;2;1;82;0;6230302;370;0
147;18;336;17;18;23;99;3.60;3;1;1;77;0;6230399;455;0
147;18;336;17;18;23;99;3.80;6;2;1;77;0;6230399;154;0
147;18;336;17;18;25;69;3.60;5;2;1;76;0;6230569;250;0
147;18;336;17;18;26;18;3.00;2;1;1;75;0;6230618;601;0
147;18;336;17;18;26;99;3.20;3;1;1;71;0;6230699;283;0
147;18;336;17;18;27;13;4.20;7;2;1;80;0;6230713;2275;0
147;18;336;17;18;27;11;4.00;2;1;1;85;0;6230711;78;0
147;18;336;17;18;27;17;3.80;5;2;1;81;0;6230717;130;0
147;18;336;17;18;27;31;3.40;4;1;1;72;0;6230731;1517;0
147;18;336;17;18;28;15;3.00;3;1;1;70;0;6230815;99;0
147;18;336;17;18;28;99;4.00;5;2;1;85;0;6230899;165;0
147;18;336;17;18;29;99;3.80;5;2;1;85;0;6230999;83;0
147;18;336;17;18;29;99;3.40;6;2;1;71;0;6230999;582;0
147;18;336;17;18;30;39;3.40;3;1;1;71;0;6231039;208;0
147;18;336;17;18;32;99;4.80;5;2;1;84;0;6231299;283;0
147;18;336;17;18;32;1;3.60;3;1;1;70;0;6231201;144;0
147;18;336;17;18;32;44;3.60;4;1;1;85;0;6231244;496;0
147;18;336;17;18;33;75;15.60;6;2;4;71;0;6231375;358;0
147;18;336;17;18;34;99;3.60;3;1;1;65;0;6231499;279;0
147;18;336;17;18;34;99;4.00;1;1;1;76;0;6231499;1374;0
147;18;336;17;18;36;2;3.40;4;1;1;82;0;6231602;342;0
147;18;336;17;18;36;99;4.00;5;2;1;81;0;6231699;379;0
147;18;336;17;18;36;99;3.60;6;2;1;76;0;6231699;244;0
147;18;336;17;18;36;99;4.00;8;2;1;81;0;6231699;1880;0
147;18;336;17;18;37;14;3.40;3;1;1;74;0;6231714;195;0
147;18;336;17;18;37;32;4.60;4;1;1;83;0;6231732;115;0
147;18;336;17;18;38;90;3.40;6;2;1;77;0;6231890;173;0
147;18;336;17;18;38;99;12.00;2;1;3;78;0;6231899;1171;0
147;18;336;17;18;39;99;3.80;3;1;1;76;0;6231999;268;0
147;18;336;17;18;40;12;3.40;6;2;1;80;0;6232012;106;0
147;18;336;17;18;40;14;3.60;5;2;1;81;0;6232014;297;0
147;18;336;17;18;40;33;3.80;2;1;1;78;0;6232033;78;0
147;18;336;17;18;41;20;3.40;3;1;1;71;0;6232120;103;0
147;18;336;17;18;42;99;3.40;6;2;1;79;0;6232299;271;0
147;18;336;17;18;42;2;3.40;3;1;1;72;0;6232202;64;0
147;18;336;17;18;43;15;3.20;2;1;1;77;0;6232315;264;0
147;18;336;17;18;43;63;3.60;6;2;1;79;0;6232363;48;0
147;18;336;17;18;44;2;3.40;4;1;1;79;0;6232402;650;0
147;18;336;17;18;44;99;3.60;6;2;1;77;0;6232499;119;0
147;18;336;17;18;44;99;3.20;3;1;1;74;0;6232499;280;0
147;18;336;17;18;45;16;3.80;5;2;1;82;0;6232516;486;0
147;18;336;17;18;46;99;3.80;5;2;1;82;0;6232699;166;0
147;18;336;17;18;46;99;3.60;3;1;1;75;0;6232699;184;0
147;18;336;17;18;47;0;7.20;7;2;1;79;0;6232700;1968;0
147;18;336;17;18;47;99;3.20;2;1;1;72;0;6232799;469;0
147;18;336;17;18;49;3;3.60;2;1;1;75;0;6232903;88;0
147;18;336;17;18;49;99;3.20;3;1;1;72;0;6232999;282;0
147;18;336;17;18;50;14;3.80;5;2;1;80;0;6233014;298;0
147;18;336;17;18;50;2;3.80;7;2;1;72;0;6233002;269;0
147;18;336;17;18;51;97;3.40;6;2;1;81;0;6233197;681;0
147;18;336;17;18;51;99;3.40;4;1;1;78;0;6233199;781;0
147;18;336;17;18;53;17;3.80;3;1;1;74;0;6233317;302;0
147;18;336;17;18;53;53;3.80;6;2;1;75;0;6233353;140;0
147;18;336;17;18;53;82;3.80;4;1;1;75;0;6233382;167;0
147;18;336;17;18;53;98;4.00;5;2;1;85;0;6233398;366;0
147;18;336;17;18;54;99;3.40;3;1;1;74;0;6233499;163;0
147;18;336;17;18;54;99;3.00;4;1;1;74;0;6233499;98;0
147;18;336;17;18;55;99;3.40;4;1;1;70;0;6233599;85;0
147;18;336;17;18;56;99;3.40;1;1;1;75;0;6233699;2181;0
147;18;336;17;18;57;5;3.60;6;2;1;79;0;6233705;333;0
147;18;336;17;18;57;14;3.60;4;1;1;75;0;6233714;97;6233199
147;18;336;17;18;57;99;4.00;5;2;1;88;0;6233799;384;0
147;18;336;17;18;58;9;3.80;3;1;1;79;0;6233809;293;0
147;18;336;17;18;58;26;3.60;2;1;1;78;0;6233826;905;0
147;18;336;17;18;58;52;3.00;1;1;1;84;0;6233852;136;0
147;18;336;17;18;58;59;3.60;7;2;1;72;0;6233859;838;0
147;18;336;17;18;58;58;5.20;4;1;1;80;0;6233858;126;6233199
147;18;336;17;18;59;99;3.80;6;2;1;79;0;6233999;277;0
147;18;336;17;19;0;99;3.60;3;1;1;79;0;6234099;272;0
147;18;336;17;19;0;99;3.60;4;1;1;78;0;6234099;217;0
147;18;336;17;18;59;15;4.40;7;2;1;20;0;6233915;38;0
147;18;336;17;19;2;3;3.40;4;1;1;80;0;6234203;87;0
147;18;336;17;19;2;1;3.80;2;1;1;74;0;6234201;358;0
147;18;336;17;19;2;99;3.80;5;2;1;81;0;6234299;483;0
147;18;336;17;19;3;20;3.00;6;2;1;79;0;6234320;303;0
147;18;336;17;19;3;18;3.60;1;1;1;79;0;6234318;453;0
147;18;336;17;19;6;15;3.40;2;1;1;81;0;6234615;395;0
147;18;336;17;19;6;15;4.00;3;1;1;73;0;6234615;499;0
147;18;336;17;19;6;57;3.80;7;2;1;73;0;6234657;662;0
147;18;336;17;19;6;99;3.60;5;2;1;78;0;6234699;383;0
147;18;336;17;19;7;6;3.20;6;2;1;85;0;6234706;372;0
147;18;336;17;19;7;99;3.40;5;2;1;78;0;6234799;83;0
147;18;336;17;19;7;99;3.20;2;1;1;75;0;6234799;168;0
147;18;336;17;19;8;16;3.60;1;1;1;76;0;6234816;481;0
147;18;336;17;19;8;11;3.80;6;2;1;77;0;6234811;91;0
147;18;336;17;19;9;95;3.80;4;1;1;76;0;6234995;776;0
147;18;336;17;19;9;99;3.60;7;2;1;78;0;6234999;323;0
147;18;336;17;19;10;13;3.60;4;1;1;78;0;6235013;0;0
147;18;336;17;19;10;99;5.20;7;2;1;78;0;6235099;83;0
147;18;336;17;19;10;5;3.80;4;1;1;75;0;6235005;-1;0
147;18;336;17;19;11;66;3.60;3;1;1;77;0;6235166;531;0
147;18;336;17;19;12;1;3.80;5;2;1;80;0;6235201;386;0
147;18;336;17;19;12;2;3.60;4;1;1;78;0;6235202;178;0
147;18;336;17;19;12;0;3.80;2;1;1;75;0;6235200;385;0
147;18;336;17;19;12;99;3.60;6;2;1;80;0;6235299;470;0
147;18;336;17;19;12;99;3.80;4;1;1;80;0;6235299;80;6234995
147;18;336;17;19;13;9;3.60;7;2;1;77;0;6235309;186;6234995
147;18;336;17;19;13;37;3.60;6;2;1;80;0;6235337;21;6234995
147;18;336;17;19;13;43;3.80;3;1;1;79;0;6235343;160;6234995
147;18;336;17;19;14;99;3.20;5;2;1;81;0;6235499;280;0
147;18;336;17;19;14;99;3.80;2;1;1;76;0;6235499;280;0
147;18;336;17;19;15;99;3.40;4;1;1;73;0;6235599;282;0
147;18;336;17;19;16;20;4.00;4;1;1;72;0;6235620;4;0
147;18;336;17;19;16;52;3.60;5;2;1;81;0;6235652;138;0
147;18;336;17;19;17;99;3.60;3;1;1;75;0;6235799;438;0
147;18;336;17;19;17;99;3.60;6;2;1;73;0;6235799;445;0
147;18;336;17;19;19;98;3.20;2;1;1;74;0;6235998;481;0
147;18;336;17;19;18;42;4.00;7;2;1;17;0;6235842;516;0
147;18;336;17;19;20;99;3.60;6;2;1;76;0;6236099;282;0
147;18;336;17;19;22;8;4.60;5;2;1;82;0;6236208;540;0
147;18;336;17;19;22;99;3.60;3;1;1;78;0;6236299;482;0
147;18;336;17;19;22;99;3.40;6;2;1;73;0;6236299;182;0
147;18;336;17;19;23;99;5.20;7;2;1;73;0;6236399;472;0
147;18;336;17;19;24;50;3.40;7;2;1;83;0;6236450;25;0
147;18;336;17;19;25;99;3.00;3;1;1;72;0;6236599;283;0
147;18;336;17;19;26;99;3.40;6;2;1;71;0;6236699;383;0
147;18;336;17;19;26;70;3.60;2;1;1;76;0;6236670;656;0
147;18;336;17;19;27;99;4.40;7;2;1;89;0;6236799;334;0
147;18;336;17;19;27;99;3.60;3;1;1;72;0;6236799;185;0
147;18;336;17;19;28;8;3.40;5;2;1;82;0;6236808;579;0
147;18;336;17;19;27;55;15.20;6;2;4;71;0;6236755;38;0
147;18;336;17;19;29;12;3.40;5;2;1;79;0;6236912;89;0
147;18;336;17;19;29;56;3.00;6;2;1;73;0;6236956;123;0
147;18;336;17;19;30;99;4.00;6;2;1;83;0;6237099;128;0
147;18;336;17;19;32;3;4.00;6;2;1;73;0;6237203;86;6236699
147;18;336;17;19;32;99;3.80;8;2;1;75;0;6237299;5582;0
147;18;336;17;19;33;4;3.80;3;1;1;78;0;6237304;487;0
147;18;336;17;19;33;4;3.60;4;1;1;79;0;6237304;1664;0
147;18;336;17;19;34;78;3.40;3;1;1;70;0;6237478;156;0
147;18;336;17;19;35;99;3.60;3;1;1;71;0;6237599;103;0
147;18;336;17;19;37;14;3.60;5;2;1;82;0;6237714;786;0
147;18;336;17;19;37;82;3.60;6;2;1;81;0;6237782;559;0
147;18;336;17;19;37;99;3.40;8;2;1;70;0;6237799;481;0
147;18;336;17;19;39;14;4.40;3;1;1;71;0;6237914;296;0
147;18;336;17;19;40;99;3.80;3;1;1;67;0;6238099;162;0
147;18;336;17;19;40;99;3.40;8;2;1;77;0;6238099;282;0
147;18;336;17;19;41;99;3.60;6;2;1;70;0;6238199;401;0
147;18;336;17;19;41;99;3.60;2;1;1;68;0;6238199;1511;0
147;18;336;17;19;41;99;3.00;3;1;1;64;0;6238199;79;0
147;18;336;17;19;41;38;3.40;1;1;1;77;0;6238138;3304;0
147;18;336;17;19;42;99;3.80;5;2;1;78;0;6238299;569;0
147;18;336;17;19;42;99;3.00;2;1;1;67;0;6238299;80;0
147;18;336;17;19;43;15;3.60;6;2;1;78;0;6238315;97;0
147;18;336;17;19;43;99;3.20;3;1;1;58;0;6238399;183;0
147;18;336;17;19;43;99;8.40;7;2;2;52;0;6238399;1582;0
147;18;336;17;19;44;77;3.60;6;2;1;76;0;6238477;145;0
147;18;336;17;19;46;99;4.20;1;1;1;79;0;6238699;545;0
147;18;336;17;19;45;31;5.80;7;2;1;29;0;6238531;73;0
147;18;336;17;19;47;15;3.20;3;1;1;73;0;6238715;296;0
147;18;336;17;19;47;91;3.60;6;2;1;66;0;6238791;296;0
147;18;336;17;19;47;99;4.20;3;1;1;71;0;6238799;68;0
147;18;336;17;19;48;99;3.80;4;1;1;80;0;6238899;1578;0
147;18;336;17;19;48;99;5.20;6;2;1;75;0;6238899;88;0
147;18;336;17;19;49;99;3.40;3;1;1;72;0;6238999;178;0
147;18;336;17;19;49;33;4.00;4;1;1;80;0;6238933;16;0
147;18;336;17;19;50;99;3.80;2;1;1;75;0;6239099;783;0
147;18;336;17;19;51;99;3.60;1;1;1;81;0;6239199;480;0
147;18;336;17;19;51;99;8.80;3;1;6;79;0;6239199;183;0
147;18;336;17;19;51;5;2.80;2;1;1;69;0;6239105;-1;0
147;18;336;17;19;52;52;3.60;8;2;1;79;0;6239252;1137;0
147;18;336;17;19;53;17;3.60;8;2;1;75;0;6239317;48;0
147;18;336;17;19;53;99;3.40;4;1;1;78;0;6239399;448;0
147;18;336;17;19;53;99;4.60;7;2;1;70;0;6239399;796;0
147;18;336;17;19;54;99;3.60;2;1;1;76;0;6239499;379;0
147;18;336;17;19;55;99;3.40;3;1;1;74;0;6239599;359;0
147;18;336;17;19;56;3;3.40;6;2;1;74;0;6239603;679;0
147;18;336;17;19;59;23;3.20;2;1;1;77;0;6239923;406;0
147;18;336;17;19;57;96;0.20;7;2;1;20;1;6239796;373;0
147;18;336;17;20;0;95;3.60;3;1;1;80;0;6240095;479;0
147;18;336;17;20;0;99;3.80;6;2;1;77;0;6240099;479;0
147;18;336;17;20;0;99;3.60;2;1;1;74;0;6240099;161;0
147;18;336;17;20;1;99;3.20;3;1;1;79;0;6240199;87;0
147;18;336;17;20;1;99;3.80;5;2;1;81;0;6240199;1882;0
147;18;336;17;20;2;51;3.60;2;1;1;77;0;6240251;134;0
147;18;336;17;20;3;99;3.40;6;2;1;75;0;6240399;282;0
147;18;336;17;20;4;15;3.40;1;1;1;80;0;6240415;1200;0
147;18;336;17;20;4;15;4.00;7;2;1;81;0;6240415;992;0
147;18;336;17;20;6;99;3.40;8;2;1;74;0;6240699;1364;0
147;18;336;17;20;7;23;3.40;2;1;1;73;0;6240723;455;0
147;18;336;17;20;8;12;3.80;1;1;1;75;0;6240812;381;0
147;18;336;17;20;8;99;3.80;3;1;1;77;0;6240899;685;0
147;18;336;17;20;8;99;3.60;1;1;1;77;0;6240899;68;0
147;18;336;17;20;9;11;3.80;4;1;1;79;0;6240911;1496;0
147;18;336;17;20;9;99;3.80;2;1;1;68;0;6240999;259;0
147;18;336;17;20;9;99;3.60;6;2;1;74;0;6240999;583;0
147;18;336;17;20;10;94;1.40;3;2;1;40;0;6241094;182380;0
147;18;336;17;20;11;99;3.20;4;1;1;80;0;6241199;270;0
147;18;336;17;20;11;99;3.40;6;2;1;73;0;6241199;182;0
147;18;336;17;20;11;99;3.80;7;2;1;76;0;6241199;766;0
147;18;336;17;20;12;99;4.00;8;2;1;67;0;6241299;583;0
147;18;336;17;20;12;10;3.80;3;1;1;75;0;6241210;293;0
147;18;336;17;20;12;27;3.40;5;2;1;75;0;6241227;1011;0
147;18;336;17;20;13;99;3.60;5;2;1;72;0;6241399;155;0
147;18;336;17;20;13;99;3.80;7;2;1;82;0;6241399;182;0
147;18;336;17;20;14;99;4.00;6;2;1;84;0;6241499;283;0
147;18;336;17;20;15;66;3.80;5;2;1;73;0;6241566;149;0
147;18;336;17;20;15;80;4.40;3;1;1;76;0;6241580;351;0
147;18;336;17;20;15;99;4.00;6;2;1;84;0;6241599;82;0
147;18;336;17;20;16;99;3.40;5;2;1;81;0;6241699;114;0
147;18;336;17;20;16;99;3.60;7;2;1;82;0;6241699;283;0
147;18;336;17;20;17;8;3.60;6;2;1;83;0;6241708;91;0
147;18;336;17;20;17;28;3.80;4;1;1;83;0;6241728;514;0
147;18;336;17;20;18;24;3.60;7;2;1;88;0;6241824;109;0
147;18;336;17;20;19;99;3.00;7;2;1;80;0;6241999;160;0
147;18;336;17;20;19;99;4.40;6;2;1;64;0;6241999;275;0
147;18;336;17;20;20;32;3.80;6;2;1;66;0;6242032;8;0
147;18;336;17;20;21;18;3.60;1;1;1;84;0;6242118;1202;0
147;18;336;17;20;22;99;4.00;6;2;1;71;0;6242299;246;0
147;18;336;17;20;23;7;3.60;3;1;1;73;0;6242307;706;0
147;18;336;17;20;24;4;3.40;6;2;1;74;0;6242404;84;0
147;18;336;17;20;25;43;3.40;3;1;1;73;0;6242543;218;0
147;18;336;17;20;26;14;3.80;6;2;1;77;0;6242614;193;0
147;18;336;17;20;26;99;3.20;2;1;1;81;0;6242699;1679;0
147;18;336;17;20;27;99;3.20;3;1;1;72;0;6242799;239;0
147;18;336;17;20;27;99;3.40;2;1;1;77;0;6242799;85;0
147;18;336;17;20;28;99;3.60;6;2;1;79;0;6242899;267;0
147;18;336;17;20;30;13;3.60;4;1;1;78;0;6243013;1268;0
147;18;336;17;20;30;57;4.00;5;2;1;82;0;6243057;1342;0
147;18;336;17;20;32;99;4.20;6;2;1;75;0;6243299;383;0
147;18;336;17;20;32;99;3.40;3;1;1;74;0;6243299;484;0
147;18;336;17;20;32;19;3.80;5;2;1;91;0;6243219;144;0
147;18;336;17;20;33;86;3.80;4;1;1;83;0;6243386;356;0
147;18;336;17;20;34;99;3.60;6;2;1;78;0;6243499;179;0
147;18;336;17;20;35;99;3.80;6;2;1;72;0;6243599;83;0
147;18;336;17;20;35;26;3.80;7;2;1;81;0;6243526;1513;0
147;18;336;17;20;36;99;3.20;6;2;1;72;0;6243699;81;0
147;18;336;17;20;36;99;3.80;7;2;1;78;0;6243699;156;0
147;18;336;17;20;37;99;3.60;6;2;1;73;0;6243799;84;6243299
147;18;336;17;20;38;18;3.20;7;2;1;77;0;6243818;101;6243299
147;18;336;17;20;38;63;3.40;4;1;1;80;0;6243863;460;0
147;18;336;17;20;39;14;4.00;5;2;1;82;0;6243914;679;0
147;18;336;17;20;39;99;3.40;6;2;1;74;0;6243999;182;6243299
147;18;336;17;20;40;8;3.40;3;1;1;81;0;6244008;692;0
147;18;336;17;20;40;99;3.60;5;2;1;87;0;6244099;167;0
147;18;336;17;20;40;9;3.80;4;1;1;84;0;6244009;130;0
147;18;336;17;20;41;99;3.40;6;2;1;74;0;6244199;183;6243299
147;18;336;17;20;41;99;3.20;3;1;1;73;0;6244199;175;6243299
147;18;336;17;20;42;27;3.80;5;2;1;87;0;6244227;113;6243299
147;18;336;17;20;44;19;3.20;6;2;1;73;0;6244419;203;0
147;18;336;17;20;44;19;3.60;1;1;1;77;0;6244419;2285;0
147;18;336;17;20;45;99;3.60;2;1;1;81;0;6244599;1784;0
147;18;336;17;20;45;99;5.40;6;2;1;73;0;6244599;164;0
147;18;336;17;20;45;7;3.60;7;2;1;80;0;6244507;674;0
147;18;336;17;20;46;18;3.80;5;2;1;82;0;6244618;375;0
147;18;336;17;20;46;99;3.40;4;1;1;75;0;6244699;673;0
147;18;336;17;20;47;27;3.80;1;1;1;87;0;6244727;291;0
147;18;336;17;20;48;58;3.80;4;1;1;75;0;6244858;142;0
147;18;336;17;20;48;80;3.20;6;2;1;74;0;6244880;254;0
147;18;336;17;20;49;99;3.60;3;1;1;82;0;6244999;784;0
147;18;336;17;20;50;99;3.60;6;2;1;74;0;6245099;203;0
147;18;336;17;20;50;99;3.80;7;2;1;76;0;6245099;575;0
147;18;336;17;20;50;12;4.00;3;1;1;64;0;6245012;-1;0
147;18;336;17;20;51;99;3.80;5;2;1;81;0;6245199;564;0
147;18;336;17;20;52;22;3.60;6;2;1;76;0;6245222;105;0
147;18;336;17;20;53;14;3.40;3;1;1;68;0;6245314;279;0
147;18;336;17;20;53;50;3.80;2;1;1;72;0;6245350;735;0
147;18;336;17;20;54;99;3.20;3;1;1;70;0;6245499;167;0
147;18;336;17;20;54;99;4.60;5;2;1;95;0;6245499;283;0
147;18;336;17;20;55;99;3.60;3;1;1;72;0;6245599;83;0
147;18;336;17;20;56;70;3.40;4;1;1;72;0;6245670;793;0
147;18;336;17;20;56;89;3.60;1;1;1;79;0;6245689;946;0
147;18;336;17;20;56;99;3.80;6;2;1;84;0;6245699;459;0
147;18;336;17;20;56;99;3.60;2;1;1;67;0;6245699;330;0
147;18;336;17;20;57;99;3.40;3;1;1;71;0;6245799;182;0
147;18;336;17;20;58;99;3.60;7;2;1;79;0;6245899;782;0
147;18;336;17;20;59;99;3.60;7;2;1;80;0;6245999;83;0
147;18;336;17;21;0;2;3.20;6;2;1;87;0;6246002;286;0
147;18;336;17;21;0;3;3.60;3;1;1;74;0;6246003;186;6245314
147;18;336;17;21;2;99;3.80;5;2;1;87;0;6246299;782;0
147;18;336;17;21;3;13;3.40;2;1;1;78;0;6246313;594;0
147;18;336;17;21;3;99;4.20;6;2;1;83;0;6246399;383;0
147;18;336;17;21;4;99;3.60;6;2;1;85;0;6246499;81;0
147;18;336;17;21;5;10;3.80;4;1;1;85;0;6246510;823;0
147;18;336;17;21;7;99;3.80;7;2;1;82;0;6246799;783;0
147;18;336;17;21;9;81;4.00;3;1;1;78;0;6246981;960;0
147;18;336;17;21;9;99;4.20;8;2;1;81;0;6246999;5678;0
147;18;336;17;21;10;15;4.60;3;1;1;77;0;6247015;15;0
147;18;336;17;21;11;29;3.60;3;1;1;74;0;6247129;92;0
147;18;336;17;21;13;99;3.60;3;1;1;75;0;6247399;252;0
147;18;336;17;21;14;99;4.00;7;2;1;79;0;6247499;683;0
147;18;336;17;21;14;99;3.80;4;1;1;82;0;6247499;972;0
147;18;336;17;21;15;99;3.60;6;2;1;80;0;6247599;1084;0
147;18;336;17;21;15;99;3.40;3;1;1;71;0;6247599;182;0
147;18;336;17;21;16;8;3.60;3;1;1;68;0;6247608;-1;0
147;18;336;17;21;16;50;4.00;4;1;1;83;0;6247650;134;0
147;18;336;17;21;17;93;3.60;3;1;1;64;0;6247793;165;0
147;18;336;17;21;17;99;3.80;2;1;1;79;0;6247799;1470;0
147;18;336;17;21;19;71;5.40;6;2;1;79;0;6247971;355;0
147;18;336;17;21;19;99;3.80;1;1;1;69;0;6247999;2293;0
147;18;336;17;21;20;99;5.20;3;1;1;73;0;6248099;285;0
147;18;336;17;21;20;99;3.80;2;1;1;74;0;6248099;282;0
147;18;336;17;21;21;99;3.60;3;1;1;73;0;6248199;74;0
147;18;336;17;21;21;55;3.20;5;2;1;81;0;6248155;1840;0
147;18;336;17;21;22;99;3.40;2;1;1;73;0;6248299;181;0
147;18;336;17;21;23;13;3.40;6;2;1;82;0;6248313;317;0
147;18;336;17;21;25;99;3.60;3;1;1;82;0;6248599;382;0
147;18;336;17;21;27;13;3.40;7;2;1;75;0;6248713;1195;0
147;18;336;17;21;27;10;3.20;6;2;1;70;0;6248710;382;0
147;18;336;17;21;28;8;3.80;3;1;1;76;0;6248808;193;0
147;18;336;17;21;28;99;3.60;4;1;1;87;0;6248899;1231;0
147;18;336;17;21;28;99;3.20;2;1;1;76;0;6248899;583;0
147;18;336;17;21;30;1;4.00;2;1;1;75;0;6249001;86;0
147;18;336;17;21;30;22;3.00;6;2;1;75;0;6249022;295;0
147;18;336;17;21;30;99;3.40;3;1;1;78;0;6249099;273;0
147;18;336;17;21;31;10;3.80;1;1;1;84;0;6249110;1091;0
147;18;336;17;21;31;28;4.00;6;2;1;79;0;6249128;91;0
147;18;336;17;21;32;93;3.60;7;2;1;85;0;6249293;563;0
147;18;336;17;21;32;99;4.00;2;1;1;75;0;6249299;278;0
147;18;336;17;21;33;99;4.20;3;1;1;78;0;6249399;284;0
147;18;336;17;21;35;9;3.80;7;2;1;78;0;6249509;200;0
147;18;336;17;21;35;99;3.60;2;1;1;79;0;6249599;280;0
147;18;336;17;21;35;99;3.60;6;2;1;75;0;6249599;452;0
147;18;336;17;21;37;52;4.60;5;2;1;81;0;6249752;1582;0
147;18;336;17;21;37;68;4.60;7;2;1;80;0;6249768;241;0
147;18;336;17;21;38;99;3.20;1;1;1;71;0;6249899;772;0
147;18;336;17;21;38;99;3.40;5;2;1;81;0;6249899;126;0
147;18;336;17;21;40;10;3.20;6;2;1;78;0;6250010;393;0
147;18;336;17;21;40;99;3.60;5;2;1;81;0;6250099;184;0
147;18;336;17;21;40;99;3.00;1;1;1;73;0;6250099;183;0
147;18;336;17;21;41;99;3.80;6;2;1;79;0;6250199;174;0
147;18;336;17;21;41;99;3.40;2;1;1;72;0;6250199;583;0
147;18;336;17;21;41;10;3.40;7;2;1;79;0;6250110;321;0
147;18;336;17;21;42;73;3.60;5;2;1;77;0;6250273;158;0
147;18;336;17;21;42;99;3.60;6;2;1;78;0;6250299;82;0
147;18;336;17;21;43;99;3.60;2;1;1;71;0;6250399;183;0
147;18;336;17;21;43;99;3.80;5;2;1;78;0;6250399;109;6249752
147;18;336;17;21;43;99;4.40;3;1;1;75;0;6250399;980;0
147;18;336;17;21;44;35;3.60;3;1;1;81;0;6250435;14;0
147;18;336;17;21;44;49;3.20;2;1;1;72;0;6250449;31;0
147;18;336;17;21;45;2;3.40;5;2;1;78;0;6250502;85;6249752
147;18;336;17;21;47;12;4.00;4;1;1;79;0;6250712;1798;0
147;18;336;17;21;47;65;3.40;5;2;1;82;0;6250765;247;0
147;18;336;17;21;49;23;3.40;3;1;1;74;0;6250923;472;0
147;18;336;17;21;49;16;3.40;2;1;1;84;0;6250916;451;0
147;18;336;17;21;50;80;3.60;6;2;1;80;0;6251080;764;0
147;18;336;17;21;50;99;3.80;2;1;1;65;0;6251099;168;0
147;18;336;17;21;52;11;3.00;2;1;1;65;0;6251211;90;0
147;18;336;17;21;52;27;3.60;4;1;1;83;0;6251227;496;0
147;18;336;17;21;52;24;3.60;3;1;1;77;0;6251224;284;0
147;18;336;17;21;52;76;3.60;2;1;1;63;0;6251276;48;0
147;18;336;17;21;53;99;3.60;6;2;1;78;0;6251399;302;0
147;18;336;17;21;55;4;3.20;6;2;1;79;0;6251504;88;0
147;18;336;17;21;55;9;3.60;4;1;1;84;0;6251509;266;0
147;18;336;17;21;55;63;3.40;3;1;1;82;0;6251563;322;0
147;18;336;17;21;55;72;4.20;2;1;1;71;0;6251572;275;0
147;18;336;17;21;55;99;3.80;1;1;1;83;0;6251599;1485;0
147;18;336;17;21;56;99;3.20;5;2;1;85;0;6251699;919;0
147;18;336;17;21;56;99;3.00;2;1;1;71;0;6251699;105;0
147;18;336;17;21;58;18;4.20;8;2;1;81;0;6251818;4800;0
147;18;336;17;21;59;5;3.80;5;2;1;80;0;6251905;192;0
147;18;336;17;21;59;18;3.80;6;2;1;75;0;6251918;399;0
147;18;336;17;21;59;99;3.40;7;2;1;84;0;6251999;1873;0
147;18;336;17;22;1;99;3.60;5;2;1;77;0;6252199;276;0
147;18;336;17;22;2;21;3.00;3;1;1;72;0;6252221;643;0
147;18;336;17;22;2;53;3.40;2;1;1;68;0;6252253;538;0
147;18;336;17;22;3;19;3.80;4;1;1;77;0;6252319;794;0
147;18;336;17;22;3;81;3.80;6;2;1;72;0;6252381;444;0
147;18;336;17;22;3;99;3.00;2;1;1;69;0;6252399;128;0
147;18;336;17;22;3;99;3.60;3;1;1;79;0;6252399;163;0
147;18;336;17;22;4;20;3.80;5;2;1;80;0;6252420;204;0
147;18;336;17;22;4;99;3.20;7;2;1;77;0;6252499;485;0
147;18;336;17;22;4;99;3.80;2;1;1;72;0;6252499;84;0
147;18;336;17;22;6;99;3.20;5;2;1;78;0;6252699;261;0
147;18;336;17;22;7;31;3.60;6;2;1;73;0;6252731;331;0
147;18;336;17;22;9;6;3.00;6;2;1;72;0;6252906;157;0
147;18;336;17;22;9;3;4.00;7;2;1;76;0;6252903;389;0
147;18;336;17;22;9;99;4.00;1;1;1;81;0;6252999;1383;0
147;18;336;17;22;9;99;3.60;7;2;1;76;0;6252999;77;0
147;18;336;17;22;10;20;3.00;3;1;1;73;0;6253020;604;0
147;18;336;17;22;10;40;3.60;5;2;1;78;0;6253040;326;0
147;18;336;17;22;10;71;3.60;6;2;1;72;0;6253071;150;0
147;18;336;17;22;10;90;3.40;2;1;1;69;0;6253090;572;0
147;18;336;17;22;12;99;4.40;7;2;1;77;0;6253299;282;0
147;18;336;17;22;12;8;3.80;5;2;1;83;0;6253208;151;0
147;18;336;17;22;12;11;3.60;3;1;1;74;0;6253211;176;0
147;18;336;17;22;13;9;3.40;1;1;1;77;0;6253309;292;0
147;18;336;17;22;13;11;3.80;4;1;1;76;0;6253311;974;0
147;18;336;17;22;13;99;3.40;5;2;1;84;0;6253399;174;0
147;18;336;17;22;14;7;3.40;6;2;1;76;0;6253407;318;0
147;18;336;17;22;14;17;3.60;4;1;1;74;0;6253417;88;0
147;18;336;17;22;14;99;3.40;3;1;1;68;0;6253499;270;0
147;18;336;17;22;15;42;3.60;5;2;1;81;0;6253542;128;0
147;18;336;17;22;15;52;3.20;2;1;1;72;0;6253552;444;0
147;18;336;17;22;17;17;3.40;7;2;1;77;0;6253717;397;0
147;18;336;17;22;17;28;3.00;4;1;1;76;0;6253728;293;0
147;18;336;17;22;17;99;3.80;5;2;1;82;0;6253799;241;0
147;18;336;17;22;18;71;4.00;7;2;1;83;0;6253871;138;0
147;18;336;17;22;20;7;4.80;6;2;1;73;0;6254007;583;0
147;18;336;17;22;21;10;4.20;8;2;1;77;0;6254110;2273;0
147;18;336;17;22;21;99;4.40;2;1;1;65;0;6254199;631;0
147;18;336;17;22;21;99;3.60;3;1;1;80;0;6254199;682;0
147;18;336;17;22;22;99;3.60;5;2;1;84;0;6254299;483;0
147;18;336;17;22;22;99;4.40;6;2;1;76;0;6254299;268;0
147;18;336;17;22;23;79;3.60;6;2;1;75;0;6254379;59;0
147;18;336;17;22;23;97;3.60;2;1;1;71;0;6254397;173;0
147;18;336;17;22;26;76;7.00;6;2;1;73;0;6254676;279;0
147;18;336;17;22;27;99;3.60;1;1;1;74;0;6254799;1474;0
147;18;336;17;22;27;99;3.20;3;1;1;77;0;6254799;583;0
147;18;336;17;22;27;99;4.00;4;1;1;84;0;6254799;1056;0
147;18;336;17;22;27;99;3.60;6;2;1;72;0;6254799;88;0
147;18;336;17;22;28;61;3.80;2;1;1;79;0;6254861;445;0
147;18;336;17;22;29;99;3.80;6;2;1;69;0;6254999;182;0
147;18;336;17;22;30;48;3.40;6;2;1;67;0;6255048;29;0
147;18;336;17;22;32;9;3.00;6;2;1;71;0;6255209;142;6254676
147;18;336;17;22;32;99;3.80;4;1;1;81;0;6255299;482;0
147;18;336;17;22;32;99;3.00;6;2;1;64;0;6255299;74;6254676
147;18;336;17;22;33;21;3.20;6;2;1;66;0;6255321;5;6254676
147;18;336;17;22;34;99;3.40;6;2;1;70;0;6255499;160;6254676
147;18;336;17;22;34;99;3.40;2;1;1;114;0;6255499;620;0
147;18;336;17;22;35;7;3.60;7;2;1;78;0;6255507;1618;0
147;18;336;17;22;35;20;3.40;5;2;1;79;0;6255520;1205;0
147;18;336;17;22;36;11;3.80;7;2;1;79;0;6255611;87;0
147;18;336;17;22;36;18;3.20;4;1;1;79;0;6255618;302;0
147;18;336;17;22;37;99;7.00;3;1;2;74;0;6255799;985;0
147;18;336;17;22;37;99;3.60;2;1;1;88;0;6255799;289;0
147;18;336;17;22;37;99;3.60;6;2;1;83;0;6255799;282;0
147;18;336;17;22;38;31;3.20;7;2;1;74;0;6255831;202;0
147;18;336;17;22;39;99;3.60;5;2;1;78;0;6255999;463;0
147;18;336;17;22;40;7;3.40;7;2;1;77;0;6256007;160;0
147;18;336;17;22;42;19;4.20;7;2;1;79;0;6256219;196;0
147;18;336;17;22;42;99;3.20;3;1;1;79;0;6256299;465;0
147;18;336;17;22;43;40;3.40;2;1;1;77;0;6256340;526;0
147;18;336;17;22;45;99;3.60;2;1;1;79;0;6256599;243;0
147;18;336;17;22;47;23;3.60;2;1;1;78;0;6256723;107;0
147;18;336;17;22;48;45;4.20;6;2;1;75;0;6256845;1030;0
147;18;336;17;22;50;99;3.80;6;2;1;74;0;6257099;233;0
147;18;336;17;22;51;27;3.60;5;2;1;77;0;6257127;1111;0
147;18;336;17;22;51;91;3.80;1;1;1;101;0;6257191;2374;0
147;18;336;17;22;52;25;3.40;2;1;1;84;0;6257225;485;0
147;18;336;17;22;52;99;3.80;3;1;1;76;0;6257299;985;0
147;18;336;17;22;52;99;3.20;6;2;1;73;0;6257299;181;0
147;18;336;17;22;53;21;3.40;7;2;1;78;0;6257321;1082;0
147;18;336;17;22;53;15;3.20;2;1;1;79;0;6257315;75;0
147;18;336;17;22;53;38;3.80;5;2;1;76;0;6257338;194;0
147;18;336;17;22;54;71;3.60;6;2;1;71;0;6257471;156;0
147;18;336;17;22;55;99;3.80;2;1;1;79;0;6257599;269;0
147;18;336;17;22;56;4;3.40;6;2;1;74;0;6257604;114;0
147;18;336;17;22;56;10;3.60;3;1;1;73;0;6257610;293;0
147;18;336;17;22;56;77;3.80;4;1;1;82;0;6257677;2044;0
147;18;336;17;22;57;99;3.60;7;2;1;82;0;6257799;462;0
147;18;336;17;22;57;99;3.20;2;1;1;80;0;6257799;182;0
147;18;336;17;22;57;99;3.40;1;1;1;78;0;6257799;594;0
147;18;336;17;22;58;99;3.40;6;2;1;74;0;6257899;278;0
147;18;336;17;22;59;76;3.60;5;2;1;85;0;6257976;620;0
147;18;336;17;22;59;99;3.60;2;1;1;91;0;6257999;185;0
147;18;336;17;23;0;99;3.60;1;1;1;79;0;6258099;284;0
147;18;336;17;23;1;32;3.80;7;2;1;84;0;6258132;317;0
147;18;336;17;23;3;99;3.40;3;1;1;79;0;6258399;771;0
147;18;336;17;23;3;99;3.60;5;2;1;84;0;6258399;407;0
147;18;336;17;23;4;16;3.60;2;1;1;76;0;6258416;402;0
147;18;336;17;23;4;98;4.20;8;2;1;96;0;6258498;4368;0
147;18;336;17;23;4;99;3.00;7;2;1;80;0;6258499;350;0
147;18;336;17;23;5;9;3.20;5;2;1;86;0;6258509;94;0
147;18;336;17;23;5;99;3.80;6;2;1;80;0;6258599;683;0
147;18;336;17;23;6;18;3.20;2;1;1;78;0;6258618;184;0
147;18;336;17;23;7;14;3.40;6;2;1;78;0;6258714;97;0
147;18;336;17;23;7;99;3.80;4;1;1;78;0;6258799;1105;0
147;18;336;17;23;7;99;3.00;2;1;1;76;0;6258799;166;0
147;18;336;17;23;8;14;3.80;5;2;1;77;0;6258814;291;0
147;18;336;17;23;8;99;4.00;4;1;1;74;0;6258899;82;0
147;18;336;17;23;8;0;3.40;5;2;1;80;0;6258800;-1;0
147;18;336;17;23;8;5;3.60;6;2;1;77;0;6258805;75;0
147;18;336;17;23;9;71;4.00;2;1;1;76;0;6258971;157;0
147;18;336;17;23;10;99;3.00;6;2;1;78;0;6259099;277;0
147;18;336;17;23;11;1;8.20;3;1;6;88;0;6259101;686;0
147;18;336;17;23;11;99;3.60;2;1;1;78;0;6259199;209;0
147;18;336;17;23;10;80;9.20;7;2;2;58;0;6259080;567;0
147;18;336;17;23;12;99;3.60;3;1;1;71;0;6259299;164;0
147;18;336;17;23;13;99;5.80;7;2;1;70;0;6259399;261;0
147;18;336;17;23;14;19;3.80;2;1;1;73;0;6259419;203;0
147;18;336;17;23;15;99;3.60;6;2;1;77;0;6259599;486;0
147;18;336;17;23;15;99;3.80;3;1;1;80;0;6259599;281;0
147;18;336;17;23;15;99;3.80;1;1;1;100;0;6259599;1483;0
147;18;336;17;23;16;1;3.80;4;1;1;83;0;6259601;682;0
147;18;336;17;23;17;99;3.60;3;1;1;81;0;6259799;182;0
147;18;336;17;23;18;99;3.80;1;1;1;83;0;6259899;286;0
147;18;336;17;23;19;14;3.80;7;2;1;75;0;6259914;485;0
147;18;336;17;23;19;28;3.40;3;1;1;78;0;6259928;113;0
147;18;336;17;23;19;51;3.80;6;2;1;72;0;6259951;335;0
147;18;336;17;23;21;99;3.20;6;2;1;75;0;6260199;229;0
147;18;336;17;23;21;24;3.00;1;1;1;77;0;6260124;208;0
147;18;336;17;23;23;0;4.40;6;2;1;79;0;6260300;85;0
147;18;336;17;23;21;91;10.80;7;2;2;48;0;6260191;258;0
147;18;336;17;23;25;99;4.00;5;2;1;82;0;6260599;1783;0
147;18;336;17;23;25;99;3.40;6;2;1;68;0;6260599;278;0
147;18;336;17;23;26;99;3.40;8;2;1;77;0;6260699;2185;0
147;18;336;17;23;28;1;3.80;5;2;1;81;0;6260801;184;0
147;18;336;17;23;28;6;3.20;7;2;1;77;0;6260806;534;0
147;18;336;17;23;28;99;3.60;3;1;1;74;0;6260899;955;0
147;18;336;17;23;30;22;3.60;5;2;1;79;0;6261022;204;0
147;18;336;17;23;29;61;1.00;7;2;1;1;1;6260961;140;0
147;18;336;17;23;31;99;3.80;6;2;1;69;0;6261199;582;0
147;18;336;17;23;31;99;3.80;3;1;1;73;0;6261199;282;0
147;18;336;17;23;31;99;3.40;4;1;1;79;0;6261199;1581;0
147;18;336;17;23;32;11;3.80;7;2;1;76;0;6261211;390;0
147;18;336;17;23;32;49;3.40;6;2;1;69;0;6261249;30;0
147;18;336;17;23;34;1;3.60;3;1;1;79;0;6261401;183;0
147;18;336;17;23;34;43;3.20;5;2;1;79;0;6261443;404;0
147;18;336;17;23;34;35;3.60;8;2;1;67;0;6261435;720;0
147;18;336;17;23;35;88;5.80;1;1;1;78;0;6261588;1449;0
147;18;336;17;23;36;22;3.60;7;2;1;86;0;6261622;393;0
147;18;336;17;23;36;99;3.40;6;2;1;71;0;6261699;432;0
147;18;336;17;23;37;36;4.00;8;2;1;85;0;6261736;281;0
147;18;336;17;23;37;40;3.80;5;2;1;81;0;6261740;282;0
147;18;336;17;23;37;89;3.40;6;2;1;72;0;6261789;72;0
147;18;336;17;23;38;99;3.60;2;1;1;74;0;6261899;2461;0
147;18;336;17;23;39;9;3.80;3;1;1;81;0;6261909;491;0
147;18;336;17;23;39;99;3.60;5;2;1;81;0;6261999;242;0
147;18;336;17;23;39;99;3.40;6;2;1;70;0;6261999;193;0
147;18;336;17;23;40;3;3.80;4;1;1;88;0;6262003;788;0
147;18;336;17;23;40;99;4.00;4;1;1;89;0;6262099;80;0
147;18;336;17;23;41;99;3.80;5;2;1;82;0;6262199;184;0
147;18;336;17;23;42;43;3.60;3;1;1;81;0;6262243;317;0
147;18;336;17;23;40;65;4.20;7;2;1;17;0;6262065;427;0
147;18;336;17;23;42;70;3.80;4;1;1;86;0;6262270;154;0
147;18;336;17;23;42;72;3.20;5;2;1;82;0;6262272;56;0
147;18;336;17;23;43;99;3.60;6;2;1;72;0;6262399;382;0
147;18;336;17;23;44;24;3.80;7;2;1;79;0;6262424;270;0
147;18;336;17;23;44;11;3.40;5;2;1;79;0;6262411;124;0
147;18;336;17;23;45;67;3.80;3;1;1;76;0;6262567;308;0
147;18;336;17;23;47;54;3.60;4;1;1;80;0;6262754;468;0
147;18;336;17;23;47;68;3.80;6;2;1;70;0;6262768;351;0
147;18;336;17;23;48;20;3.20;3;1;1;74;0;6262820;235;0
147;18;336;17;23;49;99;4.40;6;2;1;72;0;6262999;211;0
147;18;336;17;23;49;99;3.40;3;1;1;80;0;6262999;163;0
147;18;336;17;23;50;1;3.40;6;2;1;72;0;6263001;-1;0
147;18;336;17;23;50;30;3.20;5;2;1;83;0;6263030;603;0
147;18;336;17;23;50;97;5.60;4;1;1;80;0;6263097;326;0
147;18;336;17;23;51;99;3.60;7;2;1;78;0;6263199;757;0
147;18;336;17;23;51;99;3.60;5;2;1;79;0;6263199;155;0
147;18;336;17;23;51;99;3.80;6;2;1;73;0;6263199;181;0
147;18;336;17;23;52;12;3.40;3;1;1;79;0;6263212;197;0
147;18;336;17;23;53;99;6.00;4;1;1;81;0;6263399;276;0
147;18;336;17;23;54;15;3.80;2;1;1;71;0;6263415;1498;0
147;18;336;17;23;54;99;3.20;5;2;1;81;0;6263499;283;0
147;18;336;17;23;52;57;1.00;7;2;1;1;1;6263257;41;0
147;18;336;17;23;55;13;3.20;3;1;1;74;0;6263513;285;0
147;18;336;17;23;56;2;3.60;5;2;1;84;0;6263602;88;0
147;18;336;17;23;56;99;3.40;2;1;1;78;0;6263699;264;0
147;18;336;17;23;56;99;3.60;6;2;1;70;0;6263699;481;0
147;18;336;17;23;56;99;3.60;1;1;1;68;0;6263699;2084;0
147;18;336;17;23;57;32;3.60;2;1;1;80;0;6263732;17;0
147;18;336;17;23;57;16;8.40;3;1;6;76;0;6263716;187;0
147;18;336;17;23;58;6;6.20;5;2;1;82;0;6263806;188;0
147;18;336;17;23;58;76;3.00;6;2;1;71;0;6263876;158;0
147;18;336;17;23;59;99;3.40;6;2;1;72;0;6263999;107;0
147;18;336;17;24;0;22;3.60;2;1;1;76;0;6264022;273;0
147;18;336;17;24;1;3;4.20;4;1;1;81;0;6264103;677;0
147;18;336;17;24;1;11;3.60;6;2;1;71;0;6264111;95;0
147;18;336;17;24;1;99;3.80;3;1;1;90;0;6264199;443;0
147;18;336;17;24;1;99;3.60;4;1;1;82;0;6264199;77;0
147;18;336;17;24;3;7;3.60;2;1;1;81;0;6264307;267;0
147;18;336;17;24;3;99;3.60;4;1;1;84;0;6264399;184;0
147;18;336;17;24;4;99;4.00;5;2;1;81;0;6264499;665;0
147;18;336;17;24;4;99;3.60;3;1;1;84;0;6264499;284;0
147;18;336;17;24;4;99;3.00;6;2;1;75;0;6264499;369;0
147;18;336;17;24;5;25;3.60;5;2;1;79;0;6264525;8;0
147;18;336;17;24;5;51;3.40;6;2;1;79;0;6264551;37;0
147;18;336;17;24;6;99;4.00;2;1;1;83;0;6264699;376;0
147;18;336;17;24;6;99;1.00;7;2;1;1;1;6264699;1483;0
147;18;336;17;24;6;99;3.60;6;2;1;73;0;6264699;132;0
147;18;336;17;24;7;0;3.60;8;2;1;74;0;6264700;2947;0
147;18;336;17;24;7;13;4.00;7;2;1;83;0;6264713;1497;0
147;18;336;17;24;8;8;4.20;6;2;1;72;0;6264808;91;0
147;18;336;17;24;9;99;3.40;6;2;1;75;0;6264999;170;6264499
147;18;336;17;24;9;99;3.40;3;1;1;86;0;6264999;484;0
147;18;336;17;24;10;27;3.40;1;1;1;80;0;6265027;1308;0
147;18;336;17;24;11;8;3.60;5;2;1;80;0;6265108;566;0
147;18;336;17;24;11;99;3.60;5;2;1;80;0;6265199;74;0
147;18;336;17;24;12;18;3.40;6;2;1;72;0;6265218;202;0
147;18;336;17;24;13;4;3.60;6;2;1;71;0;6265304;69;0
147;18;336;17;24;13;73;3.80;8;2;1;78;0;6265373;655;0
147;18;336;17;24;14;99;3.00;6;2;1;81;0;6265499;176;0
147;18;336;17;24;15;6;3.20;7;2;1;75;0;6265506;775;0
147;18;336;17;24;15;21;3.40;5;2;1;82;0;6265521;305;0
147;18;336;17;24;16;4;3.60;3;1;1;74;0;6265604;590;0
147;18;336;17;24;18;39;3.60;3;1;1;74;0;6265839;217;0
147;18;336;17;24;19;99;3.60;5;2;1;77;0;6265999;463;0
147;18;336;17;24;20;4;3.80;2;1;1;79;0;6266004;1287;0
147;18;336;17;24;21;8;3.60;5;2;1;77;0;6266108;92;0
147;18;336;17;24;21;4;3.40;8;2;1;68;0;6266104;713;0
147;18;336;17;24;21;99;3.80;6;2;1;81;0;6266199;686;0
147;18;336;17;24;23;62;3.60;7;2;1;81;0;6266362;840;0
147;18;336;17;24;24;99;3.80;6;2;1;85;0;6266499;283;0
147;18;336;17;24;24;99;3.40;5;2;1;82;0;6266499;374;0
147;18;336;17;24;25;30;3.00;3;1;1;78;0;6266530;673;0
147;18;336;17;24;27;24;4.40;4;1;1;83;0;6266724;2309;0
147;18;336;17;24;25;11;25.40;7;2;5;75;0;6266511;133;0
147;18;336;17;24;26;99;3.60;6;2;1;76;0;6266699;183;0
147;18;336;17;24;27;1;4.00;5;2;1;82;0;6266701;187;0
147;18;336;17;24;27;99;3.60;7;2;1;77;0;6266799;166;0
147;18;336;17;24;28;22;3.60;8;2;1;94;0;6266822;700;0
147;18;336;17;24;28;11;21.80;2;1;5;74;0;6266811;789;0
147;18;336;17;24;28;47;3.80;5;2;1;83;0;6266847;128;0
147;18;336;17;24;28;52;4.00;6;2;1;75;0;6266852;135;0
147;18;336;17;24;29;4;4.60;3;1;1;83;0;6266904;360;0
147;18;336;17;24;29;99;3.60;4;1;1;85;0;6266999;255;0
147;18;336;17;24;30;0;4.20;5;2;1;85;0;6267000;136;0
147;18;336;17;24;29;87;7.40;7;2;1;83;0;6266987;171;0
147;18;336;17;24;31;4;3.60;3;1;1;87;0;6267104;180;0
147;18;336;17;24;31;99;5.00;2;1;1;84;0;6267199;281;0
147;18;336;17;24;32;99;3.40;2;1;1;80;0;6267299;78;0
147;18;336;17;24;31;68;5.60;7;2;1;31;0;6267168;148;6266362
147;18;336;17;24;33;99;3.20;6;2;1;77;0;6267399;527;0
147;18;336;17;24;33;20;3.80;5;2;1;81;0;6267320;302;0
147;18;336;17;24;33;43;3.60;1;1;1;92;0;6267343;2300;0
147;18;336;17;24;33;51;3.00;2;1;1;79;0;6267351;36;0
147;18;336;17;24;34;99;3.60;3;1;1;75;0;6267499;380;0
147;18;336;17;24;35;16;3.20;6;2;1;77;0;6267516;102;0
147;18;336;17;24;35;99;5.60;7;2;1;84;0;6267599;365;0
147;18;336;17;24;36;70;3.80;7;2;1;81;0;6267670;47;0
147;18;336;17;24;36;80;3.20;4;1;1;82;0;6267680;665;0
147;18;336;17;24;36;99;5.60;3;1;1;77;0;6267699;182;0
147;18;336;17;24;37;99;4.00;5;2;1;81;0;6267799;462;0
147;18;336;17;24;37;99;4.00;3;1;1;85;0;6267799;73;0
147;18;336;17;24;38;22;3.80;7;2;1;80;0;6267822;135;0
147;18;336;17;24;39;99;3.00;5;2;1;83;0;6267999;182;0
147;18;336;17;24;39;99;3.00;6;2;1;83;0;6267999;468;0
147;18;336;17;24;39;99;3.60;2;1;1;78;0;6267999;634;0
147;18;336;17;24;39;88;5.60;7;2;1;29;0;6267988;148;0
147;18;336;17;24;42;99;3.80;4;1;1;90;0;6268299;604;0
147;18;336;17;24;43;39;3.60;2;1;1;79;0;6268339;323;0
147;18;336;17;24;44;99;3.80;6;2;1;83;0;6268499;486;0
147;18;336;17;24;46;0;3.60;2;1;1;77;0;6268600;244;0
147;18;336;17;24;46;17;3.40;6;2;1;83;0;6268617;101;0
147;18;336;17;24;47;99;5.80;7;2;1;80;0;6268799;741;0
147;18;336;17;24;48;99;3.20;8;2;1;73;0;6268899;2063;0
147;18;336;17;24;50;99;3.80;6;2;1;76;0;6269099;467;0
147;18;336;17;24;51;9;4.00;3;1;1;83;0;6269109;1293;0
147;18;336;17;24;51;48;3.60;2;1;1;78;0;6269148;531;0
147;18;336;17;24;52;99;3.20;6;2;1;71;0;6269299;182;0
147;18;336;17;24;53;99;4.00;4;1;1;79;0;6269399;1084;0
147;18;336;17;24;53;99;3.60;3;1;1;73;0;6269399;272;0
147;18;336;17;24;54;36;3.40;6;2;1;72;0;6269436;120;0
147;18;336;17;24;54;79;3.80;7;2;1;77;0;6269479;653;0
147;18;336;17;24;56;99;3.60;6;2;1;71;0;6269699;246;0
147;18;336;17;24;56;99;3.60;3;1;1;74;0;6269699;282;0
147;18;336;17;24;56;30;3.60;8;2;1;83;0;6269630;715;0
147;18;336;17;24;59;38;3.60;6;2;1;73;0;6269938;220;0
147;18;336;17;25;0;99;3.40;6;2;1;72;0;6270099;143;0
147;18;336;17;25;3;10;4.80;6;2;1;77;0;6270310;194;0
147;18;336;17;25;3;99;3.20;5;2;1;78;0;6270399;2386;0
147;18;336;17;25;4;61;5.20;6;2;1;76;0;6270461;128;0
147;18;336;17;25;4;69;5.40;7;2;1;37;0;6270469;972;0
147;18;336;17;25;5;99;3.60;2;1;1;72;0;6270599;1434;0
147;18;336;17;25;6;20;3.40;3;1;1;83;0;6270620;903;0
147;18;336;17;25;6;32;3.20;6;2;1;74;0;6270632;146;6269938
147;18;336;17;25;7;99;3.60;3;1;1;80;0;6270799;164;6269938
147;18;336;17;25;7;99;3.20;2;1;1;71;0;6270799;182;6269938
147;18;336;17;25;7;99;3.40;6;2;1;83;0;6270799;151;6269938
147;18;336;17;25;8;1;3.80;4;1;1;73;0;6270801;1383;0
147;18;336;17;25;9;4;3.60;6;2;1;79;0;6270904;90;6269938
147;18;336;17;25;10;99;4.00;5;2;1;79;0;6271099;685;0
147;18;336;17;25;10;99;4.00;3;1;1;77;0;6271099;283;0
147;18;336;17;25;11;98;8.00;3;1;6;70;0;6271198;80;0
147;18;336;17;25;14;99;7.00;2;1;6;77;0;6271499;683;0
147;18;336;17;25;14;6;3.40;3;1;1;68;0;6271406;166;0
147;18;336;17;25;14;59;3.80;4;1;1;83;0;6271459;639;0
147;18;336;17;25;15;99;5.20;4;1;1;83;0;6271599;123;0
147;18;336;17;25;16;4;4.20;5;2;1;87;0;6271604;486;0
147;18;336;17;25;16;99;3.80;3;1;1;71;0;6271699;275;0
147;18;336;17;25;16;99;3.60;6;2;1;79;0;6271699;778;0
147;18;336;17;25;14;62;0.20;7;2;1;11;1;6271462;940;0
147;18;336;17;25;19;99;3.60;3;1;1;72;0;6271999;280;0
147;18;336;17;25;20;6;3.60;5;2;1;80;0;6272006;384;0
147;18;336;17;25;21;19;4.40;5;2;1;79;0;6272119;96;0
147;18;336;17;25;21;99;3.80;3;1;1;75;0;6272199;182;0
147;18;336;17;25;21;99;4.00;7;2;1;93;0;6272199;1677;0
147;18;336;17;25;22;10;3.60;6;2;1;75;0;6272210;494;0
147;18;336;17;25;24;99;3.80;3;1;1;78;0;6272499;281;0
147;18;336;17;25;25;3;3.60;4;1;1;84;0;6272503;881;0
147;18;336;17;25;25;99;4.00;3;1;1;76;0;6272599;82;0
147;18;336;17;25;26;99;3.80;2;1;1;80;0;6272699;1167;0
147;18;336;17;25;27;16;3.80;6;2;1;82;0;6272716;488;0
147;18;336;17;25;28;0;3.40;7;2;1;84;0;6272800;585;0
147;18;336;17;25;28;5;3.40;5;2;1;79;0;6272805;665;0
147;18;336;17;25;28;13;3.80;3;1;1;77;0;6272813;195;0
147;18;336;17;25;30;99;5.60;3;1;1;65;0;6273099;268;0
147;18;336;17;25;31;99;4.00;6;2;1;77;0;6273199;466;0
147;18;336;17;25;32;4;3.40;5;2;1;82;0;6273204;383;0
147;18;336;17;25;32;40;3.60;4;1;1;76;0;6273240;721;0
147;18;336;17;25;33;12;3.60;5;2;1;82;0;6273312;93;0
147;18;336;17;25;33;99;3.80;2;1;1;80;0;6273399;682;0
147;18;336;17;25;33;99;3.20;3;1;1;79;0;6273399;268;0
147;18;336;17;25;33;99;3.00;6;2;1;64;0;6273399;181;0
147;18;336;17;25;33;99;3.80;7;2;1;80;0;6273399;584;0
147;18;336;17;25;33;99;3.60;5;2;1;78;0;6273399;71;0
147;18;336;17;25;33;99;6.00;4;1;1;80;0;6273399;141;0
147;18;336;17;25;34;99;3.20;2;1;1;67;0;6273499;82;0
147;18;336;17;25;35;16;3.20;7;2;1;71;0;6273516;99;0
147;18;336;17;25;35;70;3.20;3;1;1;71;0;6273570;156;0
147;18;336;17;25;36;15;3.80;5;2;1;80;0;6273615;199;0
147;18;336;17;25;36;99;3.60;2;1;1;70;0;6273699;182;0
147;18;336;17;25;36;99;3.80;6;2;1;69;0;6273699;283;0
147;18;336;17;25;37;48;3.40;3;1;1;73;0;6273748;161;0
147;18;336;17;25;38;99;4.40;2;1;1;70;0;6273899;181;0
147;18;336;17;25;38;99;3.60;4;1;1;74;0;6273899;473;0
147;18;336;17;25;39;99;3.40;5;2;1;87;0;6273999;366;0
147;18;336;17;25;39;99;3.40;7;2;1;72;0;6273999;466;0
147;18;336;17;25;39;99;3.20;2;1;1;66;0;6273999;77;6273399
147;18;336;17;25;40;11;3.80;4;1;1;74;0;6274011;94;6273399
147;18;336;17;25;40;17;3.20;6;2;1;74;0;6274017;298;0
147;18;336;17;25;40;15;3.00;3;1;1;67;0;6274015;250;0
147;18;336;17;25;40;64;3.40;8;2;1;78;0;6274064;4418;0
147;18;336;17;25;40;95;3.60;1;1;1;75;0;6274095;6737;0
147;18;336;17;25;41;12;3.20;5;2;1;83;0;6274112;98;0
147;18;336;17;25;41;1;3.20;2;1;1;66;0;6274101;84;6273399
147;18;336;17;25;41;99;3.40;2;1;1;63;0;6274199;80;6273399
147;18;336;17;25;41;99;3.00;3;1;1;66;0;6274199;167;6273399
147;18;336;17;25;43;10;4.40;5;2;1;80;0;6274310;184;6273399
147;18;336;17;25;43;80;3.40;4;1;1;75;0;6274380;350;0
147;18;336;17;25;43;99;3.80;7;2;1;72;0;6274399;383;0
147;18;336;17;25;43;99;3.60;3;1;1;67;0;6274399;183;0
147;18;336;17;25;45;0;3.60;6;2;1;73;0;6274500;467;0
147;18;336;17;25;45;53;3.20;3;1;1;65;0;6274553;134;0
147;18;336;17;25;46;2;4.00;7;2;1;75;0;6274602;184;0
147;18;336;17;25;47;99;3.80;7;2;1;75;0;6274799;177;0
147;18;336;17;25;49;20;3.60;4;1;1;79;0;6274920;523;0
147;18;336;17;25;49;99;3.60;6;2;1;69;0;6274999;481;0
147;18;336;17;25;50;8;3.60;5;2;1;79;0;6275008;678;0
147;18;336;17;25;50;56;3.40;6;2;1;68;0;6275056;38;0
147;18;336;17;25;51;99;3.60;7;2;1;74;0;6275199;381;0
147;18;336;17;25;52;99;3.20;6;2;1;76;0;6275299;225;0
147;18;336;17;25;53;9;4.20;5;2;1;85;0;6275309;284;0
147;18;336;17;25;53;66;3.20;3;1;1;76;0;6275366;795;0
147;18;336;17;25;53;71;3.40;2;1;1;78;0;6275371;1152;0
147;18;336;17;25;53;99;3.20;6;2;1;78;0;6275399;84;0
147;18;336;17;25;54;8;3.40;7;2;1;77;0;6275408;191;0
147;18;336;17;25;55;47;3.40;5;2;1;80;0;6275547;220;0
147;18;336;17;25;56;3;3.60;6;2;1;77;0;6275603;189;0
147;18;336;17;25;56;99;4.00;7;2;1;89;0;6275699;275;0
147;18;336;17;25;56;99;3.40;2;1;1;81;0;6275699;312;0
147;18;336;17;25;57;19;3.40;1;1;1;71;0;6275719;1606;0
147;18;336;17;26;0;18;3.60;3;1;1;82;0;6276018;636;0
147;18;336;17;26;0;21;3.40;5;2;1;79;0;6276021;458;0
147;18;336;17;26;1;99;3.40;1;1;1;65;0;6276199;462;0
147;18;336;17;26;2;99;3.00;3;1;1;78;0;6276299;265;0
147;18;336;17;26;3;51;3.00;6;2;1;75;0;6276351;731;0
147;18;336;17;26;3;67;3.40;5;2;1;90;0;6276367;330;0
147;18;336;17;26;3;80;4.00;7;2;1;78;0;6276380;664;0
147;18;336;17;26;3;99;3.60;2;1;1;79;0;6276399;684;0
147;18;336;17;26;4;99;3.80;3;1;1;81;0;6276499;186;0
147;18;336;17;26;4;99;3.60;2;1;1;74;0;6276499;83;0
147;18;336;17;26;5;0;3.60;4;1;1;78;0;6276500;1563;0
147;18;336;17;26;5;21;3.60;3;1;1;78;0;6276521;5;0
147;18;336;17;26;5;35;3.40;4;1;1;79;0;6276535;18;0
147;18;336;17;26;6;78;3.60;2;1;1;72;0;6276678;161;0
147;18;336;17;26;7;20;3.20;2;1;1;70;0;6276720;24;0
147;18;336;17;26;7;99;3.60;4;1;1;80;0;6276799;248;0
147;18;336;17;26;8;80;3.80;2;1;1;66;0;6276880;143;6276399
147;18;336;17;26;9;99;3.60;1;1;1;72;0;6276999;781;0
147;18;336;17;26;10;11;3.80;6;2;1;80;0;6277011;645;0
147;18;336;17;26;10;99;3.60;4;1;1;81;0;6277099;283;0
147;18;336;17;26;11;72;3.60;1;1;1;69;0;6277172;155;0
147;18;336;17;26;12;6;3.80;3;1;1;76;0;6277206;668;0
147;18;336;17;26;12;99;4.80;2;1;1;86;0;6277299;398;0
147;18;336;17;26;13;9;3.40;1;1;1;69;0;6277309;118;0
147;18;336;17;26;13;65;3.20;1;1;1;67;0;6277365;38;0
147;18;336;17;26;14;99;3.60;5;2;1;78;0;6277499;1118;0
147;18;336;17;26;14;99;4.40;2;1;1;66;0;6277499;179;0
147;18;336;17;26;14;99;3.60;3;1;1;71;0;6277499;275;0
147;18;336;17;26;15;99;3.20;6;2;1;68;0;6277599;570;0
147;18;336;17;26;15;22;3.40;5;2;1;80;0;6277522;6;0
147;18;336;17;26;16;47;3.40;1;1;1;69;0;6277647;264;0
147;18;336;17;26;17;99;3.80;6;2;1;68;0;6277799;183;0
147;18;336;17;26;18;11;3.60;3;1;1;71;0;6277811;293;0
147;18;336;17;26;18;18;3.40;5;2;1;82;0;6277818;280;0
147;18;336;17;26;18;46;3.20;4;1;1;82;0;6277846;731;0
147;18;336;17;26;19;21;3.20;2;1;1;74;0;6277921;398;0
147;18;336;17;26;19;99;3.60;3;1;1;72;0;6277999;169;0
147;18;336;17;26;19;99;3.60;6;2;1;67;0;6277999;179;0
147;18;336;17;26;20;13;4.00;7;2;1;76;0;6278013;1614;0
147;18;336;17;26;20;99;3.40;2;1;1;73;0;6278099;162;0
147;18;336;17;26;21;47;3.60;6;2;1;72;0;6278147;128;0
147;18;336;17;26;22;1;3.20;2;1;1;74;0;6278201;85;0
147;18;336;17;26;23;9;3.80;5;2;1;78;0;6278309;476;0
147;18;336;17;26;23;99;3.60;6;2;1;74;0;6278399;234;0
147;18;336;17;26;23;23;3.00;2;1;1;71;0;6278323;106;0
147;18;336;17;26;24;99;3.80;1;1;1;91;0;6278499;834;0
147;18;336;17;26;25;99;3.60;4;1;1;82;0;6278599;738;0
147;18;336;17;26;26;5;5.80;2;1;1;74;0;6278605;266;0
147;18;336;17;26;26;18;3.80;6;2;1;73;0;6278618;201;0
147;18;336;17;26;26;57;3.60;7;2;1;75;0;6278657;625;0
147;18;336;17;26;27;2;3.60;3;1;1;70;0;6278702;685;0
147;18;336;17;26;27;99;3.40;2;1;1;75;0;6278799;165;0
147;18;336;17;26;28;19;3.80;7;2;1;75;0;6278819;144;0
147;18;336;17;26;28;12;3.20;2;1;1;72;0;6278812;-1;0
147;18;336;17;26;28;15;3.60;3;1;1;72;0;6278815;94;0
147;18;336;17;26;34;17;2.80;2;1;1;89;0;6279417;589;0
147;18;336;17;26;37;14;3.60;2;1;1;79;0;6279714;285;0
147;18;336;17;26;40;18;3.60;7;2;1;82;0;6280018;1180;0
147;18;336;17;26;41;99;3.60;3;1;1;82;0;6280199;1366;0
147;18;336;17;26;42;99;3.80;5;2;1;82;0;6280299;1972;0
147;18;336;17;26;42;99;3.20;4;1;1;92;0;6280299;1684;0
147;18;336;17;26;43;99;3.60;7;2;1;74;0;6280399;365;0
147;18;336;17;26;43;99;3.80;8;2;1;84;0;6280399;6319;0
147;18;336;17;26;44;79;3.60;6;2;1;74;0;6280479;1842;0
147;18;336;17;26;45;99;3.20;3;1;1;78;0;6280599;384;0
147;18;336;17;26;46;6;3.40;6;2;1;76;0;6280606;109;0
147;18;336;17;26;46;6;3.80;5;2;1;77;0;6280606;290;0
147;18;336;17;26;46;99;3.60;3;1;1;78;0;6280699;85;0
147;18;336;17;26;46;11;6.40;7;2;1;78;0;6280611;194;0
147;18;336;17;26;47;13;3.00;2;1;1;75;0;6280713;982;0
147;18;336;17;26;47;88;3.80;5;2;1;87;0;6280788;164;0
147;18;336;17;26;47;99;3.40;3;1;1;78;0;6280799;83;0
147;18;336;17;26;47;99;3.00;6;2;1;78;0;6280799;176;0
147;18;336;17;26;47;99;3.20;2;1;1;74;0;6280799;71;0
147;18;336;17;26;48;99;3.80;5;2;1;83;0;6280899;95;0
147;18;336;17;26;49;9;3.80;7;2;1;88;0;6280909;268;0
147;18;336;17;26;49;43;3.20;8;2;1;74;0;6280943;527;0
147;18;336;17;26;50;99;3.20;6;2;1;84;0;6281099;286;0
147;18;336;17;26;51;18;3.60;5;2;1;88;0;6281118;202;0
147;18;336;17;26;51;99;3.80;2;1;1;78;0;6281199;384;0
147;18;336;17;26;52;2;3.60;6;2;1;76;0;6281202;89;0
147;18;336;17;26;52;89;3.80;3;1;1;82;0;6281289;474;0
147;18;336;17;26;52;86;3.80;4;1;1;81;0;6281286;974;0
147;18;336;17;26;53;99;3.80;3;1;1;84;0;6281399;93;0
147;18;336;17;26;53;99;3.80;6;2;1;76;0;6281399;179;0
147;18;336;17;26;54;17;3.80;6;2;1;71;0;6281417;0;0
147;18;336;17;26;54;46;3.80;7;2;1;80;0;6281446;521;0
147;18;336;17;26;55;99;3.40;5;2;1;80;0;6281599;466;0
147;18;336;17;26;56;99;3.40;7;2;1;79;0;6281699;235;0
147;18;336;17;26;57;71;3.80;3;1;1;84;0;6281771;355;0
147;18;336;17;26;57;99;3.80;7;2;1;79;0;6281799;84;0
147;18;336;17;26;58;99;3.00;6;2;1;73;0;6281899;462;0
147;18;336;17;26;59;66;4.00;6;2;1;71;0;6281966;52;0
147;18;336;17;27;0;99;3.40;7;2;1;77;0;6282099;282;0
147;18;336;17;27;0;99;3.60;1;1;1;73;0;6282099;3584;0
147;18;336;17;27;1;99;7.00;7;2;6;76;0;6282199;84;0
147;18;336;17;27;2;75;3.00;7;2;1;74;0;6282275;42;0
147;18;336;17;27;2;90;3.20;3;1;1;61;0;6282290;502;0
147;18;336;17;27;3;10;4.00;5;2;1;81;0;6282310;695;0
147;18;336;17;27;3;99;4.00;4;1;1;80;0;6282399;1096;0
147;18;336;17;27;3;99;3.20;3;1;1;62;0;6282399;90;0
147;18;336;17;27;4;1;3.60;2;1;1;68;0;6282401;1184;0
147;18;336;17;27;4;40;4.00;4;1;1;81;0;6282440;23;0
147;18;336;17;27;5;7;3.80;6;2;1;77;0;6282507;520;0
147;18;336;17;27;5;13;3.60;7;2;1;76;0;6282513;223;0
147;18;336;17;27;5;66;8.40;3;1;6;66;0;6282566;148;0
147;18;336;17;27;5;99;3.20;4;1;1;79;0;6282599;141;0
147;18;336;17;27;6;5;3.80;5;2;1;81;0;6282605;277;0
147;18;336;17;27;6;99;3.40;7;2;1;77;0;6282699;168;0
147;18;336;17;27;6;99;3.40;2;1;1;70;0;6282699;278;0
147;18;336;17;27;7;5;3.20;6;2;1;74;0;6282705;180;0
147;18;336;17;27;7;29;3.20;3;1;1;62;0;6282729;117;0
147;18;336;17;27;8;1;3.40;2;1;1;71;0;6282801;84;0
147;18;336;17;27;8;20;3.40;4;1;1;76;0;6282820;206;0
147;18;336;17;27;8;99;3.20;6;2;1;75;0;6282899;178;0
147;18;336;17;27;8;99;3.80;3;1;1;61;0;6282899;151;6282290
147;18;336;17;27;9;99;5.20;4;1;1;75;0;6282999;162;6282290
147;18;336;17;27;10;60;3.60;3;1;1;62;0;6283060;138;6282290
147;18;336;17;27;11;99;3.60;4;1;1;71;0;6283199;175;6282290
147;18;336;17;27;11;99;3.80;6;2;1;74;0;6283199;284;0
147;18;336;17;27;11;99;3.60;2;1;1;69;0;6283199;380;0
147;18;336;17;27;11;99;4.60;3;1;1;70;0;6283199;118;6282290
147;18;336;17;27;12;43;3.60;2;1;1;75;0;6283243;25;6282290
147;18;336;17;27;12;60;3.60;4;1;1;73;0;6283260;42;6282290
147;18;336;17;27;13;18;3.40;3;1;1;73;0;6283318;95;6282290
147;18;336;17;27;13;99;3.80;7;2;1;76;0;6283399;684;0
147;18;336;17;27;14;99;3.40;2;1;1;68;0;6283499;238;0
147;18;336;17;27;14;99;3.60;3;1;1;76;0;6283499;164;6282290
147;18;336;17;27;15;60;7.00;6;2;6;78;0;6283560;342;0
147;18;336;17;27;16;99;3.20;6;2;1;78;0;6283699;106;0
147;18;336;17;27;18;0;3.20;3;1;1;82;0;6283800;283;0
147;18;336;17;27;19;17;4.00;6;2;1;82;0;6283917;203;0
147;18;336;17;27;19;23;3.40;2;1;1;84;0;6283923;406;0
147;18;336;17;27;20;99;3.80;1;1;1;77;0;6284099;1982;0
147;18;336;17;27;22;18;3.60;1;1;1;71;0;6284218;101;0
147;18;336;17;27;23;99;3.40;6;2;1;79;0;6284399;464;0
147;18;336;17;27;23;99;3.40;1;1;1;72;0;6284399;162;0
147;18;336;17;27;24;99;3.60;2;1;1;73;0;6284499;561;0
147;18;336;17;27;25;86;3.40;4;1;1;86;0;6284586;1308;0
147;18;336;17;27;26;11;3.60;6;2;1;82;0;6284611;196;0
147;18;336;17;27;27;32;3.60;5;2;1;82;0;6284732;2110;0
147;18;336;17;27;27;22;3.40;1;1;1;75;0;6284722;306;0
147;18;336;17;27;28;99;3.80;5;2;1;81;0;6284899;151;0
147;18;336;17;27;28;99;3.20;1;1;1;74;0;6284899;160;0
147;18;336;17;27;30;2;3.40;6;2;1;82;0;6285002;375;0
147;18;336;17;27;30;28;3.20;1;1;1;73;0;6285028;113;0
147;18;336;17;27;30;86;4.00;5;2;1;83;0;6285086;170;0
147;18;336;17;27;32;15;4.40;1;1;1;77;0;6285215;171;0
147;18;336;17;27;33;0;3.60;5;2;1;82;0;6285300;196;0
147;18;336;17;27;33;13;3.40;7;2;1;80;0;6285313;1896;0
147;18;336;17;27;33;3;4.00;6;2;1;72;0;6285303;286;0
147;18;336;17;27;33;76;3.20;3;1;1;80;0;6285376;1561;0
147;18;336;17;27;34;99;3.20;5;2;1;81;0;6285499;183;6284732
147;18;336;17;27;35;45;3.20;6;2;1;83;0;6285545;222;0
147;18;336;17;27;35;62;6.80;2;1;2;77;0;6285562;1045;0
147;18;336;17;27;36;99;3.40;3;1;1;78;0;6285699;308;0
147;18;336;17;27;36;99;3.20;5;2;1;82;0;6285699;185;6284732
147;18;336;17;27;38;63;3.60;4;1;1;81;0;6285863;1262;0
147;18;336;17;27;38;97;3.20;6;2;1;83;0;6285897;338;0
147;18;336;17;27;40;4;3.40;5;2;1;83;0;6286004;290;0
147;18;336;17;27;40;64;5.00;3;1;1;67;0;6286064;349;0
147;18;336;17;27;41;99;3.80;4;1;1;78;0;6286199;320;0
147;18;336;17;27;41;99;3.40;5;2;1;83;0;6286199;180;0
147;18;336;17;27;41;99;3.80;7;2;1;82;0;6286199;870;0
147;18;336;17;27;42;8;3.60;5;2;1;78;0;6286208;-1;0
147;18;336;17;27;43;5;4.20;8;2;1;76;0;6286305;5346;0
147;18;336;17;27;43;68;3.40;2;1;1;70;0;6286368;774;0
147;18;336;17;27;43;85;3.40;6;2;1;62;0;6286385;474;0
147;18;336;17;27;44;99;3.00;2;1;1;70;0;6286499;113;0
147;18;336;17;27;44;99;3.60;5;2;1;80;0;6286499;274;0
147;18;336;17;27;44;99;3.20;6;2;1;69;0;6286499;94;0
147;18;336;17;27;45;40;3.20;6;2;1;71;0;6286540;24;0
147;18;336;17;27;45;62;3.00;5;2;1;82;0;6286562;46;0
147;18;336;17;27;46;99;4.00;7;2;1;82;0;6286699;483;0
147;18;336;17;27;47;99;3.60;3;1;1;84;0;6286799;708;0
147;18;336;17;27;48;12;3.60;6;2;1;77;0;6286812;255;0
147;18;336;17;27;48;58;3.80;5;2;1;80;0;6286858;282;0
147;18;336;17;27;49;12;3.20;6;2;1;82;0;6286912;83;0
147;18;336;17;27;49;99;3.40;1;1;1;74;0;6286999;1763;0
147;18;336;17;27;49;99;3.60;6;2;1;81;0;6286999;72;0
147;18;336;17;27;50;99;3.80;5;2;1;81;0;6287099;223;0
147;18;336;17;27;51;99;3.60;5;2;1;81;0;6287199;83;0
147;18;336;17;27;51;99;5.00;3;1;1;77;0;6287199;384;0
147;18;336;17;27;52;99;3.20;6;2;1;81;0;6287299;284;0
147;18;336;17;27;53;34;3.40;6;2;1;73;0;6287334;20;0
147;18;336;17;27;53;38;3.60;1;1;1;78;0;6287338;322;0
147;18;336;17;27;53;82;3.80;5;2;1;84;0;6287382;167;0
147;18;336;17;27;54;99;5.60;2;1;1;80;0;6287499;984;0
147;18;336;17;27;56;99;3.80;3;1;1;86;0;6287699;476;0
147;18;336;17;27;58;19;3.60;7;2;1;81;0;6287819;1102;0
147;18;336;17;27;58;54;3.80;3;1;1;86;0;6287854;139;0
147;18;336;17;27;59;20;3.40;4;1;1;80;0;6287920;1703;0
147;18;336;17;27;59;99;3.60;2;1;1;77;0;6287999;474;0
147;18;336;17;28;0;99;3.20;8;2;1;77;0;6288099;1774;0
147;18;336;17;28;1;24;3.40;7;2;1;79;0;6288124;289;0
147;18;336;17;28;1;99;3.00;1;1;1;66;0;6288199;844;0
147;18;336;17;28;3;99;3.40;1;1;1;66;0;6288399;183;0
147;18;336;17;28;5;99;3.40;6;2;1;77;0;6288599;1248;0
147;18;336;17;28;5;5;3.80;2;1;1;76;0;6288505;489;0
147;18;336;17;28;6;12;3.80;5;2;1;80;0;6288612;1213;0
147;18;336;17;28;7;19;3.40;4;1;1;83;0;6288719;783;0
147;18;336;17;28;7;99;3.60;2;1;1;77;0;6288799;276;0
147;18;336;17;28;8;33;3.00;5;2;1;77;0;6288833;203;0
147;18;336;17;28;9;99;3.20;2;1;1;79;0;6288999;183;0
147;18;336;17;28;9;99;3.00;6;2;1;67;0;6288999;384;0
147;18;336;17;28;9;99;3.20;4;1;1;80;0;6288999;265;0
147;18;336;17;28;10;99;4.20;5;2;1;82;0;6289099;251;0
147;18;336;17;28;10;99;3.40;8;2;1;69;0;6289099;985;0
147;18;336;17;28;11;39;3.80;1;1;1;85;0;6289139;721;0
147;18;336;17;28;11;51;3.20;3;1;1;69;0;6289151;1281;0
147;18;336;17;28;11;95;3.60;6;2;1;69;0;6289195;179;0
147;18;336;17;28;13;0;3.60;2;1;1;75;0;6289300;286;0
147;18;336;17;28;13;5;3.80;1;1;1;72;0;6289305;149;0
147;18;336;17;28;13;18;4.20;4;1;1;83;0;6289318;304;0
147;18;336;17;28;14;1;3.40;2;1;1;76;0;6289401;83;0
147;18;336;17;28;14;8;3.40;6;2;1;71;0;6289408;194;0
147;18;336;17;28;15;99;4.20;5;2;1;75;0;6289599;481;0
147;18;336;17;28;15;99;3.40;6;2;1;74;0;6289599;173;0
147;18;336;17;28;15;99;3.80;2;1;1;77;0;6289599;181;0
147;18;336;17;28;17;99;3.60;5;2;1;72;0;6289799;179;0
147;18;336;17;28;17;99;5.60;7;2;1;78;0;6289799;1659;0
147;18;336;17;28;17;99;12.00;2;1;3;76;0;6289799;182;0
147;18;336;17;28;18;6;3.40;6;2;1;77;0;6289806;190;6288999
147;18;336;17;28;18;99;3.60;7;2;1;77;0;6289899;74;6288999
147;18;336;17;28;18;19;3.40;5;2;1;79;0;6289819;2;6288999
147;18;336;17;28;18;30;3.60;6;2;1;67;0;6289830;8;6288999
147;18;336;17;28;19;99;3.80;4;1;1;80;0;6289999;662;0
147;18;336;17;28;20;12;3.80;5;2;1;77;0;6290012;177;0
147;18;336;17;28;20;99;3.20;6;2;1;72;0;6290099;249;0
147;18;336;17;28;21;5;4.00;3;1;1;77;0;6290105;937;0
147;18;336;17;28;21;27;3.80;4;1;1;78;0;6290127;110;0
147;18;336;17;28;22;18;3.40;4;1;1;79;0;6290218;73;0
147;18;336;17;28;22;16;3.00;6;2;1;71;0;6290216;101;0
147;18;336;17;28;22;99;3.20;5;2;1;79;0;6290299;269;0
147;18;336;17;28;22;99;3.80;8;2;1;71;0;6290299;1182;0
147;18;336;17;28;22;99;3.80;7;2;1;80;0;6290299;383;0
147;18;336;17;28;23;99;3.20;5;2;1;79;0;6290399;85;0
147;18;336;17;28;24;6;3.20;6;2;1;77;0;6290406;174;0
147;18;336;17;28;24;96;3.60;6;2;1;75;0;6290496;75;0
147;18;336;17;28;25;9;3.40;3;1;1;75;0;6290509;385;0
147;18;336;17;28;25;99;3.00;8;2;1;73;0;6290599;280;0
147;18;336;17;28;25;99;4.00;5;2;1;84;0;6290599;185;0
147;18;336;17;28;26;26;3.80;4;1;1;83;0;6290626;392;0
147;18;336;17;28;26;13;3.60;6;2;1;77;0;6290613;99;6290099
147;18;336;17;28;26;29;5.80;5;2;1;84;0;6290629;12;6290099
147;18;336;17;28;27;95;4.00;6;2;1;78;0;6290795;165;6290099
147;18;336;17;28;28;99;3.60;4;1;1;82;0;6290899;256;0
147;18;336;17;28;28;99;3.40;1;1;1;74;0;6290899;1575;0
147;18;336;17;28;31;46;3.80;3;1;1;80;0;6291146;620;0
147;18;336;17;28;31;49;3.80;5;2;1;82;0;6291149;495;0
147;18;336;17;28;32;19;3.60;6;2;1;84;0;6291219;405;0
147;18;336;17;28;32;91;3.00;4;1;1;80;0;6291291;376;0
147;18;336;17;28;33;3;3.40;8;2;1;70;0;6291303;689;0
147;18;336;17;28;34;58;3.60;1;1;1;90;0;6291458;542;0
147;18;336;17;28;34;42;3.40;2;1;1;70;0;6291442;1586;0
147;18;336;17;28;34;91;3.60;3;1;1;80;0;6291491;327;0
147;18;336;17;28;35;99;3.60;6;2;1;82;0;6291599;364;0
147;18;336;17;28;35;99;3.60;8;2;1;72;0;6291599;278;0
147;18;336;17;28;36;15;4.20;2;1;1;78;0;6291615;155;0
147;18;336;17;28;36;99;3.80;5;2;1;82;0;6291699;533;0
147;18;336;17;28;37;11;3.60;2;1;1;79;0;6291711;76;0
147;18;336;17;28;37;6;4.80;8;2;1;69;0;6291706;89;0
147;18;336;17;28;37;79;3.40;7;2;1;80;0;6291779;1462;0
147;18;336;17;28;37;99;3.80;5;2;1;86;0;6291799;83;0
147;18;336;17;28;38;99;3.00;6;2;1;72;0;6291899;284;0
147;18;336;17;28;39;19;3.80;2;1;1;85;0;6291919;191;0
147;18;336;17;28;39;30;3.00;7;2;1;82;0;6291930;135;0
147;18;336;17;28;39;16;3.60;8;2;1;73;0;6291916;184;0
147;18;336;17;28;40;99;3.20;3;1;1;76;0;6292099;591;0
147;18;336;17;28;40;99;3.80;4;1;1;79;0;6292099;794;0
147;18;336;17;28;41;15;3.00;6;2;1;71;0;6292115;201;0
147;18;336;17;28;42;8;4.00;5;2;1;82;0;6292208;393;0
147;18;336;17;28;42;14;3.40;6;2;1;70;0;6292214;83;0
147;18;336;17;28;42;99;4.00;5;2;1;80;0;6292299;73;0
147;18;336;17;28;43;99;3.80;1;1;1;75;0;6292399;926;0
147;18;336;17;28;44;47;3.60;6;2;1;73;0;6292447;215;0
147;18;336;17;28;46;13;3.60;6;2;1;69;0;6292613;148;0
147;18;336;17;28;46;99;3.20;3;1;1;72;0;6292699;584;0
147;18;336;17;28;46;99;3.60;5;2;1;82;0;6292699;382;0
147;18;336;17;28;47;78;4.20;5;2;1;80;0;6292778;63;0
147;18;336;17;28;48;99;3.60;5;2;1;79;0;6292899;102;0
147;18;336;17;28;49;16;3.40;3;1;1;74;0;6292916;201;0
147;18;336;17;28;49;52;3.20;4;1;1;81;0;6292952;835;0
147;18;336;17;28;50;99;3.20;2;1;1;74;0;6293099;1163;0
147;18;336;17;28;50;99;3.40;4;1;1;80;0;6293099;132;0
147;18;336;17;28;50;99;4.00;7;2;1;74;0;6293099;1155;0
147;18;336;17;28;52;38;4.40;7;2;1;78;0;6293238;119;0
147;18;336;17;28;52;88;3.60;6;2;1;69;0;6293288;656;0
147;18;336;17;28;53;99;5.20;8;2;1;77;0;6293399;1465;0
147;18;336;17;28;53;99;3.60;1;1;1;68;0;6293399;981;0
147;18;336;17;28;54;99;3.20;2;1;1;72;0;6293499;384;0
147;18;336;17;28;54;47;3.80;7;2;1;73;0;6293447;188;0
147;18;336;17;28;55;17;3.40;1;1;1;71;0;6293517;98;0
147;18;336;17;28;55;99;3.80;6;2;1;65;0;6293599;292;0
147;18;336;17;28;56;99;4.40;6;2;1;67;0;6293699;78;0
147;18;336;17;28;57;87;4.20;1;1;1;74;0;6293787;252;0
147;18;336;17;28;58;99;4.40;3;1;1;93;0;6293899;966;0
147;18;336;17;28;59;27;3.80;2;1;1;61;0;6293927;412;0
147;18;336;17;29;0;85;3.80;6;2;1;74;0;6294085;362;0
147;18;336;17;29;0;99;4.20;2;1;1;64;0;6294099;149;0
147;18;336;17;29;1;99;3.40;3;1;1;77;0;6294199;282;0
147;18;336;17;29;1;99;3.80;2;1;1;60;0;6294199;76;0
147;18;336;17;29;2;76;3.60;6;2;1;74;0;6294276;172;0
147;18;336;17;29;3;99;3.40;7;2;1;71;0;6294399;933;0
147;18;336;17;29;5;12;4.00;7;2;1;70;0;6294512;95;0
147;18;336;17;29;5;99;3.40;3;1;1;75;0;6294599;384;0
147;18;336;17;29;5;99;3.60;6;2;1;69;0;6294599;305;0
147;18;336;17;29;7;13;3.40;6;2;1;67;0;6294713;95;0
147;18;336;17;29;7;49;3.40;7;2;1;76;0;6294749;216;0
147;18;336;17;29;8;5;3.80;4;1;1;79;0;6294805;1690;0
147;18;336;17;29;8;99;3.20;6;2;1;67;0;6294899;167;0
147;18;336;17;29;9;12;3.40;8;2;1;77;0;6294912;1488;0
147;18;336;17;29;9;99;3.00;4;1;1;79;0;6294999;176;0
147;18;336;17;29;9;99;3.20;6;2;1;66;0;6294999;82;0
147;18;336;17;29;11;99;3.20;6;2;1;70;0;6295199;182;6294599
147;18;336;17;29;11;99;3.80;4;1;1;81;0;6295199;186;6294599
147;18;336;17;29;12;16;3.00;3;1;1;73;0;6295216;600;0
147;18;336;17;29;13;89;5.60;5;2;1;75;0;6295389;2473;0
147;18;336;17;29;15;24;4.00;2;1;1;94;0;6295524;1302;0
147;18;336;17;29;15;20;4.00;5;2;1;77;0;6295520;104;0
147;18;336;17;29;15;32;3.60;6;2;1;75;0;6295532;316;0
147;18;336;17;29;15;75;3.60;4;1;1;84;0;6295575;359;0
147;18;336;17;29;16;99;3.80;3;1;1;77;0;6295699;468;0
147;18;336;17;29;17;14;3.60;6;2;1;74;0;6295714;164;0
147;18;336;17;29;17;99;3.60;2;1;1;82;0;6295799;259;0
147;18;336;17;29;18;99;3.60;3;1;1;75;0;6295899;182;0
147;18;336;17;29;18;99;3.40;6;2;1;72;0;6295899;167;0
147;18;336;17;29;19;17;3.40;8;2;1;73;0;6295917;989;0
147;18;336;17;29;19;99;3.40;7;2;1;73;0;6295999;1233;0
147;18;336;17;29;19;99;3.80;5;2;1;81;0;6295999;460;0
147;18;336;17;29;20;76;3.40;3;1;1;74;0;6296076;159;0
147;18;336;17;29;21;99;3.80;6;2;1;77;0;6296199;283;0
147;18;336;17;29;22;28;3.40;3;1;1;79;0;6296228;135;0
147;18;336;17;29;25;34;3.00;4;1;1;85;0;6296534;943;0
147;18;336;17;29;25;43;3.80;2;1;1;84;0;6296543;728;0
147;18;336;17;29;25;45;3.60;6;2;1;76;0;6296545;328;0
147;18;336;17;29;26;99;2.80;2;1;1;84;0;6296699;139;0
147;18;336;17;29;26;99;3.60;3;1;1;68;0;6296699;455;0
147;18;336;17;29;27;26;7.00;7;2;1;81;0;6296726;710;0
147;18;336;17;29;28;99;3.40;6;2;1;73;0;6296899;336;0
147;18;336;17;29;29;13;3.20;3;1;1;76;0;6296913;194;0
147;18;336;17;29;29;99;3.40;4;1;1;81;0;6296999;452;0
147;18;336;17;29;29;99;4.20;6;2;1;79;0;6296999;83;0
147;18;336;17;29;30;8;4.00;2;1;1;81;0;6297008;297;0
147;18;336;17;29;30;37;3.60;3;1;1;78;0;6297037;108;0
147;18;336;17;29;32;12;3.80;7;2;1;78;0;6297212;454;0
147;18;336;17;29;34;99;3.40;3;1;1;79;0;6297499;445;0
147;18;336;17;29;36;93;3.40;3;1;1;77;0;6297693;178;0
147;18;336;17;29;37;99;3.80;6;2;1;79;0;6297799;780;0
147;18;336;17;29;37;5;3.60;5;2;1;76;0;6297705;1689;0
147;18;336;17;29;38;65;3.80;3;1;1;73;0;6297865;156;0
147;18;336;17;29;38;79;3.80;5;2;1;70;0;6297879;156;0
147;18;336;17;29;38;93;3.60;6;2;1;76;0;6297893;76;0
147;18;336;17;29;39;99;3.60;7;2;1;82;0;6297999;769;0
147;18;336;17;29;40;99;8.40;7;2;2;60;0;6298099;84;0
147;18;336;17;29;42;99;3.40;2;1;1;79;0;6298299;1273;0
147;18;336;17;29;43;52;4.00;5;2;1;85;0;6298352;453;0
147;18;336;17;29;43;68;3.20;6;2;1;70;0;6298368;457;0
147;18;336;17;29;44;99;3.60;2;1;1;68;0;6298499;184;0
147;18;336;17;29;45;17;3.40;8;2;1;78;0;6298517;2583;0
147;18;336;17;29;45;99;4.00;5;2;1;86;0;6298599;230;0
147;18;336;17;29;45;99;2.80;4;1;1;65;0;6298599;1584;0
147;18;336;17;29;45;17;3.80;6;2;1;67;0;6298517;132;0
147;18;336;17;29;46;80;4.20;1;1;1;67;0;6298680;4872;0
147;18;336;17;29;46;99;4.00;8;2;1;75;0;6298699;166;0
147;18;336;17;29;47;99;3.60;5;2;1;80;0;6298799;183;0
147;18;336;17;29;48;6;3.80;4;1;1;78;0;6298806;191;0
147;18;336;17;29;48;27;3.20;2;1;1;72;0;6298827;308;0
147;18;336;17;29;48;59;2.80;6;2;1;69;0;6298859;321;0
147;18;336;17;29;49;99;3.60;6;2;1;73;0;6298999;125;0
147;18;336;17;29;49;99;4.00;8;2;1;71;0;6298999;280;0
147;18;336;17;29;49;81;5.40;3;1;1;36;0;6298981;1097;0
147;18;336;17;29;51;48;4.20;6;2;1;73;0;6299148;131;0
147;18;336;17;29;51;58;3.00;2;1;1;61;0;6299158;315;0
147;18;336;17;29;51;99;3.60;4;1;1;64;0;6299199;375;0
147;18;336;17;29;52;12;3.20;1;1;1;74;0;6299212;509;0
147;18;336;17;29;52;99;3.80;8;2;1;75;0;6299299;279;0
147;18;336;17;29;51;89;4.20;3;1;1;35;0;6299189;154;0
147;18;336;17;29;53;17;4.40;6;2;1;80;0;6299317;148;0
147;18;336;17;29;53;45;3.40;8;2;1;72;0;6299345;27;0
147;18;336;17;29;53;50;3.20;2;1;1;67;0;6299350;174;0
147;18;336;17;29;55;1;4.00;6;2;1;78;0;6299501;164;6298859
147;18;336;17;29;55;10;3.60;1;1;1;71;0;6299510;282;0
147;18;336;17;29;55;99;4.20;7;2;1;73;0;6299599;1449;0
147;18;336;17;29;56;27;3.20;6;2;1;79;0;6299627;107;6298859
147;18;336;17;29;56;99;3.80;5;2;1;80;0;6299699;883;0
147;18;336;17;29;57;19;3.80;6;2;1;73;0;6299719;77;6298859
147;18;336;17;29;58;18;3.60;6;2;1;74;0;6299818;80;6298859
147;18;336;17;29;58;51;3.60;5;2;1;81;0;6299851;134;6298859
147;18;336;17;29;59;99;3.20;6;2;1;76;0;6299999;163;6298859
147;18;336;17;30;0;99;3.60;4;1;1;74;0;6300099;879;0
147;18;336;17;30;1;52;3.80;5;2;1;78;0;6300152;285;0
147;18;336;17;30;0;43;1.00;7;2;1;1;1;6300043;423;0
147;18;336;17;30;3;99;3.60;4;1;1;73;0;6300399;282;0
147;18;336;17;30;3;99;3.60;6;2;1;77;0;6300399;384;0
147;18;336;17;30;3;22;6.80;5;2;1;75;0;6300322;152;0
147;18;336;17;30;4;61;3.00;2;1;1;64;0;6300461;1093;0
147;18;336;17;30;4;89;4.40;4;1;1;73;0;6300489;72;0
147;18;336;17;30;4;99;4.80;3;1;1;67;0;6300499;1266;0
147;18;336;17;30;5;99;3.80;7;2;1;72;0;6300599;979;0
147;18;336;17;30;6;45;3.80;6;2;1;75;0;6300645;229;0
147;18;336;17;30;8;99;3.60;6;2;1;73;0;6300899;235;0
147;18;336;17;30;8;99;3.80;5;2;1;81;0;6300899;544;0
147;18;336;17;30;9;74;3.60;1;1;1;71;0;6300974;1445;0
147;18;336;17;30;9;97;3.40;6;2;1;75;0;6300997;80;0
147;18;336;17;30;10;99;3.20;6;2;1;78;0;6301099;85;0
147;18;336;17;30;11;18;3.60;5;2;1;90;0;6301118;202;0
147;18;336;17;30;12;99;3.80;5;2;1;81;0;6301299;166;0
147;18;336;17;30;12;99;3.40;1;1;1;65;0;6301299;306;0
147;18;336;17;30;13;8;3.40;1;1;1;65;0;6301308;-1;0
147;18;336;17;30;15;16;3.20;6;2;1;73;0;6301516;402;0
147;18;336;17;30;15;99;5.00;5;2;1;87;0;6301599;283;0
147;18;336;17;30;15;99;3.60;4;1;1;75;0;6301599;1088;0
147;18;336;17;30;17;99;4.40;3;1;1;79;0;6301799;1274;0
147;18;336;17;30;17;99;3.80;6;2;1;74;0;6301799;267;0
147;18;336;17;30;19;17;3.20;6;2;1;71;0;6301917;99;0
147;18;336;17;30;19;43;3.40;2;1;1;68;0;6301943;1465;0
147;18;336;17;30;19;99;3.40;1;1;1;77;0;6301999;672;0
147;18;336;17;30;20;5;3.40;4;1;1;77;0;6302005;388;0
147;18;336;17;30;20;19;4.00;5;2;1;80;0;6302019;399;0
147;18;336;17;30;20;99;3.60;6;2;1;70;0;6302099;165;0
147;18;336;17;30;20;99;4.60;2;1;1;79;0;6302099;138;0
147;18;336;17;30;21;12;3.80;5;2;1;77;0;6302112;75;0
147;18;336;17;30;21;11;3.80;3;1;1;72;0;6302111;291;0
147;18;336;17;30;22;4;3.40;6;2;1;72;0;6302204;86;0
147;18;336;17;30;22;99;3.60;4;1;1;80;0;6302299;278;0
147;18;336;17;30;22;99;3.40;3;1;1;66;0;6302299;169;0
147;18;336;17;30;23;99;3.60;5;2;1;83;0;6302399;269;0
147;18;336;17;30;23;99;4.60;8;2;1;75;0;6302399;3037;0
147;18;336;17;30;24;71;3.80;6;2;1;70;0;6302471;250;0
147;18;336;17;30;25;31;3.40;4;1;1;92;0;6302531;215;0
147;18;336;17;30;25;99;3.80;3;1;1;72;0;6302599;281;0
147;18;336;17;30;26;99;3.40;6;2;1;71;0;6302699;208;0
147;18;336;17;30;26;31;3.80;5;2;1;85;0;6302631;216;0
147;18;336;17;30;26;34;3.20;4;1;1;80;0;6302634;89;0
147;18;336;17;30;27;83;3.40;3;1;1;71;0;6302783;165;0
147;18;336;17;30;28;99;3.40;4;1;1;78;0;6302899;250;0
147;18;336;17;30;29;24;3.40;6;2;1;77;0;6302924;207;0
147;18;336;17;30;29;25;3.20;3;1;1;71;0;6302925;124;0
147;18;336;17;30;29;43;3.60;7;2;1;72;0;6302943;2325;0
147;18;336;17;30;30;13;3.40;6;2;1;76;0;6303013;73;0
147;18;336;17;30;30;99;3.60;7;2;1;71;0;6303099;138;0
147;18;336;17;30;31;99;3.60;5;2;1;79;0;6303199;551;0
147;18;336;17;30;32;19;3.40;3;1;1;73;0;6303219;277;0
147;18;336;17;30;32;59;3.80;6;2;1;79;0;6303259;229;0
147;18;336;17;30;32;49;5.20;7;2;1;68;0;6303249;131;0
147;18;336;17;30;33;99;4.80;7;2;1;77;0;6303399;122;0
147;18;336;17;30;33;99;3.60;7;2;1;76;0;6303399;-1;6302943
147;18;336;17;30;34;11;3.40;4;1;1;76;0;6303411;496;0
147;18;336;17;30;34;24;3.60;6;2;1;70;0;6303424;147;0
147;18;336;17;30;34;53;4.20;8;2;1;85;0;6303453;1031;0
147;18;336;17;30;35;13;4.00;3;1;1;71;0;6303513;277;0
147;18;336;17;30;35;99;3.40;5;2;1;88;0;6303599;383;0
147;18;336;17;30;35;99;3.60;6;2;1;70;0;6303599;156;0
147;18;336;17;30;36;99;4.40;3;1;1;70;0;6303699;165;0
147;18;336;17;30;37;2;3.60;6;2;1;69;0;6303702;84;0
147;18;336;17;30;38;29;3.20;5;2;1;80;0;6303829;216;0
147;18;336;17;30;38;99;3.60;3;1;1;72;0;6303899;177;0
147;18;336;17;30;37;60;8.80;7;2;6;24;0;6303760;343;0
147;18;336;17;30;40;99;3.60;7;2;1;84;0;6304099;207;0
147;18;336;17;30;40;99;3.80;4;1;1;78;0;6304099;671;0
147;18;336;17;30;41;99;3.60;1;1;1;80;0;6304199;2184;0
147;18;336;17;30;42;28;3.60;3;1;1;73;0;6304228;311;0
147;18;336;17;30;43;99;3.60;2;1;1;81;0;6304399;2279;0
147;18;336;17;30;44;8;3.00;7;2;1;78;0;6304408;293;0
147;18;336;17;30;44;17;3.40;2;1;1;79;0;6304417;2;0
147;18;336;17;30;44;30;3.80;6;2;1;88;0;6304430;709;0
147;18;336;17;30;45;99;3.80;3;1;1;79;0;6304599;353;0
147;18;336;17;30;46;99;3.40;1;1;1;74;0;6304699;483;0
147;18;336;17;30;47;6;3.40;5;2;1;80;0;6304706;862;0
147;18;336;17;30;47;23;3.40;4;1;1;91;0;6304723;606;0
147;18;336;17;30;47;35;3.80;8;2;1;83;0;6304735;1264;0
147;18;336;17;30;47;81;4.00;3;1;1;89;0;6304781;164;0
147;18;336;17;30;47;88;3.80;5;2;1;82;0;6304788;66;0
147;18;336;17;30;48;18;3.40;2;1;1;80;0;6304818;385;0
147;18;336;17;30;48;99;4.00;2;1;1;82;0;6304899;65;0
147;18;336;17;30;49;99;3.80;8;2;1;64;0;6304999;247;0
147;18;336;17;30;49;5;3.80;6;2;1;84;0;6304905;459;0
147;18;336;17;30;49;15;3.00;3;1;1;75;0;6304915;117;0
147;18;336;17;30;50;99;3.80;5;2;1;86;0;6305099;294;0
147;18;336;17;30;50;99;4.00;4;1;1;85;0;6305099;362;0
147;18;336;17;30;50;99;3.60;2;1;1;76;0;6305099;182;0
147;18;336;17;30;51;17;3.40;3;1;1;70;0;6305117;187;0
147;18;336;17;30;51;99;3.60;2;1;1;75;0;6305199;82;0
147;18;336;17;30;52;34;3.20;4;1;1;83;0;6305234;118;0
147;18;336;17;30;52;34;3.80;5;2;1;86;0;6305234;119;0
147;18;336;17;30;52;49;3.60;1;1;1;79;0;6305249;533;0
147;18;336;17;30;53;99;3.40;2;1;1;85;0;6305399;182;6304818
147;18;336;17;30;53;99;3.60;5;2;1;86;0;6305399;149;6304818
147;18;336;17;30;53;99;3.20;4;1;1;84;0;6305399;151;6304818
147;18;336;17;30;53;99;3.40;7;2;1;76;0;6305399;977;0
147;18;336;17;30;53;99;3.60;3;1;1;69;0;6305399;264;0
147;18;336;17;30;54;99;3.00;6;2;1;77;0;6305499;577;0
147;18;336;17;30;55;72;4.00;5;2;1;86;0;6305572;157;0
147;18;336;17;30;56;99;3.20;6;2;1;72;0;6305699;185;0
147;18;336;17;30;56;99;3.80;7;2;1;77;0;6305699;283;0
147;18;336;17;30;56;99;4.20;3;1;1;73;0;6305699;281;0
147;18;336;17;30;56;99;3.60;4;1;1;81;0;6305699;286;0
147;18;336;17;30;56;99;4.00;2;1;1;82;0;6305699;285;0
147;18;336;17;30;57;9;3.20;3;1;1;76;0;6305709;-1;0
147;18;336;17;30;57;24;3.40;5;2;1;84;0;6305724;135;6305099
147;18;336;17;30;57;16;3.80;6;2;1;74;0;6305716;0;6305099
147;18;336;17;30;58;99;3.40;1;1;1;69;0;6305899;633;0
147;18;336;17;30;58;99;3.80;6;2;1;70;0;6305899;164;0
147;18;336;17;30;59;99;3.40;1;1;1;74;0;6305999;82;0
147;18;336;17;30;59;11;3.80;2;1;1;76;0;6305911;194;0
147;18;336;17;31;0;72;3.40;5;2;1;81;0;6306072;333;0
147;18;336;17;31;0;99;5.00;2;1;1;78;0;6306099;170;0
147;18;336;17;31;1;99;4.00;8;2;1;80;0;6306199;1178;0
147;18;336;17;31;1;99;3.40;6;2;1;73;0;6306199;280;0
147;18;336;17;31;3;99;3.60;8;2;1;81;0;6306399;182;0
147;18;336;17;31;5;70;3.80;7;2;1;80;0;6306570;853;0
147;18;336;17;31;5;99;2.80;2;1;1;75;0;6306599;476;0
147;18;336;17;31;7;2;3.60;7;2;1;84;0;6306702;114;0
147;18;336;17;31;7;19;3.60;2;1;1;77;0;6306719;106;0
147;18;336;17;31;7;31;3.60;4;1;1;82;0;6306731;1016;0
147;18;336;17;31;8;14;3.40;5;2;1;86;0;6306814;726;0
147;18;336;17;31;8;99;3.20;7;2;1;76;0;6306899;181;0
147;18;336;17;31;9;12;3.20;3;1;1;82;0;6306912;1187;0
147;18;336;17;31;9;99;4.00;5;2;1;79;0;6306999;170;0
147;18;336;17;31;10;23;3.40;2;1;1;79;0;6307023;287;0
147;18;336;17;31;11;99;3.20;4;1;1;88;0;6307199;452;0
147;18;336;17;31;11;99;3.60;8;2;1;78;0;6307199;784;0
147;18;336;17;31;11;99;3.40;2;1;1;80;0;6307199;160;0
147;18;336;17;31;12;17;3.60;6;2;1;71;0;6307217;1001;0
147;18;336;17;31;12;99;3.60;5;2;1;79;0;6307299;281;0
147;18;336;17;31;12;99;3.20;3;1;1;80;0;6307299;372;0
147;18;336;17;31;12;6;3.40;4;1;1;81;0;6307206;-1;0
147;18;336;17;31;12;2;3.60;7;2;1;73;0;6307202;287;0
147;18;336;17;31;14;99;3.20;3;1;1;77;0;6307499;185;0
147;18;336;17;31;14;99;3.60;4;1;1;81;0;6307499;277;0
147;18;336;17;31;15;11;3.80;5;2;1;86;0;6307511;195;0
147;18;336;17;31;15;59;3.40;6;2;1;83;0;6307559;323;0
147;18;336;17;31;15;63;4.00;4;1;1;79;0;6307563;48;0
147;18;336;17;31;18;87;3.60;2;1;1;77;0;6307887;672;0
147;18;336;17;31;18;99;3.40;6;2;1;75;0;6307899;325;0
147;18;336;17;31;19;18;3.20;7;2;1;70;0;6307918;698;0
147;18;336;17;31;19;99;3.40;8;2;1;87;0;6307999;783;0
147;18;336;17;31;20;10;3.60;5;2;1;80;0;6308010;483;0
147;18;336;17;31;21;99;3.80;5;2;1;81;0;6308199;172;0
147;18;336;17;31;21;99;3.60;3;1;1;79;0;6308199;685;0
147;18;336;17;31;22;99;5.60;4;1;1;80;0;6308299;717;0
147;18;336;17;31;22;99;3.40;2;1;1;78;0;6308299;395;0
147;18;336;17;31;23;86;3.40;6;2;1;75;0;6308386;470;0
147;18;336;17;31;24;99;3.20;7;2;1;79;0;6308499;564;0
147;18;336;17;31;26;3;3.20;3;1;1;107;0;6308603;387;0
147;18;336;17;31;26;2;3.40;6;2;1;74;0;6308602;199;0
147;18;336;17;31;26;6;3.60;7;2;1;79;0;6308606;92;0
147;18;336;17;31;26;99;3.80;5;2;1;79;0;6308699;483;0
147;18;336;17;31;26;99;3.60;4;1;1;85;0;6308699;374;0
147;18;336;17;31;27;16;3.80;6;2;1;75;0;6308716;97;0
147;18;336;17;31;27;99;3.00;5;2;1;85;0;6308799;82;0
147;18;336;17;31;27;99;4.00;8;2;1;81;0;6308799;785;0
147;18;336;17;31;28;2;3.20;2;1;1;79;0;6308802;487;0
147;18;336;17;31;28;27;3.00;3;1;1;80;0;6308827;213;0
147;18;336;17;31;28;69;4.00;1;1;1;71;0;6308869;2853;0
147;18;336;17;31;29;8;4.00;6;2;1;72;0;6308908;173;0
147;18;336;17;31;29;19;3.60;7;2;1;78;0;6308919;296;0
147;18;336;17;31;29;99;4.00;3;1;1;75;0;6308999;158;0
147;18;336;17;31;30;99;3.60;4;1;1;83;0;6309099;384;0
147;18;336;17;31;30;15;3.60;1;1;1;80;0;6309015;125;0
147;18;336;17;31;31;8;3.80;5;2;1;83;0;6309108;296;0
147;18;336;17;31;31;73;4.00;7;2;1;75;0;6309173;237;0
147;18;336;17;31;31;86;3.40;2;1;1;78;0;6309186;369;0
147;18;336;17;31;32;9;3.60;6;2;1;73;0;6309209;281;0
147;18;336;17;31;32;99;3.60;3;1;1;76;0;6309299;280;0
147;18;336;17;31;33;73;3.60;7;2;1;79;0;6309373;180;0
147;18;336;17;31;34;18;4.00;3;1;1;78;0;6309418;101;0
147;18;336;17;31;34;99;4.00;5;2;1;84;0;6309499;374;0
147;18;336;17;31;35;5;4.00;7;2;1;77;0;6309505;115;0
147;18;336;17;31;35;99;3.20;3;1;1;71;0;6309599;162;0
147;18;336;17;31;36;56;3.80;6;2;1;78;0;6309656;429;0
147;18;336;17;31;35;90;12.20;5;2;7;77;0;6309590;73;0
147;18;336;17;31;37;10;3.60;7;2;1;77;0;6309710;186;0
147;18;336;17;31;37;15;3.80;1;1;1;80;0;6309715;683;0
147;18;336;17;31;37;99;3.00;2;1;1;67;0;6309799;597;0
147;18;336;17;31;38;99;3.80;1;1;1;78;0;6309899;166;0
147;18;336;17;31;39;99;3.40;6;2;1;77;0;6309999;325;0
147;18;336;17;31;40;99;3.20;1;1;1;74;0;6310099;182;0
147;18;336;17;31;40;99;3.40;6;2;1;73;0;6310099;84;0
147;18;336;17;31;41;86;3.60;2;1;1;78;0;6310186;370;0
147;18;336;17;31;43;0;4.00;7;2;1;74;0;6310300;573;0
147;18;336;17;31;43;20;3.80;6;2;1;75;0;6310320;204;0
147;18;336;17;31;43;49;3.80;5;2;1;90;0;6310349;701;0
147;18;336;17;31;45;10;3.00;7;2;1;73;0;6310510;190;0
147;18;336;17;31;45;99;3.40;3;1;1;74;0;6310599;983;0
147;18;336;17;31;45;99;3.40;6;2;1;78;0;6310599;260;0
147;18;336;17;31;45;99;3.80;4;1;1;78;0;6310599;1484;0
147;18;336;17;31;45;99;3.60;8;2;1;86;0;6310599;1782;0
147;18;336;17;31;45;75;6.20;7;2;1;63;0;6310575;50;0
147;18;336;17;31;46;89;3.00;5;2;1;84;0;6310689;324;0
147;18;336;17;31;47;17;3.40;7;2;1;76;0;6310717;106;0
147;18;336;17;31;47;99;3.00;1;1;1;76;0;6310799;684;0
147;18;336;17;31;47;99;3.20;6;2;1;75;0;6310799;184;0
147;18;336;17;31;48;99;3.80;8;2;1;78;0;6310899;284;0
147;18;336;17;31;48;35;4.20;1;1;1;90;0;6310835;21;0
147;18;336;17;31;48;48;3.60;2;1;1;83;0;6310848;645;0
147;18;336;17;31;49;99;3.60;4;1;1;78;0;6310999;382;0
147;18;336;17;31;49;99;3.20;6;2;1;78;0;6310999;184;0
147;18;336;17;31;50;99;3.40;3;1;1;75;0;6311099;483;0
147;18;336;17;31;50;99;3.60;6;2;1;77;0;6311099;85;0
147;18;336;17;31;50;99;4.40;2;1;1;79;0;6311099;235;0
147;18;336;17;31;51;15;4.20;3;1;1;68;0;6311115;-1;0
147;18;336;17;31;51;88;9.60;2;1;6;77;0;6311188;68;0
147;18;336;17;31;53;14;3.40;6;2;1;78;0;6311314;198;6310599
147;18;336;17;31;53;28;3.40;3;1;1;73;0;6311328;190;6310599
147;18;336;17;31;54;99;3.80;2;1;1;79;0;6311499;266;0
147;18;336;17;31;57;0;4.00;2;1;1;79;0;6311700;183;0
147;18;336;17;31;59;94;3.60;3;1;1;83;0;6311994;649;0
147;18;336;17;32;0;99;4.00;2;1;1;79;0;6312099;380;0
147;18;336;17;32;1;34;3.20;4;1;1;77;0;6312134;1118;0
147;18;336;17;32;1;21;7.40;3;1;2;65;0;6312121;111;0
147;18;336;17;32;2;99;3.40;4;1;1;79;0;6312299;150;0
147;18;336;17;32;2;99;3.40;3;1;1;64;0;6312299;137;0
147;18;336;17;32;3;15;3.00;6;2;1;85;0;6312315;985;0
147;18;336;17;32;4;2;3.60;2;1;1;78;0;6312402;284;0
147;18;336;17;32;6;21;3.80;2;1;1;77;0;6312621;202;0
147;18;336;17;32;6;51;5.60;6;2;1;74;0;6312651;323;0
147;18;336;17;32;7;97;4.40;2;1;1;77;0;6312797;158;0
147;18;336;17;32;8;99;3.40;6;2;1;78;0;6312899;220;0
147;18;336;17;32;9;89;3.40;5;2;1;80;0;6312989;2287;0
147;18;336;17;32;10;99;4.00;6;2;1;79;0;6313099;184;0
147;18;336;17;32;11;25;3.60;2;1;1;74;0;6313125;307;0
147;18;336;17;32;12;98;3.60;3;1;1;80;0;6313298;979;0
147;18;336;17;32;13;15;3.80;5;2;1;80;0;6313315;310;0
147;18;336;17;32;13;8;3.20;6;2;1;75;0;6313308;190;0
147;18;336;17;32;13;99;3.60;7;2;1;76;0;6313399;2665;0
147;18;336;17;32;14;17;3.80;6;2;1;74;0;6313417;93;0
147;18;336;17;32;14;58;3.40;5;2;1;78;0;6313458;125;0
147;18;336;17;32;15;99;4.00;1;1;1;94;0;6313599;2747;0
147;18;336;17;32;15;99;3.20;7;2;1;76;0;6313599;182;0
147;18;336;17;32;15;99;3.60;2;1;1;72;0;6313599;456;0
147;18;336;17;32;16;99;3.40;6;2;1;81;0;6313699;263;0
147;18;336;17;32;17;79;4.20;6;2;1;81;0;6313779;64;0
147;18;336;17;32;17;99;3.40;2;1;1;71;0;6313799;182;0
147;18;336;17;32;18;6;3.80;8;2;1;81;0;6313806;2889;0
147;18;336;17;32;18;99;4.00;6;2;1;81;0;6313899;101;0
147;18;336;17;32;18;99;3.60;8;2;1;78;0;6313899;76;0
147;18;336;17;32;21;10;2.80;4;1;1;85;0;6314110;1795;0
147;18;336;17;32;21;9;3.00;3;1;1;84;0;6314109;794;0
147;18;336;17;32;21;99;3.20;6;2;1;77;0;6314199;282;0
147;18;336;17;32;21;3;3.20;5;2;1;82;0;6314103;629;0
147;18;336;17;32;22;0;5.40;3;1;1;71;0;6314200;78;0
147;18;336;17;32;23;99;3.40;3;1;1;70;0;6314399;171;0
147;18;336;17;32;25;92;3.40;3;1;1;72;0;6314592;175;0
147;18;336;17;32;25;98;4.00;1;1;1;78;0;6314598;983;0
147;18;336;17;32;25;99;3.20;7;2;1;79;0;6314599;984;0
147;18;336;17;32;25;99;3.80;6;2;1;74;0;6314599;385;0
147;18;336;17;32;25;99;3.80;4;1;1;77;0;6314599;477;0
147;18;336;17;32;26;99;3.60;5;2;1;76;0;6314699;581;0
147;18;336;17;32;27;57;3.60;6;2;1;74;0;6314757;139;0
147;18;336;17;32;27;63;3.60;5;2;1;78;0;6314763;46;0
147;18;336;17;32;28;23;3.60;5;2;1;80;0;6314823;43;0
147;18;336;17;32;28;99;3.80;7;2;1;79;0;6314899;285;0
147;18;336;17;32;29;14;3.60;5;2;1;81;0;6314914;74;0
147;18;336;17;32;30;95;2.80;2;1;1;73;0;6315095;1278;0
147;18;336;17;32;31;11;3.60;6;2;1;82;0;6315111;336;0
147;18;336;17;32;32;7;3.60;5;2;1;86;0;6315207;277;0
147;18;336;17;32;32;60;3.40;1;1;1;75;0;6315260;643;0
147;18;336;17;32;32;68;3.40;6;2;1;75;0;6315268;141;0
147;18;336;17;32;32;85;4.00;7;2;1;92;0;6315285;368;0
147;18;336;17;32;33;99;3.40;3;1;1;74;0;6315399;790;0
147;18;336;17;32;33;99;3.80;5;2;1;84;0;6315399;176;0
147;18;336;17;32;34;16;3.80;2;1;1;80;0;6315416;307;0
147;18;336;17;32;34;99;3.80;4;1;1;79;0;6315499;882;0
147;18;336;17;32;34;99;3.60;3;1;1;74;0;6315499;83;0
147;18;336;17;32;35;74;3.60;4;1;1;80;0;6315574;57;0
147;18;336;17;32;36;99;3.60;4;1;1;86;0;6315699;108;0
147;18;336;17;32;39;99;3.80;3;1;1;72;0;6315999;482;0
147;18;336;17;32;39;25;3.00;6;2;1;75;0;6315925;640;0
147;18;336;17;32;41;12;3.80;6;2;1;77;0;6316112;172;0
147;18;336;17;32;41;99;4.00;5;2;1;81;0;6316199;783;0
147;18;336;17;32;41;88;15.60;3;1;4;65;0;6316188;170;0
147;18;336;17;32;43;99;3.20;2;1;1;73;0;6316399;965;0
147;18;336;17;32;43;99;3.00;6;2;1;80;0;6316399;269;0
147;18;336;17;32;44;99;3.80;5;2;1;78;0;6316499;282;0
147;18;336;17;32;44;99;3.80;6;2;1;80;0;6316499;86;0
147;18;336;17;32;44;99;3.40;7;2;1;72;0;6316499;1198;0
147;18;336;17;32;44;17;3.00;2;1;1;75;0;6316417;2;0
147;18;336;17;32;45;21;3.60;4;1;1;83;0;6316521;806;0
147;18;336;17;32;45;99;3.80;7;2;1;75;0;6316599;83;0
147;18;336;17;32;45;99;3.80;1;1;1;80;0;6316599;1322;0
147;18;336;17;32;46;99;3.40;5;2;1;83;0;6316699;182;0
147;18;336;17;32;47;3;3.40;7;2;1;75;0;6316703;85;0
147;18;336;17;32;48;99;3.60;2;1;1;72;0;6316899;467;0
147;18;336;17;32;49;5;3.60;3;1;1;84;0;6316905;630;0
147;18;336;17;32;50;29;3.40;4;1;1;87;0;6317029;492;0
147;18;336;17;32;50;72;3.40;6;2;1;77;0;6317072;555;0
147;18;336;17;32;52;99;6.00;5;2;1;79;0;6317299;585;0
147;18;336;17;32;52;49;3.40;2;1;1;79;0;6317249;332;0
147;18;336;17;32;52;43;3.80;7;2;1;74;0;6317243;523;0
147;18;336;17;32;53;88;3.40;1;1;1;73;0;6317388;771;0
147;18;336;17;32;53;99;4.00;6;2;1;83;0;6317399;311;0
147;18;336;17;32;53;99;3.40;3;1;1;81;0;6317399;478;0
147;18;336;17;32;54;99;3.40;7;2;1;76;0;6317499;237;0
147;18;336;17;32;54;99;3.20;5;2;1;92;0;6317499;172;0
147;18;336;17;32;55;17;3.40;6;2;1;85;0;6317517;100;0
147;18;336;17;32;55;79;3.20;6;2;1;85;0;6317579;47;0
147;18;336;17;32;58;99;3.80;3;1;1;83;0;6317899;484;0
147;18;336;17;32;59;26;3.60;6;2;1;85;0;6317926;333;0
147;18;336;17;33;0;36;3.60;4;1;1;77;0;6318036;992;0
147;18;336;17;33;1;99;3.60;7;2;1;80;0;6318199;683;0
147;18;336;17;33;1;99;3.20;3;1;1;69;0;6318199;283;0
147;18;336;17;33;1;99;3.60;4;1;1;80;0;6318199;146;0
147;18;336;17;33;2;4;4.00;7;2;1;75;0;6318204;-1;0
147;18;336;17;33;3;50;3.60;8;2;1;62;0;6318350;4434;0
147;18;336;17;33;3;69;3.60;6;2;1;81;0;6318369;427;0
147;18;336;17;33;6;99;3.80;6;2;1;76;0;6318699;314;0
147;18;336;17;33;7;99;3.00;3;1;1;67;0;6318799;583;0
147;18;336;17;33;7;99;3.60;2;1;1;65;0;6318799;1534;0
147;18;336;17;33;8;4;3.60;6;2;1;77;0;6318804;87;0
147;18;336;17;33;9;2;3.40;7;2;1;79;0;6318902;678;0
147;18;336;17;33;9;99;3.60;7;2;1;81;0;6318999;81;0
147;18;336;17;33;9;99;3.20;6;2;1;76;0;6318999;178;0
147;18;336;17;33;9;99;3.20;3;1;1;68;0;6318999;183;0
147;18;336;17;33;10;33;3.60;6;2;1;77;0;6319033;18;0
147;18;336;17;33;11;99;3.60;1;1;1;71;0;6319199;1794;0
147;18;336;17;33;12;10;3.60;6;2;1;83;0;6319210;160;6318699
147;18;336;17;33;12;99;4.00;5;2;1;84;0;6319299;1787;0
147;18;336;17;33;12;99;3.20;6;2;1;73;0;6319299;73;6318699
147;18;336;17;33;13;43;3.80;2;1;1;77;0;6319343;524;0
147;18;336;17;33;13;84;4.00;8;2;1;78;0;6319384;1013;0
147;18;336;17;33;13;94;4.20;4;1;1;86;0;6319394;1178;0
147;18;336;17;33;13;99;3.80;3;1;1;79;0;6319399;383;0
147;18;336;17;33;14;99;4.20;5;2;1;83;0;6319499;182;0
147;18;336;17;33;15;99;3.40;6;2;1;81;0;6319599;284;0
147;18;336;17;33;15;99;4.00;7;2;1;78;0;6319599;584;0
147;18;336;17;33;15;4;4.00;2;1;1;78;0;6319504;143;0
147;18;336;17;33;16;65;6.20;7;2;1;66;0;6319665;47;0
147;18;336;17;33;17;99;3.60;2;1;1;77;0;6319799;276;0
147;18;336;17;33;17;99;3.80;4;1;1;82;0;6319799;387;0
147;18;336;17;33;17;99;7.60;6;2;6;73;0;6319799;184;0
147;18;336;17;33;18;55;4.00;7;2;1;83;0;6319855;156;0
147;18;336;17;33;19;99;4.00;6;2;1;76;0;6319999;162;0
147;18;336;17;33;19;99;3.80;5;2;1;83;0;6319999;481;0
147;18;336;17;33;20;99;3.60;2;1;1;81;0;6320099;283;0
147;18;336;17;33;20;6;3.60;5;2;1;83;0;6320006;-1;0
147;18;336;17;33;21;98;3.40;6;2;1;86;0;6320198;180;0
147;18;336;17;33;23;9;4.00;3;1;1;80;0;6320309;892;0
147;18;336;17;33;23;79;4.00;5;2;1;88;0;6320379;357;0
147;18;336;17;33;24;99;3.20;4;1;1;82;0;6320499;683;0
147;18;336;17;33;24;99;3.00;2;1;1;63;0;6320499;384;0
147;18;336;17;33;25;1;3.40;6;2;1;77;0;6320501;288;0
147;18;336;17;33;28;21;3.60;6;2;1;83;0;6320821;304;0
147;18;336;17;33;28;52;3.40;2;1;1;73;0;6320852;335;0
147;18;336;17;33;30;99;3.80;6;2;1;72;0;6321099;262;0
147;18;336;17;33;31;99;3.60;6;2;1;74;0;6321199;81;0
147;18;336;17;33;32;5;3.60;2;1;1;77;0;6321205;336;0
147;18;336;17;33;32;10;4.20;7;2;1;82;0;6321210;1337;0
147;18;336;17;33;32;99;3.60;4;1;1;80;0;6321299;785;0
147;18;336;17;33;32;99;3.20;3;1;1;74;0;6321299;972;0
147;18;336;17;33;33;22;3.60;5;2;1;80;0;6321322;926;0
147;18;336;17;33;33;1;3.80;6;2;1;74;0;6321301;84;0
147;18;336;17;33;34;99;3.80;4;1;1;87;0;6321499;183;0
147;18;336;17;33;35;99;3.00;3;1;1;75;0;6321599;284;0
147;18;336;17;33;36;36;3.20;2;1;1;74;0;6321636;414;0
147;18;336;17;33;36;34;3.60;6;2;1;71;0;6321634;314;0
147;18;336;17;33;36;81;3.80;1;1;1;80;0;6321681;2463;0
147;18;336;17;33;37;99;4.00;5;2;1;84;0;6321799;460;0
147;18;336;17;33;40;99;6.00;2;1;1;69;0;6322099;447;0
147;18;336;17;33;41;0;3.40;6;2;1;73;0;6322100;447;0
147;18;336;17;33;41;59;3.60;2;1;1;69;0;6322159;28;0
147;18;336;17;33;42;10;4.00;1;1;1;79;0;6322210;511;0
147;18;336;17;33;42;22;3.40;4;1;1;84;0;6322222;707;0
147;18;336;17;33;42;99;3.40;3;1;1;72;0;6322299;685;0
147;18;336;17;33;44;78;2.80;1;1;1;62;0;6322478;249;0
147;18;336;17;33;44;88;3.40;6;2;1;76;0;6322488;371;0
147;18;336;17;33;44;99;3.40;3;1;1;73;0;6322499;183;0
147;18;336;17;33;46;8;3.60;8;2;1;74;0;6322608;3205;0
147;18;336;17;33;46;99;3.80;2;1;1;63;0;6322699;521;0
147;18;336;17;33;46;32;3.40;1;1;1;68;0;6322632;137;0
147;18;336;17;33;46;36;3.80;3;1;1;75;0;6322636;120;0
147;18;336;17;33;47;99;3.60;4;1;1;80;0;6322799;562;0
147;18;336;17;33;48;99;3.20;2;1;1;66;0;6322899;178;0
147;18;336;17;33;49;24;3.00;6;2;1;75;0;6322924;419;0
147;18;336;17;33;49;94;3.40;7;2;1;81;0;6322994;1765;0
147;18;336;17;33;50;3;4.00;3;1;1;87;0;6323003;348;0
147;18;336;17;33;50;7;4.20;1;1;1;71;0;6323007;357;0
147;18;336;17;33;51;4;3.60;4;1;1;80;0;6323104;288;0
147;18;336;17;33;51;21;3.20;2;1;1;71;0;6323121;204;0
147;18;336;17;33;52;99;3.40;6;2;1;77;0;6323299;360;0
147;18;336;17;33;52;99;3.60;7;2;1;75;0;6323299;289;0
147;18;336;17;33;53;1;3.80;3;1;1;73;0;6323301;281;0
147;18;336;17;33;53;99;3.60;2;1;1;68;0;6323399;261;0
147;18;336;17;33;54;46;3.40;7;2;1;77;0;6323446;129;0
147;18;336;17;33;54;54;3.80;5;2;1;79;0;6323454;1637;0
147;18;336;17;33;54;66;3.80;2;1;1;66;0;6323466;47;0
147;18;336;17;33;56;14;3.40;6;2;1;67;0;6323614;299;0
147;18;336;17;33;57;11;3.40;2;1;1;64;0;6323711;224;0
147;18;336;17;33;56;99;3.60;7;2;1;75;0;6323699;237;0
147;18;336;17;33;56;99;3.60;3;1;1;73;0;6323699;379;0
147;18;336;17;33;56;11;3.80;5;2;1;82;0;6323611;139;0
147;18;336;17;33;56;45;3.80;8;2;1;77;0;6323645;1019;0
147;18;336;17;33;57;99;3.80;2;1;1;83;0;6323799;68;0
147;18;336;17;33;58;99;3.80;4;1;1;85;0;6323899;778;0
147;18;336;17;33;58;99;3.40;6;2;1;71;0;6323899;266;0
147;18;336;17;33;58;99;3.80;2;1;1;70;0;6323899;83;0
147;18;336;17;33;59;3;3.80;8;2;1;73;0;6323903;240;0
147;18;336;17;33;59;73;3.40;5;2;1;82;0;6323973;345;0
147;18;336;17;34;0;99;3.60;1;1;1;75;0;6324099;1070;0
147;18;336;17;34;0;99;3.80;6;2;1;76;0;6324099;182;0
147;18;336;17;34;1;14;3.80;2;1;1;78;0;6324114;195;0
147;18;336;17;34;2;99;3.60;2;1;1;75;0;6324299;167;6323711
147;18;336;17;34;3;6;3.20;5;2;1;84;0;6324306;318;0
147;18;336;17;34;1;43;25.40;7;2;5;80;0;6324143;426;0
147;18;336;17;34;3;99;3.60;6;2;1;77;0;6324399;282;0
147;18;336;17;34;5;0;3.80;5;2;1;88;0;6324500;180;0
147;18;336;17;34;4;80;3.60;3;1;1;74;0;6324480;763;0
147;18;336;17;34;5;99;8.00;6;2;6;64;0;6324599;183;0
147;18;336;17;34;6;4;3.60;5;2;1;77;0;6324604;88;0
147;18;336;17;34;6;26;3.40;7;2;1;63;0;6324626;368;0
147;18;336;17;34;7;19;3.40;6;2;1;73;0;6324719;75;0
147;18;336;17;34;8;18;3.40;6;2;1;71;0;6324818;82;0
147;18;336;17;34;9;21;4.20;1;1;1;78;0;6324921;804;0
147;18;336;17;34;9;12;4.20;6;2;1;77;0;6324912;76;6324399
147;18;336;17;34;9;17;3.80;5;2;1;80;0;6324917;296;0
147;18;336;17;34;9;48;3.60;4;1;1;84;0;6324948;1032;0
147;18;336;17;34;9;69;3.60;3;1;1;72;0;6324969;471;0
147;18;336;17;34;10;1;3.20;7;2;1;73;0;6325001;355;0
147;18;336;17;34;10;99;4.20;7;2;1;73;0;6325099;82;0
147;18;336;17;34;10;99;3.40;6;2;1;74;0;6325099;167;6324399
147;18;336;17;34;11;99;3.20;4;1;1;78;0;6325199;235;0
147;18;336;17;34;11;99;3.20;3;1;1;71;0;6325199;212;0
147;18;336;17;34;12;72;3.40;6;2;1;72;0;6325272;156;6324399
147;18;336;17;34;12;65;5.60;7;2;1;74;0;6325265;145;6324399
147;18;336;17;34;12;92;3.80;2;1;1;76;0;6325292;975;0
147;18;336;17;34;13;99;3.60;3;1;1;75;0;6325399;183;0
147;18;336;17;34;13;99;3.80;4;1;1;76;0;6325399;185;0
147;18;336;17;34;14;40;3.80;4;1;1;74;0;6325440;23;0
147;18;336;17;34;15;13;3.60;5;2;1;80;0;6325513;578;0
147;18;336;17;34;15;99;3.20;6;2;1;73;0;6325599;310;0
147;18;336;17;34;16;5;3.20;4;1;1;81;0;6325605;146;0
147;18;336;17;34;16;5;4.20;5;2;1;82;0;6325605;75;0
147;18;336;17;34;17;99;3.40;2;1;1;74;0;6325799;489;0
147;18;336;17;34;18;99;3.60;1;1;1;84;0;6325899;958;0
147;18;336;17;34;18;99;3.80;5;2;1;81;0;6325899;275;0
147;18;336;17;34;18;99;3.40;3;1;1;84;0;6325899;482;0
147;18;336;17;34;19;99;4.40;2;1;1;71;0;6325999;183;0
147;18;336;17;34;19;99;3.60;6;2;1;71;0;6325999;384;0
147;18;336;17;34;19;1;4.00;5;2;1;82;0;6325901;-1;0
147;18;336;17;34;19;46;6.00;3;1;1;70;0;6325946;32;0
147;18;336;17;34;20;74;3.20;7;2;1;69;0;6326074;781;0
147;18;336;17;34;20;99;3.40;6;2;1;68;0;6326099;81;0
147;18;336;17;34;21;99;3.60;5;2;1;81;0;6326199;280;0
147;18;336;17;34;21;99;4.60;7;2;1;72;0;6326199;108;0
147;18;336;17;34;22;18;3.00;6;2;1;65;0;6326218;101;0
147;18;336;17;34;23;99;3.60;6;2;1;66;0;6326399;164;0
147;18;336;17;34;23;99;3.60;5;2;1;76;0;6326399;184;0
147;18;336;17;34;24;10;4.80;3;1;1;79;0;6326410;433;0
147;18;336;17;34;25;3;3.40;5;2;1;76;0;6326503;86;0
147;18;336;17;34;24;33;3.40;6;2;1;60;0;6326433;14;6325999
147;18;336;17;34;25;89;3.60;8;2;1;79;0;6326589;2667;0
147;18;336;17;34;26;36;3.40;4;1;1;87;0;6326636;1016;0
147;18;336;17;34;26;99;4.00;6;2;1;60;0;6326699;245;0
147;18;336;17;34;26;99;3.60;5;2;1;77;0;6326699;179;0
147;18;336;17;34;26;99;3.60;2;1;1;76;0;6326699;677;0
147;18;336;17;34;27;12;3.40;5;2;1;78;0;6326712;-1;6326199
147;18;336;17;34;27;2;3.20;6;2;1;61;0;6326702;-1;6326199
147;18;336;17;34;27;28;3.60;4;1;1;82;0;6326728;77;6326199
147;18;336;17;34;28;0;3.20;4;1;1;84;0;6326800;56;6326199
147;18;336;17;34;28;3;3.40;3;1;1;84;0;6326803;371;0
147;18;336;17;34;28;99;3.80;7;2;1;72;0;6326899;677;0
147;18;336;17;34;28;99;6.80;5;2;1;79;0;6326899;171;6326199
147;18;336;17;34;28;99;6.20;6;2;1;73;0;6326899;178;6326199
147;18;336;17;34;29;99;3.20;2;1;1;65;0;6326999;282;0
147;18;336;17;34;29;99;4.60;5;2;1;79;0;6326999;69;6326199
147;18;336;17;34;29;99;4.60;1;1;1;69;0;6326999;1084;0
147;18;336;17;34;30;79;3.80;5;2;1;81;0;6327079;59;6326199
147;18;336;17;34;30;99;3.20;3;1;1;73;0;6327099;281;0
147;18;336;17;34;30;92;5.40;7;2;1;69;0;6327092;174;0
147;18;336;17;34;31;99;3.40;6;2;1;70;0;6327199;269;0
147;18;336;17;34;31;99;3.60;1;1;1;70;0;6327199;176;0
147;18;336;17;34;31;99;3.60;7;2;1;77;0;6327199;78;0
147;18;336;17;34;31;99;3.80;3;1;1;76;0;6327199;84;0
147;18;336;17;34;32;23;3.40;3;1;1;74;0;6327223;6;0
147;18;336;17;34;32;50;3.40;1;1;1;70;0;6327250;32;0
147;18;336;17;34;33;21;3.00;6;2;1;73;0;6327321;104;0
147;18;336;17;34;33;99;3.80;7;2;1;78;0;6327399;183;0
147;18;336;17;34;34;99;3.00;1;1;1;71;0;6327499;231;0
147;18;336;17;34;35;6;3.80;3;1;1;75;0;6327506;266;0
147;18;336;17;34;35;83;3.40;6;2;1;75;0;6327583;247;0
147;18;336;17;34;35;99;3.80;3;1;1;75;0;6327599;74;0
147;18;336;17;34;36;99;4.40;2;1;1;71;0;6327699;682;0
147;18;336;17;34;37;99;3.40;7;2;1;73;0;6327799;382;0
147;18;336;17;34;37;24;3.00;6;2;1;78;0;6327724;124;0
147;18;336;17;34;37;17;3.20;3;1;1;72;0;6327717;99;0
147;18;336;17;34;37;44;3.20;2;1;1;76;0;6327744;22;0
147;18;336;17;34;39;12;3.20;5;2;1;88;0;6327912;816;0
147;18;336;17;34;39;7;3.40;3;1;1;73;0;6327907;174;0
147;18;336;17;34;39;99;3.80;6;2;1;76;0;6327999;261;0
147;18;336;17;34;40;43;3.60;2;1;1;79;0;6328043;283;0
147;18;336;17;34;42;2;3.80;3;1;1;77;0;6328202;278;0
147;18;336;17;34;43;6;3.60;2;1;1;69;0;6328306;246;0
147;18;336;17;34;43;83;3.00;7;2;1;73;0;6328383;567;0
147;18;336;17;34;44;99;3.40;3;1;1;79;0;6328499;279;0
147;18;336;17;34;45;1;3.80;7;2;1;74;0;6328501;103;0
147;18;336;17;34;45;53;3.20;3;1;1;77;0;6328553;38;0
147;18;336;17;34;45;78;3.80;5;2;1;84;0;6328578;652;0
147;18;336;17;34;45;90;4.40;7;2;1;62;0;6328590;70;0
147;18;336;17;34;46;99;3.80;8;2;1;75;0;6328699;2093;0
147;18;336;17;34;46;99;3.40;1;1;1;81;0;6328699;1184;0
147;18;336;17;34;47;99;3.80;5;2;1;81;0;6328799;204;0
147;18;336;17;34;47;99;3.20;8;2;1;66;0;6328799;81;0
147;18;336;17;34;48;27;3.60;2;1;1;84;0;6328827;502;0
147;18;336;17;34;51;99;4.00;1;1;1;81;0;6329199;484;0
147;18;336;17;34;52;99;3.40;6;2;1;76;0;6329299;1282;0
147;18;336;17;34;53;15;3.80;7;2;1;80;0;6329315;699;0
147;18;336;17;34;53;80;3.20;8;2;1;64;0;6329380;563;0
147;18;336;17;34;53;99;3.20;3;1;1;81;0;6329399;831;0
147;18;336;17;34;54;4;3.80;5;2;1;78;0;6329404;588;0
147;18;336;17;34;54;12;4.20;6;2;1;83;0;6329412;96;0
147;18;336;17;34;55;2;4.00;5;2;1;86;0;6329502;80;0
147;18;336;17;34;54;99;3.60;8;2;1;65;0;6329499;101;0
147;18;336;17;34;53;60;4.00;7;2;1;15;0;6329360;27;0
147;18;336;17;34;56;99;4.00;5;2;1;87;0;6329699;180;0
147;18;336;17;34;58;4;3.60;3;1;1;73;0;6329804;390;0
147;18;336;17;34;58;58;3.60;5;2;1;85;0;6329858;142;0
147;18;336;17;35;0;6;3.00;5;2;1;86;0;6330006;132;6329404
147;18;336;17;35;2;99;3.80;4;1;1;82;0;6330299;3485;0
147;18;336;17;35;2;99;3.20;2;1;1;81;0;6330299;1456;0
147;18;336;17;35;3;4;3.40;6;2;1;81;0;6330304;873;0
147;18;336;17;35;3;10;4.60;3;1;1;77;0;6330310;488;0
147;18;336;17;35;3;83;3.40;4;1;1;80;0;6330383;67;0
147;18;336;17;35;4;99;3.60;7;2;1;87;0;6330499;1043;0
147;18;336;17;35;5;37;3.60;1;1;1;81;0;6330537;1320;0
147;18;336;17;35;6;82;3.20;6;2;1;73;0;6330682;362;0
147;18;336;17;35;6;99;2.80;3;1;1;82;0;6330699;367;0
147;18;336;17;35;7;99;3.40;3;1;1;75;0;6330799;87;0
147;18;336;17;35;7;99;3.60;5;2;1;79;0;6330799;780;0
147;18;336;17;35;8;67;3.40;6;2;1;75;0;6330867;169;0
147;18;336;17;35;9;99;3.80;3;1;1;80;0;6330999;183;0
147;18;336;17;35;10;17;4.00;6;2;1;76;0;6331017;133;0
147;18;336;17;35;11;1;4.00;3;1;1;81;0;6331101;84;0
147;18;336;17;35;11;58;3.40;6;2;1;72;0;6331158;122;0
147;18;336;17;35;12;21;3.80;3;1;1;81;0;6331221;102;6330699
147;18;336;17;35;13;58;3.20;6;2;1;74;0;6331358;183;6330682
147;18;336;17;35;14;99;3.00;5;2;1;85;0;6331499;683;0
147;18;336;17;35;16;7;3.60;6;2;1;83;0;6331607;233;0
147;18;336;17;35;17;99;3.40;7;2;1;73;0;6331799;1285;0
147;18;336;17;35;18;39;3.40;6;2;1;77;0;6331839;216;0
147;18;336;17;35;20;99;3.20;3;1;1;75;0;6332099;861;0
147;18;336;17;35;20;99;3.60;7;2;1;82;0;6332099;283;0
147;18;336;17;35;21;85;3.20;6;2;1;72;0;6332185;330;0
147;18;336;17;35;22;99;3.60;5;2;1;80;0;6332299;787;0
147;18;336;17;35;23;99;4.60;4;1;1;77;0;6332399;2000;0
147;18;336;17;35;23;49;3.60;5;2;1;81;0;6332349;33;0
147;18;336;17;35;24;16;3.20;6;2;1;74;0;6332416;215;0
147;18;336;17;35;24;99;3.80;4;1;1;79;0;6332499;78;0
147;18;336;17;35;25;99;3.80;3;1;1;71;0;6332599;484;0
147;18;336;17;35;25;99;3.60;2;1;1;76;0;6332599;2285;0
147;18;336;17;35;25;99;3.60;5;2;1;84;0;6332599;234;0
147;18;336;17;35;25;99;3.80;1;1;1;89;0;6332599;2046;0
147;18;336;17;35;26;60;3.60;8;2;1;81;0;6332660;3141;0
147;18;336;17;35;26;75;3.60;4;1;1;82;0;6332675;158;0
147;18;336;17;35;26;74;3.80;3;1;1;72;0;6332674;55;0
147;18;336;17;35;27;7;3.60;6;2;1;76;0;6332707;275;0
147;18;336;17;35;27;22;3.40;2;1;1;75;0;6332722;105;0
147;18;336;17;35;28;12;3.40;6;2;1;75;0;6332812;87;0
147;18;336;17;35;28;99;3.40;2;1;1;78;0;6332899;160;0
147;18;336;17;35;28;12;4.00;1;1;1;73;0;6332812;197;0
147;18;336;17;35;28;28;3.60;5;2;1;77;0;6332828;213;0
147;18;336;17;35;28;14;8.60;3;1;6;73;0;6332814;121;0
147;18;336;17;35;29;91;3.20;4;1;1;82;0;6332991;300;0
147;18;336;17;35;29;99;4.00;5;2;1;86;0;6332999;154;0
147;18;336;17;35;29;99;3.60;6;2;1;67;0;6332999;170;0
147;18;336;17;35;31;25;3.60;5;2;1;87;0;6333125;109;0
147;18;336;17;35;31;38;3.80;4;1;1;91;0;6333138;132;0
147;18;336;17;35;30;77;17.80;3;1;4;76;0;6333077;220;0
147;18;336;17;35;28;41;4.20;7;2;1;10;0;6332841;726;0
147;18;336;17;35;34;16;3.80;5;2;1;82;0;6333416;276;0
147;18;336;17;35;34;99;3.00;5;2;1;81;0;6333499;66;0
147;18;336;17;35;35;12;4.00;4;1;1;82;0;6333512;358;0
147;18;336;17;35;35;99;3.80;6;2;1;73;0;6333599;580;0
147;18;336;17;35;35;99;3.40;3;1;1;71;0;6333599;437;0
147;18;336;17;35;35;99;4.00;5;2;1;80;0;6333599;86;0
147;18;336;17;35;36;10;4.60;4;1;1;86;0;6333610;80;0
147;18;336;17;35;37;12;4.00;7;2;1;75;0;6333712;719;0
147;18;336;17;35;37;96;3.60;6;2;1;74;0;6333796;178;0
147;18;336;17;35;37;99;3.40;3;1;1;71;0;6333799;182;0
147;18;336;17;35;38;16;4.60;5;2;1;81;0;6333816;199;0
147;18;336;17;35;38;99;3.40;2;1;1;86;0;6333899;984;0
147;18;336;17;35;39;54;3.60;6;2;1;76;0;6333954;140;0
147;18;336;17;35;40;99;3.20;3;1;1;74;0;6334099;282;0
147;18;336;17;35;41;0;3.40;6;2;1;79;0;6334100;128;0
147;18;336;17;35;42;20;3.80;3;1;1;80;0;6334220;105;0
147;18;336;17;35;42;99;3.80;2;1;1;79;0;6334299;385;0
147;18;336;17;35;44;9;3.20;3;1;1;78;0;6334409;171;0
147;18;336;17;35;44;45;4.40;7;2;1;81;0;6334445;713;0
147;18;336;17;35;44;71;5.00;4;1;1;83;0;6334471;841;0
147;18;336;17;35;45;99;3.60;2;1;1;75;0;6334599;282;0
147;18;336;17;35;46;2;3.80;3;1;1;78;0;6334602;178;0
147;18;336;17;35;47;2;3.80;5;2;1;81;0;6334702;865;0
147;18;336;17;35;47;68;8.00;6;2;6;76;0;6334768;652;0
147;18;336;17;35;47;99;3.40;1;1;1;75;0;6334799;1967;0
147;18;336;17;35;48;99;3.60;2;1;1;79;0;6334899;282;0
147;18;336;17;35;48;99;3.40;5;2;1;81;0;6334899;180;0
147;18;336;17;35;49;29;4.40;7;2;1;72;0;6334929;464;0
147;18;336;17;35;51;99;3.40;6;2;1;74;0;6335199;393;0
147;18;336;17;35;51;31;3.60;2;1;1;67;0;6335131;215;0
147;18;336;17;35;52;69;3.00;3;1;1;76;0;6335269;649;0
147;18;336;17;35;53;99;4.40;6;2;1;75;0;6335399;183;0
147;18;336;17;35;53;99;4.00;2;1;1;63;0;6335399;248;0
147;18;336;17;35;54;53;2.80;7;2;1;80;0;6335453;502;0
147;18;336;17;35;54;33;4.00;1;1;1;62;0;6335433;617;0
147;18;336;17;35;54;52;3.80;6;2;1;76;0;6335452;31;0
147;18;336;17;35;55;99;3.80;2;1;1;62;0;6335599;177;0
147;18;336;17;35;55;99;4.00;3;1;1;73;0;6335599;315;0
147;18;336;17;35;55;99;3.80;7;2;1;79;0;6335599;133;0
147;18;336;17;35;55;99;3.20;4;1;1;81;0;6335599;1106;0
147;18;336;17;35;56;99;3.80;2;1;1;61;0;6335699;77;0
147;18;336;17;35;56;99;3.80;1;1;1;62;0;6335699;242;0
147;18;336;17;35;57;7;3.00;6;2;1;78;0;6335707;237;0
147;18;336;17;35;57;99;3.40;3;1;1;68;0;6335799;180;0
147;18;336;17;35;57;91;3.80;2;1;1;57;0;6335791;69;0
147;18;336;17;35;58;12;3.60;7;2;1;81;0;6335812;195;0
147;18;336;17;35;58;99;4.00;6;2;1;77;0;6335899;178;0
147;18;336;17;35;58;99;3.60;2;1;1;58;0;6335899;84;6335399
147;18;336;17;35;59;2;3.20;7;2;1;83;0;6335902;74;6335399
147;18;336;17;35;59;18;3.40;3;1;1;71;0;6335918;101;6335399
147;18;336;17;35;59;35;4.20;1;1;1;77;0;6335935;213;0
147;18;336;17;35;59;54;3.60;5;2;1;77;0;6335954;1039;0
147;18;336;17;36;1;99;3.80;1;1;1;69;0;6336199;244;0
147;18;336;17;36;1;99;3.80;6;2;1;79;0;6336199;281;0
147;18;336;17;36;1;99;3.60;5;2;1;82;0;6336199;228;0
147;18;336;17;36;2;63;6.80;2;1;1;76;0;6336263;341;0
147;18;336;17;36;3;15;4.00;6;2;1;73;0;6336315;98;0
147;18;336;17;36;3;99;3.00;3;1;1;72;0;6336399;463;0
147;18;336;17;36;4;9;3.40;4;1;1;79;0;6336409;795;0
147;18;336;17;36;4;0;3.80;3;1;1;73;0;6336400;-1;0
147;18;336;17;36;4;21;3.80;8;2;1;85;0;6336421;3745;0
147;18;336;17;36;5;99;3.20;7;2;1;78;0;6336599;683;0
147;18;336;17;36;5;99;3.40;5;2;1;83;0;6336599;384;0
147;18;336;17;36;6;22;3.00;3;1;1;72;0;6336622;203;0
147;18;336;17;36;7;23;3.60;2;1;1;68;0;6336723;427;0
147;18;336;17;36;7;82;3.80;7;2;1;84;0;6336782;168;0
147;18;336;17;36;8;99;3.80;6;2;1;73;0;6336899;564;0
147;18;336;17;36;10;4;3.60;6;2;1;72;0;6337004;86;0
147;18;336;17;36;10;99;3.60;7;2;1;72;0;6337099;300;0
147;18;336;17;36;11;99;3.00;3;1;1;76;0;6337199;562;0
147;18;336;17;36;11;99;3.20;6;2;1;76;0;6337199;177;0
147;18;336;17;36;11;99;3.60;7;2;1;78;0;6337199;82;0
147;18;336;17;36;12;31;3.40;2;1;1;70;0;6337231;488;0
147;18;336;17;36;12;48;3.60;4;1;1;80;0;6337248;823;0
147;18;336;17;36;14;99;4.00;6;2;1;77;0;6337499;284;0
147;18;336;17;36;14;4;3.60;7;2;1;80;0;6337404;188;0
147;18;336;17;36;15;13;3.20;2;1;1;88;0;6337513;264;0
147;18;336;17;36;15;53;3.60;3;1;1;72;0;6337553;339;0
147;18;336;17;36;18;99;3.40;5;2;1;76;0;6337899;1285;0
147;18;336;17;36;18;99;9.60;6;2;3;74;0;6337899;381;0
147;18;336;17;36;18;99;2.80;3;1;1;80;0;6337899;328;0
147;18;336;17;36;20;89;3.60;6;2;1;70;0;6338089;143;0
147;18;336;17;36;21;99;3.60;2;1;1;85;0;6338199;672;0
147;18;336;17;36;22;44;3.20;1;1;1;83;0;6338244;2025;0
147;18;336;17;36;22;57;3.60;5;2;1;80;0;6338257;341;0
147;18;336;17;36;23;14;3.60;6;2;1;69;0;6338314;206;0
147;18;336;17;36;24;14;3.60;5;2;1;83;0;6338414;140;0
147;18;336;17;36;24;99;2.80;7;2;1;78;0;6338499;1078;0
147;18;336;17;36;25;6;3.40;3;1;1;79;0;6338506;594;0
147;18;336;17;36;25;42;3.80;6;2;1;72;0;6338542;209;0
147;18;336;17;36;25;95;4.00;5;2;1;77;0;6338595;165;0
147;18;336;17;36;27;99;5.80;4;1;1;79;0;6338799;1534;0
147;18;336;17;36;28;2;3.60;3;1;1;82;0;6338802;280;0
147;18;336;17;36;29;99;3.60;3;1;1;79;0;6338999;181;0
147;18;336;17;36;29;99;4.40;4;1;1;84;0;6338999;173;0
147;18;336;17;36;30;95;3.60;4;1;1;83;0;6339095;77;0
147;18;336;17;36;31;21;3.20;1;1;1;74;0;6339121;863;0
147;18;336;17;36;31;99;3.40;3;1;1;75;0;6339199;183;0
147;18;336;17;36;32;18;3.20;6;2;1;71;0;6339218;657;0
147;18;336;17;36;32;99;3.00;2;1;1;64;0;6339299;1084;0
147;18;336;17;36;32;23;3.80;1;1;1;76;0;6339223;86;0
147;18;336;17;36;33;70;4.00;2;1;1;69;0;6339370;54;0
147;18;336;17;36;33;99;3.40;3;1;1;78;0;6339399;183;0
147;18;336;17;36;33;99;3.60;7;2;1;67;0;6339399;887;0
147;18;336;17;36;33;99;3.60;6;2;1;73;0;6339399;164;0
147;18;336;17;36;34;99;3.80;3;1;1;75;0;6339499;84;6338802
147;18;336;17;36;36;99;3.80;7;2;1;75;0;6339699;280;0
147;18;336;17;36;37;3;3.80;6;2;1;85;0;6339703;286;0
147;18;336;17;36;39;8;3.80;5;2;1;88;0;6339908;1294;0
147;18;336;17;36;39;99;3.20;3;1;1;78;0;6339999;481;0
147;18;336;17;36;39;99;3.60;6;2;1;70;0;6339999;279;0
147;18;336;17;36;39;99;4.60;2;1;1;68;0;6339999;608;0
147;18;336;17;36;40;30;3.80;5;2;1;89;0;6340030;106;0
147;18;336;17;36;41;10;3.00;7;2;1;81;0;6340110;392;0
147;18;336;17;36;41;99;4.00;3;1;1;78;0;6340199;185;0
147;18;336;17;36;41;99;4.00;2;1;1;67;0;6340199;175;0
147;18;336;17;36;41;99;3.40;6;2;1;78;0;6340199;181;0
147;18;336;17;36;42;99;3.40;2;1;1;67;0;6340299;78;0
147;18;336;17;36;43;0;3.40;1;1;1;79;0;6340300;1059;0
147;18;336;17;36;43;99;3.40;6;2;1;78;0;6340399;184;0
147;18;336;17;36;44;99;3.40;3;1;1;77;0;6340499;281;0
147;18;336;17;36;45;99;4.00;1;1;1;73;0;6340599;283;0
147;18;336;17;36;46;99;3.20;4;1;1;75;0;6340699;1588;0
147;18;336;17;36;47;1;3.80;7;2;1;80;0;6340701;577;0
147;18;336;17;36;47;4;3.20;3;1;1;73;0;6340704;189;0
147;18;336;17;36;47;99;3.00;6;2;1;75;0;6340799;384;0
147;18;336;17;36;47;99;3.40;4;1;1;74;0;6340799;84;0
147;18;336;17;36;47;99;3.40;2;1;1;66;0;6340799;481;0
147;18;336;17;36;48;1;3.20;3;1;1;73;0;6340801;81;0
147;18;336;17;36;48;19;2.80;1;1;1;74;0;6340819;200;0
147;18;336;17;36;48;25;4.00;4;1;1;72;0;6340825;9;0
147;18;336;17;36;49;99;3.80;2;1;1;73;0;6340999;181;0
147;18;336;17;36;49;99;3.80;3;1;1;75;0;6340999;182;0
147;18;336;17;36;49;99;3.80;6;2;1;77;0;6340999;185;0
147;18;336;17;36;50;41;3.40;2;1;1;72;0;6341041;23;0
147;18;336;17;36;51;99;3.60;6;2;1;77;0;6341199;182;0
147;18;336;17;36;52;3;3.60;3;1;1;73;0;6341203;185;6340499
147;18;336;17;36;53;5;3.40;8;2;1;80;0;6341305;4867;0
147;18;336;17;36;53;13;3.80;1;1;1;72;0;6341313;480;0
147;18;336;17;36;53;82;3.20;7;2;1;76;0;6341382;663;0
147;18;336;17;36;54;99;4.00;3;1;1;77;0;6341499;278;0
147;18;336;17;36;54;99;3.20;2;1;1;77;0;6341499;441;0
147;18;336;17;36;54;99;3.80;6;2;1;79;0;6341499;283;0
147;18;336;17;36;55;9;3.60;1;1;1;78;0;6341509;177;0
147;18;336;17;36;56;7;3.40;2;1;1;72;0;6341607;93;0
147;18;336;17;36;56;99;3.60;3;1;1;72;0;6341699;181;0
147;18;336;17;36;56;99;3.40;1;1;1;72;0;6341699;173;0
147;18;336;17;36;57;15;3.60;7;2;1;83;0;6341715;317;0
147;18;336;17;36;57;21;3.60;6;2;1;75;0;6341721;204;0
147;18;336;17;36;59;17;3.00;6;2;1;76;0;6341917;178;0
147;18;336;17;36;59;18;5.00;8;2;1;80;0;6341918;597;0
147;18;336;17;36;59;99;4.00;5;2;1;79;0;6341999;1953;0
147;18;336;17;37;0;99;3.80;6;2;1;78;0;6342099;167;0
147;18;336;17;37;0;13;4.40;7;2;1;84;0;6342013;282;0
147;18;336;17;37;0;15;3.40;5;2;1;77;0;6342015;-1;0
147;18;336;17;37;1;24;3.60;2;1;1;79;0;6342124;500;0
147;18;336;17;37;2;99;3.60;5;2;1;82;0;6342299;268;0
147;18;336;17;37;3;7;3.40;3;1;1;77;0;6342307;590;0
147;18;336;17;37;3;7;3.20;6;2;1;76;0;6342307;190;0
147;18;336;17;37;3;64;4.00;5;2;1;83;0;6342364;49;0
147;18;336;17;37;4;99;3.80;6;2;1;75;0;6342499;176;6341721
147;18;336;17;37;5;13;3.60;3;1;1;80;0;6342513;190;6341721
147;18;336;17;37;5;2;3.80;4;1;1;80;0;6342502;1657;0
147;18;336;17;37;6;19;3.40;5;2;1;86;0;6342619;237;0
147;18;336;17;37;10;21;3.40;3;1;1;87;0;6343021;491;0
147;18;336;17;37;11;8;3.80;2;1;1;83;0;6343108;967;0
147;18;336;17;37;11;67;3.40;6;2;1;81;0;6343167;649;0
147;18;336;17;37;12;19;3.00;2;1;1;83;0;6343219;94;0
147;18;336;17;37;12;26;4.00;5;2;1;93;0;6343226;592;0
147;18;336;17;37;12;99;3.20;1;1;1;67;0;6343299;1583;0
147;18;336;17;37;13;2;3.80;4;1;1;89;0;6343302;782;0
147;18;336;17;37;13;99;3.60;3;1;1;78;0;6343399;363;0
147;18;336;17;37;13;40;3.60;1;1;1;76;0;6343340;23;0
147;18;336;17;37;14;99;3.80;6;2;1;75;0;6343499;316;0
147;18;336;17;37;16;52;3.20;6;2;1;75;0;6343652;134;0
147;18;336;17;37;19;77;3.00;3;1;1;71;0;6343977;561;0
147;18;336;17;37;20;99;3.00;7;2;1;82;0;6344099;2067;0
147;18;336;17;37;21;15;3.60;2;1;1;80;0;6344115;882;0
147;18;336;17;37;21;18;3.20;3;1;1;71;0;6344118;125;0
147;18;336;17;37;21;67;3.80;1;1;1;88;0;6344167;809;0
147;18;336;17;37;22;99;3.40;6;2;1;77;0;6344299;631;0
147;18;336;17;37;22;99;3.60;3;1;1;73;0;6344299;164;0
147;18;336;17;37;23;99;3.40;4;1;1;79;0;6344399;1081;0
147;18;336;17;37;23;16;3.40;6;2;1;75;0;6344316;1;0
147;18;336;17;37;23;20;3.60;2;1;1;81;0;6344320;188;0
147;18;336;17;37;24;95;5.40;3;1;1;75;0;6344495;178;0
147;18;336;17;37;25;99;4.00;7;2;1;78;0;6344599;486;0
147;18;336;17;37;25;99;4.00;4;1;1;80;0;6344599;184;0
147;18;336;17;37;26;0;3.60;6;2;1;69;0;6344600;267;0
147;18;336;17;37;26;99;4.00;8;2;1;77;0;6344699;2758;0
147;18;336;17;37;27;11;3.00;7;2;1;79;0;6344711;93;0
147;18;336;17;37;27;99;3.40;5;2;1;80;0;6344799;1557;0
147;18;336;17;37;27;99;3.40;6;2;1;66;0;6344799;180;0
147;18;336;17;37;28;99;3.40;2;1;1;77;0;6344899;563;0
147;18;336;17;37;29;29;3.60;5;2;1;65;0;6344929;114;0
147;18;336;17;37;29;49;4.00;7;2;1;78;0;6344949;224;0
147;18;336;17;37;29;99;3.40;1;1;1;79;0;6344999;816;0
147;18;336;17;37;31;99;3.00;6;2;1;77;0;6345199;381;0
147;18;336;17;37;33;99;2.80;2;1;1;72;0;6345399;484;0
147;18;336;17;37;33;99;3.60;6;2;1;81;0;6345399;185;0
147;18;336;17;37;34;47;3.40;3;1;1;87;0;6345447;926;0
147;18;336;17;37;34;40;3.80;1;1;1;75;0;6345440;425;0
147;18;336;17;37;34;62;3.20;5;2;1;87;0;6345462;513;0
147;18;336;17;37;35;99;3.40;1;1;1;73;0;6345599;140;0
147;18;336;17;37;36;99;3.80;3;1;1;81;0;6345699;237;0
147;18;336;17;37;36;24;3.40;6;2;1;83;0;6345624;209;0
147;18;336;17;37;38;2;3.40;3;1;1;78;0;6345802;86;0
147;18;336;17;37;38;14;4.00;7;2;1;83;0;6345814;846;0
147;18;336;17;37;38;99;3.60;2;1;1;77;0;6345899;486;0
147;18;336;17;37;38;99;3.60;1;1;1;77;0;6345899;283;0
147;18;336;17;37;38;99;17.20;5;2;4;82;0;6345899;423;0
147;18;336;17;37;39;8;3.60;6;2;1;69;0;6345908;269;0
147;18;336;17;37;39;85;3.40;6;2;1;65;0;6345985;58;0
147;18;336;17;37;40;17;3.20;2;1;1;70;0;6346017;101;0
147;18;336;17;37;40;99;3.60;4;1;1;83;0;6346099;1482;0
147;18;336;17;37;41;1;3.20;5;2;1;81;0;6346101;126;0
147;18;336;17;37;40;99;5.20;6;2;1;64;0;6346099;95;0
147;18;336;17;37;41;99;3.20;2;1;1;73;0;6346199;165;0
147;18;336;17;37;41;99;2.80;7;2;1;76;0;6346199;367;0
147;18;336;17;37;42;50;3.60;2;1;1;69;0;6346250;35;0
147;18;336;17;37;42;99;3.60;6;2;1;66;0;6346299;170;0
147;18;336;17;37;43;99;3.60;3;1;1;76;0;6346399;581;0
147;18;336;17;37;44;18;3.60;7;2;1;76;0;6346418;205;0
147;18;336;17;37;44;21;3.80;6;2;1;67;0;6346421;102;6345908
147;18;336;17;37;44;70;3.20;4;1;1;84;0;6346470;355;0
147;18;336;17;37;45;99;3.60;5;2;1;78;0;6346599;483;0
147;18;336;17;37;46;29;3.20;1;1;1;80;0;6346629;713;0
147;18;336;17;37;46;9;3.80;5;2;1;81;0;6346609;-1;0
147;18;336;17;37;46;11;3.60;6;2;1;71;0;6346611;169;6345908
147;18;336;17;37;46;14;3.40;3;1;1;72;0;6346614;197;6345908
147;18;336;17;37;47;81;3.40;8;2;1;79;0;6346781;2063;0
147;18;336;17;37;47;90;3.80;5;2;1;83;0;6346790;164;0
147;18;336;17;37;48;99;3.60;4;1;1;84;0;6346899;415;0
147;18;336;17;37;49;4;3.20;5;2;1;80;0;6346904;97;0
147;18;336;17;37;50;16;3.60;6;2;1;70;0;6347016;386;0
147;18;336;17;37;50;99;3.60;7;2;1;76;0;6347099;663;0
147;18;336;17;37;51;99;3.80;7;2;1;75;0;6347199;82;0
147;18;336;17;37;52;40;3.40;2;1;1;76;0;6347240;971;0
147;18;336;17;37;52;71;3.80;1;1;1;87;0;6347271;627;0
147;18;336;17;37;53;99;3.40;3;1;1;73;0;6347399;768;0
147;18;336;17;37;54;99;3.60;6;2;1;75;0;6347499;464;0
147;18;336;17;37;56;10;3.60;7;2;1;76;0;6347610;392;0
147;18;336;17;37;56;99;3.20;3;1;1;72;0;6347699;283;0
147;18;336;17;37;56;99;4.00;4;1;1;80;0;6347699;784;0
147;18;336;17;37;57;68;3.80;4;1;1;79;0;6347768;51;0
147;18;336;17;37;57;69;4.80;6;2;1;72;0;6347769;252;0
147;18;336;17;37;58;99;3.40;3;1;1;74;0;6347899;184;0
147;18;336;17;37;59;5;3.60;6;2;1;72;0;6347905;112;0
147;18;336;17;38;0;86;3.80;6;2;1;72;0;6348086;163;0
147;18;336;17;38;0;99;3.40;8;2;1;61;0;6348099;1302;0
147;18;336;17;38;0;99;6.40;3;1;1;77;0;6348099;183;0
147;18;336;17;38;1;99;6.60;6;2;1;71;0;6348199;94;0
147;18;336;17;38;1;99;10.80;4;1;2;80;0;6348199;413;0
147;18;336;17;38;2;9;3.80;8;2;1;74;0;6348209;89;0
147;18;336;17;38;2;40;4.00;3;1;1;78;0;6348240;111;0
147;18;336;17;38;3;17;3.60;4;1;1;78;0;6348317;69;0
147;18;336;17;38;3;99;3.60;2;1;1;76;0;6348399;1142;0
147;18;336;17;38;4;18;3.60;4;1;1;82;0;6348418;84;0
147;18;336;17;38;6;9;4.20;3;1;1;75;0;6348609;350;0
147;18;336;17;38;6;99;3.60;6;2;1;73;0;6348699;466;0
147;18;336;17;38;7;22;3.60;4;1;1;77;0;6348722;288;0
147;18;336;17;38;7;72;3.60;6;2;1;73;0;6348772;55;0
147;18;336;17;38;8;6;3.60;2;1;1;71;0;6348806;389;0
147;18;336;17;38;8;99;3.60;3;1;1;77;0;6348899;269;0
147;18;336;17;38;9;99;3.20;5;2;1;83;0;6348999;2080;0
147;18;336;17;38;9;99;3.40;2;1;1;72;0;6348999;174;0
147;18;336;17;38;9;16;3.60;3;1;1;77;0;6348916;0;0
147;18;336;17;38;10;36;3.60;2;1;1;73;0;6349036;20;0
147;18;336;17;38;11;99;3.80;2;1;1;70;0;6349199;145;0
147;18;336;17;38;12;39;3.80;6;2;1;79;0;6349239;449;0
147;18;336;17;38;15;39;3.40;2;1;1;80;0;6349539;320;0
147;18;336;17;38;15;74;3.60;6;2;1;82;0;6349574;317;0
147;18;336;17;38;16;99;3.40;6;2;1;78;0;6349699;109;0
147;18;336;17;38;17;18;4.00;4;1;1;92;0;6349718;979;0
147;18;336;17;38;18;22;3.40;3;1;1;81;0;6349822;889;0
147;18;336;17;38;19;8;3.20;4;1;1;85;0;6349908;174;0
147;18;336;17;38;21;4;3.40;3;1;1;72;0;6350104;266;0
147;18;336;17;38;21;13;3.40;6;2;1;81;0;6350113;398;0
147;18;336;17;38;21;99;3.20;5;2;1;89;0;6350199;1186;0
147;18;336;17;38;22;99;4.40;3;1;1;74;0;6350299;178;0
147;18;336;17;38;24;7;3.60;3;1;1;77;0;6350407;86;0
147;18;336;17;38;24;99;3.80;2;1;1;82;0;6350499;944;0
147;18;336;17;38;25;24;3.00;2;1;1;76;0;6350524;8;0
147;18;336;17;38;25;36;3.40;6;2;1;81;0;6350536;407;0
147;18;336;17;38;26;99;3.60;6;2;1;82;0;6350699;147;0
147;18;336;17;38;28;1;3.60;3;1;1;69;0;6350801;377;0
147;18;336;17;38;28;66;3.40;7;2;1;76;0;6350866;3238;0
147;18;336;17;38;28;97;3.40;6;2;1;85;0;6350897;182;0
147;18;336;17;38;28;99;3.60;1;1;1;77;0;6350899;3612;0
147;18;336;17;38;29;99;3.40;3;1;1;67;0;6350999;179;0
147;18;336;17;38;29;99;3.80;8;2;1;92;0;6350999;2771;0
147;18;336;17;38;29;99;3.80;1;1;1;82;0;6350999;83;0
147;18;336;17;38;29;89;5.60;7;2;1;29;0;6350989;106;0
147;18;336;17;38;33;43;3.40;3;1;1;68;0;6351343;325;0
147;18;336;17;38;35;9;3.60;8;2;1;79;0;6351509;495;0
147;18;336;17;38;35;99;7.00;6;2;1;70;0;6351599;687;0
147;18;336;17;38;36;99;3.40;6;2;1;71;0;6351699;64;0
147;18;336;17;38;36;99;3.60;1;1;1;75;0;6351699;683;0
147;18;336;17;38;37;99;3.40;6;2;1;71;0;6351799;82;0
147;18;336;17;38;38;16;3.60;5;2;1;83;0;6351816;1604;0
147;18;336;17;38;38;33;3.60;2;1;1;82;0;6351833;1294;0
147;18;336;17;38;40;1;3.60;6;2;1;66;0;6352001;184;0
147;18;336;17;38;41;69;3.60;1;1;1;79;0;6352169;452;0
147;18;336;17;38;41;99;3.60;5;2;1;75;0;6352199;367;0
147;18;336;17;38;41;99;3.20;3;1;1;78;0;6352199;838;0
147;18;336;17;38;42;99;3.80;6;2;1;68;0;6352299;278;0
147;18;336;17;38;44;5;3.80;5;2;1;78;0;6352405;188;0
147;18;336;17;38;44;99;3.40;6;2;1;68;0;6352499;179;0
147;18;336;17;38;44;99;3.80;3;1;1;77;0;6352499;285;0
147;18;336;17;38;45;99;3.80;5;2;1;76;0;6352599;176;0
147;18;336;17;38;46;72;3.60;3;1;1;86;0;6352672;155;0
147;18;336;17;38;46;74;3.80;6;2;1;67;0;6352674;157;0
147;18;336;17;38;47;13;4.00;5;2;1;82;0;6352713;96;0
147;18;336;17;38;47;99;3.60;6;2;1;69;0;6352799;104;0
147;18;336;17;38;48;30;3.60;5;2;1;84;0;6352830;99;6352199
147;18;336;17;38;48;68;3.60;8;2;1;74;0;6352868;1342;0
147;18;336;17;38;49;99;3.80;6;2;1;74;0;6352999;181;6352299
147;18;336;17;38;50;99;3.20;5;2;1;87;0;6353099;253;0
147;18;336;17;38;50;99;3.40;7;2;1;82;0;6353099;2040;0
147;18;336;17;38;51;47;3.20;1;1;1;66;0;6353147;961;0
147;18;336;17;38;51;80;3.40;6;2;1;81;0;6353180;162;6352299
147;18;336;17;38;52;11;3.20;7;2;1;89;0;6353211;97;6352299
147;18;336;17;38;52;99;3.20;1;1;1;61;0;6353299;134;6352299
147;18;336;17;38;54;99;3.40;6;2;1;78;0;6353499;303;0
147;18;336;17;38;54;99;3.40;3;1;1;74;0;6353499;811;0
147;18;336;17;38;55;0;3.80;4;1;1;80;0;6353500;3578;0
147;18;336;17;38;55;99;3.80;2;1;1;79;0;6353599;1750;0
147;18;336;17;38;55;99;3.20;1;1;1;60;0;6353599;281;0
147;18;336;17;38;56;64;3.20;5;2;1;84;0;6353664;551;0
147;18;336;17;38;56;41;6.00;7;2;1;76;0;6353641;417;0
147;18;336;17;38;56;72;3.20;3;1;1;75;0;6353672;156;0
147;18;336;17;38;56;56;3.40;1;1;1;61;0;6353656;37;0
147;18;336;17;38;56;97;3.80;6;2;1;74;0;6353697;182;0
147;18;336;17;38;57;6;3.60;4;1;1;81;0;6353706;188;0
147;18;336;17;38;57;99;3.40;1;1;1;63;0;6353799;122;0
147;18;336;17;38;58;19;3.40;6;2;1;77;0;6353819;103;0
147;18;336;17;38;59;93;3.00;3;1;1;76;0;6353993;305;0
147;18;336;17;38;59;99;4.20;7;2;1;78;0;6353999;329;0
147;18;336;17;38;59;99;3.80;4;1;1;79;0;6353999;277;0
147;18;336;17;39;0;7;3.60;6;2;1;79;0;6354007;172;0
147;18;336;17;39;0;5;4.00;2;1;1;69;0;6354005;388;0
147;18;336;17;39;1;93;3.60;3;1;1;77;0;6354193;185;0
147;18;336;17;39;2;99;3.40;2;1;1;79;0;6354299;273;0
147;18;336;17;39;2;99;3.80;6;2;1;75;0;6354299;275;0
147;18;336;17;39;2;99;4.60;2;1;1;74;0;6354299;-1;0
147;18;336;17;39;4;99;3.80;6;2;1;76;0;6354499;181;0
147;18;336;17;39;5;99;4.00;3;1;1;79;0;6354599;389;0
147;18;336;17;39;5;99;3.20;6;2;1;79;0;6354599;82;0
147;18;336;17;39;5;99;3.00;5;2;1;82;0;6354599;921;0
147;18;336;17;39;6;64;3.60;2;1;1;83;0;6354664;342;0
147;18;336;17;39;8;26;3.80;2;1;1;84;0;6354826;146;0
147;18;336;17;39;8;99;3.40;6;2;1;78;0;6354899;285;0
147;18;336;17;39;8;99;3.80;3;1;1;78;0;6354899;281;0
147;18;336;17;39;10;99;4.00;3;1;1;83;0;6355099;182;0
147;18;336;17;39;12;99;3.20;2;1;1;74;0;6355299;456;0
147;18;336;17;39;12;99;3.40;6;2;1;74;0;6355299;384;0
147;18;336;17;39;13;99;3.40;5;2;1;80;0;6355399;786;0
147;18;336;17;39;15;13;4.00;6;2;1;83;0;6355513;197;0
147;18;336;17;39;16;8;3.80;5;2;1;85;0;6355608;193;0
147;18;336;17;39;16;59;3.40;6;2;1;78;0;6355659;128;0
147;18;336;17;39;18;1;3.80;7;2;1;91;0;6355801;1782;0
147;18;336;17;39;19;94;3.80;6;2;1;78;0;6355994;319;0
147;18;336;17;39;20;22;3.20;7;2;1;81;0;6356022;205;0
147;18;336;17;39;21;2;5.20;4;1;1;76;0;6356102;2085;0
147;18;336;17;39;21;33;3.60;2;1;1;73;0;6356133;818;0
147;18;336;17;39;21;34;5.60;7;2;1;32;0;6356134;97;0
147;18;336;17;39;23;99;4.60;5;2;1;79;0;6356399;774;0
147;18;336;17;39;23;99;3.40;6;2;1;74;0;6356399;387;0
147;18;336;17;39;24;31;4.00;7;2;1;81;0;6356431;234;0
147;18;336;17;39;24;61;3.40;3;1;1;80;0;6356461;1344;0
147;18;336;17;39;25;99;3.80;6;2;1;81;0;6356599;183;0
147;18;336;17;39;25;99;3.80;4;1;1;79;0;6356599;472;0
147;18;336;17;39;26;99;4.40;3;1;1;75;0;6356699;222;0
147;18;336;17;39;26;8;3.40;1;1;1;71;0;6356608;2789;0
147;18;336;17;39;26;32;3.60;6;2;1;76;0;6356632;16;0
147;18;336;17;39;28;99;3.40;3;1;1;73;0;6356899;178;0
147;18;336;17;39;28;99;3.80;7;2;1;87;0;6356899;450;0
147;18;336;17;39;28;99;3.60;1;1;1;75;0;6356899;273;0
147;18;336;17;39;29;18;3.20;6;2;1;70;0;6356918;268;0
147;18;336;17;39;29;29;3.00;5;2;1;79;0;6356929;509;0
147;18;336;17;39;30;99;3.60;6;2;1;68;0;6357099;164;0
147;18;336;17;39;30;99;3.40;7;2;1;78;0;6357099;184;0
147;18;336;17;39;31;99;3.40;1;1;1;79;0;6357199;282;0
147;18;336;17;39;32;99;3.20;2;1;1;77;0;6357299;1148;0
147;18;336;17;39;33;99;3.60;3;1;1;76;0;6357399;483;0
147;18;336;17;39;34;12;3.00;6;2;1;69;0;6357412;293;0
147;18;336;17;39;34;20;3.80;5;2;1;82;0;6357420;477;0
147;18;336;17;39;34;8;4.80;7;2;1;71;0;6357408;293;0
147;18;336;17;39;34;46;3.80;1;1;1;84;0;6357446;231;0
147;18;336;17;39;35;91;3.40;6;2;1;69;0;6357591;163;0
147;18;336;17;39;35;99;7.80;4;1;6;83;0;6357599;982;0
147;18;336;17;39;36;26;2.40;2;1;1;72;0;6357626;312;0
147;18;336;17;39;39;99;3.80;8;2;1;73;0;6357999;5113;0
147;18;336;17;39;41;99;3.00;6;2;1;71;0;6358199;590;0
147;18;336;17;39;41;99;5.20;8;2;1;63;0;6358199;181;0
147;18;336;17;39;41;99;3.60;3;1;1;82;0;6358199;782;0
147;18;336;17;39;42;63;3.40;6;2;1;72;0;6358263;48;0
147;18;336;17;39;43;14;3.40;7;2;1;75;0;6358314;881;0
147;18;336;17;39;43;99;3.80;1;1;1;77;0;6358399;936;0
147;18;336;17;39;44;12;3.80;5;2;1;76;0;6358412;975;0
147;18;336;17;39;44;23;3.80;3;1;1;80;0;6358423;208;0
147;18;336;17;39;44;99;3.00;6;2;1;73;0;6358499;219;0
147;18;336;17;39;45;14;3.00;3;1;1;71;0;6358514;73;0
147;18;336;17;39;45;99;4.60;5;2;1;86;0;6358599;169;0
147;18;336;17;39;45;99;4.20;2;1;1;76;0;6358599;961;0
147;18;336;17;39;46;9;3.60;6;2;1;72;0;6358609;95;0
147;18;336;17;39;47;40;3.80;6;2;1;82;0;6358740;113;0
147;18;336;17;39;47;45;3.60;7;2;1;77;0;6358745;414;0
147;18;336;17;39;47;48;3.60;2;1;1;72;0;6358748;129;0
147;18;336;17;39;48;99;4.20;3;1;1;75;0;6358899;369;0
147;18;336;17;39;49;11;3.80;5;2;1;86;0;6358911;292;0
147;18;336;17;39;49;99;3.60;2;1;1;71;0;6358999;233;0
147;18;336;17;39;49;24;3.80;6;2;1;75;0;6358924;167;0
147;18;336;17;39;50;88;3.60;2;1;1;70;0;6359088;70;0
147;18;336;17;39;51;13;3.80;6;2;1;74;0;6359113;170;6358499
147;18;336;17;39;51;99;3.80;7;2;1;81;0;6359199;437;0
147;18;336;17;39;52;33;4.80;7;2;1;78;0;6359233;17;0
147;18;336;17;39;55;80;3.80;6;2;1;81;0;6359580;448;0
147;18;336;17;39;56;99;3.20;8;2;1;72;0;6359699;1470;0
147;18;336;17;39;56;99;3.60;1;1;1;91;0;6359699;1282;0
147;18;336;17;39;57;8;3.60;6;2;1;79;0;6359708;111;0
147;18;336;17;39;57;20;3.80;2;1;1;77;0;6359720;613;0
147;18;336;17;39;56;75;0.00;7;2;1;19;1;6359675;419;0
147;18;336;17;39;58;99;3.60;6;2;1;76;0;6359899;174;0
147;18;336;17;39;58;99;3.40;2;1;1;72;0;6359899;161;0
147;18;336;17;39;58;99;3.20;3;1;1;81;0;6359899;979;0
147;18;336;17;39;59;99;4.80;7;2;1;80;0;6359999;743;0
147;18;336;17;39;59;99;3.00;3;1;1;77;0;6359999;85;0
147;18;336;17;40;0;8;3.60;6;2;1;78;0;6360008;91;0
147;18;336;17;40;0;17;3.80;5;2;1;89;0;6360017;1090;0
147;18;336;17;40;1;99;4.00;5;2;1;86;0;6360199;166;0
147;18;336;17;40;2;10;3.80;7;2;1;82;0;6360210;189;0
147;18;336;17;40;2;99;6.60;6;2;1;77;0;6360299;274;0
147;18;336;17;40;2;99;3.20;2;1;1;75;0;6360299;383;0
147;18;336;17;40;3;17;3.80;8;2;1;82;0;6360317;602;0
147;18;336;17;40;3;83;3.20;2;1;1;70;0;6360383;68;0
147;18;336;17;40;4;99;3.00;4;1;1;75;0;6360499;2866;0
147;18;336;17;40;4;99;3.60;2;1;1;71;0;6360499;99;0
147;18;336;17;40;4;99;3.80;8;2;1;82;0;6360499;165;0
147;18;336;17;40;5;13;3.80;4;1;1;75;0;6360513;-1;0
147;18;336;17;40;5;35;3.60;3;1;1;70;0;6360535;521;0
147;18;336;17;40;6;99;3.60;5;2;1;79;0;6360699;483;0
147;18;336;17;40;6;99;3.60;3;1;1;62;0;6360699;145;0
147;18;336;17;40;8;1;3.00;7;2;1;74;0;6360801;574;0
147;18;336;17;40;9;12;4.20;7;2;1;73;0;6360912;96;0
147;18;336;17;40;10;49;4.00;5;2;1;76;0;6361049;333;0
147;18;336;17;40;10;46;4.00;3;1;1;73;0;6361046;326;0
147;18;336;17;40;11;99;3.80;6;2;1;78;0;6361199;869;0
147;18;336;17;40;10;73;8.40;7;2;2;58;0;6361073;140;0
147;18;336;17;40;12;0;6.40;2;1;1;86;0;6361200;682;0
147;18;336;17;40;14;24;3.40;5;2;1;81;0;6361424;356;0
147;18;336;17;40;14;31;4.20;4;1;1;92;0;6361431;899;0
147;18;336;17;40;15;55;5.20;6;2;1;76;0;6361555;338;0
147;18;336;17;40;16;99;4.00;3;1;1;78;0;6361699;633;0
147;18;336;17;40;17;99;3.60;1;1;1;78;0;6361799;2085;0
147;18;336;17;40;18;99;3.80;2;1;1;80;0;6361899;672;0
147;18;336;17;40;20;33;3.80;1;1;1;91;0;6362033;217;0
147;18;336;17;40;20;34;5.00;6;2;1;81;0;6362034;454;0
147;18;336;17;40;21;99;3.60;7;2;1;74;0;6362199;1073;0
147;18;336;17;40;22;28;3.80;3;1;1;86;0;6362228;510;0
147;18;336;17;40;23;79;3.40;6;2;1;79;0;6362379;322;0
147;18;336;17;40;23;98;3.80;5;2;1;80;0;6362398;958;0
147;18;336;17;40;24;99;3.60;7;2;1;67;0;6362499;282;0
147;18;336;17;40;25;17;3.60;6;2;1;79;0;6362517;122;0
147;18;336;17;40;25;43;3.60;7;2;1;69;0;6362543;24;0
147;18;336;17;40;26;24;3.80;5;2;1;81;0;6362624;208;0
147;18;336;17;40;26;99;3.60;4;1;1;83;0;6362699;1251;0
147;18;336;17;40;26;99;3.60;6;2;1;77;0;6362699;165;0
147;18;336;17;40;27;99;3.60;4;1;1;84;0;6362799;84;0
147;18;336;17;40;28;79;3.40;2;1;1;87;0;6362879;962;0
147;18;336;17;40;29;99;3.00;6;2;1;68;0;6362999;283;0
147;18;336;17;40;29;99;3.60;3;1;1;71;0;6362999;755;0
147;18;336;17;40;29;99;3.60;7;2;1;75;0;6362999;437;0
147;18;336;17;40;30;33;3.60;3;1;1;70;0;6363033;15;0
147;18;336;17;40;31;77;3.40;6;2;1;74;0;6363177;162;0
147;18;336;17;40;32;7;3.60;5;2;1;75;0;6363207;566;0
147;18;336;17;40;32;99;3.40;4;1;1;81;0;6363299;484;0
147;18;336;17;40;33;33;3.60;3;1;1;69;0;6363333;281;0
147;18;336;17;40;33;65;3.40;6;2;1;76;0;6363365;171;0
147;18;336;17;40;34;99;3.80;2;1;1;71;0;6363499;605;0
147;18;336;17;40;35;99;5.40;7;2;1;79;0;6363599;582;0
147;18;336;17;40;36;11;3.40;6;2;1;83;0;6363611;229;0
147;18;336;17;40;36;55;3.40;2;1;1;74;0;6363655;136;0
147;18;336;17;40;36;72;3.40;3;1;1;74;0;6363672;320;0
147;18;336;17;40;37;27;3.60;6;2;1;82;0;6363727;101;0
147;18;336;17;40;37;99;5.00;7;2;1;82;0;6363799;175;0
147;18;336;17;40;37;99;3.60;3;1;1;78;0;6363799;110;0
147;18;336;17;40;39;99;3.60;2;1;1;81;0;6363999;327;0
147;18;336;17;40;40;99;4.00;5;2;1;84;0;6364099;874;0
147;18;336;17;40;39;14;4.20;7;2;1;22;0;6363914;93;0
147;18;336;17;40;41;22;3.20;7;2;1;78;0;6364122;139;0
147;18;336;17;40;41;58;4.00;1;1;1;81;0;6364158;2109;0
147;18;336;17;40;42;99;3.60;3;1;1;74;0;6364299;483;0
147;18;336;17;40;42;99;3.40;4;1;1;84;0;6364299;984;0
147;18;336;17;40;42;99;4.20;2;1;1;77;0;6364299;284;0
147;18;336;17;40;43;32;4.20;2;1;1;69;0;6364332;13;0
147;18;336;17;40;44;99;3.60;3;1;1;75;0;6364499;182;0
147;18;336;17;40;45;99;3.80;1;1;1;83;0;6364599;423;0
147;18;336;17;40;45;99;3.40;4;1;1;79;0;6364599;285;0
147;18;336;17;40;45;99;4.40;2;1;1;77;0;6364599;245;0
147;18;336;17;40;47;99;3.40;3;1;1;74;0;6364799;282;0
147;18;336;17;40;48;11;3.80;2;1;1;70;0;6364811;191;0
147;18;336;17;40;48;37;3.60;6;2;1;78;0;6364837;1094;0
147;18;336;17;40;49;83;3.00;1;1;1;68;0;6364983;367;0
147;18;336;17;40;51;79;3.40;6;2;1;81;0;6365179;325;0
147;18;336;17;40;54;92;12.80;7;2;2;79;0;6365492;1355;0
147;18;336;17;40;55;12;3.20;6;2;1;67;0;6365512;317;0
147;18;336;17;40;55;99;4.00;2;1;1;77;0;6365599;768;0
147;18;336;17;40;55;99;4.40;5;2;1;79;0;6365599;1482;0
147;18;336;17;40;56;35;3.60;1;1;1;80;0;6365635;636;0
147;18;336;17;40;57;8;3.80;5;2;1;80;0;6365708;88;0
147;18;336;17;40;58;1;3.60;5;2;1;88;0;6365801;75;0
147;18;336;17;41;0;99;3.80;3;1;1;82;0;6366099;1283;0
147;18;336;17;41;0;99;3.40;6;2;1;77;0;6366099;569;0
147;18;336;17;41;2;12;3.60;2;1;1;78;0;6366212;594;0
147;18;336;17;41;3;99;3.80;6;2;1;79;0;6366399;284;0
147;18;336;17;41;4;62;3.40;5;2;1;80;0;6366462;646;0
147;18;336;17;41;4;99;5.20;2;1;1;80;0;6366499;270;0
147;18;336;17;41;5;30;3.00;6;2;1;82;0;6366530;113;0
147;18;336;17;41;6;49;3.40;1;1;1;77;0;6366649;997;0
147;18;336;17;41;7;19;3.60;6;2;1;75;0;6366719;175;0
147;18;336;17;41;7;99;3.80;3;1;1;73;0;6366799;683;0
147;18;336;17;41;8;20;3.40;2;1;1;78;0;6366820;297;0
147;18;336;17;41;8;99;3.60;4;1;1;75;0;6366899;2284;0
147;18;336;17;41;8;99;3.60;7;2;1;78;0;6366899;1348;0
147;18;336;17;41;10;99;6.20;5;2;1;79;0;6367099;621;0
147;18;336;17;41;11;0;3.80;4;1;1;74;0;6367100;183;0
147;18;336;17;41;11;99;4.00;7;2;1;76;0;6367199;283;0
147;18;336;17;41;11;23;3.40;3;1;1;71;0;6367123;305;0
147;18;336;17;41;12;77;3.60;4;1;1;79;0;6367277;158;0
147;18;336;17;41;12;80;2.80;6;2;1;53;0;6367280;543;0
147;18;336;17;41;13;99;3.80;4;1;1;76;0;6367399;105;0
147;18;336;17;41;14;26;3.80;5;2;1;76;0;6367426;298;0
147;18;336;17;41;14;21;3.20;6;2;1;53;0;6367421;121;0
147;18;336;17;41;14;87;4.60;3;1;1;79;0;6367487;346;0
147;18;336;17;41;15;99;3.80;7;2;1;81;0;6367599;381;0
147;18;336;17;41;15;99;4.00;2;1;1;87;0;6367599;763;0
147;18;336;17;41;15;99;2.80;4;1;1;76;0;6367599;182;6366899
147;18;336;17;41;15;99;2.80;6;2;1;52;0;6367599;156;6366899
147;18;336;17;41;16;99;3.40;3;1;1;71;0;6367699;191;6366899
147;18;336;17;41;16;99;3.20;1;1;1;74;0;6367699;1034;0
147;18;336;17;41;16;10;3.60;7;2;1;77;0;6367610;-1;0
147;18;336;17;41;16;2;3.60;6;2;1;51;0;6367602;-1;0
147;18;336;17;41;17;96;3.60;2;1;1;80;0;6367796;180;0
147;18;336;17;41;18;99;3.20;5;2;1;78;0;6367899;455;0
147;18;336;17;41;17;72;8.20;6;2;1;53;0;6367772;144;6367280
147;18;336;17;41;19;32;3.60;3;1;1;79;0;6367932;215;0
147;18;336;17;41;19;3;3.80;6;2;1;56;0;6367903;75;6367280
147;18;336;17;41;19;30;2.80;4;1;1;81;0;6367930;317;0
147;18;336;17;41;19;45;3.80;2;1;1;72;0;6367945;132;0
147;18;336;17;41;21;18;3.80;5;2;1;78;0;6368118;204;0
147;18;336;17;41;21;8;3.20;6;2;1;54;0;6368108;180;6367280
147;18;336;17;41;22;77;3.20;5;2;1;76;0;6368277;141;6367280
147;18;336;17;41;22;80;3.60;2;1;1;76;0;6368280;316;0
147;18;336;17;41;23;99;3.60;6;2;1;59;0;6368399;269;0
147;18;336;17;41;23;99;3.40;7;2;1;83;0;6368399;772;0
147;18;336;17;41;24;0;2.80;6;2;1;59;0;6368400;-1;0
147;18;336;17;41;24;14;3.80;1;1;1;83;0;6368414;699;0
147;18;336;17;41;25;0;3.80;5;2;1;75;0;6368500;207;0
147;18;336;17;41;25;70;4.80;6;2;1;55;0;6368570;152;0
147;18;336;17;41;25;99;4.00;7;2;1;78;0;6368599;185;0
147;18;336;17;41;25;99;3.60;6;2;1;53;0;6368599;-1;0
147;18;336;17;41;26;99;3.40;5;2;1;80;0;6368699;180;0
147;18;336;17;41;27;16;3.60;6;2;1;56;0;6368716;92;6367280
147;18;336;17;41;27;50;3.40;2;1;1;73;0;6368750;452;0
147;18;336;17;41;27;63;3.60;7;2;1;72;0;6368763;145;0
147;18;336;17;41;28;99;3.00;6;2;1;60;0;6368899;159;6367280
147;18;336;17;41;28;99;4.00;5;2;1;74;0;6368899;184;6367280
147;18;336;17;41;29;99;5.00;7;2;1;64;0;6368999;218;0
147;18;336;17;41;29;36;4.00;5;2;1;75;0;6368936;17;0
147;18;336;17;41;30;0;3.60;6;2;1;60;0;6369000;83;6367280
147;18;336;17;41;30;84;4.20;8;2;1;67;0;6369084;8568;0
147;18;336;17;41;30;99;3.40;7;2;1;68;0;6369099;71;0
147;18;336;17;41;31;99;3.60;8;2;1;66;0;6369199;92;0
147;18;336;17;41;31;99;3.60;6;2;1;60;0;6369199;177;6367280
147;18;336;17;41;31;99;3.60;5;2;1;76;0;6369199;243;0
147;18;336;17;41;32;38;3.80;3;1;1;80;0;6369238;1289;0
147;18;336;17;41;32;82;3.40;2;1;1;68;0;6369282;515;0
147;18;336;17;41;32;79;3.80;6;2;1;61;0;6369279;58;6367280
147;18;336;17;41;33;99;3.40;5;2;1;75;0;6369399;182;6367280
147;18;336;17;41;33;99;5.20;7;2;1;66;0;6369399;282;0
147;18;336;17;41;34;99;3.40;2;1;1;66;0;6369499;199;0
147;18;336;17;41;34;32;3.40;7;2;1;70;0;6369432;4;0
147;18;336;17;41;35;61;3.60;6;2;1;65;0;6369561;259;0
147;18;336;17;41;36;20;4.00;5;2;1;79;0;6369620;204;0
147;18;336;17;41;36;99;3.40;7;2;1;67;0;6369699;249;0
147;18;336;17;41;36;99;7.20;2;1;2;67;0;6369699;181;0
147;18;336;17;41;37;8;3.80;5;2;1;79;0;6369708;69;0
147;18;336;17;41;37;21;3.60;6;2;1;66;0;6369721;140;0
147;18;336;17;41;37;38;3.60;3;1;1;73;0;6369738;482;0
147;18;336;17;41;37;43;3.60;2;1;1;69;0;6369743;5;0
147;18;336;17;41;39;13;4.00;5;2;1;79;0;6369913;187;0
147;18;336;17;41;39;20;3.60;7;2;1;73;0;6369920;202;0
147;18;336;17;41;39;99;7.80;6;2;6;64;0;6369999;258;0
147;18;336;17;41;40;17;3.60;2;1;1;72;0;6370017;255;0
147;18;336;17;41;40;87;3.40;5;2;1;78;0;6370087;155;0
147;18;336;17;41;40;99;3.60;6;2;1;63;0;6370099;56;0
147;18;336;17;41;41;99;3.60;2;1;1;67;0;6370199;164;0
147;18;336;17;41;42;1;3.60;6;2;1;65;0;6370201;81;0
147;18;336;17;41;42;37;3.60;4;1;1;81;0;6370237;2294;0
147;18;336;17;41;42;61;3.60;2;1;1;67;0;6370261;42;0
147;18;336;17;41;43;99;3.20;6;2;1;66;0;6370399;178;0
147;18;336;17;41;43;99;3.80;5;2;1;86;0;6370399;296;0
147;18;336;17;41;43;99;3.80;1;1;1;73;0;6370399;1968;0
147;18;336;17;41;43;99;3.60;3;1;1;77;0;6370399;643;0
147;18;336;17;41;44;9;3.40;7;2;1;81;0;6370409;471;0
147;18;336;17;41;44;99;3.40;2;1;1;74;0;6370499;218;0
147;18;336;17;41;45;27;3.80;5;2;1;90;0;6370527;112;0
147;18;336;17;41;45;55;3.60;3;1;1;78;0;6370555;139;0
147;18;336;17;41;45;57;3.60;2;1;1;76;0;6370557;41;0
147;18;336;17;41;46;15;3.80;1;1;1;83;0;6370615;197;0
147;18;336;17;41;46;99;3.20;6;2;1;79;0;6370699;282;0
147;18;336;17;41;47;99;3.80;3;1;1;77;0;6370799;227;0
147;18;336;17;41;48;99;3.40;4;1;1;79;0;6370899;646;0
147;18;336;17;41;48;99;4.00;2;1;1;81;0;6370899;324;0
147;18;336;17;41;49;99;3.40;3;1;1;79;0;6370999;182;0
147;18;336;17;41;49;99;3.60;6;2;1;86;0;6370999;285;0
147;18;336;17;41;49;99;3.60;1;1;1;81;0;6370999;367;0
147;18;336;17;41;50;93;3.00;6;2;1;80;0;6371093;78;0
147;18;336;17;41;52;11;3.20;3;1;1;80;0;6371211;196;0
147;18;336;17;41;52;99;3.40;8;2;1;75;0;6371299;2080;0
147;18;336;17;41;54;99;3.80;3;1;1;80;0;6371499;273;0
147;18;336;17;41;55;80;4.00;4;1;1;82;0;6371580;665;0
147;18;336;17;41;57;7;3.20;6;2;1;75;0;6371707;600;0
147;18;336;17;41;57;99;3.80;5;2;1;86;0;6371799;1256;0
147;18;336;17;41;57;99;3.80;4;1;1;83;0;6371799;201;0
147;18;336;17;41;57;17;3.40;3;1;1;71;0;6371717;200;0
147;18;336;17;41;58;60;3.00;6;2;1;67;0;6371860;137;0
147;18;336;17;41;58;77;3.60;7;2;1;75;0;6371877;1452;0
147;18;336;17;41;59;7;3.60;2;1;1;82;0;6371907;990;0
147;18;336;17;41;59;99;3.60;3;1;1;70;0;6371999;264;0
147;18;336;17;42;0;61;3.80;4;1;1;83;0;6372061;245;0
147;18;336;17;42;2;8;2.80;3;1;1;76;0;6372208;190;0
147;18;336;17;42;2;12;3.60;6;2;1;70;0;6372212;335;0
147;18;336;17;42;2;19;2.80;2;1;1;80;0;6372219;296;0
147;18;336;17;42;3;53;6.00;3;1;1;77;0;6372353;131;0
147;18;336;17;42;4;99;3.80;4;1;1;83;0;6372499;421;0
147;18;336;17;42;4;99;3.60;6;2;1;68;0;6372499;268;0
147;18;336;17;42;5;99;3.60;8;2;1;72;0;6372599;1283;0
147;18;336;17;42;5;6;3.60;2;1;1;78;0;6372506;274;0
147;18;336;17;42;5;32;4.20;5;2;1;84;0;6372532;717;0
147;18;336;17;42;6;99;3.60;6;2;1;72;0;6372699;180;0
147;18;336;17;42;6;99;2.80;3;1;1;78;0;6372699;317;0
147;18;336;17;42;7;99;3.60;2;1;1;78;0;6372799;276;0
147;18;336;17;42;8;75;3.60;1;1;1;84;0;6372875;1860;0
147;18;336;17;42;10;7;3.40;6;2;1;80;0;6373007;290;0
147;18;336;17;42;10;19;3.60;2;1;1;78;0;6373019;203;0
147;18;336;17;42;12;99;11.80;2;1;2;80;0;6373299;263;0
147;18;336;17;42;12;99;3.60;6;2;1;78;0;6373299;276;0
147;18;336;17;42;13;26;3.60;8;2;1;69;0;6373326;709;0
147;18;336;17;42;13;83;4.40;5;2;1;77;0;6373383;833;0
147;18;336;17;42;14;99;3.60;6;2;1;74;0;6373499;183;0
147;18;336;17;42;14;99;3.80;3;1;1;79;0;6373499;787;0
147;18;336;17;42;14;99;3.60;5;2;1;77;0;6373499;95;0
147;18;336;17;42;14;99;3.60;7;2;1;66;0;6373499;1604;0
147;18;336;17;42;15;36;3.80;5;2;1;78;0;6373536;20;0
147;18;336;17;42;16;81;3.40;6;2;1;69;0;6373681;164;0
147;18;336;17;42;16;99;5.20;7;2;1;76;0;6373699;180;0
147;18;336;17;42;17;99;3.40;5;2;1;81;0;6373799;245;0
147;18;336;17;42;17;99;3.40;6;2;1;73;0;6373799;100;0
147;18;336;17;42;18;8;4.00;7;2;1;79;0;6373808;84;0
147;18;336;17;42;18;10;3.60;8;2;1;73;0;6373810;465;0
147;18;336;17;42;18;41;3.00;1;1;1;79;0;6373841;950;0
147;18;336;17;42;19;5;5.00;6;2;1;72;0;6373905;89;6373299
147;18;336;17;42;20;99;3.20;6;2;1;76;0;6374099;169;6373299
147;18;336;17;42;22;99;3.60;2;1;1;80;0;6374299;946;0
147;18;336;17;42;22;99;3.20;3;1;1;81;0;6374299;782;0
147;18;336;17;42;24;99;4.20;6;2;1;86;0;6374499;384;0
147;18;336;17;42;25;99;3.60;3;1;1;71;0;6374599;285;0
147;18;336;17;42;25;99;3.80;1;1;1;80;0;6374599;744;0
147;18;336;17;42;27;11;3.60;1;1;1;74;0;6374711;94;0
147;18;336;17;42;27;99;3.80;8;2;1;79;0;6374799;971;0
147;18;336;17;42;28;99;4.20;3;1;1;70;0;6374899;281;0
147;18;336;17;42;28;26;3.40;1;1;1;72;0;6374826;97;0
147;18;336;17;42;29;13;3.60;6;2;1;84;0;6374913;396;0
147;18;336;17;42;30;99;3.40;5;2;1;85;0;6375099;1284;0
147;18;336;17;42;31;13;3.60;2;1;1;83;0;6375113;797;0
147;18;336;17;42;31;77;3.60;3;1;1;72;0;6375177;256;0
147;18;336;17;42;32;99;3.20;3;1;1;71;0;6375299;104;0
147;18;336;17;42;32;99;3.60;7;2;1;80;0;6375299;1472;0
147;18;336;17;42;36;25;3.80;3;1;1;78;0;6375625;309;0
147;18;336;17;42;36;41;3.80;2;1;1;83;0;6375641;512;0
147;18;336;17;42;37;99;3.40;1;1;1;85;0;6375799;956;0
147;18;336;17;42;37;99;3.40;5;2;1;81;0;6375799;685;0
147;18;336;17;42;38;99;3.40;8;2;1;74;0;6375899;1082;0
147;18;336;17;42;38;33;3.20;3;1;1;76;0;6375833;190;0
147;18;336;17;42;41;34;5.20;3;1;1;91;0;6376134;285;0
147;18;336;17;42;40;99;4.20;2;1;1;102;0;6376099;441;0
147;18;336;17;42;41;9;3.60;3;1;1;75;0;6376109;-1;0
147;18;336;17;42;42;18;3.60;6;2;1;75;0;6376218;1289;0
147;18;336;17;42;42;99;3.20;1;1;1;70;0;6376299;485;0
147;18;336;17;42;42;99;3.60;3;1;1;80;0;6376299;172;0
147;18;336;17;42;43;9;3.80;5;2;1;82;0;6376309;494;0
147;18;336;17;42;44;56;3.80;7;2;1;77;0;6376456;1140;0
147;18;336;17;42;44;79;3.20;8;2;1;80;0;6376479;563;0
147;18;336;17;42;44;83;3.20;1;1;1;71;0;6376483;167;0
147;18;336;17;42;44;99;3.60;3;1;1;78;0;6376499;183;0
147;18;336;17;42;45;99;4.60;3;1;1;73;0;6376599;83;6375625
147;18;336;17;42;47;99;6.60;8;2;1;83;0;6376799;305;0
147;18;336;17;42;47;99;3.20;3;1;1;71;0;6376799;177;6375625
147;18;336;17;42;49;99;3.60;2;1;1;79;0;6376999;885;0
147;18;336;17;42;50;9;3.40;6;2;1;88;0;6377009;773;0
147;18;336;17;42;50;99;3.00;3;1;1;69;0;6377099;283;0
147;18;336;17;42;50;99;3.80;5;2;1;80;0;6377099;773;0
147;18;336;17;42;50;99;3.20;2;1;1;80;0;6377099;83;0
147;18;336;17;42;51;1;3.40;1;1;1;82;0;6377101;601;0
147;18;336;17;42;51;17;3.80;3;1;1;85;0;6377117;2;0
147;18;336;17;42;51;19;3.80;4;1;1;86;0;6377119;4603;0
147;18;336;17;42;51;20;3.60;6;2;1;84;0;6377120;97;0
147;18;336;17;42;50;63;15.40;7;2;4;70;0;6377063;589;0
147;18;336;17;42;52;99;4.00;5;2;1;81;0;6377299;182;0
147;18;336;17;42;52;99;3.40;3;1;1;85;0;6377299;165;0
147;18;336;17;42;53;99;4.00;8;2;1;68;0;6377399;571;0
147;18;336;17;42;54;68;3.20;6;2;1;74;0;6377468;332;0
147;18;336;17;42;54;67;3.80;8;2;1;73;0;6377467;46;0
147;18;336;17;42;54;91;2.80;3;1;1;77;0;6377491;177;0
147;18;336;17;42;55;23;3.20;2;1;1;80;0;6377523;409;0
147;18;336;17;42;56;13;4.00;4;1;1;86;0;6377613;478;0
147;18;336;17;42;56;4;4.20;7;2;1;77;0;6377604;461;0
147;18;336;17;42;57;5;3.60;6;2;1;76;0;6377705;221;0
147;18;336;17;42;57;99;4.00;8;2;1;76;0;6377799;313;0
147;18;336;17;42;58;12;3.80;2;1;1;69;0;6377812;274;0
147;18;336;17;42;58;99;3.60;3;1;1;79;0;6377899;394;0
147;18;336;17;42;59;12;3.60;6;2;1;77;0;6377912;189;0
147;18;336;17;43;0;14;3.60;2;1;1;73;0;6378014;182;0
147;18;336;17;43;1;99;3.00;3;1;1;79;0;6378199;283;0
147;18;336;17;43;1;4;3.60;6;2;1;82;0;6378104;175;0
147;18;336;17;43;1;20;3.60;2;1;1;76;0;6378120;88;0
147;18;336;17;43;3;99;3.00;1;1;1;78;0;6378399;1283;0
147;18;336;17;43;4;46;3.80;5;2;1;82;0;6378446;1129;0
147;18;336;17;43;4;77;3.00;6;2;1;72;0;6378477;357;0
147;18;336;17;43;5;0;3.40;2;1;1;76;0;6378500;362;0
147;18;336;17;43;5;99;3.40;7;2;1;77;0;6378599;975;0
147;18;336;17;43;6;99;3.00;2;1;1;79;0;6378699;182;0
147;18;336;17;43;7;11;3.80;6;2;1;74;0;6378711;219;0
147;18;336;17;43;7;73;3.40;2;1;1;90;0;6378773;60;0
147;18;336;17;43;8;2;3.40;6;2;1;69;0;6378802;72;0
147;18;336;17;43;8;9;3.80;5;2;1;76;0;6378809;346;0
147;18;336;17;43;8;99;4.20;8;2;1;80;0;6378899;1081;0
147;18;336;17;43;8;99;3.20;2;1;1;80;0;6378899;112;0
147;18;336;17;43;8;99;3.80;7;2;1;86;0;6378899;284;0
147;18;336;17;43;9;5;4.00;6;2;1;71;0;6378905;85;0
147;18;336;17;43;10;14;3.60;5;2;1;78;0;6379014;187;0
147;18;336;17;43;10;99;3.60;2;1;1;79;0;6379099;185;6378500
147;18;336;17;43;10;99;3.60;6;2;1;76;0;6379099;173;6378500
147;18;336;17;43;13;99;3.60;6;2;1;76;0;6379399;282;0
147;18;336;17;43;13;99;3.60;5;2;1;80;0;6379399;368;0
147;18;336;17;43;13;99;3.60;3;1;1;81;0;6379399;1186;0
147;18;336;17;43;14;99;3.60;5;2;1;79;0;6379499;83;0
147;18;336;17;43;14;27;3.60;1;1;1;87;0;6379427;1014;0
147;18;336;17;43;14;28;4.20;7;2;1;73;0;6379428;513;0
147;18;336;17;43;14;56;3.20;6;2;1;74;0;6379456;39;0
147;18;336;17;43;15;99;3.60;6;2;1;71;0;6379599;127;0
147;18;336;17;43;16;13;3.40;5;2;1;84;0;6379613;97;0
147;18;336;17;43;17;25;3.40;3;1;1;79;0;6379725;310;0
147;18;336;17;43;17;50;3.80;5;2;1;79;0;6379750;122;0
147;18;336;17;43;17;61;3.60;6;2;1;69;0;6379761;143;0
147;18;336;17;43;18;99;3.60;3;1;1;79;0;6379899;158;0
147;18;336;17;43;18;99;4.20;7;2;1;75;0;6379899;450;0
147;18;336;17;43;19;99;3.40;5;2;1;78;0;6379999;231;0
147;18;336;17;43;20;17;3.60;1;1;1;80;0;6380017;575;0
147;18;336;17;43;20;86;3.40;8;2;1;75;0;6380086;1168;0
147;18;336;17;43;20;97;3.40;2;1;1;78;0;6380097;981;0
147;18;336;17;43;21;10;3.20;6;2;1;80;0;6380110;330;0
147;18;336;17;43;22;29;3.60;7;2;1;77;0;6380229;309;0
147;18;336;17;43;23;0;3.60;8;2;1;84;0;6380300;197;0
147;18;336;17;43;22;83;3.80;6;2;1;74;0;6380283;158;0
147;18;336;17;43;24;4;3.40;2;1;1;79;0;6380404;291;0
147;18;336;17;43;24;8;4.00;3;1;1;74;0;6380408;492;0
147;18;336;17;43;25;66;4.00;7;2;1;74;0;6380566;320;0
147;18;336;17;43;25;80;3.80;2;1;1;77;0;6380580;160;0
147;18;336;17;43;25;99;3.40;3;1;1;78;0;6380599;171;0
147;18;336;17;43;26;99;3.60;6;2;1;84;0;6380699;397;0
147;18;336;17;43;26;99;3.20;2;1;1;74;0;6380699;101;0
147;18;336;17;43;27;12;3.20;8;2;1;74;0;6380712;396;0
147;18;336;17;43;27;21;5.20;7;2;1;75;0;6380721;135;0
147;18;336;17;43;29;99;3.80;2;1;1;77;0;6380999;284;0
147;18;336;17;43;29;99;3.80;6;2;1;78;0;6380999;284;0
147;18;336;17;43;30;81;3.60;6;2;1;78;0;6381081;64;0
147;18;336;17;43;30;95;3.80;2;1;1;77;0;6381095;78;0
147;18;336;17;43;32;54;3.20;6;2;1;79;0;6381254;156;0
147;18;336;17;43;33;99;3.60;2;1;1;86;0;6381399;286;0
147;18;336;17;43;35;40;3.20;8;2;1;76;0;6381540;812;0
147;18;336;17;43;35;90;3.80;4;1;1;84;0;6381590;3960;0
147;18;336;17;43;36;99;3.80;3;1;1;80;0;6381699;1084;0
147;18;336;17;43;36;99;5.00;6;2;1;76;0;6381699;430;0
147;18;336;17;43;37;18;3.80;8;2;1;77;0;6381718;162;0
147;18;336;17;43;38;1;3.20;4;1;1;80;0;6381801;194;0
147;18;336;17;43;38;99;4.60;1;1;1;84;0;6381899;1865;0
147;18;336;17;43;38;99;3.60;3;1;1;76;0;6381899;182;0
147;18;336;17;43;38;99;4.40;6;2;1;81;0;6381899;176;0
147;18;336;17;43;39;99;4.00;7;2;1;85;0;6381999;1253;0
147;18;336;17;43;39;99;3.20;5;2;1;80;0;6381999;1984;0
147;18;336;17;43;40;16;3.80;1;1;1;81;0;6382016;97;0
147;18;336;17;43;41;4;3.60;6;2;1;79;0;6382104;185;0
147;18;336;17;43;41;12;3.60;3;1;1;74;0;6382112;195;0
147;18;336;17;43;41;99;3.60;4;1;1;80;0;6382199;383;0
147;18;336;17;43;41;99;3.80;5;2;1;80;0;6382199;185;0
147;18;336;17;43;43;4;3.80;2;1;1;87;0;6382304;889;0
147;18;336;17;43;43;25;4.00;8;2;1;82;0;6382325;589;0
147;18;336;17;43;43;82;3.60;6;2;1;82;0;6382382;261;0
147;18;336;17;43;43;99;3.40;3;1;1;81;0;6382399;269;0
147;18;336;17;43;44;99;3.20;2;1;1;76;0;6382499;179;0
147;18;336;17;43;44;99;3.80;5;2;1;78;0;6382499;282;0
147;18;336;17;43;45;44;3.40;6;2;1;77;0;6382544;146;0
147;18;336;17;43;46;9;3.80;1;1;1;78;0;6382609;576;0
147;18;336;17;43;46;99;5.80;8;2;1;76;0;6382699;356;0
147;18;336;17;43;47;9;4.00;5;2;1;81;0;6382709;192;0
147;18;336;17;43;47;1;4.00;4;1;1;84;0;6382701;485;0
147;18;336;17;43;47;99;3.80;7;2;1;74;0;6382799;783;0
147;18;336;17;43;47;16;4.00;5;2;1;81;0;6382716;-1;0
147;18;336;17;43;48;99;4.00;5;2;1;84;0;6382899;165;0
147;18;336;17;43;49;19;3.80;6;2;1;81;0;6382919;359;0
147;18;336;17;43;49;99;3.60;2;1;1;86;0;6382999;484;0
147;18;336;17;43;49;99;3.00;1;1;1;77;0;6382999;372;0
147;18;336;17;43;50;50;3.80;5;2;1;81;0;6383050;133;6382499
147;18;336;17;43;50;56;3.40;6;2;1;74;0;6383056;120;6382499
147;18;336;17;43;50;72;3.80;3;1;1;81;0;6383072;657;0
147;18;336;17;43;51;99;3.60;5;2;1;81;0;6383199;132;6382499
147;18;336;17;43;52;18;3.60;6;2;1;85;0;6383218;145;6382499
147;18;336;17;43;54;99;3.80;5;2;1;84;0;6383499;284;0
147;18;336;17;43;56;20;3.20;3;1;1;73;0;6383620;531;0
147;18;336;17;43;56;99;3.60;7;2;1;79;0;6383699;881;0
147;18;336;17;43;56;99;3.40;6;2;1;72;0;6383699;465;0
147;18;336;17;43;56;99;3.80;1;1;1;79;0;6383699;685;0
147;18;336;17;43;58;74;3.00;6;2;1;70;0;6383874;158;0
147;18;336;17;43;58;97;3.40;8;2;1;71;0;6383897;1170;0
147;18;336;17;43;57;59;5.40;7;2;1;27;0;6383759;43;0
147;18;336;17;44;0;2;3.40;5;2;1;87;0;6384002;486;0
147;18;336;17;44;0;99;4.00;7;2;1;66;0;6384099;268;0
147;18;336;17;44;1;8;3.60;8;2;1;66;0;6384108;193;0
147;18;336;17;44;1;81;4.00;5;2;1;83;0;6384181;164;0
147;18;336;17;44;1;99;3.80;4;1;1;79;0;6384199;1480;0
147;18;336;17;44;2;10;3.40;3;1;1;70;0;6384210;574;0
147;18;336;17;44;2;99;3.60;8;2;1;65;0;6384299;171;0
147;18;336;17;44;2;99;4.00;4;1;1;83;0;6384299;82;0
147;18;336;17;44;2;99;3.60;6;2;1;76;0;6384299;409;0
147;18;336;17;44;0;32;4.00;7;2;1;12;0;6384032;-1;0
147;18;336;17;44;3;34;3.40;8;2;1;65;0;6384334;15;0
147;18;336;17;44;3;76;3.40;3;1;1;72;0;6384376;148;0
147;18;336;17;44;2;64;0.00;7;2;1;15;1;6384264;112;0
147;18;336;17;44;4;99;3.60;8;2;1;67;0;6384499;146;6383897
147;18;336;17;44;4;99;3.20;7;2;1;75;0;6384499;347;0
147;18;336;17;44;5;99;3.40;3;1;1;74;0;6384599;206;0
147;18;336;17;44;6;6;3.60;8;2;1;69;0;6384606;87;6383897
147;18;336;17;44;6;72;3.60;2;1;1;79;0;6384672;1657;0
147;18;336;17;44;7;99;3.40;3;1;1;76;0;6384799;183;0
147;18;336;17;44;9;99;3.60;6;2;1;78;0;6384999;682;0
147;18;336;17;44;10;16;3.00;8;2;1;63;0;6385016;391;0
147;18;336;17;44;11;7;3.80;7;2;1;82;0;6385107;592;0
147;18;336;17;44;11;10;3.60;1;1;1;80;0;6385110;1393;0
147;18;336;17;44;12;99;3.20;2;1;1;81;0;6385299;610;0
147;18;336;17;44;13;19;3.80;6;2;1;81;0;6385319;303;0
147;18;336;17;44;14;99;3.80;2;1;1;80;0;6385499;185;0
147;18;336;17;44;16;63;4.00;2;1;1;82;0;6385663;146;0
147;18;336;17;44;16;67;3.40;3;1;1;83;0;6385667;851;0
147;18;336;17;44;16;86;3.40;6;2;1;78;0;6385686;350;0
147;18;336;17;44;19;86;3.60;5;2;1;79;0;6385986;1787;0
147;18;336;17;44;20;8;3.60;6;2;1;77;0;6386008;306;0
147;18;336;17;44;20;99;3.40;2;1;1;78;0;6386099;418;0
147;18;336;17;44;20;99;5.60;7;2;1;76;0;6386099;975;0
147;18;336;17;44;21;70;3.40;6;2;1;76;0;6386170;145;0
147;18;336;17;44;21;96;3.20;2;1;1;77;0;6386196;81;0
147;18;336;17;44;21;71;8.80;7;2;2;58;0;6386171;45;0
147;18;336;17;44;23;14;3.40;2;1;1;73;0;6386314;103;0
147;18;336;17;44;23;19;3.80;5;2;1;82;0;6386319;316;0
147;18;336;17;44;23;99;3.60;7;2;1;82;0;6386399;173;0
147;18;336;17;44;23;5;3.80;6;2;1;69;0;6386305;118;0
147;18;336;17;44;24;99;3.40;2;1;1;71;0;6386499;168;0
147;18;336;17;44;25;9;3.40;1;1;1;68;0;6386509;1382;0
147;18;336;17;44;25;99;3.80;6;2;1;72;0;6386599;274;0
147;18;336;17;44;25;99;3.80;3;1;1;77;0;6386599;917;0
147;18;336;17;44;26;11;3.80;8;2;1;77;0;6386611;1577;0
147;18;336;17;44;26;83;4.00;5;2;1;85;0;6386683;347;0
147;18;336;17;44;26;77;3.60;6;2;1;69;0;6386677;59;0
147;18;336;17;44;27;24;3.80;4;1;1;80;0;6386724;2407;0
147;18;336;17;44;27;99;4.20;5;2;1;90;0;6386799;99;0
147;18;336;17;44;28;20;3.80;4;1;1;79;0;6386820;78;0
147;18;336;17;44;28;99;3.80;6;2;1;69;0;6386899;203;0
147;18;336;17;44;28;20;3.40;3;1;1;79;0;6386820;203;0
147;18;336;17;44;29;99;3.20;3;1;1;79;0;6386999;163;0
147;18;336;17;44;29;99;3.80;6;2;1;71;0;6386999;80;0
147;18;336;17;44;31;12;3.60;2;1;1;77;0;6387112;595;0
147;18;336;17;44;31;25;3.20;8;2;1;77;0;6387125;496;0
147;18;336;17;44;32;99;3.60;8;2;1;69;0;6387299;159;0
147;18;336;17;44;33;99;3.00;6;2;1;68;0;6387399;380;0
147;18;336;17;44;34;15;3.80;3;1;1;89;0;6387415;401;0
147;18;336;17;44;34;26;4.40;1;1;1;80;0;6387426;899;0
147;18;336;17;44;35;12;4.80;7;2;1;73;0;6387512;1097;0
147;18;336;17;44;35;99;3.80;3;1;1;76;0;6387599;168;0
147;18;336;17;44;36;18;5.20;3;1;1;83;0;6387618;1;0
147;18;336;17;44;36;40;3.60;5;2;1;83;0;6387640;824;0
147;18;336;17;44;36;41;3.60;6;2;1;71;0;6387641;226;0
147;18;336;17;44;37;99;8.20;2;1;6;74;0;6387799;670;0
147;18;336;17;44;38;99;3.00;6;2;1;67;0;6387899;239;0
147;18;336;17;44;39;11;3.80;5;2;1;81;0;6387911;255;0
147;18;336;17;44;39;25;3.40;7;2;1;63;0;6387925;389;0
147;18;336;17;44;39;37;4.00;8;2;1;73;0;6387937;619;0
147;18;336;17;44;40;15;3.40;3;1;1;75;0;6388015;374;0
147;18;336;17;44;40;99;3.60;6;2;1;74;0;6388099;183;0
147;18;336;17;44;41;3;4.20;7;2;1;66;0;6388103;158;0
147;18;336;17;44;42;88;3.60;5;2;1;77;0;6388288;360;0
147;18;336;17;44;43;99;3.60;1;1;1;67;0;6388399;953;0
147;18;336;17;44;43;99;3.40;6;2;1;74;0;6388399;282;0
147;18;336;17;44;43;99;3.60;3;1;1;74;0;6388399;367;0
147;18;336;17;44;44;62;4.40;3;1;1;69;0;6388462;45;0
147;18;336;17;44;44;95;3.60;1;1;1;70;0;6388495;76;0
147;18;336;17;44;45;99;3.80;5;2;1;83;0;6388599;294;0
147;18;336;17;44;46;99;3.60;2;1;1;68;0;6388699;860;0
147;18;336;17;44;46;99;3.00;4;1;1;81;0;6388699;1861;0
147;18;336;17;44;46;7;4.60;6;2;1;73;0;6388607;191;0
147;18;336;17;44;46;29;3.40;1;1;1;71;0;6388629;115;0
147;18;336;17;44;47;99;3.60;3;1;1;72;0;6388799;314;0
147;18;336;17;44;47;99;4.00;6;2;1;73;0;6388799;169;0
147;18;336;17;44;49;18;3.40;5;2;1;83;0;6388918;302;0
147;18;336;17;44;49;22;3.60;6;2;1;77;0;6388922;103;0
147;18;336;17;44;49;47;3.60;3;1;1;73;0;6388947;130;0
147;18;336;17;44;50;30;3.60;5;2;1;85;0;6389030;97;0
147;18;336;17;44;51;14;3.60;6;2;1;73;0;6389114;175;6388399
147;18;336;17;44;52;99;3.40;6;2;1;73;0;6389299;167;6388399
147;18;336;17;44;52;99;4.00;5;2;1;80;0;6389299;253;0
147;18;336;17;44;54;39;3.00;4;1;1;73;0;6389439;726;0
147;18;336;17;44;54;56;4.40;3;1;1;72;0;6389456;491;0
147;18;336;17;44;55;99;3.80;4;1;1;73;0;6389599;145;0
147;18;336;17;44;55;99;3.80;6;2;1;74;0;6389599;283;0
147;18;336;17;44;55;99;3.20;1;1;1;80;0;6389599;952;0
147;18;336;17;44;55;99;3.20;3;1;1;74;0;6389599;121;0
147;18;336;17;44;56;21;3.80;5;2;1;80;0;6389621;304;0
147;18;336;17;44;56;99;3.40;7;2;1;77;0;6389699;1573;0
147;18;336;17;44;56;99;3.40;4;1;1;72;0;6389699;81;0
147;18;336;17;44;56;99;3.60;1;1;1;75;0;6389699;85;0
147;18;336;17;44;57;99;3.80;4;1;1;72;0;6389799;83;0
147;18;336;17;44;58;7;3.80;3;1;1;74;0;6389807;192;0
147;18;336;17;44;58;99;4.20;8;2;1;78;0;6389899;1942;0
147;18;336;17;44;58;99;3.80;4;1;1;71;0;6389899;81;6389439
147;18;336;17;44;59;37;3.20;7;2;1;81;0;6389937;222;0
147;18;336;17;44;59;53;4.00;5;2;1;79;0;6389953;314;0
147;18;336;17;44;59;50;6.40;6;2;1;72;0;6389950;332;0
147;18;336;17;45;0;77;5.20;2;1;1;72;0;6390077;1358;0
147;18;336;17;45;0;99;3.80;1;1;1;77;0;6390099;382;0
147;18;336;17;45;1;99;5.00;6;2;1;80;0;6390199;217;0
147;18;336;17;45;0;68;6.00;7;2;1;31;0;6390068;116;0
147;18;336;17;45;2;63;3.00;5;2;1;86;0;6390263;291;0
147;18;336;17;45;2;53;3.60;2;1;1;75;0;6390253;150;0
147;18;336;17;45;2;84;4.40;6;2;1;75;0;6390284;62;0
147;18;336;17;45;3;99;3.20;4;1;1;81;0;6390399;480;0
147;18;336;17;45;3;99;3.60;1;1;1;79;0;6390399;282;0
147;18;336;17;45;3;99;4.00;3;1;1;77;0;6390399;573;0
147;18;336;17;45;4;10;3.60;5;2;1;82;0;6390410;134;0
147;18;336;17;45;5;89;3.00;6;2;1;75;0;6390589;283;0
147;18;336;17;45;5;99;6.20;2;1;1;75;0;6390599;328;0
147;18;336;17;45;6;99;3.40;5;2;1;75;0;6390699;273;0
147;18;336;17;45;7;10;3.20;6;2;1;74;0;6390710;106;0
147;18;336;17;45;7;43;3.40;2;1;1;73;0;6390743;114;0
147;18;336;17;45;8;99;3.60;6;2;1;75;0;6390899;173;0
147;18;336;17;45;9;0;3.80;5;2;1;82;0;6390900;184;0
147;18;336;17;45;9;99;3.80;7;2;1;83;0;6390999;861;0
147;18;336;17;45;9;37;3.20;2;1;1;73;0;6390937;177;0
147;18;336;17;45;10;21;3.60;3;1;1;74;0;6391021;603;0
147;18;336;17;45;11;99;4.00;5;2;1;87;0;6391199;282;0
147;18;336;17;45;11;99;3.40;2;1;1;74;0;6391199;246;0
147;18;336;17;45;11;99;4.00;6;2;1;80;0;6391199;282;0
147;18;336;17;45;13;17;3.60;2;1;1;78;0;6391317;101;0
147;18;336;17;45;13;99;4.00;5;2;1;87;0;6391399;183;0
147;18;336;17;45;13;99;3.80;7;2;1;83;0;6391399;383;0
147;18;336;17;45;14;99;3.40;6;2;1;81;0;6391499;282;0
147;18;336;17;45;15;15;3.40;2;1;1;82;0;6391515;181;0
147;18;336;17;45;15;99;2.80;5;2;1;81;0;6391599;183;0
147;18;336;17;45;16;99;5.00;7;2;1;70;0;6391699;283;0
147;18;336;17;45;17;1;3.60;2;1;1;79;0;6391701;171;0
147;18;336;17;45;17;20;3.80;5;2;1;83;0;6391720;108;0
147;18;336;17;45;17;24;3.40;6;2;1;78;0;6391724;209;0
147;18;336;17;45;18;99;3.40;3;1;1;74;0;6391899;860;0
147;18;336;17;45;18;99;4.00;4;1;1;77;0;6391899;1485;0
147;18;336;17;45;19;17;3.60;2;1;1;78;0;6391917;199;6391199
147;18;336;17;45;19;99;3.60;6;2;1;71;0;6391999;259;0
147;18;336;17;45;20;13;4.60;7;2;1;84;0;6392013;288;0
147;18;336;17;45;20;99;3.40;2;1;1;73;0;6392099;165;6391199
147;18;336;17;45;20;99;3.40;6;2;1;73;0;6392099;81;6391199
147;18;336;17;45;22;38;3.40;3;1;1;77;0;6392238;322;0
147;18;336;17;45;22;31;3.40;6;2;1;70;0;6392231;115;0
147;18;336;17;45;23;99;3.60;6;2;1;67;0;6392399;150;0
147;18;336;17;45;24;2;3.80;1;1;1;88;0;6392402;1986;0
147;18;336;17;45;24;22;4.00;6;2;1;73;0;6392422;3;6391999
147;18;336;17;45;25;13;3.60;4;1;1;78;0;6392513;595;0
147;18;336;17;45;25;50;3.20;3;1;1;75;0;6392550;296;0
147;18;336;17;45;25;63;3.60;5;2;1;82;0;6392563;826;0
147;18;336;17;45;25;73;4.40;7;2;1;70;0;6392573;540;0
147;18;336;17;45;25;90;3.60;1;1;1;85;0;6392590;172;0
147;18;336;17;45;27;1;3.80;5;2;1;78;0;6392701;122;0
147;18;336;17;45;27;14;3.40;7;2;1;68;0;6392714;118;0
147;18;336;17;45;28;99;4.40;7;2;1;68;0;6392899;167;0
147;18;336;17;45;29;99;3.40;6;2;1;66;0;6392999;557;0
147;18;336;17;45;29;99;3.60;5;2;1;78;0;6392999;280;0
147;18;336;17;45;30;47;3.60;5;2;1;76;0;6393047;31;0
147;18;336;17;45;30;53;3.00;6;2;1;64;0;6393053;35;0
147;18;336;17;45;31;99;4.40;7;2;1;82;0;6393199;276;0
147;18;336;17;45;31;99;3.40;8;2;1;66;0;6393199;3280;0
147;18;336;17;45;32;99;3.20;6;2;1;70;0;6393299;229;0
147;18;336;17;45;32;26;3.40;4;1;1;80;0;6393226;696;0
147;18;336;17;45;33;28;3.40;5;2;1;82;0;6393328;263;0
147;18;336;17;45;33;96;3.60;7;2;1;76;0;6393396;177;0
147;18;336;17;45;34;8;3.40;8;2;1;75;0;6393408;190;0
147;18;336;17;45;35;29;3.40;2;1;1;86;0;6393529;1413;0
147;18;336;17;45;35;54;3.60;3;1;1;67;0;6393554;988;0
147;18;336;17;45;34;54;4.00;7;2;1;18;0;6393454;40;0
147;18;336;17;45;36;99;3.80;8;2;1;74;0;6393699;274;0
147;18;336;17;45;37;11;3.60;4;1;1;80;0;6393711;469;0
147;18;336;17;45;38;55;3.80;2;1;1;74;0;6393855;311;0
147;18;336;17;45;38;73;3.40;8;2;1;72;0;6393873;155;0
147;18;336;17;45;39;99;3.60;6;2;1;74;0;6393999;683;0
147;18;336;17;45;39;99;3.80;8;2;1;71;0;6393999;109;0
147;18;336;17;45;39;99;3.40;2;1;1;70;0;6393999;125;0
147;18;336;17;45;41;99;3.60;6;2;1;76;0;6394199;182;0
147;18;336;17;45;41;99;3.40;2;1;1;69;0;6394199;182;0
147;18;336;17;45;42;0;3.60;5;2;1;83;0;6394200;857;0
147;18;336;17;45;41;99;4.00;3;1;1;75;0;6394199;625;0
147;18;336;17;45;42;99;3.40;2;1;1;68;0;6394299;82;0
147;18;336;17;45;43;5;2.80;1;1;1;72;0;6394305;1699;0
147;18;336;17;45;43;93;0.60;3;2;1;36;1;6394393;153286;0
147;18;336;17;45;44;99;3.20;1;1;1;65;0;6394499;180;0
147;18;336;17;45;44;99;3.20;6;2;1;80;0;6394499;282;0
147;18;336;17;45;45;37;3.60;2;1;1;81;0;6394537;220;0
147;18;336;17;45;46;99;3.60;6;2;1;76;0;6394699;185;0
147;18;336;17;45;46;99;3.20;1;1;1;63;0;6394699;182;0
147;18;336;17;45;47;99;3.60;4;1;1;68;0;6394799;1071;0
147;18;336;17;45;47;99;3.60;7;2;1;72;0;6394799;1265;0
147;18;336;17;45;48;18;4.60;3;1;1;73;0;6394818;599;0
147;18;336;17;45;48;96;3.60;4;1;1;70;0;6394896;77;0
147;18;336;17;45;49;2;3.60;3;1;1;67;0;6394902;61;0
147;18;336;17;45;50;21;3.80;6;2;1;78;0;6395021;304;0
147;18;336;17;45;49;99;3.40;2;1;1;76;0;6394999;446;0
147;18;336;17;45;50;99;3.80;4;1;1;69;0;6395099;184;0
147;18;336;17;45;51;99;3.60;6;2;1;77;0;6395199;160;0
147;18;336;17;45;52;99;4.00;4;1;1;76;0;6395299;180;0
147;18;336;17;45;53;5;3.60;3;1;1;68;0;6395305;383;0
147;18;336;17;45;53;33;3.60;6;2;1;80;0;6395333;117;0
147;18;336;17;45;54;99;3.80;7;2;1;83;0;6395499;682;0
147;18;336;17;45;55;15;3.40;6;2;1;83;0;6395515;165;0
147;18;336;17;45;55;12;3.60;2;1;1;73;0;6395512;496;0
147;18;336;17;45;55;13;3.20;1;1;1;77;0;6395513;795;0
147;18;336;17;45;56;4;3.80;5;2;1;84;0;6395604;1388;0
147;18;336;17;45;57;99;3.60;5;2;1;86;0;6395799;178;0
147;18;336;17;45;58;40;3.40;6;2;1;71;0;6395840;310;0
147;18;336;17;45;58;72;4.40;4;1;1;83;0;6395872;554;0
147;18;336;17;46;0;1;3.80;4;1;1;85;0;6396001;109;0
147;18;336;17;46;0;7;3.00;3;1;1;73;0;6396007;682;0
147;18;336;17;46;1;61;3.40;2;1;1;70;0;6396161;631;0
147;18;336;17;46;1;63;4.00;4;1;1;75;0;6396163;145;0
147;18;336;17;46;1;59;3.80;8;2;1;67;0;6396159;2140;0
147;18;336;17;46;1;89;3.60;1;1;1;76;0;6396189;661;0
147;18;336;17;46;1;97;3.40;5;2;1;77;0;6396197;382;0
147;18;336;17;46;2;99;3.00;6;2;1;74;0;6396299;441;0
147;18;336;17;46;2;99;3.40;3;1;1;82;0;6396299;277;0
147;18;336;17;46;3;14;4.40;5;2;1;75;0;6396314;101;0
147;18;336;17;46;4;8;4.00;3;1;1;80;0;6396408;94;0
147;18;336;17;46;4;11;3.20;6;2;1;70;0;6396411;97;0
147;18;336;17;46;4;99;3.00;3;1;1;80;0;6396499;73;0
147;18;336;17;46;5;99;3.20;6;2;1;71;0;6396599;171;0
147;18;336;17;46;5;99;4.00;1;1;1;79;0;6396599;392;0
147;18;336;17;46;6;80;3.40;5;2;1;85;0;6396680;344;0
147;18;336;17;46;7;1;3.40;6;2;1;71;0;6396701;85;0
147;18;336;17;46;7;99;3.60;2;1;1;77;0;6396799;620;0
147;18;336;17;46;9;6;3.40;7;2;1;77;0;6396906;1390;0
147;18;336;17;46;9;99;3.60;2;1;1;74;0;6396999;183;0
147;18;336;17;46;10;99;3.80;3;1;1;75;0;6397099;586;0
147;18;336;17;46;10;99;4.00;7;2;1;79;0;6397099;177;0
147;18;336;17;46;11;33;3.40;6;2;1;71;0;6397133;414;0
147;18;336;17;46;11;18;7.40;2;1;6;74;0;6397118;101;0
147;18;336;17;46;12;4;3.80;3;1;1;77;0;6397204;86;0
147;18;336;17;46;13;6;3.20;6;2;1;74;0;6397306;155;0
147;18;336;17;46;14;99;3.40;2;1;1;72;0;6397499;345;0
147;18;336;17;46;16;14;3.00;6;2;1;63;0;6397614;292;0
147;18;336;17;46;16;17;3.00;3;1;1;78;0;6397617;395;0
147;18;336;17;46;16;55;3.00;2;1;1;74;0;6397655;139;0
147;18;336;17;46;16;74;3.40;5;2;1;78;0;6397674;979;0
147;18;336;17;46;17;99;3.80;4;1;1;77;0;6397799;1616;0
147;18;336;17;46;17;99;3.80;5;2;1;81;0;6397799;109;0
147;18;336;17;46;18;99;3.60;2;1;1;70;0;6397899;229;0
147;18;336;17;46;18;99;3.20;7;2;1;78;0;6397899;781;0
147;18;336;17;46;18;12;3.80;6;2;1;67;0;6397812;180;0
147;18;336;17;46;19;36;5.80;1;1;1;72;0;6397936;1318;0
147;18;336;17;46;19;99;3.60;5;2;1;79;0;6397999;183;0
147;18;336;17;46;19;99;3.60;3;1;1;79;0;6397999;368;0
147;18;336;17;46;19;99;3.20;4;1;1;75;0;6397999;182;0
147;18;336;17;46;20;0;3.80;2;1;1;78;0;6398000;82;0
147;18;336;17;46;20;99;3.40;5;2;1;75;0;6398099;83;0
147;18;336;17;46;20;99;3.80;8;2;1;74;0;6398099;1919;0
147;18;336;17;46;21;10;3.20;7;2;1;80;0;6398110;196;0
147;18;336;17;46;22;97;3.20;2;1;1;71;0;6398297;279;0
147;18;336;17;46;23;3;4.00;5;2;1;85;0;6398303;187;6397674
147;18;336;17;46;23;99;3.40;6;2;1;73;0;6398399;566;0
147;18;336;17;46;23;6;3.40;7;2;1;78;0;6398306;181;0
147;18;336;17;46;25;99;3.60;7;2;1;80;0;6398599;277;0
147;18;336;17;46;26;3;3.60;6;2;1;84;0;6398603;187;0
147;18;336;17;46;27;15;3.40;2;1;1;82;0;6398715;401;0
147;18;336;17;46;28;99;3.60;6;2;1;73;0;6398899;280;0
147;18;336;17;46;28;99;5.00;2;1;1;76;0;6398899;169;0
147;18;336;17;46;29;68;3.60;6;2;1;76;0;6398968;51;0
147;18;336;17;46;30;19;3.80;5;2;1;79;0;6399019;699;0
147;18;336;17;46;30;99;3.60;2;1;1;76;0;6399099;176;0
147;18;336;17;46;31;99;3.60;8;2;1;75;0;6399199;1081;0
147;18;336;17;46;30;87;11.00;3;1;3;65;0;6399087;1071;0
147;18;336;17;46;32;97;12.20;3;1;7;66;0;6399297;149;0
147;18;336;17;46;33;99;3.00;6;2;1;80;0;6399399;413;0
147;18;336;17;46;34;89;3.20;5;2;1;84;0;6399489;452;0
147;18;336;17;46;35;99;3.60;6;2;1;75;0;6399599;186;0
147;18;336;17;46;35;99;3.60;3;1;1;69;0;6399599;235;0
147;18;336;17;46;37;19;3.60;5;2;1;80;0;6399719;216;0
147;18;336;17;46;37;66;3.60;3;1;1;71;0;6399766;148;0
147;18;336;17;46;37;80;3.40;7;2;1;81;0;6399780;1164;0
147;18;336;17;46;37;99;3.60;4;1;1;80;0;6399799;1784;0
147;18;336;17;46;39;18;3.20;3;1;1;71;0;6399918;133;0
147;18;336;17;46;39;21;3.80;5;2;1;80;0;6399921;185;0
147;18;336;17;46;39;44;3.60;4;1;1;79;0;6399944;128;0
147;18;336;17;46;39;44;3.60;6;2;1;76;0;6399944;327;0
147;18;336;17;46;40;17;3.80;5;2;1;79;0;6400017;78;0
147;18;336;17;46;41;99;3.40;6;2;1;80;0;6400199;237;0
147;18;336;17;46;41;99;3.60;7;2;1;83;0;6400199;403;0
147;18;336;17;46;41;99;3.00;3;1;1;69;0;6400199;264;0
147;18;336;17;46;41;24;3.60;2;1;1;73;0;6400124;1007;0
147;18;336;17;46;42;8;3.80;4;1;1;80;0;6400208;247;0
147;18;336;17;46;42;64;3.00;6;2;1;76;0;6400264;49;0
147;18;336;17;46;42;99;3.20;1;1;1;77;0;6400299;2334;0
147;18;336;17;46;43;99;3.60;7;2;1;83;0;6400399;184;0
147;18;336;17;46;44;9;3.60;7;2;1;78;0;6400409;-1;0
147;18;336;17;46;44;17;3.80;4;1;1;82;0;6400417;191;0
147;18;336;17;46;44;1;4.20;3;1;1;71;0;6400401;186;0
147;18;336;17;46;44;67;3.20;7;2;1;77;0;6400467;41;0
147;18;336;17;46;45;9;3.60;1;1;1;76;0;6400509;195;0
147;18;336;17;46;45;99;3.40;6;2;1;78;0;6400599;320;0
147;18;336;17;46;47;22;3.40;2;1;1;76;0;6400722;580;0
147;18;336;17;46;47;38;3.40;3;1;1;67;0;6400738;315;0
147;18;336;17;46;47;58;3.40;6;2;1;77;0;6400758;143;0
147;18;336;17;46;48;3;3.60;3;1;1;73;0;6400803;46;0
147;18;336;17;46;49;0;3.40;2;1;1;70;0;6400900;161;0
147;18;336;17;46;49;18;3.20;6;2;1;78;0;6400918;144;0
147;18;336;17;46;49;32;3.60;3;1;1;78;0;6400932;111;0
147;18;336;17;46;49;52;3.80;2;1;1;71;0;6400952;34;0
147;18;336;17;46;52;34;3.40;3;1;1;78;0;6401234;285;0
147;18;336;17;46;52;42;3.60;2;1;1;80;0;6401242;270;0
147;18;336;17;46;53;5;3.40;6;2;1;81;0;6401305;372;0
147;18;336;17;46;54;20;4.20;5;2;1;114;0;6401420;1385;0
147;18;336;17;46;54;7;3.60;1;1;1;79;0;6401407;880;0
147;18;336;17;46;54;39;3.20;3;1;1;77;0;6401439;189;0
147;18;336;17;46;55;99;3.20;3;1;1;73;0;6401599;145;0
147;18;336;17;46;55;99;3.40;6;2;1;74;0;6401599;278;0
147;18;336;17;46;56;0;3.00;4;1;1;79;0;6401600;1166;0
147;18;336;17;46;56;99;3.60;3;1;1;74;0;6401699;84;0
147;18;336;17;46;57;53;3.20;7;2;1;79;0;6401753;1271;0
147;18;336;17;46;58;22;3.20;6;2;1;79;0;6401822;206;0
147;18;336;17;46;58;99;3.40;3;1;1;81;0;6401899;182;6401234
147;18;336;17;46;59;99;3.00;2;1;1;71;0;6401999;740;0
147;18;336;17;46;59;29;3.60;4;1;1;79;0;6401929;315;0
147;18;336;17;47;1;18;3.20;6;2;1;80;0;6402118;281;0
147;18;336;17;47;1;18;3.80;3;1;1;74;0;6402118;203;0
147;18;336;17;47;1;99;3.40;4;1;1;80;0;6402199;253;0
147;18;336;17;47;2;21;4.00;5;2;1;88;0;6402221;787;0
147;18;336;17;47;2;4;3.00;1;1;1;73;0;6402204;780;0
147;18;336;17;47;2;52;3.60;3;1;1;71;0;6402252;115;0
147;18;336;17;47;3;2;5.00;4;1;1;81;0;6402302;87;0
147;18;336;17;47;3;99;3.60;2;1;1;76;0;6402399;384;0
147;18;336;17;47;3;99;4.00;8;2;1;70;0;6402399;3182;0
147;18;336;17;47;4;12;3.20;2;1;1;79;0;6402412;-1;0
147;18;336;17;47;4;15;3.20;6;2;1;80;0;6402415;282;0
147;18;336;17;47;5;14;3.20;2;1;1;76;0;6402514;87;0
147;18;336;17;47;6;99;3.80;6;2;1;81;0;6402699;269;0
147;18;336;17;47;9;2;4.20;8;2;1;84;0;6402902;482;0
147;18;336;17;47;9;99;3.20;5;2;1;87;0;6402999;761;0
147;18;336;17;47;9;99;3.80;6;2;1;77;0;6402999;283;0
147;18;336;17;47;9;99;3.80;2;1;1;69;0;6402999;469;0
147;18;336;17;47;11;17;3.40;1;1;1;76;0;6403117;898;0
147;18;336;17;47;11;5;4.40;2;1;1;71;0;6403105;86;0
147;18;336;17;47;11;99;3.40;3;1;1;72;0;6403199;928;0
147;18;336;17;47;14;99;3.00;2;1;1;74;0;6403499;371;0
147;18;336;17;47;15;97;3.80;7;2;1;75;0;6403597;1829;0
147;18;336;17;47;17;3;3.00;8;2;1;76;0;6403703;783;0
147;18;336;17;47;17;99;3.20;3;1;1;79;0;6403799;583;0
147;18;336;17;47;18;20;3.00;6;2;1;75;0;6403820;803;0
147;18;336;17;47;19;99;5.20;3;1;1;85;0;6403999;185;0
147;18;336;17;47;25;20;3.40;7;2;1;76;0;6404520;904;0
147;18;336;17;47;26;99;3.60;3;1;1;85;0;6404699;677;0
147;18;336;17;47;26;99;3.20;1;1;1;78;0;6404699;1565;0
147;18;336;17;47;26;99;3.60;7;2;1;78;0;6404699;162;0
147;18;336;17;47;27;8;3.60;6;2;1;78;0;6404708;873;0
147;18;336;17;47;28;11;4.60;2;1;1;78;0;6404811;1297;0
147;18;336;17;47;28;42;5.00;3;1;1;72;0;6404842;127;0
147;18;336;17;47;29;99;3.80;6;2;1;78;0;6404999;274;0
147;18;336;17;47;30;42;4.80;5;2;1;95;0;6405042;2029;0
147;18;336;17;47;33;49;4.20;7;2;1;90;0;6405349;633;0
147;18;336;17;47;33;51;3.80;8;2;1;81;0;6405351;1633;0
147;18;336;17;47;34;99;3.20;1;1;1;72;0;6405499;785;0
147;18;336;17;47;35;99;3.00;6;2;1;69;0;6405599;582;0
147;18;336;17;47;36;99;5.00;5;2;1;75;0;6405699;638;0
147;18;336;17;47;36;99;4.00;8;2;1;74;0;6405699;331;0
147;18;336;17;47;37;3;3.60;5;2;1;75;0;6405703;-1;0
147;18;336;17;47;37;99;3.60;5;2;1;75;0;6405799;78;0
147;18;336;17;47;38;39;4.40;6;2;1;79;0;6405839;224;0
147;18;336;17;47;39;99;3.80;6;2;1;75;0;6405999;139;0
147;18;336;17;47;39;99;3.40;7;2;1;73;0;6405999;633;0
147;18;336;17;47;39;99;3.80;3;1;1;80;0;6405999;1132;0
147;18;336;17;47;40;99;3.40;5;2;1;74;0;6406099;282;0
147;18;336;17;47;40;0;3.60;2;1;1;73;0;6406000;1167;0
147;18;336;17;47;40;32;5.00;7;2;1;75;0;6406032;16;0
147;18;336;17;47;41;99;4.40;7;2;1;74;0;6406199;143;0
147;18;336;17;47;41;99;3.80;5;2;1;74;0;6406199;83;0
147;18;336;17;47;42;99;3.80;1;1;1;72;0;6406299;784;0
147;18;336;17;47;42;99;3.40;6;2;1;81;0;6406299;281;0
147;18;336;17;47;42;99;5.20;5;2;1;74;0;6406299;81;0
147;18;336;17;47;42;99;4.00;4;1;1;81;0;6406299;3974;0
147;18;336;17;47;43;26;3.40;2;1;1;76;0;6406326;308;0
147;18;336;17;47;44;6;3.20;8;2;1;78;0;6406406;687;0
147;18;336;17;47;46;99;3.80;6;2;1;75;0;6406699;384;0
147;18;336;17;47;47;99;3.40;2;1;1;76;0;6406799;456;0
147;18;336;17;47;48;37;3.40;2;1;1;77;0;6406837;21;0
147;18;336;17;47;48;37;3.60;6;2;1;74;0;6406837;119;0
147;18;336;17;47;49;99;3.80;4;1;1;83;0;6406999;682;0
147;18;336;17;47;49;99;3.60;6;2;1;75;0;6406999;144;0
147;18;336;17;47;50;99;4.60;5;2;1;82;0;6407099;774;0
147;18;336;17;47;51;15;3.00;6;2;1;77;0;6407115;98;0
147;18;336;17;47;52;99;3.60;3;1;1;65;0;6407299;1282;0
147;18;336;17;47;52;99;3.80;7;2;1;77;0;6407299;1078;0
147;18;336;17;47;54;99;3.80;7;2;1;77;0;6407499;182;0
147;18;336;17;47;55;22;3.00;2;1;1;74;0;6407522;669;0
147;18;336;17;47;55;27;3.20;6;2;1;84;0;6407527;397;0
147;18;336;17;47;55;99;3.40;1;1;1;80;0;6407599;1281;0
147;18;336;17;47;55;99;3.00;4;1;1;79;0;6407599;583;0
147;18;336;17;47;56;70;3.40;8;2;1;79;0;6407670;1249;0
147;18;336;17;47;56;72;6.20;6;2;1;77;0;6407672;131;0
147;18;336;17;47;57;99;3.40;3;1;1;65;0;6407799;480;0
147;18;336;17;47;58;5;3.80;7;2;1;86;0;6407805;288;0
147;18;336;17;47;59;6;3.20;6;2;1;77;0;6407906;205;0
147;18;336;17;47;59;25;3.60;5;2;1;87;0;6407925;805;0
147;18;336;17;48;0;99;3.80;2;1;1;65;0;6408099;562;0
147;18;336;17;48;1;21;3.60;7;2;1;78;0;6408121;300;0
147;18;336;17;48;3;99;9.20;4;1;2;80;0;6408399;786;0
147;18;336;17;48;4;4;3.80;3;1;1;79;0;6408404;586;0
147;18;336;17;48;4;99;3.20;1;1;1;65;0;6408499;884;0
147;18;336;17;48;5;99;5.40;5;2;1;79;0;6408599;659;0
147;18;336;17;48;5;99;3.60;4;1;1;81;0;6408599;158;0
147;18;336;17;48;5;99;3.00;2;1;1;70;0;6408599;478;0
147;18;336;17;48;6;8;3.80;6;2;1;69;0;6408608;687;0
147;18;336;17;48;7;1;3.60;5;2;1;79;0;6408701;77;0
147;18;336;17;48;7;99;3.40;2;1;1;69;0;6408799;184;0
147;18;336;17;48;7;99;3.40;4;1;1;80;0;6408799;184;0
147;18;336;17;48;7;99;3.40;5;2;1;78;0;6408799;81;0
147;18;336;17;48;7;99;3.60;6;2;1;70;0;6408799;171;0
147;18;336;17;48;8;95;11.60;2;1;3;69;0;6408895;78;0
147;18;336;17;48;9;99;3.00;6;2;1;75;0;6408999;181;0
147;18;336;17;48;10;99;3.40;2;1;1;67;0;6409099;143;0
147;18;336;17;48;10;99;4.60;7;2;1;75;0;6409099;961;0
147;18;336;17;48;12;20;3.40;8;2;1;72;0;6409220;1534;0
147;18;336;17;48;12;9;3.00;6;2;1;77;0;6409209;195;0
147;18;336;17;48;12;99;3.60;2;1;1;66;0;6409299;181;6408599
147;18;336;17;48;13;99;3.40;4;1;1;83;0;6409399;584;0
147;18;336;17;48;13;99;3.40;2;1;1;63;0;6409399;80;6408599
147;18;336;17;48;13;99;3.60;1;1;1;74;0;6409399;882;0
147;18;336;17;48;14;6;3.40;6;2;1;80;0;6409406;182;6408608
147;18;336;17;48;14;75;3.80;3;1;1;75;0;6409475;1053;0
147;18;336;17;48;15;99;4.00;5;2;1;84;0;6409599;784;0
147;18;336;17;48;16;8;3.40;7;2;1;76;0;6409608;486;0
147;18;336;17;48;15;99;4.20;2;1;1;68;0;6409599;180;6408599
147;18;336;17;48;17;99;3.20;5;2;1;81;0;6409799;182;6408599
147;18;336;17;48;17;99;3.60;6;2;1;71;0;6409799;377;0
147;18;336;17;48;17;99;3.80;2;1;1;73;0;6409799;177;6408599
147;18;336;17;48;18;99;3.80;3;1;1;80;0;6409899;405;0
147;18;336;17;48;17;34;4.20;7;2;1;20;0;6409734;109;0
147;18;336;17;48;19;72;4.00;5;2;1;78;0;6409972;158;0
147;18;336;17;48;21;6;3.60;3;1;1;74;0;6410106;189;0
147;18;336;17;48;22;76;3.40;6;2;1;74;0;6410276;458;0
147;18;336;17;48;23;99;3.60;6;2;1;73;0;6410399;106;0
147;18;336;17;48;24;22;4.00;1;1;1;71;0;6410422;1005;0
147;18;336;17;48;24;37;3.80;3;1;1;79;0;6410437;313;0
147;18;336;17;48;24;86;3.80;5;2;1;81;0;6410486;495;0
147;18;336;17;48;25;11;3.40;6;2;1;71;0;6410511;94;0
147;18;336;17;48;25;99;3.60;2;1;1;81;0;6410599;781;0
147;18;336;17;48;26;99;3.60;5;2;1;77;0;6410699;196;0
147;18;336;17;48;26;99;3.20;6;2;1;74;0;6410699;170;0
147;18;336;17;48;27;98;3.20;8;2;1;75;0;6410798;1561;0
147;18;336;17;48;27;99;3.40;5;2;1;75;0;6410799;83;0
147;18;336;17;48;29;99;5.40;3;1;1;77;0;6410999;544;0
147;18;336;17;48;29;14;3.40;5;2;1;75;0;6410914;98;0
147;18;336;17;48;30;4;3.80;1;1;1;80;0;6411004;561;0
147;18;336;17;48;30;99;3.00;6;2;1;79;0;6411099;384;0
147;18;336;17;48;30;99;3.60;3;1;1;76;0;6411099;74;0
147;18;336;17;48;31;99;3.40;4;1;1;86;0;6411199;1785;0
147;18;336;17;48;32;9;3.20;6;2;1;72;0;6411209;96;0
147;18;336;17;48;32;56;3.40;5;2;1;81;0;6411256;325;0
147;18;336;17;48;33;99;5.00;5;2;1;77;0;6411399;127;0
147;18;336;17;48;34;99;3.40;6;2;1;76;0;6411499;274;0
147;18;336;17;48;33;69;0.60;7;2;1;31;1;6411369;1559;0
147;18;336;17;48;34;64;3.80;5;2;1;78;0;6411464;41;0
147;18;336;17;48;36;7;3.60;5;2;1;78;0;6411607;125;0
147;18;336;17;48;37;7;3.40;3;1;1;75;0;6411707;590;0
147;18;336;17;48;37;6;3.20;6;2;1;69;0;6411706;190;0
147;18;336;17;48;37;13;3.80;1;1;1;79;0;6411713;691;0
147;18;336;17;48;37;12;4.60;5;2;1;79;0;6411712;88;6411256
147;18;336;17;48;36;92;6.40;7;2;1;68;0;6411692;1882;0
147;18;336;17;48;37;78;4.00;8;2;1;78;0;6411778;964;0
147;18;336;17;48;37;99;3.60;4;1;1;83;0;6411799;585;0
147;18;336;17;48;38;99;3.20;6;2;1;75;0;6411899;176;0
147;18;336;17;48;39;7;3.80;5;2;1;86;0;6411907;174;6411256
147;18;336;17;48;39;29;3.60;4;1;1;82;0;6411929;114;6411256
147;18;336;17;48;39;46;4.20;6;2;1;78;0;6411946;31;6411256
147;18;336;17;48;40;99;5.80;4;1;1;83;0;6412099;154;6411256
147;18;336;17;48;41;3;3.80;6;2;1;71;0;6412103;137;6411499
147;18;336;17;48;41;22;3.40;3;1;1;81;0;6412122;398;0
147;18;336;17;48;43;99;3.60;2;1;1;65;0;6412399;1784;0
147;18;336;17;48;43;99;3.80;6;2;1;72;0;6412399;276;0
147;18;336;17;48;44;99;3.20;2;1;1;64;0;6412499;80;0
147;18;336;17;48;44;99;4.80;7;2;1;69;0;6412499;773;0
147;18;336;17;48;44;5;3.40;3;1;1;74;0;6412405;267;0
147;18;336;17;48;45;68;3.80;2;1;1;64;0;6412568;51;0
147;18;336;17;48;45;99;3.40;7;2;1;76;0;6412599;74;0
147;18;336;17;48;45;99;3.80;6;2;1;75;0;6412599;181;0
147;18;336;17;48;46;99;3.00;2;1;1;62;0;6412699;109;0
147;18;336;17;48;47;78;3.60;4;1;1;81;0;6412778;653;0
147;18;336;17;48;47;64;3.40;2;1;1;63;0;6412764;47;6412399
147;18;336;17;48;48;99;3.60;6;2;1;77;0;6412899;281;0
147;18;336;17;48;48;99;3.60;3;1;1;75;0;6412899;477;0
147;18;336;17;48;48;99;3.80;5;2;1;78;0;6412899;976;0
147;18;336;17;48;49;21;3.60;2;1;1;67;0;6412921;137;6412399
147;18;336;17;48;50;91;3.60;4;1;1;81;0;6413091;297;0
147;18;336;17;48;50;99;3.40;3;1;1;70;0;6413099;182;0
147;18;336;17;48;52;99;3.40;2;1;1;68;0;6413299;358;0
147;18;336;17;48;53;16;3.60;6;2;1;82;0;6413316;400;0
147;18;336;17;48;53;99;3.40;2;1;1;67;0;6413399;82;0
147;18;336;17;48;54;25;4.00;5;2;1;84;0;6413425;508;0
147;18;336;17;48;54;99;3.80;3;1;1;76;0;6413499;382;0
147;18;336;17;48;54;99;4.60;2;1;1;68;0;6413499;81;0
147;18;336;17;48;55;99;3.40;2;1;1;69;0;6413599;75;0
147;18;336;17;48;56;23;2.40;6;2;1;74;0;6413623;291;0
147;18;336;17;48;57;99;3.40;3;1;1;75;0;6413799;282;0
147;18;336;17;48;57;99;3.40;6;2;1;72;0;6413799;164;0
147;18;336;17;48;57;12;3.60;2;1;1;69;0;6413712;95;6413299
147;18;336;17;48;58;19;3.60;4;1;1;74;0;6413819;712;0
147;18;336;17;48;58;99;3.60;1;1;1;76;0;6413899;2168;0
147;18;336;17;48;58;99;3.60;3;1;1;73;0;6413899;83;0
147;18;336;17;48;59;99;3.20;4;1;1;73;0;6413999;162;0
147;18;336;17;48;59;99;3.60;6;2;1;77;0;6413999;183;0
147;18;336;17;49;0;71;4.00;6;2;1;75;0;6414071;55;0
147;18;336;17;49;0;86;3.80;7;2;1;78;0;6414086;1470;0
147;18;336;17;49;1;99;3.60;2;1;1;81;0;6414199;468;0
147;18;336;17;49;1;99;3.20;5;2;1;84;0;6414199;756;0
147;18;336;17;49;1;99;3.60;3;1;1;72;0;6414199;282;0
147;18;336;17;49;2;6;3.60;4;1;1;84;0;6414206;191;0
147;18;336;17;49;2;99;3.80;1;1;1;86;0;6414299;382;0
147;18;336;17;49;2;99;3.20;6;2;1;74;0;6414299;208;0
147;18;336;17;49;2;99;4.00;8;2;1;75;0;6414299;2502;0
147;18;336;17;49;3;3;3.80;3;1;1;73;0;6414303;86;0
147;18;336;17;49;3;99;3.60;8;2;1;73;0;6414399;80;0
147;18;336;17;49;4;99;4.60;4;1;1;75;0;6414499;277;0
147;18;336;17;49;4;99;3.20;3;1;1;70;0;6414499;177;0
147;18;336;17;49;5;46;3.80;5;2;1;82;0;6414546;333;0
147;18;336;17;49;5;58;4.00;6;2;1;75;0;6414558;243;0
147;18;336;17;49;7;12;3.40;6;2;1;74;0;6414712;134;0
147;18;336;17;49;8;69;3.40;5;2;1;81;0;6414869;306;0
147;18;336;17;49;8;99;4.00;2;1;1;90;0;6414899;684;0
147;18;336;17;49;8;99;3.60;3;1;1;82;0;6414899;383;0
147;18;336;17;49;8;99;3.80;1;1;1;78;0;6414899;584;0
147;18;336;17;49;9;99;3.60;6;2;1;71;0;6414999;270;0
147;18;336;17;49;10;7;3.80;5;2;1;79;0;6415007;122;0
147;18;336;17;49;10;30;4.20;8;2;1;75;0;6415030;613;0
147;18;336;17;49;10;55;3.20;6;2;1;68;0;6415055;37;0
147;18;336;17;49;11;99;3.20;5;2;1;78;0;6415199;174;0
147;18;336;17;49;11;99;3.60;1;1;1;80;0;6415199;282;0
147;18;336;17;49;12;99;3.60;2;1;1;88;0;6415299;384;0
147;18;336;17;49;12;99;4.00;6;2;1;69;0;6415299;227;0
147;18;336;17;49;14;27;3.40;7;2;1;83;0;6415427;1323;0
147;18;336;17;49;14;99;3.60;6;2;1;69;0;6415499;179;0
147;18;336;17;49;14;99;3.60;2;1;1;85;0;6415499;185;0
147;18;336;17;49;15;19;3.40;4;1;1;81;0;6415519;997;0
147;18;336;17;49;16;3;3.80;6;2;1;71;0;6415603;85;0
147;18;336;17;49;16;99;5.60;7;2;1;74;0;6415699;257;0
147;18;336;17;49;17;13;3.60;6;2;1;73;0;6415713;90;0
147;18;336;17;49;18;21;3.40;6;2;1;75;0;6415821;90;6415299
147;18;336;17;49;18;50;3.20;7;2;1;78;0;6415850;123;6415299
147;18;336;17;49;18;87;3.40;3;1;1;76;0;6415887;972;0
147;18;336;17;49;19;99;3.60;6;2;1;75;0;6415999;161;6415299
147;18;336;17;49;19;99;3.80;8;2;1;78;0;6415999;948;0
147;18;336;17;49;20;47;3.20;4;1;1;82;0;6416047;512;0
147;18;336;17;49;22;99;3.80;7;2;1;84;0;6416299;434;0
147;18;336;17;49;22;99;3.60;3;1;1;74;0;6416299;395;0
147;18;336;17;49;23;45;3.60;4;1;1;86;0;6416345;283;0
147;18;336;17;49;23;96;4.00;2;1;1;76;0;6416396;881;0
147;18;336;17;49;24;21;3.60;6;2;1;80;0;6416421;404;0
147;18;336;17;49;24;99;3.60;3;1;1;76;0;6416499;182;0
147;18;336;17;49;24;99;3.60;2;1;1;76;0;6416499;84;0
147;18;336;17;49;25;99;3.60;5;2;1;83;0;6416599;1385;0
147;18;336;17;49;26;90;3.60;1;1;1;82;0;6416690;1474;0
147;18;336;17;49;26;97;4.00;4;1;1;81;0;6416697;336;0
147;18;336;17;49;27;11;3.80;6;2;1;71;0;6416711;273;0
147;18;336;17;49;27;99;3.40;7;2;1;66;0;6416799;483;0
147;18;336;17;49;27;99;3.40;3;1;1;75;0;6416799;282;0
147;18;336;17;49;28;0;3.80;5;2;1;80;0;6416800;185;0
147;18;336;17;49;27;99;4.20;7;2;1;65;0;6416799;-1;0
147;18;336;17;49;29;99;3.60;2;1;1;76;0;6416999;482;0
147;18;336;17;49;29;99;3.40;4;1;1;79;0;6416999;284;0
147;18;336;17;49;29;99;3.60;3;1;1;75;0;6416999;183;0
147;18;336;17;49;29;99;3.60;6;2;1;73;0;6416999;268;0
147;18;336;17;49;29;99;4.00;8;2;1;78;0;6416999;982;0
147;18;336;17;49;29;99;3.60;5;2;1;81;0;6416999;181;0
147;18;336;17;49;29;99;3.40;7;2;1;64;0;6416999;176;0
147;18;336;17;49;30;9;3.60;3;1;1;78;0;6417009;-1;0
147;18;336;17;49;30;30;4.60;8;2;1;72;0;6417030;12;0
147;18;336;17;49;31;61;3.40;3;1;1;74;0;6417161;135;0
147;18;336;17;49;31;65;3.60;5;2;1;81;0;6417165;150;0
147;18;336;17;49;31;99;3.40;6;2;1;67;0;6417199;182;0
147;18;336;17;49;32;99;3.80;6;2;1;69;0;6417299;81;0
147;18;336;17;49;33;18;3.80;5;2;1;80;0;6417318;137;6416599
147;18;336;17;49;33;24;3.60;2;1;1;75;0;6417324;307;0
147;18;336;17;49;31;18;1.00;7;2;1;1;1;6417118;99;0
147;18;336;17;49;34;5;3.20;3;1;1;78;0;6417405;227;0
147;18;336;17;49;34;99;3.20;8;2;1;74;0;6417499;446;0
147;18;336;17;49;34;99;4.00;4;1;1;81;0;6417499;484;0
147;18;336;17;49;34;99;3.60;1;1;1;77;0;6417499;793;0
147;18;336;17;49;35;99;4.00;3;1;1;77;0;6417599;179;0
147;18;336;17;49;35;19;3.60;6;2;1;83;0;6417519;200;0
147;18;336;17;49;36;78;4.00;7;2;1;72;0;6417678;659;0
147;18;336;17;49;37;7;3.60;5;2;1;78;0;6417707;371;0
147;18;336;17;49;37;99;3.60;6;2;1;74;0;6417799;264;0
147;18;336;17;49;37;99;3.40;3;1;1;75;0;6417799;181;0
147;18;336;17;49;38;99;4.00;7;2;1;75;0;6417899;201;0
147;18;336;17;49;38;43;3.80;3;1;1;77;0;6417843;27;0
147;18;336;17;49;39;92;3.40;6;2;1;73;0;6417992;175;0
147;18;336;17;49;40;99;3.40;2;1;1;78;0;6418099;757;0
147;18;336;17;49;41;79;4.20;5;2;1;77;0;6418179;455;0
147;18;336;17;49;39;65;4.00;7;2;1;16;0;6417965;46;0
147;18;336;17;49;42;16;3.40;3;1;1;79;0;6418216;355;0
147;18;336;17;49;42;99;3.80;8;2;1;76;0;6418299;784;0
147;18;336;17;49;43;35;3.60;5;2;1;76;0;6418335;136;0
147;18;336;17;49;44;81;8.60;7;2;6;67;0;6418481;426;0
147;18;336;17;49;45;99;3.60;6;2;1;76;0;6418599;590;0
147;18;336;17;49;46;87;3.40;2;1;1;75;0;6418687;572;0
147;18;336;17;49;47;2;3.60;3;1;1;78;0;6418702;470;0
147;18;336;17;49;48;99;3.20;6;2;1;71;0;6418899;282;0
147;18;336;17;49;48;31;3.80;1;1;1;76;0;6418831;1315;0
147;18;336;17;49;48;37;3.60;4;1;1;82;0;6418837;1320;0
147;18;336;17;49;49;99;3.60;3;1;1;74;0;6418999;280;0
147;18;336;17;49;50;9;3.60;6;2;1;74;0;6419009;93;0
147;18;336;17;49;50;99;3.40;1;1;1;71;0;6419099;250;0
147;18;336;17;49;50;99;3.60;7;2;1;81;0;6419099;571;0
147;18;336;17;49;51;31;3.80;2;1;1;75;0;6419131;427;0
147;18;336;17;49;53;99;3.60;1;1;1;76;0;6419399;282;0
147;18;336;17;49;53;30;3.60;3;1;1;77;0;6419330;313;0
147;18;336;17;49;54;81;3.20;1;1;1;76;0;6419481;64;0
147;18;336;17;49;56;65;3.60;1;1;1;72;0;6419665;168;0
147;18;336;17;49;57;24;3.60;6;2;1;98;0;6419724;697;0
147;18;336;17;49;57;99;3.60;3;1;1;78;0;6419799;452;0
147;18;336;17;49;58;99;4.00;7;2;1;85;0;6419899;784;0
147;18;336;17;49;58;7;3.20;3;1;1;73;0;6419807;-1;0
147;18;336;17;49;59;57;3.60;6;2;1;82;0;6419957;219;0
147;18;336;17;50;0;19;3.80;5;2;1;92;0;6420019;1666;0
147;18;336;17;50;0;99;3.60;3;1;1;76;0;6420099;276;0
147;18;336;17;50;1;29;4.00;2;1;1;86;0;6420129;979;0
147;18;336;17;50;2;97;3.60;6;2;1;76;0;6420297;324;0
147;18;336;17;50;3;99;3.80;6;2;1;79;0;6420399;84;0
147;18;336;17;50;3;99;3.60;4;1;1;79;0;6420399;1546;0
147;18;336;17;50;4;9;4.60;5;2;1;86;0;6420409;375;0
147;18;336;17;50;4;89;4.20;7;2;1;76;0;6420489;573;0
147;18;336;17;50;4;99;3.20;2;1;1;80;0;6420499;353;0
147;18;336;17;50;5;99;3.80;5;2;1;90;0;6420599;170;0
147;18;336;17;50;6;13;3.60;5;2;1;90;0;6420613;-1;0
147;18;336;17;50;6;19;3.00;1;1;1;81;0;6420619;936;0
147;18;336;17;50;7;94;3.80;7;2;1;80;0;6420794;285;0
147;18;336;17;50;7;99;3.00;3;1;1;70;0;6420799;682;0
147;18;336;17;50;8;13;3.20;4;1;1;83;0;6420813;397;0
147;18;336;17;50;10;99;4.00;3;1;1;94;0;6421099;284;0
147;18;336;17;50;11;1;3.00;3;1;1;80;0;6421101;-1;0
147;18;336;17;50;12;96;3.80;8;2;1;75;0;6421296;2979;0
147;18;336;17;50;13;99;3.60;2;1;1;79;0;6421399;885;0
147;18;336;17;50;14;18;3.40;3;1;1;70;0;6421418;303;0
147;18;336;17;50;15;99;3.60;6;2;1;67;0;6421599;1182;0
147;18;336;17;50;15;99;3.60;2;1;1;76;0;6421599;183;0
147;18;336;17;50;15;99;3.00;6;2;1;66;0;6421599;-1;0
147;18;336;17;50;16;4;3.60;3;1;1;68;0;6421604;168;0
147;18;336;17;50;16;99;4.00;5;2;1;82;0;6421699;1071;0
147;18;336;17;50;16;7;3.80;1;1;1;77;0;6421607;974;0
147;18;336;17;50;17;50;3.60;3;1;1;68;0;6421750;126;0
147;18;336;17;50;18;16;4.60;5;2;1;83;0;6421816;99;0
147;18;336;17;50;18;99;5.00;2;1;1;74;0;6421899;282;0
147;18;336;17;50;19;7;3.20;3;1;1;70;0;6421907;137;0
147;18;336;17;50;19;17;4.60;5;2;1;83;0;6421917;81;0
147;18;336;17;50;19;99;4.80;6;2;1;74;0;6421999;383;0
147;18;336;17;50;20;99;3.80;2;1;1;75;0;6422099;175;0
147;18;336;17;50;21;99;3.80;5;2;1;80;0;6422199;262;0
147;18;336;17;50;21;99;4.00;7;2;1;81;0;6422199;1387;0
147;18;336;17;50;21;99;3.60;6;2;1;73;0;6422199;176;0
147;18;336;17;50;22;60;4.00;5;2;1;79;0;6422260;43;0
147;18;336;17;50;22;83;3.20;4;1;1;81;0;6422283;1456;0
147;18;336;17;50;23;1;3.80;6;2;1;73;0;6422301;84;0
147;18;336;17;50;23;10;3.40;5;2;1;80;0;6422310;31;0
147;18;336;17;50;23;99;3.80;2;1;1;72;0;6422399;281;0
147;18;336;17;50;24;21;3.80;4;1;1;85;0;6422421;123;0
147;18;336;17;50;24;50;3.60;3;1;1;71;0;6422450;526;0
147;18;336;17;50;26;99;3.60;7;2;1;78;0;6422699;482;0
147;18;336;17;50;26;99;3.60;3;1;1;74;0;6422699;230;0
147;18;336;17;50;27;39;2.80;6;2;1;76;0;6422739;419;0
147;18;336;17;50;28;99;3.60;6;2;1;74;0;6422899;146;0
147;18;336;17;50;28;99;3.40;1;1;1;77;0;6422899;1274;0
147;18;336;17;50;29;28;4.00;2;1;1;88;0;6422928;510;0
147;18;336;17;50;29;34;3.60;1;1;1;78;0;6422934;19;0
147;18;336;17;50;31;99;3.60;6;2;1;84;0;6423199;282;0
147;18;336;17;50;32;39;3.60;8;2;1;79;0;6423239;1924;0
147;18;336;17;50;32;49;3.00;3;1;1;76;0;6423249;532;0
147;18;336;17;50;32;79;3.60;5;2;1;91;0;6423279;953;0
147;18;336;17;50;33;99;3.80;1;1;1;84;0;6423399;448;0
147;18;336;17;50;33;99;5.60;2;1;1;72;0;6423399;454;0
147;18;336;17;50;33;99;4.00;6;2;1;78;0;6423399;184;0
147;18;336;17;50;34;10;3.80;3;1;1;74;0;6423410;146;0
147;18;336;17;50;35;75;3.60;3;1;1;76;0;6423575;146;0
147;18;336;17;50;37;7;3.60;2;1;1;76;0;6423707;280;0
147;18;336;17;50;37;39;4.00;2;1;1;69;0;6423739;14;0
147;18;336;17;50;38;6;3.40;4;1;1;79;0;6423806;1368;0
147;18;336;17;50;38;99;4.00;5;2;1;81;0;6423899;605;0
147;18;336;17;50;39;99;3.60;6;2;1;81;0;6423999;581;0
147;18;336;17;50;40;52;4.00;3;1;1;77;0;6424052;459;0
147;18;336;17;50;40;67;4.00;2;1;1;80;0;6424067;307;0
147;18;336;17;50;40;81;4.00;7;2;1;82;0;6424081;1365;0
147;18;336;17;50;40;99;3.20;6;2;1;81;0;6424099;84;0
147;18;336;17;50;41;99;3.80;7;2;1;81;0;6424199;100;0
147;18;336;17;50;41;99;3.80;5;2;1;88;0;6424199;282;0
147;18;336;17;50;41;99;3.80;8;2;1;79;0;6424199;943;0
147;18;336;17;50;42;30;3.80;3;1;1;74;0;6424230;159;0
147;18;336;17;50;43;99;3.20;3;1;1;74;0;6424399;150;0
147;18;336;17;50;44;5;3.60;8;2;1;76;0;6424405;188;0
147;18;336;17;50;45;79;3.80;5;2;1;81;0;6424579;364;0
147;18;336;17;50;48;99;3.40;2;1;1;78;0;6424899;814;0
147;18;336;17;50;48;99;5.60;5;2;1;82;0;6424899;303;0
147;18;336;17;50;49;99;3.20;6;2;1;66;0;6424999;885;0
147;18;336;17;50;50;19;3.20;3;1;1;73;0;6425019;604;0
147;18;336;17;50;50;44;3.80;4;1;1;81;0;6425044;1222;0
147;18;336;17;50;50;47;3.60;2;1;1;79;0;6425047;132;0
147;18;336;17;50;50;52;3.20;5;2;1;78;0;6425052;128;0
147;18;336;17;50;50;98;3.80;6;2;1;68;0;6425098;81;0
147;18;336;17;50;53;85;3.40;3;1;1;81;0;6425385;350;0
147;18;336;17;50;55;14;4.00;5;2;1;76;0;6425514;447;0
147;18;336;17;50;55;1;5.60;6;2;1;67;0;6425501;382;0
147;18;336;17;50;55;44;3.60;3;1;1;75;0;6425544;143;0
147;18;336;17;50;55;73;4.40;2;1;1;80;0;6425573;509;0
147;18;336;17;50;57;14;3.80;7;2;1;81;0;6425714;1498;0
147;18;336;17;50;57;25;3.40;8;2;1;68;0;6425725;1302;0
147;18;336;17;50;58;63;4.80;4;1;1;82;0;6425863;802;0
147;18;336;17;50;58;75;4.20;5;2;1;78;0;6425875;342;0
147;18;336;17;50;58;78;3.60;6;2;1;68;0;6425878;346;0
147;18;336;17;50;58;99;3.80;7;2;1;77;0;6425899;168;0
147;18;336;17;50;59;99;3.20;3;1;1;78;0;6425999;437;0
147;18;336;17;50;59;99;3.40;2;1;1;76;0;6425999;406;0
147;18;336;17;50;59;99;3.60;8;2;1;75;0;6425999;256;0
147;18;336;17;51;0;70;3.60;7;2;1;78;0;6426070;153;0
147;18;336;17;51;1;99;3.40;2;1;1;74;0;6426199;183;0
147;18;336;17;51;1;99;4.40;6;2;1;73;0;6426199;301;0
147;18;336;17;51;2;99;3.60;3;1;1;77;0;6426299;285;0
147;18;336;17;51;3;84;3.40;7;2;1;71;0;6426384;297;0
147;18;336;17;51;3;84;3.60;6;2;1;73;0;6426384;163;0
147;18;336;17;51;4;17;3.20;4;1;1;80;0;6426417;532;0
147;18;336;17;51;4;20;4.00;5;2;1;84;0;6426420;525;0
147;18;336;17;51;4;99;3.80;2;1;1;80;0;6426499;283;0
147;18;336;17;51;4;99;4.00;8;2;1;79;0;6426499;482;0
147;18;336;17;51;4;99;3.40;3;1;1;75;0;6426499;183;0
147;18;336;17;51;5;5;3.40;5;2;1;83;0;6426505;67;0
147;18;336;17;51;5;13;3.20;7;2;1;72;0;6426513;111;0
147;18;336;17;51;7;5;3.60;3;1;1;76;0;6426705;189;0
147;18;336;17;51;7;99;4.00;5;2;1;88;0;6426799;279;0
147;18;336;17;51;7;99;4.00;8;2;1;83;0;6426799;281;0
147;18;336;17;51;8;6;3.20;1;1;1;75;0;6426806;3390;0
147;18;336;17;51;7;38;8.60;7;2;2;59;0;6426738;209;0
147;18;336;17;51;8;43;3.60;2;1;1;82;0;6426843;326;0
147;18;336;17;51;10;3;3.80;4;1;1;80;0;6427003;571;0
147;18;336;17;51;10;5;3.60;1;1;1;73;0;6427005;183;0
147;18;336;17;51;11;85;3.80;7;2;1;80;0;6427185;394;0
147;18;336;17;51;11;99;3.00;3;1;1;79;0;6427199;476;0
147;18;336;17;51;11;99;4.00;2;1;1;80;0;6427199;340;0
147;18;336;17;51;11;99;3.60;6;2;1;74;0;6427199;797;0
147;18;336;17;51;11;99;3.80;4;1;1;78;0;6427199;178;0
147;18;336;17;51;12;99;3.40;1;1;1;77;0;6427299;276;0
147;18;336;17;51;13;61;3.80;2;1;1;78;0;6427361;144;0
147;18;336;17;51;13;76;3.40;7;2;1;79;0;6427376;173;0
147;18;336;17;51;14;99;3.80;8;2;1;78;0;6427499;682;0
147;18;336;17;51;15;22;3.40;2;1;1;77;0;6427522;143;0
147;18;336;17;51;15;99;4.00;6;2;1;82;0;6427599;382;0
147;18;336;17;51;15;23;3.60;4;1;1;80;0;6427523;306;0
147;18;336;17;51;16;99;3.80;6;2;1;84;0;6427699;82;0
147;18;336;17;51;19;7;3.80;4;1;1;83;0;6427907;367;0
147;18;336;17;51;18;72;6.00;8;2;1;72;0;6427872;355;0
147;18;336;17;51;19;99;3.60;3;1;1;86;0;6427999;786;0
147;18;336;17;51;19;99;3.20;5;2;1;79;0;6427999;1183;0
147;18;336;17;51;20;22;3.40;6;2;1;75;0;6428022;306;0
147;18;336;17;51;20;0;3.40;7;2;1;78;0;6428000;608;0
147;18;336;17;51;21;64;3.20;5;2;1;79;0;6428164;150;0
147;18;336;17;51;22;99;3.40;7;2;1;77;0;6428299;283;0
147;18;336;17;51;22;99;3.60;5;2;1;76;0;6428299;120;0
147;18;336;17;51;22;99;3.80;6;2;1;73;0;6428299;260;0
147;18;336;17;51;23;12;3.60;2;1;1;73;0;6428312;774;0
147;18;336;17;51;24;16;3.40;6;2;1;74;0;6428416;98;0
147;18;336;17;51;25;99;3.80;6;2;1;73;0;6428599;166;0
147;18;336;17;51;25;99;3.80;5;2;1;79;0;6428599;282;0
147;18;336;17;51;26;99;3.00;3;1;1;79;0;6428699;684;0
147;18;336;17;51;26;99;6.60;5;2;1;82;0;6428699;82;0
147;18;336;17;51;27;99;3.80;6;2;1;70;0;6428799;181;0
147;18;336;17;51;27;99;3.80;7;2;1;88;0;6428799;484;0
147;18;336;17;51;28;40;3.80;3;1;1;73;0;6428840;127;0
147;18;336;17;51;29;2;3.80;7;2;1;73;0;6428902;87;0
147;18;336;17;51;29;99;4.00;5;2;1;86;0;6428999;271;0
147;18;336;17;51;31;2;3.80;5;2;1;86;0;6429102;86;0
147;18;336;17;51;31;65;3.40;8;2;1;78;0;6429165;1263;0
147;18;336;17;51;31;97;4.60;6;2;1;69;0;6429197;378;0
147;18;336;17;51;32;99;3.40;5;2;1;89;0;6429299;181;0
147;18;336;17;51;32;99;3.20;7;2;1;69;0;6429299;378;0
147;18;336;17;51;35;99;3.60;6;2;1;74;0;6429599;378;0
147;18;336;17;51;36;5;3.60;3;1;1;80;0;6429605;746;0
147;18;336;17;51;35;99;12.00;7;2;7;76;0;6429599;283;0
147;18;336;17;51;36;81;3.20;7;2;1;73;0;6429681;25;0
147;18;336;17;51;37;4;3.40;2;1;1;79;0;6429704;1374;0
147;18;336;17;51;37;5;4.60;6;2;1;71;0;6429705;88;0
147;18;336;17;51;37;99;3.80;1;1;1;87;0;6429799;2484;0
147;18;336;17;51;39;91;3.80;5;2;1;81;0;6429991;678;0
147;18;336;17;51;40;14;3.20;6;2;1;76;0;6430014;285;0
147;18;336;17;51;40;15;3.60;3;1;1;77;0;6430015;393;0
147;18;336;17;51;40;99;3.60;5;2;1;76;0;6430099;91;0
147;18;336;17;51;41;26;3.40;7;2;1;73;0;6430126;429;0
147;18;336;17;51;42;99;3.20;6;2;1;72;0;6430299;269;0
147;18;336;17;51;42;99;3.80;5;2;1;76;0;6430299;182;0
147;18;336;17;51;43;3;3.80;7;2;1;74;0;6430303;160;0
147;18;336;17;51;43;99;3.60;1;1;1;72;0;6430399;584;0
147;18;336;17;51;44;69;3.00;3;1;1;76;0;6430469;437;0
147;18;336;17;51;44;72;3.60;1;1;1;77;0;6430472;55;0
147;18;336;17;51;44;65;5.60;2;1;1;64;0;6430465;745;0
147;18;336;17;51;44;99;4.00;5;2;1;77;0;6430499;182;0
147;18;336;17;51;44;99;6.60;6;2;1;67;0;6430499;184;0
147;18;336;17;51;45;99;3.20;4;1;1;77;0;6430599;2675;0
147;18;336;17;51;45;99;4.00;7;2;1;82;0;6430599;277;0
147;18;336;17;51;45;99;3.80;1;1;1;72;0;6430599;110;0
147;18;336;17;51;45;99;3.00;3;1;1;72;0;6430599;115;0
147;18;336;17;51;45;99;3.40;5;2;1;79;0;6430599;81;6429991
147;18;336;17;51;46;9;3.60;6;2;1;70;0;6430609;74;6429991
147;18;336;17;51;46;43;3.00;3;1;1;78;0;6430643;29;6429991
147;18;336;17;51;47;1;4.00;5;2;1;81;0;6430701;86;6429991
147;18;336;17;51;47;99;3.20;2;1;1;75;0;6430799;302;0
147;18;336;17;51;48;16;3.40;3;1;1;77;0;6430816;159;0
147;18;336;17;51;48;99;3.80;5;2;1;84;0;6430899;180;6429991
147;18;336;17;51;49;85;5.40;2;1;1;80;0;6430985;170;6429991
147;18;336;17;51;50;99;7.20;6;2;1;75;0;6431099;471;0
147;18;336;17;51;51;1;4.00;5;2;1;82;0;6431101;185;6429991
147;18;336;17;51;51;13;3.80;6;2;1;75;0;6431113;-1;6429991
147;18;336;17;51;51;99;5.80;7;2;1;74;0;6431199;582;0
147;18;336;17;51;52;99;3.60;7;2;1;74;0;6431299;71;0
147;18;336;17;51;52;99;4.20;8;2;1;84;0;6431299;2118;0
147;18;336;17;51;53;99;3.40;5;2;1;79;0;6431399;280;0
147;18;336;17;51;53;99;4.00;6;2;1;71;0;6431399;267;0
147;18;336;17;51;54;4;3.40;3;1;1;81;0;6431404;572;0
147;18;336;17;51;54;58;3.40;1;1;1;76;0;6431458;840;0
147;18;336;17;51;54;59;3.80;8;2;1;83;0;6431459;142;0
147;18;336;17;51;54;82;3.00;7;2;1;68;0;6431482;165;0
147;18;336;17;51;55;99;3.80;3;1;1;82;0;6431599;179;0
147;18;336;17;51;55;99;3.40;4;1;1;82;0;6431599;985;0
147;18;336;17;51;56;99;3.20;5;2;1;77;0;6431699;284;0
147;18;336;17;51;56;99;3.40;6;2;1;71;0;6431699;279;0
147;18;336;17;51;56;34;3.40;7;2;1;72;0;6431634;136;0
147;18;336;17;51;57;99;3.80;2;1;1;84;0;6431799;789;0
147;18;336;17;51;58;99;3.80;6;2;1;72;0;6431899;182;0
147;18;336;17;51;59;21;4.00;2;1;1;79;0;6431921;105;0
147;18;336;17;51;59;27;3.40;5;2;1;73;0;6431927;213;0
147;18;336;17;51;59;41;3.80;8;2;1;77;0;6431941;465;0
147;18;336;17;52;1;99;3.80;2;1;1;81;0;6432199;259;0
147;18;336;17;52;1;2;3.60;8;2;1;78;0;6432102;143;0
147;18;336;17;52;2;81;3.80;4;1;1;89;0;6432281;667;0
147;18;336;17;52;2;85;3.60;2;1;1;68;0;6432285;69;0
147;18;336;17;52;2;99;3.40;8;2;1;82;0;6432299;180;0
147;18;336;17;52;3;22;3.80;5;2;1;86;0;6432322;378;0
147;18;336;17;52;5;6;3.20;6;2;1;72;0;6432506;588;0
147;18;336;17;52;5;99;3.60;2;1;1;80;0;6432599;294;0
147;18;336;17;52;6;99;3.40;6;2;1;71;0;6432699;177;0
147;18;336;17;52;6;10;4.00;3;1;1;67;0;6432610;994;0
147;18;336;17;52;7;15;3.40;5;2;1;81;0;6432715;377;0
147;18;336;17;52;7;99;3.80;4;1;1;83;0;6432799;502;0
147;18;336;17;52;8;99;3.00;3;1;1;69;0;6432899;267;0
147;18;336;17;52;8;99;3.60;7;2;1;71;0;6432899;1248;0
147;18;336;17;52;9;60;3.40;3;1;1;69;0;6432960;45;0
147;18;336;17;52;10;15;3.60;6;2;1;77;0;6433015;298;0
147;18;336;17;52;10;22;3.60;5;2;1;79;0;6433022;291;0
147;18;336;17;52;10;99;3.80;7;2;1;78;0;6433099;181;0
147;18;336;17;52;11;3;3.40;4;1;1;80;0;6433103;287;0
147;18;336;17;52;11;99;3.00;2;1;1;68;0;6433199;583;0
147;18;336;17;52;11;99;3.80;5;2;1;80;0;6433199;160;0
147;18;336;17;52;12;13;3.60;6;2;1;79;0;6433213;181;0
147;18;336;17;52;11;94;7.60;3;1;6;69;0;6433194;216;0
147;18;336;17;52;12;82;3.40;7;2;1;75;0;6433282;165;0
147;18;336;17;52;12;99;3.80;1;1;1;76;0;6433299;1824;0
147;18;336;17;52;12;99;3.40;2;1;1;70;0;6433299;84;0
147;18;336;17;52;13;99;3.00;3;1;1;71;0;6433399;165;0
147;18;336;17;52;13;99;3.60;7;2;1;75;0;6433399;100;0
147;18;336;17;52;14;3;3.60;4;1;1;75;0;6433403;284;0
147;18;336;17;52;14;36;3.80;8;2;1;78;0;6433436;1122;0
147;18;336;17;52;15;93;3.40;6;2;1;75;0;6433593;363;0
147;18;336;17;52;15;99;3.40;1;1;1;74;0;6433599;282;0
147;18;336;17;52;16;99;11.80;6;2;7;79;0;6433699;89;0
147;18;336;17;52;17;86;3.80;2;1;1;78;0;6433786;469;0
147;18;336;17;52;19;4;3.80;3;1;1;84;0;6433904;489;0
147;18;336;17;52;19;99;3.60;4;1;1;80;0;6433999;578;0
147;18;336;17;52;19;15;4.20;8;2;1;82;0;6433915;461;0
147;18;336;17;52;20;19;3.60;1;1;1;88;0;6434019;403;0
147;18;336;17;52;20;99;3.40;2;1;1;76;0;6434099;295;0
147;18;336;17;52;21;99;3.80;7;2;1;81;0;6434199;782;0
147;18;336;17;52;24;16;3.60;5;2;1;89;0;6434416;1199;0
147;18;336;17;52;25;11;3.60;6;2;1;82;0;6434511;758;0
147;18;336;17;52;24;70;15.00;7;2;5;73;0;6434470;254;0
147;18;336;17;52;25;80;6.60;4;1;1;73;0;6434580;564;0
147;18;336;17;52;26;99;3.00;3;1;1;71;0;6434699;778;0
147;18;336;17;52;27;1;3.60;6;2;1;77;0;6434701;174;0
147;18;336;17;52;28;99;4.80;7;2;1;74;0;6434899;355;0
147;18;336;17;52;29;99;3.60;7;2;1;78;0;6434999;76;0
147;18;336;17;52;30;92;3.60;6;2;1;75;0;6435092;374;0
147;18;336;17;52;31;8;3.80;7;2;1;78;0;6435108;92;0
147;18;336;17;52;31;99;3.60;3;1;1;69;0;6435199;484;0
147;18;336;17;52;34;22;4.00;7;2;1;92;0;6435422;296;0
147;18;336;17;52;34;99;3.60;5;2;1;77;0;6435499;1068;0
147;18;336;17;52;34;99;3.60;3;1;1;78;0;6435499;281;0
147;18;336;17;52;34;99;3.80;6;2;1;75;0;6435499;389;0
147;18;336;17;52;35;79;4.00;1;1;1;83;0;6435579;1545;0
147;18;336;17;52;36;1;3.40;7;2;1;78;0;6435601;163;0
147;18;336;17;52;36;99;2.80;4;1;1;82;0;6435699;1086;0
147;18;336;17;52;37;6;3.80;6;2;1;64;0;6435706;188;0
147;18;336;17;52;38;99;3.40;5;2;1;81;0;6435899;383;0
147;18;336;17;52;39;99;3.20;6;2;1;64;0;6435999;271;0
147;18;336;17;52;39;99;4.00;1;1;1;81;0;6435999;402;0
147;18;336;17;52;40;1;4.00;3;1;1;69;0;6436001;485;0
147;18;336;17;52;40;32;3.00;6;2;1;70;0;6436032;15;0
147;18;336;17;52;41;99;3.60;3;1;1;69;0;6436199;177;0
147;18;336;17;52;42;99;3.60;6;2;1;73;0;6436299;251;0
147;18;336;17;52;42;26;4.60;4;1;1;75;0;6436226;514;0
147;18;336;17;52;43;10;3.80;7;2;1;77;0;6436310;693;0
147;18;336;17;52;43;99;3.80;1;1;1;89;0;6436399;382;0
147;18;336;17;52;43;99;3.20;3;1;1;67;0;6436399;181;0
147;18;336;17;52;44;99;3.00;6;2;1;73;0;6436499;182;0
147;18;336;17;52;44;99;4.00;4;1;1;79;0;6436499;250;0
147;18;336;17;52;44;99;3.40;7;2;1;75;0;6436499;171;0
147;18;336;17;52;44;99;4.00;5;2;1;91;0;6436499;584;0
147;18;336;17;52;44;99;4.00;3;1;1;69;0;6436499;82;0
147;18;336;17;52;45;9;3.00;2;1;1;61;0;6436509;2393;0
147;18;336;17;52;46;99;3.60;1;1;1;86;0;6436699;284;0
147;18;336;17;52;46;99;4.00;4;1;1;79;0;6436699;181;0
147;18;336;17;52;46;99;4.00;6;2;1;74;0;6436699;185;0
147;18;336;17;52;46;99;3.60;3;1;1;62;0;6436699;179;6436001
147;18;336;17;52;47;99;3.80;5;2;1;78;0;6436799;284;0
147;18;336;17;52;47;7;3.60;6;2;1;73;0;6436707;-1;0
147;18;336;17;52;49;99;3.40;4;1;1;80;0;6436999;281;0
147;18;336;17;52;49;99;3.20;6;2;1;72;0;6436999;274;0
147;18;336;17;52;49;99;3.20;7;2;1;76;0;6436999;483;0
147;18;336;17;52;50;24;3.00;2;1;1;74;0;6437024;497;0
147;18;336;17;52;50;32;3.80;4;1;1;81;0;6437032;17;0
147;18;336;17;52;50;66;3.20;6;2;1;74;0;6437066;51;0
147;18;336;17;52;51;99;3.40;4;1;1;79;0;6437199;150;0
147;18;336;17;52;51;99;4.00;5;2;1;81;0;6437199;382;0
147;18;336;17;52;52;20;3.20;6;2;1;72;0;6437220;138;0
147;18;336;17;52;52;99;3.60;2;1;1;82;0;6437299;260;0
147;18;336;17;52;52;58;17.80;5;2;4;80;0;6437258;41;0
147;18;336;17;52;53;49;3.40;6;2;1;71;0;6437349;113;0
147;18;336;17;52;53;99;3.80;4;1;1;82;0;6437399;184;0
147;18;336;17;52;54;99;3.80;5;2;1;79;0;6437499;160;0
147;18;336;17;52;54;99;3.80;3;1;1;69;0;6437499;779;0
147;18;336;17;52;54;99;4.00;7;2;1;74;0;6437499;484;0
147;18;336;17;52;55;8;3.80;4;1;1;83;0;6437508;92;6436999
147;18;336;17;52;56;2;4.00;5;2;1;81;0;6437602;85;6436999
147;18;336;17;52;55;52;3.60;6;2;1;67;0;6437552;185;6436999
147;18;336;17;52;56;99;3.40;2;1;1;73;0;6437699;384;0
147;18;336;17;52;57;10;3.60;4;1;1;83;0;6437710;185;6436999
147;18;336;17;52;57;99;3.00;6;2;1;68;0;6437799;227;0
147;18;336;17;52;57;99;3.40;5;2;1;76;0;6437799;179;6437199
147;18;336;17;52;57;99;6.20;4;1;1;84;0;6437799;73;6436999
147;18;336;17;52;58;79;3.60;7;2;1;70;0;6437879;360;0
147;18;336;17;52;59;10;3.40;3;1;1;75;0;6437910;391;0
147;18;336;17;52;59;99;3.60;6;2;1;67;0;6437999;184;0
147;18;336;17;53;1;71;3.40;3;1;1;73;0;6438171;244;0
147;18;336;17;53;1;99;3.20;4;1;1;82;0;6438199;373;0
147;18;336;17;53;2;11;3.00;6;2;1;69;0;6438211;192;0
147;18;336;17;53;3;13;3.40;4;1;1;75;0;6438313;99;0
147;18;336;17;53;3;11;3.20;3;1;1;70;0;6438311;123;0
147;18;336;17;53;3;18;3.20;6;2;1;63;0;6438318;91;0
147;18;336;17;53;4;0;3.80;5;2;1;77;0;6438400;584;0
147;18;336;17;53;4;99;3.60;6;2;1;64;0;6438499;162;6437799
147;18;336;17;53;4;99;3.40;4;1;1;75;0;6438499;169;6437799
147;18;336;17;53;4;99;3.40;3;1;1;69;0;6438499;171;6437799
147;18;336;17;53;5;18;3.60;1;1;1;81;0;6438518;1803;0
147;18;336;17;53;5;99;3.20;5;2;1;75;0;6438599;181;0
147;18;336;17;53;5;35;3.80;3;1;1;69;0;6438535;18;0
147;18;336;17;53;6;13;3.00;6;2;1;65;0;6438613;93;6437799
147;18;336;17;53;7;99;3.60;5;2;1;79;0;6438799;184;6437799
147;18;336;17;53;7;99;2.60;6;2;1;67;0;6438799;169;6437799
147;18;336;17;53;8;32;3.40;3;1;1;71;0;6438832;277;0
147;18;336;17;53;9;6;3.60;7;2;1;70;0;6438906;1008;0
147;18;336;17;53;9;99;3.40;3;1;1;72;0;6438999;149;0
147;18;336;17;53;10;99;7.00;2;1;1;76;0;6439099;1383;0
147;18;336;17;53;10;21;3.40;6;2;1;67;0;6439021;208;0
147;18;336;17;53;11;84;3.60;5;2;1;76;0;6439184;368;0
147;18;336;17;53;12;99;3.60;6;2;1;69;0;6439299;259;0
147;18;336;17;53;13;39;3.80;6;2;1;67;0;6439339;21;0
147;18;336;17;53;13;28;12.40;7;2;2;75;0;6439328;403;0
147;18;336;17;53;15;99;3.60;3;1;1;80;0;6439599;583;0
147;18;336;17;53;16;7;3.20;8;2;1;76;0;6439607;5673;0
147;18;336;17;53;17;99;5.20;7;2;1;67;0;6439799;411;0
147;18;336;17;53;18;5;2.80;6;2;1;73;0;6439805;445;0
147;18;336;17;53;18;0;3.80;8;2;1;79;0;6439800;177;0
147;18;336;17;53;18;19;5.00;3;1;1;78;0;6439819;203;0
147;18;336;17;53;19;99;4.00;3;1;1;82;0;6439999;156;0
147;18;336;17;53;20;99;5.60;2;1;1;76;0;6440099;966;0
147;18;336;17;53;20;99;3.60;1;1;1;83;0;6440099;1565;0
147;18;336;17;53;21;8;3.40;6;2;1;71;0;6440108;289;0
147;18;336;17;53;21;27;3.20;4;1;1;87;0;6440127;1611;0
147;18;336;17;53;22;99;3.60;5;2;1;79;0;6440299;1097;0
147;18;336;17;53;22;99;3.60;6;2;1;69;0;6440299;173;0
147;18;336;17;53;23;36;3.60;3;1;1;79;0;6440336;319;0
147;18;336;17;53;23;34;3.80;8;2;1;71;0;6440334;516;0
147;18;336;17;53;25;14;3.60;6;2;1;82;0;6440514;196;0
147;18;336;17;53;25;17;3.60;3;1;1;77;0;6440517;164;0
147;18;336;17;53;27;7;4.00;6;2;1;77;0;6440707;177;0
147;18;336;17;53;28;13;3.80;6;2;1;77;0;6440813;87;6440108
147;18;336;17;53;29;63;3.20;3;1;1;78;0;6440963;429;0
147;18;336;17;53;30;99;3.40;2;1;1;77;0;6441099;973;0
147;18;336;17;53;30;99;3.40;4;1;1;78;0;6441099;958;0
147;18;336;17;53;31;29;3.60;1;1;1;89;0;6441129;1014;0
147;18;336;17;53;31;16;3.40;6;2;1;79;0;6441116;285;0
147;18;336;17;53;31;15;3.80;8;2;1;84;0;6441115;761;0
147;18;336;17;53;31;68;3.60;5;2;1;79;0;6441168;852;0
147;18;336;17;53;33;99;3.80;5;2;1;83;0;6441399;214;0
147;18;336;17;53;33;99;6.40;7;2;1;72;0;6441399;1572;0
147;18;336;17;53;33;18;3.60;6;2;1;73;0;6441318;186;0
147;18;336;17;53;35;21;3.20;5;2;1;80;0;6441521;105;0
147;18;336;17;53;37;10;3.80;3;1;1;81;0;6441710;732;0
147;18;336;17;53;37;99;3.80;4;1;1;83;0;6441799;684;0
147;18;336;17;53;37;99;3.40;5;2;1;83;0;6441799;263;0
147;18;336;17;53;38;99;3.20;6;2;1;80;0;6441899;563;0
147;18;336;17;53;38;99;3.40;5;2;1;82;0;6441899;85;0
147;18;336;17;53;39;58;3.40;6;2;1;82;0;6441958;44;0
147;18;336;17;53;39;94;3.80;4;1;1;88;0;6441994;178;0
147;18;336;17;53;39;63;4.00;7;2;1;17;0;6441963;532;0
147;18;336;17;53;41;40;3.80;5;2;1;85;0;6442140;226;0
147;18;336;17;53;42;85;4.00;6;2;1;81;0;6442285;312;0
147;18;336;17;53;43;15;3.80;5;2;1;83;0;6442315;158;0
147;18;336;17;53;43;99;3.80;2;1;1;75;0;6442399;1284;0
147;18;336;17;53;45;99;4.00;4;1;1;80;0;6442599;589;0
147;18;336;17;53;46;3;3.20;6;2;1;87;0;6442603;300;0
147;18;336;17;53;46;0;4.00;3;1;1;85;0;6442600;873;0
147;18;336;17;53;47;99;3.80;6;2;1;85;0;6442799;182;0
147;18;336;17;53;49;23;3.00;2;1;1;81;0;6442923;505;0
147;18;336;17;53;50;18;4.00;3;1;1;81;0;6443018;401;0
147;18;336;17;53;49;97;4.20;8;2;1;50;0;6442997;1865;0
147;18;336;17;53;52;99;3.40;2;1;1;76;0;6443299;362;0
147;18;336;17;53;53;99;3.40;6;2;1;86;0;6443399;583;0
147;18;336;17;53;56;99;4.20;1;1;1;67;0;6443699;2555;0
147;18;336;17;53;57;7;3.80;6;2;1;81;0;6443707;293;0
147;18;336;17;53;57;52;5.40;4;1;1;91;0;6443752;1135;0
147;18;336;17;53;59;13;3.80;6;2;1;79;0;6443913;189;0
147;18;336;17;54;0;99;4.80;5;2;1;82;0;6444099;1767;0
147;18;336;17;54;2;66;3.40;6;2;1;67;0;6444266;335;0
147;18;336;17;54;3;99;3.40;3;1;1;76;0;6444399;1363;0
147;18;336;17;54;3;99;3.80;8;2;1;78;0;6444399;1371;0
147;18;336;17;54;3;99;3.20;2;1;1;73;0;6444399;1083;0
147;18;336;17;54;4;8;3.40;6;2;1;67;0;6444408;123;0
147;18;336;17;54;4;43;3.80;5;2;1;82;0;6444443;322;0
147;18;336;17;54;5;9;3.00;2;1;1;75;0;6444509;94;0
147;18;336;17;54;5;1;4.00;6;2;1;66;0;6444501;74;0
147;18;336;17;54;6;18;3.60;3;1;1;79;0;6444618;202;0
147;18;336;17;54;8;99;3.60;3;1;1;76;0;6444899;264;0
147;18;336;17;54;8;99;3.60;6;2;1;75;0;6444899;376;0
147;18;336;17;54;9;99;3.00;3;1;1;75;0;6444999;82;0
147;18;336;17;54;10;86;3.60;7;2;1;75;0;6445086;3038;0
147;18;336;17;54;10;85;3.60;1;1;1;66;0;6445085;1363;0
147;18;336;17;54;10;98;3.60;6;2;1;79;0;6445098;181;0
147;18;336;17;54;11;3;3.80;3;1;1;75;0;6445103;89;0
147;18;336;17;54;12;53;3.00;3;1;1;73;0;6445253;131;0
147;18;336;17;54;13;26;4.00;6;2;1;83;0;6445326;211;0
147;18;336;17;54;13;92;3.80;2;1;1;66;0;6445392;868;0
147;18;336;17;54;13;99;4.20;4;1;1;80;0;6445399;1625;0
147;18;336;17;54;13;99;3.60;2;1;1;68;0;6445399;-1;0
147;18;336;17;54;14;7;4.00;5;2;1;76;0;6445407;947;0
147;18;336;17;54;14;99;4.60;1;1;1;75;0;6445499;394;0
147;18;336;17;54;15;64;3.20;6;2;1;58;0;6445564;220;0
147;18;336;17;54;15;77;5.60;2;1;1;73;0;6445577;158;0
147;18;336;17;54;16;20;4.20;7;2;1;82;0;6445620;516;0
147;18;336;17;54;16;99;3.60;2;1;1;72;0;6445699;94;0
147;18;336;17;54;16;99;3.40;6;2;1;60;0;6445699;115;0
147;18;336;17;54;18;94;3.60;1;1;1;72;0;6445894;372;0
147;18;336;17;54;18;97;3.40;6;2;1;61;0;6445897;177;0
147;18;336;17;54;18;99;4.80;7;2;1;75;0;6445899;260;0
147;18;336;17;54;18;99;3.20;3;1;1;75;0;6445899;631;0
147;18;336;17;54;19;99;6.60;2;1;1;73;0;6445999;282;0
147;18;336;17;54;20;40;4.60;3;1;1;80;0;6446040;125;0
147;18;336;17;54;20;99;3.60;2;1;1;71;0;6446099;67;0
147;18;336;17;54;22;99;4.00;1;1;1;80;0;6446299;387;0
147;18;336;17;54;22;99;3.80;5;2;1;79;0;6446299;873;0
147;18;336;17;54;22;9;3.60;2;1;1;71;0;6446209;91;0
147;18;336;17;54;23;99;3.00;2;1;1;70;0;6446399;171;0
147;18;336;17;54;23;99;3.40;3;1;1;74;0;6446399;338;0
147;18;336;17;54;23;99;4.00;5;2;1;80;0;6446399;82;0
147;18;336;17;54;24;99;3.60;6;2;1;74;0;6446499;581;0
147;18;336;17;54;24;99;3.80;7;2;1;67;0;6446499;576;0
147;18;336;17;54;25;19;3.80;7;2;1;70;0;6446519;-1;0
147;18;336;17;54;25;43;2.80;6;2;1;77;0;6446543;26;0
147;18;336;17;54;25;66;5.00;8;2;1;66;0;6446566;2149;0
147;18;336;17;54;27;99;3.80;5;2;1;81;0;6446799;382;0
147;18;336;17;54;28;19;4.40;4;1;1;78;0;6446819;1401;0
147;18;336;17;54;28;19;3.60;3;1;1;72;0;6446819;403;0
147;18;336;17;54;28;99;3.40;3;1;1;77;0;6446899;62;0
147;18;336;17;54;29;6;3.40;8;2;1;64;0;6446906;312;0
147;18;336;17;54;29;99;4.00;5;2;1;81;0;6446999;183;0
147;18;336;17;54;29;99;3.20;7;2;1;74;0;6446999;460;0
147;18;336;17;54;29;99;3.80;3;1;1;73;0;6446999;84;0
147;18;336;17;54;30;85;3.40;3;1;1;73;0;6447085;67;0
147;18;336;17;54;31;7;3.60;6;2;1;71;0;6447107;550;0
147;18;336;17;54;32;99;3.60;3;1;1;70;0;6447299;197;6446819
147;18;336;17;54;33;61;3.20;6;2;1;73;0;6447361;235;0
147;18;336;17;54;33;99;4.00;8;2;1;77;0;6447399;473;0
147;18;336;17;54;34;99;3.40;6;2;1;69;0;6447499;122;0
147;18;336;17;54;35;13;3.40;3;1;1;80;0;6447513;195;6446819
147;18;336;17;54;36;99;3.60;5;2;1;80;0;6447699;682;0
147;18;336;17;54;36;99;12.20;8;2;3;72;0;6447699;281;0
147;18;336;17;54;38;93;3.80;5;2;1;81;0;6447893;177;0
147;18;336;17;54;38;99;2.80;8;2;1;69;0;6447899;139;0
147;18;336;17;54;40;14;3.60;6;2;1;80;0;6448014;497;0
147;18;336;17;54;42;99;3.00;6;2;1;78;0;6448299;268;0
147;18;336;17;54;45;9;3.60;3;1;1;80;0;6448509;980;0
147;18;336;17;54;45;14;3.60;7;2;1;78;0;6448514;1499;0
147;18;336;17;54;46;19;3.40;6;2;1;82;0;6448619;306;0
147;18;336;17;54;47;99;3.60;4;1;1;81;0;6448799;1959;0
147;18;336;17;54;48;53;3.80;3;1;1;75;0;6448853;327;0
147;18;336;17;54;48;97;3.60;6;2;1;76;0;6448897;263;0
147;18;336;17;54;49;99;3.60;3;1;1;88;0;6448999;127;0
147;18;336;17;54;53;21;3.60;3;1;1;86;0;6449321;307;0
147;18;336;17;54;53;0;3.40;7;2;1;60;0;6449300;769;0
147;18;336;17;54;53;17;3.80;6;2;1;76;0;6449317;402;0
147;18;336;17;54;54;99;4.00;5;2;1;80;0;6449499;1589;0
147;18;336;17;54;55;12;3.20;3;1;1;83;0;6449512;175;0
147;18;336;17;54;55;99;3.80;6;2;1;70;0;6449599;264;0
147;18;336;17;54;53;78;4.00;7;2;1;14;0;6449378;57;0
147;18;336;17;54;56;91;3.80;8;2;1;76;0;6449691;1777;0
147;18;336;17;54;57;99;3.80;6;2;1;73;0;6449799;180;0
147;18;336;17;54;57;99;3.60;4;1;1;80;0;6449799;984;0
147;18;336;17;54;58;13;3.40;5;2;1;75;0;6449813;296;0
147;18;336;17;54;58;36;4.40;5;2;1;71;0;6449836;6;0
147;18;336;17;54;58;66;3.40;3;1;1;77;0;6449866;340;0
147;18;336;17;54;59;99;4.40;7;2;1;65;0;6449999;518;0
147;18;336;17;55;0;22;3.00;6;2;1;73;0;6450022;204;0
147;18;336;17;55;0;99;4.00;5;2;1;77;0;6450099;240;0
147;18;336;17;55;0;99;3.60;3;1;1;79;0;6450099;217;0
147;18;336;17;55;1;48;3.20;4;1;1;82;0;6450148;332;0
147;18;336;17;55;1;99;3.60;4;1;1;79;0;6450199;36;0
147;18;336;17;55;2;3;3.80;5;2;1;81;0;6450203;85;0
147;18;336;17;55;2;99;3.00;2;1;1;68;0;6450299;3884;0
147;18;336;17;55;2;99;3.40;6;2;1;71;0;6450299;262;0
147;18;336;17;55;3;20;3.40;5;2;1;79;0;6450320;100;0
147;18;336;17;55;4;99;3.20;7;2;1;75;0;6450499;475;0
147;18;336;17;55;4;99;3.80;5;2;1;81;0;6450499;163;0
147;18;336;17;55;5;99;3.40;7;2;1;76;0;6450599;84;0
147;18;336;17;55;6;13;4.20;3;1;1;93;0;6450613;497;0
147;18;336;17;55;6;21;4.00;5;2;1;84;0;6450621;105;6450099
147;18;336;17;55;6;43;3.80;8;2;1;81;0;6450643;934;0
147;18;336;17;55;6;86;3.00;6;2;1;69;0;6450686;369;0
147;18;336;17;55;7;99;3.60;6;2;1;71;0;6450799;97;0
147;18;336;17;55;8;12;3.60;3;1;1;75;0;6450812;182;0
147;18;336;17;55;8;46;3.80;6;2;1;68;0;6450846;28;0
147;18;336;17;55;9;99;3.00;3;1;1;74;0;6450999;169;0
147;18;336;17;55;10;99;3.60;2;1;1;77;0;6451099;784;0
147;18;336;17;55;11;7;3.40;3;1;1;72;0;6451107;93;0
147;18;336;17;55;11;32;4.00;6;2;1;68;0;6451132;265;0
147;18;336;17;55;11;79;3.60;8;2;1;76;0;6451179;519;0
147;18;336;17;55;11;84;3.60;2;1;1;80;0;6451184;68;0
147;18;336;17;55;12;99;3.40;3;1;1;69;0;6451299;175;6450613
147;18;336;17;55;12;99;3.60;8;2;1;73;0;6451299;102;6450613
147;18;336;17;55;13;6;3.60;1;1;1;80;0;6451306;4989;0
147;18;336;17;55;13;21;3.20;6;2;1;76;0;6451321;167;0
147;18;336;17;55;15;24;3.80;5;2;1;83;0;6451524;885;0
147;18;336;17;55;15;99;4.00;7;2;1;83;0;6451599;983;0
147;18;336;17;55;16;34;2.80;6;2;1;77;0;6451634;297;0
147;18;336;17;55;17;99;3.40;5;2;1;78;0;6451799;258;0
147;18;336;17;55;17;99;3.80;8;2;1;86;0;6451799;482;0
147;18;336;17;55;18;99;3.40;6;2;1;74;0;6451899;251;0
147;18;336;17;55;18;99;3.80;3;1;1;83;0;6451899;582;0
147;18;336;17;55;18;99;3.40;4;1;1;79;0;6451899;1683;0
147;18;336;17;55;19;13;3.40;7;2;1;79;0;6451913;296;0
147;18;336;17;55;19;14;4.00;1;1;1;74;0;6451914;591;0
147;18;336;17;55;20;99;3.60;5;2;1;83;0;6452099;284;0
147;18;336;17;55;20;99;3.60;7;2;1;79;0;6452099;170;0
147;18;336;17;55;21;60;3.80;6;2;1;79;0;6452160;244;0
147;18;336;17;55;22;0;5.40;7;2;1;78;0;6452200;84;0
147;18;336;17;55;22;99;3.40;2;1;1;71;0;6452299;1098;0
147;18;336;17;55;24;7;3.80;2;1;1;66;0;6452407;90;0
147;18;336;17;55;24;65;2.80;7;2;1;78;0;6452465;240;0
147;18;336;17;55;24;88;3.40;6;2;1;73;0;6452488;310;0
147;18;336;17;55;24;99;3.60;3;1;1;72;0;6452499;583;0
147;18;336;17;55;25;11;3.00;2;1;1;62;0;6452511;83;0
147;18;336;17;55;25;99;3.80;4;1;1;81;0;6452599;684;0
147;18;336;17;55;26;16;4.00;3;1;1;71;0;6452616;99;0
147;18;336;17;55;26;38;3.60;4;1;1;76;0;6452638;22;0
147;18;336;17;55;27;89;6.20;7;2;1;72;0;6452789;311;0
147;18;336;17;55;28;99;3.20;4;1;1;76;0;6452899;243;0
147;18;336;17;55;29;0;3.40;6;2;1;79;0;6452900;395;0
147;18;336;17;55;29;8;3.60;1;1;1;71;0;6452908;974;0
147;18;336;17;55;29;71;4.20;4;1;1;76;0;6452971;56;0
147;18;336;17;55;29;92;3.00;2;1;1;79;0;6452992;463;0
147;18;336;17;55;29;99;3.20;5;2;1;84;0;6452999;884;0
147;18;336;17;55;31;6;3.80;2;1;1;78;0;6453106;100;0
147;18;336;17;55;32;99;3.60;5;2;1;87;0;6453299;286;0
147;18;336;17;55;33;8;3.00;6;2;1;79;0;6453308;392;0
147;18;336;17;55;36;99;5.20;6;2;1;73;0;6453699;377;0
147;18;336;17;55;36;18;3.20;5;2;1;82;0;6453618;304;0
147;18;336;17;55;36;25;3.40;2;1;1;79;0;6453625;501;0
147;18;336;17;55;37;93;3.40;3;1;1;73;0;6453793;1156;0
147;18;336;17;55;38;6;3.60;1;1;1;92;0;6453806;879;0
147;18;336;17;55;38;0;3.20;2;1;1;76;0;6453800;159;0
147;18;336;17;55;38;14;3.80;4;1;1;86;0;6453814;823;0
147;18;336;17;55;38;99;3.40;5;2;1;82;0;6453899;266;0
147;18;336;17;55;38;99;3.60;3;1;1;75;0;6453899;89;0
147;18;336;17;55;38;99;5.40;6;2;1;76;0;6453899;174;0
147;18;336;17;55;37;99;1.00;7;2;1;1;1;6453799;979;0
147;18;336;17;55;40;99;3.80;4;1;1;81;0;6454099;269;0
147;18;336;17;55;41;99;4.00;6;2;1;71;0;6454199;274;0
147;18;336;17;55;41;99;3.60;5;2;1;77;0;6454199;285;0
147;18;336;17;55;41;2;3.80;3;1;1;83;0;6454102;185;0
147;18;336;17;55;42;13;3.60;4;1;1;88;0;6454213;97;0
147;18;336;17;55;42;46;3.80;7;2;1;77;0;6454246;1426;0
147;18;336;17;55;42;89;5.40;2;1;1;79;0;6454289;473;0
147;18;336;17;55;43;99;3.60;6;2;1;73;0;6454399;179;0
147;18;336;17;55;43;99;3.80;5;2;1;86;0;6454399;183;0
147;18;336;17;55;44;23;3.80;6;2;1;74;0;6454423;6;0
147;18;336;17;55;44;19;5.20;3;1;1;71;0;6454419;300;0
147;18;336;17;55;46;99;3.40;3;1;1;72;0;6454699;253;0
147;18;336;17;55;46;99;3.80;6;2;1;73;0;6454699;257;0
147;18;336;17;55;46;99;3.40;1;1;1;76;0;6454699;878;0
147;18;336;17;55;46;89;7.00;7;2;1;58;0;6454689;425;0
147;18;336;17;55;48;99;3.80;6;2;1;77;0;6454899;181;0
147;18;336;17;55;49;11;3.40;3;1;1;70;0;6454911;195;0
147;18;336;17;55;50;15;3.80;5;2;1;82;0;6455015;600;0
147;18;336;17;55;48;58;4.00;7;2;1;19;0;6454858;125;0
147;18;336;17;55;50;99;3.20;3;1;1;71;0;6455099;170;0
147;18;336;17;55;51;21;3.60;5;2;1;83;0;6455121;89;0
147;18;336;17;55;51;99;3.40;2;1;1;77;0;6455199;885;0
147;18;336;17;55;51;99;4.00;3;1;1;69;0;6455199;83;0
147;18;336;17;55;52;88;6.00;2;1;1;74;0;6455288;73;0
147;18;336;17;55;53;20;3.80;7;2;1;82;0;6455320;386;0
147;18;336;17;55;53;99;3.60;6;2;1;84;0;6455399;482;0
147;18;336;17;55;53;99;4.00;2;1;1;74;0;6455399;81;0
147;18;336;17;55;55;9;3.80;3;1;1;78;0;6455509;289;0
147;18;336;17;55;54;5;5.80;7;2;1;32;0;6455405;68;0
147;18;336;17;55;55;85;3.40;2;1;1;79;0;6455585;166;0
147;18;336;17;55;56;99;4.00;3;1;1;81;0;6455699;172;0
147;18;336;17;55;56;99;3.60;6;2;1;80;0;6455699;284;0
147;18;336;17;55;57;12;3.20;3;1;1;77;0;6455712;-1;0
147;18;336;17;55;57;61;4.00;5;2;1;88;0;6455761;624;0
147;18;336;17;55;57;85;2.80;6;2;1;76;0;6455785;69;0
147;18;336;17;55;58;99;3.60;4;1;1;78;0;6455899;1671;0
147;18;336;17;55;58;99;3.60;3;1;1;72;0;6455899;172;0
147;18;336;17;56;0;0;3.20;2;1;1;77;0;6456000;399;0
147;18;336;17;56;0;1;3.60;3;1;1;72;0;6456001;84;6455509
147;18;336;17;56;0;9;3.20;6;2;1;74;0;6456009;210;0
147;18;336;17;56;0;99;3.40;5;2;1;75;0;6456099;321;0
147;18;336;17;56;1;2;3.60;2;1;1;76;0;6456102;87;0
147;18;336;17;56;1;99;3.80;1;1;1;77;0;6456199;1483;0
147;18;336;17;56;1;99;4.00;7;2;1;78;0;6456199;728;0
147;18;336;17;56;2;47;3.60;5;2;1;84;0;6456247;131;0
147;18;336;17;56;3;2;3.00;2;1;1;75;0;6456302;182;0
147;18;336;17;56;5;45;4.60;3;1;1;78;0;6456545;526;0
147;18;336;17;56;8;16;3.80;3;1;1;73;0;6456816;249;0
147;18;336;17;56;9;7;4.20;5;2;1;87;0;6456907;644;0
147;18;336;17;56;10;51;3.40;6;2;1;78;0;6457051;1026;0
147;18;336;17;56;10;60;3.60;5;2;1;82;0;6457060;135;0
147;18;336;17;56;11;99;3.40;3;1;1;70;0;6457199;364;0
147;18;336;17;56;12;16;4.00;5;2;1;82;0;6457216;140;0
147;18;336;17;56;12;9;3.20;8;2;1;75;0;6457209;5394;0
147;18;336;17;56;12;28;4.00;2;1;1;80;0;6457228;911;0
147;18;336;17;56;13;99;4.00;8;2;1;71;0;6457399;174;0
147;18;336;17;56;14;99;3.40;6;2;1;80;0;6457499;432;0
147;18;336;17;56;14;99;3.60;3;1;1;72;0;6457499;282;0
147;18;336;17;56;15;94;4.00;7;2;1;86;0;6457594;1376;0
147;18;336;17;56;15;88;4.00;3;1;1;72;0;6457588;71;0
147;18;336;17;56;16;99;4.20;8;2;1;75;0;6457699;279;0
147;18;336;17;56;16;99;4.40;2;1;1;76;0;6457699;453;0
147;18;336;17;56;16;99;3.40;6;2;1;78;0;6457699;184;0
147;18;336;17;56;17;99;3.40;3;1;1;72;0;6457799;191;0
147;18;336;17;56;17;99;3.20;4;1;1;79;0;6457799;1883;0
147;18;336;17;56;17;22;3.60;5;2;1;80;0;6457722;488;0
147;18;336;17;56;19;99;4.80;7;2;1;87;0;6457999;388;0
147;18;336;17;56;19;99;3.40;2;1;1;67;0;6457999;279;0
147;18;336;17;56;20;50;3.80;1;1;1;77;0;6458050;1833;0
147;18;336;17;56;22;99;3.60;1;1;1;75;0;6458299;231;0
147;18;336;17;56;22;99;3.00;2;1;1;71;0;6458299;281;0
147;18;336;17;56;23;13;3.60;6;2;1;86;0;6458313;598;0
147;18;336;17;56;24;99;3.80;3;1;1;77;0;6458499;683;0
147;18;336;17;56;25;25;4.00;1;1;1;71;0;6458525;208;0
147;18;336;17;56;25;66;5.80;6;2;1;82;0;6458566;237;0
147;18;336;17;56;26;99;3.60;3;1;1;76;0;6458699;182;0
147;18;336;17;56;27;99;4.20;1;1;1;73;0;6458799;253;0
147;18;336;17;56;28;14;4.00;4;1;1;77;0;6458814;1000;0
147;18;336;17;56;28;84;3.80;6;2;1;80;0;6458884;292;0
147;18;336;17;56;29;6;3.40;4;1;1;83;0;6458906;73;0
147;18;336;17;56;30;21;4.20;8;2;1;82;0;6459021;1301;0
147;18;336;17;56;30;99;3.60;1;1;1;76;0;6459099;279;0
147;18;336;17;56;32;99;3.00;6;2;1;84;0;6459299;397;0
147;18;336;17;56;34;16;3.20;2;1;1;75;0;6459416;1101;0
147;18;336;17;56;34;25;3.60;3;1;1;83;0;6459425;708;0
147;18;336;17;56;34;99;4.00;7;2;1;75;0;6459499;1480;0
147;18;336;17;56;35;99;3.60;2;1;1;76;0;6459599;167;0
147;18;336;17;56;36;16;4.40;3;1;1;81;0;6459616;175;0
147;18;336;17;56;36;93;3.60;6;2;1;77;0;6459693;381;0
147;18;336;17;56;36;99;3.60;5;2;1;79;0;6459699;1960;0
147;18;336;17;56;38;4;3.00;7;2;1;72;0;6459804;285;0
147;18;336;17;56;38;59;3.40;6;2;1;78;0;6459859;149;0
147;18;336;17;56;39;8;4.00;5;2;1;83;0;6459908;192;0
147;18;336;17;56;39;99;3.60;2;1;1;81;0;6459999;382;0
147;18;336;17;56;40;26;3.80;5;2;1;83;0;6460026;100;0
147;18;336;17;56;41;2;3.60;6;2;1;78;0;6460102;227;0
147;18;336;17;56;41;8;3.80;5;2;1;85;0;6460108;65;0
147;18;336;17;56;41;97;3.40;2;1;1;82;0;6460197;182;0
147;18;336;17;56;41;99;3.60;4;1;1;80;0;6460199;1278;0
147;18;336;17;56;42;99;3.60;5;2;1;86;0;6460299;174;6459699
147;18;336;17;56;42;99;3.40;3;1;1;79;0;6460299;663;0
147;18;336;17;56;43;16;3.20;6;2;1;80;0;6460316;197;0
147;18;336;17;56;43;52;3.40;7;2;1;81;0;6460352;533;0
147;18;336;17;56;43;63;3.60;8;2;1;69;0;6460363;1323;0
147;18;336;17;56;43;74;4.20;2;1;1;79;0;6460374;162;0
147;18;336;17;56;44;99;3.80;7;2;1;79;0;6460499;131;0
147;18;336;17;56;45;99;3.20;4;1;1;77;0;6460599;383;0
147;18;336;17;56;45;99;3.40;2;1;1;82;0;6460599;205;0
147;18;336;17;56;45;99;3.40;6;2;1;81;0;6460599;268;0
147;18;336;17;56;46;63;4.00;3;1;1;74;0;6460663;348;0
147;18;336;17;56;46;99;3.60;6;2;1;81;0;6460699;84;0
147;18;336;17;56;48;13;3.60;4;1;1;88;0;6460813;199;0
147;18;336;17;56;48;2;3.60;6;2;1;74;0;6460802;87;0
147;18;336;17;56;48;25;3.40;3;1;1;74;0;6460825;142;0
147;18;336;17;56;49;14;3.80;5;2;1;79;0;6460914;599;0
147;18;336;17;56;49;99;3.40;7;2;1;81;0;6460999;482;0
147;18;336;17;56;49;99;3.60;5;2;1;77;0;6460999;67;0
147;18;336;17;56;50;99;4.40;5;2;1;78;0;6461099;83;0
147;18;336;17;56;51;5;5.00;8;2;1;79;0;6461105;723;0
147;18;336;17;56;51;18;3.60;6;2;1;72;0;6461118;298;0
147;18;336;17;56;51;80;4.00;3;1;1;81;0;6461180;338;0
147;18;336;17;56;51;89;3.80;5;2;1;78;0;6461189;69;0
147;18;336;17;56;52;99;3.20;6;2;1;71;0;6461299;163;0
147;18;336;17;56;52;99;3.40;1;1;1;80;0;6461299;2182;0
147;18;336;17;56;53;28;3.40;3;1;1;78;0;6461328;130;0
147;18;336;17;56;54;85;3.60;2;1;1;81;0;6461485;871;0
147;18;336;17;56;55;99;3.80;6;2;1;70;0;6461599;283;0
147;18;336;17;56;56;31;3.40;7;2;1;71;0;6461631;616;0
147;18;336;17;56;56;48;3.60;8;2;1;85;0;6461648;520;0
147;18;336;17;56;56;31;3.60;6;2;1;61;0;6461631;12;0
147;18;336;17;56;56;78;3.20;4;1;1;94;0;6461678;850;0
147;18;336;17;56;57;99;3.00;6;2;1;62;0;6461799;146;0
147;18;336;17;56;57;99;3.00;1;1;1;82;0;6461799;484;0
147;18;336;17;56;58;19;3.80;5;2;1;77;0;6461819;612;0
147;18;336;17;56;58;99;4.20;7;2;1;74;0;6461899;250;0
147;18;336;17;56;58;99;3.40;6;2;1;63;0;6461899;82;0
147;18;336;17;56;59;99;4.40;7;2;1;74;0;6461999;79;0
147;18;336;17;56;59;67;11.40;6;2;2;68;0;6461967;48;6461599
147;18;336;17;57;1;58;3.40;3;1;1;76;0;6462158;814;0
147;18;336;17;57;2;99;3.80;5;2;1;81;0;6462299;462;0
147;18;336;17;57;2;99;3.20;6;2;1;71;0;6462299;271;0
147;18;336;17;57;4;3;4.00;5;2;1;84;0;6462403;87;0
147;18;336;17;57;4;90;3.40;7;2;1;83;0;6462490;469;0
147;18;336;17;57;4;82;3.40;6;2;1;73;0;6462482;166;0
147;18;336;17;57;4;94;3.60;3;1;1;80;0;6462494;319;0
147;18;336;17;57;5;99;3.20;4;1;1;79;0;6462599;908;0
147;18;336;17;57;6;55;3.40;4;1;1;85;0;6462655;41;0
147;18;336;17;57;6;52;3.60;5;2;1;82;0;6462652;231;0
147;18;336;17;57;7;99;5.80;8;2;1;75;0;6462799;1135;0
147;18;336;17;57;8;11;3.80;3;1;1;80;0;6462811;300;0
147;18;336;17;57;8;16;4.20;5;2;1;83;0;6462816;148;0
147;18;336;17;57;8;99;3.80;7;2;1;80;0;6462899;394;0
147;18;336;17;57;9;3;3.40;2;1;1;83;0;6462903;1402;0
147;18;336;17;57;10;19;3.00;3;1;1;81;0;6463019;190;0
147;18;336;17;57;12;99;3.80;5;2;1;83;0;6463299;464;0
147;18;336;17;57;14;30;3.00;5;2;1;84;0;6463430;114;0
147;18;336;17;57;14;40;3.20;6;2;1;73;0;6463440;941;0
147;18;336;17;57;15;99;3.60;3;1;1;75;0;6463599;566;0
147;18;336;17;57;15;99;4.80;7;2;1;73;0;6463599;682;0
147;18;336;17;57;16;4;4.20;5;2;1;81;0;6463604;161;0
147;18;336;17;57;16;99;3.20;7;2;1;76;0;6463699;76;0
147;18;336;17;57;16;99;3.60;6;2;1;72;0;6463699;243;0
147;18;336;17;57;17;80;3.80;4;1;1;86;0;6463780;1110;0
147;18;336;17;57;17;71;3.80;3;1;1;75;0;6463771;154;0
147;18;336;17;57;17;84;3.80;5;2;1;85;0;6463784;161;0
147;18;336;17;57;17;99;3.40;7;2;1;74;0;6463799;84;0
147;18;336;17;57;18;99;3.80;3;1;1;81;0;6463899;109;0
147;18;336;17;57;18;99;3.00;1;1;1;72;0;6463899;2086;0
147;18;336;17;57;19;25;3.80;6;2;1;80;0;6463925;208;0
147;18;336;17;57;19;75;3.20;8;2;1;70;0;6463975;1148;0
147;18;336;17;57;20;99;4.00;7;2;1;80;0;6464099;283;0
147;18;336;17;57;21;3;3.60;6;2;1;79;0;6464103;160;0
147;18;336;17;57;21;99;3.00;2;1;1;73;0;6464199;1281;0
147;18;336;17;57;22;99;3.60;7;2;1;80;0;6464299;182;0
147;18;336;17;57;22;99;4.00;5;2;1;81;0;6464299;498;0
147;18;336;17;57;22;99;3.00;3;1;1;82;0;6464299;383;0
147;18;336;17;57;22;99;3.60;2;1;1;69;0;6464299;85;0
147;18;336;17;57;23;99;3.80;4;1;1;87;0;6464399;603;0
147;18;336;17;57;26;99;3.40;6;2;1;79;0;6464699;579;0
147;18;336;17;57;27;99;3.80;7;2;1;81;0;6464799;483;0
147;18;336;17;57;27;99;3.40;5;2;1;76;0;6464799;482;0
147;18;336;17;57;28;99;3.80;5;2;1;76;0;6464899;83;0
147;18;336;17;57;30;99;4.80;8;2;1;71;0;6465099;1107;0
147;18;336;17;57;31;11;3.60;3;1;1;78;0;6465111;798;0
147;18;336;17;57;33;99;3.60;3;1;1;74;0;6465399;271;0
147;18;336;17;57;33;99;3.60;6;2;1;75;0;6465399;684;0
147;18;336;17;57;33;99;3.80;4;1;1;80;0;6465399;984;0
147;18;336;17;57;34;22;3.20;7;2;1;76;0;6465422;606;0
147;18;336;17;57;35;1;3.80;5;2;1;75;0;6465501;584;0
147;18;336;17;57;36;16;3.60;3;1;1;74;0;6465616;199;0
147;18;336;17;57;36;4;3.60;6;2;1;81;0;6465604;187;0
147;18;336;17;57;38;99;3.80;3;1;1;81;0;6465899;265;0
147;18;336;17;57;38;99;3.80;2;1;1;76;0;6465899;1581;0
147;18;336;17;57;40;99;3.60;3;1;1;78;0;6466099;183;0
147;18;336;17;57;41;12;3.60;6;2;1;77;0;6466112;492;0
147;18;336;17;57;42;0;3.60;4;1;1;78;0;6466200;783;0
147;18;336;17;57;43;99;4.20;6;2;1;73;0;6466399;270;0
147;18;336;17;57;45;90;3.40;3;1;1;79;0;6466590;474;0
147;18;336;17;57;50;99;3.80;2;1;1;71;0;6467099;1182;0
147;18;336;17;57;51;20;3.60;8;2;1;83;0;6467120;1996;0
147;18;336;17;57;51;99;3.20;7;2;1;72;0;6467199;1761;0
147;18;336;17;57;52;5;3.40;2;1;1;73;0;6467205;86;0
147;18;336;17;57;52;22;4.00;4;1;1;80;0;6467222;1005;0
147;18;336;17;57;52;44;3.80;3;1;1;76;0;6467244;638;0
147;18;336;17;57;53;15;3.40;4;1;1;81;0;6467315;75;0
147;18;336;17;57;53;99;3.80;2;1;1;76;0;6467399;177;0
147;18;336;17;57;55;66;3.60;6;2;1;83;0;6467566;1146;0
147;18;336;17;57;57;99;3.40;7;2;1;79;0;6467799;584;0
147;18;336;17;57;58;99;3.20;2;1;1;69;0;6467899;482;0
147;18;336;17;57;59;99;3.40;5;2;1;83;0;6467999;2479;0
147;18;336;17;57;59;99;3.40;4;1;1;79;0;6467999;668;0
147;18;336;17;57;59;99;4.00;3;1;1;76;0;6467999;737;0
147;18;336;17;57;59;99;3.60;2;1;1;68;0;6467999;83;0
147;18;336;17;58;0;6;3.40;6;2;1;68;0;6468006;424;0
147;18;336;17;58;0;51;3.80;3;1;1;74;0;6468051;33;0
147;18;336;17;58;0;67;3.80;4;1;1;78;0;6468067;52;0
147;18;336;17;58;0;78;3.20;7;2;1;75;0;6468078;263;0
147;18;336;17;58;1;99;3.80;2;1;1;71;0;6468199;180;0
147;18;336;17;58;1;99;3.60;5;2;1;87;0;6468199;185;0
147;18;336;17;58;2;99;3.20;6;2;1;69;0;6468299;275;0
147;18;336;17;58;3;90;3.80;6;2;1;71;0;6468390;74;0
147;18;336;17;58;3;99;3.80;7;2;1;80;0;6468399;305;0
147;18;336;17;58;4;99;3.40;3;1;1;77;0;6468499;429;0
147;18;336;17;58;4;99;3.60;6;2;1;73;0;6468499;89;0
147;18;336;17;58;4;99;4.20;5;2;1;80;0;6468499;285;0
147;18;336;17;58;5;76;6.80;2;1;1;84;0;6468576;357;0
147;18;336;17;58;6;13;3.20;6;2;1;73;0;6468613;96;0
147;18;336;17;58;6;99;3.60;7;2;1;83;0;6468699;282;0
147;18;336;17;58;7;15;4.40;4;1;1;85;0;6468715;630;0
147;18;336;17;58;8;56;4.40;7;2;1;80;0;6468856;141;0
147;18;336;17;58;8;99;3.40;6;2;1;70;0;6468899;270;0
147;18;336;17;58;10;13;3.60;4;1;1;84;0;6469013;279;0
147;18;336;17;58;10;45;3.20;3;1;1;77;0;6469045;530;0
147;18;336;17;58;10;47;4.00;5;2;1;80;0;6469047;529;0
147;18;336;17;58;11;99;3.80;6;2;1;67;0;6469199;282;0
147;18;336;17;58;12;9;3.00;3;1;1;77;0;6469209;149;0
147;18;336;17;58;12;10;3.00;6;2;1;63;0;6469210;-1;0
147;18;336;17;58;14;99;3.60;3;1;1;74;0;6469499;275;0
147;18;336;17;58;14;99;3.60;6;2;1;62;0;6469499;271;0
147;18;336;17;58;15;27;3.20;8;2;1;78;0;6469527;2391;0
147;18;336;17;58;15;53;4.00;7;2;1;69;0;6469553;677;0
147;18;336;17;58;16;19;3.80;3;1;1;88;0;6469619;102;0
147;18;336;17;58;16;99;3.60;5;2;1;77;0;6469699;634;0
147;18;336;17;58;17;11;4.20;8;2;1;83;0;6469711;169;0
147;18;336;17;58;17;15;3.80;2;1;1;77;0;6469715;1109;0
147;18;336;17;58;17;99;3.40;6;2;1;75;0;6469799;279;0
147;18;336;17;58;17;99;3.60;7;2;1;72;0;6469799;225;0
147;18;336;17;58;18;57;3.60;2;1;1;78;0;6469857;124;0
147;18;336;17;58;20;12;7.60;7;2;6;78;0;6470012;195;0
147;18;336;17;58;21;99;6.40;6;2;1;68;0;6470199;383;0
147;18;336;17;58;22;99;4.00;2;1;1;90;0;6470299;425;0
147;18;336;17;58;23;78;3.60;6;2;1;72;0;6470378;145;0
147;18;336;17;58;23;94;3.80;4;1;1;84;0;6470394;1365;0
147;18;336;17;58;24;99;3.40;7;2;1;77;0;6470499;451;0
147;18;336;17;58;24;99;3.20;3;1;1;81;0;6470499;864;0
147;18;336;17;58;26;3;3.40;2;1;1;82;0;6470603;288;0
147;18;336;17;58;26;13;3.40;6;2;1;73;0;6470613;217;0
147;18;336;17;58;27;99;3.60;6;2;1;71;0;6470799;169;0
147;18;336;17;58;28;68;3.40;3;1;1;79;0;6470868;354;0
147;18;336;17;58;29;8;4.00;2;1;1;74;0;6470908;290;0
147;18;336;17;58;30;19;3.20;2;1;1;80;0;6471019;91;0
147;18;336;17;58;31;61;3.40;6;2;1;64;0;6471161;343;0
147;18;336;17;58;32;22;4.00;6;2;1;72;0;6471222;41;0
147;18;336;17;58;32;99;3.20;2;1;1;80;0;6471299;265;0
147;18;336;17;58;33;31;3.40;5;2;1;73;0;6471331;1615;0
147;18;336;17;58;34;99;3.20;6;2;1;67;0;6471499;257;0
147;18;336;17;58;34;99;4.00;5;2;1;77;0;6471499;151;0
147;18;336;17;58;36;66;3.40;5;2;1;78;0;6471666;148;0
147;18;336;17;58;37;11;3.40;2;1;1;80;0;6471711;397;0
147;18;336;17;58;37;99;3.80;6;2;1;79;0;6471799;282;0
147;18;336;17;58;38;61;3.40;5;2;1;79;0;6471861;179;0
147;18;336;17;58;39;20;3.60;3;1;1;77;0;6471920;1036;0
147;18;336;17;58;39;99;3.60;1;1;1;90;0;6471999;8085;0
147;18;336;17;58;40;99;3.00;6;2;1;70;0;6472099;282;0
147;18;336;17;58;40;99;3.40;2;1;1;64;0;6472099;372;0
147;18;336;17;58;41;9;3.60;8;2;1;81;0;6472109;2379;0
147;18;336;17;58;41;52;3.80;4;1;1;80;0;6472152;1741;0
147;18;336;17;58;41;67;3.80;6;2;1;70;0;6472167;52;0
147;18;336;17;58;42;99;3.60;3;1;1;84;0;6472299;362;0
147;18;336;17;58;43;99;3.80;7;2;1;82;0;6472399;1884;0
147;18;336;17;58;43;44;3.40;4;1;1;82;0;6472344;174;0
147;18;336;17;58;44;15;3.80;6;2;1;68;0;6472415;228;0
147;18;336;17;58;44;97;3.20;7;2;1;81;0;6472497;81;0
147;18;336;17;58;44;99;3.80;3;1;1;72;0;6472499;184;0
147;18;336;17;58;44;99;3.80;1;1;1;63;0;6472499;485;0
147;18;336;17;58;45;99;3.80;4;1;1;80;0;6472599;240;0
147;18;336;17;58;46;22;3.60;6;2;1;77;0;6472622;186;0
147;18;336;17;58;46;85;4.00;4;1;1;80;0;6472685;68;0
147;18;336;17;58;46;77;5.20;3;1;1;70;0;6472677;159;0
147;18;336;17;58;47;99;3.60;6;2;1;79;0;6472799;160;0
147;18;336;17;58;47;99;3.60;2;1;1;80;0;6472799;680;0
147;18;336;17;58;48;99;3.60;3;1;1;70;0;6472899;195;0
147;18;336;17;58;48;29;4.00;1;1;1;91;0;6472829;308;0
147;18;336;17;58;51;5;3.60;3;1;1;72;0;6473105;187;6472299
147;18;336;17;58;51;76;6.00;6;2;1;73;0;6473176;360;0
147;18;336;17;58;52;99;3.60;3;1;1;73;0;6473299;176;6472299
147;18;336;17;58;53;99;3.80;3;1;1;72;0;6473399;82;6472299
147;18;336;17;58;53;99;3.20;6;2;1;73;0;6473399;193;6472299
147;18;336;17;58;54;55;3.40;7;2;1;78;0;6473455;943;0
147;18;336;17;58;54;91;3.00;2;1;1;71;0;6473491;675;0
147;18;336;17;58;55;15;3.00;3;1;1;69;0;6473515;97;6472299
147;18;336;17;58;55;99;3.40;2;1;1;70;0;6473599;92;6472299
147;18;336;17;58;56;10;3.80;8;2;1;76;0;6473610;1485;0
147;18;336;17;58;56;24;3.80;5;2;1;79;0;6473624;1747;0
147;18;336;17;58;56;99;3.60;3;1;1;71;0;6473699;168;6472299
147;18;336;17;58;56;6;3.40;2;1;1;66;0;6473606;-1;6472299
147;18;336;17;58;57;98;3.60;7;2;1;75;0;6473798;327;0
147;18;336;17;58;57;99;3.60;2;1;1;65;0;6473799;174;0
147;18;336;17;58;57;99;3.20;2;1;1;60;0;6473799;-1;6473491
147;18;336;17;58;59;53;3.80;3;1;1;75;0;6473953;235;0
147;18;336;17;58;59;55;3.60;2;1;1;72;0;6473955;136;6473491
147;18;336;17;58;59;71;3.40;7;2;1;77;0;6473971;155;6473491
147;18;336;17;59;0;99;3.60;6;2;1;82;0;6474099;684;0
147;18;336;17;59;0;99;3.60;7;2;1;77;0;6474099;112;0
147;18;336;17;59;1;18;3.80;3;1;1;75;0;6474118;146;0
147;18;336;17;59;1;40;4.00;8;2;1;82;0;6474140;512;0
147;18;336;17;59;3;99;3.60;1;1;1;71;0;6474399;1554;0
147;18;336;17;59;3;99;3.40;7;2;1;78;0;6474399;283;0
147;18;336;17;59;3;99;3.40;3;1;1;72;0;6474399;262;0
147;18;336;17;59;3;99;3.60;5;2;1;80;0;6474399;757;0
147;18;336;17;59;3;99;3.60;6;2;1;70;0;6474399;284;0
147;18;336;17;59;4;70;3.60;4;1;1;79;0;6474470;1767;0
147;18;336;17;59;5;99;3.60;5;2;1;81;0;6474599;183;0
147;18;336;17;59;5;99;3.80;8;2;1;74;0;6474599;441;0
147;18;336;17;59;6;28;3.00;6;2;1;80;0;6474628;210;0
147;18;336;17;59;6;11;3.40;7;2;1;71;0;6474611;196;0
147;18;336;17;59;6;25;3.20;3;1;1;73;0;6474625;209;0
147;18;336;17;59;7;90;4.60;4;1;1;77;0;6474790;303;0
147;18;336;17;59;7;99;3.80;7;2;1;70;0;6474799;170;0
147;18;336;17;59;7;99;3.40;8;2;1;80;0;6474799;181;0
147;18;336;17;59;8;99;3.60;6;2;1;77;0;6474899;257;0
147;18;336;17;59;9;46;3.60;3;1;1;76;0;6474946;305;0
147;18;336;17;59;10;99;3.60;4;1;1;77;0;6475099;287;0
147;18;336;17;59;10;99;3.80;1;1;1;81;0;6475099;681;0
147;18;336;17;59;11;23;3.40;7;2;1;75;0;6475123;304;0
147;18;336;17;59;11;99;3.60;3;1;1;74;0;6475199;235;0
147;18;336;17;59;12;7;3.40;1;1;1;82;0;6475207;91;0
147;18;336;17;59;12;99;3.80;4;1;1;79;0;6475299;183;0
147;18;336;17;59;13;99;4.00;5;2;1;78;0;6475399;784;0
147;18;336;17;59;14;19;3.80;6;2;1;76;0;6475419;503;0
147;18;336;17;59;14;31;3.60;4;1;1;79;0;6475431;114;0
147;18;336;17;59;15;13;3.80;5;2;1;78;0;6475513;95;0
147;18;336;17;59;15;99;4.00;6;2;1;76;0;6475599;162;0
147;18;336;17;59;15;99;3.40;1;1;1;80;0;6475599;377;0
147;18;336;17;59;17;92;3.20;3;1;1;79;0;6475792;575;0
147;18;336;17;59;17;99;3.60;5;2;1;79;0;6475799;268;0
147;18;336;17;59;18;23;5.20;7;2;1;83;0;6475823;683;0
147;18;336;17;59;19;13;3.00;6;2;1;77;0;6475913;295;0
147;18;336;17;59;19;7;3.40;5;2;1;81;0;6475907;91;0
147;18;336;17;59;21;8;4.40;2;1;1;77;0;6476108;2135;0
147;18;336;17;59;21;99;3.80;6;2;1;76;0;6476199;271;0
147;18;336;17;59;22;19;3.60;4;1;1;82;0;6476219;771;0
147;18;336;17;59;22;20;3.60;3;1;1;83;0;6476220;413;0
147;18;336;17;59;23;99;3.00;3;1;1;80;0;6476399;163;0
147;18;336;17;59;24;16;3.00;2;1;1;73;0;6476416;287;0
147;18;336;17;59;24;16;3.40;6;2;1;83;0;6476416;199;0
147;18;336;17;59;25;10;3.40;2;1;1;74;0;6476510;79;0
147;18;336;17;59;25;12;4.20;5;2;1;85;0;6476512;589;0
147;18;336;17;59;25;99;3.80;6;2;1;80;0;6476599;168;0
147;18;336;17;59;26;99;3.60;7;2;1;41;0;6476699;853;0
147;18;336;17;59;27;11;3.60;2;1;1;76;0;6476711;184;0
147;18;336;17;59;27;10;4.00;8;2;1;77;0;6476710;1895;0
147;18;336;17;59;27;60;3.60;3;1;1;77;0;6476760;347;0
147;18;336;17;59;29;13;3.60;6;2;1;77;0;6476913;296;0
147;18;336;17;59;30;15;3.60;3;1;1;75;0;6477015;238;0
147;18;336;17;59;31;99;3.60;6;2;1;75;0;6477199;269;0
147;18;336;17;59;31;99;3.00;3;1;1;75;0;6477199;166;0
147;18;336;17;59;32;1;4.00;4;1;1;79;0;6477201;966;0
147;18;336;17;59;33;7;3.80;6;2;1;80;0;6477307;90;0
147;18;336;17;59;33;99;3.80;5;2;1;82;0;6477399;869;0
147;18;336;17;59;34;13;3.20;3;1;1;75;0;6477413;199;0
147;18;336;17;59;34;99;3.80;4;1;1;78;0;6477499;279;0
147;18;336;17;59;33;10;5.80;7;2;1;26;0;6477310;579;0
147;18;336;17;59;35;10;3.80;2;1;1;79;0;6477510;781;0
147;18;336;17;59;35;99;3.60;7;2;1;76;0;6477599;208;0
147;18;336;17;59;35;99;3.40;3;1;1;75;0;6477599;170;0
147;18;336;17;59;37;16;3.40;4;1;1;80;0;6477716;199;0
147;18;336;17;59;37;3;6.80;3;1;1;78;0;6477703;87;6477015
147;18;336;17;59;38;99;3.00;3;1;1;76;0;6477899;164;6477015
147;18;336;17;59;38;99;3.20;1;1;1;77;0;6477899;2284;0
147;18;336;17;59;39;7;3.20;6;2;1;83;0;6477907;582;0
147;18;336;17;59;40;75;3.60;2;1;1;72;0;6478075;547;0
147;18;336;17;59;40;83;3.60;8;2;1;80;0;6478083;1354;0
147;18;336;17;59;42;9;3.80;5;2;1;86;0;6478209;793;0
147;18;336;17;59;42;14;3.60;2;1;1;76;0;6478214;121;0
147;18;336;17;59;41;57;9.20;7;2;2;52;0;6478157;540;0
147;18;336;17;59;43;86;4.00;3;1;1;77;0;6478386;472;0
147;18;336;17;59;45;52;3.20;8;2;1;81;0;6478552;452;0
147;18;336;17;59;45;84;3.60;2;1;1;67;0;6478584;352;0
147;18;336;17;59;46;99;3.60;3;1;1;73;0;6478699;294;0
147;18;336;17;59;47;0;3.20;2;1;1;68;0;6478700;96;0
147;18;336;17;59;47;11;3.80;6;2;1;76;0;6478711;790;0
147;18;336;17;59;47;27;3.40;3;1;1;69;0;6478727;10;0
147;18;336;17;59;48;0;3.60;1;1;1;84;0;6478800;886;0
147;18;336;17;59;49;99;3.60;3;1;1;69;0;6478999;254;0
147;18;336;17;59;50;1;4.20;6;2;1;71;0;6479001;272;0
147;18;336;17;59;49;22;5.80;7;2;1;32;0;6478922;701;0
147;18;336;17;59;50;56;3.40;3;1;1;69;0;6479056;38;0
147;18;336;17;59;51;99;4.60;6;2;1;77;0;6479199;176;0
147;18;336;17;59;52;99;3.60;5;2;1;80;0;6479299;1074;0
147;18;336;17;59;52;99;3.60;6;2;1;71;0;6479299;78;0
147;18;336;17;59;52;99;4.00;7;2;1;82;0;6479299;311;0
147;18;336;17;59;53;17;5.40;3;1;1;83;0;6479317;243;0
147;18;336;17;59;54;23;3.40;2;1;1;82;0;6479423;706;0
147;18;336;17;59;54;99;3.80;1;1;1;85;0;6479499;683;0
147;18;336;17;59;54;99;3.40;6;2;1;80;0;6479499;181;0
147;18;336;17;59;56;99;3.80;3;1;1;77;0;6479699;358;0
147;18;336;17;59;57;11;3.60;6;2;1;81;0;6479711;196;6479001
147;18;336;17;59;57;99;3.20;2;1;1;72;0;6479799;361;0
147;18;336;17;59;57;21;5.40;4;1;1;87;0;6479721;1989;0
147;18;336;17;59;58;9;3.00;6;2;1;78;0;6479809;82;6479001
147;18;336;17;59;58;99;3.80;5;2;1;81;0;6479899;583;0
147;18;336;17;59;58;99;4.00;3;1;1;78;0;6479899;182;0
147;18;336;18;0;0;17;3.40;2;1;1;84;0;6480017;202;0
147;18;336;18;0;0;66;3.60;3;1;1;75;0;6480066;148;0
147;18;336;18;0;2;31;3.40;5;2;1;93;0;6480231;315;0
147;18;336;18;0;2;99;3.60;6;2;1;72;0;6480299;476;0
147;18;336;18;0;3;13;4.00;4;1;1;78;0;6480313;569;0
147;18;336;18;0;3;23;3.40;3;1;1;76;0;6480323;239;0
147;18;336;18;0;3;86;4.00;4;1;1;78;0;6480386;54;0
147;18;336;18;0;3;94;3.00;6;2;1;76;0;6480394;77;0
147;18;336;18;0;3;99;4.00;5;2;1;81;0;6480399;154;0
147;18;336;18;0;4;25;2.80;3;1;1;76;0;6480425;85;0
147;18;336;18;0;4;99;3.40;8;2;1;73;0;6480499;1932;0
147;18;336;18;0;5;9;4.00;4;1;1;78;0;6480509;104;0
147;18;336;18;0;6;99;3.60;4;1;1;77;0;6480699;171;0
147;18;336;18;0;6;99;3.40;3;1;1;73;0;6480699;260;0
147;18;336;18;0;8;99;3.80;3;1;1;78;0;6480899;183;0
147;18;336;18;0;9;99;3.80;8;2;1;73;0;6480999;483;0
147;18;336;18;0;9;99;3.80;4;1;1;80;0;6480999;283;0
147;18;336;18;0;10;99;3.80;3;1;1;80;0;6481099;182;0
147;18;336;18;0;10;34;3.60;8;2;1;73;0;6481034;16;0
147;18;336;18;0;11;99;4.20;6;2;1;81;0;6481199;790;0
147;18;336;18;0;13;10;4.00;6;2;1;81;0;6481310;92;0
147;18;336;18;0;13;32;8.60;7;2;2;57;0;6481332;2015;0
147;18;336;18;0;15;99;3.60;3;1;1;80;0;6481599;482;0
147;18;336;18;0;15;10;4.00;7;2;1;20;0;6481510;123;0
147;18;336;18;0;18;28;3.40;4;1;1;80;0;6481828;811;0
147;18;336;18;0;18;33;3.80;7;2;1;74;0;6481833;251;0
147;18;336;18;0;19;99;3.00;6;2;1;75;0;6481999;671;0
147;18;336;18;0;19;99;3.40;3;1;1;73;0;6481999;383;0
147;18;336;18;0;21;93;3.80;3;1;1;74;0;6482193;177;0
147;18;336;18;0;21;99;4.00;6;2;1;77;0;6482199;185;0
147;18;336;18;0;22;99;3.60;8;2;1;81;0;6482299;1247;0
147;18;336;18;0;21;60;7.40;7;2;1;57;0;6482160;308;0
147;18;336;18;0;23;8;3.40;2;1;1;77;0;6482308;2276;0
147;18;336;18;0;23;5;3.40;3;1;1;72;0;6482305;93;0
147;18;336;18;0;23;15;3.80;6;2;1;79;0;6482315;97;0
147;18;336;18;0;23;0;5.40;7;2;1;73;0;6482300;93;0
147;18;336;18;0;24;4;4.20;5;2;1;85;0;6482404;1987;0
147;18;336;18;0;24;99;3.40;1;1;1;73;0;6482499;2983;0
147;18;336;18;0;24;99;4.20;8;2;1;65;0;6482499;184;0
147;18;336;18;0;25;24;3.80;4;1;1;81;0;6482524;680;0
147;18;336;18;0;25;99;3.80;7;2;1;72;0;6482599;272;0
147;18;336;18;0;25;99;6.60;2;1;1;78;0;6482599;275;0
147;18;336;18;0;25;10;3.60;3;1;1;83;0;6482510;188;0
147;18;336;18;0;26;2;3.40;5;2;1;77;0;6482602;180;0
147;18;336;18;0;26;40;4.00;7;2;1;72;0;6482640;22;0
147;18;336;18;0;27;99;3.40;7;2;1;68;0;6482799;139;0
147;18;336;18;0;27;99;3.80;4;1;1;80;0;6482799;258;0
147;18;336;18;0;28;15;3.20;6;2;1;77;0;6482815;482;0
147;18;336;18;0;28;7;3.40;3;1;1;79;0;6482807;281;0
147;18;336;18;0;29;9;3.60;4;1;1;80;0;6482909;92;0
147;18;336;18;0;29;4;5.00;6;2;1;80;0;6482904;74;0
147;18;336;18;0;30;22;3.60;8;2;1;82;0;6483022;499;0
147;18;336;18;0;30;99;3.80;6;2;1;85;0;6483099;172;0
147;18;336;18;0;30;99;3.80;2;1;1;77;0;6483099;469;0
147;18;336;18;0;32;9;3.80;4;1;1;76;0;6483209;283;0
147;18;336;18;0;32;99;3.60;3;1;1;79;0;6483299;476;0
147;18;336;18;0;33;7;3.80;4;1;1;77;0;6483307;80;0
147;18;336;18;0;33;8;3.40;6;2;1;70;0;6483308;192;0
147;18;336;18;0;33;99;3.80;5;2;1;81;0;6483399;781;0
147;18;336;18;0;34;4;3.40;1;1;1;71;0;6483404;888;0
147;18;336;18;0;34;16;4.40;4;1;1;79;0;6483416;91;0
147;18;336;18;0;34;26;3.60;3;1;1;79;0;6483426;110;0
147;18;336;18;0;34;80;3.80;2;1;1;79;0;6483480;363;0
147;18;336;18;0;34;97;3.60;6;2;1;65;0;6483497;171;6482815
147;18;336;18;0;34;99;4.20;7;2;1;80;0;6483499;682;0
147;18;336;18;0;35;99;3.80;8;2;1;76;0;6483599;561;0
147;18;336;18;0;36;3;3.60;4;1;1;78;0;6483603;166;0
147;18;336;18;0;36;25;3.80;2;1;1;76;0;6483625;127;0
147;18;336;18;0;36;44;4.40;6;2;1;70;0;6483644;127;6482815
147;18;336;18;0;37;99;3.80;5;2;1;81;0;6483799;383;0
147;18;336;18;0;37;99;4.40;7;2;1;68;0;6483799;281;0
147;18;336;18;0;38;99;3.40;7;2;1;66;0;6483899;76;0
147;18;336;18;0;39;85;3.40;6;2;1;71;0;6483985;318;0
147;18;336;18;0;40;99;3.20;6;2;1;68;0;6484099;96;0
147;18;336;18;0;41;19;3.40;2;1;1;74;0;6484119;476;0
147;18;336;18;0;41;6;3.80;3;1;1;77;0;6484106;663;0
147;18;336;18;0;41;3;6.80;7;2;1;63;0;6484103;185;0
147;18;336;18;0;42;99;3.20;6;2;1;68;0;6484299;183;0
147;18;336;18;0;43;21;3.20;3;1;1;76;0;6484321;197;0
147;18;336;18;0;43;99;3.80;1;1;1;81;0;6484399;977;0
147;18;336;18;0;43;99;3.80;6;2;1;68;0;6484399;83;0
147;18;336;18;0;44;88;3.20;5;2;1;80;0;6484488;672;0
147;18;336;18;0;45;99;3.80;4;1;1;86;0;6484599;979;0
147;18;336;18;0;46;23;3.40;2;1;1;80;0;6484623;487;0
147;18;336;18;0;46;99;4.40;5;2;1;81;0;6484699;196;0
147;18;336;18;0;46;14;3.20;3;1;1;75;0;6484614;277;0
147;18;336;18;0;46;27;3.20;6;2;1;71;0;6484627;207;0
147;18;336;18;0;47;99;3.80;6;2;1;69;0;6484799;155;0
147;18;336;18;0;48;99;4.00;5;2;1;84;0;6484899;180;0
147;18;336;18;0;49;3;3.80;4;1;1;85;0;6484903;288;0
147;18;336;18;0;48;8;3.20;6;2;1;70;0;6484808;-1;0
147;18;336;18;0;49;32;6.40;8;2;1;83;0;6484932;1315;0
147;18;336;18;0;49;83;5.00;5;2;1;75;0;6484983;66;0
147;18;336;18;0;51;2;3.80;7;2;1;79;0;6485102;960;0
147;18;336;18;0;51;20;3.00;4;1;1;84;0;6485120;200;0
147;18;336;18;0;51;27;3.80;5;2;1;83;0;6485127;120;6484488
147;18;336;18;0;52;99;3.60;2;1;1;69;0;6485299;660;0
147;18;336;18;0;53;99;3.60;4;1;1;83;0;6485399;266;0
147;18;336;18;0;54;2;3.40;3;1;1;79;0;6485402;772;0
147;18;336;18;0;54;23;3.80;6;2;1;80;0;6485423;598;0
147;18;336;18;0;54;35;3.40;8;2;1;78;0;6485435;475;0
147;18;336;18;0;54;32;4.00;2;1;1;77;0;6485432;114;0
147;18;336;18;0;56;3;3.20;2;1;1;81;0;6485603;152;0
147;18;336;18;0;56;10;5.20;5;2;1;82;0;6485610;466;0
147;18;336;18;0;57;6;6.40;3;1;1;70;0;6485706;288;0
147;18;336;18;0;57;98;3.40;2;1;1;81;0;6485798;180;0
147;18;336;18;0;57;99;3.80;4;1;1;77;0;6485799;384;0
147;18;336;18;0;58;99;3.40;3;1;1;69;0;6485899;160;0
147;18;336;18;0;59;35;3.80;6;2;1;80;0;6485935;494;0
147;18;336;18;0;59;46;4.60;7;2;1;86;0;6485946;826;0
147;18;336;18;0;59;67;3.20;3;1;1;68;0;6485967;50;0
147;18;336;18;0;59;74;3.80;2;1;1;77;0;6485974;160;6485299
147;18;336;18;1;0;99;3.60;6;2;1;80;0;6486099;146;6485299
147;18;336;18;1;0;99;3.80;2;1;1;76;0;6486099;107;6485299
147;18;336;18;1;1;4;3.80;3;1;1;67;0;6486104;120;6485299
147;18;336;18;1;2;15;3.40;4;1;1;85;0;6486215;398;0
147;18;336;18;1;3;99;4.00;4;1;1;82;0;6486399;169;0
147;18;336;18;1;4;8;3.80;5;2;1;83;0;6486408;775;0
147;18;336;18;1;5;99;4.00;6;2;1;81;0;6486599;483;0
147;18;336;18;1;5;99;3.60;3;1;1;68;0;6486599;474;0
147;18;336;18;1;6;0;3.60;2;1;1;76;0;6486600;483;0
147;18;336;18;1;6;11;3.20;3;1;1;69;0;6486611;-1;0
147;18;336;18;1;8;99;4.60;3;1;1;79;0;6486899;271;0
147;18;336;18;1;9;2;3.60;6;2;1;77;0;6486902;285;0
147;18;336;18;1;9;46;3.60;7;2;1;66;0;6486946;980;0
147;18;336;18;1;11;16;3.80;3;1;1;75;0;6487116;196;0
147;18;336;18;1;11;99;3.40;2;1;1;79;0;6487199;581;0
147;18;336;18;1;12;13;3.60;6;2;1;74;0;6487213;294;0
147;18;336;18;1;13;2;3.80;2;1;1;77;0;6487302;87;0
147;18;336;18;1;13;99;3.20;4;1;1;83;0;6487399;982;0
147;18;336;18;1;13;99;3.60;6;2;1;76;0;6487399;168;0
147;18;336;18;1;15;74;3.80;7;2;1;75;0;6487574;608;0
147;18;336;18;1;15;99;3.40;3;1;1;71;0;6487599;464;0
147;18;336;18;1;15;99;3.80;6;2;1;72;0;6487599;182;0
147;18;336;18;1;17;41;3.60;6;2;1;73;0;6487741;123;0
147;18;336;18;1;18;99;2.60;6;2;1;70;0;6487899;140;6487213
147;18;336;18;1;20;23;3.00;7;2;1;80;0;6488023;430;0
147;18;336;18;1;21;17;3.00;2;1;1;79;0;6488117;797;0
147;18;336;18;1;21;99;3.20;3;1;1;74;0;6488199;582;0
147;18;336;18;1;21;99;4.00;4;1;1;79;0;6488199;786;0
147;18;336;18;1;22;52;4.40;2;1;1;71;0;6488252;121;0
147;18;336;18;1;23;99;3.60;6;2;1;81;0;6488399;486;0
147;18;336;18;1;24;99;3.60;5;2;1;87;0;6488499;2074;0
147;18;336;18;1;23;86;5.60;7;2;1;32;0;6488386;349;0
147;18;336;18;1;26;8;3.80;1;1;1;73;0;6488608;4192;0
147;18;336;18;1;26;99;3.80;2;1;1;79;0;6488699;424;0
147;18;336;18;1;27;39;3.80;5;2;1;82;0;6488739;225;0
147;18;336;18;1;27;42;4.00;3;1;1;76;0;6488742;527;0
147;18;336;18;1;27;51;3.60;6;2;1;73;0;6488751;336;0
147;18;336;18;1;28;19;3.80;8;2;1;86;0;6488819;3368;0
147;18;336;18;1;28;4;3.80;2;1;1;75;0;6488804;87;0
147;18;336;18;1;29;99;3.80;5;2;1;77;0;6488999;243;0
147;18;336;18;1;29;99;4.80;8;2;1;73;0;6488999;164;0
147;18;336;18;1;30;73;6.00;7;2;1;81;0;6489073;624;0
147;18;336;18;1;31;20;3.20;2;1;1;76;0;6489120;297;0
147;18;336;18;1;31;99;3.40;5;2;1;81;0;6489199;182;0
147;18;336;18;1;31;99;4.60;3;1;1;82;0;6489199;438;0
147;18;336;18;1;31;99;3.80;8;2;1;74;0;6489199;176;0
147;18;336;18;1;33;93;3.40;3;1;1;77;0;6489393;173;0
147;18;336;18;1;34;99;4.00;6;2;1;77;0;6489499;730;0
147;18;336;18;1;34;99;3.80;5;2;1;81;0;6489499;284;0
147;18;336;18;1;35;16;3.80;7;2;1;80;0;6489516;416;0
147;18;336;18;1;35;68;3.40;6;2;1;76;0;6489568;50;0
147;18;336;18;1;35;80;3.80;2;1;1;77;0;6489580;444;0
147;18;336;18;1;36;99;3.60;4;1;1;79;0;6489699;1481;0
147;18;336;18;1;36;99;3.80;7;2;1;83;0;6489699;165;0
147;18;336;18;1;37;22;3.60;3;1;1;76;0;6489722;313;0
147;18;336;18;1;39;99;3.80;4;1;1;81;0;6489999;283;0
147;18;336;18;1;39;99;3.00;6;2;1;79;0;6489999;414;0
147;18;336;18;1;40;27;3.60;3;1;1;75;0;6490027;287;0
147;18;336;18;1;40;53;3.80;4;1;1;81;0;6490053;37;0
147;18;336;18;1;42;19;3.80;6;2;1;81;0;6490219;206;0
147;18;336;18;1;42;0;4.00;4;1;1;80;0;6490200;130;0
147;18;336;18;1;43;95;7.00;1;1;1;70;0;6490395;1768;0
147;18;336;18;1;44;14;3.80;6;2;1;80;0;6490414;178;0
147;18;336;18;1;45;54;3.80;2;1;1;73;0;6490554;956;0
147;18;336;18;1;46;12;3.60;3;1;1;74;0;6490612;567;0
147;18;336;18;1;46;5;3.20;8;2;1;68;0;6490605;1387;0
147;18;336;18;1;46;11;3.20;1;1;1;70;0;6490611;180;0
147;18;336;18;1;46;99;3.80;6;2;1;79;0;6490699;267;0
147;18;336;18;1;47;15;4.60;4;1;1;84;0;6490715;497;0
147;18;336;18;1;48;8;3.80;5;2;1;82;0;6490808;1292;0
147;18;336;18;1;48;67;3.80;2;1;1;78;0;6490867;294;0
147;18;336;18;1;48;96;3.60;4;1;1;84;0;6490896;161;0
147;18;336;18;1;49;99;3.20;4;1;1;83;0;6490999;87;0
147;18;336;18;1;49;99;8.20;3;1;6;76;0;6490999;369;0
147;18;336;18;1;49;99;5.80;5;2;1;86;0;6490999;174;0
147;18;336;18;1;49;99;3.80;7;2;1;78;0;6490999;1283;0
147;18;336;18;1;50;8;3.40;2;1;1;79;0;6491008;123;0
147;18;336;18;1;49;79;11.80;6;2;2;73;0;6490979;262;0
147;18;336;18;1;51;99;4.00;5;2;1;86;0;6491199;175;0
147;18;336;18;1;52;99;3.80;5;2;1;87;0;6491299;83;0
147;18;336;18;1;54;99;3.60;7;2;1;79;0;6491499;482;0
147;18;336;18;1;55;6;3.80;5;2;1;86;0;6491506;191;6490808
147;18;336;18;1;55;10;3.40;6;2;1;74;0;6491510;472;0
147;18;336;18;1;56;99;3.40;2;1;1;77;0;6491699;675;0
147;18;336;18;1;57;99;7.80;5;2;6;79;0;6491799;277;0
147;18;336;18;1;57;99;3.40;2;1;1;75;0;6491799;84;0
147;18;336;18;1;57;99;3.40;7;2;1;70;0;6491799;283;0
147;18;336;18;1;58;30;3.80;5;2;1;80;0;6491830;-1;0
147;18;336;18;1;58;94;3.80;8;2;1;70;0;6491894;1272;0
147;18;336;18;1;59;99;3.20;2;1;1;77;0;6491999;183;0
147;18;336;18;1;59;99;3.60;5;2;1;81;0;6491999;151;0
147;18;336;18;2;0;13;3.60;7;2;1;70;0;6492013;196;0
147;18;336;18;2;2;99;3.40;2;1;1;79;0;6492299;285;0
147;18;336;18;2;3;23;6.40;5;2;1;91;0;6492323;308;0
147;18;336;18;2;3;50;3.00;2;1;1;79;0;6492350;35;0
147;18;336;18;2;5;11;7.00;3;1;1;85;0;6492511;1473;0
147;18;336;18;2;6;72;4.20;4;1;1;85;0;6492672;1659;0
147;18;336;18;2;6;99;4.00;7;2;1;81;0;6492699;667;0
147;18;336;18;2;7;8;3.40;6;2;1;87;0;6492708;1181;0
147;18;336;18;2;8;43;3.80;6;2;1;80;0;6492843;120;0
147;18;336;18;2;9;99;3.60;3;1;1;86;0;6492999;458;0
147;18;336;18;2;10;99;3.00;2;1;1;77;0;6493099;735;0
147;18;336;18;2;11;21;3.80;6;2;1;82;0;6493121;260;0
147;18;336;18;2;11;83;3.20;4;1;1;77;0;6493183;493;0
147;18;336;18;2;12;99;3.20;6;2;1;76;0;6493299;161;0
147;18;336;18;2;13;27;4.00;5;2;1;81;0;6493327;978;0
147;18;336;18;2;14;99;3.40;4;1;1;83;0;6493499;301;0
147;18;336;18;2;15;8;3.60;6;2;1;71;0;6493508;193;0
147;18;336;18;2;15;99;3.80;5;2;1;81;0;6493599;254;0
147;18;336;18;2;15;99;3.80;3;1;1;74;0;6493599;584;0
147;18;336;18;2;16;18;3.20;5;2;1;79;0;6493618;2;0
147;18;336;18;2;16;39;3.60;1;1;1;78;0;6493639;3011;0
147;18;336;18;2;17;7;3.60;6;2;1;71;0;6493707;180;0
147;18;336;18;2;17;11;3.60;7;2;1;74;0;6493711;994;0
147;18;336;18;2;17;99;3.40;5;2;1;78;0;6493799;166;0
147;18;336;18;2;18;47;3.60;7;2;1;74;0;6493847;118;0
147;18;336;18;2;19;99;3.60;6;2;1;73;0;6493999;273;0
147;18;336;18;2;19;99;3.60;5;2;1;81;0;6493999;184;0
147;18;336;18;2;19;99;5.40;3;1;1;71;0;6493999;381;0
147;18;336;18;2;20;99;3.40;3;1;1;71;0;6494099;72;0
147;18;336;18;2;21;9;3.80;5;2;1;79;0;6494109;94;6493599
147;18;336;18;2;21;90;3.60;4;1;1;85;0;6494190;676;0
147;18;336;18;2;23;12;3.40;3;1;1;69;0;6494312;195;0
147;18;336;18;2;24;93;3.60;4;1;1;80;0;6494493;287;0
147;18;336;18;2;24;99;3.80;3;1;1;68;0;6494499;169;0
147;18;336;18;2;25;99;3.60;5;2;1;80;0;6494599;472;0
147;18;336;18;2;26;3;3.80;6;2;1;75;0;6494603;586;0
147;18;336;18;2;26;61;3.60;3;1;1;76;0;6494661;141;6493999
147;18;336;18;2;27;99;3.80;6;2;1;75;0;6494799;177;6493999
147;18;336;18;2;27;99;4.40;7;2;1;75;0;6494799;934;0
147;18;336;18;2;27;99;5.60;3;1;1;73;0;6494799;120;6493999
147;18;336;18;2;28;99;3.00;2;1;1;76;0;6494899;1785;0
147;18;336;18;2;29;22;3.80;4;1;1;81;0;6494922;412;0
147;18;336;18;2;29;82;3.60;3;1;1;73;0;6494982;155;6493999
147;18;336;18;2;30;99;3.80;7;2;1;79;0;6495099;278;0
147;18;336;18;2;31;57;3.60;2;1;1;77;0;6495157;243;0
147;18;336;18;2;32;99;3.80;3;1;1;79;0;6495299;299;0
147;18;336;18;2;34;57;3.60;5;2;1;77;0;6495457;841;0
147;18;336;18;2;34;80;3.40;7;2;1;72;0;6495480;363;0
147;18;336;18;2;35;99;3.80;8;2;1;69;0;6495599;3685;0
147;18;336;18;2;36;3;4.00;6;2;1;83;0;6495603;785;0
147;18;336;18;2;37;16;3.60;3;1;1;79;0;6495716;399;0
147;18;336;18;2;39;6;4.00;3;1;1;88;0;6495906;173;0
147;18;336;18;2;38;3;3.60;7;2;1;75;0;6495803;306;0
147;18;336;18;2;39;66;4.20;4;1;1;93;0;6495966;1027;0
147;18;336;18;2;40;99;3.80;2;1;1;74;0;6496099;925;0
147;18;336;18;2;40;99;3.40;6;2;1;76;0;6496099;478;0
147;18;336;18;2;40;99;4.40;3;1;1;69;0;6496099;176;0
147;18;336;18;2;42;15;3.60;6;2;1;72;0;6496215;99;0
147;18;336;18;2;42;99;3.40;7;2;1;86;0;6496299;478;0
147;18;336;18;2;42;99;3.60;4;1;1;73;0;6496299;316;0
147;18;336;18;2;43;18;3.60;2;1;1;78;0;6496318;200;0
147;18;336;18;2;43;99;6.60;4;1;1;75;0;6496399;82;0
147;18;336;18;2;43;99;3.60;6;2;1;79;0;6496399;166;0
147;18;336;18;2;44;44;3.40;5;2;1;85;0;6496444;970;0
147;18;336;18;2;45;16;3.40;6;2;1;77;0;6496516;100;0
147;18;336;18;2;45;99;3.80;7;2;1;80;0;6496599;285;0
147;18;336;18;2;46;1;3.80;2;1;1;81;0;6496601;266;0
147;18;336;18;2;46;14;3.60;4;1;1;82;0;6496614;183;0
147;18;336;18;2;46;14;3.60;6;2;1;77;0;6496614;82;6496099
147;18;336;18;2;47;70;3.40;2;1;1;74;0;6496770;152;6496099
147;18;336;18;2;47;81;3.60;4;1;1;82;0;6496781;151;6496099
147;18;336;18;2;48;99;3.20;2;1;1;68;0;6496899;112;6496099
147;18;336;18;2;49;4;3.80;3;1;1;82;0;6496904;782;0
147;18;336;18;2;50;16;3.80;4;1;1;84;0;6497016;219;0
147;18;336;18;2;50;99;3.20;3;1;1;74;0;6497099;178;0
147;18;336;18;2;50;99;3.40;6;2;1;83;0;6497099;468;0
147;18;336;18;2;51;99;4.60;5;2;1;84;0;6497199;740;0
147;18;336;18;2;51;99;3.20;7;2;1;72;0;6497199;582;0
147;18;336;18;2;51;3;6.60;3;1;1;78;0;6497103;-1;0
147;18;336;18;2;52;12;3.80;4;1;1;87;0;6497212;179;0
147;18;336;18;2;51;21;3.60;2;1;1;69;0;6497121;205;0
147;18;336;18;2;53;21;3.00;5;2;1;76;0;6497321;102;0
147;18;336;18;2;53;99;3.40;2;1;1;73;0;6497399;259;0
147;18;336;18;2;54;12;5.80;3;1;1;76;0;6497412;278;0
147;18;336;18;2;55;99;3.40;5;2;1;87;0;6497599;263;0
147;18;336;18;2;55;99;3.60;6;2;1;80;0;6497599;485;0
147;18;336;18;2;55;99;3.60;7;2;1;74;0;6497599;384;0
147;18;336;18;2;56;11;3.00;3;1;1;76;0;6497611;171;0
147;18;336;18;2;56;99;3.60;2;1;1;69;0;6497699;283;0
147;18;336;18;2;58;6;3.60;6;2;1;83;0;6497806;190;0
147;18;336;18;2;58;99;3.40;1;1;1;72;0;6497899;4243;0
147;18;336;18;2;59;2;3.80;3;1;1;81;0;6497902;276;0
147;18;336;18;2;59;17;4.00;6;2;1;83;0;6497917;95;0
147;18;336;18;3;1;27;3.20;4;1;1;82;0;6498127;899;0
147;18;336;18;3;2;37;3.40;2;1;1;77;0;6498237;519;0
147;18;336;18;3;2;67;3.60;3;1;1;73;0;6498267;348;0
147;18;336;18;3;2;91;3.60;6;2;1;80;0;6498291;356;0
147;18;336;18;3;3;99;3.40;5;2;1;81;0;6498399;785;0
147;18;336;18;3;4;99;3.80;5;2;1;82;0;6498499;84;0
147;18;336;18;3;4;24;3.80;3;1;1;87;0;6498424;139;0
147;18;336;18;3;5;69;3.60;8;2;1;74;0;6498569;2950;0
147;18;336;18;3;5;94;3.40;2;1;1;80;0;6498594;341;0
147;18;336;18;3;5;88;3.20;6;2;1;65;0;6498588;280;0
147;18;336;18;3;5;99;4.60;5;2;1;75;0;6498599;83;0
147;18;336;18;3;6;6;6.80;1;1;1;84;0;6498606;690;0
147;18;336;18;3;6;99;3.60;8;2;1;73;0;6498699;112;0
147;18;336;18;3;6;99;3.00;5;2;1;72;0;6498699;77;0
147;18;336;18;3;6;99;3.60;2;1;1;80;0;6498699;89;0
147;18;336;18;3;7;21;3.20;3;1;1;80;0;6498721;281;0
147;18;336;18;3;8;10;2.80;6;2;1;68;0;6498810;204;0
147;18;336;18;3;9;99;3.80;6;2;1;66;0;6498999;174;0
147;18;336;18;3;10;93;3.40;3;1;1;79;0;6499093;357;0
147;18;336;18;3;10;92;3.40;6;2;1;67;0;6499092;72;0
147;18;336;18;3;11;99;3.60;5;2;1;79;0;6499199;485;0
147;18;336;18;3;12;7;4.20;5;2;1;82;0;6499207;-1;0
147;18;336;18;3;13;9;3.80;3;1;1;77;0;6499309;200;0
147;18;336;18;3;13;7;3.60;6;2;1;70;0;6499307;196;0
147;18;336;18;3;13;99;4.00;5;2;1;83;0;6499399;173;0
147;18;336;18;3;13;99;3.60;4;1;1;81;0;6499399;1257;0
147;18;336;18;3;13;99;3.60;6;2;1;70;0;6499399;73;6498810
147;18;336;18;3;14;99;18.00;7;2;5;81;0;6499499;1882;0
147;18;336;18;3;14;4;3.20;3;1;1;70;0;6499404;77;0
147;18;336;18;3;16;99;3.80;3;1;1;69;0;6499699;278;0
147;18;336;18;3;16;99;3.40;6;2;1;73;0;6499699;281;0
147;18;336;18;3;16;99;5.40;4;1;1;82;0;6499699;284;0
147;18;336;18;3;17;51;3.60;6;2;1;72;0;6499751;35;0
147;18;336;18;3;18;82;5.60;2;1;1;76;0;6499882;1166;0
147;18;336;18;3;18;99;3.60;3;1;1;74;0;6499899;180;0
147;18;336;18;3;20;50;3.20;3;1;1;75;0;6500050;133;0
147;18;336;18;3;20;78;3.80;4;1;1;83;0;6500078;355;0
147;18;336;18;3;21;99;3.60;3;1;1;71;0;6500199;133;0
147;18;336;18;3;21;99;4.00;2;1;1;74;0;6500199;290;0
147;18;336;18;3;22;0;3.40;4;1;1;89;0;6500200;105;0
147;18;336;18;3;21;99;3.20;6;2;1;67;0;6500199;430;0
147;18;336;18;3;22;4;3.40;1;1;1;75;0;6500204;1568;0
147;18;336;18;3;22;25;3.80;3;1;1;82;0;6500225;7;6499699
147;18;336;18;3;23;99;3.40;6;2;1;71;0;6500399;182;6499699
147;18;336;18;3;25;5;3.20;2;1;1;79;0;6500505;286;0
147;18;336;18;3;25;66;3.20;5;2;1;86;0;6500566;1149;0
147;18;336;18;3;26;99;4.00;8;2;1;87;0;6500699;1982;0
147;18;336;18;3;26;99;3.40;2;1;1;80;0;6500699;179;0
147;18;336;18;3;27;99;3.80;4;1;1;79;0;6500799;585;0
147;18;336;18;3;27;99;3.80;8;2;1;84;0;6500799;83;0
147;18;336;18;3;26;6;5.80;7;2;1;27;0;6500606;1027;0
147;18;336;18;3;28;97;3.80;8;2;1;79;0;6500897;81;0
147;18;336;18;3;28;99;3.80;5;2;1;79;0;6500899;319;0
147;18;336;18;3;30;54;3.60;6;2;1;81;0;6501054;637;0
147;18;336;18;3;31;12;3.80;3;1;1;84;0;6501112;870;0
147;18;336;18;3;32;99;4.00;3;1;1;81;0;6501299;170;0
147;18;336;18;3;32;99;3.80;7;2;1;85;0;6501299;615;0
147;18;336;18;3;32;99;3.60;2;1;1;82;0;6501299;584;0
147;18;336;18;3;32;10;3.80;5;2;1;83;0;6501210;293;0
147;18;336;18;3;34;1;3.60;5;2;1;84;0;6501401;174;0
147;18;336;18;3;34;99;3.80;5;2;1;89;0;6501499;82;0
147;18;336;18;3;34;99;3.00;2;1;1;74;0;6501499;184;0
147;18;336;18;3;35;10;3.60;3;1;1;80;0;6501510;193;0
147;18;336;18;3;35;64;4.80;2;1;1;76;0;6501564;50;0
147;18;336;18;3;36;99;3.20;3;1;1;83;0;6501699;172;0
147;18;336;18;3;37;99;4.00;8;2;1;75;0;6501799;884;0
147;18;336;18;3;37;99;3.80;5;2;1;85;0;6501799;284;0
147;18;336;18;3;38;69;3.80;2;1;1;79;0;6501869;282;0
147;18;336;18;3;38;95;8.20;6;2;6;68;0;6501895;825;0
147;18;336;18;3;40;5;4.40;5;2;1;84;0;6502005;189;0
147;18;336;18;3;41;95;3.80;3;1;1;79;0;6502195;482;0
147;18;336;18;3;41;99;3.60;5;2;1;83;0;6502199;175;0
147;18;336;18;3;41;3;4.00;7;2;1;17;0;6502103;787;0
147;18;336;18;3;43;54;3.40;6;2;1;66;0;6502354;415;0
147;18;336;18;3;43;70;3.80;3;1;1;76;0;6502370;157;0
147;18;336;18;3;44;99;3.40;2;1;1;77;0;6502499;612;0
147;18;336;18;3;45;4;3.20;6;2;1;69;0;6502504;131;0
147;18;336;18;3;45;14;3.00;2;1;1;74;0;6502514;-1;0
147;18;336;18;3;45;34;3.60;8;2;1;86;0;6502534;715;0
147;18;336;18;3;46;20;3.40;6;2;1;71;0;6502620;99;0
147;18;336;18;3;46;99;9.40;2;1;6;72;0;6502699;170;0
147;18;336;18;3;47;99;4.40;5;2;1;84;0;6502799;584;0
147;18;336;18;3;47;99;3.40;2;1;1;72;0;6502799;53;0
147;18;336;18;3;48;26;3.40;4;1;1;82;0;6502826;2009;0
147;18;336;18;3;48;81;3.60;2;1;1;69;0;6502881;65;6501299
147;18;336;18;3;49;3;3.80;6;2;1;76;0;6502903;265;0
147;18;336;18;3;51;99;3.20;3;1;1;72;0;6503199;811;0
147;18;336;18;3;51;99;3.80;4;1;1;79;0;6503199;358;0
147;18;336;18;3;53;13;3.60;2;1;1;69;0;6503313;413;0
147;18;336;18;3;54;99;3.00;8;2;1;76;0;6503499;949;0
147;18;336;18;3;56;99;3.60;6;2;1;76;0;6503699;778;0
147;18;336;18;3;57;99;3.80;3;1;1;81;0;6503799;584;0
147;18;336;18;4;0;99;4.60;6;2;1;76;0;6504099;382;0
147;18;336;18;4;1;54;3.80;1;1;1;84;0;6504154;3933;0
147;18;336;18;4;0;70;4.20;7;2;1;12;0;6504070;1882;0
147;18;336;18;4;4;14;4.60;6;2;1;78;0;6504414;293;0
147;18;336;18;4;4;99;5.80;7;2;1;86;0;6504499;303;0
147;18;336;18;4;4;99;3.40;3;1;1;83;0;6504499;683;0
147;18;336;18;4;5;99;3.20;6;2;1;75;0;6504599;163;0
147;18;336;18;4;6;97;3.40;5;2;1;82;0;6504697;1879;0
147;18;336;18;4;7;99;3.40;5;2;1;81;0;6504799;87;0
147;18;336;18;4;8;1;3.40;6;2;1;78;0;6504801;186;0
147;18;336;18;4;12;4;3.60;5;2;1;77;0;6505204;389;0
147;18;336;18;4;12;99;3.40;6;2;1;73;0;6505299;482;0
147;18;336;18;4;13;27;4.00;4;1;1;93;0;6505327;2110;0
147;18;336;18;4;13;99;4.00;2;1;1;78;0;6505399;2067;0
147;18;336;18;4;13;99;4.20;7;2;1;86;0;6505399;875;0
147;18;336;18;4;13;2;3.80;5;2;1;77;0;6505302;81;0
147;18;336;18;4;15;99;3.20;5;2;1;81;0;6505599;279;0
147;18;336;18;4;15;99;5.40;2;1;1;78;0;6505599;181;0
147;18;336;18;4;15;99;4.00;8;2;1;80;0;6505599;2085;0
147;18;336;18;4;16;4;3.40;6;2;1;72;0;6505604;288;0
147;18;336;18;4;16;41;3.20;5;2;1;80;0;6505641;27;0
147;18;336;18;4;17;99;4.20;5;2;1;80;0;6505799;143;0
147;18;336;18;4;18;2;3.80;8;2;1;84;0;6505802;185;0
147;18;336;18;4;18;3;3.60;6;2;1;73;0;6505803;182;0
147;18;336;18;4;19;61;3.60;2;1;1;79;0;6505961;337;0
147;18;336;18;4;19;99;3.20;1;1;1;66;0;6505999;1828;0
147;18;336;18;4;20;99;1.00;6;1;1;38;1;6506099;527797;0
147;18;336;18;4;21;99;4.60;2;1;1;75;0;6506199;221;0
147;18;336;18;4;21;13;3.60;3;1;1;83;0;6506113;1599;0
147;18;336;18;4;22;22;3.60;6;2;1;77;0;6506222;401;0
147;18;336;18;4;22;97;3.80;3;1;1;78;0;6506297;168;0
147;18;336;18;4;23;99;3.40;3;1;1;78;0;6506399;84;0
147;18;336;18;4;24;41;3.40;6;2;1;74;0;6506441;202;0
147;18;336;18;4;24;46;3.80;1;1;1;73;0;6506446;429;0
147;18;336;18;4;25;14;3.40;6;2;1;71;0;6506514;56;0
147;18;336;18;4;25;22;3.60;3;1;1;79;0;6506522;107;0
147;18;336;18;4;25;99;3.60;5;2;1;77;0;6506599;781;0
147;18;336;18;4;25;99;3.60;8;2;1;75;0;6506599;780;0
147;18;336;18;4;25;99;3.00;2;1;1;61;0;6506599;377;0
147;18;336;18;4;25;99;4.60;4;1;1;85;0;6506599;1256;0
147;18;336;18;4;26;99;4.40;7;2;1;83;0;6506699;1282;0
147;18;336;18;4;27;99;3.60;3;1;1;82;0;6506799;260;0
147;18;336;18;4;28;6;3.80;8;2;1;80;0;6506806;189;0
147;18;336;18;4;28;7;3.20;1;1;1;74;0;6506807;342;0
147;18;336;18;4;28;17;3.60;6;2;1;78;0;6506817;285;0
147;18;336;18;4;29;63;3.60;2;1;1;69;0;6506963;346;0
147;18;336;18;4;30;99;3.60;6;2;1;77;0;6507099;265;0
147;18;336;18;4;30;99;3.40;2;1;1;67;0;6507099;117;0
147;18;336;18;4;30;99;3.40;1;1;1;74;0;6507099;276;0
147;18;336;18;4;31;20;3.80;5;2;1;83;0;6507120;504;0
147;18;336;18;4;32;99;3.00;4;1;1;72;0;6507299;680;0
147;18;336;18;4;32;99;4.40;2;1;1;75;0;6507299;181;0
147;18;336;18;4;33;99;7.40;3;1;1;74;0;6507399;584;0
147;18;336;18;4;34;33;3.00;2;1;1;75;0;6507433;112;0
147;18;336;18;4;34;28;3.80;8;2;1;78;0;6507428;604;0
147;18;336;18;4;34;48;3.80;5;2;1;79;0;6507448;311;0
147;18;336;18;4;34;61;3.40;6;2;1;69;0;6507461;345;0
147;18;336;18;4;35;99;5.40;8;2;1;80;0;6507599;153;0
147;18;336;18;4;35;99;3.40;7;2;1;80;0;6507599;880;0
147;18;336;18;4;36;99;3.60;2;1;1;73;0;6507699;251;0
147;18;336;18;4;36;14;3.80;1;1;1;79;0;6507614;498;0
147;18;336;18;4;37;77;4.20;8;2;1;79;0;6507777;153;0
147;18;336;18;4;37;79;4.00;4;1;1;83;0;6507779;465;0
147;18;336;18;4;37;99;3.20;3;1;1;76;0;6507799;364;0
147;18;336;18;4;37;99;3.20;6;2;1;74;0;6507799;320;0
147;18;336;18;4;40;12;3.80;7;2;1;80;0;6508012;397;0
147;18;336;18;4;40;99;3.00;6;2;1;84;0;6508099;284;0
147;18;336;18;4;41;99;3.60;4;1;1;84;0;6508199;402;0
147;18;336;18;4;43;99;3.60;3;1;1;82;0;6508399;584;0
147;18;336;18;4;44;99;3.80;3;1;1;80;0;6508499;84;0
147;18;336;18;4;44;2;3.40;2;1;1;69;0;6508402;685;0
147;18;336;18;4;45;99;3.40;4;1;1;80;0;6508599;384;0
147;18;336;18;4;45;99;3.60;2;1;1;69;0;6508599;179;0
147;18;336;18;4;45;99;3.20;3;1;1;77;0;6508599;82;0
147;18;336;18;4;46;99;3.20;6;2;1;77;0;6508699;587;0
147;18;336;18;4;47;33;4.60;1;1;1;74;0;6508733;1101;0
147;18;336;18;4;47;99;4.40;1;1;1;74;0;6508799;43;0
147;18;336;18;4;48;99;4.20;8;2;1;62;0;6508899;1102;0
147;18;336;18;4;48;99;3.60;6;2;1;72;0;6508899;185;0
147;18;336;18;4;49;99;3.40;3;1;1;73;0;6508999;385;0
147;18;336;18;4;49;11;3.20;2;1;1;69;0;6508911;293;0
147;18;336;18;4;50;91;4.00;1;1;1;80;0;6509091;270;0
147;18;336;18;4;47;28;4.20;7;2;1;11;0;6508728;698;0
147;18;336;18;4;51;13;3.20;2;1;1;69;0;6509113;185;0
147;18;336;18;4;51;99;3.60;3;1;1;75;0;6509199;183;0
147;18;336;18;4;51;99;4.80;8;2;1;70;0;6509199;275;0
147;18;336;18;4;52;92;3.40;2;1;1;73;0;6509292;162;0
147;18;336;18;4;53;99;3.60;7;2;1;76;0;6509399;533;0
147;18;336;18;4;54;99;3.60;6;2;1;84;0;6509499;582;0
147;18;336;18;4;54;99;3.80;2;1;1;73;0;6509499;190;0
147;18;336;18;4;56;99;4.00;3;1;1;75;0;6509699;482;0
147;18;336;18;4;58;15;3.60;4;1;1;76;0;6509815;1200;0
147;18;336;18;4;58;99;3.60;5;2;1;76;0;6509899;2433;0
147;18;336;18;4;58;99;3.40;6;2;1;69;0;6509899;384;0
147;18;336;18;4;58;99;3.80;7;2;1;79;0;6509899;482;0
147;18;336;18;5;0;65;4.00;5;2;1;82;0;6510065;148;0
147;18;336;18;5;0;65;4.20;4;1;1;84;0;6510065;232;0
147;18;336;18;5;0;67;4.40;7;2;1;77;0;6510067;150;0
147;18;336;18;5;0;99;3.40;3;1;1;73;0;6510099;380;0
147;18;336;18;5;1;99;7.20;2;1;6;80;0;6510199;681;0
147;18;336;18;5;1;99;3.60;1;1;1;85;0;6510199;1090;0
147;18;336;18;5;1;99;3.60;5;2;1;83;0;6510199;116;0
147;18;336;18;5;1;99;4.40;6;2;1;71;0;6510199;282;0
147;18;336;18;5;2;39;4.40;4;1;1;85;0;6510239;156;0
147;18;336;18;5;3;13;3.80;7;2;1;76;0;6510313;225;0
147;18;336;18;5;3;97;3.40;3;1;1;75;0;6510397;281;0
147;18;336;18;5;3;99;4.00;5;2;1;84;0;6510399;184;0
147;18;336;18;5;4;99;3.80;4;1;1;86;0;6510499;241;0
147;18;336;18;5;4;99;3.60;8;2;1;76;0;6510499;1275;0
147;18;336;18;5;5;80;4.00;8;2;1;73;0;6510580;63;0
147;18;336;18;5;5;94;3.60;2;1;1;84;0;6510594;362;0
147;18;336;18;5;5;99;3.60;3;1;1;77;0;6510599;185;0
147;18;336;18;5;6;99;3.80;5;2;1;82;0;6510699;282;0
147;18;336;18;5;6;99;3.40;2;1;1;76;0;6510699;89;0
147;18;336;18;5;7;21;3.60;3;1;1;75;0;6510721;105;0
147;18;336;18;5;8;96;3.60;6;2;1;78;0;6510896;674;0
147;18;336;18;5;8;99;3.20;2;1;1;77;0;6510899;183;0
147;18;336;18;5;9;14;3.60;6;2;1;79;0;6510914;1;0
147;18;336;18;5;9;19;3.60;3;1;1;76;0;6510919;180;0
147;18;336;18;5;10;38;3.80;8;2;1;79;0;6511038;438;0
147;18;336;18;5;11;15;3.60;2;1;1;76;0;6511115;201;0
147;18;336;18;5;12;9;4.00;3;1;1;82;0;6511209;272;0
147;18;336;18;5;14;99;3.60;6;2;1;77;0;6511499;568;0
147;18;336;18;5;14;99;4.00;3;1;1;83;0;6511499;272;0
147;18;336;18;5;15;41;3.00;5;2;1;85;0;6511541;825;0
147;18;336;18;5;15;68;4.80;2;1;1;84;0;6511568;435;0
147;18;336;18;5;15;75;3.20;7;2;1;83;0;6511575;1244;0
147;18;336;18;5;16;99;3.60;2;1;1;74;0;6511699;110;0
147;18;336;18;5;18;97;3.60;6;2;1;81;0;6511897;381;0
147;18;336;18;5;19;99;3.40;1;1;1;69;0;6511999;1784;0
147;18;336;18;5;21;4;3.80;2;1;1;72;0;6512104;387;0
147;18;336;18;5;22;9;3.80;3;1;1;83;0;6512209;692;0
147;18;336;18;5;22;99;3.80;1;1;1;76;0;6512299;282;0
147;18;336;18;5;22;11;3.40;4;1;1;83;0;6512211;1696;0
147;18;336;18;5;23;99;3.60;3;1;1;82;0;6512399;173;0
147;18;336;18;5;25;13;3.80;5;2;1;79;0;6512513;959;0
147;18;336;18;5;25;23;3.60;3;1;1;79;0;6512523;108;0
147;18;336;18;5;26;99;3.20;2;1;1;82;0;6512699;576;0
147;18;336;18;5;26;99;3.80;6;2;1;65;0;6512699;786;0
147;18;336;18;5;28;57;3.40;6;2;1;66;0;6512857;136;0
147;18;336;18;5;29;99;3.80;6;2;1;66;0;6512999;123;0
147;18;336;18;5;30;2;3.40;8;2;1;83;0;6513002;1946;0
147;18;336;18;5;30;10;3.80;7;2;1;74;0;6513010;1421;0
147;18;336;18;5;31;14;3.40;6;2;1;69;0;6513114;94;0
147;18;336;18;5;31;99;3.60;3;1;1;85;0;6513199;659;0
147;18;336;18;5;32;99;3.00;2;1;1;83;0;6513299;585;0
147;18;336;18;5;33;34;3.40;6;2;1;66;0;6513334;202;0
147;18;336;18;5;35;99;3.80;7;2;1;70;0;6513599;570;0
147;18;336;18;5;35;99;3.80;8;2;1;83;0;6513599;582;0
147;18;336;18;5;35;4;3.40;6;2;1;62;0;6513504;151;0
147;18;336;18;5;36;90;3.60;2;1;1;75;0;6513690;377;0
147;18;336;18;5;36;99;3.60;6;2;1;61;0;6513699;175;0
147;18;336;18;5;37;0;3.60;5;2;1;77;0;6513700;1169;0
147;18;336;18;5;37;99;3.60;4;1;1;81;0;6513799;1573;0
147;18;336;18;5;37;99;3.40;6;2;1;60;0;6513799;78;0
147;18;336;18;5;38;1;2.80;2;1;1;71;0;6513801;93;0
147;18;336;18;5;38;11;4.00;3;1;1;78;0;6513811;596;0
147;18;336;18;5;38;29;3.20;6;2;1;63;0;6513829;9;6513334
147;18;336;18;5;39;99;3.60;7;2;1;74;0;6513999;380;0
147;18;336;18;5;40;99;3.60;6;2;1;64;0;6514099;251;0
147;18;336;18;5;41;99;3.20;6;2;1;69;0;6514199;79;0
147;18;336;18;5;42;99;3.40;5;2;1;81;0;6514299;582;0
147;18;336;18;5;44;99;3.60;6;2;1;64;0;6514499;283;0
147;18;336;18;5;44;99;3.60;5;2;1;80;0;6514499;184;0
147;18;336;18;5;45;99;3.60;3;1;1;74;0;6514599;769;0
147;18;336;18;5;46;7;3.00;6;2;1;66;0;6514607;87;0
147;18;336;18;5;46;73;6.20;5;2;1;80;0;6514673;157;0
147;18;336;18;5;46;99;3.80;1;1;1;83;0;6514699;2382;0
147;18;336;18;5;47;99;3.40;7;2;1;74;0;6514799;782;0
147;18;336;18;5;47;99;3.40;3;1;1;75;0;6514799;182;0
147;18;336;18;5;48;17;2.80;6;2;1;65;0;6514817;193;0
147;18;336;18;5;48;0;3.80;5;2;1;78;0;6514800;99;0
147;18;336;18;5;48;30;3.40;1;1;1;80;0;6514830;114;0
147;18;336;18;5;49;90;3.60;3;1;1;76;0;6514990;174;0
147;18;336;18;5;49;99;3.40;6;2;1;64;0;6514999;166;0
147;18;336;18;5;50;99;3.80;5;2;1;77;0;6515099;281;0
147;18;336;18;5;50;99;3.40;7;2;1;71;0;6515099;283;0
147;18;336;18;5;50;99;3.60;3;1;1;77;0;6515099;91;0
147;18;336;18;5;52;22;3.80;4;1;1;78;0;6515222;1407;0
147;18;336;18;5;52;99;3.20;7;2;1;76;0;6515299;182;0
147;18;336;18;5;52;99;3.60;6;2;1;70;0;6515299;280;0
147;18;336;18;5;53;9;3.60;3;1;1;72;0;6515309;193;6514599
147;18;336;18;5;53;29;3.00;4;1;1;79;0;6515329;89;6514599
147;18;336;18;5;54;87;3.80;6;2;1;75;0;6515487;169;6514599
147;18;336;18;5;55;14;3.80;3;1;1;73;0;6515514;187;6514599
147;18;336;18;5;56;25;3.40;7;2;1;77;0;6515625;310;0
147;18;336;18;5;57;9;3.60;6;2;1;79;0;6515709;203;0
147;18;336;18;5;57;99;3.40;3;1;1;72;0;6515799;266;0
147;18;336;18;5;57;99;3.00;8;2;1;68;0;6515799;2183;0
147;18;336;18;5;57;99;3.80;4;1;1;81;0;6515799;456;0
147;18;336;18;5;57;99;3.40;2;1;1;75;0;6515799;1983;0
147;18;336;18;5;58;10;3.40;5;2;1;77;0;6515810;693;0
147;18;336;18;5;58;38;3.60;4;1;1;81;0;6515838;22;0
147;18;336;18;5;59;99;3.60;3;1;1;79;0;6515999;183;0
147;18;336;18;6;0;99;3.20;6;2;1;74;0;6516099;373;0
147;18;336;18;6;0;99;11.80;2;1;3;77;0;6516099;283;0
147;18;336;18;6;1;28;4.00;5;2;1;93;0;6516128;302;0
147;18;336;18;6;2;99;5.80;5;2;1;83;0;6516299;155;0
147;18;336;18;6;2;99;3.60;2;1;1;74;0;6516299;144;0
147;18;336;18;6;2;99;3.80;1;1;1;83;0;6516299;1453;0
147;18;336;18;6;4;89;4.00;6;2;1;77;0;6516489;374;0
147;18;336;18;6;6;6;3.60;5;2;1;82;0;6516606;281;0
147;18;336;18;6;7;99;3.00;4;1;1;78;0;6516799;945;0
147;18;336;18;6;8;6;2.80;6;2;1;75;0;6516806;298;0
147;18;336;18;6;8;22;3.60;3;1;1;84;0;6516822;806;0
147;18;336;18;6;9;50;4.20;2;1;1;63;0;6516950;633;0
147;18;336;18;6;9;75;3.20;6;2;1;69;0;6516975;155;0
147;18;336;18;6;9;98;14.40;5;2;5;77;0;6516998;376;0
147;18;336;18;6;11;3;3.40;8;2;1;74;0;6517103;1288;0
147;18;336;18;6;10;99;3.20;6;2;1;70;0;6517099;107;0
147;18;336;18;6;12;73;3.40;6;2;1;64;0;6517273;157;0
147;18;336;18;6;13;99;3.60;3;1;1;75;0;6517399;561;0
147;18;336;18;6;13;99;3.40;4;1;1;79;0;6517399;586;0
147;18;336;18;6;14;16;3.60;2;1;1;75;0;6517416;442;0
147;18;336;18;6;15;29;3.80;7;2;1;88;0;6517529;1888;0
147;18;336;18;6;15;99;4.40;6;2;1;76;0;6517599;306;0
147;18;336;18;6;15;99;3.80;2;1;1;80;0;6517599;165;0
147;18;336;18;6;17;96;3.60;7;2;1;81;0;6517796;251;0
147;18;336;18;6;17;82;3.20;3;1;1;72;0;6517782;365;0
147;18;336;18;6;18;12;3.80;1;1;1;76;0;6517812;1496;0
147;18;336;18;6;18;99;3.40;4;1;1;76;0;6517899;484;0
147;18;336;18;6;18;99;3.20;2;1;1;81;0;6517899;282;0
147;18;336;18;6;18;99;3.00;3;1;1;73;0;6517899;101;0
147;18;336;18;6;20;2;3.60;2;1;1;79;0;6518002;88;0
147;18;336;18;6;20;99;4.00;4;1;1;80;0;6518099;183;0
147;18;336;18;6;21;99;3.60;7;2;1;78;0;6518199;387;0
147;18;336;18;6;21;8;4.60;4;1;1;82;0;6518108;-1;0
147;18;336;18;6;22;76;3.40;1;1;1;82;0;6518276;446;0
147;18;336;18;6;22;89;3.60;6;2;1;76;0;6518289;669;0
147;18;336;18;6;23;99;3.60;3;1;1;74;0;6518399;485;0
147;18;336;18;6;23;99;3.40;2;1;1;67;0;6518399;380;0
147;18;336;18;6;25;21;3.20;6;2;1;74;0;6518521;214;0
147;18;336;18;6;24;34;3.40;1;1;1;77;0;6518434;143;0
147;18;336;18;6;25;99;3.20;6;2;1;72;0;6518599;62;0
147;18;336;18;6;25;99;3.60;4;1;1;79;0;6518599;470;0
147;18;336;18;6;26;99;3.60;2;1;1;70;0;6518699;281;0
147;18;336;18;6;26;99;3.00;3;1;1;74;0;6518699;282;0
147;18;336;18;6;26;2;3.40;6;2;1;73;0;6518602;-1;0
147;18;336;18;6;27;51;3.60;8;2;1;77;0;6518751;1631;0
147;18;336;18;6;27;58;4.00;3;1;1;72;0;6518758;44;0
147;18;336;18;6;27;79;4.20;4;1;1;90;0;6518779;163;0
147;18;336;18;6;28;6;4.00;2;1;1;76;0;6518806;88;0
147;18;336;18;6;28;99;3.40;7;2;1;73;0;6518899;683;0
147;18;336;18;6;29;27;3.20;6;2;1;74;0;6518927;308;0
147;18;336;18;6;29;37;4.00;4;1;1;83;0;6518937;141;0
147;18;336;18;6;29;65;4.00;2;1;1;97;0;6518965;140;0
147;18;336;18;6;30;2;3.60;1;1;1;70;0;6519002;552;0
147;18;336;18;6;30;99;3.80;5;2;1;75;0;6519099;2033;0
147;18;336;18;6;30;99;3.80;7;2;1;72;0;6519099;183;0
147;18;336;18;6;31;99;3.60;2;1;1;70;0;6519199;219;0
147;18;336;18;6;33;99;3.40;2;1;1;67;0;6519399;181;0
147;18;336;18;6;34;99;3.80;1;1;1;76;0;6519499;478;0
147;18;336;18;6;35;99;3.20;2;1;1;70;0;6519599;181;0
147;18;336;18;6;36;27;4.40;5;2;1;76;0;6519627;509;0
147;18;336;18;6;36;99;4.00;5;2;1;80;0;6519699;51;0
147;18;336;18;6;37;16;3.80;6;2;1;69;0;6519716;773;0
147;18;336;18;6;37;47;4.60;8;2;1;79;0;6519747;979;0
147;18;336;18;6;37;61;3.60;3;1;1;74;0;6519761;983;0
147;18;336;18;6;37;62;3.60;2;1;1;66;0;6519762;146;0
147;18;336;18;6;39;99;3.20;3;1;1;79;0;6519999;220;0
147;18;336;18;6;39;99;5.40;1;1;1;64;0;6519999;482;0
147;18;336;18;6;39;34;3.80;7;2;1;81;0;6519934;816;0
147;18;336;18;6;39;21;4.00;2;1;1;68;0;6519921;139;6519199
147;18;336;18;6;40;99;3.40;1;1;1;69;0;6520099;69;6519199
147;18;336;18;6;41;16;3.40;2;1;1;69;0;6520116;173;6519199
147;18;336;18;6;41;99;3.60;7;2;1;80;0;6520199;248;0
147;18;336;18;6;41;99;3.20;6;2;1;75;0;6520199;463;0
147;18;336;18;6;41;99;3.80;5;2;1;90;0;6520199;482;0
147;18;336;18;6;42;10;3.20;2;1;1;75;0;6520210;76;6519199
147;18;336;18;6;42;54;3.60;3;1;1;79;0;6520254;240;0
147;18;336;18;6;42;72;5.80;1;1;1;79;0;6520272;155;0
147;18;336;18;6;43;99;3.40;6;2;1;82;0;6520399;184;0
147;18;336;18;6;44;4;3.40;4;1;1;86;0;6520404;1449;0
147;18;336;18;6;43;99;3.80;2;1;1;70;0;6520399;173;6519199
147;18;336;18;6;44;20;4.00;3;1;1;80;0;6520420;149;6519199
147;18;336;18;6;45;8;3.40;2;1;1;69;0;6520508;89;6519199
147;18;336;18;6;45;17;3.20;6;2;1;76;0;6520517;103;6519199
147;18;336;18;6;46;99;3.20;3;1;1;76;0;6520699;261;0
147;18;336;18;6;46;99;3.80;4;1;1;80;0;6520699;280;0
147;18;336;18;6;47;29;3.20;4;1;1;82;0;6520729;12;0
147;18;336;18;6;48;21;3.20;6;2;1;85;0;6520821;288;0
147;18;336;18;6;48;99;4.00;7;2;1;77;0;6520899;683;0
147;18;336;18;6;49;99;3.80;7;2;1;76;0;6520999;81;0
147;18;336;18;6;51;99;3.60;6;2;1;68;0;6521199;364;0
147;18;336;18;6;51;99;3.60;5;2;1;82;0;6521199;984;0
147;18;336;18;6;52;24;3.80;3;1;1;88;0;6521224;509;0
147;18;336;18;6;52;6;3.60;7;2;1;77;0;6521206;189;0
147;18;336;18;6;53;99;3.80;6;2;1;67;0;6521399;180;0
147;18;336;18;6;54;99;3.40;6;2;1;76;0;6521499;79;0
147;18;336;18;6;55;1;3.80;3;1;1;78;0;6521501;261;0
147;18;336;18;6;56;0;3.60;6;2;1;67;0;6521600;84;0
147;18;336;18;6;56;99;4.00;2;1;1;87;0;6521699;1173;0
147;18;336;18;6;57;99;3.00;6;2;1;65;0;6521799;179;6521199
147;18;336;18;6;58;99;3.20;6;2;1;64;0;6521899;83;6521199
147;18;336;18;6;59;99;4.20;3;1;1;76;0;6521999;480;0
147;18;336;18;6;59;99;3.40;8;2;1;75;0;6521999;2231;0
147;18;336;18;7;0;22;3.40;6;2;1;69;0;6522022;105;6521199
147;18;336;18;7;1;99;3.20;8;2;1;80;0;6522199;183;6521199
147;18;336;18;7;1;99;3.60;6;2;1;69;0;6522199;159;6521199
147;18;336;18;7;2;36;3.60;6;2;1;68;0;6522236;18;6521199
147;18;336;18;7;3;99;2.00;8;2;1;79;0;6522399;185;6521199
147;18;336;18;7;3;99;3.20;7;2;1;82;0;6522399;1176;0
147;18;336;18;7;4;99;4.80;5;2;1;79;0;6522499;1284;0
147;18;336;18;7;5;22;4.00;7;2;1;82;0;6522522;108;0
147;18;336;18;7;5;11;3.80;6;2;1;68;0;6522511;255;0
147;18;336;18;7;6;30;3.40;5;2;1;82;0;6522630;109;0
147;18;336;18;7;7;1;3.60;3;1;1;76;0;6522701;682;0
147;18;336;18;7;7;20;4.40;5;2;1;85;0;6522720;75;0
147;18;336;18;7;7;26;3.60;2;1;1;77;0;6522726;1010;0
147;18;336;18;7;8;12;4.20;7;2;1;82;0;6522812;272;0
147;18;336;18;7;9;99;3.20;7;2;1;80;0;6522999;168;0
147;18;336;18;7;11;13;3.20;3;1;1;67;0;6523113;394;0
147;18;336;18;7;11;23;3.60;1;1;1;81;0;6523123;2824;0
147;18;336;18;7;11;99;3.40;3;1;1;68;0;6523199;68;0
147;18;336;18;7;12;99;3.20;7;2;1;77;0;6523299;285;0
147;18;336;18;7;12;99;3.80;4;1;1;86;0;6523299;2555;0
147;18;336;18;7;13;51;3.80;3;1;1;67;0;6523351;134;0
147;18;336;18;7;14;99;4.80;6;2;1;80;0;6523499;967;0
147;18;336;18;7;14;99;3.40;3;1;1;74;0;6523499;127;0
147;18;336;18;7;15;18;4.20;5;2;1;83;0;6523518;779;0
147;18;336;18;7;16;86;3.60;6;2;1;76;0;6523686;165;0
147;18;336;18;7;16;99;3.80;4;1;1;81;0;6523699;384;0
147;18;336;18;7;16;99;3.00;3;1;1;67;0;6523699;183;6523113
147;18;336;18;7;17;99;3.80;7;2;1;79;0;6523799;485;0
147;18;336;18;7;17;99;3.20;6;2;1;67;0;6523799;95;0
147;18;336;18;7;17;3;3.60;4;1;1;82;0;6523703;-1;0
147;18;336;18;7;18;67;4.00;5;2;1;85;0;6523867;330;0
147;18;336;18;7;19;99;3.60;2;1;1;69;0;6523999;1256;0
147;18;336;18;7;19;99;4.00;4;1;1;82;0;6523999;280;0
147;18;336;18;7;20;99;3.80;6;2;1;80;0;6524099;282;0
147;18;336;18;7;20;24;3.60;7;2;1;81;0;6524024;207;0
147;18;336;18;7;21;99;3.60;5;2;1;90;0;6524199;315;0
147;18;336;18;7;22;1;3.40;2;1;1;71;0;6524201;183;0
147;18;336;18;7;22;99;3.40;8;2;1;82;0;6524299;1890;0
147;18;336;18;7;22;99;5.40;7;2;1;85;0;6524299;259;0
147;18;336;18;7;22;99;3.60;4;1;1;77;0;6524299;282;0
147;18;336;18;7;23;9;3.20;2;1;1;70;0;6524309;90;0
147;18;336;18;7;23;85;3.80;3;1;1;74;0;6524385;669;0
147;18;336;18;7;24;14;4.00;6;2;1;88;0;6524414;297;0
147;18;336;18;7;24;99;3.20;1;1;1;83;0;6524499;1360;0
147;18;336;18;7;25;33;3.80;6;2;1;84;0;6524533;102;0
147;18;336;18;7;26;18;2.80;3;1;1;75;0;6524618;214;0
147;18;336;18;7;27;99;3.20;2;1;1;72;0;6524799;473;0
147;18;336;18;7;27;99;4.00;3;1;1;72;0;6524799;167;0
147;18;336;18;7;28;22;3.20;6;2;1;80;0;6524822;272;0
147;18;336;18;7;28;1;3.80;2;1;1;73;0;6524801;-1;0
147;18;336;18;7;29;4;3.40;3;1;1;77;0;6524904;85;0
147;18;336;18;7;29;99;3.40;6;2;1;76;0;6524999;162;0
147;18;336;18;7;30;99;3.60;2;1;1;74;0;6525099;279;0
147;18;336;18;7;30;99;3.40;3;1;1;82;0;6525099;179;0
147;18;336;18;7;30;99;3.80;5;2;1;84;0;6525099;885;0
147;18;336;18;7;30;2;3.20;6;2;1;76;0;6525002;-1;0
147;18;336;18;7;32;3;3.40;5;2;1;80;0;6525203;87;0
147;18;336;18;7;33;21;4.40;5;2;1;83;0;6525321;102;0
147;18;336;18;7;34;1;5.40;6;2;1;72;0;6525401;383;0
147;18;336;18;7;34;99;4.00;3;1;1;81;0;6525499;385;0
147;18;336;18;7;34;99;3.20;2;1;1;74;0;6525499;382;0
147;18;336;18;7;35;11;3.00;6;2;1;73;0;6525511;83;0
147;18;336;18;7;36;33;3.60;6;2;1;73;0;6525633;107;0
147;18;336;18;7;37;99;3.20;3;1;1;70;0;6525799;282;0
147;18;336;18;7;39;99;3.00;3;1;1;75;0;6525999;183;0
147;18;336;18;7;40;20;3.60;5;2;1;81;0;6526020;679;0
147;18;336;18;7;40;99;3.80;7;2;1;83;0;6526099;1777;0
147;18;336;18;7;41;74;3.80;3;1;1;72;0;6526174;160;0
147;18;336;18;7;42;17;3.60;6;2;1;75;0;6526217;566;0
147;18;336;18;7;43;99;4.40;3;1;1;76;0;6526399;206;0
147;18;336;18;7;43;99;4.00;8;2;1;83;0;6526399;2085;0
147;18;336;18;7;43;5;3.00;6;2;1;73;0;6526305;70;0
147;18;336;18;7;43;17;4.00;5;2;1;80;0;6526317;281;0
147;18;336;18;7;43;33;3.80;7;2;1;89;0;6526333;217;0
147;18;336;18;7;44;7;3.40;2;1;1;74;0;6526407;892;0
147;18;336;18;7;44;99;3.80;3;1;1;75;0;6526499;79;0
147;18;336;18;7;45;19;3.80;6;2;1;77;0;6526519;199;0
147;18;336;18;7;46;31;3.40;1;1;1;78;0;6526631;2118;0
147;18;336;18;7;46;63;6.00;5;2;1;78;0;6526663;328;0
147;18;336;18;7;47;99;3.80;6;2;1;77;0;6526799;262;0
147;18;336;18;7;47;99;3.80;7;2;1;79;0;6526799;450;0
147;18;336;18;7;47;99;3.80;4;1;1;86;0;6526799;2483;0
147;18;336;18;7;47;99;3.80;5;2;1;76;0;6526799;108;0
147;18;336;18;7;49;71;3.80;5;2;1;76;0;6526971;154;0
147;18;336;18;7;49;99;3.40;2;1;1;77;0;6526999;575;0
147;18;336;18;7;50;99;4.80;6;2;1;78;0;6527099;282;0
147;18;336;18;7;51;12;3.20;2;1;1;77;0;6527112;97;0
147;18;336;18;7;51;49;3.40;7;2;1;76;0;6527149;332;0
147;18;336;18;7;51;75;3.60;8;2;1;81;0;6527175;758;0
147;18;336;18;7;52;99;3.80;5;2;1;82;0;6527299;310;0
147;18;336;18;7;53;99;3.60;6;2;1;83;0;6527399;277;0
147;18;336;18;7;54;22;3.60;6;2;1;84;0;6527422;7;0
147;18;336;18;7;54;20;3.60;3;1;1;78;0;6527420;902;0
147;18;336;18;7;54;58;3.60;2;1;1;83;0;6527458;331;0
147;18;336;18;7;54;87;3.60;5;2;1;83;0;6527487;171;0
147;18;336;18;7;55;99;5.00;3;1;1;82;0;6527599;162;0
147;18;336;18;7;55;99;3.60;5;2;1;89;0;6527599;96;0
147;18;336;18;8;0;99;3.80;7;2;1;72;0;6528099;933;0
147;18;336;18;8;1;0;3.20;6;2;1;76;0;6528100;662;0
147;18;336;18;8;1;29;4.00;5;2;1;87;0;6528129;515;0
147;18;336;18;8;2;6;3.80;7;2;1;76;0;6528206;88;0
147;18;336;18;8;3;99;3.40;6;2;1;70;0;6528399;283;0
147;18;336;18;8;3;99;3.80;5;2;1;87;0;6528399;253;0
147;18;336;18;8;4;7;4.00;7;2;1;80;0;6528407;183;0
147;18;336;18;8;4;61;3.60;6;2;1;70;0;6528461;44;0
147;18;336;18;8;5;1;3.80;3;1;1;82;0;6528501;880;0
147;18;336;18;8;5;99;3.80;7;2;1;74;0;6528599;174;0
147;18;336;18;8;6;99;4.00;6;2;1;69;0;6528699;219;0
147;18;336;18;8;7;91;3.40;3;1;1;83;0;6528791;273;0
147;18;336;18;8;7;99;3.00;4;1;1;87;0;6528799;1984;0
147;18;336;18;8;7;99;3.20;6;2;1;68;0;6528799;79;0
147;18;336;18;8;8;99;3.60;5;2;1;77;0;6528899;484;0
147;18;336;18;8;8;99;3.00;6;2;1;67;0;6528899;83;0
147;18;336;18;8;9;70;3.60;1;1;1;83;0;6528970;2323;0
147;18;336;18;8;9;75;3.20;6;2;1;64;0;6528975;59;0
147;18;336;18;8;10;99;3.20;6;2;1;67;0;6529099;106;6528699
147;18;336;18;8;11;20;4.20;8;2;1;84;0;6529120;1929;0
147;18;336;18;8;11;99;3.60;5;2;1;84;0;6529199;283;0
147;18;336;18;8;12;52;3.40;6;2;1;68;0;6529252;135;6528699
147;18;336;18;8;13;17;3.40;3;1;1;77;0;6529317;511;0
147;18;336;18;8;13;99;4.00;6;2;1;67;0;6529399;129;6528699
147;18;336;18;8;13;99;3.60;2;1;1;71;0;6529399;1925;0
147;18;336;18;8;14;11;4.20;7;2;1;77;0;6529411;793;0
147;18;336;18;8;14;64;2.80;4;1;1;76;0;6529464;652;0
147;18;336;18;8;15;99;3.00;6;2;1;73;0;6529599;178;6528699
147;18;336;18;8;15;99;5.00;4;1;1;75;0;6529599;121;6528699
147;18;336;18;8;15;99;5.80;2;1;1;74;0;6529599;181;6528699
147;18;336;18;8;17;37;11.60;2;1;2;73;0;6529737;109;6528699
147;18;336;18;8;17;99;3.60;4;1;1;80;0;6529799;176;6528699
147;18;336;18;8;18;99;3.60;5;2;1;80;0;6529899;684;0
147;18;336;18;8;18;99;4.00;3;1;1;77;0;6529899;566;0
147;18;336;18;8;18;99;3.60;6;2;1;77;0;6529899;285;0
147;18;336;18;8;19;32;3.60;3;1;1;74;0;6529932;14;0
147;18;336;18;8;20;94;3.60;5;2;1;80;0;6530094;178;0
147;18;336;18;8;20;99;3.40;2;1;1;74;0;6530099;304;0
147;18;336;18;8;20;99;4.20;7;2;1;79;0;6530099;668;0
147;18;336;18;8;20;99;3.60;1;1;1;80;0;6530099;1113;0
147;18;336;18;8;21;99;4.40;6;2;1;72;0;6530199;283;0
147;18;336;18;8;21;99;3.60;8;2;1;77;0;6530199;1061;0
147;18;336;18;8;21;99;4.00;3;1;1;75;0;6530199;249;0
147;18;336;18;8;23;25;3.60;5;2;1;84;0;6530325;214;0
147;18;336;18;8;23;99;3.60;2;1;1;75;0;6530399;283;0
147;18;336;18;8;23;99;3.80;6;2;1;75;0;6530399;178;0
147;18;336;18;8;23;99;3.60;4;1;1;83;0;6530399;583;0
147;18;336;18;8;24;21;3.60;7;2;1;74;0;6530421;302;0
147;18;336;18;8;24;37;3.20;5;2;1;79;0;6530437;96;0
147;18;336;18;8;25;96;3.60;2;1;1;73;0;6530596;179;0
147;18;336;18;8;25;99;3.60;3;1;1;74;0;6530599;380;0
147;18;336;18;8;25;99;3.40;8;2;1;80;0;6530599;383;0
147;18;336;18;8;26;99;3.60;5;2;1;81;0;6530699;247;0
147;18;336;18;8;27;7;3.80;6;2;1;75;0;6530707;289;0
147;18;336;18;8;28;99;3.40;4;1;1;81;0;6530899;484;0
147;18;336;18;8;29;5;3.40;6;2;1;70;0;6530905;179;0
147;18;336;18;8;30;0;3.40;3;1;1;79;0;6531000;383;0
147;18;336;18;8;30;99;4.00;8;2;1;80;0;6531099;484;0
147;18;336;18;8;31;13;3.20;6;2;1;71;0;6531113;190;0
147;18;336;18;8;31;99;3.60;8;2;1;80;0;6531199;82;0
147;18;336;18;8;32;68;3.80;5;2;1;85;0;6531268;553;0
147;18;336;18;8;32;80;3.60;6;2;1;87;0;6531280;150;0
147;18;336;18;8;33;99;3.60;2;1;1;73;0;6531399;785;0
147;18;336;18;8;33;31;5.80;7;2;1;28;0;6531331;892;0
147;18;336;18;8;35;61;3.60;3;1;1;74;0;6531561;545;0
147;18;336;18;8;37;1;3.80;3;1;1;74;0;6531701;122;0
147;18;336;18;8;37;14;3.80;2;1;1;82;0;6531714;297;0
147;18;336;18;8;37;58;3.80;7;2;1;72;0;6531758;352;0
147;18;336;18;8;38;99;3.60;7;2;1;69;0;6531899;122;0
147;18;336;18;8;39;99;3.40;2;1;1;77;0;6531999;268;0
147;18;336;18;8;39;99;4.00;4;1;1;78;0;6531999;1084;0
147;18;336;18;8;39;99;3.80;3;1;1;70;0;6531999;279;0
147;18;336;18;8;39;99;4.00;1;1;1;87;0;6531999;1883;0
147;18;336;18;8;40;14;3.40;8;2;1;70;0;6532014;798;0
147;18;336;18;8;40;89;4.00;1;1;1;85;0;6532089;73;0
147;18;336;18;8;41;99;3.60;6;2;1;77;0;6532199;904;0
147;18;336;18;8;42;18;3.80;5;2;1;81;0;6532218;933;0
147;18;336;18;8;42;39;3.00;4;1;1;81;0;6532239;221;0
147;18;336;18;8;42;99;13.40;7;2;3;79;0;6532299;381;0
147;18;336;18;8;43;99;3.40;5;2;1;78;0;6532399;164;0
147;18;336;18;8;43;99;5.40;6;2;1;76;0;6532399;183;0
147;18;336;18;8;44;99;3.80;3;1;1;74;0;6532499;480;0
147;18;336;18;8;44;99;7.00;5;2;1;83;0;6532499;84;0
147;18;336;18;8;45;65;3.60;6;2;1;76;0;6532565;140;0
147;18;336;18;8;46;8;3.40;2;1;1;73;0;6532608;593;0
147;18;336;18;8;46;11;4.00;1;1;1;81;0;6532611;505;0
147;18;336;18;8;47;99;7.00;6;2;1;77;0;6532799;216;0
147;18;336;18;8;47;6;3.20;1;1;1;76;0;6532706;77;0
147;18;336;18;8;48;99;3.20;2;1;1;73;0;6532899;274;0
147;18;336;18;8;49;99;3.60;6;2;1;80;0;6532999;167;0
147;18;336;18;8;49;99;3.00;8;2;1;78;0;6532999;967;0
147;18;336;18;8;50;72;3.20;7;2;1;79;0;6533072;711;0
147;18;336;18;8;52;15;4.00;8;2;1;84;0;6533215;202;0
147;18;336;18;8;53;99;3.20;6;2;1;76;0;6533399;383;0
147;18;336;18;8;53;99;3.60;2;1;1;72;0;6533399;484;0
147;18;336;18;8;55;16;3.80;1;1;1;73;0;6533516;794;0
147;18;336;18;8;55;25;3.80;4;1;1;83;0;6533525;1272;0
147;18;336;18;8;55;38;5.00;7;2;1;82;0;6533538;451;0
147;18;336;18;8;55;74;3.60;5;2;1;79;0;6533574;1044;0
147;18;336;18;8;56;3;4.40;3;1;1;77;0;6533603;1085;0
147;18;336;18;8;57;99;3.60;3;1;1;77;0;6533799;175;0
147;18;336;18;8;57;8;3.80;6;2;1;86;0;6533708;293;0
147;18;336;18;8;58;99;3.80;4;1;1;77;0;6533899;357;0
147;18;336;18;9;0;99;3.40;4;1;1;77;0;6534099;182;0
147;18;336;18;9;0;35;3.80;6;2;1;83;0;6534035;311;0
147;18;336;18;9;1;99;3.80;3;1;1;75;0;6534199;383;0
147;18;336;18;9;1;99;3.80;4;1;1;81;0;6534199;84;0
147;18;336;18;9;2;99;3.60;2;1;1;68;0;6534299;882;0
147;18;336;18;9;3;65;3.00;3;1;1;79;0;6534365;147;0
147;18;336;18;9;3;99;3.80;1;1;1;81;0;6534399;864;0
147;18;336;18;9;4;99;4.00;2;1;1;73;0;6534499;180;0
147;18;336;18;9;6;20;3.40;5;2;1;82;0;6534620;1029;0
147;18;336;18;9;6;21;3.80;3;1;1;84;0;6534621;242;0
147;18;336;18;9;6;99;4.40;7;2;1;80;0;6534699;1139;0
147;18;336;18;9;6;99;3.40;2;1;1;74;0;6534699;180;0
147;18;336;18;9;7;99;3.60;5;2;1;81;0;6534799;164;0
147;18;336;18;9;8;26;3.80;3;1;1;78;0;6534826;188;0
147;18;336;18;9;8;92;4.00;1;1;1;78;0;6534892;476;0
147;18;336;18;9;9;0;3.60;6;2;1;70;0;6534900;848;0
147;18;336;18;9;10;2;4.00;3;1;1;78;0;6535002;158;0
147;18;336;18;9;10;99;4.60;7;2;1;75;0;6535099;380;0
147;18;336;18;9;11;96;3.40;6;2;1;72;0;6535196;277;0
147;18;336;18;9;11;99;3.20;2;1;1;80;0;6535199;483;0
147;18;336;18;9;12;99;7.00;2;1;2;80;0;6535299;85;0
147;18;336;18;9;12;99;3.00;6;2;1;78;0;6535299;86;0
147;18;336;18;9;13;0;4.60;3;1;1;78;0;6535300;279;0
147;18;336;18;9;13;13;3.80;5;2;1;79;0;6535313;498;0
147;18;336;18;9;13;84;3.60;2;1;1;78;0;6535384;53;0
147;18;336;18;9;15;3;3.40;6;2;1;74;0;6535503;190;0
147;18;336;18;9;15;99;3.40;2;1;1;67;0;6535599;198;0
147;18;336;18;9;15;99;4.00;3;1;1;79;0;6535599;277;0
147;18;336;18;9;17;7;3.80;8;2;1;76;0;6535707;2474;0
147;18;336;18;9;17;99;3.40;1;1;1;68;0;6535799;888;0
147;18;336;18;9;18;19;3.60;6;2;1;82;0;6535819;299;0
147;18;336;18;9;15;30;4.00;7;2;1;12;0;6535530;408;0
147;18;336;18;9;18;69;3.20;5;2;1;82;0;6535869;538;0
147;18;336;18;9;19;99;2.80;2;1;1;69;0;6535999;381;0
147;18;336;18;9;20;2;3.60;6;2;1;80;0;6536002;167;0
147;18;336;18;9;20;99;3.60;3;1;1;73;0;6536099;481;0
147;18;336;18;9;21;99;3.20;6;2;1;86;0;6536199;180;0
147;18;336;18;9;22;99;3.40;2;1;1;69;0;6536299;285;0
147;18;336;18;9;22;99;3.80;3;1;1;76;0;6536299;182;0
147;18;336;18;9;24;99;3.60;1;1;1;71;0;6536499;682;0
147;18;336;18;9;25;99;4.60;7;2;1;75;0;6536599;949;0
147;18;336;18;9;25;99;4.00;3;1;1;73;0;6536599;282;0
147;18;336;18;9;25;99;4.00;4;1;1;77;0;6536599;2383;0
147;18;336;18;9;26;19;3.00;2;1;1;72;0;6536619;302;0
147;18;336;18;9;26;64;3.60;5;2;1;79;0;6536664;780;0
147;18;336;18;9;26;78;3.80;4;1;1;76;0;6536678;60;0
147;18;336;18;9;26;86;3.60;3;1;1;76;0;6536686;67;0
147;18;336;18;9;26;92;3.20;8;2;1;80;0;6536692;967;0
147;18;336;18;9;27;99;3.60;6;2;1;76;0;6536799;586;0
147;18;336;18;9;27;99;4.00;7;2;1;88;0;6536799;177;0
147;18;336;18;9;28;6;4.20;2;1;1;77;0;6536806;172;0
147;18;336;18;9;29;19;3.80;5;2;1;87;0;6536919;238;0
147;18;336;18;9;29;28;4.20;1;1;1;74;0;6536928;410;0
147;18;336;18;9;29;76;3.60;6;2;1;77;0;6536976;159;0
147;18;336;18;9;29;97;3.40;7;2;1;73;0;6536997;181;0
147;18;336;18;9;30;8;4.80;7;2;1;73;0;6537008;-1;0
147;18;336;18;9;30;99;3.40;6;2;1;75;0;6537099;106;0
147;18;336;18;9;31;20;3.40;7;2;1;76;0;6537120;88;6536599
147;18;336;18;9;31;45;3.40;2;1;1;77;0;6537145;319;0
147;18;336;18;9;33;6;3.60;5;2;1;81;0;6537306;371;0
147;18;336;18;9;33;21;3.80;2;1;1;78;0;6537321;160;0
147;18;336;18;9;33;38;3.80;6;2;1;75;0;6537338;222;0
147;18;336;18;9;34;99;3.20;3;1;1;78;0;6537499;795;0
147;18;336;18;9;35;99;3.20;6;2;1;74;0;6537599;242;0
147;18;336;18;9;35;99;3.80;2;1;1;77;0;6537599;260;0
147;18;336;18;9;37;22;3.20;6;2;1;77;0;6537722;107;0
147;18;336;18;9;37;99;3.80;2;1;1;81;0;6537799;182;0
147;18;336;18;9;38;99;3.00;6;2;1;79;0;6537899;162;0
147;18;336;18;9;39;1;4.40;5;2;1;79;0;6537901;579;0
147;18;336;18;9;40;0;4.60;5;2;1;82;0;6538000;78;0
147;18;336;18;9;40;99;3.00;3;1;1;77;0;6538099;585;0
147;18;336;18;9;39;92;5.60;7;2;1;30;0;6537992;855;0
147;18;336;18;9;41;52;3.80;6;2;1;85;0;6538152;239;0
147;18;336;18;9;41;63;3.20;7;2;1;77;0;6538163;103;0
147;18;336;18;9;43;5;3.60;4;1;1;76;0;6538305;1609;0
147;18;336;18;9;43;99;3.80;3;1;1;80;0;6538399;285;0
147;18;336;18;9;44;50;3.60;8;2;1;67;0;6538450;1743;0
147;18;336;18;9;45;99;3.20;3;1;1;77;0;6538599;182;0
147;18;336;18;9;45;99;3.40;2;1;1;73;0;6538599;783;0
147;18;336;18;9;46;0;3.20;7;2;1;80;0;6538600;422;0
147;18;336;18;9;48;25;3.40;6;2;1;78;0;6538825;656;0
147;18;336;18;9;49;42;3.40;6;2;1;81;0;6538942;101;0
147;18;336;18;9;50;5;4.00;5;2;1;81;0;6539005;984;0
147;18;336;18;9;51;8;3.60;7;2;1;80;0;6539108;493;0
147;18;336;18;9;51;27;4.40;5;2;1;83;0;6539127;104;0
147;18;336;18;9;53;8;3.60;6;2;1;83;0;6539308;350;0
147;18;336;18;9;53;12;3.40;5;2;1;81;0;6539312;165;0
147;18;336;18;9;54;27;3.20;3;1;1;71;0;6539427;813;0
147;18;336;18;9;54;34;3.80;7;2;1;75;0;6539434;309;0
147;18;336;18;9;56;99;4.40;7;2;1;78;0;6539699;246;0
147;18;336;18;9;56;11;3.20;5;2;1;87;0;6539611;283;0
147;18;336;18;9;56;9;3.40;4;1;1;80;0;6539609;1286;0
147;18;336;18;9;57;90;3.40;3;1;1;80;0;6539790;346;0
147;18;336;18;9;57;99;3.40;6;2;1;74;0;6539799;475;0
147;18;336;18;9;59;29;4.00;3;1;1;81;0;6539929;123;0
147;18;336;18;9;59;57;3.80;6;2;1;81;0;6539957;141;0
147;18;336;18;10;1;11;3.40;6;2;1;73;0;6540111;137;0
147;18;336;18;10;1;99;3.40;2;1;1;82;0;6540199;1583;0
147;18;336;18;10;2;76;3.40;6;2;1;74;0;6540276;148;0
147;18;336;18;10;2;82;3.40;3;1;1;75;0;6540282;335;0
147;18;336;18;10;3;6;3.60;1;1;1;82;0;6540306;3357;0
147;18;336;18;10;5;99;3.40;2;1;1;71;0;6540599;385;0
147;18;336;18;10;5;99;2.20;1;1;1;79;0;6540599;277;0
147;18;336;18;10;6;99;3.60;3;1;1;77;0;6540699;400;0
147;18;336;18;10;7;99;3.60;1;1;1;84;0;6540799;189;0
147;18;336;18;10;9;13;3.60;7;2;1;80;0;6540913;1193;0
147;18;336;18;10;10;3;3.80;6;2;1;85;0;6541003;710;0
147;18;336;18;10;11;99;3.20;6;2;1;84;0;6541199;179;0
147;18;336;18;10;13;99;3.40;7;2;1;84;0;6541399;469;0
147;18;336;18;10;14;1;4.60;3;1;1;67;0;6541401;685;0
147;18;336;18;10;15;83;3.40;5;2;1;90;0;6541583;1958;0
147;18;336;18;10;15;72;3.60;3;1;1;68;0;6541572;146;0
147;18;336;18;10;15;99;3.40;6;2;1;77;0;6541599;386;0
147;18;336;18;10;17;26;3.00;6;2;1;75;0;6541726;111;0
147;18;336;18;10;20;27;3.60;1;1;1;85;0;6542027;1212;0
147;18;336;18;10;20;99;4.20;7;2;1;92;0;6542099;685;0
147;18;336;18;10;21;11;3.20;6;2;1;80;0;6542111;370;0
147;18;336;18;10;21;99;3.80;5;2;1;82;0;6542199;602;0
147;18;336;18;10;22;38;4.20;5;2;1;86;0;6542238;22;0
147;18;336;18;10;23;19;4.00;4;1;1;83;0;6542319;2694;0
147;18;336;18;10;23;15;3.80;1;1;1;73;0;6542315;272;0
147;18;336;18;10;23;99;3.60;7;2;1;79;0;6542399;283;0
147;18;336;18;10;24;16;3.40;3;1;1;71;0;6542416;824;0
147;18;336;18;10;24;3;7.00;4;1;1;82;0;6542403;66;0
147;18;336;18;10;25;55;3.60;2;1;1;74;0;6542555;1938;0
147;18;336;18;10;25;99;3.80;7;2;1;78;0;6542599;183;0
147;18;336;18;10;25;99;3.40;2;1;1;76;0;6542599;26;0
147;18;336;18;10;26;99;3.20;3;1;1;79;0;6542699;265;0
147;18;336;18;10;28;3;3.40;3;1;1;77;0;6542803;89;0
147;18;336;18;10;28;13;4.20;4;1;1;80;0;6542813;379;0
147;18;336;18;10;29;99;3.60;5;2;1;80;0;6542999;743;0
147;18;336;18;10;29;99;3.60;7;2;1;79;0;6542999;382;0
147;18;336;18;10;29;99;3.60;6;2;1;74;0;6542999;873;0
147;18;336;18;10;30;94;3.00;4;1;1;82;0;6543094;262;0
147;18;336;18;10;31;6;3.60;3;1;1;74;0;6543106;287;0
147;18;336;18;10;31;99;3.40;5;2;1;81;0;6543199;183;0
147;18;336;18;10;32;99;3.80;6;2;1;78;0;6543299;282;0
147;18;336;18;10;34;13;3.60;6;2;1;78;0;6543413;96;0
147;18;336;18;10;35;19;3.40;3;1;1;77;0;6543519;395;0
147;18;336;18;10;35;24;3.80;6;2;1;79;0;6543524;94;0
147;18;336;18;10;36;99;3.60;6;2;1;78;0;6543699;157;0
147;18;336;18;10;39;99;3.40;3;1;1;78;0;6543999;464;0
147;18;336;18;10;40;28;4.00;4;1;1;81;0;6544028;920;0
147;18;336;18;10;41;99;4.00;3;1;1;77;0;6544199;184;0
147;18;336;18;10;41;99;3.60;1;1;1;81;0;6544199;1865;0
147;18;336;18;10;42;5;3.20;6;2;1;77;0;6544205;489;0
147;18;336;18;10;42;18;4.20;3;1;1;72;0;6544218;0;0
147;18;336;18;10;43;90;3.20;2;1;1;76;0;6544390;1774;0
147;18;336;18;10;44;99;3.80;6;2;1;106;0;6544499;279;0
147;18;336;18;10;45;67;5.20;5;2;1;91;0;6544567;1352;0
147;18;336;18;10;47;25;4.00;5;2;1;93;0;6544725;137;0
147;18;336;18;10;47;99;3.80;6;2;1;79;0;6544799;287;0
147;18;336;18;10;48;40;3.60;6;2;1;77;0;6544840;23;0
147;18;336;18;10;49;99;3.60;8;2;1;74;0;6544999;6529;0
147;18;336;18;10;50;18;3.80;8;2;1;77;0;6545018;1;0
147;18;336;18;10;51;99;3.80;6;2;1;81;0;6545199;342;0
147;18;336;18;10;54;99;3.40;7;2;1;76;0;6545499;2483;0
147;18;336;18;10;56;99;4.20;6;2;1;84;0;6545699;483;0
147;18;336;18;10;57;99;4.00;6;2;1;79;0;6545799;82;0
147;18;336;18;10;57;99;3.60;4;1;1;84;0;6545799;1753;0
147;18;336;18;10;58;17;3.80;3;1;1;77;0;6545817;1578;0
147;18;336;18;11;0;19;3.60;4;1;1;85;0;6546019;204;0
147;18;336;18;11;0;99;4.20;2;1;1;73;0;6546099;1693;0
147;18;336;18;11;0;99;3.80;3;1;1;73;0;6546099;264;0
147;18;336;18;11;1;78;3.40;6;2;1;77;0;6546178;360;0
147;18;336;18;11;3;13;4.00;7;2;1;87;0;6546313;797;0
147;18;336;18;11;3;65;3.20;3;1;1;74;0;6546365;247;0
147;18;336;18;11;3;68;3.80;5;2;1;80;0;6546368;1627;0
147;18;336;18;11;4;1;3.40;6;2;1;77;0;6546401;207;0
147;18;336;18;11;5;99;5.60;2;1;1;73;0;6546599;479;0
147;18;336;18;11;5;99;3.40;6;2;1;75;0;6546599;182;0
147;18;336;18;11;6;20;3.20;6;2;1;74;0;6546620;4;0
147;18;336;18;11;6;73;3.80;2;1;1;74;0;6546673;46;0
147;18;336;18;11;6;99;3.60;5;2;1;89;0;6546699;313;0
147;18;336;18;11;6;99;3.80;3;1;1;77;0;6546699;318;0
147;18;336;18;11;7;99;3.20;7;2;1;79;0;6546799;469;0
147;18;336;18;11;7;99;3.60;6;2;1;75;0;6546799;163;0
147;18;336;18;11;7;99;4.00;2;1;1;71;0;6546799;107;0
147;18;336;18;11;7;99;4.80;3;1;1;74;0;6546799;82;0
147;18;336;18;11;8;13;3.20;6;2;1;79;0;6546813;-1;6546401
147;18;336;18;11;8;31;3.60;8;2;1;75;0;6546831;1795;0
147;18;336;18;11;9;98;4.20;6;2;1;77;0;6546998;170;6546401
147;18;336;18;11;10;99;3.00;3;1;1;67;0;6547099;276;0
147;18;336;18;11;10;99;3.60;6;2;1;75;0;6547099;81;6546401
147;18;336;18;11;9;53;0.80;7;2;1;9;1;6546953;139;6546401
147;18;336;18;11;11;55;3.80;8;2;1;94;0;6547155;306;0
147;18;336;18;11;11;76;3.20;2;1;1;76;0;6547176;356;0
147;18;336;18;11;11;99;3.00;3;1;1;69;0;6547199;83;0
147;18;336;18;11;13;28;4.00;4;1;1;75;0;6547328;1293;0
147;18;336;18;11;15;99;3.40;5;2;1;84;0;6547599;885;0
147;18;336;18;11;16;9;3.20;8;2;1;78;0;6547609;439;0
147;18;336;18;11;16;20;3.20;6;2;1;72;0;6547620;503;0
147;18;336;18;11;16;95;3.60;5;2;1;80;0;6547695;81;0
147;18;336;18;11;17;1;3.80;8;2;1;79;0;6547701;77;0
147;18;336;18;11;16;99;3.60;6;2;1;72;0;6547699;63;0
147;18;336;18;11;17;99;3.00;3;1;1;71;0;6547799;584;0
147;18;336;18;11;18;39;3.60;6;2;1;73;0;6547839;122;0
147;18;336;18;11;19;16;3.40;4;1;1;80;0;6547916;568;0
147;18;336;18;11;20;99;3.40;1;1;1;67;0;6548099;3884;0
147;18;336;18;11;20;99;9.20;4;1;2;82;0;6548099;167;0
147;18;336;18;11;21;49;3.60;2;1;1;75;0;6548149;957;0
147;18;336;18;11;21;61;4.20;1;1;1;97;0;6548161;43;0
147;18;336;18;11;21;89;3.40;3;1;1;78;0;6548189;374;0
147;18;336;18;11;22;99;3.60;2;1;1;72;0;6548299;132;0
147;18;336;18;11;23;15;3.60;3;1;1;76;0;6548315;110;0
147;18;336;18;11;24;96;3.60;4;1;1;79;0;6548496;356;0
147;18;336;18;11;24;99;3.40;2;1;1;79;0;6548499;182;0
147;18;336;18;11;25;20;3.40;6;2;1;80;0;6548520;663;0
147;18;336;18;11;25;99;3.40;5;2;1;93;0;6548599;887;0
147;18;336;18;11;26;6;4.00;8;2;1;69;0;6548606;887;0
147;18;336;18;11;26;24;3.60;5;2;1;89;0;6548624;11;0
147;18;336;18;11;26;41;3.60;2;1;1;77;0;6548641;126;0
147;18;336;18;11;27;99;3.60;6;2;1;77;0;6548799;263;0
147;18;336;18;11;27;99;3.60;5;2;1;82;0;6548799;160;0
147;18;336;18;11;28;17;3.60;6;2;1;81;0;6548817;1;0
147;18;336;18;11;31;46;3.20;6;2;1;74;0;6549146;313;0
147;18;336;18;11;32;99;3.20;6;2;1;73;0;6549299;137;0
147;18;336;18;11;33;99;3.80;6;2;1;71;0;6549399;84;0
147;18;336;18;11;35;0;3.60;5;2;1;79;0;6549500;685;0
147;18;336;18;11;35;99;3.40;2;1;1;73;0;6549599;941;0
147;18;336;18;11;35;99;3.20;7;2;1;78;0;6549599;2785;0
147;18;336;18;11;35;99;3.60;6;2;1;71;0;6549599;180;0
147;18;336;18;11;35;99;3.80;3;1;1;84;0;6549599;1266;0
147;18;336;18;11;35;99;3.80;5;2;1;86;0;6549599;82;0
147;18;336;18;11;36;11;3.80;6;2;1;71;0;6549611;-1;6549146
147;18;336;18;11;36;46;3.40;5;2;1;95;0;6549646;31;6549146
147;18;336;18;11;37;99;3.80;8;2;1;73;0;6549799;1172;0
147;18;336;18;11;38;99;3.20;2;1;1;82;0;6549899;283;0
147;18;336;18;11;38;99;3.00;7;2;1;77;0;6549899;285;0
147;18;336;18;11;39;71;3.60;8;2;1;71;0;6549971;153;0
147;18;336;18;11;40;99;3.80;2;1;1;84;0;6550099;185;0
147;18;336;18;11;40;99;3.40;3;1;1;74;0;6550099;483;0
147;18;336;18;11;41;99;3.80;8;2;1;72;0;6550199;209;0
147;18;336;18;11;42;2;3.80;6;2;1;81;0;6550202;571;0
147;18;336;18;11;42;99;3.20;7;2;1;76;0;6550299;385;0
147;18;336;18;11;43;99;4.00;3;1;1;77;0;6550399;283;0
147;18;336;18;11;43;99;3.40;6;2;1;81;0;6550399;180;0
147;18;336;18;11;45;99;3.60;4;1;1;79;0;6550599;2086;0
147;18;336;18;11;45;99;3.60;3;1;1;82;0;6550599;181;0
147;18;336;18;11;46;99;4.00;8;2;1;77;0;6550699;481;0
147;18;336;18;11;46;14;3.80;5;2;1;84;0;6550614;955;0
147;18;336;18;11;47;68;3.40;6;2;1;79;0;6550768;353;0
147;18;336;18;11;47;99;3.80;4;1;1;86;0;6550799;183;0
147;18;336;18;11;49;35;3.40;3;1;1;76;0;6550935;320;0
147;18;336;18;11;50;21;3.20;1;1;1;73;0;6551021;2844;0
147;18;336;18;11;52;13;3.60;1;1;1;69;0;6551213;176;0
147;18;336;18;11;52;48;3.60;6;2;1;77;0;6551248;464;0
147;18;336;18;11;52;69;4.00;5;2;1;83;0;6551269;638;0
147;18;336;18;11;53;14;3.60;8;2;1;77;0;6551314;596;0
147;18;336;18;11;56;99;4.00;2;1;1;76;0;6551699;1583;0
147;18;336;18;11;57;73;3.60;3;1;1;73;0;6551773;821;0
147;18;336;18;11;57;71;6.20;7;2;1;62;0;6551771;1456;0
147;18;336;18;11;59;14;3.40;6;2;1;76;0;6551914;649;0
147;18;336;18;11;59;39;4.20;4;1;1;78;0;6551939;1124;0
147;18;336;18;12;0;99;3.60;6;2;1;76;0;6552099;168;0
147;18;336;18;12;0;99;4.00;2;1;1;80;0;6552099;381;0
147;18;336;18;12;1;99;3.20;3;1;1;69;0;6552199;408;0
147;18;336;18;12;1;99;3.80;6;2;1;78;0;6552199;82;0
147;18;336;18;12;1;99;4.20;4;1;1;75;0;6552199;240;0
147;18;336;18;12;2;3;3.80;1;1;1;85;0;6552203;971;0
147;18;336;18;12;3;14;3.20;3;1;1;76;0;6552314;98;0
147;18;336;18;12;3;99;3.60;4;1;1;74;0;6552399;179;0
147;18;336;18;12;3;99;3.80;6;2;1;77;0;6552399;182;0
147;18;336;18;12;3;99;2.80;2;1;1;72;0;6552399;282;0
147;18;336;18;12;3;99;3.00;3;1;1;73;0;6552399;69;0
147;18;336;18;12;4;99;3.20;7;2;1;79;0;6552499;692;0
147;18;336;18;12;5;76;3.20;7;2;1;77;0;6552576;62;0
147;18;336;18;12;5;99;3.60;3;1;1;71;0;6552599;185;0
147;18;336;18;12;5;99;3.80;4;1;1;83;0;6552599;182;0
147;18;336;18;12;5;99;3.60;5;2;1;79;0;6552599;1312;0
147;18;336;18;12;6;99;3.80;7;2;1;75;0;6552699;108;0
147;18;336;18;12;6;99;3.60;2;1;1;74;0;6552699;286;0
147;18;336;18;12;7;10;4.20;5;2;1;81;0;6552710;94;0
147;18;336;18;12;7;38;3.80;6;2;1;77;0;6552738;321;0
147;18;336;18;12;7;47;3.20;3;1;1;69;0;6552747;129;6552199
147;18;336;18;12;8;18;3.80;8;2;1;75;0;6552818;1487;0
147;18;336;18;12;8;99;3.40;5;2;1;81;0;6552899;170;0
147;18;336;18;12;8;99;3.40;6;2;1;75;0;6552899;143;0
147;18;336;18;12;9;99;3.60;3;1;1;68;0;6552999;235;0
147;18;336;18;12;10;5;3.40;6;2;1;75;0;6553005;89;0
147;18;336;18;12;10;16;3.60;5;2;1;80;0;6553016;101;0
147;18;336;18;12;10;74;4.00;3;1;1;70;0;6553074;55;0
147;18;336;18;12;10;99;3.60;4;1;1;80;0;6553099;483;0
147;18;336;18;12;11;99;3.80;5;2;1;84;0;6553199;166;6552599
147;18;336;18;12;12;12;3.20;6;2;1;75;0;6553212;190;6552599
147;18;336;18;12;13;99;3.00;6;2;1;74;0;6553399;171;6552738
147;18;336;18;12;13;99;3.40;5;2;1;78;0;6553399;183;6552599
147;18;336;18;12;13;99;3.60;3;1;1;75;0;6553399;304;0
147;18;336;18;12;14;99;3.40;1;1;1;80;0;6553499;1279;0
147;18;336;18;12;15;39;3.60;6;2;1;74;0;6553539;125;6552738
147;18;336;18;12;15;53;3.40;2;1;1;63;0;6553553;836;0
147;18;336;18;12;16;99;3.80;5;2;1;81;0;6553699;284;0
147;18;336;18;12;16;99;3.80;6;2;1;70;0;6553699;142;6552738
147;18;336;18;12;16;99;3.60;2;1;1;65;0;6553699;126;6552738
147;18;336;18;12;17;7;4.00;8;2;1;79;0;6553707;870;0
147;18;336;18;12;17;54;3.40;1;1;1;79;0;6553754;239;0
147;18;336;18;12;18;2;3.60;8;2;1;80;0;6553802;76;0
147;18;336;18;12;18;99;3.20;6;2;1;70;0;6553899;180;6552738
147;18;336;18;12;18;99;3.60;8;2;1;84;0;6553899;80;6552738
147;18;336;18;12;19;99;3.40;6;2;1;73;0;6553999;83;6552738
147;18;336;18;12;19;99;5.60;2;1;1;83;0;6553999;280;0
147;18;336;18;12;20;23;3.20;5;2;1;84;0;6554023;307;0
147;18;336;18;12;20;27;4.00;8;2;1;93;0;6554027;112;0
147;18;336;18;12;20;62;3.00;3;1;1;71;0;6554062;645;0
147;18;336;18;12;22;99;3.60;3;1;1;72;0;6554299;221;0
147;18;336;18;12;22;99;3.80;5;2;1;81;0;6554299;262;0
147;18;336;18;12;23;99;3.20;2;1;1;75;0;6554399;375;0
147;18;336;18;12;23;99;3.80;6;2;1;91;0;6554399;383;0
147;18;336;18;12;24;99;4.00;5;2;1;86;0;6554499;183;0
147;18;336;18;12;24;99;3.60;3;1;1;72;0;6554499;182;0
147;18;336;18;12;26;99;3.80;2;1;1;73;0;6554699;284;0
147;18;336;18;12;27;99;3.60;8;2;1;78;0;6554799;756;0
147;18;336;18;12;27;2;3.40;1;1;1;75;0;6554702;932;0
147;18;336;18;12;28;98;3.40;6;2;1;84;0;6554898;483;0
147;18;336;18;12;30;26;4.60;6;2;1;83;0;6555026;113;0
147;18;336;18;12;30;76;3.60;3;1;1;73;0;6555076;559;0
147;18;336;18;12;31;99;3.80;6;2;1;81;0;6555199;153;0
147;18;336;18;12;31;99;3.20;5;2;1;89;0;6555199;683;0
147;18;336;18;12;32;99;3.40;2;1;1;88;0;6555299;581;0
147;18;336;18;12;33;86;3.60;6;2;1;78;0;6555386;170;0
147;18;336;18;12;33;99;3.80;3;1;1;80;0;6555399;305;0
147;18;336;18;12;34;99;3.80;2;1;1;87;0;6555499;186;0
147;18;336;18;12;34;99;3.40;1;1;1;68;0;6555499;780;0
147;18;336;18;12;35;12;3.80;5;2;1;90;0;6555512;300;0
147;18;336;18;12;36;99;3.80;7;2;1;81;0;6555699;2981;0
147;18;336;18;12;36;99;3.20;6;2;1;79;0;6555699;296;0
147;18;336;18;12;38;67;3.60;6;2;1;83;0;6555867;153;0
147;18;336;18;12;39;99;3.20;6;2;1;78;0;6555999;116;0
147;18;336;18;12;40;9;3.60;6;2;1;79;0;6556009;-1;0
147;18;336;18;12;41;99;3.20;3;1;1;77;0;6556199;782;0
147;18;336;18;12;43;40;3.80;3;1;1;77;0;6556340;126;0
147;18;336;18;12;43;63;4.60;1;1;1;78;0;6556363;846;0
147;18;336;18;12;44;99;3.40;4;1;1;74;0;6556499;3383;0
147;18;336;18;12;45;99;3.40;3;1;1;82;0;6556599;241;0
147;18;336;18;12;46;1;3.60;3;1;1;82;0;6556601;-1;0
147;18;336;18;12;46;19;3.00;2;1;1;78;0;6556619;1104;0
147;18;336;18;12;47;99;3.60;7;2;1;79;0;6556799;1083;0
147;18;336;18;12;47;99;3.80;4;1;1;77;0;6556799;283;0
147;18;336;18;12;47;99;4.00;3;1;1;70;0;6556799;182;0
147;18;336;18;12;47;99;3.60;1;1;1;78;0;6556799;414;0
147;18;336;18;12;48;18;3.40;5;2;1;81;0;6556818;1290;0
147;18;336;18;12;48;21;3.60;4;1;1;76;0;6556821;4;0
147;18;336;18;12;49;19;3.60;2;1;1;77;0;6556919;286;0
147;18;336;18;12;49;99;3.60;7;2;1;75;0;6556999;183;0
147;18;336;18;12;50;7;3.00;3;1;1;76;0;6557007;187;0
147;18;336;18;12;51;63;3.40;6;2;1;74;0;6557163;1137;0
147;18;336;18;12;51;70;3.80;3;1;1;77;0;6557170;148;6556199
147;18;336;18;12;51;88;3.60;2;1;1;71;0;6557188;252;0
147;18;336;18;12;51;99;3.80;1;1;1;79;0;6557199;383;0
147;18;336;18;12;51;99;3.80;7;2;1;77;0;6557199;182;0
147;18;336;18;12;53;11;3.20;3;1;1;79;0;6557311;123;6556199
147;18;336;18;12;53;5;3.80;5;2;1;82;0;6557305;471;0
147;18;336;18;12;53;8;3.60;6;2;1;72;0;6557308;128;0
147;18;336;18;12;54;99;3.60;6;2;1;74;0;6557499;173;0
147;18;336;18;12;55;99;3.60;1;1;1;78;0;6557599;382;0
147;18;336;18;12;56;74;3.40;2;1;1;79;0;6557674;467;0
147;18;336;18;12;57;99;3.80;6;2;1;79;0;6557799;282;0
147;18;336;18;12;57;99;3.80;3;1;1;79;0;6557799;473;0
147;18;336;18;12;58;27;3.60;7;2;1;80;0;6557827;610;0
147;18;336;18;12;58;58;3.20;5;2;1;78;0;6557858;536;0
147;18;336;18;12;59;10;4.20;7;2;1;81;0;6557910;66;0
147;18;336;18;12;59;99;3.20;5;2;1;78;0;6557999;126;0
147;18;336;18;13;0;99;3.60;6;2;1;78;0;6558099;282;0
147;18;336;18;13;0;99;3.40;3;1;1;72;0;6558099;282;0
147;18;336;18;13;2;15;3.60;8;2;1;73;0;6558215;3399;0
147;18;336;18;13;3;36;3.80;4;1;1;84;0;6558336;1497;0
147;18;336;18;13;3;35;3.60;6;2;1;81;0;6558335;219;0
147;18;336;18;13;3;41;3.60;7;2;1;71;0;6558341;412;0
147;18;336;18;13;4;99;3.60;3;1;1;77;0;6558499;383;0
147;18;336;18;13;4;99;3.60;1;1;1;63;0;6558499;883;0
147;18;336;18;13;6;91;3.80;7;2;1;78;0;6558691;331;0
147;18;336;18;13;7;99;3.00;6;2;1;70;0;6558799;448;0
147;18;336;18;13;7;99;3.80;2;1;1;65;0;6558799;1109;0
147;18;336;18;13;7;99;3.80;4;1;1;79;0;6558799;446;0
147;18;336;18;13;7;99;4.00;8;2;1;79;0;6558799;566;0
147;18;336;18;13;8;22;3.60;3;1;1;73;0;6558822;306;0
147;18;336;18;13;9;86;4.00;4;1;1;78;0;6558986;169;0
147;18;336;18;13;10;99;4.80;7;2;1;88;0;6559099;390;0
147;18;336;18;13;11;51;3.20;3;1;1;76;0;6559151;311;0
147;18;336;18;13;13;99;3.80;7;2;1;83;0;6559399;280;0
147;18;336;18;13;13;13;3.60;2;1;1;79;0;6559313;492;0
147;18;336;18;13;14;99;4.00;4;1;1;85;0;6559499;494;0
147;18;336;18;13;15;99;3.80;6;2;1;63;0;6559599;784;0
147;18;336;18;13;16;17;3.00;2;1;1;67;0;6559617;287;0
147;18;336;18;13;16;56;3.80;3;1;1;77;0;6559656;489;0
147;18;336;18;13;17;99;3.20;5;2;1;72;0;6559799;1785;0
147;18;336;18;13;17;99;3.60;4;1;1;80;0;6559799;283;0
147;18;336;18;13;17;99;3.60;2;1;1;75;0;6559799;165;0
147;18;336;18;13;19;11;3.00;7;2;1;81;0;6559911;495;0
147;18;336;18;13;19;48;3.60;4;1;1;80;0;6559948;132;0
147;18;336;18;13;19;74;3.20;3;1;1;77;0;6559974;300;0
147;18;336;18;13;20;4;3.20;2;1;1;83;0;6560004;187;0
147;18;336;18;13;21;2;3.40;6;2;1;76;0;6560102;481;0
147;18;336;18;13;21;5;3.80;2;1;1;77;0;6560105;87;0
147;18;336;18;13;21;22;3.80;5;2;1;86;0;6560122;307;0
147;18;336;18;13;22;18;3.80;7;2;1;84;0;6560218;293;0
147;18;336;18;13;23;4;3.40;3;1;1;77;0;6560304;315;0
147;18;336;18;13;23;99;5.00;7;2;1;83;0;6560399;164;0
147;18;336;18;13;24;77;3.20;5;2;1;81;0;6560477;339;0
147;18;336;18;13;25;13;3.20;3;1;1;80;0;6560513;193;0
147;18;336;18;13;26;18;3.40;6;2;1;76;0;6560618;499;0
147;18;336;18;13;28;99;3.60;1;1;1;79;0;6560899;2379;0
147;18;336;18;13;31;36;3.00;7;2;1;76;0;6561136;715;0
147;18;336;18;13;32;99;3.60;3;1;1;72;0;6561299;771;0
147;18;336;18;13;34;70;5.60;6;2;1;73;0;6561470;835;0
147;18;336;18;13;35;99;3.60;1;1;1;80;0;6561599;683;0
147;18;336;18;13;36;4;4.00;5;2;1;77;0;6561604;1112;0
147;18;336;18;13;37;82;3.60;6;2;1;72;0;6561782;284;0
147;18;336;18;13;38;8;3.80;5;2;1;79;0;6561808;185;0
147;18;336;18;13;38;23;3.20;7;2;1;76;0;6561823;672;0
147;18;336;18;13;38;99;4.80;3;1;1;82;0;6561899;582;0
147;18;336;18;13;39;2;3.80;7;2;1;72;0;6561902;63;0
147;18;336;18;13;40;99;2.80;3;1;1;67;0;6562099;178;0
147;18;336;18;13;40;99;3.60;1;1;1;72;0;6562099;483;0
147;18;336;18;13;40;99;3.60;6;2;1;77;0;6562099;299;0
147;18;336;18;13;40;99;3.80;4;1;1;79;0;6562099;2134;0
147;18;336;18;13;41;99;3.60;3;1;1;70;0;6562199;84;0
147;18;336;18;13;42;78;3.20;6;2;1;81;0;6562278;162;0
147;18;336;18;13;43;2;3.60;1;1;1;80;0;6562302;185;0
147;18;336;18;13;43;28;3.40;5;2;1;87;0;6562328;502;0
147;18;336;18;13;43;99;4.60;7;2;1;85;0;6562399;478;0
147;18;336;18;13;44;16;3.80;3;1;1;74;0;6562416;198;0
147;18;336;18;13;44;23;3.40;6;2;1;79;0;6562423;130;0
147;18;336;18;13;44;39;3.60;4;1;1;80;0;6562439;322;0
147;18;336;18;13;45;5;3.40;6;2;1;77;0;6562505;66;0
147;18;336;18;13;46;18;3.00;6;2;1;79;0;6562618;97;6562099
147;18;336;18;13;47;57;3.40;4;1;1;80;0;6562757;301;0
147;18;336;18;13;47;53;3.80;3;1;1;75;0;6562753;318;0
147;18;336;18;13;47;91;2.80;6;2;1;78;0;6562791;159;6562099
147;18;336;18;13;48;99;3.60;4;1;1;82;0;6562899;126;6562099
147;18;336;18;13;48;99;3.80;6;2;1;74;0;6562899;95;6562099
147;18;336;18;13;49;23;3.80;4;1;1;83;0;6562923;8;6562099
147;18;336;18;13;50;99;3.60;7;2;1;77;0;6563099;680;0
147;18;336;18;13;51;16;3.60;4;1;1;83;0;6563116;176;0
147;18;336;18;13;51;99;3.40;3;1;1;73;0;6563199;427;0
147;18;336;18;13;52;27;3.60;5;2;1;85;0;6563227;884;0
147;18;336;18;13;52;28;3.80;4;1;1;82;0;6563228;96;6562757
147;18;336;18;13;53;14;3.00;2;1;1;68;0;6563314;3191;0
147;18;336;18;13;51;56;4.00;7;2;1;16;0;6563156;40;0
147;18;336;18;13;53;99;3.40;3;1;1;73;0;6563399;183;0
147;18;336;18;13;53;99;3.40;6;2;1;72;0;6563399;481;0
147;18;336;18;13;54;99;3.40;5;2;1;78;0;6563499;256;0
147;18;336;18;13;55;60;3.40;6;2;1;74;0;6563560;144;0
147;18;336;18;13;55;92;3.80;4;1;1;79;0;6563592;347;0
147;18;336;18;13;56;99;3.60;5;2;1;79;0;6563699;184;0
147;18;336;18;13;56;99;3.40;3;1;1;74;0;6563699;283;0
147;18;336;18;13;56;99;3.80;1;1;1;81;0;6563699;1380;0
147;18;336;18;13;57;38;3.80;7;2;1;79;0;6563738;492;0
147;18;336;18;13;59;99;3.60;1;1;1;71;0;6563999;283;0
147;18;336;18;14;0;0;3.20;6;2;1;65;0;6564000;423;0
147;18;336;18;14;0;89;3.00;5;2;1;86;0;6564089;373;0
147;18;336;18;14;1;18;3.20;6;2;1;68;0;6564118;100;0
147;18;336;18;14;1;99;4.00;7;2;1;80;0;6564199;443;0
147;18;336;18;14;1;99;3.60;3;1;1;82;0;6564199;483;0
147;18;336;18;14;2;6;4.00;5;2;1;82;0;6564206;104;0
147;18;336;18;14;2;45;3.80;4;1;1;84;0;6564245;635;0
147;18;336;18;14;2;43;3.40;6;2;1;64;0;6564243;108;0
147;18;336;18;14;2;60;3.60;2;1;1;73;0;6564260;930;0
147;18;336;18;14;3;97;3.60;7;2;1;70;0;6564397;180;0
147;18;336;18;14;3;99;3.60;8;2;1;80;0;6564399;5581;0
147;18;336;18;14;3;99;3.00;2;1;1;73;0;6564399;121;0
147;18;336;18;14;4;12;3.40;5;2;1;81;0;6564412;188;0
147;18;336;18;14;4;1;3.80;6;2;1;66;0;6564401;138;0
147;18;336;18;14;4;99;5.80;1;1;1;92;0;6564499;481;0
147;18;336;18;14;4;99;3.20;4;1;1;79;0;6564499;237;0
147;18;336;18;14;5;45;3.80;3;1;1;77;0;6564545;330;0
147;18;336;18;14;5;90;4.00;5;2;1;84;0;6564590;162;0
147;18;336;18;14;5;95;3.40;6;2;1;67;0;6564595;173;6564000
147;18;336;18;14;6;4;3.60;4;1;1;81;0;6564604;90;6564000
147;18;336;18;14;6;18;3.80;7;2;1;84;0;6564618;202;0
147;18;336;18;14;6;99;3.60;3;1;1;77;0;6564699;136;0
147;18;336;18;14;8;90;3.80;4;1;1;84;0;6564890;270;0
147;18;336;18;14;8;99;3.60;2;1;1;70;0;6564899;485;0
147;18;336;18;14;9;30;2.80;3;1;1;76;0;6564930;214;0
147;18;336;18;14;9;99;4.00;8;2;1;66;0;6564999;583;0
147;18;336;18;14;10;27;3.60;3;1;1;73;0;6565027;83;0
147;18;336;18;14;12;99;3.60;8;2;1;69;0;6565299;278;0
147;18;336;18;14;12;99;3.60;2;1;1;72;0;6565299;381;0
147;18;336;18;14;13;96;3.40;5;2;1;81;0;6565396;788;0
147;18;336;18;14;13;97;4.20;6;2;1;79;0;6565397;783;0
147;18;336;18;14;13;99;3.20;2;1;1;70;0;6565399;82;0
147;18;336;18;14;13;99;3.40;3;1;1;83;0;6565399;354;0
147;18;336;18;14;14;99;3.40;4;1;1;86;0;6565499;592;0
147;18;336;18;14;15;20;3.40;3;1;1;78;0;6565520;106;0
147;18;336;18;14;16;8;4.20;4;1;1;93;0;6565608;94;0
147;18;336;18;14;16;99;3.60;3;1;1;78;0;6565699;163;0
147;18;336;18;14;16;99;3.80;6;2;1;73;0;6565699;282;0
147;18;336;18;14;16;99;4.00;5;2;1;83;0;6565699;287;0
147;18;336;18;14;16;27;5.40;7;2;1;36;0;6565627;992;0
147;18;336;18;14;17;9;3.20;6;2;1;73;0;6565709;-1;0
147;18;336;18;14;18;97;3.60;3;1;1;74;0;6565897;181;0
147;18;336;18;14;19;11;3.40;2;1;1;79;0;6565911;495;0
147;18;336;18;14;20;25;3.60;6;2;1;79;0;6566025;300;0
147;18;336;18;14;20;1;3.40;4;1;1;79;0;6566001;376;0
147;18;336;18;14;20;36;3.80;5;2;1;81;0;6566036;319;0
147;18;336;18;14;20;35;3.60;3;1;1;73;0;6566035;120;6565399
147;18;336;18;14;20;72;3.80;2;1;1;82;0;6566072;145;6565399
147;18;336;18;14;22;99;3.60;6;2;1;82;0;6566299;257;0
147;18;336;18;14;24;13;3.80;5;2;1;83;0;6566413;360;0
147;18;336;18;14;24;99;6.80;3;1;1;76;0;6566499;446;0
147;18;336;18;14;26;10;3.00;3;1;1;75;0;6566610;78;0
147;18;336;18;14;26;91;3.60;7;2;1;78;0;6566691;1010;0
147;18;336;18;14;26;89;3.60;6;2;1;77;0;6566689;374;0
147;18;336;18;14;27;99;3.80;4;1;1;86;0;6566799;782;0
147;18;336;18;14;28;45;3.80;6;2;1;81;0;6566845;139;0
147;18;336;18;14;31;53;3.40;7;2;1;81;0;6567153;445;0
147;18;336;18;14;32;99;3.60;2;1;1;76;0;6567299;1210;0
147;18;336;18;14;32;99;4.00;6;2;1;81;0;6567299;437;0
147;18;336;18;14;34;99;3.60;2;1;1;76;0;6567499;182;0
147;18;336;18;14;34;99;4.20;7;2;1;79;0;6567499;330;0
147;18;336;18;14;34;99;3.60;6;2;1;79;0;6567499;182;0
147;18;336;18;14;35;2;3.60;3;1;1;70;0;6567502;877;0
147;18;336;18;14;35;24;3.80;4;1;1;82;0;6567524;709;0
147;18;336;18;14;36;69;3.60;2;1;1;77;0;6567669;152;0
147;18;336;18;14;37;99;3.80;7;2;1;79;0;6567799;280;0
147;18;336;18;14;38;9;3.80;6;2;1;78;0;6567809;293;0
147;18;336;18;14;38;15;3.80;2;1;1;76;0;6567815;129;0
147;18;336;18;14;38;68;3.00;4;1;1;79;0;6567868;327;0
147;18;336;18;14;40;12;3.20;3;1;1;77;0;6568012;491;0
147;18;336;18;14;40;23;3.40;2;1;1;73;0;6568023;190;6567299
147;18;336;18;14;41;90;3.80;4;1;1;78;0;6568190;308;0
147;18;336;18;14;42;7;3.60;3;1;1;78;0;6568207;180;0
147;18;336;18;14;44;99;3.00;2;1;1;76;0;6568499;459;0
147;18;336;18;14;45;99;3.60;3;1;1;74;0;6568599;375;0
147;18;336;18;14;46;64;3.80;6;2;1;75;0;6568664;837;0
147;18;336;18;14;46;92;3.20;2;1;1;70;0;6568692;178;0
147;18;336;18;14;47;24;3.40;3;1;1;78;0;6568724;107;0
147;18;336;18;14;47;99;3.60;2;1;1;71;0;6568799;90;0
147;18;336;18;14;48;99;3.80;6;2;1;77;0;6568899;216;0
147;18;336;18;14;48;19;3.60;8;2;1;71;0;6568819;3501;0
147;18;336;18;14;48;42;3.80;4;1;1;85;0;6568842;634;0
147;18;336;18;14;49;4;3.60;5;2;1;87;0;6568904;2474;0
147;18;336;18;14;49;98;4.00;6;2;1;77;0;6568998;81;0
147;18;336;18;14;49;99;4.00;2;1;1;59;0;6568999;181;0
147;18;336;18;14;50;99;3.40;5;2;1;82;0;6569099;180;0
147;18;336;18;14;51;48;4.00;2;1;1;66;0;6569148;124;6568499
147;18;336;18;14;52;99;3.40;6;2;1;76;0;6569299;282;0
147;18;336;18;14;53;99;3.80;7;2;1;79;0;6569399;1582;0
147;18;336;18;14;53;17;3.80;5;2;1;82;0;6569317;203;0
147;18;336;18;14;54;99;3.60;3;1;1;81;0;6569499;759;0
147;18;336;18;14;57;99;4.20;6;2;1;76;0;6569799;483;0
147;18;336;18;14;57;99;3.60;3;1;1;76;0;6569799;284;0
147;18;336;18;14;58;4;3.60;5;2;1;75;0;6569804;470;0
147;18;336;18;14;58;99;3.00;1;1;1;76;0;6569899;5377;0
147;18;336;18;14;58;99;3.60;2;1;1;62;0;6569899;729;0
147;18;336;18;14;59;10;3.00;6;2;1;80;0;6569910;91;0
147;18;336;18;14;59;14;3.60;4;1;1;80;0;6569914;1055;0
147;18;336;18;14;59;78;3.60;5;2;1;77;0;6569978;156;0
147;18;336;18;15;0;99;3.80;5;2;1;80;0;6570099;104;0
147;18;336;18;15;0;99;4.00;6;2;1;77;0;6570099;175;0
147;18;336;18;15;0;99;3.60;3;1;1;76;0;6570099;282;0
147;18;336;18;15;1;74;3.40;3;1;1;75;0;6570174;57;0
147;18;336;18;15;2;99;7.40;7;2;1;64;0;6570299;882;0
147;18;336;18;15;3;99;3.80;7;2;1;77;0;6570399;58;0
147;18;336;18;15;4;16;3.60;3;1;1;80;0;6570416;225;0
147;18;336;18;15;4;64;4.00;6;2;1;63;0;6570464;346;0
147;18;336;18;15;5;99;3.00;7;2;1;74;0;6570599;182;0
147;18;336;18;15;6;43;3.60;6;2;1;79;0;6570643;156;0
147;18;336;18;15;6;49;4.40;7;2;1;85;0;6570649;35;0
147;18;336;18;15;7;99;3.60;6;2;1;84;0;6570799;139;0
147;18;336;18;15;7;99;3.60;5;2;1;77;0;6570799;682;0
147;18;336;18;15;8;99;3.40;3;1;1;77;0;6570899;466;0
147;18;336;18;15;8;99;3.60;5;2;1;79;0;6570899;83;0
147;18;336;18;15;9;99;3.40;6;2;1;80;0;6570999;184;0
147;18;336;18;15;10;6;3.20;7;2;1;70;0;6571006;338;0
147;18;336;18;15;10;99;3.80;1;1;1;79;0;6571099;1185;0
147;18;336;18;15;10;99;3.80;3;1;1;74;0;6571099;184;0
147;18;336;18;15;10;99;3.80;6;2;1;77;0;6571099;84;6570464
147;18;336;18;15;11;99;3.60;4;1;1;82;0;6571199;1268;0
147;18;336;18;15;11;32;3.60;3;1;1;78;0;6571132;14;0
147;18;336;18;15;12;99;3.80;6;2;1;83;0;6571299;182;6570464
147;18;336;18;15;13;4;3.60;7;2;1;72;0;6571304;281;0
147;18;336;18;15;13;99;3.40;6;2;1;83;0;6571399;83;6570464
147;18;336;18;15;13;99;3.60;5;2;1;79;0;6571399;483;0
147;18;336;18;15;14;79;3.60;6;2;1;72;0;6571479;65;6570464
147;18;336;18;15;15;99;3.20;3;1;1;73;0;6571599;450;0
147;18;336;18;15;15;99;3.40;4;1;1;78;0;6571599;384;0
147;18;336;18;15;15;99;3.60;1;1;1;77;0;6571599;482;0
147;18;336;18;15;16;20;3.60;3;1;1;72;0;6571620;5;0
147;18;336;18;15;17;8;3.60;4;1;1;78;0;6571708;93;0
147;18;336;18;15;18;99;3.40;1;1;1;83;0;6571899;283;0
147;18;336;18;15;20;2;3.60;3;1;1;75;0;6572002;364;0
147;18;336;18;15;20;99;3.40;8;2;1;72;0;6572099;3261;0
147;18;336;18;15;21;99;3.40;3;1;1;76;0;6572199;179;0
147;18;336;18;15;22;99;3.60;2;1;1;80;0;6572299;2379;0
147;18;336;18;15;24;41;4.40;7;2;1;82;0;6572441;1119;0
147;18;336;18;15;24;71;3.80;6;2;1;76;0;6572471;974;0
147;18;336;18;15;25;99;3.60;4;1;1;84;0;6572599;874;0
147;18;336;18;15;25;99;3.60;3;1;1;76;0;6572599;383;0
147;18;336;18;15;27;57;3.80;3;1;1;77;0;6572757;140;0
147;18;336;18;15;27;96;3.60;1;1;1;78;0;6572796;882;0
147;18;336;18;15;31;99;3.80;3;1;1;77;0;6573199;424;0
147;18;336;18;15;32;25;4.60;6;2;1;77;0;6573225;736;0
147;18;336;18;15;33;21;3.00;3;1;1;79;0;6573321;104;0
147;18;336;18;15;33;99;3.40;5;2;1;77;0;6573399;1983;0
147;18;336;18;15;33;99;4.40;6;2;1;78;0;6573399;152;0
147;18;336;18;15;34;16;4.20;5;2;1;78;0;6573416;1;0
147;18;336;18;15;35;76;3.80;1;1;1;77;0;6573576;763;0
147;18;336;18;15;35;77;3.20;6;2;1;66;0;6573577;157;0
147;18;336;18;15;35;99;3.60;4;1;1;83;0;6573599;984;0
147;18;336;18;15;35;99;3.60;2;1;1;80;0;6573599;1283;0
147;18;336;18;15;36;99;3.80;3;1;1;82;0;6573699;364;0
147;18;336;18;15;36;99;3.60;6;2;1;72;0;6573699;104;0
147;18;336;18;15;37;30;3.80;2;1;1;79;0;6573730;114;0
147;18;336;18;15;38;6;4.00;5;2;1;80;0;6573806;370;0
147;18;336;18;15;31;83;1.00;7;2;1;1;1;6573183;722;0
147;18;336;18;15;38;7;3.80;7;2;1;78;0;6573807;1346;0
147;18;336;18;15;39;25;3.60;7;2;1;78;0;6573925;100;0
147;18;336;18;15;39;99;3.80;6;2;1;77;0;6573999;282;0
147;18;336;18;15;39;32;3.20;7;2;1;74;0;6573932;-1;0
147;18;336;18;15;40;91;3.80;8;2;1;79;0;6574091;1975;0
147;18;336;18;15;41;99;3.60;2;1;1;85;0;6574199;451;0
147;18;336;18;15;41;99;4.00;8;2;1;78;0;6574199;90;0
147;18;336;18;15;43;99;3.60;4;1;1;89;0;6574399;784;0
147;18;336;18;15;44;8;3.40;5;2;1;83;0;6574408;584;0
147;18;336;18;15;44;24;3.40;6;2;1;81;0;6574424;407;0
147;18;336;18;15;45;14;3.20;5;2;1;86;0;6574514;91;0
147;18;336;18;15;45;59;3.80;7;2;1;80;0;6574559;611;0
147;18;336;18;15;45;65;3.60;3;1;1;78;0;6574565;849;0
147;18;336;18;15;45;89;3.40;2;1;1;73;0;6574589;374;0
147;18;336;18;15;46;17;3.60;6;2;1;83;0;6574617;177;0
147;18;336;18;15;49;21;3.60;7;2;1;77;0;6574921;344;0
147;18;336;18;15;49;99;5.00;5;2;1;87;0;6574999;471;0
147;18;336;18;15;51;99;3.20;6;2;1;69;0;6575199;566;0
147;18;336;18;15;52;28;3.60;7;2;1;74;0;6575228;290;0
147;18;336;18;15;52;38;3.60;2;1;1;75;0;6575238;632;0
147;18;336;18;15;54;99;4.00;6;2;1;79;0;6575499;283;0
147;18;336;18;15;55;22;3.80;7;2;1;73;0;6575522;276;0
147;18;336;18;15;56;23;3.60;6;2;1;84;0;6575623;105;0
147;18;336;18;15;56;99;3.60;3;1;1;80;0;6575699;1117;0
147;18;336;18;15;57;21;3.40;6;2;1;81;0;6575721;82;0
147;18;336;18;15;58;95;4.20;3;1;1;81;0;6575895;179;0
147;18;336;18;15;59;99;3.40;3;1;1;72;0;6575999;85;0
147;18;336;18;15;59;99;3.60;4;1;1;69;0;6575999;1585;0
147;18;336;18;16;0;44;3.20;7;2;1;78;0;6576044;503;0
147;18;336;18;16;0;44;3.60;3;1;1;69;0;6576044;28;0
147;18;336;18;16;0;67;4.00;4;1;1;79;0;6576067;49;0
147;18;336;18;16;0;78;3.40;5;2;1;81;0;6576078;1058;0
147;18;336;18;16;1;99;3.60;2;1;1;79;0;6576199;943;0
147;18;336;18;16;2;25;3.80;5;2;1;83;0;6576225;131;0
147;18;336;18;16;2;12;3.80;3;1;1;68;0;6576212;149;6575699
147;18;336;18;16;2;5;3.40;4;1;1;69;0;6576205;119;6575699
147;18;336;18;16;2;7;3.60;6;2;1;72;0;6576207;470;0
147;18;336;18;16;3;14;3.20;5;2;1;82;0;6576314;72;0
147;18;336;18;16;3;80;3.40;4;1;1;72;0;6576380;157;0
147;18;336;18;16;4;99;3.60;3;1;1;69;0;6576499;266;0
147;18;336;18;16;4;99;4.00;4;1;1;79;0;6576499;102;6575999
147;18;336;18;16;6;7;3.60;3;1;1;70;0;6576607;89;6575999
147;18;336;18;16;6;99;3.20;7;2;1;80;0;6576699;640;0
147;18;336;18;16;6;99;3.40;4;1;1;75;0;6576699;181;6575999
147;18;336;18;16;7;99;3.40;5;2;1;86;0;6576799;470;0
147;18;336;18;16;7;12;5.00;6;2;1;84;0;6576712;487;0
147;18;336;18;16;8;62;3.60;2;1;1;74;0;6576862;646;0
147;18;336;18;16;9;99;3.60;6;2;1;80;0;6576999;265;0
147;18;336;18;16;9;99;3.20;4;1;1;81;0;6576999;283;0
147;18;336;18;16;9;99;4.60;2;1;1;75;0;6576999;119;0
147;18;336;18;16;10;18;3.60;3;1;1;68;0;6577018;392;0
147;18;336;18;16;12;22;3.40;5;2;1;84;0;6577222;408;0
147;18;336;18;16;13;81;3.80;6;2;1;80;0;6577381;365;0
147;18;336;18;16;14;13;3.80;7;2;1;76;0;6577413;699;0
147;18;336;18;16;14;99;3.80;5;2;1;82;0;6577499;262;0
147;18;336;18;16;14;99;3.60;6;2;1;76;0;6577499;100;0
147;18;336;18;16;15;99;3.80;7;2;1;78;0;6577599;168;0
147;18;336;18;16;15;8;4.00;5;2;1;83;0;6577508;-1;0
147;18;336;18;16;16;99;3.80;5;2;1;86;0;6577699;173;0
147;18;336;18;16;17;99;3.60;3;1;1;81;0;6577799;761;0
147;18;336;18;16;17;99;3.60;6;2;1;75;0;6577799;282;0
147;18;336;18;16;17;99;3.20;4;1;1;85;0;6577799;785;0
147;18;336;18;16;17;99;3.40;2;1;1;78;0;6577799;777;0
147;18;336;18;16;18;37;4.40;7;2;1;82;0;6577837;220;0
147;18;336;18;16;18;78;3.60;6;2;1;74;0;6577878;61;0
147;18;336;18;16;20;99;3.20;6;2;1;71;0;6578099;203;0
147;18;336;18;16;20;99;3.60;3;1;1;78;0;6578099;284;0
147;18;336;18;16;20;7;3.80;7;2;1;77;0;6578007;150;0
147;18;336;18;16;20;33;3.80;5;2;1;76;0;6578033;318;0
147;18;336;18;16;21;99;2.80;7;2;1;73;0;6578199;174;0
147;18;336;18;16;21;99;4.00;6;2;1;73;0;6578199;83;0
147;18;336;18;16;23;24;3.60;4;1;1;79;0;6578324;511;0
147;18;336;18;16;23;76;4.20;6;2;1;76;0;6578376;157;0
147;18;336;18;16;23;86;3.60;3;1;1;77;0;6578386;270;0
147;18;336;18;16;24;99;3.20;2;1;1;74;0;6578499;684;0
147;18;336;18;16;25;10;4.00;5;2;1;83;0;6578510;459;0
147;18;336;18;16;25;18;3.20;6;2;1;72;0;6578518;122;0
147;18;336;18;16;25;99;3.40;3;1;1;81;0;6578599;196;0
147;18;336;18;16;25;23;3.00;5;2;1;84;0;6578523;-1;0
147;18;336;18;16;26;53;3.60;6;2;1;72;0;6578653;119;6578099
147;18;336;18;16;27;99;3.40;6;2;1;74;0;6578799;128;6578099
147;18;336;18;16;27;99;3.40;3;1;1;70;0;6578799;184;6578099
147;18;336;18;16;28;22;3.40;4;1;1;79;0;6578822;481;0
147;18;336;18;16;28;25;3.80;3;1;1;72;0;6578825;8;0
147;18;336;18;16;28;51;3.80;6;2;1;76;0;6578851;35;6578099
147;18;336;18;16;29;99;3.40;2;1;1;70;0;6578999;484;0
147;18;336;18;16;30;99;3.40;3;1;1;71;0;6579099;255;0
147;18;336;18;16;30;99;3.60;1;1;1;76;0;6579099;5505;0
147;18;336;18;16;30;99;3.80;4;1;1;76;0;6579099;261;0
147;18;336;18;16;32;99;3.20;4;1;1;68;0;6579299;182;0
147;18;336;18;16;35;21;3.40;2;1;1;78;0;6579521;504;0
147;18;336;18;16;35;99;3.40;3;1;1;75;0;6579599;482;0
147;18;336;18;16;36;17;3.80;5;2;1;81;0;6579617;1081;0
147;18;336;18;16;36;29;3.60;4;1;1;72;0;6579629;313;0
147;18;336;18;16;36;50;7.00;6;2;6;69;0;6579650;781;0
147;18;336;18;16;37;11;3.60;3;1;1;76;0;6579711;95;0
147;18;336;18;16;37;99;3.40;6;2;1;78;0;6579799;112;0
147;18;336;18;16;37;99;3.80;5;2;1;84;0;6579799;165;0
147;18;336;18;16;38;99;3.60;4;1;1;72;0;6579899;252;0
147;18;336;18;16;39;73;3.80;3;1;1;75;0;6579973;244;0
147;18;336;18;16;41;10;3.60;3;1;1;76;0;6580110;118;0
147;18;336;18;16;41;74;3.60;4;1;1;79;0;6580174;257;0
147;18;336;18;16;42;99;3.40;2;1;1;75;0;6580299;762;0
147;18;336;18;16;43;0;3.20;7;2;1;83;0;6580300;2087;0
147;18;336;18;16;44;90;3.60;3;1;1;75;0;6580490;362;0
147;18;336;18;16;44;99;3.40;7;2;1;86;0;6580499;185;0
147;18;336;18;16;45;16;3.40;6;2;1;68;0;6580516;701;0
147;18;336;18;16;45;99;3.40;4;1;1;81;0;6580599;408;0
147;18;336;18;16;45;99;3.20;3;1;1;76;0;6580599;91;0
147;18;336;18;16;46;10;3.60;2;1;1;76;0;6580610;294;0
147;18;336;18;16;46;82;3.00;6;2;1;72;0;6580682;148;0
147;18;336;18;16;48;99;4.00;7;2;1;88;0;6580899;385;0
147;18;336;18;16;48;99;4.60;5;2;1;80;0;6580899;1083;0
147;18;336;18;16;48;22;3.60;6;2;1;71;0;6580822;125;0
147;18;336;18;16;49;3;3.60;3;1;1;76;0;6580903;288;0
147;18;336;18;16;49;70;3.40;5;2;1;79;0;6580970;50;0
147;18;336;18;16;51;57;3.60;6;2;1;78;0;6581157;316;0
147;18;336;18;16;52;99;4.00;5;2;1;81;0;6581299;313;0
147;18;336;18;16;53;99;4.00;4;1;1;80;0;6581399;784;0
147;18;336;18;16;53;99;5.00;6;2;1;79;0;6581399;225;0
147;18;336;18;16;54;99;3.40;2;1;1;70;0;6581499;871;0
147;18;336;18;16;56;2;3.60;8;2;1;77;0;6581602;7384;0
147;18;336;18;16;57;2;3.80;4;1;1;75;0;6581702;285;0
147;18;336;18;16;58;8;3.20;3;1;1;66;0;6581808;887;0
147;18;336;18;16;58;99;4.00;4;1;1;77;0;6581899;178;0
147;18;336;18;16;58;99;3.20;7;2;1;82;0;6581899;983;0
147;18;336;18;16;58;99;3.40;2;1;1;67;0;6581899;382;0
147;18;336;18;16;58;4;3.40;6;2;1;75;0;6581804;382;0
147;18;336;18;16;59;32;3.60;3;1;1;69;0;6581932;106;0
147;18;336;18;16;59;58;4.40;2;1;1;72;0;6581958;40;0
147;18;336;18;16;59;95;4.20;5;2;1;81;0;6581995;678;0
147;18;336;18;17;0;2;3.60;4;1;1;76;0;6582002;84;0
147;18;336;18;17;0;99;3.20;3;1;1;70;0;6582099;148;0
147;18;336;18;17;0;99;3.80;7;2;1;84;0;6582099;185;0
147;18;336;18;17;1;5;3.80;6;2;1;77;0;6582105;284;0
147;18;336;18;17;1;99;3.80;2;1;1;70;0;6582199;219;0
147;18;336;18;17;3;7;3.60;1;1;1;70;0;6582307;3190;0
147;18;336;18;17;3;23;3.40;6;2;1;86;0;6582323;200;0
147;18;336;18;17;3;99;3.40;7;2;1;80;0;6582399;283;0
147;18;336;18;17;3;99;3.00;2;1;1;76;0;6582399;180;0
147;18;336;18;17;5;24;3.40;5;2;1;79;0;6582524;510;0
147;18;336;18;17;5;99;3.60;2;1;1;76;0;6582599;185;0
147;18;336;18;17;8;99;3.20;3;1;1;79;0;6582899;783;0
147;18;336;18;17;8;99;3.60;4;1;1;82;0;6582899;879;0
147;18;336;18;17;9;19;3.40;1;1;1;69;0;6582919;593;0
147;18;336;18;17;10;99;3.20;3;1;1;77;0;6583099;185;0
147;18;336;18;17;11;4;3.60;6;2;1;69;0;6583104;766;0
147;18;336;18;17;13;8;3.60;3;1;1;69;0;6583308;194;0
147;18;336;18;17;14;19;3.60;1;1;1;81;0;6583419;482;0
147;18;336;18;17;14;52;3.60;6;2;1;77;0;6583452;329;0
147;18;336;18;17;15;99;3.80;8;2;1;75;0;6583599;1980;0
147;18;336;18;17;17;73;3.40;2;1;1;79;0;6583773;1156;0
147;18;336;18;17;18;4;3.20;6;2;1;75;0;6583804;335;0
147;18;336;18;17;18;99;3.60;3;1;1;79;0;6583899;572;0
147;18;336;18;17;21;17;3.60;5;2;1;87;0;6584117;1577;0
147;18;336;18;17;21;99;3.60;6;2;1;80;0;6584199;379;0
147;18;336;18;17;21;99;3.80;4;1;1;77;0;6584199;1284;0
147;18;336;18;17;22;32;3.60;1;1;1;74;0;6584232;797;0
147;18;336;18;17;22;50;3.00;3;1;1;72;0;6584250;334;0
147;18;336;18;17;23;99;3.40;5;2;1;88;0;6584399;267;0
147;18;336;18;17;23;99;2.80;3;1;1;73;0;6584399;134;0
147;18;336;18;17;24;30;3.00;6;2;1;81;0;6584430;214;0
147;18;336;18;17;24;2;3.40;3;1;1;74;0;6584402;-1;0
147;18;336;18;17;24;20;3.00;7;2;1;73;0;6584420;2005;0
147;18;336;18;17;24;23;3.60;2;1;1;68;0;6584423;634;0
147;18;336;18;17;25;96;3.80;7;2;1;79;0;6584596;161;0
147;18;336;18;17;25;99;3.40;8;2;1;70;0;6584599;981;0
147;18;336;18;17;26;22;3.40;5;2;1;88;0;6584622;209;0
147;18;336;18;17;28;5;3.60;6;2;1;79;0;6584805;361;0
147;18;336;18;17;28;99;4.20;8;2;1;70;0;6584899;282;0
147;18;336;18;17;28;99;3.60;3;1;1;82;0;6584899;480;0
147;18;336;18;17;28;99;5.00;1;1;1;66;0;6584899;649;0
147;18;336;18;17;29;10;3.60;6;2;1;81;0;6584910;88;0
147;18;336;18;17;30;78;3.60;4;1;1;89;0;6585078;861;0
147;18;336;18;17;31;99;3.40;2;1;1;75;0;6585199;756;0
147;18;336;18;17;31;99;4.60;6;2;1;79;0;6585199;273;0
147;18;336;18;17;32;20;3.60;2;1;1;73;0;6585220;4;0
147;18;336;18;17;33;16;5.20;8;2;1;81;0;6585316;395;0
147;18;336;18;17;33;99;3.40;1;1;1;74;0;6585399;472;0
147;18;336;18;17;34;17;3.60;6;2;1;82;0;6585417;197;0
147;18;336;18;17;35;22;3.60;5;2;1;85;0;6585522;886;0
147;18;336;18;17;35;62;3.40;4;1;1;83;0;6585562;469;0
147;18;336;18;17;36;99;3.20;2;1;1;73;0;6585699;461;0
147;18;336;18;17;37;99;3.20;6;2;1;71;0;6585799;366;0
147;18;336;18;17;38;99;3.80;4;1;1;93;0;6585899;322;0
147;18;336;18;17;38;99;3.00;6;2;1;71;0;6585899;83;0
147;18;336;18;17;39;99;5.40;2;1;1;87;0;6585999;284;0
147;18;336;18;17;39;2;3.60;7;2;1;86;0;6585902;1288;0
147;18;336;18;17;40;87;3.20;6;2;1;72;0;6586087;172;0
147;18;336;18;17;41;99;3.60;2;1;1;77;0;6586199;177;0
147;18;336;18;17;42;36;5.00;3;1;1;76;0;6586236;1321;0
147;18;336;18;17;43;5;3.80;7;2;1;82;0;6586305;387;0
147;18;336;18;17;43;12;3.20;5;2;1;80;0;6586312;774;0
147;18;336;18;17;44;99;3.60;4;1;1;84;0;6586499;585;0
147;18;336;18;17;45;5;3.40;5;2;1;84;0;6586505;178;0
147;18;336;18;17;45;16;3.60;2;1;1;73;0;6586516;300;0
147;18;336;18;17;45;28;4.20;7;2;1;78;0;6586528;206;0
147;18;336;18;17;45;74;3.60;6;2;1;69;0;6586574;471;0
147;18;336;18;17;45;94;4.00;1;1;1;87;0;6586594;1178;0
147;18;336;18;17;46;99;3.40;2;1;1;73;0;6586699;165;0
147;18;336;18;17;47;15;3.40;6;2;1;72;0;6586715;122;0
147;18;336;18;17;48;21;3.80;7;2;1;79;0;6586821;273;0
147;18;336;18;17;48;93;3.20;4;1;1;80;0;6586893;378;0
147;18;336;18;17;48;91;3.80;8;2;1;78;0;6586891;1551;0
147;18;336;18;17;48;99;3.80;3;1;1;75;0;6586899;639;0
147;18;336;18;17;49;16;3.80;5;2;1;79;0;6586916;396;0
147;18;336;18;17;50;30;3.20;5;2;1;83;0;6587030;96;0
147;18;336;18;17;50;33;3.00;3;1;1;72;0;6587033;115;0
147;18;336;18;17;50;56;3.60;4;1;1;82;0;6587056;148;0
147;18;336;18;17;50;68;3.80;6;2;1;79;0;6587068;336;0
147;18;336;18;17;51;99;3.80;4;1;1;78;0;6587199;127;0
147;18;336;18;17;52;99;3.80;3;1;1;71;0;6587299;251;0
147;18;336;18;17;52;4;2.80;4;1;1;76;0;6587204;-1;0
147;18;336;18;17;52;25;3.60;6;2;1;72;0;6587225;139;0
147;18;336;18;17;53;99;3.40;2;1;1;78;0;6587399;683;0
147;18;336;18;17;54;99;4.20;6;2;1;70;0;6587499;256;0
147;18;336;18;17;54;99;3.60;5;2;1;79;0;6587499;455;0
147;18;336;18;17;55;22;3.80;7;2;1;83;0;6587522;683;0
147;18;336;18;17;55;70;3.60;8;2;1;70;0;6587570;661;0
147;18;336;18;17;56;99;3.80;2;1;1;67;0;6587699;284;0
147;18;336;18;17;56;99;3.00;6;2;1;76;0;6587699;178;0
147;18;336;18;17;58;10;3.80;8;2;1;77;0;6587810;221;0
147;18;336;18;17;58;14;3.80;6;2;1;77;0;6587814;100;0
147;18;336;18;17;59;15;5.00;7;2;1;78;0;6587915;376;0
147;18;336;18;17;59;99;3.80;5;2;1;85;0;6587999;483;0
147;18;336;18;18;0;0;3.40;8;2;1;78;0;6588000;172;0
147;18;336;18;18;0;17;3.80;6;2;1;78;0;6588017;185;0
147;18;336;18;18;1;97;4.00;3;1;1;77;0;6588197;878;0
147;18;336;18;18;1;99;3.80;5;2;1;77;0;6588199;183;0
147;18;336;18;18;1;99;3.20;4;1;1;78;0;6588199;981;0
147;18;336;18;18;1;99;3.80;7;2;1;78;0;6588199;260;0
147;18;336;18;18;2;99;3.60;5;2;1;73;0;6588299;82;0
147;18;336;18;18;2;99;3.40;2;1;1;81;0;6588299;579;0
147;18;336;18;18;3;78;3.80;2;1;1;81;0;6588378;63;0
147;18;336;18;18;4;99;3.40;5;2;1;80;0;6588499;182;0
147;18;336;18;18;4;99;3.60;7;2;1;69;0;6588499;282;0
147;18;336;18;18;5;9;3.60;5;2;1;81;0;6588509;-1;6587999
147;18;336;18;18;5;30;3.60;2;1;1;74;0;6588530;135;6587999
147;18;336;18;18;6;22;3.40;5;2;1;82;0;6588622;97;6587999
147;18;336;18;18;6;68;3.60;7;2;1;66;0;6588668;150;6587999
147;18;336;18;18;6;99;3.00;6;2;1;71;0;6588699;664;0
147;18;336;18;18;7;99;4.20;4;1;1;79;0;6588799;585;0
147;18;336;18;18;8;12;3.40;6;2;1;76;0;6588812;97;0
147;18;336;18;18;8;25;3.60;3;1;1;72;0;6588825;609;0
147;18;336;18;18;8;32;3.20;5;2;1;78;0;6588832;195;6587999
147;18;336;18;18;8;77;3.60;6;2;1;76;0;6588877;48;6587999
147;18;336;18;18;8;23;6.40;7;2;1;61;0;6588823;135;6587999
147;18;336;18;18;9;5;3.60;5;2;1;77;0;6588905;58;6587999
147;18;336;18;18;9;99;3.40;2;1;1;74;0;6588999;451;0
147;18;336;18;18;9;99;3.60;4;1;1;83;0;6588999;180;0
147;18;336;18;18;10;5;3.60;8;2;1;80;0;6589005;989;0
147;18;336;18;18;10;22;3.40;6;2;1;71;0;6589022;127;0
147;18;336;18;18;11;66;3.40;3;1;1;75;0;6589166;323;0
147;18;336;18;18;11;95;3.20;5;2;1;81;0;6589195;273;0
147;18;336;18;18;11;99;3.40;7;2;1;74;0;6589199;338;0
147;18;336;18;18;12;99;3.40;2;1;1;76;0;6589299;283;0
147;18;336;18;18;14;23;3.60;2;1;1;79;0;6589423;107;0
147;18;336;18;18;14;99;4.00;8;2;1;70;0;6589499;477;0
147;18;336;18;18;15;99;3.40;5;2;1;80;0;6589599;389;0
147;18;336;18;18;15;99;3.40;3;1;1;74;0;6589599;416;0
147;18;336;18;18;16;99;3.60;5;2;1;80;0;6589699;84;0
147;18;336;18;18;17;99;3.60;7;2;1;79;0;6589799;583;0
147;18;336;18;18;17;99;3.80;3;1;1;75;0;6589799;183;0
147;18;336;18;18;18;4;3.80;5;2;1;86;0;6589804;88;0
147;18;336;18;18;20;27;3.40;6;2;1;81;0;6590027;987;0
147;18;336;18;18;22;3;3.60;4;1;1;75;0;6590203;1188;0
147;18;336;18;18;22;99;3.80;3;1;1;74;0;6590299;481;0
147;18;336;18;18;22;99;3.40;2;1;1;73;0;6590299;859;0
147;18;336;18;18;24;5;3.60;6;2;1;77;0;6590405;362;0
147;18;336;18;18;24;13;3.00;2;1;1;72;0;6590413;97;0
147;18;336;18;18;24;93;3.40;4;1;1;82;0;6590493;272;0
147;18;336;18;18;24;99;3.60;3;1;1;78;0;6590499;181;0
147;18;336;18;18;25;3;3.60;2;1;1;74;0;6590503;75;0
147;18;336;18;18;26;56;2.80;6;2;1;76;0;6590656;234;0
147;18;336;18;18;26;78;3.80;7;2;1;86;0;6590678;862;0
147;18;336;18;18;26;88;3.80;5;2;1;78;0;6590688;868;0
147;18;336;18;18;27;99;3.40;3;1;1;83;0;6590799;283;0
147;18;336;18;18;28;2;4.00;5;2;1;83;0;6590802;96;0
147;18;336;18;18;28;73;5.80;7;2;1;64;0;6590873;179;0
147;18;336;18;18;29;91;3.60;6;2;1;74;0;6590991;321;0
147;18;336;18;18;30;99;3.40;5;2;1;86;0;6591099;279;0
147;18;336;18;18;31;69;3.60;8;2;1;76;0;6591169;1649;0
147;18;336;18;18;32;14;3.40;6;2;1;72;0;6591214;205;0
147;18;336;18;18;32;99;3.60;7;2;1;85;0;6591299;393;0
147;18;336;18;18;33;13;3.20;8;2;1;76;0;6591313;126;0
147;18;336;18;18;33;23;3.60;6;2;1;78;0;6591323;92;0
147;18;336;18;18;33;26;3.80;2;1;1;82;0;6591326;805;0
147;18;336;18;18;34;99;3.40;3;1;1;80;0;6591499;685;0
147;18;336;18;18;35;99;4.00;6;2;1;80;0;6591599;259;0
147;18;336;18;18;37;7;3.20;2;1;1;80;0;6591707;364;0
147;18;336;18;18;37;99;3.40;4;1;1;80;0;6591799;1291;0
147;18;336;18;18;38;3;3.60;8;2;1;75;0;6591803;474;0
147;18;336;18;18;38;11;3.60;3;1;1;81;0;6591811;296;0
147;18;336;18;18;39;99;3.40;6;2;1;72;0;6591999;382;0
147;18;336;18;18;40;15;3.60;3;1;1;77;0;6592015;188;0
147;18;336;18;18;43;1;3.60;6;2;1;77;0;6592301;285;0
147;18;336;18;18;43;99;3.00;2;1;1;77;0;6592399;677;0
147;18;336;18;18;44;7;3.20;3;1;1;76;0;6592407;375;0
147;18;336;18;18;44;99;3.80;6;2;1;79;0;6592499;181;0
147;18;336;18;18;45;15;3.60;5;2;1;83;0;6592515;1401;0
147;18;336;18;18;45;99;3.60;3;1;1;81;0;6592599;176;0
147;18;336;18;18;46;99;3.40;2;1;1;73;0;6592699;285;0
147;18;336;18;18;46;99;3.80;5;2;1;86;0;6592699;168;0
147;18;336;18;18;47;22;3.60;6;2;1;82;0;6592722;205;0
147;18;336;18;18;47;99;4.60;4;1;1;86;0;6592799;984;0
147;18;336;18;18;48;99;5.40;7;2;1;71;0;6592899;1584;0
147;18;336;18;18;48;99;3.80;5;2;1;85;0;6592899;184;0
147;18;336;18;18;49;12;4.00;6;2;1;83;0;6592912;174;0
147;18;336;18;18;50;5;3.40;5;2;1;85;0;6593005;89;0
147;18;336;18;18;51;7;3.60;2;1;1;71;0;6593107;391;0
147;18;336;18;18;51;99;5.00;6;2;1;87;0;6593199;269;0
147;18;336;18;18;51;21;3.60;8;2;1;74;0;6593121;1300;0
147;18;336;18;18;54;10;5.20;2;1;1;72;0;6593410;284;0
147;18;336;18;18;55;1;3.80;3;1;1;83;0;6593501;886;0
147;18;336;18;18;55;99;3.40;1;1;1;76;0;6593599;6988;0
147;18;336;18;18;57;61;4.00;6;2;1;76;0;6593761;541;0
147;18;336;18;18;57;99;3.80;2;1;1;80;0;6593799;363;0
147;18;336;18;18;58;99;4.40;3;1;1;83;0;6593899;381;0
147;18;336;18;19;0;99;3.00;6;2;1;67;0;6594099;319;0
147;18;336;18;19;1;99;3.20;6;2;1;67;0;6594199;83;0
147;18;336;18;19;2;25;3.00;2;1;1;76;0;6594225;408;0
147;18;336;18;19;5;1;4.60;5;2;1;81;0;6594501;1481;0
147;18;336;18;19;5;15;3.40;4;1;1;77;0;6594515;1696;0
147;18;336;18;19;5;94;3.40;1;1;1;76;0;6594594;978;0
147;18;336;18;19;5;99;3.20;3;1;1;70;0;6594599;680;0
147;18;336;18;19;6;8;3.20;6;2;1;70;0;6594608;391;0
147;18;336;18;19;7;99;3.20;6;2;1;70;0;6594799;174;0
147;18;336;18;19;8;99;3.80;8;2;1;67;0;6594899;1760;0
147;18;336;18;19;10;15;4.20;7;2;1;89;0;6595015;2088;0
147;18;336;18;19;10;21;3.60;6;2;1;80;0;6595021;205;0
147;18;336;18;19;10;99;12.20;5;2;2;96;0;6595099;577;0
147;18;336;18;19;12;8;3.40;3;1;1;73;0;6595208;592;0
147;18;336;18;19;13;6;3.60;6;2;1;72;0;6595306;268;0
147;18;336;18;19;13;99;6.00;3;1;1;79;0;6595399;174;0
147;18;336;18;19;14;1;3.80;4;1;1;81;0;6595401;870;0
147;18;336;18;19;15;65;3.40;6;2;1;74;0;6595565;241;0
147;18;336;18;19;15;99;3.80;5;2;1;79;0;6595599;454;0
147;18;336;18;19;15;99;3.60;6;2;1;73;0;6595599;17;0
147;18;336;18;19;17;60;3.20;7;2;1;88;0;6595760;728;0
147;18;336;18;19;17;76;3.80;8;2;1;67;0;6595776;856;0
147;18;336;18;19;18;13;3.00;1;1;1;71;0;6595813;1202;0
147;18;336;18;19;18;18;3.60;6;2;1;77;0;6595818;201;0
147;18;336;18;19;18;99;3.20;3;1;1;79;0;6595899;472;0
147;18;336;18;19;19;99;3.80;3;1;1;79;0;6595999;85;0
147;18;336;18;19;21;99;2.80;6;2;1;71;0;6596199;364;0
147;18;336;18;19;21;99;3.40;3;1;1;79;0;6596199;182;0
147;18;336;18;19;22;0;3.40;1;1;1;80;0;6596200;371;0
147;18;336;18;19;22;28;3.60;3;1;1;70;0;6596228;13;0
147;18;336;18;19;22;30;6.20;7;2;1;75;0;6596230;456;0
147;18;336;18;19;23;5;3.60;6;2;1;71;0;6596305;91;0
147;18;336;18;19;24;99;3.80;5;2;1;77;0;6596499;882;0
147;18;336;18;19;25;44;4.00;5;2;1;80;0;6596544;27;0
147;18;336;18;19;25;52;3.20;7;2;1;80;0;6596552;292;0
147;18;336;18;19;26;6;3.80;5;2;1;80;0;6596606;44;0
147;18;336;18;19;26;99;5.40;6;2;1;70;0;6596699;375;0
147;18;336;18;19;27;10;4.00;3;1;1;78;0;6596710;463;0
147;18;336;18;19;27;51;6.20;6;2;1;69;0;6596751;24;0
147;18;336;18;19;28;99;3.20;7;2;1;71;0;6596899;332;0
147;18;336;18;19;29;99;3.80;5;2;1;80;0;6596999;375;0
147;18;336;18;19;29;99;3.40;7;2;1;78;0;6596999;83;0
147;18;336;18;19;30;15;3.20;2;1;1;74;0;6597015;2775;0
147;18;336;18;19;30;78;3.60;4;1;1;77;0;6597078;1660;0
147;18;336;18;19;31;4;3.80;6;2;1;69;0;6597104;320;0
147;18;336;18;19;31;99;3.80;2;1;1;76;0;6597199;168;0
147;18;336;18;19;32;23;3.60;5;2;1;80;0;6597223;206;0
147;18;336;18;19;33;95;3.00;7;2;1;70;0;6597395;380;0
147;18;336;18;19;34;7;3.60;5;2;1;83;0;6597407;167;0
147;18;336;18;19;34;7;3.60;2;1;1;76;0;6597407;190;0
147;18;336;18;19;34;99;3.80;4;1;1;80;0;6597499;404;0
147;18;336;18;19;35;16;4.20;5;2;1;93;0;6597516;93;0
147;18;336;18;19;35;58;7.80;6;2;2;74;0;6597558;434;0
147;18;336;18;19;36;6;3.60;2;1;1;83;0;6597606;181;0
147;18;336;18;19;36;99;3.80;4;1;1;84;0;6597699;182;0
147;18;336;18;19;37;99;4.20;8;2;1;91;0;6597799;2002;0
147;18;336;18;19;37;4;3.40;4;1;1;84;0;6597704;-1;0
147;18;336;18;19;38;61;3.60;3;1;1;74;0;6597861;1132;0
147;18;336;18;19;38;99;3.80;7;2;1;77;0;6597899;488;0
147;18;336;18;19;40;6;3.40;6;2;1;84;0;6598006;410;0
147;18;336;18;19;40;34;3.00;3;1;1;73;0;6598034;155;0
147;18;336;18;19;40;58;4.00;2;1;1;106;0;6598058;436;0
147;18;336;18;19;41;19;3.40;6;2;1;77;0;6598119;98;0
147;18;336;18;19;42;5;3.40;3;1;1;76;0;6598205;156;0
147;18;336;18;19;42;99;3.80;5;2;1;81;0;6598299;766;0
147;18;336;18;19;42;6;3.00;6;2;1;70;0;6598206;71;0
147;18;336;18;19;44;12;3.20;6;2;1;71;0;6598412;190;0
147;18;336;18;19;44;23;3.00;5;2;1;80;0;6598423;107;0
147;18;336;18;19;45;55;3.60;6;2;1;76;0;6598555;126;6598006
147;18;336;18;19;45;65;3.60;4;1;1;84;0;6598565;846;0
147;18;336;18;19;45;60;4.20;7;2;1;82;0;6598560;643;0
147;18;336;18;19;45;60;5.20;5;2;1;80;0;6598560;123;0
147;18;336;18;19;47;99;3.40;5;2;1;77;0;6598799;215;0
147;18;336;18;19;47;99;4.00;4;1;1;82;0;6598799;218;0
147;18;336;18;19;48;11;4.00;5;2;1;78;0;6598811;-1;0
147;18;336;18;19;48;42;3.60;7;2;1;78;0;6598842;263;0
147;18;336;18;19;48;45;3.80;6;2;1;71;0;6598845;272;0
147;18;336;18;19;48;76;3.40;5;2;1;76;0;6598876;46;0
147;18;336;18;19;48;81;3.40;3;1;1;74;0;6598881;659;0
147;18;336;18;19;49;25;3.20;2;1;1;80;0;6598925;853;0
147;18;336;18;19;49;99;4.00;7;2;1;77;0;6598999;140;0
147;18;336;18;19;49;99;3.00;5;2;1;76;0;6598999;106;0
147;18;336;18;19;50;7;3.80;6;2;1;76;0;6599007;142;0
147;18;336;18;19;50;1;3.60;7;2;1;76;0;6599001;-1;0
147;18;336;18;19;50;0;3.80;3;1;1;75;0;6599000;102;0
147;18;336;18;19;50;28;3.60;4;1;1;83;0;6599028;211;0
147;18;336;18;19;50;42;3.20;5;2;1;80;0;6599042;28;6598299
147;18;336;18;19;51;99;3.40;3;1;1;75;0;6599199;180;6598299
147;18;336;18;19;52;99;4.00;2;1;1;77;0;6599299;359;0
147;18;336;18;19;52;99;3.80;5;2;1;85;0;6599299;242;0
147;18;336;18;19;53;4;4.00;3;1;1;73;0;6599304;88;0
147;18;336;18;19;53;65;3.40;6;2;1;77;0;6599365;340;0
147;18;336;18;19;53;89;3.00;2;1;1;71;0;6599389;71;0
147;18;336;18;19;53;95;3.40;4;1;1;83;0;6599395;351;0
147;18;336;18;19;54;21;3.60;7;2;1;78;0;6599421;402;0
147;18;336;18;19;54;99;3.60;1;1;1;91;0;6599499;3283;0
147;18;336;18;19;56;97;3.40;5;2;1;78;0;6599697;381;0
147;18;336;18;19;57;99;3.60;2;1;1;77;0;6599799;394;0
147;18;336;18;19;58;20;3.20;6;2;1;73;0;6599820;439;0
147;18;336;18;19;58;48;3.60;4;1;1;79;0;6599848;438;0
147;18;336;18;19;58;80;3.60;5;2;1;84;0;6599880;167;0
147;18;336;18;19;59;99;3.40;6;2;1;70;0;6599999;163;0
147;18;336;18;19;59;99;3.80;4;1;1;84;0;6599999;134;0
147;18;336;18;19;59;99;4.40;2;1;1;74;0;6599999;183;0
147;18;336;18;20;0;99;3.60;6;2;1;71;0;6600099;82;0
147;18;336;18;20;0;22;3.00;2;1;1;72;0;6600022;1;0
147;18;336;18;20;1;77;4.00;5;2;1;82;0;6600177;281;0
147;18;336;18;20;1;99;3.40;6;2;1;73;0;6600199;81;0
147;18;336;18;20;2;9;4.00;5;2;1;85;0;6600209;14;0
147;18;336;18;20;2;16;3.40;2;1;1;73;0;6600216;179;0
147;18;336;18;20;2;23;3.20;4;1;1;78;0;6600223;207;0
147;18;336;18;20;3;3;3.80;3;1;1;80;0;6600303;979;0
147;18;336;18;20;4;99;3.60;6;2;1;77;0;6600499;283;0
147;18;336;18;20;5;99;3.60;6;2;1;74;0;6600599;83;0
147;18;336;18;20;6;15;4.20;8;2;1;85;0;6600615;2799;0
147;18;336;18;20;6;29;3.80;4;1;1;89;0;6600629;391;0
147;18;336;18;20;6;74;3.80;5;2;1;80;0;6600674;448;0
147;18;336;18;20;7;16;3.20;3;1;1;80;0;6600716;395;0
147;18;336;18;20;7;20;3.40;2;1;1;84;0;6600720;487;0
147;18;336;18;20;7;99;3.60;8;2;1;82;0;6600799;166;0
147;18;336;18;20;8;1;3.80;5;2;1;86;0;6600801;109;0
147;18;336;18;20;5;98;4.00;7;2;1;15;0;6600598;1160;0
147;18;336;18;20;8;12;4.80;4;1;1;89;0;6600812;167;0
147;18;336;18;20;9;99;3.60;2;1;1;83;0;6600999;264;0
147;18;336;18;20;9;99;3.40;6;2;1;87;0;6600999;382;0
147;18;336;18;20;10;99;3.60;3;1;1;81;0;6601099;368;0
147;18;336;18;20;11;41;3.40;2;1;1;80;0;6601141;126;0
147;18;336;18;20;9;37;4.20;7;2;1;17;0;6600937;243;0
147;18;336;18;20;13;99;3.60;2;1;1;75;0;6601399;242;0
147;18;336;18;20;13;9;3.60;6;2;1;80;0;6601309;295;0
147;18;336;18;20;14;81;3.40;2;1;1;72;0;6601481;64;0
147;18;336;18;20;14;99;3.80;2;1;1;72;0;6601499;0;0
147;18;336;18;20;15;99;3.80;2;1;1;74;0;6601599;81;0
147;18;336;18;20;16;69;3.40;6;2;1;83;0;6601669;343;0
147;18;336;18;20;16;82;3.40;2;1;1;72;0;6601682;64;6601399
147;18;336;18;20;18;2;3.20;6;2;1;79;0;6601802;118;6601399
147;18;336;18;20;19;93;3.80;2;1;1;75;0;6601993;294;0
147;18;336;18;20;20;99;3.40;6;2;1;76;0;6602099;282;0
147;18;336;18;20;20;99;3.40;3;1;1;68;0;6602099;984;0
147;18;336;18;20;21;18;3.80;5;2;1;92;0;6602118;1301;0
147;18;336;18;20;21;23;3.40;6;2;1;79;0;6602123;7;0
147;18;336;18;20;21;34;3.80;4;1;1;84;0;6602134;1302;0
147;18;336;18;20;21;76;3.60;7;2;1;74;0;6602176;1150;0
147;18;336;18;20;22;99;4.20;6;2;1;77;0;6602299;160;0
147;18;336;18;20;23;16;3.60;7;2;1;75;0;6602316;122;0
147;18;336;18;20;23;99;3.80;3;1;1;85;0;6602399;282;0
147;18;336;18;20;23;19;3.20;5;2;1;82;0;6602319;186;0
147;18;336;18;20;25;99;3.20;3;1;1;81;0;6602599;183;0
147;18;336;18;20;27;99;3.40;3;1;1;89;0;6602799;185;0
147;18;336;18;20;29;5;3.40;5;2;1;85;0;6602905;571;0
147;18;336;18;20;30;14;3.80;2;1;1;75;0;6603014;1002;0
147;18;336;18;20;30;99;3.00;6;2;1;72;0;6603099;780;0
147;18;336;18;20;31;99;3.40;8;2;1;80;0;6603199;2384;0
147;18;336;18;20;31;26;3.20;6;2;1;73;0;6603126;12;0
147;18;336;18;20;31;38;3.80;4;1;1;89;0;6603138;987;0
147;18;336;18;20;32;6;3.80;3;1;1;83;0;6603206;393;0
147;18;336;18;20;33;17;3.60;6;2;1;77;0;6603317;175;0
147;18;336;18;20;33;99;3.80;3;1;1;82;0;6603399;176;0
147;18;336;18;20;34;5;3.60;5;2;1;81;0;6603405;485;0
147;18;336;18;20;35;25;3.60;8;2;1;81;0;6603525;310;0
147;18;336;18;20;35;99;3.40;4;1;1;83;0;6603599;445;0
147;18;336;18;20;35;99;3.20;5;2;1;84;0;6603599;178;0
147;18;336;18;20;36;2;3.80;2;1;1;74;0;6603602;569;0
147;18;336;18;20;37;21;4.00;6;2;1;78;0;6603721;387;0
147;18;336;18;20;37;89;3.80;7;2;1;75;0;6603789;1455;0
147;18;336;18;20;38;99;3.40;8;2;1;78;0;6603899;358;0
147;18;336;18;20;38;99;3.00;7;2;1;76;0;6603899;91;0
147;18;336;18;20;38;99;3.20;4;1;1;80;0;6603899;285;0
147;18;336;18;20;38;99;3.60;2;1;1;76;0;6603899;278;0
147;18;336;18;20;39;28;3.60;6;2;1;78;0;6603928;188;0
147;18;336;18;20;40;5;3.40;2;1;1;73;0;6604005;88;0
147;18;336;18;20;40;21;3.40;4;1;1;85;0;6604021;107;0
147;18;336;18;20;40;99;4.00;7;2;1;81;0;6604099;185;0
147;18;336;18;20;42;4;3.80;4;1;1;83;0;6604204;168;0
147;18;336;18;20;41;37;3.60;2;1;1;73;0;6604137;115;0
147;18;336;18;20;42;88;3.00;8;2;1;75;0;6604288;373;0
147;18;336;18;20;43;99;3.60;2;1;1;74;0;6604399;244;0
147;18;336;18;20;43;99;3.40;7;2;1;81;0;6604399;282;0
147;18;336;18;20;44;5;4.60;3;1;1;79;0;6604405;989;0
147;18;336;18;20;44;42;4.00;5;2;1;78;0;6604442;829;0
147;18;336;18;20;44;59;3.60;6;2;1;79;0;6604459;514;0
147;18;336;18;20;46;22;3.20;8;2;1;76;0;6604622;319;0
147;18;336;18;20;46;99;3.40;5;2;1;83;0;6604699;238;0
147;18;336;18;20;47;12;3.20;2;1;1;83;0;6604712;295;0
147;18;336;18;20;47;99;3.20;3;1;1;73;0;6604799;373;0
147;18;336;18;20;48;99;3.80;8;2;1;90;0;6604899;261;0
147;18;336;18;20;48;99;4.20;7;2;1;77;0;6604899;484;0
147;18;336;18;20;49;9;4.00;4;1;1;76;0;6604909;688;0
147;18;336;18;20;51;99;7.40;7;2;2;78;0;6605199;280;0
147;18;336;18;20;51;99;3.60;1;1;1;79;0;6605199;5685;0
147;18;336;18;20;52;19;3.40;6;2;1;77;0;6605219;743;0
147;18;336;18;20;52;50;3.00;3;1;1;79;0;6605250;435;0
147;18;336;18;20;53;29;3.40;7;2;1;83;0;6605329;95;0
147;18;336;18;20;54;42;3.60;1;1;1;76;0;6605442;226;0
147;18;336;18;20;55;99;3.20;3;1;1;78;0;6605599;335;0
147;18;336;18;20;55;99;6.80;6;2;1;83;0;6605599;364;0
147;18;336;18;20;56;22;3.80;2;1;1;80;0;6605622;896;0
147;18;336;18;20;57;99;3.80;6;2;1;76;0;6605799;170;0
147;18;336;18;20;59;3;4.00;3;1;1;76;0;6605903;289;0
147;18;336;18;20;59;8;4.40;6;2;1;83;0;6605908;91;0
147;18;336;18;21;0;85;3.40;7;2;1;83;0;6606085;741;0
147;18;336;18;21;0;99;3.40;3;1;1;76;0;6606099;177;0
147;18;336;18;21;2;34;3.60;3;1;1;79;0;6606234;118;0
147;18;336;18;21;2;53;3.80;5;2;1;88;0;6606253;1539;0
147;18;336;18;21;2;76;3.80;6;2;1;84;0;6606276;348;0
147;18;336;18;21;2;78;4.40;2;1;1;86;0;6606278;638;0
147;18;336;18;21;3;99;3.80;6;2;1;80;0;6606399;106;0
147;18;336;18;21;6;14;4.80;3;1;1;86;0;6606614;363;0
147;18;336;18;21;6;14;3.80;8;2;1;78;0;6606614;1699;0
147;18;336;18;21;6;99;3.80;6;2;1;82;0;6606699;282;0
147;18;336;18;21;7;0;3.40;7;2;1;85;0;6606700;600;0
147;18;336;18;21;7;14;3.80;3;1;1;83;0;6606714;79;0
147;18;336;18;21;7;30;3.80;2;1;1;87;0;6606730;433;0
147;18;336;18;21;8;99;3.80;5;2;1;81;0;6606899;630;0
147;18;336;18;21;9;99;3.40;3;1;1;75;0;6606999;268;0
147;18;336;18;21;9;18;3.00;6;2;1;80;0;6606918;202;0
147;18;336;18;21;11;3;3.40;6;2;1;79;0;6607103;171;0
147;18;336;18;21;11;6;3.40;5;2;1;84;0;6607106;190;0
147;18;336;18;21;11;99;3.20;3;1;1;71;0;6607199;183;0
147;18;336;18;21;11;99;3.60;7;2;1;86;0;6607199;484;0
147;18;336;18;21;11;99;6.40;2;1;1;75;0;6607199;453;0
147;18;336;18;21;13;99;3.40;6;2;1;82;0;6607399;280;0
147;18;336;18;21;14;99;3.40;3;1;1;75;0;6607499;283;0
147;18;336;18;21;14;99;4.00;7;2;1;82;0;6607499;284;0
147;18;336;18;21;14;99;3.60;1;1;1;76;0;6607499;2039;0
147;18;336;18;21;15;56;3.20;8;2;1;79;0;6607556;924;0
147;18;336;18;21;15;68;3.60;5;2;1;84;0;6607568;447;0
147;18;336;18;21;15;99;3.80;6;2;1;83;0;6607599;185;0
147;18;336;18;21;16;12;3.20;3;1;1;75;0;6607612;96;0
147;18;336;18;21;16;99;3.60;1;1;1;80;0;6607699;182;0
147;18;336;18;21;16;99;4.60;5;2;1;82;0;6607699;115;0
147;18;336;18;21;16;99;3.40;2;1;1;74;0;6607699;469;0
147;18;336;18;21;17;6;3.20;8;2;1;79;0;6607706;135;0
147;18;336;18;21;18;17;3.80;6;2;1;82;0;6607817;201;0
147;18;336;18;21;18;27;3.20;3;1;1;85;0;6607827;199;0
147;18;336;18;21;19;14;3.40;1;1;1;78;0;6607914;198;0
147;18;336;18;21;19;99;3.00;2;1;1;70;0;6607999;283;0
147;18;336;18;21;20;73;4.00;1;1;1;76;0;6608073;143;0
147;18;336;18;21;22;99;3.80;6;2;1;79;0;6608299;465;0
147;18;336;18;21;26;10;3.60;6;2;1;76;0;6608610;293;0
147;18;336;18;21;26;99;3.60;4;1;1;82;0;6608699;3771;0
147;18;336;18;21;26;99;3.20;3;1;1;81;0;6608699;858;0
147;18;336;18;21;26;99;4.00;7;2;1;75;0;6608699;1182;0
147;18;336;18;21;27;4;3.40;5;2;1;80;0;6608704;984;0
147;18;336;18;21;28;89;3.60;6;2;1;81;0;6608889;261;0
147;18;336;18;21;28;99;3.80;7;2;1;81;0;6608899;180;0
147;18;336;18;21;31;99;3.60;6;2;1;81;0;6609199;294;0
147;18;336;18;21;32;99;6.80;2;1;1;71;0;6609299;1284;0
147;18;336;18;21;33;2;3.00;5;2;1;80;0;6609302;582;0
147;18;336;18;21;34;99;3.60;5;2;1;81;0;6609499;183;0
147;18;336;18;21;35;99;4.00;6;2;1;81;0;6609599;384;0
147;18;336;18;21;35;99;3.20;2;1;1;77;0;6609599;265;0
147;18;336;18;21;35;3;8.20;7;2;6;77;0;6609503;587;0
147;18;336;18;21;36;99;3.80;3;1;1;81;0;6609699;985;0
147;18;336;18;21;36;99;3.40;6;2;1;79;0;6609699;82;0
147;18;336;18;21;37;99;3.40;6;2;1;83;0;6609799;84;0
147;18;336;18;21;37;99;3.80;7;2;1;73;0;6609799;257;0
147;18;336;18;21;39;99;3.40;3;1;1;77;0;6609999;283;0
147;18;336;18;21;40;15;3.80;7;2;1;78;0;6610015;197;0
147;18;336;18;21;40;11;3.40;2;1;1;75;0;6610011;397;0
147;18;336;18;21;42;99;3.40;3;1;1;78;0;6610299;284;0
147;18;336;18;21;43;42;3.40;2;1;1;77;0;6610342;314;0
147;18;336;18;21;44;99;3.20;6;2;1;76;0;6610499;685;0
147;18;336;18;21;45;99;3.40;3;1;1;62;0;6610599;284;0
147;18;336;18;21;45;13;3.40;2;1;1;74;0;6610513;155;0
147;18;336;18;21;46;5;3.40;4;1;1;79;0;6610605;1890;0
147;18;336;18;21;46;87;3.40;6;2;1;77;0;6610687;172;0
147;18;336;18;21;46;91;3.00;3;1;1;67;0;6610691;72;0
147;18;336;18;21;47;99;3.60;2;1;1;75;0;6610799;269;0
147;18;336;18;21;47;99;3.60;6;2;1;78;0;6610799;96;0
147;18;336;18;21;48;53;4.80;2;1;1;74;0;6610853;36;0
147;18;336;18;21;49;10;4.00;7;2;1;83;0;6610910;877;0
147;18;336;18;21;49;99;3.40;3;1;1;77;0;6610999;291;0
147;18;336;18;21;50;21;3.60;6;2;1;76;0;6611021;205;0
147;18;336;18;21;50;99;3.00;2;1;1;73;0;6611099;222;0
147;18;336;18;21;51;67;3.40;3;1;1;79;0;6611167;152;0
147;18;336;18;21;52;99;3.80;2;1;1;86;0;6611299;185;0
147;18;336;18;21;52;99;3.00;1;1;1;76;0;6611299;3207;0
147;18;336;18;21;52;99;3.40;6;2;1;79;0;6611299;260;0
147;18;336;18;21;52;99;3.60;4;1;1;82;0;6611299;678;0
147;18;336;18;21;52;99;4.00;5;2;1;81;0;6611299;1784;0
147;18;336;18;21;53;30;4.00;3;1;1;82;0;6611330;147;0
147;18;336;18;21;56;99;3.40;2;1;1;76;0;6611699;384;0
147;18;336;18;21;57;99;4.40;6;2;1;81;0;6611799;484;0
147;18;336;18;21;58;7;4.00;2;1;1;79;0;6611807;91;0
147;18;336;18;21;59;12;3.80;3;1;1;74;0;6611912;564;0
147;18;336;18;21;59;21;3.80;2;1;1;77;0;6611921;95;0
147;18;336;18;21;59;99;4.20;1;1;1;82;0;6611999;685;0
147;18;336;18;22;0;99;3.80;6;2;1;80;0;6612099;280;0
147;18;336;18;22;0;99;3.00;2;1;1;77;0;6612099;160;0
147;18;336;18;22;1;78;3.20;7;2;1;80;0;6612178;1250;0
147;18;336;18;22;2;99;3.40;3;1;1;80;0;6612299;368;0
147;18;336;18;22;2;99;4.00;4;1;1;86;0;6612299;984;0
147;18;336;18;22;4;14;3.40;3;1;1;80;0;6612414;99;0
147;18;336;18;22;4;97;3.80;2;1;1;69;0;6612497;383;0
147;18;336;18;22;6;21;3.60;2;1;1;77;0;6612621;104;0
147;18;336;18;22;6;43;3.80;4;1;1;88;0;6612643;327;0
147;18;336;18;22;6;51;3.60;6;2;1;75;0;6612651;534;0
147;18;336;18;22;7;99;3.60;5;2;1;80;0;6612799;1482;0
147;18;336;18;22;7;99;3.40;7;2;1;79;0;6612799;606;0
147;18;336;18;22;7;99;4.00;2;1;1;77;0;6612799;161;0
147;18;336;18;22;7;99;3.20;3;1;1;80;0;6612799;369;0
147;18;336;18;22;8;20;3.60;5;2;1;78;0;6612820;4;0
147;18;336;18;22;9;8;3.40;5;2;1;81;0;6612908;71;0
147;18;336;18;22;9;1;3.20;6;2;1;66;0;6612901;232;0
147;18;336;18;22;10;99;3.80;5;2;1;82;0;6613099;175;0
147;18;336;18;22;10;99;3.80;6;2;1;70;0;6613099;180;0
147;18;336;18;22;12;99;3.80;5;2;1;79;0;6613299;183;6612799
147;18;336;18;22;12;99;3.60;3;1;1;85;0;6613299;485;0
147;18;336;18;22;13;99;3.80;7;2;1;82;0;6613399;584;0
147;18;336;18;22;14;66;3.60;2;1;1;78;0;6613466;648;0
147;18;336;18;22;14;87;3.60;5;2;1;79;0;6613487;170;6612799
147;18;336;18;22;15;19;4.00;1;1;1;78;0;6613519;1501;0
147;18;336;18;22;15;99;4.00;3;1;1;78;0;6613599;284;0
147;18;336;18;22;15;99;3.80;7;2;1;74;0;6613599;183;0
147;18;336;18;22;15;99;3.60;5;2;1;79;0;6613599;95;6612799
147;18;336;18;22;16;10;3.00;6;2;1;76;0;6613610;491;0
147;18;336;18;22;16;27;3.40;3;1;1;80;0;6613627;9;0
147;18;336;18;22;17;11;2.80;6;2;1;78;0;6613711;86;0
147;18;336;18;22;18;1;3.20;7;2;1;81;0;6613801;183;0
147;18;336;18;22;18;99;3.60;6;2;1;86;0;6613899;175;0
147;18;336;18;22;19;23;4.00;5;2;1;81;0;6613923;307;0
147;18;336;18;22;20;99;3.80;3;1;1;72;0;6614099;456;0
147;18;336;18;22;21;15;3.40;2;1;1;70;0;6614115;632;0
147;18;336;18;22;22;97;3.40;6;2;1;81;0;6614297;382;0
147;18;336;18;22;22;99;3.80;2;1;1;76;0;6614299;166;0
147;18;336;18;22;23;99;3.60;7;2;1;79;0;6614399;583;0
147;18;336;18;22;24;23;3.80;6;2;1;85;0;6614423;110;0
147;18;336;18;22;24;76;3.40;4;1;1;76;0;6614476;1817;0
147;18;336;18;22;25;99;3.60;3;1;1;74;0;6614599;481;0
147;18;336;18;22;26;99;3.20;1;1;1;81;0;6614699;1161;0
147;18;336;18;22;27;64;3.60;2;1;1;73;0;6614764;447;0
147;18;336;18;22;27;92;3.60;6;2;1;78;0;6614792;352;0
147;18;336;18;22;29;15;3.20;5;2;1;86;0;6614915;974;0
147;18;336;18;22;31;5;3.40;5;2;1;86;0;6615105;176;0
147;18;336;18;22;32;74;3.60;6;2;1;81;0;6615274;465;0
147;18;336;18;22;33;99;3.80;8;2;1;87;0;6615399;7678;0
147;18;336;18;22;33;99;3.60;6;2;1;73;0;6615399;109;0
147;18;336;18;22;35;4;3.60;7;2;1;74;0;6615504;1088;0
147;18;336;18;22;35;99;3.40;3;1;1;74;0;6615599;982;0
147;18;336;18;22;36;14;3.20;4;1;1;81;0;6615614;1121;0
147;18;336;18;22;36;99;3.80;3;1;1;74;0;6615699;83;0
147;18;336;18;22;37;99;3.40;6;2;1;77;0;6615799;382;0
147;18;336;18;22;38;99;3.80;7;2;1;85;0;6615899;377;0
147;18;336;18;22;39;41;3.40;1;1;1;73;0;6615941;1227;0
147;18;336;18;22;40;99;4.00;6;2;1;76;0;6616099;284;0
147;18;336;18;22;41;24;3.20;2;1;1;77;0;6616124;1342;0
147;18;336;18;22;42;27;3.20;7;2;1;83;0;6616227;311;0
147;18;336;18;22;42;64;3.60;3;1;1;77;0;6616264;546;0
147;18;336;18;22;43;99;3.40;6;2;1;82;0;6616399;281;0
147;18;336;18;22;43;99;3.60;4;1;1;77;0;6616399;770;0
147;18;336;18;22;44;10;3.60;2;1;1;75;0;6616410;271;0
147;18;336;18;22;44;5;3.60;4;1;1;76;0;6616405;-1;0
147;18;336;18;22;44;24;3.20;3;1;1;74;0;6616424;143;0
147;18;336;18;22;44;51;3.80;7;2;1;80;0;6616451;210;0
147;18;336;18;22;46;99;3.60;5;2;1;84;0;6616699;1579;0
147;18;336;18;22;46;99;3.40;3;1;1;73;0;6616699;259;0
147;18;336;18;22;47;0;3.40;4;1;1;79;0;6616700;277;0
147;18;336;18;22;47;13;3.20;6;2;1;89;0;6616713;299;0
147;18;336;18;22;47;9;3.60;7;2;1;66;0;6616709;240;0
147;18;336;18;22;47;77;3.60;2;1;1;77;0;6616777;349;0
147;18;336;18;22;47;82;3.20;3;1;1;72;0;6616782;66;0
147;18;336;18;22;47;91;4.00;4;1;1;80;0;6616791;75;0
147;18;336;18;22;48;9;3.60;6;2;1;78;0;6616809;83;0
147;18;336;18;22;49;23;4.00;1;1;1;86;0;6616923;965;0
147;18;336;18;22;49;7;3.40;3;1;1;73;0;6616907;109;0
147;18;336;18;22;50;99;3.60;6;2;1;78;0;6617099;273;0
147;18;336;18;22;52;13;3.00;3;1;1;73;0;6617213;289;0
147;18;336;18;22;52;56;5.20;2;1;1;86;0;6617256;462;0
147;18;336;18;22;52;65;3.80;6;2;1;81;0;6617265;149;0
147;18;336;18;22;53;2;3.40;3;1;1;75;0;6617302;74;0
147;18;336;18;22;53;99;4.00;8;2;1;84;0;6617399;1984;0
147;18;336;18;22;53;99;3.60;7;2;1;69;0;6617399;670;0
147;18;336;18;22;54;99;3.20;6;2;1;78;0;6617499;217;0
147;18;336;18;22;54;99;3.60;7;2;1;69;0;6617499;81;0
147;18;336;18;22;55;59;4.40;7;2;1;76;0;6617559;41;0
147;18;336;18;22;56;1;3.80;7;2;1;76;0;6617601;21;0
147;18;336;18;22;56;13;3.80;5;2;1;80;0;6617613;898;0
147;18;336;18;22;56;99;3.40;6;2;1;75;0;6617699;185;0
147;18;336;18;22;56;99;3.20;2;1;1;78;0;6617699;421;0
147;18;336;18;22;57;67;3.80;6;2;1;77;0;6617767;51;0
147;18;336;18;22;58;99;3.40;1;1;1;80;0;6617899;959;0
147;18;336;18;22;59;99;3.60;6;2;1;73;0;6617999;214;0
147;18;336;18;22;59;11;4.00;3;1;1;74;0;6617911;592;0
147;18;336;18;23;0;58;3.60;7;2;1;76;0;6618058;439;0
147;18;336;18;23;0;99;3.60;8;2;1;84;0;6618099;682;0
147;18;336;18;23;1;23;3.20;2;1;1;83;0;6618123;409;0
147;18;336;18;23;2;99;3.80;3;1;1;73;0;6618299;368;0
147;18;336;18;23;4;6;3.60;3;1;1;72;0;6618406;88;0
147;18;336;18;23;6;99;3.60;3;1;1;74;0;6618699;275;0
147;18;336;18;23;6;99;4.60;4;1;1;79;0;6618699;1890;0
147;18;336;18;23;6;99;3.40;6;2;1;70;0;6618699;682;0
147;18;336;18;23;7;4;3.80;4;1;1;78;0;6618704;-1;0
147;18;336;18;23;7;99;3.00;5;2;1;78;0;6618799;1168;0
147;18;336;18;23;7;28;3.80;6;2;1;69;0;6618728;11;0
147;18;336;18;23;7;89;6.40;7;2;1;74;0;6618789;713;0
147;18;336;18;23;8;99;3.60;1;1;1;70;0;6618899;984;0
147;18;336;18;23;9;99;3.20;7;2;1;85;0;6618999;178;0
147;18;336;18;23;10;57;8.40;6;2;6;73;0;6619057;309;0
147;18;336;18;23;11;99;3.60;3;1;1;87;0;6619199;482;0
147;18;336;18;23;12;14;6.60;7;2;1;76;0;6619214;201;0
147;18;336;18;23;14;13;3.40;6;2;1;76;0;6619413;314;0
147;18;336;18;23;14;16;3.80;3;1;1;82;0;6619416;202;0
147;18;336;18;23;14;99;3.60;1;1;1;73;0;6619499;581;0
147;18;336;18;23;15;18;3.60;7;2;1;77;0;6619518;272;0
147;18;336;18;23;15;54;3.20;2;1;1;78;0;6619554;1417;0
147;18;336;18;23;16;24;3.40;3;1;1;81;0;6619624;191;0
147;18;336;18;23;16;99;3.40;4;1;1;93;0;6619699;977;0
147;18;336;18;23;16;99;4.00;5;2;1;82;0;6619699;886;0
147;18;336;18;23;16;99;3.40;2;1;1;75;0;6619699;130;0
147;18;336;18;23;16;99;3.80;7;2;1;75;0;6619699;164;0
147;18;336;18;23;17;0;3.60;2;1;1;74;0;6619700;-1;0
147;18;336;18;23;18;6;3.40;6;2;1;71;0;6619806;376;0
147;18;336;18;23;18;59;3.60;3;1;1;80;0;6619859;219;0
147;18;336;18;23;18;99;3.60;3;1;1;73;0;6619899;23;0
147;18;336;18;23;19;99;3.60;7;2;1;76;0;6619999;281;0
147;18;336;18;23;19;99;3.80;2;1;1;79;0;6619999;281;0
147;18;336;18;23;19;99;3.40;3;1;1;73;0;6619999;82;0
147;18;336;18;23;20;0;4.40;7;2;1;79;0;6620000;-1;0
147;18;336;18;23;20;19;3.80;5;2;1;84;0;6620019;302;0
147;18;336;18;23;20;68;3.20;2;1;1;69;0;6620068;51;0
147;18;336;18;23;21;99;3.20;7;2;1;78;0;6620199;178;0
147;18;336;18;23;21;99;3.80;5;2;1;83;0;6620199;163;0
147;18;336;18;23;22;99;3.20;6;2;1;74;0;6620299;475;0
147;18;336;18;23;22;99;3.40;3;1;1;76;0;6620299;283;0
147;18;336;18;23;23;3;3.60;5;2;1;81;0;6620303;87;0
147;18;336;18;23;23;86;3.80;7;2;1;80;0;6620386;172;0
147;18;336;18;23;24;10;3.20;6;2;1;80;0;6620410;95;0
147;18;336;18;23;24;99;3.40;3;1;1;78;0;6620499;183;0
147;18;336;18;23;25;99;3.60;1;1;1;61;0;6620599;1082;0
147;18;336;18;23;25;25;3.80;6;2;1;78;0;6620525;100;0
147;18;336;18;23;25;24;3.80;2;1;1;73;0;6620524;439;0
147;18;336;18;23;26;90;3.40;3;1;1;81;0;6620690;175;0
147;18;336;18;23;26;99;4.00;1;1;1;59;0;6620699;78;0
147;18;336;18;23;27;22;3.60;3;1;1;77;0;6620722;16;0
147;18;336;18;23;27;99;3.60;4;1;1;79;0;6620799;1086;0
147;18;336;18;23;27;99;3.00;2;1;1;80;0;6620799;256;0
147;18;336;18;23;27;99;3.60;6;2;1;81;0;6620799;256;0
147;18;336;18;23;27;99;3.40;1;1;1;66;0;6620799;75;0
147;18;336;18;23;28;41;3.80;8;2;1;66;0;6620841;2726;0
147;18;336;18;23;28;62;3.40;3;1;1;74;0;6620862;123;6620299
147;18;336;18;23;29;1;3.20;7;2;1;70;0;6620901;497;0
147;18;336;18;23;29;99;3.00;3;1;1;74;0;6620999;120;6620299
147;18;336;18;23;29;99;3.40;6;2;1;69;0;6620999;184;6620299
147;18;336;18;23;29;99;3.60;2;1;1;72;0;6620999;186;6620299
147;18;336;18;23;30;14;3.60;6;2;1;69;0;6621014;-1;6620299
147;18;336;18;23;32;99;3.40;6;2;1;72;0;6621299;266;0
147;18;336;18;23;32;99;4.60;3;1;1;86;0;6621299;285;0
147;18;336;18;23;32;99;3.20;2;1;1;72;0;6621299;282;0
147;18;336;18;23;34;9;3.80;1;1;1;73;0;6621409;591;0
147;18;336;18;23;34;14;4.00;7;2;1;76;0;6621414;496;0
147;18;336;18;23;34;99;3.40;6;2;1;67;0;6621499;183;0
147;18;336;18;23;35;0;3.00;2;1;1;77;0;6621500;185;0
147;18;336;18;23;35;3;3.40;6;2;1;69;0;6621503;-1;0
147;18;336;18;23;36;79;3.80;6;2;1;71;0;6621679;158;0
147;18;336;18;23;36;99;3.40;2;1;1;75;0;6621699;184;0
147;18;336;18;23;36;99;3.20;3;1;1;83;0;6621699;380;0
147;18;336;18;23;36;99;3.80;8;2;1;74;0;6621699;837;0
147;18;336;18;23;37;99;4.00;5;2;1;80;0;6621799;1480;0
147;18;336;18;23;37;99;3.60;6;2;1;76;0;6621799;100;6621299
147;18;336;18;23;37;99;3.80;2;1;1;76;0;6621799;83;6621299
147;18;336;18;23;38;6;3.80;5;2;1;78;0;6621806;-1;6621299
147;18;336;18;23;38;13;6.40;2;1;1;81;0;6621813;-1;6621299
147;18;336;18;23;39;99;4.40;6;2;1;76;0;6621999;182;6621299
147;18;336;18;23;40;15;3.00;6;2;1;74;0;6622015;-1;6621299
147;18;336;18;23;39;99;12.00;2;1;3;73;0;6621999;157;6621299
147;18;336;18;23;41;99;3.60;3;1;1;79;0;6622199;486;0
147;18;336;18;23;41;99;3.60;6;2;1;72;0;6622199;169;6621299
147;18;336;18;23;42;18;3.60;5;2;1;80;0;6622218;394;0
147;18;336;18;23;43;53;3.60;5;2;1;82;0;6622353;118;0
147;18;336;18;23;44;99;3.80;6;2;1;74;0;6622499;282;0
147;18;336;18;23;45;99;4.20;1;1;1;81;0;6622599;1171;0
147;18;336;18;23;45;99;4.00;5;2;1;80;0;6622599;230;0
147;18;336;18;23;45;7;3.40;2;1;1;66;0;6622507;448;0
147;18;336;18;23;47;99;4.00;4;1;1;79;0;6622799;1983;0
147;18;336;18;23;48;7;3.20;2;1;1;76;0;6622807;281;0
147;18;336;18;23;48;99;3.80;3;1;1;74;0;6622899;683;0
147;18;336;18;23;49;75;3.60;1;1;1;69;0;6622975;357;0
147;18;336;18;23;50;99;4.00;6;2;1;80;0;6623099;581;0
147;18;336;18;23;51;7;3.60;3;1;1;73;0;6623107;189;0
147;18;336;18;23;51;33;4.00;7;2;1;73;0;6623133;1700;0
147;18;336;18;23;53;99;3.40;4;1;1;81;0;6623399;581;0
147;18;336;18;23;53;19;3.20;7;2;1;80;0;6623319;166;0
147;18;336;18;23;55;99;3.80;7;2;1;77;0;6623599;265;0
147;18;336;18;23;56;13;3.60;2;1;1;83;0;6623613;790;0
147;18;336;18;23;56;20;3.20;3;1;1;74;0;6623620;495;0
147;18;336;18;23;56;41;3.20;6;2;1;78;0;6623641;524;0
147;18;336;18;23;58;22;3.60;3;1;1;82;0;6623822;186;0
147;18;336;18;23;58;7;3.40;4;1;1;89;0;6623807;392;0
147;18;336;18;23;58;9;3.60;6;2;1;82;0;6623809;153;0
147;18;336;18;23;59;99;4.00;4;1;1;87;0;6623999;178;0
147;18;336;18;24;0;99;5.80;7;2;1;80;0;6624099;482;0
147;18;336;18;24;0;99;3.80;6;2;1;110;0;6624099;274;0
147;18;336;18;24;0;99;3.00;3;1;1;74;0;6624099;261;0
147;18;336;18;24;1;40;3.40;5;2;1;78;0;6624140;1523;0
147;18;336;18;24;1;49;3.80;3;1;1;75;0;6624149;35;0
147;18;336;18;24;1;63;3.00;6;2;1;77;0;6624163;51;0
147;18;336;18;24;3;99;4.20;6;2;1;84;0;6624399;221;0
147;18;336;18;24;3;99;4.00;4;1;1;80;0;6624399;383;0
147;18;336;18;24;4;81;3.60;3;1;1;76;0;6624481;313;0
147;18;336;18;24;4;99;3.40;4;1;1;79;0;6624499;82;0
147;18;336;18;24;6;4;3.60;7;2;1;78;0;6624604;478;0
147;18;336;18;24;6;13;3.80;4;1;1;80;0;6624613;98;0
147;18;336;18;24;7;99;4.00;8;2;1;92;0;6624799;3081;0
147;18;336;18;24;7;99;3.40;4;1;1;82;0;6624799;168;0
147;18;336;18;24;8;2;5.80;7;2;1;85;0;6624802;181;0
147;18;336;18;24;8;99;2.80;3;1;1;75;0;6624899;400;0
147;18;336;18;24;8;4;3.80;4;1;1;82;0;6624804;-1;6624399
147;18;336;18;24;9;93;3.40;3;1;1;74;0;6624993;80;6624399
147;18;336;18;24;10;12;3.00;2;1;1;64;0;6625012;1383;0
147;18;336;18;24;10;99;4.60;7;2;1;78;0;6625099;272;0
147;18;336;18;24;11;99;3.80;6;2;1;81;0;6625199;782;0
147;18;336;18;24;12;99;3.40;3;1;1;72;0;6625299;289;0
147;18;336;18;24;13;15;3.60;5;2;1;85;0;6625315;1159;0
147;18;336;18;24;13;99;4.00;7;2;1;76;0;6625399;278;0
147;18;336;18;24;13;99;4.00;1;1;1;80;0;6625399;2405;0
147;18;336;18;24;13;99;4.20;2;1;1;71;0;6625399;370;0
147;18;336;18;24;15;99;3.40;3;1;1;74;0;6625599;283;0
147;18;336;18;24;16;99;4.00;1;1;1;76;0;6625699;282;0
147;18;336;18;24;16;99;3.60;3;1;1;74;0;6625699;83;0
147;18;336;18;24;16;99;3.60;8;2;1;72;0;6625699;884;0
147;18;336;18;24;18;99;4.00;4;1;1;84;0;6625899;1078;0
147;18;336;18;24;20;0;3.20;7;2;1;69;0;6626000;582;0
147;18;336;18;24;20;99;3.60;6;2;1;74;0;6626099;883;0
147;18;336;18;24;22;86;3.20;6;2;1;73;0;6626286;169;0
147;18;336;18;24;23;99;3.40;7;2;1;71;0;6626399;382;0
147;18;336;18;24;23;99;3.60;6;2;1;69;0;6626399;97;0
147;18;336;18;24;25;13;3.60;4;1;1;93;0;6626513;596;0
147;18;336;18;24;25;85;3.60;6;2;1;68;0;6626585;167;0
147;18;336;18;24;25;99;3.20;2;1;1;77;0;6626599;1178;0
147;18;336;18;24;26;99;3.20;6;2;1;66;0;6626699;94;6626099
147;18;336;18;24;26;99;4.20;3;1;1;80;0;6626699;982;0
147;18;336;18;24;24;59;4.00;7;2;1;13;0;6626459;42;0
147;18;336;18;24;27;80;3.80;6;2;1;68;0;6626780;63;6626099
147;18;336;18;24;28;20;3.60;5;2;1;83;0;6626820;1489;0
147;18;336;18;24;28;99;4.00;8;2;1;84;0;6626899;1182;0
147;18;336;18;24;29;99;3.40;6;2;1;66;0;6626999;198;6626099
147;18;336;18;24;29;29;3.80;5;2;1;86;0;6626929;93;6626099
147;18;336;18;24;29;55;3.60;3;1;1;75;0;6626955;237;0
147;18;336;18;24;30;99;3.60;5;2;1;86;0;6627099;154;0
147;18;336;18;24;30;99;3.00;6;2;1;68;0;6627099;81;6626099
147;18;336;18;24;31;99;4.00;4;1;1;77;0;6627199;672;0
147;18;336;18;24;33;99;3.60;1;1;1;73;0;6627399;1681;0
147;18;336;18;24;33;99;4.00;4;1;1;90;0;6627399;181;0
147;18;336;18;24;36;99;3.80;3;1;1;74;0;6627699;726;0
147;18;336;18;24;36;99;3.40;6;2;1;74;0;6627699;584;0
147;18;336;18;24;38;5;4.20;3;1;1;74;0;6627805;87;0
147;18;336;18;24;38;99;3.80;5;2;1;84;0;6627899;784;0
147;18;336;18;24;39;99;3.60;3;1;1;73;0;6627999;173;0
147;18;336;18;24;39;99;3.20;6;2;1;75;0;6627999;283;0
147;18;336;18;24;40;99;4.00;8;2;1;76;0;6628099;1182;0
147;18;336;18;24;41;17;3.40;2;1;1;76;0;6628117;1503;0
147;18;336;18;24;41;17;3.40;3;1;1;77;0;6628117;100;0
147;18;336;18;24;42;46;3.40;2;1;1;67;0;6628246;112;0
147;18;336;18;24;44;99;3.80;8;2;1;68;0;6628499;381;0
147;18;336;18;24;45;10;3.00;5;2;1;80;0;6628510;594;0
147;18;336;18;24;45;57;3.40;3;1;1;77;0;6628557;424;0
147;18;336;18;24;45;99;3.20;6;2;1;68;0;6628599;584;0
147;18;336;18;24;47;99;4.00;5;2;1;79;0;6628799;275;0
147;18;336;18;24;47;46;3.40;7;2;1;77;0;6628746;2176;0
147;18;336;18;24;48;86;3.60;6;2;1;65;0;6628886;270;0
147;18;336;18;24;48;99;3.60;5;2;1;84;0;6628899;81;0
147;18;336;18;24;49;99;3.80;6;2;1;67;0;6628999;93;0
147;18;336;18;24;50;39;3.40;6;2;1;66;0;6629039;19;0
147;18;336;18;24;50;89;4.00;5;2;1;84;0;6629089;174;0
147;18;336;18;24;47;51;4.00;7;2;1;11;0;6628751;-1;0
147;18;336;18;24;51;99;3.40;6;2;1;72;0;6629199;141;0
147;18;336;18;24;50;59;1.00;7;2;1;1;1;6629059;177;0
147;18;336;18;24;51;99;3.20;7;2;1;71;0;6629199;317;0
147;18;336;18;24;53;94;3.60;6;2;1;76;0;6629394;178;6628886
147;18;336;18;24;54;99;3.40;6;2;1;75;0;6629499;87;6628886
147;18;336;18;24;54;99;4.00;5;2;1;85;0;6629499;392;0
147;18;336;18;24;56;99;3.60;3;1;1;75;0;6629699;1126;0
147;18;336;18;24;56;99;3.20;2;1;1;64;0;6629699;1434;0
147;18;336;18;24;57;22;3.60;6;2;1;78;0;6629722;206;0
147;18;336;18;24;57;99;3.60;3;1;1;73;0;6629799;82;0
147;18;336;18;24;57;41;4.60;5;2;1;83;0;6629741;225;0
147;18;336;18;24;58;11;3.40;2;1;1;70;0;6629811;94;0
147;18;336;18;24;59;4;4.00;4;1;1;83;0;6629904;2489;0
147;18;336;18;24;59;20;4.20;7;2;1;82;0;6629920;704;0
147;18;336;18;24;59;99;3.60;2;1;1;63;0;6629999;170;0
147;18;336;18;25;0;15;3.40;3;1;1;73;0;6630015;198;0
147;18;336;18;25;0;73;3.80;8;2;1;83;0;6630073;1553;0
147;18;336;18;25;0;80;4.00;1;1;1;78;0;6630080;2663;0
147;18;336;18;25;1;99;4.60;5;2;1;87;0;6630199;438;0
147;18;336;18;25;2;23;3.60;6;2;1;78;0;6630223;484;0
147;18;336;18;25;3;60;3.80;3;1;1;70;0;6630360;328;0
147;18;336;18;25;3;70;3.40;4;1;1;75;0;6630370;448;0
147;18;336;18;25;3;99;3.60;5;2;1;82;0;6630399;180;0
147;18;336;18;25;5;12;3.60;2;1;1;77;0;6630512;492;0
147;18;336;18;25;7;99;3.60;6;2;1;80;0;6630799;559;0
147;18;336;18;25;9;5;3.40;6;2;1;77;0;6630905;89;0
147;18;336;18;25;9;5;3.40;8;2;1;66;0;6630905;815;0
147;18;336;18;25;10;3;3.60;5;2;1;96;0;6631003;588;0
147;18;336;18;25;9;99;3.40;3;1;1;70;0;6630999;619;0
147;18;336;18;25;10;49;4.80;4;1;1;80;0;6631049;662;0
147;18;336;18;25;11;91;3.80;6;2;1;77;0;6631191;270;0
147;18;336;18;25;11;99;3.20;3;1;1;70;0;6631199;182;0
147;18;336;18;25;12;99;3.60;2;1;1;86;0;6631299;770;0
147;18;336;18;25;12;99;3.20;4;1;1;81;0;6631299;228;0
147;18;336;18;25;12;99;3.60;6;2;1;77;0;6631299;90;0
147;18;336;18;25;13;56;3.80;1;1;1;63;0;6631356;1257;0
147;18;336;18;25;13;82;3.60;2;1;1;71;0;6631382;67;0
147;18;336;18;25;15;17;3.40;5;2;1;89;0;6631517;500;0
147;18;336;18;25;15;22;5.80;7;2;1;77;0;6631522;1583;0
147;18;336;18;25;16;3;3.60;2;1;1;71;0;6631603;202;0
147;18;336;18;25;16;85;3.40;6;2;1;82;0;6631685;369;0
147;18;336;18;25;16;78;6.80;1;1;1;86;0;6631678;300;0
147;18;336;18;25;16;99;2.80;2;1;1;67;0;6631699;77;0
147;18;336;18;25;17;99;3.40;3;1;1;78;0;6631799;583;0
147;18;336;18;25;17;99;3.40;6;2;1;84;0;6631799;99;0
147;18;336;18;25;18;51;3.80;8;2;1;77;0;6631851;927;0
147;18;336;18;25;18;76;3.20;2;1;1;67;0;6631876;161;0
147;18;336;18;25;19;99;3.80;6;2;1;87;0;6631999;185;0
147;18;336;18;25;19;99;3.60;3;1;1;84;0;6631999;184;0
147;18;336;18;25;20;5;3.60;6;2;1;74;0;6632005;-1;0
147;18;336;18;25;21;75;3.60;2;1;1;73;0;6632175;281;0
147;18;336;18;25;22;99;7.40;2;1;1;69;0;6632299;106;0
147;18;336;18;25;23;59;3.80;5;2;1;82;0;6632359;828;0
147;18;336;18;25;23;67;4.20;8;2;1;76;0;6632367;498;0
147;18;336;18;25;23;80;3.80;2;1;1;71;0;6632380;42;0
147;18;336;18;25;24;99;3.60;2;1;1;71;0;6632499;99;0
147;18;336;18;25;25;99;3.40;1;1;1;77;0;6632599;892;0
147;18;336;18;25;25;99;3.60;6;2;1;77;0;6632599;576;0
147;18;336;18;25;25;3;3.60;5;2;1;85;0;6632503;127;0
147;18;336;18;25;25;20;4.00;3;1;1;71;0;6632520;505;0
147;18;336;18;25;26;91;3.60;5;2;1;82;0;6632691;172;0
147;18;336;18;25;27;10;3.60;3;1;1;72;0;6632710;169;0
147;18;336;18;25;27;99;3.40;2;1;1;75;0;6632799;281;0
147;18;336;18;25;28;99;3.00;2;1;1;73;0;6632899;83;0
147;18;336;18;25;28;72;3.60;7;2;1;83;0;6632872;1322;0
147;18;336;18;25;29;99;3.40;5;2;1;81;0;6632999;292;0
147;18;336;18;25;29;99;3.60;3;1;1;77;0;6632999;271;0
147;18;336;18;25;30;9;3.80;2;1;1;72;0;6633009;95;0
147;18;336;18;25;30;99;3.60;6;2;1;70;0;6633099;483;0
147;18;336;18;25;32;99;3.80;6;2;1;71;0;6633299;181;0
147;18;336;18;25;33;99;3.80;5;2;1;85;0;6633399;384;0
147;18;336;18;25;33;3;3.40;8;2;1;84;0;6633303;916;0
147;18;336;18;25;33;15;3.00;3;1;1;75;0;6633315;299;0
147;18;336;18;25;33;11;3.40;6;2;1;70;0;6633311;-1;0
147;18;336;18;25;34;99;4.00;7;2;1;80;0;6633499;611;0
147;18;336;18;25;34;99;4.40;6;2;1;68;0;6633499;170;0
147;18;336;18;25;35;0;3.00;2;1;1;76;0;6633500;472;0
147;18;336;18;25;35;99;4.00;5;2;1;89;0;6633599;183;0
147;18;336;18;25;36;66;3.80;5;2;1;84;0;6633666;50;0
147;18;336;18;25;36;68;3.40;7;2;1;73;0;6633668;151;0
147;18;336;18;25;36;89;3.60;1;1;1;76;0;6633689;1074;0
147;18;336;18;25;37;99;4.00;8;2;1;77;0;6633799;481;0
147;18;336;18;25;37;99;3.80;6;2;1;77;0;6633799;276;0
147;18;336;18;25;37;99;2.80;3;1;1;70;0;6633799;469;0
147;18;336;18;25;38;99;3.00;7;2;1;76;0;6633899;214;0
147;18;336;18;25;38;18;3.20;3;1;1;71;0;6633818;4;0
147;18;336;18;25;39;99;3.20;6;2;1;78;0;6633999;182;0
147;18;336;18;25;39;99;3.60;5;2;1;80;0;6633999;316;0
147;18;336;18;25;39;99;3.40;7;2;1;80;0;6633999;85;0
147;18;336;18;25;40;99;3.40;3;1;1;73;0;6634099;264;0
147;18;336;18;25;40;99;4.00;2;1;1;81;0;6634099;584;0
147;18;336;18;25;40;99;3.80;7;2;1;81;0;6634099;84;0
147;18;336;18;25;40;99;2.80;6;2;1;75;0;6634099;85;0
147;18;336;18;25;41;67;3.40;7;2;1;78;0;6634167;51;0
147;18;336;18;25;41;87;3.40;3;1;1;81;0;6634187;71;0
147;18;336;18;25;42;21;3.80;4;1;1;83;0;6634221;2907;0
147;18;336;18;25;42;22;3.20;5;2;1;80;0;6634222;206;0
147;18;336;18;25;43;99;3.80;7;2;1;80;0;6634399;216;0
147;18;336;18;25;43;8;3.40;6;2;1;75;0;6634308;195;0
147;18;336;18;25;43;28;3.40;4;1;1;83;0;6634328;90;0
147;18;336;18;25;44;8;5.20;8;2;1;82;0;6634408;590;0
147;18;336;18;25;45;99;3.80;5;2;1;78;0;6634599;362;0
147;18;336;18;25;45;99;3.80;2;1;1;79;0;6634599;482;0
147;18;336;18;25;45;99;3.40;3;1;1;75;0;6634599;396;0
147;18;336;18;25;47;99;3.80;3;1;1;79;0;6634799;183;0
147;18;336;18;25;47;99;3.00;5;2;1;79;0;6634799;182;0
147;18;336;18;25;47;99;3.40;2;1;1;78;0;6634799;182;0
147;18;336;18;25;48;18;4.80;4;1;1;83;0;6634818;475;0
147;18;336;18;25;49;73;3.40;6;2;1;67;0;6634973;648;0
147;18;336;18;25;52;99;3.80;6;2;1;80;0;6635299;307;0
147;18;336;18;25;53;99;3.40;3;1;1;72;0;6635399;582;0
147;18;336;18;25;54;99;4.00;2;1;1;92;0;6635499;684;0
147;18;336;18;25;55;6;3.60;3;1;1;74;0;6635506;90;0
147;18;336;18;25;56;25;3.60;6;2;1;82;0;6635625;308;0
147;18;336;18;25;56;36;3.40;5;2;1;82;0;6635636;823;0
147;18;336;18;25;57;99;3.40;3;1;1;80;0;6635799;275;0
147;18;336;18;25;57;99;3.80;5;2;1;81;0;6635799;148;0
147;18;336;18;25;58;99;3.20;2;1;1;82;0;6635899;384;0
147;18;336;18;25;59;16;3.40;6;2;1;80;0;6635916;275;0
147;18;336;18;26;0;99;3.80;3;1;1;82;0;6636099;284;0
147;18;336;18;26;1;99;3.80;5;2;1;84;0;6636199;383;0
147;18;336;18;26;1;26;3.40;6;2;1;77;0;6636126;194;0
147;18;336;18;26;2;99;3.00;2;1;1;86;0;6636299;385;0
147;18;336;18;26;3;17;4.40;8;2;1;93;0;6636317;1886;0
147;18;336;18;26;3;99;3.80;3;1;1;73;0;6636399;283;0
147;18;336;18;26;4;37;3.60;4;1;1;85;0;6636437;1598;0
147;18;336;18;26;4;50;3.40;2;1;1;81;0;6636450;138;0
147;18;336;18;26;4;86;3.60;5;2;1;86;0;6636486;270;0
147;18;336;18;26;5;99;3.60;8;2;1;93;0;6636599;264;0
147;18;336;18;26;5;99;3.20;7;2;1;74;0;6636599;2182;0
147;18;336;18;26;5;99;4.40;3;1;1;84;0;6636599;181;0
147;18;336;18;26;5;99;7.20;6;2;1;68;0;6636599;457;0
147;18;336;18;26;6;4;3.20;5;2;1;82;0;6636604;102;0
147;18;336;18;26;7;55;3.40;6;2;1;73;0;6636755;117;0
147;18;336;18;26;9;11;5.20;2;1;1;74;0;6636911;445;0
147;18;336;18;26;11;24;4.40;4;1;1;87;0;6637124;671;0
147;18;336;18;26;11;99;3.40;3;1;1;78;0;6637199;581;0
147;18;336;18;26;12;63;4.00;6;2;1;71;0;6637263;491;0
147;18;336;18;26;13;22;3.60;3;1;1;79;0;6637322;107;0
147;18;336;18;26;13;99;3.80;8;2;1;77;0;6637399;786;0
147;18;336;18;26;13;99;4.60;5;2;1;84;0;6637399;780;0
147;18;336;18;26;14;99;3.40;7;2;1;67;0;6637499;884;0
147;18;336;18;26;14;22;3.00;6;2;1;77;0;6637422;138;0
147;18;336;18;26;14;32;3.40;3;1;1;76;0;6637432;93;0
147;18;336;18;26;14;39;4.40;8;2;1;72;0;6637439;22;0
147;18;336;18;26;14;54;3.60;4;1;1;85;0;6637454;311;0
147;18;336;18;26;15;99;3.60;7;2;1;68;0;6637599;81;0
147;18;336;18;26;17;37;3.80;6;2;1;75;0;6637737;300;0
147;18;336;18;26;17;62;4.00;8;2;1;71;0;6637762;301;0
147;18;336;18;26;18;99;3.80;6;2;1;74;0;6637899;143;0
147;18;336;18;26;19;99;3.60;5;2;1;78;0;6637999;580;0
147;18;336;18;26;19;21;9.80;6;2;2;66;0;6637921;3;0
147;18;336;18;26;21;99;3.60;2;1;1;93;0;6638199;1262;0
147;18;336;18;26;21;99;4.00;8;2;1;71;0;6638199;416;0
147;18;336;18;26;22;6;3.60;1;1;1;74;0;6638206;4499;0
147;18;336;18;26;22;16;4.00;6;2;1;72;0;6638216;241;0
147;18;336;18;26;22;57;3.40;7;2;1;82;0;6638257;638;0
147;18;336;18;26;23;16;3.80;3;1;1;86;0;6638316;867;0
147;18;336;18;26;23;99;4.00;8;2;1;83;0;6638399;179;0
147;18;336;18;26;23;99;3.80;6;2;1;71;0;6638399;163;0
147;18;336;18;26;24;31;3.60;1;1;1;91;0;6638431;207;0
147;18;336;18;26;25;85;3.20;6;2;1;69;0;6638585;166;0
147;18;336;18;26;25;99;3.60;3;1;1;79;0;6638599;267;0
147;18;336;18;26;26;99;3.20;7;2;1;82;0;6638699;427;0
147;18;336;18;26;26;99;4.00;5;2;1;88;0;6638699;683;0
147;18;336;18;26;28;99;4.00;6;2;1;78;0;6638899;297;0
147;18;336;18;26;29;18;3.60;6;2;1;82;0;6638918;0;0
147;18;336;18;26;29;99;3.40;7;2;1;81;0;6638999;285;0
147;18;336;18;26;30;63;3.40;6;2;1;83;0;6639063;129;0
147;18;336;18;26;30;73;3.40;7;2;1;77;0;6639073;58;0
147;18;336;18;26;31;99;3.60;7;2;1;79;0;6639199;110;0
147;18;336;18;26;31;99;4.00;2;1;1;79;0;6639199;986;0
147;18;336;18;26;32;30;3.80;5;2;1;82;0;6639230;514;0
147;18;336;18;26;33;28;3.40;6;2;1;85;0;6639328;250;0
147;18;336;18;26;33;99;3.40;8;2;1;64;0;6639399;982;0
147;18;336;18;26;36;99;3.60;6;2;1;77;0;6639699;356;0
147;18;336;18;26;37;13;3.80;4;1;1;91;0;6639713;2243;0
147;18;336;18;26;37;8;3.80;3;1;1;77;0;6639708;1092;0
147;18;336;18;26;38;99;4.80;5;2;1;83;0;6639899;652;0
147;18;336;18;26;39;22;3.40;4;1;1;81;0;6639922;193;0
147;18;336;18;26;40;5;3.80;2;1;1;75;0;6640005;787;0
147;18;336;18;26;40;43;3.40;3;1;1;68;0;6640043;317;0
147;18;336;18;26;40;55;3.80;6;2;1;81;0;6640055;339;0
147;18;336;18;26;40;63;4.40;4;1;1;82;0;6640063;125;0
147;18;336;18;26;43;22;3.60;5;2;1;85;0;6640322;402;0
147;18;336;18;26;43;99;3.00;3;1;1;78;0;6640399;338;0
147;18;336;18;26;44;99;3.00;3;1;1;80;0;6640499;86;0
147;18;336;18;26;44;99;3.20;6;2;1;79;0;6640499;427;0
147;18;336;18;26;45;37;3.80;5;2;1;80;0;6640537;199;0
147;18;336;18;26;46;18;3.60;2;1;1;79;0;6640618;594;0
147;18;336;18;26;46;99;4.60;5;2;1;81;0;6640699;144;0
147;18;336;18;26;46;99;4.40;6;2;1;72;0;6640699;185;0
147;18;336;18;26;47;14;3.40;7;2;1;79;0;6640714;1498;0
147;18;336;18;26;48;99;4.00;8;2;1;79;0;6640899;1480;0
147;18;336;18;26;49;99;3.80;2;1;1;73;0;6640999;364;0
147;18;336;18;26;50;7;3.60;3;1;1;79;0;6641007;494;0
147;18;336;18;26;51;99;3.60;3;1;1;80;0;6641199;175;0
147;18;336;18;26;51;99;3.80;6;2;1;85;0;6641199;478;0
147;18;336;18;26;53;11;3.60;7;2;1;81;0;6641311;581;0
147;18;336;18;26;53;73;3.40;3;1;1;76;0;6641373;157;0
147;18;336;18;26;53;86;4.00;6;2;1;81;0;6641386;170;0
147;18;336;18;26;54;0;3.80;4;1;1;84;0;6641400;1317;0
147;18;336;18;26;54;99;4.00;2;1;1;79;0;6641499;481;0
147;18;336;18;26;55;48;3.80;7;2;1;74;0;6641548;221;0
147;18;336;18;26;55;68;3.80;6;2;1;79;0;6641568;164;0
147;18;336;18;26;56;25;3.20;2;1;1;79;0;6641625;107;0
147;18;336;18;26;57;99;3.40;4;1;1;86;0;6641799;382;0
147;18;336;18;26;58;87;3.80;2;1;1;75;0;6641887;247;0
147;18;336;18;27;0;9;3.20;2;1;1;74;0;6642009;103;0
147;18;336;18;27;0;3;3.80;7;2;1;82;0;6642003;436;0
147;18;336;18;27;1;13;3.60;5;2;1;81;0;6642113;1393;0
147;18;336;18;27;1;89;3.00;2;1;1;70;0;6642189;164;0
147;18;336;18;27;2;12;3.80;8;2;1;80;0;6642212;1294;0
147;18;336;18;27;2;31;3.60;4;1;1;100;0;6642231;417;0
147;18;336;18;27;2;27;3.20;3;1;1;78;0;6642227;837;0
147;18;336;18;27;3;82;3.60;3;1;1;77;0;6642382;140;0
147;18;336;18;27;4;99;3.40;6;2;1;77;0;6642499;913;0
147;18;336;18;27;5;6;3.00;1;1;1;76;0;6642506;4060;0
147;18;336;18;27;5;44;3.60;5;2;1;82;0;6642544;415;0
147;18;336;18;27;6;11;4.00;7;2;1;85;0;6642611;591;0
147;18;336;18;27;6;23;3.40;3;1;1;81;0;6642623;224;0
147;18;336;18;27;7;99;3.80;5;2;1;81;0;6642799;239;0
147;18;336;18;27;8;11;3.60;3;1;1;81;0;6642811;172;0
147;18;336;18;27;10;16;3.20;5;2;1;80;0;6643016;200;0
147;18;336;18;27;11;28;3.40;2;1;1;79;0;6643128;923;0
147;18;336;18;27;11;68;17.00;7;2;4;78;0;6643168;540;0
147;18;336;18;27;13;18;4.40;5;2;1;75;0;6643318;287;0
147;18;336;18;27;13;16;12.00;8;2;3;90;0;6643316;1086;0
147;18;336;18;27;14;0;3.80;6;2;1;77;0;6643400;885;0
147;18;336;18;27;14;99;3.60;7;2;1;77;0;6643499;252;0
147;18;336;18;27;14;99;3.40;5;2;1;83;0;6643499;159;0
147;18;336;18;27;15;10;3.40;7;2;1;79;0;6643510;-1;0
147;18;336;18;27;15;18;4.00;6;2;1;80;0;6643518;100;0
147;18;336;18;27;15;99;3.60;8;2;1;85;0;6643599;235;0
147;18;336;18;27;15;99;3.00;5;2;1;82;0;6643599;85;0
147;18;336;18;27;16;10;3.80;3;1;1;74;0;6643610;783;0
147;18;336;18;27;16;55;4.00;4;1;1;80;0;6643655;1411;0
147;18;336;18;27;17;13;4.00;6;2;1;74;0;6643713;177;0
147;18;336;18;27;17;99;3.60;4;1;1;74;0;6643799;126;0
147;18;336;18;27;17;99;3.20;2;1;1;77;0;6643799;655;0
147;18;336;18;27;19;99;3.40;2;1;1;80;0;6643999;185;0
147;18;336;18;27;19;99;4.80;6;2;1;75;0;6643999;266;0
147;18;336;18;27;21;33;3.40;6;2;1;73;0;6644133;110;0
147;18;336;18;27;22;99;4.20;5;2;1;80;0;6644299;686;0
147;18;336;18;27;22;99;3.80;2;1;1;80;0;6644299;284;0
147;18;336;18;27;23;3;3.80;7;2;1;80;0;6644303;777;0
147;18;336;18;27;23;27;3.20;4;1;1;80;0;6644327;510;0
147;18;336;18;27;24;94;3.60;2;1;1;74;0;6644494;177;0
147;18;336;18;27;25;99;3.40;3;1;1;74;0;6644599;970;0
147;18;336;18;27;26;12;3.80;2;1;1;75;0;6644612;100;0
147;18;336;18;27;26;50;4.00;7;2;1;76;0;6644650;329;0
147;18;336;18;27;26;77;4.00;6;2;1;80;0;6644677;527;0
147;18;336;18;27;27;34;3.20;4;1;1;89;0;6644734;392;0
147;18;336;18;27;28;99;3.80;2;1;1;73;0;6644899;268;0
147;18;336;18;27;29;99;3.60;6;2;1;84;0;6644999;304;0
147;18;336;18;27;31;55;4.00;4;1;1;77;0;6645155;408;0
147;18;336;18;27;31;69;3.00;3;1;1;67;0;6645169;553;0
147;18;336;18;27;32;9;3.60;6;2;1;81;0;6645209;194;0
147;18;336;18;27;34;16;3.60;7;2;1;83;0;6645416;747;0
147;18;336;18;27;34;21;3.60;4;1;1;78;0;6645421;247;0
147;18;336;18;27;34;69;3.80;2;1;1;68;0;6645469;551;0
147;18;336;18;27;35;99;3.60;7;2;1;86;0;6645599;167;0
147;18;336;18;27;35;99;3.60;3;1;1;72;0;6645599;413;0
147;18;336;18;27;36;26;7.00;5;2;1;81;0;6645626;1308;0
147;18;336;18;27;37;19;2.80;2;1;1;76;0;6645719;229;0
147;18;336;18;27;37;99;4.00;4;1;1;80;0;6645799;361;0
147;18;336;18;27;37;99;3.60;3;1;1;70;0;6645799;182;0
147;18;336;18;27;37;99;3.80;6;2;1;73;0;6645799;574;0
147;18;336;18;27;38;2;4.20;5;2;1;82;0;6645802;144;0
147;18;336;18;27;38;99;3.80;5;2;1;78;0;6645899;78;0
147;18;336;18;27;39;41;3.40;2;1;1;67;0;6645941;208;0
147;18;336;18;27;39;94;3.80;5;2;1;81;0;6645994;77;0
147;18;336;18;27;39;99;4.60;1;1;1;80;0;6645999;3478;0
147;18;336;18;27;41;7;3.80;5;2;1;84;0;6646107;96;6645626
147;18;336;18;27;41;19;3.20;7;2;1;73;0;6646119;504;0
147;18;336;18;27;41;30;3.40;7;2;1;73;0;6646130;-1;0
147;18;336;18;27;42;99;3.40;1;1;1;74;0;6646299;279;0
147;18;336;18;27;42;99;3.80;2;1;1;90;0;6646299;339;0
147;18;336;18;27;42;99;3.40;6;2;1;72;0;6646299;481;0
147;18;336;18;27;43;8;4.00;5;2;1;87;0;6646308;184;6645626
147;18;336;18;27;44;52;3.20;6;2;1;83;0;6646452;136;6645626
147;18;336;18;27;44;82;3.60;5;2;1;80;0;6646482;157;6645626
147;18;336;18;27;45;1;4.00;8;2;1;80;0;6646501;2886;0
147;18;336;18;27;45;20;3.80;3;1;1;80;0;6646520;702;0
147;18;336;18;27;45;99;3.20;6;2;1;74;0;6646599;133;0
147;18;336;18;27;47;84;4.00;5;2;1;81;0;6646784;285;0
147;18;336;18;27;48;99;3.60;6;2;1;74;0;6646899;284;0
147;18;336;18;27;51;11;4.80;2;1;1;72;0;6647111;796;0
147;18;336;18;27;51;29;3.80;5;2;1;84;0;6647129;327;0
147;18;336;18;27;51;99;3.60;6;2;1;74;0;6647199;282;0
147;18;336;18;27;51;19;3.20;8;2;1;84;0;6647119;600;0
147;18;336;18;27;52;14;4.20;3;1;1;78;0;6647214;676;0
147;18;336;18;27;52;99;3.00;1;1;1;73;0;6647299;983;0
147;18;336;18;27;53;10;3.60;2;1;1;81;0;6647310;175;0
147;18;336;18;27;53;99;3.60;5;2;1;83;0;6647399;253;0
147;18;336;18;27;54;10;3.60;3;1;1;76;0;6647410;176;0
147;18;336;18;27;54;64;3.60;5;2;1;82;0;6647464;49;0
147;18;336;18;27;55;17;3.40;6;2;1;78;0;6647517;300;0
147;18;336;18;27;55;99;4.80;4;1;1;89;0;6647599;1782;0
147;18;336;18;27;55;99;4.00;7;2;1;103;0;6647599;1452;0
147;18;336;18;27;55;99;3.80;8;2;1;79;0;6647599;466;0
147;18;336;18;27;56;8;3.80;5;2;1;82;0;6647608;128;0
147;18;336;18;27;56;13;3.80;3;1;1;77;0;6647613;185;0
147;18;336;18;27;57;16;3.40;2;1;1;88;0;6647716;390;0
147;18;336;18;27;57;17;3.60;7;2;1;77;0;6647717;104;0
147;18;336;18;27;57;52;4.00;5;2;1;81;0;6647752;127;0
147;18;336;18;27;58;1;4.20;6;2;1;79;0;6647801;268;0
147;18;336;18;27;58;99;3.60;2;1;1;84;0;6647899;169;0
147;18;336;18;27;58;99;3.40;5;2;1;82;0;6647899;129;6647399
147;18;336;18;27;58;99;3.00;3;1;1;73;0;6647899;268;0
147;18;336;18;28;1;99;3.60;5;2;1;81;0;6648199;285;0
147;18;336;18;28;1;99;3.80;6;2;1;77;0;6648199;378;0
147;18;336;18;28;2;42;11.00;2;1;2;77;0;6648242;327;0
147;18;336;18;28;3;99;3.80;3;1;1;81;0;6648399;485;0
147;18;336;18;28;3;99;3.40;2;1;1;72;0;6648399;105;0
147;18;336;18;28;3;99;3.60;5;2;1;81;0;6648399;184;0
147;18;336;18;28;4;12;3.80;6;2;1;76;0;6648412;195;0
147;18;336;18;28;4;59;3.20;2;1;1;73;0;6648459;43;0
147;18;336;18;28;6;99;3.00;1;1;1;69;0;6648699;1385;0
147;18;336;18;28;7;99;2.80;3;1;1;74;0;6648799;383;0
147;18;336;18;28;8;99;3.60;2;1;1;80;0;6648899;424;0
147;18;336;18;28;9;27;3.40;6;2;1;73;0;6648927;497;0
147;18;336;18;28;10;99;3.80;5;2;1;81;0;6649099;684;0
147;18;336;18;28;11;99;3.40;3;1;1;80;0;6649199;386;0
147;18;336;18;28;11;99;3.20;6;2;1;75;0;6649199;255;0
147;18;336;18;28;12;80;3.20;6;2;1;77;0;6649280;65;0
147;18;336;18;28;14;99;3.80;6;2;1;77;0;6649499;204;0
147;18;336;18;28;14;34;3.80;4;1;1;90;0;6649434;1815;0
147;18;336;18;28;15;99;3.40;1;1;1;80;0;6649599;884;0
147;18;336;18;28;16;3;3.40;3;1;1;81;0;6649603;388;0
147;18;336;18;28;16;15;3.80;6;2;1;77;0;6649615;98;0
147;18;336;18;28;17;62;3.00;6;2;1;73;0;6649762;129;0
147;18;336;18;28;18;99;3.60;8;2;1;79;0;6649899;2282;0
147;18;336;18;28;19;99;3.00;6;2;1;73;0;6649999;222;0
147;18;336;18;28;19;99;3.60;3;1;1;73;0;6649999;380;0
147;18;336;18;28;20;94;3.80;5;2;1;80;0;6650094;978;0
147;18;336;18;28;21;99;3.40;2;1;1;75;0;6650199;1283;0
147;18;336;18;28;21;99;3.60;6;2;1;72;0;6650199;185;0
147;18;336;18;28;22;8;3.40;4;1;1;78;0;6650208;758;0
147;18;336;18;28;22;44;3.20;2;1;1;75;0;6650244;28;0
147;18;336;18;28;22;64;3.60;5;2;1;83;0;6650264;152;0
147;18;336;18;28;23;99;3.40;2;1;1;75;0;6650399;139;0
147;18;336;18;28;23;99;10.80;6;2;7;77;0;6650399;182;0
147;18;336;18;28;25;47;3.80;1;1;1;75;0;6650547;932;0
147;18;336;18;28;25;51;11.60;3;1;3;67;0;6650551;534;0
147;18;336;18;28;26;99;4.60;2;1;1;82;0;6650699;283;0
147;18;336;18;28;26;99;3.80;6;2;1;88;0;6650699;249;0
147;18;336;18;28;27;99;3.60;8;2;1;66;0;6650799;883;0
147;18;336;18;28;27;37;3.60;3;1;1;68;0;6650737;123;0
147;18;336;18;28;28;15;3.80;4;1;1;76;0;6650815;591;0
147;18;336;18;28;28;99;3.80;6;2;1;93;0;6650899;184;0
147;18;336;18;28;29;99;3.60;3;1;1;68;0;6650999;242;0
147;18;336;18;28;29;99;3.80;2;1;1;74;0;6650999;279;0
147;18;336;18;28;30;35;4.40;1;1;1;78;0;6651035;469;0
147;18;336;18;28;30;50;5.00;6;2;1;83;0;6651050;136;0
147;18;336;18;28;30;88;3.60;4;1;1;79;0;6651088;255;0
147;18;336;18;28;31;12;3.80;2;1;1;76;0;6651112;94;0
147;18;336;18;28;31;99;3.00;3;1;1;67;0;6651199;180;0
147;18;336;18;28;32;40;3.40;3;1;1;66;0;6651240;24;0
147;18;336;18;28;32;43;3.40;2;1;1;70;0;6651243;113;0
147;18;336;18;28;33;99;3.60;4;1;1;76;0;6651399;294;0
147;18;336;18;28;33;99;3.40;2;1;1;66;0;6651399;138;0
147;18;336;18;28;35;18;3.40;8;2;1;74;0;6651518;699;0
147;18;336;18;28;35;26;3.60;4;1;1;80;0;6651526;109;0
147;18;336;18;28;35;79;3.60;2;1;1;68;0;6651579;161;6650999
147;18;336;18;28;36;2;3.80;1;1;1;75;0;6651602;546;0
147;18;336;18;28;36;99;3.40;7;2;1;81;0;6651699;3965;0
147;18;336;18;28;36;99;3.20;6;2;1;85;0;6651699;627;0
147;18;336;18;28;38;9;3.60;4;1;1;80;0;6651809;266;0
147;18;336;18;28;38;75;3.60;5;2;1;81;0;6651875;1595;0
147;18;336;18;28;39;99;3.60;6;2;1;76;0;6651999;286;0
147;18;336;18;28;40;30;3.60;7;2;1;77;0;6652030;315;0
147;18;336;18;28;41;99;5.40;7;2;1;69;0;6652199;152;0
147;18;336;18;28;42;9;5.40;6;2;1;79;0;6652209;192;0
147;18;336;18;28;42;99;3.00;1;1;1;69;0;6652299;678;0
147;18;336;18;28;42;99;3.60;3;1;1;77;0;6652299;1040;0
147;18;336;18;28;43;50;3.60;2;1;1;78;0;6652350;751;0
147;18;336;18;28;43;60;3.80;7;2;1;80;0;6652360;132;0
147;18;336;18;28;44;27;2.80;6;2;1;79;0;6652427;193;0
147;18;336;18;28;45;11;3.20;2;1;1;74;0;6652511;144;0
147;18;336;18;28;45;61;3.80;6;2;1;74;0;6652561;121;0
147;18;336;18;28;46;22;3.00;3;1;1;80;0;6652622;306;0
147;18;336;18;28;47;0;3.80;4;1;1;83;0;6652700;874;0
147;18;336;18;28;47;99;3.20;1;1;1;72;0;6652799;484;0
147;18;336;18;28;47;99;4.00;6;2;1;65;0;6652799;219;0
147;18;336;18;28;48;81;3.40;3;1;1;77;0;6652881;245;0
147;18;336;18;28;49;5;3.20;2;1;1;70;0;6652905;378;0
147;18;336;18;28;51;75;4.20;2;1;1;72;0;6653175;253;0
147;18;336;18;28;51;99;3.40;3;1;1;82;0;6653199;302;0
147;18;336;18;28;53;75;3.60;6;2;1;75;0;6653375;553;0
147;18;336;18;28;53;90;3.60;2;1;1;70;0;6653390;194;0
147;18;336;18;28;54;99;4.40;7;2;1;78;0;6653499;1121;0
147;18;336;18;28;55;6;3.40;6;2;1;82;0;6653506;113;0
147;18;336;18;28;55;26;3.60;1;1;1;75;0;6653526;711;0
147;18;336;18;28;56;73;3.20;3;1;1;70;0;6653673;459;0
147;18;336;18;28;57;28;3.00;3;1;1;78;0;6653728;38;0
147;18;336;18;28;58;26;3.20;6;2;1;81;0;6653826;305;0
147;18;336;18;28;58;78;3.40;3;1;1;75;0;6653878;136;0
147;18;336;18;28;59;22;3.40;6;2;1;77;0;6653922;81;0
147;18;336;18;28;59;99;3.60;2;1;1;74;0;6653999;590;0
147;18;336;18;29;0;99;3.80;6;2;1;82;0;6654099;161;0
147;18;336;18;29;1;12;3.40;5;2;1;79;0;6654112;2221;0
147;18;336;18;29;3;4;3.20;6;2;1;72;0;6654304;188;0
147;18;336;18;29;3;47;3.20;3;1;1;84;0;6654347;452;0
147;18;336;18;29;5;99;3.60;4;1;1;83;0;6654599;1882;0
147;18;336;18;29;6;97;3.80;2;1;1;77;0;6654697;680;0
147;18;336;18;29;7;99;3.60;8;2;1;77;0;6654799;3264;0
147;18;336;18;29;7;99;3.80;6;2;1;83;0;6654799;479;0
147;18;336;18;29;8;99;3.20;4;1;1;83;0;6654899;284;0
147;18;336;18;29;8;44;3.00;1;1;1;82;0;6654844;1300;0
147;18;336;18;29;8;47;3.60;3;1;1;83;0;6654847;486;0
147;18;336;18;29;9;81;3.80;2;1;1;72;0;6654981;266;0
147;18;336;18;29;9;99;3.40;6;2;1;78;0;6654999;183;0
147;18;336;18;29;9;99;3.60;1;1;1;79;0;6654999;141;0
147;18;336;18;29;10;99;3.80;3;1;1;79;0;6655099;236;0
147;18;336;18;29;10;99;3.00;1;1;1;78;0;6655099;83;0
147;18;336;18;29;10;99;3.80;6;2;1;80;0;6655099;84;0
147;18;336;18;29;12;11;3.60;2;1;1;73;0;6655211;211;0
147;18;336;18;29;13;0;4.40;1;1;1;80;0;6655300;187;0
147;18;336;18;29;13;99;3.20;6;2;1;74;0;6655399;282;0
147;18;336;18;29;13;21;3.80;5;2;1;82;0;6655321;1193;0
147;18;336;18;29;16;12;4.00;6;2;1;73;0;6655612;197;0
147;18;336;18;29;17;99;3.80;2;1;1;78;0;6655799;570;0
147;18;336;18;29;17;99;3.80;3;1;1;75;0;6655799;682;0
147;18;336;18;29;17;99;3.80;5;2;1;79;0;6655799;461;0
147;18;336;18;29;18;8;3.60;6;2;1;77;0;6655808;176;0
147;18;336;18;29;18;30;3.60;2;1;1;71;0;6655830;13;0
147;18;336;18;29;19;79;3.40;3;1;1;74;0;6655979;161;0
147;18;336;18;29;19;88;3.60;5;2;1;82;0;6655988;171;0
147;18;336;18;29;19;99;3.40;3;1;1;73;0;6655999;3;0
147;18;336;18;29;20;21;3.20;4;1;1;81;0;6656021;1108;0
147;18;336;18;29;20;21;3.60;7;2;1;79;0;6656021;2501;0
147;18;336;18;29;20;99;4.00;5;2;1;80;0;6656099;95;0
147;18;336;18;29;20;99;3.60;6;2;1;69;0;6656099;274;0
147;18;336;18;29;21;7;12.20;2;1;3;75;0;6656107;258;0
147;18;336;18;29;22;99;3.80;2;1;1;74;0;6656299;133;0
147;18;336;18;29;23;17;3.60;7;2;1;80;0;6656317;279;0
147;18;336;18;29;23;99;3.40;6;2;1;73;0;6656399;281;0
147;18;336;18;29;24;45;4.40;2;1;1;76;0;6656445;127;0
147;18;336;18;29;24;99;3.80;5;2;1;78;0;6656499;382;0
147;18;336;18;29;25;99;3.80;6;2;1;78;0;6656599;183;0
147;18;336;18;29;26;15;3.40;2;1;1;71;0;6656615;149;0
147;18;336;18;29;26;32;4.20;7;2;1;81;0;6656632;298;0
147;18;336;18;29;27;7;3.60;2;1;1;72;0;6656707;74;6656107
147;18;336;18;29;27;99;3.60;3;1;1;78;0;6656799;783;0
147;18;336;18;29;27;99;3.20;6;2;1;68;0;6656799;182;0
147;18;336;18;29;28;99;3.80;6;2;1;83;0;6656899;83;0
147;18;336;18;29;29;6;3.40;2;1;1;74;0;6656906;181;6656107
147;18;336;18;29;30;11;3.80;2;1;1;76;0;6657011;88;6656107
147;18;336;18;29;30;0;4.00;1;1;1;62;0;6657000;1680;0
147;18;336;18;29;31;99;3.80;6;2;1;78;0;6657199;283;0
147;18;336;18;29;31;44;4.60;4;1;1;88;0;6657144;1108;0
147;18;336;18;29;32;6;3.60;7;2;1;80;0;6657206;555;0
147;18;336;18;29;33;99;4.60;7;2;1;80;0;6657399;176;0
147;18;336;18;29;33;99;3.80;3;1;1;79;0;6657399;583;0
147;18;336;18;29;35;99;3.60;1;1;1;80;0;6657599;575;0
147;18;336;18;29;36;9;3.80;3;1;1;96;0;6657609;192;0
147;18;336;18;29;36;3;3.20;6;2;1;78;0;6657603;386;0
147;18;336;18;29;36;99;3.20;2;1;1;86;0;6657699;670;0
147;18;336;18;29;37;99;3.40;5;2;1;80;0;6657799;1282;0
147;18;336;18;29;38;22;3.80;6;2;1;80;0;6657822;204;0
147;18;336;18;29;36;63;4.00;7;2;1;19;0;6657663;243;0
147;18;336;18;29;39;15;3.60;6;2;1;79;0;6657915;75;0
147;18;336;18;29;39;19;3.60;5;2;1;81;0;6657919;104;0
147;18;336;18;29;39;81;4.00;7;2;1;19;0;6657981;242;0
147;18;336;18;29;41;7;3.60;6;2;1;78;0;6658107;175;0
147;18;336;18;29;44;14;3.60;3;1;1;80;0;6658414;790;0
147;18;336;18;29;45;11;4.00;4;1;1;86;0;6658511;1348;0
147;18;336;18;29;45;99;3.40;3;1;1;79;0;6658599;168;0
147;18;336;18;29;46;16;3.80;2;1;1;85;0;6658616;903;0
147;18;336;18;29;46;99;3.60;1;1;1;77;0;6658699;1083;0
147;18;336;18;29;47;11;3.40;3;1;1;80;0;6658711;96;0
147;18;336;18;29;47;80;3.80;4;1;1;88;0;6658780;252;0
147;18;336;18;29;48;99;3.60;6;2;1;78;0;6658899;775;0
147;18;336;18;29;49;8;3.80;3;1;1;73;0;6658908;181;0
147;18;336;18;29;49;49;3.20;2;1;1;73;0;6658949;316;0
147;18;336;18;29;50;8;3.60;6;2;1;79;0;6659008;92;0
147;18;336;18;29;50;99;3.20;4;1;1;81;0;6659099;303;0
147;18;336;18;29;50;99;4.00;5;2;1;88;0;6659099;1164;0
147;18;336;18;29;51;8;3.80;3;1;1;74;0;6659108;181;6658414
147;18;336;18;29;51;99;3.80;6;2;1;80;0;6659199;174;6658414
147;18;336;18;29;52;3;3.60;5;2;1;86;0;6659203;87;6658414
147;18;336;18;29;53;99;3.60;2;1;1;82;0;6659399;434;0
147;18;336;18;29;53;99;3.60;3;1;1;76;0;6659399;272;0
147;18;336;18;29;54;4;3.40;6;2;1;78;0;6659404;187;0
147;18;336;18;29;55;2;4.40;3;1;1;77;0;6659502;85;0
147;18;336;18;29;55;79;3.60;6;2;1;79;0;6659579;159;6658899
147;18;336;18;29;56;99;3.60;3;1;1;79;0;6659699;176;6658899
147;18;336;18;29;56;99;3.80;2;1;1;90;0;6659699;284;0
147;18;336;18;29;56;99;3.60;6;2;1;78;0;6659699;103;6658899
147;18;336;18;29;58;99;3.80;6;2;1;82;0;6659899;183;6658899
147;18;336;18;30;0;86;3.80;5;2;1;83;0;6660086;867;0
147;18;336;18;30;0;99;3.20;1;1;1;80;0;6660099;1383;0
147;18;336;18;30;1;99;3.60;2;1;1;83;0;6660199;484;0
147;18;336;18;30;1;99;3.60;6;2;1;80;0;6660199;283;0
147;18;336;18;30;2;19;3.60;5;2;1;84;0;6660219;116;0
147;18;336;18;30;2;32;3.60;3;1;1;83;0;6660232;516;0
147;18;336;18;30;4;99;4.00;6;2;1;78;0;6660499;283;0
147;18;336;18;30;5;16;4.60;5;2;1;90;0;6660516;281;0
147;18;336;18;30;5;56;5.80;7;2;1;69;0;6660556;2499;0
147;18;336;18;30;6;99;3.60;1;1;1;77;0;6660699;585;0
147;18;336;18;30;7;1;3.60;6;2;1;79;0;6660701;183;0
147;18;336;18;30;8;1;3.00;2;1;1;82;0;6660801;586;0
147;18;336;18;30;9;17;3.40;8;2;1;70;0;6660917;6101;0
147;18;336;18;30;11;29;3.20;2;1;1;79;0;6661129;314;0
147;18;336;18;30;10;97;3.40;5;2;1;83;0;6661097;562;0
147;18;336;18;30;10;99;3.80;4;1;1;85;0;6661099;1985;0
147;18;336;18;30;13;0;3.80;2;1;1;78;0;6661300;156;0
147;18;336;18;30;13;96;3.60;6;2;1;67;0;6661396;678;0
147;18;336;18;30;14;14;3.80;6;2;1;71;0;6661414;-1;0
147;18;336;18;30;14;3;4.60;4;1;1;84;0;6661403;287;0
147;18;336;18;30;16;4;3.80;7;2;1;83;0;6661604;1017;0
147;18;336;18;30;16;99;3.60;2;1;1;74;0;6661699;381;0
147;18;336;18;30;17;99;4.00;3;1;1;80;0;6661799;1551;0
147;18;336;18;30;17;34;3.60;6;2;1;72;0;6661734;300;0
147;18;336;18;30;18;90;3.20;1;1;1;81;0;6661890;1174;0
147;18;336;18;30;18;99;3.20;6;2;1;72;0;6661899;147;0
147;18;336;18;30;19;99;3.60;3;1;1;79;0;6661999;182;0
147;18;336;18;30;19;99;3.80;5;2;1;82;0;6661999;887;0
147;18;336;18;30;21;99;3.60;6;2;1;73;0;6662199;284;0
147;18;336;18;30;20;68;25.40;7;2;5;76;0;6662068;447;0
147;18;336;18;30;22;36;3.00;6;2;1;75;0;6662236;19;0
147;18;336;18;30;25;38;3.80;7;2;1;80;0;6662538;349;0
147;18;336;18;30;26;99;3.80;6;2;1;82;0;6662699;448;0
147;18;336;18;30;27;99;3.60;5;2;1;79;0;6662799;783;0
147;18;336;18;30;27;99;3.20;6;2;1;81;0;6662799;83;0
147;18;336;18;30;29;3;3.80;5;2;1;82;0;6662903;87;0
147;18;336;18;30;29;99;3.40;7;2;1;76;0;6662999;443;0
147;18;336;18;30;30;68;3.80;8;2;1;75;0;6663068;2133;0
147;18;336;18;30;30;69;5.00;5;2;1;80;0;6663069;149;0
147;18;336;18;30;33;65;4.20;3;1;1;82;0;6663365;1349;0
147;18;336;18;30;33;99;3.80;6;2;1;78;0;6663399;585;0
147;18;336;18;30;35;29;3.80;2;1;1;78;0;6663529;1812;0
147;18;336;18;30;35;8;12.80;7;2;2;77;0;6663508;492;0
147;18;336;18;30;36;74;3.80;8;2;1;70;0;6663674;587;0
147;18;336;18;30;37;99;3.00;2;1;1;77;0;6663799;252;0
147;18;336;18;30;38;6;3.80;6;2;1;81;0;6663806;389;0
147;18;336;18;30;39;5;3.60;7;2;1;77;0;6663905;337;0
147;18;336;18;30;39;99;3.60;6;2;1;84;0;6663999;176;0
147;18;336;18;30;40;19;3.80;6;2;1;77;0;6664019;4;0
147;18;336;18;30;40;30;3.60;5;2;1;82;0;6664030;938;0
147;18;336;18;30;41;99;3.20;5;2;1;85;0;6664199;153;0
147;18;336;18;30;42;99;3.80;7;2;1;76;0;6664299;377;0
147;18;336;18;30;43;47;4.40;6;2;1;80;0;6664347;310;0
147;18;336;18;30;45;99;3.60;8;2;1;78;0;6664599;905;0
147;18;336;18;30;45;9;3.40;3;1;1;82;0;6664509;1125;0
147;18;336;18;30;46;56;3.80;7;2;1;71;0;6664656;339;0
147;18;336;18;30;47;99;3.80;6;2;1;75;0;6664799;432;0
147;18;336;18;30;48;25;3.60;5;2;1;77;0;6664825;612;0
147;18;336;18;30;48;31;3.00;6;2;1;72;0;6664831;13;0
147;18;336;18;30;49;99;3.80;3;1;1;77;0;6664999;475;0
147;18;336;18;30;49;99;4.00;2;1;1;83;0;6664999;1185;0
147;18;336;18;30;49;99;3.00;6;2;1;73;0;6664999;153;0
147;18;336;18;30;49;99;4.00;5;2;1;77;0;6664999;157;0
147;18;336;18;30;50;99;3.00;7;2;1;74;0;6665099;423;0
147;18;336;18;30;50;99;3.20;2;1;1;78;0;6665099;82;0
147;18;336;18;30;51;27;3.40;4;1;1;81;0;6665127;3704;0
147;18;336;18;30;52;99;3.40;7;2;1;77;0;6665299;185;0
147;18;336;18;30;52;99;3.80;4;1;1;79;0;6665299;156;0
147;18;336;18;30;54;1;3.80;3;1;1;77;0;6665401;384;0
147;18;336;18;30;56;14;3.60;6;2;1;79;0;6665614;600;0
147;18;336;18;30;56;42;3.00;4;1;1;73;0;6665642;325;0
147;18;336;18;30;56;64;3.00;3;1;1;64;0;6665664;245;0
147;18;336;18;30;57;8;3.40;1;1;1;68;0;6665708;3803;0
147;18;336;18;30;57;99;3.40;4;1;1;75;0;6665799;142;0
147;18;336;18;30;58;10;3.60;5;2;1;84;0;6665810;792;0
147;18;336;18;30;58;3;3.80;2;1;1;66;0;6665803;689;0
147;18;336;18;30;59;86;3.60;6;2;1;74;0;6665986;355;0
147;18;336;18;31;3;99;3.60;3;1;1;77;0;6666399;718;0
147;18;336;18;31;3;38;3.80;5;2;1;83;0;6666338;512;0
147;18;336;18;31;4;83;3.20;6;2;1;79;0;6666483;479;0
147;18;336;18;31;6;4;3.00;3;1;1;81;0;6666604;188;0
147;18;336;18;31;6;58;4.40;2;1;1;67;0;6666658;834;0
147;18;336;18;31;7;99;3.40;7;2;1;77;0;6666799;1484;0
147;18;336;18;31;7;99;3.20;2;1;1;68;0;6666799;117;0
147;18;336;18;31;7;99;3.80;3;1;1;79;0;6666799;181;0
147;18;336;18;31;8;14;3.20;7;2;1;75;0;6666814;-1;0
147;18;336;18;31;9;63;3.80;4;1;1;83;0;6666963;1147;0
147;18;336;18;31;9;82;4.00;2;1;1;69;0;6666982;166;0
147;18;336;18;31;10;11;3.40;6;2;1;76;0;6667011;513;0
147;18;336;18;31;10;99;3.40;5;2;1;88;0;6667099;744;0
147;18;336;18;31;11;3;3.60;4;1;1;78;0;6667103;123;0
147;18;336;18;31;11;27;2.80;3;1;1;62;0;6667127;310;0
147;18;336;18;31;11;55;3.20;2;1;1;69;0;6667155;152;0
147;18;336;18;31;12;0;3.60;6;2;1;79;0;6667200;172;0
147;18;336;18;31;12;10;3.40;5;2;1;82;0;6667210;97;0
147;18;336;18;31;12;99;3.80;3;1;1;60;0;6667299;155;0
147;18;336;18;31;13;99;3.60;4;1;1;77;0;6667399;279;0
147;18;336;18;31;13;99;3.40;6;2;1;79;0;6667399;182;0
147;18;336;18;31;13;99;3.80;1;1;1;78;0;6667399;1673;0
147;18;336;18;31;13;10;4.00;3;1;1;60;0;6667310;-1;0
147;18;336;18;31;13;13;3.20;2;1;1;67;0;6667313;141;6666658
147;18;336;18;31;15;99;3.60;6;2;1;81;0;6667599;184;6666658
147;18;336;18;31;15;99;5.00;3;1;1;59;0;6667599;265;0
147;18;336;18;31;16;99;3.40;5;2;1;75;0;6667699;474;0
147;18;336;18;31;16;45;3.60;6;2;1;79;0;6667645;30;6667011
147;18;336;18;31;17;10;3.00;5;2;1;76;0;6667710;-1;6667011
147;18;336;18;31;17;7;3.40;2;1;1;69;0;6667707;376;0
147;18;336;18;31;17;99;3.40;7;2;1;77;0;6667799;969;0
147;18;336;18;31;17;99;3.60;6;2;1;82;0;6667799;137;6667011
147;18;336;18;31;18;24;3.60;5;2;1;77;0;6667824;99;6667011
147;18;336;18;31;19;6;3.80;2;1;1;72;0;6667906;181;6667011
147;18;336;18;31;19;22;3.80;5;2;1;78;0;6667922;81;6667011
147;18;336;18;31;19;43;3.20;7;2;1;78;0;6667943;128;6667011
147;18;336;18;31;19;57;3.20;3;1;1;68;0;6667957;327;0
147;18;336;18;31;20;99;3.80;5;2;1;77;0;6668099;159;6667099
147;18;336;18;31;21;14;3.20;7;2;1;83;0;6668114;156;6667099
147;18;336;18;31;21;4;3.60;3;1;1;68;0;6668104;130;6667099
147;18;336;18;31;21;99;3.60;6;2;1;80;0;6668199;384;0
147;18;336;18;31;21;4;3.80;5;2;1;80;0;6668104;-1;6667099
147;18;336;18;31;22;99;4.20;1;1;1;78;0;6668299;882;0
147;18;336;18;31;23;17;3.80;5;2;1;80;0;6668317;195;6667099
147;18;336;18;31;23;99;3.80;3;1;1;70;0;6668399;275;0
147;18;336;18;31;23;99;3.80;4;1;1;81;0;6668399;983;0
147;18;336;18;31;24;22;3.80;5;2;1;79;0;6668422;87;6667099
147;18;336;18;31;24;27;3.20;7;2;1;81;0;6668427;299;0
147;18;336;18;31;24;33;3.60;6;2;1;79;0;6668433;217;0
147;18;336;18;31;24;57;4.00;3;1;1;70;0;6668457;38;0
147;18;336;18;31;26;99;3.40;7;2;1;84;0;6668699;257;0
147;18;336;18;31;26;99;3.60;3;1;1;71;0;6668699;221;0
147;18;336;18;31;28;16;3.60;6;2;1;80;0;6668816;366;0
147;18;336;18;31;29;73;3.20;4;1;1;82;0;6668973;557;0
147;18;336;18;31;29;70;3.60;3;1;1;79;0;6668970;252;0
147;18;336;18;31;30;99;3.60;6;2;1;78;0;6669099;266;0
147;18;336;18;31;31;3;4.00;5;2;1;80;0;6669103;663;0
147;18;336;18;31;31;99;3.40;2;1;1;70;0;6669199;1274;0
147;18;336;18;31;32;1;3.60;3;1;1;75;0;6669201;214;0
147;18;336;18;31;33;11;4.00;6;2;1;79;0;6669311;195;0
147;18;336;18;31;33;11;4.40;3;1;1;74;0;6669311;92;0
147;18;336;18;31;33;99;4.00;5;2;1;82;0;6669399;278;0
147;18;336;18;31;33;99;3.60;2;1;1;76;0;6669399;182;0
147;18;336;18;31;34;62;3.60;3;1;1;75;0;6669462;129;0
147;18;336;18;31;35;99;3.60;6;2;1;82;0;6669599;269;0
147;18;336;18;31;35;99;3.40;2;1;1;76;0;6669599;182;0
147;18;336;18;31;36;13;3.60;2;1;1;76;0;6669613;-1;0
147;18;336;18;31;40;99;3.20;3;1;1;70;0;6670099;619;0
147;18;336;18;31;41;99;3.60;1;1;1;82;0;6670199;1880;0
147;18;336;18;31;42;11;3.60;5;2;1;75;0;6670211;794;0
147;18;336;18;31;42;9;3.80;3;1;1;67;0;6670209;93;0
147;18;336;18;31;42;20;3.40;6;2;1;73;0;6670220;605;0
147;18;336;18;31;43;99;2.80;6;2;1;75;0;6670399;162;0
147;18;336;18;31;43;99;3.80;7;2;1;74;0;6670399;1685;0
147;18;336;18;31;44;14;4.00;4;1;1;80;0;6670414;1426;0
147;18;336;18;31;44;17;3.80;6;2;1;77;0;6670417;4;0
147;18;336;18;31;45;95;4.00;8;2;1;79;0;6670595;5979;0
147;18;336;18;31;45;99;3.40;6;2;1;76;0;6670599;164;0
147;18;336;18;31;45;99;3.40;3;1;1;72;0;6670599;369;0
147;18;336;18;31;46;99;3.80;3;1;1;76;0;6670699;83;0
147;18;336;18;31;47;73;3.60;6;2;1;79;0;6670773;157;6670220
147;18;336;18;31;48;7;3.60;8;2;1;75;0;6670807;193;6670220
147;18;336;18;31;49;0;3.40;2;1;1;86;0;6670900;1269;0
147;18;336;18;31;49;19;4.00;6;2;1;80;0;6670919;129;6670220
147;18;336;18;31;50;30;3.20;7;2;1;82;0;6671030;612;0
147;18;336;18;31;50;75;3.20;5;2;1;88;0;6671075;846;0
147;18;336;18;31;50;99;3.60;3;1;1;67;0;6671099;382;0
147;18;336;18;31;51;99;3.40;3;1;1;70;0;6671199;80;0
147;18;336;18;31;52;53;3.60;4;1;1;85;0;6671253;821;0
147;18;336;18;31;53;99;5.20;3;1;1;74;0;6671399;182;0
147;18;336;18;31;54;99;3.40;7;2;1;78;0;6671499;454;0
147;18;336;18;31;54;21;3.40;3;1;1;72;0;6671421;-1;0
147;18;336;18;31;55;5;4.00;2;1;1;75;0;6671505;590;0
147;18;336;18;31;55;89;3.60;5;2;1;89;0;6671589;500;0
147;18;336;18;31;55;64;7.00;7;2;1;73;0;6671564;49;0
147;18;336;18;31;56;99;3.40;2;1;1;77;0;6671699;174;0
147;18;336;18;31;56;99;3.20;6;2;1;74;0;6671699;762;0
147;18;336;18;31;56;99;5.80;4;1;1;83;0;6671699;430;0
147;18;336;18;31;57;9;3.80;5;2;1;92;0;6671709;105;0
147;18;336;18;31;57;23;3.00;7;2;1;73;0;6671723;124;0
147;18;336;18;31;58;11;3.80;2;1;1;68;0;6671811;96;0
147;18;336;18;31;58;99;3.40;3;1;1;75;0;6671899;461;0
147;18;336;18;31;58;99;3.80;8;2;1;75;0;6671899;1074;0
147;18;336;18;32;0;5;3.20;3;1;1;75;0;6672005;89;0
147;18;336;18;32;1;3;3.40;8;2;1;69;0;6672103;185;0
147;18;336;18;32;1;99;3.60;2;1;1;73;0;6672199;367;0
147;18;336;18;32;2;23;3.40;4;1;1;92;0;6672223;498;0
147;18;336;18;32;2;99;5.00;6;2;1;67;0;6672299;584;0
147;18;336;18;32;2;55;3.20;3;1;1;76;0;6672255;234;0
147;18;336;18;32;1;2;4.00;7;2;1;17;0;6672102;364;0
147;18;336;18;32;4;4;3.80;5;2;1;82;0;6672404;680;0
147;18;336;18;32;4;99;4.60;8;2;1;76;0;6672499;378;0
147;18;336;18;32;5;52;3.40;3;1;1;82;0;6672552;281;0
147;18;336;18;32;5;74;3.40;6;2;1;82;0;6672574;248;0
147;18;336;18;32;5;69;3.80;7;2;1;79;0;6672569;382;0
147;18;336;18;32;8;76;3.60;5;2;1;78;0;6672876;455;0
147;18;336;18;32;8;99;3.00;6;2;1;74;0;6672899;310;0
147;18;336;18;32;10;40;3.80;5;2;1;91;0;6673040;147;0
147;18;336;18;32;10;52;3.80;7;2;1;74;0;6673052;465;0
147;18;336;18;32;12;22;3.80;3;1;1;85;0;6673222;655;0
147;18;336;18;32;12;99;3.60;6;2;1;77;0;6673299;385;0
147;18;336;18;32;14;99;3.60;4;1;1;80;0;6673499;1262;0
147;18;336;18;32;14;99;3.80;2;1;1;79;0;6673499;1282;0
147;18;336;18;32;14;99;3.60;6;2;1;82;0;6673499;183;0
147;18;336;18;32;15;22;3.40;2;1;1;79;0;6673522;5;0
147;18;336;18;32;15;65;3.20;5;2;1;81;0;6673565;509;0
147;18;336;18;32;15;72;3.80;7;2;1;81;0;6673572;501;0
147;18;336;18;32;17;22;3.60;5;2;1;82;0;6673722;142;0
147;18;336;18;32;17;99;3.60;4;1;1;76;0;6673799;283;0
147;18;336;18;32;17;2;3.80;2;1;1;78;0;6673702;164;0
147;18;336;18;32;18;99;3.40;4;1;1;79;0;6673899;82;0
147;18;336;18;32;18;47;15.80;6;2;5;77;0;6673847;332;0
147;18;336;18;32;19;99;3.40;5;2;1;83;0;6673999;261;0
147;18;336;18;32;19;99;4.00;2;1;1;76;0;6673999;279;0
147;18;336;18;32;21;18;2.80;6;2;1;75;0;6674118;197;0
147;18;336;18;32;22;14;4.00;5;2;1;81;0;6674214;200;0
147;18;336;18;32;22;99;3.60;6;2;1;78;0;6674299;167;0
147;18;336;18;32;22;99;3.60;7;2;1;83;0;6674299;710;0
147;18;336;18;32;23;63;3.80;5;2;1;80;0;6674363;131;0
147;18;336;18;32;23;53;3.40;2;1;1;64;0;6674353;335;0
147;18;336;18;32;24;99;3.60;2;1;1;64;0;6674499;126;0
147;18;336;18;32;25;99;3.60;8;2;1;78;0;6674599;2078;0
147;18;336;18;32;25;99;3.60;3;1;1;71;0;6674599;1360;0
147;18;336;18;32;25;47;3.00;2;1;1;66;0;6674547;27;0
147;18;336;18;32;26;99;3.40;6;2;1;78;0;6674699;383;0
147;18;336;18;32;27;11;3.20;1;1;1;71;0;6674711;4496;0
147;18;336;18;32;27;99;3.20;3;1;1;71;0;6674799;181;0
147;18;336;18;32;28;55;3.60;2;1;1;76;0;6674855;291;0
147;18;336;18;32;29;99;3.40;1;1;1;71;0;6674999;271;0
147;18;336;18;32;30;8;3.80;6;2;1;79;0;6675008;293;0
147;18;336;18;32;30;99;3.20;2;1;1;75;0;6675099;226;0
147;18;336;18;32;31;80;3.20;5;2;1;83;0;6675180;799;0
147;18;336;18;32;31;99;3.40;6;2;1;75;0;6675199;173;0
147;18;336;18;32;31;99;3.40;2;1;1;74;0;6675199;84;0
147;18;336;18;32;32;7;4.20;3;1;1;90;0;6675207;391;0
147;18;336;18;32;33;68;3.80;6;2;1;71;0;6675368;152;0
147;18;336;18;32;34;99;2.60;7;2;1;76;0;6675499;1184;0
147;18;336;18;32;34;99;3.40;4;1;1;78;0;6675499;1584;0
147;18;336;18;32;35;11;3.40;6;2;1;75;0;6675511;123;0
147;18;336;18;32;37;23;3.20;4;1;1;84;0;6675723;208;0
147;18;336;18;32;37;99;4.60;5;2;1;89;0;6675799;605;0
147;18;336;18;32;39;99;3.20;3;1;1;74;0;6675999;775;0
147;18;336;18;32;39;99;3.40;7;2;1;84;0;6675999;487;0
147;18;336;18;32;40;99;3.20;6;2;1;74;0;6676099;571;0
147;18;336;18;32;40;99;3.40;2;1;1;76;0;6676099;883;0
147;18;336;18;32;40;11;3.20;5;2;1;81;0;6676011;193;0
147;18;336;18;32;41;60;3.40;3;1;1;73;0;6676160;145;0
147;18;336;18;32;41;97;3.60;6;2;1;77;0;6676197;82;0
147;18;336;18;32;42;15;3.20;4;1;1;80;0;6676215;478;0
147;18;336;18;32;42;99;3.60;6;2;1;76;0;6676299;85;0
147;18;336;18;32;43;99;3.60;2;1;1;76;0;6676399;283;0
147;18;336;18;32;43;99;3.40;3;1;1;80;0;6676399;222;0
147;18;336;18;32;43;55;3.40;6;2;1;78;0;6676355;38;0
147;18;336;18;32;44;95;3.60;2;1;1;78;0;6676495;78;0
147;18;336;18;32;44;99;3.60;3;1;1;78;0;6676499;84;0
147;18;336;18;32;45;99;3.60;5;2;1;91;0;6676599;573;0
147;18;336;18;32;46;56;3.40;5;2;1;88;0;6676656;42;0
147;18;336;18;32;46;86;3.40;6;2;1;73;0;6676686;315;0
147;18;336;18;32;47;99;3.60;5;2;1;81;0;6676799;129;0
147;18;336;18;32;48;21;3.20;3;1;1;74;0;6676821;305;0
147;18;336;18;32;49;73;3.60;6;2;1;74;0;6676973;270;0
147;18;336;18;32;49;82;3.60;5;2;1;83;0;6676982;167;0
147;18;336;18;32;50;99;3.20;2;1;1;83;0;6677099;587;0
147;18;336;18;32;51;17;3.80;6;2;1;76;0;6677117;126;0
147;18;336;18;32;52;20;3.40;2;1;1;86;0;6677220;107;0
147;18;336;18;32;52;99;3.60;5;2;1;90;0;6677299;301;0
147;18;336;18;32;55;99;3.60;7;2;1;77;0;6677599;1585;0
147;18;336;18;32;55;99;3.80;3;1;1;72;0;6677599;762;0
147;18;336;18;32;56;11;3.80;1;1;1;78;0;6677611;2594;0
147;18;336;18;32;56;19;4.40;6;2;1;71;0;6677619;484;0
147;18;336;18;32;56;42;3.80;5;2;1;82;0;6677642;328;0
147;18;336;18;32;57;21;3.60;7;2;1;79;0;6677721;105;0
147;18;336;18;32;57;99;3.80;3;1;1;78;0;6677799;181;0
147;18;336;18;32;57;99;3.20;6;2;1;75;0;6677799;157;0
147;18;336;18;32;58;20;3.20;5;2;1;82;0;6677820;161;0
147;18;336;18;32;59;9;3.60;6;2;1;74;0;6677909;94;0
147;18;336;18;32;59;99;3.80;7;2;1;77;0;6677999;261;0
147;18;336;18;33;0;99;4.40;6;2;1;80;0;6678099;172;0
147;18;336;18;33;1;21;3.00;3;1;1;78;0;6678121;304;0
147;18;336;18;33;2;99;3.80;6;2;1;80;0;6678299;180;6677619
147;18;336;18;33;2;99;3.80;4;1;1;83;0;6678299;2069;0
147;18;336;18;33;3;99;3.60;7;2;1;81;0;6678399;382;0
147;18;336;18;33;6;15;3.80;6;2;1;79;0;6678615;298;0
147;18;336;18;33;6;52;3.80;5;2;1;82;0;6678652;817;0
147;18;336;18;33;7;14;3.80;1;1;1;82;0;6678714;1085;0
147;18;336;18;33;8;99;3.40;6;2;1;77;0;6678899;266;0
147;18;336;18;33;9;14;4.60;5;2;1;84;0;6678914;245;0
147;18;336;18;33;9;35;4.00;2;1;1;82;0;6678935;1700;0
147;18;336;18;33;9;60;3.60;8;2;1;91;0;6678960;4344;0
147;18;336;18;33;10;99;4.00;2;1;1;77;0;6679099;146;0
147;18;336;18;33;11;99;3.40;5;2;1;80;0;6679199;265;0
147;18;336;18;33;11;34;3.60;6;2;1;78;0;6679134;219;0
147;18;336;18;33;13;99;3.60;3;1;1;71;0;6679399;1264;0
147;18;336;18;33;16;99;3.80;3;1;1;77;0;6679699;281;0
147;18;336;18;33;17;10;4.40;6;2;1;78;0;6679710;559;0
147;18;336;18;33;17;78;3.80;2;1;1;80;0;6679778;660;0
147;18;336;18;33;18;99;3.00;7;2;1;79;0;6679899;1484;0
147;18;336;18;33;19;37;3.60;3;1;1;76;0;6679937;220;0
147;18;336;18;33;19;41;3.60;2;1;1;81;0;6679941;145;0
147;18;336;18;33;21;0;3.20;4;1;1;79;0;6680100;1784;0
147;18;336;18;33;21;13;3.20;5;2;1;78;0;6680113;898;0
147;18;336;18;33;22;26;3.20;4;1;1;79;0;6680226;111;0
147;18;336;18;33;23;99;3.20;3;1;1;79;0;6680399;444;0
147;18;336;18;33;24;35;3.80;4;1;1;80;0;6680435;194;0
147;18;336;18;33;26;7;6.00;4;1;1;80;0;6680607;154;0
147;18;336;18;33;26;99;3.20;2;1;1;85;0;6680699;742;0
147;18;336;18;33;29;2;3.80;5;2;1;82;0;6680902;774;0
147;18;336;18;33;29;36;3.40;7;2;1;62;0;6680936;1023;0
147;18;336;18;33;30;89;3.60;3;1;1;88;0;6681089;675;0
147;18;336;18;33;30;99;3.20;6;2;1;72;0;6681099;1368;0
147;18;336;18;33;33;21;3.80;1;1;1;87;0;6681321;2590;0
147;18;336;18;33;33;99;3.60;8;2;1;86;0;6681399;2424;0
147;18;336;18;33;33;99;3.20;6;2;1;72;0;6681399;284;0
147;18;336;18;33;33;5;10.20;7;2;2;46;0;6681305;349;0
147;18;336;18;33;35;10;3.40;7;2;1;70;0;6681510;125;0
147;18;336;18;33;35;71;4.20;4;1;1;85;0;6681571;937;0
147;18;336;18;33;35;99;3.80;5;2;1;81;0;6681599;680;0
147;18;336;18;33;35;99;3.80;2;1;1;76;0;6681599;886;0
147;18;336;18;33;35;99;3.60;6;2;1;72;0;6681599;184;0
147;18;336;18;33;37;16;3.20;3;1;1;73;0;6681716;612;0
147;18;336;18;33;37;74;3.40;4;1;1;79;0;6681774;185;0
147;18;336;18;33;38;99;3.80;6;2;1;75;0;6681899;282;0
147;18;336;18;33;38;99;3.60;2;1;1;77;0;6681899;282;0
147;18;336;18;33;39;18;3.80;4;1;1;77;0;6681918;128;0
147;18;336;18;33;40;99;3.80;6;2;1;74;0;6682099;181;0
147;18;336;18;33;41;99;3.60;2;1;1;75;0;6682199;283;0
147;18;336;18;33;43;99;3.60;6;2;1;81;0;6682399;281;0
147;18;336;18;33;44;99;3.60;6;2;1;80;0;6682499;84;0
147;18;336;18;33;45;99;3.60;2;1;1;80;0;6682599;382;0
147;18;336;18;33;46;2;3.60;5;2;1;87;0;6682602;986;0
147;18;336;18;33;47;99;17.40;6;2;4;73;0;6682799;283;0
147;18;336;18;33;48;21;3.00;2;1;1;74;0;6682821;205;0
147;18;336;18;33;49;99;3.60;2;1;1;68;0;6682999;163;0
147;18;336;18;33;49;99;3.60;3;1;1;77;0;6682999;1267;0
147;18;336;18;33;47;38;4.00;7;2;1;14;0;6682738;1210;0
147;18;336;18;33;51;99;4.00;5;2;1;85;0;6683199;582;0
147;18;336;18;33;51;99;3.80;2;1;1;66;0;6683199;180;0
147;18;336;18;33;52;13;3.20;6;2;1;78;0;6683213;328;0
147;18;336;18;33;52;16;3.60;3;1;1;71;0;6683216;200;0
147;18;336;18;33;53;99;3.80;5;2;1;86;0;6683399;183;0
147;18;336;18;33;53;57;11.60;2;1;3;65;0;6683357;137;0
147;18;336;18;33;55;15;3.60;3;1;1;73;0;6683515;280;0
147;18;336;18;33;55;13;4.80;7;2;1;73;0;6683513;672;0
147;18;336;18;33;55;25;3.60;2;1;1;70;0;6683525;103;6682821
147;18;336;18;33;55;93;4.00;5;2;1;85;0;6683593;178;6682821
147;18;336;18;33;55;91;3.40;3;1;1;73;0;6683591;58;6682821
147;18;336;18;33;56;99;4.40;7;2;1;72;0;6683699;162;6682821
147;18;336;18;33;57;18;3.00;5;2;1;85;0;6683718;108;6682821
147;18;336;18;33;57;12;3.40;6;2;1;76;0;6683712;484;0
147;18;336;18;33;57;99;3.80;2;1;1;70;0;6683799;255;0
147;18;336;18;33;58;18;3.80;5;2;1;85;0;6683818;87;6683199
147;18;336;18;33;58;15;3.60;7;2;1;79;0;6683815;94;6683199
147;18;336;18;33;58;99;3.80;6;2;1;78;0;6683899;170;6683199
147;18;336;18;33;58;99;3.40;4;1;1;77;0;6683899;1963;0
147;18;336;18;33;59;99;3.80;2;1;1;71;0;6683999;180;0
147;18;336;18;34;0;33;3.60;3;1;1;79;0;6684033;425;0
147;18;336;18;34;1;13;3.40;6;2;1;75;0;6684113;196;0
147;18;336;18;34;1;99;3.20;5;2;1;80;0;6684199;364;0
147;18;336;18;34;1;99;3.00;1;1;1;57;0;6684199;2862;0
147;18;336;18;34;3;5;4.20;8;2;1;89;0;6684305;2890;0
147;18;336;18;34;3;41;3.80;6;2;1;68;0;6684341;211;0
147;18;336;18;34;3;87;4.00;4;1;1;82;0;6684387;472;0
147;18;336;18;34;3;99;3.80;3;1;1;75;0;6684399;349;0
147;18;336;18;34;3;99;3.40;5;2;1;77;0;6684399;185;0
147;18;336;18;34;3;97;3.80;2;1;1;66;0;6684397;378;0
147;18;336;18;34;3;99;5.00;7;2;1;67;0;6684399;567;0
147;18;336;18;34;6;6;4.40;3;1;1;74;0;6684606;188;0
147;18;336;18;34;6;99;3.60;2;1;1;73;0;6684699;281;0
147;18;336;18;34;4;28;13.40;7;2;2;43;0;6684428;2;0
147;18;336;18;34;7;99;3.40;2;1;1;71;0;6684799;82;0
147;18;336;18;34;8;47;3.60;3;1;1;75;0;6684847;219;0
147;18;336;18;34;8;72;3.40;7;2;1;67;0;6684872;331;0
147;18;336;18;34;8;90;3.60;5;2;1;83;0;6684890;475;0
147;18;336;18;34;10;23;2.80;6;2;1;72;0;6685023;661;0
147;18;336;18;34;10;99;3.20;5;2;1;80;0;6685099;193;0
147;18;336;18;34;12;3;4.00;6;2;1;72;0;6685203;166;0
147;18;336;18;34;12;99;3.80;3;1;1;81;0;6685299;434;0
147;18;336;18;34;12;99;3.60;5;2;1;78;0;6685299;185;0
147;18;336;18;34;13;92;3.60;5;2;1;75;0;6685392;76;0
147;18;336;18;34;14;14;3.60;6;2;1;68;0;6685414;191;0
147;18;336;18;34;14;99;3.60;8;2;1;79;0;6685499;1177;0
147;18;336;18;34;14;99;3.40;3;1;1;76;0;6685499;183;0
147;18;336;18;34;15;99;3.60;2;1;1;78;0;6685599;782;0
147;18;336;18;34;15;10;3.20;6;2;1;77;0;6685510;76;0
147;18;336;18;34;16;72;6.20;2;1;1;81;0;6685672;56;0
147;18;336;18;34;17;10;4.00;3;1;1;75;0;6685710;194;0
147;18;336;18;34;18;9;3.20;7;2;1;86;0;6685809;918;0
147;18;336;18;34;19;99;4.40;6;2;1;74;0;6685999;474;0
147;18;336;18;34;20;99;3.60;5;2;1;80;0;6686099;689;0
147;18;336;18;34;21;99;3.80;5;2;1;79;0;6686199;83;0
147;18;336;18;34;22;25;3.00;8;2;1;77;0;6686225;709;0
147;18;336;18;34;22;99;3.00;3;1;1;77;0;6686299;569;0
147;18;336;18;34;23;12;3.80;7;2;1;73;0;6686312;489;0
147;18;336;18;34;24;99;5.00;7;2;1;77;0;6686499;168;0
147;18;336;18;34;25;14;3.00;4;1;1;79;0;6686514;2109;0
147;18;336;18;34;27;2;3.40;4;1;1;81;0;6686702;174;0
147;18;336;18;34;27;99;3.60;1;1;1;74;0;6686799;2581;0
147;18;336;18;34;29;99;3.80;2;1;1;73;0;6686999;1299;0
147;18;336;18;34;29;99;3.80;5;2;1;83;0;6686999;782;0
147;18;336;18;34;29;99;3.60;6;2;1;74;0;6686999;978;0
147;18;336;18;34;31;5;3.60;3;1;1;77;0;6687105;791;0
147;18;336;18;34;31;74;3.40;2;1;1;71;0;6687174;156;0
147;18;336;18;34;33;6;3.20;7;2;1;74;0;6687306;783;0
147;18;336;18;34;33;2;3.80;4;1;1;75;0;6687302;584;0
147;18;336;18;34;33;26;4.20;6;2;1;80;0;6687326;309;0
147;18;336;18;34;34;99;3.40;3;1;1;74;0;6687499;377;0
147;18;336;18;34;35;99;3.20;3;1;1;74;0;6687599;83;0
147;18;336;18;34;35;99;4.00;2;1;1;60;0;6687599;407;0
147;18;336;18;34;36;48;3.60;5;2;1;81;0;6687648;632;0
147;18;336;18;34;38;99;3.40;2;1;1;64;0;6687899;276;0
147;18;336;18;34;40;99;3.80;2;1;1;82;0;6688099;180;0
147;18;336;18;34;41;20;4.00;5;2;1;82;0;6688120;456;0
147;18;336;18;34;41;74;3.80;8;2;1;75;0;6688174;1934;0
147;18;336;18;34;42;99;3.80;5;2;1;78;0;6688299;161;0
147;18;336;18;34;41;49;18.00;6;2;5;65;0;6688149;804;0
147;18;336;18;34;42;99;4.60;5;2;1;75;0;6688299;-1;0
147;18;336;18;34;44;99;4.00;5;2;1;71;0;6688499;177;0
147;18;336;18;34;45;0;3.40;4;1;1;80;0;6688500;1179;0
147;18;336;18;34;44;99;3.40;3;1;1;70;0;6688499;884;0
147;18;336;18;34;46;52;3.80;6;2;1;76;0;6688652;403;0
147;18;336;18;34;47;99;4.40;6;2;1;80;0;6688799;129;0
147;18;336;18;34;47;99;3.80;3;1;1;71;0;6688799;282;0
147;18;336;18;34;47;99;4.00;5;2;1;76;0;6688799;279;0
147;18;336;18;34;48;99;3.20;2;1;1;75;0;6688899;783;0
147;18;336;18;34;48;99;3.60;5;2;1;79;0;6688899;81;0
147;18;336;18;34;48;99;3.00;3;1;1;70;0;6688899;80;0
147;18;336;18;34;48;99;3.40;1;1;1;65;0;6688899;2082;0
147;18;336;18;34;49;0;3.00;6;2;1;82;0;6688900;81;0
147;18;336;18;34;49;55;3.80;8;2;1;77;0;6688955;762;0
147;18;336;18;34;49;91;5.40;3;1;1;70;0;6688991;76;0
147;18;336;18;34;50;99;3.60;2;1;1;69;0;6689099;184;0
147;18;336;18;34;51;99;3.40;6;2;1;79;0;6689199;285;0
147;18;336;18;34;51;6;3.60;5;2;1;80;0;6689106;190;0
147;18;336;18;34;53;99;3.60;2;1;1;76;0;6689399;281;0
147;18;336;18;34;55;99;3.20;3;1;1;83;0;6689599;580;0
147;18;336;18;34;55;99;3.60;4;1;1;87;0;6689599;1083;0
147;18;336;18;34;56;99;3.80;5;2;1;79;0;6689699;576;0
147;18;336;18;34;56;99;4.00;3;1;1;79;0;6689699;86;0
147;18;336;18;34;57;29;3.20;4;1;1;84;0;6689729;115;0
147;18;336;18;34;57;98;3.40;6;2;1;72;0;6689798;583;0
147;18;336;18;34;57;99;4.00;3;1;1;80;0;6689799;81;0
147;18;336;18;34;58;99;3.40;2;1;1;75;0;6689899;482;0
147;18;336;18;35;0;99;3.60;2;1;1;74;0;6690099;183;0
147;18;336;18;35;1;10;3.00;7;2;1;76;0;6690110;2788;0
147;18;336;18;35;1;10;4.00;6;2;1;79;0;6690110;295;0
147;18;336;18;35;2;71;3.20;6;2;1;76;0;6690271;142;0
147;18;336;18;35;3;1;3.20;2;1;1;76;0;6690301;184;0
147;18;336;18;35;4;8;3.80;7;2;1;78;0;6690408;283;0
147;18;336;18;35;4;24;3.60;2;1;1;81;0;6690424;107;0
147;18;336;18;35;5;21;3.20;2;1;1;79;0;6690521;81;6689899
147;18;336;18;35;8;27;3.80;1;1;1;88;0;6690827;1909;0
147;18;336;18;35;8;99;3.40;2;1;1;71;0;6690899;363;0
147;18;336;18;35;8;99;6.20;3;1;1;79;0;6690899;1082;0
147;18;336;18;35;9;28;3.60;6;2;1;84;0;6690928;641;0
147;18;336;18;35;11;13;4.00;7;2;1;87;0;6691113;687;0
147;18;336;18;35;12;29;3.80;6;2;1;89;0;6691229;285;0
147;18;336;18;35;13;99;3.20;4;1;1;81;0;6691399;1656;0
147;18;336;18;35;14;99;3.20;5;2;1;73;0;6691499;1782;0
147;18;336;18;35;17;70;3.60;6;2;1;79;0;6691770;525;0
147;18;336;18;35;18;99;4.80;3;1;1;80;0;6691899;971;0
147;18;336;18;35;18;99;4.00;2;1;1;79;0;6691899;982;0
147;18;336;18;35;19;30;3.40;5;2;1;79;0;6691930;415;0
147;18;336;18;35;20;12;3.60;3;1;1;76;0;6692012;91;0
147;18;336;18;35;20;99;3.60;5;2;1;78;0;6692099;153;0
147;18;336;18;35;18;75;4.00;7;2;1;17;0;6691875;745;0
147;18;336;18;35;21;11;3.60;6;2;1;79;0;6692111;324;0
147;18;336;18;35;21;23;3.20;5;2;1;79;0;6692123;7;0
147;18;336;18;35;23;99;3.20;3;1;1;79;0;6692399;369;0
147;18;336;18;35;23;99;3.00;6;2;1;76;0;6692399;271;0
147;18;336;18;35;25;87;3.40;2;1;1;70;0;6692587;669;0
147;18;336;18;35;28;99;3.40;3;1;1;80;0;6692899;485;0
147;18;336;18;35;28;99;3.60;2;1;1;82;0;6692899;294;0
147;18;336;18;35;28;99;3.60;5;2;1;77;0;6692899;761;0
147;18;336;18;35;28;99;4.00;8;2;1;80;0;6692899;3926;0
147;18;336;18;35;28;99;3.40;6;2;1;68;0;6692899;485;0
147;18;336;18;35;29;22;4.40;2;1;1;85;0;6692922;7;0
147;18;336;18;35;29;23;3.80;3;1;1;84;0;6692923;8;0
147;18;336;18;35;30;99;3.40;4;1;1;80;0;6693099;1685;0
147;18;336;18;35;30;99;3.00;3;1;1;79;0;6693099;159;0
147;18;336;18;35;30;99;3.40;6;2;1;71;0;6693099;182;0
147;18;336;18;35;31;9;3.60;8;2;1;78;0;6693109;192;0
147;18;336;18;35;31;99;3.60;5;2;1;81;0;6693199;283;0
147;18;336;18;35;32;8;3.60;3;1;1;78;0;6693208;95;0
147;18;336;18;35;31;57;5.60;7;2;1;36;0;6693157;1197;0
147;18;336;18;35;33;99;3.20;6;2;1;79;0;6693399;282;0
147;18;336;18;35;34;27;3.80;5;2;1;87;0;6693427;212;0
147;18;336;18;35;35;60;3.00;6;2;1;77;0;6693560;146;0
147;18;336;18;35;37;17;3.40;7;2;1;80;0;6693717;504;0
147;18;336;18;35;37;4;3.40;3;1;1;93;0;6693704;479;0
147;18;336;18;35;38;99;3.60;2;1;1;90;0;6693899;958;0
147;18;336;18;35;38;99;3.20;6;2;1;85;0;6693899;324;0
147;18;336;18;35;40;56;3.20;6;2;1;77;0;6694056;143;0
147;18;336;18;35;41;99;3.60;2;1;1;73;0;6694199;285;0
147;18;336;18;35;41;99;3.60;5;2;1;79;0;6694199;756;0
147;18;336;18;35;42;24;3.20;3;1;1;76;0;6694224;506;0
147;18;336;18;35;43;99;3.00;2;1;1;75;0;6694399;182;0
147;18;336;18;35;44;99;5.00;8;2;1;69;0;6694499;1373;0
147;18;336;18;35;45;30;3.00;6;2;1;80;0;6694530;459;0
147;18;336;18;35;46;18;3.60;2;1;1;72;0;6694618;204;0
147;18;336;18;35;46;99;4.00;4;1;1;82;0;6694699;1584;0
147;18;336;18;35;47;14;3.40;3;1;1;77;0;6694714;474;0
147;18;336;18;35;47;99;3.40;6;2;1;75;0;6694799;255;0
147;18;336;18;35;47;99;3.40;2;1;1;73;0;6694799;163;0
147;18;336;18;35;48;76;3.60;8;2;1;67;0;6694876;350;0
147;18;336;18;35;48;99;3.20;6;2;1;80;0;6694899;83;0
147;18;336;18;35;49;99;3.40;3;1;1;74;0;6694999;269;0
147;18;336;18;35;50;6;4.00;7;2;1;78;0;6695006;1273;0
147;18;336;18;35;50;20;3.80;5;2;1;85;0;6695020;804;0
147;18;336;18;35;50;35;3.80;1;1;1;76;0;6695035;4192;0
147;18;336;18;35;51;99;3.80;6;2;1;79;0;6695199;285;0
147;18;336;18;35;51;99;3.40;5;2;1;86;0;6695199;162;0
147;18;336;18;35;53;59;3.80;6;2;1;79;0;6695359;142;0
147;18;336;18;35;53;90;3.60;1;1;1;74;0;6695390;337;0
147;18;336;18;35;55;6;3.60;2;1;1;84;0;6695506;690;0
147;18;336;18;35;55;11;3.80;8;2;1;75;0;6695511;615;0
147;18;336;18;35;55;33;3.60;6;2;1;79;0;6695533;156;0
147;18;336;18;35;56;99;4.00;6;2;1;77;0;6695699;149;0
147;18;336;18;35;58;82;3.80;7;2;1;81;0;6695882;857;0
147;18;336;18;35;59;99;3.80;6;2;1;77;0;6695999;281;0
147;18;336;18;36;0;99;3.40;2;1;1;74;0;6696099;577;0
147;18;336;18;36;1;96;4.20;4;1;1;88;0;6696196;1479;0
147;18;336;18;36;1;99;3.60;3;1;1;75;0;6696199;1183;0
147;18;336;18;36;2;99;6.20;6;2;1;74;0;6696299;282;0
147;18;336;18;36;3;76;3.00;6;2;1;83;0;6696376;46;0
147;18;336;18;36;3;63;3.20;2;1;1;70;0;6696363;247;0
147;18;336;18;36;4;99;3.60;5;2;1;85;0;6696499;1285;0
147;18;336;18;36;4;99;3.80;3;1;1;75;0;6696499;282;0
147;18;336;18;36;7;99;3.40;3;1;1;77;0;6696799;281;0
147;18;336;18;36;7;99;3.20;5;2;1;85;0;6696799;284;0
147;18;336;18;36;8;76;3.80;6;2;1;86;0;6696876;486;0
147;18;336;18;36;9;99;3.60;5;2;1;90;0;6696999;186;0
147;18;336;18;36;10;27;3.60;7;2;1;84;0;6697027;1128;0
147;18;336;18;36;12;11;3.80;6;2;1;79;0;6697211;319;0
147;18;336;18;36;14;99;3.40;6;2;1;83;0;6697499;270;0
147;18;336;18;36;14;99;3.80;8;2;1;100;0;6697499;1969;0
147;18;336;18;36;15;99;4.20;4;1;1;83;0;6697599;1385;0
147;18;336;18;36;15;16;3.60;3;1;1;75;0;6697516;701;0
147;18;336;18;36;16;15;3.20;6;2;1;78;0;6697615;101;0
147;18;336;18;36;16;22;3.00;1;1;1;76;0;6697622;2214;0
147;18;336;18;36;16;89;4.20;5;2;1;86;0;6697689;675;0
147;18;336;18;36;16;99;3.40;2;1;1;73;0;6697699;1319;0
147;18;336;18;36;19;88;3.60;6;2;1;72;0;6697988;358;0
147;18;336;18;36;19;99;3.80;4;1;1;79;0;6697999;381;0
147;18;336;18;36;19;99;5.60;2;1;1;74;0;6697999;283;0
147;18;336;18;36;20;6;3.20;1;1;1;83;0;6698006;369;0
147;18;336;18;36;20;99;3.80;3;1;1;71;0;6698099;565;0
147;18;336;18;36;21;83;4.00;1;1;1;77;0;6698183;163;0
147;18;336;18;36;23;15;3.60;8;2;1;70;0;6698315;802;0
147;18;336;18;36;23;99;3.80;4;1;1;84;0;6698399;382;0
147;18;336;18;36;24;9;3.40;3;1;1;72;0;6698409;290;0
147;18;336;18;36;24;99;4.60;4;1;1;85;0;6698499;83;0
147;18;336;18;36;25;99;3.60;3;1;1;72;0;6698599;173;0
147;18;336;18;36;25;99;4.00;4;1;1;88;0;6698599;80;0
147;18;336;18;36;26;16;3.80;2;1;1;80;0;6698616;589;0
147;18;336;18;36;26;84;3.60;8;2;1;70;0;6698684;350;0
147;18;336;18;36;27;99;3.20;7;2;1;76;0;6698799;1756;0
147;18;336;18;36;27;99;3.00;3;1;1;75;0;6698799;182;0
147;18;336;18;36;28;16;3.80;4;1;1;81;0;6698816;200;0
147;18;336;18;36;28;99;3.60;5;2;1;80;0;6698899;1192;0
147;18;336;18;36;28;10;3.40;6;2;1;75;0;6698810;804;0
147;18;336;18;36;29;99;3.60;7;2;1;78;0;6698999;184;0
147;18;336;18;36;30;99;4.00;3;1;1;74;0;6699099;285;0
147;18;336;18;36;32;12;3.60;7;2;1;86;0;6699212;196;0
147;18;336;18;36;32;6;3.40;3;1;1;73;0;6699206;87;0
147;18;336;18;36;33;99;3.40;6;2;1;74;0;6699399;572;0
147;18;336;18;36;33;99;7.20;1;1;6;75;0;6699399;1197;0
147;18;336;18;36;35;99;3.80;3;1;1;75;0;6699599;376;0
147;18;336;18;36;35;99;3.00;2;1;1;76;0;6699599;965;0
147;18;336;18;36;35;99;3.80;1;1;1;79;0;6699599;165;0
147;18;336;18;36;37;99;4.20;5;2;1;91;0;6699799;883;0
147;18;336;18;36;37;99;3.40;3;1;1;78;0;6699799;181;0
147;18;336;18;36;38;99;3.60;4;1;1;77;0;6699899;1066;0
147;18;336;18;36;39;14;3.20;1;1;1;78;0;6699914;297;0
147;18;336;18;36;40;99;3.60;7;2;1;82;0;6700099;871;0
147;18;336;18;36;41;2;3.40;7;2;1;76;0;6700102;-1;0
147;18;336;18;36;41;14;3.60;2;1;1;76;0;6700114;500;0
147;18;336;18;36;42;1;3.20;6;2;1;83;0;6700201;785;0
147;18;336;18;36;43;99;3.80;7;2;1;77;0;6700399;280;0
147;18;336;18;36;43;99;3.60;4;1;1;76;0;6700399;483;0
147;18;336;18;36;44;68;4.00;3;1;1;64;0;6700468;653;0
147;18;336;18;36;45;99;4.00;6;2;1;86;0;6700599;384;0
147;18;336;18;36;46;7;3.40;3;1;1;66;0;6700607;116;0
147;18;336;18;36;49;9;3.40;8;2;1;75;0;6700909;2206;0
147;18;336;18;36;49;14;3.80;4;1;1;82;0;6700914;497;0
147;18;336;18;36;50;99;3.40;4;1;1;79;0;6701099;168;0
147;18;336;18;36;50;99;3.40;3;1;1;68;0;6701099;473;0
147;18;336;18;36;51;7;3.20;2;1;1;74;0;6701107;975;0
147;18;336;18;36;51;99;3.60;1;1;1;80;0;6701199;1270;0
147;18;336;18;36;53;99;3.60;6;2;1;79;0;6701399;783;0
147;18;336;18;36;55;13;3.80;6;2;1;76;0;6701513;97;0
147;18;336;18;36;56;27;3.40;6;2;1;82;0;6701627;96;0
147;18;336;18;36;56;99;3.80;2;1;1;81;0;6701699;576;0
147;18;336;18;36;57;77;3.40;2;1;1;82;0;6701777;61;0
147;18;336;18;36;59;16;3.60;6;2;1;79;0;6701916;274;0
147;18;336;18;37;0;99;3.20;3;1;1;69;0;6702099;982;0
147;18;336;18;37;1;99;3.00;2;1;1;72;0;6702199;407;0
147;18;336;18;37;2;70;3.40;6;2;1;83;0;6702270;337;0
147;18;336;18;37;3;2;3.60;3;1;1;77;0;6702302;186;0
147;18;336;18;37;3;99;3.40;2;1;1;72;0;6702399;185;0
147;18;336;18;37;5;29;2.40;5;2;1;83;0;6702529;2713;0
147;18;336;18;37;5;99;3.00;2;1;1;74;0;6702599;183;0
147;18;336;18;37;5;99;3.40;6;2;1;74;0;6702599;314;0
147;18;336;18;37;6;99;3.80;4;1;1;77;0;6702699;1584;0
147;18;336;18;37;6;99;3.00;7;2;1;78;0;6702699;2282;0
147;18;336;18;37;8;99;3.20;3;1;1;74;0;6702899;580;0
147;18;336;18;37;10;6;3.80;6;2;1;76;0;6703006;390;0
147;18;336;18;37;10;99;3.40;3;1;1;71;0;6703099;184;0
147;18;336;18;37;11;99;3.80;2;1;1;81;0;6703199;585;0
147;18;336;18;37;11;99;3.60;8;2;1;74;0;6703199;2273;0
147;18;336;18;37;12;66;3.20;3;1;1;68;0;6703266;149;0
147;18;336;18;37;13;99;3.80;2;1;1;78;0;6703399;183;0
147;18;336;18;37;13;99;3.80;5;2;1;82;0;6703399;859;0
147;18;336;18;37;14;18;3.20;6;2;1;74;0;6703418;394;0
147;18;336;18;37;14;99;3.80;5;2;1;79;0;6703499;83;0
147;18;336;18;37;15;21;3.40;7;2;1;79;0;6703521;808;0
147;18;336;18;37;15;77;3.00;3;1;1;66;0;6703577;294;0
147;18;336;18;37;15;88;3.80;6;2;1;69;0;6703588;154;0
147;18;336;18;37;15;99;3.20;4;1;1;79;0;6703599;882;0
147;18;336;18;37;16;99;3.00;2;1;1;75;0;6703699;282;0
147;18;336;18;37;16;99;3.80;4;1;1;79;0;6703699;85;0
147;18;336;18;37;17;39;3.40;6;2;1;79;0;6703739;131;0
147;18;336;18;37;17;52;4.00;2;1;1;74;0;6703752;38;0
147;18;336;18;37;18;1;4.20;3;1;1;63;0;6703801;207;0
147;18;336;18;37;18;99;3.80;5;2;1;80;0;6703899;382;0
147;18;336;18;37;18;99;3.60;7;2;1;85;0;6703899;362;0
147;18;336;18;37;19;21;3.60;4;1;1;79;0;6703921;204;0
147;18;336;18;37;19;99;3.80;3;1;1;62;0;6703999;174;0
147;18;336;18;37;19;99;3.80;5;2;1;81;0;6703999;82;0
147;18;336;18;37;19;99;3.60;2;1;1;73;0;6703999;227;0
147;18;336;18;37;20;7;3.40;4;1;1;79;0;6704007;69;0
147;18;336;18;37;20;14;4.00;6;2;1;89;0;6704014;259;0
147;18;336;18;37;20;99;3.20;3;1;1;67;0;6704099;77;0
147;18;336;18;37;21;9;3.40;4;1;1;79;0;6704109;86;0
147;18;336;18;37;21;99;3.40;2;1;1;78;0;6704199;182;0
147;18;336;18;37;21;99;3.60;8;2;1;69;0;6704199;982;0
147;18;336;18;37;22;1;4.00;4;1;1;79;0;6704201;76;0
147;18;336;18;37;23;27;3.00;5;2;1;80;0;6704327;311;0
147;18;336;18;37;23;23;3.20;4;1;1;78;0;6704323;103;6703921
147;18;336;18;37;23;99;3.60;2;1;1;78;0;6704399;184;6703921
147;18;336;18;37;24;23;3.60;6;2;1;81;0;6704423;392;0
147;18;336;18;37;24;99;3.80;3;1;1;74;0;6704499;382;0
147;18;336;18;37;25;65;3.80;3;1;1;72;0;6704565;47;0
147;18;336;18;37;26;99;3.80;2;1;1;79;0;6704699;283;0
147;18;336;18;37;26;99;4.60;1;1;1;79;0;6704699;3483;0
147;18;336;18;37;26;99;3.20;6;2;1;69;0;6704699;260;0
147;18;336;18;37;27;3;4.00;5;2;1;82;0;6704703;362;0
147;18;336;18;37;28;7;4.40;2;1;1;74;0;6704807;90;0
147;18;336;18;37;28;98;3.20;3;1;1;76;0;6704898;314;0
147;18;336;18;37;28;99;3.80;8;2;1;71;0;6704899;681;0
147;18;336;18;37;28;99;3.80;5;2;1;82;0;6704899;178;0
147;18;336;18;37;29;99;3.20;6;2;1;76;0;6704999;283;0
147;18;336;18;37;29;99;3.60;5;2;1;82;0;6704999;83;0
147;18;336;18;37;30;29;4.00;7;2;1;79;0;6705029;1114;0
147;18;336;18;37;30;39;3.60;5;2;1;83;0;6705039;24;0
147;18;336;18;37;31;99;3.20;6;2;1;76;0;6705199;184;0
147;18;336;18;37;31;99;4.00;5;2;1;82;0;6705199;144;6704703
147;18;336;18;37;31;99;3.20;3;1;1;79;0;6705199;285;0
147;18;336;18;37;32;99;3.40;6;2;1;79;0;6705299;84;0
147;18;336;18;37;33;14;5.60;2;1;1;78;0;6705314;485;0
147;18;336;18;37;34;1;3.60;2;1;1;77;0;6705401;61;0
147;18;336;18;37;34;99;3.00;2;1;1;78;0;6705499;81;0
147;18;336;18;37;35;20;3.40;7;2;1;78;0;6705520;472;0
147;18;336;18;37;35;66;3.20;3;1;1;76;0;6705566;352;0
147;18;336;18;37;37;13;3.60;6;2;1;75;0;6705713;398;0
147;18;336;18;37;38;90;3.80;6;2;1;76;0;6705890;159;0
147;18;336;18;37;39;99;3.20;3;1;1;75;0;6705999;417;0
147;18;336;18;37;39;99;5.20;8;2;1;77;0;6705999;1080;0
147;18;336;18;37;40;49;3.60;3;1;1;78;0;6706049;34;0
147;18;336;18;37;40;57;3.20;2;1;1;79;0;6706057;544;0
147;18;336;18;37;42;19;3.40;3;1;1;78;0;6706219;153;0
147;18;336;18;37;43;48;3.20;2;1;1;79;0;6706348;276;0
147;18;336;18;37;44;10;3.60;7;2;1;82;0;6706410;874;0
147;18;336;18;37;45;11;3.80;3;1;1;77;0;6706511;276;0
147;18;336;18;37;45;57;3.20;6;2;1;69;0;6706557;649;0
147;18;336;18;37;46;99;3.80;7;2;1;80;0;6706699;273;0
147;18;336;18;37;46;99;3.40;5;2;1;80;0;6706699;1482;0
147;18;336;18;37;46;99;3.60;8;2;1;81;0;6706699;675;0
147;18;336;18;37;47;99;3.20;6;2;1;71;0;6706799;225;0
147;18;336;18;37;48;20;3.40;5;2;1;80;0;6706820;105;0
147;18;336;18;37;49;1;3.80;6;2;1;69;0;6706901;85;0
147;18;336;18;37;50;17;3.20;2;1;1;75;0;6707017;654;0
147;18;336;18;37;51;99;3.60;6;2;1;76;0;6707199;278;0
147;18;336;18;37;53;26;3.60;3;1;1;75;0;6707326;797;0
147;18;336;18;37;53;72;3.00;6;2;1;77;0;6707372;155;0
147;18;336;18;37;53;89;3.80;7;2;1;83;0;6707389;672;0
147;18;336;18;37;55;99;4.00;5;2;1;87;0;6707599;763;0
147;18;336;18;37;55;32;3.60;6;2;1;82;0;6707532;145;0
147;18;336;18;37;58;26;3.20;5;2;1;85;0;6707826;210;0
147;18;336;18;37;58;58;3.40;3;1;1;76;0;6707858;514;0
147;18;336;18;37;59;17;3.40;2;1;1;72;0;6707917;884;0
147;18;336;18;37;59;99;3.80;6;2;1;74;0;6707999;451;0
147;18;336;18;38;0;99;3.60;2;1;1;71;0;6708099;165;0
147;18;336;18;38;1;68;5.60;6;2;1;75;0;6708168;150;0
147;18;336;18;38;1;82;3.40;2;1;1;73;0;6708182;64;0
147;18;336;18;38;3;3;3.60;6;2;1;80;0;6708303;108;0
147;18;336;18;38;4;85;7.00;3;1;1;69;0;6708485;610;0
147;18;336;18;38;5;99;4.00;6;2;1;79;0;6708599;279;0
147;18;336;18;38;5;99;3.60;3;1;1;73;0;6708599;77;0
147;18;336;18;38;6;15;3.60;5;2;1;83;0;6708615;775;0
147;18;336;18;38;6;99;17.00;4;1;5;93;0;6708699;4361;0
147;18;336;18;38;7;23;3.60;6;2;1;81;0;6708723;105;0
147;18;336;18;38;7;99;3.00;1;1;1;73;0;6708799;4079;0
147;18;336;18;38;9;17;3.40;3;1;1;79;0;6708917;300;0
147;18;336;18;38;10;99;3.40;6;2;1;80;0;6709099;360;0
147;18;336;18;38;12;25;3.60;3;1;1;77;0;6709225;292;0
147;18;336;18;38;13;21;4.00;5;2;1;82;0;6709321;690;0
147;18;336;18;38;13;30;3.60;2;1;1;78;0;6709330;1131;0
147;18;336;18;38;15;20;3.80;5;2;1;84;0;6709520;181;0
147;18;336;18;38;15;99;3.40;6;2;1;74;0;6709599;484;0
147;18;336;18;38;16;8;3.60;3;1;1;78;0;6709608;366;0
147;18;336;18;38;16;58;3.80;2;1;1;85;0;6709658;311;0
147;18;336;18;38;17;1;4.00;6;2;1;67;0;6709701;85;0
147;18;336;18;38;16;87;10.40;7;2;2;63;0;6709687;2281;0
147;18;336;18;38;18;6;3.80;7;2;1;68;0;6709806;59;0
147;18;336;18;38;20;99;3.60;2;1;1;76;0;6710099;424;0
147;18;336;18;38;21;1;6.20;6;2;1;79;0;6710101;378;0
147;18;336;18;38;21;64;3.40;5;2;1;83;0;6710164;627;0
147;18;336;18;38;22;99;3.60;3;1;1;73;0;6710299;674;0
147;18;336;18;38;23;19;5.20;7;2;1;82;0;6710319;492;0
147;18;336;18;38;24;67;3.60;5;2;1;83;0;6710467;288;0
147;18;336;18;38;25;99;3.80;6;2;1;78;0;6710599;469;0
147;18;336;18;38;26;21;3.40;5;2;1;80;0;6710621;138;0
147;18;336;18;38;27;99;3.60;6;2;1;79;0;6710799;182;0
147;18;336;18;38;28;99;3.40;2;1;1;68;0;6710899;782;0
147;18;336;18;38;28;99;3.00;3;1;1;81;0;6710899;582;0
147;18;336;18;38;29;99;3.60;6;2;1;76;0;6710999;183;0
147;18;336;18;38;30;99;3.00;1;1;1;81;0;6711099;2285;0
147;18;336;18;38;31;9;3.60;5;2;1;82;0;6711109;472;0
147;18;336;18;38;31;48;3.60;6;2;1;74;0;6711148;131;0
147;18;336;18;38;33;99;3.60;2;1;1;78;0;6711399;482;0
147;18;336;18;38;34;34;2.80;6;2;1;81;0;6711434;268;0
147;18;336;18;38;34;26;4.00;8;2;1;81;0;6711426;4711;0
147;18;336;18;38;34;89;3.00;2;1;1;78;0;6711489;73;0
147;18;336;18;38;35;99;3.60;6;2;1;67;0;6711599;152;0
147;18;336;18;38;36;99;4.20;7;2;1;79;0;6711699;1357;0
147;18;336;18;38;37;13;3.80;8;2;1;75;0;6711713;269;0
147;18;336;18;38;37;99;3.80;5;2;1;78;0;6711799;674;0
147;18;336;18;38;38;99;4.00;5;2;1;80;0;6711899;82;0
147;18;336;18;38;38;99;3.40;3;1;1;80;0;6711899;986;0
147;18;336;18;38;38;99;3.60;6;2;1;72;0;6711899;280;0
147;18;336;18;38;39;69;3.20;6;2;1;73;0;6711969;52;0
147;18;336;18;38;40;13;3.60;5;2;1;81;0;6712013;96;0
147;18;336;18;38;41;24;3.40;5;2;1;78;0;6712124;95;0
147;18;336;18;38;42;8;3.40;6;2;1;71;0;6712208;223;0
147;18;336;18;38;43;99;3.60;6;2;1;74;0;6712399;173;0
147;18;336;18;38;45;99;3.40;6;2;1;75;0;6712599;182;0
147;18;336;18;38;46;99;5.80;6;2;1;74;0;6712699;83;0
147;18;336;18;38;47;54;4.20;3;1;1;67;0;6712754;839;0
147;18;336;18;38;47;64;3.40;6;2;1;71;0;6712764;36;6712208
147;18;336;18;38;48;99;3.40;7;2;1;80;0;6712899;1180;0
147;18;336;18;38;48;99;3.40;2;1;1;81;0;6712899;1396;0
147;18;336;18;38;48;99;4.00;3;1;1;88;0;6712899;122;0
147;18;336;18;38;49;10;3.40;7;2;1;82;0;6712910;-1;0
147;18;336;18;38;49;17;4.00;5;2;1;85;0;6712917;777;0
147;18;336;18;38;50;1;3.80;2;1;1;80;0;6713001;86;0
147;18;336;18;38;50;99;3.60;6;2;1;75;0;6713099;317;0
147;18;336;18;38;51;0;4.00;5;2;1;82;0;6713100;166;0
147;18;336;18;38;51;14;3.60;3;1;1;82;0;6713114;198;0
147;18;336;18;38;51;99;3.40;7;2;1;79;0;6713199;274;0
147;18;336;18;38;52;74;3.20;5;2;1;84;0;6713274;156;0
147;18;336;18;38;52;81;3.80;4;1;1;80;0;6713281;4516;0
147;18;336;18;38;54;99;3.80;5;2;1;84;0;6713499;211;0
147;18;336;18;38;54;99;3.20;6;2;1;76;0;6713499;382;0
147;18;336;18;38;54;38;3.60;3;1;1;78;0;6713438;308;0
147;18;336;18;38;55;12;3.60;2;1;1;80;0;6713512;493;0
147;18;336;18;38;56;99;3.20;3;1;1;80;0;6713699;244;0
147;18;336;18;38;57;74;3.80;6;2;1;78;0;6713774;259;0
147;18;336;18;38;59;32;3.60;5;2;1;80;0;6713932;416;0
147;18;336;18;38;59;34;3.40;6;2;1;75;0;6713934;142;0
147;18;336;18;39;0;76;3.40;4;1;1;80;0;6714076;777;0
147;18;336;18;39;1;99;3.40;5;2;1;80;0;6714199;250;0
147;18;336;18;39;3;96;4.00;7;2;1;80;0;6714396;1181;0
147;18;336;18;39;3;99;3.60;6;2;1;76;0;6714399;448;0
147;18;336;18;39;3;99;3.60;5;2;1;79;0;6714399;184;0
147;18;336;18;39;4;13;3.80;6;2;1;73;0;6714413;-1;0
147;18;336;18;39;5;99;3.40;6;2;1;73;0;6714599;167;0
147;18;336;18;39;7;99;7.80;6;2;6;75;0;6714799;183;0
147;18;336;18;39;8;99;3.20;6;2;1;76;0;6714899;62;6713774
147;18;336;18;39;8;99;3.60;3;1;1;69;0;6714899;1185;0
147;18;336;18;39;8;99;5.20;7;2;1;64;0;6714899;485;0
147;18;336;18;39;9;7;3.40;5;2;1;82;0;6714907;491;0
147;18;336;18;39;10;35;3.80;6;2;1;73;0;6715035;120;6713774
147;18;336;18;39;11;99;3.60;6;2;1;79;0;6715199;145;6713774
147;18;336;18;39;11;99;3.80;3;1;1;74;0;6715199;281;0
147;18;336;18;39;12;15;3.80;5;2;1;76;0;6715215;293;0
147;18;336;18;39;13;19;3.20;2;1;1;70;0;6715319;1790;0
147;18;336;18;39;13;99;3.60;2;1;1;70;0;6715399;63;0
147;18;336;18;39;13;99;3.60;3;1;1;72;0;6715399;181;0
147;18;336;18;39;14;99;4.00;6;2;1;76;0;6715499;283;0
147;18;336;18;39;15;60;3.20;3;1;1;65;0;6715560;143;0
147;18;336;18;39;15;91;3.40;2;1;1;69;0;6715591;173;0
147;18;336;18;39;17;19;3.80;4;1;1;86;0;6715719;1627;0
147;18;336;18;39;17;19;3.00;6;2;1;72;0;6715719;201;0
147;18;336;18;39;17;8;3.20;2;1;1;67;0;6715708;99;0
147;18;336;18;39;17;18;3.80;3;1;1;68;0;6715718;140;0
147;18;336;18;39;18;7;3.40;6;2;1;72;0;6715807;73;0
147;18;336;18;39;18;12;3.60;1;1;1;77;0;6715812;4699;0
147;18;336;18;39;18;96;3.40;2;1;1;65;0;6715896;170;6715319
147;18;336;18;39;18;99;3.60;5;2;1;82;0;6715899;666;0
147;18;336;18;39;19;99;3.80;4;1;1;92;0;6715999;264;0
147;18;336;18;39;19;99;3.60;1;1;1;74;0;6715999;170;0
147;18;336;18;39;19;99;4.00;3;1;1;72;0;6715999;260;0
147;18;336;18;39;20;38;3.40;4;1;1;86;0;6716038;24;0
147;18;336;18;39;21;99;3.80;4;1;1;89;0;6716199;146;0
147;18;336;18;39;21;99;3.20;3;1;1;81;0;6716199;180;0
147;18;336;18;39;21;99;3.60;6;2;1;77;0;6716199;375;0
147;18;336;18;39;23;99;3.60;2;1;1;83;0;6716399;484;0
147;18;336;18;39;24;99;5.20;7;2;1;79;0;6716499;1570;0
147;18;336;18;39;24;99;3.60;8;2;1;71;0;6716499;4767;0
147;18;336;18;39;25;15;2.80;2;1;1;78;0;6716515;100;0
147;18;336;18;39;25;61;3.20;3;1;1;82;0;6716561;347;0
147;18;336;18;39;26;15;3.80;6;2;1;75;0;6716615;399;0
147;18;336;18;39;27;19;3.60;2;1;1;75;0;6716719;191;0
147;18;336;18;39;28;74;3.40;2;1;1;74;0;6716874;137;0
147;18;336;18;39;28;99;3.80;7;2;1;88;0;6716899;376;0
147;18;336;18;39;29;99;3.80;6;2;1;70;0;6716999;365;0
147;18;336;18;39;30;3;3.80;1;1;1;75;0;6717003;986;0
147;18;336;18;39;31;83;3.60;6;2;1;71;0;6717183;164;0
147;18;336;18;39;32;19;3.80;5;2;1;74;0;6717219;1304;0
147;18;336;18;39;32;99;3.20;6;2;1;67;0;6717299;97;0
147;18;336;18;39;32;99;3.40;2;1;1;71;0;6717299;408;0
147;18;336;18;39;34;12;3.80;2;1;1;74;0;6717412;95;0
147;18;336;18;39;34;99;4.00;5;2;1;82;0;6717499;261;0
147;18;336;18;39;34;99;3.40;3;1;1;74;0;6717499;923;0
147;18;336;18;39;35;99;3.20;8;2;1;72;0;6717599;1081;0
147;18;336;18;39;35;9;3.60;5;2;1;84;0;6717509;-1;0
147;18;336;18;39;35;22;1.00;7;2;1;1;1;6717522;607;0
147;18;336;18;39;40;99;3.20;7;2;1;76;0;6718099;1184;0
147;18;336;18;39;40;19;3.80;6;2;1;84;0;6718019;702;0
147;18;336;18;39;42;99;3.80;6;2;1;91;0;6718299;263;0
147;18;336;18;39;43;52;3.00;5;2;1;83;0;6718352;827;0
147;18;336;18;39;45;99;3.60;3;1;1;79;0;6718599;1083;0
147;18;336;18;39;46;27;3.20;4;1;1;80;0;6718627;2412;0
147;18;336;18;39;46;92;4.00;6;2;1;80;0;6718692;377;0
147;18;336;18;39;47;99;3.60;5;2;1;82;0;6718799;433;0
147;18;336;18;39;47;99;5.00;3;1;1;72;0;6718799;183;0
147;18;336;18;39;48;44;3.40;6;2;1;79;0;6718844;134;0
147;18;336;18;39;49;99;3.60;3;1;1;70;0;6718999;175;0
147;18;336;18;39;50;99;4.40;2;1;1;70;0;6719099;1668;0
147;18;336;18;39;50;99;4.20;6;2;1;76;0;6719099;239;0
147;18;336;18;39;51;67;3.60;3;1;1;69;0;6719167;149;0
147;18;336;18;39;52;1;3.40;2;1;1;67;0;6719201;79;0
147;18;336;18;39;52;99;3.40;5;2;1;84;0;6719299;484;0
147;18;336;18;39;55;99;3.20;6;2;1;75;0;6719599;480;0
147;18;336;18;39;56;17;3.80;6;2;1;75;0;6719617;2;0
147;18;336;18;39;56;58;3.80;5;2;1;79;0;6719658;344;0
147;18;336;18;39;58;99;3.40;5;2;1;81;0;6719899;223;0
147;18;336;18;39;58;99;8.20;3;1;6;68;0;6719899;713;0
147;18;336;18;40;0;99;3.00;5;2;1;80;0;6720099;184;0
147;18;336;18;40;1;32;3.80;8;2;1;88;0;6720132;2517;0
147;18;336;18;40;2;99;3.20;6;2;1;68;0;6720299;663;0
147;18;336;18;40;3;99;3.00;7;2;1;80;0;6720399;2284;0
147;18;336;18;40;3;6;3.80;4;1;1;83;0;6720306;1664;0
147;18;336;18;40;3;5;3.60;2;1;1;69;0;6720305;1085;0
147;18;336;18;40;4;88;3.80;6;2;1;69;0;6720488;172;0
147;18;336;18;40;4;99;3.80;5;2;1;79;0;6720499;386;0
147;18;336;18;40;4;99;3.80;1;1;1;70;0;6720499;3477;0
147;18;336;18;40;5;99;3.40;1;1;1;73;0;6720599;80;0
147;18;336;18;40;5;99;3.40;5;2;1;78;0;6720599;82;0
147;18;336;18;40;5;99;3.20;7;2;1;79;0;6720599;186;0
147;18;336;18;40;5;99;3.80;3;1;1;68;0;6720599;656;0
147;18;336;18;40;6;6;3.60;6;2;1;68;0;6720606;98;0
147;18;336;18;40;6;68;3.80;6;2;1;75;0;6720668;42;0
147;18;336;18;40;6;60;3.80;2;1;1;65;0;6720660;336;0
147;18;336;18;40;7;99;3.60;6;2;1;68;0;6720799;112;6720299
147;18;336;18;40;7;99;3.60;4;1;1;78;0;6720799;476;0
147;18;336;18;40;8;99;4.00;3;1;1;74;0;6720899;279;0
147;18;336;18;40;9;3;3.80;8;2;1;69;0;6720903;755;0
147;18;336;18;40;9;0;4.00;2;1;1;64;0;6720900;218;0
147;18;336;18;40;10;8;3.60;6;2;1;67;0;6721008;189;6720299
147;18;336;18;40;10;99;4.40;7;2;1;65;0;6721099;485;0
147;18;336;18;40;11;99;3.80;1;1;1;61;0;6721199;583;0
147;18;336;18;40;11;23;5.00;2;1;1;78;0;6721123;200;0
147;18;336;18;40;12;95;4.20;4;1;1;75;0;6721295;479;0
147;18;336;18;40;12;99;3.80;2;1;1;75;0;6721299;152;0
147;18;336;18;40;13;99;3.60;3;1;1;78;0;6721399;480;0
147;18;336;18;40;13;99;3.40;6;2;1;73;0;6721399;371;0
147;18;336;18;40;14;16;3.60;7;2;1;73;0;6721416;292;0
147;18;336;18;40;14;46;3.80;5;2;1;78;0;6721446;831;0
147;18;336;18;40;14;79;3.40;3;1;1;77;0;6721479;63;0
147;18;336;18;40;15;99;3.40;6;2;1;73;0;6721599;183;0
147;18;336;18;40;15;80;9.00;1;1;6;66;0;6721580;358;0
147;18;336;18;40;16;99;3.60;5;2;1;77;0;6721699;235;0
147;18;336;18;40;18;99;3.60;3;1;1;74;0;6721899;404;0
147;18;336;18;40;18;99;3.20;2;1;1;73;0;6721899;581;0
147;18;336;18;40;20;99;3.60;2;1;1;72;0;6722099;184;0
147;18;336;18;40;21;7;3.80;2;1;1;71;0;6722107;-1;0
147;18;336;18;40;21;14;4.20;3;1;1;74;0;6722114;197;0
147;18;336;18;40;21;30;3.40;6;2;1;76;0;6722130;514;0
147;18;336;18;40;21;40;4.20;2;1;1;69;0;6722140;13;0
147;18;336;18;40;21;42;4.20;7;2;1;16;0;6722142;708;0
147;18;336;18;40;23;99;3.60;3;1;1;73;0;6722399;264;0
147;18;336;18;40;25;99;3.40;3;1;1;74;0;6722599;182;0
147;18;336;18;40;26;99;3.80;4;1;1;86;0;6722699;1383;0
147;18;336;18;40;27;99;4.60;3;1;1;76;0;6722799;183;0
147;18;336;18;40;28;99;3.80;5;2;1;81;0;6722899;1183;0
147;18;336;18;40;29;18;3.80;4;1;1;88;0;6722918;203;0
147;18;336;18;40;29;21;4.00;6;2;1;76;0;6722921;774;0
147;18;336;18;40;30;99;3.40;6;2;1;74;0;6723099;159;0
147;18;336;18;40;30;99;3.80;5;2;1;83;0;6723099;183;0
147;18;336;18;40;30;99;3.00;2;1;1;75;0;6723099;937;0
147;18;336;18;40;31;1;3.80;7;2;1;79;0;6723101;864;0
147;18;336;18;40;31;25;3.60;4;1;1;83;0;6723125;191;0
147;18;336;18;40;31;99;3.80;3;1;1;78;0;6723199;378;0
147;18;336;18;40;32;0;3.60;6;2;1;77;0;6723200;84;0
147;18;336;18;40;35;99;3.60;3;1;1;80;0;6723599;382;0
147;18;336;18;40;36;99;3.60;4;1;1;85;0;6723699;558;0
147;18;336;18;40;36;99;3.60;6;2;1;75;0;6723699;482;0
147;18;336;18;40;37;81;3.40;3;1;1;81;0;6723781;165;0
147;18;336;18;40;38;99;4.40;6;2;1;77;0;6723899;182;0
147;18;336;18;40;39;99;3.60;6;2;1;76;0;6723999;79;0
147;18;336;18;40;39;30;3.00;1;1;1;78;0;6723930;2300;0
147;18;336;18;40;39;43;4.00;2;1;1;88;0;6723943;829;0
147;18;336;18;40;39;46;3.80;7;2;1;75;0;6723946;827;0
147;18;336;18;40;39;54;3.60;3;1;1;72;0;6723954;157;0
147;18;336;18;40;41;15;3.60;4;1;1;77;0;6724115;400;0
147;18;336;18;40;41;99;3.40;2;1;1;75;0;6724199;239;0
147;18;336;18;40;42;3;3.00;6;2;1;66;0;6724203;186;0
147;18;336;18;40;42;29;3.40;5;2;1;82;0;6724229;1113;0
147;18;336;18;40;43;99;3.40;5;2;1;80;0;6724399;155;0
147;18;336;18;40;45;99;3.40;6;2;1;65;0;6724599;379;0
147;18;336;18;40;45;99;3.00;3;1;1;69;0;6724599;627;0
147;18;336;18;40;45;99;3.00;2;1;1;73;0;6724599;383;0
147;18;336;18;40;46;99;2.80;6;2;1;64;0;6724699;81;0
147;18;336;18;40;47;66;3.80;3;1;1;76;0;6724766;151;0
147;18;336;18;40;48;99;3.80;5;2;1;82;0;6724899;484;0
147;18;336;18;40;49;99;3.00;5;2;1;81;0;6724999;83;0
147;18;336;18;40;49;5;3.60;3;1;1;73;0;6724905;121;0
147;18;336;18;40;49;12;2.80;6;2;1;67;0;6724912;197;0
147;18;336;18;40;50;66;3.80;4;1;1;83;0;6725066;934;0
147;18;336;18;40;50;86;3.60;2;1;1;81;0;6725086;472;0
147;18;336;18;40;50;97;3.40;8;2;1;68;0;6725097;4174;0
147;18;336;18;40;51;25;3.60;4;1;1;83;0;6725125;42;0
147;18;336;18;40;51;99;4.20;2;1;1;84;0;6725199;97;0
147;18;336;18;40;52;16;3.40;6;2;1;64;0;6725216;288;0
147;18;336;18;40;54;99;3.00;6;2;1;65;0;6725499;263;0
147;18;336;18;40;54;99;3.40;5;2;1;81;0;6725499;486;0
147;18;336;18;40;54;99;3.60;8;2;1;85;0;6725499;384;0
147;18;336;18;40;54;99;4.20;7;2;1;94;0;6725499;1534;0
147;18;336;18;40;54;99;3.40;3;1;1;75;0;6725499;576;0
147;18;336;18;40;56;15;4.20;8;2;1;88;0;6725615;100;0
147;18;336;18;40;55;42;15.60;6;2;4;66;0;6725542;26;0
147;18;336;18;40;56;17;3.40;3;1;1;74;0;6725617;101;0
147;18;336;18;40;56;99;4.00;5;2;1;76;0;6725699;184;0
147;18;336;18;40;57;18;4.00;5;2;1;76;0;6725718;0;0
147;18;336;18;40;57;99;4.40;6;2;1;66;0;6725799;171;0
147;18;336;18;40;58;99;3.20;6;2;1;73;0;6725899;76;0
147;18;336;18;40;59;99;4.00;2;1;1;76;0;6725999;782;0
147;18;336;18;41;0;3;3.20;6;2;1;72;0;6726003;88;6725499
147;18;336;18;41;1;9;3.20;6;2;1;72;0;6726109;90;6725499
147;18;336;18;41;7;4;3.60;1;1;1;80;0;6726704;2760;0
147;18;336;18;41;8;99;3.60;2;1;1;85;0;6726899;881;0
147;18;336;18;41;11;99;3.60;6;2;1;83;0;6727199;1074;0
147;18;336;18;41;12;20;4.40;3;1;1;81;0;6727220;1586;0
147;18;336;18;41;13;80;4.60;3;1;1;78;0;6727380;140;0
147;18;336;18;41;14;99;3.80;3;1;1;82;0;6727499;97;0
147;18;336;18;41;15;37;3.20;4;1;1;80;0;6727537;2396;0
147;18;336;18;41;16;19;3.60;6;2;1;78;0;6727619;404;0
147;18;336;18;41;16;99;3.20;8;2;1;79;0;6727699;2066;0
147;18;336;18;41;18;20;3.60;5;2;1;78;0;6727820;2083;0
147;18;336;18;41;19;10;3.60;2;1;1;76;0;6727910;995;0
147;18;336;18;41;19;99;4.00;4;1;1;77;0;6727999;447;0
147;18;336;18;41;20;15;4.20;3;1;1;81;0;6728015;499;0
147;18;336;18;41;20;6;4.00;1;1;1;89;0;6728006;1285;0
147;18;336;18;41;20;39;3.60;2;1;1;70;0;6728039;111;0
147;18;336;18;41;21;88;3.20;4;1;1;77;0;6728188;170;0
147;18;336;18;41;21;99;3.80;5;2;1;88;0;6728199;362;0
147;18;336;18;41;22;23;3.00;6;2;1;73;0;6728223;587;0
147;18;336;18;41;22;99;3.40;4;1;1;81;0;6728299;96;0
147;18;336;18;41;22;99;3.00;3;1;1;82;0;6728299;265;0
147;18;336;18;41;22;99;3.60;7;2;1;79;0;6728299;2783;0
147;18;336;18;41;23;71;4.00;5;2;1;85;0;6728371;156;0
147;18;336;18;41;23;94;3.40;7;2;1;84;0;6728394;78;0
147;18;336;18;41;25;8;3.80;5;2;1;85;0;6728508;120;0
147;18;336;18;41;26;99;3.40;6;2;1;74;0;6728699;461;0
147;18;336;18;41;28;89;4.40;1;1;1;64;0;6728889;866;0
147;18;336;18;41;29;99;4.20;3;1;1;81;0;6728999;686;0
147;18;336;18;41;30;18;3.00;4;1;1;81;0;6729018;703;0
147;18;336;18;41;31;99;3.60;2;1;1;72;0;6729199;1141;0
147;18;336;18;41;31;99;3.80;1;1;1;82;0;6729199;285;0
147;18;336;18;41;32;99;3.60;6;2;1;69;0;6729299;583;0
147;18;336;18;41;33;72;3.20;2;1;1;69;0;6729372;155;0
147;18;336;18;41;34;90;4.00;3;1;1;54;0;6729490;472;0
147;18;336;18;41;35;99;3.40;6;2;1;74;0;6729599;281;0
147;18;336;18;41;35;99;3.20;1;1;1;72;0;6729599;383;0
147;18;336;18;41;35;99;3.20;3;1;1;56;0;6729599;82;0
147;18;336;18;41;36;53;3.00;2;1;1;68;0;6729653;264;0
147;18;336;18;41;36;99;3.20;6;2;1;77;0;6729699;83;0
147;18;336;18;41;37;99;3.40;3;1;1;64;0;6729799;179;0
147;18;336;18;41;37;99;3.60;2;1;1;84;0;6729799;130;0
147;18;336;18;41;38;15;3.60;3;1;1;69;0;6729815;-1;0
147;18;336;18;41;39;6;3.00;6;2;1;73;0;6729906;192;0
147;18;336;18;41;39;99;3.60;4;1;1;79;0;6729999;967;0
147;18;336;18;41;40;99;3.40;6;2;1;89;0;6730099;178;0
147;18;336;18;41;40;99;3.60;1;1;1;81;0;6730099;484;0
147;18;336;18;41;40;99;3.00;2;1;1;61;0;6730099;284;0
147;18;336;18;41;43;99;3.60;6;2;1;77;0;6730399;286;0
147;18;336;18;41;44;95;3.40;3;1;1;82;0;6730495;661;0
147;18;336;18;41;45;19;3.80;7;2;1;82;0;6730519;2110;0
147;18;336;18;41;45;99;3.60;6;2;1;75;0;6730599;183;0
147;18;336;18;41;45;99;3.60;3;1;1;82;0;6730599;89;0
147;18;336;18;41;47;99;3.60;6;2;1;70;0;6730799;182;0
147;18;336;18;41;48;6;4.60;7;2;1;76;0;6730806;270;0
147;18;336;18;41;49;0;3.20;3;1;1;79;0;6730900;285;0
147;18;336;18;41;49;99;4.60;4;1;1;87;0;6730999;983;0
147;18;336;18;41;49;99;4.00;3;1;1;80;0;6730999;84;0
147;18;336;18;41;52;99;3.00;6;2;1;73;0;6731299;481;0
147;18;336;18;41;52;99;3.60;7;2;1;82;0;6731299;471;0
147;18;336;18;41;53;18;3.60;3;1;1;74;0;6731318;301;0
147;18;336;18;41;54;10;3.80;6;2;1;75;0;6731410;96;0
147;18;336;18;41;54;93;3.40;2;1;1;81;0;6731493;1376;0
147;18;336;18;41;55;23;3.20;5;2;1;80;0;6731523;2998;0
147;18;336;18;41;55;99;2.80;3;1;1;76;0;6731599;263;0
147;18;336;18;41;56;1;3.80;6;2;1;69;0;6731601;172;0
147;18;336;18;41;57;3;4.80;3;1;1;79;0;6731703;90;0
147;18;336;18;41;57;99;3.60;7;2;1;75;0;6731799;484;0
147;18;336;18;41;57;99;4.20;6;2;1;74;0;6731799;178;0
147;18;336;18;41;57;99;3.60;4;1;1;81;0;6731799;780;0
147;18;336;18;41;58;5;3.20;3;1;1;75;0;6731805;80;0
147;18;336;18;41;58;9;3.60;8;2;1;83;0;6731809;4095;0
147;18;336;18;42;0;99;3.40;3;1;1;70;0;6732099;278;0
147;18;336;18;42;0;99;3.60;6;2;1;77;0;6732099;279;0
147;18;336;18;42;1;99;3.80;7;2;1;67;0;6732199;382;0
147;18;336;18;42;1;99;3.40;3;1;1;70;0;6732199;82;0
147;18;336;18;42;3;17;3.40;2;1;1;73;0;6732317;808;0
147;18;336;18;42;3;18;3.60;6;2;1;74;0;6732318;202;0
147;18;336;18;42;4;61;3.60;5;2;1;82;0;6732461;923;0
147;18;336;18;42;4;69;3.00;7;2;1;80;0;6732469;249;0
147;18;336;18;42;5;99;3.60;4;1;1;80;0;6732599;784;0
147;18;336;18;42;5;99;3.60;5;2;1;83;0;6732599;122;0
147;18;336;18;42;7;0;3.80;2;1;1;76;0;6732700;366;0
147;18;336;18;42;7;99;3.80;5;2;1;83;0;6732799;184;0
147;18;336;18;42;8;99;3.40;5;2;1;85;0;6732899;83;0
147;18;336;18;42;8;99;3.00;6;2;1;77;0;6732899;563;0
147;18;336;18;42;8;99;3.40;4;1;1;78;0;6732899;283;0
147;18;336;18;42;9;42;3.60;7;2;1;74;0;6732942;459;0
147;18;336;18;42;9;49;4.40;4;1;1;81;0;6732949;34;0
147;18;336;18;42;9;65;3.20;5;2;1;88;0;6732965;51;6732461
147;18;336;18;42;8;23;25.40;3;1;5;73;0;6732823;606;0
147;18;336;18;42;10;99;4.00;6;2;1;75;0;6733099;185;0
147;18;336;18;42;11;99;3.40;7;2;1;78;0;6733199;239;0
147;18;336;18;42;11;99;3.20;3;1;1;77;0;6733199;250;0
147;18;336;18;42;12;6;3.40;4;1;1;78;0;6733206;237;0
147;18;336;18;42;12;19;3.60;5;2;1;83;0;6733219;240;0
147;18;336;18;42;12;91;3.20;1;1;1;79;0;6733291;3176;0
147;18;336;18;42;12;80;4.80;3;1;1;73;0;6733280;66;0
147;18;336;18;42;13;99;3.40;7;2;1;79;0;6733399;184;0
147;18;336;18;42;13;99;3.00;3;1;1;68;0;6733399;95;0
147;18;336;18;42;13;99;3.60;4;1;1;76;0;6733399;177;0
147;18;336;18;42;14;50;3.80;6;2;1;77;0;6733450;331;0
147;18;336;18;42;14;55;3.60;4;1;1;78;0;6733455;38;0
147;18;336;18;42;17;10;3.60;7;2;1;82;0;6733710;295;0
147;18;336;18;42;17;16;3.40;6;2;1;71;0;6733716;248;0
147;18;336;18;42;18;99;2.80;6;2;1;73;0;6733899;165;0
147;18;336;18;42;18;99;3.80;5;2;1;82;0;6733899;664;0
147;18;336;18;42;18;99;3.40;3;1;1;71;0;6733899;484;0
147;18;336;18;42;19;12;3.60;7;2;1;74;0;6733912;186;0
147;18;336;18;42;19;61;3.60;5;2;1;81;0;6733961;45;0
147;18;336;18;42;20;99;3.20;6;2;1;81;0;6734099;186;0
147;18;336;18;42;20;99;3.00;3;1;1;77;0;6734099;182;0
147;18;336;18;42;21;99;3.80;4;1;1;86;0;6734199;727;0
147;18;336;18;42;21;2;3.20;7;2;1;72;0;6734102;172;0
147;18;336;18;42;22;93;3.60;2;1;1;77;0;6734293;1575;0
147;18;336;18;42;23;14;3.40;6;2;1;80;0;6734314;200;0
147;18;336;18;42;24;18;3.00;3;1;1;76;0;6734418;304;0
147;18;336;18;42;24;45;3.80;7;2;1;75;0;6734445;327;0
147;18;336;18;42;25;99;3.60;4;1;1;82;0;6734599;384;0
147;18;336;18;42;26;99;3.40;3;1;1;77;0;6734699;266;0
147;18;336;18;42;27;50;3.60;4;1;1;81;0;6734750;135;0
147;18;336;18;42;27;74;3.00;6;2;1;79;0;6734774;444;0
147;18;336;18;42;29;41;3.60;3;1;1;73;0;6734941;226;0
147;18;336;18;42;30;99;3.40;7;2;1;79;0;6735099;635;0
147;18;336;18;42;31;13;3.20;8;2;1;69;0;6735113;3288;0
147;18;336;18;42;31;99;3.80;5;2;1;84;0;6735199;1222;0
147;18;336;18;42;31;99;3.60;6;2;1;79;0;6735199;411;0
147;18;336;18;42;31;99;8.00;3;1;6;74;0;6735199;240;0
147;18;336;18;42;35;99;3.60;2;1;1;79;0;6735599;1289;0
147;18;336;18;42;36;99;4.00;7;2;1;76;0;6735699;584;0
147;18;336;18;42;36;99;3.80;6;2;1;80;0;6735699;483;0
147;18;336;18;42;39;13;3.60;6;2;1;80;0;6735913;196;0
147;18;336;18;42;41;99;3.00;6;2;1;82;0;6736199;269;0
147;18;336;18;42;42;40;3.60;3;1;1;82;0;6736240;1002;0
147;18;336;18;42;42;47;4.00;5;2;1;87;0;6736247;1031;0
147;18;336;18;42;44;99;3.60;5;2;1;90;0;6736499;235;0
147;18;336;18;42;44;99;3.60;4;1;1;82;0;6736499;1733;0
147;18;336;18;42;44;99;3.60;3;1;1;79;0;6736499;243;0
147;18;336;18;42;44;99;3.40;6;2;1;75;0;6736499;286;0
147;18;336;18;42;45;24;3.40;6;2;1;78;0;6736524;8;0
147;18;336;18;42;45;44;3.60;4;1;1;83;0;6736544;29;0
147;18;336;18;42;45;92;3.80;7;2;1;76;0;6736592;874;0
147;18;336;18;42;46;99;6.40;4;1;1;86;0;6736699;139;0
147;18;336;18;42;47;54;3.40;6;2;1;75;0;6736754;214;0
147;18;336;18;42;48;99;5.00;3;1;1;79;0;6736899;383;0
147;18;336;18;42;49;99;3.60;6;2;1;74;0;6736999;228;0
147;18;336;18;42;49;99;3.20;7;2;1;77;0;6736999;389;0
147;18;336;18;42;50;46;3.40;3;1;1;76;0;6737046;124;0
147;18;336;18;42;52;20;3.60;6;2;1;79;0;6737220;203;0
147;18;336;18;42;52;43;3.60;3;1;1;77;0;6737243;180;0
147;18;336;18;42;54;99;3.60;1;1;1;77;0;6737499;4193;0
147;18;336;18;42;56;99;3.20;2;1;1;74;0;6737699;2083;0
147;18;336;18;42;56;99;3.60;6;2;1;81;0;6737699;462;0
147;18;336;18;42;57;3;3.80;6;2;1;81;0;6737703;-1;0
147;18;336;18;42;57;22;3.20;4;1;1;80;0;6737722;996;0
147;18;336;18;42;58;99;3.40;2;1;1;75;0;6737899;184;0
147;18;336;18;42;59;99;3.60;6;2;1;75;0;6737999;279;0
147;18;336;18;42;59;99;3.40;4;1;1;77;0;6737999;262;0
147;18;336;18;43;0;18;3.40;5;2;1;80;0;6738018;1504;0
147;18;336;18;43;0;32;3.40;7;2;1;81;0;6738032;1018;0
147;18;336;18;43;0;75;4.00;5;2;1;82;0;6738075;41;0
147;18;336;18;43;1;0;4.20;3;1;1;76;0;6738100;840;0
147;18;336;18;43;1;99;3.20;6;2;1;73;0;6738199;182;0
147;18;336;18;43;2;99;3.80;3;1;1;75;0;6738299;179;0
147;18;336;18;43;2;99;3.60;4;1;1;81;0;6738299;284;0
147;18;336;18;43;3;27;3.60;4;1;1;82;0;6738327;12;0
147;18;336;18;43;3;51;3.60;5;2;1;81;0;6738351;258;0
147;18;336;18;43;4;11;3.20;4;1;1;83;0;6738411;68;0
147;18;336;18;43;4;99;3.80;6;2;1;73;0;6738499;284;0
147;18;336;18;43;5;20;3.60;4;1;1;84;0;6738520;95;0
147;18;336;18;43;5;60;3.20;5;2;1;90;0;6738560;193;0
147;18;336;18;43;5;63;3.80;3;1;1;76;0;6738563;245;0
147;18;336;18;43;6;99;4.00;2;1;1;78;0;6738699;783;0
147;18;336;18;43;7;99;4.00;6;2;1;79;0;6738799;281;0
147;18;336;18;43;7;3;3.20;5;2;1;84;0;6738703;130;0
147;18;336;18;43;8;18;3.40;3;1;1;80;0;6738818;237;0
147;18;336;18;43;9;99;3.80;6;2;1;76;0;6738999;181;0
147;18;336;18;43;9;99;3.40;8;2;1;61;0;6738999;3869;0
147;18;336;18;43;10;20;3.80;7;2;1;86;0;6739020;972;0
147;18;336;18;43;10;33;3.80;5;2;1;79;0;6739033;316;0
147;18;336;18;43;11;8;6.00;2;1;1;87;0;6739108;390;0
147;18;336;18;43;12;99;3.80;7;2;1;78;0;6739299;263;0
147;18;336;18;43;12;99;3.80;6;2;1;69;0;6739299;282;0
147;18;336;18;43;14;0;3.20;2;1;1;83;0;6739400;267;0
147;18;336;18;43;14;99;3.80;4;1;1;88;0;6739499;963;0
147;18;336;18;43;14;99;3.20;6;2;1;74;0;6739499;180;0
147;18;336;18;43;15;2;3.60;3;1;1;80;0;6739502;668;0
147;18;336;18;43;15;10;5.80;3;1;1;77;0;6739510;-1;0
147;18;336;18;43;16;11;4.00;4;1;1;90;0;6739611;96;0
147;18;336;18;43;17;20;3.00;2;1;1;81;0;6739720;306;0
147;18;336;18;43;18;40;3.20;7;2;1;78;0;6739840;523;0
147;18;336;18;43;19;99;3.80;4;1;1;76;0;6739999;372;0
147;18;336;18;43;20;11;3.60;2;1;1;66;0;6740011;277;0
147;18;336;18;43;20;99;3.20;3;1;1;74;0;6740099;561;0
147;18;336;18;43;20;99;3.80;5;2;1;84;0;6740099;1048;0
147;18;336;18;43;20;5;3.40;6;2;1;76;0;6740005;490;0
147;18;336;18;43;21;99;3.80;2;1;1;77;0;6740199;168;0
147;18;336;18;43;23;29;3.60;3;1;1;74;0;6740329;214;0
147;18;336;18;43;23;47;6.40;8;2;1;81;0;6740347;1327;0
147;18;336;18;43;23;64;4.60;4;1;1;75;0;6740364;347;0
147;18;336;18;43;24;99;3.40;5;2;1;74;0;6740499;383;0
147;18;336;18;43;24;99;3.40;4;1;1;76;0;6740499;112;0
147;18;336;18;43;24;99;3.60;6;2;1;77;0;6740499;477;0
147;18;336;18;43;25;99;4.00;5;2;1;75;0;6740599;83;0
147;18;336;18;43;26;24;3.80;2;1;1;85;0;6740624;407;0
147;18;336;18;43;26;17;4.40;5;2;1;76;0;6740617;-1;0
147;18;336;18;43;26;73;3.60;8;2;1;80;0;6740673;297;0
147;18;336;18;43;28;99;4.00;4;1;1;84;0;6740899;383;0
147;18;336;18;43;31;6;3.20;3;1;1;70;0;6741106;759;0
147;18;336;18;43;31;22;3.20;4;1;1;74;0;6741122;205;0
147;18;336;18;43;33;14;3.60;5;2;1;82;0;6741314;676;0
147;18;336;18;43;34;11;4.00;7;2;1;75;0;6741411;1556;0
147;18;336;18;43;36;15;3.40;6;2;1;80;0;6741615;1099;0
147;18;336;18;43;38;22;3.80;5;2;1;77;0;6741822;492;0
147;18;336;18;43;39;99;4.20;6;2;1;71;0;6741999;368;0
147;18;336;18;43;40;13;3.40;5;2;1;78;0;6742013;173;0
147;18;336;18;43;40;9;3.60;3;1;1;72;0;6742009;886;0
147;18;336;18;43;40;99;3.60;4;1;1;80;0;6742099;961;0
147;18;336;18;43;41;10;3.60;3;1;1;68;0;6742110;83;0
147;18;336;18;43;41;7;4.00;4;1;1;79;0;6742107;-1;0
147;18;336;18;43;41;15;3.80;6;2;1;72;0;6742115;94;0
147;18;336;18;43;42;12;3.60;1;1;1;78;0;6742212;4696;0
147;18;336;18;43;42;99;3.60;4;1;1;78;0;6742299;173;0
147;18;336;18;43;42;99;3.80;3;1;1;66;0;6742299;169;0
147;18;336;18;43;43;17;3.40;5;2;1;82;0;6742317;288;0
147;18;336;18;43;43;20;3.80;2;1;1;76;0;6742320;1679;0
147;18;336;18;43;43;99;4.00;7;2;1;79;0;6742399;968;0
147;18;336;18;43;43;99;3.60;4;1;1;79;0;6742399;83;0
147;18;336;18;43;44;10;3.40;3;1;1;69;0;6742410;90;0
147;18;336;18;43;44;94;3.00;4;1;1;74;0;6742494;78;6740364
147;18;336;18;43;45;99;3.80;4;1;1;73;0;6742599;90;6740364
147;18;336;18;43;45;99;3.60;6;2;1;71;0;6742599;465;0
147;18;336;18;43;46;3;3.40;5;2;1;79;0;6742603;271;0
147;18;336;18;43;46;99;3.40;7;2;1;80;0;6742699;281;0
147;18;336;18;43;47;99;2.80;2;1;1;61;0;6742799;461;0
147;18;336;18;43;48;99;4.20;2;1;1;63;0;6742899;83;0
147;18;336;18;43;48;99;4.40;6;2;1;71;0;6742899;281;0
147;18;336;18;43;49;14;3.60;3;1;1;75;0;6742914;486;0
147;18;336;18;43;49;15;4.00;5;2;1;80;0;6742915;296;0
147;18;336;18;43;49;59;2.80;2;1;1;61;0;6742959;36;0
147;18;336;18;43;49;94;3.60;7;2;1;78;0;6742994;279;0
147;18;336;18;43;50;99;3.40;2;1;1;62;0;6743099;123;0
147;18;336;18;43;50;99;3.60;1;1;1;81;0;6743099;870;0
147;18;336;18;43;51;0;3.40;6;2;1;79;0;6743100;178;0
147;18;336;18;43;51;14;4.00;5;2;1;86;0;6743114;181;0
147;18;336;18;43;52;99;3.80;3;1;1;83;0;6743299;367;0
147;18;336;18;43;52;99;4.00;5;2;1;88;0;6743299;168;0
147;18;336;18;43;53;99;3.40;4;1;1;87;0;6743399;781;0
147;18;336;18;43;54;6;3.60;7;2;1;77;0;6743406;395;0
147;18;336;18;43;54;15;3.60;2;1;1;76;0;6743415;296;0
147;18;336;18;43;54;58;2.60;6;2;1;75;0;6743458;342;0
147;18;336;18;43;54;86;3.60;4;1;1;87;0;6743486;72;0
147;18;336;18;43;54;90;3.40;5;2;1;81;0;6743490;174;0
147;18;336;18;43;54;97;4.40;7;2;1;77;0;6743497;74;0
147;18;336;18;43;56;18;3.40;3;1;1;78;0;6743618;302;0
147;18;336;18;43;56;14;5.40;8;2;1;73;0;6743614;2924;0
147;18;336;18;43;57;74;3.80;2;1;1;78;0;6743774;341;0
147;18;336;18;43;57;99;3.60;6;2;1;83;0;6743799;328;0
147;18;336;18;43;58;99;3.60;3;1;1;76;0;6743899;265;0
147;18;336;18;43;59;84;3.40;6;2;1;78;0;6743984;169;0
147;18;336;18;44;1;3;3.60;6;2;1;68;0;6744103;103;0
147;18;336;18;44;2;99;3.80;5;2;1;81;0;6744299;793;0
147;18;336;18;44;4;68;3.40;5;2;1;82;0;6744468;152;0
147;18;336;18;44;5;8;3.80;6;2;1;94;0;6744508;385;0
147;18;336;18;44;5;9;3.80;7;2;1;95;0;6744509;991;0
147;18;336;18;44;6;99;3.60;6;2;1;76;0;6744699;176;0
147;18;336;18;44;6;29;5.40;7;2;1;31;0;6744629;105;0
147;18;336;18;44;8;14;3.40;6;2;1;73;0;6744814;97;0
147;18;336;18;44;8;99;3.60;5;2;1;88;0;6744899;416;0
147;18;336;18;44;9;20;3.80;5;2;1;89;0;6744920;6;0
147;18;336;18;44;9;26;3.20;6;2;1;73;0;6744926;95;0
147;18;336;18;44;10;99;4.00;3;1;1;89;0;6745099;1182;0
147;18;336;18;44;11;4;2.80;6;2;1;70;0;6745104;162;6744508
147;18;336;18;44;12;24;4.00;5;2;1;83;0;6745224;288;0
147;18;336;18;44;12;63;3.00;6;2;1;71;0;6745263;144;6744508
147;18;336;18;44;14;5;3.80;6;2;1;72;0;6745405;126;6744508
147;18;336;18;44;14;11;3.60;5;2;1;91;0;6745411;169;6744508
147;18;336;18;44;14;48;3.80;2;1;1;85;0;6745448;1656;0
147;18;336;18;44;15;99;3.80;3;1;1;76;0;6745599;483;0
147;18;336;18;44;17;53;3.80;7;2;1;84;0;6745753;1061;0
147;18;336;18;44;18;99;3.00;3;1;1;70;0;6745899;282;0
147;18;336;18;44;18;99;3.40;6;2;1;72;0;6745899;475;0
147;18;336;18;44;18;99;3.20;7;2;1;77;0;6745899;129;0
147;18;336;18;44;20;99;5.60;6;2;1;73;0;6746099;183;0
147;18;336;18;44;21;99;3.20;2;1;1;75;0;6746199;734;0
147;18;336;18;44;22;51;3.40;6;2;1;70;0;6746251;124;0
147;18;336;18;44;22;82;3.40;5;2;1;82;0;6746282;856;0
147;18;336;18;44;24;22;3.80;3;1;1;81;0;6746422;507;0
147;18;336;18;44;24;99;3.60;5;2;1;76;0;6746499;202;0
147;18;336;18;44;26;1;3.60;6;2;1;71;0;6746601;332;0
147;18;336;18;44;27;8;4.00;1;1;1;81;0;6746708;3593;0
147;18;336;18;44;27;74;3.00;6;2;1;74;0;6746774;154;0
147;18;336;18;44;29;7;3.40;7;2;1;79;0;6746907;993;0
147;18;336;18;44;29;99;3.40;3;1;1;77;0;6746999;560;0
147;18;336;18;44;30;25;4.20;5;2;1;85;0;6747025;508;0
147;18;336;18;44;30;51;3.80;7;2;1;82;0;6747051;128;0
147;18;336;18;44;31;99;3.60;6;2;1;77;0;6747199;410;0
147;18;336;18;44;31;99;3.60;2;1;1;77;0;6747199;984;0
147;18;336;18;44;33;11;3.80;6;2;1;74;0;6747311;95;0
147;18;336;18;44;33;99;3.40;3;1;1;70;0;6747399;384;0
147;18;336;18;44;34;6;4.00;8;2;1;81;0;6747406;3765;0
147;18;336;18;44;34;9;3.20;6;2;1;76;0;6747409;79;0
147;18;336;18;44;34;19;4.00;4;1;1;91;0;6747419;3918;0
147;18;336;18;44;34;99;3.00;1;1;1;61;0;6747499;773;0
147;18;336;18;44;35;20;3.40;6;2;1;76;0;6747520;95;0
147;18;336;18;44;35;71;2.80;2;1;1;77;0;6747571;355;0
147;18;336;18;44;36;99;3.60;5;2;1;79;0;6747699;656;0
147;18;336;18;44;37;99;3.60;6;2;1;75;0;6747799;262;0
147;18;336;18;44;39;99;3.40;3;1;1;79;0;6747999;582;0
147;18;336;18;44;40;12;3.60;6;2;1;76;0;6748012;195;0
147;18;336;18;44;42;32;4.00;6;2;1;76;0;6748232;202;0
147;18;336;18;44;43;95;3.60;2;1;1;63;0;6748395;810;0
147;18;336;18;44;46;99;3.20;6;2;1;77;0;6748699;448;0
147;18;336;18;44;46;99;3.80;5;2;1;83;0;6748699;983;0
147;18;336;18;44;46;99;4.20;3;1;1;76;0;6748699;684;0
147;18;336;18;44;47;99;3.40;6;2;1;76;0;6748799;85;0
147;18;336;18;44;47;10;3.60;2;1;1;76;0;6748710;294;0
147;18;336;18;44;49;9;3.40;2;1;1;74;0;6748909;181;0
147;18;336;18;44;49;15;3.20;6;2;1;71;0;6748915;99;0
147;18;336;18;44;49;19;4.00;4;1;1;83;0;6748919;1484;0
147;18;336;18;44;49;99;3.80;1;1;1;77;0;6748999;1482;0
147;18;336;18;44;50;99;3.60;8;2;1;75;0;6749099;1675;0
147;18;336;18;44;50;9;3.20;6;2;1;77;0;6749009;77;0
147;18;336;18;44;50;31;3.40;2;1;1;66;0;6749031;105;0
147;18;336;18;44;51;99;3.40;3;1;1;74;0;6749199;480;0
147;18;336;18;44;52;15;3.60;4;1;1;82;0;6749215;278;0
147;18;336;18;44;53;5;3.80;1;1;1;73;0;6749305;288;0
147;18;336;18;44;53;82;3.20;6;2;1;88;0;6749382;358;0
147;18;336;18;44;54;99;3.60;3;1;1;76;0;6749499;283;0
147;18;336;18;44;54;99;4.60;7;2;1;85;0;6749499;2431;0
147;18;336;18;44;58;4;3.20;3;1;1;69;0;6749804;287;0
147;18;336;18;44;59;99;3.80;6;2;1;79;0;6749999;603;0
147;18;336;18;44;59;99;3.40;3;1;1;72;0;6749999;178;0
147;18;336;18;45;1;3;3.80;3;1;1;74;0;6750103;87;0
147;18;336;18;45;1;99;5.40;7;2;1;83;0;6750199;680;0
147;18;336;18;45;1;99;3.60;4;1;1;83;0;6750199;968;0
147;18;336;18;45;2;22;3.80;3;1;1;76;0;6750222;100;0
147;18;336;18;45;3;80;3.20;4;1;1;83;0;6750380;165;0
147;18;336;18;45;5;19;3.20;6;2;1;78;0;6750519;502;0
147;18;336;18;45;6;31;4.60;4;1;1;80;0;6750631;237;0
147;18;336;18;45;6;65;4.00;6;2;1;79;0;6750665;131;0
147;18;336;18;45;8;33;3.60;3;1;1;78;0;6750833;593;0
147;18;336;18;45;9;25;3.60;6;2;1;83;0;6750925;241;0
147;18;336;18;45;9;99;4.00;2;1;1;79;0;6750999;1949;0
147;18;336;18;45;9;99;4.00;7;2;1;82;0;6750999;776;0
147;18;336;18;45;10;99;3.80;6;2;1;83;0;6751099;158;0
147;18;336;18;45;10;14;3.40;2;1;1;79;0;6751014;-1;0
147;18;336;18;45;12;99;3.80;2;1;1;84;0;6751299;269;0
147;18;336;18;45;13;16;3.60;8;2;1;78;0;6751316;2199;0
147;18;336;18;45;13;32;3.60;6;2;1;81;0;6751332;216;0
147;18;336;18;45;14;99;3.20;2;1;1;79;0;6751499;183;0
147;18;336;18;45;15;6;2.80;6;2;1;79;0;6751506;158;0
147;18;336;18;45;15;99;3.00;1;1;1;75;0;6751599;2275;0
147;18;336;18;45;16;43;3.40;2;1;1;77;0;6751643;129;0
147;18;336;18;45;16;66;3.60;6;2;1;87;0;6751666;147;0
147;18;336;18;45;17;99;3.60;1;1;1;74;0;6751799;185;0
147;18;336;18;45;18;99;3.60;6;2;1;81;0;6751899;218;0
147;18;336;18;45;18;2;3.60;5;2;1;85;0;6751802;3086;0
147;18;336;18;45;19;99;3.60;3;1;1;80;0;6751999;1149;0
147;18;336;18;45;19;99;3.80;8;2;1;76;0;6751999;666;0
147;18;336;18;45;19;99;3.60;5;2;1;87;0;6751999;181;0
147;18;336;18;45;20;99;3.80;2;1;1;81;0;6752099;440;0
147;18;336;18;45;20;99;3.00;6;2;1;78;0;6752099;184;0
147;18;336;18;45;22;21;4.00;3;1;1;92;0;6752221;205;0
147;18;336;18;45;25;12;4.00;5;2;1;91;0;6752512;498;0
147;18;336;18;45;27;99;4.20;6;2;1;83;0;6752799;686;0
147;18;336;18;45;27;99;3.80;8;2;1;78;0;6752799;782;0
147;18;336;18;45;29;99;3.80;6;2;1;86;0;6752999;181;0
147;18;336;18;45;30;15;3.40;3;1;1;71;0;6753015;778;0
147;18;336;18;45;30;99;3.40;6;2;1;88;0;6753099;84;0
147;18;336;18;45;31;12;3.40;1;1;1;77;0;6753112;1295;0
147;18;336;18;45;31;39;3.60;5;2;1;87;0;6753139;611;0
147;18;336;18;45;34;61;3.80;2;1;1;66;0;6753461;1345;0
147;18;336;18;45;36;63;3.60;3;1;1;81;0;6753663;630;0
147;18;336;18;45;37;5;3.40;2;1;1;80;0;6753705;223;0
147;18;336;18;45;38;20;4.00;6;2;1;80;0;6753820;707;0
147;18;336;18;45;39;68;2.80;6;2;1;67;0;6753968;130;0
147;18;336;18;45;40;11;3.80;2;1;1;83;0;6754011;290;0
147;18;336;18;45;41;99;3.80;2;1;1;75;0;6754199;171;0
147;18;336;18;45;41;8;5.00;7;2;1;78;0;6754108;3091;0
147;18;336;18;45;41;99;9.20;6;2;2;70;0;6754199;215;0
147;18;336;18;45;42;3;3.60;2;1;1;73;0;6754203;-1;0
147;18;336;18;45;43;99;4.00;7;2;1;84;0;6754399;267;0
147;18;336;18;45;43;99;3.20;6;2;1;71;0;6754399;152;0
147;18;336;18;45;43;99;4.40;5;2;1;79;0;6754399;1245;0
147;18;336;18;45;44;39;3.40;3;1;1;84;0;6754439;760;0
147;18;336;18;45;45;99;3.80;1;1;1;71;0;6754599;1471;0
147;18;336;18;45;44;82;3.80;7;2;1;19;0;6754482;65;0
147;18;336;18;45;46;5;3.40;6;2;1;73;0;6754605;189;0
147;18;336;18;45;48;99;3.60;6;2;1;74;0;6754899;277;0
147;18;336;18;45;48;99;7.40;2;1;1;83;0;6754899;678;0
147;18;336;18;45;49;60;3.60;7;2;1;74;0;6754960;406;0
147;18;336;18;45;50;99;3.20;6;2;1;76;0;6755099;182;0
147;18;336;18;45;52;19;3.60;3;1;1;79;0;6755219;765;0
147;18;336;18;45;53;99;3.20;2;1;1;81;0;6755399;467;0
147;18;336;18;45;54;52;3.80;2;1;1;77;0;6755452;38;0
147;18;336;18;45;55;98;3.80;7;2;1;76;0;6755598;620;0
147;18;336;18;45;56;10;3.80;4;1;1;81;0;6755610;4958;0
147;18;336;18;45;56;2;3.60;3;1;1;74;0;6755602;366;0
147;18;336;18;45;57;9;3.20;8;2;1;79;0;6755709;2892;0
147;18;336;18;45;57;50;3.60;6;2;1;77;0;6755750;635;0
147;18;336;18;45;57;91;3.60;4;1;1;82;0;6755791;164;0
147;18;336;18;45;58;99;3.40;4;1;1;82;0;6755899;92;0
147;18;336;18;45;58;99;3.80;3;1;1;72;0;6755899;279;0
147;18;336;18;46;1;13;5.60;3;1;1;78;0;6756113;195;0
147;18;336;18;46;3;1;3.20;6;2;1;74;0;6756301;534;0
147;18;336;18;46;4;21;3.20;3;1;1;78;0;6756421;282;0
147;18;336;18;46;4;36;4.00;7;2;1;77;0;6756436;820;0
147;18;336;18;46;6;99;3.40;7;2;1;78;0;6756699;244;0
147;18;336;18;46;8;8;3.00;3;1;1;76;0;6756808;372;0
147;18;336;18;46;8;23;3.60;6;2;1;80;0;6756823;506;0
147;18;336;18;46;8;99;3.60;4;1;1;81;0;6756899;985;0
147;18;336;18;46;9;99;3.40;2;1;1;76;0;6756999;1529;0
147;18;336;18;46;10;99;3.00;3;1;1;83;0;6757099;276;0
147;18;336;18;46;11;2;3.00;2;1;1;73;0;6757102;86;0
147;18;336;18;46;11;99;3.20;1;1;1;72;0;6757199;2580;0
147;18;336;18;46;12;74;3.60;2;1;1;76;0;6757274;157;0
147;18;336;18;46;12;80;3.40;6;2;1;70;0;6757280;440;0
147;18;336;18;46;13;99;3.20;2;1;1;78;0;6757399;107;0
147;18;336;18;46;15;60;3.00;2;1;1;76;0;6757560;146;6756999
147;18;336;18;46;15;78;3.80;6;2;1;78;0;6757578;280;0
147;18;336;18;46;17;9;4.00;3;1;1;77;0;6757709;596;0
147;18;336;18;46;18;99;3.20;2;1;1;73;0;6757899;324;0
147;18;336;18;46;19;7;3.60;6;2;1;77;0;6757907;311;0
147;18;336;18;46;19;99;3.20;3;1;1;77;0;6757999;271;0
147;18;336;18;46;19;99;3.60;5;2;1;80;0;6757999;3579;0
147;18;336;18;46;20;4;3.40;7;2;1;73;0;6758004;1289;0
147;18;336;18;46;20;12;3.80;3;1;1;75;0;6758012;-1;0
147;18;336;18;46;21;99;3.40;1;1;1;70;0;6758199;984;0
147;18;336;18;46;24;99;3.40;3;1;1;74;0;6758499;468;0
147;18;336;18;46;25;12;3.60;6;2;1;74;0;6758512;588;0
147;18;336;18;46;25;21;3.60;7;2;1;84;0;6758521;500;0
147;18;336;18;46;25;69;3.40;2;1;1;69;0;6758569;654;0
147;18;336;18;46;26;1;4.20;7;2;1;85;0;6758601;64;0
147;18;336;18;46;26;99;3.60;7;2;1;83;0;6758699;80;0
147;18;336;18;46;26;99;3.80;2;1;1;69;0;6758699;112;0
147;18;336;18;46;27;16;3.40;6;2;1;68;0;6758716;186;0
147;18;336;18;46;28;69;3.40;4;1;1;75;0;6758869;1954;0
147;18;336;18;46;28;93;3.60;2;1;1;67;0;6758893;174;0
147;18;336;18;46;29;99;3.20;4;1;1;74;0;6758999;113;0
147;18;336;18;46;29;99;3.60;2;1;1;72;0;6758999;86;0
147;18;336;18;46;30;12;3.60;3;1;1;69;0;6759012;496;0
147;18;336;18;46;30;18;3.60;6;2;1;70;0;6759018;284;0
147;18;336;18;46;31;2;3.60;4;1;1;71;0;6759102;87;0
147;18;336;18;46;31;99;3.60;5;2;1;82;0;6759199;1183;0
147;18;336;18;46;31;99;3.20;6;2;1;67;0;6759199;162;0
147;18;336;18;46;32;99;3.40;4;1;1;72;0;6759299;178;0
147;18;336;18;46;33;82;2.80;2;1;1;63;0;6759382;365;0
147;18;336;18;46;33;99;3.40;3;1;1;76;0;6759399;368;0
147;18;336;18;46;34;99;3.40;4;1;1;73;0;6759499;183;6758869
147;18;336;18;46;35;3;3.80;2;1;1;67;0;6759503;105;6758869
147;18;336;18;46;35;7;3.80;6;2;1;71;0;6759507;290;0
147;18;336;18;46;36;7;3.60;5;2;1;76;0;6759607;392;0
147;18;336;18;46;37;99;3.60;7;2;1;80;0;6759799;1084;0
147;18;336;18;46;37;99;3.40;6;2;1;70;0;6759799;272;0
147;18;336;18;46;38;99;3.40;3;1;1;71;0;6759899;483;0
147;18;336;18;46;39;6;4.00;6;2;1;69;0;6759906;89;0
147;18;336;18;46;39;6;3.00;8;2;1;63;0;6759906;4182;0
147;18;336;18;46;39;99;4.00;2;1;1;80;0;6759999;475;0
147;18;336;18;46;39;99;3.80;5;2;1;78;0;6759999;374;0
147;18;336;18;46;39;99;3.60;4;1;1;80;0;6759999;483;0
147;18;336;18;46;41;3;3.80;2;1;1;72;0;6760103;86;0
147;18;336;18;46;41;93;5.00;5;2;1;73;0;6760193;176;0
147;18;336;18;46;41;99;3.60;7;2;1;72;0;6760199;383;0
147;18;336;18;46;41;99;3.00;6;2;1;66;0;6760199;272;0
147;18;336;18;46;42;22;3.40;5;2;1;75;0;6760222;4;0
147;18;336;18;46;42;99;3.20;7;2;1;73;0;6760299;82;0
147;18;336;18;46;42;3;3.60;1;1;1;86;0;6760203;1986;0
147;18;336;18;46;42;5;3.80;2;1;1;66;0;6760205;83;0
147;18;336;18;46;43;39;3.20;6;2;1;66;0;6760339;123;0
147;18;336;18;46;43;45;3.60;3;1;1;74;0;6760345;428;0
147;18;336;18;46;43;60;3.60;5;2;1;70;0;6760360;121;0
147;18;336;18;46;43;73;3.20;7;2;1;72;0;6760373;58;0
147;18;336;18;46;44;99;4.00;5;2;1;72;0;6760499;120;6759999
147;18;336;18;46;44;99;3.60;7;2;1;71;0;6760499;110;6759999
147;18;336;18;46;44;99;3.40;1;1;1;72;0;6760499;280;0
147;18;336;18;46;45;7;3.20;5;2;1;69;0;6760507;-1;6759999
147;18;336;18;46;45;32;3.80;1;1;1;69;0;6760532;16;6759999
147;18;336;18;46;45;33;3.80;6;2;1;70;0;6760533;176;6759999
147;18;336;18;46;46;14;3.00;3;1;1;72;0;6760614;251;0
147;18;336;18;46;46;99;3.80;7;2;1;78;0;6760699;181;6760199
147;18;336;18;46;46;99;3.20;5;2;1;72;0;6760699;175;6759999
147;18;336;18;46;47;0;4.40;2;1;1;70;0;6760700;474;0
147;18;336;18;46;47;99;3.00;6;2;1;70;0;6760799;246;0
147;18;336;18;46;47;99;4.00;5;2;1;66;0;6760799;84;6759999
147;18;336;18;46;48;49;3.00;2;1;1;71;0;6760849;126;6759999
147;18;336;18;46;48;60;3.60;5;2;1;66;0;6760860;39;6759999
147;18;336;18;46;49;99;5.60;3;1;1;70;0;6760999;370;0
147;18;336;18;46;49;99;3.80;5;2;1;69;0;6760999;119;6759999
147;18;336;18;46;50;99;3.40;6;2;1;72;0;6761099;284;0
147;18;336;18;46;50;17;3.60;4;1;1;78;0;6761017;1001;0
147;18;336;18;46;51;5;3.60;2;1;1;68;0;6761105;240;0
147;18;336;18;46;51;79;9.20;4;1;2;79;0;6761179;145;0
147;18;336;18;46;51;99;4.00;3;1;1;68;0;6761199;171;0
147;18;336;18;46;52;99;3.00;2;1;1;68;0;6761299;174;0
147;18;336;18;46;53;0;5.00;3;1;1;68;0;6761300;79;0
147;18;336;18;46;53;34;3.60;8;2;1;76;0;6761334;1410;0
147;18;336;18;46;53;37;3.60;6;2;1;72;0;6761337;221;0
147;18;336;18;46;54;99;3.80;1;1;1;79;0;6761499;947;0
147;18;336;18;46;56;6;4.00;7;2;1;87;0;6761606;889;0
147;18;336;18;46;56;62;3.20;3;1;1;82;0;6761662;335;0
147;18;336;18;46;57;99;3.20;6;2;1;79;0;6761799;444;0
147;18;336;18;46;57;99;3.40;1;1;1;76;0;6761799;282;0
147;18;336;18;46;58;26;3.20;5;2;1;86;0;6761826;807;0
147;18;336;18;47;0;11;3.80;5;2;1;84;0;6762011;171;0
147;18;336;18;47;0;99;3.80;6;2;1;74;0;6762099;285;0
147;18;336;18;47;1;2;3.40;3;1;1;79;0;6762102;425;0
147;18;336;18;47;2;3;4.00;3;1;1;80;0;6762203;85;0
147;18;336;18;47;2;15;3.40;6;2;1;74;0;6762215;97;0
147;18;336;18;47;2;99;3.60;4;1;1;81;0;6762299;1078;0
147;18;336;18;47;3;61;3.80;6;2;1;77;0;6762361;129;0
147;18;336;18;47;4;99;3.60;4;1;1;82;0;6762499;184;0
147;18;336;18;47;3;68;5.40;3;1;1;17;0;6762368;147;0
147;18;336;18;47;6;99;3.40;2;1;1;79;0;6762699;1384;0
147;18;336;18;47;8;4;4.20;5;2;1;85;0;6762804;776;0
147;18;336;18;47;9;99;4.00;5;2;1;83;0;6762999;177;0
147;18;336;18;47;13;34;3.20;3;1;1;86;0;6763334;851;0
147;18;336;18;47;15;99;3.20;7;2;1;69;0;6763599;1976;0
147;18;336;18;47;16;41;3.80;7;2;1;69;0;6763641;25;0
147;18;336;18;47;17;10;3.80;1;1;1;102;0;6763710;1894;0
147;18;336;18;47;17;99;3.40;3;1;1;82;0;6763799;451;0
147;18;336;18;47;19;6;4.60;7;2;1;79;0;6763906;245;0
147;18;336;18;47;19;99;3.60;6;2;1;76;0;6763999;1620;0
147;18;336;18;47;20;99;3.80;3;1;1;76;0;6764099;285;0
147;18;336;18;47;21;29;3.40;7;2;1;84;0;6764129;202;0
147;18;336;18;47;21;42;3.20;6;2;1;77;0;6764142;125;0
147;18;336;18;47;22;99;3.20;3;1;1;70;0;6764299;182;0
147;18;336;18;47;23;99;3.60;7;2;1;78;0;6764399;255;0
147;18;336;18;47;23;99;3.60;6;2;1;80;0;6764399;242;0
147;18;336;18;47;24;26;3.00;3;1;1;76;0;6764426;110;0
147;18;336;18;47;24;59;3.40;7;2;1;80;0;6764459;43;0
147;18;336;18;47;24;77;3.80;5;2;1;77;0;6764477;1460;0
147;18;336;18;47;25;13;4.20;7;2;1;75;0;6764513;38;0
147;18;336;18;47;25;99;3.20;6;2;1;79;0;6764599;183;0
147;18;336;18;47;28;99;4.00;7;2;1;80;0;6764899;365;0
147;18;336;18;47;31;99;4.00;3;1;1;84;0;6765199;758;0
147;18;336;18;47;31;21;3.60;6;2;1;82;0;6765121;507;0
147;18;336;18;47;32;99;3.20;6;2;1;81;0;6765299;162;0
147;18;336;18;47;33;99;3.20;3;1;1;80;0;6765399;182;0
147;18;336;18;47;35;99;3.40;3;1;1;84;0;6765599;185;0
147;18;336;18;47;37;89;3.60;6;2;1;78;0;6765789;475;0
147;18;336;18;47;39;42;3.80;6;2;1;80;0;6765942;136;0
147;18;336;18;47;39;66;5.00;7;2;1;78;0;6765966;1049;0
147;18;336;18;47;41;15;4.00;7;2;1;81;0;6766115;125;0
147;18;336;18;47;41;99;3.60;3;1;1;75;0;6766199;585;0
147;18;336;18;47;42;55;3.20;7;2;1;74;0;6766255;122;0
147;18;336;18;47;42;99;3.60;2;1;1;73;0;6766299;3584;0
147;18;336;18;47;43;99;3.40;5;2;1;81;0;6766399;1904;0
147;18;336;18;47;43;99;3.80;3;1;1;78;0;6766399;182;0
147;18;336;18;47;44;21;3.20;1;1;1;77;0;6766421;2697;0
147;18;336;18;47;45;94;3.80;3;1;1;78;0;6766594;177;0
147;18;336;18;47;46;14;3.60;8;2;1;70;0;6766614;5262;0
147;18;336;18;47;46;99;4.00;7;2;1;75;0;6766699;428;0
147;18;336;18;47;47;81;4.60;6;2;1;76;0;6766781;821;0
147;18;336;18;47;47;99;3.60;8;2;1;71;0;6766799;166;0
147;18;336;18;47;49;19;3.20;6;2;1;79;0;6766919;116;0
147;18;336;18;47;49;21;3.80;2;1;1;80;0;6766921;604;0
147;18;336;18;47;51;99;3.60;5;2;1;79;0;6767199;784;0
147;18;336;18;47;52;64;3.20;6;2;1;73;0;6767264;330;0
147;18;336;18;47;53;19;3.80;2;1;1;78;0;6767319;380;0
147;18;336;18;47;53;99;3.00;3;1;1;75;0;6767399;787;0
147;18;336;18;47;53;99;3.40;6;2;1;73;0;6767399;119;0
147;18;336;18;47;54;19;3.80;2;1;1;79;0;6767419;82;0
147;18;336;18;47;55;99;3.40;4;1;1;82;0;6767599;5084;0
147;18;336;18;47;55;99;3.80;2;1;1;76;0;6767599;162;0
147;18;336;18;47;56;99;3.80;4;1;1;82;0;6767699;85;0
147;18;336;18;47;57;0;4.00;7;2;1;67;0;6767700;981;0
147;18;336;18;47;57;74;4.40;6;2;1;64;0;6767774;358;0
147;18;336;18;47;58;99;3.80;7;2;1;72;0;6767899;177;0
147;18;336;18;47;58;99;3.60;5;2;1;78;0;6767899;683;0
147;18;336;18;47;59;10;3.40;7;2;1;64;0;6767910;-1;0
147;18;336;18;47;59;99;4.00;5;2;1;80;0;6767999;83;0
147;18;336;18;47;59;99;3.80;3;1;1;80;0;6767999;585;0
147;18;336;18;48;0;80;4.40;8;2;1;68;0;6768080;1262;0
147;18;336;18;48;1;5;3.40;6;2;1;72;0;6768105;306;0
147;18;336;18;48;1;5;3.80;5;2;1;78;0;6768105;88;0
147;18;336;18;48;0;99;1.40;7;1;1;38;0;6768099;703241;0
147;18;336;18;48;1;99;1.80;7;1;1;41;0;6768199;86;0
147;18;336;18;48;2;9;3.40;5;2;1;81;0;6768209;86;0
147;18;336;18;48;2;16;3.80;3;1;1;80;0;6768216;199;0
147;18;336;18;48;2;30;1.20;7;1;1;35;0;6768230;15;0
147;18;336;18;48;2;74;3.40;6;2;1;69;0;6768274;152;0
147;18;336;18;48;3;99;4.00;4;1;1;85;0;6768399;683;0
147;18;336;18;48;3;99;3.60;5;2;1;81;0;6768399;174;6767899
147;18;336;18;48;3;99;3.00;8;2;1;73;0;6768399;295;0
147;18;336;18;48;4;20;3.20;7;2;1;76;0;6768420;490;0
147;18;336;18;48;4;16;3.20;3;1;1;72;0;6768416;182;0
147;18;336;18;48;5;15;3.60;4;1;1;78;0;6768515;99;0
147;18;336;18;48;5;46;3.60;6;2;1;72;0;6768546;254;0
147;18;336;18;48;6;99;3.60;6;2;1;71;0;6768699;135;0
147;18;336;18;48;6;99;4.20;5;2;1;86;0;6768699;284;0
147;18;336;18;48;7;5;3.80;4;1;1;75;0;6768705;173;0
147;18;336;18;48;8;93;3.60;6;2;1;75;0;6768893;175;0
147;18;336;18;48;8;99;3.80;3;1;1;75;0;6768899;467;0
147;18;336;18;48;9;99;3.40;6;2;1;77;0;6768999;88;0
147;18;336;18;48;9;2;3.00;2;1;1;74;0;6768902;1285;0
147;18;336;18;48;11;99;3.60;5;2;1;79;0;6769199;482;0
147;18;336;18;48;12;3;3.20;6;2;1;76;0;6769203;188;6768546
147;18;336;18;48;12;99;3.80;3;1;1;73;0;6769299;381;0
147;18;336;18;48;14;99;4.00;7;2;1;63;0;6769499;1063;0
147;18;336;18;48;14;99;4.00;5;2;1;84;0;6769499;283;0
147;18;336;18;48;14;99;4.60;4;1;1;81;0;6769499;775;0
147;18;336;18;48;15;6;3.40;6;2;1;76;0;6769506;287;0
147;18;336;18;48;15;4;3.60;2;1;1;73;0;6769504;587;0
147;18;336;18;48;15;31;3.80;7;2;1;85;0;6769531;9;0
147;18;336;18;48;15;41;3.00;3;1;1;76;0;6769541;223;0
147;18;336;18;48;16;25;3.40;4;1;1;79;0;6769625;105;0
147;18;336;18;48;16;99;3.40;1;1;1;73;0;6769699;3263;0
147;18;336;18;48;17;27;3.60;2;1;1;77;0;6769727;205;0
147;18;336;18;48;18;4;5.80;3;1;1;80;0;6769804;248;0
147;18;336;18;48;18;93;3.80;6;2;1;78;0;6769893;370;0
147;18;336;18;48;19;0;3.80;8;2;1;82;0;6769900;1486;0
147;18;336;18;48;20;43;3.80;5;2;1;86;0;6770043;526;0
147;18;336;18;48;21;99;3.80;8;2;1;76;0;6770199;282;0
147;18;336;18;48;20;68;4.00;7;2;1;12;0;6770068;520;0
147;18;336;18;48;24;99;3.00;6;2;1;78;0;6770499;588;0
147;18;336;18;48;27;99;3.40;3;1;1;75;0;6770799;968;0
147;18;336;18;48;24;81;4.00;7;2;1;13;0;6770481;293;0
147;18;336;18;48;28;1;3.60;4;1;1;80;0;6770801;1160;0
147;18;336;18;48;28;4;3.60;2;1;1;73;0;6770804;1060;0
147;18;336;18;48;27;38;1.00;7;2;1;1;1;6770738;146;0
147;18;336;18;48;28;84;3.80;7;2;1;88;0;6770884;292;0
147;18;336;18;48;29;99;3.20;6;2;1;81;0;6770999;486;0
147;18;336;18;48;30;9;3.60;8;2;1;75;0;6771009;792;0
147;18;336;18;48;30;28;3.80;6;2;1;80;0;6771028;14;0
147;18;336;18;48;30;39;3.40;3;1;1;69;0;6771039;223;0
147;18;336;18;48;32;16;3.60;6;2;1;79;0;6771216;170;0
147;18;336;18;48;32;17;3.80;7;2;1;82;0;6771217;317;0
147;18;336;18;48;33;2;3.00;3;1;1;69;0;6771302;245;0
147;18;336;18;48;33;72;3.40;2;1;1;74;0;6771372;550;0
147;18;336;18;48;35;4;3.80;6;2;1;79;0;6771504;271;0
147;18;336;18;48;35;23;3.60;4;1;1;78;0;6771523;705;0
147;18;336;18;48;35;28;3.60;2;1;1;71;0;6771528;139;0
147;18;336;18;48;37;99;3.60;5;2;1;83;0;6771799;1740;0
147;18;336;18;48;37;99;4.80;1;1;1;78;0;6771799;2083;0
147;18;336;18;48;38;69;3.60;4;1;1;81;0;6771869;329;0
147;18;336;18;48;39;99;3.40;3;1;1;73;0;6771999;681;0
147;18;336;18;48;40;3;3.60;4;1;1;78;0;6772003;118;0
147;18;336;18;48;40;22;3.60;6;2;1;80;0;6772022;500;0
147;18;336;18;48;42;5;3.00;2;1;1;76;0;6772205;658;0
147;18;336;18;48;43;52;3.00;3;1;1;68;0;6772352;336;0
147;18;336;18;48;44;99;4.00;3;1;1;61;0;6772499;131;0
147;18;336;18;48;45;99;3.40;3;1;1;62;0;6772599;76;0
147;18;336;18;48;46;66;3.00;2;1;1;63;0;6772666;446;0
147;18;336;18;48;47;99;3.80;7;2;1;84;0;6772799;1565;0
147;18;336;18;48;47;99;5.60;4;1;1;81;0;6772799;779;0
147;18;336;18;48;49;99;3.40;1;1;1;72;0;6772999;1177;0
147;18;336;18;48;49;99;3.40;3;1;1;79;0;6772999;380;0
147;18;336;18;48;49;99;3.40;2;1;1;74;0;6772999;315;0
147;18;336;18;48;50;99;3.60;2;1;1;77;0;6773099;83;0
147;18;336;18;48;51;41;3.60;6;2;1;78;0;6773141;1102;0
147;18;336;18;48;51;76;3.60;1;1;1;75;0;6773176;160;0
147;18;336;18;48;52;0;4.00;5;2;1;79;0;6773200;1385;0
147;18;336;18;48;52;99;3.60;3;1;1;81;0;6773299;284;0
147;18;336;18;48;52;99;3.80;6;2;1;77;0;6773299;141;0
147;18;336;18;48;53;12;4.80;2;1;1;81;0;6773312;196;0
147;18;336;18;48;54;16;3.80;5;2;1;78;0;6773416;197;0
147;18;336;18;48;54;99;3.40;2;1;1;75;0;6773499;165;0
147;18;336;18;48;55;0;3.60;6;2;1;75;0;6773500;183;0
147;18;336;18;48;53;52;4.20;7;2;1;19;0;6773352;536;0
147;18;336;18;48;55;99;4.00;3;1;1;88;0;6773599;284;0
147;18;336;18;48;56;17;3.40;6;2;1;76;0;6773617;99;0
147;18;336;18;48;58;99;3.40;3;1;1;80;0;6773899;283;0
147;18;336;18;48;59;93;3.60;6;2;1;76;0;6773993;359;0
147;18;336;18;49;0;99;3.60;2;1;1;79;0;6774099;583;0
147;18;336;18;49;1;83;3.60;3;1;1;84;0;6774183;268;0
147;18;336;18;49;3;99;3.60;8;2;1;77;0;6774399;3372;0
147;18;336;18;49;3;21;3.40;3;1;1;79;0;6774321;122;0
147;18;336;18;49;5;99;3.60;6;2;1;79;0;6774599;588;0
147;18;336;18;49;6;14;3.20;3;1;1;76;0;6774614;277;0
147;18;336;18;49;7;99;3.80;4;1;1;86;0;6774799;1975;0
147;18;336;18;49;7;99;4.00;6;2;1;81;0;6774799;183;0
147;18;336;18;49;8;99;6.00;2;1;1;67;0;6774899;783;0
147;18;336;18;49;9;14;3.20;5;2;1;83;0;6774914;1480;0
147;18;336;18;49;9;57;3.80;6;2;1;70;0;6774957;140;0
147;18;336;18;49;9;84;3.40;2;1;1;64;0;6774984;52;0
147;18;336;18;49;9;99;3.60;1;1;1;69;0;6774999;1805;0
147;18;336;18;49;10;99;3.20;8;2;1;75;0;6775099;683;0
147;18;336;18;49;10;99;3.80;4;1;1;85;0;6775099;284;0
147;18;336;18;49;11;12;3.60;2;1;1;67;0;6775112;108;0
147;18;336;18;49;11;23;3.20;1;1;1;73;0;6775123;105;0
147;18;336;18;49;12;27;3.60;6;2;1;83;0;6775227;250;0
147;18;336;18;49;13;99;3.60;6;2;1;83;0;6775399;156;0
147;18;336;18;49;14;69;3.40;3;1;1;81;0;6775469;839;0
147;18;336;18;49;15;99;3.80;2;1;1;65;0;6775599;467;0
147;18;336;18;49;16;36;4.00;6;2;1;78;0;6775636;221;0
147;18;336;18;49;16;50;3.40;3;1;1;75;0;6775650;165;0
147;18;336;18;49;16;40;3.40;7;2;1;84;0;6775640;2208;0
147;18;336;18;49;17;8;3.60;8;2;1;75;0;6775708;593;0
147;18;336;18;49;18;16;3.60;4;1;1;79;0;6775816;700;0
147;18;336;18;49;18;99;3.40;1;1;1;73;0;6775899;760;0
147;18;336;18;49;18;99;3.20;8;2;1;75;0;6775899;173;0
147;18;336;18;49;18;99;3.00;6;2;1;80;0;6775899;244;0
147;18;336;18;49;19;29;3.60;4;1;1;81;0;6775929;96;0
147;18;336;18;49;19;64;3.20;5;2;1;81;0;6775964;1036;0
147;18;336;18;49;21;6;3.80;6;2;1;77;0;6776106;193;0
147;18;336;18;49;21;99;3.80;4;1;1;77;0;6776199;254;0
147;18;336;18;49;21;0;3.60;3;1;1;72;0;6776100;433;0
147;18;336;18;49;22;71;3.80;6;2;1;75;0;6776271;147;0
147;18;336;18;49;22;99;3.20;4;1;1;79;0;6776299;82;0
147;18;336;18;49;22;99;3.40;7;2;1;86;0;6776299;644;0
147;18;336;18;49;23;16;3.60;3;1;1;72;0;6776316;198;0
147;18;336;18;49;23;99;3.80;7;2;1;79;0;6776399;85;0
147;18;336;18;49;24;12;3.40;2;1;1;76;0;6776412;791;0
147;18;336;18;49;25;6;4.40;7;2;1;82;0;6776506;89;0
147;18;336;18;49;25;99;3.60;4;1;1;76;0;6776599;285;0
147;18;336;18;49;27;45;3.80;8;2;1;68;0;6776745;830;0
147;18;336;18;49;27;90;4.00;7;2;1;83;0;6776790;264;0
147;18;336;18;49;27;96;3.40;4;1;1;71;0;6776796;179;0
147;18;336;18;49;27;55;18.00;2;1;4;73;0;6776755;326;0
147;18;336;18;49;28;99;3.80;3;1;1;68;0;6776899;565;0
147;18;336;18;49;28;99;3.60;6;2;1;69;0;6776899;609;0
147;18;336;18;49;28;99;3.00;2;1;1;69;0;6776899;55;0
147;18;336;18;49;30;99;3.60;6;2;1;69;0;6777099;181;0
147;18;336;18;49;30;77;7.80;7;2;1;67;0;6777077;269;0
147;18;336;18;49;30;99;3.40;2;1;1;65;0;6777099;184;0
147;18;336;18;49;30;99;3.60;5;2;1;83;0;6777099;1120;0
147;18;336;18;49;32;8;3.40;3;1;1;72;0;6777208;288;0
147;18;336;18;49;32;73;3.60;5;2;1;80;0;6777273;158;0
147;18;336;18;49;33;99;3.40;6;2;1;73;0;6777399;281;0
147;18;336;18;49;33;99;3.80;2;1;1;66;0;6777399;281;0
147;18;336;18;49;33;99;4.60;7;2;1;79;0;6777399;280;0
147;18;336;18;49;35;99;3.60;1;1;1;72;0;6777599;1683;0
147;18;336;18;49;34;72;24.40;6;2;5;71;0;6777472;56;0
147;18;336;18;49;36;99;4.00;3;1;1;79;0;6777699;474;0
147;18;336;18;49;37;66;3.40;4;1;1;78;0;6777766;952;0
147;18;336;18;49;38;99;4.40;7;2;1;71;0;6777899;479;0
147;18;336;18;49;38;99;3.60;2;1;1;71;0;6777899;479;0
147;18;336;18;49;40;13;3.40;2;1;1;71;0;6778013;95;0
147;18;336;18;49;40;10;4.20;7;2;1;66;0;6778010;88;0
147;18;336;18;49;41;99;5.60;6;2;1;69;0;6778199;603;0
147;18;336;18;49;42;56;3.40;5;2;1;80;0;6778256;966;0
147;18;336;18;49;43;99;3.00;3;1;1;74;0;6778399;681;0
147;18;336;18;49;45;1;3.60;6;2;1;82;0;6778501;272;0
147;18;336;18;49;44;32;3.80;3;1;1;72;0;6778432;18;0
147;18;336;18;49;45;99;5.20;5;2;1;84;0;6778599;327;0
147;18;336;18;49;45;99;4.00;4;1;1;81;0;6778599;817;0
147;18;336;18;49;45;99;3.80;3;1;1;73;0;6778599;148;0
147;18;336;18;49;47;10;5.40;4;1;1;79;0;6778710;93;0
147;18;336;18;49;47;20;3.00;3;1;1;75;0;6778720;102;0
147;18;336;18;49;47;78;3.80;4;1;1;77;0;6778778;43;0
147;18;336;18;49;48;99;3.40;7;2;1;69;0;6778899;866;0
147;18;336;18;49;49;99;4.60;6;2;1;80;0;6778999;482;0
147;18;336;18;49;49;99;3.60;3;1;1;79;0;6778999;264;0
147;18;336;18;49;49;99;3.80;1;1;1;81;0;6778999;1382;0
147;18;336;18;49;49;19;3.00;7;2;1;70;0;6778919;2;0
147;18;336;18;49;50;10;3.00;6;2;1;81;0;6779010;-1;0
147;18;336;18;49;51;99;3.60;6;2;1;72;0;6779199;175;0
147;18;336;18;49;52;23;4.80;7;2;1;75;0;6779223;288;0
147;18;336;18;49;53;18;3.80;3;1;1;79;0;6779318;302;0
147;18;336;18;49;53;2;9.00;5;2;2;88;0;6779302;680;0
147;18;336;18;49;54;99;3.60;8;2;1;78;0;6779499;2733;0
147;18;336;18;49;55;70;5.80;3;1;1;80;0;6779570;234;0
147;18;336;18;49;55;93;3.80;6;2;1;76;0;6779593;376;0
147;18;336;18;49;59;99;4.00;3;1;1;76;0;6779999;402;0
147;18;336;18;50;0;65;3.20;6;2;1;86;0;6780065;454;0
147;18;336;18;50;1;23;4.00;4;1;1;84;0;6780123;1327;0
147;18;336;18;50;1;99;3.80;3;1;1;76;0;6780199;181;0
147;18;336;18;50;2;1;3.20;6;2;1;69;0;6780201;122;0
147;18;336;18;50;2;44;3.40;5;2;1;83;0;6780244;905;0
147;18;336;18;50;3;99;3.80;3;1;1;80;0;6780399;182;0
147;18;336;18;50;4;4;3.40;2;1;1;69;0;6780404;2373;0
147;18;336;18;50;4;99;3.40;6;2;1;70;0;6780499;281;0
147;18;336;18;50;5;22;3.60;3;1;1;80;0;6780522;105;0
147;18;336;18;50;5;37;3.60;2;1;1;66;0;6780537;115;0
147;18;336;18;50;5;90;3.60;6;2;1;74;0;6780590;73;0
147;18;336;18;50;7;17;3.40;6;2;1;75;0;6780717;109;0
147;18;336;18;50;8;76;4.00;3;1;1;81;0;6780876;337;0
147;18;336;18;50;9;99;3.20;7;2;1;75;0;6780999;1752;0
147;18;336;18;50;10;36;3.40;6;2;1;74;0;6781036;302;0
147;18;336;18;50;10;74;7.20;3;1;1;83;0;6781074;180;0
147;18;336;18;50;11;99;3.80;7;2;1;79;0;6781199;184;0
147;18;336;18;50;12;10;3.60;3;1;1;80;0;6781210;104;0
147;18;336;18;50;13;24;3.80;5;2;1;83;0;6781324;1065;0
147;18;336;18;50;13;54;3.20;6;2;1;73;0;6781354;301;0
147;18;336;18;50;14;99;3.60;5;2;1;79;0;6781499;158;0
147;18;336;18;50;14;99;3.20;2;1;1;77;0;6781499;942;0
147;18;336;18;50;15;24;3.40;5;2;1;82;0;6781524;8;0
147;18;336;18;50;16;1;3.60;3;1;1;88;0;6781601;374;0
147;18;336;18;50;18;64;3.80;4;1;1;86;0;6781864;1723;0
147;18;336;18;50;19;99;3.60;8;2;1;84;0;6781999;2483;0
147;18;336;18;50;20;52;3.60;6;2;1;73;0;6782052;682;0
147;18;336;18;50;23;16;3.60;4;1;1;81;0;6782316;436;0
147;18;336;18;50;23;37;3.60;1;1;1;77;0;6782337;3321;0
147;18;336;18;50;24;99;3.60;4;1;1;79;0;6782499;167;0
147;18;336;18;50;25;99;4.00;3;1;1;76;0;6782599;983;0
147;18;336;18;50;25;32;6.00;2;1;1;90;0;6782532;1018;0
147;18;336;18;50;25;39;3.60;6;2;1;72;0;6782539;469;0
147;18;336;18;50;26;99;3.40;3;1;1;74;0;6782699;81;0
147;18;336;18;50;27;18;3.60;8;2;1;82;0;6782718;703;0
147;18;336;18;50;27;17;3.40;6;2;1;74;0;6782717;160;0
147;18;336;18;50;27;99;3.60;5;2;1;83;0;6782799;1260;0
147;18;336;18;50;28;60;3.60;6;2;1;77;0;6782860;126;0
147;18;336;18;50;28;67;4.00;2;1;1;74;0;6782867;311;0
147;18;336;18;50;29;99;3.60;3;1;1;81;0;6782999;283;0
147;18;336;18;50;30;99;3.80;2;1;1;72;0;6783099;212;0
147;18;336;18;50;30;23;3.00;6;2;1;73;0;6783023;146;0
147;18;336;18;50;32;1;3.20;6;2;1;70;0;6783201;163;6782539
147;18;336;18;50;32;12;3.60;5;2;1;73;0;6783212;397;0
147;18;336;18;50;32;99;3.80;7;2;1;79;0;6783299;2082;0
147;18;336;18;50;33;22;3.20;1;1;1;73;0;6783322;968;0
147;18;336;18;50;33;20;3.80;2;1;1;78;0;6783320;202;0
147;18;336;18;50;33;65;3.40;5;2;1;80;0;6783365;135;0
147;18;336;18;50;35;99;3.40;5;2;1;85;0;6783599;218;0
147;18;336;18;50;35;99;3.40;2;1;1;88;0;6783599;261;0
147;18;336;18;50;37;99;3.60;8;2;1;73;0;6783799;1065;0
147;18;336;18;50;39;88;5.80;6;2;1;76;0;6783988;770;0
147;18;336;18;50;40;99;3.60;6;2;1;73;0;6784099;83;0
147;18;336;18;50;41;2;3.60;8;2;1;74;0;6784102;285;0
147;18;336;18;50;42;99;3.60;3;1;1;84;0;6784299;1284;0
147;18;336;18;50;42;99;3.60;5;2;1;77;0;6784299;685;0
147;18;336;18;50;42;99;3.60;8;2;1;83;0;6784299;179;0
147;18;336;18;50;43;12;3.80;2;1;1;82;0;6784312;699;0
147;18;336;18;50;43;23;3.60;6;2;1;74;0;6784323;206;0
147;18;336;18;50;44;99;3.60;5;2;1;80;0;6784499;183;0
147;18;336;18;50;44;99;3.80;3;1;1;81;0;6784499;184;0
147;18;336;18;50;46;30;3.00;6;2;1;75;0;6784630;289;0
147;18;336;18;50;47;99;3.60;3;1;1;74;0;6784799;283;0
147;18;336;18;50;47;99;3.20;6;2;1;78;0;6784799;154;0
147;18;336;18;50;49;19;3.60;6;2;1;77;0;6784919;105;0
147;18;336;18;50;49;99;3.40;3;1;1;82;0;6784999;182;0
147;18;336;18;50;51;9;3.00;3;1;1;75;0;6785109;95;0
147;18;336;18;50;51;99;6.00;7;2;1;75;0;6785199;1882;0
147;18;336;18;50;51;57;3.60;2;1;1;79;0;6785157;828;0
147;18;336;18;50;51;74;3.80;5;2;1;80;0;6785174;658;0
147;18;336;18;50;53;5;4.00;6;2;1;88;0;6785305;369;0
147;18;336;18;50;54;0;3.00;6;2;1;74;0;6785400;78;0
147;18;336;18;50;54;99;4.00;7;2;1;76;0;6785499;271;0
147;18;336;18;50;56;7;3.80;5;2;1;89;0;6785607;415;0
147;18;336;18;50;56;15;3.80;6;2;1;79;0;6785615;200;0
147;18;336;18;50;57;97;3.80;6;2;1;75;0;6785797;164;0
147;18;336;18;50;58;10;4.20;4;1;1;86;0;6785810;3294;0
147;18;336;18;50;58;99;3.80;6;2;1;82;0;6785899;83;0
147;18;336;18;50;59;0;5.80;2;1;1;74;0;6785900;726;0
147;18;336;18;50;59;99;4.00;5;2;1;77;0;6785999;376;0
147;18;336;18;51;0;99;3.60;3;1;1;79;0;6786099;975;0
147;18;336;18;51;1;17;3.60;8;2;1;73;0;6786117;1802;0
147;18;336;18;51;1;39;4.00;5;2;1;83;0;6786139;121;0
147;18;336;18;51;2;98;3.80;6;2;1;84;0;6786298;382;0
147;18;336;18;51;2;99;4.20;3;1;1;79;0;6786299;183;0
147;18;336;18;51;3;99;4.00;2;1;1;73;0;6786399;470;0
147;18;336;18;51;3;99;4.20;4;1;1;79;0;6786399;571;0
147;18;336;18;51;4;89;3.60;7;2;1;83;0;6786489;971;0
147;18;336;18;51;4;94;4.00;4;1;1;79;0;6786494;75;0
147;18;336;18;51;4;97;4.80;2;1;1;80;0;6786497;78;0
147;18;336;18;51;6;3;3.40;6;2;1;80;0;6786603;288;0
147;18;336;18;51;12;99;4.00;5;2;1;78;0;6787299;1142;0
147;18;336;18;51;13;99;4.00;6;2;1;73;0;6787399;780;0
147;18;336;18;51;13;99;3.60;3;1;1;76;0;6787399;1080;0
147;18;336;18;51;13;99;3.60;4;1;1;84;0;6787399;886;0
147;18;336;18;51;14;39;3.40;5;2;1;81;0;6787439;121;0
147;18;336;18;51;15;15;3.60;6;2;1;74;0;6787515;96;0
147;18;336;18;51;16;5;3.60;5;2;1;76;0;6787605;150;0
147;18;336;18;51;16;11;3.40;3;1;1;76;0;6787611;194;0
147;18;336;18;51;17;51;3.80;6;2;1;80;0;6787751;218;0
147;18;336;18;51;17;79;2.80;2;1;1;67;0;6787779;1260;0
147;18;336;18;51;18;99;3.80;5;2;1;82;0;6787899;276;0
147;18;336;18;51;19;3;3.00;6;2;1;77;0;6787903;134;0
147;18;336;18;51;20;3;3.20;4;1;1;80;0;6788003;588;0
147;18;336;18;51;20;5;3.40;2;1;1;68;0;6788005;210;0
147;18;336;18;51;20;20;3.20;3;1;1;77;0;6788020;392;0
147;18;336;18;51;20;99;3.40;6;2;1;75;0;6788099;181;0
147;18;336;18;51;21;99;3.40;2;1;1;76;0;6788199;176;0
147;18;336;18;51;22;6;3.80;2;1;1;70;0;6788206;-1;0
147;18;336;18;51;22;41;3.60;3;1;1;81;0;6788241;206;0
147;18;336;18;51;23;9;3.80;4;1;1;80;0;6788309;291;0
147;18;336;18;51;23;99;3.40;6;2;1;74;0;6788399;283;0
147;18;336;18;51;26;99;3.60;2;1;1;79;0;6788699;473;0
147;18;336;18;51;26;99;3.60;6;2;1;80;0;6788699;283;0
147;18;336;18;51;28;20;4.20;3;1;1;79;0;6788820;563;0
147;18;336;18;51;30;99;3.60;4;1;1;83;0;6789099;772;0
147;18;336;18;51;30;99;3.60;6;2;1;73;0;6789099;383;0
147;18;336;18;51;31;99;3.20;3;1;1;78;0;6789199;359;0
147;18;336;18;51;32;18;3.80;4;1;1;82;0;6789218;103;0
147;18;336;18;51;32;13;3.40;6;2;1;72;0;6789213;96;0
147;18;336;18;51;32;74;3.80;5;2;1;81;0;6789274;1358;0
147;18;336;18;51;33;16;3.80;6;2;1;71;0;6789316;86;0
147;18;336;18;51;33;99;3.60;3;1;1;81;0;6789399;185;0
147;18;336;18;51;33;99;4.00;7;2;1;75;0;6789399;2894;0
147;18;336;18;51;35;99;4.00;4;1;1;80;0;6789599;364;0
147;18;336;18;51;37;4;3.60;5;2;1;82;0;6789704;413;0
147;18;336;18;51;37;20;3.60;6;2;1;76;0;6789720;384;0
147;18;336;18;51;38;15;3.40;7;2;1;81;0;6789815;396;0
147;18;336;18;51;38;16;5.00;5;2;1;84;0;6789816;96;0
147;18;336;18;51;38;99;3.80;6;2;1;79;0;6789899;161;0
147;18;336;18;51;39;0;3.00;2;1;1;81;0;6789900;1184;0
147;18;336;18;51;39;99;3.80;5;2;1;84;0;6789999;161;0
147;18;336;18;51;40;17;3.60;7;2;1;79;0;6790017;186;0
147;18;336;18;51;40;24;3.60;2;1;1;83;0;6790024;110;0
147;18;336;18;51;40;77;3.40;5;2;1;83;0;6790077;61;0
147;18;336;18;51;41;27;3.60;5;2;1;83;0;6790127;35;6789704
147;18;336;18;51;41;25;3.60;7;2;1;79;0;6790125;91;6789704
147;18;336;18;51;41;99;3.60;6;2;1;79;0;6790199;282;0
147;18;336;18;51;42;11;3.40;1;1;1;79;0;6790211;6873;0
147;18;336;18;51;42;16;3.60;5;2;1;81;0;6790216;73;6789704
147;18;336;18;51;42;63;3.40;6;2;1;79;0;6790263;47;6789704
147;18;336;18;51;43;99;3.60;2;1;1;83;0;6790399;359;0
147;18;336;18;51;44;13;3.80;5;2;1;80;0;6790413;181;6789704
147;18;336;18;51;44;99;3.80;3;1;1;80;0;6790499;1084;0
147;18;336;18;51;44;99;3.60;2;1;1;83;0;6790499;84;0
147;18;336;18;51;45;26;3.80;4;1;1;82;0;6790526;909;0
147;18;336;18;51;45;60;3.60;5;2;1;83;0;6790560;129;6789704
147;18;336;18;51;46;2;3.00;6;2;1;76;0;6790602;323;0
147;18;336;18;51;46;99;3.60;2;1;1;85;0;6790699;184;0
147;18;336;18;51;46;99;3.60;4;1;1;81;0;6790699;156;0
147;18;336;18;51;48;5;3.40;6;2;1;73;0;6790805;188;0
147;18;336;18;51;48;11;3.60;3;1;1;71;0;6790811;294;0
147;18;336;18;51;48;99;3.60;4;1;1;85;0;6790899;184;0
147;18;336;18;51;50;2;4.00;7;2;1;82;0;6791002;860;0
147;18;336;18;51;50;17;3.80;3;1;1;70;0;6791017;187;0
147;18;336;18;51;51;99;3.80;7;2;1;82;0;6791199;179;0
147;18;336;18;51;52;4;3.60;6;2;1;79;0;6791204;382;0
147;18;336;18;51;52;13;3.40;3;1;1;76;0;6791213;176;0
147;18;336;18;51;53;99;3.20;3;1;1;81;0;6791399;169;0
147;18;336;18;51;53;99;4.20;4;1;1;89;0;6791399;484;0
147;18;336;18;51;54;13;4.80;6;2;1;81;0;6791413;192;0
147;18;336;18;51;54;99;7.40;7;2;6;79;0;6791499;283;0
147;18;336;18;51;55;30;5.80;3;1;1;77;0;6791530;116;6790811
147;18;336;18;51;55;67;5.80;7;2;1;78;0;6791567;34;6790811
147;18;336;18;51;56;99;3.40;2;1;1;81;0;6791699;984;0
147;18;336;18;51;56;99;3.60;4;1;1;78;0;6791699;283;0
147;18;336;18;51;56;99;4.40;6;2;1;83;0;6791699;264;0
147;18;336;18;51;57;17;4.00;5;2;1;81;0;6791717;1141;0
147;18;336;18;51;57;99;4.40;2;1;1;80;0;6791799;84;0
147;18;336;18;51;57;99;4.00;4;1;1;80;0;6791799;83;0
147;18;336;18;51;58;59;3.20;2;1;1;80;0;6791859;40;0
147;18;336;18;51;58;99;3.60;8;2;1;79;0;6791899;5764;0
147;18;336;18;51;59;15;3.20;6;2;1;75;0;6791915;196;0
147;18;336;18;51;59;99;3.60;5;2;1;82;0;6791999;264;0
147;18;336;18;52;1;93;4.40;6;2;1;78;0;6792193;262;0
147;18;336;18;52;2;12;3.20;3;1;1;81;0;6792212;654;0
147;18;336;18;52;2;99;3.60;6;2;1;79;0;6792299;85;0
147;18;336;18;52;2;99;3.80;7;2;1;80;0;6792299;705;0
147;18;336;18;52;4;99;3.80;3;1;1;80;0;6792499;272;0
147;18;336;18;52;5;6;4.00;6;2;1;81;0;6792506;190;0
147;18;336;18;52;6;99;4.00;6;2;1;76;0;6792699;175;0
147;18;336;18;52;6;99;3.60;7;2;1;88;0;6792699;382;0
147;18;336;18;52;7;99;3.40;7;2;1;81;0;6792799;85;0
147;18;336;18;52;7;99;4.60;8;2;1;86;0;6792799;883;0
147;18;336;18;52;8;56;3.60;5;2;1;83;0;6792856;841;0
147;18;336;18;52;9;99;3.80;7;2;1;80;0;6792999;184;0
147;18;336;18;52;10;99;3.40;6;2;1;76;0;6793099;381;0
147;18;336;18;52;10;16;3.60;5;2;1;85;0;6793016;144;0
147;18;336;18;52;11;99;4.60;2;1;1;95;0;6793199;1325;0
147;18;336;18;52;12;16;3.80;6;2;1;79;0;6793216;100;0
147;18;336;18;52;12;99;4.00;5;2;1;81;0;6793299;267;0
147;18;336;18;52;13;82;3.60;1;1;1;78;0;6793382;3155;0
147;18;336;18;52;14;6;4.00;5;2;1;83;0;6793406;89;0
147;18;336;18;52;14;99;3.80;8;2;1;76;0;6793499;680;0
147;18;336;18;52;15;6;3.80;2;1;1;71;0;6793506;289;0
147;18;336;18;52;16;99;3.80;6;2;1;84;0;6793699;465;0
147;18;336;18;52;16;85;12.20;2;1;3;71;0;6793685;159;0
147;18;336;18;52;18;30;3.60;5;2;1;87;0;6793830;406;0
147;18;336;18;52;17;99;3.20;3;1;1;75;0;6793799;1282;0
147;18;336;18;52;17;99;3.00;1;1;1;74;0;6793799;400;0
147;18;336;18;52;17;99;3.80;6;2;1;84;0;6793799;83;0
147;18;336;18;52;19;3;3.40;3;1;1;78;0;6793903;88;0
147;18;336;18;52;19;99;3.60;6;2;1;78;0;6793999;183;0
147;18;336;18;52;20;99;3.80;6;2;1;77;0;6794099;83;0
147;18;336;18;52;20;99;3.80;5;2;1;83;0;6794099;254;0
147;18;336;18;52;21;3;4.00;3;1;1;75;0;6794103;184;0
147;18;336;18;52;21;95;3.60;6;2;1;76;0;6794195;78;6793699
147;18;336;18;52;22;11;3.40;3;1;1;70;0;6794211;88;6793699
147;18;336;18;52;23;56;3.20;6;2;1;81;0;6794356;143;6793699
147;18;336;18;52;25;0;3.40;3;1;1;70;0;6794500;271;0
147;18;336;18;52;25;7;3.80;8;2;1;77;0;6794507;990;0
147;18;336;18;52;26;14;4.00;2;1;1;86;0;6794614;867;0
147;18;336;18;52;29;99;3.80;7;2;1;83;0;6794999;1982;0
147;18;336;18;52;31;22;3.20;6;2;1;79;0;6795122;751;0
147;18;336;18;52;31;63;3.60;5;2;1;87;0;6795163;1047;0
147;18;336;18;52;32;23;3.40;6;2;1;78;0;6795223;86;0
147;18;336;18;52;33;11;3.60;5;2;1;84;0;6795311;133;0
147;18;336;18;52;33;79;16.60;6;2;4;81;0;6795379;140;0
147;18;336;18;52;36;15;3.60;5;2;1;78;0;6795615;288;0
147;18;336;18;52;36;33;3.40;3;1;1;75;0;6795633;1115;0
147;18;336;18;52;36;34;3.60;6;2;1;78;0;6795634;181;0
147;18;336;18;52;37;22;3.80;5;2;1;79;0;6795722;90;0
147;18;336;18;52;37;99;3.80;7;2;1;81;0;6795799;783;0
147;18;336;18;52;40;4;4.20;8;2;1;73;0;6796004;1479;0
147;18;336;18;52;41;26;3.40;7;2;1;70;0;6796126;310;0
147;18;336;18;52;41;49;3.60;5;2;1;79;0;6796149;409;0
147;18;336;18;52;41;67;3.20;3;1;1;78;0;6796167;517;0
147;18;336;18;52;42;99;3.80;5;2;1;80;0;6796299;133;0
147;18;336;18;52;42;99;3.60;4;1;1;80;0;6796299;4482;0
147;18;336;18;52;42;99;3.40;6;2;1;77;0;6796299;648;0
147;18;336;18;52;43;99;3.20;5;2;1;81;0;6796399;82;0
147;18;336;18;52;43;9;3.40;4;1;1;81;0;6796309;-1;0
147;18;336;18;52;43;99;8.20;1;1;6;74;0;6796399;2585;0
147;18;336;18;52;44;4;3.60;3;1;1;79;0;6796404;222;0
147;18;336;18;52;45;24;3.80;5;2;1;81;0;6796524;110;0
147;18;336;18;52;45;99;3.40;2;1;1;73;0;6796599;1968;0
147;18;336;18;52;45;99;3.80;3;1;1;82;0;6796599;178;0
147;18;336;18;52;47;99;3.80;5;2;1;88;0;6796799;258;0
147;18;336;18;52;48;14;3.00;6;2;1;74;0;6796814;499;0
147;18;336;18;52;48;21;3.40;3;1;1;78;0;6796821;205;0
147;18;336;18;52;49;16;3.40;6;2;1;73;0;6796916;87;0
147;18;336;18;52;49;49;4.40;4;1;1;85;0;6796949;624;0
147;18;336;18;52;49;90;3.60;2;1;1;75;0;6796990;374;0
147;18;336;18;52;49;99;3.60;3;1;1;80;0;6796999;162;0
147;18;336;18;52;53;99;3.80;1;1;1;81;0;6797399;960;0
147;18;336;18;52;53;99;3.40;2;1;1;76;0;6797399;391;0
147;18;336;18;52;54;12;3.40;3;1;1;77;0;6797412;396;0
147;18;336;18;52;54;35;3.40;5;2;1;83;0;6797435;620;0
147;18;336;18;52;54;63;3.80;4;1;1;81;0;6797463;495;0
147;18;336;18;52;55;99;3.40;6;2;1;81;0;6797599;666;0
147;18;336;18;52;55;99;3.60;5;2;1;87;0;6797599;149;0
147;18;336;18;52;58;99;3.60;6;2;1;76;0;6797899;284;0
147;18;336;18;52;58;99;3.80;3;1;1;84;0;6797899;471;0
147;18;336;18;53;0;99;3.80;3;1;1;78;0;6798099;183;0
147;18;336;18;53;2;60;3.60;2;1;1;75;0;6798260;844;0
147;18;336;18;53;3;99;3.20;7;2;1;82;0;6798399;2255;0
147;18;336;18;53;6;99;3.40;7;2;1;76;0;6798699;285;0
147;18;336;18;53;6;99;3.80;3;1;1;81;0;6798699;582;0
147;18;336;18;53;9;55;3.60;3;1;1;83;0;6798955;239;0
147;18;336;18;53;10;99;3.80;7;2;1;86;0;6799099;383;0
147;18;336;18;53;11;99;3.40;2;1;1;73;0;6799199;921;0
147;18;336;18;53;12;66;4.80;3;1;1;77;0;6799266;295;0
147;18;336;18;53;12;71;3.40;2;1;1;71;0;6799271;55;0
147;18;336;18;53;13;99;3.20;5;2;1;81;0;6799399;1785;0
147;18;336;18;53;14;99;3.60;3;1;1;77;0;6799499;210;0
147;18;336;18;53;15;99;3.60;3;1;1;75;0;6799599;83;0
147;18;336;18;53;15;99;3.40;7;2;1;77;0;6799599;484;0
147;18;336;18;53;16;99;3.80;2;1;1;82;0;6799699;410;0
147;18;336;18;53;17;7;3.60;6;2;1;81;0;6799707;1790;0
147;18;336;18;53;20;24;3.40;6;2;1;75;0;6800024;301;0
147;18;336;18;53;20;74;3.80;2;1;1;78;0;6800074;358;0
147;18;336;18;53;20;99;4.00;5;2;1;83;0;6800099;685;0
147;18;336;18;53;21;15;4.80;6;2;1;82;0;6800115;74;0
147;18;336;18;53;22;12;3.40;1;1;1;74;0;6800212;2796;0
147;18;336;18;53;21;88;5.20;7;2;1;64;0;6800188;573;0
147;18;336;18;53;23;2;5.40;2;1;1;73;0;6800302;210;0
147;18;336;18;53;24;4;3.40;7;2;1;69;0;6800404;186;0
147;18;336;18;53;24;11;3.60;1;1;1;74;0;6800411;182;0
147;18;336;18;53;24;99;4.20;6;2;1;80;0;6800499;362;0
147;18;336;18;53;25;59;3.60;2;1;1;76;0;6800559;230;0
147;18;336;18;53;25;79;3.00;5;2;1;87;0;6800579;462;0
147;18;336;18;53;24;62;5.20;7;2;1;34;0;6800462;40;0
147;18;336;18;53;26;99;3.00;2;1;1;76;0;6800699;122;0
147;18;336;18;53;27;6;3.40;7;2;1;78;0;6800706;188;0
147;18;336;18;53;28;99;3.60;5;2;1;82;0;6800899;307;0
147;18;336;18;53;28;99;3.80;4;1;1;82;0;6800899;3419;0
147;18;336;18;53;28;99;3.60;2;1;1;79;0;6800899;185;0
147;18;336;18;53;29;99;3.60;3;1;1;79;0;6800999;1382;0
147;18;336;18;53;33;90;3.20;3;1;1;69;0;6801390;374;0
147;18;336;18;53;33;99;3.60;5;2;1;71;0;6801399;484;0
147;18;336;18;53;33;99;3.80;8;2;1;79;0;6801399;5374;0
147;18;336;18;53;33;96;4.40;6;2;1;66;0;6801396;878;0
147;18;336;18;53;34;99;3.80;5;2;1;74;0;6801499;81;0
147;18;336;18;53;32;82;4.20;7;2;1;19;0;6801282;560;0
147;18;336;18;53;35;94;5.40;3;1;1;74;0;6801594;187;0
147;18;336;18;53;36;22;3.80;2;1;1;83;0;6801622;706;0
147;18;336;18;53;36;99;5.60;5;2;1;86;0;6801699;181;0
147;18;336;18;53;38;82;3.80;3;1;1;71;0;6801882;261;0
147;18;336;18;53;35;50;4.00;7;2;1;11;0;6801550;188;0
147;18;336;18;53;39;11;3.20;6;2;1;76;0;6801911;491;0
147;18;336;18;53;39;19;3.80;4;1;1;80;0;6801919;1003;0
147;18;336;18;53;39;99;3.40;5;2;1;76;0;6801999;276;0
147;18;336;18;53;39;99;3.80;3;1;1;71;0;6801999;97;0
147;18;336;18;53;40;9;3.60;4;1;1;81;0;6802009;72;0
147;18;336;18;53;41;14;4.80;6;2;1;78;0;6802114;187;0
147;18;336;18;53;41;99;3.40;3;1;1;77;0;6802199;180;0
147;18;336;18;53;42;29;3.60;3;1;1;71;0;6802229;14;0
147;18;336;18;53;43;78;3.40;2;1;1;89;0;6802378;739;0
147;18;336;18;53;44;14;4.00;8;2;1;76;0;6802414;997;0
147;18;336;18;53;44;99;3.40;6;2;1;72;0;6802499;362;0
147;18;336;18;53;45;15;3.80;3;1;1;69;0;6802515;267;0
147;18;336;18;53;45;72;3.40;3;1;1;71;0;6802572;37;0
147;18;336;18;53;46;99;3.60;2;1;1;73;0;6802699;307;0
147;18;336;18;53;47;99;3.60;3;1;1;74;0;6802799;209;0
147;18;336;18;53;48;63;3.20;2;1;1;72;0;6802863;146;0
147;18;336;18;53;48;99;3.60;5;2;1;78;0;6802899;883;0
147;18;336;18;53;49;9;3.80;3;1;1;80;0;6802909;92;0
147;18;336;18;53;49;99;5.60;7;2;1;82;0;6802999;1318;0
147;18;336;18;53;49;99;3.60;8;2;1;80;0;6802999;566;0
147;18;336;18;53;49;99;4.80;7;2;1;74;0;6802999;-1;0
147;18;336;18;53;50;26;3.40;1;1;1;82;0;6803026;2597;0
147;18;336;18;53;51;99;3.80;1;1;1;82;0;6803199;158;0
147;18;336;18;53;51;99;3.00;6;2;1;66;0;6803199;683;0
147;18;336;18;53;51;99;3.60;5;2;1;75;0;6803199;283;0
147;18;336;18;53;52;99;4.00;3;1;1;77;0;6803299;372;0
147;18;336;18;53;52;99;3.80;5;2;1;73;0;6803299;82;0
147;18;336;18;53;53;5;3.80;1;1;1;79;0;6803305;89;0
147;18;336;18;53;53;58;3.40;5;2;1;73;0;6803358;40;0
147;18;336;18;53;53;20;13.40;8;2;3;76;0;6803320;304;0
147;18;336;18;53;54;13;4.60;6;2;1;73;0;6803413;197;0
147;18;336;18;53;54;7;3.80;2;1;1;73;0;6803407;528;0
147;18;336;18;53;54;99;3.60;4;1;1;82;0;6803499;1474;0
147;18;336;18;53;55;13;3.60;5;2;1;78;0;6803513;138;0
147;18;336;18;53;55;29;3.60;6;2;1;75;0;6803529;93;0
147;18;336;18;53;57;4;3.60;5;2;1;79;0;6803704;174;6803199
147;18;336;18;53;57;99;3.20;6;2;1;71;0;6803799;252;0
147;18;336;18;53;58;5;3.60;3;1;1;72;0;6803805;487;0
147;18;336;18;53;58;18;3.20;2;1;1;73;0;6803818;392;0
147;18;336;18;53;58;53;3.40;4;1;1;76;0;6803853;338;0
147;18;336;18;53;59;99;3.80;4;1;1;76;0;6803999;129;0
147;18;336;18;53;59;99;4.00;7;2;1;77;0;6803999;976;0
147;18;336;18;54;0;13;3.60;3;1;1;74;0;6804013;190;0
147;18;336;18;54;1;0;3.60;5;2;1;84;0;6804100;379;0
147;18;336;18;54;1;99;3.20;2;1;1;79;0;6804199;365;0
147;18;336;18;54;2;0;3.60;5;2;1;83;0;6804200;84;0
147;18;336;18;54;2;99;4.00;3;1;1;73;0;6804299;268;0
147;18;336;18;54;4;15;4.00;3;1;1;75;0;6804415;96;0
147;18;336;18;54;4;21;3.80;5;2;1;84;0;6804421;205;0
147;18;336;18;54;5;11;4.00;7;2;1;84;0;6804511;493;0
147;18;336;18;54;5;21;3.40;6;2;1;76;0;6804521;705;0
147;18;336;18;54;9;99;5.20;7;2;1;87;0;6804999;470;0
147;18;336;18;54;10;99;4.00;2;1;1;80;0;6805099;885;0
147;18;336;18;54;10;99;4.00;6;2;1;73;0;6805099;561;0
147;18;336;18;54;12;4;3.40;3;1;1;86;0;6805204;769;0
147;18;336;18;54;12;99;4.00;6;2;1;77;0;6805299;180;0
147;18;336;18;54;12;99;3.80;5;2;1;78;0;6805299;861;0
147;18;336;18;54;13;20;3.60;4;1;1;82;0;6805320;1303;0
147;18;336;18;54;13;25;3.80;3;1;1;77;0;6805325;106;0
147;18;336;18;54;14;11;3.40;6;2;1;78;0;6805411;93;0
147;18;336;18;54;15;99;3.60;4;1;1;77;0;6805599;263;0
147;18;336;18;54;16;26;3.40;6;2;1;83;0;6805626;199;0
147;18;336;18;54;16;73;3.20;8;2;1;70;0;6805673;2289;0
147;18;336;18;54;16;87;3.60;4;1;1;80;0;6805687;71;0
147;18;336;18;54;16;99;4.40;5;2;1;81;0;6805699;382;0
147;18;336;18;54;18;7;3.60;1;1;1;75;0;6805807;2484;0
147;18;336;18;54;19;12;4.00;4;1;1;77;0;6805912;208;0
147;18;336;18;54;20;99;3.40;7;2;1;75;0;6806099;1078;0
147;18;336;18;54;23;25;3.20;6;2;1;82;0;6806325;684;0
147;18;336;18;54;25;99;3.60;2;1;1;83;0;6806599;1482;0
147;18;336;18;54;26;35;5.80;3;1;1;74;0;6806635;1292;0
147;18;336;18;54;28;0;4.80;3;1;1;76;0;6806800;136;0
147;18;336;18;54;30;99;2.80;6;2;1;74;0;6807099;759;0
147;18;336;18;54;31;20;3.80;4;1;1;86;0;6807120;1189;0
147;18;336;18;54;31;36;4.00;6;2;1;73;0;6807136;23;0
147;18;336;18;54;32;16;3.60;5;2;1;82;0;6807216;1497;0
147;18;336;18;54;32;99;3.20;4;1;1;92;0;6807299;163;0
147;18;336;18;54;33;99;3.40;2;1;1;59;0;6807399;784;0
147;18;336;18;54;33;99;3.60;1;1;1;77;0;6807399;1574;0
147;18;336;18;54;33;99;3.60;6;2;1;73;0;6807399;243;0
147;18;336;18;54;34;99;5.00;3;1;1;71;0;6807499;676;0
147;18;336;18;54;35;99;3.40;2;1;1;65;0;6807599;179;0
147;18;336;18;54;35;99;3.00;6;2;1;70;0;6807599;182;0
147;18;336;18;54;36;10;3.80;3;1;1;68;0;6807610;85;0
147;18;336;18;54;37;95;3.80;6;2;1;79;0;6807795;180;0
147;18;336;18;54;37;99;3.60;3;1;1;78;0;6807799;168;0
147;18;336;18;54;37;86;13.40;7;2;3;71;0;6807786;1670;0
147;18;336;18;54;37;99;3.80;2;1;1;66;0;6807799;181;0
147;18;336;18;54;38;99;3.40;3;1;1;77;0;6807899;83;0
147;18;336;18;54;38;99;3.60;2;1;1;66;0;6807899;79;0
147;18;336;18;54;39;71;3.20;6;2;1;82;0;6807971;158;0
147;18;336;18;54;40;0;3.40;2;1;1;66;0;6808000;81;6807399
147;18;336;18;54;40;23;3.60;5;2;1;84;0;6808023;791;0
147;18;336;18;54;40;21;3.80;1;1;1;81;0;6808021;605;0
147;18;336;18;54;41;11;3.40;6;2;1;78;0;6808111;125;6807399
147;18;336;18;54;42;97;3.80;1;1;1;80;0;6808297;259;0
147;18;336;18;54;43;99;3.20;3;1;1;76;0;6808399;484;0
147;18;336;18;54;43;99;3.60;7;2;1;79;0;6808399;545;0
147;18;336;18;54;43;99;3.80;1;1;1;81;0;6808399;84;0
147;18;336;18;54;44;70;3.20;6;2;1;76;0;6808470;343;0
147;18;336;18;54;45;12;3.20;7;2;1;82;0;6808512;96;0
147;18;336;18;54;45;24;4.00;5;2;1;88;0;6808524;485;0
147;18;336;18;54;45;99;3.60;2;1;1;81;0;6808599;580;0
147;18;336;18;54;48;99;4.00;8;2;1;76;0;6808899;3209;0
147;18;336;18;54;49;6;3.40;6;2;1;82;0;6808906;420;0
147;18;336;18;54;50;20;3.40;7;2;1;81;0;6809020;493;0
147;18;336;18;54;50;20;5.00;6;2;1;82;0;6809020;99;0
147;18;336;18;54;52;16;3.40;7;2;1;80;0;6809216;180;0
147;18;336;18;54;54;7;4.00;7;2;1;76;0;6809407;175;0
147;18;336;18;54;54;16;3.20;6;2;1;68;0;6809416;374;0
147;18;336;18;54;54;25;3.40;1;1;1;60;0;6809425;1009;0
147;18;336;18;54;55;3;3.60;6;2;1;69;0;6809503;70;0
147;18;336;18;54;56;4;3.60;6;2;1;70;0;6809604;82;0
147;18;336;18;54;57;18;3.80;2;1;1;74;0;6809718;1103;0
147;18;336;18;54;57;41;3.20;6;2;1;70;0;6809741;118;0
147;18;336;18;54;57;79;3.60;7;2;1;79;0;6809779;353;0
147;18;336;18;55;1;99;3.40;3;1;1;75;0;6810199;1784;0
147;18;336;18;55;1;99;3.40;6;2;1;75;0;6810199;441;0
147;18;336;18;55;1;99;3.80;4;1;1;82;0;6810199;2887;0
147;18;336;18;55;2;9;2.80;2;1;1;77;0;6810209;472;0
147;18;336;18;55;3;18;3.60;3;1;1;82;0;6810318;102;0
147;18;336;18;55;3;99;3.60;6;2;1;73;0;6810399;183;0
147;18;336;18;55;4;7;3.40;5;2;1;81;0;6810407;1866;0
147;18;336;18;55;4;26;3.40;7;2;1;75;0;6810426;630;0
147;18;336;18;55;5;81;4.00;6;2;1;82;0;6810581;164;0
147;18;336;18;55;5;99;3.60;3;1;1;77;0;6810599;265;0
147;18;336;18;55;7;10;3.40;8;2;1;75;0;6810710;1792;0
147;18;336;18;55;7;41;3.00;2;1;1;75;0;6810741;518;0
147;18;336;18;55;7;60;3.80;3;1;1;61;0;6810760;144;0
147;18;336;18;55;10;65;2.80;8;2;1;74;0;6811065;338;0
147;18;336;18;55;12;38;3.60;7;2;1;70;0;6811238;795;0
147;18;336;18;55;12;11;14.00;3;1;4;79;0;6811211;428;0
147;18;336;18;55;14;99;3.60;6;2;1;79;0;6811499;900;0
147;18;336;18;55;14;99;3.40;3;1;1;79;0;6811499;224;0
147;18;336;18;55;15;74;4.00;4;1;1;81;0;6811574;1358;0
147;18;336;18;55;16;99;3.40;6;2;1;75;0;6811699;183;0
147;18;336;18;55;17;99;3.60;5;2;1;79;0;6811799;1376;0
147;18;336;18;55;17;99;3.40;4;1;1;83;0;6811799;207;0
147;18;336;18;55;17;11;3.00;2;1;1;72;0;6811711;955;0
147;18;336;18;55;18;99;4.00;7;2;1;82;0;6811899;642;0
147;18;336;18;55;20;11;3.60;2;1;1;79;0;6812011;285;0
147;18;336;18;55;20;13;3.60;3;1;1;79;0;6812013;498;0
147;18;336;18;55;22;1;4.60;3;1;1;82;0;6812201;171;0
147;18;336;18;55;24;3;3.20;7;2;1;75;0;6812403;486;0
147;18;336;18;55;24;99;4.00;5;2;1;82;0;6812499;683;0
147;18;336;18;55;25;68;3.60;4;1;1;81;0;6812568;754;0
147;18;336;18;55;25;90;3.60;7;2;1;75;0;6812590;171;0
147;18;336;18;55;26;19;3.60;6;2;1;80;0;6812619;903;0
147;18;336;18;55;29;2;4.40;6;2;1;72;0;6812902;266;0
147;18;336;18;55;31;20;3.80;2;1;1;79;0;6813120;1092;0
147;18;336;18;55;31;99;3.20;6;2;1;75;0;6813199;275;0
147;18;336;18;55;32;15;3.40;4;1;1;83;0;6813215;631;0
147;18;336;18;55;32;99;3.40;3;1;1;76;0;6813299;1077;0
147;18;336;18;55;32;0;3.60;2;1;1;78;0;6813200;62;0
147;18;336;18;55;33;99;3.20;3;1;1;74;0;6813399;83;0
147;18;336;18;55;34;99;3.20;7;2;1;73;0;6813499;891;0
147;18;336;18;55;35;29;3.60;6;2;1;78;0;6813529;314;0
147;18;336;18;55;35;59;3.40;2;1;1;86;0;6813559;342;0
147;18;336;18;55;35;49;3.80;3;1;1;77;0;6813549;134;0
147;18;336;18;55;36;21;3.40;5;2;1;78;0;6813621;1104;0
147;18;336;18;55;36;99;3.80;2;1;1;82;0;6813699;125;0
147;18;336;18;55;37;99;3.60;6;2;1;81;0;6813799;253;0
147;18;336;18;55;38;99;4.00;3;1;1;78;0;6813899;332;0
147;18;336;18;55;39;99;3.80;7;2;1;77;0;6813999;484;0
147;18;336;18;55;40;99;4.20;2;1;1;80;0;6814099;383;0
147;18;336;18;55;40;3;3.60;3;1;1;81;0;6814003;85;0
147;18;336;18;55;40;49;4.00;8;2;1;76;0;6814049;2970;0
147;18;336;18;55;41;16;3.80;2;1;1;78;0;6814116;-1;0
147;18;336;18;55;42;5;3.80;2;1;1;76;0;6814205;71;0
147;18;336;18;55;44;99;3.60;6;2;1;80;0;6814499;684;0
147;18;336;18;55;44;99;3.60;2;1;1;75;0;6814499;276;0
147;18;336;18;55;44;99;3.60;5;2;1;78;0;6814499;862;0
147;18;336;18;55;45;99;3.40;3;1;1;78;0;6814599;580;0
147;18;336;18;55;47;99;3.00;1;1;1;76;0;6814799;5353;0
147;18;336;18;55;48;85;2.80;3;1;1;82;0;6814885;270;0
147;18;336;18;55;50;22;2.80;6;2;1;69;0;6815022;506;0
147;18;336;18;55;50;99;3.60;7;2;1;76;0;6815099;1082;0
147;18;336;18;55;50;99;3.40;2;1;1;83;0;6815099;582;0
147;18;336;18;55;50;17;3.60;3;1;1;75;0;6815017;119;0
147;18;336;18;55;51;74;4.20;7;2;1;70;0;6815174;57;0
147;18;336;18;55;52;18;3.80;2;1;1;77;0;6815218;104;0
147;18;336;18;55;53;14;3.80;4;1;1;82;0;6815314;2084;0
147;18;336;18;55;53;35;3.40;3;1;1;81;0;6815335;300;0
147;18;336;18;55;54;99;3.80;4;1;1;83;0;6815499;168;0
147;18;336;18;55;55;13;4.00;2;1;1;77;0;6815513;277;0
147;18;336;18;55;56;66;3.60;2;1;1;74;0;6815666;134;0
147;18;336;18;55;56;98;4.00;3;1;1;79;0;6815698;347;0
147;18;336;18;55;56;45;16.00;6;2;4;72;0;6815645;608;0
147;18;336;18;55;57;99;3.60;3;1;1;74;0;6815799;82;0
147;18;336;18;55;59;99;3.20;2;1;1;78;0;6815999;315;0
147;18;336;18;55;59;99;3.20;6;2;1;74;0;6815999;274;0
147;18;336;18;55;59;99;3.40;4;1;1;79;0;6815999;483;0
147;18;336;18;56;0;99;3.80;5;2;1;75;0;6816099;1583;0
147;18;336;18;56;2;99;3.60;6;2;1;78;0;6816299;284;0
147;18;336;18;56;5;19;3.20;6;2;1;80;0;6816519;203;0
147;18;336;18;56;6;16;3.60;3;1;1;76;0;6816616;799;0
147;18;336;18;56;8;39;3.80;2;1;1;78;0;6816839;825;0
147;18;336;18;56;9;18;3.40;3;1;1;72;0;6816918;284;0
147;18;336;18;56;10;99;3.20;3;1;1;78;0;6817099;164;0
147;18;336;18;56;10;99;3.80;2;1;1;80;0;6817099;242;0
147;18;336;18;56;11;19;4.40;5;2;1;85;0;6817119;1001;0
147;18;336;18;56;11;39;3.60;6;2;1;77;0;6817139;605;0
147;18;336;18;56;12;12;3.40;2;1;1;73;0;6817212;95;0
147;18;336;18;56;12;99;3.80;3;1;1;77;0;6817299;185;0
147;18;336;18;56;13;14;3.80;6;2;1;82;0;6817314;158;0
147;18;336;18;56;13;15;3.80;4;1;1;77;0;6817315;1300;0
147;18;336;18;56;14;69;3.20;7;2;1;73;0;6817469;2273;0
147;18;336;18;56;14;99;3.80;4;1;1;79;0;6817499;166;0
147;18;336;18;56;15;99;3.40;6;2;1;68;0;6817599;268;0
147;18;336;18;56;15;99;3.40;3;1;1;76;0;6817599;282;0
147;18;336;18;56;16;12;3.40;5;2;1;79;0;6817612;474;0
147;18;336;18;56;16;49;4.00;4;1;1;79;0;6817649;132;0
147;18;336;18;56;17;99;3.60;1;1;1;75;0;6817799;2985;0
147;18;336;18;56;17;99;3.80;7;2;1;75;0;6817799;314;0
147;18;336;18;56;19;29;3.20;4;1;1;80;0;6817929;261;0
147;18;336;18;56;18;99;4.40;6;2;1;81;0;6817899;282;0
147;18;336;18;56;18;99;3.60;3;1;1;74;0;6817899;283;0
147;18;336;18;56;18;3;4.40;5;2;1;77;0;6817803;175;0
147;18;336;18;56;18;4;3.60;7;2;1;69;0;6817804;-1;0
147;18;336;18;56;19;97;3.40;8;2;1;71;0;6817997;3929;0
147;18;336;18;56;19;99;3.80;6;2;1;76;0;6817999;80;0
147;18;336;18;56;21;16;3.60;5;2;1;83;0;6818116;292;0
147;18;336;18;56;23;2;3.80;6;2;1;75;0;6818302;285;0
147;18;336;18;56;24;45;3.20;6;2;1;75;0;6818445;124;0
147;18;336;18;56;24;90;3.20;3;1;1;74;0;6818490;573;0
147;18;336;18;56;25;99;3.40;2;1;1;75;0;6818599;1370;0
147;18;336;18;56;26;2;3.80;3;1;1;85;0;6818602;96;0
147;18;336;18;56;26;4;3.60;6;2;1;73;0;6818604;143;0
147;18;336;18;56;27;99;3.20;6;2;1;71;0;6818799;177;0
147;18;336;18;56;28;11;3.80;5;2;1;81;0;6818811;679;0
147;18;336;18;56;28;27;3.00;2;1;1;76;0;6818827;211;0
147;18;336;18;56;28;99;3.60;3;1;1;83;0;6818899;280;0
147;18;336;18;56;28;99;3.80;6;2;1;71;0;6818899;83;6818302
147;18;336;18;56;28;99;3.80;5;2;1;79;0;6818899;71;6818302
147;18;336;18;56;29;59;3.80;5;2;1;77;0;6818959;42;6818302
147;18;336;18;56;30;99;3.00;4;1;1;73;0;6819099;1155;0
147;18;336;18;56;30;99;3.40;2;1;1;82;0;6819099;257;0
147;18;336;18;56;31;99;3.80;6;2;1;77;0;6819199;280;0
147;18;336;18;56;32;99;3.80;2;1;1;80;0;6819299;185;0
147;18;336;18;56;33;10;3.60;3;1;1;85;0;6819310;395;0
147;18;336;18;56;33;99;3.20;6;2;1;75;0;6819399;182;0
147;18;336;18;56;33;99;3.60;8;2;1;79;0;6819399;1384;0
147;18;336;18;56;34;15;4.20;4;1;1;93;0;6819415;301;0
147;18;336;18;56;34;80;3.40;6;2;1;77;0;6819480;65;0
147;18;336;18;56;36;7;3.20;6;2;1;78;0;6819607;111;0
147;18;336;18;56;37;76;3.60;3;1;1;84;0;6819776;450;0
147;18;336;18;56;37;99;3.40;2;1;1;85;0;6819799;482;0
147;18;336;18;56;39;9;3.60;6;2;1;76;0;6819909;287;0
147;18;336;18;56;40;99;4.00;2;1;1;72;0;6820099;285;0
147;18;336;18;56;42;20;3.60;7;2;1;76;0;6820220;2397;0
147;18;336;18;56;42;53;3.40;6;2;1;74;0;6820253;326;0
147;18;336;18;56;42;59;3.40;2;1;1;76;0;6820259;140;0
147;18;336;18;56;43;16;4.40;7;2;1;79;0;6820316;78;0
147;18;336;18;56;43;99;4.00;5;2;1;78;0;6820399;1422;0
147;18;336;18;56;44;26;4.00;1;1;1;90;0;6820426;2609;0
147;18;336;18;56;44;60;2.80;2;1;1;70;0;6820460;184;0
147;18;336;18;56;46;99;3.40;6;2;1;74;0;6820699;429;0
147;18;336;18;56;48;99;3.60;6;2;1;71;0;6820899;183;0
147;18;336;18;56;50;99;4.00;3;1;1;82;0;6821099;1307;0
147;18;336;18;56;51;99;3.80;7;2;1;77;0;6821199;862;0
147;18;336;18;56;52;11;3.60;2;1;1;72;0;6821211;736;0
147;18;336;18;56;52;65;4.00;3;1;1;77;0;6821265;148;0
147;18;336;18;56;52;79;3.80;4;1;1;81;0;6821279;1847;0
147;18;336;18;56;52;88;6.00;1;1;1;85;0;6821288;846;0
147;18;336;18;56;53;99;3.80;6;2;1;75;0;6821399;481;0
147;18;336;18;56;54;99;3.00;2;1;1;84;0;6821499;270;0
147;18;336;18;56;54;99;3.60;6;2;1;71;0;6821499;81;0
147;18;336;18;56;55;56;7.60;3;1;6;76;0;6821556;272;0
147;18;336;18;56;55;89;3.40;6;2;1;71;0;6821589;71;0
147;18;336;18;56;56;17;3.20;4;1;1;80;0;6821617;321;0
147;18;336;18;56;56;99;3.00;6;2;1;70;0;6821699;92;0
147;18;336;18;56;58;10;3.40;7;2;1;83;0;6821810;593;0
147;18;336;18;56;58;99;3.60;6;2;1;70;0;6821899;184;6821399
147;18;336;18;56;59;99;3.40;6;2;1;70;0;6821999;81;6821399
147;18;336;18;57;0;91;3.60;6;2;1;78;0;6822091;74;6821399
147;18;336;18;57;1;99;3.60;8;2;1;75;0;6822199;2783;0
147;18;336;18;57;3;11;3.80;5;2;1;89;0;6822311;1893;0
147;18;336;18;57;2;66;3.40;7;2;1;59;0;6822266;441;0
147;18;336;18;57;3;99;3.20;6;2;1;81;0;6822399;291;0
147;18;336;18;57;4;99;3.20;3;1;1;82;0;6822499;907;0
147;18;336;18;57;5;13;3.60;2;1;1;98;0;6822513;1001;0
147;18;336;18;57;6;99;3.60;6;2;1;76;0;6822699;285;0
147;18;336;18;57;7;15;3.40;4;1;1;95;0;6822715;1083;0
147;18;336;18;57;8;99;2.80;3;1;1;59;0;6822899;385;0
147;18;336;18;57;8;99;3.80;2;1;1;73;0;6822899;372;0
147;18;336;18;57;8;99;3.40;4;1;1;71;0;6822899;171;0
147;18;336;18;57;10;15;3.00;4;1;1;74;0;6823015;98;0
147;18;336;18;57;10;23;3.40;3;1;1;64;0;6823023;106;0
147;18;336;18;57;10;49;3.00;2;1;1;67;0;6823049;131;0
147;18;336;18;57;13;4;4.00;6;2;1;77;0;6823304;587;0
147;18;336;18;57;13;63;4.40;3;1;1;70;0;6823363;320;0
147;18;336;18;57;13;99;3.60;5;2;1;82;0;6823399;1072;0
147;18;336;18;57;13;99;3.80;2;1;1;73;0;6823399;333;0
147;18;336;18;57;13;99;15.80;7;2;4;81;0;6823399;1112;0
147;18;336;18;57;14;99;4.80;3;1;1;81;0;6823499;113;0
147;18;336;18;57;15;60;4.40;2;1;1;72;0;6823560;142;0
147;18;336;18;57;17;6;3.60;3;1;1;75;0;6823706;185;0
147;18;336;18;57;17;28;5.40;1;1;1;82;0;6823728;2414;0
147;18;336;18;57;18;4;3.40;2;1;1;71;0;6823804;222;0
147;18;336;18;57;19;4;4.00;5;2;1;90;0;6823904;489;0
147;18;336;18;57;20;99;3.80;3;1;1;73;0;6824099;375;0
147;18;336;18;57;21;3;3.80;7;2;1;70;0;6824103;633;0
147;18;336;18;57;21;99;3.80;5;2;1;79;0;6824199;279;0
147;18;336;18;57;21;99;4.00;6;2;1;81;0;6824199;876;0
147;18;336;18;57;22;99;3.60;2;1;1;79;0;6824299;477;0
147;18;336;18;57;24;2;3.80;8;2;1;80;0;6824402;2185;0
147;18;336;18;57;24;99;3.80;3;1;1;75;0;6824499;381;0
147;18;336;18;57;25;17;3.60;2;1;1;79;0;6824517;201;0
147;18;336;18;57;25;56;3.60;6;2;1;78;0;6824556;339;0
147;18;336;18;57;26;1;3.40;2;1;1;79;0;6824601;67;0
147;18;336;18;57;26;20;3.20;3;1;1;72;0;6824620;102;0
147;18;336;18;57;27;99;3.80;3;1;1;71;0;6824799;163;0
147;18;336;18;57;27;99;3.60;6;2;1;80;0;6824799;226;0
147;18;336;18;57;27;99;3.80;4;1;1;81;0;6824799;1769;0
147;18;336;18;57;27;2;3.60;7;2;1;89;0;6824702;579;0
147;18;336;18;57;29;99;3.60;3;1;1;72;0;6824999;180;0
147;18;336;18;57;30;9;3.60;2;1;1;73;0;6825009;392;0
147;18;336;18;57;31;7;3.80;3;1;1;72;0;6825107;90;6824499
147;18;336;18;57;31;99;3.80;6;2;1;80;0;6825199;383;0
147;18;336;18;57;32;99;3.80;2;1;1;73;0;6825299;272;0
147;18;336;18;57;32;99;3.00;3;1;1;70;0;6825299;173;6824499
147;18;336;18;57;33;11;3.40;1;1;1;78;0;6825311;1559;0
147;18;336;18;57;34;21;3.40;6;2;1;78;0;6825421;204;0
147;18;336;18;57;34;99;3.40;8;2;1;82;0;6825499;1079;0
147;18;336;18;57;34;99;3.80;5;2;1;85;0;6825499;1282;0
147;18;336;18;57;35;13;3.80;3;1;1;82;0;6825513;198;6824499
147;18;336;18;57;36;14;3.80;2;1;1;72;0;6825614;296;0
147;18;336;18;57;36;82;3.60;6;2;1;76;0;6825682;245;0
147;18;336;18;57;37;3;3.20;1;1;1;80;0;6825703;376;0
147;18;336;18;57;37;99;3.60;2;1;1;72;0;6825799;166;0
147;18;336;18;57;39;17;7.20;6;2;2;90;0;6825917;217;0
147;18;336;18;57;40;99;3.60;6;2;1;80;0;6826099;153;0
147;18;336;18;57;41;65;3.80;8;2;1;81;0;6826165;651;0
147;18;336;18;57;41;99;3.40;5;2;1;80;0;6826199;683;0
147;18;336;18;57;42;99;3.60;3;1;1;79;0;6826299;769;0
147;18;336;18;57;43;1;3.80;6;2;1;78;0;6826301;185;0
147;18;336;18;57;43;19;3.80;2;1;1;82;0;6826319;502;0
147;18;336;18;57;43;55;3.60;3;1;1;76;0;6826355;39;0
147;18;336;18;57;43;64;3.40;5;2;1;85;0;6826364;149;0
147;18;336;18;57;45;99;2.80;6;2;1;71;0;6826599;280;0
147;18;336;18;57;46;54;3.80;3;1;1;77;0;6826654;281;0
147;18;336;18;57;46;57;4.40;5;2;1;78;0;6826657;278;0
147;18;336;18;57;46;86;3.60;6;2;1;70;0;6826686;72;0
147;18;336;18;57;47;19;3.60;5;2;1;81;0;6826719;41;0
147;18;336;18;57;48;3;4.00;5;2;1;76;0;6826803;68;0
147;18;336;18;57;49;99;3.80;7;2;1;79;0;6826999;2282;0
147;18;336;18;57;49;99;3.60;6;2;1;77;0;6826999;294;0
147;18;336;18;57;49;99;4.00;5;2;1;81;0;6826999;177;0
147;18;336;18;57;51;47;3.40;3;1;1;89;0;6827147;475;0
147;18;336;18;57;51;47;3.80;5;2;1;86;0;6827147;130;6826657
147;18;336;18;57;51;99;3.80;6;2;1;76;0;6827199;183;6826657
147;18;336;18;57;53;4;3.40;2;1;1;91;0;6827304;968;0
147;18;336;18;57;53;25;3.60;6;2;1;80;0;6827325;108;0
147;18;336;18;57;55;99;3.20;3;1;1;72;0;6827599;438;0
147;18;336;18;57;55;99;3.60;6;2;1;86;0;6827599;257;0
147;18;336;18;57;56;40;3.60;7;2;1;76;0;6827640;623;0
147;18;336;18;57;57;4;3.60;8;2;1;80;0;6827704;1522;0
147;18;336;18;57;57;99;3.40;2;1;1;75;0;6827799;481;0
147;18;336;18;57;58;99;3.80;8;2;1;80;0;6827899;178;0
147;18;336;18;57;59;88;3.80;6;2;1;81;0;6827988;373;0
147;18;336;18;57;59;99;3.40;2;1;1;74;0;6827999;183;0
147;18;336;18;58;0;99;3.40;7;2;1;74;0;6828099;441;0
147;18;336;18;58;1;20;3.40;3;1;1;78;0;6828120;505;0
147;18;336;18;58;1;80;3.80;5;2;1;79;0;6828180;1017;0
147;18;336;18;58;2;99;3.40;6;2;1;74;0;6828299;294;0
147;18;336;18;58;3;21;3.40;2;1;1;75;0;6828321;305;0
147;18;336;18;58;3;99;3.60;6;2;1;73;0;6828399;83;0
147;18;336;18;58;4;2;3.60;4;1;1;78;0;6828402;3586;0
147;18;336;18;58;4;10;3.20;3;1;1;76;0;6828410;274;0
147;18;336;18;58;4;19;3.80;5;2;1;80;0;6828419;221;0
147;18;336;18;58;4;99;3.80;4;1;1;77;0;6828499;80;0
147;18;336;18;58;6;43;3.60;3;1;1;71;0;6828643;217;0
147;18;336;18;58;7;99;3.40;7;2;1;76;0;6828799;683;0
147;18;336;18;58;7;99;3.00;2;1;1;68;0;6828799;461;0
147;18;336;18;58;7;99;3.60;4;1;1;76;0;6828799;282;0
147;18;336;18;58;8;99;4.20;7;2;1;76;0;6828899;83;0
147;18;336;18;58;9;78;3.00;5;2;1;79;0;6828978;541;0
147;18;336;18;58;9;56;3.40;3;1;1;71;0;6828956;294;0
147;18;336;18;58;10;99;3.60;3;1;1;70;0;6829099;125;0
147;18;336;18;58;11;14;3.60;2;1;1;68;0;6829114;299;0
147;18;336;18;58;11;99;3.60;5;2;1;77;0;6829199;207;0
147;18;336;18;58;11;99;7.00;6;2;2;67;0;6829199;782;0
147;18;336;18;58;12;88;4.80;2;1;1;70;0;6829288;154;0
147;18;336;18;58;13;99;4.00;7;2;1;66;0;6829399;480;0
147;18;336;18;58;13;99;3.60;4;1;1;72;0;6829399;582;0
147;18;336;18;58;14;1;3.40;2;1;1;71;0;6829401;88;0
147;18;336;18;58;14;7;3.60;6;2;1;70;0;6829407;170;0
147;18;336;18;58;14;94;4.00;8;2;1;67;0;6829494;1577;0
147;18;336;18;58;15;99;3.40;2;1;1;72;0;6829599;180;0
147;18;336;18;58;15;99;3.80;6;2;1;70;0;6829599;173;0
147;18;336;18;58;16;25;3.00;6;2;1;72;0;6829625;6;0
147;18;336;18;58;17;6;3.20;5;2;1;81;0;6829706;490;0
147;18;336;18;58;17;99;3.80;5;2;1;82;0;6829799;78;0
147;18;336;18;58;17;99;4.00;7;2;1;80;0;6829799;378;0
147;18;336;18;58;18;99;3.60;1;1;1;92;0;6829899;4181;0
147;18;336;18;58;19;51;3.80;6;2;1;73;0;6829951;311;0
147;18;336;18;58;20;4;3.40;5;2;1;85;0;6830004;188;0
147;18;336;18;58;21;18;3.60;2;1;1;80;0;6830118;502;0
147;18;336;18;58;19;76;4.00;7;2;1;15;0;6829976;159;0
147;18;336;18;58;23;99;3.40;3;1;1;82;0;6830399;1281;0
147;18;336;18;58;24;25;4.00;5;2;1;77;0;6830425;406;0
147;18;336;18;58;25;15;3.80;2;1;1;85;0;6830515;380;0
147;18;336;18;58;25;99;3.80;5;2;1;76;0;6830599;155;0
147;18;336;18;58;26;99;3.80;3;1;1;78;0;6830699;285;0
147;18;336;18;58;26;10;3.80;6;2;1;77;0;6830610;640;0
147;18;336;18;58;27;35;4.20;7;2;1;81;0;6830735;663;0
147;18;336;18;58;27;55;3.80;4;1;1;78;0;6830755;1338;0
147;18;336;18;58;27;69;3.80;5;2;1;77;0;6830769;152;0
147;18;336;18;58;28;11;3.80;3;1;1;80;0;6830811;94;0
147;18;336;18;58;28;99;3.60;5;2;1;76;0;6830899;112;0
147;18;336;18;58;28;99;3.40;6;2;1;73;0;6830899;271;0
147;18;336;18;58;30;28;4.00;1;1;1;86;0;6831028;1114;0
147;18;336;18;58;30;99;3.80;4;1;1;89;0;6831099;326;0
147;18;336;18;58;31;7;3.40;6;2;1;75;0;6831107;191;0
147;18;336;18;58;31;99;3.60;5;2;1;78;0;6831199;282;0
147;18;336;18;58;32;14;3.00;2;1;1;77;0;6831214;682;0
147;18;336;18;58;32;80;3.80;7;2;1;72;0;6831280;526;0
147;18;336;18;58;33;22;3.40;3;1;1;77;0;6831322;493;0
147;18;336;18;58;33;99;3.20;6;2;1;75;0;6831399;275;0
147;18;336;18;58;34;18;3.40;5;2;1;82;0;6831418;202;0
147;18;336;18;58;35;11;3.40;2;1;1;72;0;6831511;282;0
147;18;336;18;58;35;99;3.80;5;2;1;75;0;6831599;166;0
147;18;336;18;58;36;0;4.80;6;2;1;73;0;6831600;185;0
147;18;336;18;58;36;99;3.20;3;1;1;76;0;6831699;361;0
147;18;336;18;58;37;9;3.40;6;2;1;72;0;6831709;85;0
147;18;336;18;58;37;96;3.20;5;2;1;80;0;6831796;178;0
147;18;336;18;58;39;99;3.40;7;2;1;79;0;6831999;700;0
147;18;336;18;58;39;99;6.00;3;1;1;77;0;6831999;284;0
147;18;336;18;58;39;24;3.60;2;1;1;80;0;6831924;396;0
147;18;336;18;58;40;99;4.40;2;1;1;78;0;6832099;158;0
147;18;336;18;58;41;99;2.80;3;1;1;73;0;6832199;171;0
147;18;336;18;58;42;72;3.60;3;1;1;75;0;6832272;59;0
147;18;336;18;58;44;22;3.60;4;1;1;83;0;6832422;1307;0
147;18;336;18;58;44;99;3.20;6;2;1;69;0;6832499;773;0
147;18;336;18;58;46;11;3.00;3;1;1;77;0;6832611;321;0
147;18;336;18;58;46;99;3.60;6;2;1;69;0;6832699;183;0
147;18;336;18;58;47;30;4.00;3;1;1;77;0;6832730;104;0
147;18;336;18;58;47;70;3.60;4;1;1;83;0;6832770;332;0
147;18;336;18;58;48;99;3.40;6;2;1;70;0;6832899;181;0
147;18;336;18;58;49;27;3.60;4;1;1;83;0;6832927;141;0
147;18;336;18;58;49;99;3.80;3;1;1;78;0;6832999;250;0
147;18;336;18;58;49;99;4.00;6;2;1;70;0;6832999;82;0
147;18;336;18;58;51;11;3.00;6;2;1;65;0;6833111;91;6832499
147;18;336;18;58;52;14;3.80;6;2;1;66;0;6833214;86;6832499
147;18;336;18;58;52;51;3.40;3;1;1;81;0;6833251;234;0
147;18;336;18;58;52;46;3.80;5;2;1;77;0;6833246;1435;0
147;18;336;18;58;53;99;3.80;2;1;1;80;0;6833399;1279;0
147;18;336;18;58;53;99;4.00;5;2;1;80;0;6833399;135;0
147;18;336;18;58;54;99;3.20;1;1;1;75;0;6833499;2454;0
147;18;336;18;58;54;99;3.60;5;2;1;79;0;6833499;82;0
147;18;336;18;58;54;99;3.80;6;2;1;64;0;6833499;264;0
147;18;336;18;58;55;23;3.80;2;1;1;81;0;6833523;106;0
147;18;336;18;58;56;1;4.00;5;2;1;84;0;6833601;85;0
147;18;336;18;58;57;99;3.00;3;1;1;79;0;6833799;532;0
147;18;336;18;58;57;24;3.40;6;2;1;74;0;6833724;203;0
147;18;336;18;58;57;37;3.80;2;1;1;76;0;6833737;197;0
147;18;336;18;58;58;99;3.20;8;2;1;80;0;6833899;4383;0
147;18;336;18;58;58;99;3.60;6;2;1;72;0;6833899;158;0
147;18;336;18;59;0;5;3.20;2;1;1;77;0;6834005;250;0
147;18;336;18;59;0;10;3.40;3;1;1;84;0;6834010;197;0
147;18;336;18;59;0;13;3.60;7;2;1;82;0;6834013;1998;0
147;18;336;18;59;0;16;3.60;6;2;1;71;0;6834016;99;0
147;18;336;18;59;1;99;3.80;2;1;1;74;0;6834199;179;0
147;18;336;18;59;3;15;3.60;3;1;1;80;0;6834315;290;0
147;18;336;18;59;4;12;3.40;4;1;1;79;0;6834412;1469;0
147;18;336;18;59;4;18;3.80;6;2;1;76;0;6834418;383;0
147;18;336;18;59;6;99;3.40;2;1;1;77;0;6834699;481;0
147;18;336;18;59;8;81;3.00;6;2;1;69;0;6834881;445;0
147;18;336;18;59;9;99;3.40;7;2;1;75;0;6834999;970;0
147;18;336;18;59;9;99;3.80;2;1;1;79;0;6834999;284;0
147;18;336;18;59;9;99;3.40;5;2;1;78;0;6834999;1380;0
147;18;336;18;59;9;99;3.40;3;1;1;79;0;6834999;667;0
147;18;336;18;59;11;14;3.60;2;1;1;77;0;6835114;97;0
147;18;336;18;59;11;99;3.20;4;1;1;77;0;6835199;771;0
147;18;336;18;59;11;99;4.40;7;2;1;70;0;6835199;183;0
147;18;336;18;59;12;99;3.00;2;1;1;73;0;6835299;168;0
147;18;336;18;59;13;68;4.40;6;2;1;80;0;6835368;471;0
147;18;336;18;59;13;99;3.60;2;1;1;73;0;6835399;85;0
147;18;336;18;59;14;99;15.60;4;1;4;81;0;6835499;285;0
147;18;336;18;59;15;99;4.20;2;1;1;72;0;6835599;182;6834999
147;18;336;18;59;16;99;3.40;6;2;1;77;0;6835699;311;0
147;18;336;18;59;18;88;3.60;6;2;1;77;0;6835888;173;0
147;18;336;18;59;19;1;3.60;4;1;1;86;0;6835901;332;0
147;18;336;18;59;19;99;3.40;3;1;1;78;0;6835999;984;0
147;18;336;18;59;20;47;3.60;6;2;1;77;0;6836047;142;0
147;18;336;18;59;23;17;3.80;7;2;1;78;0;6836317;1095;0
147;18;336;18;59;23;29;4.00;5;2;1;78;0;6836329;1314;0
147;18;336;18;59;25;0;4.20;8;2;1;99;0;6836500;2586;0
147;18;336;18;59;25;99;3.80;6;2;1;78;0;6836599;535;0
147;18;336;18;59;25;15;3.80;3;1;1;78;0;6836515;500;0
147;18;336;18;59;26;73;3.80;7;2;1;80;0;6836673;338;0
147;18;336;18;59;26;95;4.00;3;1;1;71;0;6836695;162;0
147;18;336;18;59;27;99;3.20;6;2;1;77;0;6836799;182;0
147;18;336;18;59;27;99;3.00;3;1;1;76;0;6836799;83;0
147;18;336;18;59;27;81;9.20;7;2;2;63;0;6836781;90;0
147;18;336;18;59;28;74;3.20;4;1;1;73;0;6836874;957;0
147;18;336;18;59;29;99;3.80;2;1;1;86;0;6836999;1379;0
147;18;336;18;59;30;18;3.40;6;2;1;74;0;6837018;204;0
147;18;336;18;59;30;99;3.20;7;2;1;82;0;6837099;265;0
147;18;336;18;59;30;99;3.60;3;1;1;81;0;6837099;285;0
147;18;336;18;59;33;0;3.60;7;2;1;78;0;6837300;186;0
147;18;336;18;59;34;99;3.40;6;2;1;76;0;6837499;464;0
147;18;336;18;59;35;2;3.80;7;2;1;82;0;6837502;185;0
147;18;336;18;59;35;99;3.00;2;1;1;64;0;6837599;584;0
147;18;336;18;59;37;99;3.80;2;1;1;64;0;6837799;183;0
147;18;336;18;59;37;99;4.20;3;1;1;81;0;6837799;684;0
147;18;336;18;59;38;99;3.60;2;1;1;66;0;6837899;78;0
147;18;336;18;59;41;19;3.20;2;1;1;72;0;6838119;200;0
147;18;336;18;59;43;39;3.80;4;1;1;83;0;6838339;1449;0
147;18;336;18;59;44;11;4.80;1;1;1;83;0;6838411;4896;0
147;18;336;18;59;44;66;3.60;8;2;1;71;0;6838466;1950;0
147;18;336;18;59;44;99;3.60;3;1;1;77;0;6838499;681;0
147;18;336;18;59;49;11;3.60;6;2;1;76;0;6838911;1395;0
147;18;336;18;59;49;82;3.80;8;2;1;65;0;6838982;497;0
147;18;336;18;59;50;99;3.00;5;2;1;70;0;6839099;2751;0
147;18;336;18;59;51;35;4.00;7;2;1;85;0;6839135;1616;0
147;18;336;18;59;52;99;4.80;5;2;1;75;0;6839299;184;0
147;18;336;18;59;52;99;3.80;6;2;1;86;0;6839299;370;0
147;18;336;18;59;52;99;3.60;8;2;1;67;0;6839299;295;0
147;18;336;18;59;53;9;3.60;6;2;1;78;0;6839309;-1;0
147;18;336;18;59;54;17;3.60;5;2;1;74;0;6839417;94;0
147;18;336;18;59;54;99;4.00;5;2;1;76;0;6839499;64;0
147;18;336;18;59;55;99;4.00;2;1;1;87;0;6839599;1464;0
147;18;336;18;59;55;99;3.60;6;2;1;79;0;6839599;273;0
147;18;336;18;59;56;99;3.80;5;2;1;78;0;6839699;181;6839099
147;18;336;18;59;57;0;3.40;6;2;1;80;0;6839700;84;6839099
147;18;336;18;59;58;99;4.00;6;2;1;77;0;6839899;183;6839099
147;18;336;18;59;59;90;3.80;5;2;1;78;0;6839990;273;0
147;18;336;19;0;0;23;3.60;6;2;1;77;0;6840023;105;0
147;18;336;19;0;2;19;3.60;6;2;1;84;0;6840219;179;6839599
147;18;336;19;0;4;15;3.80;7;2;1;76;0;6840415;1263;0
147;18;336;19;0;4;24;3.60;6;2;1;68;0;6840424;189;6839599
147;18;336;19;0;4;26;5.00;5;2;1;75;0;6840426;418;0
147;18;336;19;0;5;99;3.20;6;2;1;69;0;6840599;155;6839599
147;18;336;19;0;6;99;3.80;3;1;1;72;0;6840699;2183;0
147;18;336;19;0;6;28;3.20;5;2;1;75;0;6840628;178;0
147;18;336;19;0;8;99;3.80;6;2;1;69;0;6840899;283;0
147;18;336;19;0;8;99;4.00;3;1;1;71;0;6840899;181;0
147;18;336;19;0;9;19;3.40;4;1;1;70;0;6840919;2563;0
147;18;336;19;0;10;99;3.60;1;1;1;66;0;6841099;2667;0
147;18;336;19;0;10;99;3.00;6;2;1;67;0;6841099;180;0
147;18;336;19;0;11;13;4.00;7;2;1;69;0;6841113;680;0
147;18;336;19;0;12;15;3.00;1;1;1;65;0;6841215;96;0
147;18;336;19;0;12;62;3.80;2;1;1;73;0;6841262;1646;0
147;18;336;19;0;12;99;3.20;7;2;1;79;0;6841299;165;0
147;18;336;19;0;13;8;3.80;4;1;1;85;0;6841308;371;0
147;18;336;19;0;13;99;3.60;6;2;1;71;0;6841399;283;0
147;18;336;19;0;14;16;3.20;5;2;1;81;0;6841416;772;0
147;18;336;19;0;14;29;3.40;3;1;1;67;0;6841429;509;0
147;18;336;19;0;15;19;3.80;5;2;1;84;0;6841519;88;0
147;18;336;19;0;16;18;3.20;3;1;1;70;0;6841618;170;0
147;18;336;19;0;16;99;3.60;2;1;1;70;0;6841699;418;0
147;18;336;19;0;16;1;3.60;6;2;1;72;0;6841601;183;0
147;18;336;19;0;16;15;3.60;5;2;1;77;0;6841615;79;0
147;18;336;19;0;18;99;3.60;2;1;1;77;0;6841899;181;0
147;18;336;19;0;19;6;5.00;7;2;1;69;0;6841906;592;0
147;18;336;19;0;20;8;3.20;3;1;1;80;0;6842008;373;0
147;18;336;19;0;20;7;3.40;2;1;1;79;0;6842007;91;0
147;18;336;19;0;20;99;3.40;6;2;1;69;0;6842099;480;0
147;18;336;19;0;21;99;3.80;7;2;1;80;0;6842199;266;0
147;18;336;19;0;21;99;3.60;6;2;1;70;0;6842199;82;0
147;18;336;19;0;22;75;3.80;2;1;1;79;0;6842275;252;0
147;18;336;19;0;24;0;3.20;7;2;1;79;0;6842400;183;0
147;18;336;19;0;25;4;3.80;6;2;1;71;0;6842504;286;0
147;18;336;19;0;25;83;4.40;4;1;1;75;0;6842583;1258;0
147;18;336;19;0;25;99;3.60;3;1;1;91;0;6842599;576;0
147;18;336;19;0;25;99;4.00;5;2;1;86;0;6842599;967;0
147;18;336;19;0;26;99;3.60;7;2;1;72;0;6842699;284;0
147;18;336;19;0;26;99;3.40;6;2;1;75;0;6842699;175;0
147;18;336;19;0;27;44;6.00;3;1;1;85;0;6842744;130;0
147;18;336;19;0;28;99;3.00;2;1;1;79;0;6842899;606;0
147;18;336;19;0;29;99;3.20;1;1;1;83;0;6842999;1767;0
147;18;336;19;0;29;4;3.40;6;2;1;79;0;6842904;188;0
147;18;336;19;0;30;93;6.80;2;1;2;78;0;6843093;180;0
147;18;336;19;0;31;99;3.20;6;2;1;79;0;6843199;279;0
147;18;336;19;0;32;53;2.80;2;1;1;75;0;6843253;128;0
147;18;336;19;0;32;77;3.80;6;2;1;78;0;6843277;63;0
147;18;336;19;0;34;13;3.60;4;1;1;81;0;6843413;808;0
147;18;336;19;0;35;62;3.20;3;1;1;77;0;6843562;792;0
147;18;336;19;0;35;53;3.80;2;1;1;69;0;6843553;286;0
147;18;336;19;0;36;99;3.40;4;1;1;80;0;6843699;270;0
147;18;336;19;0;37;25;3.80;6;2;1;82;0;6843725;430;0
147;18;336;19;0;38;99;3.00;3;1;1;75;0;6843899;322;0
147;18;336;19;0;39;16;3.80;2;1;1;77;0;6843916;343;0
147;18;336;19;0;40;14;3.60;4;1;1;80;0;6844014;299;0
147;18;336;19;0;40;58;3.60;3;1;1;76;0;6844058;144;0
147;18;336;19;0;41;17;3.00;2;1;1;82;0;6844117;183;0
147;18;336;19;0;43;99;2.80;2;1;1;76;0;6844399;268;0
147;18;336;19;0;43;99;7.40;6;2;6;78;0;6844399;657;0
147;18;336;19;0;44;99;3.40;7;2;1;77;0;6844499;1782;0
147;18;336;19;0;45;46;4.00;8;2;1;86;0;6844546;5227;0
147;18;336;19;0;45;48;3.60;6;2;1;78;0;6844548;114;0
147;18;336;19;0;45;98;4.40;7;2;1;76;0;6844598;83;0
147;18;336;19;0;46;99;3.60;6;2;1;80;0;6844699;134;0
147;18;336;19;0;47;12;3.00;4;1;1;76;0;6844712;681;0
147;18;336;19;0;47;99;3.40;6;2;1;82;0;6844799;83;0
147;18;336;19;0;47;20;4.20;5;2;1;80;0;6844720;2104;0
147;18;336;19;0;48;92;3.80;6;2;1;81;0;6844892;78;6844399
147;18;336;19;0;48;99;3.20;2;1;1;74;0;6844899;486;0
147;18;336;19;0;49;7;3.80;5;2;1;83;0;6844907;168;0
147;18;336;19;0;49;99;3.40;4;1;1;80;0;6844999;272;0
147;18;336;19;0;50;42;3.80;3;1;1;77;0;6845042;966;0
147;18;336;19;0;50;82;3.40;2;1;1;77;0;6845082;167;0
147;18;336;19;0;50;59;16.00;4;1;4;77;0;6845059;44;0
147;18;336;19;0;52;23;3.40;6;2;1;80;0;6845223;314;0
147;18;336;19;0;52;99;3.80;3;1;1;82;0;6845299;239;0
147;18;336;19;0;53;99;3.20;6;2;1;79;0;6845399;160;0
147;18;336;19;0;54;99;3.60;3;1;1;74;0;6845499;183;0
147;18;336;19;0;55;4;3.80;4;1;1;78;0;6845504;370;0
147;18;336;19;0;55;74;3.40;1;1;1;73;0;6845574;2561;0
147;18;336;19;0;56;6;3.40;6;2;1;78;0;6845606;192;0
147;18;336;19;0;56;99;2.80;3;1;1;72;0;6845699;182;0
147;18;336;19;0;57;99;3.20;3;1;1;71;0;6845799;86;0
147;18;336;19;0;58;5;4.00;6;2;1;79;0;6845805;183;0
147;18;336;19;0;58;28;3.60;4;1;1;92;0;6845828;306;0
147;18;336;19;0;59;99;5.80;6;2;1;80;0;6845999;175;6845223
147;18;336;19;0;59;99;3.60;5;2;1;85;0;6845999;1075;0
147;18;336;19;1;0;69;3.80;6;2;1;84;0;6846069;43;6845223
147;18;336;19;1;1;99;3.40;3;1;1;70;0;6846199;383;0
147;18;336;19;1;2;99;3.60;7;2;1;80;0;6846299;1680;0
147;18;336;19;1;2;99;4.80;4;1;1;86;0;6846299;456;0
147;18;336;19;1;3;52;3.20;3;1;1;70;0;6846352;135;0
147;18;336;19;1;4;24;3.60;6;2;1;80;0;6846424;338;0
147;18;336;19;1;4;99;3.80;4;1;1;81;0;6846499;179;0
147;18;336;19;1;6;99;3.60;5;2;1;87;0;6846699;684;0
147;18;336;19;1;7;16;3.60;6;2;1;81;0;6846716;275;0
147;18;336;19;1;8;56;3.60;4;1;1;82;0;6846856;340;0
147;18;336;19;1;9;9;3.60;3;1;1;77;0;6846909;540;0
147;18;336;19;1;9;99;3.40;6;2;1;85;0;6846999;267;0
147;18;336;19;1;9;99;2.80;2;1;1;66;0;6846999;1901;0
147;18;336;19;1;10;99;4.00;3;1;1;75;0;6847099;173;0
147;18;336;19;1;11;99;3.60;8;2;1;78;0;6847199;2636;0
147;18;336;19;1;12;16;3.60;6;2;1;77;0;6847216;202;0
147;18;336;19;1;12;99;3.60;7;2;1;82;0;6847299;983;0
147;18;336;19;1;12;99;3.80;5;2;1;86;0;6847299;585;0
147;18;336;19;1;13;33;3.20;6;2;1;74;0;6847333;100;0
147;18;336;19;1;14;99;3.60;4;1;1;87;0;6847499;627;0
147;18;336;19;1;16;14;4.20;2;1;1;75;0;6847614;599;0
147;18;336;19;1;16;14;4.60;3;1;1;75;0;6847614;495;0
147;18;336;19;1;19;17;3.40;7;2;1;75;0;6847917;602;0
147;18;336;19;1;19;99;3.20;2;1;1;79;0;6847999;364;0
147;18;336;19;1;20;17;3.00;6;2;1;66;0;6848017;668;0
147;18;336;19;1;20;99;3.20;5;2;1;74;0;6848099;784;0
147;18;336;19;1;21;59;3.40;7;2;1;78;0;6848159;225;0
147;18;336;19;1;21;99;3.80;3;1;1;81;0;6848199;562;0
147;18;336;19;1;22;99;3.00;6;2;1;69;0;6848299;265;0
147;18;336;19;1;24;99;3.80;7;2;1;74;0;6848499;324;0
147;18;336;19;1;25;25;3.40;4;1;1;92;0;6848525;1011;0
147;18;336;19;1;25;99;3.80;5;2;1;79;0;6848599;484;0
147;18;336;19;1;25;99;3.80;7;2;1;74;0;6848599;81;0
147;18;336;19;1;26;0;3.80;5;2;1;85;0;6848600;-1;0
147;18;336;19;1;26;11;3.20;6;2;1;68;0;6848611;296;0
147;18;336;19;1;27;99;3.20;6;2;1;73;0;6848799;171;0
147;18;336;19;1;27;99;3.60;3;1;1;78;0;6848799;583;0
147;18;336;19;1;29;99;3.60;6;2;1;80;0;6848999;184;0
147;18;336;19;1;30;99;4.20;5;2;1;86;0;6849099;482;0
147;18;336;19;1;31;57;3.00;6;2;1;77;0;6849157;141;0
147;18;336;19;1;31;62;3.40;5;2;1;84;0;6849162;45;0
147;18;336;19;1;31;82;3.40;2;1;1;93;0;6849182;1168;0
147;18;336;19;1;32;99;3.60;6;2;1;74;0;6849299;127;6848611
147;18;336;19;1;33;99;3.80;7;2;1;73;0;6849399;781;0
147;18;336;19;1;34;98;3.80;3;1;1;75;0;6849498;682;0
147;18;336;19;1;34;99;3.20;6;2;1;77;0;6849499;182;6848611
147;18;336;19;1;35;20;3.60;2;1;1;80;0;6849520;324;0
147;18;336;19;1;36;53;3.40;4;1;1;78;0;6849653;1114;0
147;18;336;19;1;36;51;3.40;2;1;1;74;0;6849651;114;0
147;18;336;19;1;36;58;3.20;6;2;1;74;0;6849658;144;6848611
147;18;336;19;1;38;6;3.40;6;2;1;73;0;6849806;132;6848611
147;18;336;19;1;38;18;3.80;7;2;1;84;0;6849818;400;0
147;18;336;19;1;39;16;3.80;3;1;1;76;0;6849916;399;0
147;18;336;19;1;40;99;3.80;6;2;1;80;0;6850099;276;0
147;18;336;19;1;40;99;3.00;2;1;1;83;0;6850099;431;0
147;18;336;19;1;41;11;3.80;7;2;1;96;0;6850111;276;0
147;18;336;19;1;41;59;4.60;6;2;1;97;0;6850159;42;0
147;18;336;19;1;44;57;3.80;2;1;1;80;0;6850457;344;0
147;18;336;19;1;46;4;3.80;3;1;1;90;0;6850604;670;0
147;18;336;19;1;46;19;3.00;2;1;1;83;0;6850619;144;0
147;18;336;19;1;47;99;3.80;6;2;1;85;0;6850799;622;0
147;18;336;19;1;47;99;3.80;2;1;1;87;0;6850799;166;0
147;18;336;19;1;48;99;3.60;4;1;1;81;0;6850899;1230;0
147;18;336;19;1;49;11;3.80;5;2;1;82;0;6850911;1734;0
147;18;336;19;1;50;99;3.60;8;2;1;74;0;6851099;3883;0
147;18;336;19;1;51;15;3.40;6;2;1;79;0;6851115;299;0
147;18;336;19;1;52;99;5.00;7;2;1;83;0;6851299;1173;0
147;18;336;19;1;54;77;4.00;6;2;1;76;0;6851477;346;0
147;18;336;19;1;55;99;3.80;7;2;1;86;0;6851599;278;0
147;18;336;19;1;56;8;3.60;6;2;1;75;0;6851608;112;0
147;18;336;19;1;56;14;3.40;3;1;1;71;0;6851614;994;0
147;18;336;19;1;57;21;3.60;1;1;1;81;0;6851721;6130;0
147;18;336;19;2;0;99;3.80;7;2;1;80;0;6852099;484;0
147;18;336;19;2;1;99;3.60;2;1;1;81;0;6852199;1384;0
147;18;336;19;2;1;99;3.40;6;2;1;70;0;6852199;573;0
147;18;336;19;2;1;7;3.40;7;2;1;80;0;6852107;-1;0
147;18;336;19;2;3;9;3.80;4;1;1;81;0;6852309;1394;0
147;18;336;19;2;3;99;3.00;4;1;1;79;0;6852399;73;0
147;18;336;19;2;4;7;4.60;3;1;1;71;0;6852407;775;0
147;18;336;19;2;5;99;3.60;4;1;1;82;0;6852599;186;0
147;18;336;19;2;5;99;3.80;3;1;1;70;0;6852599;168;0
147;18;336;19;2;7;7;3.40;3;1;1;70;0;6852707;88;0
147;18;336;19;2;7;48;3.60;4;1;1;82;0;6852748;133;0
147;18;336;19;2;8;99;3.60;4;1;1;82;0;6852899;135;6852309
147;18;336;19;2;8;99;3.60;8;2;1;83;0;6852899;1782;0
147;18;336;19;2;9;35;3.20;6;2;1;80;0;6852935;718;0
147;18;336;19;2;10;80;3.80;3;1;1;72;0;6853080;355;0
147;18;336;19;2;11;99;3.20;2;1;1;75;0;6853199;984;0
147;18;336;19;2;11;99;3.80;3;1;1;74;0;6853199;100;0
147;18;336;19;2;11;99;3.60;7;2;1;79;0;6853199;1076;0
147;18;336;19;2;11;99;4.00;5;2;1;95;0;6853199;2271;0
147;18;336;19;2;13;99;3.60;7;2;1;80;0;6853399;183;0
147;18;336;19;2;13;99;3.80;2;1;1;75;0;6853399;184;0
147;18;336;19;2;15;99;4.00;2;1;1;69;0;6853599;181;0
147;18;336;19;2;18;11;3.40;2;1;1;70;0;6853811;191;0
147;18;336;19;2;18;26;3.40;4;1;1;82;0;6853826;911;0
147;18;336;19;2;18;99;3.60;3;1;1;74;0;6853899;681;0
147;18;336;19;2;18;99;3.60;7;2;1;77;0;6853899;483;0
147;18;336;19;2;19;99;4.00;8;2;1;77;0;6853999;1084;0
147;18;336;19;2;20;8;3.60;3;1;1;73;0;6854008;91;0
147;18;336;19;2;20;67;3.40;6;2;1;83;0;6854067;1117;0
147;18;336;19;2;21;99;3.80;1;1;1;84;0;6854199;2462;0
147;18;336;19;2;22;45;3.40;7;2;1;76;0;6854245;329;0
147;18;336;19;2;23;94;3.40;2;1;1;65;0;6854394;565;0
147;18;336;19;2;23;99;3.80;6;2;1;81;0;6854399;317;0
147;18;336;19;2;24;21;3.80;3;1;1;78;0;6854421;395;0
147;18;336;19;2;24;1;3.40;5;2;1;84;0;6854401;1186;0
147;18;336;19;2;25;4;3.40;2;1;1;72;0;6854504;91;0
147;18;336;19;2;25;67;3.40;7;2;1;88;0;6854567;305;0
147;18;336;19;2;27;3;3.20;2;1;1;73;0;6854703;182;0
147;18;336;19;2;28;99;3.60;4;1;1;90;0;6854899;1058;0
147;18;336;19;2;30;85;4.60;3;1;1;77;0;6855085;646;0
147;18;336;19;2;31;99;3.80;6;2;1;71;0;6855199;783;0
147;18;336;19;2;33;89;3.80;6;2;1;72;0;6855389;170;0
147;18;336;19;2;34;99;3.60;7;2;1;71;0;6855499;918;0
147;18;336;19;2;35;16;3.80;2;1;1;81;0;6855516;797;0
147;18;336;19;2;35;31;3.00;6;2;1;71;0;6855531;123;0
147;18;336;19;2;35;94;3.60;8;2;1;71;0;6855594;1576;0
147;18;336;19;2;36;11;3.40;3;1;1;76;0;6855611;504;0
147;18;336;19;2;36;99;3.00;6;2;1;72;0;6855699;152;0
147;18;336;19;2;38;14;3.40;8;2;1;71;0;6855814;201;0
147;18;336;19;2;38;26;3.00;2;1;1;79;0;6855826;293;0
147;18;336;19;2;38;99;3.80;6;2;1;75;0;6855899;185;6855199
147;18;336;19;2;40;99;5.60;6;2;1;74;0;6856099;181;6855199
147;18;336;19;2;40;62;5.00;3;1;1;79;0;6856062;434;0
147;18;336;19;2;42;14;3.40;2;1;1;71;0;6856214;374;0
147;18;336;19;2;43;77;2.80;3;1;1;75;0;6856377;292;0
147;18;336;19;2;44;99;3.00;2;1;1;70;0;6856499;267;0
147;18;336;19;2;45;50;3.80;3;1;1;76;0;6856550;159;0
147;18;336;19;2;45;68;3.00;2;1;1;71;0;6856568;53;0
147;18;336;19;2;47;5;3.00;1;1;1;66;0;6856705;2489;0
147;18;336;19;2;48;14;3.00;3;1;1;72;0;6856814;246;0
147;18;336;19;2;48;95;3.60;6;2;1;74;0;6856895;768;0
147;18;336;19;2;49;99;3.80;3;1;1;79;0;6856999;170;0
147;18;336;19;2;50;24;3.60;3;1;1;73;0;6857024;7;0
147;18;336;19;2;51;19;3.80;3;1;1;89;0;6857119;77;0
147;18;336;19;2;51;99;0.40;4;2;1;42;1;6857199;-2;0
147;18;336;19;2;53;26;3.60;2;1;1;84;0;6857326;742;0
147;18;336;19;2;53;26;3.60;6;2;1;81;0;6857326;413;0
147;18;336;19;2;53;65;8.40;4;1;6;81;0;6857365;2451;0
147;18;336;19;2;54;99;3.00;7;2;1;98;0;6857499;1981;0
147;18;336;19;2;54;99;3.60;6;2;1;78;0;6857499;157;0
147;18;336;19;2;54;99;3.60;3;1;1;67;0;6857499;364;0
147;18;336;19;2;55;99;3.80;5;2;1;81;0;6857599;3183;0
147;18;336;19;2;55;19;4.40;4;1;1;84;0;6857519;116;0
147;18;336;19;2;56;98;3.80;5;2;1;82;0;6857698;82;0
147;18;336;19;2;56;99;3.40;8;2;1;68;0;6857699;1867;0
147;18;336;19;2;58;55;3.20;2;1;1;78;0;6857855;513;0
147;18;336;19;2;59;11;3.20;3;1;1;72;0;6857911;392;0
147;18;336;19;2;59;99;3.60;6;2;1;79;0;6857999;483;0
147;18;336;19;3;0;16;3.00;6;2;1;79;0;6858016;0;0
147;18;336;19;3;1;70;3.60;3;1;1;72;0;6858170;243;0
147;18;336;19;3;2;20;4.00;6;2;1;76;0;6858220;190;0
147;18;336;19;3;2;99;3.60;7;2;1;79;0;6858299;788;0
147;18;336;19;3;2;99;3.40;2;1;1;68;0;6858299;429;0
147;18;336;19;3;3;10;3.60;1;1;1;74;0;6858310;1588;0
147;18;336;19;3;3;66;3.20;7;2;1;76;0;6858366;50;0
147;18;336;19;3;4;8;3.60;5;2;1;82;0;6858408;693;0
147;18;336;19;3;4;4;3.40;1;1;1;70;0;6858404;76;0
147;18;336;19;3;4;99;12.60;6;2;7;102;0;6858499;260;0
147;18;336;19;3;4;99;3.60;2;1;1;77;0;6858499;182;0
147;18;336;19;3;4;99;3.60;3;1;1;71;0;6858499;311;0
147;18;336;19;3;5;99;3.80;7;2;1;78;0;6858599;217;0
147;18;336;19;3;5;21;3.80;2;1;1;70;0;6858521;5;0
147;18;336;19;3;6;99;3.60;3;1;1;71;0;6858699;181;0
147;18;336;19;3;7;10;4.40;7;2;1;76;0;6858710;93;0
147;18;336;19;3;7;99;3.20;2;1;1;72;0;6858799;258;0
147;18;336;19;3;7;99;7.60;8;2;6;76;0;6858799;1082;0
147;18;336;19;3;8;99;5.00;3;1;1;70;0;6858899;181;0
147;18;336;19;3;9;13;3.60;1;1;1;72;0;6858913;491;0
147;18;336;19;3;9;99;3.80;2;1;1;79;0;6858999;184;0
147;18;336;19;3;9;99;3.80;3;1;1;67;0;6858999;74;0
147;18;336;19;3;9;99;3.60;8;2;1;77;0;6858999;164;0
147;18;336;19;3;11;52;3.20;6;2;1;79;0;6859152;608;0
147;18;336;19;3;11;44;4.00;2;1;1;75;0;6859144;127;0
147;18;336;19;3;12;3;3.40;6;2;1;78;0;6859203;36;0
147;18;336;19;3;12;99;3.80;5;2;1;88;0;6859299;875;0
147;18;336;19;3;14;99;3.20;2;1;1;71;0;6859499;335;0
147;18;336;19;3;15;7;3.60;3;1;1;75;0;6859507;487;0
147;18;336;19;3;15;99;3.20;1;1;1;79;0;6859599;668;0
147;18;336;19;3;19;99;3.80;6;2;1;81;0;6859999;780;0
147;18;336;19;3;19;99;3.00;3;1;1;80;0;6859999;474;0
147;18;336;19;3;20;99;3.60;4;1;1;77;0;6860099;2561;0
147;18;336;19;3;21;72;3.40;6;2;1;81;0;6860172;156;0
147;18;336;19;3;22;99;3.20;4;1;1;78;0;6860299;183;0
147;18;336;19;3;23;99;3.60;3;1;1;84;0;6860399;386;0
147;18;336;19;3;23;32;3.60;7;2;1;81;0;6860332;1601;0
147;18;336;19;3;25;12;4.00;6;2;1;80;0;6860512;324;0
147;18;336;19;3;25;99;3.80;5;2;1;82;0;6860599;1284;0
147;18;336;19;3;26;18;3.40;2;1;1;80;0;6860618;1102;0
147;18;336;19;3;26;64;3.60;1;1;1;78;0;6860664;1050;0
147;18;336;19;3;27;99;5.00;3;1;1;78;0;6860799;384;0
147;18;336;19;3;27;99;3.20;6;2;1;76;0;6860799;269;0
147;18;336;19;3;28;5;3.80;2;1;1;79;0;6860805;171;0
147;18;336;19;3;29;83;3.40;6;2;1;78;0;6860983;168;0
147;18;336;19;3;31;38;3.20;2;1;1;79;0;6861138;315;0
147;18;336;19;3;32;99;4.00;6;2;1;80;0;6861299;300;0
147;18;336;19;3;33;3;3.80;5;2;1;82;0;6861303;687;0
147;18;336;19;3;33;99;3.80;6;2;1;71;0;6861399;82;0
147;18;336;19;3;36;99;4.00;6;2;1;79;0;6861699;280;0
147;18;336;19;3;37;69;7.80;3;1;1;74;0;6861769;946;0
147;18;336;19;3;38;99;3.80;4;1;1;88;0;6861899;1585;0
147;18;336;19;3;39;47;3.00;2;1;1;91;0;6861947;794;0
147;18;336;19;3;40;8;3.80;4;1;1;78;0;6862008;93;0
147;18;336;19;3;40;14;3.60;8;2;1;72;0;6862014;2998;0
147;18;336;19;3;40;99;3.80;4;1;1;80;0;6862099;73;0
147;18;336;19;3;40;99;3.20;3;1;1;69;0;6862099;292;0
147;18;336;19;3;41;44;6.60;2;1;1;75;0;6862144;185;0
147;18;336;19;3;42;99;4.00;4;1;1;78;0;6862299;182;0
147;18;336;19;3;43;99;3.40;3;1;1;77;0;6862399;283;0
147;18;336;19;3;44;51;4.60;5;2;1;80;0;6862451;1131;0
147;18;336;19;3;44;77;3.40;3;1;1;78;0;6862477;62;0
147;18;336;19;3;46;5;3.40;4;1;1;80;0;6862605;287;0
147;18;336;19;3;46;99;3.60;3;1;1;73;0;6862699;206;0
147;18;336;19;3;46;13;3.40;6;2;1;85;0;6862613;895;0
147;18;336;19;3;47;73;4.00;4;1;1;82;0;6862773;152;0
147;18;336;19;3;47;85;3.00;3;1;1;71;0;6862785;68;0
147;18;336;19;3;47;88;3.20;7;2;1;67;0;6862788;2440;0
147;18;336;19;3;47;62;16.00;2;1;4;79;0;6862762;586;0
147;18;336;19;3;49;30;4.20;7;2;1;70;0;6862930;124;0
147;18;336;19;3;49;64;4.00;2;1;1;82;0;6862964;129;0
147;18;336;19;3;50;99;3.80;5;2;1;77;0;6863099;627;0
147;18;336;19;3;50;99;3.40;6;2;1;82;0;6863099;471;0
147;18;336;19;3;51;99;3.20;3;1;1;80;0;6863199;398;0
147;18;336;19;3;51;11;3.80;4;1;1;81;0;6863111;320;0
147;18;336;19;3;52;19;3.20;7;2;1;75;0;6863219;267;0
147;18;336;19;3;53;99;3.40;3;1;1;76;0;6863399;185;0
147;18;336;19;3;54;22;3.80;2;1;1;82;0;6863422;440;0
147;18;336;19;3;56;99;3.40;2;1;1;81;0;6863699;260;0
147;18;336;19;3;56;7;3.20;7;2;1;76;0;6863607;372;0
147;18;336;19;3;57;42;3.80;8;2;1;83;0;6863742;1710;0
147;18;336;19;3;57;77;16.60;3;1;4;77;0;6863777;361;0
147;18;336;19;3;59;27;3.60;6;2;1;76;0;6863927;813;0
147;18;336;19;4;0;99;4.80;6;2;1;83;0;6864099;154;0
147;18;336;19;4;0;99;3.60;8;2;1;79;0;6864099;340;0
147;18;336;19;4;1;99;3.80;4;1;1;78;0;6864199;1071;0
147;18;336;19;4;2;82;3.40;6;2;1;85;0;6864282;162;0
147;18;336;19;4;4;2;3.80;6;2;1;83;0;6864402;105;0
147;18;336;19;4;5;83;3.60;2;1;1;75;0;6864583;868;0
147;18;336;19;4;7;2;3.60;6;2;1;68;0;6864702;283;0
147;18;336;19;4;7;11;3.80;1;1;1;75;0;6864711;4030;0
147;18;336;19;4;7;25;3.80;2;1;1;66;0;6864725;124;0
147;18;336;19;4;7;53;3.40;1;1;1;75;0;6864753;23;0
147;18;336;19;4;8;4;3.80;5;2;1;83;0;6864804;1687;0
147;18;336;19;4;8;99;3.00;6;2;1;69;0;6864899;177;0
147;18;336;19;4;8;99;3.80;7;2;1;79;0;6864899;1276;0
147;18;336;19;4;8;99;4.20;4;1;1;79;0;6864899;682;0
147;18;336;19;4;9;17;3.40;6;2;1;70;0;6864917;2;0
147;18;336;19;4;9;99;15.40;3;1;3;74;0;6864999;1144;0
147;18;336;19;4;12;10;4.40;6;2;1;77;0;6865210;275;0
147;18;336;19;4;13;99;4.40;6;2;1;81;0;6865399;168;0
147;18;336;19;4;14;99;3.60;6;2;1;86;0;6865499;80;0
147;18;336;19;4;18;99;3.80;3;1;1;78;0;6865899;825;0
147;18;336;19;4;19;26;3.00;6;2;1;80;0;6865926;411;0
147;18;336;19;4;19;99;3.40;4;1;1;78;0;6865999;1080;0
147;18;336;19;4;20;52;3.40;3;1;1;77;0;6866052;135;0
147;18;336;19;4;21;99;3.60;3;1;1;78;0;6866199;131;0
147;18;336;19;4;21;99;3.60;7;2;1;79;0;6866199;1282;0
147;18;336;19;4;21;99;3.80;6;2;1;72;0;6866199;259;0
147;18;336;19;4;22;22;3.20;3;1;1;78;0;6866222;6;0
147;18;336;19;4;23;12;3.60;5;2;1;77;0;6866312;1491;0
147;18;336;19;4;24;99;3.40;6;2;1;78;0;6866499;281;0
147;18;336;19;4;24;99;3.40;2;1;1;76;0;6866499;1753;0
147;18;336;19;4;25;7;3.80;4;1;1;87;0;6866507;492;0
147;18;336;19;4;26;99;3.40;4;1;1;90;0;6866699;176;0
147;18;336;19;4;26;99;15.40;3;1;4;76;0;6866699;462;0
147;18;336;19;4;27;8;6.80;7;2;1;71;0;6866708;492;0
147;18;336;19;4;28;67;4.20;1;1;1;82;0;6866867;2097;0
147;18;336;19;4;29;7;4.00;2;1;1;79;0;6866907;391;0
147;18;336;19;4;30;31;3.60;2;1;1;79;0;6867031;105;0
147;18;336;19;4;31;99;4.20;6;2;1;75;0;6867199;684;0
147;18;336;19;4;32;99;3.80;5;2;1;77;0;6867299;970;0
147;18;336;19;4;33;85;3.00;6;2;1;66;0;6867385;165;0
147;18;336;19;4;34;9;4.00;2;1;1;83;0;6867409;361;0
147;18;336;19;4;34;16;3.20;5;2;1;81;0;6867416;99;0
147;18;336;19;4;35;6;3.80;5;2;1;80;0;6867506;75;0
147;18;336;19;4;35;32;3.20;6;2;1;66;0;6867532;130;0
147;18;336;19;4;35;44;3.40;1;1;1;76;0;6867544;658;0
147;18;336;19;4;36;99;4.40;4;1;1;79;0;6867699;986;0
147;18;336;19;4;38;75;4.00;8;2;1;78;0;6867875;3759;0
147;18;336;19;4;39;99;3.20;2;1;1;83;0;6867999;572;0
147;18;336;19;4;39;99;3.20;8;2;1;74;0;6867999;105;0
147;18;336;19;4;40;99;4.00;6;2;1;86;0;6868099;549;0
147;18;336;19;4;40;99;3.20;7;2;1;66;0;6868099;1356;0
147;18;336;19;4;41;82;3.80;3;1;1;74;0;6868182;1410;0
147;18;336;19;4;41;99;3.80;6;2;1;82;0;6868199;83;0
147;18;336;19;4;42;99;3.60;6;2;1;81;0;6868299;83;0
147;18;336;19;4;43;43;3.60;3;1;1;81;0;6868343;142;0
147;18;336;19;4;43;76;3.80;8;2;1;81;0;6868376;361;0
147;18;336;19;4;44;99;3.60;2;1;1;73;0;6868499;486;0
147;18;336;19;4;46;99;3.60;3;1;1;76;0;6868699;340;0
147;18;336;19;4;49;21;3.60;2;1;1;77;0;6868921;404;0
147;18;336;19;4;49;18;3.40;3;1;1;72;0;6868918;201;0
147;18;336;19;4;50;20;4.40;2;1;1;72;0;6869020;82;0
147;18;336;19;4;51;72;3.20;3;1;1;74;0;6869172;237;0
147;18;336;19;4;51;99;3.40;7;2;1;69;0;6869199;1082;0
147;18;336;19;4;52;13;4.20;6;2;1;78;0;6869213;898;0
147;18;336;19;4;53;16;3.60;7;2;1;77;0;6869316;99;0
147;18;336;19;4;54;15;3.40;6;2;1;74;0;6869415;182;0
147;18;336;19;4;54;99;3.40;7;2;1;80;0;6869499;166;0
147;18;336;19;4;56;11;3.00;5;2;1;89;0;6869611;2087;0
147;18;336;19;4;56;3;3.00;7;2;1;74;0;6869603;88;0
147;18;336;19;4;56;99;4.00;5;2;1;90;0;6869699;75;0
147;18;336;19;4;57;13;3.60;3;1;1;80;0;6869713;525;0
147;18;336;19;4;57;99;4.60;3;1;1;82;0;6869799;69;0
147;18;336;19;4;58;11;3.40;6;2;1;74;0;6869811;379;0
147;18;336;19;4;58;9;3.80;1;1;1;82;0;6869809;2248;0
147;18;336;19;4;59;18;4.00;7;2;1;78;0;6869918;300;0
147;18;336;19;5;0;99;4.20;3;1;1;80;0;6870099;279;0
147;18;336;19;5;0;99;4.60;5;2;1;83;0;6870099;384;0
147;18;336;19;5;1;13;4.20;4;1;1;86;0;6870113;2393;0
147;18;336;19;5;2;25;3.20;6;2;1;79;0;6870225;397;0
147;18;336;19;5;2;99;4.00;4;1;1;85;0;6870299;168;0
147;18;336;19;5;2;99;4.00;1;1;1;84;0;6870299;473;0
147;18;336;19;5;3;10;4.00;7;2;1;82;0;6870310;373;0
147;18;336;19;5;5;99;3.40;6;2;1;78;0;6870599;359;0
147;18;336;19;5;7;9;3.80;8;2;1;80;0;6870709;2316;0
147;18;336;19;5;7;99;3.80;6;2;1;79;0;6870799;184;0
147;18;336;19;5;9;99;3.40;7;2;1;81;0;6870999;671;0
147;18;336;19;5;11;32;3.40;6;2;1;80;0;6871132;315;0
147;18;336;19;5;13;14;3.80;6;2;1;81;0;6871314;166;0
147;18;336;19;5;13;6;4.60;3;1;1;72;0;6871306;1188;0
147;18;336;19;5;13;25;3.40;3;1;1;72;0;6871325;-1;0
147;18;336;19;5;14;3;3.80;5;2;1;85;0;6871403;1284;0
147;18;336;19;5;15;99;3.80;7;2;1;75;0;6871599;584;0
147;18;336;19;5;16;3;3.60;5;2;1;87;0;6871603;183;0
147;18;336;19;5;16;9;3.00;2;1;1;75;0;6871609;2567;0
147;18;336;19;5;17;99;3.20;7;2;1;77;0;6871799;181;0
147;18;336;19;5;17;99;4.00;6;2;1;74;0;6871799;468;0
147;18;336;19;5;18;18;3.60;5;2;1;82;0;6871818;200;0
147;18;336;19;5;19;86;3.40;4;1;1;83;0;6871986;1670;0
147;18;336;19;5;19;95;4.20;6;2;1;73;0;6871995;176;0
147;18;336;19;5;20;99;3.60;3;1;1;72;0;6872099;757;0
147;18;336;19;5;21;99;3.80;6;2;1;73;0;6872199;183;0
147;18;336;19;5;22;0;3.20;2;1;1;74;0;6872200;576;0
147;18;336;19;5;22;14;4.00;5;2;1;82;0;6872214;380;0
147;18;336;19;5;22;99;3.20;7;2;1;75;0;6872299;485;0
147;18;336;19;5;23;11;3.80;2;1;1;77;0;6872311;95;0
147;18;336;19;5;25;0;3.40;2;1;1;74;0;6872500;171;0
147;18;336;19;5;25;99;3.80;5;2;1;81;0;6872599;367;0
147;18;336;19;5;27;7;3.80;3;1;1;83;0;6872707;590;0
147;18;336;19;5;27;99;3.80;2;1;1;82;0;6872799;282;0
147;18;336;19;5;28;99;3.60;6;2;1;81;0;6872899;681;0
147;18;336;19;5;29;67;3.60;6;2;1;74;0;6872967;52;0
147;18;336;19;5;30;99;3.40;7;2;1;78;0;6873099;784;0
147;18;336;19;5;31;99;4.60;3;1;1;71;0;6873199;475;0
147;18;336;19;5;31;0;4.00;8;2;1;77;0;6873100;2373;0
147;18;336;19;5;32;31;3.60;5;2;1;90;0;6873231;615;0
147;18;336;19;5;32;99;4.00;6;2;1;75;0;6873299;314;0
147;18;336;19;5;33;99;3.80;6;2;1;74;0;6873399;80;0
147;18;336;19;5;35;99;3.40;6;2;1;76;0;6873599;181;0
147;18;336;19;5;36;21;2.80;3;1;1;79;0;6873621;398;0
147;18;336;19;5;36;99;4.20;8;2;1;85;0;6873699;580;0
147;18;336;19;5;37;99;3.20;6;2;1;80;0;6873799;183;0
147;18;336;19;5;40;99;3.40;6;2;1;76;0;6874099;285;0
147;18;336;19;5;41;99;3.40;4;1;1;81;0;6874199;2198;0
147;18;336;19;5;42;60;3.40;6;2;1;72;0;6874260;144;0
147;18;336;19;5;43;1;3.60;3;1;1;73;0;6874301;667;0
147;18;336;19;5;43;99;3.40;6;2;1;70;0;6874399;122;0
147;18;336;19;5;43;99;3.80;7;2;1;90;0;6874399;1284;0
147;18;336;19;5;44;99;3.40;6;2;1;71;0;6874499;82;0
147;18;336;19;5;44;99;3.40;5;2;1;80;0;6874499;1253;0
147;18;336;19;5;45;1;3.40;2;1;1;80;0;6874501;1685;0
147;18;336;19;5;45;80;3.60;6;2;1;71;0;6874580;63;6874099
147;18;336;19;5;45;99;3.40;7;2;1;76;0;6874599;184;6874099
147;18;336;19;5;47;0;3.40;3;1;1;82;0;6874700;381;0
147;18;336;19;5;48;25;4.00;2;1;1;91;0;6874825;308;0
147;18;336;19;5;48;99;3.40;7;2;1;74;0;6874899;283;0
147;18;336;19;5;49;99;3.60;3;1;1;82;0;6874999;284;0
147;18;336;19;5;49;0;3.60;6;2;1;75;0;6874900;301;0
147;18;336;19;5;50;93;3.80;4;1;1;81;0;6875093;878;0
147;18;336;19;5;50;99;3.60;6;2;1;80;0;6875099;181;0
147;18;336;19;5;51;99;3.60;7;2;1;81;0;6875199;283;0
147;18;336;19;5;53;11;4.00;2;1;1;77;0;6875311;470;0
147;18;336;19;5;55;20;5.40;6;2;1;77;0;6875520;404;0
147;18;336;19;5;56;12;3.20;3;1;1;81;0;6875612;597;0
147;18;336;19;5;56;99;3.20;2;1;1;70;0;6875699;369;0
147;18;336;19;5;57;17;3.20;2;1;1;72;0;6875717;1;0
147;18;336;19;5;57;64;4.00;1;1;1;84;0;6875764;5447;0
147;18;336;19;5;58;99;3.60;4;1;1;81;0;6875899;789;0
147;18;336;19;5;58;99;3.40;3;1;1;72;0;6875899;272;0
147;18;336;19;5;59;1;4.20;7;2;1;77;0;6875901;686;0
147;18;336;19;6;0;24;3.60;4;1;1;84;0;6876024;109;0
147;18;336;19;6;0;13;3.40;3;1;1;70;0;6876013;97;0
147;18;336;19;6;1;2;3.60;5;2;1;83;0;6876102;1587;0
147;18;336;19;6;1;13;3.60;7;2;1;74;0;6876113;192;0
147;18;336;19;6;1;99;3.60;6;2;1;76;0;6876199;653;0
147;18;336;19;6;3;22;3.80;7;2;1;78;0;6876322;191;0
147;18;336;19;6;3;99;4.00;8;2;1;80;0;6876399;2682;0
147;18;336;19;6;3;99;3.60;3;1;1;71;0;6876399;368;0
147;18;336;19;6;4;99;3.00;7;2;1;79;0;6876499;159;0
147;18;336;19;6;5;50;4.00;4;1;1;83;0;6876550;510;0
147;18;336;19;6;5;83;3.40;3;1;1;75;0;6876583;165;0
147;18;336;19;6;6;99;3.60;3;1;1;77;0;6876699;99;0
147;18;336;19;6;8;99;3.60;6;2;1;80;0;6876899;682;0
147;18;336;19;6;9;99;3.80;7;2;1;78;0;6876999;486;0
147;18;336;19;6;9;99;3.60;2;1;1;79;0;6876999;1266;0
147;18;336;19;6;10;18;3.80;4;1;1;83;0;6877018;450;0
147;18;336;19;6;10;97;3.20;6;2;1;79;0;6877097;181;0
147;18;336;19;6;11;99;3.00;6;2;1;78;0;6877199;87;0
147;18;336;19;6;11;99;4.00;5;2;1;81;0;6877199;1081;0
147;18;336;19;6;13;78;3.40;6;2;1;82;0;6877378;165;0
147;18;336;19;6;14;99;3.00;1;1;1;68;0;6877499;1717;0
147;18;336;19;6;15;33;4.40;2;1;1;79;0;6877533;517;0
147;18;336;19;6;16;22;3.60;5;2;1;82;0;6877622;405;0
147;18;336;19;6;16;99;3.80;2;1;1;78;0;6877699;145;0
147;18;336;19;6;18;60;3.40;5;2;1;81;0;6877860;222;0
147;18;336;19;6;18;99;4.00;1;1;1;87;0;6877899;384;0
147;18;336;19;6;19;0;4.00;7;2;1;84;0;6877900;883;0
147;18;336;19;6;18;99;3.60;8;2;1;72;0;6877899;1482;0
147;18;336;19;6;19;23;3.40;5;2;1;83;0;6877923;47;0
147;18;336;19;6;20;18;3.00;5;2;1;81;0;6878018;80;0
147;18;336;19;6;20;2;3.80;3;1;1;68;0;6878002;1286;0
147;18;336;19;6;20;0;3.20;6;2;1;57;0;6878000;607;0
147;18;336;19;6;20;15;4.00;2;1;1;71;0;6878015;298;0
147;18;336;19;6;21;15;3.40;5;2;1;76;0;6878115;83;0
147;18;336;19;6;24;99;4.00;6;2;1;81;0;6878499;478;0
147;18;336;19;6;24;99;3.40;7;2;1;69;0;6878499;581;0
147;18;336;19;6;25;33;3.60;5;2;1;85;0;6878533;401;0
147;18;336;19;6;27;99;3.80;1;1;1;73;0;6878799;883;0
147;18;336;19;6;30;2;3.20;6;2;1;79;0;6879002;485;0
147;18;336;19;6;30;39;3.20;3;1;1;71;0;6879039;1016;0
147;18;336;19;6;32;13;4.40;6;2;1;80;0;6879213;196;0
147;18;336;19;6;32;99;4.00;3;1;1;85;0;6879299;243;0
147;18;336;19;6;34;99;4.00;4;1;1;86;0;6879499;2464;0
147;18;336;19;6;35;99;3.60;6;2;1;80;0;6879599;366;0
147;18;336;19;6;35;21;7.40;2;1;6;73;0;6879521;1485;0
147;18;336;19;6;36;18;3.40;4;1;1;84;0;6879618;102;0
147;18;336;19;6;36;99;4.20;5;2;1;92;0;6879699;1150;0
147;18;336;19;6;36;99;3.00;2;1;1;73;0;6879699;141;0
147;18;336;19;6;37;11;3.60;6;2;1;80;0;6879711;95;0
147;18;336;19;6;37;99;3.60;7;2;1;78;0;6879799;1282;0
147;18;336;19;6;38;55;3.00;7;2;1;78;0;6879855;39;0
147;18;336;19;6;38;76;3.60;2;1;1;76;0;6879876;162;0
147;18;336;19;6;40;99;3.80;3;1;1;71;0;6880099;783;0
147;18;336;19;6;40;99;3.60;5;2;1;88;0;6880099;383;0
147;18;336;19;6;40;27;3.80;6;2;1;85;0;6880027;299;0
147;18;336;19;6;41;99;4.20;5;2;1;94;0;6880199;85;0
147;18;336;19;6;41;99;4.60;7;2;1;79;0;6880199;330;0
147;18;336;19;6;42;99;4.20;2;1;1;77;0;6880299;405;0
147;18;336;19;6;42;99;3.40;6;2;1;80;0;6880299;255;0
147;18;336;19;6;43;26;3.40;3;1;1;78;0;6880326;207;0
147;18;336;19;6;43;66;3.80;7;2;1;86;0;6880366;146;0
147;18;336;19;6;44;98;3.80;6;2;1;82;0;6880498;183;0
147;18;336;19;6;44;99;3.60;4;1;1;90;0;6880499;866;0
147;18;336;19;6;45;6;3.80;4;1;1;93;0;6880506;-1;0
147;18;336;19;6;47;18;3.20;3;1;1;77;0;6880718;376;0
147;18;336;19;6;47;99;4.00;4;1;1;93;0;6880799;278;0
147;18;336;19;6;47;99;3.40;2;1;1;79;0;6880799;480;0
147;18;336;19;6;47;99;3.60;3;1;1;86;0;6880799;66;0
147;18;336;19;6;47;99;3.40;7;2;1;77;0;6880799;417;0
147;18;336;19;6;48;57;3.80;2;1;1;78;0;6880857;42;0
147;18;336;19;6;48;57;7.00;6;2;1;79;0;6880857;342;0
147;18;336;19;6;50;2;4.40;4;1;1;95;0;6881002;187;0
147;18;336;19;6;51;68;3.40;6;2;1;82;0;6881168;279;0
147;18;336;19;6;52;99;3.60;7;2;1;72;0;6881299;484;0
147;18;336;19;6;53;18;3.60;6;2;1;77;0;6881318;135;0
147;18;336;19;6;54;18;3.80;7;2;1;74;0;6881418;101;0
147;18;336;19;6;57;99;3.20;1;1;1;77;0;6881799;2981;0
147;18;336;19;6;57;99;3.60;6;2;1;90;0;6881799;464;0
147;18;336;19;6;58;4;3.80;3;1;1;79;0;6881804;989;0
147;18;336;19;6;58;99;3.80;4;1;1;78;0;6881899;880;0
147;18;336;19;6;59;82;3.40;2;1;1;82;0;6881982;1107;0
147;18;336;19;6;59;99;4.60;6;2;1;80;0;6881999;185;0
147;18;336;19;7;0;99;3.60;2;1;1;81;0;6882099;102;0
147;18;336;19;7;1;0;3.80;3;1;1;78;0;6882100;278;0
147;18;336;19;7;1;20;3.20;7;2;1;79;0;6882120;683;0
147;18;336;19;7;1;40;4.00;5;2;1;84;0;6882140;1924;0
147;18;336;19;7;2;99;3.60;1;1;1;79;0;6882299;485;0
147;18;336;19;7;3;12;3.20;6;2;1;77;0;6882312;292;0
147;18;336;19;7;3;16;3.40;7;2;1;74;0;6882316;181;0
147;18;336;19;7;4;94;5.40;5;2;1;82;0;6882494;336;0
147;18;336;19;7;6;29;3.20;6;2;1;81;0;6882629;302;0
147;18;336;19;7;6;54;3.20;3;1;1;81;0;6882654;536;0
147;18;336;19;7;6;61;3.40;7;2;1;90;0;6882661;328;0
147;18;336;19;7;7;99;3.60;6;2;1;76;0;6882799;155;0
147;18;336;19;7;7;99;3.40;7;2;1;79;0;6882799;124;0
147;18;336;19;7;8;11;3.60;5;2;1;81;0;6882811;293;0
147;18;336;19;7;8;16;3.60;4;1;1;79;0;6882816;899;0
147;18;336;19;7;10;7;3.60;3;1;1;73;0;6883007;338;0
147;18;336;19;7;10;11;3.40;6;2;1;74;0;6883011;194;0
147;18;336;19;7;10;99;3.20;8;2;1;81;0;6883099;5182;0
147;18;336;19;7;11;14;3.60;7;2;1;75;0;6883114;299;0
147;18;336;19;7;11;19;3.20;1;1;1;75;0;6883119;803;0
147;18;336;19;7;11;0;6.80;4;1;1;77;0;6883100;267;0
147;18;336;19;7;11;52;3.20;6;2;1;75;0;6883152;124;0
147;18;336;19;7;12;3;3.00;7;2;1;77;0;6883203;71;0
147;18;336;19;7;12;18;3.20;5;2;1;80;0;6883218;391;0
147;18;336;19;7;12;91;3.80;3;1;1;78;0;6883291;266;0
147;18;336;19;7;13;99;3.80;6;2;1;74;0;6883399;231;0
147;18;336;19;7;13;99;3.20;2;1;1;74;0;6883399;1284;0
147;18;336;19;7;14;46;3.60;6;2;1;73;0;6883446;28;0
147;18;336;19;7;15;14;3.40;3;1;1;77;0;6883514;205;0
147;18;336;19;7;15;99;3.40;5;2;1;83;0;6883599;366;0
147;18;336;19;7;16;11;3.20;7;2;1;74;0;6883611;393;0
147;18;336;19;7;16;27;3.80;3;1;1;76;0;6883627;97;0
147;18;336;19;7;17;4;3.60;5;2;1;83;0;6883704;90;0
147;18;336;19;7;17;99;3.40;2;1;1;77;0;6883799;384;0
147;18;336;19;7;17;99;3.40;6;2;1;80;0;6883799;335;0
147;18;336;19;7;19;14;3.00;6;2;1;76;0;6883914;99;0
147;18;336;19;7;19;73;3.20;3;1;1;85;0;6883973;328;0
147;18;336;19;7;20;99;3.40;2;1;1;74;0;6884099;284;0
147;18;336;19;7;21;12;3.60;5;2;1;80;0;6884112;392;0
147;18;336;19;7;21;18;3.60;6;2;1;73;0;6884118;189;0
147;18;336;19;7;21;99;3.80;4;1;1;85;0;6884199;1067;0
147;18;336;19;7;22;10;3.60;3;1;1;80;0;6884210;223;0
147;18;336;19;7;22;58;3.00;2;1;1;72;0;6884258;142;0
147;18;336;19;7;23;99;4.20;4;1;1;84;0;6884399;183;0
147;18;336;19;7;23;99;3.60;2;1;1;77;0;6884399;126;0
147;18;336;19;7;24;8;3.40;6;2;1;69;0;6884408;272;0
147;18;336;19;7;25;16;3.80;5;2;1;84;0;6884516;387;0
147;18;336;19;7;25;84;5.80;6;2;1;70;0;6884584;158;0
147;18;336;19;7;25;99;3.60;4;1;1;82;0;6884599;182;0
147;18;336;19;7;26;17;3.20;3;1;1;75;0;6884617;390;0
147;18;336;19;7;27;64;3.80;6;2;1;73;0;6884764;150;0
147;18;336;19;7;28;11;3.40;3;1;1;71;0;6884811;178;0
147;18;336;19;7;28;99;4.40;8;2;1;81;0;6884899;1785;0
147;18;336;19;7;28;99;3.40;2;1;1;80;0;6884899;483;0
147;18;336;19;7;29;30;3.40;5;2;1;83;0;6884930;397;0
147;18;336;19;7;30;21;3.80;3;1;1;78;0;6885021;192;0
147;18;336;19;7;30;94;3.60;2;1;1;77;0;6885094;179;0
147;18;336;19;7;31;99;3.60;4;1;1;78;0;6885199;584;0
147;18;336;19;7;32;51;3.20;3;1;1;79;0;6885251;212;0
147;18;336;19;7;33;14;3.60;6;2;1;81;0;6885314;531;0
147;18;336;19;7;33;99;3.20;7;2;1;74;0;6885399;1772;0
147;18;336;19;7;33;99;4.00;2;1;1;74;0;6885399;288;0
147;18;336;19;7;33;99;4.00;4;1;1;81;0;6885399;183;0
147;18;336;19;7;34;99;5.00;6;2;1;79;0;6885499;169;0
147;18;336;19;7;35;87;16.00;2;1;4;78;0;6885587;168;0
147;18;336;19;7;36;99;3.60;7;2;1;81;0;6885699;284;0
147;18;336;19;7;37;13;3.00;3;1;1;77;0;6885713;447;0
147;18;336;19;7;36;60;17.40;4;1;4;82;0;6885660;243;0
147;18;336;19;7;37;91;4.60;2;1;1;83;0;6885791;130;0
147;18;336;19;7;38;99;3.40;2;1;1;72;0;6885899;88;0
147;18;336;19;7;39;99;3.40;7;2;1;88;0;6885999;284;0
147;18;336;19;7;39;99;3.60;3;1;1;79;0;6885999;271;0
147;18;336;19;7;39;31;3.80;2;1;1;72;0;6885931;15;6885399
147;18;336;19;7;41;4;3.00;1;1;1;82;0;6886104;2969;0
147;18;336;19;7;41;3;3.80;7;2;1;78;0;6886103;90;0
147;18;336;19;7;41;99;3.80;6;2;1;86;0;6886199;677;0
147;18;336;19;7;41;99;3.20;3;1;1;78;0;6886199;183;0
147;18;336;19;7;41;76;19.00;2;1;5;72;0;6886176;226;0
147;18;336;19;7;44;99;3.60;6;2;1;82;0;6886499;284;0
147;18;336;19;7;44;99;3.80;3;1;1;75;0;6886499;285;0
147;18;336;19;7;44;10;3.60;5;2;1;84;0;6886410;1465;0
147;18;336;19;7;46;99;3.60;5;2;1;84;0;6886699;273;0
147;18;336;19;7;46;99;3.80;6;2;1;80;0;6886699;184;0
147;18;336;19;7;46;99;3.40;3;1;1;70;0;6886699;181;0
147;18;336;19;7;46;99;3.20;4;1;1;80;0;6886699;962;0
147;18;336;19;7;47;39;3.20;3;1;1;69;0;6886739;22;0
147;18;336;19;7;48;99;4.00;7;2;1;82;0;6886899;778;0
147;18;336;19;7;49;99;3.60;4;1;1;80;0;6886999;285;0
147;18;336;19;7;50;1;4.40;1;1;1;86;0;6887001;883;0
147;18;336;19;7;50;87;3.40;2;1;1;82;0;6887087;816;0
147;18;336;19;7;51;99;3.60;4;1;1;83;0;6887199;183;0
147;18;336;19;7;53;20;3.80;1;1;1;83;0;6887320;300;0
147;18;336;19;7;53;99;3.80;6;2;1;79;0;6887399;682;0
147;18;336;19;7;53;99;3.80;3;1;1;83;0;6887399;643;0
147;18;336;19;7;54;99;3.40;4;1;1;85;0;6887499;284;0
147;18;336;19;7;54;99;3.80;6;2;1;77;0;6887499;82;0
147;18;336;19;7;55;55;3.60;7;2;1;79;0;6887555;638;0
147;18;336;19;7;55;93;3.60;8;2;1;86;0;6887593;2674;0
147;18;336;19;7;56;99;3.80;4;1;1;82;0;6887699;185;0
147;18;336;19;7;56;99;3.40;8;2;1;86;0;6887699;90;0
147;18;336;19;7;56;99;3.80;3;1;1;73;0;6887699;283;0
147;18;336;19;7;57;23;3.80;2;1;1;80;0;6887723;621;0
147;18;336;19;7;58;7;3.80;2;1;1;80;0;6887807;66;0
147;18;336;19;7;59;99;17.80;3;1;4;77;0;6887999;281;0
147;18;336;19;7;59;99;3.80;2;1;1;77;0;6887999;174;0
147;18;336;19;8;1;20;3.00;2;1;1;82;0;6888120;103;0
147;18;336;19;8;1;99;3.20;4;1;1;87;0;6888199;483;0
147;18;336;19;8;1;99;4.40;6;2;1;91;0;6888199;682;0
147;18;336;19;8;1;99;3.60;3;1;1;73;0;6888199;116;0
147;18;336;19;8;2;99;7.20;1;1;6;77;0;6888299;962;0
147;18;336;19;8;3;16;3.40;3;1;1;72;0;6888316;99;0
147;18;336;19;8;3;99;3.20;7;2;1;85;0;6888399;827;0
147;18;336;19;8;4;99;3.40;3;1;1;78;0;6888499;166;0
147;18;336;19;8;5;21;4.40;4;1;1;84;0;6888521;308;0
147;18;336;19;8;6;99;3.60;6;2;1;77;0;6888699;482;0
147;18;336;19;8;7;3;4.00;3;1;1;74;0;6888703;188;6887999
147;18;336;19;8;7;99;3.40;6;2;1;77;0;6888799;83;6887999
147;18;336;19;8;8;81;3.60;1;1;1;77;0;6888881;548;0
147;18;336;19;8;8;60;5.00;7;2;1;73;0;6888860;447;0
147;18;336;19;8;9;99;3.60;6;2;1;76;0;6888999;184;0
147;18;336;19;8;10;47;4.00;5;2;1;79;0;6889047;2332;0
147;18;336;19;8;11;94;3.80;6;2;1;76;0;6889194;177;0
147;18;336;19;8;12;20;3.60;8;2;1;75;0;6889220;1506;0
147;18;336;19;8;12;99;3.80;2;1;1;79;0;6889299;1165;0
147;18;336;19;8;12;99;3.80;6;2;1;80;0;6889299;87;6888699
147;18;336;19;8;14;25;3.60;3;1;1;82;0;6889425;702;0
147;18;336;19;8;12;92;4.00;7;2;1;22;0;6889292;407;0
147;18;336;19;8;14;99;3.40;2;1;1;79;0;6889499;182;0
147;18;336;19;8;16;99;3.20;6;2;1;81;0;6889699;382;0
147;18;336;19;8;17;99;3.00;3;1;1;80;0;6889799;358;0
147;18;336;19;8;18;70;3.40;4;1;1;79;0;6889870;1330;0
147;18;336;19;8;18;90;3.40;7;2;1;75;0;6889890;532;0
147;18;336;19;8;19;99;4.40;7;2;1;80;0;6889999;92;0
147;18;336;19;8;20;15;3.20;3;1;1;79;0;6890015;202;0
147;18;336;19;8;20;99;4.60;4;1;1;83;0;6890099;213;0
147;18;336;19;8;20;1;4.20;5;2;1;78;0;6890001;935;0
147;18;336;19;8;20;25;3.60;6;2;1;84;0;6890025;311;0
147;18;336;19;8;21;99;3.80;4;1;1;83;0;6890199;80;0
147;18;336;19;8;22;99;3.20;2;1;1;78;0;6890299;784;0
147;18;336;19;8;23;4;3.60;3;1;1;79;0;6890304;274;0
147;18;336;19;8;24;4;3.60;6;2;1;76;0;6890404;363;0
147;18;336;19;8;25;14;3.20;4;1;1;82;0;6890514;298;0
147;18;336;19;8;25;99;3.80;5;2;1;82;0;6890599;578;0
147;18;336;19;8;25;1;3.20;6;2;1;78;0;6890501;79;0
147;18;336;19;8;26;76;3.20;3;1;1;77;0;6890676;355;0
147;18;336;19;8;26;99;4.20;7;2;1;85;0;6890699;680;0
147;18;336;19;8;27;99;3.60;3;1;1;72;0;6890799;108;0
147;18;336;19;8;28;14;3.60;5;2;1;80;0;6890814;198;0
147;18;336;19;8;28;19;3.20;2;1;1;72;0;6890819;505;0
147;18;336;19;8;28;49;3.60;4;1;1;77;0;6890849;320;0
147;18;336;19;8;27;66;5.80;7;2;1;27;0;6890766;49;0
147;18;336;19;8;29;99;4.20;2;1;1;72;0;6890999;164;0
147;18;336;19;8;29;99;3.40;3;1;1;76;0;6890999;182;0
147;18;336;19;8;30;99;3.80;6;2;1;77;0;6891099;583;0
147;18;336;19;8;32;4;4.20;6;2;1;80;0;6891204;87;0
147;18;336;19;8;36;3;3.80;3;1;1;78;0;6891603;587;0
147;18;336;19;8;37;99;3.60;6;2;1;77;0;6891799;576;0
147;18;336;19;8;37;99;3.40;2;1;1;80;0;6891799;779;0
147;18;336;19;8;38;9;3.40;6;2;1;77;0;6891809;-1;0
147;18;336;19;8;39;99;4.00;4;1;1;80;0;6891999;1133;0
147;18;336;19;8;40;99;3.80;3;1;1;82;0;6892099;478;0
147;18;336;19;8;41;11;4.20;4;1;1;80;0;6892111;94;0
147;18;336;19;8;41;96;3.20;6;2;1;83;0;6892196;371;0
147;18;336;19;8;42;18;3.60;2;1;1;79;0;6892218;403;0
147;18;336;19;8;42;99;3.80;4;1;1;83;0;6892299;169;0
147;18;336;19;8;43;16;3.60;3;1;1;76;0;6892316;200;0
147;18;336;19;8;44;25;3.60;4;1;1;85;0;6892425;109;0
147;18;336;19;8;44;99;3.40;6;2;1;78;0;6892499;289;0
147;18;336;19;8;45;99;3.60;3;1;1;77;0;6892599;265;0
147;18;336;19;8;47;13;3.80;6;2;1;82;0;6892713;198;0
147;18;336;19;8;48;99;3.60;2;1;1;73;0;6892899;664;0
147;18;336;19;8;49;72;4.60;4;1;1;81;0;6892972;531;0
147;18;336;19;8;49;89;3.20;3;1;1;73;0;6892989;373;0
147;18;336;19;8;50;99;3.80;5;2;1;83;0;6893099;2268;0
147;18;336;19;8;50;99;3.40;2;1;1;72;0;6893099;182;0
147;18;336;19;8;51;9;3.60;6;2;1;79;0;6893109;379;0
147;18;336;19;8;51;27;3.80;2;1;1;74;0;6893127;11;0
147;18;336;19;8;51;31;3.20;3;1;1;74;0;6893131;126;0
147;18;336;19;8;51;41;4.00;4;1;1;80;0;6893141;148;0
147;18;336;19;8;53;11;4.00;5;2;1;80;0;6893311;195;0
147;18;336;19;8;50;72;4.00;7;2;1;13;0;6893072;2228;0
147;18;336;19;8;53;13;3.60;5;2;1;84;0;6893313;-1;0
147;18;336;19;8;54;18;3.60;4;1;1;81;0;6893418;259;0
147;18;336;19;8;54;15;3.40;2;1;1;75;0;6893415;269;0
147;18;336;19;8;55;99;3.40;6;2;1;77;0;6893599;473;0
147;18;336;19;8;55;99;4.00;8;2;1;76;0;6893599;4361;0
147;18;336;19;8;56;3;3.60;6;2;1;72;0;6893603;-1;0
147;18;336;19;8;56;99;3.60;2;1;1;72;0;6893699;267;0
147;18;336;19;8;57;0;3.60;6;2;1;75;0;6893700;79;0
147;18;336;19;8;59;85;3.80;6;2;1;74;0;6893985;267;0
147;18;336;19;9;1;99;3.20;1;1;1;71;0;6894199;5301;0
147;18;336;19;9;1;99;4.00;8;2;1;75;0;6894199;581;0
147;18;336;19;8;58;45;4.00;7;2;1;12;0;6893845;662;0
147;18;336;19;9;2;99;3.60;5;2;1;78;0;6894299;970;0
147;18;336;19;9;4;0;3.20;6;2;1;72;0;6894400;396;0
147;18;336;19;9;6;31;4.00;5;2;1;82;0;6894631;315;0
147;18;336;19;9;7;99;3.80;3;1;1;81;0;6894799;1652;0
147;18;336;19;9;8;99;3.40;3;1;1;79;0;6894899;83;0
147;18;336;19;9;9;15;3.80;7;2;1;67;0;6894915;950;0
147;18;336;19;9;11;99;3.20;2;1;1;77;0;6895199;1482;0
147;18;336;19;9;15;99;3.60;3;1;1;77;0;6895599;684;0
147;18;336;19;9;18;99;3.60;2;1;1;81;0;6895899;685;0
147;18;336;19;9;19;99;3.80;7;2;1;77;0;6895999;1063;0
147;18;336;19;9;20;99;3.60;2;1;1;77;0;6896099;184;0
147;18;336;19;9;21;99;3.80;3;1;1;81;0;6896199;583;0
147;18;336;19;9;21;99;4.00;5;2;1;81;0;6896199;1550;0
147;18;336;19;9;22;74;6.80;3;1;1;79;0;6896274;58;0
147;18;336;19;9;23;99;3.60;1;1;1;89;0;6896399;2183;0
147;18;336;19;9;23;99;3.60;6;2;1;75;0;6896399;1983;0
147;18;336;19;9;24;16;4.40;2;1;1;74;0;6896416;300;0
147;18;336;19;9;25;99;3.60;3;1;1;74;0;6896599;294;0
147;18;336;19;9;26;99;3.20;5;2;1;77;0;6896699;482;0
147;18;336;19;9;27;17;3.60;5;2;1;76;0;6896717;3;0
147;18;336;19;9;27;16;3.40;6;2;1;72;0;6896716;299;0
147;18;336;19;9;27;49;3.60;3;1;1;77;0;6896749;132;0
147;18;336;19;9;28;99;3.60;2;1;1;74;0;6896899;461;0
147;18;336;19;9;30;83;3.80;2;1;1;76;0;6897083;166;0
147;18;336;19;9;30;93;3.60;6;2;1;77;0;6897093;360;0
147;18;336;19;9;31;99;3.40;3;1;1;78;0;6897199;433;0
147;18;336;19;9;32;29;3.80;5;2;1;90;0;6897229;494;0
147;18;336;19;9;32;1;5.20;7;2;1;84;0;6897201;1184;0
147;18;336;19;9;32;35;3.00;3;1;1;76;0;6897235;20;0
147;18;336;19;9;33;99;3.60;6;2;1;68;0;6897399;289;0
147;18;336;19;9;34;99;3.80;3;1;1;79;0;6897499;249;0
147;18;336;19;9;34;99;3.20;6;2;1;67;0;6897499;80;0
147;18;336;19;9;34;22;4.00;2;1;1;84;0;6897422;321;0
147;18;336;19;9;35;13;3.80;5;2;1;84;0;6897513;268;0
147;18;336;19;9;36;99;3.80;5;2;1;79;0;6897699;169;0
147;18;336;19;9;36;99;3.60;6;2;1;65;0;6897699;182;0
147;18;336;19;9;38;99;3.20;4;1;1;88;0;6897899;4465;0
147;18;336;19;9;38;68;14.20;3;1;4;81;0;6897868;351;0
147;18;336;19;9;40;15;3.40;6;2;1;76;0;6898015;296;0
147;18;336;19;9;41;2;3.40;3;1;1;73;0;6898102;170;0
147;18;336;19;9;41;99;3.60;2;1;1;73;0;6898199;759;0
147;18;336;19;9;41;99;3.60;5;2;1;83;0;6898199;482;0
147;18;336;19;9;42;16;4.00;2;1;1;75;0;6898216;-1;0
147;18;336;19;9;42;38;3.80;8;2;1;87;0;6898238;4019;0
147;18;336;19;9;44;99;3.80;6;2;1;81;0;6898499;467;0
147;18;336;19;9;44;99;3.60;3;1;1;82;0;6898499;380;0
147;18;336;19;9;45;43;3.80;4;1;1;83;0;6898543;630;0
147;18;336;19;9;45;89;3.80;2;1;1;87;0;6898589;353;0
147;18;336;19;9;47;19;3.20;6;2;1;73;0;6898719;203;0
147;18;336;19;9;48;12;4.00;2;1;1;80;0;6898812;207;0
147;18;336;19;9;49;15;4.00;7;2;1;77;0;6898915;1691;0
147;18;336;19;9;49;99;3.00;2;1;1;76;0;6898999;169;0
147;18;336;19;9;49;99;4.60;7;2;1;77;0;6898999;65;0
147;18;336;19;9;51;1;3.80;3;1;1;68;0;6899101;586;0
147;18;336;19;9;51;24;4.00;2;1;1;77;0;6899124;110;0
147;18;336;19;9;51;99;3.60;5;2;1;89;0;6899199;984;0
147;18;336;19;9;52;99;3.40;3;1;1;70;0;6899299;177;0
147;18;336;19;9;52;99;3.40;6;2;1;75;0;6899299;564;0
147;18;336;19;9;52;99;3.60;4;1;1;85;0;6899299;739;0
147;18;336;19;9;52;99;3.80;5;2;1;85;0;6899299;85;0
147;18;336;19;9;53;53;3.60;3;1;1;71;0;6899353;36;0
147;18;336;19;9;54;13;3.00;6;2;1;79;0;6899413;97;0
147;18;336;19;9;54;99;3.60;2;1;1;78;0;6899499;356;0
147;18;336;19;9;54;99;3.40;5;2;1;84;0;6899499;183;0
147;18;336;19;9;54;99;3.60;7;2;1;76;0;6899499;478;0
147;18;336;19;9;55;8;10.80;3;1;7;57;0;6899508;136;0
147;18;336;19;9;56;99;3.40;6;2;1;72;0;6899699;272;0
147;18;336;19;9;57;99;3.40;6;2;1;71;0;6899799;83;0
147;18;336;19;9;57;99;3.40;2;1;1;74;0;6899799;283;0
147;18;336;19;9;59;99;4.00;7;2;1;71;0;6899999;482;0
147;18;336;19;10;0;99;3.60;5;2;1;75;0;6900099;585;0
147;18;336;19;10;0;14;3.60;6;2;1;69;0;6900014;197;0
147;18;336;19;10;3;46;3.00;3;1;1;71;0;6900346;769;0
147;18;336;19;10;3;71;3.40;5;2;1;83;0;6900371;254;0
147;18;336;19;10;3;89;3.40;2;1;1;88;0;6900389;573;0
147;18;336;19;10;4;10;3.00;6;2;1;70;0;6900410;377;0
147;18;336;19;10;4;99;3.80;7;2;1;76;0;6900499;479;0
147;18;336;19;10;5;0;3.20;3;1;1;74;0;6900500;138;0
147;18;336;19;10;6;99;4.00;4;1;1;88;0;6900699;1384;0
147;18;336;19;10;6;97;8.20;3;1;1;75;0;6900697;181;0
147;18;336;19;10;7;99;3.40;3;1;1;79;0;6900799;62;0
147;18;336;19;10;8;55;3.60;4;1;1;85;0;6900855;139;0
147;18;336;19;10;8;86;4.00;2;1;1;75;0;6900886;483;0
147;18;336;19;10;9;5;3.80;8;2;1;73;0;6900905;2651;0
147;18;336;19;10;9;99;3.00;6;2;1;70;0;6900999;573;0
147;18;336;19;10;10;22;5.00;5;2;1;87;0;6901022;636;0
147;18;336;19;10;11;25;3.80;3;1;1;84;0;6901125;310;0
147;18;336;19;10;13;30;3.20;2;1;1;82;0;6901330;424;0
147;18;336;19;10;13;26;3.20;7;2;1;70;0;6901326;809;0
147;18;336;19;10;13;37;3.40;6;2;1;76;0;6901337;322;0
147;18;336;19;10;14;99;4.00;5;2;1;81;0;6901499;456;0
147;18;336;19;10;14;99;3.40;3;1;1;76;0;6901499;357;0
147;18;336;19;10;15;9;4.20;4;1;1;81;0;6901509;638;0
147;18;336;19;10;15;11;3.60;6;2;1;74;0;6901511;157;0
147;18;336;19;10;16;99;3.20;3;1;1;79;0;6901699;183;0
147;18;336;19;10;17;9;3.40;2;1;1;76;0;6901709;364;0
147;18;336;19;10;18;99;3.80;1;1;1;76;0;6901899;5485;0
147;18;336;19;10;19;99;3.60;2;1;1;75;0;6901999;273;0
147;18;336;19;10;20;7;3.60;4;1;1;80;0;6902007;479;0
147;18;336;19;10;20;99;3.40;3;1;1;73;0;6902099;385;0
147;18;336;19;10;21;93;3.20;6;2;1;76;0;6902193;664;0
147;18;336;19;10;21;99;2.80;5;2;1;81;0;6902199;682;0
147;18;336;19;10;21;99;3.60;3;1;1;74;0;6902199;83;0
147;18;336;19;10;23;36;3.20;4;1;1;77;0;6902336;312;0
147;18;336;19;10;23;55;3.60;6;2;1;87;0;6902355;146;0
147;18;336;19;10;24;99;3.20;3;1;1;76;0;6902499;282;0
147;18;336;19;10;24;99;3.60;6;2;1;91;0;6902499;129;0
147;18;336;19;10;25;99;3.40;3;1;1;73;0;6902599;84;0
147;18;336;19;10;26;16;3.80;2;1;1;71;0;6902616;599;0
147;18;336;19;10;27;2;3.80;6;2;1;79;0;6902702;188;0
147;18;336;19;10;27;20;3.40;3;1;1;74;0;6902720;104;0
147;18;336;19;10;28;7;3.40;2;1;1;71;0;6902807;171;0
147;18;336;19;10;28;99;3.60;3;1;1;79;0;6902899;162;0
147;18;336;19;10;31;1;4.00;2;1;1;77;0;6903101;276;0
147;18;336;19;10;31;57;3.60;6;2;1;78;0;6903157;437;0
147;18;336;19;10;32;99;4.00;3;1;1;81;0;6903299;383;0
147;18;336;19;10;33;24;3.80;5;2;1;80;0;6903324;1112;0
147;18;336;19;10;33;24;3.40;1;1;1;66;0;6903324;1407;0
147;18;336;19;10;34;86;3.40;6;2;1;74;0;6903486;312;0
147;18;336;19;10;35;99;3.40;7;2;1;84;0;6903599;2256;0
147;18;336;19;10;35;99;3.00;2;1;1;72;0;6903599;479;0
147;18;336;19;10;37;99;3.20;4;1;1;87;0;6903799;1448;0
147;18;336;19;10;38;16;3.60;8;2;1;81;0;6903816;2892;0
147;18;336;19;10;38;7;3.80;3;1;1;85;0;6903807;490;0
147;18;336;19;10;40;99;3.40;7;2;1;76;0;6904099;485;0
147;18;336;19;10;41;3;3.60;5;2;1;87;0;6904103;761;0
147;18;336;19;10;41;10;3.20;6;2;1;72;0;6904110;607;0
147;18;336;19;10;45;23;3.80;2;1;1;82;0;6904523;909;0
147;18;336;19;10;46;99;3.80;2;1;1;77;0;6904699;159;0
147;18;336;19;10;46;30;4.60;8;2;1;80;0;6904630;798;0
147;18;336;19;10;47;5;3.80;6;2;1;74;0;6904705;579;0
147;18;336;19;10;48;7;3.20;6;2;1;75;0;6904807;83;0
147;18;336;19;10;49;0;3.80;6;2;1;75;0;6904900;77;0
147;18;336;19;10;49;59;3.40;5;2;1;79;0;6904959;841;0
147;18;336;19;10;49;72;4.40;3;1;1;78;0;6904972;1148;0
147;18;336;19;10;50;7;3.60;4;1;1;78;0;6905007;1194;0
147;18;336;19;10;51;8;3.80;8;2;1;82;0;6905108;457;0
147;18;336;19;10;51;18;3.60;1;1;1;80;0;6905118;1775;0
147;18;336;19;10;53;16;3.00;5;2;1;87;0;6905316;341;0
147;18;336;19;10;53;8;3.60;1;1;1;80;0;6905308;173;0
147;18;336;19;10;55;99;3.20;8;2;1;77;0;6905599;474;0
147;18;336;19;10;56;99;3.20;6;2;1;72;0;6905699;780;0
147;18;336;19;10;56;99;8.00;3;1;6;78;0;6905699;706;0
147;18;336;19;10;57;71;3.60;8;2;1;79;0;6905771;157;0
147;18;336;19;10;58;99;3.60;3;1;1;78;0;6905899;163;0
147;18;336;19;10;58;99;3.40;6;2;1;78;0;6905899;184;0
147;18;336;19;10;59;5;3.00;8;2;1;78;0;6905905;117;0
147;18;336;19;10;59;37;3.80;4;1;1;84;0;6905937;913;0
147;18;336;19;10;59;70;4.20;3;1;1;78;0;6905970;54;0
147;18;336;19;11;2;66;3.80;8;2;1;71;0;6906266;347;0
147;18;336;19;11;3;7;3.80;7;2;1;82;0;6906307;2191;0
147;18;336;19;11;4;43;3.80;8;2;1;76;0;6906443;157;0
147;18;336;19;11;5;0;3.60;1;1;1;83;0;6906500;1175;0
147;18;336;19;11;5;99;3.60;6;2;1;73;0;6906599;684;0
147;18;336;19;11;6;99;3.40;4;1;1;90;0;6906699;745;0
147;18;336;19;11;6;99;3.40;5;2;1;76;0;6906699;1370;0
147;18;336;19;11;7;61;3.80;1;1;1;84;0;6906761;245;0
147;18;336;19;11;8;99;3.60;1;1;1;79;0;6906899;121;0
147;18;336;19;11;9;99;3.80;5;2;1;80;0;6906999;283;0
147;18;336;19;11;9;5;3.40;6;2;1;75;0;6906905;288;0
147;18;336;19;11;9;20;3.60;2;1;1;78;0;6906920;2203;0
147;18;336;19;11;11;99;4.00;3;1;1;84;0;6907199;1209;0
147;18;336;19;11;11;99;3.60;1;1;1;81;0;6907199;283;0
147;18;336;19;11;11;99;4.60;6;2;1;77;0;6907199;277;0
147;18;336;19;11;12;75;3.00;6;2;1;81;0;6907275;54;0
147;18;336;19;11;12;75;3.40;3;1;1;79;0;6907275;58;0
147;18;336;19;11;14;7;3.80;4;1;1;79;0;6907407;694;0
147;18;336;19;11;14;99;3.80;6;2;1;81;0;6907499;210;0
147;18;336;19;11;14;13;3.20;2;1;1;75;0;6907413;476;0
147;18;336;19;11;15;99;3.80;5;2;1;81;0;6907599;582;0
147;18;336;19;11;17;15;3.60;2;1;1;74;0;6907715;286;0
147;18;336;19;11;17;44;3.80;7;2;1;77;0;6907744;1420;0
147;18;336;19;11;19;14;3.80;2;1;1;72;0;6907914;181;0
147;18;336;19;11;20;71;3.80;1;1;1;72;0;6908071;856;0
147;18;336;19;11;20;99;3.60;3;1;1;75;0;6908099;808;0
147;18;336;19;11;21;99;3.60;4;1;1;78;0;6908199;774;0
147;18;336;19;11;22;33;4.80;4;1;1;76;0;6908233;17;0
147;18;336;19;11;23;26;3.80;5;2;1;81;0;6908326;710;0
147;18;336;19;11;23;99;3.20;6;2;1;77;0;6908399;883;0
147;18;336;19;11;24;99;3.60;6;2;1;77;0;6908499;85;0
147;18;336;19;11;24;99;4.60;4;1;1;75;0;6908499;243;0
147;18;336;19;11;24;13;3.40;6;2;1;77;0;6908413;-1;0
147;18;336;19;11;25;62;3.20;3;1;1;75;0;6908562;445;0
147;18;336;19;11;26;2;3.80;6;2;1;81;0;6908602;173;0
147;18;336;19;11;26;10;3.80;5;2;1;91;0;6908610;267;0
147;18;336;19;11;26;99;4.20;7;2;1;71;0;6908699;937;0
147;18;336;19;11;26;99;3.60;3;1;1;76;0;6908699;121;0
147;18;336;19;11;28;99;3.80;7;2;1;76;0;6908899;178;0
147;18;336;19;11;30;49;3.60;4;1;1;82;0;6909049;527;0
147;18;336;19;11;30;99;3.60;3;1;1;72;0;6909099;382;0
147;18;336;19;11;32;99;3.20;2;1;1;74;0;6909299;1366;0
147;18;336;19;11;32;15;3.20;3;1;1;71;0;6909215;98;0
147;18;336;19;11;34;99;3.40;2;1;1;75;0;6909499;184;0
147;18;336;19;11;35;11;3.60;6;2;1;80;0;6909511;892;0
147;18;336;19;11;35;27;3.60;3;1;1;85;0;6909527;295;0
147;18;336;19;11;35;74;3.20;2;1;1;79;0;6909574;58;0
147;18;336;19;11;36;7;3.80;8;2;1;65;0;6909607;3146;0
147;18;336;19;11;38;74;3.40;6;2;1;74;0;6909874;346;0
147;18;336;19;11;39;99;3.80;5;2;1;78;0;6909999;1373;0
147;18;336;19;11;41;99;3.20;7;2;1;71;0;6910199;1282;0
147;18;336;19;11;41;99;4.00;2;1;1;92;0;6910199;610;0
147;18;336;19;11;41;99;3.80;8;2;1;73;0;6910199;570;0
147;18;336;19;11;41;99;3.80;4;1;1;79;0;6910199;1134;0
147;18;336;19;11;45;37;3.60;7;2;1;74;0;6910537;321;0
147;18;336;19;11;46;99;3.80;6;2;1;77;0;6910699;808;0
147;18;336;19;11;47;99;4.00;5;2;1;82;0;6910799;782;0
147;18;336;19;11;47;99;3.60;2;1;1;85;0;6910799;584;0
147;18;336;19;11;48;21;3.20;7;2;1;79;0;6910821;266;0
147;18;336;19;11;48;79;4.00;8;2;1;83;0;6910879;661;0
147;18;336;19;11;49;99;3.80;2;1;1;74;0;6910999;184;0
147;18;336;19;11;51;99;3.40;2;1;1;73;0;6911199;181;0
147;18;336;19;11;51;99;3.40;7;2;1;84;0;6911199;363;0
147;18;336;19;11;57;4;3.40;3;1;1;74;0;6911704;2161;0
147;18;336;19;11;56;89;16.40;7;2;4;79;0;6911689;475;0
147;18;336;19;12;0;99;2.80;1;1;1;72;0;6912099;4009;0
147;18;336;19;12;1;1;3.20;6;2;1;80;0;6912101;1384;0
147;18;336;19;12;1;66;3.80;4;1;1;77;0;6912166;1949;0
147;18;336;19;12;1;94;3.80;8;2;1;65;0;6912194;1297;0
147;18;336;19;12;2;5;3.40;3;1;1;75;0;6912205;484;0
147;18;336;19;12;2;17;3.80;2;1;1;83;0;6912217;1001;0
147;18;336;19;12;3;15;3.80;4;1;1;91;0;6912315;131;0
147;18;336;19;12;4;99;4.00;3;1;1;79;0;6912499;277;0
147;18;336;19;12;4;99;2.80;6;2;1;74;0;6912499;383;0
147;18;336;19;12;6;81;3.40;3;1;1;81;0;6912681;163;0
147;18;336;19;12;6;78;3.60;6;2;1;78;0;6912678;165;0
147;18;336;19;12;7;99;4.00;5;2;1;76;0;6912799;1982;0
147;18;336;19;12;10;99;3.00;3;1;1;78;0;6913099;402;0
147;18;336;19;12;12;99;3.40;5;2;1;82;0;6913299;481;0
147;18;336;19;12;12;99;3.60;6;2;1;74;0;6913299;604;0
147;18;336;19;12;12;99;4.40;7;2;1;65;0;6913299;1535;0
147;18;336;19;12;12;99;3.20;5;2;1;82;0;6913299;-1;0
147;18;336;19;12;13;15;3.80;4;1;1;82;0;6913315;984;0
147;18;336;19;12;13;15;3.00;5;2;1;77;0;6913315;1;0
147;18;336;19;12;14;99;3.20;7;2;1;71;0;6913499;175;0
147;18;336;19;12;15;99;3.80;6;2;1;76;0;6913599;282;0
147;18;336;19;12;16;21;3.80;6;2;1;82;0;6913621;4;0
147;18;336;19;12;16;62;3.80;1;1;1;101;0;6913662;1549;0
147;18;336;19;12;16;75;3.60;7;2;1;75;0;6913675;159;0
147;18;336;19;12;16;93;3.20;2;1;1;80;0;6913693;1459;0
147;18;336;19;12;17;99;3.00;3;1;1;76;0;6913799;686;0
147;18;336;19;12;18;1;3.20;6;2;1;80;0;6913801;163;0
147;18;336;19;12;18;18;3.60;7;2;1;76;0;6913818;125;0
147;18;336;19;12;19;89;3.60;6;2;1;80;0;6913989;173;0
147;18;336;19;12;21;34;3.60;6;2;1;75;0;6914134;128;6913599
147;18;336;19;12;22;99;3.80;5;2;1;76;0;6914299;969;0
147;18;336;19;12;23;6;3.80;6;2;1;77;0;6914306;154;6913599
147;18;336;19;12;23;6;3.80;3;1;1;84;0;6914306;492;0
147;18;336;19;12;23;28;3.60;6;2;1;74;0;6914328;4;6913599
147;18;336;19;12;26;18;3.80;6;2;1;74;0;6914618;272;0
147;18;336;19;12;27;18;3.20;3;1;1;81;0;6914718;395;0
147;18;336;19;12;27;99;3.80;5;2;1;86;0;6914799;482;0
147;18;336;19;12;28;99;3.60;6;2;1;74;0;6914899;262;0
147;18;336;19;12;29;24;4.40;4;1;1;84;0;6914924;1592;0
147;18;336;19;12;30;99;3.40;3;1;1;77;0;6915099;366;0
147;18;336;19;12;31;19;3.60;6;2;1;78;0;6915119;202;0
147;18;336;19;12;31;8;3.40;8;2;1;65;0;6915108;2892;0
147;18;336;19;12;32;83;5.60;5;2;1;84;0;6915283;468;0
147;18;336;19;12;32;99;2.80;3;1;1;74;0;6915299;184;0
147;18;336;19;12;32;99;4.20;4;1;1;81;0;6915299;356;0
147;18;336;19;12;32;99;3.40;6;2;1;71;0;6915299;163;0
147;18;336;19;12;34;6;3.20;3;1;1;73;0;6915406;93;0
147;18;336;19;12;34;8;3.60;5;2;1;80;0;6915408;101;0
147;18;336;19;12;35;3;3.00;6;2;1;78;0;6915503;186;0
147;18;336;19;12;35;99;3.60;4;1;1;77;0;6915599;281;0
147;18;336;19;12;36;99;3.40;6;2;1;69;0;6915699;182;0
147;18;336;19;12;36;45;3.60;3;1;1;78;0;6915645;223;0
147;18;336;19;12;38;99;3.40;4;1;1;79;0;6915899;283;0
147;18;336;19;12;38;99;3.60;5;2;1;86;0;6915899;474;0
147;18;336;19;12;39;28;3.40;7;2;1;81;0;6915928;2092;0
147;18;336;19;12;39;9;7.00;3;1;1;74;0;6915909;247;0
147;18;336;19;12;39;87;3.80;6;2;1;71;0;6915987;270;0
147;18;336;19;12;40;11;3.20;2;1;1;79;0;6916011;2303;0
147;18;336;19;12;41;99;3.80;3;1;1;75;0;6916199;255;0
147;18;336;19;12;41;13;3.60;2;1;1;83;0;6916113;87;0
147;18;336;19;12;43;99;3.80;2;1;1;77;0;6916399;270;0
147;18;336;19;12;43;99;3.80;6;2;1;75;0;6916399;392;0
147;18;336;19;12;44;43;3.60;1;1;1;78;0;6916443;2767;0
147;18;336;19;12;45;15;3.80;2;1;1;86;0;6916515;98;0
147;18;336;19;12;45;24;3.40;3;1;1;88;0;6916524;306;0
147;18;336;19;12;45;99;3.40;8;2;1;79;0;6916599;1472;0
147;18;336;19;12;48;99;3.20;6;2;1;73;0;6916899;481;0
147;18;336;19;12;50;99;3.20;3;1;1;78;0;6917099;561;0
147;18;336;19;12;51;3;4.60;6;2;1;79;0;6917103;188;0
147;18;336;19;12;51;99;3.40;7;2;1;76;0;6917199;1255;0
147;18;336;19;12;52;81;3.80;7;2;1;74;0;6917281;65;0
147;18;336;19;12;53;11;3.80;6;2;1;72;0;6917311;187;0
147;18;336;19;12;54;16;3.60;8;2;1;74;0;6917416;801;0
147;18;336;19;12;54;99;4.40;6;2;1;73;0;6917499;169;0
147;18;336;19;12;54;15;4.00;5;2;1;79;0;6917415;1500;0
147;18;336;19;12;54;39;4.00;1;1;1;74;0;6917439;979;0
147;18;336;19;12;54;59;3.40;7;2;1;78;0;6917459;159;0
147;18;336;19;12;55;99;3.80;8;2;1;84;0;6917599;165;0
147;18;336;19;12;56;7;4.00;5;2;1;79;0;6917607;173;0
147;18;336;19;12;56;18;3.40;1;1;1;70;0;6917618;159;0
147;18;336;19;12;57;6;3.60;4;1;1;87;0;6917706;1791;0
147;18;336;19;12;57;64;3.60;7;2;1;76;0;6917764;289;0
147;18;336;19;12;58;99;3.40;1;1;1;72;0;6917899;263;0
147;18;336;19;12;58;99;3.60;6;2;1;70;0;6917899;378;0
147;18;336;19;12;58;99;4.80;7;2;1;75;0;6917899;117;0
147;18;336;19;12;59;11;3.80;2;1;1;73;0;6917911;1380;0
147;18;336;19;12;59;19;3.80;3;1;1;76;0;6917919;805;0
147;18;336;19;12;59;37;3.60;5;2;1;82;0;6917937;311;0
147;18;336;19;12;59;36;3.80;7;2;1;76;0;6917936;13;0
147;18;336;19;13;0;74;3.00;6;2;1;70;0;6918074;156;0
147;18;336;19;13;0;95;3.80;3;1;1;78;0;6918095;158;0
147;18;336;19;13;1;99;3.80;4;1;1;94;0;6918199;478;0
147;18;336;19;13;2;11;3.60;6;2;1;76;0;6918211;121;0
147;18;336;19;13;2;79;3.60;7;2;1;83;0;6918279;325;0
147;18;336;19;13;3;99;3.60;3;1;1;80;0;6918399;286;0
147;18;336;19;13;6;99;3.80;1;1;1;81;0;6918699;783;0
147;18;336;19;13;6;99;4.00;6;2;1;80;0;6918699;470;0
147;18;336;19;13;8;12;4.00;3;1;1;80;0;6918812;396;0
147;18;336;19;13;8;12;3.80;6;2;1;76;0;6918812;95;0
147;18;336;19;13;9;8;3.40;6;2;1;76;0;6918908;78;0
147;18;336;19;13;10;53;3.60;6;2;1;80;0;6919053;128;0
147;18;336;19;13;10;99;3.80;3;1;1;81;0;6919099;269;0
147;18;336;19;13;8;99;4.00;7;2;1;17;0;6918899;604;0
147;18;336;19;13;13;12;3.60;6;2;1;79;0;6919312;242;0
147;18;336;19;13;13;99;4.00;8;2;1;87;0;6919399;1783;0
147;18;336;19;13;13;99;3.60;5;2;1;80;0;6919399;1446;0
147;18;336;19;13;14;99;3.60;1;1;1;77;0;6919499;783;0
147;18;336;19;13;15;12;3.60;6;2;1;66;0;6919512;183;0
147;18;336;19;13;17;99;3.20;6;2;1;78;0;6919799;267;0
147;18;336;19;13;17;49;3.60;5;2;1;86;0;6919749;333;0
147;18;336;19;13;18;99;3.80;6;2;1;84;0;6919899;85;0
147;18;336;19;13;18;99;3.60;8;2;1;71;0;6919899;483;0
147;18;336;19;13;19;99;4.00;5;2;1;87;0;6919999;234;0
147;18;336;19;13;20;36;3.40;6;2;1;74;0;6920036;120;0
147;18;336;19;13;20;38;3.00;8;2;1;70;0;6920038;120;0
147;18;336;19;13;21;99;3.00;6;2;1;75;0;6920199;146;0
147;18;336;19;13;22;10;3.60;3;1;1;66;0;6920210;1094;0
147;18;336;19;13;22;38;3.60;6;2;1;73;0;6920238;24;6919799
147;18;336;19;13;22;35;3.80;1;1;1;71;0;6920235;719;0
147;18;336;19;13;20;28;4.00;7;2;1;11;0;6920028;1044;0
147;18;336;19;13;24;99;8.20;2;1;6;69;0;6920499;2569;0
147;18;336;19;13;25;41;3.20;3;1;1;72;0;6920541;311;0
147;18;336;19;13;25;37;3.60;8;2;1;69;0;6920537;483;0
147;18;336;19;13;26;99;3.40;6;2;1;82;0;6920699;443;0
147;18;336;19;13;24;30;4.00;7;2;1;13;0;6920430;271;0
147;18;336;19;13;29;99;3.40;3;1;1;75;0;6920999;442;0
147;18;336;19;13;32;99;4.40;5;2;1;87;0;6921299;1283;0
147;18;336;19;13;33;63;3.60;3;1;1;76;0;6921363;347;0
147;18;336;19;13;34;99;3.00;6;2;1;74;0;6921499;785;0
147;18;336;19;13;35;2;3.80;7;2;1;80;0;6921502;961;0
147;18;336;19;13;35;36;3.40;6;2;1;72;0;6921536;22;0
147;18;336;19;13;35;46;3.60;3;1;1;79;0;6921546;165;0
147;18;336;19;13;36;99;3.80;7;2;1;79;0;6921699;179;0
147;18;336;19;13;36;99;3.80;4;1;1;77;0;6921699;3485;0
147;18;336;19;13;37;99;3.60;7;2;1;79;0;6921799;82;0
147;18;336;19;13;37;99;4.40;4;1;1;80;0;6921799;82;0
147;18;336;19;13;37;99;3.00;1;1;1;81;0;6921799;1544;0
147;18;336;19;13;37;99;3.80;6;2;1;74;0;6921799;246;0
147;18;336;19;13;38;17;3.40;5;2;1;81;0;6921817;499;0
147;18;336;19;13;38;42;3.60;2;1;1;85;0;6921842;1300;0
147;18;336;19;13;38;82;3.60;3;1;1;76;0;6921882;319;0
147;18;336;19;13;38;99;4.00;6;2;1;79;0;6921899;81;0
147;18;336;19;13;39;99;4.20;5;2;1;86;0;6921999;166;0
147;18;336;19;13;41;99;3.40;2;1;1;78;0;6922199;341;0
147;18;336;19;13;41;99;3.80;7;2;1;83;0;6922199;383;0
147;18;336;19;13;43;37;3.80;4;1;1;80;0;6922337;518;0
147;18;336;19;13;43;44;3.40;5;2;1;77;0;6922344;327;0
147;18;336;19;13;45;9;3.80;8;2;1;83;0;6922509;1953;0
147;18;336;19;13;45;25;3.60;5;2;1;78;0;6922525;165;0
147;18;336;19;13;45;3;3.40;3;1;1;81;0;6922503;603;0
147;18;336;19;13;46;7;3.60;6;2;1;84;0;6922607;689;0
147;18;336;19;13;47;13;4.00;3;1;1;77;0;6922713;194;0
147;18;336;19;13;47;99;3.40;5;2;1;81;0;6922799;257;0
147;18;336;19;13;49;17;3.60;6;2;1;80;0;6922917;294;0
147;18;336;19;13;50;5;3.60;6;2;1;78;0;6923005;71;0
147;18;336;19;13;50;99;3.60;2;1;1;81;0;6923099;884;0
147;18;336;19;13;51;92;3.80;5;2;1;83;0;6923192;377;0
147;18;336;19;13;51;90;3.40;6;2;1;75;0;6923190;168;0
147;18;336;19;13;51;99;3.80;7;2;1;86;0;6923199;983;0
147;18;336;19;13;51;99;3.20;2;1;1;81;0;6923199;84;0
147;18;336;19;13;52;99;4.00;5;2;1;86;0;6923299;90;0
147;18;336;19;13;52;99;3.80;8;2;1;72;0;6923299;773;0
147;18;336;19;13;53;28;3.00;2;1;1;68;0;6923328;114;0
147;18;336;19;13;53;61;3.00;6;2;1;81;0;6923361;154;0
147;18;336;19;13;52;79;1.00;7;2;1;1;1;6923279;64;0
147;18;336;19;13;55;5;3.20;1;1;1;88;0;6923505;1692;0
147;18;336;19;13;57;99;3.40;4;1;1;91;0;6923799;1444;0
147;18;336;19;13;57;94;13.40;3;1;4;77;0;6923794;1062;0
147;18;336;19;13;58;9;7.60;6;2;6;79;0;6923809;434;0
147;18;336;19;13;58;54;3.80;7;2;1;80;0;6923854;639;0
147;18;336;19;14;0;4;3.40;5;2;1;81;0;6924004;688;0
147;18;336;19;13;59;99;11.60;3;1;2;84;0;6923999;142;0
147;18;336;19;14;0;4;3.60;3;1;1;79;0;6924004;-1;0
147;18;336;19;14;2;8;3.60;5;2;1;84;0;6924208;188;0
147;18;336;19;13;59;86;4.00;7;2;1;14;0;6923986;114;0
147;18;336;19;14;2;99;3.60;6;2;1;77;0;6924299;455;0
147;18;336;19;14;3;99;3.60;7;2;1;80;0;6924399;310;0
147;18;336;19;14;3;99;3.80;5;2;1;81;0;6924399;175;0
147;18;336;19;14;4;12;4.20;7;2;1;85;0;6924412;-1;0
147;18;336;19;14;4;16;3.80;8;2;1;71;0;6924416;1098;0
147;18;336;19;14;4;81;3.20;3;1;1;77;0;6924481;460;0
147;18;336;19;14;4;80;3.60;6;2;1;75;0;6924480;164;0
147;18;336;19;14;5;99;3.00;2;1;1;77;0;6924599;1255;0
147;18;336;19;14;6;41;3.40;4;1;1;82;0;6924641;828;0
147;18;336;19;14;6;66;3.60;6;2;1;71;0;6924666;168;0
147;18;336;19;14;7;99;3.40;4;1;1;76;0;6924799;143;0
147;18;336;19;14;7;99;3.80;2;1;1;68;0;6924799;185;0
147;18;336;19;14;7;99;3.80;7;2;1;80;0;6924799;369;0
147;18;336;19;14;8;99;3.80;3;1;1;74;0;6924899;403;0
147;18;336;19;14;8;99;3.60;4;1;1;76;0;6924899;83;0
147;18;336;19;14;8;99;3.20;1;1;1;78;0;6924899;1380;0
147;18;336;19;14;8;33;3.60;1;1;1;74;0;6924833;-1;0
147;18;336;19;14;9;69;3.80;4;1;1;79;0;6924969;52;0
147;18;336;19;14;9;99;3.80;8;2;1;79;0;6924999;563;0
147;18;336;19;14;9;99;3.20;2;1;1;76;0;6924999;179;0
147;18;336;19;14;9;99;3.00;3;1;1;74;0;6924999;81;0
147;18;336;19;14;10;99;3.60;6;2;1;77;0;6925099;414;0
147;18;336;19;14;10;99;3.80;4;1;1;80;0;6925099;112;6924641
147;18;336;19;14;12;7;3.60;7;2;1;77;0;6925207;390;0
147;18;336;19;14;12;16;4.00;5;2;1;86;0;6925216;800;0
147;18;336;19;14;12;99;3.80;6;2;1;76;0;6925299;183;0
147;18;336;19;14;12;99;3.80;2;1;1;81;0;6925299;284;0
147;18;336;19;14;13;19;3.60;2;1;1;78;0;6925319;3;0
147;18;336;19;14;13;99;3.60;6;2;1;75;0;6925399;82;0
147;18;336;19;14;14;21;3.20;3;1;1;81;0;6925421;407;0
147;18;336;19;14;14;98;3.40;4;1;1;84;0;6925498;381;0
147;18;336;19;14;12;73;4.00;7;2;1;16;0;6925273;49;0
147;18;336;19;14;16;25;3.60;6;2;1;80;0;6925625;208;0
147;18;336;19;14;19;93;3.60;4;1;1;84;0;6925993;480;0
147;18;336;19;14;20;14;3.40;3;1;1;81;0;6926014;578;0
147;18;336;19;14;20;99;3.40;6;2;1;78;0;6926099;457;0
147;18;336;19;14;21;16;3.20;5;2;1;81;0;6926116;883;0
147;18;336;19;14;21;35;3.60;7;2;1;81;0;6926135;772;0
147;18;336;19;14;22;99;3.60;5;2;1;83;0;6926299;168;0
147;18;336;19;14;23;99;4.00;8;2;1;84;0;6926399;1382;0
147;18;336;19;14;24;99;4.60;1;1;1;83;0;6926499;1648;0
147;18;336;19;14;25;99;3.60;7;2;1;79;0;6926599;448;0
147;18;336;19;14;26;99;3.40;4;1;1;78;0;6926699;690;0
147;18;336;19;14;27;93;4.00;7;2;1;15;0;6926793;177;0
147;18;336;19;14;32;69;3.40;6;2;1;76;0;6927269;1154;0
147;18;336;19;14;33;99;3.20;6;2;1;82;0;6927399;113;0
147;18;336;19;14;33;99;3.60;3;1;1;83;0;6927399;1369;0
147;18;336;19;14;36;99;4.40;5;2;1;101;0;6927699;1384;0
147;18;336;19;14;37;20;3.80;6;2;1;89;0;6927720;306;0
147;18;336;19;14;37;25;3.80;4;1;1;82;0;6927725;1010;0
147;18;336;19;14;38;99;3.80;3;1;1;79;0;6927899;484;0
147;18;336;19;14;42;30;3.80;2;1;1;72;0;6928230;2894;0
147;18;336;19;14;42;53;3.80;3;1;1;77;0;6928253;336;0
147;18;336;19;14;42;88;3.40;6;2;1;73;0;6928288;552;0
147;18;336;19;14;44;99;3.80;3;1;1;74;0;6928499;228;0
147;18;336;19;14;45;8;3.80;2;1;1;75;0;6928508;259;0
147;18;336;19;14;44;38;6.80;6;2;6;68;0;6928438;133;0
147;18;336;19;14;46;1;4.40;5;2;1;80;0;6928601;886;0
147;18;336;19;14;46;14;4.00;8;2;1;81;0;6928614;2197;0
147;18;336;19;14;46;15;3.20;2;1;1;71;0;6928615;88;0
147;18;336;19;14;47;92;4.20;7;2;1;18;0;6928792;1903;0
147;18;336;19;14;50;93;3.60;6;2;1;69;0;6929093;619;0
147;18;336;19;14;52;9;3.60;6;2;1;75;0;6929209;97;0
147;18;336;19;14;52;55;3.80;4;1;1;85;0;6929255;1513;0
147;18;336;19;14;53;17;3.60;8;2;1;73;0;6929317;685;0
147;18;336;19;14;53;99;3.20;2;1;1;89;0;6929399;767;0
147;18;336;19;14;53;99;3.60;3;1;1;76;0;6929399;881;0
147;18;336;19;14;53;57;15.60;5;2;4;78;0;6929357;736;0
147;18;336;19;14;55;99;5.40;3;1;1;77;0;6929599;182;0
147;18;336;19;14;56;14;3.60;6;2;1;77;0;6929614;387;0
147;18;336;19;14;57;17;6.00;3;1;1;73;0;6929717;92;0
147;18;336;19;14;58;99;4.40;2;1;1;76;0;6929899;487;0
147;18;336;19;14;58;99;3.00;6;2;1;71;0;6929899;268;0
147;18;336;19;14;59;99;3.80;6;2;1;75;0;6929999;84;0
147;18;336;19;14;59;99;5.20;2;1;1;73;0;6929999;79;0
147;18;336;19;15;0;93;3.60;7;2;1;76;0;6930093;1217;0
147;18;336;19;15;1;99;4.00;2;1;1;82;0;6930199;174;0
147;18;336;19;15;3;1;3.60;2;1;1;81;0;6930301;84;0
147;18;336;19;15;4;99;4.20;2;1;1;81;0;6930499;182;6929899
147;18;336;19;15;5;93;3.80;3;1;1;77;0;6930593;846;0
147;18;336;19;15;6;99;3.40;6;2;1;71;0;6930699;681;0
147;18;336;19;15;7;3;3.40;3;1;1;79;0;6930703;92;0
147;18;336;19;15;9;16;3.80;4;1;1;83;0;6930916;1644;0
147;18;336;19;15;10;0;3.40;5;2;1;87;0;6931000;1571;0
147;18;336;19;15;10;15;5.00;2;1;1;82;0;6931015;497;0
147;18;336;19;15;10;18;3.40;6;2;1;72;0;6931018;301;0
147;18;336;19;15;10;59;4.40;5;2;1;86;0;6931059;44;0
147;18;336;19;15;10;65;3.40;3;1;1;76;0;6931065;346;0
147;18;336;19;15;10;79;3.20;8;2;1;68;0;6931079;1744;0
147;18;336;19;15;11;99;4.80;4;1;1;87;0;6931199;266;0
147;18;336;19;15;17;4;4.00;6;2;1;75;0;6931704;669;0
147;18;336;19;15;18;19;3.40;7;2;1;81;0;6931819;1708;0
147;18;336;19;15;18;99;3.80;6;2;1;85;0;6931899;175;0
147;18;336;19;15;19;9;3.20;3;1;1;73;0;6931909;827;0
147;18;336;19;15;19;72;17.40;3;1;4;76;0;6931972;47;0
147;18;336;19;15;20;27;3.20;2;1;1;75;0;6932027;990;0
147;18;336;19;15;21;1;3.20;6;2;1;77;0;6932101;185;0
147;18;336;19;15;21;99;3.80;2;1;1;73;0;6932199;156;0
147;18;336;19;15;21;99;3.40;4;1;1;79;0;6932199;980;0
147;18;336;19;15;22;99;3.60;6;2;1;73;0;6932299;183;0
147;18;336;19;15;23;9;4.00;3;1;1;73;0;6932309;254;0
147;18;336;19;15;24;19;3.40;7;2;1;80;0;6932419;584;0
147;18;336;19;15;25;10;3.40;6;2;1;78;0;6932510;193;6931704
147;18;336;19;15;26;99;3.80;6;2;1;79;0;6932699;173;6931704
147;18;336;19;15;26;99;3.80;3;1;1;75;0;6932699;370;0
147;18;336;19;15;27;10;3.60;4;1;1;76;0;6932710;495;0
147;18;336;19;15;27;99;6.20;2;1;1;75;0;6932799;581;0
147;18;336;19;15;29;99;3.20;2;1;1;76;0;6932999;170;0
147;18;336;19;15;29;99;4.00;3;1;1;72;0;6932999;281;0
147;18;336;19;15;30;11;3.20;6;2;1;83;0;6933011;294;0
147;18;336;19;15;32;99;3.40;1;1;1;78;0;6933299;6780;0
147;18;336;19;15;32;99;3.40;8;2;1;82;0;6933299;2203;0
147;18;336;19;15;33;71;3.20;2;1;1;79;0;6933371;356;0
147;18;336;19;15;35;26;3.40;7;2;1;83;0;6933526;1091;0
147;18;336;19;15;35;28;3.20;2;1;1;79;0;6933528;142;0
147;18;336;19;15;35;3;3.60;8;2;1;71;0;6933503;189;0
147;18;336;19;15;36;9;4.00;6;2;1;81;0;6933609;584;0
147;18;336;19;15;36;73;3.60;1;1;1;92;0;6933673;358;0
147;18;336;19;15;36;80;3.60;2;1;1;77;0;6933680;137;0
147;18;336;19;15;36;99;3.60;7;2;1;82;0;6933699;158;0
147;18;336;19;15;37;25;3.80;6;2;1;83;0;6933725;98;0
147;18;336;19;15;37;99;3.60;5;2;1;81;0;6933799;2721;0
147;18;336;19;15;38;49;3.40;2;1;1;76;0;6933849;152;0
147;18;336;19;15;38;72;4.00;7;2;1;79;0;6933872;157;0
147;18;336;19;15;40;7;4.20;7;2;1;80;0;6934007;116;0
147;18;336;19;15;40;99;3.60;6;2;1;72;0;6934099;357;0
147;18;336;19;15;40;0;3.80;7;2;1;78;0;6934000;-1;6933526
147;18;336;19;15;40;9;3.60;5;2;1;83;0;6934009;194;6933526
147;18;336;19;15;40;21;3.20;6;2;1;72;0;6934021;-1;6933526
147;18;336;19;15;42;20;3.20;3;1;1;80;0;6934220;1201;0
147;18;336;19;15;44;99;3.80;2;1;1;77;0;6934499;633;0
147;18;336;19;15;45;12;3.00;6;2;1;71;0;6934512;475;0
147;18;336;19;15;46;29;3.60;6;2;1;69;0;6934629;101;0
147;18;336;19;15;48;28;4.20;3;1;1;122;0;6934828;593;0
147;18;336;19;15;49;78;3.80;6;2;1;72;0;6934978;330;0
147;18;336;19;15;49;99;3.40;2;1;1;72;0;6934999;482;0
147;18;336;19;15;49;99;3.80;1;1;1;76;0;6934999;1311;0
147;18;336;19;15;50;99;3.40;4;1;1;82;0;6935099;2371;0
147;18;336;19;15;50;99;3.00;6;2;1;73;0;6935099;102;0
147;18;336;19;15;50;99;3.80;3;1;1;74;0;6935099;258;0
147;18;336;19;15;51;15;3.80;2;1;1;75;0;6935115;99;0
147;18;336;19;15;51;76;3.80;3;1;1;74;0;6935176;58;0
147;18;336;19;15;52;99;5.00;4;1;1;80;0;6935299;185;0
147;18;336;19;15;53;99;3.40;8;2;1;68;0;6935399;1877;0
147;18;336;19;15;54;15;4.40;5;2;1;84;0;6935415;1390;0
147;18;336;19;15;54;88;3.40;6;2;1;78;0;6935488;374;0
147;18;336;19;15;55;99;3.40;7;2;1;81;0;6935599;1581;0
147;18;336;19;15;55;99;3.80;5;2;1;86;0;6935599;165;0
147;18;336;19;15;57;99;3.80;4;1;1;81;0;6935799;477;0
147;18;336;19;15;57;99;3.40;2;1;1;73;0;6935799;665;0
147;18;336;19;15;57;99;4.00;8;2;1;79;0;6935799;382;0
147;18;336;19;15;58;9;3.60;6;2;1;75;0;6935809;305;0
147;18;336;19;15;58;99;3.80;3;1;1;87;0;6935899;704;0
147;18;336;19;15;58;99;3.60;2;1;1;70;0;6935899;83;0
147;18;336;19;15;59;77;3.60;4;1;1;86;0;6935977;161;0
147;18;336;19;15;59;92;4.00;3;1;1;77;0;6935992;77;0
147;18;336;19;16;0;99;3.80;6;2;1;76;0;6936099;272;0
147;18;336;19;16;0;99;3.60;7;2;1;78;0;6936099;484;0
147;18;336;19;16;2;99;3.20;3;1;1;83;0;6936299;288;0
147;18;336;19;16;2;99;5.00;4;1;1;86;0;6936299;306;0
147;18;336;19;16;3;99;3.60;2;1;1;73;0;6936399;481;0
147;18;336;19;16;5;18;3.20;4;1;1;83;0;6936518;198;0
147;18;336;19;16;4;68;16.40;3;1;4;80;0;6936468;155;0
147;18;336;19;16;6;17;3.20;2;1;1;74;0;6936617;200;0
147;18;336;19;16;6;1;3.40;6;2;1;81;0;6936601;484;0
147;18;336;19;16;6;2;3.40;4;1;1;80;0;6936602;70;0
147;18;336;19;16;7;6;3.80;2;1;1;73;0;6936706;73;0
147;18;336;19;16;7;96;3.60;6;2;1;79;0;6936796;179;0
147;18;336;19;16;7;99;4.00;7;2;1;70;0;6936799;683;0
147;18;336;19;16;8;18;3.60;4;1;1;82;0;6936818;200;0
147;18;336;19;16;8;99;4.40;8;2;1;67;0;6936899;1081;0
147;18;336;19;16;8;4;3.40;3;1;1;67;0;6936804;262;0
147;18;336;19;16;9;6;3.20;7;2;1;72;0;6936906;86;0
147;18;336;19;16;9;23;3.60;4;1;1;80;0;6936923;89;0
147;18;336;19;16;9;74;3.60;6;2;1;76;0;6936974;161;0
147;18;336;19;16;10;99;3.60;2;1;1;88;0;6937099;374;0
147;18;336;19;16;11;0;3.80;7;2;1;79;0;6937100;178;0
147;18;336;19;16;11;2;3.40;6;2;1;70;0;6937102;110;0
147;18;336;19;16;12;97;3.80;7;2;1;77;0;6937297;179;0
147;18;336;19;16;13;99;3.20;2;1;1;81;0;6937399;285;0
147;18;336;19;16;13;99;3.60;6;2;1;76;0;6937399;279;0
147;18;336;19;16;14;22;3.60;5;2;1;81;0;6937422;1807;0
147;18;336;19;16;15;99;3.40;6;2;1;71;0;6937599;182;0
147;18;336;19;16;15;99;3.40;3;1;1;75;0;6937599;776;0
147;18;336;19;16;15;99;3.80;7;2;1;81;0;6937599;284;0
147;18;336;19;16;16;21;3.60;4;1;1;81;0;6937621;681;0
147;18;336;19;16;16;99;3.40;2;1;1;75;0;6937699;285;0
147;18;336;19;16;17;99;4.20;8;2;1;71;0;6937799;876;0
147;18;336;19;16;18;99;3.40;2;1;1;72;0;6937899;183;0
147;18;336;19;16;19;15;3.60;4;1;1;79;0;6937915;278;0
147;18;336;19;16;19;21;3.80;7;2;1;73;0;6937921;305;0
147;18;336;19;16;19;65;3.80;3;1;1;79;0;6937965;349;0
147;18;336;19;16;19;82;3.20;2;1;1;72;0;6937982;66;0
147;18;336;19;16;20;28;3.60;1;1;1;90;0;6938028;3011;0
147;18;336;19;16;20;99;3.40;4;1;1;82;0;6938099;167;0
147;18;336;19;16;22;5;3.20;6;2;1;70;0;6938205;588;0
147;18;336;19;16;22;10;3.80;3;1;1;76;0;6938210;227;0
147;18;336;19;16;22;96;3.40;7;2;1;70;0;6938296;356;0
147;18;336;19;16;23;99;3.80;5;2;1;80;0;6938399;961;0
147;18;336;19;16;23;99;3.40;3;1;1;75;0;6938399;171;0
147;18;336;19;16;24;7;3.80;4;1;1;81;0;6938407;293;0
147;18;336;19;16;24;7;3.00;6;2;1;73;0;6938407;185;0
147;18;336;19;16;25;99;4.00;2;1;1;82;0;6938599;601;0
147;18;336;19;16;25;99;3.80;6;2;1;74;0;6938599;177;0
147;18;336;19;16;26;99;3.40;4;1;1;83;0;6938699;275;0
147;18;336;19;16;28;99;3.20;3;1;1;75;0;6938899;483;0
147;18;336;19;16;29;19;3.60;5;2;1;83;0;6938919;502;0
147;18;336;19;16;29;45;3.80;4;1;1;79;0;6938945;231;0
147;18;336;19;16;32;31;3.20;3;1;1;74;0;6939231;316;0
147;18;336;19;16;31;17;24.60;6;2;5;78;0;6939117;499;0
147;18;336;19;16;32;54;3.60;4;1;1;81;0;6939254;291;0
147;18;336;19;16;33;99;4.00;5;2;1;82;0;6939399;464;0
147;18;336;19;16;34;99;3.60;3;1;1;74;0;6939499;252;0
147;18;336;19;16;34;21;4.00;4;1;1;78;0;6939421;151;0
147;18;336;19;16;35;11;4.00;2;1;1;80;0;6939511;894;0
147;18;336;19;16;36;19;3.60;3;1;1;79;0;6939619;102;0
147;18;336;19;16;37;8;3.60;7;2;1;78;0;6939708;1394;0
147;18;336;19;16;37;28;3.40;4;1;1;79;0;6939728;288;0
147;18;336;19;16;38;99;3.00;6;2;1;74;0;6939899;668;0
147;18;336;19;16;37;99;8.60;3;1;2;80;0;6939799;163;0
147;18;336;19;16;41;2;3.20;5;2;1;87;0;6940102;685;0
147;18;336;19;16;43;99;3.80;3;1;1;79;0;6940399;561;0
147;18;336;19;16;44;99;3.80;6;2;1;82;0;6940499;585;0
147;18;336;19;16;44;99;3.60;3;1;1;80;0;6940499;82;0
147;18;336;19;16;46;99;3.80;3;1;1;79;0;6940699;183;0
147;18;336;19;16;47;17;3.80;6;2;1;81;0;6940717;201;0
147;18;336;19;16;47;68;3.60;3;1;1;80;0;6940768;51;0
147;18;336;19;16;48;19;3.80;2;1;1;78;0;6940819;1290;0
147;18;336;19;16;48;99;3.80;4;1;1;90;0;6940899;1155;0
147;18;336;19;16;49;99;3.40;3;1;1;75;0;6940999;214;0
147;18;336;19;16;51;10;3.60;6;2;1;71;0;6941110;376;0
147;18;336;19;16;51;99;3.40;2;1;1;83;0;6941199;362;0
147;18;336;19;16;51;99;3.80;5;2;1;77;0;6941199;1083;0
147;18;336;19;16;51;99;3.60;8;2;1;81;0;6941199;3378;0
147;18;336;19;16;52;13;3.80;4;1;1;85;0;6941213;298;0
147;18;336;19;16;52;29;3.20;6;2;1;67;0;6941229;100;0
147;18;336;19;16;52;57;3.80;5;2;1;80;0;6941257;40;0
147;18;336;19;16;53;88;4.60;4;1;1;86;0;6941388;158;0
147;18;336;19;16;53;99;2.80;3;1;1;82;0;6941399;383;0
147;18;336;19;16;53;99;3.20;6;2;1;67;0;6941399;152;0
147;18;336;19;16;55;58;3.40;6;2;1;68;0;6941558;141;0
147;18;336;19;16;56;99;4.00;5;2;1;85;0;6941699;424;0
147;18;336;19;16;56;99;3.60;6;2;1;75;0;6941699;123;6941110
147;18;336;19;16;58;70;3.60;3;1;1;78;0;6941870;458;0
147;18;336;19;16;59;0;3.80;2;1;1;84;0;6941900;686;0
147;18;336;19;16;59;11;3.60;3;1;1;76;0;6941911;24;0
147;18;336;19;17;3;71;2.40;5;2;1;76;0;6942371;655;0
147;18;336;19;17;3;71;3.60;6;2;1;76;0;6942371;654;0
147;18;336;19;17;4;99;3.20;6;2;1;71;0;6942499;110;0
147;18;336;19;17;4;99;3.40;3;1;1;80;0;6942499;570;0
147;18;336;19;17;5;28;3.40;6;2;1;73;0;6942528;12;0
147;18;336;19;17;5;73;6.60;3;1;1;81;0;6942573;58;0
147;18;336;19;17;6;99;3.00;5;2;1;85;0;6942699;316;0
147;18;336;19;17;6;99;3.40;4;1;1;80;0;6942699;1291;0
147;18;336;19;17;6;99;3.40;7;2;1;66;0;6942699;2974;0
147;18;336;19;17;7;6;3.80;2;1;1;76;0;6942706;789;0
147;18;336;19;17;7;99;4.00;4;1;1;83;0;6942799;84;0
147;18;336;19;17;7;0;3.20;2;1;1;77;0;6942700;-1;0
147;18;336;19;17;8;72;3.20;8;2;1;75;0;6942872;1657;0
147;18;336;19;17;8;97;3.20;6;2;1;83;0;6942897;352;0
147;18;336;19;17;9;13;3.40;2;1;1;73;0;6942913;198;0
147;18;336;19;17;9;99;3.40;1;1;1;70;0;6942999;4956;0
147;18;336;19;17;11;99;4.00;5;2;1;86;0;6943199;487;0
147;18;336;19;17;12;4;3.20;3;1;1;74;0;6943204;601;0
147;18;336;19;17;12;99;4.00;7;2;1;80;0;6943299;581;0
147;18;336;19;17;12;5;3.40;6;2;1;80;0;6943205;294;0
147;18;336;19;17;13;54;3.80;8;2;1;66;0;6943354;466;0
147;18;336;19;17;14;99;3.60;7;2;1;81;0;6943499;182;0
147;18;336;19;17;14;99;3.80;2;1;1;77;0;6943499;569;0
147;18;336;19;17;15;19;3.80;4;1;1;83;0;6943519;702;0
147;18;336;19;17;17;6;4.00;6;2;1;70;0;6943706;485;0
147;18;336;19;17;18;37;4.00;7;2;1;72;0;6943837;322;0
147;18;336;19;17;18;83;3.40;2;1;1;62;0;6943883;366;0
147;18;336;19;17;19;99;3.60;8;2;1;72;0;6943999;624;0
147;18;336;19;17;20;99;3.60;6;2;1;78;0;6944099;372;0
147;18;336;19;17;22;18;3.40;6;2;1;77;0;6944218;102;0
147;18;336;19;17;22;99;3.40;2;1;1;60;0;6944299;396;0
147;18;336;19;17;23;20;3.80;8;2;1;77;0;6944320;303;0
147;18;336;19;17;23;68;3.00;4;1;1;89;0;6944368;832;0
147;18;336;19;17;24;6;2.80;1;1;1;70;0;6944406;1389;0
147;18;336;19;17;24;12;3.60;8;2;1;76;0;6944412;74;0
147;18;336;19;17;25;9;3.00;6;2;1;80;0;6944509;275;0
147;18;336;19;17;24;82;8.20;2;1;6;67;0;6944482;162;0
147;18;336;19;17;25;26;3.40;3;1;1;72;0;6944526;1306;0
147;18;336;19;17;26;47;3.60;2;1;1;71;0;6944647;120;0
147;18;336;19;17;26;99;3.60;8;2;1;84;0;6944699;269;0
147;18;336;19;17;27;99;3.60;2;1;1;74;0;6944799;133;0
147;18;336;19;17;27;99;3.60;7;2;1;84;0;6944799;942;0
147;18;336;19;17;29;99;3.40;3;1;1;67;0;6944999;456;0
147;18;336;19;17;30;10;3.60;5;2;1;82;0;6945010;1794;0
147;18;336;19;17;30;4;3.80;6;2;1;75;0;6945004;481;0
147;18;336;19;17;30;99;3.40;7;2;1;79;0;6945099;284;0
147;18;336;19;17;30;99;3.40;3;1;1;67;0;6945099;81;0
147;18;336;19;17;30;99;3.20;1;1;1;80;0;6945099;678;0
147;18;336;19;17;30;99;3.20;4;1;1;78;0;6945099;718;0
147;18;336;19;17;32;16;3.80;4;1;1;91;0;6945216;102;0
147;18;336;19;17;32;99;3.20;6;2;1;69;0;6945299;276;0
147;18;336;19;17;33;99;3.80;8;2;1;75;0;6945399;684;0
147;18;336;19;17;33;59;3.60;1;1;1;67;0;6945359;245;0
147;18;336;19;17;34;99;3.80;5;2;1;87;0;6945499;473;0
147;18;336;19;17;34;99;3.40;2;1;1;74;0;6945499;682;0
147;18;336;19;17;35;16;3.60;6;2;1;75;0;6945516;200;0
147;18;336;19;17;35;0;3.00;3;1;1;76;0;6945500;382;0
147;18;336;19;17;36;83;4.00;2;1;1;79;0;6945683;167;0
147;18;336;19;17;37;99;3.80;7;2;1;78;0;6945799;684;0
147;18;336;19;17;37;99;3.80;4;1;1;80;0;6945799;567;0
147;18;336;19;17;38;99;3.20;2;1;1;69;0;6945899;197;0
147;18;336;19;17;39;99;5.60;6;2;1;88;0;6945999;465;0
147;18;336;19;17;40;17;3.20;3;1;1;76;0;6946017;502;0
147;18;336;19;17;41;7;3.40;4;1;1;90;0;6946107;290;0
147;18;336;19;17;43;99;3.80;8;2;1;73;0;6946399;981;0
147;18;336;19;17;43;4;3.80;3;1;1;80;0;6946304;271;0
147;18;336;19;17;45;99;3.40;7;2;1;85;0;6946599;782;0
147;18;336;19;17;43;34;5.00;6;2;1;15;0;6946334;312;0
147;18;336;19;17;46;17;4.40;5;2;1;82;0;6946617;1102;0
147;18;336;19;17;46;69;3.40;3;1;1;80;0;6946669;347;0
147;18;336;19;17;48;25;3.40;6;2;1;82;0;6946825;371;0
147;18;336;19;17;48;99;2.80;3;1;1;81;0;6946899;214;0
147;18;336;19;17;49;66;4.60;3;1;1;79;0;6946966;54;0
147;18;336;19;17;49;91;3.40;6;2;1;82;0;6946991;151;0
147;18;336;19;17;49;89;3.80;5;2;1;79;0;6946989;352;0
147;18;336;19;17;50;6;3.80;8;2;1;91;0;6947006;588;0
147;18;336;19;17;50;99;4.00;3;1;1;72;0;6947099;112;0
147;18;336;19;17;50;99;3.60;4;1;1;81;0;6947099;978;0
147;18;336;19;17;51;42;4.00;6;2;1;85;0;6947142;136;0
147;18;336;19;17;52;9;3.20;3;1;1;72;0;6947209;90;0
147;18;336;19;17;53;99;3.40;4;1;1;82;0;6947399;284;0
147;18;336;19;17;53;99;4.00;5;2;1;87;0;6947399;392;0
147;18;336;19;17;54;57;3.40;6;2;1;80;0;6947457;298;0
147;18;336;19;17;54;97;3.20;7;2;1;81;0;6947497;883;0
147;18;336;19;17;55;11;3.00;3;1;1;79;0;6947511;286;0
147;18;336;19;17;55;99;3.60;4;1;1;83;0;6947599;185;0
147;18;336;19;17;56;99;4.00;7;2;1;80;0;6947699;187;0
147;18;336;19;17;56;33;3.60;2;1;1;77;0;6947633;1717;0
147;18;336;19;17;58;99;3.00;3;1;1;76;0;6947899;374;0
147;18;336;19;17;58;99;3.80;6;2;1;73;0;6947899;426;0
147;18;336;19;17;59;12;3.20;4;1;1;73;0;6947912;297;0
147;18;336;19;17;59;74;3.40;7;2;1;76;0;6947974;257;0
147;18;336;19;18;0;99;3.40;3;1;1;73;0;6948099;185;0
147;18;336;19;18;1;9;3.40;2;1;1;86;0;6948109;459;0
147;18;336;19;18;1;25;3.80;6;2;1;75;0;6948125;207;0
147;18;336;19;18;3;99;3.20;6;2;1;74;0;6948399;255;0
147;18;336;19;18;4;10;4.00;3;1;1;74;0;6948410;294;0
147;18;336;19;18;5;3;4.00;7;2;1;92;0;6948503;512;0
147;18;336;19;18;5;99;3.00;2;1;1;78;0;6948599;475;0
147;18;336;19;18;6;16;3.60;5;2;1;83;0;6948616;1200;0
147;18;336;19;18;6;1;3.40;3;1;1;71;0;6948601;171;0
147;18;336;19;18;6;32;3.60;7;2;1;81;0;6948632;113;0
147;18;336;19;18;9;62;4.00;2;1;1;83;0;6948962;349;0
147;18;336;19;18;13;99;3.60;4;1;1;83;0;6949399;1471;0
147;18;336;19;18;14;12;4.60;3;1;1;81;0;6949412;793;0
147;18;336;19;18;15;16;3.60;6;2;1;79;0;6949516;1101;0
147;18;336;19;18;15;26;3.60;1;1;1;83;0;6949526;4147;0
147;18;336;19;18;16;99;3.60;6;2;1;78;0;6949699;166;0
147;18;336;19;18;17;40;3.20;2;1;1;74;0;6949740;760;0
147;18;336;19;18;18;99;3.40;7;2;1;83;0;6949899;1251;0
147;18;336;19;18;18;99;4.40;4;1;1;78;0;6949899;484;0
147;18;336;19;18;18;99;3.80;3;1;1;80;0;6949899;466;0
147;18;336;19;18;19;2;3.60;1;1;1;84;0;6949902;360;0
147;18;336;19;18;19;25;4.00;5;2;1;84;0;6949925;1293;0
147;18;336;19;18;20;12;3.80;4;1;1;78;0;6950012;92;0
147;18;336;19;18;20;22;3.40;6;2;1;83;0;6950022;306;0
147;18;336;19;18;20;83;3.60;8;2;1;72;0;6950083;3061;0
147;18;336;19;18;20;99;3.00;2;1;1;76;0;6950099;343;0
147;18;336;19;18;21;12;5.60;1;1;1;84;0;6950112;194;0
147;18;336;19;18;21;99;3.20;4;1;1;80;0;6950199;169;0
147;18;336;19;18;21;99;3.60;6;2;1;83;0;6950199;162;0
147;18;336;19;18;21;99;3.80;3;1;1;76;0;6950199;282;0
147;18;336;19;18;22;66;3.80;4;1;1;80;0;6950266;52;0
147;18;336;19;18;22;81;3.80;5;2;1;83;0;6950281;338;0
147;18;336;19;18;24;16;3.60;2;1;1;81;0;6950416;302;0
147;18;336;19;18;25;5;5.80;6;2;1;78;0;6950505;290;0
147;18;336;19;18;25;85;4.40;1;1;1;71;0;6950585;449;0
147;18;336;19;18;26;99;3.60;3;1;1;72;0;6950699;482;0
147;18;336;19;18;26;99;6.40;5;2;1;88;0;6950699;401;0
147;18;336;19;18;27;10;3.40;4;1;1;80;0;6950710;426;0
147;18;336;19;18;27;11;3.60;2;1;1;79;0;6950711;279;0
147;18;336;19;18;27;81;3.40;3;1;1;72;0;6950781;64;0
147;18;336;19;18;29;10;4.00;4;1;1;78;0;6950910;184;0
147;18;336;19;18;30;65;3.60;5;2;1;79;0;6951065;339;0
147;18;336;19;18;30;91;3.80;3;1;1;78;0;6951091;293;0
147;18;336;19;18;30;99;3.80;2;1;1;85;0;6951099;371;0
147;18;336;19;18;31;25;3.60;4;1;1;81;0;6951125;196;0
147;18;336;19;18;31;99;3.40;6;2;1;73;0;6951199;667;0
147;18;336;19;18;32;45;3.20;4;1;1;84;0;6951245;104;0
147;18;336;19;18;34;8;3.80;6;2;1;72;0;6951408;192;0
147;18;336;19;18;34;99;3.80;7;2;1;74;0;6951499;1585;0
147;18;336;19;18;35;12;3.60;5;2;1;80;0;6951512;430;0
147;18;336;19;18;36;19;3.00;7;2;1;75;0;6951619;101;0
147;18;336;19;18;37;49;3.20;4;1;1;77;0;6951749;490;0
147;18;336;19;18;37;34;3.40;3;1;1;63;0;6951734;625;0
147;18;336;19;18;37;47;3.60;8;2;1;70;0;6951747;1646;0
147;18;336;19;18;38;99;3.00;1;1;1;66;0;6951899;1291;0
147;18;336;19;18;39;20;3.60;4;1;1;79;0;6951920;156;0
147;18;336;19;18;39;9;3.20;3;1;1;63;0;6951909;155;0
147;18;336;19;18;39;99;2.80;2;1;1;72;0;6951999;883;0
147;18;336;19;18;39;99;3.80;8;2;1;71;0;6951999;233;0
147;18;336;19;18;40;81;3.60;7;2;1;76;0;6952081;447;0
147;18;336;19;18;40;67;15.20;3;1;4;63;0;6952067;139;0
147;18;336;19;18;41;99;3.00;2;1;1;77;0;6952199;186;0
147;18;336;19;18;43;99;4.20;8;2;1;79;0;6952399;380;0
147;18;336;19;18;43;99;3.20;3;1;1;66;0;6952399;245;0
147;18;336;19;18;44;4;3.80;5;2;1;79;0;6952404;875;0
147;18;336;19;18;44;99;3.00;6;2;1;72;0;6952499;1072;0
147;18;336;19;18;45;12;3.60;3;1;1;67;0;6952512;95;0
147;18;336;19;18;45;39;3.80;6;2;1;72;0;6952539;25;0
147;18;336;19;18;45;90;4.00;2;1;1;75;0;6952590;376;0
147;18;336;19;18;47;99;3.60;4;1;1;77;0;6952799;862;0
147;18;336;19;18;49;99;3.80;2;1;1;77;0;6952999;389;0
147;18;336;19;18;50;38;3.40;7;2;1;80;0;6953038;939;0
147;18;336;19;18;51;99;3.80;4;1;1;81;0;6953199;383;0
147;18;336;19;18;51;99;3.60;5;2;1;85;0;6953199;777;0
147;18;336;19;18;52;2;7.60;8;2;1;78;0;6953202;783;0
147;18;336;19;18;54;99;3.60;7;2;1;89;0;6953499;445;0
147;18;336;19;18;54;99;3.80;8;2;1;79;0;6953499;261;0
147;18;336;19;18;54;99;3.60;2;1;1;73;0;6953499;482;0
147;18;336;19;18;55;17;4.20;6;2;1;81;0;6953517;959;0
147;18;336;19;18;56;99;3.80;2;1;1;72;0;6953699;182;0
147;18;336;19;18;56;99;4.00;4;1;1;83;0;6953699;483;0
147;18;336;19;18;58;12;3.20;2;1;1;71;0;6953812;94;0
147;18;336;19;18;58;75;4.00;8;2;1;86;0;6953875;358;0
147;18;336;19;18;59;2;3.60;3;1;1;75;0;6953902;1370;0
147;18;336;19;18;59;99;4.20;6;2;1;70;0;6953999;463;0
147;18;336;19;19;0;10;3.40;2;1;1;73;0;6954010;181;0
147;18;336;19;19;0;8;3.60;4;1;1;85;0;6954008;291;0
147;18;336;19;19;0;29;3.40;7;2;1;83;0;6954029;515;0
147;18;336;19;19;1;99;3.60;5;2;1;70;0;6954199;984;0
147;18;336;19;19;1;99;3.60;6;2;1;69;0;6954199;178;0
147;18;336;19;19;1;99;3.80;2;1;1;72;0;6954199;172;6953499
147;18;336;19;19;2;99;3.80;6;2;1;69;0;6954299;81;6953499
147;18;336;19;19;2;99;5.00;2;1;1;77;0;6954299;81;6953499
147;18;336;19;19;3;18;3.60;5;2;1;77;0;6954318;100;6953499
147;18;336;19;19;3;21;4.00;7;2;1;77;0;6954321;277;0
147;18;336;19;19;3;90;3.20;3;1;1;85;0;6954390;470;0
147;18;336;19;19;4;2;3.40;2;1;1;76;0;6954402;79;6953499
147;18;336;19;19;5;2;3.80;3;1;1;90;0;6954502;98;6953499
147;18;336;19;19;8;11;3.80;6;2;1;72;0;6954811;492;0
147;18;336;19;19;8;46;3.40;3;1;1;81;0;6954846;328;0
147;18;336;19;19;8;49;4.80;8;2;1;80;0;6954849;957;0
147;18;336;19;19;9;99;3.60;6;2;1;72;0;6954999;169;0
147;18;336;19;19;11;11;3.40;2;1;1;81;0;6955111;692;0
147;18;336;19;19;11;12;3.20;1;1;1;76;0;6955112;3196;0
147;18;336;19;19;12;99;3.00;6;2;1;76;0;6955299;282;0
147;18;336;19;19;13;11;3.80;2;1;1;75;0;6955311;184;0
147;18;336;19;19;13;27;3.80;3;1;1;80;0;6955327;465;0
147;18;336;19;19;14;1;3.60;2;1;1;72;0;6955401;71;0
147;18;336;19;19;14;99;3.60;3;1;1;80;0;6955499;154;0
147;18;336;19;19;14;99;4.60;3;1;1;74;0;6955499;-1;0
147;18;336;19;19;15;14;3.20;4;1;1;77;0;6955514;1490;0
147;18;336;19;19;15;4;3.40;6;2;1;73;0;6955504;190;0
147;18;336;19;19;16;87;4.00;3;1;1;73;0;6955687;165;0
147;18;336;19;19;17;99;3.80;5;2;1;83;0;6955799;1464;0
147;18;336;19;19;19;95;5.80;7;2;1;70;0;6955995;1655;0
147;18;336;19;19;20;99;3.40;5;2;1;76;0;6956099;283;0
147;18;336;19;19;20;99;4.00;6;2;1;77;0;6956099;578;0
147;18;336;19;19;21;53;3.60;2;1;1;71;0;6956153;734;0
147;18;336;19;19;22;12;3.40;3;1;1;76;0;6956212;505;0
147;18;336;19;19;22;99;3.60;2;1;1;76;0;6956299;127;0
147;18;336;19;19;23;15;3.60;6;2;1;73;0;6956315;197;0
147;18;336;19;19;23;99;3.00;2;1;1;78;0;6956399;82;0
147;18;336;19;19;22;17;4.20;7;2;1;16;0;6956217;192;0
147;18;336;19;19;24;99;3.00;6;2;1;73;0;6956499;166;0
147;18;336;19;19;25;99;4.00;4;1;1;83;0;6956599;1070;0
147;18;336;19;19;26;30;3.60;2;1;1;77;0;6956630;217;0
147;18;336;19;19;26;50;3.40;4;1;1;85;0;6956650;33;0
147;18;336;19;19;26;90;3.00;3;1;1;67;0;6956690;461;0
147;18;336;19;19;27;99;3.80;7;2;1;76;0;6956799;487;0
147;18;336;19;19;28;13;3.60;6;2;1;69;0;6956813;299;0
147;18;336;19;19;29;99;3.80;6;2;1;77;0;6956999;167;0
147;18;336;19;19;30;99;3.40;4;1;1;77;0;6957099;434;0
147;18;336;19;19;31;29;4.00;5;2;1;99;0;6957129;1013;0
147;18;336;19;19;31;52;5.20;6;2;1;78;0;6957152;135;0
147;18;336;19;19;30;36;4.00;7;2;1;19;0;6957036;219;0
147;18;336;19;19;32;99;3.20;3;1;1;76;0;6957299;592;0
147;18;336;19;19;37;99;3.80;6;2;1;79;0;6957799;623;0
147;18;336;19;19;41;39;3.80;5;2;1;82;0;6958139;995;0
147;18;336;19;19;42;10;3.60;6;2;1;81;0;6958210;393;0
147;18;336;19;19;41;62;14.80;7;1;5;32;0;6958162;189919;0
147;18;336;19;19;44;99;3.60;7;2;1;77;0;6958499;1387;0
147;18;336;19;19;46;22;3.00;8;2;1;77;0;6958622;3751;0
147;18;336;19;19;46;99;3.80;2;1;1;79;0;6958699;2052;0
147;18;336;19;19;47;99;5.20;6;2;1;76;0;6958799;573;0
147;18;336;19;19;49;23;3.60;6;2;1;76;0;6958923;99;0
147;18;336;19;19;49;75;3.80;5;2;1;82;0;6958975;819;0
147;18;336;19;19;49;66;5.00;7;2;1;74;0;6958966;450;0
147;18;336;19;19;49;96;3.20;4;1;1;78;0;6958996;1881;0
147;18;336;19;19;50;99;4.60;8;2;1;78;0;6959099;462;0
147;18;336;19;19;51;99;3.80;3;1;1;70;0;6959199;1884;0
147;18;336;19;19;51;14;3.00;4;1;1;77;0;6959114;103;0
147;18;336;19;19;52;17;3.60;6;2;1;83;0;6959217;276;0
147;18;336;19;19;52;82;3.20;2;1;1;74;0;6959282;565;0
147;18;336;19;19;53;46;16.00;3;1;4;67;0;6959346;127;0
147;18;336;19;19;55;99;6.40;3;1;1;71;0;6959599;167;0
147;18;336;19;19;56;27;3.00;4;1;1;79;0;6959627;498;0
147;18;336;19;19;56;99;3.80;6;2;1;81;0;6959699;466;0
147;18;336;19;19;56;12;3.60;5;2;1;79;0;6959612;620;0
147;18;336;19;19;58;21;3.00;6;2;1;84;0;6959821;105;0
147;18;336;19;19;58;57;15.20;3;1;4;75;0;6959857;225;0
147;18;336;19;20;2;3;3.40;5;2;1;81;0;6960203;574;0
147;18;336;19;20;2;14;3.60;6;2;1;76;0;6960214;380;0
147;18;336;19;20;2;99;4.00;7;2;1;78;0;6960299;1308;0
147;18;336;19;20;3;10;3.60;5;2;1;82;0;6960310;91;0
147;18;336;19;20;4;13;3.40;7;2;1;80;0;6960413;95;0
147;18;336;19;20;4;17;3.20;2;1;1;72;0;6960417;1119;0
147;18;336;19;20;6;99;4.00;7;2;1;68;0;6960699;270;0
147;18;336;19;20;11;1;3.40;6;2;1;84;0;6961101;869;0
147;18;336;19;20;12;13;3.60;2;1;1;74;0;6961213;780;0
147;18;336;19;20;12;36;3.80;5;2;1;88;0;6961236;910;0
147;18;336;19;20;13;99;3.20;1;1;1;73;0;6961399;6271;0
147;18;336;19;20;14;99;3.80;5;2;1;93;0;6961499;247;0
147;18;336;19;20;14;99;3.00;8;2;1;75;0;6961499;2378;0
147;18;336;19;20;15;23;3.60;1;1;1;79;0;6961523;108;0
147;18;336;19;20;15;78;3.60;6;2;1;83;0;6961578;462;0
147;18;336;19;20;17;37;3.80;7;2;1;79;0;6961737;1016;0
147;18;336;19;20;17;45;3.60;5;2;1;83;0;6961745;231;0
147;18;336;19;20;18;10;3.00;2;1;1;70;0;6961810;579;0
147;18;336;19;20;19;9;3.40;2;1;1;69;0;6961909;83;0
147;18;336;19;20;19;0;3.60;6;2;1;79;0;6961900;306;0
147;18;336;19;20;20;99;7.40;7;2;2;81;0;6962099;344;0
147;18;336;19;20;21;99;3.60;2;1;1;72;0;6962199;272;0
147;18;336;19;20;21;99;3.80;7;2;1;74;0;6962199;67;0
147;18;336;19;20;22;5;3.40;2;1;1;71;0;6962205;-1;0
147;18;336;19;20;22;13;3.60;6;2;1;78;0;6962213;296;0
147;18;336;19;20;23;99;3.60;2;1;1;74;0;6962399;176;0
147;18;336;19;20;25;12;4.00;8;2;1;78;0;6962512;998;0
147;18;336;19;20;25;38;3.80;3;1;1;75;0;6962538;2608;0
147;18;336;19;20;25;82;3.80;1;1;1;65;0;6962582;1042;0
147;18;336;19;20;26;21;3.60;3;1;1;74;0;6962621;64;0
147;18;336;19;20;26;99;3.20;5;2;1;81;0;6962699;938;0
147;18;336;19;20;27;31;3.40;2;1;1;67;0;6962731;314;0
147;18;336;19;20;28;99;3.40;1;1;1;54;0;6962899;295;0
147;18;336;19;20;28;99;3.80;3;1;1;74;0;6962899;260;0
147;18;336;19;20;29;99;3.60;3;1;1;73;0;6962999;81;0
147;18;336;19;20;29;99;3.20;6;2;1;78;0;6962999;769;0
147;18;336;19;20;29;99;3.40;1;1;1;63;0;6962999;77;0
147;18;336;19;20;30;17;4.00;5;2;1;95;0;6963017;303;0
147;18;336;19;20;30;89;3.60;2;1;1;72;0;6963089;339;0
147;18;336;19;20;31;99;4.00;1;1;1;68;0;6963199;180;0
147;18;336;19;20;32;17;4.00;6;2;1;79;0;6963217;203;0
147;18;336;19;20;32;23;4.00;2;1;1;67;0;6963223;116;0
147;18;336;19;20;34;99;3.80;8;2;1;81;0;6963499;968;0
147;18;336;19;20;34;99;3.80;2;1;1;64;0;6963499;254;0
147;18;336;19;20;34;99;3.40;4;1;1;77;0;6963499;3858;0
147;18;336;19;20;35;7;3.60;1;1;1;64;0;6963507;286;0
147;18;336;19;20;35;40;3.40;3;1;1;64;0;6963540;523;0
147;18;336;19;20;36;99;3.60;6;2;1;81;0;6963699;463;0
147;18;336;19;20;36;99;3.20;1;1;1;66;0;6963699;171;0
147;18;336;19;20;36;99;4.00;3;1;1;71;0;6963699;139;0
147;18;336;19;20;39;99;3.60;3;1;1;65;0;6963999;279;0
147;18;336;19;20;39;99;3.40;6;2;1;76;0;6963999;284;0
147;18;336;19;20;40;0;3.20;3;1;1;61;0;6964000;-1;0
147;18;336;19;20;41;13;4.60;7;2;1;79;0;6964113;1895;0
147;18;336;19;20;42;20;2.80;6;2;1;80;0;6964220;204;0
147;18;336;19;20;42;23;4.60;8;2;1;90;0;6964223;707;0
147;18;336;19;20;42;99;3.80;4;1;1;76;0;6964299;784;0
147;18;336;19;20;43;1;3.60;3;1;1;68;0;6964301;282;0
147;18;336;19;20;44;25;3.40;2;1;1;80;0;6964425;904;0
147;18;336;19;20;45;14;3.40;3;1;1;71;0;6964514;193;0
147;18;336;19;20;45;48;3.40;4;1;1;83;0;6964548;231;0
147;18;336;19;20;45;56;3.80;6;2;1;75;0;6964556;323;0
147;18;336;19;20;46;99;3.80;2;1;1;75;0;6964699;258;0
147;18;336;19;20;47;99;5.20;2;1;1;69;0;6964799;81;0
147;18;336;19;20;48;4;3.40;6;2;1;79;0;6964804;229;0
147;18;336;19;20;48;83;3.60;7;2;1;77;0;6964883;749;0
147;18;336;19;20;48;95;3.80;4;1;1;79;0;6964895;332;0
147;18;336;19;20;48;99;3.80;5;2;1;79;0;6964899;1866;0
147;18;336;19;20;49;8;3.00;2;1;1;68;0;6964908;81;0
147;18;336;19;20;49;17;3.60;3;1;1;72;0;6964917;385;0
147;18;336;19;20;50;18;3.60;7;2;1;77;0;6965018;118;0
147;18;336;19;20;50;99;3.00;2;1;1;66;0;6965099;175;0
147;18;336;19;20;51;88;3.80;3;1;1;68;0;6965188;253;0
147;18;336;19;20;51;99;3.40;4;1;1;76;0;6965199;286;0
147;18;336;19;20;52;99;3.40;3;1;1;67;0;6965299;90;0
147;18;336;19;20;53;56;4.00;8;2;1;69;0;6965356;1114;0
147;18;336;19;20;54;99;3.60;6;2;1;81;0;6965499;679;0
147;18;336;19;20;55;4;3.20;8;2;1;68;0;6965504;127;0
147;18;336;19;20;55;99;3.60;3;1;1;69;0;6965599;281;0
147;18;336;19;20;55;99;4.00;6;2;1;77;0;6965599;84;0
147;18;336;19;20;55;99;3.80;2;1;1;75;0;6965599;483;0
147;18;336;19;20;57;99;3.60;6;2;1;80;0;6965799;181;0
147;18;336;19;20;58;20;3.20;2;1;1;76;0;6965820;202;0
147;18;336;19;20;59;99;3.40;4;1;1;80;0;6965999;783;0
147;18;336;19;21;1;6;3.80;2;1;1;79;0;6966106;270;0
147;18;336;19;21;2;8;4.00;5;2;1;80;0;6966208;1291;0
147;18;336;19;21;3;23;3.60;2;1;1;80;0;6966323;199;0
147;18;336;19;21;3;51;4.80;8;2;1;77;0;6966351;830;0
147;18;336;19;21;3;70;3.40;3;1;1;74;0;6966370;752;0
147;18;336;19;21;4;99;3.00;6;2;1;68;0;6966499;683;0
147;18;336;19;21;4;99;3.80;8;2;1;70;0;6966499;125;0
147;18;336;19;21;5;99;3.00;3;1;1;75;0;6966599;212;0
147;18;336;19;21;5;2;3.40;5;2;1;83;0;6966502;276;0
147;18;336;19;21;6;18;3.40;2;1;1;83;0;6966618;278;0
147;18;336;19;21;7;99;3.80;3;1;1;83;0;6966799;185;0
147;18;336;19;21;7;99;3.60;5;2;1;79;0;6966799;282;0
147;18;336;19;21;9;0;3.60;6;2;1;77;0;6966900;385;0
147;18;336;19;21;9;99;3.20;2;1;1;67;0;6966999;366;0
147;18;336;19;21;10;99;3.20;7;2;1;76;0;6967099;2064;0
147;18;336;19;21;11;6;3.60;1;1;1;83;0;6967106;3389;0
147;18;336;19;21;10;99;4.00;2;1;1;66;0;6967099;82;0
147;18;336;19;21;11;98;3.80;6;2;1;84;0;6967198;281;0
147;18;336;19;21;14;99;3.40;3;1;1;73;0;6967499;683;0
147;18;336;19;21;15;99;3.60;2;1;1;81;0;6967599;478;0
147;18;336;19;21;16;0;3.00;2;1;1;75;0;6967600;-1;0
147;18;336;19;21;16;19;3.40;6;2;1;76;0;6967619;404;0
147;18;336;19;21;18;28;3.60;3;1;1;72;0;6967828;312;0
147;18;336;19;21;19;99;3.80;5;2;1;77;0;6967999;1183;0
147;18;336;19;21;20;21;3.20;6;2;1;82;0;6968021;385;0
147;18;336;19;21;21;53;3.20;3;1;1;77;0;6968153;307;0
147;18;336;19;21;21;65;3.40;6;2;1;75;0;6968165;129;0
147;18;336;19;21;22;99;3.60;6;2;1;73;0;6968299;117;0
147;18;336;19;21;23;5;3.80;3;1;1;80;0;6968305;137;0
147;18;336;19;21;23;99;3.80;6;2;1;73;0;6968399;82;0
147;18;336;19;21;24;60;3.40;4;1;1;85;0;6968460;2445;0
147;18;336;19;21;25;5;4.00;4;1;1;85;0;6968505;30;0
147;18;336;19;21;25;99;3.40;1;1;1;74;0;6968599;1477;0
147;18;336;19;21;26;32;3.80;4;1;1;88;0;6968632;110;0
147;18;336;19;21;26;54;3.80;6;2;1;80;0;6968654;236;0
147;18;336;19;21;26;47;4.60;7;2;1;76;0;6968647;1532;0
147;18;336;19;21;27;14;3.80;3;1;1;77;0;6968714;391;0
147;18;336;19;21;27;99;3.80;1;1;1;66;0;6968799;183;0
147;18;336;19;21;28;99;4.40;2;1;1;68;0;6968899;1284;0
147;18;336;19;21;28;10;3.60;7;2;1;71;0;6968810;141;0
147;18;336;19;21;29;78;3.20;2;1;1;68;0;6968978;55;0
147;18;336;19;21;30;99;6.80;6;2;1;72;0;6969099;427;0
147;18;336;19;21;31;8;3.80;8;2;1;68;0;6969108;2589;0
147;18;336;19;21;31;46;3.60;2;1;1;79;0;6969146;151;0
147;18;336;19;21;32;0;3.60;1;1;1;72;0;6969200;380;0
147;18;336;19;21;32;99;3.40;6;2;1;73;0;6969299;166;0
147;18;336;19;21;32;99;3.60;3;1;1;72;0;6969299;567;0
147;18;336;19;21;33;19;3.40;4;1;1;77;0;6969319;671;0
147;18;336;19;21;33;99;3.80;5;2;1;84;0;6969399;1382;0
147;18;336;19;21;33;99;3.60;7;2;1;68;0;6969399;570;0
147;18;336;19;21;34;52;3.00;1;1;1;80;0;6969452;234;0
147;18;336;19;21;34;61;4.00;3;1;1;75;0;6969461;144;0
147;18;336;19;21;34;79;3.40;6;2;1;72;0;6969479;163;0
147;18;336;19;21;35;99;4.00;2;1;1;83;0;6969599;436;0
147;18;336;19;21;35;99;3.60;5;2;1;84;0;6969599;183;0
147;18;336;19;21;36;19;3.40;3;1;1;74;0;6969619;138;0
147;18;336;19;21;36;21;3.40;4;1;1;84;0;6969621;286;0
147;18;336;19;21;37;99;4.40;6;2;1;71;0;6969799;303;0
147;18;336;19;21;39;45;3.80;6;2;1;73;0;6969945;123;0
147;18;336;19;21;40;99;3.60;2;1;1;65;0;6970099;482;0
147;18;336;19;21;40;99;3.20;4;1;1;73;0;6970099;463;0
147;18;336;19;21;42;15;4.40;4;1;1;73;0;6970215;100;0
147;18;336;19;21;42;62;3.60;6;2;1;77;0;6970262;298;0
147;18;336;19;21;42;99;3.60;5;2;1;90;0;6970299;684;0
147;18;336;19;21;44;12;3.80;3;1;1;62;0;6970412;776;0
147;18;336;19;21;46;99;4.60;3;1;1;81;0;6970699;264;0
147;18;336;19;21;48;99;3.80;2;1;1;71;0;6970899;780;0
147;18;336;19;21;49;99;3.80;4;1;1;81;0;6970999;762;0
147;18;336;19;21;49;38;3.20;6;2;1;78;0;6970938;659;0
147;18;336;19;21;50;99;3.20;2;1;1;72;0;6971099;180;0
147;18;336;19;21;50;99;3.80;3;1;1;76;0;6971099;379;0
147;18;336;19;21;50;99;3.60;6;2;1;77;0;6971099;146;0
147;18;336;19;21;51;99;3.60;5;2;1;81;0;6971199;885;0
147;18;336;19;21;51;0;3.60;4;1;1;84;0;6971100;84;0
147;18;336;19;21;52;99;3.40;4;1;1;80;0;6971299;183;0
147;18;336;19;21;52;99;3.80;6;2;1;72;0;6971299;183;0
147;18;336;19;21;53;99;4.00;7;2;1;77;0;6971399;1980;0
147;18;336;19;21;53;99;3.80;3;1;1;71;0;6971399;282;0
147;18;336;19;21;54;16;3.40;6;2;1;78;0;6971416;98;0
147;18;336;19;21;56;99;3.80;3;1;1;71;0;6971699;280;0
147;18;336;19;21;56;99;6.40;6;2;1;71;0;6971699;267;0
147;18;336;19;21;57;12;3.60;7;2;1;81;0;6971712;294;0
147;18;336;19;21;58;10;3.20;1;1;1;76;0;6971810;2344;0
147;18;336;19;21;58;99;3.80;6;2;1;74;0;6971899;167;0
147;18;336;19;21;58;99;3.20;5;2;1;80;0;6971899;684;0
147;18;336;19;21;59;99;3.40;4;1;1;79;0;6971999;684;0
147;18;336;19;21;59;99;5.40;3;1;1;68;0;6971999;280;0
147;18;336;19;21;59;0;3.60;7;2;1;81;0;6971900;172;0
147;18;336;19;21;59;12;4.20;5;2;1;79;0;6971912;-1;0
147;18;336;19;22;0;99;3.80;5;2;1;80;0;6972099;167;0
147;18;336;19;22;0;99;3.80;6;2;1;103;0;6972099;181;0
147;18;336;19;22;0;99;4.40;3;1;1;69;0;6972099;71;0
147;18;336;19;22;1;99;3.60;5;2;1;82;0;6972199;82;0
147;18;336;19;22;2;29;3.80;3;1;1;73;0;6972229;107;0
147;18;336;19;22;2;59;3.60;4;1;1;81;0;6972259;244;0
147;18;336;19;22;3;5;3.40;5;2;1;87;0;6972305;90;6969399
147;18;336;19;22;4;99;3.60;6;2;1;74;0;6972499;386;0
147;18;336;19;22;5;76;3.00;7;2;1;91;0;6972576;660;0
147;18;336;19;22;5;69;3.60;3;1;1;76;0;6972569;321;0
147;18;336;19;22;6;29;4.20;8;2;1;98;0;6972629;3500;0
147;18;336;19;22;6;99;4.00;5;2;1;81;0;6972699;379;0
147;18;336;19;22;7;2;3.60;6;2;1;77;0;6972702;185;0
147;18;336;19;22;7;13;4.00;4;1;1;79;0;6972713;438;0
147;18;336;19;22;7;19;3.20;3;1;1;78;0;6972719;132;0
147;18;336;19;22;8;99;3.20;6;2;1;79;0;6972899;180;0
147;18;336;19;22;9;99;3.60;6;2;1;81;0;6972999;85;0
147;18;336;19;22;9;99;3.60;3;1;1;82;0;6972999;265;0
147;18;336;19;22;9;0;8.00;7;2;6;83;0;6972900;312;0
147;18;336;19;22;10;99;3.60;2;1;1;85;0;6973099;1984;0
147;18;336;19;22;12;42;3.60;6;2;1;78;0;6973242;227;0
147;18;336;19;22;12;62;3.80;5;2;1;79;0;6973262;545;0
147;18;336;19;22;13;99;3.80;8;2;1;80;0;6973399;754;0
147;18;336;19;22;13;99;3.80;2;1;1;81;0;6973399;284;0
147;18;336;19;22;13;99;3.60;3;1;1;76;0;6973399;384;0
147;18;336;19;22;14;99;3.60;1;1;1;89;0;6973499;1673;0
147;18;336;19;22;15;87;3.20;2;1;1;71;0;6973587;171;0
147;18;336;19;22;16;99;3.20;6;2;1;75;0;6973699;440;0
147;18;336;19;22;17;99;3.20;3;1;1;76;0;6973799;382;0
147;18;336;19;22;18;11;3.40;6;2;1;75;0;6973811;96;0
147;18;336;19;22;18;25;3.60;4;1;1;89;0;6973825;1093;0
147;18;336;19;22;18;99;3.80;8;2;1;86;0;6973899;482;0
147;18;336;19;22;19;99;4.20;7;2;1;83;0;6973999;1064;0
147;18;336;19;22;19;99;2.80;6;2;1;74;0;6973999;171;0
147;18;336;19;22;20;35;3.40;3;1;1;77;0;6974035;220;0
147;18;336;19;22;20;80;3.80;2;1;1;86;0;6974080;476;0
147;18;336;19;22;22;10;5.00;6;2;1;78;0;6974210;197;0
147;18;336;19;22;22;28;4.40;5;2;1;79;0;6974228;948;0
147;18;336;19;22;23;9;3.60;3;1;1;79;0;6974309;258;0
147;18;336;19;22;24;28;3.80;3;1;1;84;0;6974428;102;0
147;18;336;19;22;24;99;3.40;7;2;1;82;0;6974499;481;0
147;18;336;19;22;26;5;3.60;2;1;1;77;0;6974605;509;0
147;18;336;19;22;27;99;3.80;3;1;1;80;0;6974799;354;0
147;18;336;19;22;28;95;3.60;6;2;1;81;0;6974895;661;0
147;18;336;19;22;30;20;3.40;1;1;1;76;0;6975020;1506;0
147;18;336;19;22;30;7;3.80;7;2;1;82;0;6975007;493;0
147;18;336;19;22;30;59;3.80;5;2;1;84;0;6975059;810;0
147;18;336;19;22;31;99;3.60;6;2;1;82;0;6975199;288;0
147;18;336;19;22;33;58;3.60;5;2;1;91;0;6975358;282;0
147;18;336;19;22;35;8;4.60;5;2;1;89;0;6975508;135;0
147;18;336;19;22;37;1;3.40;7;2;1;80;0;6975701;677;0
147;18;336;19;22;38;76;3.60;2;1;1;76;0;6975876;1254;0
147;18;336;19;22;40;19;3.60;6;2;1;79;0;6976019;804;0
147;18;336;19;22;41;20;3.00;4;1;1;78;0;6976120;2280;0
147;18;336;19;22;43;17;3.80;2;1;1;78;0;6976317;423;0
147;18;336;19;22;44;99;3.60;2;1;1;82;0;6976499;164;0
147;18;336;19;22;45;20;3.20;5;2;1;82;0;6976520;993;0
147;18;336;19;22;45;10;4.00;7;2;1;78;0;6976510;793;0
147;18;336;19;22;46;58;3.20;2;1;1;68;0;6976658;143;0
147;18;336;19;22;46;99;3.60;7;2;1;93;0;6976699;170;0
147;18;336;19;22;47;99;3.80;3;1;1;78;0;6976799;1982;0
147;18;336;19;22;49;99;4.00;5;2;1;80;0;6976999;464;0
147;18;336;19;22;49;99;9.60;6;2;2;78;0;6976999;963;0
147;18;336;19;22;50;99;3.20;2;1;1;82;0;6977099;424;0
147;18;336;19;22;50;99;7.00;6;2;1;84;0;6977099;55;0
147;18;336;19;22;50;16;3.60;3;1;1;75;0;6977016;199;0
147;18;336;19;22;52;0;3.80;6;2;1;77;0;6977200;71;0
147;18;336;19;22;53;29;4.00;5;2;1;79;0;6977329;312;0
147;18;336;19;22;53;59;3.40;3;1;1;82;0;6977359;325;0
147;18;336;19;22;54;99;4.00;5;2;1;85;0;6977499;151;0
147;18;336;19;22;54;99;3.60;2;1;1;78;0;6977499;385;0
147;18;336;19;22;55;99;3.40;2;1;1;78;0;6977599;83;0
147;18;336;19;22;55;10;3.40;6;2;1;71;0;6977510;292;0
147;18;336;19;22;56;58;3.40;4;1;1;82;0;6977658;1524;0
147;18;336;19;22;57;24;3.40;1;1;1;78;0;6977724;2687;0
147;18;336;19;22;57;99;4.80;3;1;1;76;0;6977799;425;0
147;18;336;19;22;57;99;3.20;4;1;1;80;0;6977799;126;0
147;18;336;19;22;58;0;3.60;6;2;1;77;0;6977800;272;0
147;18;336;19;22;59;99;4.40;2;1;1;83;0;6977999;384;0
147;18;336;19;23;0;99;3.80;5;2;1;80;0;6978099;583;0
147;18;336;19;23;0;99;3.40;1;1;1;76;0;6978099;359;0
147;18;336;19;23;1;52;3.60;2;1;1;78;0;6978152;133;0
147;18;336;19;23;1;55;3.40;6;2;1;71;0;6978155;338;0
147;18;336;19;23;1;41;9.40;3;1;2;71;0;6978141;319;0
147;18;336;19;23;3;0;4.00;4;1;1;87;0;6978300;486;0
147;18;336;19;23;3;99;3.80;3;1;1;72;0;6978399;210;0
147;18;336;19;23;3;99;3.20;6;2;1;72;0;6978399;226;0
147;18;336;19;23;4;85;4.40;3;1;1;70;0;6978485;67;0
147;18;336;19;23;4;99;3.60;6;2;1;75;0;6978499;84;0
147;18;336;19;23;5;99;2.80;3;1;1;67;0;6978599;91;0
147;18;336;19;23;8;99;3.00;6;2;1;77;0;6978899;382;0
147;18;336;19;23;9;42;7.60;7;2;6;72;0;6978942;2229;0
147;18;336;19;23;10;8;3.40;6;2;1;76;0;6979008;94;0
147;18;336;19;23;10;99;4.00;5;2;1;83;0;6979099;982;0
147;18;336;19;23;12;0;4.40;6;2;1;76;0;6979200;175;0
147;18;336;19;23;12;99;3.80;8;2;1;77;0;6979299;5384;0
147;18;336;19;23;14;24;3.40;6;2;1;84;0;6979424;203;0
147;18;336;19;23;17;91;3.80;3;1;1;78;0;6979791;1176;0
147;18;336;19;23;17;99;3.40;5;2;1;86;0;6979799;682;0
147;18;336;19;23;17;99;3.80;2;1;1;76;0;6979799;1630;0
147;18;336;19;23;19;19;3.80;2;1;1;76;0;6979919;102;0
147;18;336;19;23;19;68;4.00;4;1;1;83;0;6979968;1651;0
147;18;336;19;23;20;99;6.80;2;1;6;77;0;6980099;162;0
147;18;336;19;23;21;24;3.80;6;2;1;81;0;6980124;685;0
147;18;336;19;23;21;99;4.00;3;1;1;83;0;6980199;390;0
147;18;336;19;23;25;99;3.20;2;1;1;76;0;6980599;468;0
147;18;336;19;23;25;99;3.40;5;2;1;84;0;6980599;785;0
147;18;336;19;23;25;99;3.20;6;2;1;73;0;6980599;458;0
147;18;336;19;23;26;3;3.80;2;1;1;79;0;6980603;-1;0
147;18;336;19;23;26;10;3.20;5;2;1;80;0;6980610;-1;0
147;18;336;19;23;27;11;3.40;6;2;1;74;0;6980711;96;0
147;18;336;19;23;27;31;3.00;3;1;1;81;0;6980731;514;0
147;18;336;19;23;27;99;3.80;5;2;1;81;0;6980799;174;0
147;18;336;19;23;28;99;3.80;2;1;1;79;0;6980899;278;0
147;18;336;19;23;29;82;2.80;7;2;1;75;0;6980982;2002;0
147;18;336;19;23;30;23;3.40;3;1;1;76;0;6981023;278;0
147;18;336;19;23;30;99;3.20;2;1;1;79;0;6981099;182;0
147;18;336;19;23;30;99;3.80;6;2;1;81;0;6981099;371;0
147;18;336;19;23;31;25;3.60;4;1;1;79;0;6981125;1139;0
147;18;336;19;23;32;53;3.40;1;1;1;72;0;6981253;3137;0
147;18;336;19;23;33;99;3.60;2;1;1;75;0;6981399;285;0
147;18;336;19;23;33;99;3.00;3;1;1;81;0;6981399;359;0
147;18;336;19;23;34;15;3.20;6;2;1;80;0;6981415;299;0
147;18;336;19;23;35;21;3.40;5;2;1;84;0;6981521;705;0
147;18;336;19;23;35;22;4.00;4;1;1;80;0;6981522;380;0
147;18;336;19;23;36;99;3.00;3;1;1;79;0;6981699;286;0
147;18;336;19;23;37;14;3.80;4;1;1;81;0;6981714;174;0
147;18;336;19;23;37;71;3.40;6;2;1;79;0;6981771;341;0
147;18;336;19;23;37;86;3.40;8;2;1;84;0;6981786;2469;0
147;18;336;19;23;37;67;15.20;3;1;4;78;0;6981767;54;0
147;18;336;19;23;39;5;3.80;3;1;1;77;0;6981905;67;0
147;18;336;19;23;40;99;3.80;4;1;1;81;0;6982099;368;0
147;18;336;19;23;41;99;4.00;4;1;1;81;0;6982199;83;0
147;18;336;19;23;42;51;3.60;6;2;1;76;0;6982251;464;0
147;18;336;19;23;43;99;4.00;7;2;1;76;0;6982399;1403;0
147;18;336;19;23;45;77;3.40;4;1;1;79;0;6982577;360;0
147;18;336;19;23;48;12;3.60;8;2;1;76;0;6982812;1011;0
147;18;336;19;23;48;99;3.20;1;1;1;73;0;6982899;1629;0
147;18;336;19;23;49;99;3.00;8;2;1;71;0;6982999;169;0
147;18;336;19;23;49;6;3.80;2;1;1;74;0;6982906;1489;0
147;18;336;19;23;51;0;3.40;2;1;1;75;0;6983100;175;0
147;18;336;19;23;51;99;3.20;3;1;1;78;0;6983199;1276;0
147;18;336;19;23;52;9;3.60;2;1;1;77;0;6983209;92;0
147;18;336;19;23;53;27;3.80;5;2;1;86;0;6983327;1791;0
147;18;336;19;23;53;99;3.60;4;1;1;83;0;6983399;806;0
147;18;336;19;23;56;11;3.40;6;2;1;80;0;6983611;1342;0
147;18;336;19;23;56;16;4.00;2;1;1;88;0;6983616;390;0
147;18;336;19;23;55;72;14.60;3;1;4;76;0;6983572;358;0
147;18;336;19;23;56;99;3.80;7;2;1;82;0;6983699;1281;0
147;18;336;19;23;57;56;3.60;4;1;1;83;0;6983756;341;0
147;18;336;19;23;57;63;3.40;6;2;1;82;0;6983763;136;0
147;18;336;19;23;58;99;3.80;5;2;1;80;0;6983899;556;0
147;18;336;19;23;59;6;3.80;5;2;1;79;0;6983906;-1;0
147;18;336;19;24;0;59;3.20;3;1;1;76;0;6984059;417;0
147;18;336;19;24;1;99;3.60;5;2;1;79;0;6984199;275;0
147;18;336;19;24;1;99;3.00;3;1;1;77;0;6984199;124;0
147;18;336;19;24;1;99;3.00;2;1;1;70;0;6984199;566;0
147;18;336;19;24;2;99;3.80;6;2;1;70;0;6984299;521;0
147;18;336;19;24;3;99;3.20;6;2;1;74;0;6984399;80;0
147;18;336;19;24;3;75;6.40;7;2;1;68;0;6984375;659;0
147;18;336;19;24;4;99;3.40;1;1;1;77;0;6984499;1584;0
147;18;336;19;24;4;99;4.00;5;2;1;89;0;6984499;283;0
147;18;336;19;24;6;99;3.00;3;1;1;77;0;6984699;485;0
147;18;336;19;24;6;89;4.20;7;2;1;20;0;6984689;280;0
147;18;336;19;24;9;4;3.80;5;2;1;79;0;6984904;388;0
147;18;336;19;24;9;10;3.20;6;2;1;72;0;6984910;495;0
147;18;336;19;24;9;99;3.60;3;1;1;75;0;6984999;285;0
147;18;336;19;24;9;99;4.00;4;1;1;87;0;6984999;1227;0
147;18;336;19;24;9;99;3.80;7;2;1;77;0;6984999;234;0
147;18;336;19;24;10;17;3.20;3;1;1;76;0;6985017;0;0
147;18;336;19;24;10;47;3.60;4;1;1;86;0;6985047;31;0
147;18;336;19;24;11;99;3.80;5;2;1;82;0;6985199;277;0
147;18;336;19;24;11;99;4.00;3;1;1;75;0;6985199;166;0
147;18;336;19;24;12;7;3.60;7;2;1;74;0;6985207;190;0
147;18;336;19;24;14;99;3.60;6;2;1;79;0;6985499;573;0
147;18;336;19;24;15;24;4.00;7;2;1;82;0;6985524;299;0
147;18;336;19;24;16;99;3.80;3;1;1;80;0;6985699;480;0
147;18;336;19;24;18;16;3.60;6;2;1;80;0;6985816;300;0
147;18;336;19;24;18;99;4.80;7;2;1;83;0;6985899;357;0
147;18;336;19;24;19;3;3.00;2;1;1;80;0;6985903;1688;0
147;18;336;19;24;21;99;3.80;6;2;1;80;0;6986199;366;0
147;18;336;19;24;23;99;3.40;6;2;1;76;0;6986399;182;0
147;18;336;19;24;24;99;3.80;2;1;1;74;0;6986499;582;0
147;18;336;19;24;25;20;3.20;2;1;1;76;0;6986520;2;0
147;18;336;19;24;25;50;3.60;5;2;1;94;0;6986550;1334;0
147;18;336;19;24;27;99;4.60;3;1;1;96;0;6986799;1082;0
147;18;336;19;24;27;99;3.40;7;2;1;82;0;6986799;879;0
147;18;336;19;24;29;20;3.40;2;1;1;75;0;6986920;384;0
147;18;336;19;24;29;99;3.20;3;1;1;83;0;6986999;182;0
147;18;336;19;24;30;99;3.60;1;1;1;76;0;6987099;2584;0
147;18;336;19;24;31;76;3.60;7;2;1;80;0;6987176;362;0
147;18;336;19;24;32;24;3.40;3;1;1;85;0;6987224;211;0
147;18;336;19;24;33;27;3.40;6;2;1;80;0;6987327;911;0
147;18;336;19;24;34;99;4.00;4;1;1;80;0;6987499;2436;0
147;18;336;19;24;35;24;3.60;7;2;1;82;0;6987524;331;0
147;18;336;19;24;36;94;4.00;6;2;1;79;0;6987694;351;0
147;18;336;19;24;37;99;3.60;3;1;1;73;0;6987799;560;0
147;18;336;19;24;37;99;3.60;2;1;1;75;0;6987799;862;0
147;18;336;19;24;38;43;6.00;6;2;1;79;0;6987843;130;0
147;18;336;19;24;39;27;4.00;5;2;1;85;0;6987927;1363;0
147;18;336;19;24;40;99;3.60;6;2;1;82;0;6988099;228;0
147;18;336;19;24;40;99;3.80;4;1;1;82;0;6988099;582;0
147;18;336;19;24;41;10;3.40;2;1;1;70;0;6988110;293;0
147;18;336;19;24;41;71;3.40;6;2;1;85;0;6988171;56;0
147;18;336;19;24;42;99;3.00;3;1;1;71;0;6988299;482;0
147;18;336;19;24;42;99;3.80;5;2;1;92;0;6988299;355;0
147;18;336;19;24;43;99;3.80;2;1;1;71;0;6988399;271;0
147;18;336;19;24;43;34;3.60;7;2;1;80;0;6988334;794;0
147;18;336;19;24;44;99;3.80;3;1;1;72;0;6988499;184;0
147;18;336;19;24;44;99;3.60;4;1;1;78;0;6988499;383;0
147;18;336;19;24;45;7;3.80;2;1;1;76;0;6988507;88;0
147;18;336;19;24;45;99;3.60;3;1;1;66;0;6988599;81;0
147;18;336;19;24;45;99;3.20;4;1;1;78;0;6988599;83;0
147;18;336;19;24;46;8;4.40;6;2;1;78;0;6988608;422;0
147;18;336;19;24;47;9;2.80;3;1;1;69;0;6988709;90;0
147;18;336;19;24;47;7;3.80;8;2;1;73;0;6988707;5692;0
147;18;336;19;24;47;99;3.60;4;1;1;79;0;6988799;185;0
147;18;336;19;24;48;99;3.60;3;1;1;71;0;6988899;175;6988299
147;18;336;19;24;48;23;3.40;4;1;1;83;0;6988823;7;6988299
147;18;336;19;24;48;49;4.40;2;1;1;76;0;6988849;324;0
147;18;336;19;24;50;0;3.60;5;2;1;87;0;6989000;686;0
147;18;336;19;24;51;8;3.00;2;1;1;81;0;6989108;238;0
147;18;336;19;24;51;83;3.60;8;2;1;79;0;6989183;457;0
147;18;336;19;24;52;99;3.20;2;1;1;77;0;6989299;177;0
147;18;336;19;24;52;99;3.80;8;2;1;80;0;6989299;99;0
147;18;336;19;24;54;10;3.20;3;1;1;80;0;6989410;492;0
147;18;336;19;24;55;99;3.60;2;1;1;73;0;6989599;285;0
147;18;336;19;24;56;2;3.60;8;2;1;69;0;6989602;285;0
147;18;336;19;24;56;14;3.40;6;2;1;80;0;6989614;985;0
147;18;336;19;24;56;35;4.00;7;2;1;79;0;6989635;1284;0
147;18;336;19;24;57;99;3.00;5;2;1;83;0;6989799;784;0
147;18;336;19;24;58;99;3.60;6;2;1;81;0;6989899;269;0
147;18;336;19;24;58;22;3.40;2;1;1;75;0;6989822;205;0
147;18;336;19;24;59;99;3.60;2;1;1;74;0;6989999;160;0
147;18;336;19;25;0;21;3.60;4;1;1;82;0;6990021;1183;0
147;18;336;19;25;0;99;4.20;6;2;1;80;0;6990099;184;0
147;18;336;19;25;1;50;3.40;8;2;1;76;0;6990150;529;0
147;18;336;19;25;2;99;3.60;6;2;1;77;0;6990299;181;0
147;18;336;19;25;4;58;3.80;3;1;1;80;0;6990458;1033;0
147;18;336;19;25;5;99;3.60;6;2;1;78;0;6990599;283;0
147;18;336;19;25;7;3;4.00;2;1;1;69;0;6990703;686;0
147;18;336;19;25;8;30;3.60;7;2;1;86;0;6990830;1176;0
147;18;336;19;25;8;99;5.40;6;2;1;78;0;6990899;283;0
147;18;336;19;25;9;27;3.60;2;1;1;73;0;6990927;203;0
147;18;336;19;25;9;35;4.00;3;1;1;80;0;6990935;459;0
147;18;336;19;25;9;94;4.00;7;2;1;78;0;6990994;148;0
147;18;336;19;25;10;18;3.60;6;2;1;84;0;6991018;94;0
147;18;336;19;25;10;99;3.60;5;2;1;92;0;6991099;1286;0
147;18;336;19;25;11;99;3.40;2;1;1;71;0;6991199;254;0
147;18;336;19;25;11;45;3.60;8;2;1;77;0;6991145;978;0
147;18;336;19;25;12;91;3.80;6;2;1;87;0;6991291;257;0
147;18;336;19;25;12;99;4.20;2;1;1;71;0;6991299;82;0
147;18;336;19;25;13;99;3.60;4;1;1;81;0;6991399;1362;0
147;18;336;19;25;13;99;3.40;3;1;1;76;0;6991399;446;0
147;18;336;19;25;14;46;3.60;2;1;1;75;0;6991446;125;0
147;18;336;19;25;16;21;3.60;3;1;1;80;0;6991621;205;0
147;18;336;19;25;16;1;3.60;7;2;1;90;0;6991601;588;0
147;18;336;19;25;18;28;3.00;3;1;1;83;0;6991828;190;0
147;18;336;19;25;22;4;3.80;2;1;1;73;0;6992204;740;0
147;18;336;19;25;22;83;3.60;4;1;1;79;0;6992283;868;0
147;18;336;19;25;23;21;3.20;6;2;1;80;0;6992321;1014;0
147;18;336;19;25;24;99;3.80;4;1;1;84;0;6992499;199;0
147;18;336;19;25;24;15;4.00;6;2;1;83;0;6992415;79;0
147;18;336;19;25;25;6;3.00;6;2;1;82;0;6992506;73;0
147;18;336;19;25;26;16;3.60;4;1;1;83;0;6992616;100;0
147;18;336;19;25;26;99;3.60;6;2;1;83;0;6992699;179;0
147;18;336;19;25;27;15;4.80;4;1;1;82;0;6992715;83;0
147;18;336;19;25;28;99;3.60;3;1;1;72;0;6992899;1057;0
147;18;336;19;25;29;99;3.60;2;1;1;80;0;6992999;776;0
147;18;336;19;25;31;11;3.60;6;2;1;86;0;6993111;396;0
147;18;336;19;25;31;99;3.80;3;1;1;80;0;6993199;282;0
147;18;336;19;25;31;99;4.20;7;2;1;71;0;6993199;1583;0
147;18;336;19;25;32;21;3.60;2;1;1;77;0;6993221;205;0
147;18;336;19;25;32;61;3.00;6;2;1;77;0;6993261;134;0
147;18;336;19;25;33;2;3.60;5;2;1;93;0;6993302;2188;0
147;18;336;19;25;33;17;4.00;4;1;1;85;0;6993317;580;0
147;18;336;19;25;33;99;3.20;6;2;1;77;0;6993399;123;0
147;18;336;19;25;33;99;3.80;7;2;1;85;0;6993399;178;0
147;18;336;19;25;34;99;3.80;3;1;1;77;0;6993499;282;0
147;18;336;19;25;34;6;4.00;2;1;1;78;0;6993406;168;0
147;18;336;19;25;35;99;3.80;6;2;1;77;0;6993599;185;0
147;18;336;19;25;37;64;4.20;6;2;1;76;0;6993764;147;6993111
147;18;336;19;25;39;21;3.20;6;2;1;78;0;6993921;137;6993111
147;18;336;19;25;39;23;3.60;3;1;1;78;0;6993923;406;0
147;18;336;19;25;42;17;3.40;6;2;1;83;0;6994217;281;0
147;18;336;19;25;44;99;3.00;6;2;1;76;0;6994499;267;0
147;18;336;19;25;44;10;3.80;3;1;1;75;0;6994410;470;0
147;18;336;19;25;45;70;3.60;2;1;1;65;0;6994570;1145;0
147;18;336;19;25;46;24;3.60;3;1;1;78;0;6994624;195;0
147;18;336;19;25;46;99;3.60;1;1;1;80;0;6994699;7582;0
147;18;336;19;25;48;95;3.80;3;1;1;78;0;6994895;254;0
147;18;336;19;25;49;7;3.80;4;1;1;86;0;6994907;1573;0
147;18;336;19;25;50;2;3.80;3;1;1;76;0;6995002;89;0
147;18;336;19;25;51;1;3.80;1;1;1;81;0;6995101;385;0
147;18;336;19;25;51;99;3.40;6;2;1;71;0;6995199;685;0
147;18;336;19;25;53;99;3.60;6;2;1;81;0;6995399;182;0
147;18;336;19;25;53;99;3.60;8;2;1;75;0;6995399;4237;0
147;18;336;19;25;55;40;5.60;6;2;1;72;0;6995540;125;0
147;18;336;19;25;56;2;4.20;5;2;1;77;0;6995602;2286;0
147;18;336;19;25;57;7;3.60;7;2;1;76;0;6995707;2291;0
147;18;336;19;25;58;56;6.80;3;1;1;83;0;6995856;836;0
147;18;336;19;25;58;99;4.40;3;1;1;74;0;6995899;13;0
147;18;336;19;25;58;99;4.00;6;2;1;79;0;6995899;331;0
147;18;336;19;25;59;99;3.60;7;2;1;78;0;6995999;274;0
147;18;336;19;26;0;23;3.80;8;2;1;82;0;6996023;606;0
147;18;336;19;26;0;69;3.60;2;1;1;76;0;6996069;1479;0
147;18;336;19;26;2;6;3.80;5;2;1;78;0;6996206;584;0
147;18;336;19;26;3;96;3.40;5;2;1;79;0;6996396;172;0
147;18;336;19;26;4;16;3.80;6;2;1;79;0;6996416;498;0
147;18;336;19;26;4;99;3.80;2;1;1;78;0;6996499;412;0
147;18;336;19;26;5;3;3.00;3;1;1;75;0;6996503;582;0
147;18;336;19;26;5;30;3.20;6;2;1;77;0;6996530;96;0
147;18;336;19;26;5;47;3.00;2;1;1;75;0;6996547;30;0
147;18;336;19;26;6;1;3.40;4;1;1;74;0;6996601;1678;0
147;18;336;19;26;6;99;3.60;3;1;1;72;0;6996699;181;0
147;18;336;19;26;8;12;3.40;3;1;1;76;0;6996812;95;0
147;18;336;19;26;9;99;3.20;6;2;1;76;0;6996999;454;0
147;18;336;19;26;10;17;3.60;4;1;1;81;0;6997017;399;0
147;18;336;19;26;11;95;3.80;3;1;1;85;0;6997195;366;0
147;18;336;19;26;12;99;3.60;5;2;1;84;0;6997299;887;0
147;18;336;19;26;13;44;4.00;6;2;1;77;0;6997344;329;0
147;18;336;19;26;13;45;3.60;7;2;1;79;0;6997345;1329;0
147;18;336;19;26;14;99;3.80;6;2;1;78;0;6997499;136;0
147;18;336;19;26;15;3;3.20;2;1;1;73;0;6997503;941;0
147;18;336;19;26;16;10;2.80;6;2;1;76;0;6997610;93;0
147;18;336;19;26;18;50;3.80;1;1;1;83;0;6997850;2732;0
147;18;336;19;26;18;73;3.40;6;2;1;76;0;6997873;249;0
147;18;336;19;26;18;82;3.40;5;2;1;80;0;6997882;567;0
147;18;336;19;26;18;88;3.40;4;1;1;79;0;6997888;855;0
147;18;336;19;26;19;15;3.40;3;1;1;74;0;6997915;703;0
147;18;336;19;26;19;99;3.40;2;1;1;60;0;6997999;480;0
147;18;336;19;26;19;99;4.00;4;1;1;81;0;6997999;95;0
147;18;336;19;26;20;99;3.00;3;1;1;78;0;6998099;167;0
147;18;336;19;26;20;8;3.60;4;1;1;81;0;6998008;-1;0
147;18;336;19;26;21;93;3.80;4;1;1;77;0;6998193;169;0
147;18;336;19;26;22;99;3.40;3;1;1;78;0;6998299;186;0
147;18;336;19;26;23;40;3.00;3;1;1;67;0;6998340;25;0
147;18;336;19;26;24;99;3.80;5;2;1;79;0;6998499;601;0
147;18;336;19;26;26;14;3.40;5;2;1;82;0;6998614;97;0
147;18;336;19;26;26;58;3.80;6;2;1;75;0;6998658;768;0
147;18;336;19;26;27;99;4.20;3;1;1;81;0;6998799;442;0
147;18;336;19;26;27;99;3.60;5;2;1;78;0;6998799;170;0
147;18;336;19;26;28;9;3.20;2;1;1;70;0;6998809;789;0
147;18;336;19;26;28;19;3.40;5;2;1;80;0;6998819;3;0
147;18;336;19;26;29;21;3.80;6;2;1;76;0;6998921;244;0
147;18;336;19;26;29;99;4.00;3;1;1;74;0;6998999;181;0
147;18;336;19;26;29;99;3.40;2;1;1;70;0;6998999;173;0
147;18;336;19;26;30;99;3.00;8;2;1;76;0;6999099;3059;0
147;18;336;19;26;31;21;3.60;5;2;1;81;0;6999121;286;0
147;18;336;19;26;31;52;3.40;6;2;1;71;0;6999152;213;0
147;18;336;19;26;31;72;3.60;3;1;1;71;0;6999172;153;0
147;18;336;19;26;32;99;3.60;6;2;1;71;0;6999299;129;0
147;18;336;19;26;33;6;3.40;2;1;1;72;0;6999306;289;0
147;18;336;19;26;34;88;3.80;7;2;1;74;0;6999488;2126;0
147;18;336;19;26;34;99;3.40;2;1;1;75;0;6999499;176;0
147;18;336;19;26;35;99;3.40;6;2;1;75;0;6999599;281;0
147;18;336;19;26;36;60;3.60;6;2;1;76;0;6999660;44;0
147;18;336;19;26;37;7;3.20;2;1;1;75;0;6999707;191;0
147;18;336;19;26;37;99;3.60;5;2;1;84;0;6999799;662;0
147;18;336;19;26;38;37;3.80;6;2;1;77;0;6999837;159;0
147;18;336;19;26;41;17;4.40;5;2;1;82;0;7000117;302;0
147;18;336;19;26;41;19;3.60;6;2;1;78;0;7000119;264;0
147;18;336;19;26;43;16;3.80;6;2;1;78;0;7000316;180;0
147;18;336;19;26;43;22;3.40;2;1;1;59;0;7000322;599;0
147;18;336;19;26;45;17;3.20;3;1;1;75;0;7000517;1326;0
147;18;336;19;26;45;99;3.60;6;2;1;81;0;7000599;265;0
147;18;336;19;26;45;99;3.20;2;1;1;68;0;7000599;256;0
147;18;336;19;26;45;99;3.00;5;2;1;84;0;7000599;462;0
147;18;336;19;26;47;1;3.40;6;2;1;80;0;7000701;86;0
147;18;336;19;26;47;99;3.60;5;2;1;85;0;7000799;187;0
147;18;336;19;26;50;21;3.40;4;1;1;76;0;7001021;2810;0
147;18;336;19;26;50;99;3.40;3;1;1;73;0;7001099;566;0
147;18;336;19;26;50;99;3.40;6;2;1;75;0;7001099;382;0
147;18;336;19;26;51;50;3.40;4;1;1;81;0;7001150;112;0
147;18;336;19;26;52;18;3.60;3;1;1;75;0;7001218;102;0
147;18;336;19;26;52;99;3.40;6;2;1;77;0;7001299;183;0
147;18;336;19;26;52;99;4.00;7;2;1;80;0;7001299;1792;0
147;18;336;19;26;53;9;4.60;4;1;1;88;0;7001309;143;0
147;18;336;19;26;53;99;3.60;5;2;1;79;0;7001399;584;0
147;18;336;19;26;54;43;3.80;2;1;1;73;0;7001443;827;0
147;18;336;19;26;55;17;3.20;6;2;1;75;0;7001517;202;0
147;18;336;19;26;55;99;3.80;7;2;1;77;0;7001599;282;0
147;18;336;19;26;56;28;4.00;4;1;1;81;0;7001628;300;0
147;18;336;19;26;57;3;3.40;4;1;1;83;0;7001703;57;0
147;18;336;19;26;57;11;3.80;2;1;1;78;0;7001711;249;0
147;18;336;19;26;57;96;3.60;3;1;1;70;0;7001796;560;0
147;18;336;19;26;57;99;3.80;8;2;1;79;0;7001799;2685;0
147;18;336;19;26;57;99;3.80;4;1;1;86;0;7001799;81;0
147;18;336;19;26;58;99;3.40;2;1;1;81;0;7001899;170;0
147;18;336;19;26;58;99;3.60;1;1;1;71;0;7001899;4032;0
147;18;336;19;26;58;99;4.80;4;1;1;87;0;7001899;84;0
147;18;336;19;26;58;99;3.60;3;1;1;76;0;7001899;84;0
147;18;336;19;26;59;77;3.80;4;1;1;83;0;7001977;58;7001628
147;18;336;19;27;0;5;3.60;3;1;1;75;0;7002005;88;7001628
147;18;336;19;27;1;14;3.20;5;2;1;86;0;7002114;698;0
147;18;336;19;27;1;11;3.80;7;2;1;81;0;7002111;494;0
147;18;336;19;27;2;0;3.40;2;1;1;83;0;7002200;285;0
147;18;336;19;27;2;95;3.40;6;2;1;73;0;7002295;762;0
147;18;336;19;27;3;4;4.00;8;2;1;75;0;7002304;487;0
147;18;336;19;27;4;12;3.60;3;1;1;68;0;7002412;389;0
147;18;336;19;27;4;19;3.80;6;2;1;77;0;7002419;107;0
147;18;336;19;27;4;66;4.00;5;2;1;81;0;7002466;338;0
147;18;336;19;27;5;99;3.20;3;1;1;68;0;7002599;167;0
147;18;336;19;27;6;3;3.40;3;1;1;68;0;7002603;-1;0
147;18;336;19;27;7;98;3.60;4;1;1;74;0;7002798;804;0
147;18;336;19;27;8;99;3.60;2;1;1;74;0;7002899;684;0
147;18;336;19;27;8;99;4.00;5;2;1;79;0;7002899;415;0
147;18;336;19;27;9;99;3.80;3;1;1;70;0;7002999;378;0
147;18;336;19;27;9;20;3.20;6;2;1;78;0;7002920;483;0
147;18;336;19;27;9;38;3.80;4;1;1;80;0;7002938;122;0
147;18;336;19;27;10;99;3.80;6;2;1;80;0;7003099;164;0
147;18;336;19;27;10;99;3.00;2;1;1;70;0;7003099;182;0
147;18;336;19;27;11;4;3.00;3;1;1;73;0;7003104;85;0
147;18;336;19;27;12;61;3.40;4;1;1;81;0;7003261;305;0
147;18;336;19;27;13;14;3.20;3;1;1;74;0;7003314;195;0
147;18;336;19;27;14;99;3.60;2;1;1;78;0;7003499;384;0
147;18;336;19;27;16;99;3.60;3;1;1;82;0;7003699;369;0
147;18;336;19;27;16;99;3.20;7;2;1;86;0;7003699;1571;0
147;18;336;19;27;17;50;3.20;2;1;1;77;0;7003750;234;0
147;18;336;19;27;19;7;16.20;2;1;4;81;0;7003907;142;0
147;18;336;19;27;22;0;3.60;6;2;1;83;0;7004200;1083;0
147;18;336;19;27;24;16;3.80;4;1;1;82;0;7004416;1139;0
147;18;336;19;27;25;8;4.00;5;2;1;92;0;7004508;1590;0
147;18;336;19;27;25;99;3.60;1;1;1;85;0;7004599;2681;0
147;18;336;19;27;26;7;4.00;5;2;1;93;0;7004607;83;0
147;18;336;19;27;26;99;3.20;3;1;1;76;0;7004699;984;0
147;18;336;19;27;27;3;4.40;6;2;1;88;0;7004703;487;0
147;18;336;19;27;27;57;3.60;7;2;1;82;0;7004757;1044;0
147;18;336;19;27;28;99;4.00;3;1;1;82;0;7004899;184;0
147;18;336;19;27;28;99;4.00;6;2;1;73;0;7004899;178;0
147;18;336;19;27;29;9;4.00;7;2;1;75;0;7004909;136;0
147;18;336;19;27;30;3;3.20;8;2;1;66;0;7005003;2679;0
147;18;336;19;27;31;99;3.20;6;2;1;69;0;7005199;280;0
147;18;336;19;27;32;2;3.40;5;2;1;83;0;7005202;579;0
147;18;336;19;27;32;27;2.80;6;2;1;69;0;7005227;11;0
147;18;336;19;27;32;51;3.60;5;2;1;79;0;7005251;34;0
147;18;336;19;27;33;16;3.40;2;1;1;74;0;7005316;1337;0
147;18;336;19;27;34;99;3.00;6;2;1;71;0;7005499;257;0
147;18;336;19;27;35;96;3.60;6;2;1;70;0;7005596;81;0
147;18;336;19;27;36;99;3.60;3;1;1;75;0;7005699;782;0
147;18;336;19;27;37;8;3.80;8;2;1;73;0;7005708;687;0
147;18;336;19;27;37;25;3.40;3;1;1;73;0;7005725;8;0
147;18;336;19;27;37;45;3.60;2;1;1;79;0;7005745;412;0
147;18;336;19;27;38;90;3.60;4;1;1;80;0;7005890;1457;0
147;18;336;19;27;39;99;3.80;6;2;1;83;0;7005999;384;0
147;18;336;19;27;40;44;3.40;3;1;1;78;0;7006044;302;0
147;18;336;19;27;42;42;3.80;3;1;1;76;0;7006242;182;0
147;18;336;19;27;43;87;3.80;6;2;1;82;0;7006387;371;0
147;18;336;19;27;44;23;3.40;2;1;1;79;0;7006423;661;0
147;18;336;19;27;45;16;3.20;8;2;1;72;0;7006516;789;0
147;18;336;19;27;46;99;3.40;1;1;1;65;0;7006699;2084;0
147;18;336;19;27;47;29;3.00;2;1;1;70;0;7006729;290;0
147;18;336;19;27;48;99;3.40;2;1;1;70;0;7006899;154;0
147;18;336;19;27;50;25;3.60;3;1;1;79;0;7007025;765;0
147;18;336;19;27;50;71;3.80;6;2;1;87;0;7007071;667;0
147;18;336;19;27;52;99;4.80;7;2;1;84;0;7007299;2370;0
147;18;336;19;27;53;4;3.80;3;1;1;81;0;7007304;262;0
147;18;336;19;27;54;99;3.20;6;2;1;81;0;7007499;412;0
147;18;336;19;27;57;14;3.60;2;1;1;82;0;7007714;797;0
147;18;336;19;28;3;32;3.20;2;1;1;74;0;7008332;602;0
147;18;336;19;28;3;60;3.80;7;2;1;81;0;7008360;1040;0
147;18;336;19;28;3;62;3.40;3;1;1;75;0;7008362;1041;0
147;18;336;19;28;4;99;3.60;3;1;1;70;0;7008499;120;0
147;18;336;19;28;5;99;3.40;5;2;1;79;0;7008599;3331;0
147;18;336;19;28;5;99;3.40;6;2;1;80;0;7008599;1085;0
147;18;336;19;28;5;13;3.80;7;2;1;73;0;7008513;136;0
147;18;336;19;28;6;19;3.20;6;2;1;78;0;7008619;4;0
147;18;336;19;28;6;99;3.60;5;2;1;82;0;7008699;84;0
147;18;336;19;28;7;99;3.20;3;1;1;73;0;7008799;281;0
147;18;336;19;28;7;99;4.20;5;2;1;85;0;7008799;84;0
147;18;336;19;28;8;27;3.20;6;2;1;74;0;7008827;193;0
147;18;336;19;28;8;49;4.00;4;1;1;80;0;7008849;2942;0
147;18;336;19;28;8;59;3.60;7;2;1;75;0;7008859;327;0
147;18;336;19;28;9;99;3.40;2;1;1;74;0;7008999;651;0
147;18;336;19;28;10;3;3.40;1;1;1;82;0;7009003;2285;0
147;18;336;19;28;10;12;3.00;2;1;1;73;0;7009012;-1;0
147;18;336;19;28;11;1;4.00;7;2;1;85;0;7009101;224;0
147;18;336;19;28;12;13;3.60;3;1;1;75;0;7009213;398;0
147;18;336;19;28;12;99;3.60;4;1;1;83;0;7009299;432;0
147;18;336;19;28;12;99;3.80;6;2;1;78;0;7009299;456;0
147;18;336;19;28;13;61;3.80;7;2;1;80;0;7009361;243;0
147;18;336;19;28;13;74;3.40;4;1;1;86;0;7009374;59;0
147;18;336;19;28;14;10;4.00;3;1;1;76;0;7009410;179;0
147;18;336;19;28;14;99;3.80;6;2;1;76;0;7009499;182;0
147;18;336;19;28;15;15;3.40;5;2;1;83;0;7009515;698;0
147;18;336;19;28;15;99;3.80;6;2;1;76;0;7009599;82;0
147;18;336;19;28;16;22;3.60;5;2;1;82;0;7009622;92;0
147;18;336;19;28;16;70;3.80;4;1;1;92;0;7009670;281;0
147;18;336;19;28;18;9;3.60;6;2;1;75;0;7009809;192;0
147;18;336;19;28;19;99;3.40;7;2;1;79;0;7009999;620;0
147;18;336;19;28;20;99;3.80;6;2;1;80;0;7010099;272;0
147;18;336;19;28;21;76;3.60;4;1;1;81;0;7010176;491;0
147;18;336;19;28;22;21;3.20;7;2;1;79;0;7010221;206;0
147;18;336;19;28;22;99;3.20;6;2;1;77;0;7010299;182;0
147;18;336;19;28;23;99;3.60;4;1;1;76;0;7010399;207;0
147;18;336;19;28;24;75;3.80;3;1;1;65;0;7010475;1046;0
147;18;336;19;28;25;22;3.60;5;2;1;79;0;7010522;884;0
147;18;336;19;28;26;45;3.60;5;2;1;79;0;7010645;106;0
147;18;336;19;28;26;36;11.00;6;2;2;77;0;7010636;322;0
147;18;336;19;28;27;99;3.80;3;1;1;72;0;7010799;302;0
147;18;336;19;28;27;99;3.00;1;1;1;77;0;7010799;1781;0
147;18;336;19;28;27;99;3.60;2;1;1;67;0;7010799;1772;0
147;18;336;19;28;28;99;3.20;3;1;1;72;0;7010899;81;0
147;18;336;19;28;28;6;3.60;5;2;1;81;0;7010806;144;0
147;18;336;19;28;28;18;3.40;1;1;1;86;0;7010818;4;0
147;18;336;19;28;29;95;2.80;2;1;1;70;0;7010995;176;0
147;18;336;19;28;29;84;16.60;6;2;4;80;0;7010984;296;0
147;18;336;19;28;30;99;4.00;2;1;1;71;0;7011099;89;0
147;18;336;19;28;31;66;4.60;5;2;1;96;0;7011166;344;0
147;18;336;19;28;32;99;3.80;6;2;1;84;0;7011299;240;0
147;18;336;19;28;35;18;3.80;6;2;1;77;0;7011518;202;0
147;18;336;19;28;36;30;3.60;6;2;1;79;0;7011630;94;0
147;18;336;19;28;38;11;3.20;6;2;1;78;0;7011811;164;0
147;18;336;19;28;40;99;3.80;1;1;1;87;0;7012099;1266;0
147;18;336;19;28;42;99;3.00;3;1;1;73;0;7012299;1384;0
147;18;336;19;28;43;99;3.60;2;1;1;78;0;7012399;1279;0
147;18;336;19;28;44;15;4.60;3;1;1;70;0;7012415;101;0
147;18;336;19;28;44;43;3.40;6;2;1;77;0;7012443;617;0
147;18;336;19;28;46;6;3.60;6;2;1;81;0;7012606;147;0
147;18;336;19;28;46;99;3.40;5;2;1;81;0;7012699;1515;0
147;18;336;19;28;46;16;3.20;2;1;1;75;0;7012616;200;0
147;18;336;19;28;48;99;3.80;2;1;1;81;0;7012899;267;0
147;18;336;19;28;48;99;4.40;4;1;1;81;0;7012899;2482;0
147;18;336;19;28;49;81;3.60;3;1;1;78;0;7012981;542;0
147;18;336;19;28;50;99;3.20;4;1;1;84;0;7013099;180;0
147;18;336;19;28;54;14;3.60;6;2;1;80;0;7013414;792;0
147;18;336;19;28;54;51;3.40;3;1;1;79;0;7013451;453;0
147;18;336;19;28;54;50;3.80;2;1;1;70;0;7013450;534;0
147;18;336;19;28;55;99;3.60;2;1;1;72;0;7013599;129;0
147;18;336;19;28;56;3;3.40;8;2;1;73;0;7013603;7071;0
147;18;336;19;28;56;12;3.80;6;2;1;84;0;7013612;181;0
147;18;336;19;28;58;99;3.60;5;2;1;82;0;7013899;1184;0
147;18;336;19;29;0;97;3.60;6;2;1;79;0;7014097;468;0
147;18;336;19;29;1;10;3.80;3;1;1;79;0;7014110;643;0
147;18;336;19;29;1;99;3.40;6;2;1;73;0;7014199;85;0
147;18;336;19;29;2;11;3.80;6;2;1;76;0;7014211;-1;0
147;18;336;19;29;3;20;4.60;7;2;1;84;0;7014320;4084;0
147;18;336;19;29;5;99;3.40;2;1;1;79;0;7014599;982;0
147;18;336;19;29;6;99;3.60;2;1;1;79;0;7014699;84;0
147;18;336;19;29;8;99;3.60;2;1;1;81;0;7014899;183;0
147;18;336;19;29;9;19;3.20;3;1;1;77;0;7014919;791;0
147;18;336;19;29;9;0;4.80;1;1;1;85;0;7014900;2785;0
147;18;336;19;29;9;42;3.80;6;2;1;76;0;7014942;713;0
147;18;336;19;29;10;89;3.40;3;1;1;75;0;7015089;155;0
147;18;336;19;29;10;99;3.80;4;1;1;82;0;7015099;1986;0
147;18;336;19;29;11;99;4.00;6;2;1;77;0;7015199;239;0
147;18;336;19;29;12;21;3.20;8;2;1;77;0;7015221;1601;0
147;18;336;19;29;12;67;3.60;3;1;1;79;0;7015267;161;0
147;18;336;19;29;13;99;4.60;3;1;1;74;0;7015399;115;0
147;18;336;19;29;14;99;3.80;7;2;1;84;0;7015499;1159;0
147;18;336;19;29;14;99;4.40;2;1;1;83;0;7015499;584;0
147;18;336;19;29;17;13;3.20;6;2;1;78;0;7015713;495;0
147;18;336;19;29;20;63;3.60;5;2;1;79;0;7016063;2148;0
147;18;336;19;29;20;78;3.80;8;2;1;77;0;7016078;842;0
147;18;336;19;29;21;99;3.60;2;1;1;78;0;7016199;680;0
147;18;336;19;29;22;6;3.80;5;2;1;79;0;7016206;126;0
147;18;336;19;29;22;28;3.40;3;1;1;83;0;7016228;806;0
147;18;336;19;29;22;38;6.20;6;2;1;80;0;7016238;510;0
147;18;336;19;29;23;99;3.80;7;2;1;84;0;7016399;883;0
147;18;336;19;29;26;5;3.60;4;1;1;82;0;7016605;1489;0
147;18;336;19;29;26;99;3.60;2;1;1;79;0;7016699;483;0
147;18;336;19;29;28;11;3.40;3;1;1;75;0;7016811;568;0
147;18;336;19;29;28;99;3.60;7;2;1;81;0;7016899;483;0
147;18;336;19;29;29;99;4.00;2;1;1;76;0;7016999;283;0
147;18;336;19;29;29;99;3.40;3;1;1;70;0;7016999;171;0
147;18;336;19;29;30;86;3.40;3;1;1;70;0;7017086;69;0
147;18;336;19;29;32;2;3.20;3;1;1;74;0;7017202;98;0
147;18;336;19;29;34;99;2.80;3;1;1;71;0;7017499;281;0
147;18;336;19;29;35;5;3.80;6;2;1;75;0;7017505;1239;0
147;18;336;19;29;35;21;3.40;4;1;1;82;0;7017521;900;0
147;18;336;19;29;35;24;3.80;5;2;1;82;0;7017524;1300;0
147;18;336;19;29;35;70;3.20;1;1;1;74;0;7017570;2649;0
147;18;336;19;29;36;7;3.80;3;1;1;71;0;7017607;93;0
147;18;336;19;29;36;99;4.80;7;2;1;78;0;7017699;784;0
147;18;336;19;29;37;19;3.60;4;1;1;77;0;7017719;183;0
147;18;336;19;29;37;99;3.60;3;1;1;67;0;7017799;172;0
147;18;336;19;29;37;99;3.40;6;2;1;77;0;7017799;275;0
147;18;336;19;29;37;99;4.40;5;2;1;87;0;7017799;258;0
147;18;336;19;29;38;99;4.20;4;1;1;76;0;7017899;163;0
147;18;336;19;29;38;99;3.80;6;2;1;80;0;7017899;84;0
147;18;336;19;29;39;99;3.20;7;2;1;79;0;7017999;277;0
147;18;336;19;29;39;99;4.00;4;1;1;76;0;7017999;80;0
147;18;336;19;29;39;99;4.00;5;2;1;83;0;7017999;181;0
147;18;336;19;29;40;40;3.60;6;2;1;83;0;7018040;123;0
147;18;336;19;29;40;39;3.40;2;1;1;71;0;7018039;1021;0
147;18;336;19;29;41;90;11.20;2;1;7;65;0;7018190;133;0
147;18;336;19;29;43;2;3.80;6;2;1;83;0;7018302;246;0
147;18;336;19;29;44;99;4.60;7;2;1;85;0;7018499;485;0
147;18;336;19;29;47;12;4.20;2;1;1;76;0;7018712;459;0
147;18;336;19;29;49;16;3.60;6;2;1;72;0;7018916;597;0
147;18;336;19;29;50;29;3.40;3;1;1;83;0;7019029;1210;0
147;18;336;19;29;51;99;3.20;3;1;1;80;0;7019199;155;0
147;18;336;19;29;52;99;3.80;5;2;1;79;0;7019299;1282;0
147;18;336;19;29;53;16;3.20;4;1;1;81;0;7019316;1298;0
147;18;336;19;29;54;99;3.40;3;1;1;64;0;7019499;285;0
147;18;336;19;29;54;99;3.80;4;1;1;80;0;7019499;168;0
147;18;336;19;29;51;76;4.20;7;2;1;12;0;7019176;657;0
147;18;336;19;29;55;99;4.00;6;2;1;82;0;7019599;665;0
147;18;336;19;29;55;35;3.40;4;1;1;79;0;7019535;18;0
147;18;336;19;29;56;19;3.20;3;1;1;75;0;7019619;100;0
147;18;336;19;29;59;2;3.40;5;2;1;83;0;7019902;585;0
147;18;336;19;30;3;15;3.40;2;1;1;77;0;7020315;1583;0
147;18;336;19;30;3;67;3.20;5;2;1;87;0;7020367;450;0
147;18;336;19;30;4;94;7.00;1;1;1;76;0;7020494;2908;0
147;18;336;19;30;4;99;3.40;6;2;1;78;0;7020499;882;0
147;18;336;19;30;5;99;3.40;5;2;1;89;0;7020599;218;0
147;18;336;19;30;5;99;3.20;1;1;1;81;0;7020599;71;0
147;18;336;19;30;5;99;3.40;2;1;1;79;0;7020599;268;0
147;18;336;19;30;5;2;3.80;4;1;1;78;0;7020502;951;0
147;18;336;19;30;6;2;3.80;3;1;1;75;0;7020602;967;0
147;18;336;19;30;3;89;4.20;7;2;1;13;0;7020389;1087;0
147;18;336;19;30;7;18;3.60;4;1;1;79;0;7020718;198;0
147;18;336;19;30;7;99;3.60;4;1;1;79;0;7020799;64;0
147;18;336;19;30;8;20;5.20;2;1;1;77;0;7020820;205;0
147;18;336;19;30;9;99;3.60;4;1;1;78;0;7020999;183;0
147;18;336;19;30;9;99;3.60;3;1;1;71;0;7020999;378;0
147;18;336;19;30;10;99;3.40;6;2;1;77;0;7021099;584;0
147;18;336;19;30;11;62;3.80;4;1;1;79;0;7021162;146;7020502
147;18;336;19;30;11;74;3.60;5;2;1;78;0;7021174;561;0
147;18;336;19;30;13;5;3.40;4;1;1;77;0;7021305;125;7020502
147;18;336;19;30;13;11;3.60;5;2;1;91;0;7021311;120;7020502
147;18;336;19;30;13;8;2.80;3;1;1;68;0;7021308;290;0
147;18;336;19;30;13;24;6.80;6;2;1;83;0;7021324;209;0
147;18;336;19;30;13;45;4.00;7;2;1;85;0;7021345;839;0
147;18;336;19;30;16;99;4.80;3;1;1;70;0;7021699;376;0
147;18;336;19;30;17;99;3.80;7;2;1;81;0;7021799;437;0
147;18;336;19;30;17;99;3.60;2;1;1;71;0;7021799;954;0
147;18;336;19;30;18;99;3.40;3;1;1;72;0;7021899;175;0
147;18;336;19;30;19;3;3.80;2;1;1;71;0;7021903;85;0
147;18;336;19;30;19;68;3.80;1;1;1;79;0;7021968;1354;0
147;18;336;19;30;20;99;3.20;3;1;1;73;0;7022099;183;0
147;18;336;19;30;20;99;3.60;4;1;1;77;0;7022099;778;0
147;18;336;19;30;21;50;4.00;5;2;1;84;0;7022150;824;0
147;18;336;19;30;22;99;3.20;2;1;1;74;0;7022299;376;0
147;18;336;19;30;22;99;3.40;7;2;1;73;0;7022299;483;0
147;18;336;19;30;23;17;5.60;3;1;1;72;0;7022317;202;0
147;18;336;19;30;25;99;3.60;3;1;1;75;0;7022599;254;0
147;18;336;19;30;26;13;4.00;4;1;1;86;0;7022613;497;0
147;18;336;19;30;27;0;3.60;3;1;1;74;0;7022700;83;0
147;18;336;19;30;27;99;3.60;7;2;1;78;0;7022799;483;0
147;18;336;19;30;27;99;4.40;3;1;1;74;0;7022799;81;0
147;18;336;19;30;28;99;3.40;3;1;1;71;0;7022899;78;0
147;18;336;19;30;29;52;4.00;7;2;1;82;0;7022952;136;0
147;18;336;19;30;30;99;3.40;3;1;1;75;0;7023099;182;7022599
147;18;336;19;30;31;14;3.60;6;2;1;82;0;7023114;1760;0
147;18;336;19;30;31;26;3.80;8;2;1;88;0;7023126;7030;0
147;18;336;19;30;31;33;3.00;2;1;1;73;0;7023133;818;0
147;18;336;19;30;32;95;3.80;5;2;1;82;0;7023295;1127;0
147;18;336;19;30;32;99;3.80;1;1;1;78;0;7023299;1313;0
147;18;336;19;30;33;99;3.60;3;1;1;75;0;7023399;283;0
147;18;336;19;30;34;1;3.40;7;2;1;81;0;7023401;431;0
147;18;336;19;30;37;99;5.80;7;2;1;77;0;7023799;382;0
147;18;336;19;30;38;20;3.40;1;1;1;75;0;7023820;503;0
147;18;336;19;30;38;99;3.80;4;1;1;80;0;7023899;1269;0
147;18;336;19;30;38;99;3.40;6;2;1;75;0;7023899;769;0
147;18;336;19;30;39;16;3.60;7;2;1;85;0;7023916;89;0
147;18;336;19;30;40;99;3.80;6;2;1;80;0;7024099;183;0
147;18;336;19;30;42;97;3.20;6;2;1;80;0;7024297;180;0
147;18;336;19;30;43;8;3.80;4;1;1;85;0;7024308;391;0
147;18;336;19;30;44;6;3.20;6;2;1;81;0;7024406;94;0
147;18;336;19;30;46;12;3.20;6;2;1;82;0;7024612;191;7023899
147;18;336;19;30;46;12;3.40;1;1;1;71;0;7024612;775;0
147;18;336;19;30;48;99;3.80;6;2;1;79;0;7024899;272;0
147;18;336;19;30;49;27;3.80;5;2;1;84;0;7024927;1615;0
147;18;336;19;30;50;99;4.00;8;2;1;81;0;7025099;1957;0
147;18;336;19;30;51;99;3.60;3;1;1;78;0;7025199;1782;0
147;18;336;19;30;54;99;3.40;2;1;1;71;0;7025499;2351;0
147;18;336;19;30;54;31;3.60;3;1;1;86;0;7025431;215;0
147;18;336;19;30;56;21;3.20;3;1;1;79;0;7025621;174;0
147;18;336;19;30;56;99;4.20;4;1;1;85;0;7025699;1374;0
147;18;336;19;30;57;17;3.60;2;1;1;71;0;7025717;200;0
147;18;336;19;30;57;77;3.00;5;2;1;75;0;7025777;833;0
147;18;336;19;30;58;99;3.60;3;1;1;80;0;7025899;263;0
147;18;336;19;30;59;24;3.80;5;2;1;79;0;7025924;132;0
147;18;336;19;30;59;99;3.00;2;1;1;71;0;7025999;263;0
147;18;336;19;31;0;2;4.00;5;2;1;88;0;7026002;60;0
147;18;336;19;31;0;99;2.80;3;1;1;77;0;7026099;183;0
147;18;336;19;31;0;99;4.00;7;2;1;81;0;7026099;2167;0
147;18;336;19;31;1;17;4.40;2;1;1;71;0;7026117;102;0
147;18;336;19;31;2;1;3.80;4;1;1;78;0;7026201;484;0
147;18;336;19;31;3;99;3.40;2;1;1;66;0;7026399;259;0
147;18;336;19;31;3;99;3.60;4;1;1;78;0;7026399;180;0
147;18;336;19;31;3;99;4.00;5;2;1;84;0;7026399;380;0
147;18;336;19;31;3;99;3.40;3;1;1;80;0;7026399;286;0
147;18;336;19;31;4;99;3.60;6;2;1;74;0;7026499;1582;0
147;18;336;19;31;4;6;3.20;2;1;1;70;0;7026406;-1;0
147;18;336;19;31;4;99;7.60;4;1;1;75;0;7026499;83;0
147;18;336;19;31;7;16;4.00;4;1;1;77;0;7026716;180;0
147;18;336;19;31;6;99;4.60;3;1;1;76;0;7026699;284;0
147;18;336;19;31;7;14;3.80;4;1;1;77;0;7026714;-1;7026201
147;18;336;19;31;7;29;3.60;2;1;1;78;0;7026729;306;0
147;18;336;19;31;8;99;3.40;6;2;1;73;0;7026899;382;0
147;18;336;19;31;9;14;3.80;1;1;1;78;0;7026914;2284;0
147;18;336;19;31;9;99;3.80;7;2;1;76;0;7026999;882;0
147;18;336;19;31;10;19;4.00;5;2;1;80;0;7027019;602;0
147;18;336;19;31;10;68;3.40;2;1;1;73;0;7027068;322;0
147;18;336;19;31;10;99;3.40;4;1;1;77;0;7027099;367;0
147;18;336;19;31;10;99;3.60;6;2;1;79;0;7027099;183;0
147;18;336;19;31;11;99;3.20;4;1;1;78;0;7027199;84;0
147;18;336;19;31;11;99;4.00;7;2;1;80;0;7027199;182;0
147;18;336;19;31;12;42;4.00;3;1;1;82;0;7027242;521;0
147;18;336;19;31;13;92;3.20;7;2;1;81;0;7027392;175;0
147;18;336;19;31;14;99;3.60;3;1;1;74;0;7027499;239;0
147;18;336;19;31;16;10;7.00;4;1;6;84;0;7027610;396;0
147;18;336;19;31;17;15;3.40;1;1;1;68;0;7027715;783;0
147;18;336;19;31;18;99;3.40;6;2;1;77;0;7027899;783;0
147;18;336;19;31;20;37;3.60;6;2;1;75;0;7028037;122;0
147;18;336;19;31;21;99;3.00;3;1;1;73;0;7028199;682;0
147;18;336;19;31;21;99;3.80;5;2;1;77;0;7028199;1162;0
147;18;336;19;31;22;6;3.20;8;2;1;75;0;7028206;3089;0
147;18;336;19;31;22;14;3.60;5;2;1;77;0;7028214;-1;0
147;18;336;19;31;23;67;3.40;2;1;1;72;0;7028367;1282;0
147;18;336;19;31;23;99;3.60;5;2;1;77;0;7028399;168;0
147;18;336;19;31;24;99;3.60;7;2;1;79;0;7028499;1092;0
147;18;336;19;31;25;31;6.60;3;1;1;71;0;7028531;317;0
147;18;336;19;31;25;54;3.80;2;1;1;74;0;7028554;170;0
147;18;336;19;31;25;64;3.60;6;2;1;81;0;7028564;509;0
147;18;336;19;31;27;99;3.60;1;1;1;74;0;7028799;1066;0
147;18;336;19;31;28;96;3.40;6;2;1;77;0;7028896;316;0
147;18;336;19;31;29;99;3.80;2;1;1;77;0;7028999;426;0
147;18;336;19;31;29;99;3.20;7;2;1;80;0;7028999;483;0
147;18;336;19;31;29;99;3.20;5;2;1;76;0;7028999;583;0
147;18;336;19;31;31;99;3.20;3;1;1;75;0;7029199;634;0
147;18;336;19;31;33;9;3.80;6;2;1;80;0;7029309;397;0
147;18;336;19;31;33;76;3.80;4;1;1;81;0;7029376;1736;0
147;18;336;19;31;33;98;3.20;2;1;1;78;0;7029398;381;0
147;18;336;19;31;33;99;3.60;6;2;1;72;0;7029399;72;0
147;18;336;19;31;34;99;3.80;3;1;1;74;0;7029499;284;0
147;18;336;19;31;34;99;3.60;5;2;1;82;0;7029499;484;0
147;18;336;19;31;35;99;3.60;5;2;1;81;0;7029599;84;0
147;18;336;19;31;36;92;3.80;8;2;1;76;0;7029692;1470;0
147;18;336;19;31;36;99;3.40;6;2;1;65;0;7029699;282;0
147;18;336;19;31;36;99;3.20;2;1;1;72;0;7029699;286;0
147;18;336;19;31;37;99;3.40;6;2;1;65;0;7029799;81;0
147;18;336;19;31;38;64;3.80;2;1;1;71;0;7029864;149;0
147;18;336;19;31;38;80;3.40;3;1;1;75;0;7029880;362;0
147;18;336;19;31;40;5;3.40;3;1;1;73;0;7030005;108;0
147;18;336;19;31;40;99;3.80;6;2;1;74;0;7030099;281;0
147;18;336;19;31;40;99;3.60;4;1;1;75;0;7030099;706;0
147;18;336;19;31;41;89;3.40;3;1;1;73;0;7030189;167;0
147;18;336;19;31;41;99;3.60;4;1;1;77;0;7030199;82;0
147;18;336;19;31;43;10;3.40;2;1;1;72;0;7030310;426;0
147;18;336;19;31;43;35;4.00;5;2;1;83;0;7030335;720;0
147;18;336;19;31;43;48;3.60;6;2;1;74;0;7030348;230;0
147;18;336;19;31;43;77;3.40;3;1;1;78;0;7030377;171;0
147;18;336;19;31;44;99;3.40;4;1;1;80;0;7030499;283;0
147;18;336;19;31;44;99;3.20;2;1;1;74;0;7030499;172;0
147;18;336;19;31;44;99;3.40;6;2;1;77;0;7030499;133;0
147;18;336;19;31;45;99;3.80;3;1;1;77;0;7030599;206;0
147;18;336;19;31;46;78;3.60;5;2;1;80;0;7030678;325;0
147;18;336;19;31;46;95;3.40;4;1;1;81;0;7030695;180;0
147;18;336;19;31;47;99;2.20;6;2;1;76;0;7030799;284;0
147;18;336;19;31;47;99;3.80;7;2;1;79;0;7030799;1785;0
147;18;336;19;31;48;99;4.00;3;1;1;77;0;7030899;282;0
147;18;336;19;31;48;20;3.60;4;1;1;80;0;7030820;109;0
147;18;336;19;31;49;99;4.00;8;2;1;95;0;7030999;1289;0
147;18;336;19;31;49;99;4.00;5;2;1;82;0;7030999;304;0
147;18;336;19;31;50;3;4.00;6;2;1;74;0;7031003;193;0
147;18;336;19;31;52;99;4.40;3;1;1;78;0;7031299;381;0
147;18;336;19;31;53;63;3.20;2;1;1;72;0;7031363;848;0
147;18;336;19;31;55;99;3.40;6;2;1;79;0;7031599;576;0
147;18;336;19;31;56;60;3.40;2;1;1;76;0;7031660;281;0
147;18;336;19;31;57;99;3.60;3;1;1;76;0;7031799;479;0
147;18;336;19;31;57;99;4.00;6;2;1;78;0;7031799;184;0
147;18;336;19;31;58;8;4.00;4;1;1;85;0;7031808;971;0
147;18;336;19;31;59;16;4.20;2;1;1;81;0;7031916;239;0
147;18;336;19;31;59;99;4.20;7;2;1;80;0;7031999;1182;0
147;18;336;19;32;0;10;3.60;4;1;1;82;0;7032010;185;0
147;18;336;19;32;1;11;3.20;6;2;1;83;0;7032111;293;0
147;18;336;19;32;1;8;3.80;2;1;1;82;0;7032108;173;0
147;18;336;19;32;1;50;4.40;4;1;1;85;0;7032150;124;0
147;18;336;19;32;1;87;3.20;3;1;1;75;0;7032187;370;0
147;18;336;19;32;2;0;3.40;2;1;1;84;0;7032200;75;0
147;18;336;19;32;2;99;3.20;6;2;1;78;0;7032299;174;0
147;18;336;19;32;4;89;3.20;1;1;1;78;0;7032489;3672;0
147;18;336;19;32;4;99;3.40;4;1;1;81;0;7032499;330;0
147;18;336;19;32;6;9;3.80;3;1;1;79;0;7032609;406;0
147;18;336;19;32;9;92;4.60;5;2;1;78;0;7032992;1975;0
147;18;336;19;32;10;99;3.20;6;2;1;74;0;7033099;785;0
147;18;336;19;32;11;12;3.40;5;2;1;80;0;7033112;98;0
147;18;336;19;32;11;57;3.80;6;2;1;73;0;7033157;42;0
147;18;336;19;32;11;72;3.80;7;2;1;77;0;7033172;1154;0
147;18;336;19;32;12;25;3.00;5;2;1;77;0;7033225;97;0
147;18;336;19;32;13;21;3.60;5;2;1;79;0;7033321;81;0
147;18;336;19;32;13;99;4.20;7;2;1;75;0;7033399;209;0
147;18;336;19;32;13;99;3.40;6;2;1;75;0;7033399;223;0
147;18;336;19;32;14;9;4.00;7;2;1;79;0;7033409;-1;0
147;18;336;19;32;14;88;3.80;5;2;1;79;0;7033488;150;7032992
147;18;336;19;32;14;92;3.60;6;2;1;71;0;7033492;76;7032992
147;18;336;19;32;16;21;3.20;5;2;1;82;0;7033621;115;7032992
147;18;336;19;32;16;26;4.20;7;2;1;77;0;7033626;198;7032992
147;18;336;19;32;16;56;3.60;4;1;1;77;0;7033656;1141;0
147;18;336;19;32;16;55;3.40;2;1;1;70;0;7033655;1440;0
147;18;336;19;32;18;16;3.80;5;2;1;81;0;7033816;180;7032992
147;18;336;19;32;18;99;3.80;3;1;1;81;0;7033899;1272;0
147;18;336;19;32;18;99;3.80;1;1;1;78;0;7033899;1395;0
147;18;336;19;32;19;33;3.40;3;1;1;71;0;7033933;17;0
147;18;336;19;32;19;72;12.60;6;2;2;81;0;7033972;461;0
147;18;336;19;32;20;99;4.20;5;2;1;84;0;7034099;266;0
147;18;336;19;32;20;99;3.60;5;2;1;86;0;7034099;-1;0
147;18;336;19;32;21;9;3.80;6;2;1;80;0;7034109;81;0
147;18;336;19;32;21;99;5.40;2;1;1;81;0;7034199;526;0
147;18;336;19;32;21;17;3.40;8;2;1;92;0;7034117;3102;0
147;18;336;19;32;22;12;3.40;3;1;1;69;0;7034212;261;0
147;18;336;19;32;22;99;3.00;6;2;1;79;0;7034299;172;0
147;18;336;19;32;23;99;3.80;2;1;1;79;0;7034399;176;0
147;18;336;19;32;25;99;3.20;6;2;1;81;0;7034599;286;0
147;18;336;19;32;26;99;3.60;5;2;1;80;0;7034699;584;0
147;18;336;19;32;26;16;4.20;2;1;1;81;0;7034616;199;0
147;18;336;19;32;28;2;3.80;5;2;1;82;0;7034802;86;0
147;18;336;19;32;28;10;3.20;6;2;1;80;0;7034810;196;0
147;18;336;19;32;29;25;3.40;6;2;1;78;0;7034925;100;0
147;18;336;19;32;32;99;3.20;2;1;1;81;0;7035299;664;0
147;18;336;19;32;33;6;3.80;6;2;1;81;0;7035306;365;0
147;18;336;19;32;33;14;3.80;7;2;1;79;0;7035314;1668;0
147;18;336;19;32;34;20;3.40;6;2;1;80;0;7035420;97;0
147;18;336;19;32;35;99;3.80;7;2;1;74;0;7035599;267;0
147;18;336;19;32;36;11;3.60;6;2;1;77;0;7035611;175;0
147;18;336;19;32;36;26;3.60;5;2;1;87;0;7035626;807;0
147;18;336;19;32;37;13;3.60;3;1;1;77;0;7035713;1483;0
147;18;336;19;32;38;99;4.20;7;2;1;79;0;7035899;281;0
147;18;336;19;32;39;5;3.40;2;1;1;71;0;7035905;591;0
147;18;336;19;32;39;10;4.40;5;2;1;80;0;7035910;269;0
147;18;336;19;32;39;1;3.40;6;2;1;82;0;7035901;273;0
147;18;336;19;32;39;40;3.40;5;2;1;82;0;7035940;10;0
147;18;336;19;32;40;99;3.60;6;2;1;80;0;7036099;183;0
147;18;336;19;32;40;99;3.40;5;2;1;82;0;7036099;144;0
147;18;336;19;32;42;63;3.40;5;2;1;92;0;7036263;149;0
147;18;336;19;32;43;99;7.40;6;2;2;81;0;7036399;283;0
147;18;336;19;32;45;99;3.40;7;2;1;78;0;7036599;680;0
147;18;336;19;32;47;86;4.20;4;1;1;90;0;7036786;3113;0
147;18;336;19;32;48;99;4.00;3;1;1;76;0;7036899;1169;0
147;18;336;19;32;49;28;3.40;7;2;1;77;0;7036928;313;0
147;18;336;19;32;51;99;3.40;3;1;1;76;0;7037199;281;0
147;18;336;19;32;51;99;4.20;7;2;1;80;0;7037199;255;0
147;18;336;19;32;52;25;3.20;2;1;1;76;0;7037225;1302;0
147;18;336;19;32;53;99;3.20;7;2;1;85;0;7037399;181;0
147;18;336;19;32;54;99;3.80;6;2;1;71;0;7037499;1067;0
147;18;336;19;32;55;80;3.40;6;2;1;71;0;7037580;61;0
147;18;336;19;32;55;94;3.80;3;1;1;83;0;7037594;378;0
147;18;336;19;32;56;0;3.60;5;2;1;80;0;7037600;1323;0
147;18;336;19;32;57;10;3.60;6;2;1;73;0;7037710;112;0
147;18;336;19;32;59;14;3.80;7;2;1;75;0;7037914;501;0
147;18;336;19;32;59;99;3.60;6;2;1;75;0;7037999;271;0
147;18;336;19;32;59;99;3.80;1;1;1;72;0;7037999;4082;0
147;18;336;19;33;0;60;3.80;2;1;1;79;0;7038060;819;0
147;18;336;19;33;0;56;4.00;6;2;1;76;0;7038056;39;0
147;18;336;19;33;0;99;3.60;4;1;1;74;0;7038099;1296;0
147;18;336;19;33;0;99;3.40;3;1;1;65;0;7038099;488;0
147;18;336;19;33;3;9;3.20;6;2;1;76;0;7038309;234;0
147;18;336;19;33;3;99;3.60;6;2;1;78;0;7038399;74;0
147;18;336;19;33;4;99;3.80;1;1;1;78;0;7038499;481;0
147;18;336;19;33;4;99;3.80;3;1;1;75;0;7038499;381;0
147;18;336;19;33;4;99;3.20;6;2;1;70;0;7038499;83;0
147;18;336;19;33;6;99;3.00;6;2;1;71;0;7038699;183;0
147;18;336;19;33;12;26;4.60;3;1;1;76;0;7039226;708;0
147;18;336;19;33;13;6;3.80;7;2;1;82;0;7039306;1373;0
147;18;336;19;33;14;99;3.00;8;2;1;73;0;7039499;5368;0
147;18;336;19;33;15;13;3.60;3;1;1;75;0;7039513;265;0
147;18;336;19;33;15;67;3.80;4;1;1;80;0;7039567;1450;0
147;18;336;19;33;18;99;3.80;6;2;1;74;0;7039899;1184;0
147;18;336;19;33;20;9;3.00;6;2;1;76;0;7040009;91;0
147;18;336;19;33;20;20;3.20;3;1;1;71;0;7040020;489;0
147;18;336;19;33;21;2;3.80;2;1;1;75;0;7040102;2024;0
147;18;336;19;33;21;99;4.00;6;2;1;79;0;7040199;175;0
147;18;336;19;33;21;99;3.80;3;1;1;72;0;7040199;162;0
147;18;336;19;33;21;99;3.80;1;1;1;78;0;7040199;1682;0
147;18;336;19;33;21;99;3.80;4;1;1;86;0;7040199;614;0
147;18;336;19;33;22;99;3.80;6;2;1;74;0;7040299;81;0
147;18;336;19;33;22;99;4.00;7;2;1;75;0;7040299;976;0
147;18;336;19;33;23;10;4.00;5;2;1;84;0;7040310;2693;0
147;18;336;19;33;24;15;3.00;2;1;1;80;0;7040415;294;0
147;18;336;19;33;24;99;3.20;3;1;1;73;0;7040499;281;0
147;18;336;19;33;24;99;3.60;6;2;1;82;0;7040499;181;7039899
147;18;336;19;33;25;40;3.00;4;1;1;82;0;7040540;325;0
147;18;336;19;33;26;5;4.00;2;1;1;77;0;7040605;176;0
147;18;336;19;33;26;76;3.80;6;2;1;79;0;7040676;161;7039899
147;18;336;19;33;26;83;6.00;5;2;1;82;0;7040683;355;0
147;18;336;19;33;25;14;5.80;7;2;1;29;0;7040514;195;0
147;18;336;19;33;27;99;4.00;2;1;1;75;0;7040799;175;0
147;18;336;19;33;29;99;4.00;8;2;1;89;0;7040999;1485;0
147;18;336;19;33;29;99;3.60;6;2;1;74;0;7040999;305;0
147;18;336;19;33;30;99;4.40;5;2;1;79;0;7041099;389;0
147;18;336;19;33;31;2;3.00;7;2;1;80;0;7041102;516;0
147;18;336;19;33;31;72;4.00;3;1;1;77;0;7041172;657;0
147;18;336;19;33;32;99;3.20;2;1;1;75;0;7041299;480;0
147;18;336;19;33;32;99;3.60;5;2;1;82;0;7041299;179;0
147;18;336;19;33;34;99;3.40;2;1;1;75;0;7041499;184;0
147;18;336;19;33;35;99;3.60;6;2;1;74;0;7041599;582;0
147;18;336;19;33;36;99;3.80;6;2;1;74;0;7041699;82;0
147;18;336;19;33;37;99;5.20;7;2;1;89;0;7041799;683;0
147;18;336;19;33;38;47;3.00;6;2;1;73;0;7041847;129;0
147;18;336;19;33;42;99;4.20;6;2;1;82;0;7042299;437;0
147;18;336;19;33;44;31;3.40;7;2;1;88;0;7042431;610;0
147;18;336;19;33;46;4;3.80;2;1;1;85;0;7042604;1088;0
147;18;336;19;33;46;68;3.60;6;2;1;79;0;7042668;350;0
147;18;336;19;33;47;13;3.00;3;1;1;73;0;7042713;1522;0
147;18;336;19;33;44;30;4.20;7;2;1;12;0;7042430;-1;0
147;18;336;19;33;47;99;4.00;4;1;1;80;0;7042799;2245;0
147;18;336;19;33;48;14;3.20;3;1;1;74;0;7042814;86;0
147;18;336;19;33;48;21;3.60;2;1;1;80;0;7042821;200;0
147;18;336;19;33;49;99;3.00;6;2;1;77;0;7042999;314;0
147;18;336;19;33;51;5;3.80;3;1;1;81;0;7043105;275;0
147;18;336;19;33;51;14;3.60;6;2;1;79;0;7043114;100;0
147;18;336;19;33;51;85;3.60;6;2;1;77;0;7043185;54;0
147;18;336;19;33;53;17;3.20;2;1;1;82;0;7043317;479;0
147;18;336;19;33;54;11;3.80;3;1;1;79;0;7043411;289;0
147;18;336;19;33;56;38;3.60;5;2;1;90;0;7043638;2323;0
147;18;336;19;33;57;99;3.00;4;1;1;79;0;7043799;982;0
147;18;336;19;33;57;99;3.60;6;2;1;77;0;7043799;597;0
147;18;336;19;33;59;63;3.80;6;2;1;81;0;7043963;147;0
147;18;336;19;34;1;2;3.40;2;1;1;80;0;7044102;770;0
147;18;336;19;34;2;99;3.40;6;2;1;75;0;7044299;319;0
147;18;336;19;34;1;6;4.00;7;2;1;18;0;7044106;1550;0
147;18;336;19;34;3;99;3.60;3;1;1;74;0;7044399;970;0
147;18;336;19;34;4;72;3.20;3;1;1;71;0;7044472;55;0
147;18;336;19;34;6;31;3.60;5;2;1;84;0;7044631;978;0
147;18;336;19;34;7;88;4.20;7;2;1;82;0;7044788;602;0
147;18;336;19;34;9;78;3.40;3;1;1;75;0;7044978;489;0
147;18;336;19;34;9;54;5.40;7;2;1;71;0;7044954;147;0
147;18;336;19;34;10;99;4.40;6;2;1;60;0;7045099;783;0
147;18;336;19;34;11;99;3.20;3;1;1;74;0;7045199;204;0
147;18;336;19;34;12;21;3.40;5;2;1;74;0;7045221;574;0
147;18;336;19;34;14;71;3.60;3;1;1;90;0;7045471;256;0
147;18;336;19;34;15;99;3.80;4;1;1;79;0;7045599;1786;0
147;18;336;19;34;17;86;3.80;2;1;1;83;0;7045786;1668;0
147;18;336;19;34;17;90;3.80;3;1;1;78;0;7045790;304;0
147;18;336;19;34;17;99;3.20;6;2;1;75;0;7045799;673;0
147;18;336;19;34;19;17;3.60;7;2;1;75;0;7045917;935;0
147;18;336;19;34;19;62;5.00;3;1;1;80;0;7045962;154;0
147;18;336;19;34;20;99;12.40;4;1;2;82;0;7046099;482;0
147;18;336;19;34;20;99;6.80;7;2;1;63;0;7046099;164;0
147;18;336;19;34;21;18;3.80;6;2;1;79;0;7046118;303;0
147;18;336;19;34;21;5;3.60;4;1;1;82;0;7046105;-1;0
147;18;336;19;34;22;20;3.60;2;1;1;81;0;7046220;417;0
147;18;336;19;34;22;99;3.80;3;1;1;84;0;7046299;314;0
147;18;336;19;34;22;99;3.20;5;2;1;81;0;7046299;1061;0
147;18;336;19;34;23;99;3.60;2;1;1;87;0;7046399;163;0
147;18;336;19;34;23;99;3.60;6;2;1;74;0;7046399;263;0
147;18;336;19;34;25;99;3.80;6;2;1;67;0;7046599;182;0
147;18;336;19;34;26;99;4.00;7;2;1;80;0;7046699;561;0
147;18;336;19;34;27;98;3.60;6;2;1;63;0;7046798;178;0
147;18;336;19;34;28;23;4.00;8;2;1;82;0;7046823;5807;0
147;18;336;19;34;28;99;4.00;3;1;1;88;0;7046899;583;0
147;18;336;19;34;29;48;3.20;1;1;1;68;0;7046948;6731;0
147;18;336;19;34;30;8;3.80;5;2;1;82;0;7047008;694;0
147;18;336;19;34;30;18;3.80;2;1;1;76;0;7047018;604;0
147;18;336;19;34;30;91;3.00;4;1;1;80;0;7047091;970;0
147;18;336;19;34;30;92;3.00;6;2;1;74;0;7047092;273;0
147;18;336;19;34;30;99;3.40;3;1;1;69;0;7047099;183;0
147;18;336;19;34;34;99;4.20;3;1;1;75;0;7047499;382;0
147;18;336;19;34;36;99;3.60;6;2;1;68;0;7047699;592;0
147;18;336;19;34;36;99;4.00;5;2;1;85;0;7047699;674;0
147;18;336;19;34;37;18;3.80;5;2;1;76;0;7047718;2;0
147;18;336;19;34;39;16;4.80;6;2;1;87;0;7047916;197;0
147;18;336;19;34;41;99;3.80;3;1;1;82;0;7048199;679;0
147;18;336;19;34;41;99;3.40;6;2;1;77;0;7048199;263;0
147;18;336;19;34;42;56;3.40;6;2;1;77;0;7048256;41;0
147;18;336;19;34;43;99;3.40;6;2;1;80;0;7048399;127;0
147;18;336;19;34;43;99;3.40;5;2;1;81;0;7048399;663;0
147;18;336;19;34;44;99;3.80;1;1;1;77;0;7048499;1534;0
147;18;336;19;34;46;6;3.40;7;2;1;80;0;7048606;1889;0
147;18;336;19;34;47;2;3.60;2;1;1;78;0;7048702;1666;0
147;18;336;19;34;47;4;4.00;4;1;1;80;0;7048704;1599;0
147;18;336;19;34;46;99;4.00;6;2;1;76;0;7048699;284;0
147;18;336;19;34;47;99;3.40;3;1;1;70;0;7048799;583;0
147;18;336;19;34;47;14;3.40;5;2;1;78;0;7048714;299;0
147;18;336;19;34;49;19;3.20;6;2;1;79;0;7048919;201;0
147;18;336;19;34;49;99;3.60;3;1;1;74;0;7048999;182;0
147;18;336;19;34;50;13;3.60;5;2;1;77;0;7049013;283;0
147;18;336;19;34;50;70;4.00;7;2;1;75;0;7049070;448;0
147;18;336;19;34;50;88;3.80;5;2;1;79;0;7049088;58;0
147;18;336;19;34;50;99;3.20;4;1;1;78;0;7049099;377;0
147;18;336;19;34;50;99;3.40;3;1;1;75;0;7049099;82;0
147;18;336;19;34;51;99;3.60;6;2;1;77;0;7049199;265;0
147;18;336;19;34;51;99;3.20;4;1;1;80;0;7049199;85;0
147;18;336;19;34;52;99;3.20;2;1;1;71;0;7049299;580;0
147;18;336;19;34;52;3;3.40;1;1;1;80;0;7049203;686;0
147;18;336;19;34;52;25;3.80;6;2;1;76;0;7049225;9;0
147;18;336;19;34;52;35;3.40;7;2;1;78;0;7049235;145;0
147;18;336;19;34;52;42;3.60;5;2;1;81;0;7049242;136;0
147;18;336;19;34;53;99;3.40;6;2;1;74;0;7049399;156;0
147;18;336;19;34;54;99;3.80;7;2;1;78;0;7049499;248;0
147;18;336;19;34;55;48;3.20;6;2;1;78;0;7049548;132;0
147;18;336;19;34;56;11;4.00;3;1;1;80;0;7049611;495;0
147;18;336;19;34;56;99;3.40;2;1;1;82;0;7049699;383;0
147;18;336;19;34;58;99;3.80;6;2;1;76;0;7049899;336;0
147;18;336;19;34;58;99;3.60;7;2;1;74;0;7049899;382;0
147;18;336;19;35;0;61;3.40;5;2;1;81;0;7050061;803;0
147;18;336;19;35;1;99;3.80;3;1;1;79;0;7050199;570;0
147;18;336;19;35;2;99;3.80;6;2;1;79;0;7050299;382;0
147;18;336;19;35;3;97;3.00;3;1;1;78;0;7050397;180;0
147;18;336;19;35;3;99;3.40;6;2;1;81;0;7050399;82;0
147;18;336;19;35;6;94;3.60;3;1;1;74;0;7050694;283;0
147;18;336;19;35;7;6;4.00;2;1;1;78;0;7050706;992;0
147;18;336;19;35;10;13;3.60;6;2;1;81;0;7051013;598;0
147;18;336;19;35;10;17;3.40;3;1;1;79;0;7051017;305;0
147;18;336;19;35;11;4;3.40;1;1;1;79;0;7051104;1885;0
147;18;336;19;35;12;99;3.20;2;1;1;83;0;7051299;574;0
147;18;336;19;35;14;15;3.40;5;2;1;81;0;7051415;1338;0
147;18;336;19;35;14;99;3.80;3;1;1;94;0;7051499;466;0
147;18;336;19;35;14;99;3.40;6;2;1;74;0;7051499;470;0
147;18;336;19;35;14;99;4.00;5;2;1;79;0;7051499;68;0
147;18;336;19;35;15;28;3.60;2;1;1;84;0;7051528;215;0
147;18;336;19;35;18;80;3.80;6;2;1;84;0;7051880;364;0
147;18;336;19;35;19;99;3.40;3;1;1;79;0;7051999;485;0
147;18;336;19;35;24;1;3.60;7;2;1;88;0;7052401;2484;0
147;18;336;19;35;24;99;3.40;8;2;1;79;0;7052499;5658;0
147;18;336;19;35;24;99;3.60;3;1;1;76;0;7052499;484;0
147;18;336;19;35;25;15;3.60;2;1;1;79;0;7052515;971;0
147;18;336;19;35;26;18;4.00;4;1;1;81;0;7052618;3404;0
147;18;336;19;35;26;58;3.80;2;1;1;77;0;7052658;126;0
147;18;336;19;35;26;95;4.00;5;2;1;83;0;7052695;1177;0
147;18;336;19;35;27;99;4.80;2;1;1;74;0;7052799;123;0
147;18;336;19;35;28;10;3.80;5;2;1;86;0;7052810;97;0
147;18;336;19;35;28;30;3.80;2;1;1;74;0;7052830;7;0
147;18;336;19;35;29;99;3.20;6;2;1;75;0;7052999;1102;0
147;18;336;19;35;30;99;4.00;7;2;1;70;0;7053099;683;0
147;18;336;19;35;30;99;3.60;4;1;1;80;0;7053099;463;0
147;18;336;19;35;31;8;3.20;1;1;1;76;0;7053108;1988;0
147;18;336;19;35;31;96;4.80;8;2;1;73;0;7053196;681;0
147;18;336;19;35;32;11;3.60;4;1;1;83;0;7053211;95;0
147;18;336;19;35;33;11;3.40;2;1;1;82;0;7053311;462;0
147;18;336;19;35;33;99;4.00;7;2;1;71;0;7053399;279;0
147;18;336;19;35;34;88;3.60;6;2;1;77;0;7053488;473;0
147;18;336;19;35;35;8;3.40;5;2;1;81;0;7053508;682;0
147;18;336;19;35;36;41;3.60;5;2;1;86;0;7053641;117;0
147;18;336;19;35;36;73;3.40;6;2;1;78;0;7053673;168;0
147;18;336;19;35;37;99;2.60;7;2;1;75;0;7053799;379;0
147;18;336;19;35;38;99;3.60;4;1;1;84;0;7053899;672;0
147;18;336;19;35;38;25;3.60;8;2;1;76;0;7053825;605;0
147;18;336;19;35;39;10;4.20;3;1;1;74;0;7053910;1393;0
147;18;336;19;35;40;8;4.00;6;2;1;81;0;7054008;319;0
147;18;336;19;35;42;99;3.40;1;1;1;78;0;7054299;1175;0
147;18;336;19;35;42;99;4.00;3;1;1;74;0;7054299;368;0
147;18;336;19;35;43;20;3.80;4;1;1;85;0;7054320;405;0
147;18;336;19;35;43;28;3.40;3;1;1;76;0;7054328;9;0
147;18;336;19;35;44;54;3.80;6;2;1;77;0;7054454;428;0
147;18;336;19;35;44;99;4.60;5;2;1;79;0;7054499;842;0
147;18;336;19;35;45;99;3.20;2;1;1;74;0;7054599;1273;0
147;18;336;19;35;45;99;3.60;6;2;1;76;0;7054599;127;0
147;18;336;19;35;47;99;3.40;3;1;1;81;0;7054799;454;0
147;18;336;19;35;48;99;3.40;2;1;1;80;0;7054899;284;0
147;18;336;19;35;48;99;3.60;1;1;1;87;0;7054899;584;0
147;18;336;19;35;48;99;3.40;7;2;1;64;0;7054899;1087;0
147;18;336;19;35;48;5;3.00;6;2;1;74;0;7054805;188;0
147;18;336;19;35;49;49;3.20;3;1;1;73;0;7054949;134;0
147;18;336;19;35;50;99;4.80;7;2;1;62;0;7055099;180;0
147;18;336;19;35;50;99;4.20;1;1;1;90;0;7055099;185;0
147;18;336;19;35;51;39;3.40;4;1;1;80;0;7055139;802;0
147;18;336;19;35;51;57;3.20;3;1;1;75;0;7055157;192;0
147;18;336;19;35;52;99;4.20;3;1;1;63;0;7055299;126;0
147;18;336;19;35;55;16;3.60;4;1;1;78;0;7055516;361;0
147;18;336;19;35;55;99;3.60;2;1;1;68;0;7055599;684;0
147;18;336;19;35;56;21;3.20;2;1;1;76;0;7055621;2;0
147;18;336;19;35;56;3;3.60;3;1;1;75;0;7055603;280;0
147;18;336;19;35;57;90;3.60;6;2;1;77;0;7055790;970;0
147;18;336;19;35;57;99;3.80;5;2;1;85;0;7055799;1279;0
147;18;336;19;35;58;99;3.60;2;1;1;77;0;7055899;262;0
147;18;336;19;35;59;51;4.00;4;1;1;82;0;7055951;418;0
147;18;336;19;36;0;12;3.80;7;2;1;73;0;7056012;885;0
147;18;336;19;36;1;6;4.20;1;1;1;75;0;7056106;990;0
147;18;336;19;36;1;20;3.00;6;2;1;71;0;7056120;313;0
147;18;336;19;36;1;24;3.60;3;1;1;82;0;7056124;503;0
147;18;336;19;36;2;77;3.20;3;1;1;84;0;7056277;137;0
147;18;336;19;36;2;79;3.60;6;2;1;75;0;7056279;143;0
147;18;336;19;36;3;99;3.60;6;2;1;75;0;7056399;102;0
147;18;336;19;36;3;99;3.80;5;2;1;83;0;7056399;583;0
147;18;336;19;36;3;99;4.60;3;1;1;76;0;7056399;108;0
147;18;336;19;36;3;99;4.40;7;2;1;69;0;7056399;368;0
147;18;336;19;36;5;99;3.60;3;1;1;79;0;7056599;178;0
147;18;336;19;36;6;99;5.80;2;1;1;78;0;7056699;783;0
147;18;336;19;36;8;99;3.40;3;1;1;77;0;7056899;283;0
147;18;336;19;36;9;62;3.40;4;1;1;79;0;7056962;993;0
147;18;336;19;36;10;99;3.20;2;1;1;82;0;7057099;373;0
147;18;336;19;36;12;61;3.40;5;2;1;89;0;7057261;845;0
147;18;336;19;36;13;99;3.40;6;2;1;77;0;7057399;982;0
147;18;336;19;36;14;33;3.80;5;2;1;86;0;7057433;158;0
147;18;336;19;36;14;25;3.60;6;2;1;75;0;7057425;10;0
147;18;336;19;36;15;99;3.60;3;1;1;77;0;7057599;684;0
147;18;336;19;36;15;99;3.00;6;2;1;74;0;7057599;156;0
147;18;336;19;36;16;99;3.80;5;2;1;80;0;7057699;250;0
147;18;336;19;36;18;99;3.20;3;1;1;75;0;7057899;283;0
147;18;336;19;36;18;99;3.40;6;2;1;75;0;7057899;285;0
147;18;336;19;36;18;99;3.60;2;1;1;80;0;7057899;785;0
147;18;336;19;36;20;99;4.00;2;1;1;77;0;7058099;183;0
147;18;336;19;36;21;99;3.80;6;2;1;79;0;7058199;283;0
147;18;336;19;36;22;7;7.40;7;2;1;81;0;7058207;1785;0
147;18;336;19;36;22;45;4.00;5;2;1;82;0;7058245;528;0
147;18;336;19;36;24;3;3.20;6;2;1;80;0;7058403;186;0
147;18;336;19;36;25;96;4.60;2;1;1;73;0;7058596;478;0
147;18;336;19;36;27;36;3.40;6;2;1;76;0;7058736;318;0
147;18;336;19;36;28;11;3.60;3;1;1;75;0;7058811;896;0
147;18;336;19;36;28;99;4.00;5;2;1;80;0;7058899;636;0
147;18;336;19;36;29;9;3.60;6;2;1;73;0;7058909;156;0
147;18;336;19;36;30;48;3.60;4;1;1;81;0;7059048;2070;0
147;18;336;19;36;30;64;3.00;6;2;1;76;0;7059064;137;0
147;18;336;19;36;31;99;3.00;6;2;1;74;0;7059199;120;0
147;18;336;19;36;32;99;5.20;3;1;1;73;0;7059299;470;0
147;18;336;19;36;32;26;3.60;6;2;1;73;0;7059226;12;7058736
147;18;336;19;36;32;60;3.60;8;2;1;78;0;7059260;5417;0
147;18;336;19;36;33;99;3.40;6;2;1;72;0;7059399;155;7058736
147;18;336;19;36;35;66;4.60;8;2;1;81;0;7059566;289;0
147;18;336;19;36;35;87;3.60;6;2;1;70;0;7059587;171;7058736
147;18;336;19;36;36;1;3.60;2;1;1;74;0;7059601;982;0
147;18;336;19;36;37;99;3.00;6;2;1;73;0;7059799;193;7058736
147;18;336;19;36;37;99;3.40;2;1;1;72;0;7059799;180;7058736
147;18;336;19;36;39;99;3.80;6;2;1;75;0;7059999;185;7058736
147;18;336;19;36;39;99;4.00;5;2;1;80;0;7059999;1082;0
147;18;336;19;36;40;29;3.60;3;1;1;76;0;7060029;704;0
147;18;336;19;36;41;2;3.40;7;2;1;85;0;7060102;1862;0
147;18;336;19;36;42;99;2.80;2;1;1;61;0;7060299;483;0
147;18;336;19;36;42;99;3.40;1;1;1;67;0;7060299;4172;0
147;18;336;19;36;43;98;4.00;7;2;1;84;0;7060398;281;0
147;18;336;19;36;43;99;3.60;3;1;1;71;0;7060399;352;0
147;18;336;19;36;43;99;3.60;1;1;1;65;0;7060399;81;0
147;18;336;19;36;45;23;3.40;3;1;1;75;0;7060523;105;0
147;18;336;19;36;46;14;3.60;6;2;1;80;0;7060614;596;0
147;18;336;19;36;46;6;3.40;3;1;1;68;0;7060606;66;0
147;18;336;19;36;47;12;4.60;4;1;1;74;0;7060712;1648;0
147;18;336;19;36;48;64;3.40;1;1;1;64;0;7060864;445;0
147;18;336;19;36;48;98;3.60;6;2;1;79;0;7060898;267;0
147;18;336;19;36;48;99;3.60;5;2;1;82;0;7060899;882;0
147;18;336;19;36;48;91;8.40;3;1;6;72;0;7060891;267;0
147;18;336;19;36;50;9;3.40;2;1;1;72;0;7061009;693;0
147;18;336;19;36;50;17;4.00;7;2;1;78;0;7061017;601;0
147;18;336;19;36;50;27;3.40;1;1;1;70;0;7061027;143;0
147;18;336;19;36;51;99;3.40;2;1;1;73;0;7061199;173;0
147;18;336;19;36;52;99;4.00;5;2;1;79;0;7061299;384;0
147;18;336;19;36;52;99;3.20;6;2;1;64;0;7061299;384;0
147;18;336;19;36;53;87;3.60;8;2;1;78;0;7061387;1800;0
147;18;336;19;36;56;0;3.00;5;2;1;86;0;7061600;282;0
147;18;336;19;36;56;95;3.40;8;2;1;77;0;7061695;291;0
147;18;336;19;36;56;99;4.60;6;2;1;77;0;7061699;382;0
147;18;336;19;36;58;41;3.80;6;2;1;84;0;7061841;120;0
147;18;336;19;37;0;16;3.20;5;2;1;76;0;7062016;403;0
147;18;336;19;37;0;43;3.40;3;1;1;77;0;7062043;1110;0
147;18;336;19;37;1;88;3.60;4;1;1;81;0;7062188;1453;0
147;18;336;19;37;1;89;3.80;5;2;1;79;0;7062189;157;0
147;18;336;19;37;2;99;3.60;2;1;1;82;0;7062299;1083;0
147;18;336;19;37;2;99;3.60;5;2;1;83;0;7062299;92;0
147;18;336;19;37;3;26;3.60;7;2;1;80;0;7062326;1290;0
147;18;336;19;37;3;34;3.40;5;2;1;84;0;7062334;19;0
147;18;336;19;37;3;59;3.40;6;2;1;72;0;7062359;501;0
147;18;336;19;37;5;15;3.40;3;1;1;75;0;7062515;456;0
147;18;336;19;37;7;3;3.40;2;1;1;73;0;7062703;388;0
147;18;336;19;37;8;23;3.40;1;1;1;78;0;7062823;1778;0
147;18;336;19;37;9;99;3.20;7;2;1;78;0;7062999;656;0
147;18;336;19;37;9;99;3.80;3;1;1;79;0;7062999;467;0
147;18;336;19;37;10;23;3.20;2;1;1;79;0;7063023;303;0
147;18;336;19;37;11;56;6.00;6;2;1;79;0;7063156;780;0
147;18;336;19;37;11;99;3.80;4;1;1;82;0;7063199;995;0
147;18;336;19;37;12;99;3.40;6;2;1;78;0;7063299;115;0
147;18;336;19;37;12;99;3.40;5;2;1;87;0;7063299;950;0
147;18;336;19;37;12;99;3.80;7;2;1;87;0;7063299;285;0
147;18;336;19;37;12;99;3.40;8;2;1;80;0;7063299;1588;0
147;18;336;19;37;13;3;3.40;3;1;1;74;0;7063303;286;0
147;18;336;19;37;14;97;3.60;3;1;1;75;0;7063497;177;0
147;18;336;19;37;14;99;3.60;8;2;1;74;0;7063499;184;0
147;18;336;19;37;16;0;4.00;8;2;1;74;0;7063600;83;0
147;18;336;19;37;17;99;3.20;3;1;1;74;0;7063799;284;0
147;18;336;19;37;17;99;2.80;6;2;1;69;0;7063799;484;0
147;18;336;19;37;17;99;3.40;2;1;1;79;0;7063799;761;0
147;18;336;19;37;18;18;3.80;5;2;1;78;0;7063818;504;0
147;18;336;19;37;18;32;3.40;6;2;1;71;0;7063832;18;0
147;18;336;19;37;21;13;3.60;6;2;1;74;0;7064113;263;0
147;18;336;19;37;21;42;3.80;5;2;1;77;0;7064142;306;0
147;18;336;19;37;21;69;3.20;3;1;1;91;0;7064169;354;0
147;18;336;19;37;21;75;3.20;1;1;1;82;0;7064175;1336;0
147;18;336;19;37;21;73;3.60;2;1;1;75;0;7064173;358;0
147;18;336;19;37;22;99;3.20;6;2;1;75;0;7064299;168;0
147;18;336;19;37;23;99;3.40;5;2;1;82;0;7064399;239;0
147;18;336;19;37;25;99;3.40;6;2;1;75;0;7064599;284;0
147;18;336;19;37;26;16;3.40;1;1;1;69;0;7064616;426;0
147;18;336;19;37;26;31;3.80;5;2;1;78;0;7064631;217;0
147;18;336;19;37;27;12;3.00;6;2;1;76;0;7064712;96;0
147;18;336;19;37;27;99;3.40;3;1;1;81;0;7064799;617;0
147;18;336;19;37;29;22;3.60;5;2;1;77;0;7064922;273;0
147;18;336;19;37;28;99;4.20;7;2;1;79;0;7064899;1584;0
147;18;336;19;37;28;99;3.20;6;2;1;71;0;7064899;172;0
147;18;336;19;37;29;2;3.60;2;1;1;80;0;7064902;711;0
147;18;336;19;37;29;6;4.00;5;2;1;75;0;7064906;-1;0
147;18;336;19;37;29;99;3.80;7;2;1;79;0;7064999;80;0
147;18;336;19;37;30;14;3.60;6;2;1;80;0;7065014;98;0
147;18;336;19;37;30;99;3.20;2;1;1;78;0;7065099;180;0
147;18;336;19;37;32;2;4.00;6;2;1;81;0;7065202;171;7064599
147;18;336;19;37;32;25;3.60;3;1;1;80;0;7065225;410;0
147;18;336;19;37;33;99;4.00;7;2;1;76;0;7065399;382;0
147;18;336;19;37;33;15;3.80;6;2;1;84;0;7065315;95;7064599
147;18;336;19;37;34;73;3.40;2;1;1;73;0;7065473;359;0
147;18;336;19;37;37;99;3.80;7;2;1;76;0;7065799;381;0
147;18;336;19;37;41;47;3.60;6;2;1;72;0;7066147;815;0
147;18;336;19;37;42;65;7.80;3;1;6;76;0;7066265;1023;0
147;18;336;19;37;43;99;3.60;6;2;1;74;0;7066399;234;0
147;18;336;19;37;44;31;3.40;3;1;1;77;0;7066431;129;0
147;18;336;19;37;44;62;3.80;2;1;1;87;0;7066462;972;0
147;18;336;19;37;46;10;3.40;6;2;1;76;0;7066610;193;0
147;18;336;19;37;47;99;3.40;3;1;1;81;0;7066799;352;0
147;18;336;19;37;47;99;4.00;7;2;1;82;0;7066799;982;0
147;18;336;19;37;48;18;3.40;6;2;1;75;0;7066818;191;0
147;18;336;19;37;49;84;3.60;6;2;1;75;0;7066984;149;0
147;18;336;19;37;50;99;3.60;2;1;1;80;0;7067099;621;0
147;18;336;19;37;51;99;3.00;6;2;1;76;0;7067199;197;7066399
147;18;336;19;37;51;30;3.60;2;1;1;77;0;7067130;14;7066399
147;18;336;19;37;53;19;3.80;6;2;1;77;0;7067319;105;7066399
147;18;336;19;37;53;99;3.40;7;2;1;73;0;7067399;582;0
147;18;336;19;37;53;99;3.40;3;1;1;80;0;7067399;584;0
147;18;336;19;37;54;39;3.60;5;2;1;77;0;7067439;2513;0
147;18;336;19;37;54;34;3.80;7;2;1;65;0;7067434;18;0
147;18;336;19;37;54;58;3.80;3;1;1;79;0;7067458;43;0
147;18;336;19;37;55;99;3.20;6;2;1;78;0;7067599;262;0
147;18;336;19;37;56;99;4.60;5;2;1;85;0;7067699;243;0
147;18;336;19;37;56;99;3.60;6;2;1;77;0;7067699;85;0
147;18;336;19;37;57;51;3.80;8;2;1;79;0;7067751;4131;0
147;18;336;19;37;58;99;3.00;6;2;1;74;0;7067899;183;0
147;18;336;19;37;58;99;3.80;8;2;1;78;0;7067899;130;0
147;18;336;19;37;59;12;3.40;6;2;1;81;0;7067912;-1;0
147;18;336;19;38;2;1;3.60;3;1;1;79;0;7068201;725;0
147;18;336;19;38;4;8;3.60;6;2;1;80;0;7068408;480;0
147;18;336;19;38;5;99;3.80;3;1;1;76;0;7068599;381;0
147;18;336;19;38;6;99;4.40;7;2;1;78;0;7068699;1243;0
147;18;336;19;38;8;99;4.20;6;2;1;71;0;7068899;474;0
147;18;336;19;38;8;99;3.80;3;1;1;75;0;7068899;282;0
147;18;336;19;38;9;99;3.40;2;1;1;81;0;7068999;1852;0
147;18;336;19;38;9;29;3.80;6;2;1;74;0;7068929;8;0
147;18;336;19;38;10;14;3.40;5;2;1;83;0;7069014;1295;0
147;18;336;19;38;7;31;4.00;7;2;1;12;0;7068731;11;0
147;18;336;19;38;11;99;3.60;8;2;1;86;0;7069199;1282;0
147;18;336;19;38;12;15;3.20;3;1;1;79;0;7069215;297;0
147;18;336;19;38;13;11;3.40;3;1;1;80;0;7069311;81;0
147;18;336;19;38;14;0;3.60;4;1;1;81;0;7069400;6184;0
147;18;336;19;38;14;99;7.00;5;2;1;89;0;7069499;470;0
147;18;336;19;38;14;99;3.80;6;2;1;72;0;7069499;551;0
147;18;336;19;38;16;11;3.20;6;2;1;77;0;7069611;93;0
147;18;336;19;38;16;99;3.80;3;1;1;74;0;7069699;372;0
147;18;336;19;38;17;3;3.40;6;2;1;78;0;7069703;77;0
147;18;336;19;38;17;38;3.80;8;2;1;77;0;7069738;523;0
147;18;336;19;38;20;90;3.80;3;1;1;76;0;7070090;372;0
147;18;336;19;38;24;99;4.80;7;2;1;67;0;7070499;1648;0
147;18;336;19;38;25;14;3.80;8;2;1;80;0;7070514;758;0
147;18;336;19;38;26;99;6.60;7;2;1;66;0;7070699;174;0
147;18;336;19;38;27;12;4.00;5;2;1;87;0;7070712;1184;0
147;18;336;19;38;27;4;3.20;6;2;1;79;0;7070704;985;0
147;18;336;19;38;28;97;3.80;1;1;1;80;0;7070897;6263;0
147;18;336;19;38;29;99;4.60;2;1;1;78;0;7070999;1984;0
147;18;336;19;38;29;99;3.80;6;2;1;78;0;7070999;280;0
147;18;336;19;38;29;99;3.00;3;1;1;73;0;7070999;891;0
147;18;336;19;38;31;99;3.80;2;1;1;75;0;7071199;178;0
147;18;336;19;38;32;26;3.80;6;2;1;78;0;7071226;209;0
147;18;336;19;38;33;20;3.60;2;1;1;83;0;7071320;102;0
147;18;336;19;38;34;7;3.40;3;1;1;82;0;7071407;393;0
147;18;336;19;38;31;47;4.00;7;2;1;12;0;7071147;412;0
147;18;336;19;38;34;99;3.40;2;1;1;81;0;7071499;163;0
147;18;336;19;38;35;17;5.80;4;1;1;91;0;7071517;2101;0
147;18;336;19;38;35;9;4.00;1;1;1;77;0;7071509;594;0
147;18;336;19;38;36;50;25.40;2;1;5;81;0;7071650;135;7070999
147;18;336;19;38;39;99;3.40;6;2;1;79;0;7071999;755;0
147;18;336;19;38;40;14;3.20;2;1;1;69;0;7072014;251;0
147;18;336;19;38;40;15;4.00;7;2;1;76;0;7072015;748;0
147;18;336;19;38;44;99;3.60;7;2;1;80;0;7072499;465;0
147;18;336;19;38;46;99;3.40;2;1;1;71;0;7072699;668;0
147;18;336;19;38;48;41;4.00;3;1;1;84;0;7072841;1419;0
147;18;336;19;38;48;93;3.20;7;2;1;83;0;7072893;377;0
147;18;336;19;38;51;6;3.60;8;2;1;73;0;7073106;2574;0
147;18;336;19;38;51;85;3.60;6;2;1;79;0;7073185;1170;0
147;18;336;19;38;52;24;3.20;2;1;1;75;0;7073224;507;0
147;18;336;19;38;52;99;5.00;7;2;1;79;0;7073299;392;0
147;18;336;19;38;53;84;3.80;3;1;1;77;0;7073384;525;0
147;18;336;19;38;54;9;2.80;2;1;1;75;0;7073409;169;0
147;18;336;19;38;54;15;3.80;7;2;1;76;0;7073415;93;0
147;18;336;19;38;55;22;3.60;2;1;1;75;0;7073522;99;0
147;18;336;19;38;56;70;3.80;7;2;1;80;0;7073670;237;0
147;18;336;19;38;57;99;3.40;2;1;1;77;0;7073799;259;0
147;18;336;19;39;0;99;3.20;2;1;1;75;0;7074099;284;0
147;18;336;19;39;1;88;4.80;2;1;1;74;0;7074188;73;0
147;18;336;19;39;2;99;3.60;5;2;1;76;0;7074299;3570;0
147;18;336;19;39;3;24;3.60;3;1;1;83;0;7074324;922;0
147;18;336;19;39;3;59;3.60;6;2;1;74;0;7074359;1157;0
147;18;336;19;39;4;18;4.00;4;1;1;87;0;7074418;2878;0
147;18;336;19;39;4;99;3.60;2;1;1;75;0;7074499;287;0
147;18;336;19;39;6;0;4.00;6;2;1;86;0;7074600;223;0
147;18;336;19;39;7;19;3.60;6;2;1;80;0;7074719;102;0
147;18;336;19;39;9;99;3.80;7;2;1;78;0;7074999;1311;0
147;18;336;19;39;10;99;7.60;6;2;6;79;0;7075099;363;0
147;18;336;19;39;11;76;4.00;4;1;1;81;0;7075176;741;0
147;18;336;19;39;12;99;3.20;6;2;1;73;0;7075299;165;0
147;18;336;19;39;13;4;3.80;3;1;1;79;0;7075304;964;0
147;18;336;19;39;16;45;3.60;4;1;1;82;0;7075645;451;0
147;18;336;19;39;19;77;3.80;4;1;1;84;0;7075977;316;0
147;18;336;19;39;20;99;3.00;3;1;1;74;0;7076099;777;0
147;18;336;19;39;21;7;3.60;6;2;1;75;0;7076107;792;0
147;18;336;19;39;21;23;3.40;2;1;1;72;0;7076123;1606;0
147;18;336;19;39;23;99;3.80;6;2;1;78;0;7076399;274;0
147;18;336;19;39;23;99;3.20;3;1;1;72;0;7076399;285;0
147;18;336;19;39;24;62;5.20;7;2;1;89;0;7076462;1445;0
147;18;336;19;39;24;99;5.40;3;1;1;75;0;7076499;84;0
147;18;336;19;39;26;17;3.60;1;1;1;71;0;7076617;5089;0
147;18;336;19;39;26;43;3.40;5;2;1;79;0;7076643;2326;0
147;18;336;19;39;26;41;3.60;7;2;1;76;0;7076641;157;0
147;18;336;19;39;27;0;3.60;6;2;1;64;0;7076700;283;0
147;18;336;19;39;28;99;5.20;6;2;1;77;0;7076899;178;0
147;18;336;19;39;28;99;4.20;5;2;1;86;0;7076899;240;0
147;18;336;19;39;31;0;3.00;6;2;1;81;0;7077100;176;0
147;18;336;19;39;31;0;3.80;5;2;1;87;0;7077100;183;0
147;18;336;19;39;31;32;4.00;3;1;1;82;0;7077132;607;0
147;18;336;19;39;32;87;3.40;6;2;1;80;0;7077287;173;0
147;18;336;19;39;32;99;4.40;4;1;1;82;0;7077299;1305;0
147;18;336;19;39;33;27;3.40;5;2;1;88;0;7077327;211;0
147;18;336;19;39;33;99;4.00;2;1;1;76;0;7077399;1259;0
147;18;336;19;39;34;51;3.80;6;2;1;79;0;7077451;148;7076700
147;18;336;19;39;34;58;4.00;3;1;1;74;0;7077458;308;0
147;18;336;19;39;34;90;4.00;5;2;1;85;0;7077490;149;0
147;18;336;19;39;35;99;4.40;3;1;1;75;0;7077599;121;0
147;18;336;19;39;37;71;3.40;3;1;1;73;0;7077771;150;0
147;18;336;19;39;37;70;4.00;7;2;1;77;0;7077770;1111;0
147;18;336;19;39;37;99;3.80;5;2;1;85;0;7077799;292;0
147;18;336;19;39;39;35;4.00;7;2;1;75;0;7077935;146;0
147;18;336;19;39;39;51;3.80;6;2;1;82;0;7077951;482;0
147;18;336;19;39;40;99;3.60;4;1;1;79;0;7078099;780;0
147;18;336;19;39;40;99;3.40;3;1;1;74;0;7078099;311;0
147;18;336;19;39;41;5;3.80;2;1;1;78;0;7078105;687;0
147;18;336;19;39;43;2;3.60;2;1;1;76;0;7078302;179;0
147;18;336;19;39;43;99;3.20;5;2;1;81;0;7078399;583;0
147;18;336;19;39;44;22;3.80;3;1;1;82;0;7078422;306;0
147;18;336;19;39;46;99;3.40;3;1;1;83;0;7078699;260;0
147;18;336;19;39;46;9;3.80;1;1;1;85;0;7078609;1973;0
147;18;336;19;39;48;99;8.00;6;2;6;69;0;7078899;931;0
147;18;336;19;39;49;99;3.40;8;2;1;72;0;7078999;5875;0
147;18;336;19;39;49;11;3.60;6;2;1;77;0;7078911;-1;0
147;18;336;19;39;50;80;5.40;7;2;1;63;0;7079080;1125;0
147;18;336;19;39;52;93;3.60;6;2;1;78;0;7079293;365;0
147;18;336;19;39;53;26;3.20;5;2;1;84;0;7079326;912;0
147;18;336;19;39;52;59;6.80;7;2;1;62;0;7079259;148;0
147;18;336;19;39;53;99;5.60;5;2;1;74;0;7079399;59;0
147;18;336;19;39;54;99;3.40;6;2;1;75;0;7079499;189;0
147;18;336;19;39;54;1;3.60;8;2;1;79;0;7079401;385;0
147;18;336;19;39;55;86;3.60;5;2;1;79;0;7079586;159;0
147;18;336;19;39;55;99;3.20;3;1;1;73;0;7079599;885;0
147;18;336;19;39;56;99;3.80;2;1;1;71;0;7079699;1379;0
147;18;336;19;39;57;3;3.40;7;2;1;75;0;7079703;404;0
147;18;336;19;39;57;86;3.20;1;1;1;64;0;7079786;1160;0
147;18;336;19;39;58;99;3.80;5;2;1;81;0;7079899;296;0
147;18;336;19;39;59;11;3.20;2;1;1;72;0;7079911;192;0
147;18;336;19;39;59;26;3.80;6;2;1;83;0;7079926;410;0
147;18;336;19;40;7;13;3.40;6;2;1;83;0;7080713;770;0
147;18;336;19;40;7;44;3.60;5;2;1;83;0;7080744;828;0
147;18;336;19;40;8;14;3.00;1;1;1;69;0;7080814;1010;0
147;18;336;19;40;10;71;3.60;5;2;1;80;0;7081071;311;0
147;18;336;19;40;10;99;7.60;3;1;1;79;0;7081099;1484;0
147;18;336;19;40;11;99;3.20;6;2;1;71;0;7081199;471;0
147;18;336;19;40;12;15;3.60;7;2;1;73;0;7081215;1495;0
147;18;336;19;40;13;76;3.80;7;2;1;74;0;7081376;143;0
147;18;336;19;40;13;99;3.40;2;1;1;79;0;7081399;1472;0
147;18;336;19;40;13;99;3.40;6;2;1;69;0;7081399;183;0
147;18;336;19;40;15;0;3.60;3;1;1;81;0;7081500;366;0
147;18;336;19;40;15;1;3.20;7;2;1;72;0;7081501;106;0
147;18;336;19;40;15;67;3.80;5;2;1;82;0;7081567;479;0
147;18;336;19;40;16;4;4.00;6;2;1;70;0;7081604;187;0
147;18;336;19;40;16;24;3.80;3;1;1;80;0;7081624;108;0
147;18;336;19;40;16;99;3.60;7;2;1;73;0;7081699;182;0
147;18;336;19;40;17;9;3.80;8;2;1;75;0;7081709;2291;0
147;18;336;19;40;17;15;3.60;4;1;1;82;0;7081715;3599;0
147;18;336;19;40;17;99;3.20;6;2;1;75;0;7081799;174;0
147;18;336;19;40;17;22;3.60;3;1;1;84;0;7081722;80;0
147;18;336;19;40;18;24;3.40;5;2;1;79;0;7081824;240;0
147;18;336;19;40;19;5;3.20;6;2;1;81;0;7081905;90;7081199
147;18;336;19;40;19;99;3.60;8;2;1;74;0;7081999;271;0
147;18;336;19;40;19;99;4.00;4;1;1;79;0;7081999;268;0
147;18;336;19;40;20;64;3.40;4;1;1;83;0;7082064;46;0
147;18;336;19;40;20;53;11.80;7;2;3;80;0;7082053;336;0
147;18;336;19;40;21;99;3.20;6;2;1;79;0;7082199;279;0
147;18;336;19;40;21;99;3.40;5;2;1;76;0;7082199;359;0
147;18;336;19;40;21;99;5.80;2;1;1;79;0;7082199;784;0
147;18;336;19;40;22;99;3.80;4;1;1;83;0;7082299;220;0
147;18;336;19;40;23;1;3.80;5;2;1;83;0;7082301;85;0
147;18;336;19;40;23;73;3.60;6;2;1;80;0;7082373;159;0
147;18;336;19;40;23;75;5.80;2;1;1;80;0;7082375;149;0
147;18;336;19;40;23;99;3.20;5;2;1;83;0;7082399;81;0
147;18;336;19;40;24;99;3.60;8;2;1;70;0;7082499;482;0
147;18;336;19;40;25;19;3.60;2;1;1;75;0;7082519;117;0
147;18;336;19;40;25;22;4.60;5;2;1;83;0;7082522;109;0
147;18;336;19;40;26;99;3.40;6;2;1;75;0;7082699;309;0
147;18;336;19;40;27;11;3.60;8;2;1;80;0;7082711;193;0
147;18;336;19;40;27;99;3.80;2;1;1;79;0;7082799;262;0
147;18;336;19;40;28;81;3.40;7;2;1;81;0;7082881;774;0
147;18;336;19;40;30;99;3.80;5;2;1;81;0;7083099;557;0
147;18;336;19;40;30;27;3.60;6;2;1;81;0;7083027;311;0
147;18;336;19;40;31;6;3.40;3;1;1;81;0;7083106;1368;0
147;18;336;19;40;32;99;4.40;7;2;1;80;0;7083299;402;0
147;18;336;19;40;34;16;3.60;3;1;1;79;0;7083416;294;0
147;18;336;19;40;35;99;3.00;6;2;1;74;0;7083599;556;0
147;18;336;19;40;37;99;4.00;7;2;1;81;0;7083799;480;0
147;18;336;19;40;38;40;3.80;6;2;1;75;0;7083840;226;0
147;18;336;19;40;38;90;4.00;5;2;1;77;0;7083890;774;0
147;18;336;19;40;39;99;3.40;4;1;1;85;0;7083999;1683;0
147;18;336;19;40;40;3;3.20;1;1;1;81;0;7084003;3173;0
147;18;336;19;40;41;67;3.40;3;1;1;65;0;7084167;734;0
147;18;336;19;40;41;99;4.00;4;1;1;82;0;7084199;185;0
147;18;336;19;40;41;99;3.40;5;2;1;82;0;7084199;290;0
147;18;336;19;40;43;8;3.40;2;1;1;74;0;7084308;1491;0
147;18;336;19;40;44;4;3.40;3;1;1;61;0;7084404;218;0
147;18;336;19;40;44;99;3.20;2;1;1;75;0;7084499;174;0
147;18;336;19;40;45;99;3.60;4;1;1;77;0;7084599;382;0
147;18;336;19;40;45;99;3.40;3;1;1;62;0;7084599;174;0
147;18;336;19;40;46;99;3.20;4;1;1;70;0;7084699;83;0
147;18;336;19;40;47;99;3.40;3;1;1;61;0;7084799;180;0
147;18;336;19;40;49;99;3.40;7;2;1;77;0;7084999;1182;0
147;18;336;19;40;50;7;3.60;5;2;1;79;0;7085007;793;0
147;18;336;19;40;50;99;3.20;4;1;1;76;0;7085099;383;0
147;18;336;19;40;51;76;3.60;7;2;1;74;0;7085176;161;0
147;18;336;19;40;51;98;3.60;4;1;1;79;0;7085198;83;0
147;18;336;19;40;52;99;3.40;6;2;1;76;0;7085299;1440;0
147;18;336;19;40;53;33;3.20;2;1;1;69;0;7085333;818;0
147;18;336;19;40;54;99;3.40;5;2;1;83;0;7085499;475;0
147;18;336;19;40;55;1;3.80;7;2;1;80;0;7085501;307;0
147;18;336;19;40;55;99;3.60;3;1;1;74;0;7085599;779;0
147;18;336;19;40;55;99;3.80;6;2;1;82;0;7085599;283;0
147;18;336;19;40;55;99;7.60;2;1;6;69;0;7085599;249;0
147;18;336;19;40;55;99;3.60;7;2;1;81;0;7085599;80;0
147;18;336;19;40;56;71;4.20;1;1;1;74;0;7085671;1653;0
147;18;336;19;40;57;99;3.80;5;2;1;81;0;7085799;285;0
147;18;336;19;40;59;99;3.80;5;2;1;80;0;7085999;183;0
147;18;336;19;40;59;99;3.40;2;1;1;76;0;7085999;360;0
147;18;336;19;41;0;5;3.40;3;1;1;74;0;7086005;388;0
147;18;336;19;41;0;99;3.80;6;2;1;71;0;7086099;483;0
147;18;336;19;41;0;99;3.80;5;2;1;81;0;7086099;82;0
147;18;336;19;41;1;17;3.80;7;2;1;80;0;7086117;502;0
147;18;336;19;41;1;27;3.00;2;1;1;71;0;7086127;111;0
147;18;336;19;41;2;99;3.60;3;1;1;83;0;7086299;277;0
147;18;336;19;41;3;99;3.80;8;2;1;70;0;7086399;3671;0
147;18;336;19;41;3;99;3.60;6;2;1;81;0;7086399;280;0
147;18;336;19;41;4;16;3.20;5;2;1;87;0;7086416;300;0
147;18;336;19;41;4;95;3.80;7;2;1;83;0;7086495;360;0
147;18;336;19;41;5;7;3.20;4;1;1;87;0;7086507;1292;0
147;18;336;19;41;5;19;4.20;6;2;1;78;0;7086519;104;0
147;18;336;19;41;5;99;3.40;7;2;1;83;0;7086599;87;0
147;18;336;19;41;7;1;3.20;3;1;1;77;0;7086701;386;0
147;18;336;19;41;8;20;3.80;4;1;1;79;0;7086820;299;0
147;18;336;19;41;9;18;4.00;3;1;1;78;0;7086918;202;0
147;18;336;19;41;9;75;4.00;4;1;1;80;0;7086975;137;0
147;18;336;19;41;9;90;3.60;8;2;1;70;0;7086990;571;0
147;18;336;19;41;10;99;3.40;6;2;1;76;0;7087099;560;0
147;18;336;19;41;11;47;3.20;6;2;1;78;0;7087147;31;0
147;18;336;19;41;12;99;3.40;3;1;1;69;0;7087299;362;0
147;18;336;19;41;12;99;3.60;8;2;1;72;0;7087299;290;0
147;18;336;19;41;13;99;3.80;6;2;1;80;0;7087399;237;0
147;18;336;19;41;13;6;3.80;2;1;1;76;0;7087306;1163;0
147;18;336;19;41;14;96;3.20;7;2;1;80;0;7087496;882;0
147;18;336;19;41;15;14;3.60;8;2;1;71;0;7087514;197;0
147;18;336;19;41;15;99;3.80;4;1;1;81;0;7087599;606;0
147;18;336;19;41;16;99;3.00;2;1;1;77;0;7087699;375;0
147;18;336;19;41;16;21;3.60;3;1;1;68;0;7087621;304;0
147;18;336;19;41;16;29;4.00;7;2;1;81;0;7087629;118;0
147;18;336;19;41;17;80;3.80;4;1;1;79;0;7087780;164;0
147;18;336;19;41;17;99;3.40;2;1;1;75;0;7087799;85;0
147;18;336;19;41;17;99;3.20;7;2;1;83;0;7087799;152;0
147;18;336;19;41;19;43;3.60;4;1;1;82;0;7087943;145;0
147;18;336;19;41;20;99;3.80;4;1;1;80;0;7088099;140;0
147;18;336;19;41;21;99;3.20;5;2;1;78;0;7088199;1769;0
147;18;336;19;41;21;11;3.20;3;1;1;67;0;7088111;470;0
147;18;336;19;41;21;31;3.60;2;1;1;77;0;7088131;315;0
147;18;336;19;41;22;99;5.00;6;2;1;73;0;7088299;882;0
147;18;336;19;41;23;99;3.60;3;1;1;66;0;7088399;270;0
147;18;336;19;41;23;99;3.60;5;2;1;82;0;7088399;185;0
147;18;336;19;41;23;99;3.40;8;2;1;69;0;7088399;866;0
147;18;336;19;41;25;10;3.60;6;2;1;74;0;7088510;186;0
147;18;336;19;41;27;65;3.80;3;1;1;85;0;7088765;346;0
147;18;336;19;41;27;71;3.40;6;2;1;76;0;7088771;243;0
147;18;336;19;41;27;77;3.20;2;1;1;72;0;7088777;629;0
147;18;336;19;41;29;8;3.80;3;1;1;79;0;7088908;126;0
147;18;336;19;41;29;60;3.60;6;2;1;75;0;7088960;172;0
147;18;336;19;41;30;99;3.60;8;2;1;79;0;7089099;682;0
147;18;336;19;41;30;99;3.60;5;2;1;84;0;7089099;684;0
147;18;336;19;41;31;99;3.40;6;2;1;80;0;7089199;221;0
147;18;336;19;41;35;92;3.40;1;1;1;78;0;7089592;3900;0
147;18;336;19;41;35;99;3.60;5;2;1;86;0;7089599;484;0
147;18;336;19;41;35;99;3.40;6;2;1;80;0;7089599;384;0
147;18;336;19;41;35;99;3.60;7;2;1;77;0;7089599;1786;0
147;18;336;19;41;36;0;3.80;7;2;1;83;0;7089600;-1;0
147;18;336;19;41;37;4;3.60;1;1;1;77;0;7089704;96;0
147;18;336;19;41;37;99;3.60;3;1;1;76;0;7089799;873;0
147;18;336;19;41;38;99;4.20;1;1;1;76;0;7089899;178;0
147;18;336;19;41;39;17;3.40;4;1;1;82;0;7089917;1800;0
147;18;336;19;41;40;6;3.80;3;1;1;82;0;7090006;189;0
147;18;336;19;41;41;1;3.80;1;1;1;72;0;7090101;182;0
147;18;336;19;41;41;99;3.40;6;2;1;81;0;7090199;584;0
147;18;336;19;41;42;46;5.60;3;1;1;71;0;7090246;223;0
147;18;336;19;41;43;1;4.00;4;1;1;81;0;7090301;369;0
147;18;336;19;41;43;99;3.40;6;2;1;80;0;7090399;184;0
147;18;336;19;41;43;99;3.80;3;1;1;71;0;7090399;124;0
147;18;336;19;41;44;99;3.60;8;2;1;76;0;7090499;1383;0
147;18;336;19;41;44;99;3.20;7;2;1;71;0;7090499;882;0
147;18;336;19;41;45;22;3.40;1;1;1;75;0;7090522;402;0
147;18;336;19;41;45;98;3.60;3;1;1;70;0;7090598;179;0
147;18;336;19;41;46;2;3.60;2;1;1;82;0;7090602;1809;0
147;18;336;19;41;46;99;3.60;4;1;1;80;0;7090699;380;0
147;18;336;19;41;46;99;3.40;6;2;1;75;0;7090699;284;0
147;18;336;19;41;46;99;3.80;3;1;1;71;0;7090699;82;0
147;18;336;19;41;47;18;3.20;6;2;1;80;0;7090718;2;0
147;18;336;19;41;48;99;3.60;3;1;1;75;0;7090899;180;7090246
147;18;336;19;41;49;5;3.80;6;2;1;73;0;7090905;172;7090246
147;18;336;19;41;50;55;3.20;3;1;1;71;0;7091055;138;7090246
147;18;336;19;41;51;18;3.00;2;1;1;83;0;7091118;500;0
147;18;336;19;41;51;99;3.80;3;1;1;69;0;7091199;127;7090246
147;18;336;19;41;53;99;3.40;2;1;1;81;0;7091399;267;0
147;18;336;19;41;54;24;3.40;6;2;1;81;0;7091424;500;0
147;18;336;19;41;54;0;3.40;2;1;1;74;0;7091400;-1;0
147;18;336;19;41;55;99;3.40;3;1;1;77;0;7091599;380;0
147;18;336;19;41;58;99;3.20;2;1;1;73;0;7091899;482;0
147;18;336;19;42;0;72;3.00;6;2;1;79;0;7092072;632;0
147;18;336;19;42;1;99;3.60;2;1;1;84;0;7092199;284;0
147;18;336;19;42;2;99;4.00;7;2;1;96;0;7092299;1783;0
147;18;336;19;42;2;31;3.80;6;2;1;76;0;7092231;145;0
147;18;336;19;42;3;19;3.60;5;2;1;77;0;7092319;2704;0
147;18;336;19;42;4;99;3.20;5;2;1;79;0;7092499;163;0
147;18;336;19;42;4;99;3.60;2;1;1;77;0;7092499;284;0
147;18;336;19;42;5;21;3.80;6;2;1;77;0;7092521;272;0
147;18;336;19;42;6;99;3.20;6;2;1;74;0;7092699;160;0
147;18;336;19;42;7;21;3.60;2;1;1;80;0;7092721;205;0
147;18;336;19;42;8;0;3.20;3;1;1;73;0;7092800;1185;0
147;18;336;19;42;9;6;3.00;3;1;1;75;0;7092906;90;0
147;18;336;19;42;9;19;3.80;7;2;1;82;0;7092919;605;0
147;18;336;19;42;11;15;3.40;3;1;1;76;0;7093115;194;0
147;18;336;19;42;11;99;5.20;6;2;1;82;0;7093199;484;0
147;18;336;19;42;12;1;3.40;2;1;1;77;0;7093201;463;0
147;18;336;19;42;12;3;3.60;3;1;1;67;0;7093203;71;0
147;18;336;19;42;13;0;4.00;8;2;1;77;0;7093300;2783;0
147;18;336;19;42;13;85;3.80;4;1;1;80;0;7093385;2669;0
147;18;336;19;42;14;99;3.60;4;1;1;79;0;7093499;96;0
147;18;336;19;42;17;99;3.40;7;2;1;64;0;7093799;863;0
147;18;336;19;42;17;99;3.40;6;2;1;70;0;7093799;577;0
147;18;336;19;42;18;60;4.60;3;1;1;71;0;7093860;637;0
147;18;336;19;42;19;99;3.40;2;1;1;70;0;7093999;782;0
147;18;336;19;42;19;99;3.60;4;1;1;84;0;7093999;483;0
147;18;336;19;42;20;15;3.00;2;1;1;76;0;7094015;-1;0
147;18;336;19;42;21;97;3.20;4;1;1;93;0;7094197;182;0
147;18;336;19;42;22;99;3.40;2;1;1;70;0;7094299;269;0
147;18;336;19;42;22;99;3.40;6;2;1;76;0;7094299;482;0
147;18;336;19;42;24;4;3.60;3;1;1;75;0;7094404;520;0
147;18;336;19;42;25;20;3.60;3;1;1;74;0;7094520;98;0
147;18;336;19;42;26;15;3.60;5;2;1;81;0;7094615;2101;0
147;18;336;19;42;26;99;3.80;6;2;1;79;0;7094699;383;0
147;18;336;19;42;26;99;4.60;3;1;1;83;0;7094699;161;0
147;18;336;19;42;28;51;3.60;5;2;1;91;0;7094851;220;0
147;18;336;19;42;29;6;3.40;3;1;1;81;0;7094906;187;0
147;18;336;19;42;29;99;4.20;7;2;1;80;0;7094999;1180;0
147;18;336;19;42;31;99;3.20;7;2;1;76;0;7095199;181;0
147;18;336;19;42;32;7;3.40;4;1;1;104;0;7095207;997;0
147;18;336;19;42;32;0;3.20;6;2;1;83;0;7095200;483;0
147;18;336;19;42;32;99;3.40;3;1;1;82;0;7095299;377;0
147;18;336;19;42;33;11;3.60;7;2;1;78;0;7095311;96;0
147;18;336;19;42;35;9;3.20;7;2;1;75;0;7095509;181;0
147;18;336;19;42;37;99;3.40;3;1;1;73;0;7095799;485;0
147;18;336;19;42;38;99;3.80;7;2;1;83;0;7095899;374;0
147;18;336;19;42;38;22;3.60;3;1;1;74;0;7095822;6;0
147;18;336;19;42;38;45;4.00;6;2;1;78;0;7095845;631;0
147;18;336;19;42;39;1;4.00;4;1;1;79;0;7095901;682;0
147;18;336;19;42;39;99;4.00;7;2;1;80;0;7095999;83;0
147;18;336;19;42;40;99;4.00;5;2;1;84;0;7096099;1233;0
147;18;336;19;42;40;99;3.60;4;1;1;80;0;7096099;179;0
147;18;336;19;42;40;99;4.40;7;2;1;78;0;7096099;82;0
147;18;336;19;42;40;99;12.20;2;1;3;78;0;7096099;1782;0
147;18;336;19;42;41;96;4.00;6;2;1;76;0;7096196;332;0
147;18;336;19;42;43;50;3.60;4;1;1;86;0;7096350;234;0
147;18;336;19;42;44;61;5.80;3;1;1;73;0;7096461;621;0
147;18;336;19;42;45;99;3.40;6;2;1;75;0;7096599;384;0
147;18;336;19;42;45;99;4.20;7;2;1;81;0;7096599;479;0
147;18;336;19;42;48;99;3.60;3;1;1;76;0;7096899;409;0
147;18;336;19;42;48;30;3.40;5;2;1;78;0;7096830;713;0
147;18;336;19;42;49;7;3.60;1;1;1;71;0;7096907;6368;0
147;18;336;19;42;49;79;3.40;2;1;1;81;0;7096979;823;0
147;18;336;19;42;49;86;3.20;6;2;1;83;0;7096986;370;0
147;18;336;19;42;49;84;3.80;5;2;1;77;0;7096984;138;0
147;18;336;19;42;50;99;3.20;7;2;1;81;0;7097099;481;0
147;18;336;19;42;50;99;3.20;2;1;1;79;0;7097099;104;0
147;18;336;19;42;51;28;4.60;3;1;1;75;0;7097128;211;0
147;18;336;19;42;52;99;3.40;8;2;1;75;0;7097299;3980;0
147;18;336;19;42;53;99;4.00;7;2;1;78;0;7097399;285;0
147;18;336;19;42;53;9;3.80;3;1;1;76;0;7097309;158;0
147;18;336;19;42;53;28;3.60;8;2;1;79;0;7097328;12;0
147;18;336;19;42;54;95;3.60;1;1;1;88;0;7097495;569;0
147;18;336;19;42;55;10;3.40;2;1;1;78;0;7097510;396;0
147;18;336;19;42;55;99;3.00;4;1;1;79;0;7097599;1233;0
147;18;336;19;42;56;14;3.40;3;1;1;73;0;7097614;287;0
147;18;336;19;42;56;61;3.60;6;2;1;75;0;7097661;661;0
147;18;336;19;42;57;99;3.60;2;1;1;82;0;7097799;273;0
147;18;336;19;42;58;25;4.00;5;2;1;94;0;7097825;823;0
147;18;336;19;42;58;99;3.80;6;2;1;78;0;7097899;220;0
147;18;336;19;43;0;14;3.40;3;1;1;80;0;7098014;383;0
147;18;336;19;43;1;11;3.80;5;2;1;90;0;7098111;270;0
147;18;336;19;43;0;84;13.00;6;2;5;79;0;7098084;167;0
147;18;336;19;43;1;38;3.40;7;2;1;97;0;7098138;720;0
147;18;336;19;43;2;99;4.20;7;2;1;97;0;7098299;148;0
147;18;336;19;43;4;10;3.80;3;1;1;81;0;7098410;380;0
147;18;336;19;43;6;99;3.60;3;1;1;78;0;7098699;272;0
147;18;336;19;43;7;99;3.20;4;1;1;81;0;7098799;1186;0
147;18;336;19;43;8;2;4.80;6;2;1;80;0;7098802;658;0
147;18;336;19;43;9;21;3.80;6;2;1;81;0;7098921;97;0
147;18;336;19;43;10;99;3.80;3;1;1;81;0;7099099;383;0
147;18;336;19;43;11;99;3.60;4;1;1;85;0;7099199;385;0
147;18;336;19;43;11;25;3.20;3;1;1;79;0;7099125;9;0
147;18;336;19;43;11;29;3.40;6;2;1;84;0;7099129;191;0
147;18;336;19;43;13;99;3.80;6;2;1;85;0;7099399;255;0
147;18;336;19;43;14;18;3.80;7;2;1;80;0;7099418;1103;0
147;18;336;19;43;14;53;3.40;3;1;1;72;0;7099453;313;0
147;18;336;19;43;15;7;3.40;4;1;1;83;0;7099507;292;0
147;18;336;19;43;15;99;3.60;3;1;1;73;0;7099599;129;0
147;18;336;19;43;16;99;3.00;7;2;1;92;0;7099699;263;0
147;18;336;19;43;17;0;3.80;4;1;1;86;0;7099700;178;0
147;18;336;19;43;17;99;3.60;8;2;1;80;0;7099799;2454;0
147;18;336;19;43;18;99;3.80;2;1;1;75;0;7099899;2084;0
147;18;336;19;43;18;99;3.80;6;2;1;80;0;7099899;483;0
147;18;336;19;43;18;99;4.00;4;1;1;79;0;7099899;183;0
147;18;336;19;43;19;18;3.80;3;1;1;76;0;7099918;301;0
147;18;336;19;43;21;2;3.60;3;1;1;75;0;7100102;166;0
147;18;336;19;43;22;50;3.40;1;1;1;84;0;7100250;2740;0
147;18;336;19;43;22;82;4.00;5;2;1;87;0;7100282;2155;0
147;18;336;19;43;22;91;3.60;6;2;1;85;0;7100291;374;0
147;18;336;19;43;23;21;3.00;2;1;1;75;0;7100321;403;0
147;18;336;19;43;24;99;4.00;5;2;1;83;0;7100499;200;0
147;18;336;19;43;25;6;3.00;6;2;1;76;0;7100506;199;0
147;18;336;19;43;25;12;3.40;3;1;1;72;0;7100512;392;0
147;18;336;19;43;26;99;8.80;6;2;2;74;0;7100699;178;0
147;18;336;19;43;27;99;3.00;3;1;1;74;0;7100799;270;0
147;18;336;19;43;28;13;4.00;5;2;1;80;0;7100813;296;0
147;18;336;19;43;30;99;3.80;1;1;1;74;0;7101099;834;0
147;18;336;19;43;31;99;3.20;2;1;1;77;0;7101199;863;0
147;18;336;19;43;31;99;3.40;6;2;1;81;0;7101199;457;0
147;18;336;19;43;33;16;3.60;3;1;1;77;0;7101316;502;0
147;18;336;19;43;32;59;9.20;7;2;3;60;0;7101259;1548;0
147;18;336;19;43;34;99;4.00;5;2;1;89;0;7101499;668;0
147;18;336;19;43;37;59;3.60;6;2;1;77;0;7101759;544;0
147;18;336;19;43;37;71;3.60;3;1;1;75;0;7101771;438;0
147;18;336;19;43;39;16;3.80;6;2;1;77;0;7101916;140;0
147;18;336;19;43;40;45;3.60;7;2;1;76;0;7102045;730;0
147;18;336;19;43;40;83;3.00;5;2;1;79;0;7102083;567;0
147;18;336;19;43;42;0;3.60;5;2;1;84;0;7102200;103;0
147;18;336;19;43;43;99;3.80;5;2;1;89;0;7102399;183;0
147;18;336;19;43;46;99;4.00;6;2;1;81;0;7102699;765;0
147;18;336;19;43;47;11;3.80;7;2;1;78;0;7102711;648;0
147;18;336;19;43;50;14;3.80;2;1;1;87;0;7103014;1800;0
147;18;336;19;43;51;10;4.00;5;2;1;80;0;7103110;695;0
147;18;336;19;43;51;99;3.20;6;2;1;70;0;7103199;482;0
147;18;336;19;43;52;21;3.40;6;2;1;72;0;7103221;5;0
147;18;336;19;43;53;99;3.80;2;1;1;85;0;7103399;369;0
147;18;336;19;43;53;99;4.20;7;2;1;84;0;7103399;670;0
147;18;336;19;43;55;60;3.60;3;1;1;72;0;7103560;1771;0
147;18;336;19;43;57;99;3.60;2;1;1;66;0;7103799;383;0
147;18;336;19;43;57;99;3.60;4;1;1;78;0;7103799;3881;0
147;18;336;19;43;57;18;3.60;6;2;1;80;0;7103718;480;0
147;18;336;19;43;58;99;3.80;3;1;1;74;0;7103899;321;0
147;18;336;19;43;58;99;4.20;8;2;1;75;0;7103899;4083;0
147;18;336;19;43;59;99;3.40;2;1;1;68;0;7103999;180;0
147;18;336;19;43;59;99;3.80;6;2;1;79;0;7103999;264;0
147;18;336;19;43;59;99;3.60;1;1;1;82;0;7103999;2881;0
147;18;336;19;44;0;16;4.00;4;1;1;82;0;7104016;200;0
147;18;336;19;44;0;72;3.40;5;2;1;77;0;7104072;944;0
147;18;336;19;44;0;99;8.60;7;2;2;56;0;7104099;682;0
147;18;336;19;44;1;99;4.00;3;1;1;76;0;7104199;281;0
147;18;336;19;44;3;73;3.80;7;2;1;79;0;7104373;218;0
147;18;336;19;44;3;89;3.20;3;1;1;76;0;7104389;171;0
147;18;336;19;44;7;99;14.60;2;1;4;86;0;7104799;782;0
147;18;336;19;44;7;99;3.20;3;1;1;78;0;7104799;394;0
147;18;336;19;44;7;99;4.00;6;2;1;81;0;7104799;782;0
147;18;336;19;44;9;5;3.60;6;2;1;74;0;7104905;88;0
147;18;336;19;44;9;99;3.40;5;2;1;76;0;7104999;911;0
147;18;336;19;44;10;6;4.60;6;2;1;75;0;7105006;83;0
147;18;336;19;44;11;8;4.60;5;2;1;77;0;7105108;92;0
147;18;336;19;44;11;13;3.20;3;1;1;75;0;7105113;299;0
147;18;336;19;44;12;99;3.60;5;2;1;77;0;7105299;169;0
147;18;336;19;44;12;99;6.20;7;2;1;67;0;7105299;908;0
147;18;336;19;44;12;99;3.60;3;1;1;78;0;7105299;170;0
147;18;336;19;44;13;38;3.60;7;2;1;83;0;7105338;5;0
147;18;336;19;44;13;47;3.40;4;1;1;76;0;7105347;1313;0
147;18;336;19;44;14;99;3.80;4;1;1;77;0;7105499;135;0
147;18;336;19;44;14;99;4.80;7;2;1;84;0;7105499;145;0
147;18;336;19;44;15;6;3.20;6;2;1;76;0;7105506;477;0
147;18;336;19;44;15;15;3.80;4;1;1;80;0;7105515;-1;0
147;18;336;19;44;15;26;3.60;2;1;1;79;0;7105526;665;0
147;18;336;19;44;16;25;4.00;5;2;1;83;0;7105625;309;0
147;18;336;19;44;16;55;4.60;3;1;1;73;0;7105655;339;0
147;18;336;19;44;16;91;3.40;4;1;1;78;0;7105691;158;0
147;18;336;19;44;17;2;3.80;8;2;1;78;0;7105702;1782;0
147;18;336;19;44;17;16;3.60;2;1;1;80;0;7105716;173;0
147;18;336;19;44;17;99;3.80;6;2;1;84;0;7105799;277;0
147;18;336;19;44;18;33;3.80;2;1;1;80;0;7105833;100;0
147;18;336;19;44;20;14;4.20;3;1;1;73;0;7106014;336;0
147;18;336;19;44;20;99;3.60;8;2;1;80;0;7106099;379;0
147;18;336;19;44;20;99;3.80;6;2;1;79;0;7106099;283;0
147;18;336;19;44;22;99;3.40;6;2;1;77;0;7106299;182;0
147;18;336;19;44;23;48;3.80;6;2;1;77;0;7106348;33;0
147;18;336;19;44;24;99;3.40;2;1;1;79;0;7106499;648;0
147;18;336;19;44;24;99;3.60;5;2;1;81;0;7106499;856;0
147;18;336;19;44;25;99;3.40;3;1;1;72;0;7106599;564;0
147;18;336;19;44;27;99;3.00;6;2;1;78;0;7106799;433;0
147;18;336;19;44;29;99;3.60;4;1;1;89;0;7106999;1292;0
147;18;336;19;44;29;99;3.60;6;2;1;76;0;7106999;186;0
147;18;336;19;44;29;99;3.40;5;2;1;78;0;7106999;484;0
147;18;336;19;44;30;99;4.20;7;2;1;82;0;7107099;1579;0
147;18;336;19;44;31;60;3.60;3;1;1;73;0;7107160;544;0
147;18;336;19;44;32;99;3.80;6;2;1;78;0;7107299;282;0
147;18;336;19;44;33;99;3.40;3;1;1;72;0;7107399;221;0
147;18;336;19;44;35;99;3.60;4;1;1;81;0;7107599;585;0
147;18;336;19;44;35;99;3.40;3;1;1;75;0;7107599;183;0
147;18;336;19;44;36;12;3.80;5;2;1;83;0;7107612;597;0
147;18;336;19;44;37;99;4.00;6;2;1;85;0;7107799;482;0
147;18;336;19;44;39;82;3.60;6;2;1;87;0;7107982;166;0
147;18;336;19;44;36;61;4.20;7;2;1;13;0;7107661;543;0
147;18;336;19;44;41;37;3.40;6;2;1;79;0;7108137;140;0
147;18;336;19;44;41;44;3.60;2;1;1;76;0;7108144;1629;0
147;18;336;19;44;43;99;3.20;3;1;1;75;0;7108399;783;0
147;18;336;19;44;43;99;4.40;4;1;1;83;0;7108399;784;0
147;18;336;19;44;44;99;4.00;3;1;1;74;0;7108499;84;0
147;18;336;19;44;45;1;3.60;6;2;1;75;0;7108501;348;0
147;18;336;19;44;45;99;3.60;5;2;1;83;0;7108599;970;0
147;18;336;19;44;46;15;3.40;2;1;1;73;0;7108615;453;0
147;18;336;19;44;46;34;3.60;6;2;1;82;0;7108634;115;0
147;18;336;19;44;46;52;3.40;2;1;1;77;0;7108652;20;0
147;18;336;19;44;47;99;3.60;6;2;1;80;0;7108799;149;0
147;18;336;19;44;47;99;4.00;4;1;1;77;0;7108799;380;0
147;18;336;19;44;47;99;3.40;3;1;1;76;0;7108799;280;0
147;18;336;19;44;48;9;3.80;1;1;1;81;0;7108809;4794;0
147;18;336;19;44;49;10;4.20;4;1;1;81;0;7108910;92;0
147;18;336;19;44;49;11;3.80;1;1;1;80;0;7108911;85;0
147;18;336;19;44;49;37;3.80;6;2;1;77;0;7108937;121;0
147;18;336;19;44;49;65;4.00;3;1;1;76;0;7108965;149;0
147;18;336;19;44;53;13;3.80;6;2;1;74;0;7109313;358;0
147;18;336;19;44;54;46;4.60;7;2;1;79;0;7109446;1668;0
147;18;336;19;44;54;84;3.80;3;1;1;80;0;7109484;500;0
147;18;336;19;44;55;0;3.60;5;2;1;81;0;7109500;885;0
147;18;336;19;44;55;99;3.00;6;2;1;74;0;7109599;267;0
147;18;336;19;44;56;99;3.00;2;1;1;75;0;7109699;1031;0
147;18;336;19;44;56;21;3.40;6;2;1;74;0;7109621;7;0
147;18;336;19;44;58;18;3.80;4;1;1;77;0;7109818;889;0
147;18;336;19;44;58;99;3.60;3;1;1;68;0;7109899;397;0
147;18;336;19;44;59;81;4.20;4;1;1;82;0;7109981;145;0
147;18;336;19;44;59;70;4.40;3;1;1;70;0;7109970;51;0
147;18;336;19;45;0;99;3.60;6;2;1;82;0;7110099;461;0
147;18;336;19;45;0;99;3.60;3;1;1;68;0;7110099;106;0
147;18;336;19;45;0;99;3.00;2;1;1;65;0;7110099;385;0
147;18;336;19;45;1;99;3.60;2;1;1;65;0;7110199;83;0
147;18;336;19;45;1;22;3.20;4;1;1;77;0;7110122;122;0
147;18;336;19;45;2;11;3.80;6;2;1;78;0;7110211;96;0
147;18;336;19;45;2;66;3.80;3;1;1;70;0;7110266;147;0
147;18;336;19;45;3;99;3.40;6;2;1;77;0;7110399;170;0
147;18;336;19;45;4;5;3.60;1;1;1;68;0;7110405;1476;0
147;18;336;19;45;4;36;3.60;3;1;1;70;0;7110436;150;7109899
147;18;336;19;45;4;59;3.80;4;1;1;79;0;7110459;322;0
147;18;336;19;45;5;99;3.80;6;2;1;81;0;7110599;184;0
147;18;336;19;45;6;8;3.40;2;1;1;77;0;7110608;389;0
147;18;336;19;45;7;68;3.40;6;2;1;72;0;7110768;152;7110099
147;18;336;19;45;7;99;3.60;3;1;1;72;0;7110799;344;0
147;18;336;19;45;8;99;3.40;1;1;1;72;0;7110899;474;0
147;18;336;19;45;10;90;3.80;5;2;1;77;0;7111090;1574;0
147;18;336;19;45;11;14;3.20;1;1;1;84;0;7111114;198;0
147;18;336;19;45;12;44;3.40;3;1;1;77;0;7111244;427;0
147;18;336;19;45;12;54;4.00;8;2;1;71;0;7111254;5138;0
147;18;336;19;45;13;99;4.00;7;2;1;90;0;7111399;1932;0
147;18;336;19;45;14;24;5.00;6;2;1;79;0;7111424;639;0
147;18;336;19;45;19;19;3.20;8;2;1;80;0;7111919;644;0
147;18;336;19;45;21;19;3.40;6;2;1;85;0;7112119;672;0
147;18;336;19;45;21;99;3.20;3;1;1;75;0;7112199;939;0
147;18;336;19;45;22;14;4.80;5;2;1;92;0;7112214;1106;0
147;18;336;19;45;22;32;3.60;3;1;1;72;0;7112232;17;0
147;18;336;19;45;22;46;3.80;6;2;1;83;0;7112246;112;0
147;18;336;19;45;24;14;3.80;5;2;1;85;0;7112414;181;0
147;18;336;19;45;25;72;3.00;6;2;1;77;0;7112572;309;0
147;18;336;19;45;25;99;4.00;7;2;1;90;0;7112599;1184;0
147;18;336;19;45;27;4;3.00;6;2;1;76;0;7112704;117;0
147;18;336;19;45;27;23;3.40;5;2;1;86;0;7112723;292;0
147;18;336;19;45;27;23;3.20;4;1;1;80;0;7112723;2246;0
147;18;336;19;45;28;99;3.60;1;1;1;75;0;7112899;1771;0
147;18;336;19;45;29;99;3.80;5;2;1;90;0;7112999;261;0
147;18;336;19;45;31;99;3.40;2;1;1;88;0;7113199;2575;0
147;18;336;19;45;32;15;3.60;6;2;1;80;0;7113215;496;0
147;18;336;19;45;33;99;3.80;5;2;1;80;0;7113399;384;0
147;18;336;19;45;34;99;3.80;5;2;1;83;0;7113499;82;0
147;18;336;19;45;35;9;3.80;6;2;1;79;0;7113509;277;0
147;18;336;19;45;36;99;3.60;2;1;1;75;0;7113699;486;0
147;18;336;19;45;36;99;3.40;5;2;1;89;0;7113699;183;0
147;18;336;19;45;36;99;3.60;3;1;1;80;0;7113699;1449;0
147;18;336;19;45;36;99;3.40;6;2;1;77;0;7113699;172;0
147;18;336;19;45;37;99;3.60;4;1;1;85;0;7113799;1061;0
147;18;336;19;45;38;94;3.80;3;1;1;77;0;7113894;178;0
147;18;336;19;45;38;99;3.00;6;2;1;77;0;7113899;184;0
147;18;336;19;45;38;99;3.80;1;1;1;74;0;7113899;982;0
147;18;336;19;45;39;14;5.40;4;1;1;83;0;7113914;99;0
147;18;336;19;45;39;99;3.40;8;2;1;76;0;7113999;2065;0
147;18;336;19;45;39;99;4.00;3;1;1;77;0;7113999;87;0
147;18;336;19;45;40;62;4.00;3;1;1;69;0;7114062;44;0
147;18;336;19;45;43;7;3.40;6;2;1;74;0;7114307;393;0
147;18;336;19;45;43;72;3.80;1;1;1;73;0;7114372;454;0
147;18;336;19;45;43;99;3.60;2;1;1;77;0;7114399;682;0
147;18;336;19;45;45;68;3.60;8;2;1;75;0;7114568;552;0
147;18;336;19;45;47;20;3.60;8;2;1;74;0;7114720;134;0
147;18;336;19;45;47;99;3.40;3;1;1;76;0;7114799;716;0
147;18;336;19;45;47;99;3.80;2;1;1;98;0;7114799;383;0
147;18;336;19;45;48;13;3.60;6;2;1;73;0;7114813;489;0
147;18;336;19;45;49;7;3.40;3;1;1;77;0;7114907;91;0
147;18;336;19;45;49;99;3.80;6;2;1;75;0;7114999;168;0
147;18;336;19;45;50;19;3.20;3;1;1;75;0;7115019;96;0
147;18;336;19;45;50;15;3.20;1;1;1;73;0;7115015;624;0
147;18;336;19;45;52;99;4.00;6;2;1;74;0;7115299;281;0
147;18;336;19;45;52;99;3.00;2;1;1;74;0;7115299;486;0
147;18;336;19;45;53;43;3.60;5;2;1;80;0;7115343;1630;0
147;18;336;19;45;53;64;3.60;7;2;1;74;0;7115364;2749;0
147;18;336;19;45;54;11;3.40;6;2;1;74;0;7115411;92;0
147;18;336;19;45;54;17;3.40;3;1;1;78;0;7115417;382;0
147;18;336;19;45;55;99;4.00;7;2;1;71;0;7115599;217;0
147;18;336;19;45;55;26;3.80;3;1;1;79;0;7115526;93;0
147;18;336;19;45;55;46;4.00;5;2;1;81;0;7115546;186;0
147;18;336;19;45;56;99;3.60;8;2;1;79;0;7115699;961;0
147;18;336;19;45;56;99;3.40;6;2;1;68;0;7115699;271;0
147;18;336;19;45;57;7;4.60;5;2;1;83;0;7115707;143;0
147;18;336;19;45;57;23;3.40;7;2;1;86;0;7115723;103;0
147;18;336;19;45;58;8;3.80;5;2;1;82;0;7115808;81;0
147;18;336;19;45;58;11;3.20;6;2;1;70;0;7115811;94;0
147;18;336;19;45;58;19;3.40;3;1;1;79;0;7115819;275;0
147;18;336;19;45;59;11;3.80;6;2;1;72;0;7115911;83;0
147;18;336;19;46;1;99;3.20;6;2;1;79;0;7116199;269;0
147;18;336;19;46;1;99;3.60;8;2;1;82;0;7116199;483;0
147;18;336;19;46;2;99;3.60;6;2;1;78;0;7116299;85;0
147;18;336;19;46;4;99;3.60;3;1;1;81;0;7116499;664;0
147;18;336;19;46;4;99;3.20;6;2;1;77;0;7116499;183;0
147;18;336;19;46;4;99;3.80;4;1;1;84;0;7116499;2561;0
147;18;336;19;46;5;3;3.40;6;2;1;74;0;7116503;-1;0
147;18;336;19;46;7;99;4.40;6;2;1;72;0;7116799;279;0
147;18;336;19;46;8;61;3.20;6;2;1;76;0;7116861;40;0
147;18;336;19;46;9;99;3.20;7;2;1;82;0;7116999;1261;0
147;18;336;19;46;9;99;4.00;4;1;1;78;0;7116999;483;0
147;18;336;19;46;10;99;3.40;6;2;1;74;0;7117099;222;0
147;18;336;19;46;10;99;3.60;1;1;1;75;0;7117099;2068;0
147;18;336;19;46;11;47;3.60;6;2;1;75;0;7117147;31;0
147;18;336;19;46;11;99;3.60;4;1;1;78;0;7117199;181;0
147;18;336;19;46;12;99;3.20;3;1;1;77;0;7117299;784;0
147;18;336;19;46;15;17;3.80;2;1;1;83;0;7117517;2203;0
147;18;336;19;46;15;24;3.60;7;2;1;78;0;7117524;510;0
147;18;336;19;46;15;99;3.60;6;2;1;74;0;7117599;434;0
147;18;336;19;46;18;3;3.20;6;2;1;77;0;7117803;186;0
147;18;336;19;46;18;40;3.40;5;2;1;89;0;7117840;2015;0
147;18;336;19;46;19;22;3.80;6;2;1;79;0;7117922;104;0
147;18;336;19;46;19;99;3.20;5;2;1;84;0;7117999;145;0
147;18;336;19;46;23;5;4.40;6;2;1;70;0;7118305;365;0
147;18;336;19;46;24;23;3.40;7;2;1;75;0;7118423;882;0
147;18;336;19;46;24;99;3.20;6;2;1;74;0;7118499;171;0
147;18;336;19;46;26;23;3.40;6;2;1;77;0;7118623;108;0
147;18;336;19;46;27;99;3.80;3;1;1;80;0;7118799;1485;0
147;18;336;19;46;27;99;3.40;6;2;1;75;0;7118799;160;0
147;18;336;19;46;29;18;4.00;6;2;1;85;0;7118918;102;7118305
147;18;336;19;46;29;62;3.20;1;1;1;76;0;7118962;1845;0
147;18;336;19;46;32;0;3.40;6;2;1;77;0;7119200;265;0
147;18;336;19;46;32;99;4.20;3;1;1;75;0;7119299;482;0
147;18;336;19;46;33;99;3.60;6;2;1;77;0;7119399;183;0
147;18;336;19;46;34;90;3.40;5;2;1;79;0;7119490;1477;0
147;18;336;19;46;35;99;3.40;7;2;1;76;0;7119599;1159;0
147;18;336;19;46;37;99;3.60;5;2;1;79;0;7119799;293;0
147;18;336;19;46;38;16;3.60;3;1;1;82;0;7119816;496;0
147;18;336;19;46;38;99;3.00;7;2;1;78;0;7119899;283;0
147;18;336;19;46;39;9;4.40;6;2;1;71;0;7119909;493;0
147;18;336;19;46;41;1;3.40;6;2;1;73;0;7120101;169;0
147;18;336;19;46;41;37;3.20;7;2;1;77;0;7120137;224;0
147;18;336;19;46;42;7;4.00;6;2;1;71;0;7120207;89;0
147;18;336;19;46;41;87;21.80;1;1;5;73;0;7120187;1209;0
147;18;336;19;46;44;66;4.20;4;1;1;87;0;7120466;3250;0
147;18;336;19;46;44;62;4.60;1;1;1;75;0;7120462;167;0
147;18;336;19;46;44;81;4.20;3;1;1;80;0;7120481;649;0
147;18;336;19;46;47;99;3.20;2;1;1;80;0;7120799;3265;0
147;18;336;19;46;47;99;3.40;3;1;1;83;0;7120799;299;0
147;18;336;19;46;48;28;3.60;5;2;1;86;0;7120828;1012;0
147;18;336;19;46;49;73;3.60;4;1;1;81;0;7120973;489;0
147;18;336;19;46;50;20;4.00;3;1;1;78;0;7121020;206;0
147;18;336;19;46;50;99;3.60;2;1;1;77;0;7121099;285;0
147;18;336;19;46;51;99;3.80;5;2;1;85;0;7121199;355;0
147;18;336;19;46;51;99;3.00;6;2;1;74;0;7121199;971;0
147;18;336;19;46;52;84;3.60;6;2;1;74;0;7121284;70;0
147;18;336;19;46;52;99;3.40;2;1;1;75;0;7121299;183;0
147;18;336;19;46;53;99;4.40;4;1;1;89;0;7121399;410;0
147;18;336;19;46;53;99;3.60;3;1;1;82;0;7121399;360;0
147;18;336;19;46;53;99;3.20;6;2;1;76;0;7121399;97;0
147;18;336;19;46;56;27;4.40;2;1;1;83;0;7121627;311;0
147;18;336;19;46;56;27;3.40;3;1;1;86;0;7121627;212;0
147;18;336;19;46;57;72;3.80;3;1;1;78;0;7121772;130;0
147;18;336;19;46;58;99;4.00;4;1;1;82;0;7121899;482;0
147;18;336;19;46;59;44;4.00;6;2;1;79;0;7121944;529;0
147;18;336;19;46;59;44;3.80;3;1;1;71;0;7121944;154;0
147;18;336;19;47;0;94;3.60;2;1;1;83;0;7122094;447;0
147;18;336;19;47;0;99;4.60;7;2;1;82;0;7122099;1947;0
147;18;336;19;47;1;99;3.40;3;1;1;70;0;7122199;235;0
147;18;336;19;47;2;91;3.00;3;1;1;70;0;7122291;74;0
147;18;336;19;47;3;99;3.80;4;1;1;84;0;7122399;482;0
147;18;336;19;47;4;23;3.80;4;1;1;82;0;7122423;7;0
147;18;336;19;47;4;32;3.80;3;1;1;73;0;7122432;125;0
147;18;336;19;47;5;78;4.80;7;2;1;83;0;7122578;458;0
147;18;336;19;47;6;8;3.20;6;2;1;79;0;7122608;645;0
147;18;336;19;47;7;46;3.60;4;1;1;80;0;7122746;306;0
147;18;336;19;47;7;70;4.60;7;2;1;84;0;7122770;171;0
147;18;336;19;47;10;93;3.80;4;1;1;80;0;7123093;330;0
147;18;336;19;47;10;99;3.40;3;1;1;70;0;7123099;648;0
147;18;336;19;47;11;99;3.00;2;1;1;75;0;7123199;1089;0
147;18;336;19;47;12;5;3.20;6;2;1;67;0;7123205;582;0
147;18;336;19;47;12;12;4.20;3;1;1;73;0;7123212;95;0
147;18;336;19;47;13;92;3.80;8;2;1;65;0;7123392;7177;0
147;18;336;19;47;13;99;3.40;3;1;1;80;0;7123399;166;0
147;18;336;19;47;14;99;3.80;4;1;1;72;0;7123499;388;0
147;18;336;19;47;14;18;3.80;8;2;1;73;0;7123418;4;0
147;18;336;19;47;15;5;3.40;6;2;1;70;0;7123505;282;0
147;18;336;19;47;17;21;3.20;6;2;1;76;0;7123721;198;0
147;18;336;19;47;17;45;3.40;3;1;1;73;0;7123745;330;0
147;18;336;19;47;19;99;3.80;6;2;1;69;0;7123999;262;0
147;18;336;19;47;20;38;3.20;2;1;1;74;0;7124038;824;0
147;18;336;19;47;20;64;3.20;4;1;1;82;0;7124064;546;0
147;18;336;19;47;22;6;3.60;3;1;1;77;0;7124206;444;0
147;18;336;19;47;23;80;3.60;6;2;1;71;0;7124380;361;0
147;18;336;19;47;25;51;3.20;6;2;1;73;0;7124551;152;0
147;18;336;19;47;26;99;3.20;6;2;1;73;0;7124699;132;0
147;18;336;19;47;27;42;5.60;6;2;1;75;0;7124742;27;0
147;18;336;19;47;29;9;3.60;6;2;1;74;0;7124909;140;7124380
147;18;336;19;47;29;99;3.60;4;1;1;89;0;7124999;920;0
147;18;336;19;47;29;99;3.80;2;1;1;79;0;7124999;945;0
147;18;336;19;47;30;15;3.80;5;2;1;78;0;7125015;3799;0
147;18;336;19;47;30;26;3.20;3;1;1;84;0;7125026;803;0
147;18;336;19;47;31;10;3.80;6;2;1;76;0;7125110;183;7124380
147;18;336;19;47;33;73;3.80;3;1;1;79;0;7125373;333;0
147;18;336;19;47;34;18;3.40;5;2;1;80;0;7125418;385;0
147;18;336;19;47;36;2;3.80;7;2;1;81;0;7125602;2812;0
147;18;336;19;47;36;99;3.60;5;2;1;80;0;7125699;265;0
147;18;336;19;47;36;99;3.40;6;2;1;82;0;7125699;571;0
147;18;336;19;47;38;0;3.40;7;2;1;81;0;7125800;181;0
147;18;336;19;47;38;63;3.40;4;1;1;80;0;7125863;849;0
147;18;336;19;47;38;67;3.40;3;1;1;76;0;7125867;476;0
147;18;336;19;47;39;99;3.40;3;1;1;79;0;7125999;115;0
147;18;336;19;47;39;99;3.60;5;2;1;87;0;7125999;283;0
147;18;336;19;47;40;99;3.80;1;1;1;86;0;7126099;5614;0
147;18;336;19;47;40;2;4.00;8;2;1;76;0;7126002;2565;0
147;18;336;19;47;41;98;3.60;6;2;1;68;0;7126198;484;0
147;18;336;19;47;41;99;3.60;3;1;1;81;0;7126199;184;0
147;18;336;19;47;42;99;3.80;6;2;1;70;0;7126299;81;0
147;18;336;19;47;44;99;3.40;6;2;1;73;0;7126499;180;0
147;18;336;19;47;45;99;3.60;3;1;1;74;0;7126599;384;0
147;18;336;19;47;46;99;3.80;1;1;1;75;0;7126699;584;0
147;18;336;19;47;46;99;3.60;8;2;1;84;0;7126699;678;0
147;18;336;19;47;47;99;4.20;2;1;1;72;0;7126799;1782;0
147;18;336;19;47;48;67;4.00;7;2;1;82;0;7126867;1051;0
147;18;336;19;47;48;88;3.40;3;1;1;75;0;7126888;271;0
147;18;336;19;47;49;99;3.80;2;1;1;72;0;7126999;179;0
147;18;336;19;47;49;99;3.80;4;1;1;90;0;7126999;1120;0
147;18;336;19;47;50;38;3.20;4;1;1;89;0;7127038;23;0
147;18;336;19;47;51;23;3.20;2;1;1;78;0;7127123;105;0
147;18;336;19;47;51;77;4.40;3;1;1;67;0;7127177;272;0
147;18;336;19;47;52;99;3.80;1;1;1;75;0;7127299;581;0
147;18;336;19;47;53;25;3.80;6;2;1;90;0;7127325;809;0
147;18;336;19;47;53;27;3.80;8;2;1;78;0;7127327;612;0
147;18;336;19;47;55;99;4.60;5;2;1;87;0;7127599;1585;0
147;18;336;19;47;55;2;5.20;2;1;1;81;0;7127502;364;0
147;18;336;19;47;56;76;3.40;6;2;1;76;0;7127676;335;0
147;18;336;19;47;56;99;3.60;3;1;1;78;0;7127699;498;0
147;18;336;19;47;58;16;3.40;6;2;1;78;0;7127816;123;0
147;18;336;19;47;58;57;3.40;8;2;1;74;0;7127857;512;0
147;18;336;19;47;59;99;3.40;2;1;1;77;0;7127999;473;0
147;18;336;19;48;0;3;5.00;7;2;1;81;0;7128003;1118;0
147;18;336;19;48;0;99;3.60;6;2;1;75;0;7128099;267;0
147;18;336;19;48;3;99;3.80;6;2;1;73;0;7128399;282;0
147;18;336;19;48;3;99;3.80;5;2;1;83;0;7128399;780;0
147;18;336;19;48;4;75;3.40;1;1;1;65;0;7128475;1157;0
147;18;336;19;48;4;99;3.60;6;2;1;75;0;7128499;81;0
147;18;336;19;48;4;99;3.80;5;2;1;80;0;7128499;83;0
147;18;336;19;48;5;5;3.60;7;2;1;79;0;7128505;479;0
147;18;336;19;48;5;99;3.80;3;1;1;83;0;7128599;883;0
147;18;336;19;48;5;99;4.20;6;2;1;76;0;7128599;82;0
147;18;336;19;48;7;99;3.80;5;2;1;84;0;7128799;282;0
147;18;336;19;48;8;7;4.00;1;1;1;82;0;7128807;313;0
147;18;336;19;48;10;17;3.80;7;2;1;80;0;7129017;495;0
147;18;336;19;48;10;29;3.60;4;1;1;89;0;7129029;1978;0
147;18;336;19;48;11;60;3.60;3;1;1;71;0;7129160;544;0
147;18;336;19;48;12;99;3.60;4;1;1;82;0;7129299;255;0
147;18;336;19;48;14;55;5.80;7;2;1;75;0;7129455;420;0
147;18;336;19;48;16;38;4.00;1;1;1;70;0;7129638;813;0
147;18;336;19;48;17;99;3.40;4;1;1;79;0;7129799;484;0
147;18;336;19;48;18;12;3.00;2;1;1;72;0;7129812;1797;0
147;18;336;19;48;19;12;3.40;3;1;1;73;0;7129912;733;0
147;18;336;19;48;19;99;3.80;6;2;1;82;0;7129999;1380;0
147;18;336;19;48;20;99;3.60;7;2;1;81;0;7130099;616;0
147;18;336;19;48;21;29;3.60;8;2;1;85;0;7130129;2255;0
147;18;336;19;48;21;17;3.40;6;2;1;68;0;7130117;101;0
147;18;336;19;48;23;5;3.80;7;2;1;81;0;7130305;190;0
147;18;336;19;48;23;7;3.00;6;2;1;70;0;7130307;172;0
147;18;336;19;48;23;9;3.20;3;1;1;71;0;7130309;380;0
147;18;336;19;48;23;10;3.40;2;1;1;76;0;7130310;483;0
147;18;336;19;48;24;64;4.40;8;2;1;81;0;7130464;319;0
147;18;336;19;48;25;99;3.40;2;1;1;74;0;7130599;272;0
147;18;336;19;48;26;99;3.20;3;1;1;80;0;7130699;373;0
147;18;336;19;48;26;24;3.00;6;2;1;69;0;7130624;301;0
147;18;336;19;48;28;99;3.60;6;2;1;71;0;7130899;259;0
147;18;336;19;48;28;99;3.40;4;1;1;84;0;7130899;1084;0
147;18;336;19;48;29;75;3.80;3;1;1;84;0;7130975;261;0
147;18;336;19;48;30;12;3.40;6;2;1;73;0;7131012;94;0
147;18;336;19;48;30;99;3.80;5;2;1;81;0;7131099;2283;0
147;18;336;19;48;31;3;3.80;2;1;1;84;0;7131103;487;0
147;18;336;19;48;31;24;3.00;6;2;1;76;0;7131124;95;0
147;18;336;19;48;32;99;3.80;6;2;1;76;0;7131299;160;0
147;18;336;19;48;33;99;4.40;5;2;1;83;0;7131399;283;0
147;18;336;19;48;35;99;3.60;4;1;1;91;0;7131599;685;0
147;18;336;19;48;36;1;4.80;3;1;1;78;0;7131601;609;0
147;18;336;19;48;38;1;3.80;3;1;1;79;0;7131801;177;0
147;18;336;19;48;38;18;3.60;7;2;1;86;0;7131818;1496;0
147;18;336;19;48;39;21;3.00;6;2;1;74;0;7131921;604;0
147;18;336;19;48;39;73;3.80;3;1;1;79;0;7131973;154;0
147;18;336;19;48;40;99;3.00;6;2;1;75;0;7132099;163;0
147;18;336;19;48;41;99;3.60;2;1;1;84;0;7132199;1079;0
147;18;336;19;48;41;18;3.80;6;2;1;75;0;7132118;4;0
147;18;336;19;48;42;47;4.00;7;2;1;81;0;7132247;413;0
147;18;336;19;48;42;52;15.80;3;1;4;77;0;7132252;261;0
147;18;336;19;48;43;20;3.60;1;1;1;81;0;7132320;2661;0
147;18;336;19;48;43;99;3.80;5;2;1;79;0;7132399;980;0
147;18;336;19;48;43;99;3.80;2;1;1;83;0;7132399;184;0
147;18;336;19;48;44;2;3.40;7;2;1;75;0;7132402;137;0
147;18;336;19;48;46;4;3.40;5;2;1;81;0;7132604;187;0
147;18;336;19;48;46;11;4.40;6;2;1;72;0;7132611;474;0
147;18;336;19;48;46;0;3.20;2;1;1;77;0;7132600;184;0
147;18;336;19;48;47;17;3.60;4;1;1;81;0;7132717;1103;0
147;18;336;19;48;47;19;3.40;7;2;1;72;0;7132719;300;0
147;18;336;19;48;47;84;3.60;1;1;1;81;0;7132784;448;0
147;18;336;19;48;48;99;3.80;7;2;1;73;0;7132899;163;0
147;18;336;19;48;48;99;3.20;5;2;1;74;0;7132899;279;0
147;18;336;19;48;48;99;3.40;3;1;1;75;0;7132899;573;0
147;18;336;19;48;49;99;3.40;6;2;1;69;0;7132999;366;0
147;18;336;19;48;51;99;3.80;6;2;1;65;0;7133199;182;0
147;18;336;19;48;52;22;3.20;6;2;1;65;0;7133222;1;0
147;18;336;19;48;53;99;4.20;6;2;1;70;0;7133399;159;0
147;18;336;19;48;54;8;4.00;5;2;1;83;0;7133408;493;0
147;18;336;19;48;55;15;3.80;2;1;1;79;0;7133515;900;0
147;18;336;19;48;56;17;3.80;8;2;1;78;0;7133617;3133;0
147;18;336;19;48;54;7;4.00;7;2;1;16;0;7133407;489;0
147;18;336;19;48;56;99;3.80;3;1;1;72;0;7133699;783;0
147;18;336;19;48;57;31;3.60;2;1;1;74;0;7133731;198;0
147;18;336;19;48;57;45;3.00;6;2;1;77;0;7133745;324;0
147;18;336;19;48;58;99;3.80;5;2;1;86;0;7133899;473;0
147;18;336;19;48;59;5;3.40;3;1;1;77;0;7133905;187;0
147;18;336;19;49;0;0;4.00;4;1;1;87;0;7134000;1267;0
147;18;336;19;49;0;28;3.80;5;2;1;85;0;7134028;113;0
147;18;336;19;49;0;57;3.80;1;1;1;76;0;7134057;1257;0
147;18;336;19;49;0;88;3.40;6;2;1;73;0;7134088;328;0
147;18;336;19;49;1;19;3.60;3;1;1;78;0;7134119;198;0
147;18;336;19;49;2;40;4.40;6;2;1;75;0;7134240;135;0
147;18;336;19;49;2;43;4.00;3;1;1;76;0;7134243;107;0
147;18;336;19;49;3;99;3.60;8;2;1;80;0;7134399;764;0
147;18;336;19;49;3;99;3.80;6;2;1;76;0;7134399;137;0
147;18;336;19;49;4;99;3.20;3;1;1;74;0;7134499;237;0
147;18;336;19;49;5;85;3.40;3;1;1;79;0;7134585;70;0
147;18;336;19;49;6;11;3.60;5;2;1;83;0;7134611;566;0
147;18;336;19;49;6;22;4.20;7;2;1;81;0;7134622;1125;0
147;18;336;19;49;7;25;3.20;2;1;1;88;0;7134725;976;0
147;18;336;19;49;11;31;3.40;7;2;1;89;0;7135131;490;0
147;18;336;19;49;11;32;4.00;6;2;1;91;0;7135132;715;0
147;18;336;19;49;12;10;3.00;2;1;1;77;0;7135210;471;0
147;18;336;19;49;12;2;3.20;3;1;1;77;0;7135202;601;0
147;18;336;19;49;13;84;3.40;6;2;1;84;0;7135384;236;0
147;18;336;19;49;13;99;4.80;3;1;1;79;0;7135399;182;0
147;18;336;19;49;14;4;3.40;2;1;1;76;0;7135404;179;0
147;18;336;19;49;15;12;3.80;6;2;1;82;0;7135512;113;0
147;18;336;19;49;15;90;3.20;1;1;1;75;0;7135590;1515;0
147;18;336;19;49;15;88;3.60;7;2;1;76;0;7135588;443;0
147;18;336;19;49;17;4;4.00;6;2;1;85;0;7135704;175;0
147;18;336;19;49;19;12;3.60;3;1;1;80;0;7135912;491;0
147;18;336;19;49;20;2;4.80;2;1;1;75;0;7136002;581;0
147;18;336;19;49;20;67;3.40;6;2;1;84;0;7136067;346;0
147;18;336;19;49;20;67;3.60;2;1;1;74;0;7136067;41;0
147;18;336;19;49;21;99;3.60;6;2;1;76;0;7136199;117;0
147;18;336;19;49;22;11;3.80;2;1;1;76;0;7136211;126;0
147;18;336;19;49;23;25;3.20;7;2;1;82;0;7136325;719;0
147;18;336;19;49;23;99;3.60;6;2;1;74;0;7136399;182;0
147;18;336;19;49;24;94;11.00;2;1;3;75;0;7136494;265;0
147;18;336;19;49;27;99;3.80;2;1;1;76;0;7136799;252;0
147;18;336;19;49;27;99;3.20;4;1;1;80;0;7136799;2782;0
147;18;336;19;49;28;99;3.20;5;2;1;73;0;7136899;2272;0
147;18;336;19;49;29;99;3.40;6;2;1;65;0;7136999;582;0
147;18;336;19;49;30;19;3.40;2;1;1;74;0;7137019;202;0
147;18;336;19;49;31;99;3.80;8;2;1;65;0;7137199;2783;0
147;18;336;19;49;31;99;4.60;7;2;1;78;0;7137199;859;0
147;18;336;19;49;32;2;3.40;2;1;1;75;0;7137202;166;0
147;18;336;19;49;32;9;3.60;1;1;1;70;0;7137209;1603;0
147;18;336;19;49;33;12;4.00;1;1;1;73;0;7137312;84;0
147;18;336;19;49;33;55;4.00;2;1;1;78;0;7137355;136;0
147;18;336;19;49;34;99;4.60;3;1;1;82;0;7137499;1570;0
147;18;336;19;49;35;4;3.40;1;1;1;72;0;7137504;172;0
147;18;336;19;49;37;99;5.20;4;1;1;83;0;7137799;985;0
147;18;336;19;49;36;61;5.60;7;2;1;33;0;7137661;440;0
147;18;336;19;49;38;12;3.40;1;1;1;69;0;7137812;291;0
147;18;336;19;49;38;70;4.00;4;1;1;82;0;7137870;48;0
147;18;336;19;49;39;99;3.80;6;2;1;73;0;7137999;981;0
147;18;336;19;49;39;99;3.40;7;2;1;77;0;7137999;276;0
147;18;336;19;49;40;3;3.40;5;2;1;74;0;7138003;1088;0
147;18;336;19;49;41;83;3.80;6;2;1;71;0;7138183;165;0
147;18;336;19;49;43;10;3.60;2;1;1;77;0;7138310;936;0
147;18;336;19;49;43;21;3.00;5;2;1;80;0;7138321;301;0
147;18;336;19;49;43;17;3.60;6;2;1;72;0;7138317;114;0
147;18;336;19;49;43;68;3.60;7;2;1;70;0;7138368;353;0
147;18;336;19;49;44;99;3.80;8;2;1;90;0;7138499;1278;0
147;18;336;19;49;45;99;3.40;7;2;1;69;0;7138599;212;0
147;18;336;19;49;45;99;3.40;6;2;1;79;0;7138599;264;0
147;18;336;19;49;46;5;3.40;7;2;1;67;0;7138605;-1;0
147;18;336;19;49;46;61;3.40;3;1;1;79;0;7138661;1141;0
147;18;336;19;49;47;99;3.40;7;2;1;68;0;7138799;175;0
147;18;336;19;49;47;99;3.80;2;1;1;79;0;7138799;472;0
147;18;336;19;49;48;15;3.40;3;1;1;81;0;7138815;138;0
147;18;336;19;49;48;19;3.60;7;2;1;73;0;7138819;1;0
147;18;336;19;49;48;57;3.60;5;2;1;79;0;7138857;522;0
147;18;336;19;49;49;99;3.00;7;2;1;73;0;7138999;162;7132719
147;18;336;19;49;51;44;3.00;6;2;1;76;0;7139144;529;0
147;18;336;19;49;51;38;3.80;8;2;1;73;0;7139138;623;0
147;18;336;19;49;51;99;2.80;2;1;1;70;0;7139199;382;0
147;18;336;19;49;53;0;3.40;2;1;1;72;0;7139300;86;0
147;18;336;19;49;54;97;3.60;6;2;1;73;0;7139497;338;0
147;18;336;19;49;54;99;3.60;2;1;1;74;0;7139499;182;0
147;18;336;19;49;56;5;3.40;6;2;1;76;0;7139605;90;0
147;18;336;19;49;57;99;3.80;4;1;1;84;0;7139799;1911;0
147;18;336;19;49;57;99;4.00;2;1;1;77;0;7139799;282;0
147;18;336;19;49;58;99;4.20;4;1;1;83;0;7139899;83;0
147;18;336;19;49;59;90;3.80;4;1;1;78;0;7139990;72;0
147;18;336;19;50;0;99;5.80;6;2;1;71;0;7140099;477;0
147;18;336;19;50;1;48;3.60;4;1;1;81;0;7140148;140;0
147;18;336;19;50;2;99;3.40;3;1;1;75;0;7140299;1468;0
147;18;336;19;50;4;10;3.40;3;1;1;76;0;7140410;94;0
147;18;336;19;50;5;8;3.40;6;2;1;81;0;7140508;379;0
147;18;336;19;50;6;46;4.00;4;1;1;98;0;7140646;482;0
147;18;336;19;50;6;65;3.40;1;1;1;69;0;7140665;2835;0
147;18;336;19;50;8;99;3.80;1;1;1;70;0;7140899;216;0
147;18;336;19;50;9;89;4.00;3;1;1;82;0;7140989;562;0
147;18;336;19;50;9;99;3.60;6;2;1;79;0;7140999;475;0
147;18;336;19;50;10;99;3.40;5;2;1;84;0;7141099;2225;0
147;18;336;19;50;10;32;8.60;7;2;2;54;0;7141032;2018;0
147;18;336;19;50;11;16;3.60;5;2;1;91;0;7141116;2;0
147;18;336;19;50;12;99;3.20;7;2;1;80;0;7141299;209;0
147;18;336;19;50;14;86;3.20;5;2;1;86;0;7141486;355;0
147;18;336;19;50;15;99;3.40;7;2;1;80;0;7141599;285;0
147;18;336;19;50;16;41;3.60;3;1;1;83;0;7141641;634;0
147;18;336;19;50;19;51;4.40;2;1;1;75;0;7141951;2133;0
147;18;336;19;50;20;99;3.80;5;2;1;88;0;7142099;599;0
147;18;336;19;50;20;99;3.40;3;1;1;80;0;7142099;442;0
147;18;336;19;50;21;19;3.20;6;2;1;75;0;7142119;1103;0
147;18;336;19;50;22;99;3.20;2;1;1;72;0;7142299;326;0
147;18;336;19;50;23;99;3.40;6;2;1;73;0;7142399;264;0
147;18;336;19;50;25;99;3.60;2;1;1;83;0;7142599;284;0
147;18;336;19;50;25;99;3.00;6;2;1;76;0;7142599;183;0
147;18;336;19;50;26;99;3.60;3;1;1;80;0;7142699;584;0
147;18;336;19;50;26;99;3.40;4;1;1;77;0;7142699;2038;0
147;18;336;19;50;26;14;3.40;7;2;1;81;0;7142614;999;0
147;18;336;19;50;27;96;3.60;3;1;1;74;0;7142796;80;0
147;18;336;19;50;27;99;3.20;6;2;1;82;0;7142799;185;0
147;18;336;19;50;28;99;3.80;5;2;1;80;0;7142899;784;0
147;18;336;19;50;29;71;3.60;6;2;1;75;0;7142971;157;0
147;18;336;19;50;28;72;4.00;7;2;1;17;0;7142872;242;0
147;18;336;19;50;31;99;3.60;3;1;1;74;0;7143199;385;0
147;18;336;19;50;31;99;3.60;6;2;1;79;0;7143199;210;0
147;18;336;19;50;31;11;3.00;2;1;1;70;0;7143111;496;0
147;18;336;19;50;32;7;3.20;7;2;1;70;0;7143207;250;0
147;18;336;19;50;32;55;3.80;3;1;1;78;0;7143255;38;0
147;18;336;19;50;32;59;4.00;1;1;1;80;0;7143259;2340;0
147;18;336;19;50;34;12;3.80;1;1;1;81;0;7143412;135;0
147;18;336;19;50;34;99;5.20;7;2;1;56;0;7143499;275;0
147;18;336;19;50;35;99;3.40;2;1;1;83;0;7143599;472;0
147;18;336;19;50;36;99;3.60;6;2;1;80;0;7143699;483;0
147;18;336;19;50;37;70;3.80;6;2;1;81;0;7143770;54;0
147;18;336;19;50;37;99;3.80;7;2;1;83;0;7143799;266;0
147;18;336;19;50;39;26;3.40;6;2;1;80;0;7143926;139;0
147;18;336;19;50;40;98;4.80;6;2;1;79;0;7144098;156;0
147;18;336;19;50;41;16;3.80;8;2;1;80;0;7144116;4959;0
147;18;336;19;50;41;99;3.80;6;2;1;72;0;7144199;79;7143699
147;18;336;19;50;44;10;4.00;3;1;1;77;0;7144410;1137;0
147;18;336;19;50;45;98;3.40;6;2;1;87;0;7144598;380;0
147;18;336;19;50;47;46;3.20;7;2;1;80;0;7144746;930;0
147;18;336;19;50;49;7;3.00;6;2;1;77;0;7144907;294;0
147;18;336;19;50;50;99;3.80;6;2;1;82;0;7145099;177;0
147;18;336;19;50;51;99;3.60;3;1;1;68;0;7145199;770;0
147;18;336;19;50;52;21;3.40;4;1;1;83;0;7145221;2506;0
147;18;336;19;50;53;18;4.00;5;2;1;79;0;7145318;2401;0
147;18;336;19;50;53;99;3.80;3;1;1;76;0;7145399;180;0
147;18;336;19;50;55;83;3.80;6;2;1;74;0;7145583;467;0
147;18;336;19;50;56;25;3.60;7;2;1;81;0;7145625;864;0
147;18;336;19;50;59;99;3.60;5;2;1;80;0;7145999;662;0
147;18;336;19;51;3;81;15.00;3;1;4;68;0;7146381;964;0
147;18;336;19;51;4;99;3.60;6;2;1;64;0;7146499;897;0
147;18;336;19;51;4;99;6.80;5;2;1;77;0;7146499;483;0
147;18;336;19;51;5;15;3.60;8;2;1;73;0;7146515;2381;0
147;18;336;19;51;6;99;3.80;6;2;1;71;0;7146699;179;0
147;18;336;19;51;7;1;3.60;6;2;1;69;0;7146701;-1;0
147;18;336;19;51;8;99;3.80;3;1;1;73;0;7146899;438;0
147;18;336;19;51;10;8;3.20;6;2;1;74;0;7147008;288;0
147;18;336;19;51;10;40;3.40;3;1;1;72;0;7147040;122;0
147;18;336;19;51;11;99;4.80;7;2;1;76;0;7147199;1558;0
147;18;336;19;51;13;96;3.60;2;1;1;80;0;7147396;3782;0
147;18;336;19;51;15;6;3.40;7;2;1;73;0;7147506;284;0
147;18;336;19;51;15;29;3.60;6;2;1;78;0;7147529;505;0
147;18;336;19;51;16;20;3.40;3;1;1;81;0;7147620;563;0
147;18;336;19;51;17;99;3.40;6;2;1;81;0;7147799;253;0
147;18;336;19;51;18;17;3.40;3;1;1;74;0;7147817;181;0
147;18;336;19;51;19;99;3.20;3;1;1;74;0;7147999;165;0
147;18;336;19;51;19;99;4.00;4;1;1;82;0;7147999;2763;0
147;18;336;19;51;20;36;3.60;2;1;1;75;0;7148036;623;0
147;18;336;19;51;21;99;3.80;7;2;1;83;0;7148199;676;0
147;18;336;19;51;22;99;4.40;4;1;1;79;0;7148299;282;0
147;18;336;19;51;22;99;3.80;6;2;1;82;0;7148299;484;0
147;18;336;19;51;22;99;3.60;2;1;1;72;0;7148299;245;0
147;18;336;19;51;25;10;3.20;1;1;1;74;0;7148510;5081;0
147;18;336;19;51;25;99;3.60;4;1;1;76;0;7148599;279;0
147;18;336;19;51;26;2;3.60;3;1;1;81;0;7148602;587;0
147;18;336;19;51;27;99;5.00;6;2;1;72;0;7148799;483;0
147;18;336;19;51;27;99;3.60;3;1;1;72;0;7148799;181;0
147;18;336;19;51;28;54;3.80;6;2;1;68;0;7148854;30;0
147;18;336;19;51;29;99;3.80;1;1;1;71;0;7148999;473;0
147;18;336;19;51;29;99;3.20;8;2;1;73;0;7148999;2466;0
147;18;336;19;51;29;99;3.20;2;1;1;81;0;7148999;682;0
147;18;336;19;51;32;99;3.20;6;2;1;78;0;7149299;424;0
147;18;336;19;51;33;19;3.60;3;1;1;75;0;7149319;502;0
147;18;336;19;51;34;97;3.60;3;1;1;68;0;7149497;160;0
147;18;336;19;51;34;99;3.80;1;1;1;88;0;7149499;480;0
147;18;336;19;51;34;99;3.40;6;2;1;78;0;7149499;185;0
147;18;336;19;51;35;99;4.00;2;1;1;72;0;7149599;585;0
147;18;336;19;51;36;52;3.60;5;2;1;79;0;7149652;3121;0
147;18;336;19;51;37;28;3.60;4;1;1;86;0;7149728;1111;0
147;18;336;19;51;37;99;3.40;2;1;1;72;0;7149799;180;0
147;18;336;19;51;38;8;3.80;3;1;1;79;0;7149808;291;0
147;18;336;19;51;38;8;3.80;6;2;1;79;0;7149808;293;0
147;18;336;19;51;39;13;4.20;3;1;1;78;0;7149913;87;0
147;18;336;19;51;40;99;3.60;3;1;1;78;0;7150099;166;0
147;18;336;19;51;40;99;4.00;6;2;1;79;0;7150099;273;0
147;18;336;19;51;41;32;3.40;2;1;1;78;0;7150132;316;0
147;18;336;19;51;42;99;3.40;7;2;1;77;0;7150299;2083;0
147;18;336;19;51;45;99;3.60;2;1;1;80;0;7150599;451;0
147;18;336;19;51;45;99;3.40;3;1;1;83;0;7150599;483;0
147;18;336;19;51;45;99;4.00;5;2;1;87;0;7150599;930;0
147;18;336;19;51;45;99;3.20;1;1;1;76;0;7150599;1084;0
147;18;336;19;51;46;89;3.60;6;2;1;75;0;7150689;571;0
147;18;336;19;51;47;99;4.00;1;1;1;75;0;7150799;184;0
147;18;336;19;51;47;99;4.00;6;2;1;77;0;7150799;92;0
147;18;336;19;51;48;99;3.80;5;2;1;80;0;7150899;283;0
147;18;336;19;51;50;0;3.40;6;2;1;78;0;7151000;182;0
147;18;336;19;51;50;7;3.40;1;1;1;79;0;7151007;188;0
147;18;336;19;51;50;99;5.00;7;2;1;83;0;7151099;784;0
147;18;336;19;51;51;49;3.40;3;1;1;77;0;7151149;535;0
147;18;336;19;51;52;18;3.00;6;2;1;78;0;7151218;202;0
147;18;336;19;51;52;99;4.60;2;1;1;80;0;7151299;683;0
147;18;336;19;51;53;99;4.20;7;2;1;93;0;7151399;278;0
147;18;336;19;51;54;93;3.80;3;1;1;79;0;7151493;328;0
147;18;336;19;51;55;99;3.60;4;1;1;85;0;7151599;1855;0
147;18;336;19;51;56;5;3.80;6;2;1;77;0;7151605;373;0
147;18;336;19;51;56;30;3.40;3;1;1;87;0;7151630;119;0
147;18;336;19;51;57;11;3.20;2;1;1;77;0;7151711;391;0
147;18;336;19;51;58;99;4.60;6;2;1;84;0;7151899;276;0
147;18;336;19;52;1;8;3.80;4;1;1;77;0;7152108;493;0
147;18;336;19;52;1;99;3.20;3;1;1;76;0;7152199;554;0
147;18;336;19;52;1;50;3.40;1;1;1;71;0;7152150;1127;0
147;18;336;19;52;2;11;3.60;4;1;1;79;0;7152211;85;0
147;18;336;19;52;2;30;16.00;2;1;5;92;0;7152230;504;0
147;18;336;19;52;2;99;3.40;3;1;1;77;0;7152299;84;0
147;18;336;19;52;2;99;3.40;6;2;1;79;0;7152299;380;0
147;18;336;19;52;3;16;3.60;4;1;1;77;0;7152316;88;0
147;18;336;19;52;4;62;3.60;4;1;1;74;0;7152462;129;0
147;18;336;19;52;4;91;3.60;6;2;1;81;0;7152491;176;0
147;18;336;19;52;5;99;5.20;4;1;1;72;0;7152599;119;7152108
147;18;336;19;52;5;99;4.20;5;2;1;84;0;7152599;1682;0
147;18;336;19;52;5;99;3.40;7;2;1;86;0;7152599;1183;0
147;18;336;19;52;6;99;3.60;3;1;1;79;0;7152699;384;0
147;18;336;19;52;8;99;3.80;1;1;1;79;0;7152899;731;0
147;18;336;19;52;9;27;3.80;5;2;1;80;0;7152927;310;0
147;18;336;19;52;11;9;4.20;7;2;1;74;0;7153109;495;0
147;18;336;19;52;12;99;3.80;3;1;1;79;0;7153299;583;0
147;18;336;19;52;13;99;3.40;5;2;1;80;0;7153399;454;0
147;18;336;19;52;14;8;5.40;6;2;1;78;0;7153408;901;0
147;18;336;19;52;15;23;3.00;3;1;1;77;0;7153523;206;0
147;18;336;19;52;15;99;3.80;6;2;1;77;0;7153599;166;0
147;18;336;19;52;15;99;3.40;4;1;1;80;0;7153599;974;0
147;18;336;19;52;17;62;3.60;6;2;1;78;0;7153762;145;0
147;18;336;19;52;18;15;4.00;7;2;1;84;0;7153815;685;0
147;18;336;19;52;18;23;3.80;4;1;1;86;0;7153823;208;0
147;18;336;19;52;19;42;3.80;3;1;1;78;0;7153942;404;0
147;18;336;19;52;20;99;3.60;7;2;1;85;0;7154099;266;0
147;18;336;19;52;24;5;4.00;3;1;1;79;0;7154405;445;0
147;18;336;19;52;25;91;3.60;8;2;1;76;0;7154591;5576;0
147;18;336;19;52;26;4;3.60;5;2;1;83;0;7154604;1189;0
147;18;336;19;52;27;82;3.80;4;1;1;94;0;7154782;943;0
147;18;336;19;52;28;99;3.60;7;2;1;74;0;7154899;784;0
147;18;336;19;52;29;7;3.00;5;2;1;80;0;7154907;287;0
147;18;336;19;52;28;99;3.60;3;1;1;73;0;7154899;475;0
147;18;336;19;52;29;17;3.40;2;1;1;69;0;7154917;2624;0
147;18;336;19;52;30;1;3.40;6;2;1;76;0;7155001;1222;0
147;18;336;19;52;30;26;3.20;5;2;1;83;0;7155026;105;0
147;18;336;19;52;31;99;4.00;7;2;1;91;0;7155199;282;0
147;18;336;19;52;33;1;2.80;2;1;1;64;0;7155301;366;0
147;18;336;19;52;34;99;3.60;3;1;1;74;0;7155499;582;0
147;18;336;19;52;34;4;3.60;1;1;1;75;0;7155404;2487;0
147;18;336;19;52;34;9;3.60;8;2;1;79;0;7155409;800;0
147;18;336;19;52;34;25;4.80;5;2;1;86;0;7155425;385;0
147;18;336;19;52;35;68;3.80;2;1;1;74;0;7155568;251;0
147;18;336;19;52;36;23;3.60;6;2;1;86;0;7155623;605;0
147;18;336;19;52;37;31;3.40;6;2;1;79;0;7155731;92;0
147;18;336;19;52;37;43;3.20;3;1;1;75;0;7155743;226;0
147;18;336;19;52;39;99;3.80;6;2;1;86;0;7155999;252;0
147;18;336;19;52;41;99;3.60;3;1;1;79;0;7156199;440;0
147;18;336;19;52;42;18;3.40;6;2;1;91;0;7156218;203;0
147;18;336;19;52;43;99;3.60;4;1;1;86;0;7156399;1602;0
147;18;336;19;52;43;99;3.20;6;2;1;78;0;7156399;167;0
147;18;336;19;52;44;99;3.80;8;2;1;79;0;7156499;1073;0
147;18;336;19;52;45;8;3.00;1;1;1;72;0;7156508;1086;0
147;18;336;19;52;45;60;3.60;6;2;1;87;0;7156560;146;0
147;18;336;19;52;45;86;3.80;2;1;1;81;0;7156586;999;0
147;18;336;19;52;51;99;3.20;6;2;1;66;0;7157199;624;0
147;18;336;19;52;53;1;3.60;6;2;1;67;0;7157301;84;0
147;18;336;19;52;54;99;3.80;5;2;1;83;0;7157499;2053;0
147;18;336;19;52;55;21;3.80;6;2;1;68;0;7157521;200;0
147;18;336;19;52;56;99;3.40;5;2;1;87;0;7157699;183;0
147;18;336;19;52;56;99;3.40;7;2;1;79;0;7157699;2484;0
147;18;336;19;52;58;7;3.60;7;2;1;79;0;7157807;92;0
147;18;336;19;52;58;84;3.60;5;2;1;90;0;7157884;170;0
147;18;336;19;52;58;77;3.80;3;1;1;76;0;7157877;1661;0
147;18;336;19;52;58;99;3.40;6;2;1;69;0;7157899;357;0
147;18;336;19;52;59;99;3.60;5;2;1;83;0;7157999;100;0
147;18;336;19;52;59;99;4.20;4;1;1;77;0;7157999;1584;0
147;18;336;19;52;59;99;4.00;3;1;1;73;0;7157999;104;0
147;18;336;19;53;0;35;3.20;1;1;1;80;0;7158035;1512;0
147;18;336;19;53;1;18;4.00;1;1;1;77;0;7158118;68;0
147;18;336;19;53;1;99;3.20;3;1;1;64;0;7158199;180;0
147;18;336;19;53;2;99;3.40;3;1;1;62;0;7158299;82;0
147;18;336;19;53;2;99;3.80;4;1;1;75;0;7158299;280;0
147;18;336;19;53;3;99;3.80;4;1;1;74;0;7158399;81;0
147;18;336;19;53;3;99;3.80;3;1;1;73;0;7158399;80;7157877
147;18;336;19;53;3;98;3.40;2;1;1;66;0;7158398;1795;0
147;18;336;19;53;4;99;3.60;1;1;1;80;0;7158499;362;0
147;18;336;19;53;4;99;3.60;2;1;1;66;0;7158499;82;0
147;18;336;19;53;5;22;4.00;6;2;1;84;0;7158522;605;0
147;18;336;19;53;5;43;3.20;1;1;1;81;0;7158543;27;0
147;18;336;19;53;8;68;3.80;7;2;1;83;0;7158868;1044;0
147;18;336;19;53;9;99;4.00;5;2;1;85;0;7158999;984;0
147;18;336;19;53;9;99;3.20;6;2;1;79;0;7158999;459;0
147;18;336;19;53;10;7;4.00;3;1;1;76;0;7159007;589;0
147;18;336;19;53;10;22;3.80;5;2;1;86;0;7159022;6;0
147;18;336;19;53;11;99;3.60;6;2;1;80;0;7159199;185;0
147;18;336;19;53;13;57;3.60;7;2;1;80;0;7159357;472;0
147;18;336;19;53;13;69;3.00;3;1;1;72;0;7159369;343;0
147;18;336;19;53;14;0;3.80;6;2;1;86;0;7159400;184;0
147;18;336;19;53;16;65;3.20;6;2;1;76;0;7159665;249;0
147;18;336;19;53;18;8;3.40;3;1;1;77;0;7159808;424;0
147;18;336;19;53;18;59;4.00;5;2;1;78;0;7159859;821;0
147;18;336;19;53;19;20;3.20;6;2;1;74;0;7159920;239;0
147;18;336;19;53;19;99;3.40;5;2;1;76;0;7159999;121;0
147;18;336;19;53;21;71;3.80;3;1;1;89;0;7160171;347;0
147;18;336;19;53;23;53;3.20;6;2;1;71;0;7160353;417;0
147;18;336;19;53;24;10;3.40;3;1;1;80;0;7160410;223;0
147;18;336;19;53;25;11;3.40;1;1;1;75;0;7160511;1953;0
147;18;336;19;53;25;13;3.40;6;2;1;72;0;7160513;143;0
147;18;336;19;53;25;99;3.80;4;1;1;85;0;7160599;2181;0
147;18;336;19;53;25;99;3.20;2;1;1;81;0;7160599;2080;0
147;18;336;19;53;27;18;3.60;3;1;1;80;0;7160718;292;0
147;18;336;19;53;27;99;4.00;8;2;1;85;0;7160799;4282;0
147;18;336;19;53;27;99;2.80;1;1;1;63;0;7160799;271;0
147;18;336;19;53;27;99;3.40;6;2;1;78;0;7160799;269;0
147;18;336;19;53;29;91;3.60;2;1;1;73;0;7160991;377;0
147;18;336;19;53;29;99;3.60;7;2;1;83;0;7160999;1625;0
147;18;336;19;53;29;99;6.40;1;1;1;78;0;7160999;184;0
147;18;336;19;53;30;99;3.40;3;1;1;85;0;7161099;364;0
147;18;336;19;53;30;99;3.40;6;2;1;66;0;7161099;284;0
147;18;336;19;53;31;37;4.00;2;1;1;85;0;7161137;128;0
147;18;336;19;53;32;99;4.00;3;1;1;83;0;7161299;185;0
147;18;336;19;53;32;99;3.60;6;2;1;63;0;7161299;181;0
147;18;336;19;53;33;99;3.80;5;2;1;82;0;7161399;1383;0
147;18;336;19;53;33;99;3.20;6;2;1;64;0;7161399;79;0
147;18;336;19;53;33;13;12.40;7;2;2;78;0;7161313;298;0
147;18;336;19;53;34;13;3.80;3;1;1;79;0;7161413;96;0
147;18;336;19;53;34;99;4.40;6;2;1;67;0;7161499;82;0
147;18;336;19;53;36;64;3.40;6;2;1;68;0;7161664;141;7161099
147;18;336;19;53;37;99;3.60;2;1;1;82;0;7161799;645;0
147;18;336;19;53;37;99;3.60;8;2;1;72;0;7161799;983;0
147;18;336;19;53;40;99;3.40;6;2;1;74;0;7162099;417;0
147;18;336;19;53;40;99;3.60;8;2;1;73;0;7162099;282;0
147;18;336;19;53;41;36;3.40;2;1;1;72;0;7162136;321;0
147;18;336;19;53;42;12;3.80;5;2;1;86;0;7162212;796;0
147;18;336;19;53;42;99;3.60;6;2;1;74;0;7162299;183;0
147;18;336;19;53;43;99;3.60;6;2;1;76;0;7162399;82;0
147;18;336;19;53;45;99;3.80;6;2;1;75;0;7162599;182;0
147;18;336;19;53;50;7;3.40;7;2;1;73;0;7163007;1636;0
147;18;336;19;53;52;99;3.60;6;2;1;78;0;7163299;681;0
147;18;336;19;53;53;1;3.60;4;1;1;84;0;7163301;2685;0
147;18;336;19;53;53;99;4.20;8;2;1;80;0;7163399;1282;0
147;18;336;19;53;55;4;3.40;6;2;1;74;0;7163504;188;0
147;18;336;19;53;55;99;3.00;2;1;1;71;0;7163599;1446;0
147;18;336;19;53;56;99;3.40;6;2;1;81;0;7163699;178;0
147;18;336;19;53;56;99;3.60;3;1;1;62;0;7163699;2268;0
147;18;336;19;53;57;26;3.20;6;2;1;77;0;7163726;11;0
147;18;336;19;53;57;73;3.80;1;1;1;83;0;7163773;2744;0
147;18;336;19;53;58;99;3.60;8;2;1;79;0;7163899;481;0
147;18;336;19;53;59;22;3.40;7;2;1;72;0;7163922;898;0
147;18;336;19;53;59;61;3.20;2;1;1;67;0;7163961;346;0
147;18;336;19;54;0;2;3.20;1;1;1;80;0;7164002;212;0
147;18;336;19;54;0;9;3.80;7;2;1;69;0;7164009;70;0
147;18;336;19;54;0;99;3.60;6;2;1;79;0;7164099;358;0
147;18;336;19;54;0;99;3.60;3;1;1;67;0;7164099;379;0
147;18;336;19;54;0;99;3.80;8;2;1;78;0;7164099;183;0
147;18;336;19;54;0;99;4.00;5;2;1;86;0;7164099;1871;0
147;18;336;19;54;3;99;3.20;2;1;1;84;0;7164399;420;0
147;18;336;19;54;4;39;3.00;5;2;1;81;0;7164439;323;0
147;18;336;19;54;4;52;3.60;3;1;1;69;0;7164452;333;0
147;18;336;19;54;4;73;12.40;8;2;3;78;0;7164473;356;0
147;18;336;19;54;5;99;4.00;6;2;1;66;0;7164599;483;0
147;18;336;19;54;5;99;3.60;4;1;1;85;0;7164599;1282;0
147;18;336;19;54;5;22;4.40;7;2;1;34;0;7164522;493;0
147;18;336;19;54;6;99;3.80;4;1;1;85;0;7164699;84;0
147;18;336;19;54;7;78;4.60;6;2;1;83;0;7164778;157;0
147;18;336;19;54;7;91;5.80;3;1;1;72;0;7164791;320;0
147;18;336;19;54;8;99;4.00;2;1;1;80;0;7164899;486;0
147;18;336;19;54;8;99;3.40;1;1;1;68;0;7164899;882;0
147;18;336;19;54;9;6;3.80;3;1;1;70;0;7164906;86;0
147;18;336;19;54;10;11;3.60;2;1;1;81;0;7165011;94;0
147;18;336;19;54;10;7;3.80;6;2;1;77;0;7165007;209;0
147;18;336;19;54;10;99;3.00;3;1;1;73;0;7165099;173;0
147;18;336;19;54;11;99;3.80;2;1;1;80;0;7165199;172;0
147;18;336;19;54;12;50;3.80;5;2;1;81;0;7165250;797;0
147;18;336;19;54;13;11;3.40;4;1;1;79;0;7165311;595;0
147;18;336;19;54;13;99;3.60;3;1;1;69;0;7165399;285;0
147;18;336;19;54;14;9;4.40;8;2;1;87;0;7165409;878;0
147;18;336;19;54;14;14;2.60;6;2;1;77;0;7165414;389;0
147;18;336;19;54;16;24;3.00;3;1;1;74;0;7165624;206;0
147;18;336;19;54;16;99;3.40;6;2;1;79;0;7165699;272;0
147;18;336;19;54;18;15;3.80;6;2;1;83;0;7165815;100;0
147;18;336;19;54;19;22;3.80;2;1;1;79;0;7165922;705;0
147;18;336;19;54;20;99;3.80;6;2;1;78;0;7166099;267;0
147;18;336;19;54;22;41;3.60;2;1;1;77;0;7166241;301;0
147;18;336;19;54;24;99;3.80;3;1;1;79;0;7166499;860;0
147;18;336;19;54;24;99;4.00;5;2;1;84;0;7166499;1232;0
147;18;336;19;54;25;58;5.00;7;2;1;85;0;7166558;1989;0
147;18;336;19;54;25;99;3.40;5;2;1;87;0;7166599;82;0
147;18;336;19;54;25;96;3.40;6;2;1;79;0;7166596;479;0
147;18;336;19;54;27;11;5.60;8;2;1;80;0;7166711;1283;0
147;18;336;19;54;27;37;3.60;4;1;1;79;0;7166737;1410;0
147;18;336;19;54;27;57;3.80;1;1;1;72;0;7166757;1840;0
147;18;336;19;54;28;99;3.40;6;2;1;80;0;7166899;287;0
147;18;336;19;54;29;1;3.60;1;1;1;76;0;7166901;125;0
147;18;336;19;54;29;9;2.80;2;1;1;66;0;7166909;651;0
147;18;336;19;54;29;99;3.80;3;1;1;74;0;7166999;482;0
147;18;336;19;54;31;99;3.60;5;2;1;79;0;7167199;585;0
147;18;336;19;54;32;99;3.60;6;2;1;70;0;7167299;384;0
147;18;336;19;54;33;93;4.00;3;1;1;77;0;7167393;375;0
147;18;336;19;54;33;99;4.00;5;2;1;84;0;7167399;183;0
147;18;336;19;54;34;99;4.00;5;2;1;84;0;7167499;82;0
147;18;336;19;54;37;99;3.80;3;1;1;75;0;7167799;387;0
147;18;336;19;54;41;6;3.40;7;2;1;79;0;7168106;1526;0
147;18;336;19;54;41;99;3.60;6;2;1;80;0;7168199;881;0
147;18;336;19;54;42;99;3.40;3;1;1;85;0;7168299;481;0
147;18;336;19;54;45;65;3.80;8;2;1;77;0;7168565;1828;0
147;18;336;19;54;46;99;3.80;6;2;1;79;0;7168699;483;0
147;18;336;19;54;47;99;3.40;6;2;1;74;0;7168799;82;0
147;18;336;19;54;50;46;3.60;1;1;1;75;0;7169046;2127;0
147;18;336;19;54;52;99;3.80;1;1;1;72;0;7169299;235;0
147;18;336;19;54;53;76;3.40;6;2;1;82;0;7169376;560;0
147;18;336;19;54;55;0;3.60;7;2;1;76;0;7169500;1378;0
147;18;336;19;54;54;99;3.80;4;1;1;80;0;7169499;2745;0
147;18;336;19;54;54;99;3.60;7;2;1;75;0;7169499;-1;0
147;18;336;19;54;55;99;3.80;5;2;1;83;0;7169599;2082;0
147;18;336;19;54;56;4;3.40;2;1;1;70;0;7169604;2679;0
147;18;336;19;54;57;99;3.80;6;2;1;78;0;7169799;408;0
147;18;336;19;54;57;99;3.20;1;1;1;80;0;7169799;481;0
147;18;336;19;54;58;17;3.80;8;2;1;81;0;7169817;1234;0
147;18;336;19;54;58;20;3.80;7;2;1;75;0;7169820;303;0
147;18;336;19;54;58;55;3.40;5;2;1;88;0;7169855;239;0
147;18;336;19;55;0;7;3.60;8;2;1;70;0;7170007;173;0
147;18;336;19;55;1;15;3.60;6;2;1;77;0;7170115;298;0
147;18;336;19;54;59;89;4.00;7;2;1;19;0;7169989;150;0
147;18;336;19;55;2;99;3.60;7;2;1;84;0;7170299;234;0
147;18;336;19;55;2;99;3.00;6;2;1;74;0;7170299;167;0
147;18;336;19;55;3;32;3.80;2;1;1;81;0;7170332;710;0
147;18;336;19;55;4;99;4.60;4;1;1;78;0;7170499;982;0
147;18;336;19;55;4;99;3.40;3;1;1;78;0;7170499;2185;0
147;18;336;19;55;3;86;4.00;7;2;1;15;0;7170386;71;0
147;18;336;19;55;7;22;3.40;3;1;1;80;0;7170722;207;0
147;18;336;19;55;8;18;3.60;6;2;1;78;0;7170818;504;0
147;18;336;19;55;8;10;3.40;5;2;1;78;0;7170810;941;0
147;18;336;19;55;9;99;3.60;5;2;1;81;0;7170999;173;0
147;18;336;19;55;10;6;3.80;6;2;1;78;0;7171006;171;0
147;18;336;19;55;11;69;3.20;7;2;1;83;0;7171169;687;0
147;18;336;19;55;11;88;3.80;3;1;1;70;0;7171188;450;0
147;18;336;19;55;12;99;3.00;2;1;1;63;0;7171299;950;0
147;18;336;19;55;13;8;3.60;6;2;1;79;0;7171308;284;0
147;18;336;19;55;13;13;3.80;1;1;1;74;0;7171313;1499;0
147;18;336;19;55;13;34;3.20;4;1;1;75;0;7171334;813;0
147;18;336;19;55;14;99;3.40;6;2;1;77;0;7171499;174;0
147;18;336;19;55;14;99;3.40;3;1;1;70;0;7171499;291;0
147;18;336;19;55;15;99;3.80;2;1;1;73;0;7171599;282;0
147;18;336;19;55;15;99;3.20;3;1;1;70;0;7171599;82;0
147;18;336;19;55;16;95;5.00;7;2;1;80;0;7171695;512;0
147;18;336;19;55;16;99;4.00;8;2;1;72;0;7171699;1673;0
147;18;336;19;55;17;99;3.20;6;2;1;80;0;7171799;284;0
147;18;336;19;55;18;23;3.00;4;1;1;81;0;7171823;473;0
147;18;336;19;55;19;11;3.80;3;1;1;74;0;7171911;295;0
147;18;336;19;55;20;99;3.80;6;2;1;77;0;7172099;285;0
147;18;336;19;55;21;46;3.40;6;2;1;82;0;7172146;29;0
147;18;336;19;55;23;1;3.40;6;2;1;79;0;7172301;140;0
147;18;336;19;55;25;99;4.00;3;1;1;65;0;7172599;669;0
147;18;336;19;55;24;61;10.00;7;2;2;52;0;7172461;743;0
147;18;336;19;55;26;9;3.60;2;1;1;66;0;7172609;991;0
147;18;336;19;55;27;99;4.40;3;1;1;72;0;7172799;177;0
147;18;336;19;55;28;99;3.40;2;1;1;76;0;7172899;270;0
147;18;336;19;55;30;19;3.40;7;2;1;78;0;7173019;488;0
147;18;336;19;55;30;99;3.80;3;1;1;79;0;7173099;278;0
147;18;336;19;55;30;99;3.60;6;2;1;80;0;7173099;782;0
147;18;336;19;55;33;99;3.60;6;2;1;80;0;7173399;283;0
147;18;336;19;55;34;77;3.40;5;2;1;77;0;7173477;2462;0
147;18;336;19;55;34;76;3.20;6;2;1;76;0;7173476;60;0
147;18;336;19;55;35;12;3.60;7;2;1;77;0;7173512;477;0
147;18;336;19;55;35;99;3.60;5;2;1;78;0;7173599;106;0
147;18;336;19;55;36;39;3.80;6;2;1;77;0;7173639;147;0
147;18;336;19;55;37;8;3.40;3;1;1;77;0;7173708;591;0
147;18;336;19;55;37;99;3.60;5;2;1;82;0;7173799;183;0
147;18;336;19;55;37;99;3.40;2;1;1;81;0;7173799;883;0
147;18;336;19;55;38;21;4.00;5;2;1;81;0;7173821;6;0
147;18;336;19;55;38;99;3.80;7;2;1;82;0;7173899;370;0
147;18;336;19;55;39;17;3.60;5;2;1;84;0;7173917;78;7173477
147;18;336;19;55;39;15;3.60;7;2;1;76;0;7173915;-1;7173477
147;18;336;19;55;39;65;3.40;4;1;1;81;0;7173965;2128;0
147;18;336;19;55;41;0;3.20;3;1;1;75;0;7174100;376;0
147;18;336;19;55;41;13;5.40;8;2;1;79;0;7174113;2394;0
147;18;336;19;55;42;99;3.80;7;2;1;84;0;7174299;366;0
147;18;336;19;55;43;99;3.80;3;1;1;75;0;7174399;283;0
147;18;336;19;55;43;99;4.00;4;1;1;78;0;7174399;418;0
147;18;336;19;55;44;2;4.00;8;2;1;87;0;7174402;264;0
147;18;336;19;55;44;17;3.60;6;2;1;83;0;7174417;760;0
147;18;336;19;55;45;99;3.20;6;2;1;80;0;7174599;166;0
147;18;336;19;55;46;14;4.00;5;2;1;86;0;7174614;681;0
147;18;336;19;55;47;81;3.80;7;2;1;79;0;7174781;465;0
147;18;336;19;55;48;99;3.60;6;2;1;77;0;7174899;285;0
147;18;336;19;55;51;99;3.60;7;2;1;83;0;7175199;400;0
147;18;336;19;55;52;61;3.00;6;2;1;75;0;7175261;345;0
147;18;336;19;55;54;13;4.00;5;2;1;81;0;7175413;782;0
147;18;336;19;55;54;35;3.80;6;2;1;77;0;7175435;159;0
147;18;336;19;55;54;48;3.60;2;1;1;78;0;7175448;1633;0
147;18;336;19;55;55;22;3.60;8;2;1;74;0;7175522;1103;0
147;18;336;19;55;56;13;3.20;6;2;1;82;0;7175613;160;0
147;18;336;19;55;56;99;3.60;5;2;1;84;0;7175699;268;0
147;18;336;19;55;57;50;3.80;2;1;1;79;0;7175750;285;0
147;18;336;19;55;58;99;3.20;3;1;1;75;0;7175899;1481;0
147;18;336;19;55;58;99;3.80;6;2;1;70;0;7175899;271;0
147;18;336;19;55;58;99;3.80;5;2;1;81;0;7175899;184;0
147;18;336;19;55;59;18;3.60;7;2;1;80;0;7175918;703;0
147;18;336;19;55;59;22;3.80;6;2;1;71;0;7175922;3;0
147;18;336;19;56;0;99;4.60;8;2;1;72;0;7176099;559;0
147;18;336;19;56;2;60;3.60;6;2;1;79;0;7176260;318;0
147;18;336;19;56;2;68;3.60;3;1;1;77;0;7176268;353;0
147;18;336;19;56;2;94;4.00;7;2;1;89;0;7176294;359;0
147;18;336;19;56;4;99;4.00;3;1;1;80;0;7176499;214;0
147;18;336;19;56;4;99;3.20;6;2;1;76;0;7176499;222;0
147;18;336;19;56;7;38;3.80;2;1;1;86;0;7176738;970;0
147;18;336;19;56;10;12;3.60;6;2;1;77;0;7177012;497;0
147;18;336;19;56;11;0;3.20;2;1;1;82;0;7177100;346;0
147;18;336;19;56;11;99;3.60;7;2;1;83;0;7177199;888;0
147;18;336;19;56;12;24;3.60;7;2;1;74;0;7177224;9;0
147;18;336;19;56;13;99;3.20;7;2;1;74;0;7177399;157;0
147;18;336;19;56;13;99;4.00;6;2;1;81;0;7177399;370;0
147;18;336;19;56;14;99;3.40;7;2;1;77;0;7177499;84;0
147;18;336;19;56;15;88;3.40;7;2;1;76;0;7177588;73;7177199
147;18;336;19;56;16;99;7.00;3;1;6;76;0;7177699;1182;0
147;18;336;19;56;18;27;3.40;7;2;1;81;0;7177827;222;0
147;18;336;19;56;18;26;4.00;6;2;1;80;0;7177826;409;0
147;18;336;19;56;20;23;3.60;7;2;1;86;0;7178023;180;0
147;18;336;19;56;20;14;3.60;3;1;1;72;0;7178014;281;0
147;18;336;19;56;21;99;3.40;4;1;1;80;0;7178199;3781;0
147;18;336;19;56;21;99;3.60;3;1;1;69;0;7178199;167;0
147;18;336;19;56;21;99;4.00;2;1;1;69;0;7178199;1084;0
147;18;336;19;56;23;5;3.20;6;2;1;81;0;7178305;461;0
147;18;336;19;56;23;2;3.80;3;1;1;67;0;7178302;84;0
147;18;336;19;56;23;99;3.60;7;2;1;94;0;7178399;360;0
147;18;336;19;56;23;99;3.60;4;1;1;80;0;7178399;184;0
147;18;336;19;56;24;5;3.40;3;1;1;72;0;7178405;82;0
147;18;336;19;56;24;99;3.80;3;1;1;72;0;7178499;77;7178014
147;18;336;19;56;25;68;4.00;4;1;1;74;0;7178568;152;7178014
147;18;336;19;56;26;21;3.60;3;1;1;74;0;7178621;103;7178014
147;18;336;19;56;27;8;3.80;7;2;1;93;0;7178708;295;0
147;18;336;19;56;27;33;3.80;4;1;1;77;0;7178733;145;0
147;18;336;19;56;30;5;3.40;2;1;1;77;0;7179005;785;0
147;18;336;19;56;30;67;3.40;3;1;1;79;0;7179067;428;0
147;18;336;19;56;31;99;3.40;2;1;1;75;0;7179199;178;0
147;18;336;19;56;33;14;3.40;6;2;1;81;0;7179314;994;0
147;18;336;19;56;33;66;3.60;5;2;1;87;0;7179366;3450;0
147;18;336;19;56;34;0;3.20;2;1;1;79;0;7179400;184;0
147;18;336;19;56;34;18;3.80;6;2;1;90;0;7179418;88;0
147;18;336;19;56;34;99;4.00;8;2;1;76;0;7179499;3377;0
147;18;336;19;56;36;99;3.60;7;2;1;75;0;7179699;976;0
147;18;336;19;56;36;99;5.60;6;2;1;76;0;7179699;265;0
147;18;336;19;56;37;1;3.80;8;2;1;75;0;7179701;183;0
147;18;336;19;56;39;6;3.40;8;2;1;76;0;7179906;186;0
147;18;336;19;56;39;10;3.40;2;1;1;71;0;7179910;495;0
147;18;336;19;56;40;15;3.80;4;1;1;81;0;7180015;1264;0
147;18;336;19;56;40;12;3.60;3;1;1;75;0;7180012;929;0
147;18;336;19;56;40;47;3.60;4;1;1;84;0;7180047;15;0
147;18;336;19;56;41;20;3.00;1;1;1;74;0;7180120;8788;0
147;18;336;19;56;41;17;3.40;6;2;1;73;0;7180117;391;0
147;18;336;19;56;41;99;3.00;8;2;1;73;0;7180199;276;0
147;18;336;19;56;42;99;3.60;6;2;1;70;0;7180299;165;0
147;18;336;19;56;44;99;3.00;6;2;1;70;0;7180499;181;0
147;18;336;19;56;44;99;3.20;2;1;1;79;0;7180499;571;0
147;18;336;19;56;46;4;3.80;6;2;1;78;0;7180604;89;0
147;18;336;19;56;47;99;3.00;3;1;1;75;0;7180799;769;0
147;18;336;19;56;48;19;3.40;4;1;1;80;0;7180819;756;0
147;18;336;19;56;49;99;2.80;3;1;1;70;0;7180999;185;0
147;18;336;19;56;50;17;3.80;3;1;1;75;0;7181017;3;0
147;18;336;19;56;50;33;3.80;5;2;1;81;0;7181033;1652;0
147;18;336;19;56;51;78;3.80;2;1;1;78;0;7181178;664;0
147;18;336;19;56;52;7;3.40;4;1;1;76;0;7181207;372;0
147;18;336;19;56;53;8;3.60;2;1;1;80;0;7181308;112;0
147;18;336;19;56;53;71;3.60;5;2;1;79;0;7181371;321;0
147;18;336;19;56;54;99;3.40;6;2;1;71;0;7181499;877;0
147;18;336;19;56;54;99;4.40;5;2;1;80;0;7181499;111;0
147;18;336;19;56;55;99;3.40;6;2;1;69;0;7181599;82;0
147;18;336;19;56;55;8;3.40;8;2;1;70;0;7181508;1294;0
147;18;336;19;56;56;73;3.40;5;2;1;78;0;7181673;154;0
147;18;336;19;56;56;83;3.40;6;2;1;70;0;7181683;66;0
147;18;336;19;56;59;94;3.80;5;2;1;80;0;7181994;305;0
147;18;336;19;56;59;99;4.80;3;1;1;73;0;7181999;963;0
147;18;336;19;57;0;18;3.40;6;2;1;76;0;7182018;317;0
147;18;336;19;57;0;99;3.40;4;1;1;81;0;7182099;875;0
147;18;336;19;57;1;7;3.80;5;2;1;82;0;7182107;95;0
147;18;336;19;57;1;73;3.60;6;2;1;77;0;7182173;138;0
147;18;336;19;57;2;99;4.20;5;2;1;84;0;7182299;175;0
147;18;336;19;57;2;99;3.60;7;2;1;76;0;7182299;2582;0
147;18;336;19;57;3;55;4.00;5;2;1;83;0;7182355;38;0
147;18;336;19;57;4;76;3.60;6;2;1;72;0;7182476;286;0
147;18;336;19;57;4;99;3.00;4;1;1;80;0;7182499;384;0
147;18;336;19;57;4;99;3.40;5;2;1;81;0;7182499;126;7181994
147;18;336;19;57;5;99;3.40;7;2;1;80;0;7182599;282;0
147;18;336;19;57;5;99;3.80;5;2;1;85;0;7182599;84;7181994
147;18;336;19;57;5;99;3.60;8;2;1;95;0;7182599;1073;0
147;18;336;19;57;6;20;3.40;7;2;1;82;0;7182620;5;0
147;18;336;19;57;6;22;3.60;6;2;1;73;0;7182622;128;0
147;18;336;19;57;6;48;3.60;2;1;1;78;0;7182648;1323;0
147;18;336;19;57;9;99;3.80;3;1;1;80;0;7182999;976;0
147;18;336;19;57;10;99;3.60;4;1;1;85;0;7183099;586;0
147;18;336;19;57;11;24;3.00;3;1;1;75;0;7183124;107;0
147;18;336;19;57;11;70;3.20;2;1;1;77;0;7183170;505;0
147;18;336;19;57;12;99;3.00;1;1;1;81;0;7183299;3164;0
147;18;336;19;57;12;99;3.40;6;2;1;81;0;7183299;659;0
147;18;336;19;57;12;99;3.60;4;1;1;85;0;7183299;184;0
147;18;336;19;57;13;99;6.00;4;1;1;85;0;7183399;84;0
147;18;336;19;57;13;18;4.60;3;1;1;73;0;7183318;179;0
147;18;336;19;57;14;72;4.00;1;1;1;81;0;7183472;159;0
147;18;336;19;57;16;16;3.40;2;1;1;74;0;7183616;431;0
147;18;336;19;57;16;66;3.60;4;1;1;83;0;7183666;241;0
147;18;336;19;57;17;99;3.60;4;1;1;79;0;7183799;117;0
147;18;336;19;57;17;99;3.20;2;1;1;71;0;7183799;166;0
147;18;336;19;57;18;99;3.00;3;1;1;76;0;7183899;558;0
147;18;336;19;57;18;99;3.40;7;2;1;81;0;7183899;1264;0
147;18;336;19;57;18;99;4.00;4;1;1;77;0;7183899;83;0
147;18;336;19;57;18;18;4.00;2;1;1;71;0;7183818;2;0
147;18;336;19;57;19;79;16.20;6;2;4;79;0;7183979;664;0
147;18;336;19;57;21;32;4.20;7;2;1;81;0;7184132;217;0
147;18;336;19;57;23;99;3.00;6;2;1;74;0;7184399;346;0
147;18;336;19;57;24;48;3.40;6;2;1;74;0;7184448;34;0
147;18;336;19;57;26;99;3.80;6;2;1;74;0;7184699;234;0
147;18;336;19;57;26;99;3.40;5;2;1;88;0;7184699;2083;0
147;18;336;19;57;26;28;3.80;3;1;1;76;0;7184628;714;0
147;18;336;19;57;27;78;3.20;6;2;1;71;0;7184778;60;0
147;18;336;19;57;28;99;3.40;3;1;1;77;0;7184899;253;0
147;18;336;19;57;28;99;3.40;6;2;1;72;0;7184899;104;0
147;18;336;19;57;29;65;3.40;6;2;1;73;0;7184965;49;0
147;18;336;19;57;29;69;3.60;2;1;1;78;0;7184969;1130;0
147;18;336;19;57;30;99;3.80;6;2;1;72;0;7185099;117;7184699
147;18;336;19;57;30;99;3.80;3;1;1;75;0;7185099;184;7184699
147;18;336;19;57;31;7;3.60;6;2;1;70;0;7185107;-1;7184699
147;18;336;19;57;32;93;3.40;7;2;1;75;0;7185293;1142;0
147;18;336;19;57;32;98;3.60;5;2;1;80;0;7185298;585;0
147;18;336;19;57;33;99;3.20;3;1;1;73;0;7185399;281;0
147;18;336;19;57;33;99;4.00;6;2;1;77;0;7185399;273;0
147;18;336;19;57;34;14;3.80;7;2;1;75;0;7185414;104;0
147;18;336;19;57;35;14;4.00;5;2;1;87;0;7185514;199;0
147;18;336;19;57;35;99;3.60;3;1;1;79;0;7185599;184;0
147;18;336;19;57;36;99;4.00;6;2;1;75;0;7185699;281;0
147;18;336;19;57;37;99;3.80;5;2;1;84;0;7185799;268;0
147;18;336;19;57;40;99;3.60;5;2;1;84;0;7186099;283;0
147;18;336;19;57;40;99;3.60;8;2;1;71;0;7186099;3486;0
147;18;336;19;57;39;42;24.20;6;2;5;73;0;7185942;223;0
147;18;336;19;57;44;12;3.00;6;2;1;75;0;7186412;350;0
147;18;336;19;57;47;15;3.60;5;2;1;85;0;7186715;600;0
147;18;336;19;57;47;90;3.40;6;2;1;73;0;7186790;363;0
147;18;336;19;57;47;99;3.80;2;1;1;75;0;7186799;1813;0
147;18;336;19;57;48;10;3.40;4;1;1;81;0;7186810;2892;0
147;18;336;19;57;48;99;4.00;3;1;1;72;0;7186899;1283;0
147;18;336;19;57;48;99;3.20;2;1;1;75;0;7186899;81;0
147;18;336;19;57;49;9;3.20;6;2;1;75;0;7186909;102;0
147;18;336;19;57;49;99;3.40;3;1;1;74;0;7186999;80;0
147;18;336;19;57;49;99;3.60;5;2;1;80;0;7186999;268;0
147;18;336;19;57;50;18;3.80;6;2;1;75;0;7187018;93;0
147;18;336;19;57;50;99;4.40;7;2;1;78;0;7187099;1666;0
147;18;336;19;57;51;99;3.80;5;2;1;89;0;7187199;183;0
147;18;336;19;57;53;99;3.60;7;2;1;73;0;7187399;279;0
147;18;336;19;57;54;29;3.00;3;1;1;80;0;7187429;413;0
147;18;336;19;57;56;99;6.20;3;1;1;64;0;7187699;256;0
147;18;336;19;57;58;99;3.20;3;1;1;65;0;7187899;165;0
147;18;336;19;57;59;9;3.60;7;2;1;76;0;7187909;492;0
147;18;336;19;57;59;99;3.80;3;1;1;62;0;7187999;82;0
147;18;336;19;57;59;3;3.40;2;1;1;72;0;7187903;988;0
147;18;336;19;58;2;11;3.20;4;1;1;88;0;7188211;1385;0
147;18;336;19;58;3;4;3.60;6;2;1;79;0;7188304;1267;0
147;18;336;19;58;4;3;3.80;4;1;1;89;0;7188403;178;0
147;18;336;19;58;4;99;3.80;8;2;1;80;0;7188499;2381;0
147;18;336;19;58;5;4;3.80;5;2;1;81;0;7188504;1289;0
147;18;336;19;58;5;23;4.00;4;1;1;84;0;7188523;104;0
147;18;336;19;58;6;0;3.40;6;2;1;67;0;7188600;279;0
147;18;336;19;58;6;99;3.80;1;1;1;76;0;7188699;5209;0
147;18;336;19;58;6;99;4.00;7;2;1;75;0;7188699;772;0
147;18;336;19;58;6;99;3.60;5;2;1;82;0;7188699;178;0
147;18;336;19;58;6;99;3.60;6;2;1;68;0;7188699;80;0
147;18;336;19;58;7;19;3.20;7;2;1;76;0;7188719;0;0
147;18;336;19;58;7;17;3.80;3;1;1;74;0;7188717;695;0
147;18;336;19;58;8;23;3.40;4;1;1;98;0;7188823;282;0
147;18;336;19;58;8;85;3.40;2;1;1;74;0;7188885;965;0
147;18;336;19;58;8;93;3.60;8;2;1;76;0;7188893;376;0
147;18;336;19;58;9;99;4.40;2;1;1;79;0;7188999;97;0
147;18;336;19;58;9;99;2.60;8;2;1;75;0;7188999;88;0
147;18;336;19;58;10;74;4.00;3;1;1;74;0;7189074;338;0
147;18;336;19;58;11;18;3.40;6;2;1;77;0;7189118;399;0
147;18;336;19;58;11;99;3.40;8;2;1;73;0;7189199;187;0
147;18;336;19;58;14;16;3.20;6;2;1;70;0;7189416;282;0
147;18;336;19;58;14;99;4.80;4;1;1;79;0;7189499;663;0
147;18;336;19;58;14;99;3.60;7;2;1;79;0;7189499;764;0
147;18;336;19;58;15;22;3.40;5;2;1;80;0;7189522;807;0
147;18;336;19;58;16;3;3.20;6;2;1;69;0;7189603;170;0
147;18;336;19;58;16;99;4.20;3;1;1;73;0;7189699;605;0
147;18;336;19;58;16;99;3.80;5;2;1;89;0;7189699;161;0
147;18;336;19;58;17;3;3.80;2;1;1;79;0;7189703;683;0
147;18;336;19;58;16;99;4.00;6;2;1;67;0;7189699;79;0
147;18;336;19;58;17;13;3.40;3;1;1;74;0;7189713;-1;0
147;18;336;19;58;19;99;3.40;6;2;1;74;0;7189999;278;0
147;18;336;19;58;21;18;3.80;3;1;1;78;0;7190118;388;0
147;18;336;19;58;22;5;3.60;6;2;1;77;0;7190205;189;0
147;18;336;19;58;22;99;2.80;3;1;1;75;0;7190299;163;0
147;18;336;19;58;28;96;3.40;5;2;1;78;0;7190896;1181;0
147;18;336;19;58;28;99;3.00;6;2;1;65;0;7190899;677;0
147;18;336;19;58;29;99;3.40;3;1;1;71;0;7190999;686;0
147;18;336;19;58;29;99;4.20;4;1;1;84;0;7190999;1478;0
147;18;336;19;58;34;99;3.40;3;1;1;74;0;7191499;482;0
147;18;336;19;58;35;21;3.40;6;2;1;74;0;7191521;605;0
147;18;336;19;58;36;99;3.60;6;2;1;77;0;7191699;161;0
147;18;336;19;58;38;52;3.20;6;2;1;79;0;7191852;136;0
147;18;336;19;58;40;3;3.40;3;1;1;77;0;7192003;487;0
147;18;336;19;58;42;99;3.80;4;1;1;81;0;7192299;1282;0
147;18;336;19;58;42;99;3.00;2;1;1;79;0;7192299;2578;0
147;18;336;19;58;43;33;4.00;3;1;1;86;0;7192333;314;0
147;18;336;19;58;44;99;3.60;8;2;1;79;0;7192499;3283;0
147;18;336;19;58;44;99;3.60;6;2;1;72;0;7192499;632;0
147;18;336;19;58;46;2;3.80;5;2;1;87;0;7192602;1690;0
147;18;336;19;58;45;53;9.00;7;2;2;55;0;7192553;3037;0
147;18;336;19;58;47;99;3.60;2;1;1;82;0;7192799;486;0
147;18;336;19;58;48;16;3.40;3;1;1;73;0;7192816;466;0
147;18;336;19;58;48;44;3.80;6;2;1;75;0;7192844;327;0
147;18;336;19;58;49;99;3.60;4;1;1;80;0;7192999;683;0
147;18;336;19;58;49;99;5.20;3;1;1;74;0;7192999;166;0
147;18;336;19;58;50;8;3.20;6;2;1;73;0;7193008;145;0
147;18;336;19;58;52;8;3.40;6;2;1;77;0;7193208;184;0
147;18;336;19;58;52;99;3.40;6;2;1;75;0;7193299;75;0
147;18;336;19;58;55;13;3.40;3;1;1;87;0;7193513;488;0
147;18;336;19;58;57;99;3.60;5;2;1;85;0;7193799;1181;0
147;18;336;19;58;59;93;3.80;5;2;1;77;0;7193993;178;0
147;18;336;19;59;1;74;5.60;3;1;1;86;0;7194174;646;0
147;18;336;19;59;2;99;3.40;2;1;1;72;0;7194299;1484;0
147;18;336;19;59;2;99;3.60;6;2;1;77;0;7194299;983;0
147;18;336;19;59;2;99;3.60;1;1;1;72;0;7194299;5582;0
147;18;336;19;59;4;4;3.40;7;2;1;83;0;7194404;1792;0
147;18;336;19;59;5;22;3.80;3;1;1;80;0;7194522;324;0
147;18;336;19;59;8;11;3.40;1;1;1;77;0;7194811;494;0
147;18;336;19;59;8;99;3.00;7;2;1;76;0;7194899;480;0
147;18;336;19;59;10;99;3.60;2;1;1;77;0;7195099;783;0
147;18;336;19;59;11;21;3.60;7;2;1;81;0;7195121;207;0
147;18;336;19;59;11;24;3.80;6;2;1;82;0;7195124;808;0
147;18;336;19;59;12;99;4.40;3;1;1;76;0;7195299;759;0
147;18;336;19;59;14;17;3.00;6;2;1;79;0;7195417;276;0
147;18;336;19;59;14;21;3.60;7;2;1;82;0;7195421;284;0
147;18;336;19;59;15;99;3.60;6;2;1;82;0;7195599;168;0
147;18;336;19;59;17;0;3.80;3;1;1;81;0;7195700;380;0
147;18;336;19;59;17;99;3.20;2;1;1;78;0;7195799;683;0
147;18;336;19;59;18;6;3.40;6;2;1;87;0;7195806;191;0
147;18;336;19;59;18;17;3.60;1;1;1;80;0;7195817;990;0
147;18;336;19;59;21;16;3.40;6;2;1;78;0;7196116;295;0
147;18;336;19;59;22;99;3.40;6;2;1;78;0;7196299;167;0
147;18;336;19;59;23;99;3.60;4;1;1;88;0;7196399;3383;0
147;18;336;19;59;24;22;3.60;5;2;1;98;0;7196422;2411;0
147;18;336;19;59;24;60;3.60;1;1;1;75;0;7196460;626;0
147;18;336;19;59;27;99;4.00;2;1;1;71;0;7196799;985;0
147;18;336;19;59;28;24;3.60;6;2;1;88;0;7196824;509;0
147;18;336;19;59;31;99;3.40;6;2;1;77;0;7197199;360;0
147;18;336;19;59;33;4;3.60;6;2;1;82;0;7197304;89;0
147;18;336;19;59;33;99;3.40;2;1;1;78;0;7197399;579;0
147;18;336;19;59;35;97;3.40;3;1;1;81;0;7197597;1880;0
147;18;336;19;59;35;99;4.40;2;1;1;68;0;7197599;184;0
147;18;336;19;59;36;99;4.00;7;2;1;83;0;7197699;2262;0
147;18;336;19;59;36;99;2.80;2;1;1;65;0;7197699;76;0
147;18;336;19;59;39;3;3.40;8;2;1;70;0;7197903;5387;0
147;18;336;19;59;39;99;3.40;6;2;1;81;0;7197999;679;0
147;18;336;19;59;41;10;3.60;7;2;1;84;0;7198110;393;0
147;18;336;19;59;41;10;3.40;4;1;1;77;0;7198110;1696;0
147;18;336;19;59;41;8;3.80;6;2;1;76;0;7198108;93;0
147;18;336;19;59;41;99;3.80;7;2;1;88;0;7198199;73;0
147;18;336;19;59;42;62;3.60;5;2;1;89;0;7198262;1826;0
147;18;336;19;59;43;99;3.60;6;2;1;74;0;7198399;273;0
147;18;336;19;59;47;4;3.00;6;2;1;76;0;7198704;287;0
147;18;336;19;59;47;9;2.80;2;1;1;77;0;7198709;994;0
147;18;336;19;59;47;20;3.40;4;1;1;76;0;7198720;594;0
147;18;336;19;59;48;3;3.00;3;1;1;68;0;7198803;1190;0
147;18;336;19;59;48;1;5.00;6;2;1;79;0;7198801;82;0
147;18;336;19;59;49;99;5.00;7;2;1;79;0;7198999;784;0
147;18;336;19;59;51;99;3.40;7;2;1;76;0;7199199;177;0
147;18;336;19;59;52;3;3.80;3;1;1;82;0;7199203;384;0
147;18;336;19;59;52;54;3.40;2;1;1;74;0;7199254;531;0
147;18;336;19;59;53;99;3.60;2;1;1;75;0;7199399;128;0
147;18;336;19;59;54;9;3.60;6;2;1;80;0;7199409;585;0
147;18;336;19;59;54;99;3.60;3;1;1;82;0;7199499;279;0
147;18;336;19;59;54;99;3.60;4;1;1;87;0;7199499;762;0
147;18;336;19;59;56;87;7.60;7;2;1;68;0;7199687;471;0
147;18;336;19;59;59;99;3.20;2;1;1;78;0;7199999;582;0
147;18;336;20;0;1;17;3.40;3;1;1;79;0;7200117;602;0
147;18;336;20;0;2;99;3.40;6;2;1;76;0;7200299;873;0
147;18;336;20;0;4;99;3.80;2;1;1;76;0;7200499;485;0
147;18;336;20;0;5;10;3.00;6;2;1;74;0;7200510;194;0
147;18;336;20;0;6;22;3.00;2;1;1;74;0;7200622;105;0
147;18;336;20;0;7;99;3.20;3;1;1;72;0;7200799;666;0
147;18;336;20;0;7;99;3.80;2;1;1;77;0;7200799;162;0
147;18;336;20;0;8;15;3.60;6;2;1;73;0;7200815;290;0
147;18;336;20;0;8;32;0.60;7;2;1;30;1;7200832;1104;0
147;18;336;20;0;9;99;3.80;5;2;1;83;0;7200999;2722;0
147;18;336;20;0;10;17;3.20;6;2;1;69;0;7201017;184;0
147;18;336;20;0;10;25;3.80;1;1;1;70;0;7201025;4547;0
147;18;336;20;0;11;21;3.80;5;2;1;87;0;7201121;105;0
147;18;336;20;0;12;99;3.80;2;1;1;75;0;7201299;482;0
147;18;336;20;0;12;99;3.40;3;1;1;77;0;7201299;484;0
147;18;336;20;0;12;5;3.20;6;2;1;82;0;7201205;171;0
147;18;336;20;0;13;68;3.80;7;2;1;83;0;7201368;1640;0
147;18;336;20;0;14;99;3.20;6;2;1;81;0;7201499;279;0
147;18;336;20;0;15;14;3.40;2;1;1;72;0;7201514;196;0
147;18;336;20;0;16;21;3.20;5;2;1;84;0;7201621;484;0
147;18;336;20;0;16;90;3.40;6;2;1;80;0;7201690;176;0
147;18;336;20;0;17;5;4.00;7;2;1;86;0;7201705;320;0
147;18;336;20;0;18;71;3.60;6;2;1;82;0;7201871;165;0
147;18;336;20;0;19;99;3.40;3;1;1;82;0;7201999;684;0
147;18;336;20;0;21;81;3.40;6;2;1;75;0;7202181;294;0
147;18;336;20;0;23;65;6.60;8;2;1;79;0;7202365;4444;0
147;18;336;20;0;26;93;3.20;6;2;1;74;0;7202693;495;0
147;18;336;20;0;27;99;4.60;7;2;1;72;0;7202799;1077;0
147;18;336;20;0;30;99;4.00;2;1;1;77;0;7203099;1568;0
147;18;336;20;0;31;95;3.60;6;2;1;84;0;7203195;486;0
147;18;336;20;0;32;0;5.60;2;1;1;78;0;7203200;82;0
147;18;336;20;0;32;99;4.20;4;1;1;83;0;7203299;3785;0
147;18;336;20;0;33;99;11.60;5;2;2;89;0;7203399;1764;0
147;18;336;20;0;33;29;4.60;3;1;1;76;0;7203329;1315;0
147;18;336;20;0;34;1;3.80;2;1;1;77;0;7203401;175;0
147;18;336;20;0;34;21;3.80;6;2;1;81;0;7203421;210;0
147;18;336;20;0;34;99;3.80;4;1;1;85;0;7203499;181;0
147;18;336;20;0;35;99;3.80;3;1;1;75;0;7203599;248;0
147;18;336;20;0;35;99;3.80;4;1;1;79;0;7203599;83;0
147;18;336;20;0;35;99;3.80;5;2;1;83;0;7203599;153;0
147;18;336;20;0;36;89;3.60;3;1;1;77;0;7203689;71;0
147;18;336;20;0;36;99;5.00;6;2;1;73;0;7203699;261;0
147;18;336;20;0;37;99;3.60;5;2;1;86;0;7203799;183;0
147;18;336;20;0;38;99;3.60;1;1;1;78;0;7203899;2854;0
147;18;336;20;0;39;13;3.20;6;2;1;74;0;7203913;189;0
147;18;336;20;0;40;99;3.00;6;2;1;75;0;7204099;170;0
147;18;336;20;0;43;4;3.60;2;1;1;79;0;7204304;885;0
147;18;336;20;0;46;3;3.80;6;2;1;87;0;7204603;489;0
147;18;336;20;0;49;99;3.80;6;2;1;75;0;7204999;380;0
147;18;336;20;0;49;99;3.80;3;1;1;82;0;7204999;1293;0
147;18;336;20;0;50;99;3.60;7;2;1;81;0;7205099;2277;0
147;18;336;20;0;52;3;3.60;6;2;1;79;0;7205203;185;0
147;18;336;20;0;54;73;3.40;5;2;1;79;0;7205473;1658;0
147;18;336;20;0;56;57;3.80;5;2;1;82;0;7205657;168;0
147;18;336;20;0;57;95;3.60;2;1;1;75;0;7205795;1474;0
147;18;336;20;0;57;99;3.80;6;2;1;72;0;7205799;579;0
147;18;336;20;0;58;99;4.00;3;1;1;79;0;7205899;883;0
147;18;336;20;0;58;5;3.80;7;2;1;85;0;7205805;690;0
147;18;336;20;0;59;1;3.40;2;1;1;74;0;7205901;88;0
147;18;336;20;0;58;7;3.40;6;2;1;72;0;7205807;-1;0
147;18;336;20;0;59;46;3.80;4;1;1;81;0;7205946;2329;0
147;18;336;20;0;59;66;4.00;5;2;1;81;0;7205966;292;0
147;18;336;20;1;2;3;3.40;2;1;1;77;0;7206203;285;0
147;18;336;20;1;3;99;3.80;7;2;1;79;0;7206399;577;0
147;18;336;20;1;4;65;3.80;8;2;1;80;0;7206465;4069;0
147;18;336;20;1;4;82;3.20;6;2;1;72;0;7206482;658;0
147;18;336;20;1;4;86;3.20;3;1;1;70;0;7206486;568;0
147;18;336;20;1;6;22;3.60;8;2;1;82;0;7206622;139;0
147;18;336;20;1;6;29;3.40;7;2;1;83;0;7206629;212;0
147;18;336;20;1;6;35;3.80;2;1;1;77;0;7206635;416;0
147;18;336;20;1;7;80;3.20;6;2;1;73;0;7206780;282;0
147;18;336;20;1;8;25;3.20;7;2;1;75;0;7206825;181;0
147;18;336;20;1;10;99;3.40;6;2;1;83;0;7207099;303;0
147;18;336;20;1;11;99;3.40;3;1;1;74;0;7207199;696;0
147;18;336;20;1;14;34;3.80;7;2;1;87;0;7207434;593;0
147;18;336;20;1;15;17;4.60;2;1;1;85;0;7207517;864;0
147;18;336;20;1;15;99;3.40;6;2;1;70;0;7207599;485;0
147;18;336;20;1;16;99;3.60;5;2;1;78;0;7207699;1715;0
147;18;336;20;1;19;99;3.40;2;1;1;75;0;7207999;462;0
147;18;336;20;1;19;59;3.20;3;1;1;73;0;7207959;743;0
147;18;336;20;1;20;87;4.00;7;2;1;76;0;7208087;637;0
147;18;336;20;1;21;99;3.80;5;2;1;89;0;7208199;483;0
147;18;336;20;1;22;92;10.80;6;2;2;77;0;7208292;675;0
147;18;336;20;1;24;9;3.60;5;2;1;84;0;7208409;194;0
147;18;336;20;1;25;99;3.40;6;2;1;82;0;7208599;256;0
147;18;336;20;1;25;99;5.20;7;2;1;75;0;7208599;493;0
147;18;336;20;1;27;21;3.60;6;2;1;80;0;7208721;107;0
147;18;336;20;1;28;2;4.00;8;2;1;79;0;7208802;2164;0
147;18;336;20;1;28;99;4.20;4;1;1;79;0;7208899;2936;0
147;18;336;20;1;29;99;4.00;6;2;1;81;0;7208999;261;0
147;18;336;20;1;29;6;2.80;4;1;1;77;0;7208906;-1;0
147;18;336;20;1;31;99;3.40;3;1;1;68;0;7209199;1224;0
147;18;336;20;1;31;99;3.40;4;1;1;79;0;7209199;279;0
147;18;336;20;1;32;31;3.20;6;2;1;79;0;7209231;214;0
147;18;336;20;1;33;1;3.20;3;1;1;75;0;7209301;84;0
147;18;336;20;1;34;19;3.40;7;2;1;74;0;7209419;795;0
147;18;336;20;1;34;21;3.40;3;1;1;76;0;7209421;104;0
147;18;336;20;1;35;66;3.40;3;1;1;73;0;7209566;128;0
147;18;336;20;1;35;74;3.20;6;2;1;77;0;7209574;328;0
147;18;336;20;1;37;1;3.20;2;1;1;76;0;7209701;1685;0
147;18;336;20;1;37;18;3.40;6;2;1;79;0;7209718;129;0
147;18;336;20;1;38;99;3.60;2;1;1;75;0;7209899;182;0
147;18;336;20;1;39;14;3.40;6;2;1;80;0;7209914;180;0
147;18;336;20;1;40;52;4.00;6;2;1;83;0;7210052;122;0
147;18;336;20;1;40;85;3.60;2;1;1;78;0;7210085;168;0
147;18;336;20;1;41;99;3.60;1;1;1;74;0;7210199;6283;0
147;18;336;20;1;42;1;3.60;5;2;1;83;0;7210201;1776;0
147;18;336;20;1;44;99;3.80;4;1;1;83;0;7210499;1284;0
147;18;336;20;1;44;99;3.60;6;2;1;76;0;7210499;429;0
147;18;336;20;1;45;75;3.80;7;2;1;80;0;7210575;1139;0
147;18;336;20;1;47;16;3.60;4;1;1;84;0;7210716;200;0
147;18;336;20;1;47;34;3.80;3;1;1;78;0;7210734;1151;0
147;18;336;20;1;47;42;3.80;7;2;1;82;0;7210742;149;0
147;18;336;20;1;49;23;4.00;2;1;1;83;0;7210923;821;0
147;18;336;20;1;50;52;3.40;1;1;1;78;0;7211052;835;0
147;18;336;20;1;50;60;3.60;7;2;1;82;0;7211060;301;0
147;18;336;20;1;51;99;3.00;2;1;1;80;0;7211199;258;0
147;18;336;20;1;52;99;3.80;3;1;1;76;0;7211299;547;0
147;18;336;20;1;54;99;3.80;3;1;1;76;0;7211499;182;0
147;18;336;20;1;55;23;3.40;7;2;1;82;0;7211523;447;0
147;18;336;20;1;58;62;3.80;7;2;1;77;0;7211862;324;0
147;18;336;20;1;59;99;3.80;3;1;1;75;0;7211999;482;0
147;18;336;20;2;0;45;8.20;2;1;6;79;0;7212045;832;0
147;18;336;20;2;3;27;3.80;8;2;1;89;0;7212327;3506;0
147;18;336;20;2;4;99;4.00;6;2;1;82;0;7212499;1982;0
147;18;336;20;2;6;86;3.60;3;1;1;81;0;7212686;668;0
147;18;336;20;2;8;2;3.80;6;2;1;75;0;7212802;285;0
147;18;336;20;2;8;51;3.20;5;2;1;77;0;7212851;2634;0
147;18;336;20;2;8;61;3.60;2;1;1;79;0;7212861;778;0
147;18;336;20;2;8;91;3.80;7;2;1;75;0;7212891;1011;0
147;18;336;20;2;9;99;3.20;7;2;1;81;0;7212999;89;0
147;18;336;20;2;9;99;4.00;8;2;1;93;0;7212999;656;0
147;18;336;20;2;9;99;3.00;3;1;1;71;0;7212999;297;0
147;18;336;20;2;10;14;3.60;1;1;1;79;0;7213014;1946;0
147;18;336;20;2;11;88;4.40;6;2;1;80;0;7213188;367;0
147;18;336;20;2;11;97;3.60;3;1;1;72;0;7213197;182;0
147;18;336;20;2;12;99;3.20;4;1;1;77;0;7213299;2567;0
147;18;336;20;2;12;99;3.80;2;1;1;77;0;7213299;421;0
147;18;336;20;2;16;99;3.60;6;2;1;76;0;7213699;491;0
147;18;336;20;2;17;6;3.80;5;2;1;79;0;7213706;840;0
147;18;336;20;2;18;99;4.80;3;1;1;76;0;7213899;684;0
147;18;336;20;2;18;58;3.40;2;1;1;74;0;7213858;541;0
147;18;336;20;2;19;99;3.40;3;1;1;93;0;7213999;77;0
147;18;336;20;2;20;2;3.80;2;1;1;81;0;7214002;127;0
147;18;336;20;2;20;16;3.40;7;2;1;85;0;7214016;1002;0
147;18;336;20;2;21;44;3.60;2;1;1;77;0;7214144;125;0
147;18;336;20;2;22;5;3.40;6;2;1;74;0;7214205;488;0
147;18;336;20;2;22;99;3.20;5;2;1;84;0;7214299;575;0
147;18;336;20;2;23;4;3.40;2;1;1;77;0;7214304;143;0
147;18;336;20;2;24;25;3.40;3;1;1;79;0;7214425;412;0
147;18;336;20;2;24;99;3.80;7;2;1;79;0;7214499;468;0
147;18;336;20;2;24;99;3.60;6;2;1;72;0;7214499;277;0
147;18;336;20;2;24;99;3.40;4;1;1;84;0;7214499;1185;0
147;18;336;20;2;25;0;4.60;7;2;1;79;0;7214500;-1;0
147;18;336;20;2;26;12;4.40;2;1;1;80;0;7214612;292;0
147;18;336;20;2;27;99;3.20;6;2;1;76;0;7214799;282;0
147;18;336;20;2;28;28;3.40;2;1;1;76;0;7214828;196;0
147;18;336;20;2;29;26;3.60;7;2;1;81;0;7214926;405;0
147;18;336;20;2;29;99;3.60;3;1;1;73;0;7214999;558;0
147;18;336;20;2;30;99;3.60;2;1;1;76;0;7215099;254;0
147;18;336;20;2;31;26;3.20;6;2;1;81;0;7215126;311;0
147;18;336;20;2;32;99;3.20;6;2;1;77;0;7215299;158;0
147;18;336;20;2;32;99;3.60;2;1;1;71;0;7215299;182;0
147;18;336;20;2;33;6;4.20;3;1;1;74;0;7215306;289;0
147;18;336;20;2;33;26;3.20;1;1;1;88;0;7215326;2295;0
147;18;336;20;2;33;23;3.40;5;2;1;82;0;7215323;1010;0
147;18;336;20;2;33;24;4.00;7;2;1;84;0;7215324;382;0
147;18;336;20;2;34;61;3.80;3;1;1;73;0;7215461;134;0
147;18;336;20;2;35;99;3.60;2;1;1;76;0;7215599;281;0
147;18;336;20;2;35;99;3.00;3;1;1;79;0;7215599;119;0
147;18;336;20;2;37;99;3.40;5;2;1;80;0;7215799;461;0
147;18;336;20;2;37;99;4.20;6;2;1;77;0;7215799;485;0
147;18;336;20;2;38;99;3.60;2;1;1;87;0;7215899;282;0
147;18;336;20;2;40;99;3.60;2;1;1;81;0;7216099;185;0
147;18;336;20;2;44;77;3.80;4;1;1;82;0;7216477;1963;0
147;18;336;20;2;47;19;3.60;2;1;1;71;0;7216719;604;0
147;18;336;20;2;46;99;3.80;7;2;1;82;0;7216699;1357;0
147;18;336;20;2;46;12;3.60;4;1;1;79;0;7216612;118;0
147;18;336;20;2;47;4;5.40;2;1;1;71;0;7216704;-1;0
147;18;336;20;2;47;86;3.80;6;2;1;83;0;7216786;967;0
147;18;336;20;2;48;99;4.00;6;2;1;82;0;7216899;96;0
147;18;336;20;2;48;99;3.80;2;1;1;69;0;7216899;167;0
147;18;336;20;2;49;94;3.80;7;2;1;76;0;7216994;278;0
147;18;336;20;2;50;10;3.40;3;1;1;73;0;7217010;1397;0
147;18;336;20;2;51;99;3.60;6;2;1;78;0;7217199;282;0
147;18;336;20;2;51;26;4.00;1;1;1;73;0;7217126;1786;0
147;18;336;20;2;51;27;3.80;3;1;1;71;0;7217127;100;0
147;18;336;20;2;54;25;4.00;5;2;1;83;0;7217425;1610;0
147;18;336;20;2;54;36;3.40;3;1;1;76;0;7217436;289;0
147;18;336;20;2;56;99;3.20;2;1;1;73;0;7217699;780;0
147;18;336;20;2;58;4;3.00;4;1;1;86;0;7217804;1175;0
147;18;336;20;3;0;99;3.60;6;2;1;77;0;7218099;883;0
147;18;336;20;3;1;99;3.60;3;1;1;77;0;7218199;746;0
147;18;336;20;3;1;99;3.40;4;1;1;82;0;7218199;382;0
147;18;336;20;3;2;72;3.40;2;1;1;78;0;7218272;557;0
147;18;336;20;3;2;99;4.00;4;1;1;83;0;7218299;85;0
147;18;336;20;3;2;99;3.40;8;2;1;75;0;7218299;5284;0
147;18;336;20;3;3;99;3.40;5;2;1;78;0;7218399;956;0
147;18;336;20;3;5;17;3.80;3;1;1;78;0;7218517;301;0
147;18;336;20;3;8;99;3.60;3;1;1;81;0;7218899;364;0
147;18;336;20;3;9;52;3.20;6;2;1;77;0;7218952;836;0
147;18;336;20;3;11;99;3.80;4;1;1;85;0;7219199;882;0
147;18;336;20;3;13;99;3.80;3;1;1;81;0;7219399;484;0
147;18;336;20;3;14;23;3.40;7;2;1;84;0;7219423;2411;0
147;18;336;20;3;14;38;3.40;3;1;1;81;0;7219438;22;0
147;18;336;20;3;15;99;4.00;6;2;1;87;0;7219599;632;0
147;18;336;20;3;17;9;3.60;2;1;1;78;0;7219709;1421;0
147;18;336;20;3;17;27;3.40;3;1;1;78;0;7219727;273;0
147;18;336;20;3;18;99;3.60;2;1;1;79;0;7219899;173;0
147;18;336;20;3;19;20;3.80;3;1;1;77;0;7219920;177;0
147;18;336;20;3;21;99;3.00;6;2;1;75;0;7220199;583;0
147;18;336;20;3;23;5;3.40;2;1;1;75;0;7220305;389;0
147;18;336;20;3;24;12;3.60;2;1;1;77;0;7220412;90;0
147;18;336;20;3;27;21;3.40;2;1;1;80;0;7220721;292;0
147;18;336;20;3;28;99;3.60;2;1;1;79;0;7220899;162;0
147;18;336;20;3;29;21;3.60;6;2;1;85;0;7220921;707;0
147;18;336;20;3;29;99;4.00;2;1;1;95;0;7220999;83;0
147;18;336;20;3;31;99;3.60;3;1;1;78;0;7221199;1261;0
147;18;336;20;3;33;99;3.40;6;2;1;81;0;7221399;462;0
147;18;336;20;3;34;99;3.20;3;1;1;80;0;7221499;283;0
147;18;336;20;3;36;99;3.20;2;1;1;84;0;7221699;684;0
147;18;336;20;3;37;11;3.20;7;2;1;88;0;7221711;2273;0
147;18;336;20;3;38;28;3.60;3;1;1;81;0;7221828;314;0
147;18;336;20;3;39;11;3.20;8;2;1;74;0;7221911;3595;0
147;18;336;20;3;40;79;3.00;3;1;1;86;0;7222079;235;0
147;18;336;20;3;42;15;4.00;7;2;1;83;0;7222215;490;0
147;18;336;20;3;43;52;3.60;1;1;1;76;0;7222352;5206;0
147;18;336;20;3;44;99;3.60;8;2;1;74;0;7222499;572;0
147;18;336;20;3;45;99;3.80;2;1;1;69;0;7222599;886;0
147;18;336;20;3;45;12;3.40;6;2;1;81;0;7222512;1097;0
147;18;336;20;3;48;42;3.80;7;2;1;78;0;7222842;609;0
147;18;336;20;3;50;13;3.80;6;2;1;86;0;7223013;485;0
147;18;336;20;3;51;19;3.40;3;1;1;74;0;7223119;1027;0
147;18;336;20;3;51;99;3.40;5;2;1;85;0;7223199;4784;0
147;18;336;20;3;52;99;5.60;6;2;1;80;0;7223299;270;0
147;18;336;20;3;52;99;3.60;3;1;1;74;0;7223299;163;0
147;18;336;20;3;53;77;3.60;6;2;1;77;0;7223377;52;0
147;18;336;20;3;54;99;3.40;2;1;1;82;0;7223499;880;0
147;18;336;20;3;55;99;4.00;6;2;1;76;0;7223599;205;0
147;18;336;20;3;55;99;4.20;7;2;1;82;0;7223599;739;0
147;18;336;20;3;58;8;3.60;4;1;1;80;0;7223808;4592;0
147;18;336;20;3;59;20;3.80;6;2;1;85;0;7223920;302;0
147;18;336;20;4;0;1;3.00;3;1;1;74;0;7224001;684;0
147;18;336;20;4;1;94;3.80;6;2;1;80;0;7224194;257;0
147;18;336;20;4;3;22;3.60;7;2;1;82;0;7224322;704;0
147;18;336;20;4;3;14;4.00;8;2;1;75;0;7224314;1797;0
147;18;336;20;4;4;15;3.60;3;1;1;75;0;7224415;399;0
147;18;336;20;4;4;99;3.80;6;2;1;83;0;7224499;287;0
147;18;336;20;4;6;7;3.60;5;2;1;82;0;7224607;1393;0
147;18;336;20;4;7;99;3.20;6;2;1;72;0;7224799;283;0
147;18;336;20;4;9;99;4.00;1;1;1;72;0;7224999;2629;0
147;18;336;20;4;11;14;3.40;6;2;1;72;0;7225114;299;0
147;18;336;20;4;12;13;3.60;6;2;1;73;0;7225213;82;0
147;18;336;20;4;12;99;3.60;2;1;1;74;0;7225299;1785;0
147;18;336;20;4;13;99;3.20;6;2;1;74;0;7225399;168;0
147;18;336;20;4;13;49;3.20;2;1;1;77;0;7225349;32;0
147;18;336;20;4;13;48;3.80;7;2;1;82;0;7225348;1010;0
147;18;336;20;4;15;5;3.60;5;2;1;80;0;7225505;882;0
147;18;336;20;4;15;11;4.00;3;1;1;80;0;7225511;1078;0
147;18;336;20;4;16;72;3.20;3;1;1;81;0;7225672;143;0
147;18;336;20;4;17;19;3.20;4;1;1;81;0;7225719;1894;0
147;18;336;20;4;17;29;3.60;2;1;1;83;0;7225729;365;0
147;18;336;20;4;19;0;3.60;6;2;1;79;0;7225900;485;0
147;18;336;20;4;19;69;3.80;8;2;1;71;0;7225969;1635;0
147;18;336;20;4;20;99;3.80;5;2;1;77;0;7226099;577;0
147;18;336;20;4;22;99;3.40;2;1;1;80;0;7226299;554;0
147;18;336;20;4;23;0;5.40;7;2;1;65;0;7226300;935;0
147;18;336;20;4;24;99;3.80;6;2;1;79;0;7226499;582;0
147;18;336;20;4;26;20;3.40;3;1;1;77;0;7226620;933;0
147;18;336;20;4;27;28;3.80;5;2;1;85;0;7226728;611;0
147;18;336;20;4;27;99;3.80;6;2;1;90;0;7226799;282;0
147;18;336;20;4;29;18;3.60;5;2;1;88;0;7226918;173;0
147;18;336;20;4;30;99;3.80;6;2;1;80;0;7227099;284;0
147;18;336;20;4;30;99;3.80;3;1;1;77;0;7227099;463;0
147;18;336;20;4;31;21;4.00;2;1;1;80;0;7227121;806;0
147;18;336;20;4;33;99;3.00;2;1;1;74;0;7227399;260;0
147;18;336;20;4;37;4;4.00;6;2;1;80;0;7227704;587;0
147;18;336;20;4;38;99;4.00;3;1;1;81;0;7227899;782;0
147;18;336;20;4;39;29;3.40;6;2;1;75;0;7227929;207;0
147;18;336;20;4;39;82;3.40;2;1;1;82;0;7227982;568;0
147;18;336;20;4;40;99;3.60;6;2;1;77;0;7228099;153;0
147;18;336;20;4;41;0;3.80;4;1;1;86;0;7228100;2366;0
147;18;336;20;4;41;30;3.20;6;2;1;79;0;7228130;14;0
147;18;336;20;4;48;99;4.60;2;1;1;79;0;7228899;902;0
147;18;336;20;4;50;95;11.20;3;1;3;79;0;7229095;1178;0
147;18;336;20;4;51;1;3.00;6;2;1;76;0;7229101;956;0
147;18;336;20;4;51;99;3.00;7;2;1;80;0;7229199;2869;0
147;18;336;20;4;53;12;3.80;7;2;1;79;0;7229312;99;0
147;18;336;20;4;55;99;3.20;5;2;1;81;0;7229599;2666;0
147;18;336;20;4;55;99;3.00;2;1;1;89;0;7229599;679;0
147;18;336;20;4;55;99;3.20;7;2;1;78;0;7229599;269;0
147;18;336;20;4;56;99;3.60;7;2;1;80;0;7229699;85;0
147;18;336;20;4;56;2;3.00;2;1;1;79;0;7229602;-1;0
147;18;336;20;4;58;11;3.80;6;2;1;67;0;7229811;695;0
147;18;336;20;4;58;99;3.20;2;1;1;81;0;7229899;283;0
147;18;336;20;5;0;21;3.60;4;1;1;78;0;7230021;1905;0
147;18;336;20;5;1;99;3.60;6;2;1;82;0;7230199;367;0
147;18;336;20;5;1;99;3.60;2;1;1;85;0;7230199;285;0
147;18;336;20;5;2;19;3.60;4;1;1;77;0;7230219;181;0
147;18;336;20;5;3;99;3.20;4;1;1;77;0;7230399;163;0
147;18;336;20;5;4;99;3.60;3;1;1;88;0;7230499;1352;0
147;18;336;20;5;4;8;3.60;6;2;1;69;0;7230408;193;0
147;18;336;20;5;6;99;5.20;7;2;1;86;0;7230699;983;0
147;18;336;20;5;8;99;3.80;3;1;1;68;0;7230899;385;0
147;18;336;20;5;10;7;3.60;6;2;1;77;0;7231007;580;0
147;18;336;20;5;10;48;3.40;3;1;1;68;0;7231048;128;0
147;18;336;20;5;10;86;4.20;4;1;1;80;0;7231086;672;0
147;18;336;20;5;10;99;3.20;5;2;1;84;0;7231099;1485;0
147;18;336;20;5;10;99;3.60;3;1;1;72;0;7231099;33;0
147;18;336;20;5;11;99;3.80;6;2;1;82;0;7231199;175;0
147;18;336;20;5;12;9;3.60;7;2;1;72;0;7231209;488;0
147;18;336;20;5;12;16;3.80;3;1;1;77;0;7231216;99;0
147;18;336;20;5;14;99;3.20;6;2;1;82;0;7231499;283;0
147;18;336;20;5;16;99;3.20;4;1;1;84;0;7231699;594;0
147;18;336;20;5;16;99;3.80;6;2;1;78;0;7231699;185;0
147;18;336;20;5;19;99;3.80;7;2;1;82;0;7231999;772;0
147;18;336;20;5;20;24;3.60;6;2;1;79;0;7232024;307;0
147;18;336;20;5;24;99;4.00;6;2;1;77;0;7232499;458;0
147;18;336;20;5;25;58;3.40;5;2;1;79;0;7232558;1445;0
147;18;336;20;5;26;99;4.00;3;1;1;75;0;7232699;1465;0
147;18;336;20;5;28;3;3.40;2;1;1;82;0;7232803;2588;0
147;18;336;20;5;29;99;3.60;6;2;1;67;0;7232999;481;0
147;18;336;20;5;30;16;3.60;3;1;1;74;0;7233016;297;0
147;18;336;20;5;30;24;3.80;7;2;1;78;0;7233024;1008;0
147;18;336;20;5;31;99;3.60;3;1;1;78;0;7233199;165;0
147;18;336;20;5;31;99;2.80;6;2;1;73;0;7233199;180;0
147;18;336;20;5;33;79;3.40;6;2;1;77;0;7233379;166;0
147;18;336;20;5;33;82;3.60;3;1;1;79;0;7233382;166;0
147;18;336;20;5;35;21;3.60;3;1;1;77;0;7233521;122;0
147;18;336;20;5;35;22;3.40;2;1;1;74;0;7233522;704;0
147;18;336;20;5;35;28;4.00;4;1;1;83;0;7233528;1815;0
147;18;336;20;5;37;99;3.60;3;1;1;76;0;7233799;261;0
147;18;336;20;5;42;99;3.40;3;1;1;72;0;7234299;482;0
147;18;336;20;5;45;37;3.20;5;2;1;73;0;7234537;1963;0
147;18;336;20;5;47;99;3.20;7;2;1;73;0;7234799;1757;0
147;18;336;20;5;47;99;3.60;6;2;1;64;0;7234799;1404;0
147;18;336;20;5;48;39;3.20;5;2;1;74;0;7234839;286;0
147;18;336;20;5;48;56;4.00;8;2;1;76;0;7234856;8867;0
147;18;336;20;5;50;99;3.80;4;1;1;79;0;7235099;1553;0
147;18;336;20;5;50;99;3.20;3;1;1;76;0;7235099;783;0
147;18;336;20;5;50;17;3.20;2;1;1;70;0;7235017;1478;0
147;18;336;20;5;51;99;3.20;4;1;1;88;0;7235199;82;0
147;18;336;20;5;53;16;6.00;6;2;1;78;0;7235316;496;0
147;18;336;20;5;54;12;3.80;8;2;1;74;0;7235412;537;0
147;18;336;20;5;54;99;4.00;5;2;1;93;0;7235499;644;0
147;18;336;20;5;54;99;3.40;2;1;1;73;0;7235499;465;0
147;18;336;20;5;55;99;3.20;3;1;1;81;0;7235599;484;0
147;18;336;20;5;56;87;3.40;3;1;1;78;0;7235687;73;0
147;18;336;20;5;56;99;3.80;8;2;1;76;0;7235699;268;0
147;18;336;20;5;57;99;4.00;6;2;1;97;0;7235799;455;0
147;18;336;20;5;59;28;3.80;5;2;1;85;0;7235928;413;0
147;18;336;20;5;59;99;3.40;3;1;1;75;0;7235999;296;0
147;18;336;20;5;59;99;3.80;6;2;1;84;0;7235999;185;0
147;18;336;20;6;3;5;3.60;6;2;1;73;0;7236305;289;0
147;18;336;20;6;5;13;3.80;7;2;1;85;0;7236513;1698;0
147;18;336;20;6;6;25;3.80;8;2;1;85;0;7236625;908;0
147;18;336;20;6;7;3;3.40;6;2;1;70;0;7236703;380;0
147;18;336;20;6;7;99;3.60;3;1;1;76;0;7236799;783;0
147;18;336;20;6;8;24;3.80;2;1;1;77;0;7236824;1308;0
147;18;336;20;6;9;88;8.60;6;2;2;75;0;7236988;267;0
147;18;336;20;6;10;99;3.60;5;2;1;75;0;7237099;1154;0
147;18;336;20;6;11;29;3.20;6;2;1;79;0;7237129;99;0
147;18;336;20;6;13;24;3.20;2;1;1;80;0;7237324;482;0
147;18;336;20;6;13;24;3.00;6;2;1;75;0;7237324;180;0
147;18;336;20;6;16;1;3.80;5;2;1;82;0;7237601;484;0
147;18;336;20;6;19;88;3.60;2;1;1;77;0;7237988;649;0
147;18;336;20;6;19;99;3.80;5;2;1;78;0;7237999;381;0
147;18;336;20;6;20;99;4.40;3;1;1;71;0;7238099;1282;0
147;18;336;20;6;20;99;3.00;7;2;1;74;0;7238099;1569;0
147;18;336;20;6;24;25;3.00;6;2;1;75;0;7238425;1086;0
147;18;336;20;6;24;34;3.20;3;1;1;78;0;7238434;312;0
147;18;336;20;6;25;99;3.60;7;2;1;76;0;7238599;485;0
147;18;336;20;6;26;17;4.20;2;1;1;78;0;7238617;612;0
147;18;336;20;6;27;90;3.20;5;2;1;81;0;7238790;773;0
147;18;336;20;6;27;79;4.60;6;2;1;77;0;7238779;339;0
147;18;336;20;6;28;99;3.40;5;2;1;81;0;7238899;94;0
147;18;336;20;6;28;99;4.00;6;2;1;74;0;7238899;98;0
147;18;336;20;6;28;99;3.40;2;1;1;70;0;7238899;262;0
147;18;336;20;6;28;99;3.40;3;1;1;76;0;7238899;450;0
147;18;336;20;6;30;99;3.20;6;2;1;75;0;7239099;180;0
147;18;336;20;6;31;99;3.80;3;1;1;82;0;7239199;283;0
147;18;336;20;6;31;13;4.00;7;2;1;82;0;7239113;496;0
147;18;336;20;6;31;24;3.40;6;2;1;77;0;7239124;9;0
147;18;336;20;6;33;7;3.80;5;2;1;82;0;7239307;392;0
147;18;336;20;6;33;99;3.80;3;1;1;90;0;7239399;183;0
147;18;336;20;6;33;99;3.60;2;1;1;90;0;7239399;482;0
147;18;336;20;6;33;99;3.60;7;2;1;77;0;7239399;268;0
147;18;336;20;6;34;60;3.60;1;1;1;73;0;7239460;14441;0
147;18;336;20;6;35;3;3.60;7;2;1;78;0;7239503;87;0
147;18;336;20;6;35;99;3.40;2;1;1;82;0;7239599;185;0
147;18;336;20;6;36;5;3.00;6;2;1;86;0;7239605;465;0
147;18;336;20;6;36;22;4.00;2;1;1;81;0;7239622;8;0
147;18;336;20;6;37;97;3.00;6;2;1;79;0;7239797;179;0
147;18;336;20;6;38;99;3.60;3;1;1;79;0;7239899;484;0
147;18;336;20;6;40;6;3.40;6;2;1;79;0;7240006;195;0
147;18;336;20;6;42;79;3.60;1;1;1;71;0;7240279;801;0
147;18;336;20;6;43;0;3.80;6;2;1;81;0;7240300;278;0
147;18;336;20;6;43;99;4.00;3;1;1;75;0;7240399;483;0
147;18;336;20;6;44;17;4.00;6;2;1;82;0;7240417;100;0
147;18;336;20;6;45;18;3.40;5;2;1;77;0;7240518;1194;0
147;18;336;20;6;47;50;3.00;5;2;1;78;0;7240750;216;0
147;18;336;20;6;49;99;3.80;3;1;1;75;0;7240999;580;0
147;18;336;20;6;50;99;3.40;3;1;1;75;0;7241099;81;0
147;18;336;20;6;51;7;3.60;5;2;1;82;0;7241107;343;0
147;18;336;20;6;52;19;3.60;6;2;1;79;0;7241219;784;0
147;18;336;20;6;52;60;4.00;3;1;1;79;0;7241260;144;0
147;18;336;20;6;53;99;3.60;7;2;1;80;0;7241399;1879;0
147;18;336;20;6;54;0;3.60;4;1;1;84;0;7241400;6187;0
147;18;336;20;6;53;99;3.60;2;1;1;72;0;7241399;1759;0
147;18;336;20;6;54;23;3.00;2;1;1;74;0;7241423;6;0
147;18;336;20;6;55;59;3.60;8;2;1;79;0;7241559;4917;0
147;18;336;20;6;57;99;3.20;3;1;1;73;0;7241799;520;0
147;18;336;20;6;57;9;4.40;6;2;1;81;0;7241709;473;0
147;18;336;20;6;58;99;3.60;7;2;1;84;0;7241899;483;0
147;18;336;20;6;58;99;3.20;3;1;1;71;0;7241899;84;0
147;18;336;20;6;58;99;5.80;4;1;1;76;0;7241899;483;0
147;18;336;20;6;59;1;3.40;2;1;1;68;0;7241901;463;0
147;18;336;20;6;59;19;3.40;5;2;1;82;0;7241919;796;0
147;18;336;20;7;3;99;3.20;1;1;1;67;0;7242399;2101;0
147;18;336;20;7;3;99;3.60;2;1;1;75;0;7242399;480;0
147;18;336;20;7;3;99;3.60;6;2;1;82;0;7242399;670;0
147;18;336;20;7;5;10;3.60;2;1;1;76;0;7242510;93;0
147;18;336;20;7;5;41;7.80;7;2;2;94;0;7242541;626;0
147;18;336;20;7;5;72;3.60;3;1;1;84;0;7242572;656;0
147;18;336;20;7;6;15;3.40;4;1;1;84;0;7242615;688;0
147;18;336;20;7;11;99;3.20;2;1;1;81;0;7243199;671;0
147;18;336;20;7;11;99;3.20;4;1;1;81;0;7243199;569;0
147;18;336;20;7;11;99;3.00;3;1;1;71;0;7243199;611;0
147;18;336;20;7;12;5;3.40;6;2;1;78;0;7243205;790;0
147;18;336;20;7;12;7;3.80;4;1;1;83;0;7243207;-1;0
147;18;336;20;7;13;99;4.20;2;1;1;84;0;7243399;185;0
147;18;336;20;7;14;18;4.00;3;1;1;76;0;7243418;203;0
147;18;336;20;7;14;99;3.80;8;2;1;82;0;7243499;1923;0
147;18;336;20;7;17;99;12.00;4;1;2;85;0;7243799;575;0
147;18;336;20;7;18;65;4.00;6;2;1;87;0;7243865;644;0
147;18;336;20;7;18;73;4.60;3;1;1;81;0;7243873;436;0
147;18;336;20;7;21;24;3.00;7;2;1;74;0;7244124;1553;0
147;18;336;20;7;21;99;3.40;3;1;1;77;0;7244199;305;0
147;18;336;20;7;22;19;3.60;6;2;1;79;0;7244219;337;0
147;18;336;20;7;23;50;3.40;2;1;1;75;0;7244350;933;0
147;18;336;20;7;24;99;3.80;7;2;1;78;0;7244499;360;0
147;18;336;20;7;25;39;3.20;3;1;1;74;0;7244539;324;0
147;18;336;20;7;26;99;3.60;6;2;1;83;0;7244699;463;0
147;18;336;20;7;28;76;3.20;3;1;1;78;0;7244876;321;0
147;18;336;20;7;29;99;3.60;4;1;1;85;0;7244999;1149;0
147;18;336;20;7;31;99;3.80;3;1;1;78;0;7245199;308;0
147;18;336;20;7;33;5;3.80;6;2;1;83;0;7245305;590;0
147;18;336;20;7;34;18;4.00;6;2;1;77;0;7245418;96;0
147;18;336;20;7;35;99;3.40;2;1;1;78;0;7245599;1232;0
147;18;336;20;7;35;99;4.00;8;2;1;72;0;7245599;2083;0
147;18;336;20;7;37;99;3.00;4;1;1;84;0;7245799;784;0
147;18;336;20;7;38;2;3.40;8;2;1;69;0;7245802;183;0
147;18;336;20;7;38;21;3.60;2;1;1;72;0;7245821;206;0
147;18;336;20;7;38;67;3.40;3;1;1;78;0;7245867;650;0
147;18;336;20;7;40;99;3.40;1;1;1;86;0;7246099;3682;0
147;18;336;20;7;40;21;3.80;6;2;1;83;0;7246021;584;0
147;18;336;20;7;41;89;3.80;1;1;1;81;0;7246189;75;0
147;18;336;20;7;41;81;3.40;2;1;1;63;0;7246181;342;0
147;18;336;20;7;44;99;3.60;2;1;1;78;0;7246499;298;0
147;18;336;20;7;45;14;3.40;2;1;1;72;0;7246514;-1;0
147;18;336;20;7;46;48;3.80;2;1;1;73;0;7246648;117;0
147;18;336;20;7;46;62;3.20;4;1;1;81;0;7246662;850;0
147;18;336;20;7;47;99;3.00;2;1;1;76;0;7246799;132;0
147;18;336;20;7;49;99;3.60;2;1;1;81;0;7246999;185;7243199
147;18;336;20;7;50;99;3.60;6;2;1;77;0;7247099;1061;0
147;18;336;20;7;51;62;3.80;5;2;1;83;0;7247162;5228;0
147;18;336;20;7;52;6;3.60;2;1;1;75;0;7247206;191;7243199
147;18;336;20;7;53;99;3.40;2;1;1;73;0;7247399;175;7243199
147;18;336;20;7;53;99;3.80;6;2;1;78;0;7247399;283;0
147;18;336;20;7;53;39;3.80;5;2;1;83;0;7247339;160;0
147;18;336;20;7;54;21;3.40;6;2;1;77;0;7247421;4;0
147;18;336;20;7;54;73;3.80;7;2;1;77;0;7247473;2956;0
147;18;336;20;7;56;21;3.00;6;2;1;83;0;7247621;184;0
147;18;336;20;7;56;60;3.40;2;1;1;76;0;7247660;244;0
147;18;336;20;7;57;99;4.00;2;1;1;74;0;7247799;122;0
147;18;336;20;7;57;99;3.60;6;2;1;81;0;7247799;164;0
147;18;336;20;7;59;67;3.60;6;2;1;83;0;7247967;152;7247399
147;18;336;20;8;0;99;3.80;6;2;1;84;0;7248099;116;7247399
147;18;336;20;8;1;34;4.20;6;2;1;86;0;7248134;18;7247399
147;18;336;20;8;2;99;3.80;5;2;1;88;0;7248299;943;0
147;18;336;20;8;2;99;5.40;7;2;1;94;0;7248299;808;0
147;18;336;20;8;3;99;3.80;5;2;1;90;0;7248399;84;0
147;18;336;20;8;4;49;3.20;1;1;1;75;0;7248449;2243;0
147;18;336;20;8;12;21;3.80;8;2;1;79;0;7249221;3401;0
147;18;336;20;8;12;99;4.00;6;2;1;81;0;7249299;1147;0
147;18;336;20;8;13;99;3.60;7;2;1;80;0;7249399;1079;0
147;18;336;20;8;14;36;3.40;3;1;1;69;0;7249436;3553;0
147;18;336;20;8;16;1;3.80;2;1;1;73;0;7249601;1782;0
147;18;336;20;8;18;15;2.80;6;2;1;86;0;7249815;498;0
147;18;336;20;8;18;99;3.40;6;2;1;80;0;7249899;72;0
147;18;336;20;8;20;99;4.00;7;2;1;81;0;7250099;683;0
147;18;336;20;8;20;99;3.60;6;2;1;90;0;7250099;184;0
147;18;336;20;8;20;99;4.20;3;1;1;76;0;7250099;645;0
147;18;336;20;8;21;2;3.80;7;2;1;81;0;7250102;-1;0
147;18;336;20;8;21;4;3.60;3;1;1;77;0;7250104;-1;0
147;18;336;20;8;23;99;3.80;2;1;1;74;0;7250399;779;0
147;18;336;20;8;24;63;4.00;3;1;1;82;0;7250463;342;0
147;18;336;20;8;25;99;3.40;2;1;1;75;0;7250599;181;0
147;18;336;20;8;25;99;3.80;6;2;1;87;0;7250599;485;0
147;18;336;20;8;27;99;3.80;2;1;1;88;0;7250799;183;0
147;18;336;20;8;28;99;5.00;7;2;1;79;0;7250899;780;0
147;18;336;20;8;29;47;3.40;7;2;1;79;0;7250947;25;0
147;18;336;20;8;30;6;4.00;6;2;1;75;0;7251006;391;0
147;18;336;20;8;31;99;4.80;5;2;1;77;0;7251199;2784;0
147;18;336;20;8;32;60;4.00;8;2;1;77;0;7251260;2021;0
147;18;336;20;8;34;8;4.00;6;2;1;84;0;7251408;382;0
147;18;336;20;8;35;95;3.80;2;1;1;78;0;7251595;780;0
147;18;336;20;8;38;1;4.20;7;2;1;78;0;7251801;838;0
147;18;336;20;8;38;99;3.60;2;1;1;82;0;7251899;286;0
147;18;336;20;8;38;99;3.20;5;2;1;76;0;7251899;677;0
147;18;336;20;8;39;11;3.40;6;2;1;78;0;7251911;485;0
147;18;336;20;8;41;1;3.80;2;1;1;84;0;7252101;186;0
147;18;336;20;8;42;24;3.00;4;1;1;82;0;7252224;5547;0
147;18;336;20;8;42;9;3.00;7;2;1;73;0;7252209;388;0
147;18;336;20;8;43;9;3.80;6;2;1;81;0;7252309;382;0
147;18;336;20;8;43;21;3.40;3;1;1;75;0;7252321;1840;0
147;18;336;20;8;44;0;3.60;6;2;1;86;0;7252400;74;0
147;18;336;20;8;47;18;3.80;6;2;1;74;0;7252718;302;0
147;18;336;20;8;47;63;3.60;2;1;1;76;0;7252763;645;0
147;18;336;20;8;48;99;3.60;1;1;1;79;0;7252899;4434;0
147;18;336;20;8;48;99;4.20;6;2;1;75;0;7252899;162;0
147;18;336;20;8;50;0;3.80;6;2;1;76;0;7253000;80;0
147;18;336;20;8;50;15;4.00;7;2;1;79;0;7253015;791;0
147;18;336;20;8;50;51;3.60;5;2;1;75;0;7253051;1136;0
147;18;336;20;8;50;72;3.40;4;1;1;86;0;7253072;834;0
147;18;336;20;8;51;99;3.40;2;1;1;73;0;7253199;418;0
147;18;336;20;8;51;99;3.80;7;2;1;81;0;7253199;165;0
147;18;336;20;8;52;13;3.40;6;2;1;77;0;7253213;195;0
147;18;336;20;8;52;33;3.80;8;2;1;73;0;7253233;1954;0
147;18;336;20;8;53;17;3.60;3;1;1;79;0;7253317;979;0
147;18;336;20;8;53;89;3.20;7;2;1;76;0;7253389;173;0
147;18;336;20;8;54;99;3.60;7;2;1;77;0;7253499;94;0
147;18;336;20;8;56;99;3.00;3;1;1;74;0;7253699;365;0
147;18;336;20;8;57;99;3.80;5;2;1;80;0;7253799;730;0
147;18;336;20;8;57;27;3.20;6;2;1;72;0;7253727;498;0
147;18;336;20;8;58;12;3.60;3;1;1;76;0;7253812;98;0
147;18;336;20;8;59;21;3.20;3;1;1;76;0;7253921;91;0
147;18;336;20;8;59;99;3.60;4;1;1;86;0;7253999;912;0
147;18;336;20;9;0;11;3.80;7;2;1;82;0;7254011;495;0
147;18;336;20;9;1;99;3.40;7;2;1;83;0;7254199;171;0
147;18;336;20;9;2;99;3.80;2;1;1;76;0;7254299;1083;0
147;18;336;20;9;2;34;3.60;4;1;1;80;0;7254234;219;0
147;18;336;20;9;4;9;3.40;2;1;1;82;0;7254409;92;0
147;18;336;20;9;4;20;3.40;6;2;1;75;0;7254420;677;0
147;18;336;20;9;4;99;3.60;5;2;1;73;0;7254499;682;0
147;18;336;20;9;5;2;3.20;3;1;1;73;0;7254502;565;0
147;18;336;20;9;5;16;4.00;7;2;1;84;0;7254516;302;0
147;18;336;20;9;6;10;3.20;3;1;1;74;0;7254610;92;0
147;18;336;20;9;8;99;3.60;6;2;1;86;0;7254899;462;0
147;18;336;20;9;11;4;4.20;7;2;1;82;0;7255104;570;0
147;18;336;20;9;12;99;3.20;5;2;1;83;0;7255299;782;0
147;18;336;20;9;16;83;4.80;3;1;1;71;0;7255683;1057;0
147;18;336;20;9;16;99;3.40;6;2;1;84;0;7255699;784;0
147;18;336;20;9;17;8;3.60;2;1;1;74;0;7255708;1284;0
147;18;336;20;9;18;30;4.40;8;2;1;78;0;7255830;2578;0
147;18;336;20;9;21;77;3.80;7;2;1;75;0;7256177;1054;0
147;18;336;20;9;22;99;3.40;6;2;1;86;0;7256299;585;0
147;18;336;20;9;25;99;3.40;6;2;1;81;0;7256599;285;0
147;18;336;20;9;25;99;3.40;4;1;1;86;0;7256599;2348;0
147;18;336;20;9;26;95;3.60;5;2;1;88;0;7256695;1382;0
147;18;336;20;9;26;99;6.00;2;1;1;78;0;7256699;973;0
147;18;336;20;9;27;99;3.20;6;2;1;81;0;7256799;184;0
147;18;336;20;9;28;46;3.60;2;1;1;86;0;7256846;119;0
147;18;336;20;9;29;99;3.80;8;2;1;91;0;7256999;1148;0
147;18;336;20;9;30;99;5.00;2;1;1;77;0;7257099;237;0
147;18;336;20;9;30;15;3.80;6;2;1;82;0;7257015;201;0
147;18;336;20;9;31;99;3.00;4;1;1;79;0;7257199;585;0
147;18;336;20;9;32;99;4.00;2;1;1;80;0;7257299;176;0
147;18;336;20;9;33;31;3.60;4;1;1;79;0;7257331;118;0
147;18;336;20;9;33;39;3.60;1;1;1;81;0;7257339;4423;0
147;18;336;20;9;35;0;3.80;3;1;1;78;0;7257500;1792;0
147;18;336;20;9;37;99;4.20;6;2;1;77;0;7257799;767;0
147;18;336;20;9;38;28;3.20;6;2;1;77;0;7257828;9;0
147;18;336;20;9;38;34;3.60;2;1;1;81;0;7257834;517;0
147;18;336;20;9;39;99;3.20;6;2;1;76;0;7257999;156;0
147;18;336;20;9;40;0;3.40;2;1;1;80;0;7258000;150;0
147;18;336;20;9;40;99;3.20;5;2;1;80;0;7258099;1389;0
147;18;336;20;9;41;74;4.20;5;2;1;84;0;7258174;60;0
147;18;336;20;9;41;75;3.80;1;1;1;79;0;7258175;820;0
147;18;336;20;9;42;6;3.20;6;2;1;75;0;7258206;191;0
147;18;336;20;9;43;99;3.60;6;2;1;75;0;7258399;177;7257799
147;18;336;20;9;44;99;3.20;2;1;1;74;0;7258499;483;0
147;18;336;20;9;45;99;5.40;6;2;1;77;0;7258599;182;7257799
147;18;336;20;9;46;19;3.60;3;1;1;78;0;7258619;1101;0
147;18;336;20;9;48;23;3.80;3;1;1;79;0;7258823;187;0
147;18;336;20;9;49;61;3.80;4;1;1;80;0;7258961;1613;0
147;18;336;20;9;50;99;3.60;7;2;1;82;0;7259099;2903;0
147;18;336;20;9;50;99;3.60;2;1;1;79;0;7259099;584;0
147;18;336;20;9;50;99;3.40;6;2;1;74;0;7259099;474;0
147;18;336;20;9;51;64;2.80;2;1;1;74;0;7259164;48;0
147;18;336;20;9;52;18;3.20;3;1;1;81;0;7259218;377;0
147;18;336;20;9;52;99;3.40;6;2;1;80;0;7259299;183;0
147;18;336;20;9;53;99;3.20;3;1;1;80;0;7259399;166;0
147;18;336;20;9;54;86;4.00;4;1;1;81;0;7259486;507;0
147;18;336;20;9;54;99;3.00;7;2;1;74;0;7259499;384;0
147;18;336;20;9;55;99;3.60;5;2;1;81;0;7259599;1407;0
147;18;336;20;9;55;99;3.80;2;1;1;78;0;7259599;421;0
147;18;336;20;9;56;7;3.00;6;2;1;79;0;7259607;292;0
147;18;336;20;9;56;18;3.80;5;2;1;81;0;7259618;3;0
147;18;336;20;9;57;11;3.40;3;1;1;73;0;7259711;297;0
147;18;336;20;10;0;99;3.40;6;2;1;81;0;7260099;478;0
147;18;336;20;10;0;99;3.60;5;2;1;90;0;7260099;464;0
147;18;336;20;10;0;99;3.40;2;1;1;81;0;7260099;482;0
147;18;336;20;10;1;16;3.60;3;1;1;73;0;7260116;388;0
147;18;336;20;10;1;30;3.80;6;2;1;78;0;7260130;15;0
147;18;336;20;10;2;99;3.60;1;1;1;73;0;7260299;2106;0
147;18;336;20;10;3;99;3.60;6;2;1;82;0;7260399;251;0
147;18;336;20;10;4;43;3.40;2;1;1;79;0;7260443;328;0
147;18;336;20;10;4;79;3.20;7;2;1;81;0;7260479;965;0
147;18;336;20;10;7;4;4.20;7;2;1;88;0;7260704;210;0
147;18;336;20;10;7;12;3.60;2;1;1;71;0;7260712;253;0
147;18;336;20;10;7;51;6.80;6;2;1;78;0;7260751;336;0
147;18;336;20;10;8;99;3.80;2;1;1;82;0;7260899;168;0
147;18;336;20;10;16;99;3.80;2;1;1;83;0;7261699;783;0
147;18;336;20;10;15;68;17.40;3;1;5;78;0;7261568;1434;0
147;18;336;20;10;17;82;7.00;6;2;1;73;0;7261782;999;0
147;18;336;20;10;18;99;3.60;1;1;1;79;0;7261899;1582;0
147;18;336;20;10;20;6;4.00;1;1;1;82;0;7262006;90;0
147;18;336;20;10;20;99;3.60;5;2;1;82;0;7262099;1985;0
147;18;336;20;10;21;99;3.40;3;1;1;80;0;7262199;550;0
147;18;336;20;10;22;21;3.60;2;1;1;81;0;7262221;505;0
147;18;336;20;10;23;19;3.60;6;2;1;87;0;7262319;502;0
147;18;336;20;10;23;99;3.20;3;1;1;82;0;7262399;184;0
147;18;336;20;10;30;92;3.40;2;1;1;77;0;7263092;855;0
147;18;336;20;10;30;99;3.00;6;2;1;69;0;7263099;765;0
147;18;336;20;10;32;13;3.40;6;2;1;68;0;7263213;98;0
147;18;336;20;10;33;99;3.60;5;2;1;80;0;7263399;1284;0
147;18;336;20;10;33;99;4.00;1;1;1;82;0;7263399;1375;0
147;18;336;20;10;34;99;3.40;2;1;1;78;0;7263499;391;0
147;18;336;20;10;34;99;3.40;4;1;1;80;0;7263499;3995;0
147;18;336;20;10;35;63;3.40;5;2;1;81;0;7263563;147;0
147;18;336;20;10;35;66;3.40;6;2;1;73;0;7263566;335;0
147;18;336;20;10;36;99;3.40;6;2;1;74;0;7263699;116;0
147;18;336;20;10;36;99;3.60;7;2;1;68;0;7263699;2977;0
147;18;336;20;10;37;23;3.80;5;2;1;81;0;7263723;144;0
147;18;336;20;10;37;14;3.20;2;1;1;77;0;7263714;199;0
147;18;336;20;10;38;6;3.60;1;1;1;82;0;7263806;389;0
147;18;336;20;10;38;99;3.00;3;1;1;78;0;7263899;1485;0
147;18;336;20;10;38;99;3.60;7;2;1;75;0;7263899;180;0
147;18;336;20;10;39;99;3.00;6;2;1;74;0;7263999;283;0
147;18;336;20;10;40;41;3.40;1;1;1;72;0;7264041;219;0
147;18;336;20;10;40;93;4.40;2;1;1;83;0;7264093;364;0
147;18;336;20;10;40;99;3.80;3;1;1;76;0;7264099;186;0
147;18;336;20;10;42;26;3.60;2;1;1;83;0;7264226;113;0
147;18;336;20;10;43;96;3.80;6;2;1;81;0;7264396;382;0
147;18;336;20;10;43;99;3.20;2;1;1;76;0;7264399;157;0
147;18;336;20;10;43;99;3.80;1;1;1;83;0;7264399;341;0
147;18;336;20;10;44;99;3.60;3;1;1;75;0;7264499;382;0
147;18;336;20;10;44;99;3.60;5;2;1;80;0;7264499;759;0
147;18;336;20;10;45;81;3.80;3;1;1;74;0;7264581;64;0
147;18;336;20;10;46;99;3.80;6;2;1;79;0;7264699;286;0
147;18;336;20;10;48;85;3.60;6;2;1;78;0;7264885;168;0
147;18;336;20;10;50;63;3.40;4;1;1;83;0;7265063;1548;0
147;18;336;20;10;52;99;3.60;3;1;1;78;0;7265299;699;0
147;18;336;20;10;53;71;3.80;6;2;1;82;0;7265371;469;0
147;18;336;20;10;54;99;3.40;3;1;1;75;0;7265499;183;0
147;18;336;20;10;54;99;3.60;2;1;1;88;0;7265499;1084;0
147;18;336;20;10;56;14;3.40;7;2;1;82;0;7265614;1697;0
147;18;336;20;10;56;99;3.80;6;2;1;80;0;7265699;311;0
147;18;336;20;10;58;88;3.60;2;1;1;88;0;7265888;374;0
147;18;336;20;10;58;99;5.40;7;2;1;86;0;7265899;270;0
147;18;336;20;11;1;12;3.60;7;2;1;89;0;7266112;190;0
147;18;336;20;11;2;10;3.60;3;1;1;79;0;7266210;694;0
147;18;336;20;11;3;21;3.80;2;1;1;82;0;7266321;418;0
147;18;336;20;11;3;65;3.60;8;2;1;72;0;7266365;9350;0
147;18;336;20;11;4;99;4.00;8;2;1;73;0;7266499;116;0
147;18;336;20;11;4;99;3.40;2;1;1;78;0;7266499;161;0
147;18;336;20;11;6;99;3.60;6;2;1;72;0;7266699;982;0
147;18;336;20;11;8;50;3.40;3;1;1;74;0;7266850;623;0
147;18;336;20;11;9;99;3.40;3;1;1;72;0;7266999;132;0
147;18;336;20;11;10;20;3.80;4;1;1;94;0;7267020;1942;0
147;18;336;20;11;11;99;3.40;7;2;1;78;0;7267199;1072;0
147;18;336;20;11;11;99;3.60;6;2;1;75;0;7267199;482;0
147;18;336;20;11;12;99;3.60;3;1;1;69;0;7267299;283;0
147;18;336;20;11;13;20;3.80;6;2;1;74;0;7267320;103;0
147;18;336;20;11;13;44;3.80;4;1;1;84;0;7267344;309;0
147;18;336;20;11;13;49;3.80;7;2;1;83;0;7267349;134;0
147;18;336;20;11;14;99;3.40;6;2;1;72;0;7267499;160;0
147;18;336;20;11;15;22;3.20;5;2;1;80;0;7267522;3006;0
147;18;336;20;11;15;99;3.80;2;1;1;75;0;7267599;1084;0
147;18;336;20;11;16;1;3.80;3;1;1;72;0;7267601;283;0
147;18;336;20;11;17;2;3.00;6;2;1;75;0;7267702;186;0
147;18;336;20;11;17;2;3.60;5;2;1;78;0;7267702;165;0
147;18;336;20;11;17;99;4.00;2;1;1;76;0;7267799;181;0
147;18;336;20;11;18;8;4.00;5;2;1;78;0;7267808;89;0
147;18;336;20;11;20;15;3.20;5;2;1;83;0;7268015;188;0
147;18;336;20;11;20;99;3.20;6;2;1;75;0;7268099;382;0
147;18;336;20;11;21;47;3.60;3;1;1;82;0;7268147;527;0
147;18;336;20;11;22;99;3.40;5;2;1;84;0;7268299;270;0
147;18;336;20;11;24;23;4.00;3;1;1;82;0;7268423;260;0
147;18;336;20;11;24;99;3.20;6;2;1;76;0;7268499;384;0
147;18;336;20;11;25;99;3.80;2;1;1;77;0;7268599;781;0
147;18;336;20;11;26;11;3.20;8;2;1;67;0;7268611;2092;0
147;18;336;20;11;28;99;3.80;1;1;1;86;0;7268899;4483;0
147;18;336;20;11;29;6;3.40;6;2;1;77;0;7268906;391;0
147;18;336;20;11;30;99;3.40;5;2;1;96;0;7269099;785;0
147;18;336;20;11;30;99;3.60;6;2;1;82;0;7269099;177;0
147;18;336;20;11;31;23;2.60;7;2;1;79;0;7269123;1757;0
147;18;336;20;11;31;30;3.80;3;1;1;71;0;7269130;689;0
147;18;336;20;11;34;22;3.40;7;2;1;83;0;7269422;287;0
147;18;336;20;11;35;99;3.60;7;2;1;80;0;7269599;162;0
147;18;336;20;11;36;18;3.20;3;1;1;80;0;7269618;468;0
147;18;336;20;11;36;30;3.40;5;2;1;83;0;7269630;518;0
147;18;336;20;11;36;76;3.40;7;2;1;80;0;7269676;60;0
147;18;336;20;11;39;4;3.20;7;2;1;75;0;7269904;212;0
147;18;336;20;11;44;83;3.80;1;1;1;81;0;7270483;1568;0
147;18;336;20;11;45;99;3.80;6;2;1;81;0;7270599;1484;0
147;18;336;20;11;46;40;3.40;6;2;1;82;0;7270640;24;0
147;18;336;20;11;48;14;3.60;7;2;1;76;0;7270814;894;0
147;18;336;20;11;49;16;3.20;3;1;1;82;0;7270916;1283;0
147;18;336;20;11;51;9;3.60;6;2;1;77;0;7271109;454;0
147;18;336;20;11;53;99;3.40;2;1;1;76;0;7271399;2782;0
147;18;336;20;11;53;99;3.60;8;2;1;75;0;7271399;2770;0
147;18;336;20;11;54;30;3.60;6;2;1;79;0;7271430;304;0
147;18;336;20;11;54;74;3.60;3;1;1;81;0;7271474;543;0
147;18;336;20;11;55;7;4.00;5;2;1;81;0;7271507;1862;0
147;18;336;20;11;56;99;6.40;4;1;1;74;0;7271699;4338;0
147;18;336;20;11;57;60;4.00;5;2;1;80;0;7271760;235;0
147;18;336;20;11;58;4;3.20;6;2;1;78;0;7271804;357;0
147;18;336;20;11;58;99;3.40;4;1;1;82;0;7271899;168;0
147;18;336;20;11;58;99;3.80;8;2;1;79;0;7271899;482;0
147;18;336;20;11;59;48;3.40;3;1;1;80;0;7271948;458;0
147;18;336;20;12;0;14;3.80;6;2;1;81;0;7272014;195;0
147;18;336;20;12;0;94;3.60;2;1;1;58;0;7272094;678;0
147;18;336;20;12;1;99;3.60;6;2;1;80;0;7272199;168;0
147;18;336;20;12;5;3;2.40;3;1;1;82;0;7272503;539;0
147;18;336;20;12;5;99;4.40;7;2;1;88;0;7272599;1767;0
147;18;336;20;12;5;99;3.60;6;2;1;75;0;7272599;383;0
147;18;336;20;12;8;99;3.60;6;2;1;70;0;7272899;282;0
147;18;336;20;12;8;99;3.80;8;2;1;86;0;7272899;982;0
147;18;336;20;12;9;99;3.60;7;2;1;66;0;7272999;382;0
147;18;336;20;12;10;85;3.40;7;2;1;67;0;7273085;66;0
147;18;336;20;12;10;95;3.20;3;1;1;71;0;7273095;581;0
147;18;336;20;12;10;99;4.60;2;1;1;82;0;7273099;982;0
147;18;336;20;12;11;99;3.60;1;1;1;86;0;7273199;2699;0
147;18;336;20;12;12;25;3.40;6;2;1;79;0;7273225;307;0
147;18;336;20;12;12;78;3.60;4;1;1;77;0;7273278;1364;0
147;18;336;20;12;16;99;3.80;2;1;1;82;0;7273699;579;0
147;18;336;20;12;16;99;3.20;3;1;1;79;0;7273699;587;0
147;18;336;20;12;20;99;3.80;2;1;1;77;0;7274099;383;0
147;18;336;20;12;20;99;3.80;3;1;1;80;0;7274099;385;0
147;18;336;20;12;21;0;3.40;6;2;1;77;0;7274100;859;0
147;18;336;20;12;22;99;3.60;6;2;1;75;0;7274299;183;0
147;18;336;20;12;23;94;4.40;6;2;1;73;0;7274394;77;0
147;18;336;20;12;23;99;3.80;1;1;1;74;0;7274399;1184;0
147;18;336;20;12;23;99;3.80;4;1;1;80;0;7274399;1104;0
147;18;336;20;12;25;21;3.40;4;1;1;85;0;7274521;104;0
147;18;336;20;12;26;99;3.80;2;1;1;80;0;7274699;582;0
147;18;336;20;12;26;99;3.60;6;2;1;73;0;7274699;283;0
147;18;336;20;12;27;0;3.60;5;2;1;82;0;7274700;2922;0
147;18;336;20;12;27;27;3.40;2;1;1;81;0;7274727;10;0
147;18;336;20;12;27;29;3.80;3;1;1;75;0;7274729;612;0
147;18;336;20;12;27;55;4.60;6;2;1;88;0;7274755;38;0
147;18;336;20;12;29;2;3.80;1;1;1;76;0;7274902;484;0
147;18;336;20;12;30;76;3.60;1;1;1;68;0;7275076;156;0
147;18;336;20;12;30;33;9.00;7;2;2;55;0;7275033;1929;0
147;18;336;20;12;32;7;3.60;2;1;1;75;0;7275207;464;0
147;18;336;20;12;32;23;4.20;6;2;1;80;0;7275223;449;0
147;18;336;20;12;33;97;3.60;5;2;1;79;0;7275397;681;0
147;18;336;20;12;33;99;4.20;8;2;1;73;0;7275399;2484;0
147;18;336;20;12;35;49;3.80;1;1;1;77;0;7275549;453;0
147;18;336;20;12;37;4;4.00;5;2;1;87;0;7275704;290;0
147;18;336;20;12;37;32;3.40;5;2;1;87;0;7275732;11;0
147;18;336;20;12;38;89;8.60;6;2;6;76;0;7275889;647;0
147;18;336;20;12;39;99;4.00;5;2;1;88;0;7275999;252;0
147;18;336;20;12;40;2;3.60;6;2;1;72;0;7276002;72;0
147;18;336;20;12;43;70;3.80;1;1;1;91;0;7276370;803;0
147;18;336;20;12;49;99;3.00;4;1;1;74;0;7276999;2463;0
147;18;336;20;12;49;99;3.20;2;1;1;77;0;7276999;1774;0
147;18;336;20;12;49;99;4.40;3;1;1;70;0;7276999;2251;0
147;18;336;20;12;51;99;3.40;2;1;1;75;0;7277199;185;0
147;18;336;20;12;51;99;3.60;3;1;1;79;0;7277199;177;0
147;18;336;20;12;53;62;4.00;3;1;1;80;0;7277362;146;0
147;18;336;20;12;55;0;3.60;7;2;1;76;0;7277500;2408;0
147;18;336;20;12;55;12;3.60;3;1;1;83;0;7277512;132;0
147;18;336;20;12;55;18;3.60;8;2;1;88;0;7277518;2098;0
147;18;336;20;12;56;99;3.60;5;2;1;87;0;7277699;1683;0
147;18;336;20;12;56;99;3.40;7;2;1;76;0;7277699;181;0
147;18;336;20;12;57;21;3.20;6;2;1;80;0;7277721;1701;0
147;18;336;20;12;57;99;3.00;2;1;1;79;0;7277799;583;0
147;18;336;20;12;58;70;3.20;3;1;1;79;0;7277870;342;0
147;18;336;20;12;59;99;3.60;6;2;1;73;0;7277999;263;0
147;18;336;20;12;59;99;12.60;5;2;3;85;0;7277999;285;0
147;18;336;20;13;1;1;3.40;6;2;1;79;0;7278101;84;0
147;18;336;20;13;4;99;4.00;3;1;1;73;0;7278499;614;0
147;18;336;20;13;5;16;3.40;2;1;1;77;0;7278516;703;0
147;18;336;20;13;6;99;3.80;6;2;1;81;0;7278699;582;0
147;18;336;20;13;7;99;3.60;3;1;1;74;0;7278799;280;0
147;18;336;20;13;7;99;4.00;2;1;1;81;0;7278799;267;0
147;18;336;20;13;7;40;8.20;7;2;1;57;0;7278740;1024;0
147;18;336;20;13;10;5;3.40;3;1;1;74;0;7279005;188;0
147;18;336;20;13;10;99;3.80;6;2;1;76;0;7279099;383;0
147;18;336;20;13;11;20;4.00;4;1;1;81;0;7279120;2106;0
147;18;336;20;13;12;17;3.20;6;2;1;72;0;7279217;100;0
147;18;336;20;13;9;93;4.00;7;2;1;15;0;7278993;201;0
147;18;336;20;13;13;7;3.80;5;2;1;76;0;7279307;1254;0
147;18;336;20;13;12;99;3.80;7;2;1;64;0;7279299;210;0
147;18;336;20;13;15;99;3.20;6;2;1;76;0;7279599;366;0
147;18;336;20;13;17;14;3.20;6;2;1;74;0;7279714;99;0
147;18;336;20;13;17;99;3.80;5;2;1;78;0;7279799;474;0
147;18;336;20;13;18;20;3.60;6;2;1;72;0;7279820;90;0
147;18;336;20;13;19;99;5.00;6;2;1;72;0;7279999;161;0
147;18;336;20;13;21;27;3.60;5;2;1;81;0;7280127;310;0
147;18;336;20;13;21;23;3.60;3;1;1;83;0;7280123;1101;0
147;18;336;20;13;22;7;3.20;6;2;1;74;0;7280207;183;7279599
147;18;336;20;13;22;99;3.80;3;1;1;81;0;7280299;160;7279599
147;18;336;20;13;23;99;3.00;3;1;1;81;0;7280399;83;7279599
147;18;336;20;13;23;3;3.60;6;2;1;77;0;7280303;80;7279599
147;18;336;20;13;24;88;3.80;4;1;1;82;0;7280488;1350;0
147;18;336;20;13;25;0;3.40;6;2;1;78;0;7280500;180;7279599
147;18;336;20;13;25;99;3.60;6;2;1;79;0;7280599;83;7279599
147;18;336;20;13;26;99;5.20;3;1;1;66;0;7280699;286;0
147;18;336;20;13;27;4;3.60;5;2;1;89;0;7280704;561;0
147;18;336;20;13;27;19;3.40;8;2;1;88;0;7280719;3186;0
147;18;336;20;13;27;94;4.20;7;2;1;71;0;7280794;1473;0
147;18;336;20;13;29;22;3.20;2;1;1;79;0;7280922;2105;0
147;18;336;20;13;29;86;3.80;6;2;1;81;0;7280986;370;0
147;18;336;20;13;31;42;3.60;3;1;1;82;0;7281142;414;0
147;18;336;20;13;31;53;3.80;5;2;1;86;0;7281153;434;0
147;18;336;20;13;32;99;3.80;7;2;1;83;0;7281299;483;0
147;18;336;20;13;32;99;3.60;2;1;1;79;0;7281299;362;0
147;18;336;20;13;36;99;3.60;7;2;1;86;0;7281699;383;0
147;18;336;20;13;36;13;3.60;2;1;1;82;0;7281613;297;0
147;18;336;20;13;37;99;3.80;7;2;1;84;0;7281799;84;0
147;18;336;20;13;38;3;3.40;1;1;1;75;0;7281803;5417;0
147;18;336;20;13;38;13;4.00;3;1;1;79;0;7281813;655;0
147;18;336;20;13;39;86;3.60;5;2;1;84;0;7281986;817;0
147;18;336;20;13;40;34;3.60;6;2;1;94;0;7282034;1031;0
147;18;336;20;13;42;26;3.20;6;2;1;80;0;7282226;178;0
147;18;336;20;13;43;99;6.00;3;1;1;72;0;7282399;567;0
147;18;336;20;13;44;76;3.20;3;1;1;69;0;7282476;47;0
147;18;336;20;13;45;99;3.40;7;2;1;70;0;7282599;783;0
147;18;336;20;13;45;99;3.80;4;1;1;81;0;7282599;2094;0
147;18;336;20;13;45;99;3.20;6;2;1;81;0;7282599;358;0
147;18;336;20;13;45;99;3.20;2;1;1;78;0;7282599;970;0
147;18;336;20;13;46;13;2.80;3;1;1;71;0;7282613;120;0
147;18;336;20;13;46;12;3.80;1;1;1;82;0;7282612;792;0
147;18;336;20;13;46;15;3.60;2;1;1;73;0;7282615;1;0
147;18;336;20;13;47;22;4.00;5;2;1;81;0;7282722;720;0
147;18;336;20;13;48;99;3.80;3;1;1;68;0;7282899;271;0
147;18;336;20;13;49;25;3.60;3;1;1;69;0;7282925;5;0
147;18;336;20;13;52;79;3.40;3;1;1;72;0;7283279;335;0
147;18;336;20;13;53;99;3.60;6;2;1;80;0;7283399;785;0
147;18;336;20;13;55;70;5.40;4;1;1;71;0;7283570;954;0
147;18;336;20;13;55;99;9.40;3;1;6;71;0;7283599;303;0
147;18;336;20;13;55;99;3.60;2;1;1;75;0;7283599;966;0
147;18;336;20;13;56;1;3.80;4;1;1;70;0;7283601;3;0
147;18;336;20;13;57;48;3.40;6;2;1;75;0;7283748;332;0
147;18;336;20;13;57;61;3.60;5;2;1;83;0;7283761;1021;0
147;18;336;20;13;58;99;3.40;4;1;1;76;0;7283899;278;0
147;18;336;20;14;0;4;3.20;6;2;1;76;0;7284004;239;0
147;18;336;20;14;0;91;3.80;4;1;1;78;0;7284091;175;0
147;18;336;20;14;0;99;3.40;3;1;1;74;0;7284099;452;0
147;18;336;20;14;2;67;5.80;7;2;1;73;0;7284267;1650;0
147;18;336;20;14;3;99;3.40;6;2;1;80;0;7284399;379;0
147;18;336;20;14;6;10;3.40;6;2;1;81;0;7284610;195;0
147;18;336;20;14;11;99;3.40;6;2;1;65;0;7285199;573;0
147;18;336;20;14;11;99;3.40;8;2;1;69;0;7285199;4466;0
147;18;336;20;14;12;13;3.20;6;2;1;68;0;7285213;-1;0
147;18;336;20;14;16;15;3.40;3;1;1;85;0;7285615;1499;0
147;18;336;20;14;16;99;3.60;6;2;1;70;0;7285699;469;0
147;18;336;20;14;17;99;3.40;6;2;1;75;0;7285799;81;0
147;18;336;20;14;17;26;3.60;3;1;1;76;0;7285726;96;0
147;18;336;20;14;18;85;3.20;5;2;1;82;0;7285885;2108;0
147;18;336;20;14;18;99;3.60;7;2;1;79;0;7285899;1603;0
147;18;336;20;14;19;99;3.00;6;2;1;70;0;7285999;183;0
147;18;336;20;14;20;27;3.20;5;2;1;84;0;7286027;127;0
147;18;336;20;14;20;51;3.20;3;1;1;79;0;7286051;307;0
147;18;336;20;14;20;75;3.80;6;2;1;71;0;7286075;60;0
147;18;336;20;14;22;99;3.20;6;2;1;74;0;7286299;204;0
147;18;336;20;14;22;99;3.40;3;1;1;82;0;7286299;233;0
147;18;336;20;14;19;87;4.20;7;2;1;11;0;7285987;71;0
147;18;336;20;14;23;72;5.20;8;2;1;80;0;7286372;1155;0
147;18;336;20;14;23;86;3.40;6;2;1;75;0;7286386;71;0
147;18;336;20;14;27;4;3.40;7;2;1;74;0;7286704;579;0
147;18;336;20;14;28;1;4.00;8;2;1;81;0;7286801;405;0
147;18;336;20;14;28;77;3.40;3;1;1;78;0;7286877;563;0
147;18;336;20;14;29;99;6.40;7;2;1;66;0;7286999;278;0
147;18;336;20;14;30;66;4.00;8;2;1;80;0;7287066;247;0
147;18;336;20;14;30;58;4.80;7;2;1;73;0;7287058;24;0
147;18;336;20;14;32;99;3.80;3;1;1;73;0;7287299;406;0
147;18;336;20;14;32;99;3.80;5;2;1;82;0;7287299;1258;0
147;18;336;20;14;32;99;3.60;4;1;1;75;0;7287299;3190;0
147;18;336;20;14;33;82;6.00;4;1;1;81;0;7287382;65;0
147;18;336;20;14;33;99;3.80;3;1;1;72;0;7287399;81;0
147;18;336;20;14;38;0;4.00;3;1;1;79;0;7287800;382;0
147;18;336;20;14;38;65;3.20;2;1;1;75;0;7287865;4248;0
147;18;336;20;14;39;99;3.80;2;1;1;76;0;7287999;118;0
147;18;336;20;14;40;14;3.80;3;1;1;81;0;7288014;195;0
147;18;336;20;14;40;48;3.60;4;1;1;96;0;7288048;639;0
147;18;336;20;14;42;17;3.60;3;1;1;79;0;7288217;186;0
147;18;336;20;14;43;48;3.80;3;1;1;76;0;7288348;114;0
147;18;336;20;14;43;50;4.00;7;2;1;80;0;7288350;1268;0
147;18;336;20;14;43;92;3.60;6;2;1;84;0;7288392;1989;0
147;18;336;20;14;44;99;3.40;2;1;1;81;0;7288499;482;0
147;18;336;20;14;44;99;3.80;5;2;1;80;0;7288499;1183;0
147;18;336;20;14;45;99;3.40;6;2;1;80;0;7288599;191;0
147;18;336;20;14;45;99;3.20;2;1;1;83;0;7288599;84;0
147;18;336;20;14;46;70;3.80;5;2;1;85;0;7288670;153;0
147;18;336;20;14;46;76;3.80;7;2;1;83;0;7288676;308;0
147;18;336;20;14;47;99;3.80;2;1;1;81;0;7288799;186;0
147;18;336;20;14;47;99;3.80;3;1;1;78;0;7288799;433;0
147;18;336;20;14;49;3;4.00;6;2;1;73;0;7288903;288;0
147;18;336;20;14;50;1;3.40;6;2;1;71;0;7289001;78;0
147;18;336;20;14;52;99;4.00;5;2;1;75;0;7289299;612;0
147;18;336;20;14;53;0;3.80;3;1;1;77;0;7289300;483;0
147;18;336;20;14;54;99;3.60;6;2;1;78;0;7289499;480;0
147;18;336;20;14;55;99;3.80;7;2;1;76;0;7289599;906;0
147;18;336;20;14;56;68;3.60;1;1;1;73;0;7289668;7039;0
147;18;336;20;14;57;5;3.80;6;2;1;73;0;7289705;189;0
147;18;336;20;14;59;99;4.00;8;2;1;85;0;7289999;2915;0
147;18;336;20;15;0;99;3.40;1;1;1;81;0;7290099;413;0
147;18;336;20;15;1;93;3.40;7;2;1;70;0;7290193;576;0
147;18;336;20;15;2;13;3.40;6;2;1;78;0;7290213;489;0
147;18;336;20;15;2;99;3.20;7;2;1;67;0;7290299;88;0
147;18;336;20;15;3;99;3.60;5;2;1;81;0;7290399;1080;0
147;18;336;20;15;3;27;3.40;6;2;1;78;0;7290327;98;0
147;18;336;20;15;4;99;2.80;3;1;1;80;0;7290499;1181;0
147;18;336;20;15;5;99;3.80;2;1;1;84;0;7290599;1783;0
147;18;336;20;15;6;29;3.60;7;2;1;86;0;7290629;312;0
147;18;336;20;15;6;88;3.40;3;1;1;77;0;7290688;176;0
147;18;336;20;15;8;99;4.40;7;2;1;83;0;7290899;254;0
147;18;336;20;15;9;20;3.80;3;1;1;79;0;7290920;216;0
147;18;336;20;15;9;99;3.40;5;2;1;81;0;7290999;584;0
147;18;336;20;15;10;99;3.20;7;2;1;81;0;7291099;180;0
147;18;336;20;15;11;42;3.80;6;2;1;82;0;7291142;799;0
147;18;336;20;15;12;10;3.60;3;1;1;79;0;7291210;272;0
147;18;336;20;15;14;45;4.00;6;2;1;78;0;7291445;286;0
147;18;336;20;15;14;99;4.00;5;2;1;81;0;7291499;484;0
147;18;336;20;15;17;90;4.40;6;2;1;76;0;7291790;326;0
147;18;336;20;15;17;99;3.80;5;2;1;81;0;7291799;282;0
147;18;336;20;15;18;4;3.60;6;2;1;76;0;7291804;-1;0
147;18;336;20;15;19;35;3.80;2;1;1;78;0;7291935;1319;0
147;18;336;20;15;20;1;3.60;6;2;1;76;0;7292001;179;0
147;18;336;20;15;20;9;3.40;5;2;1;83;0;7292009;193;0
147;18;336;20;15;20;99;3.40;2;1;1;81;0;7292099;146;0
147;18;336;20;15;23;25;3.40;3;1;1;80;0;7292325;1098;0
147;18;336;20;15;23;99;3.60;8;2;1;80;0;7292399;2383;0
147;18;336;20;15;24;37;3.80;6;2;1;91;0;7292437;418;0
147;18;336;20;15;25;99;4.20;5;2;1;84;0;7292599;575;0
147;18;336;20;15;25;99;3.40;6;2;1;82;0;7292599;146;0
147;18;336;20;15;25;99;3.80;4;1;1;80;0;7292599;4537;0
147;18;336;20;15;25;99;3.40;3;1;1;66;0;7292599;258;0
147;18;336;20;15;30;99;3.80;6;2;1;79;0;7293099;485;0
147;18;336;20;15;30;99;3.60;3;1;1;76;0;7293099;481;0
147;18;336;20;15;31;14;3.80;6;2;1;76;0;7293114;-1;0
147;18;336;20;15;34;35;3.80;2;1;1;84;0;7293435;1320;0
147;18;336;20;15;36;9;3.60;4;1;1;82;0;7293609;992;0
147;18;336;20;15;38;16;3.60;6;2;1;75;0;7293816;684;0
147;18;336;20;15;39;22;3.80;3;1;1;76;0;7293922;805;0
147;18;336;20;15;39;59;5.80;4;1;1;77;0;7293959;334;0
147;18;336;20;15;42;56;5.20;2;1;1;92;0;7294256;804;0
147;18;336;20;15;43;99;4.00;6;2;1;77;0;7294399;565;0
147;18;336;20;15;43;99;3.60;5;2;1;83;0;7294399;1782;0
147;18;336;20;15;45;99;3.60;3;1;1;74;0;7294599;659;0
147;18;336;20;15;47;77;3.20;7;2;1;83;0;7294777;3663;0
147;18;336;20;15;48;99;3.40;2;1;1;74;0;7294899;622;0
147;18;336;20;15;50;17;3.60;6;2;1;79;0;7295017;599;0
147;18;336;20;15;50;82;4.20;3;1;1;78;0;7295082;465;0
147;18;336;20;15;50;99;3.60;8;2;1;76;0;7295099;2683;0
147;18;336;20;15;51;99;3.20;2;1;1;79;0;7295199;283;0
147;18;336;20;15;51;99;3.60;4;1;1;85;0;7295199;1212;0
147;18;336;20;15;51;99;3.60;1;1;1;84;0;7295199;5084;0
147;18;336;20;15;52;18;3.60;5;2;1;80;0;7295218;803;0
147;18;336;20;15;52;47;3.80;4;1;1;85;0;7295247;32;0
147;18;336;20;15;53;12;3.60;3;1;1;78;0;7295312;210;0
147;18;336;20;15;53;99;3.60;6;2;1;82;0;7295399;365;0
147;18;336;20;15;56;99;3.80;3;1;1;78;0;7295699;370;0
147;18;336;20;15;56;99;3.20;4;1;1;80;0;7295699;435;0
147;18;336;20;15;56;99;3.60;6;2;1;78;0;7295699;284;0
147;18;336;20;15;57;22;3.60;2;1;1;82;0;7295722;508;0
147;18;336;20;15;58;2;3.40;5;2;1;77;0;7295802;567;0
147;18;336;20;15;59;99;3.00;6;2;1;76;0;7295999;283;0
147;18;336;20;15;59;99;3.60;2;1;1;81;0;7295999;261;0
147;18;336;20;16;1;99;4.40;6;2;1;78;0;7296199;185;0
147;18;336;20;16;3;99;3.60;3;1;1;76;0;7296399;682;0
147;18;336;20;16;4;99;3.40;6;2;1;77;0;7296499;279;0
147;18;336;20;16;6;99;3.60;3;1;1;77;0;7296699;282;0
147;18;336;20;16;8;99;3.80;6;2;1;82;0;7296899;384;0
147;18;336;20;16;11;21;3.40;3;1;1;76;0;7297121;405;0
147;18;336;20;16;11;99;3.60;6;2;1;76;0;7297199;283;0
147;18;336;20;16;12;21;3.60;3;1;1;75;0;7297221;83;0
147;18;336;20;16;14;15;3.60;6;2;1;82;0;7297415;198;0
147;18;336;20;16;13;88;12.20;2;1;3;81;0;7297388;1373;0
147;18;336;20;16;14;99;4.00;3;1;1;80;0;7297499;260;0
147;18;336;20;16;17;13;3.60;6;2;1;73;0;7297713;282;0
147;18;336;20;16;19;99;3.40;6;2;1;73;0;7297999;268;0
147;18;336;20;16;19;99;3.40;7;2;1;79;0;7297999;3208;0
147;18;336;20;16;20;16;3.40;3;1;1;75;0;7298016;499;0
147;18;336;20;16;20;36;3.60;4;1;1;81;0;7298036;2322;0
147;18;336;20;16;20;59;3.00;6;2;1;74;0;7298059;43;0
147;18;336;20;16;21;99;3.80;3;1;1;75;0;7298199;166;0
147;18;336;20;16;22;99;3.00;2;1;1;75;0;7298299;856;0
147;18;336;20;16;23;13;3.80;4;1;1;84;0;7298313;261;0
147;18;336;20;16;24;6;4.00;3;1;1;83;0;7298406;188;0
147;18;336;20;16;24;99;3.80;6;2;1;83;0;7298499;425;0
147;18;336;20;16;25;30;3.40;2;1;1;82;0;7298530;216;0
147;18;336;20;16;27;99;3.60;3;1;1;85;0;7298799;375;0
147;18;336;20;16;29;11;3.60;1;1;1;79;0;7298911;3696;0
147;18;336;20;16;29;99;3.40;7;2;1;84;0;7298999;984;0
147;18;336;20;16;33;59;3.60;6;2;1;82;0;7299359;843;0
147;18;336;20;16;33;85;3.40;2;1;1;75;0;7299385;840;0
147;18;336;20;16;34;99;4.00;1;1;1;88;0;7299499;571;0
147;18;336;20;16;35;8;3.60;8;2;1;81;0;7299508;4391;0
147;18;336;20;16;36;19;3.60;6;2;1;80;0;7299619;244;0
147;18;336;20;16;37;13;3.40;3;1;1;79;0;7299713;898;0
147;18;336;20;16;38;40;4.40;6;2;1;84;0;7299840;204;0
147;18;336;20;16;39;2;3.20;2;1;1;80;0;7299902;500;0
147;18;336;20;16;41;99;3.40;6;2;1;78;0;7300199;340;0
147;18;336;20;16;41;99;3.80;2;1;1;86;0;7300199;282;0
147;18;336;20;16;43;62;3.80;6;2;1;77;0;7300362;147;0
147;18;336;20;16;44;19;3.80;5;2;1;80;0;7300419;4601;0
147;18;336;20;16;44;99;3.80;1;1;1;87;0;7300499;983;0
147;18;336;20;16;44;99;3.40;3;1;1;73;0;7300499;770;0
147;18;336;20;16;45;99;3.60;7;2;1;84;0;7300599;1585;0
147;18;336;20;16;45;99;3.40;4;1;1;78;0;7300599;2269;0
147;18;336;20;16;46;68;4.60;5;2;1;85;0;7300668;231;0
147;18;336;20;16;46;93;4.00;6;2;1;80;0;7300693;313;0
147;18;336;20;16;47;99;3.60;6;2;1;86;0;7300799;88;0
147;18;336;20;16;48;9;3.60;3;1;1;76;0;7300809;293;0
147;18;336;20;16;49;99;3.80;4;1;1;79;0;7300999;384;0
147;18;336;20;16;50;99;3.80;3;1;1;73;0;7301099;272;0
147;18;336;20;16;51;24;3.60;6;2;1;79;0;7301124;309;0
147;18;336;20;16;51;81;3.40;2;1;1;86;0;7301181;966;0
147;18;336;20;16;52;99;3.40;5;2;1;83;0;7301299;611;0
147;18;336;20;16;53;99;3.60;7;2;1;81;0;7301399;784;0
147;18;336;20;16;54;82;3.40;4;1;1;84;0;7301482;465;0
147;18;336;20;16;54;99;3.60;6;2;1;81;0;7301499;358;0
147;18;336;20;16;55;99;3.20;3;1;1;78;0;7301599;481;0
147;18;336;20;16;56;21;3.40;6;2;1;79;0;7301621;106;0
147;18;336;20;16;57;4;3.20;4;1;1;86;0;7301704;207;0
147;18;336;20;16;57;99;3.40;6;2;1;78;0;7301799;162;0
147;18;336;20;16;59;7;3.80;3;1;1;72;0;7301907;293;0
147;18;336;20;16;59;99;3.60;4;1;1;79;0;7301999;281;0
147;18;336;20;17;0;14;3.40;2;1;1;75;0;7302014;818;0
147;18;336;20;17;1;4;3.20;6;2;1;80;0;7302104;289;0
147;18;336;20;17;6;13;3.40;6;2;1;80;0;7302613;494;0
147;18;336;20;17;8;99;3.60;3;1;1;86;0;7302899;973;0
147;18;336;20;17;11;12;3.80;6;2;1;79;0;7303112;483;0
147;18;336;20;17;13;29;3.40;7;2;1;86;0;7303329;1914;0
147;18;336;20;17;13;99;3.00;2;1;1;80;0;7303399;1368;0
147;18;336;20;17;15;99;3.60;4;1;1;83;0;7303599;1583;0
147;18;336;20;17;16;6;3.00;1;1;1;47;0;7303606;3091;0
147;18;336;20;17;17;6;3.80;3;1;1;70;0;7303706;791;0
147;18;336;20;17;17;77;3.60;7;2;1;73;0;7303777;433;0
147;18;336;20;17;17;99;4.20;2;1;1;56;0;7303799;386;0
147;18;336;20;17;18;13;4.00;4;1;1;80;0;7303813;198;0
147;18;336;20;17;18;99;3.20;3;1;1;75;0;7303899;173;0
147;18;336;20;17;18;99;3.40;6;2;1;78;0;7303899;769;0
147;18;336;20;17;19;78;3.60;6;2;1;78;0;7303978;63;0
147;18;336;20;17;20;98;4.00;3;1;1;68;0;7304098;183;0
147;18;336;20;17;22;7;4.00;8;2;1;80;0;7304207;4683;0
147;18;336;20;17;23;99;3.20;2;1;1;75;0;7304399;573;0
147;18;336;20;17;26;99;3.40;3;1;1;75;0;7304699;579;0
147;18;336;20;17;29;99;3.80;2;1;1;78;0;7304999;584;0
147;18;336;20;17;32;1;3.20;3;1;1;79;0;7305201;485;0
147;18;336;20;17;33;0;3.40;6;2;1;81;0;7305300;1305;0
147;18;336;20;17;33;99;3.80;5;2;1;84;0;7305399;4085;0
147;18;336;20;17;36;99;4.60;8;2;1;84;0;7305699;1474;0
147;18;336;20;17;36;99;3.20;6;2;1;66;0;7305699;383;0
147;18;336;20;17;37;67;3.80;6;2;1;72;0;7305767;50;0
147;18;336;20;17;39;16;3.40;5;2;1;76;0;7305916;500;0
147;18;336;20;17;40;56;3.20;6;2;1;68;0;7306056;270;0
147;18;336;20;17;41;5;4.80;8;2;1;82;0;7306105;386;0
147;18;336;20;17;41;99;5.00;8;2;1;82;0;7306199;72;0
147;18;336;20;17;41;99;3.40;5;2;1;79;0;7306199;266;0
147;18;336;20;17;42;99;3.60;6;2;1;70;0;7306299;226;0
147;18;336;20;17;42;46;3.40;5;2;1;80;0;7306246;31;0
147;18;336;20;17;43;99;3.80;3;1;1;82;0;7306399;1183;0
147;18;336;20;17;44;99;3.60;5;2;1;79;0;7306499;237;0
147;18;336;20;17;45;47;4.20;6;2;1;75;0;7306547;229;0
147;18;336;20;17;45;99;4.00;7;2;1;84;0;7306599;2804;0
147;18;336;20;17;46;99;3.60;6;2;1;78;0;7306699;131;0
147;18;336;20;17;46;99;3.80;3;1;1;72;0;7306699;283;0
147;18;336;20;17;46;99;3.20;4;1;1;75;0;7306699;2868;0
147;18;336;20;17;47;33;3.40;7;2;1;81;0;7306733;116;0
147;18;336;20;17;48;99;3.60;1;1;1;80;0;7306899;3270;0
147;18;336;20;17;48;99;3.40;6;2;1;73;0;7306899;183;0
147;18;336;20;17;49;99;3.40;2;1;1;84;0;7306999;1982;0
147;18;336;20;17;50;14;3.20;6;2;1;72;0;7307014;98;0
147;18;336;20;17;51;12;3.40;3;1;1;76;0;7307112;394;0
147;18;336;20;17;52;99;3.60;6;2;1;73;0;7307299;269;0
147;18;336;20;17;52;46;3.60;3;1;1;73;0;7307246;117;0
147;18;336;20;17;53;99;3.40;5;2;1;82;0;7307399;883;0
147;18;336;20;17;54;12;3.40;2;1;1;75;0;7307412;398;0
147;18;336;20;17;54;99;3.20;6;2;1;73;0;7307499;182;0
147;18;336;20;17;56;99;3.60;6;2;1;72;0;7307699;184;0
147;18;336;20;17;57;99;3.40;2;1;1;74;0;7307799;370;0
147;18;336;20;18;1;4;3.40;4;1;1;85;0;7308104;1389;0
147;18;336;20;18;2;15;3.60;4;1;1;82;0;7308215;96;0
147;18;336;20;18;2;21;3.60;2;1;1;78;0;7308221;405;0
147;18;336;20;18;2;25;3.40;7;2;1;72;0;7308225;1476;0
147;18;336;20;18;4;4;3.40;2;1;1;70;0;7308404;166;0
147;18;336;20;18;5;7;3.60;7;2;1;78;0;7308507;265;0
147;18;336;20;18;5;99;3.40;6;2;1;74;0;7308599;882;0
147;18;336;20;18;5;9;4.00;5;2;1;81;0;7308509;1095;0
147;18;336;20;18;6;99;3.60;2;1;1;78;0;7308699;277;0
147;18;336;20;18;6;99;3.60;6;2;1;80;0;7308699;83;0
147;18;336;20;18;7;7;3.60;1;1;1;83;0;7308707;1791;0
147;18;336;20;18;7;0;3.60;5;2;1;83;0;7308700;173;0
147;18;336;20;18;9;99;3.80;3;1;1;74;0;7308999;1735;0
147;18;336;20;18;10;7;3.40;4;1;1;82;0;7309007;776;0
147;18;336;20;18;10;28;3.40;3;1;1;73;0;7309028;10;0
147;18;336;20;18;12;3;3.40;3;1;1;74;0;7309203;158;0
147;18;336;20;18;12;99;3.40;6;2;1;80;0;7309299;583;0
147;18;336;20;18;12;99;3.40;4;1;1;75;0;7309299;277;0
147;18;336;20;18;12;99;3.80;7;2;1;78;0;7309299;775;0
147;18;336;20;18;14;2;3.40;2;1;1;80;0;7309402;686;0
147;18;336;20;18;15;44;4.00;3;1;1;77;0;7309544;324;0
147;18;336;20;18;16;23;3.80;1;1;1;95;0;7309623;900;0
147;18;336;20;18;16;85;3.20;8;2;1;83;0;7309685;3464;0
147;18;336;20;18;17;3;3.20;2;1;1;74;0;7309703;285;0
147;18;336;20;18;19;23;3.60;5;2;1;84;0;7309923;1207;0
147;18;336;20;18;19;99;3.00;2;1;1;74;0;7309999;280;0
147;18;336;20;18;20;99;3.60;6;2;1;78;0;7310099;784;0
147;18;336;20;18;20;99;4.00;1;1;1;82;0;7310099;461;0
147;18;336;20;18;21;3;3.60;7;2;1;81;0;7310103;786;0
147;18;336;20;18;22;12;3.40;8;2;1;75;0;7310212;513;0
147;18;336;20;18;23;9;3.60;4;1;1;90;0;7310309;993;0
147;18;336;20;18;25;1;3.60;2;1;1;77;0;7310501;487;0
147;18;336;20;18;25;99;7.60;6;2;6;79;0;7310599;483;0
147;18;336;20;18;26;99;3.80;3;1;1;88;0;7310699;1136;0
147;18;336;20;18;25;52;4.00;7;2;1;19;0;7310552;433;0
147;18;336;20;18;30;99;3.40;6;2;1;81;0;7311099;465;0
147;18;336;20;18;31;63;3.20;3;1;1;74;0;7311163;448;0
147;18;336;20;18;32;99;3.00;6;2;1;81;0;7311299;184;0
147;18;336;20;18;33;19;6.00;2;1;1;71;0;7311319;801;0
147;18;336;20;18;34;25;3.40;6;2;1;79;0;7311425;112;0
147;18;336;20;18;35;11;3.20;2;1;1;72;0;7311511;161;0
147;18;336;20;18;37;99;3.40;6;2;1;73;0;7311799;358;0
147;18;336;20;18;39;86;3.60;6;2;1;78;0;7311986;170;0
147;18;336;20;18;40;99;3.60;2;1;1;76;0;7312099;572;0
147;18;336;20;18;41;17;3.80;6;2;1;78;0;7312117;114;0
147;18;336;20;18;41;78;3.80;8;2;1;80;0;7312178;1949;0
147;18;336;20;18;43;33;6.00;6;2;1;77;0;7312333;198;0
147;18;336;20;18;44;26;3.60;5;2;1;83;0;7312426;2487;0
147;18;336;20;18;44;33;5.80;7;2;1;33;0;7312433;1805;0
147;18;336;20;18;46;18;5.00;4;1;1;95;0;7312618;2294;0
147;18;336;20;18;48;9;3.40;2;1;1;86;0;7312809;692;0
147;18;336;20;18;51;99;3.40;3;1;1;81;0;7313199;2020;0
147;18;336;20;18;55;99;3.40;3;1;1;82;0;7313599;384;0
147;18;336;20;18;57;24;3.20;3;1;1;76;0;7313724;110;0
147;18;336;20;18;57;93;3.60;4;1;1;82;0;7313793;1156;0
147;18;336;20;18;57;99;3.60;6;2;1;83;0;7313799;1437;0
147;18;336;20;18;58;99;3.60;2;1;1;77;0;7313899;1075;0
147;18;336;20;18;59;85;4.00;6;2;1;84;0;7313985;170;0
147;18;336;20;19;0;99;3.60;3;1;1;70;0;7314099;359;0
147;18;336;20;19;1;99;3.80;6;2;1;84;0;7314199;196;0
147;18;336;20;19;2;62;3.60;3;1;1;72;0;7314262;144;0
147;18;336;20;19;5;7;3.60;8;2;1;74;0;7314507;2311;0
147;18;336;20;19;5;19;3.60;2;1;1;73;0;7314519;603;0
147;18;336;20;19;6;16;3.80;1;1;1;89;0;7314616;4499;0
147;18;336;20;19;7;99;3.40;7;2;1;85;0;7314799;2302;0
147;18;336;20;19;8;99;3.60;5;2;1;83;0;7314899;2457;0
147;18;336;20;19;10;24;3.60;2;1;1;86;0;7315024;487;0
147;18;336;20;19;10;18;3.20;6;2;1;73;0;7315018;802;0
147;18;336;20;19;11;99;3.00;3;1;1;82;0;7315199;919;0
147;18;336;20;19;14;48;3.60;3;1;1;73;0;7315448;235;0
147;18;336;20;19;16;99;3.60;3;1;1;76;0;7315699;233;0
147;18;336;20;19;17;63;3.80;3;1;1;76;0;7315763;46;0
147;18;336;20;19;18;99;4.20;2;1;1;82;0;7315899;859;0
147;18;336;20;19;18;99;4.00;7;2;1;81;0;7315899;1085;0
147;18;336;20;19;19;27;3.40;5;2;1;82;0;7315927;1012;0
147;18;336;20;19;19;12;3.60;3;1;1;77;0;7315912;131;0
147;18;336;20;19;20;11;3.20;6;2;1;69;0;7316011;977;0
147;18;336;20;19;20;93;3.80;5;2;1;81;0;7316093;151;0
147;18;336;20;19;21;10;3.00;6;2;1;67;0;7316110;82;0
147;18;336;20;19;21;28;3.40;5;2;1;82;0;7316128;18;0
147;18;336;20;19;22;3;5.60;6;2;1;68;0;7316203;76;0
147;18;336;20;19;22;23;3.60;7;2;1;83;0;7316223;306;0
147;18;336;20;19;23;99;3.60;6;2;1;79;0;7316399;166;0
147;18;336;20;19;24;23;3.60;6;2;1;70;0;7316423;7;7316011
147;18;336;20;19;25;75;3.60;1;1;1;79;0;7316575;1943;0
147;18;336;20;19;25;99;3.80;8;2;1;78;0;7316599;2074;0
147;18;336;20;19;29;99;4.00;2;1;1;80;0;7316999;1081;0
147;18;336;20;19;32;70;3.60;7;2;1;81;0;7317270;1031;0
147;18;336;20;19;35;13;4.00;2;1;1;83;0;7317513;496;0
147;18;336;20;19;36;10;4.00;7;2;1;76;0;7317610;324;0
147;18;336;20;19;36;99;3.20;2;1;1;77;0;7317699;168;0
147;18;336;20;19;38;99;3.60;3;1;1;77;0;7317899;1970;0
147;18;336;20;19;41;22;3.40;6;2;1;79;0;7318122;1680;0
147;18;336;20;19;42;25;3.20;5;2;1;80;0;7318225;2082;0
147;18;336;20;19;46;99;3.60;5;2;1;87;0;7318699;459;0
147;18;336;20;19;46;99;3.20;6;2;1;78;0;7318699;561;0
147;18;336;20;19;48;67;3.40;6;2;1;77;0;7318867;153;0
147;18;336;20;19;49;4;4.20;8;2;1;88;0;7318904;2287;0
147;18;336;20;19;49;99;3.00;3;1;1;70;0;7318999;1083;0
147;18;336;20;19;49;99;3.60;2;1;1;75;0;7318999;1285;0
147;18;336;20;19;51;99;3.40;5;2;1;78;0;7319199;485;0
147;18;336;20;19;52;99;3.20;6;2;1;70;0;7319299;416;0
147;18;336;20;19;53;11;4.00;5;2;1;76;0;7319311;96;0
147;18;336;20;19;53;99;3.60;1;1;1;70;0;7319399;2807;0
147;18;336;20;19;54;16;3.80;3;1;1;73;0;7319416;401;0
147;18;336;20;19;54;99;3.60;5;2;1;74;0;7319499;169;0
147;18;336;20;19;55;99;3.80;6;2;1;72;0;7319599;283;0
147;18;336;20;19;56;99;3.80;7;2;1;74;0;7319699;2070;0
147;18;336;20;19;57;99;3.20;4;1;1;82;0;7319799;5990;0
147;18;336;20;19;57;99;3.60;6;2;1;72;0;7319799;181;0
147;18;336;20;19;57;99;4.00;7;2;1;76;0;7319799;81;0
147;18;336;20;19;57;99;3.60;5;2;1;79;0;7319799;282;0
147;18;336;20;19;59;19;3.40;6;2;1;76;0;7319919;102;0
147;18;336;20;19;59;99;3.40;5;2;1;84;0;7319999;183;0
147;18;336;20;20;0;7;3.60;6;2;1;75;0;7320007;71;0
147;18;336;20;20;0;12;3.80;3;1;1;75;0;7320012;577;0
147;18;336;20;20;0;32;4.00;5;2;1;85;0;7320032;18;0
147;18;336;20;20;1;11;3.20;1;1;1;80;0;7320111;693;0
147;18;336;20;20;1;99;3.60;6;2;1;77;0;7320199;174;7319599
147;18;336;20;20;2;99;3.00;3;1;1;65;0;7320299;268;0
147;18;336;20;20;2;99;3.20;5;2;1;82;0;7320299;250;0
147;18;336;20;20;3;9;5.40;7;2;1;82;0;7320309;491;0
147;18;336;20;20;3;60;3.20;3;1;1;64;0;7320360;44;0
147;18;336;20;20;4;3;3.80;5;2;1;82;0;7320403;89;0
147;18;336;20;20;4;24;4.00;6;2;1;87;0;7320424;208;0
147;18;336;20;20;4;99;4.40;3;1;1;63;0;7320499;121;0
147;18;336;20;20;5;17;3.20;7;2;1;68;0;7320517;184;0
147;18;336;20;20;6;68;3.80;3;1;1;71;0;7320668;143;0
147;18;336;20;20;6;91;3.80;6;2;1;78;0;7320691;250;0
147;18;336;20;20;8;32;3.40;3;1;1;70;0;7320832;144;7320299
147;18;336;20;20;9;99;4.40;6;2;1;83;0;7320999;290;0
147;18;336;20;20;11;73;3.20;6;2;1;84;0;7321173;154;0
147;18;336;20;20;13;29;5.80;6;2;1;83;0;7321329;142;0
147;18;336;20;20;14;20;4.60;5;2;1;86;0;7321420;1000;0
147;18;336;20;20;14;99;3.40;6;2;1;81;0;7321499;144;0
147;18;336;20;20;15;19;4.40;7;2;1;80;0;7321519;985;0
147;18;336;20;20;17;99;3.80;5;2;1;88;0;7321799;359;0
147;18;336;20;20;19;15;3.40;7;2;1;77;0;7321915;376;0
147;18;336;20;20;19;99;3.80;6;2;1;75;0;7321999;484;0
147;18;336;20;20;20;99;3.60;5;2;1;86;0;7322099;284;0
147;18;336;20;20;22;99;3.40;6;2;1;74;0;7322299;281;0
147;18;336;20;20;23;43;3.80;6;2;1;76;0;7322343;27;0
147;18;336;20;20;25;99;3.40;5;2;1;83;0;7322599;484;0
147;18;336;20;20;25;99;16.00;6;2;4;74;0;7322599;238;0
147;18;336;20;20;26;96;3.60;3;1;1;78;0;7322696;1846;0
147;18;336;20;20;27;99;4.00;7;2;1;72;0;7322799;868;0
147;18;336;20;20;28;99;3.60;6;2;1;71;0;7322899;222;0
147;18;336;20;20;28;39;4.40;8;2;1;75;0;7322839;3917;0
147;18;336;20;20;30;99;3.40;2;1;1;83;0;7323099;4082;0
147;18;336;20;20;30;99;3.80;6;2;1;83;0;7323099;181;0
147;18;336;20;20;31;62;3.80;3;1;1;88;0;7323162;449;0
147;18;336;20;20;32;4;3.40;5;2;1;86;0;7323204;590;0
147;18;336;20;20;32;99;4.20;6;2;1;81;0;7323299;183;0
147;18;336;20;20;33;99;3.60;5;2;1;85;0;7323399;180;0
147;18;336;20;20;35;99;3.80;3;1;1;81;0;7323599;421;0
147;18;336;20;20;36;33;4.00;1;1;1;75;0;7323633;3507;0
147;18;336;20;20;37;99;3.20;6;2;1;87;0;7323799;481;0
147;18;336;20;20;39;42;3.80;1;1;1;70;0;7323942;289;0
147;18;336;20;20;39;70;4.00;6;2;1;85;0;7323970;157;0
147;18;336;20;20;41;99;4.60;4;1;1;83;0;7324199;4385;0
147;18;336;20;20;42;98;3.60;2;1;1;75;0;7324298;1184;0
147;18;336;20;20;43;99;3.40;8;2;1;74;0;7324399;1538;0
147;18;336;20;20;43;99;4.00;5;2;1;88;0;7324399;984;0
147;18;336;20;20;45;99;4.00;5;2;1;80;0;7324599;183;0
147;18;336;20;20;45;99;4.60;7;2;1;79;0;7324599;1780;0
147;18;336;20;20;46;99;3.60;6;2;1;81;0;7324699;712;0
147;18;336;20;20;47;99;3.60;3;1;1;73;0;7324799;1183;0
147;18;336;20;20;49;4;3.80;6;2;1;86;0;7324904;189;0
147;18;336;20;20;49;35;3.80;4;1;1;80;0;7324935;716;0
147;18;336;20;20;51;2;3.40;3;1;1;73;0;7325102;285;0
147;18;336;20;20;52;92;3.80;1;1;1;79;0;7325292;1330;0
147;18;336;20;20;52;93;3.80;7;2;1;75;0;7325293;673;0
147;18;336;20;20;54;0;3.20;3;1;1;74;0;7325400;281;0
147;18;336;20;20;54;15;3.40;6;2;1;80;0;7325415;495;0
147;18;336;20;20;55;36;3.40;4;1;1;90;0;7325536;583;0
147;18;336;20;20;56;21;3.40;6;2;1;82;0;7325621;190;0
147;18;336;20;20;57;15;3.60;5;2;1;84;0;7325715;1098;0
147;18;336;20;20;57;86;3.20;6;2;1;79;0;7325786;150;0
147;18;336;20;20;58;99;3.60;6;2;1;78;0;7325899;98;0
147;18;336;20;20;59;19;7.60;7;2;6;83;0;7325919;607;0
147;18;336;20;21;0;99;3.60;3;1;1;76;0;7326099;683;0
147;18;336;20;21;0;99;4.80;2;1;1;74;0;7326099;1783;0
147;18;336;20;21;1;5;3.60;1;1;1;77;0;7326105;795;0
147;18;336;20;21;2;83;3.80;6;2;1;83;0;7326283;367;0
147;18;336;20;21;5;99;3.40;8;2;1;79;0;7326599;2183;0
147;18;336;20;21;7;5;4.00;5;2;1;92;0;7326705;974;0
147;18;336;20;21;8;99;4.00;6;2;1;82;0;7326899;599;0
147;18;336;20;21;11;99;3.40;3;1;1;70;0;7327199;1082;0
147;18;336;20;21;12;23;3.60;3;1;1;72;0;7327223;6;0
147;18;336;20;21;12;38;3.60;2;1;1;81;0;7327238;1115;0
147;18;336;20;21;16;99;3.80;2;1;1;84;0;7327699;445;0
147;18;336;20;21;16;99;3.80;7;2;1;72;0;7327699;1747;0
147;18;336;20;21;19;99;3.40;2;1;1;80;0;7327999;283;0
147;18;336;20;21;19;99;2.80;6;2;1;68;0;7327999;1082;0
147;18;336;20;21;20;63;3.60;7;2;1;72;0;7328063;345;0
147;18;336;20;21;27;99;3.80;3;1;1;83;0;7328799;1558;0
147;18;336;20;21;29;99;3.80;3;1;1;74;0;7328999;183;0
147;18;336;20;21;30;42;3.80;4;1;1;80;0;7329042;3492;0
147;18;336;20;21;33;66;3.20;2;1;1;73;0;7329366;1351;0
147;18;336;20;21;34;99;4.20;3;1;1;76;0;7329499;481;0
147;18;336;20;21;35;4;3.40;3;1;1;71;0;7329504;-1;0
147;18;336;20;21;37;8;3.40;3;1;1;73;0;7329708;186;0
147;18;336;20;21;37;99;3.60;6;2;1;69;0;7329799;1785;0
147;18;336;20;21;38;12;3.60;3;1;1;78;0;7329812;87;0
147;18;336;20;21;39;99;3.80;3;1;1;76;0;7329999;170;7328799
147;18;336;20;21;39;99;3.00;5;2;1;78;0;7329999;3278;0
147;18;336;20;21;40;20;3.40;2;1;1;81;0;7330020;638;0
147;18;336;20;21;40;99;8.20;3;1;2;71;0;7330099;82;7328799
147;18;336;20;21;41;99;3.40;6;2;1;73;0;7330199;381;0
147;18;336;20;21;44;99;4.00;6;2;1;79;0;7330499;283;0
147;18;336;20;21;44;99;3.80;5;2;1;85;0;7330499;486;0
147;18;336;20;21;46;99;3.40;6;2;1;78;0;7330699;181;0
147;18;336;20;21;48;99;3.60;6;2;1;85;0;7330899;184;0
147;18;336;20;21;49;99;3.00;7;2;1;82;0;7330999;2918;0
147;18;336;20;21;50;28;6.20;2;1;1;84;0;7331028;992;0
147;18;336;20;21;50;99;3.80;6;2;1;81;0;7331099;184;0
147;18;336;20;21;51;85;3.40;6;2;1;75;0;7331185;69;7330499
147;18;336;20;21;52;0;3.20;2;1;1;78;0;7331200;145;7330499
147;18;336;20;21;55;99;4.00;2;1;1;71;0;7331599;384;0
147;18;336;20;21;56;72;3.60;2;1;1;72;0;7331672;52;0
147;18;336;20;21;57;99;3.20;1;1;1;76;0;7331799;5677;0
147;18;336;20;21;57;99;3.00;6;2;1;77;0;7331799;597;0
147;18;336;20;21;58;18;6.40;3;1;1;92;0;7331818;1677;0
147;18;336;20;21;59;99;3.20;1;1;1;75;0;7331999;184;0
147;18;336;20;22;3;14;3.60;4;1;1;81;0;7332314;3254;0
147;18;336;20;22;4;99;3.60;3;1;1;76;0;7332499;655;0
147;18;336;20;22;7;99;3.00;3;1;1;76;0;7332799;282;0
147;18;336;20;22;7;99;3.20;1;1;1;83;0;7332799;784;0
147;18;336;20;22;8;29;3.40;5;2;1;82;0;7332829;2313;0
147;18;336;20;22;9;99;3.40;3;1;1;75;0;7332999;185;0
147;18;336;20;22;9;99;3.80;7;2;1;76;0;7332999;1986;0
147;18;336;20;22;9;99;2.80;6;2;1;70;0;7332999;1185;0
147;18;336;20;22;10;99;3.80;5;2;1;82;0;7333099;255;0
147;18;336;20;22;10;99;3.20;7;2;1;73;0;7333099;82;0
147;18;336;20;22;11;88;3.00;5;2;1;81;0;7333188;72;0
147;18;336;20;22;14;99;3.20;3;1;1;78;0;7333499;483;0
147;18;336;20;22;14;99;3.40;6;2;1;74;0;7333499;485;0
147;18;336;20;22;17;9;3.40;3;1;1;81;0;7333709;195;0
147;18;336;20;22;18;99;3.80;6;2;1;72;0;7333899;383;0
147;18;336;20;22;18;20;3.60;5;2;1;82;0;7333820;618;0
147;18;336;20;22;19;99;3.60;2;1;1;79;0;7333999;2309;0
147;18;336;20;22;20;99;3.60;5;2;1;86;0;7334099;263;0
147;18;336;20;22;21;78;3.20;6;2;1;77;0;7334178;260;0
147;18;336;20;22;22;99;9.00;2;1;2;88;0;7334299;283;0
147;18;336;20;22;22;99;3.80;5;2;1;87;0;7334299;184;0
147;18;336;20;22;23;18;3.80;3;1;1;86;0;7334318;593;0
147;18;336;20;22;23;99;3.40;6;2;1;77;0;7334399;206;0
147;18;336;20;22;24;26;3.60;2;1;1;81;0;7334426;90;0
147;18;336;20;22;26;10;3.40;7;2;1;83;0;7334610;1495;0
147;18;336;20;22;26;14;3.80;4;1;1;83;0;7334614;2284;0
147;18;336;20;22;26;32;3.80;3;1;1;84;0;7334632;298;0
147;18;336;20;22;26;65;3.60;2;1;1;77;0;7334665;223;0
147;18;336;20;22;27;99;6.00;2;1;1;81;0;7334799;117;0
147;18;336;20;22;30;99;3.60;6;2;1;77;0;7335099;684;0
147;18;336;20;22;31;99;3.40;3;1;1;81;0;7335199;550;0
147;18;336;20;22;32;82;4.00;6;2;1;77;0;7335282;166;0
147;18;336;20;22;35;3;3.40;2;1;1;82;0;7335503;677;0
147;18;336;20;22;35;99;3.80;7;2;1;80;0;7335599;974;0
147;18;336;20;22;38;99;3.40;6;2;1;79;0;7335899;598;0
147;18;336;20;22;38;99;3.40;3;1;1;87;0;7335899;684;0
147;18;336;20;22;39;47;4.00;2;1;1;97;0;7335947;429;0
147;18;336;20;22;39;85;3.20;5;2;1;83;0;7335985;1670;0
147;18;336;20;22;41;99;3.60;6;2;1;60;0;7336199;284;0
147;18;336;20;22;42;84;3.40;5;2;1;82;0;7336284;285;0
147;18;336;20;22;42;83;3.00;7;2;1;73;0;7336283;666;0
147;18;336;20;22;43;3;4.00;6;2;1;63;0;7336303;82;0
147;18;336;20;22;43;99;3.80;7;2;1;72;0;7336399;101;0
147;18;336;20;22;43;99;4.00;4;1;1;88;0;7336399;1768;0
147;18;336;20;22;43;99;3.60;2;1;1;82;0;7336399;437;0
147;18;336;20;22;44;67;3.60;6;2;1;80;0;7336467;141;0
147;18;336;20;22;46;99;3.80;6;2;1;80;0;7336699;215;0
147;18;336;20;22;47;99;3.40;2;1;1;78;0;7336799;384;0
147;18;336;20;22;48;24;3.80;5;2;1;87;0;7336824;525;0
147;18;336;20;22;48;99;4.00;6;2;1;76;0;7336899;182;0
147;18;336;20;22;49;99;3.60;2;1;1;78;0;7336999;184;0
147;18;336;20;22;49;34;3.40;6;2;1;77;0;7336934;16;0
147;18;336;20;22;50;99;3.20;6;2;1;70;0;7337099;149;0
147;18;336;20;22;52;22;3.40;2;1;1;78;0;7337222;206;0
147;18;336;20;22;52;57;3.60;4;1;1;81;0;7337257;841;0
147;18;336;20;22;53;99;3.80;3;1;1;77;0;7337399;1485;0
147;18;336;20;22;54;99;3.80;2;1;1;80;0;7337499;261;0
147;18;336;20;22;54;99;3.60;5;2;1;81;0;7337499;659;0
147;18;336;20;22;54;99;3.80;3;1;1;79;0;7337499;82;0
147;18;336;20;22;56;99;3.00;7;2;1;70;0;7337699;1281;0
147;18;336;20;22;56;99;3.80;5;2;1;82;0;7337699;184;0
147;18;336;20;22;56;99;3.80;2;1;1;80;0;7337699;182;0
147;18;336;20;22;58;99;3.80;6;2;1;63;0;7337899;783;0
147;18;336;20;22;59;8;3.60;3;1;1;77;0;7337908;391;0
147;18;336;20;22;59;15;5.80;5;2;1;79;0;7337915;199;0
147;18;336;20;23;3;99;3.80;7;2;1;84;0;7338399;684;0
147;18;336;20;23;3;99;3.80;2;1;1;84;0;7338399;682;0
147;18;336;20;23;4;99;3.60;3;1;1;79;0;7338499;574;0
147;18;336;20;23;4;10;3.80;7;2;1;76;0;7338410;-1;0
147;18;336;20;23;5;74;3.40;6;2;1;83;0;7338574;653;0
147;18;336;20;23;6;99;3.60;3;1;1;79;0;7338699;183;0
147;18;336;20;23;7;15;3.60;8;2;1;87;0;7338715;12100;0
147;18;336;20;23;7;15;3.80;7;2;1;89;0;7338715;287;0
147;18;336;20;23;7;69;3.60;6;2;1;82;0;7338769;180;0
147;18;336;20;23;8;15;3.80;8;2;1;72;0;7338815;85;0
147;18;336;20;23;9;99;3.60;6;2;1;84;0;7338999;214;0
147;18;336;20;23;10;64;4.80;7;2;1;75;0;7339064;333;0
147;18;336;20;23;10;79;4.00;8;2;1;79;0;7339079;245;0
147;18;336;20;23;11;13;3.60;3;1;1;75;0;7339113;397;0
147;18;336;20;23;11;18;4.20;5;2;1;88;0;7339118;1176;0
147;18;336;20;23;11;99;3.60;6;2;1;79;0;7339199;184;0
147;18;336;20;23;11;99;5.40;6;2;1;76;0;7339199;-1;0
147;18;336;20;23;12;4;3.60;5;2;1;89;0;7339204;68;0
147;18;336;20;23;12;1;4.20;7;2;1;78;0;7339201;113;0
147;18;336;20;23;13;99;3.20;8;2;1;75;0;7339399;301;0
147;18;336;20;23;13;99;3.60;2;1;1;80;0;7339399;983;0
147;18;336;20;23;14;99;3.60;6;2;1;80;0;7339499;274;0
147;18;336;20;23;16;20;3.40;6;2;1;81;0;7339620;104;0
147;18;336;20;23;16;99;3.60;5;2;1;84;0;7339699;480;0
147;18;336;20;23;19;99;3.80;6;2;1;81;0;7339999;363;0
147;18;336;20;23;20;14;3.80;3;1;1;74;0;7340014;883;0
147;18;336;20;23;21;5;3.40;2;1;1;76;0;7340105;689;0
147;18;336;20;23;22;12;3.80;3;1;1;76;0;7340212;179;0
147;18;336;20;23;22;8;3.60;2;1;1;82;0;7340208;86;0
147;18;336;20;23;25;4;3.60;2;1;1;81;0;7340504;280;0
147;18;336;20;23;26;99;4.40;3;1;1;79;0;7340699;469;0
147;18;336;20;23;27;99;3.40;5;2;1;81;0;7340799;1084;0
147;18;336;20;23;28;1;3.60;3;1;1;76;0;7340801;81;0
147;18;336;20;23;29;99;5.40;5;2;1;82;0;7340999;184;0
147;18;336;20;23;29;99;5.60;6;2;1;65;0;7340999;983;0
147;18;336;20;23;30;13;3.40;5;2;1;86;0;7341013;-1;0
147;18;336;20;23;30;31;4.00;6;2;1;66;0;7341031;0;0
147;18;336;20;23;30;43;4.80;3;1;1;81;0;7341043;224;0
147;18;336;20;23;31;99;3.40;5;2;1;84;0;7341199;171;0
147;18;336;20;23;32;99;11.60;3;1;2;78;0;7341299;234;0
147;18;336;20;23;32;99;4.60;6;2;1;68;0;7341299;246;0
147;18;336;20;23;34;18;3.80;7;2;1;79;0;7341418;2197;0
147;18;336;20;23;34;10;3.80;6;2;1;68;0;7341410;86;0
147;18;336;20;23;34;99;3.20;5;2;1;82;0;7341499;285;0
147;18;336;20;23;34;99;3.00;6;2;1;66;0;7341499;68;0
147;18;336;20;23;36;13;3.60;5;2;1;83;0;7341613;99;0
147;18;336;20;23;37;99;3.60;3;1;1;74;0;7341799;446;0
147;18;336;20;23;37;99;3.60;5;2;1;85;0;7341799;170;0
147;18;336;20;23;37;99;3.40;6;2;1;73;0;7341799;283;0
147;18;336;20;23;39;2;3.60;6;2;1;73;0;7341902;86;0
147;18;336;20;23;39;99;3.80;3;1;1;74;0;7341999;182;0
147;18;336;20;23;40;99;3.40;1;1;1;75;0;7342099;9286;0
147;18;336;20;23;40;34;3.80;5;2;1;80;0;7342034;219;0
147;18;336;20;23;40;30;3.60;6;2;1;71;0;7342030;110;0
147;18;336;20;23;41;99;5.40;6;2;1;69;0;7342199;150;0
147;18;336;20;23;43;21;3.80;5;2;1;81;0;7342321;269;0
147;18;336;20;23;43;31;3.60;3;1;1;82;0;7342331;313;0
147;18;336;20;23;44;13;3.40;7;2;1;82;0;7342413;977;0
147;18;336;20;23;44;99;3.80;5;2;1;79;0;7342499;161;0
147;18;336;20;23;45;8;6.00;7;2;1;75;0;7342508;80;0
147;18;336;20;23;46;64;3.80;6;2;1;83;0;7342664;436;0
147;18;336;20;23;46;99;3.40;3;1;1;74;0;7342699;352;0
147;18;336;20;23;48;19;4.00;3;1;1;77;0;7342819;103;0
147;18;336;20;23;49;23;3.80;6;2;1;82;0;7342923;242;0
147;18;336;20;23;50;12;3.20;7;2;1;82;0;7343012;475;0
147;18;336;20;23;51;4;3.60;3;1;1;73;0;7343104;266;0
147;18;336;20;23;51;59;3.60;6;2;1;80;0;7343159;219;0
147;18;336;20;23;52;99;3.80;3;1;1;70;0;7343299;177;0
147;18;336;20;23;53;99;3.80;7;2;1;77;0;7343399;372;0
147;18;336;20;23;53;22;3.60;2;1;1;77;0;7343322;2802;0
147;18;336;20;23;54;99;3.00;6;2;1;80;0;7343499;323;0
147;18;336;20;23;57;25;3.60;3;1;1;79;0;7343725;406;0
147;18;336;20;23;58;38;3.20;7;2;1;78;0;7343838;421;0
147;18;336;20;24;1;21;3.60;8;2;1;80;0;7344121;4706;0
147;18;336;20;24;1;58;8.60;3;1;6;88;0;7344158;416;0
147;18;336;20;24;3;18;3.80;4;1;1;84;0;7344318;7045;0
147;18;336;20;24;9;62;3.60;2;1;1;82;0;7344962;1623;0
147;18;336;20;24;10;99;3.60;1;1;1;83;0;7345099;2983;0
147;18;336;20;24;11;99;20.20;6;2;5;71;0;7345199;1686;0
147;18;336;20;24;12;99;3.40;3;1;1;74;0;7345299;1105;0
147;18;336;20;24;12;33;9.40;7;2;2;52;0;7345233;1380;0
147;18;336;20;24;14;5;3.60;3;1;1;71;0;7345405;89;0
147;18;336;20;24;14;99;3.80;2;1;1;85;0;7345499;521;0
147;18;336;20;24;15;99;3.20;6;2;1;79;0;7345599;297;0
147;18;336;20;24;15;99;3.80;7;2;1;79;0;7345599;300;0
147;18;336;20;24;20;99;4.80;6;2;1;67;0;7346099;485;0
147;18;336;20;24;22;71;3.40;6;2;1;67;0;7346271;146;0
147;18;336;20;24;23;99;3.80;2;1;1;81;0;7346399;883;0
147;18;336;20;24;24;71;3.00;6;2;1;68;0;7346471;181;0
147;18;336;20;24;25;8;3.40;5;2;1;78;0;7346508;3991;0
147;18;336;20;24;23;59;4.00;7;2;1;19;0;7346359;742;0
147;18;336;20;24;26;24;3.60;3;1;1;84;0;7346624;1200;0
147;18;336;20;24;26;99;4.00;6;2;1;69;0;7346699;212;0
147;18;336;20;24;28;1;3.40;6;2;1;68;0;7346801;81;0
147;18;336;20;24;28;99;4.60;7;2;1;79;0;7346899;464;0
147;18;336;20;24;31;99;3.60;6;2;1;77;0;7347199;380;0
147;18;336;20;24;31;99;3.60;7;2;1;85;0;7347199;279;0
147;18;336;20;24;33;15;3.80;5;2;1;85;0;7347315;791;0
147;18;336;20;24;33;99;3.80;6;2;1;84;0;7347399;183;0
147;18;336;20;24;34;27;4.40;5;2;1;85;0;7347427;95;0
147;18;336;20;24;34;8;3.00;3;1;1;77;0;7347408;768;0
147;18;336;20;24;35;10;3.40;4;1;1;80;0;7347510;3175;0
147;18;336;20;24;36;99;3.60;6;2;1;79;0;7347699;283;0
147;18;336;20;24;39;99;3.60;3;1;1;75;0;7347999;576;0
147;18;336;20;24;40;6;2.80;2;1;1;79;0;7348006;1590;0
147;18;336;20;24;40;99;3.60;4;1;1;82;0;7348099;573;0
147;18;336;20;24;41;99;3.80;2;1;1;83;0;7348199;180;0
147;18;336;20;24;44;10;3.80;3;1;1;75;0;7348410;393;0
147;18;336;20;24;43;4;1.00;7;2;1;1;1;7348304;1089;0
147;18;336;20;24;43;33;13.20;7;1;5;40;0;7348333;390004;0
147;18;336;20;24;44;41;3.40;6;2;1;72;0;7348441;725;0
147;18;336;20;24;46;6;3.40;6;2;1;71;0;7348606;148;0
147;18;336;20;24;47;42;3.00;6;2;1;80;0;7348742;118;0
147;18;336;20;24;49;99;4.60;3;1;1;98;0;7348999;570;0
147;18;336;20;24;50;99;3.60;1;1;1;78;0;7349099;3984;0
147;18;336;20;24;51;28;3.40;6;2;1;84;0;7349128;372;0
147;18;336;20;24;54;99;3.80;1;1;1;77;0;7349499;383;0
147;18;336;20;24;55;25;3.60;2;1;1;93;0;7349525;1309;0
147;18;336;20;24;56;99;3.80;7;2;1;77;0;7349699;2484;0
147;18;336;20;24;56;99;12.60;2;1;2;78;0;7349699;160;0
147;18;336;20;24;58;9;4.00;7;2;1;79;0;7349809;92;0
147;18;336;20;24;59;11;3.60;7;2;1;79;0;7349911;83;0
147;18;336;20;24;59;99;3.60;3;1;1;76;0;7349999;983;0
147;18;336;20;25;0;76;3.60;6;2;1;77;0;7350076;933;0
147;18;336;20;25;0;85;3.40;2;1;1;80;0;7350085;327;0
147;18;336;20;25;1;99;3.80;3;1;1;73;0;7350199;182;0
147;18;336;20;25;2;10;3.20;2;1;1;73;0;7350210;109;0
147;18;336;20;25;2;21;3.00;3;1;1;72;0;7350221;3;0
147;18;336;20;25;3;99;3.80;7;2;1;86;0;7350399;471;0
147;18;336;20;25;4;99;3.60;3;1;1;80;0;7350499;263;0
147;18;336;20;25;6;17;3.40;6;2;1;81;0;7350617;524;0
147;18;336;20;25;6;99;3.80;3;1;1;79;0;7350699;183;0
147;18;336;20;25;8;14;3.20;6;2;1;75;0;7350814;181;0
147;18;336;20;25;8;91;3.60;2;1;1;77;0;7350891;665;0
147;18;336;20;25;9;99;3.80;4;1;1;81;0;7350999;2884;0
147;18;336;20;25;10;57;3.60;6;2;1;73;0;7351057;227;0
147;18;336;20;25;11;1;3.40;3;1;1;69;0;7351101;384;0
147;18;336;20;25;11;99;3.20;2;1;1;70;0;7351199;291;0
147;18;336;20;25;12;99;4.00;7;2;1;76;0;7351299;884;0
147;18;336;20;25;13;58;4.00;8;2;1;75;0;7351358;7220;0
147;18;336;20;25;14;3;3.80;3;1;1;80;0;7351403;284;0
147;18;336;20;25;14;99;3.00;6;2;1;77;0;7351499;424;0
147;18;336;20;25;15;6;3.20;2;1;1;75;0;7351506;290;0
147;18;336;20;25;15;74;3.60;6;2;1;86;0;7351574;60;0
147;18;336;20;25;17;7;3.80;3;1;1;83;0;7351707;286;0
147;18;336;20;25;19;28;3.20;2;1;1;80;0;7351928;406;0
147;18;336;20;25;20;57;3.80;6;2;1;80;0;7352057;467;0
147;18;336;20;25;23;48;3.80;6;2;1;80;0;7352348;273;0
147;18;336;20;25;24;99;3.80;6;2;1;81;0;7352499;133;0
147;18;336;20;25;26;99;3.40;8;2;1;81;0;7352699;1321;0
147;18;336;20;25;27;99;3.80;3;1;1;75;0;7352799;1075;0
147;18;336;20;25;28;36;3.60;6;2;1;79;0;7352836;320;0
147;18;336;20;25;29;99;3.40;6;2;1;79;0;7352999;146;0
147;18;336;20;25;31;19;3.80;6;2;1;79;0;7353119;104;0
147;18;336;20;25;31;99;3.60;2;1;1;82;0;7353199;1256;0
147;18;336;20;25;31;99;3.80;5;2;1;83;0;7353199;5753;0
147;18;336;20;25;32;10;3.40;6;2;1;73;0;7353210;73;0
147;18;336;20;25;33;49;3.60;6;2;1;75;0;7353349;122;7352836
147;18;336;20;25;35;99;4.00;3;1;1;82;0;7353599;781;0
147;18;336;20;25;35;99;3.60;2;1;1;79;0;7353599;384;0
147;18;336;20;25;37;99;3.60;6;2;1;79;0;7353799;432;0
147;18;336;20;25;39;99;3.00;6;2;1;76;0;7353999;183;0
147;18;336;20;25;39;99;3.20;2;1;1;81;0;7353999;383;0
147;18;336;20;25;40;99;3.80;8;2;1;80;0;7354099;1384;0
147;18;336;20;25;43;14;3.60;6;2;1;79;0;7354314;300;0
147;18;336;20;25;45;17;3.40;6;2;1;81;0;7354517;186;0
147;18;336;20;25;46;33;3.40;1;1;1;75;0;7354633;5116;0
147;18;336;20;25;46;94;3.60;4;1;1;81;0;7354694;3678;0
147;18;336;20;25;47;13;3.60;6;2;1;75;0;7354713;180;0
147;18;336;20;25;47;99;3.40;5;2;1;78;0;7354799;1583;0
147;18;336;20;25;49;12;3.40;6;2;1;76;0;7354912;181;0
147;18;336;20;25;49;78;4.40;1;1;1;66;0;7354978;328;0
147;18;336;20;25;49;99;4.00;3;1;1;75;0;7354999;1382;0
147;18;336;20;25;49;99;3.40;7;2;1;78;0;7354999;3681;0
147;18;336;20;25;50;99;3.60;4;1;1;79;0;7355099;389;0
147;18;336;20;25;50;99;4.40;2;1;1;65;0;7355099;1085;0
147;18;336;20;25;51;14;3.20;6;2;1;76;0;7355114;185;7354314
147;18;336;20;25;51;24;3.60;5;2;1;80;0;7355124;309;0
147;18;336;20;25;51;46;3.40;4;1;1;85;0;7355146;30;0
147;18;336;20;25;53;11;2.80;6;2;1;74;0;7355311;181;7354314
147;18;336;20;25;54;1;3.00;2;1;1;69;0;7355401;277;0
147;18;336;20;25;54;99;3.60;3;1;1;78;0;7355499;480;0
147;18;336;20;25;54;99;5.40;4;1;1;78;0;7355499;338;0
147;18;336;20;25;55;23;3.00;6;2;1;74;0;7355523;198;7354314
147;18;336;20;25;56;16;3.20;5;2;1;80;0;7355616;475;0
147;18;336;20;25;58;99;4.00;4;1;1;79;0;7355899;375;0
147;18;336;20;26;1;43;3.40;7;2;1;83;0;7356143;1128;0
147;18;336;20;26;1;47;3.20;6;2;1;74;0;7356147;609;0
147;18;336;20;26;2;99;3.60;3;1;1;71;0;7356299;783;0
147;18;336;20;26;3;99;3.20;2;1;1;75;0;7356399;982;0
147;18;336;20;26;4;86;3.60;7;2;1;77;0;7356486;328;0
147;18;336;20;26;4;99;3.80;2;1;1;78;0;7356499;84;0
147;18;336;20;26;5;99;3.60;3;1;1;69;0;7356599;281;0
147;18;336;20;26;6;5;3.20;6;2;1;81;0;7356605;442;0
147;18;336;20;26;7;17;3.60;5;2;1;83;0;7356717;1086;0
147;18;336;20;26;7;99;3.80;7;2;1;77;0;7356799;296;0
147;18;336;20;26;7;99;3.80;3;1;1;72;0;7356799;181;0
147;18;336;20;26;8;11;4.00;4;1;1;86;0;7356811;893;0
147;18;336;20;26;10;99;4.60;7;2;1;77;0;7357099;282;0
147;18;336;20;26;10;99;3.60;3;1;1;77;0;7357099;281;0
147;18;336;20;26;11;13;3.60;6;2;1;81;0;7357113;493;0
147;18;336;20;26;13;3;3.80;3;1;1;81;0;7357303;187;0
147;18;336;20;26;14;29;3.20;6;2;1;71;0;7357429;300;0
147;18;336;20;26;17;99;3.60;8;2;1;90;0;7357799;3682;0
147;18;336;20;26;18;14;3.60;6;2;1;76;0;7357814;368;0
147;18;336;20;26;20;99;4.80;4;1;1;86;0;7358099;1271;0
147;18;336;20;26;20;99;3.80;3;1;1;83;0;7358099;779;0
147;18;336;20;26;22;51;3.60;7;2;1;77;0;7358251;1130;0
147;18;336;20;26;24;33;3.20;6;2;1;76;0;7358433;601;0
147;18;336;20;26;26;0;3.40;7;2;1;76;0;7358600;332;0
147;18;336;20;26;26;99;3.80;3;1;1;79;0;7358699;583;0
147;18;336;20;26;27;7;3.00;6;2;1;78;0;7358707;258;0
147;18;336;20;26;27;15;3.00;7;2;1;77;0;7358715;98;0
147;18;336;20;26;28;99;3.40;6;2;1;77;0;7358899;178;0
147;18;336;20;26;29;22;3.60;5;2;1;81;0;7358922;2189;0
147;18;336;20;26;29;10;3.40;8;2;1;75;0;7358910;1096;0
147;18;336;20;26;29;50;3.00;6;2;1;75;0;7358950;35;0
147;18;336;20;26;30;99;3.60;5;2;1;84;0;7359099;161;0
147;18;336;20;26;31;99;3.80;4;1;1;91;0;7359199;1079;0
147;18;336;20;26;32;32;3.20;6;2;1;79;0;7359232;267;0
147;18;336;20;26;32;44;3.40;3;1;1;76;0;7359244;527;0
147;18;336;20;26;33;99;3.00;2;1;1;74;0;7359399;2882;0
147;18;336;20;26;34;99;3.40;6;2;1;78;0;7359499;252;0
147;18;336;20;26;35;9;3.80;1;1;1;77;0;7359509;4507;0
147;18;336;20;26;36;14;3.80;6;2;1;81;0;7359614;99;0
147;18;336;20;26;36;20;3.60;2;1;1;76;0;7359620;206;0
147;18;336;20;26;37;16;3.00;3;1;1;69;0;7359716;455;0
147;18;336;20;26;37;63;3.80;4;1;1;83;0;7359763;548;0
147;18;336;20;26;38;99;3.80;3;1;1;67;0;7359899;167;0
147;18;336;20;26;39;99;3.20;3;1;1;69;0;7359999;79;0
147;18;336;20;26;41;99;3.40;1;1;1;69;0;7360199;672;0
147;18;336;20;26;44;6;3.60;6;2;1;74;0;7360406;775;0
147;18;336;20;26;44;99;3.80;8;2;1;86;0;7360499;1572;0
147;18;336;20;26;45;25;3.60;4;1;1;87;0;7360525;745;0
147;18;336;20;26;45;77;3.60;3;1;1;81;0;7360577;561;0
147;18;336;20;26;45;98;3.40;6;2;1;74;0;7360598;174;0
147;18;336;20;26;50;49;3.60;3;1;1;69;0;7361049;456;0
147;18;336;20;26;51;99;3.40;5;2;1;81;0;7361199;2084;0
147;18;336;20;26;51;99;4.20;3;1;1;69;0;7361199;131;0
147;18;336;20;26;52;20;3.20;6;2;1;73;0;7361220;605;0
147;18;336;20;26;52;3;3.60;7;2;1;80;0;7361203;2473;0
147;18;336;20;26;53;7;3.20;5;2;1;79;0;7361307;92;0
147;18;336;20;26;53;95;3.60;3;1;1;71;0;7361395;174;0
147;18;336;20;26;54;99;4.00;8;2;1;81;0;7361499;984;0
147;18;336;20;26;54;99;3.60;3;1;1;71;0;7361499;85;0
147;18;336;20;26;55;73;3.40;8;2;1;75;0;7361573;56;0
147;18;336;20;26;55;71;3.40;6;2;1;68;0;7361571;335;0
147;18;336;20;26;55;90;3.00;7;2;1;85;0;7361590;370;0
147;18;336;20;26;56;99;3.60;5;2;1;83;0;7361699;377;0
147;18;336;20;26;56;99;4.00;4;1;1;84;0;7361699;1159;0
147;18;336;20;26;56;99;4.40;3;1;1;69;0;7361699;181;7361049
147;18;336;20;26;57;99;3.40;6;2;1;72;0;7361799;210;0
147;18;336;20;26;58;71;3.20;4;1;1;81;0;7361871;154;0
147;18;336;20;26;58;88;5.60;3;1;1;71;0;7361888;166;7361049
147;18;336;20;26;59;99;3.80;8;2;1;73;0;7361999;409;0
147;18;336;20;27;0;5;3.00;3;1;1;70;0;7362005;88;7361049
147;18;336;20;27;2;99;3.20;6;2;1;73;0;7362299;483;0
147;18;336;20;27;4;5;3.60;3;1;1;72;0;7362405;384;0
147;18;336;20;27;5;25;3.00;3;1;1;72;0;7362525;102;0
147;18;336;20;27;5;26;3.00;7;2;1;71;0;7362526;923;0
147;18;336;20;27;5;55;3.60;4;1;1;82;0;7362555;669;0
147;18;336;20;27;7;18;3.40;7;2;1;72;0;7362718;176;0
147;18;336;20;27;7;99;3.80;3;1;1;76;0;7362799;259;0
147;18;336;20;27;8;99;3.80;2;1;1;76;0;7362899;3261;0
147;18;336;20;27;10;9;3.20;6;2;1;68;0;7363009;694;0
147;18;336;20;27;11;99;3.40;2;1;1;78;0;7363199;282;0
147;18;336;20;27;12;0;3.60;6;2;1;69;0;7363200;174;0
147;18;336;20;27;12;19;3.80;1;1;1;88;0;7363219;3002;0
147;18;336;20;27;12;99;3.20;7;2;1;76;0;7363299;564;0
147;18;336;20;27;12;99;3.60;8;2;1;93;0;7363299;1281;0
147;18;336;20;27;14;19;3.60;5;2;1;78;0;7363419;1704;0
147;18;336;20;27;14;14;3.40;6;2;1;70;0;7363414;195;0
147;18;336;20;27;14;99;4.80;5;2;1;77;0;7363499;63;0
147;18;336;20;27;15;8;3.60;6;2;1;70;0;7363508;76;0
147;18;336;20;27;15;17;3.80;5;2;1;77;0;7363517;-1;0
147;18;336;20;27;17;99;3.80;6;2;1;72;0;7363799;272;0
147;18;336;20;27;18;47;3.00;3;1;1;85;0;7363847;1030;0
147;18;336;20;27;18;60;3.80;2;1;1;81;0;7363860;645;0
147;18;336;20;27;19;99;4.00;4;1;1;90;0;7363999;1428;0
147;18;336;20;27;19;99;3.60;3;1;1;82;0;7363999;139;0
147;18;336;20;27;20;2;3.40;2;1;1;88;0;7364002;125;0
147;18;336;20;27;22;15;3.60;6;2;1;76;0;7364215;397;0
147;18;336;20;27;22;99;3.80;8;2;1;67;0;7364299;986;0
147;18;336;20;27;24;29;4.80;5;2;1;83;0;7364429;894;0
147;18;336;20;27;29;99;3.60;5;2;1;77;0;7364999;549;0
147;18;336;20;27;30;99;3.00;6;2;1;76;0;7365099;866;0
147;18;336;20;27;31;41;12.40;3;1;3;82;0;7365141;1126;0
147;18;336;20;27;38;99;3.60;7;2;1;74;0;7365899;2584;0
147;18;336;20;27;38;39;3.40;6;2;1;67;0;7365839;725;0
147;18;336;20;27;39;99;3.60;5;2;1;79;0;7365999;983;0
147;18;336;20;27;40;2;3.60;6;2;1;67;0;7366002;144;0
147;18;336;20;27;41;74;3.80;3;1;1;79;0;7366174;978;0
147;18;336;20;27;44;99;3.20;6;2;1;73;0;7366499;477;0
147;18;336;20;27;45;14;3.60;7;2;1;82;0;7366514;597;0
147;18;336;20;27;45;99;3.20;2;1;1;82;0;7366599;2583;0
147;18;336;20;27;46;24;3.40;7;2;1;87;0;7366624;94;0
147;18;336;20;27;46;59;3.80;6;2;1;80;0;7366659;144;0
147;18;336;20;27;48;99;3.40;3;1;1;80;0;7366899;707;0
147;18;336;20;27;50;99;3.20;6;2;1;75;0;7367099;422;0
147;18;336;20;27;51;0;3.60;7;2;1;81;0;7367100;461;0
147;18;336;20;27;51;34;3.40;4;1;1;82;0;7367134;3119;0
147;18;336;20;27;53;1;3.80;7;2;1;81;0;7367301;185;0
147;18;336;20;27;54;60;3.80;8;2;1;77;0;7367460;3140;0
147;18;336;20;27;55;99;3.20;2;1;1;72;0;7367599;985;0
147;18;336;20;27;56;5;3.40;1;1;1;68;0;7367605;4370;0
147;18;336;20;27;57;13;4.20;6;2;1;80;0;7367713;598;0
147;18;336;20;27;58;99;3.60;4;1;1;80;0;7367899;750;0
147;18;336;20;27;58;99;3.60;6;2;1;77;0;7367899;167;0
147;18;336;20;27;59;11;4.00;5;2;1;81;0;7367911;1895;0
147;18;336;20;28;0;99;3.80;6;2;1;81;0;7368099;183;0
147;18;336;20;28;1;1;3.60;7;2;1;73;0;7368101;783;0
147;18;336;20;28;3;7;3.60;2;1;1;84;0;7368307;692;0
147;18;336;20;28;3;99;3.80;6;2;1;75;0;7368399;283;0
147;18;336;20;28;3;99;3.40;3;1;1;76;0;7368399;1484;0
147;18;336;20;28;4;9;3.60;7;2;1;74;0;7368409;290;0
147;18;336;20;28;4;27;3.20;4;1;1;83;0;7368427;511;0
147;18;336;20;28;4;24;3.80;8;2;1;63;0;7368424;946;0
147;18;336;20;28;5;99;3.40;6;2;1;72;0;7368599;181;0
147;18;336;20;28;7;69;3.20;5;2;1;85;0;7368769;840;0
147;18;336;20;28;6;97;4.20;7;2;1;20;0;7368697;270;0
147;18;336;20;28;9;30;3.80;4;1;1;82;0;7368930;489;0
147;18;336;20;28;11;99;3.20;6;2;1;75;0;7369199;583;0
147;18;336;20;28;13;99;4.40;3;1;1;79;0;7369399;983;0
147;18;336;20;28;15;99;3.20;2;1;1;76;0;7369599;1276;0
147;18;336;20;28;17;26;3.80;4;1;1;94;0;7369726;779;0
147;18;336;20;28;17;25;4.40;6;2;1;81;0;7369725;510;0
147;18;336;20;28;17;67;3.20;2;1;1;79;0;7369767;152;0
147;18;336;20;28;17;98;3.20;3;1;1;72;0;7369798;378;0
147;18;336;20;28;18;99;4.20;2;1;1;72;0;7369899;117;0
147;18;336;20;28;18;99;2.80;6;2;1;79;0;7369899;154;0
147;18;336;20;28;20;76;3.80;8;2;1;84;0;7370076;1630;0
147;18;336;20;28;20;90;3.60;4;1;1;79;0;7370090;349;0
147;18;336;20;28;24;9;6.60;6;2;1;75;0;7370409;497;0
147;18;336;20;28;26;99;3.20;6;2;1;76;0;7370699;258;0
147;18;336;20;28;28;99;3.80;2;1;1;75;0;7370899;979;0
147;18;336;20;28;28;99;4.00;4;1;1;84;0;7370899;792;0
147;18;336;20;28;31;99;3.00;6;2;1;73;0;7371199;484;0
147;18;336;20;28;32;24;3.40;3;1;1;75;0;7371224;1410;0
147;18;336;20;28;33;7;3.80;6;2;1;74;0;7371307;93;0
147;18;336;20;28;34;99;3.60;3;1;1;76;0;7371499;258;0
147;18;336;20;28;35;46;3.60;6;2;1;78;0;7371546;220;0
147;18;336;20;28;37;36;3.20;6;2;1;71;0;7371736;173;0
147;18;336;20;28;37;44;4.40;5;2;1;83;0;7371744;2961;0
147;18;336;20;28;38;11;3.60;3;1;1;75;0;7371811;294;0
147;18;336;20;28;38;16;3.60;7;2;1;79;0;7371816;3043;0
147;18;336;20;28;38;99;3.60;2;1;1;79;0;7371899;981;0
147;18;336;20;28;40;11;3.60;6;2;1;70;0;7372011;258;0
147;18;336;20;28;40;87;6.40;5;2;1;85;0;7372087;323;0
147;18;336;20;28;41;99;3.60;3;1;1;79;0;7372199;370;0
147;18;336;20;28;41;99;3.60;2;1;1;80;0;7372199;283;0
147;18;336;20;28;42;18;3.80;5;2;1;84;0;7372218;103;0
147;18;336;20;28;42;99;3.20;6;2;1;74;0;7372299;269;0
147;18;336;20;28;43;21;3.20;2;1;1;78;0;7372321;105;0
147;18;336;20;28;43;99;4.00;6;2;1;76;0;7372399;84;0
147;18;336;20;28;43;99;3.60;3;1;1;79;0;7372399;183;0
147;18;336;20;28;44;7;3.40;7;2;1;75;0;7372407;574;0
147;18;336;20;28;44;12;3.40;2;1;1;78;0;7372412;76;0
147;18;336;20;28;46;99;3.80;7;2;1;76;0;7372699;275;0
147;18;336;20;28;47;99;3.60;8;2;1;76;0;7372799;2706;0
147;18;336;20;28;48;0;3.60;3;1;1;77;0;7372800;384;0
147;18;336;20;28;49;99;3.60;6;2;1;81;0;7372999;581;0
147;18;336;20;28;50;14;3.80;2;1;1;76;0;7373014;586;0
147;18;336;20;28;50;36;3.40;8;2;1;75;0;7373036;219;0
147;18;336;20;28;51;99;16.20;2;1;4;75;0;7373199;167;0
147;18;336;20;28;54;99;3.40;4;1;1;81;0;7373499;2582;0
147;18;336;20;28;55;9;4.20;6;2;1;76;0;7373509;494;0
147;18;336;20;29;0;99;3.60;3;1;1;72;0;7374099;1282;0
147;18;336;20;29;1;75;5.20;6;2;1;78;0;7374175;646;0
147;18;336;20;29;2;99;3.60;6;2;1;77;0;7374299;100;0
147;18;336;20;29;4;99;3.40;6;2;1;80;0;7374499;183;0
147;18;336;20;29;5;4;3.60;2;1;1;78;0;7374504;1227;0
147;18;336;20;29;5;24;3.20;7;2;1;86;0;7374524;1807;0
147;18;336;20;29;7;19;3.00;4;1;1;74;0;7374719;1204;0
147;18;336;20;29;7;99;5.40;7;2;1;83;0;7374799;261;0
147;18;336;20;29;8;27;3.80;3;1;1;75;0;7374827;710;0
147;18;336;20;29;9;11;3.40;6;2;1;74;0;7374911;396;0
147;18;336;20;29;11;1;3.60;6;2;1;73;0;7375101;173;0
147;18;336;20;29;11;18;4.00;5;2;1;82;0;7375118;2883;0
147;18;336;20;29;11;75;3.80;3;1;1;77;0;7375175;329;0
147;18;336;20;29;12;16;3.40;5;2;1;81;0;7375216;80;0
147;18;336;20;29;14;16;3.20;3;1;1;75;0;7375416;223;0
147;18;336;20;29;14;99;3.00;2;1;1;78;0;7375499;978;0
147;18;336;20;29;17;4;3.00;6;2;1;79;0;7375704;585;0
147;18;336;20;29;17;13;3.40;3;1;1;78;0;7375713;281;0
147;18;336;20;29;17;99;3.80;7;2;1;87;0;7375799;976;0
147;18;336;20;29;19;14;3.20;2;1;1;100;0;7375914;401;0
147;18;336;20;29;19;99;3.20;3;1;1;79;0;7375999;270;0
147;18;336;20;29;20;35;3.60;4;1;1;97;0;7376035;1301;0
147;18;336;20;29;21;1;3.20;3;1;1;82;0;7376101;87;0
147;18;336;20;29;23;7;3.20;6;2;1;77;0;7376307;589;0
147;18;336;20;29;24;99;3.40;3;1;1;76;0;7376499;383;0
147;18;336;20;29;25;19;4.20;6;2;1;76;0;7376519;197;0
147;18;336;20;29;26;70;3.00;6;2;1;75;0;7376670;131;0
147;18;336;20;29;27;99;3.80;8;2;1;85;0;7376799;3746;0
147;18;336;20;29;27;99;3.60;5;2;1;74;0;7376799;1567;0
147;18;336;20;29;29;13;2.80;6;2;1;68;0;7376913;228;0
147;18;336;20;29;29;79;3.40;7;2;1;75;0;7376979;1164;0
147;18;336;20;29;29;99;3.60;2;1;1;82;0;7376999;1073;0
147;18;336;20;29;29;99;4.00;3;1;1;79;0;7376999;483;0
147;18;336;20;29;30;8;3.20;5;2;1;81;0;7377008;191;0
147;18;336;20;29;31;17;4.00;6;2;1;77;0;7377117;189;0
147;18;336;20;29;31;4;5.20;3;1;1;80;0;7377104;86;0
147;18;336;20;29;31;63;3.40;5;2;1;80;0;7377163;140;0
147;18;336;20;29;31;77;4.00;7;2;1;86;0;7377177;181;0
147;18;336;20;29;32;18;3.40;4;1;1;85;0;7377218;1169;0
147;18;336;20;29;32;99;3.80;2;1;1;79;0;7377299;284;0
147;18;336;20;29;33;99;4.00;6;2;1;77;0;7377399;263;0
147;18;336;20;29;34;86;5.20;7;2;1;81;0;7377486;292;0
147;18;336;20;29;35;99;3.40;6;2;1;76;0;7377599;181;0
147;18;336;20;29;36;13;3.80;8;2;1;83;0;7377613;797;0
147;18;336;20;29;36;99;5.00;2;1;1;83;0;7377699;382;0
147;18;336;20;29;39;12;3.80;2;1;1;79;0;7377912;191;0
147;18;336;20;29;40;99;3.60;6;2;1;77;0;7378099;483;0
147;18;336;20;29;41;4;3.80;3;1;1;80;0;7378104;976;0
147;18;336;20;29;41;30;3.80;6;2;1;80;0;7378130;14;0
147;18;336;20;29;43;99;3.80;5;2;1;102;0;7378399;1220;0
147;18;336;20;29;43;99;3.80;1;1;1;78;0;7378399;10776;0
147;18;336;20;29;44;89;3.40;2;1;1;78;0;7378489;559;0
147;18;336;20;29;47;92;3.60;6;2;1;78;0;7378792;644;0
147;18;336;20;29;47;99;3.80;5;2;1;87;0;7378799;386;0
147;18;336;20;29;48;99;3.40;6;2;1;84;0;7378899;90;0
147;18;336;20;29;48;99;3.60;3;1;1;74;0;7378899;777;0
147;18;336;20;29;49;28;3.40;2;1;1;60;0;7378928;423;0
147;18;336;20;29;50;99;3.40;6;2;1;76;0;7379099;185;0
147;18;336;20;29;50;99;5.60;5;2;1;78;0;7379099;284;0
147;18;336;20;29;49;31;4.20;7;2;1;20;0;7378931;1421;0
147;18;336;20;29;51;8;3.80;8;2;1;88;0;7379108;1478;0
147;18;336;20;29;51;22;3.60;3;1;1;68;0;7379122;205;0
147;18;336;20;29;51;17;3.00;2;1;1;59;0;7379117;168;0
147;18;336;20;29;54;1;3.80;5;2;1;83;0;7379401;276;0
147;18;336;20;29;55;99;3.20;7;2;1;69;0;7379599;592;0
147;18;336;20;29;56;13;2.80;6;2;1;77;0;7379613;497;0
147;18;336;20;29;56;99;3.60;7;2;1;69;0;7379699;83;0
147;18;336;20;29;58;99;3.40;7;2;1;84;0;7379899;181;0
147;18;336;20;30;0;13;3.20;6;2;1;82;0;7380013;386;0
147;18;336;20;30;1;99;3.20;2;1;1;73;0;7380199;1063;0
147;18;336;20;30;2;97;3.00;2;1;1;74;0;7380297;82;0
147;18;336;20;30;4;17;3.60;2;1;1;72;0;7380417;105;0
147;18;336;20;30;6;14;3.20;1;1;1;74;0;7380614;2197;0
147;18;336;20;30;8;4;3.40;5;2;1;79;0;7380804;1386;0
147;18;336;20;30;8;15;3.20;6;2;1;71;0;7380815;787;0
147;18;336;20;30;8;99;4.00;7;2;1;78;0;7380899;985;0
147;18;336;20;30;9;4;3.60;5;2;1;81;0;7380904;84;0
147;18;336;20;30;9;99;3.60;6;2;1;74;0;7380999;167;0
147;18;336;20;30;10;99;3.20;7;2;1;81;0;7381099;181;0
147;18;336;20;30;11;99;3.60;6;2;1;71;0;7381199;182;0
147;18;336;20;30;13;99;5.00;5;2;1;82;0;7381399;479;0
147;18;336;20;30;14;99;3.20;2;1;1;76;0;7381499;1064;0
147;18;336;20;30;14;99;3.80;3;1;1;79;0;7381499;2357;0
147;18;336;20;30;14;99;3.20;6;2;1;79;0;7381499;281;0
147;18;336;20;30;16;99;3.20;4;1;1;80;0;7381699;4466;0
147;18;336;20;30;17;27;2.80;6;2;1;78;0;7381727;213;0
147;18;336;20;30;18;99;3.80;4;1;1;86;0;7381899;185;0
147;18;336;20;30;18;99;3.00;6;2;1;73;0;7381899;159;0
147;18;336;20;30;19;99;4.00;7;2;1;83;0;7381999;885;0
147;18;336;20;30;19;99;3.20;3;1;1;78;0;7381999;482;0
147;18;336;20;30;19;99;3.80;5;2;1;81;0;7381999;578;0
147;18;336;20;30;20;3;4.00;7;2;1;83;0;7382003;-1;0
147;18;336;20;30;20;39;3.40;6;2;1;71;0;7382039;125;0
147;18;336;20;30;21;99;3.60;7;2;1;76;0;7382199;178;0
147;18;336;20;30;22;99;4.40;2;1;1;77;0;7382299;784;0
147;18;336;20;30;23;99;3.60;8;2;1;78;0;7382399;3275;0
147;18;336;20;30;23;99;4.20;7;2;1;81;0;7382399;182;0
147;18;336;20;30;22;63;24.60;6;2;5;67;0;7382263;206;0
147;18;336;20;30;26;7;3.00;3;1;1;71;0;7382607;593;0
147;18;336;20;30;27;99;3.20;6;2;1;75;0;7382799;403;0
147;18;336;20;30;29;22;3.60;5;2;1;84;0;7382922;906;0
147;18;336;20;30;29;99;3.80;6;2;1;71;0;7382999;184;0
147;18;336;20;30;30;5;3.80;7;2;1;94;0;7383005;587;0
147;18;336;20;30;31;99;3.20;6;2;1;75;0;7383199;180;0
147;18;336;20;30;32;27;3.40;5;2;1;81;0;7383227;289;0
147;18;336;20;30;33;99;3.00;5;2;1;86;0;7383399;156;0
147;18;336;20;30;33;99;3.40;2;1;1;80;0;7383399;1079;0
147;18;336;20;30;34;99;3.80;4;1;1;76;0;7383499;1584;0
147;18;336;20;30;34;99;3.60;3;1;1;76;0;7383499;876;0
147;18;336;20;30;35;56;4.00;5;2;1;88;0;7383556;144;0
147;18;336;20;30;36;99;3.40;2;1;1;79;0;7383699;284;0
147;18;336;20;30;37;15;3.60;4;1;1;82;0;7383715;198;0
147;18;336;20;30;38;76;3.40;6;2;1;91;0;7383876;661;0
147;18;336;20;30;38;69;3.40;2;1;1;73;0;7383869;154;0
147;18;336;20;30;41;99;3.80;6;2;1;77;0;7384199;309;0
147;18;336;20;30;44;99;3.40;7;2;1;77;0;7384499;1479;0
147;18;336;20;30;46;12;3.60;6;2;1;81;0;7384612;395;0
147;18;336;20;30;46;13;4.40;7;2;1;72;0;7384613;98;0
147;18;336;20;30;48;8;3.80;3;1;1;80;0;7384808;1291;0
147;18;336;20;30;48;84;3.80;7;2;1;81;0;7384884;249;0
147;18;336;20;30;50;99;3.40;8;2;1;80;0;7385099;2683;0
147;18;336;20;30;51;99;3.40;2;1;1;72;0;7385199;1313;0
147;18;336;20;30;52;99;4.40;3;1;1;66;0;7385299;473;0
147;18;336;20;30;52;99;3.40;2;1;1;71;0;7385299;83;0
147;18;336;20;30;53;6;4.40;8;2;1;84;0;7385306;191;0
147;18;336;20;30;53;20;3.20;7;2;1;77;0;7385320;419;0
147;18;336;20;30;54;99;3.40;2;1;1;70;0;7385499;182;0
147;18;336;20;30;55;99;4.60;5;2;1;78;0;7385599;2026;0
147;18;336;20;30;55;26;3.40;3;1;1;79;0;7385526;203;0
147;18;336;20;30;56;8;3.40;1;1;1;75;0;7385608;4978;0
147;18;336;20;30;57;99;3.40;4;1;1;75;0;7385799;2068;0
147;18;336;20;30;58;15;3.80;2;1;1;75;0;7385815;298;0
147;18;336;20;31;2;99;3.80;4;1;1;84;0;7386299;483;0
147;18;336;20;31;2;99;3.60;2;1;1;80;0;7386299;465;0
147;18;336;20;31;4;96;3.40;3;1;1;75;0;7386496;954;0
147;18;336;20;31;5;99;3.80;2;1;1;80;0;7386599;283;0
147;18;336;20;31;6;7;4.00;7;2;1;79;0;7386607;1272;0
147;18;336;20;31;6;44;3.40;3;1;1;80;0;7386644;131;0
147;18;336;20;31;8;4;3.00;6;2;1;67;0;7386804;2176;0
147;18;336;20;31;9;96;3.20;2;1;1;75;0;7386996;379;0
147;18;336;20;31;9;99;3.20;6;2;1;66;0;7386999;178;0
147;18;336;20;31;11;60;3.40;6;2;1;67;0;7387160;143;0
147;18;336;20;31;12;99;3.60;3;1;1;79;0;7387299;639;0
147;18;336;20;31;12;99;3.60;7;2;1;81;0;7387299;673;0
147;18;336;20;31;13;7;3.80;5;2;1;78;0;7387307;1686;0
147;18;336;20;31;13;4;4.20;6;2;1;67;0;7387304;125;0
147;18;336;20;31;15;0;5.00;8;2;1;75;0;7387500;2175;0
147;18;336;20;31;15;19;3.60;5;2;1;82;0;7387519;194;0
147;18;336;20;31;15;99;3.40;6;2;1;75;0;7387599;272;0
147;18;336;20;31;15;99;4.60;2;1;1;77;0;7387599;587;0
147;18;336;20;31;19;34;11.60;7;2;7;77;0;7387934;619;0
147;18;336;20;31;19;99;3.40;5;2;1;86;0;7387999;464;0
147;18;336;20;31;21;22;3.80;8;2;1;80;0;7388122;598;0
147;18;336;20;31;21;99;13.20;5;2;4;90;0;7388199;185;0
147;18;336;20;31;21;46;3.40;6;2;1;75;0;7388146;530;0
147;18;336;20;31;22;15;4.00;7;2;1;81;0;7388215;226;0
147;18;336;20;31;23;3;3.60;3;1;1;82;0;7388303;987;0
147;18;336;20;31;23;99;4.00;6;2;1;76;0;7388399;236;0
147;18;336;20;31;25;99;4.40;5;2;1;86;0;7388599;347;0
147;18;336;20;31;26;99;3.60;3;1;1;75;0;7388699;380;0
147;18;336;20;31;26;42;3.40;4;1;1;82;0;7388642;2326;0
147;18;336;20;31;27;10;3.80;1;1;1;74;0;7388710;3085;0
147;18;336;20;31;27;99;3.00;2;1;1;84;0;7388799;1178;0
147;18;336;20;31;27;99;3.20;6;2;1;84;0;7388799;381;0
147;18;336;20;31;28;12;3.20;3;1;1;76;0;7388812;95;0
147;18;336;20;31;28;99;3.80;4;1;1;82;0;7388899;242;0
147;18;336;20;31;29;42;3.20;3;1;1;76;0;7388942;114;0
147;18;336;20;31;30;99;3.80;4;1;1;78;0;7389099;183;0
147;18;336;20;31;30;99;3.40;2;1;1;77;0;7389099;287;0
147;18;336;20;31;31;8;3.80;2;1;1;79;0;7389108;-1;0
147;18;336;20;31;32;30;3.60;1;1;1;87;0;7389230;501;0
147;18;336;20;31;32;78;3.80;8;2;1;67;0;7389278;1138;0
147;18;336;20;31;33;99;3.40;6;2;1;76;0;7389399;586;0
147;18;336;20;31;33;99;3.00;3;1;1;76;0;7389399;441;0
147;18;336;20;31;34;6;3.60;2;1;1;84;0;7389406;280;0
147;18;336;20;31;34;78;3.60;5;2;1;78;0;7389478;860;0
147;18;336;20;31;35;99;4.00;2;1;1;77;0;7389599;177;0
147;18;336;20;31;35;99;4.00;5;2;1;79;0;7389599;104;0
147;18;336;20;31;36;29;4.00;5;2;1;80;0;7389629;11;0
147;18;336;20;31;36;30;3.80;6;2;1;70;0;7389630;214;0
147;18;336;20;31;36;34;4.60;2;1;1;80;0;7389634;16;0
147;18;336;20;31;38;99;3.40;6;2;1;69;0;7389899;249;0
147;18;336;20;31;38;99;4.00;4;1;1;83;0;7389899;782;0
147;18;336;20;31;40;99;4.00;6;2;1;68;0;7390099;182;0
147;18;336;20;31;41;20;3.20;7;2;1;83;0;7390120;1887;0
147;18;336;20;31;41;21;3.80;3;1;1;85;0;7390121;707;0
147;18;336;20;31;44;47;3.80;3;1;1;74;0;7390447;309;0
147;18;336;20;31;44;54;3.60;7;2;1;74;0;7390454;320;0
147;18;336;20;31;45;28;3.80;6;2;1;87;0;7390528;407;0
147;18;336;20;31;45;99;5.20;7;2;1;73;0;7390599;127;0
147;18;336;20;31;45;99;3.60;2;1;1;79;0;7390599;944;0
147;18;336;20;31;46;9;3.60;3;1;1;74;0;7390609;143;0
147;18;336;20;31;47;10;3.80;4;1;1;76;0;7390710;793;0
147;18;336;20;31;47;99;3.20;2;1;1;76;0;7390799;183;0
147;18;336;20;31;50;99;3.20;6;2;1;80;0;7391099;555;0
147;18;336;20;31;51;99;3.80;2;1;1;84;0;7391199;384;0
147;18;336;20;31;52;72;3.20;3;1;1;80;0;7391272;645;0
147;18;336;20;31;52;99;3.40;5;2;1;95;0;7391299;1652;0
147;18;336;20;31;54;27;3.20;6;2;1;82;0;7391427;313;0
147;18;336;20;31;59;19;3.60;3;1;1;79;0;7391919;632;0
147;18;336;20;31;59;25;3.60;1;1;1;82;0;7391925;2680;0
147;18;336;20;31;59;5;3.00;6;2;1;74;0;7391905;463;0
147;18;336;20;31;59;7;4.20;5;2;1;83;0;7391907;595;0
147;18;336;20;32;4;99;3.20;2;1;1;74;0;7392499;1283;0
147;18;336;20;32;4;99;3.80;6;2;1;77;0;7392499;579;0
147;18;336;20;32;5;20;4.60;2;1;1;80;0;7392520;5;0
147;18;336;20;32;5;99;3.60;3;1;1;69;0;7392599;663;0
147;18;336;20;32;6;99;5.80;8;2;1;79;0;7392699;3400;0
147;18;336;20;32;7;17;3.80;4;1;1;85;0;7392717;1989;0
147;18;336;20;32;7;53;3.00;3;1;1;72;0;7392753;135;0
147;18;336;20;32;8;99;3.80;1;1;1;85;0;7392899;958;0
147;18;336;20;32;9;17;3.60;3;1;1;73;0;7392917;149;0
147;18;336;20;32;9;99;4.80;6;2;1;83;0;7392999;482;0
147;18;336;20;32;10;15;3.60;2;1;1;79;0;7393015;474;0
147;18;336;20;32;10;69;3.40;5;2;1;86;0;7393069;1143;0
147;18;336;20;32;11;99;3.80;3;1;1;73;0;7393199;264;0
147;18;336;20;32;11;99;3.60;7;2;1;78;0;7393199;2574;0
147;18;336;20;32;11;99;3.00;5;2;1;87;0;7393199;115;0
147;18;336;20;32;12;0;4.60;2;1;1;84;0;7393200;168;0
147;18;336;20;32;12;99;2.80;7;2;1;70;0;7393299;83;0
147;18;336;20;32;13;99;4.20;3;1;1;89;0;7393399;181;0
147;18;336;20;32;15;7;4.40;6;2;1;81;0;7393507;487;0
147;18;336;20;32;15;36;3.40;7;2;1;73;0;7393536;222;0
147;18;336;20;32;16;99;3.40;6;2;1;76;0;7393699;172;0
147;18;336;20;32;17;11;3.40;3;1;1;77;0;7393711;295;0
147;18;336;20;32;21;99;4.20;7;2;1;78;0;7394199;646;0
147;18;336;20;32;23;99;4.00;3;1;1;84;0;7394399;672;0
147;18;336;20;32;28;26;3.80;6;2;1;81;0;7394826;1110;0
147;18;336;20;32;28;74;3.60;5;2;1;80;0;7394874;1662;0
147;18;336;20;32;30;7;3.40;6;2;1;78;0;7395007;164;0
147;18;336;20;32;30;37;3.00;5;2;1;82;0;7395037;146;0
147;18;336;20;32;31;99;18.80;5;2;5;83;0;7395199;148;0
147;18;336;20;32;33;34;4.20;3;1;1;76;0;7395334;917;0
147;18;336;20;32;33;88;3.40;2;1;1;77;0;7395388;2168;0
147;18;336;20;32;35;16;3.00;3;1;1;79;0;7395516;162;0
147;18;336;20;32;35;7;3.80;5;2;1;79;0;7395507;226;0
147;18;336;20;32;35;21;3.80;8;2;1;72;0;7395521;2795;0
147;18;336;20;32;35;37;4.00;2;1;1;82;0;7395537;133;0
147;18;336;20;32;35;44;3.60;6;2;1;70;0;7395544;521;0
147;18;336;20;32;37;21;3.80;5;2;1;80;0;7395721;196;0
147;18;336;20;32;37;99;3.20;6;2;1;66;0;7395799;236;0
147;18;336;20;32;38;2;3.80;6;2;1;60;0;7395802;-1;0
147;18;336;20;32;39;99;6.20;6;2;1;67;0;7395999;174;0
147;18;336;20;32;39;99;3.80;5;2;1;77;0;7395999;260;0
147;18;336;20;32;41;6;3.40;7;2;1;70;0;7396106;1887;0
147;18;336;20;32;41;99;3.80;5;2;1;78;0;7396199;182;0
147;18;336;20;32;41;99;3.20;3;1;1;72;0;7396199;669;0
147;18;336;20;32;42;12;3.20;6;2;1;73;0;7396212;179;0
147;18;336;20;32;42;99;3.20;2;1;1;75;0;7396299;744;0
147;18;336;20;32;42;99;3.40;7;2;1;67;0;7396299;175;0
147;18;336;20;32;43;4;4.00;5;2;1;87;0;7396304;87;0
147;18;336;20;32;44;99;3.60;6;2;1;79;0;7396499;271;0
147;18;336;20;32;44;99;4.40;7;2;1;68;0;7396499;181;0
147;18;336;20;32;44;99;3.60;2;1;1;74;0;7396499;184;0
147;18;336;20;32;46;88;3.80;8;2;1;83;0;7396688;1148;0
147;18;336;20;32;46;92;3.40;7;2;1;71;0;7396692;169;0
147;18;336;20;32;47;99;3.60;6;2;1;70;0;7396799;283;0
147;18;336;20;32;49;99;3.20;2;1;1;73;0;7396999;482;0
147;18;336;20;32;50;99;3.40;7;2;1;75;0;7397099;389;0
147;18;336;20;32;51;57;3.60;1;1;1;78;0;7397157;4241;0
147;18;336;20;32;51;64;3.20;3;1;1;60;0;7397164;949;0
147;18;336;20;32;51;89;3.80;6;2;1;77;0;7397189;371;0
147;18;336;20;32;51;92;3.80;4;1;1;81;0;7397192;4458;0
147;18;336;20;32;52;99;3.20;3;1;1;62;0;7397299;115;0
147;18;336;20;32;52;99;3.80;4;1;1;74;0;7397299;90;0
147;18;336;20;32;53;39;4.00;7;2;1;78;0;7397339;223;0
147;18;336;20;32;56;84;3.40;3;1;1;83;0;7397684;366;0
147;18;336;20;32;56;82;3.80;7;2;1;77;0;7397682;324;0
147;18;336;20;32;57;5;3.80;2;1;1;87;0;7397705;690;0
147;18;336;20;32;57;15;3.60;6;2;1;76;0;7397715;508;0
147;18;336;20;32;57;99;3.80;5;2;1;83;0;7397799;1478;0
147;18;336;20;33;0;99;3.20;6;2;1;79;0;7398099;366;0
147;18;336;20;33;1;48;3.60;2;1;1;78;0;7398148;427;0
147;18;336;20;33;2;99;3.60;6;2;1;77;0;7398299;185;0
147;18;336;20;33;3;99;3.40;2;1;1;77;0;7398399;234;0
147;18;336;20;33;6;23;3.80;2;1;1;75;0;7398623;208;0
147;18;336;20;33;7;21;3.80;3;1;1;80;0;7398721;1022;0
147;18;336;20;33;7;99;3.40;4;1;1;90;0;7398799;1481;0
147;18;336;20;33;8;99;3.60;6;2;1;81;0;7398899;583;0
147;18;336;20;33;8;15;3.40;8;2;1;78;0;7398815;2110;0
147;18;336;20;33;9;54;3.40;6;2;1;81;0;7398954;39;0
147;18;336;20;33;9;69;3.80;2;1;1;75;0;7398969;327;0
147;18;336;20;33;10;99;3.80;5;2;1;87;0;7399099;1283;0
147;18;336;20;33;11;54;3.60;6;2;1;81;0;7399154;184;0
147;18;336;20;33;13;12;3.80;5;2;1;86;0;7399312;197;0
147;18;336;20;33;14;44;3.40;2;1;1;75;0;7399444;456;0
147;18;336;20;33;14;61;3.20;6;2;1;81;0;7399461;291;0
147;18;336;20;33;15;99;3.40;4;1;1;90;0;7399599;786;0
147;18;336;20;33;17;98;3.40;7;2;1;80;0;7399798;2098;0
147;18;336;20;33;19;16;3.40;6;2;1;85;0;7399916;440;0
147;18;336;20;33;19;81;6.00;4;1;1;88;0;7399981;368;0
147;18;336;20;33;20;6;3.80;3;1;1;82;0;7400006;1267;0
147;18;336;20;33;22;1;3.40;1;1;1;80;0;7400201;3027;0
147;18;336;20;33;22;17;3.80;8;2;1;72;0;7400217;1386;0
147;18;336;20;33;22;99;3.80;4;1;1;78;0;7400299;293;0
147;18;336;20;33;23;16;4.00;3;1;1;74;0;7400316;293;0
147;18;336;20;33;26;22;3.80;6;2;1;81;0;7400622;691;0
147;18;336;20;33;26;32;3.40;3;1;1;84;0;7400632;296;0
147;18;336;20;33;26;33;3.60;2;1;1;87;0;7400633;1172;0
147;18;336;20;33;27;99;3.00;6;2;1;80;0;7400799;160;0
147;18;336;20;33;29;18;3.20;5;2;1;86;0;7400918;1590;0
147;18;336;20;33;29;9;3.00;1;1;1;70;0;7400909;692;0
147;18;336;20;33;31;1;4.00;5;2;1;87;0;7401101;169;0
147;18;336;20;33;31;99;3.40;6;2;1;76;0;7401199;386;0
147;18;336;20;33;31;8;4.00;5;2;1;83;0;7401108;-1;0
147;18;336;20;33;32;3;3.40;2;1;1;74;0;7401203;555;0
147;18;336;20;33;30;15;4.20;7;2;1;17;0;7401015;1201;0
147;18;336;20;33;33;99;3.40;7;2;1;76;0;7401399;295;0
147;18;336;20;33;34;22;3.80;8;2;1;74;0;7401422;1186;0
147;18;336;20;33;35;99;3.80;7;2;1;79;0;7401599;183;0
147;18;336;20;33;37;36;3.40;3;1;1;72;0;7401736;1089;0
147;18;336;20;33;37;47;3.00;6;2;1;75;0;7401747;531;0
147;18;336;20;33;39;30;3.60;4;1;1;80;0;7401930;1613;0
147;18;336;20;33;40;14;3.80;3;1;1;72;0;7402014;261;0
147;18;336;20;33;40;88;3.60;2;1;1;82;0;7402088;868;0
147;18;336;20;33;40;99;3.20;7;2;1;77;0;7402099;482;0
147;18;336;20;33;41;99;3.60;6;2;1;77;0;7402199;437;0
147;18;336;20;33;43;99;3.20;7;2;1;80;0;7402399;285;0
147;18;336;20;33;43;99;3.40;6;2;1;80;0;7402399;183;0
147;18;336;20;33;44;13;3.80;5;2;1;75;0;7402413;1287;0
147;18;336;20;33;45;99;4.00;5;2;1;74;0;7402599;167;0
147;18;336;20;33;46;24;3.20;6;2;1;75;0;7402624;209;0
147;18;336;20;33;46;99;3.00;7;2;1;80;0;7402699;285;0
147;18;336;20;33;47;77;3.60;6;2;1;77;0;7402777;137;0
147;18;336;20;33;48;99;3.80;7;2;1;81;0;7402899;186;0
147;18;336;20;33;49;7;3.80;6;2;1;81;0;7402907;113;0
147;18;336;20;33;50;84;3.80;5;2;1;83;0;7403084;465;0
147;18;336;20;33;52;1;3.80;6;2;1;75;0;7403201;277;0
147;18;336;20;33;53;3;3.80;3;1;1;81;0;7403303;1270;0
147;18;336;20;33;53;99;3.20;6;2;1;76;0;7403399;179;0
147;18;336;20;33;54;2;3.60;6;2;1;72;0;7403402;-1;0
147;18;336;20;33;55;67;4.20;7;2;1;81;0;7403567;651;0
147;18;336;20;33;55;96;3.80;4;1;1;83;0;7403596;1649;0
147;18;336;20;33;56;11;3.80;5;2;1;84;0;7403611;510;0
147;18;336;20;33;56;99;3.60;7;2;1;82;0;7403699;113;0
147;18;336;20;33;57;18;2.40;1;1;1;72;0;7403718;2793;0
147;18;336;20;33;58;99;3.40;6;2;1;77;0;7403899;479;0
147;18;336;20;34;1;99;3.40;5;2;1;80;0;7404199;571;0
147;18;336;20;34;4;5;3.40;6;2;1;77;0;7404405;490;0
147;18;336;20;34;6;15;3.60;6;2;1;79;0;7404615;194;0
147;18;336;20;34;6;99;3.40;2;1;1;79;0;7404699;2595;0
147;18;336;20;34;7;99;3.80;2;1;1;75;0;7404799;84;0
147;18;336;20;34;8;99;3.60;5;2;1;78;0;7404899;684;0
147;18;336;20;34;8;99;3.40;2;1;1;71;0;7404899;81;0
147;18;336;20;34;9;99;4.40;7;2;1;77;0;7404999;1284;0
147;18;336;20;34;9;99;3.20;6;2;1;72;0;7404999;367;0
147;18;336;20;34;10;71;3.20;6;2;1;76;0;7405071;56;0
147;18;336;20;34;12;99;4.60;5;2;1;86;0;7405299;383;0
147;18;336;20;34;12;99;3.60;3;1;1;84;0;7405299;1979;0
147;18;336;20;34;13;64;3.60;6;2;1;77;0;7405364;277;0
147;18;336;20;34;14;7;4.40;7;2;1;76;0;7405407;387;0
147;18;336;20;34;15;1;3.40;2;1;1;74;0;7405501;584;0
147;18;336;20;34;17;12;3.20;6;2;1;71;0;7405712;331;0
147;18;336;20;34;21;99;3.60;6;2;1;82;0;7406199;470;0
147;18;336;20;34;22;99;3.00;8;2;1;75;0;7406299;4858;0
147;18;336;20;34;23;34;3.60;3;1;1;81;0;7406334;1019;0
147;18;336;20;34;23;52;3.60;1;1;1;76;0;7406352;2622;0
147;18;336;20;34;25;59;4.20;7;2;1;20;0;7406559;1131;0
147;18;336;20;34;28;68;3.60;6;2;1;76;0;7406868;653;0
147;18;336;20;34;32;99;3.40;3;1;1;81;0;7407299;949;0
147;18;336;20;34;34;99;3.60;6;2;1;80;0;7407499;613;0
147;18;336;20;34;36;77;3.60;2;1;1;79;0;7407677;2159;0
147;18;336;20;34;37;99;8.20;6;2;6;78;0;7407799;283;0
147;18;336;20;34;38;24;3.60;3;1;1;82;0;7407824;509;0
147;18;336;20;34;38;7;3.20;8;2;1;78;0;7407807;1493;0
147;18;336;20;34;40;12;3.20;6;2;1;76;0;7408012;175;0
147;18;336;20;34;41;43;3.20;1;1;1;69;0;7408143;1773;0
147;18;336;20;34;41;46;5.20;3;1;1;62;0;7408146;306;0
147;18;336;20;34;41;90;4.80;7;2;1;79;0;7408190;1555;0
147;18;336;20;34;41;93;5.80;8;2;1;88;0;7408193;371;0
147;18;336;20;34;42;99;3.60;2;1;1;75;0;7408299;605;0
147;18;336;20;34;43;99;3.40;6;2;1;79;0;7408399;371;0
147;18;336;20;34;44;99;3.40;2;1;1;73;0;7408499;182;0
147;18;336;20;34;45;0;4.00;4;1;1;80;0;7408500;4887;0
147;18;336;20;34;45;99;3.60;7;2;1;71;0;7408599;387;0
147;18;336;20;34;47;99;3.60;4;1;1;78;0;7408799;281;0
147;18;336;20;34;47;99;3.40;6;2;1;79;0;7408799;384;0
147;18;336;20;34;48;23;3.00;5;2;1;83;0;7408823;3504;0
147;18;336;20;34;49;99;3.40;2;1;1;73;0;7408999;483;0
147;18;336;20;34;50;99;3.20;6;2;1;82;0;7409099;284;0
147;18;336;20;34;51;67;4.00;2;1;1;72;0;7409167;151;0
147;18;336;20;34;52;99;2.20;3;1;1;49;0;7409299;1122;0
147;18;336;20;34;53;99;3.40;4;1;1;80;0;7409399;583;0
147;18;336;20;34;53;99;3.40;6;2;1;76;0;7409399;285;0
147;18;336;20;34;54;89;4.20;3;1;1;65;0;7409489;173;0
147;18;336;20;34;54;99;3.80;6;2;1;77;0;7409499;83;0
147;18;336;20;34;55;99;3.60;3;1;1;68;0;7409599;86;0
147;18;336;20;34;57;99;3.40;2;1;1;71;0;7409799;612;0
147;18;336;20;34;57;99;3.60;8;2;1;72;0;7409799;1582;0
147;18;336;20;34;58;99;3.60;7;2;1;78;0;7409899;1281;0
147;18;336;20;34;58;99;3.60;4;1;1;75;0;7409899;484;0
147;18;336;20;35;0;99;3.60;6;2;1;73;0;7410099;582;0
147;18;336;20;35;1;26;3.60;7;2;1;81;0;7410126;210;0
147;18;336;20;35;3;20;4.00;4;1;1;82;0;7410320;403;0
147;18;336;20;35;3;99;3.20;3;1;1;72;0;7410399;780;0
147;18;336;20;35;4;10;3.60;2;1;1;76;0;7410410;593;0
147;18;336;20;35;4;99;3.00;3;1;1;77;0;7410499;84;0
147;18;336;20;35;5;99;3.60;7;2;1;77;0;7410599;457;0
147;18;336;20;35;5;99;3.80;2;1;1;78;0;7410599;171;0
147;18;336;20;35;5;99;3.80;6;2;1;83;0;7410599;482;0
147;18;336;20;35;6;99;4.60;7;2;1;80;0;7410699;83;0
147;18;336;20;35;11;99;3.40;7;2;1;75;0;7411199;479;0
147;18;336;20;35;13;99;3.00;4;1;1;85;0;7411399;1061;0
147;18;336;20;35;14;32;4.20;3;1;1;65;0;7411432;918;0
147;18;336;20;35;15;99;3.40;2;1;1;74;0;7411599;982;0
147;18;336;20;35;16;99;3.80;2;1;1;77;0;7411699;83;0
147;18;336;20;35;17;12;3.40;3;1;1;82;0;7411712;256;0
147;18;336;20;35;19;15;3.40;6;2;1;71;0;7411915;1299;0
147;18;336;20;35;23;29;3.60;3;1;1;97;0;7412329;602;0
147;18;336;20;35;23;99;4.00;4;1;1;79;0;7412399;987;0
147;18;336;20;35;23;99;3.40;6;2;1;71;0;7412399;466;0
147;18;336;20;35;23;99;4.00;5;2;1;82;0;7412399;3562;0
147;18;336;20;35;25;99;4.00;3;1;1;79;0;7412599;256;0
147;18;336;20;35;26;24;3.00;6;2;1;76;0;7412624;207;0
147;18;336;20;35;27;21;4.00;7;2;1;89;0;7412721;1505;0
147;18;336;20;35;27;94;3.40;5;2;1;82;0;7412794;377;0
147;18;336;20;35;28;99;3.60;6;2;1;77;0;7412899;260;0
147;18;336;20;35;29;6;3.80;2;1;1;87;0;7412906;1189;0
147;18;336;20;35;29;20;3.60;5;2;1;73;0;7412920;111;0
147;18;336;20;35;30;99;3.60;6;2;1;78;0;7413099;183;0
147;18;336;20;35;31;30;3.20;4;1;1;86;0;7413130;712;0
147;18;336;20;35;31;99;6.00;5;2;1;81;0;7413199;261;0
147;18;336;20;35;31;99;3.80;7;2;1;79;0;7413199;461;0
147;18;336;20;35;33;99;3.60;1;1;1;78;0;7413399;5239;0
147;18;336;20;35;35;17;3.80;3;1;1;80;0;7413517;899;0
147;18;336;20;35;35;99;3.80;7;2;1;79;0;7413599;382;0
147;18;336;20;35;37;32;4.00;2;1;1;76;0;7413732;810;0
147;18;336;20;35;41;99;4.00;3;1;1;78;0;7414199;664;0
147;18;336;20;35;43;99;4.00;7;2;1;77;0;7414399;782;0
147;18;336;20;35;44;99;3.80;8;2;1;79;0;7414499;4682;0
147;18;336;20;35;45;40;3.60;1;1;1;66;0;7414540;1124;0
147;18;336;20;35;46;8;3.60;6;2;1;70;0;7414608;1492;0
147;18;336;20;35;48;1;4.00;6;2;1;73;0;7414801;174;0
147;18;336;20;35;48;99;3.20;7;2;1;82;0;7414899;481;0
147;18;336;20;35;48;99;3.20;1;1;1;75;0;7414899;339;0
147;18;336;20;35;49;6;3.80;5;2;1;84;0;7414906;1680;0
147;18;336;20;35;49;99;5.20;3;1;1;79;0;7414999;781;0
147;18;336;20;35;50;66;3.40;3;1;1;77;0;7415066;43;0
147;18;336;20;35;51;99;3.40;4;1;1;78;0;7415199;2055;0
147;18;336;20;35;53;99;4.60;8;2;1;79;0;7415399;882;0
147;18;336;20;35;54;7;3.40;7;2;1;69;0;7415407;493;0
147;18;336;20;35;55;6;3.20;3;1;1;72;0;7415506;424;0
147;18;336;20;35;55;85;3.00;5;2;1;83;0;7415585;662;0
147;18;336;20;35;57;23;4.00;8;2;1;110;0;7415723;303;0
147;18;336;20;35;57;99;3.40;3;1;1;74;0;7415799;277;0
147;18;336;20;35;58;16;3.60;6;2;1;78;0;7415816;995;0
147;18;336;20;35;58;94;3.60;5;2;1;81;0;7415894;295;0
147;18;336;20;35;58;99;3.20;7;2;1;80;0;7415899;474;0
147;18;336;20;35;59;99;8.00;6;2;6;78;0;7415999;166;0
147;18;336;20;36;1;24;3.60;5;2;1;81;0;7416124;214;0
147;18;336;20;36;1;99;3.60;6;2;1;77;0;7416199;163;0
147;18;336;20;36;2;99;3.40;6;2;1;80;0;7416299;83;0
147;18;336;20;36;4;99;3.40;2;1;1;77;0;7416499;2748;0
147;18;336;20;36;6;99;3.40;5;2;1;87;0;7416699;559;0
147;18;336;20;36;6;99;3.80;6;2;1;83;0;7416699;384;0
147;18;336;20;36;8;18;3.40;6;2;1;84;0;7416818;102;0
147;18;336;20;36;9;99;4.20;4;1;1;82;0;7416999;1784;0
147;18;336;20;36;9;99;3.60;8;2;1;82;0;7416999;1262;0
147;18;336;20;36;10;21;3.60;2;1;1;68;0;7417021;506;0
147;18;336;20;36;12;99;2.80;2;1;1;70;0;7417299;258;0
147;18;336;20;36;14;99;3.80;2;1;1;70;0;7417499;185;0
147;18;336;20;36;14;99;3.60;4;1;1;82;0;7417499;481;0
147;18;336;20;36;16;18;3.40;2;1;1;68;0;7417618;99;0
147;18;336;20;36;16;99;3.60;3;1;1;77;0;7417699;1883;0
147;18;336;20;36;16;99;3.80;1;1;1;68;0;7417699;2784;0
147;18;336;20;36;17;19;3.60;2;1;1;72;0;7417719;83;0
147;18;336;20;36;18;20;3.40;6;2;1;75;0;7417820;987;0
147;18;336;20;36;21;91;3.80;4;1;1;79;0;7418191;676;0
147;18;336;20;36;21;90;3.60;3;1;1;71;0;7418190;474;0
147;18;336;20;36;21;99;3.80;2;1;1;84;0;7418199;462;0
147;18;336;20;36;22;99;4.00;7;2;1;78;0;7418299;2385;0
147;18;336;20;36;23;47;3.20;6;2;1;78;0;7418347;510;0
147;18;336;20;36;24;99;4.00;3;1;1;73;0;7418499;290;0
147;18;336;20;36;25;99;3.60;6;2;1;78;0;7418599;237;0
147;18;336;20;36;26;61;3.20;3;1;1;75;0;7418661;142;0
147;18;336;20;36;29;99;4.00;5;2;1;86;0;7418999;2285;0
147;18;336;20;36;30;99;3.20;4;1;1;82;0;7419099;890;0
147;18;336;20;36;30;99;3.60;6;2;1;77;0;7419099;483;0
147;18;336;20;36;31;30;3.80;5;2;1;88;0;7419130;114;0
147;18;336;20;36;31;70;4.00;3;1;1;78;0;7419170;493;0
147;18;336;20;36;34;91;3.60;3;1;1;86;0;7419491;302;0
147;18;336;20;36;35;3;3.00;6;2;1;80;0;7419503;387;0
147;18;336;20;36;36;24;3.60;2;1;1;66;0;7419624;1408;0
147;18;336;20;36;36;83;4.00;6;2;1;76;0;7419683;166;0
147;18;336;20;36;38;16;3.40;6;2;1;77;0;7419816;114;0
147;18;336;20;36;43;0;4.00;7;2;1;89;0;7420300;1982;0
147;18;336;20;36;43;99;4.20;2;1;1;75;0;7420399;755;0
147;18;336;20;36;46;2;3.40;7;2;1;81;0;7420602;285;0
147;18;336;20;36;47;7;3.60;6;2;1;80;0;7420707;875;0
147;18;336;20;36;50;99;3.60;6;2;1;77;0;7421099;375;0
147;18;336;20;36;51;12;3.20;6;2;1;77;0;7421112;-1;0
147;18;336;20;36;52;86;3.80;5;2;1;80;0;7421286;2140;0
147;18;336;20;36;53;99;3.60;6;2;1;78;0;7421399;272;0
147;18;336;20;36;53;99;3.40;5;2;1;79;0;7421399;95;0
147;18;336;20;36;54;47;3.60;6;2;1;76;0;7421447;31;0
147;18;336;20;36;56;0;3.20;7;2;1;72;0;7421600;982;0
147;18;336;20;36;58;99;3.60;7;2;1;81;0;7421899;283;0
147;18;336;20;36;59;67;3.80;7;2;1;80;0;7421967;52;0
147;18;336;20;37;1;0;3.60;6;2;1;80;0;7422100;635;0
147;18;336;20;37;2;61;3.40;7;2;1;76;0;7422261;276;0
147;18;336;20;37;2;99;3.40;2;1;1;78;0;7422299;1879;0
147;18;336;20;37;3;7;3.80;7;2;1;75;0;7422307;29;0
147;18;336;20;37;3;99;3.40;2;1;1;76;0;7422399;84;0
147;18;336;20;37;4;34;3.60;7;2;1;73;0;7422434;108;0
147;18;336;20;37;5;99;3.60;7;2;1;74;0;7422599;147;0
147;18;336;20;37;5;99;3.60;3;1;1;69;0;7422599;3092;0
147;18;336;20;37;6;13;3.60;6;2;1;77;0;7422613;496;0
147;18;336;20;37;6;99;3.40;5;2;1;79;0;7422699;1284;0
147;18;336;20;37;8;99;3.20;6;2;1;69;0;7422899;269;0
147;18;336;20;37;9;16;3.80;7;2;1;73;0;7422916;299;0
147;18;336;20;37;9;61;3.60;7;2;1;74;0;7422961;26;0
147;18;336;20;37;11;20;3.20;6;2;1;74;0;7423120;204;0
147;18;336;20;37;14;9;4.20;6;2;1;79;0;7423409;273;0
147;18;336;20;37;14;22;3.20;3;1;1;88;0;7423422;804;0
147;18;336;20;37;15;11;3.40;4;1;1;81;0;7423511;4397;0
147;18;336;20;37;16;99;3.20;6;2;1;76;0;7423699;270;0
147;18;336;20;37;17;66;4.00;6;2;1;74;0;7423766;51;0
147;18;336;20;37;19;6;3.00;6;2;1;69;0;7423906;120;0
147;18;336;20;37;21;99;3.80;6;2;1;79;0;7424199;277;0
147;18;336;20;37;23;1;5.20;6;2;1;79;0;7424301;84;0
147;18;336;20;37;25;13;3.80;6;2;1;78;0;7424513;188;0
147;18;336;20;37;26;4;3.80;3;1;1;67;0;7424604;1168;0
147;18;336;20;37;26;99;4.00;2;1;1;80;0;7424699;2283;0
147;18;336;20;37;30;78;3.60;5;2;1;82;0;7425078;2363;0
147;18;336;20;37;32;22;4.60;8;2;1;76;0;7425222;8207;0
147;18;336;20;37;32;99;3.40;6;2;1;71;0;7425299;768;0
147;18;336;20;37;32;34;3.20;6;2;1;71;0;7425234;-1;0
147;18;336;20;37;32;54;3.20;3;1;1;66;0;7425254;629;0
147;18;336;20;37;34;99;3.40;6;2;1;76;0;7425499;248;0
147;18;336;20;37;35;7;3.00;3;1;1;70;0;7425507;235;0
147;18;336;20;37;35;87;3.60;6;2;1;77;0;7425587;71;0
147;18;336;20;37;36;99;3.20;2;1;1;72;0;7425699;982;0
147;18;336;20;37;36;99;3.00;3;1;1;68;0;7425699;176;0
147;18;336;20;37;38;26;3.80;6;2;1;81;0;7425826;222;0
147;18;336;20;37;38;99;3.20;3;1;1;66;0;7425899;184;0
147;18;336;20;37;39;4;4.20;4;1;1;80;0;7425904;2377;0
147;18;336;20;37;40;8;4.00;4;1;1;80;0;7426008;85;0
147;18;336;20;37;41;12;3.40;3;1;1;66;0;7426112;195;0
147;18;336;20;37;40;59;3.60;2;1;1;86;0;7426059;344;0
147;18;336;20;37;40;87;4.00;4;1;1;74;0;7426087;61;0
147;18;336;20;37;42;7;3.80;8;2;1;78;0;7426207;963;0
147;18;336;20;37;44;5;3.80;6;2;1;80;0;7426405;562;0
147;18;336;20;37;44;99;4.00;2;1;1;85;0;7426499;424;0
147;18;336;20;37;45;33;3.40;3;1;1;74;0;7426533;402;0
147;18;336;20;37;45;59;3.60;7;2;1;75;0;7426559;3580;0
147;18;336;20;37;47;99;3.40;2;1;1;77;0;7426799;283;0
147;18;336;20;37;48;92;3.40;3;1;1;76;0;7426892;342;0
147;18;336;20;37;48;99;3.40;4;1;1;79;0;7426899;792;0
147;18;336;20;37;49;99;3.60;6;2;1;79;0;7426999;576;0
147;18;336;20;37;50;99;3.60;7;2;1;78;0;7427099;522;0
147;18;336;20;37;51;99;3.80;5;2;1;77;0;7427199;2105;0
147;18;336;20;37;51;99;3.80;6;2;1;74;0;7427199;183;0
147;18;336;20;37;52;99;3.40;5;2;1;78;0;7427299;82;0
147;18;336;20;37;53;12;3.60;7;2;1;76;0;7427312;196;0
147;18;336;20;37;53;14;3.40;3;1;1;76;0;7427314;405;0
147;18;336;20;37;53;61;3.60;6;2;1;71;0;7427361;143;0
147;18;336;20;37;54;99;3.80;6;2;1;72;0;7427499;119;0
147;18;336;20;37;56;99;3.60;1;1;1;78;0;7427699;9979;0
147;18;336;20;37;57;2;3.60;7;2;1;80;0;7427702;372;0
147;18;336;20;37;58;66;3.60;4;1;1;76;0;7427866;951;0
147;18;336;20;38;0;99;3.40;5;2;1;82;0;7428099;784;0
147;18;336;20;38;2;99;3.40;8;2;1;80;0;7428299;2074;0
147;18;336;20;38;3;28;3.60;6;2;1;85;0;7428328;810;0
147;18;336;20;38;7;99;4.00;8;2;1;76;0;7428799;484;0
147;18;336;20;38;8;42;3.40;3;1;1;77;0;7428842;1511;0
147;18;336;20;38;10;11;4.00;3;1;1;78;0;7429011;153;0
147;18;336;20;38;11;43;3.60;3;1;1;75;0;7429143;113;0
147;18;336;20;38;11;99;3.40;4;1;1;87;0;7429199;1315;0
147;18;336;20;38;12;13;4.00;8;2;1;87;0;7429213;395;0
147;18;336;20;38;13;99;3.60;3;1;1;75;0;7429399;238;0
147;18;336;20;38;13;18;4.40;2;1;1;70;0;7429318;2503;0
147;18;336;20;38;14;99;3.40;6;2;1;75;0;7429499;1155;0
147;18;336;20;38;15;21;4.00;5;2;1;81;0;7429521;1407;0
147;18;336;20;38;17;22;3.60;3;1;1;79;0;7429722;305;0
147;18;336;20;38;17;99;3.60;6;2;1;86;0;7429799;283;0
147;18;336;20;38;20;99;3.60;3;1;1;77;0;7430099;360;0
147;18;336;20;38;22;99;4.00;4;1;1;81;0;7430299;1085;0
147;18;336;20;38;22;99;3.80;3;1;1;78;0;7430299;183;0
147;18;336;20;38;25;99;3.80;6;2;1;77;0;7430599;784;0
147;18;336;20;38;25;99;3.00;3;1;1;75;0;7430599;282;0
147;18;336;20;38;28;99;4.00;7;2;1;75;0;7430899;3180;0
147;18;336;20;38;28;99;3.40;6;2;1;70;0;7430899;282;0
147;18;336;20;38;30;99;3.80;6;2;1;72;0;7431099;182;0
147;18;336;20;38;32;12;3.20;6;2;1;73;0;7431212;94;0
147;18;336;20;38;32;20;3.60;3;1;1;81;0;7431220;606;0
147;18;336;20;38;34;85;3.40;6;2;1;72;0;7431485;257;0
147;18;336;20;38;34;99;3.40;3;1;1;79;0;7431499;263;0
147;18;336;20;38;35;99;3.60;6;2;1;70;0;7431599;97;0
147;18;336;20;38;36;99;3.40;3;1;1;81;0;7431699;184;0
147;18;336;20;38;41;14;3.80;3;1;1;79;0;7432114;399;0
147;18;336;20;38;42;99;3.60;1;1;1;79;0;7432299;4583;0
147;18;336;20;38;43;99;3.40;7;2;1;80;0;7432399;1480;0
147;18;336;20;38;45;99;3.00;6;2;1;75;0;7432599;981;0
147;18;336;20;38;46;11;3.80;2;1;1;73;0;7432611;3270;0
147;18;336;20;38;46;99;3.80;3;1;1;78;0;7432699;567;0
147;18;336;20;38;47;72;3.00;2;1;1;70;0;7432772;142;0
147;18;336;20;38;48;99;3.60;6;2;1;82;0;7432899;285;0
147;18;336;20;38;48;99;3.40;2;1;1;75;0;7432899;111;0
147;18;336;20;38;50;99;3.60;7;2;1;83;0;7433099;684;0
147;18;336;20;38;50;99;3.40;4;1;1;78;0;7433099;2782;0
147;18;336;20;38;52;99;3.40;2;1;1;70;0;7433299;383;0
147;18;336;20;38;53;99;3.60;6;2;1;80;0;7433399;484;0
147;18;336;20;38;54;12;3.60;2;1;1;72;0;7433412;95;0
147;18;336;20;38;54;24;4.20;4;1;1;85;0;7433424;309;0
147;18;336;20;38;56;10;4.80;3;1;1;75;0;7433610;893;0
147;18;336;20;38;56;99;3.80;6;2;1;82;0;7433699;283;0
147;18;336;20;38;57;74;3.40;3;1;1;67;0;7433774;140;0
147;18;336;20;38;58;99;3.60;6;2;1;81;0;7433899;183;0
147;18;336;20;38;58;99;3.20;8;2;1;71;0;7433899;4669;0
147;18;336;20;38;59;99;3.40;6;2;1;77;0;7433999;84;0
147;18;336;20;39;0;99;3.80;2;1;1;78;0;7434099;669;0
147;18;336;20;39;0;99;3.40;6;2;1;75;0;7434099;84;0
147;18;336;20;39;2;52;3.40;6;2;1;70;0;7434252;136;7433699
147;18;336;20;39;2;66;3.80;5;2;1;79;0;7434266;4727;0
147;18;336;20;39;3;99;3.40;3;1;1;82;0;7434399;606;0
147;18;336;20;39;4;24;3.00;7;2;1;77;0;7434424;1309;0
147;18;336;20;39;4;27;3.40;6;2;1;83;0;7434427;157;7433699
147;18;336;20;39;5;12;4.40;7;2;1;78;0;7434512;73;7433699
147;18;336;20;39;9;7;3.40;2;1;1;68;0;7434907;790;0
147;18;336;20;39;9;22;4.80;6;2;1;86;0;7434922;480;0
147;18;336;20;39;10;45;5.00;2;1;1;65;0;7435045;120;0
147;18;336;20;39;10;99;3.60;6;2;1;81;0;7435099;156;0
147;18;336;20;39;10;99;3.20;2;1;1;61;0;7435099;26;0
147;18;336;20;39;11;99;3.60;1;1;1;71;0;7435199;2883;0
147;18;336;20;39;12;19;3.80;3;1;1;71;0;7435219;805;0
147;18;336;20;39;12;38;4.60;4;1;1;81;0;7435238;1796;0
147;18;336;20;39;16;1;3.80;6;2;1;80;0;7435601;486;0
147;18;336;20;39;18;99;3.60;6;2;1;77;0;7435899;280;0
147;18;336;20;39;19;99;3.20;7;2;1;73;0;7435999;1466;0
147;18;336;20;39;21;99;3.80;6;2;1;74;0;7436199;283;0
147;18;336;20;39;24;99;4.60;3;1;1;83;0;7436499;1260;0
147;18;336;20;39;25;30;5.00;6;2;1;85;0;7436530;312;0
147;18;336;20;39;26;4;4.20;8;2;1;75;0;7436604;2688;0
147;18;336;20;39;26;17;3.60;6;2;1;79;0;7436617;65;0
147;18;336;20;39;26;99;4.00;5;2;1;87;0;7436699;2415;0
147;18;336;20;39;27;99;3.80;6;2;1;84;0;7436799;165;0
147;18;336;20;39;28;99;4.00;2;1;1;82;0;7436899;1781;0
147;18;336;20;39;32;21;3.60;6;2;1;81;0;7437221;405;0
147;18;336;20;39;35;38;3.40;3;1;1;83;0;7437538;1019;0
147;18;336;20;39;36;99;3.40;5;2;1;83;0;7437699;983;0
147;18;336;20;39;37;99;3.00;6;2;1;71;0;7437799;562;0
147;18;336;20;39;37;99;3.20;2;1;1;79;0;7437799;882;0
147;18;336;20;39;38;93;3.80;2;1;1;82;0;7437893;79;0
147;18;336;20;39;41;99;3.80;4;1;1;79;0;7438199;2940;0
147;18;336;20;39;42;99;3.40;3;1;1;72;0;7438299;746;0
147;18;336;20;39;42;99;3.40;6;2;1;79;0;7438299;484;0
147;18;336;20;39;44;9;3.40;4;1;1;77;0;7438409;192;0
147;18;336;20;39;44;99;3.40;3;1;1;75;0;7438499;183;0
147;18;336;20;39;45;46;3.80;3;1;1;74;0;7438546;30;0
147;18;336;20;39;47;11;5.40;3;1;1;77;0;7438711;146;0
147;18;336;20;39;47;99;3.00;6;2;1;82;0;7438799;484;0
147;18;336;20;39;48;55;3.20;2;1;1;78;0;7438855;945;0
147;18;336;20;39;46;87;7.40;7;2;2;21;0;7438687;2672;0
147;18;336;20;39;51;99;3.60;2;1;1;78;0;7439199;329;0
147;18;336;20;39;53;25;3.40;6;2;1;80;0;7439325;512;0
147;18;336;20;39;54;99;3.60;3;1;1;75;0;7439499;762;0
147;18;336;20;39;55;0;3.60;6;2;1;77;0;7439500;159;0
147;18;336;20;39;55;99;5.20;4;1;1;78;0;7439599;1174;0
147;18;336;20;39;56;99;3.40;6;2;1;75;0;7439699;182;0
147;18;336;20;39;57;99;4.60;7;2;1;78;0;7439799;985;0
147;18;336;20;39;58;57;3.60;2;1;1;81;0;7439857;641;0
147;18;336;20;39;59;99;3.40;6;2;1;75;0;7439999;283;0
147;18;336;20;39;59;99;4.00;3;1;1;74;0;7439999;482;0
147;18;336;20;40;0;99;3.00;5;2;1;82;0;7440099;2385;0
147;18;336;20;40;1;53;3.40;6;2;1;77;0;7440153;137;0
147;18;336;20;40;2;99;3.20;2;1;1;80;0;7440299;426;0
147;18;336;20;40;3;36;4.20;6;2;1;80;0;7440336;167;0
147;18;336;20;40;3;58;3.40;3;1;1;75;0;7440358;339;0
147;18;336;20;40;5;99;3.80;3;1;1;77;0;7440599;224;0
147;18;336;20;40;8;99;3.40;8;2;1;74;0;7440899;4274;0
147;18;336;20;40;8;2;3.40;3;1;1;78;0;7440802;185;0
147;18;336;20;40;10;16;3.20;6;2;1;78;0;7441016;661;0
147;18;336;20;40;10;99;3.60;3;1;1;77;0;7441099;281;0
147;18;336;20;40;11;62;3.80;6;2;1;78;0;7441162;131;0
147;18;336;20;40;13;22;3.80;8;2;1;79;0;7441322;406;0
147;18;336;20;40;13;6;6.00;7;2;1;91;0;7441306;1485;0
147;18;336;20;40;15;99;4.00;5;2;1;92;0;7441599;1486;0
147;18;336;20;40;15;99;4.20;8;2;1;79;0;7441599;259;0
147;18;336;20;40;15;99;3.20;3;1;1;80;0;7441599;483;0
147;18;336;20;40;16;19;3.80;6;2;1;83;0;7441619;439;0
147;18;336;20;40;16;53;3.60;2;1;1;78;0;7441653;1339;0
147;18;336;20;40;16;65;3.40;4;1;1;84;0;7441665;2042;0
147;18;336;20;40;17;99;3.80;6;2;1;84;0;7441799;163;0
147;18;336;20;40;18;99;3.80;1;1;1;79;0;7441899;6681;0
147;18;336;20;40;22;99;3.80;2;1;1;81;0;7442299;629;0
147;18;336;20;40;23;99;3.80;7;2;1;75;0;7442399;1069;0
147;18;336;20;40;24;45;3.60;8;2;1;72;0;7442445;826;0
147;18;336;20;40;24;99;3.60;3;1;1;76;0;7442499;885;0
147;18;336;20;40;26;99;3.20;6;2;1;78;0;7442699;883;0
147;18;336;20;40;27;84;3.40;6;2;1;77;0;7442784;70;0
147;18;336;20;40;27;85;3.80;3;1;1;76;0;7442785;268;0
147;18;336;20;40;27;99;3.80;4;1;1;77;0;7442799;1119;0
147;18;336;20;40;28;99;3.60;6;2;1;80;0;7442899;99;0
147;18;336;20;40;29;62;3.40;4;1;1;79;0;7442962;145;0
147;18;336;20;40;29;64;3.60;3;1;1;77;0;7442964;161;0
147;18;336;20;40;30;99;3.60;4;1;1;82;0;7443099;121;0
147;18;336;20;40;30;99;3.20;6;2;1;81;0;7443099;183;0
147;18;336;20;40;32;5;3.40;6;2;1;82;0;7443205;91;7442699
147;18;336;20;40;32;99;4.60;4;1;1;81;0;7443299;184;7442699
147;18;336;20;40;33;99;3.60;2;1;1;75;0;7443399;1083;0
147;18;336;20;40;37;94;3.00;2;1;1;74;0;7443794;377;0
147;18;336;20;40;40;11;3.80;3;1;1;78;0;7444011;1030;0
147;18;336;20;40;41;99;3.40;3;1;1;71;0;7444199;170;0
147;18;336;20;40;42;99;3.20;1;1;1;77;0;7444299;2382;0
147;18;336;20;40;43;99;3.00;3;1;1;76;0;7444399;182;0
147;18;336;20;40;45;18;4.00;7;2;1;82;0;7444518;2100;0
147;18;336;20;40;46;99;3.60;7;2;1;78;0;7444699;163;0
147;18;336;20;40;48;3;3.20;6;2;1;74;0;7444803;1583;0
147;18;336;20;40;48;99;2.80;1;1;1;80;0;7444899;585;0
147;18;336;20;40;48;99;3.40;2;1;1;76;0;7444899;1090;0
147;18;336;20;40;49;14;5.80;6;2;1;77;0;7444914;95;0
147;18;336;20;40;50;96;3.60;2;1;1;76;0;7445096;180;0
147;18;336;20;40;51;99;3.40;4;1;1;74;0;7445199;1879;0
147;18;336;20;40;52;35;2.80;3;1;1;70;0;7445235;821;0
147;18;336;20;40;52;99;3.40;3;1;1;70;0;7445299;49;0
147;18;336;20;40;53;11;3.60;4;1;1;74;0;7445311;95;0
147;18;336;20;40;53;99;3.80;4;1;1;75;0;7445399;70;0
147;18;336;20;40;54;27;3.60;3;1;1;70;0;7445427;110;0
147;18;336;20;40;55;15;4.20;2;1;1;87;0;7445515;401;0
147;18;336;20;40;57;47;3.20;6;2;1;71;0;7445747;805;0
147;18;336;20;41;0;95;3.60;6;2;1;80;0;7446095;331;0
147;18;336;20;41;5;9;3.40;4;1;1;84;0;7446509;1091;0
147;18;336;20;41;8;3;3.20;3;1;1;75;0;7446803;1357;0
147;18;336;20;41;9;99;3.60;3;1;1;75;0;7446999;180;0
147;18;336;20;41;10;19;3.60;1;1;1;75;0;7447019;2107;0
147;18;336;20;41;10;99;3.20;2;1;1;83;0;7447099;1566;0
147;18;336;20;41;10;99;3.20;7;2;1;74;0;7447099;2383;0
147;18;336;20;41;11;99;3.60;3;1;1;79;0;7447199;182;0
147;18;336;20;41;12;34;3.40;7;2;1;74;0;7447234;119;0
147;18;336;20;41;13;99;3.60;7;2;1;72;0;7447399;148;0
147;18;336;20;41;14;99;3.20;3;1;1;73;0;7447499;283;0
147;18;336;20;41;15;45;3.80;8;2;1;74;0;7447545;5082;0
147;18;336;20;41;15;44;5.00;7;2;1;74;0;7447544;127;0
147;18;336;20;41;19;11;3.60;1;1;1;78;0;7447911;874;0
147;18;336;20;41;19;99;3.00;6;2;1;73;0;7447999;1887;0
147;18;336;20;41;20;61;3.20;3;1;1;79;0;7448061;546;0
147;18;336;20;41;20;79;3.40;5;2;1;79;0;7448079;6464;0
147;18;336;20;41;21;18;3.60;8;2;1;76;0;7448118;554;0
147;18;336;20;41;22;13;4.60;7;2;1;79;0;7448213;644;0
147;18;336;20;41;24;20;3.80;2;1;1;83;0;7448420;1307;0
147;18;336;20;41;25;28;3.00;6;2;1;74;0;7448528;514;0
147;18;336;20;41;25;54;3.20;2;1;1;80;0;7448554;117;0
147;18;336;20;41;28;68;3.80;5;2;1;77;0;7448868;773;0
147;18;336;20;41;28;72;3.20;6;2;1;71;0;7448872;329;0
147;18;336;20;41;30;99;3.00;6;2;1;73;0;7449099;210;0
147;18;336;20;41;30;33;5.80;5;2;1;84;0;7449033;147;0
147;18;336;20;41;31;99;3.80;3;1;1;78;0;7449199;1123;0
147;18;336;20;41;31;99;6.00;5;2;1;84;0;7449199;141;0
147;18;336;20;41;32;99;3.80;6;2;1;76;0;7449299;185;0
147;18;336;20;41;32;99;3.60;4;1;1;80;0;7449299;2775;0
147;18;336;20;41;33;99;4.60;7;2;1;86;0;7449399;1165;0
147;18;336;20;41;34;13;3.00;4;1;1;83;0;7449413;97;0
147;18;336;20;41;36;77;4.20;8;2;1;78;0;7449677;1541;0
147;18;336;20;41;37;5;3.60;2;1;1;82;0;7449705;1136;0
147;18;336;20;41;37;4;3.20;6;2;1;77;0;7449704;387;0
147;18;336;20;41;38;28;3.60;2;1;1;77;0;7449828;107;0
147;18;336;20;41;39;99;3.80;3;1;1;84;0;7449999;782;0
147;18;336;20;41;39;99;3.80;7;2;1;72;0;7449999;580;0
147;18;336;20;41;41;11;3.40;7;2;1;75;0;7450111;93;0
147;18;336;20;41;42;14;3.40;2;1;1;79;0;7450214;369;0
147;18;336;20;41;42;99;3.80;6;2;1;74;0;7450299;580;0
147;18;336;20;41;43;95;11.60;7;2;2;84;0;7450395;267;0
147;18;336;20;41;48;5;3.40;6;2;1;74;0;7450805;487;0
147;18;336;20;41;49;99;3.80;2;1;1;75;0;7450999;769;0
147;18;336;20;41;50;99;3.40;2;1;1;72;0;7451099;81;0
147;18;336;20;41;52;0;3.20;5;2;1;79;0;7451200;1975;0
147;18;336;20;41;52;99;3.80;3;1;1;75;0;7451299;1283;0
147;18;336;20;41;54;82;4.80;7;2;1;74;0;7451482;1037;0
147;18;336;20;41;57;99;3.60;2;1;1;80;0;7451799;683;0
147;18;336;20;41;58;14;4.00;8;2;1;89;0;7451814;2117;0
147;18;336;20;41;58;10;3.20;6;2;1;77;0;7451810;988;0
147;18;336;20;41;58;25;4.20;8;2;1;85;0;7451825;-1;0
147;18;336;20;42;0;23;3.40;4;1;1;81;0;7452023;2596;0
147;18;336;20;42;0;99;3.20;3;1;1;78;0;7452099;781;0
147;18;336;20;42;1;43;3.20;6;2;1;75;0;7452143;318;0
147;18;336;20;42;2;99;3.20;7;2;1;79;0;7452299;793;0
147;18;336;20;42;3;99;3.20;6;2;1;79;0;7452399;240;0
147;18;336;20;42;5;99;3.00;6;2;1;74;0;7452599;185;0
147;18;336;20;42;7;99;3.00;6;2;1;75;0;7452799;185;0
147;18;336;20;42;8;12;3.20;3;1;1;82;0;7452812;698;0
147;18;336;20;42;8;7;3.20;2;1;1;70;0;7452807;991;0
147;18;336;20;42;9;91;3.60;6;2;1;82;0;7452991;177;0
147;18;336;20;42;9;99;4.00;8;2;1;82;0;7452999;1156;0
147;18;336;20;42;13;0;3.60;6;2;1;75;0;7453300;293;0
147;18;336;20;42;14;53;3.80;7;2;1;79;0;7453453;1139;0
147;18;336;20;42;14;99;3.20;5;2;1;78;0;7453499;2284;0
147;18;336;20;42;15;99;3.80;8;2;1;77;0;7453599;582;0
147;18;336;20;42;16;12;3.20;3;1;1;73;0;7453612;785;0
147;18;336;20;42;17;3;4.20;5;2;1;83;0;7453703;189;0
147;18;336;20;42;18;18;4.00;6;2;1;76;0;7453818;500;0
147;18;336;20;42;18;99;3.60;3;1;1;67;0;7453899;271;0
147;18;336;20;42;19;27;3.40;4;1;1;79;0;7453927;1888;0
147;18;336;20;42;20;99;4.00;4;1;1;77;0;7454099;156;0
147;18;336;20;42;21;99;3.40;2;1;1;83;0;7454199;1375;0
147;18;336;20;42;21;99;3.60;3;1;1;66;0;7454199;280;0
147;18;336;20;42;22;25;2.80;1;1;1;77;0;7454225;6297;0
147;18;336;20;42;23;12;2.80;6;2;1;73;0;7454312;475;0
147;18;336;20;42;23;99;3.80;5;2;1;83;0;7454399;677;0
147;18;336;20;42;24;1;6.80;4;1;1;82;0;7454401;283;0
147;18;336;20;42;25;99;3.60;6;2;1;85;0;7454599;273;0
147;18;336;20;42;26;99;3.60;7;2;1;75;0;7454699;1228;0
147;18;336;20;42;28;99;5.80;6;2;1;77;0;7454899;284;0
147;18;336;20;42;29;5;3.40;8;2;1;79;0;7454905;1288;0
147;18;336;20;42;29;25;3.20;2;1;1;70;0;7454925;711;0
147;18;336;20;42;29;54;3.80;7;2;1;89;0;7454954;237;0
147;18;336;20;42;30;99;3.60;5;2;1;79;0;7455099;683;0
147;18;336;20;42;31;9;3.60;4;1;1;81;0;7455109;678;0
147;18;336;20;42;31;19;3.20;6;2;1;82;0;7455119;192;0
147;18;336;20;42;31;99;3.40;2;1;1;73;0;7455199;257;0
147;18;336;20;42;32;6;3.80;3;1;1;73;0;7455206;987;0
147;18;336;20;42;32;56;3.20;7;2;1;78;0;7455256;286;0
147;18;336;20;42;34;99;3.60;5;2;1;89;0;7455499;383;0
147;18;336;20;42;35;99;3.40;6;2;1;80;0;7455599;465;0
147;18;336;20;42;36;99;4.20;8;2;1;85;0;7455699;778;0
147;18;336;20;42;37;61;3.80;5;2;1;87;0;7455761;247;0
147;18;336;20;42;38;99;3.40;3;1;1;75;0;7455899;674;0
147;18;336;20;42;42;26;3.40;2;1;1;77;0;7456226;1010;0
147;18;336;20;42;42;37;3.20;1;1;1;87;0;7456237;1998;0
147;18;336;20;42;43;99;3.60;5;2;1;79;0;7456399;622;0
147;18;336;20;42;43;99;3.40;3;1;1;80;0;7456399;483;0
147;18;336;20;42;43;99;3.80;6;2;1;72;0;7456399;784;0
147;18;336;20;42;43;99;3.40;7;2;1;81;0;7456399;1128;0
147;18;336;20;42;44;34;4.00;7;2;1;77;0;7456434;19;0
147;18;336;20;42;46;99;3.60;5;2;1;88;0;7456699;283;0
147;18;336;20;42;49;1;3.80;2;1;1;82;0;7456901;659;0
147;18;336;20;42;49;99;3.60;6;2;1;83;0;7456999;581;0
147;18;336;20;42;52;14;3.00;2;1;1;77;0;7457214;296;0
147;18;336;20;42;54;4;3.00;2;1;1;74;0;7457404;175;0
147;18;336;20;42;54;99;3.20;7;2;1;77;0;7457499;1046;0
147;18;336;20;43;1;14;3.00;6;2;1;68;0;7458114;1099;0
147;18;336;20;43;5;41;4.00;7;2;1;83;0;7458541;1027;0
147;18;336;20;43;6;99;3.60;5;2;1;87;0;7458699;1985;0
147;18;336;20;43;7;27;5.00;3;1;1;71;0;7458727;2312;0
147;18;336;20;43;10;7;6.00;7;2;1;77;0;7459007;448;0
147;18;336;20;43;10;56;3.60;2;1;1;87;0;7459056;1637;0
147;18;336;20;43;11;99;3.40;6;2;1;84;0;7459199;1069;0
147;18;336;20;43;14;99;4.40;7;2;1;84;0;7459499;463;0
147;18;336;20;43;15;4;4.00;1;1;1;84;0;7459504;3253;0
147;18;336;20;43;15;1;3.60;3;1;1;76;0;7459501;748;0
147;18;336;20;43;16;99;3.40;4;1;1;81;0;7459699;4574;0
147;18;336;20;43;16;99;3.60;8;2;1;76;0;7459699;3982;0
147;18;336;20;43;17;99;3.60;7;2;1;73;0;7459799;281;0
147;18;336;20;43;17;0;3.80;8;2;1;68;0;7459700;-1;0
147;18;336;20;43;18;80;3.60;6;2;1;72;0;7459880;666;0
147;18;336;20;43;19;8;3.80;3;1;1;80;0;7459908;389;0
147;18;336;20;43;20;50;3.80;4;1;1;84;0;7460050;335;0
147;18;336;20;43;21;99;3.20;6;2;1;80;0;7460199;301;0
147;18;336;20;43;21;99;3.20;5;2;1;80;0;7460199;1485;0
147;18;336;20;43;20;14;4.00;7;2;1;16;0;7460014;197;0
147;18;336;20;43;22;99;6.00;5;2;1;82;0;7460299;85;0
147;18;336;20;43;23;55;3.80;3;1;1;87;0;7460355;429;0
147;18;336;20;43;24;14;3.60;5;2;1;84;0;7460414;88;0
147;18;336;20;43;24;99;3.80;6;2;1;81;0;7460499;285;0
147;18;336;20;43;25;25;4.00;5;2;1;80;0;7460525;95;0
147;18;336;20;43;25;31;3.20;6;2;1;81;0;7460531;15;0
147;18;336;20;43;26;0;3.60;3;1;1;78;0;7460600;229;0
147;18;336;20;43;27;4;3.20;7;2;1;78;0;7460704;600;0
147;18;336;20;43;27;99;3.60;6;2;1;82;0;7460799;253;0
147;18;336;20;43;27;99;3.60;3;1;1;78;0;7460799;182;0
147;18;336;20;43;30;13;3.20;3;1;1;74;0;7461013;197;0
147;18;336;20;43;32;0;4.00;2;1;1;68;0;7461200;2129;0
147;18;336;20;43;35;99;4.00;6;2;1;84;0;7461599;784;0
147;18;336;20;43;37;99;4.00;5;2;1;84;0;7461799;1256;0
147;18;336;20;43;38;44;3.60;3;1;1;83;0;7461844;815;0
147;18;336;20;43;39;4;3.60;7;2;1;66;0;7461904;1185;0
147;18;336;20;43;40;2;4.60;3;1;1;77;0;7462002;142;0
147;18;336;20;43;40;99;3.20;2;1;1;69;0;7462099;877;0
147;18;336;20;43;41;46;3.80;3;1;1;77;0;7462146;122;0
147;18;336;20;43;41;54;4.60;7;2;1;67;0;7462154;230;0
147;18;336;20;43;44;99;3.00;2;1;1;76;0;7462499;383;0
147;18;336;20;43;44;99;3.60;5;2;1;81;0;7462499;682;0
147;18;336;20;43;44;99;3.20;6;2;1;81;0;7462499;882;0
147;18;336;20;43;46;19;4.00;5;2;1;84;0;7462619;104;0
147;18;336;20;43;46;81;3.60;6;2;1;76;0;7462681;167;0
147;18;336;20;43;49;81;3.40;3;1;1;82;0;7462981;817;0
147;18;336;20;43;50;99;3.00;3;1;1;78;0;7463099;103;0
147;18;336;20;43;50;99;4.20;2;1;1;72;0;7463099;585;0
147;18;336;20;43;52;6;3.20;2;1;1;68;0;7463206;86;0
147;18;336;20;43;53;7;3.80;4;1;1;79;0;7463307;3240;0
147;18;336;20;43;53;99;4.80;2;1;1;73;0;7463399;176;0
147;18;336;20;43;53;0;3.60;7;2;1;80;0;7463300;1121;0
147;18;336;20;43;54;18;3.80;5;2;1;77;0;7463418;781;0
147;18;336;20;43;55;99;5.80;6;2;1;71;0;7463599;900;0
147;18;336;20;43;55;99;2.80;3;1;1;76;0;7463599;486;0
147;18;336;20;43;55;99;3.80;7;2;1;82;0;7463599;282;0
147;18;336;20;43;56;99;3.80;2;1;1;77;0;7463699;276;0
147;18;336;20;43;57;99;3.40;3;1;1;78;0;7463799;186;0
147;18;336;20;43;57;99;3.60;6;2;1;72;0;7463799;170;0
147;18;336;20;43;58;99;3.80;5;2;1;81;0;7463899;463;0
147;18;336;20;43;58;9;4.80;7;2;1;84;0;7463809;193;0
147;18;336;20;43;59;52;3.60;6;2;1;75;0;7463952;135;0
147;18;336;20;44;3;4;3.40;7;2;1;88;0;7464304;474;0
147;18;336;20;44;4;77;3.40;6;2;1;73;0;7464477;507;0
147;18;336;20;44;5;99;3.80;6;2;1;72;0;7464599;105;0
147;18;336;20;44;6;99;3.80;7;2;1;76;0;7464699;381;0
147;18;336;20;44;6;11;4.00;8;2;1;81;0;7464611;4890;0
147;18;336;20;44;8;21;3.40;7;2;1;74;0;7464821;104;0
147;18;336;20;44;11;23;3.00;3;1;1;84;0;7465123;1308;0
147;18;336;20;44;12;99;3.40;3;1;1;76;0;7465299;163;0
147;18;336;20;44;12;53;5.80;7;2;1;32;0;7465253;415;0
147;18;336;20;44;25;93;3.60;1;1;1;79;0;7466593;7071;0
147;18;336;20;44;28;99;3.40;3;1;1;78;0;7466899;1583;0
147;18;336;20;44;29;10;3.60;8;2;1;83;0;7466910;2281;0
147;18;336;20;44;28;24;6.00;7;2;1;34;0;7466824;1505;0
147;18;336;20;44;30;99;3.80;6;2;1;82;0;7467099;2481;0
147;18;336;20;44;31;99;3.60;6;2;1;78;0;7467199;83;0
147;18;336;20;44;34;0;4.40;7;2;1;79;0;7467400;512;0
147;18;336;20;44;35;86;3.60;5;2;1;81;0;7467586;3670;0
147;18;336;20;44;36;99;3.20;3;1;1;82;0;7467699;784;0
147;18;336;20;44;38;99;3.60;3;1;1;79;0;7467899;185;0
147;18;336;20;44;38;99;3.00;2;1;1;73;0;7467899;4182;0
147;18;336;20;44;39;99;3.40;4;1;1;90;0;7467999;4674;0
147;18;336;20;44;40;29;12.00;2;1;3;81;0;7468029;115;0
147;18;336;20;44;40;99;3.80;6;2;1;79;0;7468099;883;0
147;18;336;20;44;42;32;4.20;2;1;1;77;0;7468232;149;0
147;18;336;20;44;43;7;3.80;3;1;1;71;0;7468307;391;0
147;18;336;20;44;43;99;3.80;6;2;1;76;0;7468399;282;0
147;18;336;20;44;44;99;3.20;2;1;1;76;0;7468499;247;0
147;18;336;20;44;47;3;3.20;6;2;1;78;0;7468703;286;0
147;18;336;20;44;47;12;3.60;8;2;1;79;0;7468712;1786;0
147;18;336;20;44;47;0;3.80;2;1;1;80;0;7468700;185;0
147;18;336;20;44;48;99;3.40;2;1;1;77;0;7468899;181;0
147;18;336;20;44;48;99;3.60;5;2;1;81;0;7468899;1297;0
147;18;336;20;44;49;99;4.00;7;2;1;81;0;7468999;1578;0
147;18;336;20;44;49;99;4.20;2;1;1;76;0;7468999;84;0
147;18;336;20;44;49;99;3.40;6;2;1;70;0;7468999;281;0
147;18;336;20;44;51;99;4.40;7;2;1;79;0;7469199;182;0
147;18;336;20;44;51;99;3.60;6;2;1;69;0;7469199;182;0
147;18;336;20;44;52;13;3.60;2;1;1;74;0;7469213;194;7468499
147;18;336;20;44;52;99;3.80;1;1;1;94;0;7469299;2689;0
147;18;336;20;44;52;30;3.60;7;2;1;74;0;7469230;10;0
147;18;336;20;44;54;99;3.00;2;1;1;78;0;7469499;268;0
147;18;336;20;44;54;99;3.20;6;2;1;73;0;7469499;281;0
147;18;336;20;44;56;23;3.20;2;1;1;78;0;7469623;110;0
147;18;336;20;44;58;11;3.60;5;2;1;84;0;7469811;896;0
147;18;336;20;44;58;14;3.60;3;1;1;79;0;7469814;1487;0
147;18;336;20;44;59;4;3.20;6;2;1;83;0;7469904;389;0
147;18;336;20;44;59;99;4.40;2;1;1;81;0;7469999;361;0
147;18;336;20;44;59;99;3.40;7;2;1;80;0;7469999;751;0
147;18;336;20;45;0;50;3.60;8;2;1;83;0;7470050;1321;0
147;18;336;20;45;2;5;3.60;2;1;1;76;0;7470205;186;0
147;18;336;20;45;2;99;3.60;5;2;1;81;0;7470299;472;0
147;18;336;20;45;3;22;3.20;3;1;1;78;0;7470322;491;0
147;18;336;20;45;5;13;3.20;3;1;1;76;0;7470513;176;0
147;18;336;20;45;5;40;3.40;6;2;1;82;0;7470540;622;0
147;18;336;20;45;7;99;4.60;2;1;1;77;0;7470799;576;0
147;18;336;20;45;8;50;3.40;2;1;1;70;0;7470850;29;0
147;18;336;20;45;9;32;4.20;1;1;1;107;0;7470932;1618;0
147;18;336;20;45;9;99;3.40;6;2;1;77;0;7470999;444;0
147;18;336;20;45;9;99;3.60;3;1;1;78;0;7470999;470;0
147;18;336;20;45;10;8;3.80;6;2;1;76;0;7471008;-1;0
147;18;336;20;45;10;23;3.60;7;2;1;88;0;7471023;1008;0
147;18;336;20;45;11;99;3.40;4;1;1;97;0;7471199;3186;0
147;18;336;20;45;13;39;3.20;6;2;1;75;0;7471339;313;0
147;18;336;20;45;15;99;3.80;7;2;1;83;0;7471599;561;0
147;18;336;20;45;15;4;3.40;3;1;1;76;0;7471504;488;0
147;18;336;20;45;16;4;3.20;6;2;1;75;0;7471604;249;0
147;18;336;20;45;16;99;3.80;4;1;1;85;0;7471699;487;0
147;18;336;20;45;17;99;3.60;7;2;1;80;0;7471799;183;0
147;18;336;20;45;17;99;4.00;3;1;1;77;0;7471799;278;0
147;18;336;20;45;18;55;3.60;6;2;1;83;0;7471855;235;0
147;18;336;20;45;22;99;3.60;2;1;1;72;0;7472299;1431;0
147;18;336;20;45;23;20;3.80;3;1;1;76;0;7472320;502;0
147;18;336;20;45;25;99;3.60;6;2;1;81;0;7472599;728;0
147;18;336;20;45;27;18;3.40;8;2;1;82;0;7472718;2652;0
147;18;336;20;45;27;99;3.40;2;1;1;73;0;7472799;482;0
147;18;336;20;45;28;51;3.60;2;1;1;75;0;7472851;35;0
147;18;336;20;45;30;20;3.20;3;1;1;78;0;7473020;682;0
147;18;336;20;45;39;66;3.60;3;1;1;75;0;7473966;931;0
147;18;336;20;45;41;15;3.80;2;1;1;86;0;7474115;1246;0
147;18;336;20;45;44;79;3.60;6;2;1;85;0;7474479;1864;0
147;18;336;20;45;45;99;3.40;6;2;1;82;0;7474599;104;0
147;18;336;20;45;47;14;3.80;6;2;1;77;0;7474714;100;0
147;18;336;20;45;47;92;4.40;7;2;1;79;0;7474792;2976;0
147;18;336;20;45;47;99;3.80;2;1;1;58;0;7474799;668;0
147;18;336;20;45;48;9;3.80;1;1;1;75;0;7474809;3862;0
147;18;336;20;45;49;17;3.60;6;2;1;80;0;7474917;185;0
147;18;336;20;45;49;39;3.00;3;1;1;65;0;7474939;955;0
147;18;336;20;45;51;51;3.40;8;2;1;66;0;7475151;2418;0
147;18;336;20;45;53;99;3.40;6;2;1;77;0;7475399;465;0
147;18;336;20;45;55;17;3.40;1;1;1;79;0;7475517;689;0
147;18;336;20;45;56;18;3.80;4;1;1;87;0;7475618;3902;0
147;18;336;20;45;58;99;3.00;3;1;1;72;0;7475899;943;0
147;18;336;20;45;58;99;4.80;5;2;1;85;0;7475899;5584;0
147;18;336;20;45;59;45;3.60;6;2;1;79;0;7475945;530;0
147;18;336;20;46;0;99;3.20;5;2;1;83;0;7476099;179;0
147;18;336;20;46;0;99;3.40;1;1;1;82;0;7476099;566;0
147;18;336;20;46;1;0;3.40;6;2;1;81;0;7476100;138;0
147;18;336;20;46;1;26;3.60;3;1;1;82;0;7476126;212;0
147;18;336;20;46;3;5;3.40;5;2;1;85;0;7476305;192;0
147;18;336;20;46;3;23;3.80;3;1;1;82;0;7476323;181;0
147;18;336;20;46;6;99;3.60;3;1;1;83;0;7476699;359;0
147;18;336;20;46;9;9;3.80;7;2;1;82;0;7476909;2096;0
147;18;336;20;46;9;34;3.40;2;1;1;83;0;7476934;2111;0
147;18;336;20;46;9;50;3.40;8;2;1;67;0;7476950;1780;0
147;18;336;20;46;10;83;3.40;6;2;1;63;0;7477083;967;0
147;18;336;20;46;10;99;3.80;3;1;1;96;0;7477099;384;0
147;18;336;20;46;11;99;3.00;6;2;1;60;0;7477199;96;0
147;18;336;20;46;11;99;3.20;5;2;1;74;0;7477199;879;0
147;18;336;20;46;11;99;17.00;7;2;4;77;0;7477199;273;0
147;18;336;20;46;14;99;3.20;7;2;1;84;0;7477499;220;0
147;18;336;20;46;17;57;3.20;6;2;1;80;0;7477757;540;0
147;18;336;20;46;18;99;3.80;7;2;1;83;0;7477899;386;0
147;18;336;20;46;21;99;3.40;2;1;1;80;0;7478199;1250;0
147;18;336;20;46;21;99;3.40;7;2;1;75;0;7478199;283;0
147;18;336;20;46;24;15;3.00;3;1;1;77;0;7478415;1301;0
147;18;336;20;46;25;27;3.00;2;1;1;77;0;7478527;312;0
147;18;336;20;46;25;99;3.60;6;2;1;79;0;7478599;827;0
147;18;336;20;46;26;10;3.00;4;1;1;78;0;7478610;2976;0
147;18;336;20;46;26;99;3.20;7;2;1;74;0;7478699;483;0
147;18;336;20;46;30;28;3.80;3;1;1;82;0;7479028;598;0
147;18;336;20;46;30;56;3.20;7;2;1;81;0;7479056;341;0
147;18;336;20;46;30;97;3.40;5;2;1;83;0;7479097;1882;0
147;18;336;20;46;31;99;4.00;3;1;1;79;0;7479199;154;0
147;18;336;20;46;31;99;3.20;7;2;1;82;0;7479199;128;0
147;18;336;20;46;32;17;4.00;4;1;1;79;0;7479217;593;0
147;18;336;20;46;33;99;3.20;3;1;1;75;0;7479399;181;0
147;18;336;20;46;36;99;3.00;6;2;1;80;0;7479699;1083;0
147;18;336;20;46;37;27;3.80;3;1;1;80;0;7479727;312;0
147;18;336;20;46;38;84;3.80;8;2;1;91;0;7479884;2915;0
147;18;336;20;46;38;87;3.60;7;2;1;81;0;7479887;673;0
147;18;336;20;46;39;99;3.60;2;1;1;74;0;7479999;1457;0
147;18;336;20;46;39;99;3.60;6;2;1;71;0;7479999;286;0
147;18;336;20;46;39;99;3.80;7;2;1;75;0;7479999;96;0
147;18;336;20;46;40;63;3.60;3;1;1;84;0;7480063;318;0
147;18;336;20;46;41;23;3.20;6;2;1;78;0;7480123;105;0
147;18;336;20;46;41;99;3.80;6;2;1;78;0;7480199;61;0
147;18;336;20;46;42;99;3.60;2;1;1;79;0;7480299;282;0
147;18;336;20;46;45;24;3.20;6;2;1;81;0;7480524;307;0
147;18;336;20;46;48;99;3.00;6;2;1;77;0;7480899;360;0
147;18;336;20;46;49;99;4.60;7;2;1;86;0;7480999;981;0
147;18;336;20;46;50;8;3.80;4;1;1;81;0;7481008;1772;0
147;18;336;20;46;51;11;3.80;7;2;1;84;0;7481111;92;0
147;18;336;20;46;51;99;3.80;3;1;1;71;0;7481199;1120;0
147;18;336;20;46;53;2;3.20;6;2;1;83;0;7481302;388;0
147;18;336;20;46;53;62;3.60;3;1;1;76;0;7481362;143;0
147;18;336;20;46;54;99;3.80;2;1;1;67;0;7481499;1183;0
147;18;336;20;46;57;99;4.00;3;1;1;79;0;7481799;419;0
147;18;336;20;46;57;99;3.60;7;2;1;80;0;7481799;671;0
147;18;336;20;46;59;99;3.00;8;2;1;91;0;7481999;2099;0
147;18;336;20;47;1;73;3.80;6;2;1;74;0;7482173;857;0
147;18;336;20;47;1;99;4.40;3;1;1;83;0;7482199;381;0
147;18;336;20;47;3;14;4.00;6;2;1;81;0;7482314;122;0
147;18;336;20;47;3;65;4.20;5;2;1;82;0;7482365;3253;0
147;18;336;20;47;4;99;3.40;6;2;1;70;0;7482499;167;0
147;18;336;20;47;4;99;4.60;3;1;1;84;0;7482499;280;0
147;18;336;20;47;5;99;3.60;7;2;1;72;0;7482599;783;0
147;18;336;20;47;6;89;3.80;6;2;1;70;0;7482689;172;0
147;18;336;20;47;7;99;4.00;4;1;1;87;0;7482799;1774;0
147;18;336;20;47;11;99;3.20;6;2;1;70;0;7483199;490;0
147;18;336;20;47;12;99;4.00;5;2;1;78;0;7483299;915;0
147;18;336;20;47;13;23;3.80;2;1;1;95;0;7483323;1803;0
147;18;336;20;47;13;99;3.20;4;1;1;80;0;7483399;583;0
147;18;336;20;47;14;12;4.80;3;1;1;72;0;7483412;893;0
147;18;336;20;47;14;99;3.80;6;2;1;77;0;7483499;283;0
147;18;336;20;47;15;99;3.40;2;1;1;74;0;7483599;261;0
147;18;336;20;47;16;30;3.80;2;1;1;74;0;7483630;14;0
147;18;336;20;47;18;40;3.40;5;2;1;91;0;7483840;522;0
147;18;336;20;47;20;99;3.40;6;2;1;76;0;7484099;582;0
147;18;336;20;47;21;6;3.80;7;2;1;78;0;7484106;1489;0
147;18;336;20;47;22;0;3.40;7;2;1;73;0;7484200;76;0
147;18;336;20;47;22;99;3.20;5;2;1;89;0;7484299;445;0
147;18;336;20;47;22;99;3.60;6;2;1;76;0;7484299;183;0
147;18;336;20;47;24;21;3.40;3;1;1;80;0;7484421;985;0
147;18;336;20;47;24;93;4.00;6;2;1;76;0;7484493;176;0
147;18;336;20;47;28;1;3.60;4;1;1;94;0;7484801;1387;0
147;18;336;20;47;30;99;3.60;6;2;1;82;0;7485099;587;0
147;18;336;20;47;31;68;3.80;8;2;1;81;0;7485168;3157;0
147;18;336;20;47;32;99;3.60;2;1;1;77;0;7485299;1650;0
147;18;336;20;47;36;19;3.60;3;1;1;77;0;7485619;1182;0
147;18;336;20;47;37;99;3.40;2;1;1;83;0;7485799;483;0
147;18;336;20;47;39;39;6.40;7;2;1;88;0;7485939;1722;0
147;18;336;20;47;39;83;3.20;3;1;1;76;0;7485983;347;0
147;18;336;20;47;40;0;3.80;5;2;1;80;0;7486000;1688;0
147;18;336;20;47;41;99;3.80;6;2;1;80;0;7486199;1084;0
147;18;336;20;47;42;19;3.60;6;2;1;77;0;7486219;2;0
147;18;336;20;47;42;99;3.80;8;2;1;83;0;7486299;1114;0
147;18;336;20;47;43;99;4.40;8;2;1;87;0;7486399;83;0
147;18;336;20;47;44;45;3.00;3;1;1;70;0;7486445;446;0
147;18;336;20;47;45;99;3.20;5;2;1;88;0;7486599;581;0
147;18;336;20;47;46;99;3.40;6;2;1;78;0;7486699;463;0
147;18;336;20;47;47;6;3.20;2;1;1;73;0;7486706;892;0
147;18;336;20;47;50;99;3.40;8;2;1;73;0;7487099;681;0
147;18;336;20;47;50;99;3.20;3;1;1;75;0;7487099;638;0
147;18;336;20;47;51;99;3.80;2;1;1;79;0;7487199;477;0
147;18;336;20;47;51;99;3.20;6;2;1;78;0;7487199;484;0
147;18;336;20;47;51;17;3.20;7;2;1;79;0;7487117;1151;0
147;18;336;20;47;52;77;3.80;2;1;1;78;0;7487277;60;0
147;18;336;20;47;53;99;3.40;7;2;1;73;0;7487399;267;0
147;18;336;20;47;55;95;3.80;3;1;1;69;0;7487595;480;0
147;18;336;20;47;55;99;3.80;7;2;1;71;0;7487599;183;0
147;18;336;20;47;56;99;3.00;5;2;1;77;0;7487699;1086;0
147;18;336;20;47;57;93;4.60;2;1;1;74;0;7487793;498;0
147;18;336;20;47;57;94;5.40;3;1;1;74;0;7487794;179;0
147;18;336;20;47;58;99;4.00;6;2;1;69;0;7487899;685;0
147;18;336;20;48;2;21;3.60;6;2;1;80;0;7488221;301;0
147;18;336;20;48;2;35;3.60;2;1;1;79;0;7488235;419;0
147;18;336;20;48;3;99;2.80;3;1;1;80;0;7488399;578;0
147;18;336;20;48;3;99;3.60;2;1;1;69;0;7488399;147;0
147;18;336;20;48;4;32;3.60;8;2;1;92;0;7488432;1316;0
147;18;336;20;48;5;76;3.60;4;1;1;78;0;7488576;3761;0
147;18;336;20;48;5;99;3.60;7;2;1;89;0;7488599;980;0
147;18;336;20;48;6;16;3.40;6;2;1;77;0;7488616;378;0
147;18;336;20;48;7;15;3.40;3;1;1;79;0;7488715;303;0
147;18;336;20;48;9;99;3.80;2;1;1;72;0;7488999;581;0
147;18;336;20;48;10;11;3.40;6;2;1;83;0;7489011;379;0
147;18;336;20;48;10;99;4.00;2;1;1;74;0;7489099;81;0
147;18;336;20;48;10;99;3.60;3;1;1;75;0;7489099;368;0
147;18;336;20;48;11;99;3.60;2;1;1;75;0;7489199;80;0
147;18;336;20;48;11;99;4.80;7;2;1;81;0;7489199;585;0
147;18;336;20;48;12;58;16.00;3;1;4;75;0;7489258;141;0
147;18;336;20;48;13;99;3.40;2;1;1;70;0;7489399;182;0
147;18;336;20;48;14;1;3.60;6;2;1;81;0;7489401;375;0
147;18;336;20;48;16;99;3.60;3;1;1;71;0;7489699;364;0
147;18;336;20;48;17;25;3.80;4;1;1;84;0;7489725;1132;0
147;18;336;20;48;18;94;3.40;2;1;1;67;0;7489894;477;0
147;18;336;20;48;18;99;3.80;5;2;1;82;0;7489899;2185;0
147;18;336;20;48;18;99;3.60;1;1;1;85;0;7489899;13785;0
147;18;336;20;48;20;11;3.60;2;1;1;84;0;7490011;98;0
147;18;336;20;48;20;37;4.60;6;2;1;76;0;7490037;620;0
147;18;336;20;48;22;99;4.00;6;2;1;76;0;7490299;240;0
147;18;336;20;48;22;17;3.80;2;1;1;86;0;7490217;190;0
147;18;336;20;48;24;99;3.80;7;2;1;77;0;7490499;1278;0
147;18;336;20;48;26;0;3.60;7;2;1;81;0;7490600;83;0
147;18;336;20;48;26;99;3.80;3;1;1;86;0;7490699;981;0
147;18;336;20;48;26;99;3.40;1;1;1;70;0;7490699;784;0
147;18;336;20;48;27;7;4.00;2;1;1;86;0;7490707;474;0
147;18;336;20;48;29;99;3.60;6;2;1;64;0;7490999;681;0
147;18;336;20;48;29;99;6.20;5;2;1;81;0;7490999;1083;0
147;18;336;20;48;31;99;4.20;5;2;1;80;0;7491199;172;0
147;18;336;20;48;31;99;3.40;7;2;1;74;0;7491199;583;0
147;18;336;20;48;31;99;3.60;6;2;1;70;0;7491199;179;0
147;18;336;20;48;33;2;3.80;5;2;1;83;0;7491302;84;0
147;18;336;20;48;35;26;3.40;1;1;1;81;0;7491526;809;0
147;18;336;20;48;35;35;3.40;3;1;1;84;0;7491535;820;0
147;18;336;20;48;36;99;3.40;6;2;1;83;0;7491699;481;0
147;18;336;20;48;39;15;3.60;3;1;1;86;0;7491915;365;0
147;18;336;20;48;39;99;3.80;2;1;1;77;0;7491999;1275;0
147;18;336;20;48;42;99;3.00;6;2;1;79;0;7492299;585;0
147;18;336;20;48;44;99;3.00;6;2;1;74;0;7492499;186;0
147;18;336;20;48;44;99;3.40;5;2;1;77;0;7492499;1180;0
147;18;336;20;48;44;99;3.40;3;1;1;76;0;7492499;568;0
147;18;336;20;48;45;3;4.20;4;1;1;76;0;7492503;2761;0
147;18;336;20;48;45;39;3.60;4;1;1;77;0;7492539;16;0
147;18;336;20;48;48;70;4.80;7;2;1;75;0;7492870;1654;0
147;18;336;20;48;51;94;3.80;3;1;1;69;0;7493194;678;0
147;18;336;20;48;51;99;4.20;2;1;1;76;0;7493199;1182;0
147;18;336;20;48;53;31;4.40;3;1;1;69;0;7493331;117;0
147;18;336;20;48;54;99;3.60;3;1;1;71;0;7493499;145;0
147;18;336;20;48;56;19;3.00;2;1;1;73;0;7493619;400;0
147;18;336;20;48;58;99;3.80;7;2;1;79;0;7493899;1005;0
147;18;336;20;49;5;99;3.80;7;2;1;80;0;7494599;682;0
147;18;336;20;49;6;40;3.60;6;2;1;79;0;7494640;2126;0
147;18;336;20;49;7;99;3.00;6;2;1;82;0;7494799;142;0
147;18;336;20;49;8;18;3.80;3;1;1;77;0;7494818;1300;0
147;18;336;20;49;10;19;3.80;4;1;1;91;0;7495019;2463;0
147;18;336;20;49;12;99;3.20;1;1;1;76;0;7495299;3757;0
147;18;336;20;49;14;99;3.00;3;1;1;75;0;7495499;663;0
147;18;336;20;49;15;99;4.20;7;2;1;70;0;7495599;982;0
147;18;336;20;49;17;16;3.20;5;2;1;77;0;7495716;3201;0
147;18;336;20;49;17;99;4.00;6;2;1;71;0;7495799;986;0
147;18;336;20;49;19;52;3.60;3;1;1;75;0;7495952;438;0
147;18;336;20;49;20;99;4.00;4;1;1;83;0;7496099;1064;0
147;18;336;20;49;22;14;3.40;3;1;1;78;0;7496214;244;0
147;18;336;20;49;22;99;3.80;2;1;1;81;0;7496299;2665;0
147;18;336;20;49;23;99;3.40;3;1;1;76;0;7496399;169;0
147;18;336;20;49;24;32;3.00;6;2;1;69;0;7496432;612;0
147;18;336;20;49;25;99;3.80;4;1;1;85;0;7496599;482;0
147;18;336;20;49;27;99;3.80;2;1;1;79;0;7496799;483;0
147;18;336;20;49;27;99;3.20;6;2;1;68;0;7496799;351;0
147;18;336;20;49;28;99;3.40;7;2;1;77;0;7496899;1278;0
147;18;336;20;49;30;11;3.40;2;1;1;67;0;7497011;194;0
147;18;336;20;49;30;99;3.40;6;2;1;79;0;7497099;283;0
147;18;336;20;49;31;99;3.40;2;1;1;64;0;7497199;169;0
147;18;336;20;49;33;1;3.40;2;1;1;65;0;7497301;82;0
147;18;336;20;49;33;99;3.60;8;2;1;81;0;7497399;8952;0
147;18;336;20;49;33;59;14.20;6;2;4;73;0;7497359;244;0
147;18;336;20;49;34;10;3.40;2;1;1;67;0;7497410;90;7496799
147;18;336;20;49;35;12;3.80;5;2;1;84;0;7497512;1781;0
147;18;336;20;49;36;99;3.80;5;2;1;84;0;7497699;170;0
147;18;336;20;49;37;95;3.20;5;2;1;85;0;7497795;79;0
147;18;336;20;49;38;99;2.40;6;2;1;78;0;7497899;469;0
147;18;336;20;49;38;99;3.60;7;2;1;81;0;7497899;984;0
147;18;336;20;49;39;3;3.00;3;1;1;75;0;7497903;1487;0
147;18;336;20;49;40;99;3.40;4;1;1;80;0;7498099;1483;0
147;18;336;20;49;40;99;4.00;8;2;1;80;0;7498099;684;0
147;18;336;20;49;41;99;3.40;3;1;1;77;0;7498199;281;0
147;18;336;20;49;42;60;3.80;2;1;1;82;0;7498260;831;0
147;18;336;20;49;42;99;3.00;6;2;1;82;0;7498299;388;0
147;18;336;20;49;42;99;4.00;3;1;1;74;0;7498299;84;0
147;18;336;20;49;43;99;4.00;4;1;1;77;0;7498399;284;0
147;18;336;20;49;46;99;6.00;2;1;1;83;0;7498699;422;0
147;18;336;20;49;49;99;3.60;6;2;1;80;0;7498999;686;0
147;18;336;20;49;50;94;3.40;6;2;1;82;0;7499094;78;0
147;18;336;20;49;51;99;3.00;1;1;1;79;0;7499199;3884;0
147;18;336;20;49;52;53;4.00;6;2;1;82;0;7499253;144;0
147;18;336;20;49;53;99;3.80;3;1;1;79;0;7499399;1080;0
147;18;336;20;49;56;6;4.00;6;2;1;80;0;7499606;335;0
147;18;336;20;49;56;99;2.80;7;2;1;87;0;7499699;1784;0
147;18;336;20;50;2;61;3.60;1;1;1;77;0;7500261;1048;0
147;18;336;20;50;4;18;3.40;6;2;1;76;0;7500418;794;0
147;18;336;20;50;6;99;4.00;6;2;1;80;0;7500699;264;0
147;18;336;20;50;9;99;3.80;5;2;1;82;0;7500999;3190;0
147;18;336;20;50;9;99;3.00;6;2;1;79;0;7500999;282;0
147;18;336;20;50;9;99;3.60;2;1;1;76;0;7500999;2273;0
147;18;336;20;50;11;7;3.40;7;2;1;81;0;7501107;1396;0
147;18;336;20;50;11;12;3.60;4;1;1;82;0;7501112;2694;0
147;18;336;20;50;13;71;3.80;6;2;1;78;0;7501371;358;0
147;18;336;20;50;13;84;3.60;7;2;1;76;0;7501384;261;0
147;18;336;20;50;14;16;3.60;2;1;1;82;0;7501416;399;0
147;18;336;20;50;15;51;4.20;6;2;1;77;0;7501551;162;0
147;18;336;20;50;16;99;3.80;3;1;1;92;0;7501699;2282;0
147;18;336;20;50;17;99;3.60;7;2;1;79;0;7501799;397;0
147;18;336;20;50;18;99;3.60;6;2;1;77;0;7501899;328;0
147;18;336;20;50;19;99;3.60;2;1;1;75;0;7501999;567;0
147;18;336;20;50;21;99;3.40;6;2;1;83;0;7502199;283;0
147;18;336;20;50;23;76;3.60;3;1;1;79;0;7502376;662;0
147;18;336;20;50;24;9;3.00;2;1;1;75;0;7502409;392;0
147;18;336;20;50;25;4;3.80;2;1;1;79;0;7502504;80;0
147;18;336;20;50;26;2;3.20;4;1;1;79;0;7502602;1474;0
147;18;336;20;50;26;12;3.20;3;1;1;78;0;7502612;219;0
147;18;336;20;50;27;15;3.60;4;1;1;79;0;7502715;98;0
147;18;336;20;50;28;75;2.80;3;1;1;78;0;7502875;248;0
147;18;336;20;50;29;99;3.80;4;1;1;85;0;7502999;267;0
147;18;336;20;50;30;8;4.00;3;1;1;77;0;7503008;120;0
147;18;336;20;50;33;9;4.00;8;2;1;85;0;7503309;5192;0
147;18;336;20;50;33;46;4.20;3;1;1;76;0;7503346;319;0
147;18;336;20;50;33;64;5.00;4;1;1;81;0;7503364;348;0
147;18;336;20;50;35;31;3.60;6;2;1;83;0;7503531;1317;0
147;18;336;20;50;37;67;11.00;3;1;2;65;0;7503767;401;0
147;18;336;20;50;39;2;3.80;8;2;1;80;0;7503902;576;0
147;18;336;20;50;39;99;3.00;6;2;1;76;0;7503999;452;0
147;18;336;20;50;40;16;4.00;5;2;1;80;0;7504016;3000;0
147;18;336;20;50;40;99;3.60;8;2;1;71;0;7504099;179;0
147;18;336;20;50;41;65;3.20;6;2;1;78;0;7504165;151;0
147;18;336;20;50;41;98;13.20;4;1;2;85;0;7504198;811;0
147;18;336;20;50;43;50;3.60;7;2;1;81;0;7504350;2534;0
147;18;336;20;50;43;22;8.00;3;1;6;74;0;7504322;494;0
147;18;336;20;50;45;99;4.00;7;2;1;84;0;7504599;233;0
147;18;336;20;50;45;99;3.60;3;1;1;71;0;7504599;238;0
147;18;336;20;50;45;99;5.60;5;2;1;79;0;7504599;565;0
147;18;336;20;50;49;85;3.40;4;1;1;72;0;7504985;731;0
147;18;336;20;50;50;8;4.00;2;1;1;78;0;7505008;2486;0
147;18;336;20;50;51;14;3.40;6;2;1;80;0;7505114;934;0
147;18;336;20;50;51;36;3.60;2;1;1;82;0;7505136;109;0
147;18;336;20;50;51;47;3.60;4;1;1;79;0;7505147;145;0
147;18;336;20;50;52;6;3.40;6;2;1;80;0;7505206;76;0
147;18;336;20;50;52;99;3.60;3;1;1;71;0;7505299;681;0
147;18;336;20;50;52;99;3.60;7;2;1;83;0;7505299;682;0
147;18;336;20;50;52;99;3.60;4;1;1;79;0;7505299;135;0
147;18;336;20;50;53;20;4.40;7;2;1;75;0;7505320;5;0
147;18;336;20;50;54;16;3.60;6;2;1;85;0;7505416;194;0
147;18;336;20;50;54;99;3.80;3;1;1;77;0;7505499;181;0
147;18;336;20;50;55;0;3.60;5;2;1;83;0;7505500;875;0
147;18;336;20;50;55;99;2.20;6;2;1;73;0;7505599;167;0
147;18;336;20;50;55;99;3.20;2;1;1;82;0;7505599;447;0
147;18;336;20;50;56;63;4.40;6;2;1;76;0;7505663;53;7505114
147;18;336;20;50;57;99;3.60;6;2;1;70;0;7505799;115;7505114
147;18;336;20;50;58;9;3.80;3;1;1;75;0;7505809;292;0
147;18;336;20;51;1;72;4.00;8;2;1;89;0;7506172;2054;0
147;18;336;20;51;1;58;6.60;6;2;1;74;0;7506158;340;0
147;18;336;20;51;3;15;3.80;2;1;1;83;0;7506315;701;0
147;18;336;20;51;3;17;3.20;6;2;1;73;0;7506317;126;0
147;18;336;20;51;4;64;3.00;2;1;1;80;0;7506464;132;0
147;18;336;20;51;5;5;3.60;7;2;1;73;0;7506505;1163;0
147;18;336;20;51;6;10;3.60;4;1;1;86;0;7506610;1294;0
147;18;336;20;51;6;34;4.00;2;1;1;81;0;7506634;156;0
147;18;336;20;51;7;99;4.00;2;1;1;83;0;7506799;147;0
147;18;336;20;51;8;99;3.60;7;2;1;74;0;7506899;376;0
147;18;336;20;51;8;9;3.40;3;1;1;70;0;7506809;981;0
147;18;336;20;51;9;3;3.80;6;2;1;67;0;7506903;570;0
147;18;336;20;51;9;58;3.80;5;2;1;82;0;7506958;1442;0
147;18;336;20;51;12;99;3.20;6;2;1;74;0;7507299;375;0
147;18;336;20;51;12;99;3.60;3;1;1;75;0;7507299;472;0
147;18;336;20;51;14;40;3.60;2;1;1;80;0;7507440;623;0
147;18;336;20;51;16;99;3.40;2;1;1;82;0;7507699;242;0
147;18;336;20;51;16;25;3.60;6;2;1;82;0;7507625;310;0
147;18;336;20;51;16;22;4.40;3;1;1;77;0;7507622;305;0
147;18;336;20;51;18;99;3.40;2;1;1;79;0;7507899;185;0
147;18;336;20;51;19;41;3.40;6;2;1;81;0;7507941;300;0
147;18;336;20;51;21;99;3.40;6;2;1;68;0;7508199;242;0
147;18;336;20;51;21;7;3.40;5;2;1;78;0;7508107;1132;0
147;18;336;20;51;22;99;3.60;2;1;1;74;0;7508299;384;0
147;18;336;20;51;26;7;3.60;2;1;1;81;0;7508607;290;0
147;18;336;20;51;27;68;3.00;6;2;1;78;0;7508768;551;0
147;18;336;20;51;27;96;4.00;7;2;1;83;0;7508796;1879;0
147;18;336;20;51;28;19;3.40;4;1;1;83;0;7508819;2193;0
147;18;336;20;51;28;99;4.00;8;2;1;84;0;7508899;2710;0
147;18;336;20;51;29;58;3.20;3;1;1;77;0;7508958;1315;0
147;18;336;20;51;31;99;3.20;3;1;1;76;0;7509199;226;0
147;18;336;20;51;32;99;3.80;2;1;1;74;0;7509299;676;0
147;18;336;20;51;34;99;3.60;3;1;1;77;0;7509499;284;0
147;18;336;20;51;34;41;3.80;7;2;1;81;0;7509441;627;0
147;18;336;20;51;35;85;3.40;4;1;1;78;0;7509585;751;0
147;18;336;20;51;37;0;3.40;2;1;1;76;0;7509700;382;0
147;18;336;20;51;37;34;3.60;6;2;1;71;0;7509734;952;0
147;18;336;20;51;37;53;3.60;8;2;1;81;0;7509753;836;0
147;18;336;20;51;38;19;3.40;5;2;1;82;0;7509819;1696;0
147;18;336;20;51;38;99;3.60;6;2;1;71;0;7509899;146;0
147;18;336;20;51;39;99;3.80;7;2;1;78;0;7509999;541;0
147;18;336;20;51;39;9;3.80;6;2;1;74;0;7509909;-1;0
147;18;336;20;51;41;99;3.60;6;2;1;88;0;7510199;271;0
147;18;336;20;51;41;99;3.80;5;2;1;91;0;7510199;365;0
147;18;336;20;51;43;7;3.80;5;2;1;84;0;7510307;92;0
147;18;336;20;51;43;99;3.40;6;2;1;79;0;7510399;185;0
147;18;336;20;51;43;99;3.80;5;2;1;83;0;7510399;75;0
147;18;336;20;51;44;5;3.60;3;1;1;66;0;7510405;889;0
147;18;336;20;51;44;23;3.20;6;2;1;80;0;7510423;8;0
147;18;336;20;51;44;79;4.40;8;2;1;48;0;7510479;710;0
147;18;336;20;51;46;11;3.20;2;1;1;78;0;7510611;894;0
147;18;336;20;51;46;20;3.60;6;2;1;81;0;7510620;182;0
147;18;336;20;51;46;99;3.40;8;2;1;46;0;7510699;187;0
147;18;336;20;51;49;4;4.40;6;2;1;79;0;7510904;268;0
147;18;336;20;51;49;99;3.60;1;1;1;79;0;7510999;10721;0
147;18;336;20;51;49;7;3.60;4;1;1;89;0;7510907;1306;0
147;18;336;20;51;49;8;3.20;3;1;1;80;0;7510908;483;0
147;18;336;20;51;50;96;3.80;4;1;1;86;0;7511096;174;0
147;18;336;20;51;50;99;3.60;6;2;1;78;0;7511099;174;0
147;18;336;20;51;52;99;3.40;8;2;1;74;0;7511299;573;0
147;18;336;20;51;52;2;4.00;5;2;1;82;0;7511202;786;0
147;18;336;20;51;53;99;4.60;6;2;1;77;0;7511399;283;0
147;18;336;20;51;53;99;3.80;8;2;1;79;0;7511399;83;0
147;18;336;20;51;55;35;4.00;2;1;1;80;0;7511535;909;0
147;18;336;20;51;57;25;2.80;6;2;1;79;0;7511725;304;0
147;18;336;20;51;59;99;4.40;2;1;1;81;0;7511999;446;0
147;18;336;20;51;59;99;4.00;1;1;1;78;0;7511999;983;0
147;18;336;20;52;1;99;3.40;7;2;1;82;0;7512199;2182;0
147;18;336;20;52;5;27;3.40;6;2;1;76;0;7512527;789;0
147;18;336;20;52;6;99;3.80;6;2;1;79;0;7512699;155;0
147;18;336;20;52;12;15;3.60;3;1;1;83;0;7513215;2292;0
147;18;336;20;52;16;18;4.00;7;2;1;87;0;7513618;1404;0
147;18;336;20;52;17;0;4.00;4;1;1;91;0;7513700;2588;0
147;18;336;20;52;19;99;3.60;6;2;1;76;0;7513999;1282;0
147;18;336;20;52;19;99;3.40;2;1;1;73;0;7513999;1980;0
147;18;336;20;52;23;12;3.60;3;1;1;82;0;7514312;1081;0
147;18;336;20;52;25;6;3.40;6;2;1;77;0;7514506;489;0
147;18;336;20;52;27;27;3.20;4;1;1;81;0;7514727;1011;0
147;18;336;20;52;28;7;3.80;3;1;1;73;0;7514807;479;0
147;18;336;20;52;29;99;3.20;4;1;1;78;0;7514999;257;0
147;18;336;20;52;31;3;3.40;4;1;1;79;0;7515103;89;0
147;18;336;20;52;31;80;3.40;3;1;1;67;0;7515180;354;0
147;18;336;20;52;32;99;3.20;2;1;1;80;0;7515299;1283;0
147;18;336;20;52;32;99;3.60;4;1;1;76;0;7515299;180;0
147;18;336;20;52;34;99;3.60;3;1;1;73;0;7515499;300;0
147;18;336;20;52;34;99;3.60;8;2;1;80;0;7515499;4082;0
147;18;336;20;52;42;99;3.80;1;1;1;85;0;7516299;4281;0
147;18;336;20;52;42;99;3.60;5;2;1;79;0;7516299;5079;0
147;18;336;20;52;43;1;3.60;6;2;1;81;0;7516301;1779;0
147;18;336;20;52;45;99;3.40;2;1;1;84;0;7516599;1285;0
147;18;336;20;52;46;12;3.40;6;2;1;79;0;7516612;295;0
147;18;336;20;52;47;99;3.40;6;2;1;82;0;7516799;171;0
147;18;336;20;52;53;99;4.60;3;1;1;82;0;7517399;1882;0
147;18;336;20;52;54;19;3.60;6;2;1;76;0;7517419;605;0
147;18;336;20;52;56;64;3.40;8;2;1;76;0;7517664;2148;0
147;18;336;20;52;59;5;3.80;5;2;1;85;0;7517905;1589;0
147;18;336;20;52;59;63;3.40;1;1;1;76;0;7517963;1647;0
147;18;336;20;52;59;72;4.00;7;2;1;76;0;7517972;4337;0
147;18;336;20;53;0;99;4.00;8;2;1;76;0;7518099;418;0
147;18;336;20;53;1;47;3.80;6;2;1;76;0;7518147;710;0
147;18;336;20;53;3;99;3.40;8;2;1;68;0;7518399;281;0
147;18;336;20;53;4;18;4.80;4;1;1;79;0;7518418;3101;0
147;18;336;20;53;5;99;6.00;7;2;1;72;0;7518599;608;0
147;18;336;20;53;5;99;3.60;3;1;1;79;0;7518599;1179;0
147;18;336;20;53;5;99;3.80;6;2;1;79;0;7518599;434;0
147;18;336;20;53;6;29;3.80;7;2;1;73;0;7518629;-1;0
147;18;336;20;53;7;83;4.00;8;2;1;81;0;7518783;366;0
147;18;336;20;53;8;6;3.20;3;1;1;73;0;7518806;190;0
147;18;336;20;53;10;99;3.80;2;1;1;77;0;7519099;2485;0
147;18;336;20;53;11;99;3.20;3;1;1;78;0;7519199;377;0
147;18;336;20;53;12;99;16.40;7;2;5;77;0;7519299;651;0
147;18;336;20;53;15;99;4.00;6;2;1;77;0;7519599;982;0
147;18;336;20;53;18;3;3.60;6;2;1;80;0;7519803;185;0
147;18;336;20;53;18;99;3.40;3;1;1;79;0;7519899;685;0
147;18;336;20;53;19;47;3.40;2;1;1;74;0;7519947;830;0
147;18;336;20;53;19;59;3.20;6;2;1;71;0;7519959;139;0
147;18;336;20;53;20;7;3.40;8;2;1;80;0;7520007;1206;0
147;18;336;20;53;20;98;3.00;1;1;1;81;0;7520098;2118;0
147;18;336;20;53;22;94;3.80;3;1;1;74;0;7520294;379;0
147;18;336;20;53;24;99;3.60;3;1;1;76;0;7520499;186;0
147;18;336;20;53;24;45;3.40;2;1;1;81;0;7520445;481;0
147;18;336;20;53;25;90;3.80;1;1;1;69;0;7520590;478;0
147;18;336;20;53;27;21;3.00;6;2;1;71;0;7520721;745;0
147;18;336;20;53;28;12;4.00;5;2;1;90;0;7520812;2890;0
147;18;336;20;53;28;99;3.80;3;1;1;74;0;7520899;382;0
147;18;336;20;53;27;49;5.40;7;2;1;37;0;7520749;1373;0
147;18;336;20;53;29;99;3.60;4;1;1;79;0;7520999;2559;0
147;18;336;20;53;30;99;3.40;7;2;1;72;0;7521099;297;0
147;18;336;20;53;31;99;3.40;6;2;1;79;0;7521199;462;0
147;18;336;20;53;32;44;3.60;7;2;1;80;0;7521244;128;0
147;18;336;20;53;33;99;4.00;8;2;1;76;0;7521399;1376;0
147;18;336;20;53;33;99;3.00;2;1;1;76;0;7521399;938;0
147;18;336;20;53;37;43;4.20;6;2;1;80;0;7521743;528;0
147;18;336;20;53;37;40;3.80;2;1;1;74;0;7521740;326;0
147;18;336;20;53;37;61;24.20;3;1;5;79;0;7521761;843;0
147;18;336;20;53;38;99;3.00;4;1;1;70;0;7521899;883;0
147;18;336;20;53;39;7;3.40;6;2;1;63;0;7521907;145;0
147;18;336;20;53;40;22;4.00;5;2;1;84;0;7522022;1194;0
147;18;336;20;53;41;99;3.60;2;1;1;80;0;7522199;440;0
147;18;336;20;53;41;99;4.00;7;2;1;79;0;7522199;938;0
147;18;336;20;53;41;99;3.60;3;1;1;77;0;7522199;327;0
147;18;336;20;53;45;62;3.20;4;1;1;95;0;7522562;647;0
147;18;336;20;53;46;20;3.40;3;1;1;86;0;7522620;404;0
147;18;336;20;53;49;99;3.80;2;1;1;76;0;7522999;783;0
147;18;336;20;53;51;99;3.20;6;2;1;90;0;7523199;1272;0
147;18;336;20;53;53;24;3.60;6;2;1;80;0;7523324;112;0
147;18;336;20;53;54;18;3.20;3;1;1;75;0;7523418;783;0
147;18;336;20;53;55;15;3.20;2;1;1;79;0;7523515;498;0
147;18;336;20;53;56;99;3.80;6;2;1;76;0;7523699;358;0
147;18;336;20;53;58;68;4.00;1;1;1;106;0;7523868;3258;0
147;18;336;20;53;58;81;3.60;3;1;1;76;0;7523881;447;0
147;18;336;20;53;59;99;4.20;7;2;1;83;0;7523999;1781;0
147;18;336;20;54;0;65;3.20;3;1;1;77;0;7524065;166;0
147;18;336;20;54;4;99;3.40;6;2;1;76;0;7524499;782;0
147;18;336;20;54;5;51;3.40;3;1;1;79;0;7524551;471;0
147;18;336;20;54;7;4;4.40;7;2;1;78;0;7524704;686;0
147;18;336;20;54;7;99;3.40;2;1;1;81;0;7524799;1269;0
147;18;336;20;54;9;18;3.60;6;2;1;84;0;7524918;402;0
147;18;336;20;54;9;99;3.00;7;2;1;77;0;7524999;274;0
147;18;336;20;54;11;11;3.40;6;2;1;80;0;7525111;177;0
147;18;336;20;54;13;61;3.60;2;1;1;81;0;7525361;546;0
147;18;336;20;54;13;31;4.00;7;2;1;20;0;7525331;317;0
147;18;336;20;54;15;19;3.60;7;2;1;78;0;7525519;116;0
147;18;336;20;54;16;99;3.60;3;1;1;79;0;7525699;1132;0
147;18;336;20;54;17;99;3.60;4;1;1;85;0;7525799;3224;0
147;18;336;20;54;17;99;5.40;7;2;1;73;0;7525799;263;0
147;18;336;20;54;18;18;3.60;6;2;1;92;0;7525818;691;0
147;18;336;20;54;19;99;3.60;2;1;1;75;0;7525999;622;0
147;18;336;20;54;20;99;3.20;6;2;1;81;0;7526099;266;0
147;18;336;20;54;20;99;3.60;3;1;1;77;0;7526099;383;0
147;18;336;20;54;22;99;3.40;6;2;1;79;0;7526299;185;0
147;18;336;20;54;23;38;3.00;7;2;1;77;0;7526338;512;0
147;18;336;20;54;24;99;3.60;4;1;1;77;0;7526499;684;0
147;18;336;20;54;24;99;4.60;2;1;1;75;0;7526499;482;0
147;18;336;20;54;25;20;2.80;3;1;1;68;0;7526520;404;0
147;18;336;20;54;25;99;3.80;6;2;1;79;0;7526599;284;0
147;18;336;20;54;26;7;4.20;8;2;1;80;0;7526607;5189;0
147;18;336;20;54;26;74;4.00;3;1;1;68;0;7526674;139;0
147;18;336;20;54;26;94;4.00;4;1;1;83;0;7526694;178;0
147;18;336;20;54;28;6;4.80;6;2;1;71;0;7526806;189;0
147;18;336;20;54;29;10;3.80;7;2;1;71;0;7526910;557;0
147;18;336;20;54;30;99;3.60;3;1;1;82;0;7527099;403;0
147;18;336;20;54;31;44;4.20;6;2;1;74;0;7527144;313;0
147;18;336;20;54;32;99;3.40;5;2;1;81;0;7527299;5259;0
147;18;336;20;54;32;99;3.80;7;2;1;79;0;7527299;369;0
147;18;336;20;54;33;17;3.40;3;1;1;81;0;7527317;202;0
147;18;336;20;54;34;99;3.20;6;2;1;69;0;7527499;334;0
147;18;336;20;54;35;11;3.40;2;1;1;80;0;7527511;989;0
147;18;336;20;54;35;99;4.00;1;1;1;85;0;7527599;3717;0
147;18;336;20;54;36;4;3.80;6;2;1;75;0;7527604;88;0
147;18;336;20;54;37;99;4.00;3;1;1;71;0;7527799;466;0
147;18;336;20;54;39;99;3.60;3;1;1;71;0;7527999;179;0
147;18;336;20;54;39;99;3.40;6;2;1;73;0;7527999;376;0
147;18;336;20;54;40;16;3.80;5;2;1;80;0;7528016;701;0
147;18;336;20;54;40;99;3.40;2;1;1;72;0;7528099;572;0
147;18;336;20;54;41;16;3.40;3;1;1;72;0;7528116;98;0
147;18;336;20;54;42;99;3.80;5;2;1;85;0;7528299;265;0
147;18;336;20;54;42;99;3.60;3;1;1;76;0;7528299;166;0
147;18;336;20;54;43;99;3.60;4;1;1;79;0;7528399;1687;0
147;18;336;20;54;44;1;3.40;2;1;1;80;0;7528401;285;0
147;18;336;20;54;45;99;3.80;8;2;1;71;0;7528599;1973;0
147;18;336;20;54;47;99;3.40;8;2;1;74;0;7528799;180;0
147;18;336;20;54;50;99;3.20;6;2;1;71;0;7529099;1083;0
147;18;336;20;54;50;99;3.40;5;2;1;82;0;7529099;783;0
147;18;336;20;54;49;88;4.20;7;2;1;17;0;7528988;1671;0
147;18;336;20;54;52;99;3.60;1;1;1;79;0;7529299;1683;0
147;18;336;20;54;53;15;3.40;6;2;1;72;0;7529315;199;0
147;18;336;20;54;53;99;3.80;8;2;1;72;0;7529399;583;0
147;18;336;20;54;56;11;3.60;5;2;1;83;0;7529611;497;0
147;18;336;20;54;57;27;3.80;5;2;1;83;0;7529727;100;0
147;18;336;20;54;56;63;13.80;6;2;3;76;0;7529663;331;0
147;18;336;20;54;57;84;3.80;2;1;1;85;0;7529784;1367;0
147;18;336;20;54;57;80;6.60;7;2;1;63;0;7529780;703;0
147;18;336;20;54;58;99;3.60;5;2;1;84;0;7529899;155;0
147;18;336;20;55;0;10;3.20;6;2;1;69;0;7530010;281;0
147;18;336;20;55;0;99;3.20;5;2;1;82;0;7530099;184;0
147;18;336;20;55;1;19;3.40;6;2;1;68;0;7530119;92;0
147;18;336;20;55;2;17;4.00;5;2;1;81;0;7530217;103;7529611
147;18;336;20;55;3;4;3.80;3;1;1;77;0;7530304;1987;0
147;18;336;20;55;3;99;4.60;5;2;1;80;0;7530399;164;7529611
147;18;336;20;55;6;18;3.80;8;2;1;87;0;7530618;1200;0
147;18;336;20;55;6;99;3.60;4;1;1;79;0;7530699;2283;0
147;18;336;20;55;6;99;3.00;1;1;1;71;0;7530699;1383;0
147;18;336;20;55;6;99;4.20;6;2;1;74;0;7530699;562;0
147;18;336;20;55;7;95;3.40;3;1;1;75;0;7530795;473;0
147;18;336;20;55;8;99;4.40;6;2;1;77;0;7530899;179;0
147;18;336;20;55;9;11;3.80;8;2;1;83;0;7530911;277;0
147;18;336;20;55;10;99;4.00;2;1;1;78;0;7531099;1298;0
147;18;336;20;55;14;19;3.20;2;1;1;77;0;7531419;301;0
147;18;336;20;55;15;78;3.60;6;2;1;67;0;7531578;658;0
147;18;336;20;55;16;99;3.60;3;1;1;80;0;7531699;887;0
147;18;336;20;55;17;24;4.20;6;2;1;81;0;7531724;126;0
147;18;336;20;55;21;30;3.60;6;2;1;87;0;7532130;387;0
147;18;336;20;55;21;99;3.80;7;2;1;80;0;7532199;2381;0
147;18;336;20;55;23;99;4.60;2;1;1;71;0;7532399;965;0
147;18;336;20;55;25;16;3.60;7;2;1;81;0;7532516;299;0
147;18;336;20;55;26;8;4.00;6;2;1;80;0;7532608;463;0
147;18;336;20;55;26;99;3.40;8;2;1;85;0;7532699;1771;0
147;18;336;20;55;27;7;4.60;7;2;1;81;0;7532707;175;0
147;18;336;20;55;29;27;3.20;7;2;1;79;0;7532927;199;0
147;18;336;20;55;32;99;3.80;6;2;1;80;0;7533299;673;0
147;18;336;20;55;33;13;4.00;3;1;1;80;0;7533313;1597;0
147;18;336;20;55;34;99;4.00;4;1;1;85;0;7533499;2783;0
147;18;336;20;55;35;87;7.00;3;1;1;77;0;7533587;256;0
147;18;336;20;55;37;6;3.60;3;1;1;76;0;7533706;86;0
147;18;336;20;55;38;20;4.00;6;2;1;86;0;7533820;503;0
147;18;336;20;55;38;43;12.20;2;1;3;82;0;7533843;1420;0
147;18;336;20;55;40;68;3.40;2;1;1;85;0;7534068;171;0
147;18;336;20;55;42;99;8.20;6;2;6;75;0;7534299;462;0
147;18;336;20;55;42;99;3.20;2;1;1;83;0;7534299;216;0
147;18;336;20;55;49;16;3.80;6;2;1;86;0;7534916;577;0
147;18;336;20;55;49;99;3.80;3;1;1;76;0;7534999;1275;0
147;18;336;20;55;54;99;3.80;7;2;1;82;0;7535499;2557;0
147;18;336;20;55;57;25;3.40;6;2;1;80;0;7535725;793;0
147;18;336;20;55;58;48;3.60;4;1;1;80;0;7535848;2332;0
147;18;336;20;55;59;99;3.40;7;2;1;86;0;7535999;483;0
147;18;336;20;56;1;68;3.60;3;1;1;78;0;7536168;1151;0
147;18;336;20;56;3;12;4.00;8;2;1;79;0;7536312;3598;0
147;18;336;20;56;4;2;3.60;6;2;1;70;0;7536402;661;0
147;18;336;20;56;4;8;4.60;3;1;1;70;0;7536408;223;0
147;18;336;20;56;4;99;3.20;5;2;1;82;0;7536499;6079;0
147;18;336;20;56;5;8;3.60;4;1;1;88;0;7536508;643;0
147;18;336;20;56;5;10;3.80;3;1;1;74;0;7536510;78;0
147;18;336;20;56;6;61;3.40;6;2;1;71;0;7536661;240;0
147;18;336;20;56;7;99;3.60;6;2;1;71;0;7536799;120;0
147;18;336;20;56;8;37;3.00;7;2;1;76;0;7536837;823;0
147;18;336;20;56;8;69;4.00;5;2;1;85;0;7536869;355;0
147;18;336;20;56;10;1;3.60;4;1;1;87;0;7537001;478;0
147;18;336;20;56;11;89;3.40;3;1;1;79;0;7537189;660;0
147;18;336;20;56;11;99;3.80;7;2;1;78;0;7537199;347;0
147;18;336;20;56;16;4;3.40;6;2;1;81;0;7537604;786;0
147;18;336;20;56;16;34;4.00;2;1;1;79;0;7537634;3321;0
147;18;336;20;56;18;12;4.00;5;2;1;88;0;7537812;926;0
147;18;336;20;56;19;18;3.60;6;2;1;81;0;7537918;298;0
147;18;336;20;56;20;99;3.20;3;1;1;75;0;7538099;894;0
147;18;336;20;56;21;57;3.40;3;1;1;76;0;7538157;42;0
147;18;336;20;56;22;99;3.40;6;2;1;85;0;7538299;365;0
147;18;336;20;56;24;99;4.00;5;2;1;90;0;7538499;670;0
147;18;336;20;56;28;99;3.40;6;2;1;83;0;7538899;585;0
147;18;336;20;56;30;99;3.40;6;2;1;82;0;7539099;185;0
147;18;336;20;56;31;99;3.40;3;1;1;76;0;7539199;1025;0
147;18;336;20;56;34;27;3.80;3;1;1;83;0;7539427;211;0
147;18;336;20;56;35;99;3.60;2;1;1;86;0;7539599;1946;0
147;18;336;20;56;37;5;3.60;3;1;1;76;0;7539705;261;0
147;18;336;20;56;38;25;3.80;4;1;1;83;0;7539825;2809;0
147;18;336;20;56;38;99;3.60;3;1;1;77;0;7539899;176;0
147;18;336;20;56;40;99;3.80;2;1;1;85;0;7540099;484;0
147;18;336;20;56;41;99;3.60;8;2;1;68;0;7540199;3868;0
147;18;336;20;56;41;21;3.60;6;2;1;77;0;7540121;1007;0
147;18;336;20;56;42;99;3.80;2;1;1;79;0;7540299;183;0
147;18;336;20;56;42;99;3.60;6;2;1;74;0;7540299;161;0
147;18;336;20;56;43;11;3.80;8;2;1;68;0;7540311;92;0
147;18;336;20;56;43;99;3.80;7;2;1;78;0;7540399;3182;0
147;18;336;20;56;44;82;3.80;8;2;1;67;0;7540482;150;0
147;18;336;20;56;45;14;3.40;5;2;1;77;0;7540514;1999;0
147;18;336;20;56;45;99;4.00;3;1;1;78;0;7540599;683;0
147;18;336;20;56;45;99;3.40;6;2;1;72;0;7540599;282;0
147;18;336;20;56;50;83;14.20;6;2;3;69;0;7541083;467;0
147;18;336;20;56;50;99;3.80;4;1;1;85;0;7541099;1257;0
147;18;336;20;56;51;23;3.60;5;2;1;80;0;7541123;593;0
147;18;336;20;56;52;6;3.80;2;1;1;74;0;7541206;889;0
147;18;336;20;56;52;37;3.20;6;2;1;71;0;7541237;79;0
147;18;336;20;56;52;61;3.40;7;2;1;71;0;7541261;844;0
147;18;336;20;56;53;99;3.60;3;1;1;76;0;7541399;781;0
147;18;336;20;56;54;8;3.80;2;1;1;76;0;7541408;183;0
147;18;336;20;56;55;2;3.40;6;2;1;70;0;7541502;248;0
147;18;336;20;56;56;99;3.60;2;1;1;77;0;7541699;273;0
147;18;336;20;56;58;21;3.20;2;1;1;73;0;7541821;105;0
147;18;336;20;56;58;99;3.40;3;1;1;73;0;7541899;482;0
147;18;336;20;56;59;99;3.80;4;1;1;80;0;7541999;883;0
147;18;336;20;56;59;99;3.60;2;1;1;72;0;7541999;162;0
147;18;336;20;56;59;13;3.80;6;2;1;78;0;7541913;393;0
147;18;336;20;57;0;99;3.60;7;2;1;79;0;7542099;820;0
147;18;336;20;57;1;99;3.80;5;2;1;82;0;7542199;1059;0
147;18;336;20;57;3;10;3.60;7;2;1;83;0;7542310;194;0
147;18;336;20;57;3;26;3.00;6;2;1;77;0;7542326;395;0
147;18;336;20;57;5;94;3.60;1;1;1;78;0;7542594;11879;0
147;18;336;20;57;12;60;3.20;7;2;1;82;0;7543260;934;0
147;18;336;20;57;15;99;3.60;6;2;1;80;0;7543599;1258;0
147;18;336;20;57;17;10;3.80;7;2;1;85;0;7543710;435;0
147;18;336;20;57;18;85;3.80;5;2;1;81;0;7543885;1669;0
147;18;336;20;57;19;6;3.40;3;1;1;76;0;7543906;1990;0
147;18;336;20;57;19;99;3.60;2;1;1;71;0;7543999;1982;0
147;18;336;20;57;21;99;3.20;4;1;1;70;0;7544199;2182;0
147;18;336;20;57;21;99;3.00;2;1;1;71;0;7544199;181;0
147;18;336;20;57;21;99;3.20;3;1;1;77;0;7544199;276;0
147;18;336;20;57;24;99;3.40;3;1;1;74;0;7544499;285;0
147;18;336;20;57;25;26;3.80;7;2;1;82;0;7544526;799;0
147;18;336;20;57;25;41;3.60;2;1;1;68;0;7544541;326;0
147;18;336;20;57;26;99;3.20;3;1;1;76;0;7544699;183;0
147;18;336;20;57;26;99;3.20;1;1;1;68;0;7544699;2088;0
147;18;336;20;57;27;9;3.00;2;1;1;75;0;7544709;148;0
147;18;336;20;57;28;99;3.00;2;1;1;67;0;7544899;175;0
147;18;336;20;57;33;99;3.60;3;1;1;86;0;7545399;684;0
147;18;336;20;57;35;99;4.40;2;1;1;81;0;7545599;683;0
147;18;336;20;57;35;40;3.80;4;1;1;89;0;7545540;1324;0
147;18;336;20;57;36;99;3.80;5;2;1;82;0;7545699;1797;0
147;18;336;20;57;38;15;3.00;6;2;1;66;0;7545815;2199;0
147;18;336;20;57;39;14;3.40;2;1;1;74;0;7545914;295;0
147;18;336;20;57;39;99;3.00;6;2;1;67;0;7545999;167;0
147;18;336;20;57;39;99;3.40;5;2;1;82;0;7545999;283;0
147;18;336;20;57;39;99;3.60;7;2;1;77;0;7545999;1456;0
147;18;336;20;57;40;11;3.40;6;2;1;66;0;7546011;-1;0
147;18;336;20;57;41;99;3.00;6;2;1;74;0;7546199;169;0
147;18;336;20;57;41;99;3.80;5;2;1;80;0;7546199;185;0
147;18;336;20;57;45;28;3.20;3;1;1;74;0;7546528;1113;0
147;18;336;20;57;51;10;3.60;2;1;1;73;0;7547110;1179;0
147;18;336;20;57;51;99;3.20;3;1;1;76;0;7547199;655;0
147;18;336;20;57;51;99;3.00;1;1;1;60;0;7547199;2483;0
147;18;336;20;57;52;99;3.80;2;1;1;61;0;7547299;171;0
147;18;336;20;57;53;25;3.80;3;1;1;75;0;7547325;110;0
147;18;336;20;57;55;99;3.40;6;2;1;83;0;7547599;1385;0
147;18;336;20;57;56;93;3.80;3;1;1;82;0;7547693;349;0
147;18;336;20;57;56;99;3.40;6;2;1;81;0;7547699;85;0
147;18;336;20;57;58;49;3.40;1;1;1;71;0;7547849;632;0
147;18;336;20;58;0;29;3.80;3;1;1;92;0;7548029;319;0
147;18;336;20;58;1;31;3.80;4;1;1;92;0;7548131;2575;0
147;18;336;20;58;2;99;3.60;6;2;1;88;0;7548299;584;0
147;18;336;20;58;2;99;4.00;5;2;1;85;0;7548299;2082;0
147;18;336;20;58;4;99;3.40;6;2;1;75;0;7548499;185;0
147;18;336;20;58;10;99;5.00;7;2;1;78;0;7549099;3083;0
147;18;336;20;58;11;74;3.60;8;2;1;76;0;7549174;8671;0
147;18;336;20;58;11;79;3.60;6;2;1;80;0;7549179;663;0
147;18;336;20;58;15;99;5.20;3;1;1;69;0;7549599;1555;0
147;18;336;20;58;15;99;3.80;6;2;1;82;0;7549599;403;0
147;18;336;20;58;17;99;3.60;6;2;1;78;0;7549799;183;0
147;18;336;20;58;18;99;3.80;5;2;1;83;0;7549899;1583;0
147;18;336;20;58;19;44;3.40;2;1;1;71;0;7549944;2622;0
147;18;336;20;58;21;40;3.60;4;1;1;76;0;7550140;1994;0
147;18;336;20;58;22;99;4.20;7;2;1;69;0;7550299;1176;0
147;18;336;20;58;23;99;4.00;6;2;1;78;0;7550399;583;0
147;18;336;20;58;24;80;3.80;7;2;1;70;0;7550480;159;0
147;18;336;20;58;26;99;6.40;8;2;1;69;0;7550699;1507;0
147;18;336;20;58;27;87;3.40;6;2;1;67;0;7550787;369;0
147;18;336;20;58;26;93;7.60;7;2;1;60;0;7550693;193;0
147;18;336;20;58;27;99;3.40;5;2;1;75;0;7550799;883;0
147;18;336;20;58;29;2;4.20;4;1;1;78;0;7550902;744;0
147;18;336;20;58;30;99;3.40;6;2;1;76;0;7551099;293;0
147;18;336;20;58;31;99;4.00;4;1;1;83;0;7551199;277;0
147;18;336;20;58;32;80;3.20;2;1;1;93;0;7551280;1318;0
147;18;336;20;58;32;99;3.80;3;1;1;80;0;7551299;1672;0
147;18;336;20;58;33;99;3.80;7;2;1;78;0;7551399;660;0
147;18;336;20;58;34;5;3.20;2;1;1;82;0;7551405;112;0
147;18;336;20;58;34;27;3.60;6;2;1;87;0;7551427;311;0
147;18;336;20;58;34;99;6.60;7;2;1;65;0;7551499;82;0
147;18;336;20;58;39;10;3.20;3;1;1;77;0;7551910;593;0
147;18;336;20;58;39;13;3.80;1;1;1;84;0;7551913;4046;0
147;18;336;20;58;39;52;3.80;2;1;1;78;0;7551952;532;0
147;18;336;20;58;40;93;3.40;5;2;1;71;0;7552093;1277;0
147;18;336;20;58;39;96;23.80;7;2;5;79;0;7551996;460;0
147;18;336;20;58;41;4;3.20;3;1;1;71;0;7552104;179;0
147;18;336;20;58;42;79;3.80;5;2;1;82;0;7552279;168;0
147;18;336;20;58;43;99;3.00;6;2;1;79;0;7552399;957;0
147;18;336;20;58;44;50;3.80;5;2;1;78;0;7552450;154;0
147;18;336;20;58;47;48;3.80;2;1;1;82;0;7552748;778;0
147;18;336;20;58;51;24;3.00;2;1;1;81;0;7553124;359;0
147;18;336;20;58;54;99;14.20;4;1;3;73;0;7553499;2282;0
147;18;336;20;58;54;99;3.00;2;1;1;72;0;7553499;361;0
147;18;336;20;58;56;21;3.20;6;2;1;78;0;7553621;1208;0
147;18;336;20;58;56;99;3.20;3;1;1;76;0;7553699;1578;0
147;18;336;20;58;57;17;3.00;2;1;1;75;0;7553717;203;0
147;18;336;20;58;59;8;3.40;3;1;1;79;0;7553908;193;0
147;18;336;20;59;1;99;3.80;6;2;1;79;0;7554199;563;0
147;18;336;20;59;6;99;3.00;3;1;1;74;0;7554699;775;0
147;18;336;20;59;8;99;3.20;3;1;1;78;0;7554899;185;0
147;18;336;20;59;10;20;3.00;3;1;1;76;0;7555020;106;0
147;18;336;20;59;11;99;3.80;2;1;1;76;0;7555199;1467;0
147;18;336;20;59;12;27;3.80;5;2;1;92;0;7555227;2759;0
147;18;336;20;59;13;74;3.20;6;2;1;75;0;7555374;1157;0
147;18;336;20;59;13;85;3.60;3;1;1;77;0;7555385;350;0
147;18;336;20;59;14;99;3.60;3;1;1;79;0;7555499;97;0
147;18;336;20;59;15;65;3.60;3;1;1;79;0;7555565;49;0
147;18;336;20;59;17;99;3.80;3;1;1;76;0;7555799;217;0
147;18;336;20;59;19;18;4.40;6;2;1;84;0;7555918;528;0
147;18;336;20;59;20;40;3.00;2;1;1;76;0;7556040;823;0
147;18;336;20;59;20;70;3.40;6;2;1;72;0;7556070;133;0
147;18;336;20;59;21;99;3.60;3;1;1;99;0;7556199;382;0
147;18;336;20;59;22;17;3.80;6;2;1;74;0;7556217;130;0
147;18;336;20;59;23;72;4.20;6;2;1;76;0;7556372;136;0
147;18;336;20;59;27;5;3.60;1;1;1;72;0;7556705;4775;0
147;18;336;20;59;30;14;3.40;1;1;1;70;0;7557014;291;0
147;18;336;20;59;31;8;3.60;6;2;1;82;0;7557108;716;0
147;18;336;20;59;35;25;3.80;8;2;1;80;0;7557525;6792;0
147;18;336;20;59;37;99;3.00;6;2;1;81;0;7557799;675;0
147;18;336;20;59;38;4;3.60;8;2;1;76;0;7557804;261;0
147;18;336;20;59;39;99;3.80;6;2;1;83;0;7557999;186;0
147;18;336;20;59;41;51;4.20;6;2;1;77;0;7558151;135;0
147;18;336;20;59;41;55;3.80;2;1;1;78;0;7558155;2100;0
147;18;336;20;59;42;99;5.00;6;2;1;84;0;7558299;128;0
147;18;336;20;59;45;99;3.80;6;2;1;87;0;7558599;278;0
147;18;336;20;59;45;99;3.60;2;1;1;72;0;7558599;426;0
147;18;336;20;59;46;80;4.40;1;1;1;80;0;7558680;1648;0
147;18;336;20;59;48;52;3.00;2;1;1;75;0;7558852;235;0
147;18;336;20;59;48;56;5.40;8;2;1;82;0;7558856;1034;0
147;18;336;20;59;49;99;4.80;6;2;1;76;0;7558999;384;0
147;18;336;20;59;50;99;3.80;5;2;1;81;0;7559099;3857;0
147;18;336;20;59;50;2;3.20;6;2;1;79;0;7559002;-1;0
147;18;336;20;59;51;94;3.80;8;2;1;82;0;7559194;314;0
147;18;336;20;59;55;99;3.20;6;2;1;81;0;7559599;582;0
147;18;336;20;59;56;76;4.00;5;2;1;82;0;7559676;560;0
147;18;336;20;59;58;68;3.20;6;2;1;14;0;7559868;254;0
147;18;336;21;0;0;99;3.80;2;1;1;77;0;7560099;1232;0
147;18;336;21;0;2;11;3.40;2;1;1;80;0;7560211;94;0
147;18;336;21;0;5;26;3.40;2;1;1;85;0;7560526;299;0
147;18;336;21;0;6;55;3.80;3;1;1;86;0;7560655;4442;0
147;18;336;21;0;9;3;3.60;6;2;1;70;0;7560903;952;0
147;18;336;21;0;10;99;3.60;8;2;1;69;0;7561099;1888;0
147;18;336;21;0;11;99;3.80;6;2;1;77;0;7561199;277;0
147;18;336;21;0;11;99;3.60;3;1;1;71;0;7561199;528;0
147;18;336;21;0;12;16;4.00;6;2;1;78;0;7561216;-1;0
147;18;336;21;0;13;99;3.40;6;2;1;82;0;7561399;164;0
147;18;336;21;0;14;84;3.40;1;1;1;74;0;7561484;2784;0
147;18;336;21;0;15;99;3.40;5;2;1;94;0;7561599;1905;0
147;18;336;21;0;17;99;3.80;5;2;1;86;0;7561799;186;0
147;18;336;21;0;17;54;1.00;6;2;1;1;1;7561754;340;0
147;18;336;21;0;20;99;4.00;6;2;1;81;0;7562099;685;0
147;18;336;21;0;21;99;3.60;3;1;1;77;0;7562199;981;0
147;18;336;21;0;21;27;3.60;6;2;1;72;0;7562127;10;0
147;18;336;21;0;23;99;3.40;3;1;1;75;0;7562399;183;0
147;18;336;21;0;23;99;3.00;4;1;1;74;0;7562399;8829;0
147;18;336;21;0;24;38;3.40;6;2;1;76;0;7562438;293;0
147;18;336;21;0;25;99;4.00;1;1;1;69;0;7562599;1098;0
147;18;336;21;0;29;13;3.40;8;2;1;72;0;7562913;1795;0
147;18;336;21;0;32;91;4.00;3;1;1;76;0;7563291;875;0
147;18;336;21;0;33;6;3.60;4;1;1;81;0;7563306;892;0
147;18;336;21;0;33;99;3.40;8;2;1;72;0;7563399;469;0
147;18;336;21;0;33;99;4.00;7;2;1;93;0;7563399;11294;0
147;18;336;21;0;33;99;3.60;6;2;1;77;0;7563399;944;0
147;18;336;21;0;34;13;3.00;2;1;1;73;0;7563413;2872;0
147;18;336;21;0;36;99;5.80;3;1;1;76;0;7563699;389;0
147;18;336;21;0;41;99;12.60;2;1;3;87;0;7564199;771;0
147;18;336;21;0;52;3;3.80;2;1;1;87;0;7565203;951;0
147;18;336;21;0;53;99;3.40;3;1;1;74;0;7565399;1672;0
147;18;336;21;0;55;99;4.80;6;2;1;81;0;7565599;2183;0
147;18;336;21;0;56;99;3.60;3;1;1;74;0;7565699;283;0
147;18;336;21;0;57;24;3.00;2;1;1;76;0;7565724;505;0
147;18;336;21;0;59;99;3.00;6;2;1;75;0;7565999;378;0
147;18;336;21;1;1;11;3.80;7;2;1;74;0;7566111;2696;0
147;18;336;21;1;1;99;3.00;5;2;1;82;0;7566199;4384;0
147;18;336;21;1;2;99;3.40;6;2;1;77;0;7566299;285;0
147;18;336;21;1;3;86;3.40;6;2;1;77;0;7566386;71;0
147;18;336;21;1;4;99;3.60;2;1;1;80;0;7566499;760;0
147;18;336;21;1;4;99;4.20;8;2;1;82;0;7566499;3083;0
147;18;336;21;1;6;99;5.00;8;2;1;85;0;7566699;181;0
147;18;336;21;1;7;14;3.40;4;1;1;80;0;7566714;3392;0
147;18;336;21;1;10;26;3.40;6;2;1;75;0;7567026;624;0
147;18;336;21;1;10;32;3.20;8;2;1;71;0;7567032;311;0
147;18;336;21;1;15;32;3.20;3;1;1;82;0;7567532;1815;0
147;18;336;21;1;18;79;3.80;4;1;1;81;0;7567879;1149;0
147;18;336;21;1;18;77;3.40;3;1;1;70;0;7567877;330;0
147;18;336;21;1;21;99;3.00;3;1;1;71;0;7568199;304;0
147;18;336;21;1;23;12;3.80;6;2;1;77;0;7568312;1269;0
147;18;336;21;1;23;22;3.20;3;1;1;72;0;7568322;107;0
147;18;336;21;1;24;99;3.80;5;2;1;78;0;7568499;2286;0
147;18;336;21;1;25;99;3.20;6;2;1;67;0;7568599;269;0
147;18;336;21;1;25;23;4.00;4;1;1;89;0;7568523;627;0
147;18;336;21;1;26;99;2.80;6;2;1;65;0;7568699;82;0
147;18;336;21;1;27;99;4.00;4;1;1;96;0;7568799;259;0
147;18;336;21;1;28;2;3.60;6;2;1;68;0;7568802;87;0
147;18;336;21;1;29;99;2.80;6;2;1;64;0;7568999;177;0
147;18;336;21;1;30;23;3.60;3;1;1;77;0;7569023;685;0
147;18;336;21;1;30;99;3.60;7;2;1;67;0;7569099;2969;0
147;18;336;21;1;32;19;3.80;3;1;1;80;0;7569219;179;0
147;18;336;21;1;32;99;3.60;5;2;1;87;0;7569299;782;0
147;18;336;21;1;32;99;7.00;6;2;6;67;0;7569299;284;0
147;18;336;21;1;33;99;3.80;5;2;1;83;0;7569399;85;0
147;18;336;21;1;33;99;3.20;6;2;1;71;0;7569399;62;0
147;18;336;21;1;34;22;3.00;6;2;1;75;0;7569422;6;0
147;18;336;21;1;34;99;3.80;8;2;1;88;0;7569499;2450;0
147;18;336;21;1;35;2;4.40;5;2;1;86;0;7569502;86;0
147;18;336;21;1;36;8;3.60;2;1;1;76;0;7569608;3092;0
147;18;336;21;1;39;86;3.00;3;1;1;68;0;7569986;749;0
147;18;336;21;1;40;99;4.00;8;2;1;81;0;7570099;584;0
147;18;336;21;1;40;99;3.60;5;2;1;81;0;7570099;578;0
147;18;336;21;1;44;13;4.00;6;2;1;81;0;7570413;976;0
147;18;336;21;1;44;71;3.80;3;1;1;79;0;7570471;469;0
147;18;336;21;1;46;28;3.40;6;2;1;80;0;7570628;197;0
147;18;336;21;1;47;8;3.20;3;1;1;76;0;7570708;219;0
147;18;336;21;1;47;99;3.40;1;1;1;76;0;7570799;8179;0
147;18;336;21;1;48;16;3.60;2;1;1;80;0;7570816;1190;0
147;18;336;21;1;49;6;3.40;7;2;1;82;0;7570906;1787;0
147;18;336;21;1;50;17;3.60;6;2;1;82;0;7571017;373;0
147;18;336;21;1;51;24;3.80;8;2;1;86;0;7571124;1007;0
147;18;336;21;1;54;5;3.40;6;2;1;75;0;7571405;372;0
147;18;336;21;1;54;22;3.20;7;2;1;82;0;7571422;501;0
147;18;336;21;1;54;99;4.60;7;2;1;83;0;7571499;62;0
147;18;336;21;1;55;99;3.60;3;1;1;78;0;7571599;875;0
147;18;336;21;1;56;1;3.80;6;2;1;79;0;7571601;179;0
147;18;336;21;1;59;23;3.40;3;1;1;77;0;7571923;307;0
147;18;336;21;1;59;42;3.60;7;2;1;80;0;7571942;423;0
147;18;336;21;1;59;76;4.00;8;2;1;85;0;7571976;836;0
147;18;336;21;2;2;8;3.00;6;2;1;85;0;7572208;589;0
147;18;336;21;2;3;35;3.00;4;1;1;91;0;7572335;3521;0
147;18;336;21;2;7;14;3.80;6;2;1;76;0;7572714;493;0
147;18;336;21;2;7;18;3.40;2;1;1;72;0;7572718;1885;0
147;18;336;21;2;7;88;3.40;3;1;1;75;0;7572788;849;0
147;18;336;21;2;8;99;3.40;6;2;1;77;0;7572899;167;0
147;18;336;21;2;10;99;3.80;5;2;1;84;0;7573099;2984;0
147;18;336;21;2;11;99;4.00;6;2;1;85;0;7573199;284;0
147;18;336;21;2;12;72;3.20;3;1;1;78;0;7573272;467;0
147;18;336;21;2;13;99;3.20;4;1;1;79;0;7573399;1052;0
147;18;336;21;2;13;99;3.60;2;1;1;70;0;7573399;664;0
147;18;336;21;2;15;7;3.40;6;2;1;81;0;7573507;291;0
147;18;336;21;2;15;99;4.00;2;1;1;81;0;7573599;181;0
147;18;336;21;2;18;99;4.20;3;1;1;83;0;7573899;612;0
147;18;336;21;2;18;99;3.80;6;2;1;80;0;7573899;376;0
147;18;336;21;2;21;99;3.20;6;2;1;85;0;7574199;282;0
147;18;336;21;2;21;99;3.80;8;2;1;68;0;7574199;2206;0
147;18;336;21;2;22;25;3.60;2;1;1;79;0;7574225;608;0
147;18;336;21;2;28;15;4.00;4;1;1;79;0;7574815;1401;0
147;18;336;21;2;30;99;3.60;2;1;1;81;0;7575099;857;0
147;18;336;21;2;30;99;3.60;6;2;1;79;0;7575099;886;0
147;18;336;21;2;30;99;3.80;4;1;1;89;0;7575099;265;0
147;18;336;21;2;35;85;2.80;6;2;1;67;0;7575585;469;0
147;18;336;21;2;35;99;4.00;3;1;1;73;0;7575599;1681;0
147;18;336;21;2;36;0;4.00;4;1;1;79;0;7575600;485;0
147;18;336;21;2;36;99;3.60;5;2;1;77;0;7575699;2583;0
147;18;336;21;2;38;92;3.60;6;2;1;71;0;7575892;291;0
147;18;336;21;2;40;99;3.00;6;2;1;75;0;7576099;188;0
147;18;336;21;2;41;99;3.40;8;2;1;74;0;7576199;1979;0
147;18;336;21;2;42;54;4.00;8;2;1;72;0;7576254;38;0
147;18;336;21;2;44;99;3.40;6;2;1;78;0;7576499;385;0
147;18;336;21;2;46;99;6.20;3;1;1;81;0;7576699;1080;0
147;18;336;21;2;47;99;3.80;1;1;1;84;0;7576799;5983;0
147;18;336;21;2;49;99;3.60;7;2;1;78;0;7576999;5040;0
147;18;336;21;2;52;6;4.00;8;2;1;73;0;7577206;932;0
147;18;336;21;2;55;68;3.20;2;1;1;78;0;7577568;2453;0
147;18;336;21;2;56;99;3.40;6;2;1;79;0;7577699;1184;0
147;18;336;21;2;58;7;3.60;6;2;1;76;0;7577807;92;0
147;18;336;21;2;58;48;3.60;4;1;1;78;0;7577848;2229;0
147;18;336;21;2;59;99;4.40;6;2;1;74;0;7577999;174;0
147;18;336;21;3;6;91;3.40;8;2;1;71;0;7578691;1465;0
147;18;336;21;3;7;99;3.60;2;1;1;78;0;7578799;1216;0
147;18;336;21;3;8;7;2.80;6;2;1;73;0;7578807;786;0
147;18;336;21;3;8;17;3.40;3;1;1;71;0;7578817;2090;0
147;18;336;21;3;8;85;4.40;2;1;1;73;0;7578885;69;0
147;18;336;21;3;11;99;3.80;6;2;1;71;0;7579199;378;0
147;18;336;21;3;13;12;3.40;3;1;1;69;0;7579312;477;0
147;18;336;21;3;13;59;5.20;2;1;1;86;0;7579359;452;0
147;18;336;21;3;15;99;4.00;3;1;1;78;0;7579599;269;0
147;18;336;21;3;15;22;4.00;2;1;1;101;0;7579522;141;0
147;18;336;21;3;18;3;3.40;5;2;1;96;0;7579803;4087;0
147;18;336;21;3;18;0;3.60;3;1;1;79;0;7579800;182;0
147;18;336;21;3;20;99;3.80;6;2;1;78;0;7580099;880;0
147;18;336;21;3;23;99;3.80;2;1;1;70;0;7580399;862;0
147;18;336;21;3;23;34;3.40;3;1;1;89;0;7580334;517;0
147;18;336;21;3;24;10;3.20;2;1;1;70;0;7580410;-1;0
147;18;336;21;3;24;99;4.00;8;2;1;77;0;7580499;1790;0
147;18;336;21;3;24;99;3.40;2;1;1;70;0;7580499;72;0
147;18;336;21;3;25;99;3.60;4;1;1;81;0;7580599;2734;0
147;18;336;21;3;26;52;3.00;6;2;1;77;0;7580652;535;0
147;18;336;21;3;26;62;3.00;2;1;1;70;0;7580662;145;0
147;18;336;21;3;28;99;4.20;7;2;1;84;0;7580899;3883;0
147;18;336;21;3;29;99;4.00;6;2;1;86;0;7580999;332;0
147;18;336;21;3;31;36;3.20;2;1;1;80;0;7581136;458;0
147;18;336;21;3;32;14;3.80;7;2;1;80;0;7581214;297;0
147;18;336;21;3;32;99;3.20;3;1;1;66;0;7581299;951;0
147;18;336;21;3;33;99;4.60;3;1;1;78;0;7581399;82;0
147;18;336;21;3;33;99;4.00;4;1;1;78;0;7581399;784;0
147;18;336;21;3;33;99;3.40;2;1;1;74;0;7581399;248;0
147;18;336;21;3;35;99;3.60;2;1;1;83;0;7581599;183;0
147;18;336;21;3;36;73;5.00;3;1;1;75;0;7581673;252;0
147;18;336;21;3;37;99;3.60;6;2;1;79;0;7581799;783;0
147;18;336;21;3;38;99;3.60;4;1;1;79;0;7581899;481;0
147;18;336;21;3;38;99;4.00;5;2;1;77;0;7581899;2083;0
147;18;336;21;3;38;10;4.00;2;1;1;84;0;7581810;195;0
147;18;336;21;3;39;63;3.80;5;2;1;78;0;7581963;45;0
147;18;336;21;3;40;21;4.00;5;2;1;78;0;7582021;40;0
147;18;336;21;3;40;99;3.40;6;2;1;78;0;7582099;283;0
147;18;336;21;3;40;99;3.80;3;1;1;84;0;7582099;402;0
147;18;336;21;3;41;24;3.60;1;1;1;80;0;7582124;5308;0
147;18;336;21;3;41;72;5.60;7;2;1;53;0;7582172;940;0
147;18;336;21;3;42;99;3.40;6;2;1;79;0;7582299;184;0
147;18;336;21;3;43;99;3.60;5;2;1;82;0;7582399;359;0
147;18;336;21;3;45;99;3.80;4;1;1;86;0;7582599;683;0
147;18;336;21;3;45;99;3.40;3;1;1;74;0;7582599;483;0
147;18;336;21;3;48;99;3.60;3;1;1;81;0;7582899;283;0
147;18;336;21;3;48;99;3.40;6;2;1;80;0;7582899;584;0
147;18;336;21;3;49;46;3.80;4;1;1;84;0;7582946;331;0
147;18;336;21;3;49;50;4.00;5;2;1;89;0;7582950;535;0
147;18;336;21;3;50;99;3.40;6;2;1;85;0;7583099;184;0
147;18;336;21;3;52;9;3.60;7;2;1;85;0;7583209;998;0
147;18;336;21;3;54;47;3.60;3;1;1;79;0;7583447;532;0
147;18;336;21;3;54;84;3.60;2;1;1;81;0;7583484;1656;0
147;18;336;21;3;55;0;4.00;7;2;1;83;0;7583500;275;0
147;18;336;21;3;55;21;3.00;1;1;1;72;0;7583521;1380;0
147;18;336;21;3;55;94;5.40;7;2;1;66;0;7583594;76;0
147;18;336;21;3;56;99;4.60;6;2;1;75;0;7583699;585;0
147;18;336;21;3;56;29;3.80;3;1;1;85;0;7583629;165;0
147;18;336;21;3;56;31;4.00;7;2;1;80;0;7583631;7;0
147;18;336;21;3;59;18;3.40;6;2;1;79;0;7583918;196;0
147;18;336;21;4;2;43;3.60;3;1;1;80;0;7584243;597;0
147;18;336;21;4;0;35;4.20;7;2;1;18;0;7584035;386;0
147;18;336;21;4;1;99;0.00;7;2;1;19;1;7584199;80;0
147;18;336;21;4;2;99;3.60;6;2;1;80;0;7584299;365;0
147;18;336;21;4;5;99;3.80;4;1;1;80;0;7584599;1636;0
147;18;336;21;4;5;99;3.60;2;1;1;77;0;7584599;1099;0
147;18;336;21;4;6;21;3.60;3;1;1;80;0;7584621;361;0
147;18;336;21;4;6;99;3.80;4;1;1;81;0;7584699;82;0
147;18;336;21;4;7;14;3.20;6;2;1;74;0;7584714;398;0
147;18;336;21;4;8;99;3.80;3;1;1;73;0;7584899;261;0
147;18;336;21;4;9;99;12.40;2;1;2;81;0;7584999;383;0
147;18;336;21;4;10;84;3.60;3;1;1;78;0;7585084;166;0
147;18;336;21;4;10;99;3.80;6;2;1;78;0;7585099;369;0
147;18;336;21;4;11;99;3.80;7;2;1;83;0;7585199;1080;0
147;18;336;21;4;11;99;3.00;3;1;1;75;0;7585199;98;0
147;18;336;21;4;14;25;3.20;6;2;1;80;0;7585425;308;0
147;18;336;21;4;16;16;3.80;7;2;1;89;0;7585616;400;0
147;18;336;21;4;20;99;3.20;2;1;1;75;0;7586099;1044;0
147;18;336;21;4;22;45;4.00;5;2;1;82;0;7586245;3278;0
147;18;336;21;4;23;99;3.40;2;1;1;81;0;7586399;284;0
147;18;336;21;4;25;43;3.60;6;2;1;71;0;7586543;1103;0
147;18;336;21;4;28;96;3.40;6;2;1;72;0;7586896;334;0
147;18;336;21;4;29;3;3.60;5;2;1;82;0;7586903;640;0
147;18;336;21;4;29;99;3.60;3;1;1;83;0;7586999;1785;0
147;18;336;21;4;31;99;3.80;6;2;1;75;0;7587199;286;0
147;18;336;21;4;31;99;3.60;3;1;1;68;0;7587199;184;0
147;18;336;21;4;32;99;4.60;7;2;1;78;0;7587299;1667;0
147;18;336;21;4;33;99;3.80;3;1;1;73;0;7587399;180;0
147;18;336;21;4;34;4;3.00;7;2;1;78;0;7587404;83;0
147;18;336;21;4;35;25;3.60;4;1;1;90;0;7587525;2809;0
147;18;336;21;4;37;21;3.80;6;2;1;87;0;7587721;503;0
147;18;336;21;4;38;20;3.40;3;1;1;76;0;7587820;402;0
147;18;336;21;4;39;99;3.40;8;2;1;80;0;7587999;7481;0
147;18;336;21;4;41;99;3.60;6;2;1;80;0;7588199;462;0
147;18;336;21;4;41;99;3.80;5;2;1;85;0;7588199;1280;0
147;18;336;21;4;44;25;3.80;5;2;1;87;0;7588425;209;0
147;18;336;21;4;45;66;3.20;6;2;1;82;0;7588566;350;0
147;18;336;21;4;46;0;4.40;2;1;1;57;0;7588600;2185;0
147;18;336;21;4;47;16;3.80;6;2;1;89;0;7588716;135;0
147;18;336;21;4;47;7;5.60;2;1;1;73;0;7588707;79;0
147;18;336;21;4;48;30;3.40;6;2;1;77;0;7588830;98;0
147;18;336;21;4;48;93;3.60;5;2;1;87;0;7588893;452;0
147;18;336;21;4;48;99;4.00;3;1;1;104;0;7588899;1062;0
147;18;336;21;4;50;99;3.40;6;2;1;78;0;7589099;253;0
147;18;336;21;4;50;99;3.80;8;2;1;65;0;7589099;1084;0
147;18;336;21;4;50;32;3.20;5;2;1;80;0;7589032;124;0
147;18;336;21;4;53;62;3.60;5;2;1;81;0;7589362;315;0
147;18;336;21;4;53;73;3.20;6;2;1;79;0;7589373;258;0
147;18;336;21;4;54;99;4.00;2;1;1;83;0;7589499;764;0
147;18;336;21;4;57;14;3.20;6;2;1;76;0;7589714;326;0
147;18;336;21;4;58;17;3.20;3;1;1;79;0;7589817;904;0
147;18;336;21;4;58;38;3.40;2;1;1;80;0;7589838;321;0
147;18;336;21;4;58;71;4.60;4;1;1;89;0;7589871;2331;0
147;18;336;21;5;0;99;3.60;2;1;1;78;0;7590099;245;0
147;18;336;21;5;2;99;3.80;2;1;1;73;0;7590299;183;0
147;18;336;21;5;3;27;5.00;4;1;1;76;0;7590327;437;0
147;18;336;21;5;4;99;3.60;7;2;1;79;0;7590499;3081;0
147;18;336;21;5;3;75;24.80;6;2;5;74;0;7590375;645;0
147;18;336;21;5;6;99;3.80;3;1;1;74;0;7590699;867;0
147;18;336;21;5;7;99;3.60;2;1;1;86;0;7590799;481;0
147;18;336;21;5;8;17;3.80;2;1;1;80;0;7590817;2;0
147;18;336;21;5;10;99;3.60;3;1;1;81;0;7591099;381;0
147;18;336;21;5;12;99;3.80;6;2;1;78;0;7591299;803;0
147;18;336;21;5;12;99;6.60;5;2;1;83;0;7591299;1921;0
147;18;336;21;5;13;99;3.40;7;2;1;75;0;7591399;883;0
147;18;336;21;5;13;47;3.60;5;2;1;82;0;7591347;19;0
147;18;336;21;5;14;99;3.80;4;1;1;83;0;7591499;1148;0
147;18;336;21;5;15;10;3.80;3;1;1;74;0;7591510;395;0
147;18;336;21;5;22;99;3.80;3;1;1;74;0;7592299;770;0
147;18;336;21;5;24;23;3.60;4;1;1;79;0;7592423;907;0
147;18;336;21;5;24;75;3.60;3;1;1;78;0;7592475;157;0
147;18;336;21;5;26;19;3.60;3;1;1;77;0;7592619;127;0
147;18;336;21;5;27;99;3.00;3;1;1;77;0;7592799;163;0
147;18;336;21;5;29;19;4.00;1;1;1;85;0;7592919;9383;0
147;18;336;21;5;31;17;3.60;6;2;1;74;0;7593117;1800;0
147;18;336;21;5;32;3;3.40;5;2;1;81;0;7593203;1840;0
147;18;336;21;5;34;40;4.00;6;2;1;76;0;7593440;305;0
147;18;336;21;5;41;99;3.80;2;1;1;81;0;7594199;3364;0
147;18;336;21;5;42;84;3.60;6;2;1;75;0;7594284;825;0
147;18;336;21;5;47;99;4.00;1;1;1;89;0;7594799;1863;0
147;18;336;21;5;48;99;3.60;3;1;1;73;0;7594899;2085;0
147;18;336;21;5;52;99;3.60;4;1;1;94;0;7595299;2859;0
147;18;336;21;5;54;31;3.60;3;1;1;72;0;7595431;514;0
147;18;336;21;5;54;52;3.40;6;2;1;77;0;7595452;1150;0
147;18;336;21;5;55;4;3.00;2;1;1;73;0;7595504;1288;0
147;18;336;21;5;56;99;3.60;6;2;1;81;0;7595699;231;0
147;18;336;21;5;57;0;3.40;5;2;1;87;0;7595700;2481;0
147;18;336;21;5;57;4;3.20;3;1;1;73;0;7595704;255;0
147;18;336;21;5;58;99;4.00;7;2;1;79;0;7595899;4483;0
147;18;336;21;5;59;6;3.80;5;2;1;86;0;7595906;191;0
147;18;336;21;5;59;99;3.40;1;1;1;67;0;7595999;1183;0
147;18;336;21;5;59;22;3.60;5;2;1;86;0;7595922;0;0
147;18;336;21;6;0;19;3.80;7;2;1;81;0;7596019;101;0
147;18;336;21;6;1;6;3.80;2;1;1;74;0;7596106;587;0
147;18;336;21;6;1;99;3.80;3;1;1;82;0;7596199;479;0
147;18;336;21;6;1;99;3.60;4;1;1;91;0;7596199;886;0
147;18;336;21;6;1;99;3.60;6;2;1;79;0;7596199;484;0
147;18;336;21;6;3;99;3.00;3;1;1;83;0;7596399;183;0
147;18;336;21;6;4;23;3.40;6;2;1;77;0;7596423;207;0
147;18;336;21;6;6;99;3.80;5;2;1;81;0;7596699;761;0
147;18;336;21;6;7;35;3.60;8;2;1;73;0;7596735;7614;0
147;18;336;21;6;8;99;3.20;6;2;1;69;0;7596899;460;0
147;18;336;21;6;10;56;3.80;6;2;1;70;0;7597056;140;0
147;18;336;21;6;11;5;3.40;5;2;1;83;0;7597105;389;0
147;18;336;21;6;12;9;3.20;6;2;1;69;0;7597209;133;0
147;18;336;21;6;12;52;3.20;7;2;1;81;0;7597252;1216;0
147;18;336;21;6;14;99;3.60;6;2;1;85;0;7597499;273;0
147;18;336;21;6;18;15;3.20;6;2;1;78;0;7597815;300;0
147;18;336;21;6;19;99;3.20;2;1;1;69;0;7597999;1874;0
147;18;336;21;6;20;96;3.60;2;1;1;69;0;7598096;80;0
147;18;336;21;6;21;99;3.60;1;1;1;77;0;7598199;2181;0
147;18;336;21;6;25;52;4.00;3;1;1;85;0;7598552;2139;0
147;18;336;21;6;28;99;2.80;6;2;1;83;0;7598899;1069;0
147;18;336;21;6;31;99;3.80;4;1;1;87;0;7599199;2985;0
147;18;336;21;6;34;19;3.40;6;2;1;80;0;7599419;507;0
147;18;336;21;6;35;99;3.00;1;1;1;79;0;7599599;1383;0
147;18;336;21;6;36;99;4.00;6;2;1;77;0;7599699;264;0
147;18;336;21;6;36;99;3.20;2;1;1;74;0;7599699;1584;0
147;18;336;21;6;39;1;3.40;2;1;1;80;0;7599901;186;0
147;18;336;21;6;40;33;3.40;6;2;1;79;0;7600033;315;0
147;18;336;21;6;43;46;4.00;6;2;1;84;0;7600346;297;0
147;18;336;21;6;46;92;3.80;2;1;1;74;0;7600692;775;0
147;18;336;21;6;46;99;3.40;6;2;1;79;0;7600699;335;0
147;18;336;21;6;50;8;3.80;8;2;1;77;0;7601008;4255;0
147;18;336;21;6;50;26;3.60;3;1;1;76;0;7601026;2457;0
147;18;336;21;6;51;58;3.60;8;2;1;76;0;7601158;132;0
147;18;336;21;6;54;99;4.00;3;1;1;77;0;7601499;455;0
147;18;336;21;6;56;76;4.00;5;2;1;92;0;7601676;4556;0
147;18;336;21;6;57;99;3.00;2;1;1;69;0;7601799;1088;0
147;18;336;21;6;59;66;12.40;7;2;3;84;0;7601966;4699;0
147;18;336;21;7;1;62;4.40;6;2;1;83;0;7602162;1447;0
147;18;336;21;7;3;25;3.80;5;2;1;90;0;7602325;633;0
147;18;336;21;7;4;99;3.60;7;2;1;75;0;7602499;479;0
147;18;336;21;7;6;57;3.80;3;1;1;88;0;7602657;1139;0
147;18;336;21;7;7;99;3.40;2;1;1;78;0;7602799;984;0
147;18;336;21;7;7;99;3.60;5;2;1;78;0;7602799;458;0
147;18;336;21;7;8;99;3.60;1;1;1;72;0;7602899;3286;0
147;18;336;21;7;9;99;3.40;6;2;1;79;0;7602999;817;0
147;18;336;21;7;10;18;4.00;8;2;1;83;0;7603018;1842;0
147;18;336;21;7;11;1;3.60;1;1;1;72;0;7603101;184;0
147;18;336;21;7;11;30;3.20;3;1;1;87;0;7603130;457;0
147;18;336;21;7;11;58;3.40;2;1;1;77;0;7603158;343;0
147;18;336;21;7;11;79;3.80;7;2;1;84;0;7603179;662;0
147;18;336;21;7;12;0;3.80;4;1;1;82;0;7603200;3985;0
147;18;336;21;7;14;71;3.60;6;2;1;78;0;7603471;456;0
147;18;336;21;7;15;99;3.60;6;2;1;78;0;7603599;111;0
147;18;336;21;7;15;99;3.80;7;2;1;81;0;7603599;403;0
147;18;336;21;7;18;1;3.00;3;1;1;70;0;7603801;657;0
147;18;336;21;7;18;12;3.80;2;1;1;78;0;7603812;638;0
147;18;336;21;7;18;9;4.00;3;1;1;77;0;7603809;-1;0
147;18;336;21;7;19;98;3.20;2;1;1;77;0;7603998;168;0
147;18;336;21;7;20;2;3.00;6;2;1;90;0;7604002;386;0
147;18;336;21;7;21;8;3.40;6;2;1;75;0;7604108;94;0
147;18;336;21;7;26;25;4.20;7;2;1;81;0;7604625;1009;0
147;18;336;21;7;27;9;3.80;5;2;1;84;0;7604709;1893;0
147;18;336;21;7;26;16;9.80;3;1;6;69;0;7604616;788;0
147;18;336;21;7;27;99;2.80;3;1;1;70;0;7604799;131;0
147;18;336;21;7;26;93;16.40;2;1;4;63;0;7604693;680;0
147;18;336;21;7;33;99;3.60;4;1;1;85;0;7605399;2182;0
147;18;336;21;7;35;99;3.40;2;1;1;74;0;7605599;812;0
147;18;336;21;7;37;81;12.60;3;1;3;77;0;7605781;967;0
147;18;336;21;7;38;99;3.20;6;2;1;71;0;7605899;1774;0
147;18;336;21;7;39;22;3.20;6;2;1;73;0;7605922;6;0
147;18;336;21;7;40;4;3.60;3;1;1;77;0;7606004;164;0
147;18;336;21;7;40;10;3.80;5;2;1;81;0;7606010;1284;0
147;18;336;21;7;40;99;3.80;6;2;1;75;0;7606099;161;0
147;18;336;21;7;40;99;3.60;5;2;1;90;0;7606099;72;0
147;18;336;21;7;40;86;15.00;2;1;4;67;0;7606086;470;0
147;18;336;21;7;41;99;4.00;7;2;1;81;0;7606199;1555;0
147;18;336;21;7;42;63;3.20;8;2;1;72;0;7606263;3227;0
147;18;336;21;7;42;99;3.60;3;1;1;78;0;7606299;278;0
147;18;336;21;7;43;99;3.60;6;2;1;81;0;7606399;281;0
147;18;336;21;7;43;99;3.60;2;1;1;69;0;7606399;232;0
147;18;336;21;7;44;99;4.00;8;2;1;70;0;7606499;220;0
147;18;336;21;7;44;37;3.60;4;1;1;79;0;7606437;1022;0
147;18;336;21;7;45;1;3.60;2;1;1;73;0;7606501;83;0
147;18;336;21;7;47;34;3.60;2;1;1;78;0;7606734;215;0
147;18;336;21;7;52;61;3.40;8;2;1;89;0;7607261;741;0
147;18;336;21;7;53;99;3.60;6;2;1;78;0;7607399;984;0
147;18;336;21;7;53;99;3.60;5;2;1;84;0;7607399;1285;0
147;18;336;21;7;54;99;3.40;5;2;1;80;0;7607499;84;0
147;18;336;21;7;56;99;3.80;7;2;1;81;0;7607699;1482;0
147;18;336;21;8;0;54;3.20;6;2;1;76;0;7608054;638;0
147;18;336;21;8;0;76;3.60;2;1;1;81;0;7608076;1325;0
147;18;336;21;8;1;99;3.40;3;1;1;70;0;7608199;1883;0
147;18;336;21;8;1;99;3.60;1;1;1;66;0;7608199;5080;0
147;18;336;21;8;2;27;3.80;2;1;1;78;0;7608227;135;0
147;18;336;21;8;2;32;6.20;6;2;1;78;0;7608232;162;0
147;18;336;21;8;3;99;4.20;3;1;1;77;0;7608399;182;0
147;18;336;21;8;6;2;3.80;7;2;1;81;0;7608602;886;0
147;18;336;21;8;7;25;3.60;5;2;1;88;0;7608725;1210;0
147;18;336;21;8;9;99;3.20;6;2;1;68;0;7608999;738;0
147;18;336;21;8;9;99;4.00;8;2;1;77;0;7608999;1724;0
147;18;336;21;8;10;19;3.40;2;1;1;83;0;7609019;774;0
147;18;336;21;8;10;77;3.20;6;2;1;68;0;7609077;61;0
147;18;336;21;8;13;72;3.20;3;1;1;75;0;7609372;953;0
147;18;336;21;8;13;99;3.40;7;2;1;80;0;7609399;780;0
147;18;336;21;8;13;99;3.60;2;1;1;73;0;7609399;365;0
147;18;336;21;8;17;24;3.60;3;1;1;81;0;7609724;336;0
147;18;336;21;8;17;99;3.60;6;2;1;82;0;7609799;705;0
147;18;336;21;8;19;99;3.80;8;2;1;73;0;7609999;981;0
147;18;336;21;8;21;99;4.20;7;2;1;84;0;7610199;784;0
147;18;336;21;8;23;6;3.40;8;2;1;78;0;7610306;288;0
147;18;336;21;8;23;14;3.20;2;1;1;72;0;7610314;897;0
147;18;336;21;8;27;99;3.40;6;2;1;81;0;7610799;984;0
147;18;336;21;8;27;99;4.00;8;2;1;88;0;7610799;477;0
147;18;336;21;8;28;6;4.20;7;2;1;20;0;7610806;589;0
147;18;336;21;8;33;54;3.80;2;1;1;77;0;7611354;1024;0
147;18;336;21;8;35;17;3.00;2;1;1;74;0;7611517;145;0
147;18;336;21;8;36;27;3.20;8;2;1;80;0;7611627;811;0
147;18;336;21;8;36;99;4.20;6;2;1;87;0;7611699;884;0
147;18;336;21;8;37;99;4.00;2;1;1;83;0;7611799;267;0
147;18;336;21;8;37;99;3.80;3;1;1;80;0;7611799;2059;0
147;18;336;21;8;41;55;3.40;5;2;1;81;0;7612155;3415;0
147;18;336;21;8;41;77;3.60;7;2;1;83;0;7612177;1295;0
147;18;336;21;8;42;99;3.20;6;2;1;80;0;7612299;582;0
147;18;336;21;8;43;19;3.20;3;1;1;87;0;7612319;502;0
147;18;336;21;8;46;16;2.80;3;1;1;77;0;7612616;283;0
147;18;336;21;8;46;13;3.40;6;2;1;74;0;7612613;299;0
147;18;336;21;8;47;2;3.60;6;2;1;82;0;7612702;72;0
147;18;336;21;8;48;50;3.60;7;2;1;75;0;7612850;657;0
147;18;336;21;8;50;22;3.80;3;1;1;81;0;7613022;392;0
147;18;336;21;8;51;85;3.60;6;2;1;74;0;7613185;467;0
147;18;336;21;8;52;4;4.00;3;1;1;80;0;7613204;165;0
147;18;336;21;8;52;99;3.40;2;1;1;75;0;7613299;1482;0
147;18;336;21;8;53;99;3.60;6;2;1;77;0;7613399;196;0
147;18;336;21;8;55;99;3.40;6;2;1;79;0;7613599;183;0
147;18;336;21;8;56;15;3.80;6;2;1;77;0;7613615;0;0
147;18;336;21;8;57;99;3.20;2;1;1;77;0;7613799;483;0
147;18;336;21;8;57;99;3.80;7;2;1;81;0;7613799;931;0
147;18;336;21;8;59;14;3.40;6;2;1;81;0;7613914;281;0
147;18;336;21;8;59;64;4.40;2;1;1;77;0;7613964;150;0
147;18;336;21;9;4;99;3.60;5;2;1;79;0;7614499;2328;0
147;18;336;21;9;5;99;3.40;3;1;1;87;0;7614599;1377;0
147;18;336;21;9;6;22;3.00;6;2;1;76;0;7614622;692;0
147;18;336;21;9;9;0;3.40;6;2;1;79;0;7614900;263;0
147;18;336;21;9;9;48;3.40;7;2;1;86;0;7614948;1132;0
147;18;336;21;9;15;99;8.80;6;2;6;67;0;7615599;683;0
147;18;336;21;9;15;99;4.00;3;1;1;87;0;7615599;985;0
147;18;336;21;9;16;99;6.00;7;2;1;78;0;7615699;736;0
147;18;336;21;9;16;22;3.80;1;1;1;83;0;7615622;7403;0
147;18;336;21;9;17;99;3.80;5;2;1;86;0;7615799;1283;0
147;18;336;21;9;20;22;3.80;6;2;1;83;0;7616022;375;0
147;18;336;21;9;21;15;3.40;3;1;1;81;0;7616115;499;0
147;18;336;21;9;21;15;3.60;4;1;1;83;0;7616115;9661;0
147;18;336;21;9;21;16;3.20;2;1;1;77;0;7616116;2131;0
147;18;336;21;9;23;4;3.00;6;2;1;74;0;7616304;265;0
147;18;336;21;9;24;49;3.40;2;1;1;78;0;7616449;318;0
147;18;336;21;9;25;99;4.00;1;1;1;90;0;7616599;960;0
147;18;336;21;9;26;99;3.20;3;1;1;82;0;7616699;568;0
147;18;336;21;9;28;8;3.60;4;1;1;81;0;7616808;677;0
147;18;336;21;9;29;2;3.40;2;1;1;83;0;7616902;437;0
147;18;336;21;9;29;34;3.60;6;2;1;95;0;7616934;615;0
147;18;336;21;9;30;99;3.60;1;1;1;81;0;7617099;484;0
147;18;336;21;9;33;99;3.00;6;2;1;76;0;7617399;451;0
147;18;336;21;9;34;25;3.00;5;2;1;79;0;7617425;1610;0
147;18;336;21;9;34;30;3.80;4;1;1;90;0;7617430;606;0
147;18;336;21;9;34;99;3.80;7;2;1;77;0;7617499;1772;0
147;18;336;21;9;34;99;3.40;3;1;1;75;0;7617499;785;0
147;18;336;21;9;35;20;3.60;6;2;1;77;0;7617520;106;0
147;18;336;21;9;36;99;3.80;6;2;1;75;0;7617699;162;0
147;18;336;21;9;37;53;3.80;4;1;1;85;0;7617753;307;0
147;18;336;21;9;38;99;3.20;6;2;1;77;0;7617899;181;0
147;18;336;21;9;40;96;4.00;6;2;1;76;0;7618096;182;7617399
147;18;336;21;9;41;6;3.80;8;2;1;75;0;7618106;6464;0
147;18;336;21;9;41;99;5.40;3;1;1;69;0;7618199;683;0
147;18;336;21;9;43;99;3.80;7;2;1;82;0;7618399;882;0
147;18;336;21;9;45;73;3.80;4;1;1;82;0;7618573;803;0
147;18;336;21;9;47;65;3.40;6;2;1;75;0;7618765;650;0
147;18;336;21;9;48;99;3.80;5;2;1;79;0;7618899;1460;0
147;18;336;21;9;49;99;3.80;3;1;1;68;0;7618999;771;0
147;18;336;21;9;49;10;3.80;5;2;1;80;0;7618910;-1;0
147;18;336;21;9;51;99;3.60;2;1;1;81;0;7619199;2282;0
147;18;336;21;9;53;99;3.80;7;2;1;84;0;7619399;983;0
147;18;336;21;9;54;99;3.00;2;1;1;75;0;7619499;284;0
147;18;336;21;9;58;93;4.60;2;1;1;74;0;7619893;379;0
147;18;336;21;9;58;99;3.20;6;2;1;80;0;7619899;1117;0
147;18;336;21;10;0;71;3.40;2;1;1;80;0;7620071;155;0
147;18;336;21;10;1;99;3.60;3;1;1;77;0;7620199;1179;0
147;18;336;21;10;5;21;3.80;6;2;1;78;0;7620521;607;0
147;18;336;21;10;5;70;3.60;5;2;1;80;0;7620570;1642;0
147;18;336;21;10;7;24;3.00;3;1;1;77;0;7620724;508;0
147;18;336;21;10;7;99;3.80;1;1;1;80;0;7620799;3684;0
147;18;336;21;10;9;99;3.40;6;2;1;75;0;7620999;460;0
147;18;336;21;10;10;13;3.60;5;2;1;79;0;7621013;426;0
147;18;336;21;10;13;15;3.20;5;2;1;84;0;7621315;285;0
147;18;336;21;10;14;99;5.40;3;1;1;81;0;7621499;760;0
147;18;336;21;10;15;42;3.60;4;1;1;83;0;7621542;2952;0
147;18;336;21;10;17;9;5.40;3;1;1;78;0;7621709;186;0
147;18;336;21;10;18;9;3.20;6;2;1;91;0;7621809;793;0
147;18;336;21;10;18;8;4.00;2;1;1;80;0;7621808;1721;0
147;18;336;21;10;18;92;3.40;2;1;1;84;0;7621892;66;0
147;18;336;21;10;19;25;3.60;3;1;1;77;0;7621925;191;0
147;18;336;21;10;20;6;3.80;8;2;1;73;0;7622006;3881;0
147;18;336;21;10;21;27;3.20;3;1;1;78;0;7622127;185;0
147;18;336;21;10;21;99;3.60;2;1;1;78;0;7622199;292;0
147;18;336;21;10;22;99;3.60;1;1;1;69;0;7622299;1482;0
147;18;336;21;10;22;99;3.40;6;2;1;78;0;7622299;477;0
147;18;336;21;10;24;99;3.80;6;2;1;75;0;7622499;184;0
147;18;336;21;10;26;59;4.00;6;2;1;77;0;7622659;141;0
147;18;336;21;10;28;99;3.60;6;2;1;73;0;7622899;221;0
147;18;336;21;10;29;99;3.80;3;1;1;80;0;7622999;857;0
147;18;336;21;10;30;99;3.40;2;1;1;80;0;7623099;883;0
147;18;336;21;10;31;2;3.40;6;2;1;79;0;7623102;185;0
147;18;336;21;10;32;99;4.00;6;2;1;78;0;7623299;181;0
147;18;336;21;10;33;77;25.40;7;2;5;75;0;7623377;3961;0
147;18;336;21;10;35;99;4.80;2;1;1;78;0;7623599;484;0
147;18;336;21;10;35;0;3.80;3;1;1;83;0;7623500;483;0
147;18;336;21;10;37;99;3.80;2;1;1;78;0;7623799;177;0
147;18;336;21;10;38;25;3.60;6;2;1;83;0;7623825;507;0
147;18;336;21;10;38;46;3.60;3;1;1;75;0;7623846;329;0
147;18;336;21;10;39;94;3.80;6;2;1;83;0;7623994;153;0
147;18;336;21;10;40;0;3.40;8;2;1;66;0;7624000;1975;0
147;18;336;21;10;40;99;3.80;2;1;1;78;0;7624099;282;0
147;18;336;21;10;43;99;3.00;7;2;1;72;0;7624399;900;0
147;18;336;21;10;43;0;3.40;6;2;1;77;0;7624300;289;0
147;18;336;21;10;44;18;3.20;3;1;1;80;0;7624418;554;0
147;18;336;21;10;44;99;3.20;4;1;1;80;0;7624499;2941;0
147;18;336;21;10;45;19;3.60;2;1;1;86;0;7624519;402;0
147;18;336;21;10;47;99;3.60;2;1;1;86;0;7624799;264;0
147;18;336;21;10;48;99;3.40;3;1;1;77;0;7624899;466;0
147;18;336;21;10;52;99;3.80;2;1;1;72;0;7625299;484;0
147;18;336;21;10;53;26;3.80;7;2;1;86;0;7625326;912;0
147;18;336;21;10;53;99;5.60;3;1;1;78;0;7625399;484;0
147;18;336;21;10;54;13;3.80;4;1;1;80;0;7625413;899;0
147;18;336;21;10;54;97;3.60;2;1;1;73;0;7625497;179;0
147;18;336;21;10;55;99;3.60;6;2;1;82;0;7625599;1283;0
147;18;336;21;10;57;99;3.40;2;1;1;75;0;7625799;284;0
147;18;336;21;10;58;99;3.60;1;1;1;93;0;7625899;3581;0
147;18;336;21;11;1;39;3.40;3;1;1;78;0;7626139;714;0
147;18;336;21;11;3;99;3.60;4;1;1;81;0;7626399;968;0
147;18;336;21;11;3;99;3.60;6;2;1;75;0;7626399;784;0
147;18;336;21;11;4;88;3.60;6;2;1;76;0;7626488;71;0
147;18;336;21;11;5;99;3.40;2;1;1;79;0;7626599;783;0
147;18;336;21;11;5;99;4.40;6;2;1;75;0;7626599;93;0
147;18;336;21;11;6;0;3.60;6;2;1;75;0;7626600;-1;0
147;18;336;21;11;7;89;3.40;7;2;1;81;0;7626789;1447;0
147;18;336;21;11;10;11;3.80;3;1;1;83;0;7627011;856;0
147;18;336;21;11;10;99;3.20;2;1;1;72;0;7627099;484;0
147;18;336;21;11;11;0;3.00;6;2;1;83;0;7627100;482;0
147;18;336;21;11;12;64;3.40;7;2;1;78;0;7627264;459;0
147;18;336;21;11;12;67;3.20;2;1;1;72;0;7627267;152;0
147;18;336;21;11;13;99;2.80;2;1;1;71;0;7627399;116;0
147;18;336;21;11;14;15;3.40;2;1;1;68;0;7627415;1;0
147;18;336;21;11;15;99;3.40;2;1;1;68;0;7627599;166;7627099
147;18;336;21;11;17;74;3.80;3;1;1;76;0;7627774;746;0
147;18;336;21;11;18;99;3.60;4;1;1;96;0;7627899;1484;0
147;18;336;21;11;18;99;3.40;3;1;1;73;0;7627899;107;0
147;18;336;21;11;19;99;4.20;6;2;1;93;0;7627999;885;0
147;18;336;21;11;19;40;3.80;1;1;1;77;0;7627940;2027;0
147;18;336;21;11;20;11;3.80;6;2;1;89;0;7628011;-1;0
147;18;336;21;11;21;99;3.80;3;1;1;77;0;7628199;283;0
147;18;336;21;11;22;81;3.80;6;2;1;80;0;7628281;254;0
147;18;336;21;11;24;5;3.80;2;1;1;75;0;7628405;788;0
147;18;336;21;11;24;16;3.40;6;2;1;79;0;7628416;117;0
147;18;336;21;11;24;99;3.00;7;2;1;81;0;7628499;1219;0
147;18;336;21;11;26;99;3.60;6;2;1;80;0;7628699;267;0
147;18;336;21;11;27;63;3.40;1;1;1;74;0;7628763;805;0
147;18;336;21;11;27;78;3.80;7;2;1;83;0;7628778;265;0
147;18;336;21;11;31;23;5.60;7;2;1;83;0;7629123;328;0
147;18;336;21;11;35;2;3.80;3;1;1;75;0;7629502;1285;0
147;18;336;21;11;36;99;3.60;2;1;1;67;0;7629699;1275;0
147;18;336;21;11;36;99;3.60;5;2;1;89;0;7629699;8370;0
147;18;336;21;11;36;99;3.40;6;2;1;79;0;7629699;983;0
147;18;336;21;11;38;14;3.60;7;2;1;87;0;7629814;666;0
147;18;336;21;11;40;94;3.60;3;1;1;84;0;7630094;573;0
147;18;336;21;11;47;20;6.60;6;2;1;75;0;7630720;1005;0
147;18;336;21;11;48;99;3.60;2;1;1;78;0;7630899;1180;0
147;18;336;21;11;50;25;3.20;3;1;1;76;0;7631025;915;0
147;18;336;21;11;53;87;3.80;3;1;1;76;0;7631387;346;0
147;18;336;21;11;56;99;3.20;6;2;1;78;0;7631699;947;0
147;18;336;21;11;58;62;3.40;7;2;1;86;0;7631862;2033;0
147;18;336;21;12;0;33;3.60;3;1;1;72;0;7632033;628;0
147;18;336;21;12;2;15;3.80;3;1;1;76;0;7632215;164;0
147;18;336;21;12;3;82;3.80;3;1;1;80;0;7632382;149;0
147;18;336;21;12;5;17;4.40;8;2;1;82;0;7632517;8498;0
147;18;336;21;12;6;21;3.60;3;1;1;80;0;7632621;221;0
147;18;336;21;12;9;99;4.00;6;2;1;77;0;7632999;1285;0
147;18;336;21;12;9;99;4.00;5;2;1;85;0;7632999;3285;0
147;18;336;21;12;10;99;3.00;3;1;1;74;0;7633099;461;0
147;18;336;21;12;11;65;4.00;3;1;1;72;0;7633165;51;0
147;18;336;21;12;13;19;4.00;6;2;1;83;0;7633319;301;0
147;18;336;21;12;14;16;5.00;2;1;1;76;0;7633416;2500;0
147;18;336;21;12;15;99;3.20;6;2;1;79;0;7633599;262;0
147;18;336;21;12;16;86;3.40;3;1;1;79;0;7633686;501;0
147;18;336;21;12;17;99;3.40;6;2;1;76;0;7633799;185;0
147;18;336;21;12;17;99;4.00;3;1;1;79;0;7633799;97;0
147;18;336;21;12;22;99;3.40;2;1;1;74;0;7634299;859;0
147;18;336;21;12;23;21;3.20;2;1;1;74;0;7634321;5;0
147;18;336;21;12;24;99;4.40;3;1;1;77;0;7634499;681;0
147;18;336;21;12;24;99;4.00;2;1;1;78;0;7634499;162;0
147;18;336;21;12;25;99;3.80;5;2;1;82;0;7634599;1583;0
147;18;336;21;12;25;99;3.40;6;2;1;76;0;7634599;783;0
147;18;336;21;12;26;24;3.60;2;1;1;72;0;7634624;106;0
147;18;336;21;12;26;61;3.00;3;1;1;81;0;7634661;141;0
147;18;336;21;12;26;65;3.20;6;2;1;75;0;7634665;49;0
147;18;336;21;12;28;18;3.20;3;1;1;80;0;7634818;143;0
147;18;336;21;12;30;99;3.20;3;1;1;79;0;7635099;266;0
147;18;336;21;12;35;99;3.40;3;1;1;77;0;7635599;485;0
147;18;336;21;12;39;51;4.00;6;2;1;86;0;7635951;1270;0
147;18;336;21;12;39;82;3.80;5;2;1;92;0;7635982;1366;0
147;18;336;21;12;43;99;3.80;5;2;1;86;0;7636399;402;0
147;18;336;21;12;43;99;3.40;6;2;1;75;0;7636399;431;0
147;18;336;21;12;43;99;3.60;1;1;1;78;0;7636399;7619;0
147;18;336;21;12;46;99;3.00;5;2;1;81;0;7636699;284;0
147;18;336;21;12;46;99;3.60;3;1;1;66;0;7636699;1084;0
147;18;336;21;12;46;45;3.60;7;2;1;76;0;7636645;4768;0
147;18;336;21;12;47;99;3.60;3;1;1;74;0;7636799;80;0
147;18;336;21;12;47;99;3.20;1;1;1;84;0;7636799;383;0
147;18;336;21;12;48;10;3.00;6;2;1;74;0;7636810;394;0
147;18;336;21;12;48;99;3.40;5;2;1;79;0;7636899;186;0
147;18;336;21;12;48;99;3.40;2;1;1;83;0;7636899;2257;0
147;18;336;21;12;49;60;3.40;6;2;1;72;0;7636960;135;0
147;18;336;21;12;51;12;3.40;3;1;1;76;0;7637112;295;0
147;18;336;21;12;53;99;3.60;6;2;1;76;0;7637399;422;0
147;18;336;21;12;55;99;3.80;6;2;1;86;0;7637599;182;0
147;18;336;21;12;56;99;3.20;8;2;1;85;0;7637699;5162;0
147;18;336;21;12;58;2;3.80;2;1;1;80;0;7637802;888;0
147;18;336;21;12;58;99;3.60;3;1;1;71;0;7637899;770;0
147;18;336;21;12;58;99;3.80;6;2;1;85;0;7637899;284;0
147;18;336;21;12;59;20;2.80;2;1;1;75;0;7637920;100;0
147;18;336;21;13;0;99;3.40;2;1;1;76;0;7638099;165;0
147;18;336;21;13;0;99;3.40;4;1;1;78;0;7638099;10186;0
147;18;336;21;13;1;99;3.40;2;1;1;75;0;7638199;83;0
147;18;336;21;13;3;99;3.80;3;1;1;79;0;7638399;481;0
147;18;336;21;13;5;99;3.60;4;1;1;81;0;7638599;484;0
147;18;336;21;13;6;14;3.80;3;1;1;87;0;7638614;197;0
147;18;336;21;13;6;99;3.60;6;2;1;78;0;7638699;783;0
147;18;336;21;13;7;95;3.40;7;2;1;79;0;7638795;2132;0
147;18;336;21;13;8;99;3.20;6;2;1;93;0;7638899;183;0
147;18;336;21;13;9;37;3.20;6;2;1;82;0;7638937;25;0
147;18;336;21;13;9;42;3.60;3;1;1;80;0;7638942;312;0
147;18;336;21;13;11;99;3.80;3;1;1;79;0;7639199;240;0
147;18;336;21;13;13;99;4.00;3;1;1;82;0;7639399;182;0
147;18;336;21;13;16;6;4.00;3;1;1;79;0;7639606;189;0
147;18;336;21;13;18;17;3.40;7;2;1;81;0;7639817;1006;0
147;18;336;21;13;18;99;2.80;3;1;1;77;0;7639899;274;0
147;18;336;21;13;20;69;3.60;3;1;1;77;0;7640069;156;0
147;18;336;21;13;28;85;7.40;8;2;6;76;0;7640885;3172;0
147;18;336;21;13;28;99;3.80;1;1;1;80;0;7640899;4086;0
147;18;336;21;13;30;87;3.60;2;1;1;76;0;7641087;2871;0
147;18;336;21;13;32;75;16.00;2;1;4;79;0;7641275;170;0
147;18;336;21;13;42;16;3.80;8;2;1;79;0;7642216;1295;0
147;18;336;21;13;43;99;3.80;5;2;1;80;0;7642399;5484;0
147;18;336;21;13;44;99;3.40;6;2;1;85;0;7642499;3547;0
147;18;336;21;13;44;99;3.20;2;1;1;74;0;7642499;1151;0
147;18;336;21;13;44;99;3.40;7;2;1;84;0;7642499;2666;0
147;18;336;21;13;46;99;3.60;2;1;1;77;0;7642699;184;0
147;18;336;21;13;48;99;3.40;3;1;1;76;0;7642899;2813;0
147;18;336;21;13;51;88;3.80;6;2;1;78;0;7643188;674;0
147;18;336;21;13;55;99;3.40;6;2;1;80;0;7643599;393;0
147;18;336;21;13;55;29;3.20;2;1;1;71;0;7643529;813;0
147;18;336;21;13;59;99;4.00;6;2;1;87;0;7643999;384;0
147;18;336;21;14;2;99;3.60;3;1;1;79;0;7644299;1383;0
147;18;336;21;14;3;60;3.40;6;2;1;76;0;7644360;344;0
147;18;336;21;14;5;99;3.20;6;2;1;82;0;7644599;222;0
147;18;336;21;14;9;0;3.80;5;2;1;87;0;7644900;2483;0
147;18;336;21;14;9;99;3.80;6;2;1;87;0;7644999;385;0
147;18;336;21;14;9;99;3.40;3;1;1;90;0;7644999;683;0
147;18;336;21;14;12;5;3.40;6;2;1;76;0;7645205;190;0
147;18;336;21;14;13;10;3.60;5;2;1;83;0;7645310;394;0
147;18;336;21;14;14;99;3.60;2;1;1;82;0;7645499;1953;0
147;18;336;21;14;15;99;3.40;6;2;1;81;0;7645599;377;0
147;18;336;21;14;16;50;3.60;3;1;1;77;0;7645650;637;0
147;18;336;21;14;17;26;3.20;6;2;1;81;0;7645726;111;0
147;18;336;21;14;18;99;3.60;7;2;1;83;0;7645899;3385;0
147;18;336;21;14;19;99;3.40;2;1;1;75;0;7645999;484;0
147;18;336;21;14;20;99;3.80;2;1;1;76;0;7646099;83;0
147;18;336;21;14;21;13;3.60;6;2;1;88;0;7646113;372;0
147;18;336;21;14;21;32;4.20;7;2;1;90;0;7646132;217;0
147;18;336;21;14;22;5;2.80;2;1;1;72;0;7646205;88;0
147;18;336;21;14;22;99;4.40;3;1;1;76;0;7646299;632;0
147;18;336;21;14;23;99;3.60;2;1;1;66;0;7646399;180;0
147;18;336;21;14;24;5;3.40;3;1;1;80;0;7646405;85;0
147;18;336;21;14;24;60;3.40;2;1;1;67;0;7646460;41;7645999
147;18;336;21;14;26;13;3.60;6;2;1;84;0;7646613;485;0
147;18;336;21;14;26;12;3.60;2;1;1;79;0;7646612;133;7645999
147;18;336;21;14;27;29;3.60;3;1;1;86;0;7646729;308;0
147;18;336;21;14;30;99;3.80;6;2;1;77;0;7647099;470;0
147;18;336;21;14;31;40;3.80;4;1;1;91;0;7647140;8525;0
147;18;336;21;14;36;29;3.20;2;1;1;76;0;7647629;1000;0
147;18;336;21;14;37;99;3.20;3;1;1;80;0;7647799;1054;0
147;18;336;21;14;38;99;4.00;6;2;1;72;0;7647899;782;0
147;18;336;21;14;38;99;3.20;8;2;1;82;0;7647899;5665;0
147;18;336;21;14;38;99;3.20;4;1;1;88;0;7647899;743;0
147;18;336;21;14;38;99;4.00;5;2;1;88;0;7647899;2573;0
147;18;336;21;14;39;9;4.00;3;1;1;82;0;7647909;95;0
147;18;336;21;14;39;62;3.60;6;2;1;80;0;7647962;43;0
147;18;336;21;14;43;10;3.60;6;2;1;77;0;7648310;331;0
147;18;336;21;14;44;11;3.00;6;2;1;77;0;7648411;84;0
147;18;336;21;14;45;99;3.80;5;2;1;84;0;7648599;683;0
147;18;336;21;14;46;2;3.60;6;2;1;77;0;7648602;176;0
147;18;336;21;14;46;99;3.80;3;1;1;80;0;7648699;772;0
147;18;336;21;14;46;99;3.60;5;2;1;84;0;7648699;83;0
147;18;336;21;14;47;50;3.80;6;2;1;79;0;7648750;131;0
147;18;336;21;14;48;18;3.60;5;2;1;83;0;7648818;103;0
147;18;336;21;14;48;99;7.00;3;1;2;80;0;7648899;182;0
147;18;336;21;14;50;4;3.80;1;1;1;85;0;7649004;8087;0
147;18;336;21;14;54;99;3.60;3;1;1;81;0;7649499;568;0
147;18;336;21;14;56;15;3.40;7;2;1;87;0;7649615;3466;0
147;18;336;21;14;57;2;3.40;6;2;1;82;0;7649702;934;0
147;18;336;21;14;57;43;3.40;2;1;1;76;0;7649743;2098;0
147;18;336;21;14;57;56;3.60;3;1;1;78;0;7649756;241;0
147;18;336;21;14;57;62;3.80;1;1;1;81;0;7649762;741;0
147;18;336;21;14;58;99;3.60;6;2;1;76;0;7649899;182;0
147;18;336;21;14;59;99;3.80;3;1;1;80;0;7649999;226;0
147;18;336;21;15;0;1;3.60;5;2;1;81;0;7650001;1167;0
147;18;336;21;15;0;99;3.40;6;2;1;74;0;7650099;182;0
147;18;336;21;15;1;12;3.40;2;1;1;73;0;7650112;352;0
147;18;336;21;15;2;15;3.20;6;2;1;73;0;7650215;99;0
147;18;336;21;15;3;15;3.40;5;2;1;77;0;7650315;298;0
147;18;336;21;15;4;99;3.80;7;2;1;82;0;7650499;869;0
147;18;336;21;15;7;27;3.60;7;2;1;78;0;7650727;211;0
147;18;336;21;15;7;66;3.60;6;2;1;80;0;7650766;535;0
147;18;336;21;15;8;99;4.00;2;1;1;92;0;7650899;770;0
147;18;336;21;15;8;99;3.00;7;2;1;80;0;7650899;155;0
147;18;336;21;15;11;5;3.20;6;2;1;81;0;7651105;322;0
147;18;336;21;15;11;99;3.40;4;1;1;78;0;7651199;3286;0
147;18;336;21;15;11;99;3.60;2;1;1;79;0;7651199;284;0
147;18;336;21;15;14;7;3.20;2;1;1;75;0;7651407;191;0
147;18;336;21;15;14;99;3.60;6;2;1;78;0;7651499;379;0
147;18;336;21;15;17;4;3.60;7;2;1;79;0;7651704;791;0
147;18;336;21;15;19;14;4.80;4;1;1;81;0;7651914;699;0
147;18;336;21;15;19;99;3.40;3;1;1;78;0;7651999;1982;0
147;18;336;21;15;20;79;3.80;4;1;1;82;0;7652079;143;0
147;18;336;21;15;30;1;3.40;3;1;1;70;0;7653001;986;0
147;18;336;21;15;31;99;3.20;6;2;1;87;0;7653199;1683;0
147;18;336;21;15;32;17;3.00;3;1;1;70;0;7653217;198;0
147;18;336;21;15;35;0;3.00;6;2;1;83;0;7653500;287;0
147;18;336;21;15;36;99;3.20;3;1;1;70;0;7653699;466;0
147;18;336;21;15;36;99;3.20;6;2;1;75;0;7653699;185;0
147;18;336;21;15;37;99;2.80;2;1;1;65;0;7653799;2376;0
147;18;336;21;15;37;99;3.60;6;2;1;77;0;7653799;84;0
147;18;336;21;15;38;11;4.00;2;1;1;66;0;7653811;-1;0
147;18;336;21;15;38;68;3.60;3;1;1;73;0;7653868;152;0
147;18;336;21;15;38;99;3.20;2;1;1;66;0;7653899;66;0
147;18;336;21;15;40;16;3.00;4;1;1;80;0;7654016;1920;0
147;18;336;21;15;40;99;3.80;6;2;1;91;0;7654099;283;0
147;18;336;21;15;40;1;3.80;2;1;1;77;0;7654001;84;0
147;18;336;21;15;41;99;3.60;3;1;1;71;0;7654199;313;0
147;18;336;21;15;42;9;3.40;6;2;1;85;0;7654209;94;0
147;18;336;21;15;43;6;3.40;3;1;1;71;0;7654306;88;0
147;18;336;21;15;43;85;3.80;7;2;1;79;0;7654385;2664;0
147;18;336;21;15;45;99;4.00;6;2;1;88;0;7654599;375;0
147;18;336;21;15;45;33;3.80;4;1;1;88;0;7654533;503;0
147;18;336;21;15;46;99;3.60;3;1;1;85;0;7654699;375;0
147;18;336;21;15;47;99;3.40;2;1;1;78;0;7654799;780;0
147;18;336;21;15;53;6;3.00;2;1;1;81;0;7655306;491;0
147;18;336;21;15;53;49;3.20;5;2;1;88;0;7655349;5018;0
147;18;336;21;15;54;14;3.40;4;1;1;82;0;7655414;865;0
147;18;336;21;15;54;99;3.60;3;1;1;81;0;7655499;784;0
147;18;336;21;15;54;99;3.20;6;2;1;66;0;7655499;883;0
147;18;336;21;15;55;10;3.80;5;2;1;82;0;7655510;147;0
147;18;336;21;15;56;96;3.40;6;2;1;66;0;7655696;179;0
147;18;336;21;16;0;99;3.80;6;2;1;79;0;7656099;384;0
147;18;336;21;16;2;99;3.20;5;2;1;83;0;7656299;772;0
147;18;336;21;16;5;99;3.20;5;2;1;83;0;7656599;286;0
147;18;336;21;16;6;77;2.40;3;1;1;73;0;7656677;1162;0
147;18;336;21;16;7;10;3.80;6;2;1;77;0;7656710;593;0
147;18;336;21;16;8;14;3.60;5;2;1;82;0;7656814;201;0
147;18;336;21;16;9;16;3.20;6;2;1;78;0;7656916;188;0
147;18;336;21;16;10;99;3.40;6;2;1;77;0;7657099;168;0
147;18;336;21;16;10;99;3.80;3;1;1;81;0;7657099;410;0
147;18;336;21;16;12;12;3.40;6;2;1;73;0;7657212;97;0
147;18;336;21;16;12;99;3.60;7;2;1;71;0;7657299;2896;0
147;18;336;21;16;12;99;3.20;3;1;1;79;0;7657299;183;0
147;18;336;21;16;13;99;3.80;4;1;1;80;0;7657399;1970;0
147;18;336;21;16;13;99;3.40;6;2;1;71;0;7657399;170;7656710
147;18;336;21;16;14;50;4.00;6;2;1;77;0;7657450;33;7656710
147;18;336;21;16;14;52;16.20;5;2;5;81;0;7657452;622;0
147;18;336;21;16;15;99;3.80;3;1;1;71;0;7657599;285;0
147;18;336;21;16;15;99;3.40;7;2;1;73;0;7657599;281;0
147;18;336;21;16;16;62;3.00;7;2;1;76;0;7657662;46;0
147;18;336;21;16;17;9;3.60;3;1;1;72;0;7657709;90;0
147;18;336;21;16;17;96;3.00;1;1;1;69;0;7657796;8017;0
147;18;336;21;16;20;33;3.40;6;2;1;90;0;7658033;564;0
147;18;336;21;16;21;99;3.20;2;1;1;82;0;7658199;2879;0
147;18;336;21;16;22;99;3.60;3;1;1;67;0;7658299;572;0
147;18;336;21;16;23;99;4.00;8;2;1;70;0;7658399;10485;0
147;18;336;21;16;30;8;3.60;7;2;1;80;0;7659008;1331;0
147;18;336;21;16;33;99;3.80;5;2;1;80;0;7659399;1875;0
147;18;336;21;16;33;99;3.60;6;2;1;68;0;7659399;1352;0
147;18;336;21;16;35;99;3.40;6;2;1;84;0;7659599;180;0
147;18;336;21;16;37;4;3.60;3;1;1;77;0;7659704;1385;0
147;18;336;21;16;41;99;3.40;7;2;1;82;0;7660199;1174;0
147;18;336;21;16;44;99;4.00;6;2;1;76;0;7660499;885;0
147;18;336;21;16;45;9;3.00;2;1;1;77;0;7660509;2295;0
147;18;336;21;16;48;99;3.40;2;1;1;78;0;7660899;375;0
147;18;336;21;16;52;13;3.60;5;2;1;77;0;7661213;1796;0
147;18;336;21;16;52;31;3.20;6;2;1;72;0;7661231;713;0
147;18;336;21;16;54;99;4.00;7;2;1;94;0;7661499;1285;0
147;18;336;21;16;54;99;3.80;8;2;1;86;0;7661499;3079;0
147;18;336;21;16;56;99;3.80;5;2;1;82;0;7661699;469;0
147;18;336;21;16;56;99;3.20;7;2;1;81;0;7661699;184;0
147;18;336;21;16;56;99;3.80;6;2;1;72;0;7661699;452;0
147;18;336;21;16;58;99;3.80;6;2;1;74;0;7661899;181;0
147;18;336;21;17;0;16;3.60;6;2;1;73;0;7662016;98;0
147;18;336;21;17;2;5;3.00;6;2;1;77;0;7662205;171;0
147;18;336;21;17;2;50;3.80;3;1;1;70;0;7662250;2529;0
147;18;336;21;17;3;99;4.00;6;2;1;73;0;7662399;179;7661699
147;18;336;21;17;4;99;3.20;7;2;1;76;0;7662499;785;0
147;18;336;21;17;6;17;3.00;3;1;1;73;0;7662617;347;0
147;18;336;21;17;7;10;3.60;6;2;1;84;0;7662710;291;0
147;18;336;21;17;10;63;3.40;2;1;1;78;0;7663063;2148;0
147;18;336;21;17;14;4;3.80;6;2;1;81;0;7663404;678;0
147;18;336;21;17;16;29;3.40;7;2;1;86;0;7663629;1114;0
147;18;336;21;17;17;21;4.00;2;1;1;79;0;7663721;642;0
147;18;336;21;17;17;99;3.00;3;1;1;77;0;7663799;1167;0
147;18;336;21;17;17;99;2.80;6;2;1;78;0;7663799;378;0
147;18;336;21;17;18;26;3.60;5;2;1;85;0;7663826;2110;0
147;18;336;21;17;19;9;2.80;6;2;1;78;0;7663909;97;0
147;18;336;21;17;21;20;3.60;6;2;1;75;0;7664120;198;0
147;18;336;21;17;21;99;3.60;5;2;1;76;0;7664199;357;0
147;18;336;21;17;21;99;3.00;3;1;1;81;0;7664199;385;0
147;18;336;21;17;22;99;3.80;5;2;1;76;0;7664299;82;0
147;18;336;21;17;23;66;3.40;6;2;1;79;0;7664366;228;0
147;18;336;21;17;25;99;3.40;6;2;1;72;0;7664599;217;0
147;18;336;21;17;26;99;3.00;6;2;1;75;0;7664699;83;0
147;18;336;21;17;28;44;3.20;4;1;1;80;0;7664844;7427;0
147;18;336;21;17;29;9;3.80;6;2;1;78;0;7664909;195;0
147;18;336;21;17;30;30;3.60;6;2;1;76;0;7665030;103;0
147;18;336;21;17;31;18;3.00;3;1;1;72;0;7665118;905;0
147;18;336;21;17;31;75;3.60;4;1;1;79;0;7665175;316;0
147;18;336;21;17;32;18;4.00;6;2;1;79;0;7665218;170;7664599
147;18;336;21;17;34;99;3.60;3;1;1;83;0;7665499;366;0
147;18;336;21;17;36;0;3.80;7;2;1;81;0;7665600;1956;0
147;18;336;21;17;36;96;3.40;2;1;1;74;0;7665696;1956;0
147;18;336;21;17;36;99;3.80;3;1;1;85;0;7665699;184;0
147;18;336;21;17;38;21;3.80;5;2;1;79;0;7665821;1504;0
147;18;336;21;17;40;0;3.80;7;2;1;77;0;7666000;383;0
147;18;336;21;17;43;40;3.80;6;2;1;77;0;7666340;1103;0
147;18;336;21;17;45;3;3.80;5;2;1;83;0;7666503;664;0
147;18;336;21;17;47;7;3.80;6;2;1;76;0;7666707;349;0
147;18;336;21;17;47;99;3.40;3;1;1;77;0;7666799;1083;0
147;18;336;21;17;48;3;3.00;5;2;1;81;0;7666803;283;0
147;18;336;21;17;49;86;3.40;8;2;1;76;0;7666986;5471;0
147;18;336;21;17;50;99;3.80;1;1;1;77;0;7667099;9287;0
147;18;336;21;17;51;44;3.00;7;2;1;76;0;7667144;1126;0
147;18;336;21;17;52;99;3.60;3;1;1;78;0;7667299;484;0
147;18;336;21;17;54;99;4.00;7;2;1;79;0;7667499;340;0
147;18;336;21;17;58;6;3.60;3;1;1;81;0;7667806;490;0
147;18;336;21;17;59;6;3.40;2;1;1;79;0;7667906;2193;0
147;18;336;21;17;59;9;3.60;6;2;1;78;0;7667909;1184;0
147;18;336;21;17;59;56;3.60;3;1;1;78;0;7667956;134;0
147;18;336;21;17;59;95;3.80;2;1;1;77;0;7667995;73;0
147;18;336;21;18;1;22;3.60;3;1;1;79;0;7668122;149;0
147;18;336;21;18;2;1;3.20;6;2;1;74;0;7668201;275;0
147;18;336;21;18;3;9;4.00;3;1;1;78;0;7668309;170;0
147;18;336;21;18;4;5;3.40;6;2;1;77;0;7668405;188;0
147;18;336;21;18;7;19;3.20;6;2;1;81;0;7668719;298;0
147;18;336;21;18;9;94;3.00;2;1;1;78;0;7668994;981;0
147;18;336;21;18;11;6;3.80;1;1;1;76;0;7669106;1989;0
147;18;336;21;18;11;11;2.80;3;1;1;85;0;7669111;783;0
147;18;336;21;18;12;99;3.20;6;2;1;80;0;7669299;565;0
147;18;336;21;18;14;4;3.60;3;1;1;79;0;7669404;281;0
147;18;336;21;18;14;22;3.20;2;1;1;77;0;7669422;414;0
147;18;336;21;18;17;99;3.60;2;1;1;78;0;7669799;362;0
147;18;336;21;18;18;8;6.00;7;2;1;90;0;7669808;2290;0
147;18;336;21;18;19;7;3.60;5;2;1;80;0;7669907;3090;0
147;18;336;21;18;19;54;2.80;6;2;1;75;0;7669954;640;0
147;18;336;21;18;22;70;3.80;8;2;1;76;0;7670270;3267;0
147;18;336;21;18;22;99;3.20;3;1;1;92;0;7670299;878;0
147;18;336;21;18;22;99;3.40;2;1;1;76;0;7670299;483;0
147;18;336;21;18;23;99;4.60;7;2;1;80;0;7670399;567;0
147;18;336;21;18;24;8;3.20;2;1;1;76;0;7670408;92;0
147;18;336;21;18;24;25;3.60;5;2;1;86;0;7670425;501;0
147;18;336;21;18;25;99;3.40;6;2;1;82;0;7670599;631;0
147;18;336;21;18;25;99;11.60;5;2;2;85;0;7670599;158;0
147;18;336;21;18;26;99;3.40;7;2;1;76;0;7670699;279;0
147;18;336;21;18;27;63;3.80;3;1;1;81;0;7670763;451;0
147;18;336;21;18;40;99;3.60;8;2;1;75;0;7672099;1811;0
147;18;336;21;18;40;99;6.20;6;2;1;75;0;7672099;1485;0
147;18;336;21;18;41;99;3.60;3;1;1;81;0;7672199;1419;0
147;18;336;21;18;42;19;3.20;5;2;1;82;0;7672219;1570;0
147;18;336;21;18;43;27;3.60;5;2;1;84;0;7672327;93;0
147;18;336;21;18;45;79;7.40;8;2;1;84;0;7672579;462;0
147;18;336;21;18;46;99;3.20;3;1;1;77;0;7672699;484;0
147;18;336;21;18;45;94;6.80;7;2;1;54;0;7672594;1878;0
147;18;336;21;18;46;99;3.80;4;1;1;81;0;7672699;7507;0
147;18;336;21;18;47;2;3.80;8;2;1;74;0;7672702;91;0
147;18;336;21;18;48;99;3.60;3;1;1;75;0;7672899;185;0
147;18;336;21;18;51;99;7.80;2;1;6;74;0;7673199;2775;0
147;18;336;21;18;51;99;4.00;5;2;1;78;0;7673199;856;0
147;18;336;21;18;53;99;3.40;5;2;1;78;0;7673399;181;0
147;18;336;21;18;54;99;3.40;3;1;1;81;0;7673499;582;0
147;18;336;21;18;54;99;3.00;6;2;1;76;0;7673499;1370;0
147;18;336;21;18;54;99;4.00;5;2;1;79;0;7673499;84;0
147;18;336;21;18;56;99;4.00;3;1;1;78;0;7673699;184;0
147;18;336;21;18;58;98;3.40;3;1;1;75;0;7673898;180;0
147;18;336;21;18;58;99;3.80;2;1;1;80;0;7673899;662;0
147;18;336;21;18;59;99;3.40;8;2;1;73;0;7673999;1278;0
147;18;336;21;19;0;67;3.60;2;1;1;78;0;7674067;150;0
147;18;336;21;19;1;99;3.60;5;2;1;85;0;7674199;681;0
147;18;336;21;19;1;99;3.60;6;2;1;75;0;7674199;685;0
147;18;336;21;19;2;1;3.80;5;2;1;80;0;7674201;-1;0
147;18;336;21;19;3;22;3.80;3;1;1;79;0;7674322;407;0
147;18;336;21;19;3;91;3.60;7;2;1;76;0;7674391;1751;0
147;18;336;21;19;5;11;3.40;4;1;1;77;0;7674511;1795;0
147;18;336;21;19;5;23;3.80;8;2;1;76;0;7674523;507;0
147;18;336;21;19;5;45;3.60;6;2;1;77;0;7674545;328;0
147;18;336;21;19;7;99;3.20;6;2;1;79;0;7674799;237;0
147;18;336;21;19;10;59;3.80;3;1;1;76;0;7675059;719;0
147;18;336;21;19;13;34;3.80;7;2;1;77;0;7675334;925;0
147;18;336;21;19;13;35;3.40;2;1;1;69;0;7675335;1251;0
147;18;336;21;19;13;78;3.60;3;1;1;75;0;7675378;301;0
147;18;336;21;19;16;22;3.80;7;2;1;84;0;7675622;270;0
147;18;336;21;19;19;3;3.60;2;1;1;78;0;7675903;550;0
147;18;336;21;19;19;99;3.20;2;1;1;76;0;7675999;79;0
147;18;336;21;19;20;7;4.00;5;2;1;82;0;7676007;1788;0
147;18;336;21;19;20;99;3.20;7;2;1;77;0;7676099;460;0
147;18;336;21;19;21;27;3.60;6;2;1;81;0;7676127;1313;0
147;18;336;21;19;25;17;4.40;3;1;1;77;0;7676517;1121;0
147;18;336;21;19;27;99;3.20;3;1;1;77;0;7676799;261;0
147;18;336;21;19;28;5;3.60;6;2;1;71;0;7676805;662;0
147;18;336;21;19;29;2;3.80;2;1;1;79;0;7676902;887;0
147;18;336;21;19;29;99;3.60;3;1;1;79;0;7676999;185;0
147;18;336;21;19;30;52;20.40;4;1;5;85;0;7677052;2525;0
147;18;336;21;19;32;99;4.00;3;1;1;81;0;7677299;283;0
147;18;336;21;19;32;99;3.60;6;2;1;73;0;7677299;475;0
147;18;336;21;19;33;50;3.20;7;2;1;78;0;7677350;1236;0
147;18;336;21;19;35;99;3.60;5;2;1;81;0;7677599;1574;0
147;18;336;21;19;37;99;3.80;2;1;1;76;0;7677799;879;0
147;18;336;21;19;37;99;4.00;3;1;1;85;0;7677799;482;0
147;18;336;21;19;37;99;3.80;5;2;1;80;0;7677799;184;0
147;18;336;21;19;39;86;3.60;3;1;1;77;0;7677986;170;0
147;18;336;21;19;40;25;3.60;5;2;1;81;0;7678025;208;0
147;18;336;21;19;41;15;3.40;6;2;1;75;0;7678115;798;0
147;18;336;21;19;43;7;3.00;6;2;1;80;0;7678307;175;0
147;18;336;21;19;45;5;3.60;6;2;1;74;0;7678505;184;0
147;18;336;21;19;46;54;3.60;3;1;1;78;0;7678654;651;0
147;18;336;21;19;49;20;4.00;5;2;1;84;0;7678920;879;0
147;18;336;21;19;49;94;3.60;3;1;1;67;0;7678994;323;0
147;18;336;21;19;50;99;4.20;3;1;1;65;0;7679099;85;0
147;18;336;21;19;52;99;3.40;7;2;1;77;0;7679299;1934;0
147;18;336;21;19;53;99;3.40;4;1;1;75;0;7679399;2260;0
147;18;336;21;19;55;37;23.60;3;1;5;67;0;7679537;414;0
147;18;336;21;19;59;81;4.20;2;1;1;75;0;7679981;2164;0
147;18;336;21;20;2;9;3.60;7;2;1;85;0;7680209;894;0
147;18;336;21;20;2;82;3.40;6;2;1;82;0;7680282;1759;0
147;18;336;21;20;5;6;3.80;3;1;1;77;0;7680506;842;0
147;18;336;21;20;5;99;3.80;6;2;1;76;0;7680599;302;0
147;18;336;21;20;6;99;3.40;7;2;1;79;0;7680699;474;0
147;18;336;21;20;12;2;3.60;6;2;1;71;0;7681202;585;0
147;18;336;21;20;14;57;3.60;3;1;1;78;0;7681457;933;0
147;18;336;21;20;16;99;3.20;7;2;1;78;0;7681699;984;0
147;18;336;21;20;16;99;3.40;6;2;1;79;0;7681699;478;0
147;18;336;21;20;18;99;12.20;3;1;2;79;0;7681899;425;0
147;18;336;21;20;18;99;3.20;6;2;1;86;0;7681899;184;0
147;18;336;21;20;21;99;3.60;6;2;1;77;0;7682199;286;0
147;18;336;21;20;24;99;3.60;7;2;1;78;0;7682499;785;0
147;18;336;21;20;24;4;4.00;6;2;1;81;0;7682404;188;0
147;18;336;21;20;27;10;3.60;7;2;1;77;0;7682710;194;0
147;18;336;21;20;27;41;3.80;2;1;1;74;0;7682741;2739;0
147;18;336;21;20;27;63;4.20;6;2;1;84;0;7682763;341;0
147;18;336;21;20;29;99;3.40;6;2;1;85;0;7682999;218;0
147;18;336;21;20;29;99;4.00;3;1;1;78;0;7682999;1044;0
147;18;336;21;20;32;1;3.60;3;1;1;73;0;7683201;183;0
147;18;336;21;20;32;25;3.80;6;2;1;80;0;7683225;211;0
147;18;336;21;20;32;66;3.40;7;2;1;90;0;7683266;539;0
147;18;336;21;20;35;59;3.40;6;2;1;81;0;7683559;316;0
147;18;336;21;20;37;24;3.60;6;2;1;81;0;7683724;149;0
147;18;336;21;20;38;99;3.80;2;1;1;76;0;7683899;1139;0
147;18;336;21;20;39;99;3.40;6;2;1;80;0;7683999;259;0
147;18;336;21;20;42;39;3.20;2;1;1;84;0;7684239;322;0
147;18;336;21;20;43;99;3.40;7;2;1;79;0;7684399;1119;0
147;18;336;21;20;45;2;3.00;6;2;1;77;0;7684502;487;0
147;18;336;21;20;49;99;3.80;2;1;1;76;0;7684999;746;0
147;18;336;21;20;51;99;3.60;2;1;1;77;0;7685199;182;0
147;18;336;21;20;52;99;2.80;6;2;1;72;0;7685299;782;0
147;18;336;21;20;53;55;4.00;6;2;1;73;0;7685355;42;0
147;18;336;21;20;56;1;3.80;5;2;1;85;0;7685601;6663;0
147;18;336;21;20;57;99;3.40;6;2;1;74;0;7685799;424;0
147;18;336;21;20;58;88;3.00;6;2;1;76;0;7685888;72;0
147;18;336;21;21;2;8;3.80;6;2;1;78;0;7686208;305;0
147;18;336;21;21;3;47;3.40;2;1;1;74;0;7686347;1131;0
147;18;336;21;21;4;7;3.60;6;2;1;78;0;7686407;181;0
147;18;336;21;21;6;99;3.60;3;1;1;75;0;7686699;3480;0
147;18;336;21;21;6;99;3.40;6;2;1;77;0;7686699;275;0
147;18;336;21;21;9;15;3.60;3;1;1;73;0;7686915;198;0
147;18;336;21;21;9;99;4.00;4;1;1;80;0;7686999;7583;0
147;18;336;21;21;10;99;3.40;6;2;1;79;0;7687099;384;0
147;18;336;21;21;10;99;3.80;2;1;1;73;0;7687099;735;0
147;18;336;21;21;17;99;5.00;3;1;1;88;0;7687799;866;0
147;18;336;21;21;18;37;3.20;3;1;1;77;0;7687837;17;0
147;18;336;21;21;20;99;4.20;2;1;1;80;0;7688099;981;0
147;18;336;21;21;23;14;4.00;6;2;1;77;0;7688314;1199;0
147;18;336;21;21;27;24;3.00;2;1;1;74;0;7688724;606;0
147;18;336;21;21;27;99;4.00;6;2;1;79;0;7688799;466;0
147;18;336;21;21;28;0;4.60;2;1;1;74;0;7688800;61;0
147;18;336;21;21;28;19;3.80;7;2;1;81;0;7688819;4404;0
147;18;336;21;21;29;99;3.80;8;2;1;80;0;7688999;14458;0
147;18;336;21;21;30;1;3.80;2;1;1;75;0;7689001;178;0
147;18;336;21;21;30;99;3.20;6;2;1;77;0;7689099;281;0
147;18;336;21;21;31;25;3.00;2;1;1;77;0;7689125;105;0
147;18;336;21;21;31;74;3.80;8;2;1;84;0;7689174;157;0
147;18;336;21;21;32;99;3.80;5;2;1;99;0;7689299;3681;0
147;18;336;21;21;34;78;3.80;6;2;1;78;0;7689478;364;0
147;18;336;21;21;35;0;3.60;1;1;1;79;0;7689500;20376;0
147;18;336;21;21;35;99;3.60;5;2;1;83;0;7689599;286;0
147;18;336;21;21;37;12;3.80;8;2;1;79;0;7689712;521;0
147;18;336;21;21;37;98;3.60;2;1;1;78;0;7689798;658;0
147;18;336;21;21;41;5;4.60;8;2;1;76;0;7690105;375;0
147;18;336;21;21;41;9;3.80;1;1;1;72;0;7690109;592;0
147;18;336;21;21;42;99;3.60;5;2;1;89;0;7690299;684;0
147;18;336;21;21;43;99;3.80;6;2;1;80;0;7690399;903;0
147;18;336;21;21;44;3;3.40;7;2;1;80;0;7690403;1567;0
147;18;336;21;21;44;18;3.40;3;1;1;76;0;7690418;2566;0
147;18;336;21;21;49;33;3.20;3;1;1;76;0;7690933;498;0
147;18;336;21;21;51;99;3.80;5;2;1;83;0;7691199;885;0
147;18;336;21;21;55;16;3.80;3;1;1;80;0;7691516;567;0
147;18;336;21;21;57;99;3.60;3;1;1;80;0;7691799;265;0
147;18;336;21;21;59;22;4.40;4;1;1;83;0;7691922;4905;0
147;18;336;21;21;59;43;3.20;3;1;1;76;0;7691943;127;0
147;18;336;21;22;0;99;3.80;6;2;1;75;0;7692099;1682;0
147;18;336;21;22;0;99;3.60;3;1;1;76;0;7692099;140;0
147;18;336;21;22;1;99;3.20;6;2;1;74;0;7692199;81;0
147;18;336;21;22;5;98;3.00;3;1;1;74;0;7692598;481;0
147;18;336;21;22;9;7;3.60;1;1;1;86;0;7692907;2779;0
147;18;336;21;22;13;18;3.80;6;2;1;78;0;7693318;1103;0
147;18;336;21;22;16;99;3.60;3;1;1;68;0;7693699;1086;0
147;18;336;21;22;17;73;4.40;3;1;1;80;0;7693773;54;0
147;18;336;21;22;17;74;4.60;4;1;1;80;0;7693774;1832;0
147;18;336;21;22;18;99;4.00;2;1;1;75;0;7693899;4084;0
147;18;336;21;22;20;41;3.60;7;2;1;75;0;7694041;3622;0
147;18;336;21;22;21;20;3.20;3;1;1;79;0;7694120;327;0
147;18;336;21;22;22;7;3.80;5;2;1;91;0;7694207;2991;0
147;18;336;21;22;22;23;3.20;6;2;1;85;0;7694223;887;0
147;18;336;21;22;25;51;3.20;6;2;1;79;0;7694551;314;0
147;18;336;21;22;26;6;3.80;2;1;1;81;0;7694606;687;0
147;18;336;21;22;28;7;3.40;6;2;1;77;0;7694807;241;0
147;18;336;21;22;29;99;3.40;2;1;1;74;0;7694999;376;0
147;18;336;21;22;30;44;3.20;1;1;1;76;0;7695044;2121;0
147;18;336;21;22;31;16;3.80;6;2;1;77;0;7695116;293;0
147;18;336;21;22;32;99;3.20;7;2;1;79;0;7695299;1240;0
147;18;336;21;22;33;79;3.60;3;1;1;80;0;7695379;1244;0
147;18;336;21;22;34;99;4.20;7;2;1;81;0;7695499;185;0
147;18;336;21;22;34;99;3.40;1;1;1;67;0;7695499;439;0
147;18;336;21;22;35;82;3.20;7;2;1;78;0;7695582;64;0
147;18;336;21;22;38;0;3.60;5;2;1;83;0;7695800;1577;0
147;18;336;21;22;37;26;3.80;3;1;1;81;0;7695726;330;0
147;18;336;21;22;38;74;3.80;6;2;1;80;0;7695874;740;0
147;18;336;21;22;39;99;3.00;5;2;1;85;0;7695999;183;0
147;18;336;21;22;40;21;3.80;2;1;1;92;0;7696021;1005;0
147;18;336;21;22;45;8;3.80;7;2;1;77;0;7696508;911;0
147;18;336;21;22;46;99;19.40;6;2;5;76;0;7696699;807;0
147;18;336;21;22;48;46;3.80;6;2;1;76;0;7696846;55;0
147;18;336;21;22;50;4;4.00;4;1;1;75;0;7697004;3209;0
147;18;336;21;22;52;16;3.40;3;1;1;69;0;7697216;1473;0
147;18;336;21;22;51;96;3.40;6;2;1;76;0;7697196;332;0
147;18;336;21;22;51;99;3.40;2;1;1;81;0;7697199;1163;0
147;18;336;21;22;52;1;3.80;4;1;1;80;0;7697201;177;0
147;18;336;21;22;53;10;5.40;4;1;1;79;0;7697310;91;0
147;18;336;21;22;53;24;3.40;3;1;1;79;0;7697324;90;0
147;18;336;21;22;54;4;3.20;8;2;1;80;0;7697404;7277;0
147;18;336;21;22;54;99;3.40;7;2;1;85;0;7697499;973;0
147;18;336;21;22;57;23;3.20;4;1;1;85;0;7697723;388;0
147;18;336;21;22;57;99;6.20;2;1;1;91;0;7697799;584;0
147;18;336;21;22;57;99;3.60;5;2;1;86;0;7697799;1787;0
147;18;336;21;22;58;13;3.80;3;1;1;95;0;7697813;473;0
147;18;336;21;22;59;99;3.20;6;2;1;78;0;7697999;786;0
147;18;336;21;22;59;99;3.80;2;1;1;76;0;7697999;175;0
147;18;336;21;23;2;99;7.40;2;1;1;74;0;7698299;282;0
147;18;336;21;23;3;99;12.80;3;1;2;81;0;7698399;571;0
147;18;336;21;23;4;8;3.80;6;2;1;78;0;7698408;394;0
147;18;336;21;23;4;99;3.20;2;1;1;77;0;7698499;164;0
147;18;336;21;23;8;6;3.40;2;1;1;69;0;7698806;292;0
147;18;336;21;23;8;54;3.60;6;2;1;71;0;7698854;428;0
147;18;336;21;23;9;8;3.20;7;2;1;75;0;7698908;1394;0
147;18;336;21;23;9;99;3.20;3;1;1;80;0;7698999;543;0
147;18;336;21;23;12;2;3.40;5;2;1;89;0;7699202;1387;0
147;18;336;21;23;11;99;3.40;6;2;1;78;0;7699199;326;0
147;18;336;21;23;12;7;3.60;2;1;1;85;0;7699207;383;0
147;18;336;21;23;13;99;3.60;6;2;1;80;0;7699399;184;0
147;18;336;21;23;14;72;3.60;3;1;1;81;0;7699472;458;0
147;18;336;21;23;16;88;4.20;3;1;1;75;0;7699688;200;0
147;18;336;21;23;18;0;3.60;4;1;1;89;0;7699800;2063;0
147;18;336;21;23;19;68;3.80;3;1;1;78;0;7699968;259;0
147;18;336;21;23;19;99;3.40;6;2;1;78;0;7699999;583;0
147;18;336;21;23;21;70;3.40;3;1;1;74;0;7700170;184;0
147;18;336;21;23;23;14;4.20;7;2;1;98;0;7700314;1390;0
147;18;336;21;23;24;58;5.00;3;1;1;76;0;7700458;271;0
147;18;336;21;23;25;99;3.80;3;1;1;72;0;7700599;117;0
147;18;336;21;23;26;19;3.60;6;2;1;84;0;7700619;604;0
147;18;336;21;23;26;23;4.00;4;1;1;79;0;7700623;808;0
147;18;336;21;23;27;99;4.60;3;1;1;79;0;7700799;181;0
147;18;336;21;23;30;99;3.80;6;2;1;80;0;7701099;464;0
147;18;336;21;23;35;99;3.20;6;2;1;76;0;7701599;482;0
147;18;336;21;23;39;41;4.00;4;1;1;80;0;7701941;1299;0
147;18;336;21;23;39;48;3.00;3;1;1;68;0;7701948;1128;0
147;18;336;21;23;41;9;3.80;3;1;1;84;0;7702109;145;0
147;18;336;21;23;42;65;12.40;2;1;3;79;0;7702265;3042;0
147;18;336;21;23;47;99;3.60;6;2;1;81;0;7702799;1184;0
147;18;336;21;23;48;99;3.80;2;1;1;82;0;7702899;577;0
147;18;336;21;23;51;99;3.40;7;2;1;82;0;7703199;2869;0
147;18;336;21;23;52;69;3.00;6;2;1;82;0;7703269;454;0
147;18;336;21;23;53;99;3.00;6;2;1;82;0;7703399;116;0
147;18;336;21;24;0;99;3.20;6;2;1;80;0;7704099;686;0
147;18;336;21;24;1;11;3.40;4;1;1;91;0;7704111;2152;0
147;18;336;21;24;2;51;3.60;8;2;1;85;0;7704251;6832;0
147;18;336;21;24;9;99;4.60;3;1;1;78;0;7704999;2873;0
147;18;336;21;24;10;77;16.80;2;1;4;87;0;7705077;2161;0
147;18;336;21;24;12;99;3.60;1;1;1;76;0;7705299;9781;0
147;18;336;21;24;18;69;3.00;5;2;1;70;0;7705869;6653;0
147;18;336;21;24;18;74;3.40;6;2;1;68;0;7705874;1760;0
147;18;336;21;24;23;78;3.20;2;1;1;78;0;7706378;1231;0
147;18;336;21;24;26;99;3.60;3;1;1;77;0;7706699;1678;0
147;18;336;21;24;28;67;3.80;5;2;1;84;0;7706867;982;0
147;18;336;21;24;28;99;3.20;6;2;1;77;0;7706899;1007;0
147;18;336;21;24;30;42;3.80;6;2;1;79;0;7707042;128;0
147;18;336;21;24;30;43;3.60;2;1;1;74;0;7707043;650;0
147;18;336;21;24;34;99;3.60;6;2;1;79;0;7707499;439;0
147;18;336;21;24;35;19;3.20;5;2;1;84;0;7707519;635;0
147;18;336;21;24;35;99;3.80;1;1;1;75;0;7707599;2282;0
147;18;336;21;24;37;22;3.80;7;2;1;79;0;7707722;4508;0
147;18;336;21;24;38;45;3.60;6;2;1;72;0;7707845;329;0
147;18;336;21;24;38;69;3.00;2;1;1;76;0;7707869;808;0
147;18;336;21;24;40;99;3.40;7;2;1;76;0;7708099;359;0
147;18;336;21;24;41;69;3.60;3;1;1;77;0;7708169;1453;0
147;18;336;21;24;42;16;3.40;6;2;1;72;0;7708216;353;0
147;18;336;21;24;45;99;3.40;2;1;1;70;0;7708599;715;0
147;18;336;21;24;46;70;3.40;2;1;1;64;0;7708670;53;0
147;18;336;21;24;47;99;4.00;8;2;1;73;0;7708799;4532;0
147;18;336;21;24;50;2;3.60;3;1;1;77;0;7709002;816;0
147;18;336;21;24;51;99;3.60;6;2;1;83;0;7709199;966;0
147;18;336;21;24;53;40;3.40;2;1;1;73;0;7709340;650;0
147;18;336;21;24;56;91;3.60;5;2;1;82;0;7709691;2158;0
147;18;336;21;24;58;40;4.60;2;1;1;80;0;7709840;483;0
147;18;336;21;25;0;99;3.60;6;2;1;78;0;7710099;884;0
147;18;336;21;25;0;99;3.80;3;1;1;67;0;7710099;1080;0
147;18;336;21;25;6;78;3.60;2;1;1;82;0;7710678;817;0
147;18;336;21;25;8;99;3.60;3;1;1;76;0;7710899;779;0
147;18;336;21;25;10;12;3.40;3;1;1;80;0;7711012;95;0
147;18;336;21;25;10;99;3.40;2;1;1;77;0;7711099;405;0
147;18;336;21;25;10;99;3.60;6;2;1;75;0;7711099;983;0
147;18;336;21;25;13;13;3.60;6;2;1;76;0;7711313;196;0
147;18;336;21;25;14;6;4.00;8;2;1;76;0;7711406;2587;0
147;18;336;21;25;15;99;4.20;5;2;1;81;0;7711599;1892;0
147;18;336;21;25;17;99;3.80;6;2;1;77;0;7711799;468;0
147;18;336;21;25;17;99;3.60;2;1;1;81;0;7711799;684;0
147;18;336;21;25;19;48;4.20;6;2;1;79;0;7711948;131;0
147;18;336;21;25;19;51;3.60;2;1;1;80;0;7711951;136;0
147;18;336;21;25;21;7;3.80;8;2;1;74;0;7712107;682;0
147;18;336;21;25;25;99;3.60;5;2;1;89;0;7712599;981;0
147;18;336;21;25;25;99;3.40;6;2;1;81;0;7712599;631;0
147;18;336;21;25;27;17;3.60;6;2;1;87;0;7712717;102;0
147;18;336;21;25;28;99;3.80;2;1;1;93;0;7712899;931;0
147;18;336;21;25;30;99;3.60;3;1;1;79;0;7713099;2071;0
147;18;336;21;25;32;97;16.40;1;1;4;74;0;7713297;5679;0
147;18;336;21;25;35;99;3.40;2;1;1;76;0;7713599;685;0
147;18;336;21;25;37;76;23.40;3;1;5;80;0;7713776;660;0
147;18;336;21;25;40;75;7.00;7;2;2;74;0;7714075;5959;0
147;18;336;21;25;40;99;3.40;4;1;1;80;0;7714099;9974;0
147;18;336;21;25;44;99;3.80;3;1;1;77;0;7714499;617;0
147;18;336;21;25;44;3;3.20;4;1;1;81;0;7714403;288;0
147;18;336;21;25;47;21;3.60;3;1;1;78;0;7714721;204;0
147;18;336;21;25;47;86;3.60;6;2;1;81;0;7714786;2054;0
147;18;336;21;25;49;99;3.00;3;1;1;75;0;7714999;261;0
147;18;336;21;25;51;99;3.60;8;2;1;78;0;7715199;3073;0
147;18;336;21;25;53;25;3.60;5;2;1;93;0;7715325;2711;0
147;18;336;21;25;53;99;3.60;3;1;1;79;0;7715399;385;0
147;18;336;21;25;53;99;3.60;7;2;1;82;0;7715399;1289;0
147;18;336;21;25;55;57;4.00;7;2;1;86;0;7715557;142;0
147;18;336;21;25;55;58;3.60;3;1;1;78;0;7715558;142;0
147;18;336;21;25;56;99;3.80;5;2;1;92;0;7715699;360;0
147;18;336;21;25;57;8;3.60;6;2;1;80;0;7715708;906;0
147;18;336;21;25;57;9;4.00;4;1;1;81;0;7715709;1291;0
147;18;336;21;25;58;5;3.20;3;1;1;77;0;7715805;230;0
147;18;336;21;26;0;78;4.20;2;1;1;87;0;7716078;2462;0
147;18;336;21;26;1;99;4.00;7;2;1;73;0;7716199;625;0
147;18;336;21;26;2;99;3.20;4;1;1;77;0;7716299;572;0
147;18;336;21;26;2;99;3.20;5;2;1;78;0;7716299;585;0
147;18;336;21;26;2;1;6.20;3;1;1;76;0;7716201;381;0
147;18;336;21;26;4;99;3.80;6;2;1;81;0;7716499;774;0
147;18;336;21;26;4;99;3.00;8;2;1;75;0;7716499;1283;0
147;18;336;21;26;7;0;3.80;2;1;1;82;0;7716700;604;0
147;18;336;21;26;6;99;3.60;3;1;1;74;0;7716699;468;0
147;18;336;21;26;7;99;16.00;7;2;4;79;0;7716799;580;0
147;18;336;21;26;9;99;3.20;3;1;1;78;0;7716999;282;0
147;18;336;21;26;12;8;3.20;3;1;1;69;0;7717208;194;0
147;18;336;21;26;12;98;16.60;4;1;4;77;0;7717298;984;0
147;18;336;21;26;14;86;16.60;3;1;4;74;0;7717486;261;0
147;18;336;21;26;15;67;3.60;6;2;1;91;0;7717567;1051;0
147;18;336;21;26;18;1;3.20;2;1;1;72;0;7717801;1084;0
147;18;336;21;26;18;43;3.60;4;1;1;76;0;7717843;467;0
147;18;336;21;26;21;99;4.00;6;2;1;79;0;7718199;617;0
147;18;336;21;26;21;99;3.40;7;2;1;74;0;7718199;1327;0
147;18;336;21;26;22;99;3.80;3;1;1;79;0;7718299;732;0
147;18;336;21;26;24;99;3.60;4;1;1;88;0;7718499;638;0
147;18;336;21;26;34;19;4.00;6;2;1;84;0;7719419;1201;0
147;18;336;21;26;34;99;3.40;4;1;1;82;0;7719499;985;0
147;18;336;21;26;34;99;3.40;8;2;1;76;0;7719499;2985;0
147;18;336;21;26;35;99;5.20;1;1;1;75;0;7719599;6222;0
147;18;336;21;26;36;94;2.60;1;1;1;83;0;7719694;70;0
147;18;336;21;26;39;20;3.60;7;2;1;75;0;7719920;1704;0
147;18;336;21;26;39;99;3.80;5;2;1;82;0;7719999;3685;0
147;18;336;21;26;39;99;3.60;6;2;1;72;0;7719999;562;0
147;18;336;21;26;41;11;3.40;6;2;1;75;0;7720111;94;0
147;18;336;21;26;41;14;3.60;3;1;1;75;0;7720114;1797;0
147;18;336;21;26;42;99;3.00;3;1;1;79;0;7720299;167;0
147;18;336;21;26;43;21;3.00;3;1;1;78;0;7720321;8;0
147;18;336;21;26;43;47;3.80;4;1;1;87;0;7720347;833;0
147;18;336;21;26;52;26;3.40;4;1;1;77;0;7721226;863;0
147;18;336;21;26;53;11;4.20;3;1;1;79;0;7721311;976;0
147;18;336;21;26;55;99;3.40;6;2;1;84;0;7721599;1471;0
147;18;336;21;26;59;20;3.40;2;1;1;81;0;7721920;4103;0
147;18;336;21;27;0;17;3.60;3;1;1;79;0;7722017;686;0
147;18;336;21;27;3;99;3.00;2;1;1;79;0;7722399;463;0
147;18;336;21;27;4;7;3.40;3;1;1;72;0;7722407;373;0
147;18;336;21;27;6;35;3.80;3;1;1;77;0;7722635;211;0
147;18;336;21;27;8;10;3.60;6;2;1;74;0;7722810;1196;0
147;18;336;21;27;8;99;3.60;3;1;1;75;0;7722899;246;0
147;18;336;21;27;9;6;3.20;7;2;1;79;0;7722906;2968;0
147;18;336;21;27;10;2;3.60;8;2;1;78;0;7723002;3486;0
147;18;336;21;27;11;13;3.80;6;2;1;75;0;7723113;285;0
147;18;336;21;27;13;15;4.00;7;2;1;79;0;7723315;394;0
147;18;336;21;27;14;0;3.80;4;1;1;78;0;7723400;2158;0
147;18;336;21;27;15;99;3.00;4;1;1;80;0;7723599;181;0
147;18;336;21;27;15;99;7.00;3;1;6;68;0;7723599;682;0
147;18;336;21;27;16;99;3.80;2;1;1;85;0;7723699;1286;0
147;18;336;21;27;16;11;3.80;6;2;1;83;0;7723611;479;0
147;18;336;21;27;16;26;3.20;3;1;1;66;0;7723626;-1;0
147;18;336;21;27;16;0;9.80;4;1;2;76;0;7723600;-1;0
147;18;336;21;27;18;99;3.20;4;1;1;78;0;7723899;252;0
147;18;336;21;27;19;69;5.60;2;1;1;87;0;7723969;253;0
147;18;336;21;27;19;14;23.80;3;1;5;76;0;7723914;270;0
147;18;336;21;27;20;99;3.80;7;2;1;78;0;7724099;765;0
147;18;336;21;27;28;99;3.00;2;1;1;73;0;7724899;906;0
147;18;336;21;27;32;90;3.60;6;2;1;82;0;7725290;1662;0
147;18;336;21;27;33;99;3.20;2;1;1;78;0;7725399;485;0
147;18;336;21;27;33;99;3.80;5;2;1;84;0;7725399;5383;0
147;18;336;21;27;34;20;4.00;1;1;1;82;0;7725420;5714;0
147;18;336;21;27;35;99;4.00;5;2;1;86;0;7725599;183;0
147;18;336;21;27;36;99;4.60;3;1;1;67;0;7725699;1672;0
147;18;336;21;27;38;99;3.60;6;2;1;78;0;7725899;593;0
147;18;336;21;27;41;99;3.80;7;2;1;77;0;7726199;2082;0
147;18;336;21;27;42;15;3.40;6;2;1;76;0;7726215;299;0
147;18;336;21;27;44;8;3.80;5;2;1;83;0;7726408;792;0
147;18;336;21;27;45;91;3.60;3;1;1;80;0;7726591;867;0
147;18;336;21;27;46;99;3.60;7;2;1;77;0;7726699;482;0
147;18;336;21;27;53;99;3.40;3;1;1;73;0;7727399;791;0
147;18;336;21;27;56;99;4.80;3;1;1;85;0;7727699;283;0
147;18;336;21;27;57;99;4.00;3;1;1;72;0;7727799;79;0
147;18;336;21;27;58;99;3.40;3;1;1;75;0;7727899;80;0
147;18;336;21;27;59;21;3.40;4;1;1;83;0;7727921;4007;0
147;18;336;21;27;59;99;4.20;3;1;1;72;0;7727999;83;0
147;18;336;21;28;1;99;3.40;6;2;1;81;0;7728199;1967;0
147;18;336;21;28;0;94;9.60;3;1;6;72;0;7728094;74;7727699
147;18;336;21;28;6;99;3.20;2;1;1;77;0;7728699;3285;0
147;18;336;21;28;6;99;15.00;4;1;4;80;0;7728699;763;0
147;18;336;21;28;6;99;5.80;3;1;1;76;0;7728699;557;0
147;18;336;21;28;8;56;3.40;8;2;1;77;0;7728856;5837;0
147;18;336;21;28;9;99;3.40;2;1;1;80;0;7728999;285;0
147;18;336;21;28;11;98;3.40;2;1;1;73;0;7729198;183;0
147;18;336;21;28;15;36;3.60;4;1;1;80;0;7729536;769;0
147;18;336;21;28;16;99;3.40;5;2;1;86;0;7729699;3274;0
147;18;336;21;28;16;99;3.60;3;1;1;75;0;7729699;972;0
147;18;336;21;28;17;4;3.40;7;2;1;85;0;7729704;2988;0
147;18;336;21;28;16;99;3.80;8;2;1;71;0;7729699;827;0
147;18;336;21;28;17;99;3.40;5;2;1;84;0;7729799;85;0
147;18;336;21;28;18;22;3.40;7;2;1;80;0;7729822;103;0
147;18;336;21;28;18;52;4.00;6;2;1;84;0;7729852;1637;0
147;18;336;21;28;18;72;3.80;5;2;1;86;0;7729872;58;0
147;18;336;21;28;19;99;3.60;2;1;1;81;0;7729999;784;0
147;18;336;21;28;20;6;4.00;5;2;1;90;0;7730006;118;0
147;18;336;21;28;22;99;3.40;4;1;1;82;0;7730299;746;0
147;18;336;21;28;24;99;4.80;5;2;1;76;0;7730499;477;0
147;18;336;21;28;25;18;4.00;3;1;1;83;0;7730518;801;0
147;18;336;21;28;26;12;3.40;6;2;1;71;0;7730612;742;0
147;18;336;21;28;27;99;3.00;6;2;1;73;0;7730799;169;0
147;18;336;21;28;29;7;3.80;3;1;1;75;0;7730907;371;0
147;18;336;21;28;29;82;3.80;6;2;1;73;0;7730982;168;0
147;18;336;21;28;29;99;3.80;7;2;1;77;0;7730999;1161;0
147;18;336;21;28;30;99;3.20;3;1;1;78;0;7731099;173;0
147;18;336;21;28;30;99;3.00;5;2;1;83;0;7731099;577;0
147;18;336;21;28;31;52;3.60;3;1;1;71;0;7731152;38;0
147;18;336;21;28;33;20;3.40;6;2;1;75;0;7731320;319;0
147;18;336;21;28;33;14;3.00;3;1;1;80;0;7731314;143;0
147;18;336;21;28;34;99;3.60;5;2;1;83;0;7731499;386;0
147;18;336;21;28;35;99;3.60;2;1;1;70;0;7731599;1584;0
147;18;336;21;28;35;99;3.40;3;1;1;85;0;7731599;271;0
147;18;336;21;28;37;8;3.80;5;2;1;84;0;7731708;193;0
147;18;336;21;28;37;99;3.40;3;1;1;73;0;7731799;185;0
147;18;336;21;28;38;99;3.60;3;1;1;74;0;7731899;83;0
147;18;336;21;28;38;37;3.40;6;2;1;77;0;7731837;500;0
147;18;336;21;28;45;99;3.80;2;1;1;77;0;7732599;981;0
147;18;336;21;28;46;12;3.80;3;1;1;81;0;7732612;695;0
147;18;336;21;28;46;24;4.60;6;2;1;75;0;7732624;771;0
147;18;336;21;28;48;21;3.80;6;2;1;81;0;7732821;174;0
147;18;336;21;28;49;33;3.40;3;1;1;84;0;7732933;304;0
147;18;336;21;28;50;99;3.20;6;2;1;75;0;7733099;261;0
147;18;336;21;28;51;23;3.40;5;2;1;83;0;7733123;1398;0
147;18;336;21;28;51;1;3.00;3;1;1;68;0;7733101;153;0
147;18;336;21;28;51;5;3.60;4;1;1;77;0;7733105;2791;0
147;18;336;21;28;52;99;3.80;3;1;1;75;0;7733299;182;0
147;18;336;21;28;53;99;4.00;5;2;1;82;0;7733399;261;0
147;18;336;21;28;53;99;3.00;6;2;1;77;0;7733399;284;0
147;18;336;21;28;56;13;3.80;3;1;1;82;0;7733613;295;0
147;18;336;21;28;58;99;3.60;6;2;1;81;0;7733899;485;0
147;18;336;21;29;0;99;3.00;2;1;1;79;0;7734099;1482;0
147;18;336;21;29;2;95;3.80;3;1;1;81;0;7734295;665;0
147;18;336;21;29;3;7;3.40;8;2;1;69;0;7734307;4588;0
147;18;336;21;29;6;27;3.60;4;1;1;84;0;7734627;1505;0
147;18;336;21;29;6;11;3.60;2;1;1;76;0;7734611;498;0
147;18;336;21;29;7;99;3.00;6;2;1;76;0;7734799;884;0
147;18;336;21;29;7;99;4.20;2;1;1;78;0;7734799;170;0
147;18;336;21;29;9;0;3.00;6;2;1;77;0;7734900;86;0
147;18;336;21;29;11;99;4.40;6;2;1;80;0;7735199;284;0
147;18;336;21;29;13;99;3.80;6;2;1;77;0;7735399;180;0
147;18;336;21;29;14;25;3.60;3;1;1;80;0;7735425;1113;0
147;18;336;21;29;15;99;3.40;3;1;1;74;0;7735599;157;0
147;18;336;21;29;16;99;3.80;7;2;1;78;0;7735699;4682;0
147;18;336;21;29;16;99;3.80;6;2;1;83;0;7735699;282;0
147;18;336;21;29;25;10;4.20;6;2;1;81;0;7736510;794;0
147;18;336;21;29;28;99;3.40;6;2;1;81;0;7736899;370;0
147;18;336;21;29;30;20;3.60;2;1;1;98;0;7737020;2201;0
147;18;336;21;29;31;16;4.80;5;2;1;80;0;7737116;3699;0
147;18;336;21;29;33;99;3.80;8;2;1;78;0;7737399;3074;0
147;18;336;21;29;34;2;3.60;6;2;1;72;0;7737402;487;0
147;18;336;21;29;34;99;3.80;5;2;1;80;0;7737499;361;0
147;18;336;21;29;34;1;3.40;8;2;1;75;0;7737401;-1;0
147;18;336;21;29;36;99;3.80;3;1;1;80;0;7737699;2083;0
147;18;336;21;29;36;99;4.80;1;1;1;82;0;7737699;12261;0
147;18;336;21;29;39;99;3.80;3;1;1;77;0;7737999;282;0
147;18;336;21;29;39;99;3.20;2;1;1;59;0;7737999;965;0
147;18;336;21;29;40;56;3.60;2;1;1;63;0;7738056;37;0
147;18;336;21;29;40;94;3.20;1;1;1;80;0;7738094;373;0
147;18;336;21;29;43;99;3.80;3;1;1;84;0;7738399;382;0
147;18;336;21;29;43;99;3.80;6;2;1;76;0;7738399;979;0
147;18;336;21;29;45;4;3.40;2;1;1;73;0;7738504;427;0
147;18;336;21;29;46;99;4.20;7;2;1;78;0;7738699;2982;0
147;18;336;21;29;47;13;4.00;4;1;1;86;0;7738713;4070;0
147;18;336;21;29;49;99;3.20;3;1;1;77;0;7738999;583;0
147;18;336;21;29;53;64;3.80;2;1;1;86;0;7739364;843;0
147;18;336;21;29;54;99;4.00;3;1;1;75;0;7739499;485;0
147;18;336;21;29;57;3;3.40;2;1;1;74;0;7739703;323;0
147;18;336;21;29;58;0;4.00;6;2;1;78;0;7739800;1383;0
147;18;336;21;29;58;41;3.20;5;2;1;72;0;7739841;2324;0
147;18;336;21;29;59;99;3.80;3;1;1;85;0;7739999;480;0
147;18;336;21;30;1;99;3.20;6;2;1;76;0;7740199;380;0
147;18;336;21;30;4;16;3.60;6;2;1;76;0;7740416;201;0
147;18;336;21;30;5;2;3.80;2;1;1;79;0;7740502;782;0
147;18;336;21;30;11;8;3.20;6;2;1;84;0;7741108;674;0
147;18;336;21;30;16;6;3.80;7;2;1;83;0;7741606;2887;0
147;18;336;21;30;18;38;3.40;3;1;1;76;0;7741838;1822;0
147;18;336;21;30;18;52;3.40;6;2;1;77;0;7741852;730;0
147;18;336;21;30;19;93;3.20;5;2;1;87;0;7741993;2136;0
147;18;336;21;30;19;99;3.40;7;2;1;78;0;7741999;376;0
147;18;336;21;30;21;55;3.60;3;1;1;73;0;7742155;300;0
147;18;336;21;30;22;99;3.00;1;1;1;78;0;7742299;4190;0
147;18;336;21;30;24;77;2.80;2;1;1;64;0;7742477;1957;0
147;18;336;21;30;28;11;3.60;2;1;1;76;0;7742811;318;0
147;18;336;21;30;29;99;3.40;6;2;1;81;0;7742999;1131;0
147;18;336;21;30;30;20;4.00;5;2;1;84;0;7743020;1013;0
147;18;336;21;30;31;19;3.80;6;2;1;79;0;7743119;104;0
147;18;336;21;30;33;16;2.80;8;2;1;61;0;7743316;5898;0
147;18;336;21;30;34;3;4.00;6;2;1;72;0;7743403;266;0
147;18;336;21;30;34;99;4.00;2;1;1;79;0;7743499;670;0
147;18;336;21;30;35;99;3.40;6;2;1;70;0;7743599;176;0
147;18;336;21;30;37;17;3.40;6;2;1;71;0;7743717;100;0
147;18;336;21;30;38;99;3.60;6;2;1;73;0;7743899;164;0
147;18;336;21;30;39;64;3.60;3;1;1;92;0;7743964;1791;0
147;18;336;21;30;40;9;3.80;6;2;1;73;0;7744009;92;7743403
147;18;336;21;30;40;99;4.80;7;2;1;75;0;7744099;2084;0
147;18;336;21;30;44;28;3.80;5;2;1;84;0;7744428;1390;0
147;18;336;21;30;46;23;3.60;5;2;1;86;0;7744623;178;0
147;18;336;21;30;46;24;3.40;6;2;1;89;0;7744624;596;0
147;18;336;21;30;47;76;3.20;3;1;1;79;0;7744776;797;0
147;18;336;21;30;47;83;3.80;5;2;1;82;0;7744783;144;0
147;18;336;21;30;47;81;3.20;6;2;1;71;0;7744781;143;0
147;18;336;21;30;51;27;3.80;2;1;1;88;0;7745127;1609;0
147;18;336;21;30;51;28;3.60;3;1;1;78;0;7745128;337;0
147;18;336;21;30;52;11;3.80;4;1;1;89;0;7745211;6481;0
147;18;336;21;30;55;99;3.40;3;1;1;79;0;7745599;454;0
147;18;336;21;30;56;1;3.60;3;1;1;69;0;7745601;-1;0
147;18;336;21;30;58;10;3.80;3;1;1;70;0;7745810;190;0
147;18;336;21;30;58;99;3.40;6;2;1;81;0;7745899;1101;0
147;18;336;21;30;59;1;3.80;3;1;1;70;0;7745901;71;0
147;18;336;21;31;0;10;3.40;6;2;1;83;0;7746010;95;0
147;18;336;21;31;1;99;3.80;3;1;1;83;0;7746199;278;0
147;18;336;21;31;4;99;3.80;3;1;1;83;0;7746499;283;0
147;18;336;21;31;4;17;5.40;8;2;1;80;0;7746417;3084;0
147;18;336;21;31;6;3;3.40;6;2;1;78;0;7746603;578;0
147;18;336;21;31;8;99;3.40;8;2;1;74;0;7746899;457;0
147;18;336;21;31;9;99;3.00;6;2;1;76;0;7746999;380;0
147;18;336;21;31;10;99;3.40;7;2;1;84;0;7747099;2976;0
147;18;336;21;31;11;99;2.60;2;1;1;78;0;7747199;2056;0
147;18;336;21;31;13;18;3.60;6;2;1;79;0;7747318;304;0
147;18;336;21;31;16;99;3.80;3;1;1;78;0;7747699;1183;0
147;18;336;21;31;21;6;3.20;8;2;1;79;0;7748106;1190;0
147;18;336;21;31;21;99;3.40;3;1;1;77;0;7748199;482;0
147;18;336;21;31;24;8;3.40;4;1;1;79;0;7748408;3181;0
147;18;336;21;31;24;21;3.00;6;2;1;83;0;7748421;1086;0
147;18;336;21;31;26;99;3.20;6;2;1;79;0;7748699;264;0
147;18;336;21;31;26;99;3.20;3;1;1;77;0;7748699;484;0
147;18;336;21;31;26;99;17.60;4;1;4;79;0;7748699;275;0
147;18;336;21;31;28;99;3.60;2;1;1;82;0;7748899;1688;0
147;18;336;21;31;29;99;3.40;6;2;1;80;0;7748999;285;0
147;18;336;21;31;30;29;3.80;2;1;1;85;0;7749029;114;0
147;18;336;21;31;30;35;3.40;3;1;1;84;0;7749035;321;0
147;18;336;21;31;35;50;3.80;2;1;1;91;0;7749550;504;0
147;18;336;21;31;36;99;3.20;6;2;1;74;0;7749699;684;0
147;18;336;21;31;38;59;3.40;6;2;1;80;0;7749859;144;0
147;18;336;21;31;38;99;3.60;7;2;1;77;0;7749899;2785;0
147;18;336;21;31;41;13;3.00;2;1;1;72;0;7750113;547;0
147;18;336;21;31;41;99;3.80;6;2;1;71;0;7750199;324;0
147;18;336;21;31;43;19;4.00;3;1;1;78;0;7750319;1269;0
147;18;336;21;31;43;99;3.20;5;2;1;86;0;7750399;5599;0
147;18;336;21;31;45;16;3.20;7;2;1;89;0;7750516;600;0
147;18;336;21;31;47;99;3.40;6;2;1;82;0;7750799;580;0
147;18;336;21;31;48;65;3.60;7;2;1;89;0;7750865;336;0
147;18;336;21;31;47;60;22.80;3;1;5;71;0;7750760;422;0
147;18;336;21;31;49;99;3.20;2;1;1;75;0;7750999;871;0
147;18;336;21;31;55;99;3.80;3;1;1;84;0;7751599;723;0
147;18;336;21;32;0;0;3.60;1;1;1;88;0;7752000;9687;0
147;18;336;21;31;59;99;6.60;3;1;1;80;0;7751999;383;0
147;18;336;21;32;0;99;3.40;6;2;1;80;0;7752099;1285;0
147;18;336;21;32;1;95;3.20;6;2;1;76;0;7752195;80;0
147;18;336;21;32;3;3;3.40;7;2;1;88;0;7752303;1423;0
147;18;336;21;32;4;99;3.20;3;1;1;76;0;7752499;470;0
147;18;336;21;32;6;99;1.40;7;1;1;43;0;7752699;404247;0
147;18;336;21;32;8;99;15.40;2;1;5;71;0;7752899;1884;0
147;18;336;21;32;9;18;3.60;6;2;1;77;0;7752918;707;0
147;18;336;21;32;9;91;3.60;3;1;1;72;0;7752991;476;0
147;18;336;21;32;10;22;3.40;7;2;1;77;0;7753022;705;0
147;18;336;21;32;14;16;4.60;6;2;1;92;0;7753416;481;0
147;18;336;21;32;16;63;5.20;2;1;1;84;0;7753663;685;0
147;18;336;21;32;18;17;3.80;1;1;1;77;0;7753817;1802;0
147;18;336;21;32;22;4;3.20;2;1;1;77;0;7754204;518;0
147;18;336;21;32;26;99;4.00;6;2;1;79;0;7754699;1265;0
147;18;336;21;32;27;14;3.80;3;1;1;79;0;7754714;1705;0
147;18;336;21;32;28;16;3.80;2;1;1;77;0;7754816;597;0
147;18;336;21;32;29;21;3.60;2;1;1;83;0;7754921;87;0
147;18;336;21;32;30;99;3.20;6;2;1;76;0;7755099;381;0
147;18;336;21;32;30;99;3.40;7;2;1;82;0;7755099;2061;0
147;18;336;21;32;31;99;3.40;2;1;1;74;0;7755199;262;0
147;18;336;21;32;32;17;3.40;2;1;1;72;0;7755217;1;0
147;18;336;21;32;33;99;3.40;2;1;1;65;0;7755399;165;0
147;18;336;21;32;33;99;3.00;6;2;1;81;0;7755399;284;0
147;18;336;21;32;33;99;3.20;3;1;1;77;0;7755399;667;0
147;18;336;21;32;33;99;3.80;5;2;1;83;0;7755399;4986;0
147;18;336;21;32;35;99;4.00;7;2;1;81;0;7755599;485;0
147;18;336;21;32;36;18;3.60;6;2;1;82;0;7755618;205;0
147;18;336;21;32;39;15;3.20;3;1;1;86;0;7755915;501;0
147;18;336;21;32;40;99;3.80;2;1;1;79;0;7756099;681;0
147;18;336;21;32;43;99;3.40;3;1;1;80;0;7756399;470;0
147;18;336;21;32;46;1;3.40;3;1;1;82;0;7756601;186;0
147;18;336;21;32;48;99;3.80;3;1;1;78;0;7756899;283;0
147;18;336;21;32;54;25;3.40;2;1;1;79;0;7757425;1308;0
147;18;336;21;32;58;99;3.40;3;1;1;73;0;7757899;982;0
147;18;336;21;32;59;99;3.80;4;1;1;91;0;7757999;9219;0
147;18;336;21;33;1;99;16.80;3;1;4;80;0;7758199;283;0
147;18;336;21;33;3;99;3.40;4;1;1;79;0;7758399;384;0
147;18;336;21;33;4;99;15.00;2;1;4;76;0;7758499;1058;0
147;18;336;21;33;5;42;4.60;6;2;1;62;0;7758542;2908;0
147;18;336;21;33;6;99;14.80;3;1;4;80;0;7758699;424;0
147;18;336;21;33;8;8;3.80;4;1;1;86;0;7758808;393;0
147;18;336;21;33;8;11;3.40;2;1;1;81;0;7758811;240;0
147;18;336;21;33;9;2;3.60;6;2;1;68;0;7758902;333;0
147;18;336;21;33;10;26;17.40;3;1;4;78;0;7759026;260;0
147;18;336;21;33;11;99;3.20;5;2;1;78;0;7759199;3783;0
147;18;336;21;33;12;99;3.60;5;2;1;81;0;7759299;85;0
147;18;336;21;33;16;20;3.60;6;2;1;77;0;7759620;698;0
147;18;336;21;33;16;99;3.40;1;1;1;83;0;7759699;5864;0
147;18;336;21;33;16;99;8.00;7;2;1;59;0;7759699;4082;0
147;18;336;21;33;18;27;3.40;3;1;1;79;0;7759827;720;0
147;18;336;21;33;18;72;3.60;6;2;1;77;0;7759872;235;0
147;18;336;21;33;19;99;3.00;2;1;1;78;0;7759999;1172;0
147;18;336;21;33;20;43;3.40;4;1;1;76;0;7760043;1219;0
147;18;336;21;33;23;99;4.00;2;1;1;95;0;7760399;386;0
147;18;336;21;33;29;99;3.40;7;2;1;92;0;7760999;1251;0
147;18;336;21;33;31;9;3.60;5;2;1;81;0;7761109;1794;0
147;18;336;21;33;31;99;3.80;2;1;1;84;0;7761199;784;0
147;18;336;21;33;31;99;3.40;6;2;1;74;0;7761199;1310;0
147;18;336;21;33;32;99;4.20;7;2;1;80;0;7761299;286;0
147;18;336;21;33;33;0;3.20;5;2;1;79;0;7761300;175;0
147;18;336;21;33;34;15;3.20;6;2;1;78;0;7761415;199;0
147;18;336;21;33;34;99;3.60;4;1;1;84;0;7761499;1439;0
147;18;336;21;33;36;95;3.40;6;2;1;85;0;7761695;265;0
147;18;336;21;33;41;2;3.20;2;1;1;71;0;7762102;886;0
147;18;336;21;33;41;82;3.20;7;2;1;82;0;7762182;864;0
147;18;336;21;33;41;99;3.80;8;2;1;74;0;7762199;14078;0
147;18;336;21;33;42;99;3.20;6;2;1;77;0;7762299;589;0
147;18;336;21;33;42;99;14.80;2;1;4;67;0;7762299;180;0
147;18;336;21;33;44;2;4.00;7;2;1;84;0;7762402;205;0
147;18;336;21;33;44;99;3.60;2;1;1;63;0;7762499;120;0
147;18;336;21;33;45;13;3.80;6;2;1;78;0;7762513;199;0
147;18;336;21;33;45;10;3.60;1;1;1;77;0;7762510;2796;0
147;18;336;21;33;48;0;3.00;6;2;1;83;0;7762800;269;0
147;18;336;21;33;48;22;3.80;5;2;1;79;0;7762822;1507;0
147;18;336;21;33;49;99;3.80;6;2;1;83;0;7762999;185;0
147;18;336;21;33;50;23;3.40;2;1;1;79;0;7763023;503;0
147;18;336;21;33;50;99;3.40;6;2;1;81;0;7763099;83;0
147;18;336;21;33;50;99;4.20;3;1;1;82;0;7763099;3256;0
147;18;336;21;33;53;30;3.00;6;2;1;77;0;7763330;215;0
147;18;336;21;34;0;99;3.80;7;2;1;76;0;7764099;1679;0
147;18;336;21;34;3;24;4.20;6;2;1;80;0;7764324;979;0
147;18;336;21;34;4;99;3.60;3;1;1;73;0;7764499;1381;0
147;18;336;21;34;7;99;3.20;6;2;1;73;0;7764799;456;0
147;18;336;21;34;9;78;9.40;3;1;2;74;0;7764978;461;0
147;18;336;21;34;10;99;4.00;2;1;1;79;0;7765099;2060;0
147;18;336;21;34;11;11;3.80;6;2;1;79;0;7765111;296;0
147;18;336;21;34;12;99;3.80;4;1;1;101;0;7765299;3784;0
147;18;336;21;34;14;51;3.20;3;1;1;80;0;7765451;427;0
147;18;336;21;34;15;99;3.20;3;1;1;82;0;7765599;133;0
147;18;336;21;34;16;33;4.00;7;2;1;82;0;7765633;1516;0
147;18;336;21;34;17;99;3.60;3;1;1;75;0;7765799;185;0
147;18;336;21;34;19;97;3.20;2;1;1;78;0;7765997;879;0
147;18;336;21;34;20;27;4.00;7;2;1;87;0;7766027;376;0
147;18;336;21;34;21;7;3.40;3;1;1;82;0;7766107;290;0
147;18;336;21;34;23;99;3.00;2;1;1;84;0;7766399;387;0
147;18;336;21;34;24;70;3.60;2;1;1;86;0;7766470;58;0
147;18;336;21;34;25;99;3.80;1;1;1;76;0;7766599;4072;0
147;18;336;21;34;26;19;3.80;7;2;1;83;0;7766619;575;0
147;18;336;21;34;28;99;3.60;6;2;1;76;0;7766899;1770;0
147;18;336;21;34;30;99;3.20;5;2;1;88;0;7767099;4259;0
147;18;336;21;34;32;73;3.60;5;2;1;85;0;7767273;160;0
147;18;336;21;34;33;99;3.60;3;1;1;77;0;7767399;1277;0
147;18;336;21;34;34;8;3.20;1;1;1;98;0;7767408;791;0
147;18;336;21;34;34;13;3.60;2;1;1;80;0;7767413;927;0
147;18;336;21;34;34;99;3.60;6;2;1;70;0;7767499;582;0
147;18;336;21;34;34;56;3.60;2;1;1;78;0;7767456;26;0
147;18;336;21;34;35;99;4.00;5;2;1;83;0;7767599;310;0
147;18;336;21;34;38;99;3.80;6;2;1;81;0;7767899;381;0
147;18;336;21;34;38;99;3.60;8;2;1;73;0;7767899;5681;0
147;18;336;21;34;41;23;3.60;7;2;1;81;0;7768123;1487;0
147;18;336;21;34;42;93;3.60;3;1;1;72;0;7768293;877;0
147;18;336;21;34;43;99;3.40;6;2;1;83;0;7768399;483;0
147;18;336;21;34;44;2;3.40;3;1;1;73;0;7768402;91;0
147;18;336;21;34;45;99;3.40;6;2;1;75;0;7768599;185;0
147;18;336;21;34;45;46;15.60;3;1;4;71;0;7768546;127;0
147;18;336;21;34;46;79;16.60;3;1;4;71;0;7768679;53;0
147;18;336;21;34;49;19;3.80;3;1;1;71;0;7768919;155;7768293
147;18;336;21;34;50;20;3.60;6;2;1;79;0;7769020;404;0
147;18;336;21;34;51;99;15.60;3;1;4;72;0;7769199;260;0
147;18;336;21;34;52;7;3.60;2;1;1;80;0;7769207;1734;0
147;18;336;21;34;54;99;3.40;6;2;1;70;0;7769499;462;0
147;18;336;21;34;54;99;3.60;7;2;1;77;0;7769499;1360;0
147;18;336;21;34;54;66;15.80;3;1;4;73;0;7769466;189;0
147;18;336;21;34;55;75;3.80;2;1;1;75;0;7769575;351;0
147;18;336;21;34;55;99;3.40;6;2;1;76;0;7769599;82;0
147;18;336;21;34;55;99;3.40;5;2;1;81;0;7769599;1982;0
147;18;336;21;34;59;25;3.40;6;2;1;78;0;7769925;309;0
147;18;336;21;34;59;99;4.20;3;1;1;80;0;7769999;455;0
147;18;336;21;35;0;15;4.00;5;2;1;78;0;7770015;400;0
147;18;336;21;35;0;22;3.60;4;1;1;81;0;7770022;4709;0
147;18;336;21;35;3;99;3.20;5;2;1;83;0;7770399;365;0
147;18;336;21;35;4;99;3.20;6;2;1;74;0;7770499;558;0
147;18;336;21;35;6;99;3.40;6;2;1;72;0;7770699;184;0
147;18;336;21;35;7;99;3.40;8;2;1;84;0;7770799;2882;0
147;18;336;21;35;7;99;3.60;6;2;1;72;0;7770799;83;0
147;18;336;21;35;8;99;3.80;3;1;1;89;0;7770899;881;0
147;18;336;21;35;8;99;3.60;7;2;1;81;0;7770899;1383;0
147;18;336;21;35;14;99;3.00;6;2;1;81;0;7771499;682;0
147;18;336;21;35;15;99;3.00;2;1;1;58;0;7771599;2005;0
147;18;336;21;35;20;4;3.60;2;1;1;81;0;7772004;386;0
147;18;336;21;35;21;97;3.60;3;1;1;72;0;7772197;1282;0
147;18;336;21;35;24;17;3.60;4;1;1;84;0;7772417;2379;0
147;18;336;21;35;29;99;4.60;6;2;1;76;0;7772999;1486;0
147;18;336;21;35;30;99;3.60;3;1;1;79;0;7773099;884;0
147;18;336;21;35;31;79;3.60;6;2;1;76;0;7773179;158;0
147;18;336;21;35;31;99;3.80;3;1;1;77;0;7773199;83;0
147;18;336;21;35;32;99;4.00;1;1;1;89;0;7773299;5879;0
147;18;336;21;35;34;99;3.80;2;1;1;80;0;7773499;1479;0
147;18;336;21;35;34;99;3.60;7;2;1;78;0;7773499;2584;0
147;18;336;21;35;45;99;3.40;4;1;1;79;0;7774599;2166;0
147;18;336;21;35;45;99;3.80;3;1;1;72;0;7774599;1382;0
147;18;336;21;35;46;51;3.20;6;2;1;79;0;7774651;1454;0
147;18;336;21;35;47;99;3.00;7;2;1;74;0;7774799;1283;0
147;18;336;21;35;49;99;3.80;3;1;1;73;0;7774999;381;0
147;18;336;21;35;50;99;13.20;2;1;4;73;0;7775099;1582;0
147;18;336;21;35;52;19;3.40;6;2;1;75;0;7775219;553;0
147;18;336;21;35;57;99;3.20;4;1;1;80;0;7775799;1184;0
147;18;336;21;35;57;99;3.20;7;2;1;83;0;7775799;985;0
147;18;336;21;35;58;99;3.60;2;1;1;84;0;7775899;734;0
147;18;336;21;35;58;99;3.40;3;1;1;76;0;7775899;881;0
147;18;336;21;36;0;99;3.60;3;1;1;78;0;7776099;183;0
147;18;336;21;36;0;99;3.20;7;2;1;78;0;7776099;286;0
147;18;336;21;36;2;61;16.00;3;1;4;79;0;7776261;145;0
147;18;336;21;36;4;20;3.80;2;1;1;80;0;7776420;505;0
147;18;336;21;36;4;78;3.80;6;2;1;66;0;7776478;1242;0
147;18;336;21;36;6;16;3.20;7;2;1;72;0;7776616;502;0
147;18;336;21;36;7;99;3.60;6;2;1;71;0;7776799;300;0
147;18;336;21;36;9;99;16.40;4;1;4;87;0;7776999;1185;0
147;18;336;21;36;10;99;3.60;6;2;1;80;0;7777099;281;0
147;18;336;21;36;12;9;3.40;2;1;1;84;0;7777209;771;0
147;18;336;21;36;14;36;3.40;1;1;1;80;0;7777436;4120;0
147;18;336;21;36;16;99;3.40;3;1;1;60;0;7777699;1365;0
147;18;336;21;36;18;24;3.60;6;2;1;79;0;7777824;708;0
147;18;336;21;36;18;99;3.80;5;2;1;82;0;7777899;7486;0
147;18;336;21;36;22;6;3.00;3;1;1;78;0;7778206;486;0
147;18;336;21;36;22;11;3.60;6;2;1;76;0;7778211;370;0
147;18;336;21;36;23;99;3.20;6;2;1;76;0;7778399;170;0
147;18;336;21;36;24;39;3.60;3;1;1;74;0;7778439;219;0
147;18;336;21;36;25;99;3.80;5;2;1;79;0;7778599;683;0
147;18;336;21;36;27;41;3.40;6;2;1;63;0;7778741;326;0
147;18;336;21;36;28;99;4.20;6;2;1;75;0;7778899;138;0
147;18;336;21;36;28;99;3.00;7;2;1;68;0;7778899;2267;0
147;18;336;21;36;30;11;3.00;7;2;1;69;0;7779011;96;0
147;18;336;21;36;35;98;4.40;6;2;1;77;0;7779598;678;0
147;18;336;21;36;37;43;3.80;3;1;1;82;0;7779743;1286;0
147;18;336;21;36;41;99;3.40;3;1;1;79;0;7780199;439;0
147;18;336;21;36;41;99;13.00;4;1;4;88;0;7780199;3132;0
147;18;336;21;36;42;36;3.40;7;2;1;80;0;7780236;1209;0
147;18;336;21;36;44;99;3.20;3;1;1;81;0;7780499;284;0
147;18;336;21;36;46;29;3.40;4;1;1;84;0;7780629;376;0
147;18;336;21;36;47;23;3.60;3;1;1;79;0;7780723;209;0
147;18;336;21;36;49;99;3.60;6;2;1;76;0;7780999;1380;0
147;18;336;21;36;49;99;3.60;8;2;1;79;0;7780999;10185;0
147;18;336;21;36;51;99;3.20;6;2;1;77;0;7781199;182;0
147;18;336;21;36;53;89;4.00;5;2;1;81;0;7781389;2772;0
147;18;336;21;36;58;72;3.60;6;2;1;77;0;7781872;658;0
147;18;336;21;37;1;99;3.40;3;1;1;91;0;7782199;1459;0
147;18;336;21;37;4;99;3.80;6;2;1;89;0;7782499;610;0
147;18;336;21;37;6;99;3.40;6;2;1;83;0;7782699;184;0
147;18;336;21;37;7;4;3.40;7;2;1;82;0;7782704;2452;0
147;18;336;21;37;8;44;3.80;5;2;1;86;0;7782844;1437;0
147;18;336;21;37;8;55;3.60;3;1;1;74;0;7782855;642;0
147;18;336;21;37;8;91;4.20;8;2;1;82;0;7782891;1875;0
147;18;336;21;37;9;99;4.60;7;2;1;79;0;7782999;280;0
147;18;336;21;37;10;0;3.80;6;2;1;85;0;7783000;286;0
147;18;336;21;37;13;7;3.60;6;2;1;83;0;7783307;290;0
147;18;336;21;37;15;99;3.60;7;2;1;83;0;7783599;579;0
147;18;336;21;37;16;76;4.60;6;2;1;80;0;7783676;353;0
147;18;336;21;37;16;71;3.80;8;2;1;79;0;7783671;761;0
147;18;336;21;37;18;13;3.40;6;2;1;84;0;7783813;116;0
147;18;336;21;37;18;29;4.00;5;2;1;91;0;7783829;969;0
147;18;336;21;37;23;23;3.40;3;1;1;80;0;7784323;1450;0
147;18;336;21;37;23;54;3.60;6;2;1;79;0;7784354;526;0
147;18;336;21;37;24;19;3.20;1;1;1;87;0;7784419;6967;0
147;18;336;21;37;25;2;3.80;2;1;1;90;0;7784502;7278;0
147;18;336;21;37;25;21;3.20;6;2;1;73;0;7784521;150;0
147;18;336;21;37;25;10;3.80;3;1;1;77;0;7784510;171;0
147;18;336;21;37;27;25;3.00;3;1;1;77;0;7784725;197;0
147;18;336;21;37;27;99;3.20;2;1;1;90;0;7784799;281;0
147;18;336;21;37;28;31;3.80;3;1;1;76;0;7784831;91;0
147;18;336;21;37;30;99;3.80;2;1;1;80;0;7785099;287;0
147;18;336;21;37;30;99;3.60;6;2;1;80;0;7785099;562;0
147;18;336;21;37;36;1;3.40;3;1;1;77;0;7785601;752;0
147;18;336;21;37;37;5;3.60;6;2;1;70;0;7785705;589;0
147;18;336;21;37;39;78;4.80;3;1;1;78;0;7785978;361;0
147;18;336;21;37;39;99;3.20;6;2;1;73;0;7785999;275;0
147;18;336;21;37;42;99;3.20;1;1;1;72;0;7786299;1866;0
147;18;336;21;37;43;4;3.80;4;1;1;82;0;7786304;5660;0
147;18;336;21;37;44;8;4.00;1;1;1;76;0;7786408;93;0
147;18;336;21;37;44;50;3.60;6;2;1;77;0;7786450;435;0
147;18;336;21;37;47;18;3.60;3;1;1;76;0;7786718;717;0
147;18;336;21;37;49;84;3.40;2;1;1;81;0;7786984;1867;0
147;18;336;21;37;50;99;3.80;2;1;1;77;0;7787099;99;0
147;18;336;21;37;52;64;9.40;1;1;2;68;0;7787264;837;0
147;18;336;21;37;52;99;3.60;6;2;1;81;0;7787299;832;0
147;18;336;21;37;56;23;3.20;6;2;1;83;0;7787623;308;0
147;18;336;21;37;57;99;3.40;3;1;1;81;0;7787799;1063;0
147;18;336;21;37;59;76;4.00;3;1;1;77;0;7787976;161;0
147;18;336;21;38;0;99;3.60;1;1;1;69;0;7788099;785;0
147;18;336;21;38;2;10;3.20;6;2;1;82;0;7788210;573;0
147;18;336;21;38;5;99;4.40;2;1;1;79;0;7788599;1482;0
147;18;336;21;38;7;89;3.20;6;2;1;77;0;7788789;564;0
147;18;336;21;38;8;99;3.60;6;2;1;80;0;7788899;95;0
147;18;336;21;38;9;19;2.80;2;1;1;83;0;7788919;299;0
147;18;336;21;38;11;99;3.60;2;1;1;81;0;7789199;267;0
147;18;336;21;38;13;99;4.00;1;1;1;84;0;7789399;1281;0
147;18;336;21;38;15;9;3.60;6;2;1;76;0;7789509;593;0
147;18;336;21;38;16;99;3.80;6;2;1;75;0;7789699;172;0
147;18;336;21;38;20;73;3.40;6;2;1;81;0;7790073;355;0
147;18;336;21;38;22;19;3.40;6;2;1;79;0;7790219;130;0
147;18;336;21;38;23;99;3.20;5;2;1;85;0;7790399;6554;0
147;18;336;21;38;25;85;4.20;6;2;1;79;0;7790585;350;0
147;18;336;21;38;27;20;4.00;3;1;1;77;0;7790720;2725;0
147;18;336;21;38;30;24;3.40;6;2;1;79;0;7791024;419;0
147;18;336;21;38;30;99;3.60;3;1;1;79;0;7791099;360;0
147;18;336;21;38;32;99;15.60;2;1;4;79;0;7791299;2084;0
147;18;336;21;38;34;99;2.80;2;1;1;76;0;7791499;128;0
147;18;336;21;38;34;99;2.80;3;1;1;63;0;7791499;383;0
147;18;336;21;38;35;47;3.60;3;1;1;63;0;7791547;32;0
147;18;336;21;38;36;99;3.60;2;1;1;72;0;7791699;186;0
147;18;336;21;38;38;90;3.60;2;1;1;74;0;7791890;173;0
147;18;336;21;38;40;27;4.00;3;1;1;87;0;7792027;459;0
147;18;336;21;38;45;14;3.20;7;2;1;72;0;7792514;8899;0
147;18;336;21;38;48;99;3.60;3;1;1;73;0;7792899;855;0
147;18;336;21;38;48;99;3.00;6;2;1;72;0;7792899;1859;0
147;18;336;21;38;49;99;4.60;6;2;1;83;0;7792999;85;0
147;18;336;21;38;51;99;3.60;6;2;1;76;0;7793199;180;0
147;18;336;21;38;51;99;3.60;1;1;1;78;0;7793199;3782;0
147;18;336;21;38;53;46;5.80;6;2;1;84;0;7793346;129;0
147;18;336;21;38;57;29;3.80;4;1;1;88;0;7793729;7408;0
147;18;336;21;38;59;99;4.00;3;1;1;83;0;7793999;1082;0
147;18;336;21;39;1;99;3.40;7;2;1;77;0;7794199;1669;0
147;18;336;21;39;2;22;3.40;2;1;1;76;0;7794222;2314;0
147;18;336;21;39;6;99;3.60;3;1;1;84;0;7794699;682;0
147;18;336;21;39;10;99;3.60;8;2;1;77;0;7795099;11410;0
147;18;336;21;39;14;99;3.60;6;2;1;81;0;7795499;2128;0
147;18;336;21;39;15;99;3.60;6;2;1;78;0;7795599;84;0
147;18;336;21;39;15;0;3.40;7;2;1;87;0;7795500;1285;0
147;18;336;21;39;21;36;3.80;6;2;1;79;0;7796136;520;0
147;18;336;21;39;25;99;3.60;5;2;1;79;0;7796599;6186;0
147;18;336;21;39;26;12;3.60;3;1;1;79;0;7796612;1897;0
147;18;336;21;39;27;99;3.80;7;2;1;72;0;7796799;1284;0
147;18;336;21;39;27;99;3.00;2;1;1;76;0;7796799;2560;0
147;18;336;21;39;31;12;3.80;2;1;1;80;0;7797112;298;0
147;18;336;21;39;33;2;3.80;7;2;1;80;0;7797302;484;0
147;18;336;21;39;34;27;3.60;5;2;1;81;0;7797427;811;0
147;18;336;21;39;35;0;3.40;3;1;1;74;0;7797500;871;0
147;18;336;21;39;35;99;3.80;6;2;1;80;0;7797599;1445;0
147;18;336;21;39;36;25;3.00;6;2;1;79;0;7797625;8;0
147;18;336;21;39;39;37;3.00;2;1;1;75;0;7797937;807;0
147;18;336;21;39;39;34;3.60;4;1;1;78;0;7797934;4189;0
147;18;336;21;39;41;66;13.20;4;1;4;83;0;7798166;215;0
147;18;336;21;39;42;99;3.80;2;1;1;65;0;7798299;347;0
147;18;336;21;39;44;46;3.80;2;1;1;67;0;7798446;125;0
147;18;336;21;39;44;75;5.00;7;2;1;90;0;7798475;1155;0
147;18;336;21;39;44;72;3.20;3;1;1;79;0;7798472;955;0
147;18;336;21;39;45;99;3.20;2;1;1;64;0;7798599;132;0
147;18;336;21;39;46;18;3.20;6;2;1;82;0;7798618;979;0
147;18;336;21;39;47;99;3.40;2;1;1;71;0;7798799;182;0
147;18;336;21;39;53;99;3.40;6;2;1;85;0;7799399;766;0
147;18;336;21;39;55;0;3.60;7;2;1;78;0;7799500;1005;0
147;18;336;21;39;56;26;3.40;3;1;1;80;0;7799626;1139;0
147;18;336;21;39;57;72;3.80;2;1;1;81;0;7799772;955;0
147;18;336;21;39;59;40;3.40;7;2;1;81;0;7799940;423;0
147;18;336;21;40;1;99;3.80;8;2;1;74;0;7800199;5083;0
147;18;336;21;40;2;46;3.40;2;1;1;83;0;7800246;457;0
147;18;336;21;40;4;4;3.60;2;1;1;81;0;7800404;143;0
147;18;336;21;40;5;99;3.00;2;1;1;84;0;7800599;179;0
147;18;336;21;40;6;99;3.40;2;1;1;84;0;7800699;87;0
147;18;336;21;40;9;99;3.40;3;1;1;74;0;7800999;1357;0
147;18;336;21;40;11;99;3.80;3;1;1;76;0;7801199;183;0
147;18;336;21;40;13;99;17.20;3;1;4;81;0;7801399;182;0
147;18;336;21;40;14;99;3.80;2;1;1;80;0;7801499;785;0
147;18;336;21;40;14;99;4.40;4;1;1;79;0;7801499;3275;0
147;18;336;21;40;14;17;3.80;8;2;1;76;0;7801417;1199;0
147;18;336;21;40;16;99;11.60;3;1;2;85;0;7801699;223;0
147;18;336;21;40;16;99;12.40;8;2;3;76;0;7801699;264;0
147;18;336;21;40;17;21;3.80;7;2;1;80;0;7801721;1765;0
147;18;336;21;40;17;56;3.40;6;2;1;81;0;7801756;2342;0
147;18;336;21;40;25;89;3.40;3;1;1;71;0;7802589;840;0
147;18;336;21;40;26;99;3.40;2;1;1;63;0;7802699;1182;0
147;18;336;21;40;26;99;4.00;7;2;1;80;0;7802699;960;0
147;18;336;21;40;28;23;3.60;6;2;1;85;0;7802823;1051;0
147;18;336;21;40;29;99;3.00;3;1;1;80;0;7802999;392;0
147;18;336;21;40;30;51;3.60;7;2;1;78;0;7803051;334;0
147;18;336;21;40;34;99;3.40;2;1;1;88;0;7803499;780;0
147;18;336;21;40;37;99;3.20;6;2;1;79;0;7803799;960;0
147;18;336;21;40;40;29;3.40;4;1;1;101;0;7804029;2509;0
147;18;336;21;40;40;32;3.60;6;2;1;73;0;7804032;218;0
147;18;336;21;40;43;42;4.00;5;2;1;76;0;7804342;6899;0
147;18;336;21;40;42;89;15.20;3;1;4;85;0;7804289;1276;0
147;18;336;21;40;43;99;3.00;6;2;1;78;0;7804399;349;0
147;18;336;21;40;43;35;15.00;2;1;4;78;0;7804335;822;0
147;18;336;21;40;47;99;3.60;6;2;1;78;0;7804799;386;0
147;18;336;21;40;50;99;3.40;6;2;1;79;0;7805099;283;0
147;18;336;21;40;50;2;3.60;2;1;1;80;0;7805002;597;0
147;18;336;21;40;52;99;3.60;7;2;1;78;0;7805299;2231;0
147;18;336;21;40;53;14;3.80;6;2;1;84;0;7805314;199;0
147;18;336;21;40;53;9;3.60;3;1;1;74;0;7805309;955;0
147;18;336;21;40;57;99;3.40;3;1;1;77;0;7805799;472;0
147;18;336;21;41;0;99;3.40;6;2;1;75;0;7806099;768;0
147;18;336;21;41;5;3;3.80;7;2;1;86;0;7806503;1187;0
147;18;336;21;41;5;26;4.00;8;2;1;85;0;7806526;4768;0
147;18;336;21;41;5;99;3.60;6;2;1;81;0;7806599;483;0
147;18;336;21;41;5;99;3.20;5;2;1;79;0;7806599;2238;0
147;18;336;21;41;7;99;15.60;3;1;4;79;0;7806799;984;0
147;18;336;21;41;12;99;3.40;3;1;1;78;0;7807299;428;0
147;18;336;21;41;14;17;5.40;6;2;1;90;0;7807417;802;0
147;18;336;21;41;15;99;4.00;4;1;1;89;0;7807599;3557;0
147;18;336;21;41;16;20;3.80;3;1;1;80;0;7807620;305;0
147;18;336;21;41;19;12;3.40;6;2;1;81;0;7807912;473;0
147;18;336;21;41;19;60;3.80;7;2;1;80;0;7807960;1441;0
147;18;336;21;41;19;85;3.80;2;1;1;90;0;7807985;2966;0
147;18;336;21;41;24;17;3.60;6;2;1;79;0;7808417;489;0
147;18;336;21;41;31;99;15.20;2;1;4;75;0;7809199;1198;0
147;18;336;21;41;34;42;3.60;6;2;1;81;0;7809442;1008;0
147;18;336;21;41;36;2;3.20;6;2;1;81;0;7809602;144;0
147;18;336;21;41;38;0;3.40;2;1;1;68;0;7809800;528;0
147;18;336;21;41;40;9;3.20;5;2;1;83;0;7810009;3395;0
147;18;336;21;41;42;94;4.00;3;1;1;90;0;7810294;2656;0
147;18;336;21;41;43;12;3.80;2;1;1;79;0;7810312;494;0
147;18;336;21;41;44;36;3.40;2;1;1;80;0;7810436;106;0
147;18;336;21;41;44;54;4.00;4;1;1;85;0;7810454;2838;0
147;18;336;21;41;46;19;3.20;6;2;1;75;0;7810619;1002;0
147;18;336;21;41;51;99;3.40;6;2;1;79;0;7811199;564;0
147;18;336;21;41;58;99;3.80;2;1;1;79;0;7811899;1447;0
147;18;336;21;42;2;25;3.80;5;2;1;80;0;7812225;2202;0
147;18;336;21;42;2;66;3.20;6;2;1;68;0;7812266;1051;0
147;18;336;21;42;7;12;3.60;4;1;1;91;0;7812712;2241;0
147;18;336;21;42;10;99;3.40;2;1;1;80;0;7813099;1182;0
147;18;336;21;42;13;87;3.40;7;2;1;81;0;7813387;5409;0
147;18;336;21;42;14;99;3.40;6;2;1;81;0;7813499;1216;0
147;18;336;21;42;14;99;4.00;2;1;1;78;0;7813499;384;0
147;18;336;21;42;15;25;3.60;6;2;1;79;0;7813525;10;0
147;18;336;21;42;15;64;3.40;5;2;1;85;0;7813564;1321;0
147;18;336;21;42;16;99;3.60;7;2;1;83;0;7813699;296;0
147;18;336;21;42;18;7;3.00;7;2;1;86;0;7813807;92;0
147;18;336;21;42;18;78;3.40;6;2;1;79;0;7813878;336;0
147;18;336;21;42;20;14;3.20;2;1;1;68;0;7814014;496;0
147;18;336;21;42;24;99;3.80;2;1;1;74;0;7814499;468;0
147;18;336;21;42;27;99;3.80;2;1;1;79;0;7814799;281;0
147;18;336;21;42;32;99;3.40;6;2;1;80;0;7815299;1405;0
147;18;336;21;42;34;99;3.80;3;1;1;76;0;7815499;5189;0
147;18;336;21;42;35;99;4.00;2;1;1;80;0;7815599;782;0
147;18;336;21;42;37;99;3.60;6;2;1;81;0;7815799;484;0
147;18;336;21;42;38;72;3.40;3;1;1;80;0;7815872;355;0
147;18;336;21;42;39;99;3.80;4;1;1;81;0;7815999;3272;0
147;18;336;21;42;40;28;3.40;2;1;1;82;0;7816028;411;0
147;18;336;21;42;41;99;3.20;3;1;1;80;0;7816199;311;0
147;18;336;21;42;42;99;3.80;2;1;1;80;0;7816299;256;0
147;18;336;21;42;42;43;24.40;7;2;5;79;0;7816243;2423;0
147;18;336;21;42;45;12;3.80;8;2;1;84;0;7816512;9969;0
147;18;336;21;42;48;62;3.40;3;1;1;80;0;7816862;648;0
147;18;336;21;42;49;99;3.80;6;2;1;82;0;7816999;1184;0
147;18;336;21;42;50;15;4.00;2;1;1;86;0;7817015;698;0
147;18;336;21;42;51;84;3.40;4;1;1;80;0;7817184;1168;0
147;18;336;21;42;52;99;4.40;7;2;1;82;0;7817299;944;0
147;18;336;21;42;59;15;4.00;6;2;1;74;0;7817915;899;0
147;18;336;21;43;0;99;3.80;2;1;1;81;0;7818099;1067;0
147;18;336;21;43;0;99;3.40;6;2;1;70;0;7818099;164;0
147;18;336;21;43;1;58;2.80;5;2;1;74;0;7818158;4579;0
147;18;336;21;43;4;70;3.00;2;1;1;65;0;7818470;354;0
147;18;336;21;43;8;99;3.40;2;1;1;69;0;7818899;412;0
147;18;336;21;43;9;10;3.40;6;2;1;87;0;7818910;793;0
147;18;336;21;43;10;39;9.20;7;2;3;54;0;7819039;1720;0
147;18;336;21;43;13;99;3.40;3;1;1;77;0;7819399;2521;0
147;18;336;21;43;15;99;4.00;4;1;1;76;0;7819599;2399;0
147;18;336;21;43;15;99;4.00;6;2;1;82;0;7819599;674;0
147;18;336;21;43;15;99;3.20;2;1;1;80;0;7819599;682;0
147;18;336;21;43;18;99;3.40;3;1;1;65;0;7819899;484;0
147;18;336;21;43;18;99;3.40;6;2;1;74;0;7819899;282;0
147;18;336;21;43;19;85;4.00;5;2;1;74;0;7819985;1813;0
147;18;336;21;43;21;11;5.20;7;2;1;77;0;7820111;1010;0
147;18;336;21;43;24;67;3.60;7;2;1;74;0;7820467;331;0
147;18;336;21;43;25;14;4.60;3;1;1;82;0;7820514;596;0
147;18;336;21;43;25;99;4.60;7;2;1;67;0;7820599;114;0
147;18;336;21;43;27;6;3.60;1;1;1;82;0;7820706;27490;0
147;18;336;21;43;26;13;3.20;7;2;1;73;0;7820613;-1;0
147;18;336;21;43;28;17;3.40;3;1;1;81;0;7820817;282;0
147;18;336;21;43;30;99;3.60;5;2;1;83;0;7821099;1094;0
147;18;336;21;43;30;99;7.00;6;2;6;81;0;7821099;1183;0
147;18;336;21;43;33;99;3.80;3;1;1;77;0;7821399;566;0
147;18;336;21;43;35;10;4.00;6;2;1;80;0;7821510;379;0
147;18;336;21;43;35;17;3.60;7;2;1;81;0;7821517;888;0
147;18;336;21;43;37;50;3.60;6;2;1;79;0;7821750;222;0
147;18;336;21;43;37;85;3.20;5;2;1;86;0;7821785;670;0
147;18;336;21;43;38;99;3.40;3;1;1;77;0;7821899;482;0
147;18;336;21;43;38;99;3.60;6;2;1;78;0;7821899;132;0
147;18;336;21;43;39;36;3.60;2;1;1;73;0;7821936;2322;0
147;18;336;21;43;42;23;3.60;3;1;1;76;0;7822223;308;0
147;18;336;21;43;47;35;3.60;7;2;1;78;0;7822735;1202;0
147;18;336;21;43;49;0;3.60;3;1;1;78;0;7822900;659;0
147;18;336;21;43;50;82;5.00;8;2;1;80;0;7823082;6553;0
147;18;336;21;43;50;99;3.60;6;2;1;73;0;7823099;1183;0
147;18;336;21;43;52;52;4.20;7;2;1;83;0;7823252;500;0
147;18;336;21;43;53;99;3.00;4;1;1;80;0;7823399;3781;0
147;18;336;21;43;55;11;4.00;6;2;1;80;0;7823511;394;0
147;18;336;21;43;55;12;3.80;3;1;1;69;0;7823512;595;0
147;18;336;21;43;56;99;3.60;5;2;1;81;0;7823699;1900;0
147;18;336;21;43;57;15;3.60;6;2;1;75;0;7823715;186;0
147;18;336;21;43;59;24;3.40;6;2;1;80;0;7823924;191;0
147;18;336;21;44;0;31;3.80;6;2;1;87;0;7824031;91;0
147;18;336;21;44;2;34;3.20;3;1;1;79;0;7824234;702;0
147;18;336;21;44;4;22;3.60;7;2;1;79;0;7824422;1151;0
147;18;336;21;44;6;26;3.00;6;2;1;77;0;7824626;579;0
147;18;336;21;44;7;99;3.80;6;2;1;73;0;7824799;158;0
147;18;336;21;44;8;91;3.40;6;2;1;68;0;7824891;73;0
147;18;336;21;44;9;99;1.00;8;2;1;1;1;7824999;1894;0
147;18;336;21;44;10;14;3.00;2;1;1;74;0;7825014;3060;0
147;18;336;21;44;11;99;3.80;3;1;1;81;0;7825199;950;0
147;18;336;21;44;12;99;3.60;6;2;1;77;0;7825299;390;0
147;18;336;21;44;13;22;3.60;5;2;1;83;0;7825322;1607;0
147;18;336;21;44;14;13;3.80;6;2;1;79;0;7825413;97;0
147;18;336;21;44;14;99;3.60;8;2;1;75;0;7825499;2394;0
147;18;336;21;44;14;99;3.80;5;2;1;82;0;7825499;161;0
147;18;336;21;44;15;5;3.80;4;1;1;82;0;7825505;2092;0
147;18;336;21;44;15;15;3.40;5;2;1;83;0;7825515;-1;0
147;18;336;21;44;16;99;3.60;3;1;1;74;0;7825699;483;0
147;18;336;21;44;17;99;3.60;2;1;1;72;0;7825799;770;0
147;18;336;21;44;18;10;3.80;3;1;1;76;0;7825810;93;0
147;18;336;21;44;18;50;3.40;6;2;1;85;0;7825850;419;0
147;18;336;21;44;19;4;4.20;7;2;1;84;0;7825904;1465;0
147;18;336;21;44;20;12;3.40;3;1;1;80;0;7826012;184;0
147;18;336;21;44;20;99;3.60;2;1;1;73;0;7826099;282;0
147;18;336;21;44;21;23;3.40;6;2;1;78;0;7826123;258;0
147;18;336;21;44;22;99;3.60;7;2;1;77;0;7826299;377;0
147;18;336;21;44;23;82;4.00;2;1;1;86;0;7826382;265;0
147;18;336;21;44;23;88;3.40;6;2;1;85;0;7826388;249;0
147;18;336;21;44;25;29;3.20;3;1;1;77;0;7826529;501;0
147;18;336;21;44;27;99;3.60;3;1;1;77;0;7826799;255;0
147;18;336;21;44;28;7;3.60;1;1;1;75;0;7826807;6085;0
147;18;336;21;44;28;14;3.80;2;1;1;85;0;7826814;415;0
147;18;336;21;44;30;99;3.00;6;2;1;80;0;7827099;696;0
147;18;336;21;44;30;27;3.40;2;1;1;77;0;7827027;196;0
147;18;336;21;44;33;29;3.20;8;2;1;75;0;7827329;1812;0
147;18;336;21;44;34;99;4.60;6;2;1;84;0;7827499;386;0
147;18;336;21;44;37;99;3.40;3;1;1;80;0;7827799;983;0
147;18;336;21;44;40;99;7.40;6;2;2;75;0;7828099;580;0
147;18;336;21;44;48;99;3.40;3;1;1;68;0;7828899;1084;0
147;18;336;21;44;49;99;4.60;3;1;1;70;0;7828999;82;0
147;18;336;21;44;50;99;3.80;4;1;1;82;0;7829099;3577;0
147;18;336;21;44;51;2;3.40;2;1;1;69;0;7829102;2059;0
147;18;336;21;44;54;87;3.60;3;1;1;73;0;7829487;464;0
147;18;336;21;44;55;12;3.40;4;1;1;88;0;7829512;396;0
147;18;336;21;44;55;99;3.80;3;1;1;73;0;7829599;94;0
147;18;336;21;44;56;4;3.40;6;2;1;83;0;7829604;1469;0
147;18;336;21;44;56;0;3.80;1;1;1;79;0;7829600;2775;0
147;18;336;21;44;56;24;3.40;4;1;1;81;0;7829624;98;0
147;18;336;21;44;58;22;3.40;3;1;1;82;0;7829822;204;0
147;18;336;21;45;4;71;3.60;6;2;1;78;0;7830471;852;0
147;18;336;21;45;5;99;4.00;3;1;1;78;0;7830599;762;0
147;18;336;21;45;7;99;4.00;3;1;1;82;0;7830799;181;0
147;18;336;21;45;8;3;3.80;4;1;1;82;0;7830803;1163;0
147;18;336;21;45;9;4;3.40;3;1;1;85;0;7830904;87;0
147;18;336;21;45;10;99;3.80;6;2;1;82;0;7831099;611;0
147;18;336;21;45;11;9;3.20;3;1;1;83;0;7831109;190;0
147;18;336;21;45;15;6;4.20;1;1;1;89;0;7831506;1888;0
147;18;336;21;45;17;10;3.60;4;1;1;84;0;7831710;890;0
147;18;336;21;45;17;51;3.80;3;1;1;76;0;7831751;628;0
147;18;336;21;45;17;99;3.00;6;2;1;79;0;7831799;683;0
147;18;336;21;45;21;99;3.60;5;2;1;78;0;7832199;6669;0
147;18;336;21;45;22;5;3.20;6;2;1;79;0;7832205;392;0
147;18;336;21;45;22;33;3.40;2;1;1;79;0;7832233;3113;0
147;18;336;21;45;23;99;3.60;2;1;1;79;0;7832399;150;0
147;18;336;21;45;24;99;4.00;6;2;1;75;0;7832499;279;0
147;18;336;21;45;24;31;3.60;2;1;1;76;0;7832431;15;0
147;18;336;21;45;25;99;3.40;3;1;1;73;0;7832599;830;0
147;18;336;21;45;28;19;3.20;3;1;1;70;0;7832819;203;0
147;18;336;21;45;28;99;3.80;4;1;1;83;0;7832899;1173;0
147;18;336;21;45;34;99;3.40;1;1;1;80;0;7833499;1976;0
147;18;336;21;45;35;98;16.00;2;1;4;83;0;7833598;1149;0
147;18;336;21;45;38;99;3.60;5;2;1;82;0;7833899;1683;0
147;18;336;21;45;38;99;4.00;3;1;1;78;0;7833899;1063;0
147;18;336;21;45;38;99;3.40;6;2;1;75;0;7833899;1380;0
147;18;336;21;45;40;61;3.40;6;2;1;69;0;7834061;145;0
147;18;336;21;45;40;99;3.40;4;1;1;86;0;7834099;1183;0
147;18;336;21;45;40;98;3.80;2;1;1;76;0;7834098;430;0
147;18;336;21;45;42;58;3.40;6;2;1;74;0;7834258;179;0
147;18;336;21;45;43;99;3.60;5;2;1;83;0;7834399;484;0
147;18;336;21;45;44;99;3.60;6;2;1;72;0;7834499;224;0
147;18;336;21;45;45;49;3.20;7;2;1;69;0;7834549;8233;0
147;18;336;21;45;45;74;4.40;6;2;1;78;0;7834574;57;0
147;18;336;21;45;46;99;3.00;6;2;1;77;0;7834699;104;0
147;18;336;21;45;47;26;3.80;3;1;1;77;0;7834726;808;0
147;18;336;21;45;48;99;3.80;8;2;1;88;0;7834899;7554;0
147;18;336;21;45;49;99;3.00;2;1;1;80;0;7834999;883;0
147;18;336;21;45;49;99;3.40;6;2;1;72;0;7834999;285;0
147;18;336;21;45;50;22;4.60;7;2;1;82;0;7835022;456;0
147;18;336;21;45;50;26;5.00;8;2;1;81;0;7835026;111;0
147;18;336;21;45;50;71;3.20;3;1;1;83;0;7835071;327;0
147;18;336;21;45;51;99;3.60;6;2;1;82;0;7835199;183;0
147;18;336;21;45;51;99;3.80;2;1;1;75;0;7835199;186;0
147;18;336;21;45;52;99;4.00;1;1;1;86;0;7835299;1784;0
147;18;336;21;45;53;19;3.60;6;2;1;85;0;7835319;104;0
147;18;336;21;45;53;84;3.60;3;1;1;79;0;7835384;299;0
147;18;336;21;45;55;6;3.00;6;2;1;82;0;7835506;171;0
147;18;336;21;45;55;49;3.20;3;1;1;76;0;7835549;148;0
147;18;336;21;45;56;99;3.20;2;1;1;83;0;7835699;481;0
147;18;336;21;45;57;99;3.40;3;1;1;76;0;7835799;234;0
147;18;336;21;45;58;88;3.40;6;2;1;76;0;7835888;368;0
147;18;336;21;46;0;31;3.40;3;1;1;79;0;7836031;215;0
147;18;336;21;46;2;6;3.40;2;1;1;78;0;7836206;493;0
147;18;336;21;46;2;99;4.40;6;2;1;75;0;7836299;394;0
147;18;336;21;46;3;58;3.00;2;1;1;78;0;7836358;136;0
147;18;336;21;46;3;62;3.40;6;2;1;76;0;7836362;41;0
147;18;336;21;46;4;99;3.80;4;1;1;85;0;7836499;2385;0
147;18;336;21;46;4;99;3.40;1;1;1;75;0;7836499;1183;0
147;18;336;21;46;5;50;3.80;6;2;1;81;0;7836550;171;0
147;18;336;21;46;6;99;3.40;3;1;1;78;0;7836699;652;0
147;18;336;21;46;10;16;3.40;6;2;1;79;0;7837016;449;0
147;18;336;21;46;10;16;4.00;7;2;1;79;0;7837016;1973;0
147;18;336;21;46;10;99;4.60;5;2;1;78;0;7837099;2684;0
147;18;336;21;46;11;17;3.20;5;2;1;79;0;7837117;-1;0
147;18;336;21;46;12;99;2.80;6;2;1;80;0;7837299;267;0
147;18;336;21;46;17;31;3.60;6;2;1;89;0;7837731;419;0
147;18;336;21;46;17;99;5.40;7;2;1;75;0;7837799;764;0
147;18;336;21;46;18;48;3.20;2;1;1;75;0;7837848;1476;0
147;18;336;21;46;20;16;3.60;3;1;1;78;0;7838016;1301;0
147;18;336;21;46;20;21;3.40;7;2;1;77;0;7838021;196;0
147;18;336;21;46;21;21;3.00;6;2;1;73;0;7838121;375;0
147;18;336;21;46;22;99;3.60;4;1;1;83;0;7838299;1783;0
147;18;336;21;46;23;21;3.20;7;2;1;78;0;7838321;284;0
147;18;336;21;46;24;99;3.20;7;2;1;74;0;7838499;163;0
147;18;336;21;46;27;99;3.80;4;1;1;76;0;7838799;484;0
147;18;336;21;46;27;99;3.80;6;2;1;86;0;7838799;663;0
147;18;336;21;46;30;99;3.40;6;2;1;81;0;7839099;284;0
147;18;336;21;46;31;80;3.60;7;2;1;79;0;7839180;665;0
147;18;336;21;46;33;25;3.80;8;2;1;81;0;7839325;4276;0
147;18;336;21;46;38;99;4.00;3;1;1;82;0;7839899;1866;0
147;18;336;21;46;40;99;15.40;3;1;4;79;0;7840099;182;0
147;18;336;21;46;41;23;3.80;2;1;1;81;0;7840123;2259;0
147;18;336;21;46;42;99;4.20;1;1;1;79;0;7840299;3783;0
147;18;336;21;46;46;56;3.60;6;2;1;78;0;7840656;1541;0
147;18;336;21;46;48;99;3.40;3;1;1;78;0;7840899;729;0
147;18;336;21;46;52;86;3.20;2;1;1;78;0;7841286;1146;0
147;18;336;21;46;58;99;3.20;6;2;1;71;0;7841899;1226;0
147;18;336;21;46;59;10;3.60;5;2;1;79;0;7841910;4778;0
147;18;336;21;47;1;4;3.40;7;2;1;77;0;7842104;2907;0
147;18;336;21;47;2;37;16.20;2;1;4;79;0;7842237;936;0
147;18;336;21;47;5;99;3.60;6;2;1;83;0;7842599;683;0
147;18;336;21;47;5;99;3.60;3;1;1;83;0;7842599;1684;0
147;18;336;21;47;8;99;3.20;6;2;1;76;0;7842899;284;0
147;18;336;21;47;13;99;3.60;5;2;1;80;0;7843399;1472;0
147;18;336;21;47;15;99;3.80;3;1;1;78;0;7843599;984;0
147;18;336;21;47;16;99;3.80;8;2;1;73;0;7843699;4357;0
147;18;336;21;47;16;99;3.60;6;2;1;70;0;7843699;784;0
147;18;336;21;47;16;99;3.60;7;2;1;81;0;7843699;1579;0
147;18;336;21;47;17;15;11.80;2;1;3;80;0;7843715;1404;0
147;18;336;21;47;19;99;3.60;7;2;1;72;0;7843999;284;0
147;18;336;21;47;20;99;4.00;1;1;1;99;0;7844099;3780;0
147;18;336;21;47;20;99;3.60;7;2;1;72;0;7844099;82;0
147;18;336;21;47;23;99;3.60;6;2;1;73;0;7844399;681;0
147;18;336;21;47;24;99;3.80;5;2;1;93;0;7844499;1083;0
147;18;336;21;47;24;99;3.80;3;1;1;87;0;7844499;882;0
147;18;336;21;47;25;23;3.60;6;2;1;84;0;7844523;106;0
147;18;336;21;47;30;73;3.40;6;2;1;74;0;7845073;534;0
147;18;336;21;47;33;99;3.40;6;2;1;78;0;7845399;309;0
147;18;336;21;47;40;31;3.80;2;1;1;85;0;7846031;2262;0
147;18;336;21;47;42;99;3.40;2;1;1;85;0;7846299;251;0
147;18;336;21;47;43;71;4.20;6;2;1;76;0;7846371;956;0
147;18;336;21;47;44;99;3.80;2;1;1;85;0;7846499;185;0
147;18;336;21;47;45;2;3.60;6;2;1;83;0;7846502;111;0
147;18;336;21;47;46;17;4.00;1;1;1;86;0;7846617;2503;0
147;18;336;21;47;46;99;4.00;5;2;1;79;0;7846699;2185;0
147;18;336;21;47;47;99;3.60;6;2;1;82;0;7846799;281;0
147;18;336;21;47;48;87;3.80;3;1;1;85;0;7846887;2372;0
147;18;336;21;47;55;15;2.80;6;2;1;76;0;7847515;700;0
147;18;336;21;47;58;84;3.60;2;1;1;77;0;7847884;1368;0
147;18;336;21;47;58;79;3.80;6;2;1;71;0;7847879;350;0
147;18;336;21;48;2;99;3.20;6;2;1;73;0;7848299;400;0
147;18;336;21;48;4;2;3.60;8;2;1;82;0;7848402;4684;0
147;18;336;21;48;4;99;4.80;5;2;1;85;0;7848499;1781;0
147;18;336;21;48;6;99;3.80;8;2;1;83;0;7848699;281;0
147;18;336;21;48;9;99;3.20;4;1;1;83;0;7848999;10182;0
147;18;336;21;48;11;78;3.60;3;1;1;76;0;7849178;2274;0
147;18;336;21;48;12;89;13.60;4;1;4;82;0;7849289;276;0
147;18;336;21;48;13;38;3.00;2;1;1;76;0;7849338;1437;0
147;18;336;21;48;14;16;3.80;6;2;1;81;0;7849416;1101;0
147;18;336;21;48;12;38;4.00;7;2;1;17;0;7849238;5121;0
147;18;336;21;48;14;99;3.40;3;1;1;78;0;7849499;303;0
147;18;336;21;48;14;99;3.60;4;1;1;81;0;7849499;150;0
147;18;336;21;48;15;99;3.40;3;1;1;79;0;7849599;84;0
147;18;336;21;48;15;99;8.80;6;2;2;87;0;7849599;166;0
147;18;336;21;48;17;31;3.20;6;2;1;83;0;7849731;95;0
147;18;336;21;48;18;12;3.60;2;1;1;81;0;7849812;459;0
147;18;336;21;48;19;99;3.60;6;2;1;86;0;7849999;254;0
147;18;336;21;48;20;99;3.80;3;1;1;69;0;7850099;484;0
147;18;336;21;48;21;46;3.80;2;1;1;74;0;7850146;318;0
147;18;336;21;48;21;82;3.60;3;1;1;69;0;7850182;63;0
147;18;336;21;48;22;1;4.00;6;2;1;82;0;7850201;186;0
147;18;336;21;48;24;87;3.60;3;1;1;73;0;7850487;286;0
147;18;336;21;48;25;99;3.40;1;1;1;76;0;7850599;3965;0
147;18;336;21;48;27;99;3.40;2;1;1;66;0;7850799;634;0
147;18;336;21;48;30;99;4.00;3;1;1;73;0;7851099;594;0
147;18;336;21;48;31;32;3.80;2;1;1;78;0;7851132;314;0
147;18;336;21;48;36;99;3.60;3;1;1;72;0;7851699;580;0
147;18;336;21;48;38;99;3.40;6;2;1;86;0;7851899;1680;0
147;18;336;21;48;39;22;3.20;3;1;1;78;0;7851922;205;0
147;18;336;21;48;39;63;3.80;8;2;1;91;0;7851963;3247;0
147;18;336;21;48;42;99;3.60;2;1;1;73;0;7852299;1149;0
147;18;336;21;48;46;99;4.00;2;1;1;79;0;7852699;382;0
147;18;336;21;48;49;99;3.40;6;2;1;72;0;7852999;1085;0
147;18;336;21;48;52;74;3.60;2;1;1;74;0;7853274;556;0
147;18;336;21;48;53;99;3.40;6;2;1;82;0;7853399;383;0
147;18;336;21;48;54;47;3.40;2;1;1;74;0;7853447;155;0
147;18;336;21;49;1;99;3.40;6;2;1;84;0;7854199;785;0
147;18;336;21;49;1;99;3.60;2;1;1;72;0;7854199;735;0
147;18;336;21;49;4;0;3.60;3;1;1;80;0;7854400;2463;0
147;18;336;21;49;4;4;3.80;8;2;1;83;0;7854404;2425;0
147;18;336;21;49;5;87;3.20;6;2;1;77;0;7854587;373;0
147;18;336;21;49;7;20;3.80;1;1;1;76;0;7854720;4104;0
147;18;336;21;49;11;1;3.40;3;1;1;69;0;7855101;684;0
147;18;336;21;49;13;99;3.80;3;1;1;69;0;7855399;280;0
147;18;336;21;49;15;83;3.20;6;2;1;85;0;7855583;981;0
147;18;336;21;49;19;99;3.80;3;1;1;74;0;7855999;580;0
147;18;336;21;49;21;13;3.60;6;2;1;78;0;7856113;516;0
147;18;336;21;49;21;99;3.40;3;1;1;77;0;7856199;181;0
147;18;336;21;49;22;44;4.40;6;2;1;77;0;7856244;114;0
147;18;336;21;49;25;11;5.80;6;2;1;79;0;7856511;246;0
147;18;336;21;49;25;79;3.40;5;2;1;83;0;7856579;8059;0
147;18;336;21;49;28;17;3.40;2;1;1;79;0;7856817;2600;0
147;18;336;21;49;29;99;4.00;3;1;1;79;0;7856999;784;0
147;18;336;21;49;33;54;3.20;6;2;1;73;0;7857354;816;0
147;18;336;21;49;34;99;3.80;7;2;1;79;0;7857499;8176;0
147;18;336;21;49;34;99;3.60;6;2;1;75;0;7857499;129;0
147;18;336;21;49;37;2;3.40;8;2;1;83;0;7857702;3281;0
147;18;336;21;49;38;2;3.60;5;2;1;79;0;7857802;1208;0
147;18;336;21;49;40;34;3.40;3;1;1;83;0;7858034;1016;0
147;18;336;21;49;42;99;3.60;3;1;1;81;0;7858299;250;0
147;18;336;21;49;43;1;3.60;6;2;1;83;0;7858301;784;0
147;18;336;21;49;48;69;3.60;6;2;1;76;0;7858869;552;0
147;18;336;21;49;52;26;3.40;4;1;1;80;0;7859226;9711;0
147;18;336;21;49;53;18;3.80;6;2;1;76;0;7859318;431;0
147;18;336;21;49;57;99;3.80;6;2;1;75;0;7859799;463;0
147;18;336;21;49;58;34;3.60;6;2;1;72;0;7859834;16;0
147;18;336;21;49;59;99;3.40;6;2;1;76;0;7859999;147;0
147;18;336;21;50;0;99;3.80;5;2;1;85;0;7860099;2280;0
147;18;336;21;50;0;1;3.20;3;1;1;80;0;7860001;1686;0
147;18;336;21;50;2;99;4.40;2;1;1;83;0;7860299;3466;0
147;18;336;21;50;5;1;3.60;1;1;1;70;0;7860501;5763;0
147;18;336;21;50;5;99;3.40;4;1;1;82;0;7860599;1357;0
147;18;336;21;50;6;1;5.40;2;1;1;80;0;7860601;282;0
147;18;336;21;50;7;99;3.80;6;2;1;77;0;7860799;783;0
147;18;336;21;50;9;99;3.40;3;1;1;79;0;7860999;983;0
147;18;336;21;50;17;99;3.00;2;1;1;77;0;7861799;1173;0
147;18;336;21;50;25;27;3.00;6;2;1;79;0;7862527;1710;0
147;18;336;21;50;25;99;3.60;1;1;1;84;0;7862599;2079;0
147;18;336;21;50;31;19;3.80;7;2;1;78;0;7863119;5602;0
147;18;336;21;50;34;79;3.60;3;1;1;72;0;7863479;2464;0
147;18;336;21;50;35;99;4.60;6;2;1;81;0;7863599;1058;0
147;18;336;21;50;36;99;3.60;2;1;1;79;0;7863699;1885;0
147;18;336;21;50;37;0;4.40;3;1;1;72;0;7863700;203;0
147;18;336;21;50;38;99;3.40;2;1;1;75;0;7863899;183;0
147;18;336;21;50;39;44;3.40;3;1;1;77;0;7863944;222;0
147;18;336;21;50;41;99;3.20;6;2;1;73;0;7864199;579;0
147;18;336;21;50;44;99;3.80;7;2;1;83;0;7864499;1362;0
147;18;336;21;50;45;84;3.60;6;2;1;75;0;7864584;369;0
147;18;336;21;50;47;71;3.60;3;1;1;81;0;7864771;811;0
147;18;336;21;50;51;99;3.20;2;1;1;81;0;7865199;1283;0
147;18;336;21;50;52;41;3.20;3;1;1;81;0;7865241;454;0
147;18;336;21;50;52;84;3.40;8;2;1;77;0;7865284;7567;0
147;18;336;21;50;53;8;4.00;6;2;1;80;0;7865308;706;0
147;18;336;21;50;53;99;3.40;2;1;1;79;0;7865399;185;0
147;18;336;21;50;53;99;3.80;6;2;1;79;0;7865399;73;0
147;18;336;21;50;55;99;3.60;2;1;1;81;0;7865599;184;0
147;18;336;21;50;58;99;4.00;6;2;1;84;0;7865899;482;0
147;18;336;21;51;3;99;3.60;7;2;1;88;0;7866399;1883;0
147;18;336;21;51;4;0;3.40;5;2;1;91;0;7866400;6284;0
147;18;336;21;51;4;99;3.00;6;2;1;74;0;7866499;582;0
147;18;336;21;51;6;10;3.60;2;1;1;78;0;7866610;995;0
147;18;336;21;51;8;99;3.00;3;1;1;72;0;7866899;1643;0
147;18;336;21;51;8;99;3.80;6;2;1;82;0;7866899;385;0
147;18;336;21;51;9;99;4.00;1;1;1;86;0;7866999;4384;0
147;18;336;21;51;9;99;11.60;2;1;2;76;0;7866999;372;0
147;18;336;21;51;12;99;3.20;3;1;1;73;0;7867299;385;0
147;18;336;21;51;13;99;3.40;7;2;1;84;0;7867399;985;0
147;18;336;21;51;15;9;3.40;3;1;1;76;0;7867509;194;0
147;18;336;21;51;15;16;3.80;8;2;1;80;0;7867516;2216;0
147;18;336;21;51;18;92;3.80;2;1;1;74;0;7867892;838;0
147;18;336;21;51;19;99;3.40;4;1;1;80;0;7867999;7385;0
147;18;336;21;51;24;99;3.80;6;2;1;83;0;7868499;1583;0
147;18;336;21;51;24;99;3.60;2;1;1;77;0;7868499;588;0
147;18;336;21;51;26;99;3.60;3;1;1;77;0;7868699;1173;0
147;18;336;21;51;27;99;3.00;6;2;1;74;0;7868799;283;0
147;18;336;21;51;30;88;15.60;3;1;4;79;0;7869088;372;0
147;18;336;21;51;31;99;3.60;7;2;1;77;0;7869199;1785;0
147;18;336;21;51;34;8;3.40;3;1;1;77;0;7869408;248;0
147;18;336;21;51;34;99;3.20;2;1;1;83;0;7869499;983;0
147;18;336;21;51;37;99;3.40;2;1;1;80;0;7869799;286;0
147;18;336;21;51;36;68;14.80;3;1;4;78;0;7869668;244;0
147;18;336;21;51;37;99;3.00;6;2;1;80;0;7869799;985;0
147;18;336;21;51;38;21;3.00;3;1;1;76;0;7869821;84;0
147;18;336;21;51;38;33;3.80;8;2;1;78;0;7869833;2299;0
147;18;336;21;51;40;23;3.80;6;2;1;79;0;7870023;210;0
147;18;336;21;51;40;23;3.20;3;1;1;77;0;7870023;187;0
147;18;336;21;51;42;99;3.40;2;1;1;81;0;7870299;484;0
147;18;336;21;51;47;99;3.40;6;2;1;79;0;7870799;758;0
147;18;336;21;51;49;99;3.60;4;1;1;73;0;7870999;2984;0
147;18;336;21;51;53;26;3.80;5;2;1;88;0;7871326;4912;0
147;18;336;21;51;54;99;3.80;5;2;1;85;0;7871499;157;0
147;18;336;21;51;55;10;3.60;6;2;1;81;0;7871510;695;0
147;18;336;21;51;57;99;3.40;3;1;1;72;0;7871799;1761;0
147;18;336;21;51;59;64;3.40;7;2;1;79;0;7871964;2748;0
147;18;336;21;51;59;74;3.60;3;1;1;69;0;7871974;158;0
147;18;336;21;52;0;99;3.20;3;1;1;75;0;7872099;106;0
147;18;336;21;52;2;99;3.40;2;1;1;78;0;7872299;1984;0
147;18;336;21;52;2;99;4.00;3;1;1;70;0;7872299;184;0
147;18;336;21;52;3;99;12.40;7;2;2;87;0;7872399;419;0
147;18;336;21;52;4;80;3.80;3;1;1;73;0;7872480;160;7871799
147;18;336;21;52;5;99;3.00;6;2;1;70;0;7872599;1073;0
147;18;336;21;52;5;99;3.60;5;2;1;80;0;7872599;1083;0
147;18;336;21;52;7;2;3.60;3;1;1;74;0;7872702;203;0
147;18;336;21;52;9;1;3.80;3;1;1;84;0;7872901;181;0
147;18;336;21;52;11;3;4.80;7;2;1;80;0;7873103;652;0
147;18;336;21;52;13;99;3.20;6;2;1;78;0;7873399;784;0
147;18;336;21;52;14;99;3.80;2;1;1;76;0;7873499;1184;0
147;18;336;21;52;17;16;3.40;4;1;1;87;0;7873716;2699;0
147;18;336;21;52;18;99;2.80;3;1;1;73;0;7873899;981;0
147;18;336;21;52;19;3;3.60;2;1;1;81;0;7873903;386;0
147;18;336;21;52;19;15;3.80;4;1;1;85;0;7873915;184;0
147;18;336;21;52;21;9;3.60;6;2;1;83;0;7874109;695;0
147;18;336;21;52;23;4;3.80;7;2;1;79;0;7874304;1179;0
147;18;336;21;52;27;72;3.20;6;2;1;66;0;7874772;647;0
147;18;336;21;52;28;99;3.80;7;2;1;81;0;7874899;577;0
147;18;336;21;52;28;99;3.20;6;2;1;66;0;7874899;109;0
147;18;336;21;52;29;99;4.20;5;2;1;80;0;7874999;2383;0
147;18;336;21;52;30;3;3.60;3;1;1;66;0;7875003;1090;0
147;18;336;21;52;31;3;3.80;6;2;1;68;0;7875103;186;0
147;18;336;21;52;32;56;3.20;2;1;1;74;0;7875256;1337;0
147;18;336;21;52;34;36;3.40;6;2;1;75;0;7875436;312;0
147;18;336;21;52;40;21;4.00;2;1;1;87;0;7876021;749;0
147;18;336;21;52;41;99;3.60;6;2;1;89;0;7876199;746;0
147;18;336;21;52;42;14;3.20;3;1;1;75;0;7876214;1191;0
147;18;336;21;52;43;18;3.60;1;1;1;73;0;7876318;9302;0
147;18;336;21;52;44;99;3.80;3;1;1;75;0;7876499;269;0
147;18;336;21;52;46;99;3.60;3;1;1;78;0;7876699;181;0
147;18;336;21;52;49;99;4.60;3;1;1;75;0;7876999;283;0
147;18;336;21;52;52;99;3.80;8;2;1;85;0;7877299;7448;0
147;18;336;21;52;55;97;4.00;2;1;1;80;0;7877597;1559;0
147;18;336;21;52;59;14;3.40;3;1;1;81;0;7877914;892;0
147;18;336;21;53;1;2;4.00;2;1;1;80;0;7878102;487;0
147;18;336;21;53;2;99;3.60;6;2;1;80;0;7878299;2085;0
147;18;336;21;53;5;14;3.40;2;1;1;76;0;7878514;394;0
147;18;336;21;53;6;2;5.00;6;2;1;88;0;7878602;286;0
147;18;336;21;53;11;99;3.60;4;1;1;81;0;7879199;5267;0
147;18;336;21;53;11;99;3.00;3;1;1;62;0;7879199;1269;0
147;18;336;21;53;12;99;3.60;4;1;1;80;0;7879299;84;0
147;18;336;21;53;14;99;3.00;2;1;1;78;0;7879499;968;0
147;18;336;21;53;16;99;3.60;2;1;1;80;0;7879699;186;0
147;18;336;21;53;16;99;3.60;6;2;1;80;0;7879699;1076;0
147;18;336;21;53;17;12;3.80;3;1;1;85;0;7879712;495;0
147;18;336;21;53;22;99;3.80;1;1;1;81;0;7880299;3963;0
147;18;336;21;53;22;99;3.60;2;1;1;82;0;7880299;583;0
147;18;336;21;53;24;99;3.60;2;1;1;81;0;7880499;184;0
147;18;336;21;53;25;10;3.60;6;2;1;91;0;7880510;794;0
147;18;336;21;53;30;99;3.80;1;1;1;80;0;7881099;783;0
147;18;336;21;53;32;99;3.80;1;1;1;73;0;7881299;182;0
147;18;336;21;53;33;22;3.80;3;1;1;80;0;7881322;1593;0
147;18;336;21;53;39;99;3.00;1;1;1;71;0;7881999;681;0
147;18;336;21;53;45;99;3.40;6;2;1;83;0;7882599;2074;0
147;18;336;21;53;47;16;3.60;6;2;1;84;0;7882716;102;0
147;18;336;21;53;52;99;3.80;2;1;1;75;0;7883299;2784;0
147;18;336;21;53;53;99;3.80;7;2;1;75;0;7883399;8483;0
147;18;336;21;53;54;51;3.60;3;1;1;79;0;7883451;2111;0
147;18;336;21;53;57;99;2.80;6;2;1;81;0;7883799;1067;0
147;18;336;21;53;58;99;3.40;3;1;1;76;0;7883899;431;0
147;18;336;21;54;0;18;3.40;3;1;1;80;0;7884018;102;0
147;18;336;21;54;0;30;3.20;6;2;1;85;0;7884030;218;0
147;18;336;21;54;2;99;10.20;6;2;2;82;0;7884299;255;0
147;18;336;21;54;4;32;3.80;6;2;1;80;0;7884432;88;0
147;18;336;21;54;5;99;3.40;6;2;1;81;0;7884599;149;0
147;18;336;21;54;6;32;3.80;6;2;1;82;0;7884632;17;0
147;18;336;21;54;7;14;3.80;5;2;1;85;0;7884714;9696;0
147;18;336;21;54;7;97;3.20;6;2;1;74;0;7884797;148;7884299
147;18;336;21;54;9;6;6.80;6;2;1;83;0;7884906;93;7884299
147;18;336;21;54;13;99;4.80;3;1;1;80;0;7885399;1365;0
147;18;336;21;54;14;68;3.20;1;1;1;82;0;7885468;3453;0
147;18;336;21;54;15;99;3.80;3;1;1;88;0;7885599;178;0
147;18;336;21;54;20;14;3.40;6;2;1;79;0;7886014;1078;0
147;18;336;21;54;21;99;3.00;3;1;1;79;0;7886199;584;0
147;18;336;21;54;23;29;3.40;4;1;1;85;0;7886329;7013;0
147;18;336;21;54;25;14;3.80;3;1;1;76;0;7886514;301;0
147;18;336;21;54;28;16;3.60;2;1;1;73;0;7886816;3498;0
147;18;336;21;54;24;81;4.00;7;2;1;10;0;7886481;3063;0
147;18;336;21;54;28;99;3.60;4;1;1;78;0;7886899;555;0
147;18;336;21;54;30;99;3.20;2;1;1;75;0;7887099;265;0
147;18;336;21;54;33;99;3.40;6;2;1;75;0;7887399;1369;0
147;18;336;21;54;34;99;3.00;2;1;1;71;0;7887499;384;0
147;18;336;21;54;35;1;3.60;6;2;1;77;0;7887501;85;0
147;18;336;21;54;35;82;3.60;3;1;1;75;0;7887582;1050;0
147;18;336;21;54;37;4;3.60;6;2;1;80;0;7887704;186;0
147;18;336;21;54;41;13;3.60;2;1;1;81;0;7888113;598;0
147;18;336;21;54;41;82;13.20;7;2;3;82;0;7888182;1557;0
147;18;336;21;54;52;29;3.60;3;1;1;93;0;7889229;1629;0
147;18;336;21;54;54;99;3.80;6;2;1;79;0;7889499;1778;0
147;18;336;21;54;55;58;3.40;3;1;1;81;0;7889558;315;0
147;18;336;21;54;56;99;3.40;6;2;1;74;0;7889699;182;0
147;18;336;21;54;57;0;3.60;4;1;1;83;0;7889700;2784;0
147;18;336;21;54;57;10;3.80;3;1;1;79;0;7889710;136;0
147;18;336;21;54;57;13;3.40;6;2;1;77;0;7889713;-1;0
147;18;336;21;54;59;9;3.20;8;2;1;76;0;7889909;12593;0
147;18;336;21;54;59;99;4.00;5;2;1;98;0;7889999;5268;0
147;18;336;21;55;0;5;4.00;6;2;1;86;0;7890005;276;0
147;18;336;21;55;2;99;3.20;7;2;1;78;0;7890299;2059;0
147;18;336;21;55;4;13;3.00;6;2;1;85;0;7890413;391;0
147;18;336;21;55;5;99;3.60;1;1;1;78;0;7890599;5116;0
147;18;336;21;55;5;2;3.60;5;2;1;83;0;7890502;488;0
147;18;336;21;55;8;4;3.80;6;2;1;74;0;7890804;378;0
147;18;336;21;55;10;7;4.00;7;2;1;84;0;7891007;693;0
147;18;336;21;55;13;12;4.00;3;1;1;78;0;7891312;1584;0
147;18;336;21;55;17;7;3.20;2;1;1;78;0;7891707;3578;0
147;18;336;21;55;17;99;3.60;3;1;1;79;0;7891799;468;0
147;18;336;21;55;18;71;3.40;2;1;1;74;0;7891871;149;0
147;18;336;21;55;18;73;4.80;3;1;1;78;0;7891873;57;0
147;18;336;21;55;21;2;3.20;2;1;1;80;0;7892102;214;0
147;18;336;21;55;21;99;3.60;7;2;1;94;0;7892199;1174;0
147;18;336;21;55;23;99;3.60;8;2;1;67;0;7892399;2474;0
147;18;336;21;55;25;99;3.80;6;2;1;80;0;7892599;1776;0
147;18;336;21;55;28;99;3.60;6;2;1;82;0;7892899;282;0
147;18;336;21;55;28;20;3.00;5;2;1;86;0;7892820;2302;0
147;18;336;21;55;29;99;3.60;6;2;1;74;0;7892999;84;0
147;18;336;21;55;30;99;3.20;6;2;1;76;0;7893099;82;0
147;18;336;21;55;32;99;3.40;6;2;1;77;0;7893299;184;0
147;18;336;21;55;32;99;3.40;1;1;1;70;0;7893299;2683;0
147;18;336;21;55;36;12;3.80;2;1;1;81;0;7893612;1495;0
147;18;336;21;55;36;67;3.40;6;2;1;80;0;7893667;352;0
147;18;336;21;55;36;67;3.60;3;1;1;70;0;7893667;1771;0
147;18;336;21;55;41;99;3.80;1;1;1;61;0;7894199;882;0
147;18;336;21;55;43;99;3.40;2;1;1;75;0;7894399;770;0
147;18;336;21;55;50;99;3.60;6;2;1;76;0;7895099;1416;0
147;18;336;21;55;53;99;3.20;2;1;1;73;0;7895399;983;0
147;18;336;21;55;56;99;3.60;6;2;1;79;0;7895699;582;0
147;18;336;21;55;58;99;3.00;2;1;1;64;0;7895899;484;0
147;18;336;21;55;59;5;3.00;2;1;1;66;0;7895905;-1;0
147;18;336;21;56;2;28;3.00;4;1;1;79;0;7896228;6512;0
147;18;336;21;56;4;5;3.60;6;2;1;77;0;7896405;689;0
147;18;336;21;56;7;78;6.00;3;1;1;69;0;7896778;3092;0
147;18;336;21;56;9;14;3.40;2;1;1;71;0;7896914;992;0
147;18;336;21;56;11;99;3.00;3;1;1;72;0;7897199;389;0
147;18;336;21;56;12;29;3.40;4;1;1;77;0;7897229;987;0
147;18;336;21;56;12;46;3.20;6;2;1;84;0;7897246;824;0
147;18;336;21;56;15;8;4.00;6;2;1;85;0;7897508;248;0
147;18;336;21;56;16;8;3.00;3;1;1;72;0;7897608;394;0
147;18;336;21;56;16;99;3.40;2;1;1;81;0;7897699;767;0
147;18;336;21;56;19;99;4.20;2;1;1;75;0;7897999;284;0
147;18;336;21;56;22;17;3.20;6;2;1;78;0;7898217;692;0
147;18;336;21;56;39;99;3.60;2;1;1;78;0;7899999;1979;0
147;18;336;21;56;40;10;6.20;6;2;1;86;0;7900010;1778;0
147;18;336;21;56;41;11;3.80;1;1;1;91;0;7900111;5889;0
147;18;336;21;56;42;23;3.20;6;2;1;80;0;7900223;187;0
147;18;336;21;56;44;99;3.80;1;1;1;83;0;7900499;372;0
147;18;336;21;56;48;95;3.00;3;1;1;74;0;7900895;3272;0
147;18;336;21;56;52;28;4.80;3;1;1;84;0;7901228;318;0
147;18;336;21;56;52;99;3.40;2;1;1;82;0;7901299;1283;0
147;18;336;21;56;53;79;3.80;2;1;1;77;0;7901379;65;0
147;18;336;21;56;57;1;3.60;2;1;1;83;0;7901701;304;0
147;18;336;21;56;58;35;3.40;7;2;1;69;0;7901835;9622;0
147;18;336;21;56;58;34;3.40;6;2;1;70;0;7901834;1596;0
147;18;336;21;56;59;99;5.80;6;2;1;78;0;7901999;147;0
147;18;336;21;57;0;99;3.60;6;2;1;74;0;7902099;73;0
147;18;336;21;57;0;33;3.60;7;2;1;76;0;7902033;180;0
147;18;336;21;57;3;25;3.40;3;1;1;79;0;7902325;1076;0
147;18;336;21;57;3;31;3.60;6;2;1;79;0;7902331;214;0
147;18;336;21;57;7;99;3.60;6;2;1;76;0;7902799;451;0
147;18;336;21;57;8;4;3.20;8;2;1;83;0;7902804;10385;0
147;18;336;21;57;14;99;4.00;6;2;1;76;0;7903499;682;0
147;18;336;21;57;16;61;4.00;6;2;1;85;0;7903661;143;0
147;18;336;21;57;17;99;3.60;3;1;1;75;0;7903799;1458;0
147;18;336;21;57;25;99;3.80;6;2;1;79;0;7904599;921;0
147;18;336;21;57;26;13;3.60;3;1;1;70;0;7904613;796;0
147;18;336;21;57;27;99;3.60;6;2;1;72;0;7904799;182;0
147;18;336;21;57;28;99;8.40;5;2;6;86;0;7904899;12066;0
147;18;336;21;57;28;99;3.60;2;1;1;74;0;7904899;3182;0
147;18;336;21;57;29;1;3.80;6;2;1;73;0;7904901;84;0
147;18;336;21;57;32;99;3.80;6;2;1;82;0;7905299;379;0
147;18;336;21;57;36;15;3.00;6;2;1;72;0;7905615;299;0
147;18;336;21;57;37;99;3.80;7;2;1;77;0;7905799;3748;0
147;18;336;21;57;38;99;3.60;2;1;1;81;0;7905899;982;0
147;18;336;21;57;40;99;4.80;7;2;1;85;0;7906099;282;0
147;18;336;21;57;42;93;3.60;2;1;1;81;0;7906293;378;0
147;18;336;21;57;53;17;3.20;6;2;1;78;0;7907317;1687;0
147;18;336;21;57;55;99;3.80;3;1;1;80;0;7907599;2967;0
147;18;336;21;57;59;12;3.80;3;1;1;81;0;7907912;295;0
147;18;336;21;58;1;99;3.40;3;1;1;83;0;7908199;270;0
147;18;336;21;58;8;99;2.80;6;2;1;69;0;7908899;1567;0
147;18;336;21;58;8;96;8.20;7;2;2;63;0;7908896;2776;0
147;18;336;21;58;12;2;3.60;3;1;1;77;0;7909202;988;0
147;18;336;21;58;12;17;3.20;6;2;1;86;0;7909217;303;0
147;18;336;21;58;13;99;3.60;3;1;1;76;0;7909399;180;0
147;18;336;21;58;14;99;3.60;4;1;1;78;0;7909499;12254;0
147;18;336;21;58;17;25;3.60;2;1;1;74;0;7909725;3416;0
147;18;336;21;58;19;3;3.80;5;2;1;83;0;7909903;4968;0
147;18;336;21;58;19;99;3.40;2;1;1;71;0;7909999;256;0
147;18;336;21;58;19;0;3.40;5;2;1;86;0;7909900;-1;0
147;18;336;21;58;20;57;3.40;6;2;1;67;0;7910057;826;0
147;18;336;21;58;23;99;3.60;6;2;1;70;0;7910399;323;0
147;18;336;21;58;24;99;3.60;8;2;1;78;0;7910499;7681;0
147;18;336;21;58;24;99;3.60;7;2;1;72;0;7910499;1556;0
147;18;336;21;58;26;99;11.80;5;2;2;83;0;7910699;784;0
147;18;336;21;58;27;99;3.60;2;1;1;83;0;7910799;782;0
147;18;336;21;58;31;99;3.80;6;2;1;77;0;7911199;781;0
147;18;336;21;58;33;82;3.00;2;1;1;71;0;7911382;567;0
147;18;336;21;58;38;38;3.60;6;2;1;78;0;7911838;621;0
147;18;336;21;58;38;59;3.00;3;1;1;74;0;7911859;2442;0
147;18;336;21;58;40;99;3.40;3;1;1;72;0;7912099;225;0
147;18;336;21;58;44;99;6.40;6;2;1;77;0;7912499;644;0
147;18;336;21;58;46;99;3.40;2;1;1;75;0;7912699;1301;0
147;18;336;21;58;50;27;3.40;1;1;1;63;0;7913027;12511;0
147;18;336;21;58;52;99;3.60;6;2;1;82;0;7913299;770;0
147;18;336;21;58;55;99;3.80;7;2;1;86;0;7913599;3082;0
147;18;336;21;59;0;14;3.80;3;1;1;76;0;7914014;1898;0
147;18;336;21;59;2;99;3.40;2;1;1;85;0;7914299;1583;0
147;18;336;21;59;3;99;3.60;2;1;1;80;0;7914399;85;0
147;18;336;21;59;5;11;3.00;2;1;1;78;0;7914511;95;0
147;18;336;21;59;6;14;3.60;7;2;1;76;0;7914614;999;0
147;18;336;21;59;6;78;3.60;2;1;1;80;0;7914678;153;0
147;18;336;21;59;7;99;3.40;6;2;1;80;0;7914799;1484;0
147;18;336;21;59;8;35;3.20;5;2;1;85;0;7914835;4084;0
147;18;336;21;59;10;1;3.80;6;2;1;85;0;7915001;186;0
147;18;336;21;59;12;99;3.20;7;2;1;81;0;7915299;667;0
147;18;336;21;59;14;27;4.00;5;2;1;83;0;7915427;578;0
147;18;336;21;59;14;97;4.80;5;2;1;87;0;7915497;52;0
147;18;336;21;59;15;99;3.80;2;1;1;79;0;7915599;904;0
147;18;336;21;59;15;99;3.60;4;1;1;79;0;7915599;6083;0
147;18;336;21;59;17;36;3.80;2;1;1;87;0;7915736;119;0
147;18;336;21;59;17;99;3.80;1;1;1;86;0;7915799;2752;0
147;18;336;21;59;17;99;3.60;8;2;1;84;0;7915799;5283;0
147;18;336;21;59;17;99;3.80;6;2;1;72;0;7915799;781;0
147;18;336;21;59;19;50;4.60;6;2;1;81;0;7915950;132;0
147;18;336;21;59;19;99;4.00;8;2;1;82;0;7915999;184;0
147;18;336;21;59;20;16;3.00;4;1;1;76;0;7916016;400;0
147;18;336;21;59;22;82;3.80;6;2;1;75;0;7916282;311;0
147;18;336;21;59;22;99;3.80;1;1;1;78;0;7916299;484;0
147;18;336;21;59;24;24;4.00;6;2;1;79;0;7916424;123;0
147;18;336;21;59;29;27;3.40;2;1;1;81;0;7916927;1175;0
147;18;336;21;59;32;99;3.60;3;1;1;75;0;7917299;3267;0
147;18;336;21;59;36;99;3.60;3;1;1;70;0;7917699;382;0
147;18;336;21;59;41;99;3.60;6;2;1;73;0;7918199;1756;0
147;18;336;21;59;42;68;3.20;3;1;1;76;0;7918268;550;0
147;18;336;21;59;42;71;3.40;6;2;1;75;0;7918271;54;0
147;18;336;21;59;44;99;3.00;3;1;1;76;0;7918499;215;0
147;18;336;21;59;45;95;4.20;6;2;1;77;0;7918595;307;0
147;18;336;21;59;48;15;3.60;6;2;1;76;0;7918815;200;0
147;18;336;21;59;49;99;3.80;2;1;1;73;0;7918999;2056;0
147;18;336;21;59;50;99;3.60;8;2;1;81;0;7919099;3082;0
147;18;336;21;59;51;8;3.80;2;1;1;75;0;7919108;90;0
147;18;336;21;59;54;18;4.00;3;1;1;79;0;7919418;904;0
147;18;336;21;59;55;16;5.80;6;2;1;90;0;7919516;683;0
147;18;336;21;59;56;99;3.20;2;1;1;64;0;7919699;572;0
147;18;336;21;59;59;8;3.40;6;2;1;89;0;7919908;368;0
147;18;336;22;0;0;85;3.40;2;1;1;74;0;7920085;368;0
147;18;336;22;0;2;52;3.60;3;1;1;82;0;7920252;815;0
147;18;336;22;0;7;99;3.60;6;2;1;86;0;7920799;877;0
147;18;336;22;0;7;41;4.00;8;2;1;80;0;7920741;1626;0
147;18;336;22;0;10;47;4.00;3;1;1;95;0;7921047;779;0
147;18;336;22;0;11;99;3.60;2;1;1;82;0;7921199;1097;0
147;18;336;22;0;13;6;3.40;3;1;1;77;0;7921306;243;0
147;18;336;22;0;16;99;3.00;2;1;1;75;0;7921699;484;0
147;18;336;22;0;17;6;3.60;6;2;1;79;0;7921706;891;0
147;18;336;22;0;18;8;3.20;3;1;1;80;0;7921808;486;0
147;18;336;22;0;19;99;3.40;2;1;1;78;0;7921999;285;0
147;18;336;22;0;20;62;13.60;2;1;4;78;0;7922062;47;0
147;18;336;22;0;22;12;4.00;6;2;1;66;0;7922212;489;0
147;18;336;22;0;23;82;3.20;7;2;1;74;0;7922382;7068;0
147;18;336;22;0;24;16;3.60;3;1;1;82;0;7922416;593;0
147;18;336;22;0;25;0;3.40;5;2;1;87;0;7922500;6983;0
147;18;336;22;0;25;0;3.60;6;2;1;79;0;7922500;266;0
147;18;336;22;0;25;26;6.00;2;1;1;88;0;7922526;401;0
147;18;336;22;0;26;99;3.60;5;2;1;80;0;7922699;184;0
147;18;336;22;0;27;99;3.80;3;1;1;78;0;7922799;367;0
147;18;336;22;0;29;99;3.60;2;1;1;85;0;7922999;448;0
147;18;336;22;0;32;99;3.80;2;1;1;79;0;7923299;284;0
147;18;336;22;0;34;99;3.40;6;2;1;75;0;7923499;982;0
147;18;336;22;0;37;99;3.40;2;1;1;81;0;7923799;482;0
147;18;336;22;0;39;99;3.60;6;2;1;75;0;7923999;483;0
147;18;336;22;0;40;97;7.00;6;2;1;72;0;7924097;80;0
147;18;336;22;0;41;90;3.40;7;2;1;81;0;7924190;1792;0
147;18;336;22;0;42;99;3.60;5;2;1;72;0;7924299;1583;0
147;18;336;22;0;44;99;3.40;2;1;1;71;0;7924499;684;0
147;18;336;22;0;45;99;3.60;3;1;1;73;0;7924599;1782;0
147;18;336;22;0;47;9;3.60;6;2;1;75;0;7924709;577;0
147;18;336;22;0;48;34;3.00;6;2;1;74;0;7924834;107;0
147;18;336;22;0;49;8;3.60;7;2;1;77;0;7924908;702;0
147;18;336;22;0;53;99;3.40;7;2;1;82;0;7925399;474;0
147;18;336;22;1;2;13;3.80;2;1;1;73;0;7926213;1696;0
147;18;336;22;1;3;4;3.40;7;2;1;80;0;7926304;890;0
147;18;336;22;1;3;99;3.60;2;1;1;74;0;7926399;167;0
147;18;336;22;1;5;99;3.60;7;2;1;82;0;7926599;279;0
147;18;336;22;1;7;99;3.80;6;2;1;88;0;7926799;1950;0
147;18;336;22;1;8;99;2.80;8;2;1;77;0;7926899;6140;0
147;18;336;22;1;8;99;3.20;2;1;1;67;0;7926899;482;0
147;18;336;22;1;10;99;3.80;8;2;1;88;0;7927099;186;0
147;18;336;22;1;10;99;4.00;6;2;1;77;0;7927099;284;0
147;18;336;22;1;12;99;3.80;6;2;1;77;0;7927299;181;0
147;18;336;22;1;13;4;3.60;4;1;1;77;0;7927304;11273;0
147;18;336;22;1;13;99;3.00;4;1;1;75;0;7927399;78;0
147;18;336;22;1;13;99;3.80;8;2;1;80;0;7927399;284;0
147;18;336;22;1;14;10;3.00;3;1;1;58;0;7927410;2793;0
147;18;336;22;1;15;6;5.40;4;1;1;78;0;7927506;92;0
147;18;336;22;1;15;99;3.60;3;1;1;63;0;7927599;170;0
147;18;336;22;1;15;70;16.40;2;1;4;82;0;7927570;653;0
147;18;336;22;1;17;99;3.40;6;2;1;82;0;7927799;482;0
147;18;336;22;1;18;99;3.40;5;2;1;86;0;7927899;3582;0
147;18;336;22;1;20;99;3.40;3;1;1;73;0;7928099;479;0
147;18;336;22;1;22;71;3.60;3;1;1;78;0;7928271;155;0
147;18;336;22;1;24;32;4.00;2;1;1;83;0;7928432;790;0
147;18;336;22;1;25;84;16.80;3;1;4;75;0;7928584;296;0
147;18;336;22;1;27;59;3.40;3;1;1;75;0;7928759;94;0
147;18;336;22;1;32;73;3.60;3;1;1;82;0;7929273;497;0
147;18;336;22;1;36;99;3.60;3;1;1;74;0;7929699;410;0
147;18;336;22;1;36;99;3.60;4;1;1;74;0;7929699;2168;0
147;18;336;22;1;37;7;4.00;6;2;1;85;0;7929707;1893;0
147;18;336;22;1;37;89;3.40;8;2;1;80;0;7929789;2372;0
147;18;336;22;1;38;99;3.00;3;1;1;80;0;7929899;182;0
147;18;336;22;1;39;18;3.60;2;1;1;78;0;7929918;1468;0
147;18;336;22;1;42;31;3.40;6;2;1;81;0;7930231;507;0
147;18;336;22;1;43;21;3.60;5;2;1;89;0;7930321;2407;0
147;18;336;22;1;43;93;16.40;3;1;4;79;0;7930393;480;0
147;18;336;22;1;44;99;3.40;6;2;1;78;0;7930499;252;0
147;18;336;22;1;45;52;16.00;3;1;4;76;0;7930552;84;0
147;18;336;22;1;46;99;3.00;2;1;1;69;0;7930699;764;0
147;18;336;22;1;49;99;3.80;1;1;1;65;0;7930999;14682;0
147;18;336;22;1;52;99;3.60;2;1;1;71;0;7931299;584;0
147;18;336;22;1;53;99;3.60;2;1;1;71;0;7931399;81;0
147;18;336;22;1;54;99;4.00;3;1;1;80;0;7931499;871;0
147;18;336;22;1;55;34;3.60;2;1;1;72;0;7931534;116;0
147;18;336;22;1;56;99;3.60;8;2;1;87;0;7931699;1894;0
147;18;336;22;1;57;99;3.20;6;2;1;78;0;7931799;1284;0
147;18;336;22;1;57;42;3.40;2;1;1;71;0;7931742;190;0
147;18;336;22;1;59;99;3.80;2;1;1;67;0;7931999;239;0
147;18;336;22;2;1;2;4.60;5;2;1;85;0;7932102;1766;0
147;18;336;22;2;1;99;3.40;8;2;1;79;0;7932199;485;0
147;18;336;22;2;4;15;3.60;6;2;1;75;0;7932415;601;0
147;18;336;22;2;5;27;3.20;6;2;1;76;0;7932527;94;0
147;18;336;22;2;8;3;3.80;6;2;1;80;0;7932803;260;0
147;18;336;22;2;8;25;4.20;2;1;1;85;0;7932825;805;0
147;18;336;22;2;8;58;3.40;3;1;1;75;0;7932858;1341;0
147;18;336;22;2;11;6;3.60;3;1;1;76;0;7933106;231;0
147;18;336;22;2;13;41;3.80;6;2;1;84;0;7933341;520;0
147;18;336;22;2;13;65;3.20;2;1;1;88;0;7933365;522;0
147;18;336;22;2;15;23;3.40;3;1;1;75;0;7933523;399;0
147;18;336;22;2;21;79;3.60;6;2;1;76;0;7934179;821;0
147;18;336;22;2;26;33;4.20;3;1;1;95;0;7934633;1093;0
147;18;336;22;2;25;99;3.60;6;2;1;84;0;7934599;402;0
147;18;336;22;2;27;99;3.00;6;2;1;79;0;7934799;184;0
147;18;336;22;2;29;99;4.20;6;2;1;76;0;7934999;186;0
147;18;336;22;2;31;81;3.80;6;2;1;77;0;7935181;162;0
147;18;336;22;2;33;9;3.20;3;1;1;77;0;7935309;660;0
147;18;336;22;2;33;35;3.40;4;1;1;81;0;7935335;5618;0
147;18;336;22;2;38;38;2.80;2;1;1;74;0;7935838;2459;0
147;18;336;22;2;39;99;3.80;6;2;1;81;0;7935999;800;0
147;18;336;22;2;38;89;15.40;3;1;4;82;0;7935889;565;0
147;18;336;22;2;42;99;3.40;3;1;1;79;0;7936299;342;0
147;18;336;22;2;43;99;3.40;7;2;1;75;0;7936399;9784;0
147;18;336;22;2;43;99;3.60;2;1;1;85;0;7936399;547;0
147;18;336;22;2;44;79;6.20;8;2;1;87;0;7936479;4264;0
147;18;336;22;2;49;19;3.80;3;1;1;86;0;7936919;604;0
147;18;336;22;2;50;99;3.60;3;1;1;82;0;7937099;164;0
147;18;336;22;2;52;99;4.00;2;1;1;87;0;7937299;884;0
147;18;336;22;2;58;99;3.00;6;2;1;91;0;7937899;1883;0
147;18;336;22;3;0;99;3.60;6;2;1;79;0;7938099;188;0
147;18;336;22;3;3;11;4.00;6;2;1;76;0;7938311;195;0
147;18;336;22;3;4;25;3.40;3;1;1;79;0;7938425;1310;0
147;18;336;22;3;6;99;3.80;6;2;1;82;0;7938699;369;0
147;18;336;22;3;7;41;9.20;7;2;2;64;0;7938741;2325;0
147;18;336;22;3;8;99;3.40;6;2;1;77;0;7938899;183;0
147;18;336;22;3;9;53;3.60;3;1;1;76;0;7938953;512;0
147;18;336;22;3;10;99;4.00;6;2;1;87;0;7939099;184;0
147;18;336;22;3;13;17;4.40;7;2;1;14;0;7939317;524;0
147;18;336;22;3;16;99;3.40;2;1;1;77;0;7939699;2383;0
147;18;336;22;3;17;54;3.40;6;2;1;82;0;7939754;638;0
147;18;336;22;3;18;90;7.80;7;2;1;62;0;7939890;459;0
147;18;336;22;3;20;99;4.20;2;1;1;95;0;7940099;384;0
147;18;336;22;3;22;87;2.80;6;2;1;85;0;7940287;518;0
147;18;336;22;3;26;3;3.40;6;2;1;82;0;7940603;304;0
147;18;336;22;3;28;12;4.00;8;2;1;86;0;7940812;4307;0
147;18;336;22;3;28;99;3.60;6;2;1;80;0;7940899;281;0
147;18;336;22;3;34;99;3.60;6;2;1;80;0;7941499;583;0
147;18;336;22;3;40;89;3.60;6;2;1;83;0;7942089;573;0
147;18;336;22;3;45;21;3.60;7;2;1;82;0;7942521;2585;0
147;18;336;22;3;45;71;3.60;6;2;1;75;0;7942571;466;0
147;18;336;22;3;46;9;4.80;7;2;1;77;0;7942609;72;0
147;18;336;22;3;46;99;3.80;6;2;1;78;0;7942699;110;0
147;18;336;22;3;48;84;3.60;6;2;1;76;0;7942884;167;0
147;18;336;22;3;50;57;3.60;6;2;1;77;0;7943057;155;0
147;18;336;22;3;51;13;3.40;5;2;1;82;0;7943113;10991;0
147;18;336;22;3;56;99;3.80;4;1;1;90;0;7943699;8348;0
147;18;336;22;3;57;99;3.40;3;1;1;76;0;7943799;4828;0
147;18;336;22;3;57;8;3.80;2;1;1;83;0;7943708;3593;0
147;18;336;22;3;58;64;3.60;2;1;1;79;0;7943864;139;0
147;18;336;22;4;1;99;3.20;6;2;1;83;0;7944199;1125;0
147;18;336;22;4;3;82;3.00;6;2;1;77;0;7944382;169;0
147;18;336;22;4;4;99;5.40;5;2;1;79;0;7944499;1371;0
147;18;336;22;4;4;99;3.60;2;1;1;74;0;7944499;618;0
147;18;336;22;4;5;26;3.60;7;2;1;77;0;7944526;1894;0
147;18;336;22;4;9;99;3.80;5;2;1;82;0;7944999;475;0
147;18;336;22;4;11;63;3.40;6;2;1;77;0;7945163;766;0
147;18;336;22;4;22;99;3.60;6;2;1;82;0;7946299;1120;0
147;18;336;22;4;22;99;3.60;8;2;1;85;0;7946299;5470;0
147;18;336;22;4;24;99;4.00;6;2;1;81;0;7946499;184;0
147;18;336;22;4;26;0;3.80;8;2;1;80;0;7946600;285;0
147;18;336;22;4;28;5;3.40;3;1;1;81;0;7946805;2989;0
147;18;336;22;4;29;86;3.40;5;2;1;80;0;7946986;1970;0
147;18;336;22;4;29;99;3.80;6;2;1;77;0;7946999;482;0
147;18;336;22;4;34;4;3.80;4;1;1;80;0;7947404;3689;0
147;18;336;22;4;35;99;3.40;3;1;1;77;0;7947599;778;0
147;18;336;22;4;38;99;3.60;6;2;1;77;0;7947899;882;0
147;18;336;22;4;42;13;3.80;3;1;1;83;0;7948213;598;0
147;18;336;22;4;42;99;4.00;4;1;1;86;0;7948299;877;0
147;18;336;22;4;43;99;3.20;6;2;1;81;0;7948399;483;0
147;18;336;22;4;45;99;3.40;4;1;1;81;0;7948599;283;0
147;18;336;22;4;45;99;3.60;2;1;1;78;0;7948599;4082;0
147;18;336;22;4;46;36;3.40;2;1;1;77;0;7948636;20;0
147;18;336;22;4;48;16;3.80;7;2;1;81;0;7948816;4273;0
147;18;336;22;4;51;99;3.00;2;1;1;61;0;7949199;547;0
147;18;336;22;4;51;99;3.40;3;1;1;72;0;7949199;969;0
147;18;336;22;4;53;99;3.40;8;2;1;83;0;7949399;2781;0
147;18;336;22;4;58;99;3.00;2;1;1;75;0;7949899;682;0
147;18;336;22;5;1;99;4.00;8;2;1;82;0;7950199;785;0
147;18;336;22;5;3;99;3.60;6;2;1;78;0;7950399;1985;0
147;18;336;22;5;5;99;3.80;3;1;1;82;0;7950599;1383;0
147;18;336;22;5;7;54;16.20;4;1;4;81;0;7950754;2139;0
147;18;336;22;5;8;99;3.40;3;1;1;70;0;7950899;283;0
147;18;336;22;5;8;99;3.40;6;2;1;84;0;7950899;483;0
147;18;336;22;5;11;99;5.60;2;1;1;71;0;7951199;1285;0
147;18;336;22;5;12;90;3.80;7;2;1;81;0;7951290;2457;0
147;18;336;22;5;13;14;4.20;2;1;1;72;0;7951314;86;0
147;18;336;22;5;15;87;3.40;2;1;1;79;0;7951587;252;0
147;18;336;22;5;16;99;15.00;3;1;4;83;0;7951699;782;0
147;18;336;22;5;18;7;4.00;6;2;1;74;0;7951807;893;0
147;18;336;22;5;25;63;3.80;2;1;1;75;0;7952563;960;0
147;18;336;22;5;26;31;3.60;6;2;1;100;0;7952631;804;0
147;18;336;22;5;26;23;3.40;1;1;1;79;0;7952623;21602;0
147;18;336;22;5;26;99;4.00;4;1;1;99;0;7952699;1873;0
147;18;336;22;5;26;99;3.40;3;1;1;69;0;7952699;934;0
147;18;336;22;5;26;99;3.80;7;2;1;83;0;7952699;1392;0
147;18;336;22;5;28;8;3.20;3;1;1;77;0;7952808;91;0
147;18;336;22;5;30;28;4.00;4;1;1;92;0;7953028;314;0
147;18;336;22;5;30;46;3.20;3;1;1;80;0;7953046;223;0
147;18;336;22;5;34;99;3.20;6;2;1;75;0;7953499;855;0
147;18;336;22;5;34;99;3.60;3;1;1;80;0;7953499;438;0
147;18;336;22;5;37;9;3.60;7;2;1;78;0;7953709;993;0
147;18;336;22;5;42;4;3.40;8;2;1;76;0;7954204;3987;0
147;18;336;22;5;46;99;3.20;2;1;1;77;0;7954699;2117;0
147;18;336;22;5;50;44;3.40;2;1;1;80;0;7955044;330;0
147;18;336;22;5;51;99;4.00;3;1;1;83;0;7955199;1683;0
147;18;336;22;5;54;99;3.40;6;2;1;80;0;7955499;1984;0
147;18;336;22;5;55;99;3.60;3;1;1;80;0;7955599;382;0
147;18;336;22;6;0;99;3.60;2;1;1;82;0;7956099;1039;0
147;18;336;22;6;1;17;4.20;3;1;1;70;0;7956117;501;0
147;18;336;22;6;2;7;3.20;6;2;1;78;0;7956207;692;0
147;18;336;22;6;3;14;3.60;3;1;1;77;0;7956314;175;0
147;18;336;22;6;5;99;3.40;5;2;1;80;0;7956599;9597;0
147;18;336;22;6;5;99;3.40;3;1;1;75;0;7956599;268;0
147;18;336;22;6;8;99;3.40;6;2;1;77;0;7956899;677;0
147;18;336;22;6;8;99;3.60;3;1;1;75;0;7956899;283;0
147;18;336;22;6;10;14;3.00;7;2;1;81;0;7957014;3288;0
147;18;336;22;6;10;99;3.60;4;1;1;79;0;7957099;4055;0
147;18;336;22;6;10;1;3.60;3;1;1;75;0;7957001;84;0
147;18;336;22;6;13;11;3.40;3;1;1;73;0;7957311;292;0
147;18;336;22;6;15;99;3.80;2;1;1;77;0;7957599;1484;0
147;18;336;22;6;22;4;3.60;2;1;1;75;0;7958204;587;0
147;18;336;22;6;23;99;3.20;3;1;1;75;0;7958399;1071;0
147;18;336;22;6;24;99;3.40;1;1;1;91;0;7958499;5860;0
147;18;336;22;6;25;99;1.80;6;2;1;75;0;7958599;1684;0
147;18;336;22;6;26;34;3.60;6;2;1;74;0;7958634;26;0
147;18;336;22;6;27;99;3.60;6;2;1;74;0;7958799;147;0
147;18;336;22;6;30;99;3.60;7;2;1;76;0;7959099;2071;0
147;18;336;22;6;30;99;3.20;3;1;1;79;0;7959099;684;0
147;18;336;22;6;35;99;3.00;6;2;1;77;0;7959599;782;0
147;18;336;22;6;39;54;3.80;8;2;1;98;0;7959954;5733;0
147;18;336;22;6;40;27;4.00;5;2;1;91;0;7960027;3412;0
147;18;336;22;6;40;99;3.80;7;2;1;79;0;7960099;982;0
147;18;336;22;6;42;8;3.20;2;1;1;68;0;7960208;1986;0
147;18;336;22;6;47;67;3.40;3;1;1;81;0;7960767;1653;0
147;18;336;22;6;48;99;3.20;4;1;1;81;0;7960899;3783;0
147;18;336;22;6;51;51;23.60;3;1;5;79;0;7961151;368;0
147;18;336;22;6;54;37;3.60;6;2;1;83;0;7961437;1823;0
147;18;336;22;6;55;99;3.60;2;1;1;81;0;7961599;1374;0
147;18;336;22;6;57;96;3.80;6;2;1;76;0;7961796;343;0
147;18;336;22;6;58;22;3.60;3;1;1;86;0;7961822;563;0
147;18;336;22;6;58;99;3.20;7;2;1;73;0;7961899;1782;0
147;18;336;22;7;0;3;3.20;5;2;1;71;0;7962003;1960;0
147;18;336;22;7;2;28;18.40;2;1;4;86;0;7962228;613;0
147;18;336;22;7;3;99;4.60;4;1;1;81;0;7962399;1485;0
147;18;336;22;7;5;96;3.20;6;2;1;78;0;7962596;782;0
147;18;336;22;7;7;20;3.20;7;2;1;80;0;7962720;805;0
147;18;336;22;7;8;99;3.40;2;1;1;78;0;7962899;593;0
147;18;336;22;7;10;99;3.40;2;1;1;83;0;7963099;184;0
147;18;336;22;7;13;17;3.60;1;1;1;86;0;7963317;4804;0
147;18;336;22;7;13;99;3.40;2;1;1;75;0;7963399;285;0
147;18;336;22;7;14;99;3.20;4;1;1;79;0;7963499;1079;0
147;18;336;22;7;14;66;15.40;2;1;4;75;0;7963466;50;0
147;18;336;22;7;15;71;3.00;6;2;1;77;0;7963571;960;0
147;18;336;22;7;16;10;3.60;4;1;1;81;0;7963610;96;0
147;18;336;22;7;17;99;3.60;3;1;1;76;0;7963799;1961;0
147;18;336;22;7;19;99;4.40;7;2;1;80;0;7963999;1264;0
147;18;336;22;7;20;50;3.40;6;2;1;80;0;7964050;464;0
147;18;336;22;7;20;50;4.00;2;1;1;76;0;7964050;510;0
147;18;336;22;7;21;99;3.40;6;2;1;78;0;7964199;133;0
147;18;336;22;7;22;19;3.60;5;2;1;83;0;7964219;2199;0
147;18;336;22;7;22;99;3.80;2;1;1;71;0;7964299;230;0
147;18;336;22;7;22;33;3.80;1;1;1;78;0;7964233;900;0
147;18;336;22;7;23;12;3.20;8;2;1;79;0;7964312;4344;0
147;18;336;22;7;23;55;15.60;3;1;4;77;0;7964355;538;0
147;18;336;22;7;24;99;3.80;2;1;1;75;0;7964499;180;0
147;18;336;22;7;25;44;3.40;2;1;1;74;0;7964544;26;0
147;18;336;22;7;26;99;4.60;6;2;1;81;0;7964699;484;0
147;18;336;22;7;30;21;3.20;6;2;1;80;0;7965021;301;0
147;18;336;22;7;30;61;3.80;8;2;1;87;0;7965061;734;0
147;18;336;22;7;30;69;3.40;3;1;1;74;0;7965069;641;0
147;18;336;22;7;31;99;3.60;4;1;1;85;0;7965199;1573;0
147;18;336;22;7;31;99;3.60;6;2;1;86;0;7965199;163;0
147;18;336;22;7;37;99;3.40;3;1;1;88;0;7965799;713;0
147;18;336;22;7;37;99;3.80;2;1;1;72;0;7965799;1238;0
147;18;336;22;7;38;57;3.40;7;2;1;80;0;7965857;1838;0
147;18;336;22;7;43;80;3.60;3;1;1;82;0;7966380;567;0
147;18;336;22;7;44;99;3.20;6;2;1;75;0;7966499;1284;0
147;18;336;22;7;46;2;3.00;6;2;1;77;0;7966602;87;0
147;18;336;22;7;47;2;3.80;7;2;1;79;0;7966702;829;0
147;18;336;22;7;48;27;3.60;5;2;1;85;0;7966827;2592;0
147;18;336;22;7;48;59;3.60;2;1;1;85;0;7966859;1041;0
147;18;336;22;7;55;1;3.80;3;1;1;74;0;7967501;1105;0
147;18;336;22;8;0;99;3.00;3;1;1;79;0;7968099;579;0
147;18;336;22;8;0;99;3.60;4;1;1;80;0;7968099;2884;0
147;18;336;22;8;1;79;3.40;6;2;1;78;0;7968179;1562;0
147;18;336;22;8;2;99;4.00;2;1;1;82;0;7968299;1424;0
147;18;336;22;8;2;99;4.80;1;1;1;82;0;7968299;4048;0
147;18;336;22;8;3;44;3.60;1;1;1;80;0;7968344;23;0
147;18;336;22;8;4;76;4.00;3;1;1;80;0;7968476;363;0
147;18;336;22;8;5;99;3.60;2;1;1;81;0;7968599;282;0
147;18;336;22;8;6;64;3.20;2;1;1;83;0;7968664;49;0
147;18;336;22;8;19;66;3.20;3;1;1;80;0;7969966;1472;0
147;18;336;22;8;25;1;3.40;5;2;1;83;0;7970501;3658;0
147;18;336;22;8;26;99;3.40;1;1;1;81;0;7970699;2338;0
147;18;336;22;8;26;99;16.80;3;1;4;84;0;7970699;718;0
147;18;336;22;8;26;34;3.00;6;2;1;72;0;7970634;2439;0
147;18;336;22;8;30;15;3.40;1;1;1;77;0;7971015;300;0
147;18;336;22;8;33;99;3.80;2;1;1;81;0;7971399;2721;0
147;18;336;22;8;34;31;4.00;1;1;1;81;0;7971431;400;0
147;18;336;22;8;35;99;3.60;6;2;1;82;0;7971599;950;0
147;18;336;22;8;37;26;3.60;6;2;1;82;0;7971726;111;0
147;18;336;22;8;37;62;16.00;3;1;4;75;0;7971762;991;0
147;18;336;22;8;38;99;3.60;2;1;1;80;0;7971899;483;0
147;18;336;22;8;42;58;3.40;7;2;1;81;0;7972258;5538;0
147;18;336;22;8;43;99;3.80;2;1;1;72;0;7972399;483;0
147;18;336;22;8;45;3;3.20;2;1;1;76;0;7972503;85;0
147;18;336;22;8;46;99;3.20;6;2;1;79;0;7972699;957;0
147;18;336;22;8;48;99;3.60;3;1;1;76;0;7972899;1060;0
147;18;336;22;8;50;88;3.60;6;2;1;83;0;7973088;374;0
147;18;336;22;8;51;99;3.60;5;2;1;89;0;7973199;2683;0
147;18;336;22;8;53;99;3.60;3;1;1;79;0;7973399;482;0
147;18;336;22;8;54;99;3.80;6;2;1;75;0;7973499;395;0
147;18;336;22;8;59;99;3.60;6;2;1;77;0;7973999;481;0
147;18;336;22;9;0;85;3.60;3;1;1;70;0;7974085;669;0
147;18;336;22;9;1;99;3.00;2;1;1;80;0;7974199;1680;0
147;18;336;22;9;2;7;3.20;6;2;1;70;0;7974207;191;0
147;18;336;22;9;3;99;3.80;3;1;1;75;0;7974399;295;0
147;18;336;22;9;4;13;3.40;6;2;1;70;0;7974413;189;0
147;18;336;22;9;8;76;3.60;4;1;1;76;0;7974876;6760;0
147;18;336;22;9;8;99;3.20;6;2;1;83;0;7974899;468;0
147;18;336;22;9;9;99;3.60;3;1;1;68;0;7974999;581;0
147;18;336;22;9;13;60;3.80;7;2;1;68;0;7975360;3086;0
147;18;336;22;9;14;22;3.20;6;2;1;77;0;7975422;509;0
147;18;336;22;9;15;9;3.20;1;1;1;79;0;7975509;4060;0
147;18;336;22;9;16;20;3.80;6;2;1;77;0;7975620;183;0
147;18;336;22;9;18;71;4.00;5;2;1;81;0;7975871;2657;0
147;18;336;22;9;19;99;3.40;1;1;1;71;0;7975999;475;0
147;18;336;22;9;21;11;3.60;6;2;1;80;0;7976111;473;0
147;18;336;22;9;21;99;3.40;3;1;1;71;0;7976199;1180;0
147;18;336;22;9;25;32;3.60;3;1;1;88;0;7976532;315;0
147;18;336;22;9;26;94;2.80;8;2;1;71;0;7976694;11617;0
147;18;336;22;9;28;85;3.40;6;2;1;79;0;7976885;757;0
147;18;336;22;9;30;99;3.60;6;2;1;79;0;7977099;198;0
147;18;336;22;9;32;9;3.60;8;2;1;72;0;7977209;500;0
147;18;336;22;9;32;15;3.60;6;2;1;75;0;7977215;99;0
147;18;336;22;9;33;41;3.60;6;2;1;80;0;7977341;108;0
147;18;336;22;9;35;99;5.20;6;2;1;83;0;7977599;241;0
147;18;336;22;9;41;62;5.40;6;2;1;76;0;7978162;540;0
147;18;336;22;9;43;57;3.80;3;1;1;69;0;7978357;1810;0
147;18;336;22;9;44;9;3.20;6;2;1;76;0;7978409;221;0
147;18;336;22;9;44;98;3.40;5;2;1;79;0;7978498;2609;0
147;18;336;22;9;46;8;3.80;2;1;1;81;0;7978608;4395;0
147;18;336;22;9;46;74;3.60;5;2;1;83;0;7978674;160;0
147;18;336;22;9;46;85;3.80;3;1;1;80;0;7978685;308;0
147;18;336;22;9;48;5;3.60;3;1;1;76;0;7978805;102;0
147;18;336;22;9;49;10;3.00;3;1;1;76;0;7978910;87;0
147;18;336;22;9;50;7;4.60;4;1;1;82;0;7979007;4113;0
147;18;336;22;9;52;18;3.80;5;2;1;84;0;7979218;528;0
147;18;336;22;9;54;1;3.80;6;2;1;68;0;7979401;976;0
147;18;336;22;9;54;78;3.60;4;1;1;84;0;7979478;450;0
147;18;336;22;9;55;11;3.40;3;1;1;76;0;7979511;586;0
147;18;336;22;9;55;99;3.60;2;1;1;82;0;7979599;974;0
147;18;336;22;9;55;99;3.40;4;1;1;87;0;7979599;105;0
147;18;336;22;9;55;99;3.80;5;2;1;81;0;7979599;364;0
147;18;336;22;9;56;36;14.00;2;1;4;86;0;7979636;21;0
147;18;336;22;9;59;99;4.40;2;1;1;85;0;7979999;304;0
147;18;336;22;10;0;99;3.20;3;1;1;74;0;7980099;571;0
147;18;336;22;10;0;99;3.80;4;1;1;85;0;7980099;485;0
147;18;336;22;10;3;99;3.40;6;2;1;81;0;7980399;977;0
147;18;336;22;10;3;99;4.00;3;1;1;77;0;7980399;284;0
147;18;336;22;10;4;89;3.60;4;1;1;81;0;7980489;373;0
147;18;336;22;10;8;99;3.60;7;2;1;83;0;7980899;5518;0
147;18;336;22;10;14;18;15.40;3;1;4;73;0;7981418;1000;0
147;18;336;22;10;19;10;3.60;6;2;1;76;0;7981910;1495;0
147;18;336;22;10;25;91;3.60;3;1;1;75;0;7982591;1097;0
147;18;336;22;10;28;10;3.80;3;1;1;80;0;7982810;201;0
147;18;336;22;10;29;55;3.80;2;1;1;76;0;7982955;2937;0
147;18;336;22;10;35;70;3.40;2;1;1;75;0;7983570;597;0
147;18;336;22;10;37;65;3.60;3;1;1;75;0;7983765;937;0
147;18;336;22;10;47;16;3.60;4;1;1;85;0;7984716;4211;0
147;18;336;22;10;49;18;3.60;3;1;1;88;0;7984918;1135;0
147;18;336;22;10;53;99;3.40;7;2;1;78;0;7985399;4484;0
147;18;336;22;10;54;99;3.60;1;1;1;80;0;7985499;9482;0
147;18;336;22;10;55;14;3.60;2;1;1;81;0;7985514;1927;0
147;18;336;22;10;55;87;7.40;2;1;2;86;0;7985587;57;0
147;18;336;22;10;56;99;3.40;6;2;1;80;0;7985699;3771;0
147;18;336;22;10;56;99;3.40;5;2;1;85;0;7985699;6083;0
147;18;336;22;10;57;99;3.80;2;1;1;87;0;7985799;181;0
147;18;336;22;10;58;85;3.80;7;2;1;83;0;7985885;470;0
147;18;336;22;10;58;78;6.60;2;1;1;84;0;7985878;63;0
147;18;336;22;11;0;31;2.80;2;1;1;80;0;7986031;124;7985514
147;18;336;22;11;1;17;3.20;6;2;1;84;0;7986117;402;0
147;18;336;22;11;2;99;3.60;2;1;1;73;0;7986299;255;0
147;18;336;22;11;3;71;3.00;2;1;1;71;0;7986371;54;0
147;18;336;22;11;3;99;4.00;6;2;1;83;0;7986399;268;0
147;18;336;22;11;6;99;3.20;6;2;1;75;0;7986699;282;0
147;18;336;22;11;6;99;3.60;7;2;1;81;0;7986699;797;0
147;18;336;22;11;6;99;3.80;3;1;1;71;0;7986699;1766;0
147;18;336;22;11;7;99;3.80;8;2;1;85;0;7986799;9572;0
147;18;336;22;11;8;69;15.40;3;1;4;71;0;7986869;150;0
147;18;336;22;11;11;7;3.00;5;2;1;73;0;7987107;1393;0
147;18;336;22;11;16;96;12.20;2;1;3;72;0;7987696;1309;0
147;18;336;22;11;18;20;2.80;6;2;1;78;0;7987820;1105;0
147;18;336;22;11;18;77;3.00;3;1;1;73;0;7987877;929;0
147;18;336;22;11;20;99;3.40;7;2;1;82;0;7988099;1384;0
147;18;336;22;11;23;99;11.20;2;1;2;82;0;7988399;642;0
147;18;336;22;11;25;14;3.20;4;1;1;89;0;7988514;3782;0
147;18;336;22;11;25;99;3.00;2;1;1;85;0;7988599;150;0
147;18;336;22;11;27;99;3.40;3;1;1;83;0;7988799;907;0
147;18;336;22;11;28;17;4.00;7;2;1;79;0;7988817;703;0
147;18;336;22;11;30;99;3.80;7;2;1;82;0;7989099;263;0
147;18;336;22;11;30;5;3.80;2;1;1;83;0;7989005;393;0
147;18;336;22;11;31;99;3.40;6;2;1;76;0;7989199;1366;0
147;18;336;22;11;33;32;3.80;3;1;1;77;0;7989332;518;0
147;18;336;22;11;36;61;3.40;6;2;1;82;0;7989661;445;0
147;18;336;22;11;38;27;3.40;6;2;1;83;0;7989827;151;0
147;18;336;22;11;40;99;3.80;5;2;1;90;0;7990099;2977;0
147;18;336;22;11;40;99;2.80;3;1;1;68;0;7990099;749;0
147;18;336;22;11;41;12;2.80;6;2;1;68;0;7990112;270;0
147;18;336;22;11;42;99;4.00;2;1;1;83;0;7990299;1277;0
147;18;336;22;11;42;99;3.20;6;2;1;69;0;7990299;172;0
147;18;336;22;11;44;10;3.40;3;1;1;81;0;7990410;296;0
147;18;336;22;11;44;99;3.40;6;2;1;64;0;7990499;183;0
147;18;336;22;11;45;99;4.40;2;1;1;80;0;7990599;282;0
147;18;336;22;11;45;99;3.20;6;2;1;67;0;7990599;80;0
147;18;336;22;11;47;0;3.80;2;1;1;79;0;7990700;81;0
147;18;336;22;11;47;99;3.60;6;2;1;72;0;7990799;182;7990112
147;18;336;22;11;47;31;23.60;5;2;5;81;0;7990731;616;0
147;18;336;22;11;49;11;3.40;6;2;1;81;0;7990911;94;7990112
147;18;336;22;11;50;23;2.80;4;1;1;67;0;7991023;2496;0
147;18;336;22;11;51;16;4.00;3;1;1;77;0;7991116;690;0
147;18;336;22;11;51;14;3.40;6;2;1;80;0;7991114;187;7990112
147;18;336;22;11;51;60;3.60;2;1;1;81;0;7991160;442;0
147;18;336;22;11;52;22;3.60;8;2;1;84;0;7991222;4406;0
147;18;336;22;11;52;99;4.60;4;1;1;77;0;7991299;260;0
147;18;336;22;11;53;99;4.00;2;1;1;81;0;7991399;223;0
147;18;336;22;11;54;96;3.40;6;2;1;74;0;7991496;366;0
147;18;336;22;12;0;99;3.80;6;2;1;85;0;7992099;586;0
147;18;336;22;12;2;27;3.00;6;2;1;83;0;7992227;111;0
147;18;336;22;12;7;59;3.60;7;2;1;76;0;7992759;3643;0
147;18;336;22;12;8;11;3.60;6;2;1;80;0;7992811;570;0
147;18;336;22;12;9;66;4.00;3;1;1;89;0;7992966;1831;0
147;18;336;22;12;12;12;3.60;7;2;1;95;0;7993212;435;0
147;18;336;22;12;14;99;3.20;6;2;1;76;0;7993499;671;0
147;18;336;22;12;17;67;3.40;6;2;1;80;0;7993767;252;0
147;18;336;22;12;20;32;3.20;3;1;1;87;0;7994032;1049;0
147;18;336;22;12;20;99;3.40;1;1;1;80;0;7994099;8583;0
147;18;336;22;12;21;99;3.60;6;2;1;83;0;7994199;416;0
147;18;336;22;12;23;99;3.40;8;2;1;80;0;7994399;3161;0
147;18;336;22;12;26;99;3.60;8;2;1;78;0;7994699;284;0
147;18;336;22;12;28;99;3.40;5;2;1;79;0;7994899;4063;0
147;18;336;22;12;28;99;2.80;1;1;1;64;0;7994899;784;0
147;18;336;22;12;28;97;16.00;3;1;4;85;0;7994897;851;0
147;18;336;22;12;30;60;3.80;6;2;1;78;0;7995060;845;0
147;18;336;22;12;34;99;11.00;2;1;3;84;0;7995499;4082;0
147;18;336;22;12;37;24;3.40;6;2;1;80;0;7995724;646;0
147;18;336;22;12;38;99;3.00;6;2;1;75;0;7995899;159;0
147;18;336;22;12;41;19;3.80;3;1;1;99;0;7996119;1154;0
147;18;336;22;12;41;2;5.00;6;2;1;68;0;7996102;188;0
147;18;336;22;12;48;99;3.00;3;1;1;76;0;7996899;766;0
147;18;336;22;12;49;99;3.00;3;1;1;74;0;7996999;85;0
147;18;336;22;12;52;99;3.80;6;2;1;82;0;7997299;1170;0
147;18;336;22;12;58;52;3.40;7;2;1;75;0;7997852;4626;0
147;18;336;22;12;59;99;3.60;2;1;1;79;0;7997999;2452;0
147;18;336;22;13;0;10;6.00;3;1;1;77;0;7998010;996;0
147;18;336;22;13;5;99;3.60;6;2;1;73;0;7998599;1283;0
147;18;336;22;13;7;11;3.40;6;2;1;81;0;7998711;94;0
147;18;336;22;13;7;99;4.80;3;1;1;74;0;7998799;760;0
147;18;336;22;13;9;99;4.40;6;2;1;76;0;7998999;272;0
147;18;336;22;13;10;7;3.60;3;1;1;75;0;7999007;184;0
147;18;336;22;13;12;99;5.20;7;2;1;75;0;7999299;1430;0
147;18;336;22;13;12;99;3.00;6;2;1;78;0;7999299;279;0
147;18;336;22;13;19;99;3.80;6;2;1;71;0;7999999;686;0
147;18;336;22;13;19;69;10.40;2;1;2;66;0;7999969;1953;0
147;18;336;22;13;21;26;3.60;6;2;1;71;0;8000126;107;0
147;18;336;22;13;22;99;3.40;6;2;1;73;0;8000299;154;0
147;18;336;22;13;23;3;4.20;2;1;1;73;0;8000303;277;0
147;18;336;22;13;24;2;3.40;2;1;1;73;0;8000402;78;0
147;18;336;22;13;24;99;3.60;2;1;1;74;0;8000499;80;0
147;18;336;22;13;25;99;3.80;1;1;1;78;0;8000599;5684;0
147;18;336;22;13;26;4;3.40;7;2;1;73;0;8000604;1280;0
147;18;336;22;13;28;99;3.60;6;2;1;74;0;8000899;583;0
147;18;336;22;13;31;99;16.80;3;1;4;75;0;8001199;2174;0
147;18;336;22;13;36;67;3.60;6;2;1;84;0;8001667;750;0
147;18;336;22;13;40;99;3.80;7;2;1;83;0;8002099;1478;0
147;18;336;22;13;42;17;3.60;6;2;1;85;0;8002217;534;0
147;18;336;22;13;42;99;3.40;3;1;1;77;0;8002299;1019;0
147;18;336;22;13;42;99;3.80;7;2;1;89;0;8002299;183;0
147;18;336;22;13;45;99;3.80;2;1;1;83;0;8002599;2082;0
147;18;336;22;13;46;39;3.00;2;1;1;82;0;8002639;23;0
147;18;336;22;13;49;90;3.20;3;1;1;79;0;8002990;675;0
147;18;336;22;13;52;69;3.00;3;1;1;78;0;8003269;264;0
147;18;336;22;13;52;77;3.00;6;2;1;79;0;8003277;1044;0
147;18;336;22;13;54;76;3.00;2;1;1;75;0;8003476;823;0
147;18;336;22;13;55;2;3.80;1;1;1;82;0;8003502;2885;0
147;18;336;22;14;6;99;3.60;6;2;1;88;0;8004699;1408;0
147;18;336;22;14;7;99;3.40;3;1;1;79;0;8004799;1516;0
147;18;336;22;14;8;99;3.80;2;1;1;84;0;8004899;1408;0
147;18;336;22;14;8;99;3.60;6;2;1;83;0;8004899;185;0
147;18;336;22;14;9;99;3.80;3;1;1;79;0;8004999;184;0
147;18;336;22;14;10;99;3.80;3;1;1;79;0;8005099;82;0
147;18;336;22;14;12;32;3.60;2;1;1;86;0;8005232;316;0
147;18;336;22;14;13;19;3.20;6;2;1;78;0;8005319;404;0
147;18;336;22;14;20;99;3.20;1;1;1;79;0;8006099;2580;0
147;18;336;22;14;21;99;3.20;6;2;1;73;0;8006199;865;0
147;18;336;22;14;22;13;3.80;7;2;1;87;0;8006213;3898;0
147;18;336;22;14;22;21;3.20;6;2;1;74;0;8006221;6;0
147;18;336;22;14;23;99;3.60;6;2;1;79;0;8006399;162;0
147;18;336;22;14;25;34;3.80;1;1;1;101;0;8006534;420;0
147;18;336;22;14;28;19;3.60;2;1;1;73;0;8006819;1571;0
147;18;336;22;14;29;99;5.00;3;1;1;76;0;8006999;1882;0
147;18;336;22;14;31;99;3.20;3;1;1;76;0;8007199;176;0
147;18;336;22;14;31;99;3.60;6;2;1;79;0;8007199;783;0
147;18;336;22;14;34;25;3.40;2;1;1;87;0;8007425;588;0
147;18;336;22;14;37;99;3.80;6;2;1;75;0;8007799;583;0
147;18;336;22;14;39;99;3.60;2;1;1;74;0;8007999;559;0
147;18;336;22;14;40;5;4.00;7;2;1;79;0;8008005;1776;0
147;18;336;22;14;43;99;3.40;6;2;1;76;0;8008399;581;0
147;18;336;22;14;45;27;3.40;6;2;1;78;0;8008527;111;0
147;18;336;22;14;44;99;15.60;3;1;4;70;0;8008499;1284;0
147;18;336;22;14;46;55;18.60;2;1;5;79;0;8008655;638;0
147;18;336;22;14;49;28;2.80;6;2;1;77;0;8008928;385;0
147;18;336;22;14;49;99;3.80;3;1;1;73;0;8008999;419;0
147;18;336;22;14;51;84;3.60;3;1;1;70;0;8009184;166;0
147;18;336;22;14;52;22;3.80;6;2;1;81;0;8009222;280;0
147;18;336;22;14;52;99;4.00;2;1;1;77;0;8009299;559;0
147;18;336;22;14;52;99;3.00;3;1;1;69;0;8009299;96;0
147;18;336;22;14;53;20;14.20;2;1;4;77;0;8009320;2;0
147;18;336;22;14;55;11;3.80;3;1;1;73;0;8009511;196;0
147;18;336;22;14;55;99;6.00;2;1;1;76;0;8009599;212;0
147;18;336;22;15;1;43;11.80;2;1;2;70;0;8010143;515;0
147;18;336;22;15;4;99;4.00;6;2;1;80;0;8010499;1260;0
147;18;336;22;15;5;99;4.00;2;1;1;77;0;8010599;395;0
147;18;336;22;15;7;99;4.00;7;2;1;81;0;8010799;2775;0
147;18;336;22;15;9;95;3.40;6;2;1;76;0;8010995;478;0
147;18;336;22;15;11;28;3.00;1;1;1;80;0;8011128;4580;0
147;18;336;22;15;13;22;3.80;7;2;1;82;0;8011322;505;0
147;18;336;22;15;16;23;4.00;3;1;1;81;0;8011623;2093;0
147;18;336;22;15;18;9;3.40;6;2;1;79;0;8011809;797;0
147;18;336;22;15;21;0;4.60;2;1;1;92;0;8012100;1482;0
147;18;336;22;15;21;1;3.80;3;1;1;80;0;8012101;460;0
147;18;336;22;15;29;68;3.20;2;1;1;72;0;8012968;850;0
147;18;336;22;15;30;99;3.40;6;2;1;83;0;8013099;1274;0
147;18;336;22;15;34;29;3.60;3;1;1;76;0;8013429;1310;0
147;18;336;22;15;34;30;3.40;1;1;1;72;0;8013430;2288;0
147;18;336;22;15;35;99;3.20;3;1;1;74;0;8013599;152;0
147;18;336;22;15;37;72;3.40;6;2;1;79;0;8013772;658;0
147;18;336;22;15;38;14;3.40;7;2;1;77;0;8013814;2475;0
147;18;336;22;15;38;99;4.00;5;2;1;82;0;8013899;18984;0
147;18;336;22;15;39;20;3.60;6;2;1;79;0;8013920;132;0
147;18;336;22;15;44;24;4.00;6;2;1;97;0;8014424;487;0
147;18;336;22;15;45;32;3.40;6;2;1;95;0;8014532;93;0
147;18;336;22;15;46;18;3.60;4;1;1;79;0;8014618;23297;0
147;18;336;22;15;47;84;3.00;6;2;1;80;0;8014784;239;0
147;18;336;22;15;50;9;3.60;6;2;1;75;0;8015009;211;0
147;18;336;22;15;50;99;3.40;3;1;1;75;0;8015099;1484;0
147;18;336;22;15;51;99;3.80;6;2;1;86;0;8015199;172;0
147;18;336;22;15;52;39;4.00;1;1;1;120;0;8015239;1792;0
147;18;336;22;15;52;88;3.40;2;1;1;81;0;8015288;2304;0
147;18;336;22;15;55;10;3.00;6;2;1;75;0;8015510;295;0
147;18;336;22;15;55;12;3.40;3;1;1;80;0;8015512;396;0
147;18;336;22;15;55;99;3.40;2;1;1;75;0;8015599;295;0
147;18;336;22;15;56;99;3.20;3;1;1;77;0;8015699;171;0
147;18;336;22;15;56;99;4.40;6;2;1;82;0;8015699;174;0
147;18;336;22;15;58;99;3.40;2;1;1;83;0;8015899;283;0
147;18;336;22;15;59;21;3.80;6;2;1;81;0;8015921;202;0
147;18;336;22;16;4;99;3.80;3;1;1;79;0;8016499;785;0
147;18;336;22;16;5;93;3.40;8;2;1;89;0;8016593;21877;0
147;18;336;22;16;5;99;2.80;3;1;1;75;0;8016599;82;0
147;18;336;22;16;11;99;3.60;3;1;1;74;0;8017199;586;0
147;18;336;22;16;11;99;3.60;2;1;1;79;0;8017199;1285;0
147;18;336;22;16;13;23;4.00;5;2;1;94;0;8017323;3406;0
147;18;336;22;16;13;99;3.20;6;2;1;80;0;8017399;1461;0
147;18;336;22;16;13;97;15.60;1;1;4;75;0;8017397;2146;0
147;18;336;22;16;15;89;3.60;5;2;1;83;0;8017589;250;0
147;18;336;22;16;17;34;3.40;6;2;1;74;0;8017734;320;0
147;18;336;22;16;19;8;3.80;5;2;1;75;0;8017908;303;0
147;18;336;22;16;20;60;3.40;4;1;1;83;0;8018060;3425;0
147;18;336;22;16;21;0;3.60;2;1;1;80;0;8018100;884;0
147;18;336;22;16;21;99;3.60;3;1;1;74;0;8018199;982;0
147;18;336;22;16;21;99;2.80;6;2;1;69;0;8018199;448;0
147;18;336;22;16;23;99;3.20;4;1;1;82;0;8018399;324;0
147;18;336;22;16;23;99;3.80;2;1;1;84;0;8018399;282;0
147;18;336;22;16;23;76;16.20;3;1;4;75;0;8018376;159;0
147;18;336;22;16;25;9;4.00;7;2;1;85;0;8018509;4679;0
147;18;336;22;16;30;99;16.00;3;1;4;74;0;8019099;645;0
147;18;336;22;16;31;80;3.80;2;1;1;67;0;8019180;764;0
147;18;336;22;16;34;99;3.60;6;2;1;85;0;8019499;1285;0
147;18;336;22;16;37;99;3.40;6;2;1;78;0;8019799;284;0
147;18;336;22;16;39;99;3.60;7;2;1;77;0;8019999;1473;0
147;18;336;22;16;43;3;3.80;5;2;1;87;0;8020303;2376;0
147;18;336;22;16;44;99;3.20;6;2;1;77;0;8020499;684;0
147;18;336;22;16;45;9;3.20;2;1;1;71;0;8020509;1308;0
147;18;336;22;16;46;82;16.20;4;1;4;78;0;8020682;2268;0
147;18;336;22;16;47;99;3.40;3;1;1;73;0;8020799;1622;0
147;18;336;22;16;49;22;4.00;2;1;1;79;0;8020922;396;0
147;18;336;22;16;51;20;3.60;7;2;1;82;0;8021120;1104;0
147;18;336;22;16;54;99;3.60;3;1;1;82;0;8021499;683;0
147;18;336;22;16;57;99;3.60;2;1;1;61;0;8021799;858;0
147;18;336;22;16;57;99;4.40;1;1;1;77;0;8021799;4327;0
147;18;336;22;16;59;22;3.80;4;1;1;81;0;8021922;1165;0
147;18;336;22;16;59;85;3.80;6;2;1;76;0;8021985;1471;0
147;18;336;22;17;8;99;3.60;3;1;1;75;0;8022899;1384;0
147;18;336;22;17;10;99;3.40;6;2;1;70;0;8023099;1096;0
147;18;336;22;17;11;21;3.80;6;2;1;87;0;8023121;4;0
147;18;336;22;17;12;99;3.60;3;1;1;73;0;8023299;382;0
147;18;336;22;17;16;3;3.80;6;2;1;85;0;8023603;466;0
147;18;336;22;17;19;0;3.20;6;2;1;79;0;8023900;280;0
147;18;336;22;17;20;99;4.00;5;2;1;112;0;8024099;3780;0
147;18;336;22;17;20;99;3.40;2;1;1;82;0;8024099;2278;0
147;18;336;22;17;20;99;3.60;3;1;1;79;0;8024099;782;0
147;18;336;22;17;21;17;3.80;8;2;1;84;0;8024117;7510;0
147;18;336;22;17;25;20;3.40;3;1;1;76;0;8024520;404;0
147;18;336;22;17;30;99;3.80;7;2;1;79;0;8025099;3963;0
147;18;336;22;17;39;14;3.60;2;1;1;79;0;8025914;1800;0
147;18;336;22;17;39;5;3.80;6;2;1;78;0;8025905;1990;0
147;18;336;22;17;45;11;3.40;1;1;1;73;0;8026511;4691;0
147;18;336;22;17;49;10;3.80;2;1;1;77;0;8026910;979;0
147;18;336;22;17;52;17;3.60;6;2;1;78;0;8027217;1294;0
147;18;336;22;17;57;6;3.60;4;1;1;79;0;8027706;5767;0
147;18;336;22;17;58;99;3.40;3;1;1;79;0;8027899;3362;0
147;18;336;22;17;58;99;3.60;2;1;1;71;0;8027899;971;0
147;18;336;22;18;1;99;4.60;6;2;1;74;0;8028199;965;0
147;18;336;22;18;2;53;3.20;7;2;1;80;0;8028253;3136;0
147;18;336;22;18;6;99;3.00;6;2;1;76;0;8028699;477;0
147;18;336;22;18;8;99;3.20;3;1;1;75;0;8028899;984;0
147;18;336;22;18;12;23;3.20;6;2;1;77;0;8029223;509;0
147;18;336;22;18;13;90;3.80;5;2;1;81;0;8029390;5278;0
147;18;336;22;18;14;99;3.40;6;2;1;79;0;8029499;261;0
147;18;336;22;18;15;14;3.20;5;2;1;81;0;8029514;107;0
147;18;336;22;18;17;99;3.60;5;2;1;82;0;8029799;270;0
147;18;336;22;18;20;17;3.40;3;1;1;88;0;8030017;1102;0
147;18;336;22;18;21;99;3.60;6;2;1;81;0;8030199;684;0
147;18;336;22;18;22;99;6.00;7;2;1;75;0;8030299;2031;0
147;18;336;22;18;23;5;4.00;5;2;1;76;0;8030305;490;0
147;18;336;22;18;25;21;3.80;7;2;1;83;0;8030521;193;0
147;18;336;22;18;33;2;3.60;3;1;1;79;0;8031302;1271;0
147;18;336;22;18;36;91;3.80;7;2;1;75;0;8031691;1153;0
147;18;336;22;18;36;99;3.60;6;2;1;73;0;8031699;1484;0
147;18;336;22;18;38;19;3.60;2;1;1;75;0;8031819;3901;0
147;18;336;22;18;41;70;3.40;3;1;1;85;0;8032170;851;0
147;18;336;22;18;42;99;4.20;4;1;1;79;0;8032299;4576;0
147;18;336;22;18;43;22;4.20;7;2;1;70;0;8032322;612;0
147;18;336;22;18;46;76;4.00;2;1;1;83;0;8032676;839;0
147;18;336;22;18;48;2;3.80;2;1;1;82;0;8032802;108;0
147;18;336;22;18;48;99;3.00;3;1;1;86;0;8032899;714;0
147;18;336;22;18;51;27;3.60;4;1;1;83;0;8033127;808;0
147;18;336;22;18;51;81;4.00;3;1;1;84;0;8033181;269;0
147;18;336;22;18;53;34;4.40;2;1;1;87;0;8033334;515;0
147;18;336;22;18;55;17;3.80;8;2;1;79;0;8033517;9383;0
147;18;336;22;18;57;99;4.40;7;2;1;73;0;8033799;1455;0
147;18;336;22;18;58;20;3.60;5;2;1;78;0;8033820;3496;0
147;18;336;22;18;58;99;2.80;6;2;1;73;0;8033899;2182;0
147;18;336;22;18;59;13;3.60;3;1;1;82;0;8033913;714;0
147;18;336;22;19;1;1;3.60;3;1;1;78;0;8034101;172;0
147;18;336;22;19;1;41;3.80;4;1;1;79;0;8034141;998;0
147;18;336;22;19;5;99;3.20;6;2;1;81;0;8034599;686;0
147;18;336;22;19;11;99;4.00;7;2;1;83;0;8035199;1378;0
147;18;336;22;19;11;99;3.60;5;2;1;78;0;8035199;1362;0
147;18;336;22;19;14;23;3.40;6;2;1;83;0;8035423;809;0
147;18;336;22;19;14;29;4.00;4;1;1;86;0;8035429;1270;0
147;18;336;22;19;15;99;3.80;7;2;1;79;0;8035599;382;0
147;18;336;22;19;16;0;3.60;1;1;1;90;0;8035600;9072;0
147;18;336;22;19;16;99;3.80;2;1;1;79;0;8035699;2346;0
147;18;336;22;19;17;67;3.40;7;2;1;79;0;8035767;150;0
147;18;336;22;19;17;99;4.00;3;1;1;89;0;8035799;1681;0
147;18;336;22;19;20;24;3.80;8;2;1;79;0;8036024;2489;0
147;18;336;22;19;21;99;4.40;1;1;1;92;0;8036199;584;0
147;18;336;22;19;23;99;3.60;2;1;1;83;0;8036399;682;0
147;18;336;22;19;25;99;3.60;6;2;1;77;0;8036599;1161;0
147;18;336;22;19;25;99;12.40;2;1;2;92;0;8036599;184;0
147;18;336;22;19;27;25;3.80;4;1;1;85;0;8036725;1279;0
147;18;336;22;19;27;57;4.00;6;2;1;76;0;8036757;141;0
147;18;336;22;19;35;1;3.20;6;2;1;74;0;8037501;725;0
147;18;336;22;19;35;78;3.60;2;1;1;76;0;8037578;930;0
147;18;336;22;19;36;99;3.60;7;2;1;78;0;8037699;1916;0
147;18;336;22;19;37;11;4.00;3;1;1;80;0;8037711;1895;0
147;18;336;22;19;40;19;3.00;1;1;1;74;0;8038019;1802;0
147;18;336;22;19;42;43;3.20;3;1;1;76;0;8038243;514;0
147;18;336;22;19;43;99;3.40;7;2;1;78;0;8038399;683;0
147;18;336;22;19;45;70;3.20;5;2;1;82;0;8038570;3354;0
147;18;336;22;19;46;99;3.40;7;2;1;77;0;8038699;284;0
147;18;336;22;19;54;99;3.60;6;2;1;76;0;8039499;1982;0
147;18;336;22;19;54;99;3.20;2;1;1;77;0;8039499;1903;0
147;18;336;22;19;55;84;3.40;4;1;1;86;0;8039584;2842;0
147;18;336;22;19;57;99;3.40;6;2;1;76;0;8039799;282;0
147;18;336;22;19;59;99;3.60;6;2;1;77;0;8039999;183;0
147;18;336;22;20;0;49;3.40;6;2;1;73;0;8040049;33;0
147;18;336;22;20;3;18;4.40;3;1;1;84;0;8040318;2059;0
147;18;336;22;20;5;17;3.80;3;1;1;94;0;8040517;180;0
147;18;336;22;20;10;52;3.80;5;2;1;83;0;8041052;2467;0
147;18;336;22;20;12;99;4.60;3;1;1;82;0;8041299;767;0
147;18;336;22;20;13;1;3.60;6;2;1;80;0;8041301;1235;0
147;18;336;22;20;16;99;3.60;3;1;1;69;0;8041699;379;0
147;18;336;22;20;17;22;3.60;4;1;1;81;0;8041722;2123;0
147;18;336;22;20;21;56;7.60;2;1;1;77;0;8042156;2642;0
147;18;336;22;20;21;93;4.80;4;1;1;84;0;8042193;455;0
147;18;336;22;20;21;99;3.80;6;2;1;79;0;8042199;881;0
147;18;336;22;20;23;15;3.60;7;2;1;79;0;8042315;3600;0
147;18;336;22;20;24;99;3.80;2;1;1;66;0;8042499;307;0
147;18;336;22;20;25;99;3.60;3;1;1;74;0;8042599;881;0
147;18;336;22;20;26;5;3.60;4;1;1;78;0;8042605;391;0
147;18;336;22;20;26;63;4.20;7;2;1;77;0;8042663;331;0
147;18;336;22;20;26;87;3.60;1;1;1;71;0;8042687;4653;0
147;18;336;22;20;27;1;4.60;5;2;1;80;0;8042701;1632;0
147;18;336;22;20;27;99;3.40;2;1;1;73;0;8042799;279;0
147;18;336;22;20;27;99;4.00;3;1;1;70;0;8042799;182;0
147;18;336;22;20;29;99;3.40;6;2;1;80;0;8042999;782;0
147;18;336;22;20;30;99;3.80;4;1;1;89;0;8043099;477;0
147;18;336;22;20;30;99;3.80;2;1;1;79;0;8043099;283;0
147;18;336;22;20;35;99;3.80;2;1;1;79;0;8043599;482;0
147;18;336;22;20;38;14;3.60;6;2;1;80;0;8043814;799;0
147;18;336;22;20;39;7;3.20;6;2;1;80;0;8043907;76;0
147;18;336;22;20;41;42;3.60;6;2;1;80;0;8044142;220;0
147;18;336;22;20;42;99;3.40;2;1;1;74;0;8044299;682;0
147;18;336;22;20;45;99;3.00;2;1;1;79;0;8044599;283;0
147;18;336;22;20;46;51;3.60;2;1;1;78;0;8044651;38;0
147;18;336;22;20;48;3;4.60;6;2;1;82;0;8044803;644;0
147;18;336;22;20;49;16;3.80;6;2;1;83;0;8044916;92;0
147;18;336;22;20;49;61;3.60;3;1;1;77;0;8044961;2141;0
147;18;336;22;20;54;68;5.00;4;1;1;77;0;8045468;2353;0
147;18;336;22;20;55;99;2.80;3;1;1;76;0;8045599;621;0
147;18;336;22;20;55;99;3.60;2;1;1;74;0;8045599;931;0
147;18;336;22;20;58;99;4.00;3;1;1;79;0;8045899;286;0
147;18;336;22;20;59;22;3.20;4;1;1;81;0;8045922;430;0
147;18;336;22;20;59;69;5.00;2;1;1;81;0;8045969;352;0
147;18;336;22;21;0;99;3.60;3;1;1;78;0;8046099;181;0
147;18;336;22;21;2;99;3.40;2;1;1;81;0;8046299;307;0
147;18;336;22;21;12;54;3.00;3;1;1;80;0;8047254;1138;0
147;18;336;22;21;14;23;3.00;2;1;1;77;0;8047423;1108;0
147;18;336;22;21;15;99;3.60;3;1;1;81;0;8047599;331;0
147;18;336;22;21;15;99;3.80;8;2;1;89;0;8047599;11557;0
147;18;336;22;21;16;99;3.00;2;1;1;80;0;8047699;261;0
147;18;336;22;21;18;99;7.00;2;1;1;86;0;8047899;186;0
147;18;336;22;21;22;31;3.40;1;1;1;78;0;8048231;5525;0
147;18;336;22;21;27;7;3.80;2;1;1;70;0;8048707;778;0
147;18;336;22;21;28;99;3.80;6;2;1;80;0;8048899;3966;0
147;18;336;22;21;28;99;3.40;2;1;1;77;0;8048899;172;0
147;18;336;22;21;39;99;3.80;7;2;1;74;0;8049999;7316;0
147;18;336;22;21;40;55;3.40;5;2;1;81;0;8050055;7333;0
147;18;336;22;21;45;74;2.80;3;1;1;65;0;8050574;2959;0
147;18;336;22;21;46;14;3.40;2;1;1;77;0;8050614;1699;0
147;18;336;22;21;47;99;3.60;2;1;1;82;0;8050799;169;0
147;18;336;22;21;51;99;3.40;6;2;1;74;0;8051199;2282;0
147;18;336;22;21;52;2;3.60;6;2;1;77;0;8051202;-1;0
147;18;336;22;21;52;6;3.40;7;2;1;69;0;8051206;1188;0
147;18;336;22;21;55;60;3.60;2;1;1;84;0;8051560;745;0
147;18;336;22;21;59;16;3.80;6;2;1;83;0;8051916;697;0
147;18;336;22;22;0;20;3.60;2;1;1;80;0;8052020;444;0
147;18;336;22;22;1;8;4.40;6;2;1;81;0;8052108;175;0
147;18;336;22;22;2;15;3.80;1;1;1;85;0;8052215;3968;0
147;18;336;22;22;4;99;3.60;2;1;1;80;0;8052499;462;0
147;18;336;22;22;5;99;3.80;6;2;1;83;0;8052599;471;0
147;18;336;22;22;10;99;3.00;6;2;1;82;0;8053099;483;0
147;18;336;22;22;14;99;3.80;8;2;1;81;0;8053499;5884;0
147;18;336;22;22;15;99;3.80;2;1;1;80;0;8053599;1083;0
147;18;336;22;22;15;99;3.80;7;2;1;87;0;8053599;2375;0
147;18;336;22;22;16;99;3.60;2;1;1;75;0;8053699;82;0
147;18;336;22;22;18;8;3.60;4;1;1;78;0;8053808;7871;0
147;18;336;22;22;18;52;3.40;3;1;1;74;0;8053852;3262;0
147;18;336;22;22;19;91;3.20;1;1;1;80;0;8053991;1759;0
147;18;336;22;22;20;20;4.20;7;2;1;81;0;8054020;405;0
147;18;336;22;22;21;3;3.40;2;1;1;83;0;8054103;386;0
147;18;336;22;22;21;95;6.80;3;1;1;81;0;8054195;326;0
147;18;336;22;22;25;26;3.60;2;1;1;82;0;8054526;408;0
147;18;336;22;22;27;99;4.00;2;1;1;81;0;8054799;257;0
147;18;336;22;22;30;99;5.20;6;2;1;86;0;8055099;1986;0
147;18;336;22;22;33;4;3.80;6;2;1;78;0;8055304;183;0
147;18;336;22;22;34;99;3.60;5;2;1;78;0;8055499;5428;0
147;18;336;22;22;35;99;4.00;1;1;1;81;0;8055599;1593;0
147;18;336;22;22;37;99;3.60;3;1;1;78;0;8055799;1573;0
147;18;336;22;22;38;99;3.60;2;1;1;75;0;8055899;1082;0
147;18;336;22;22;44;14;3.60;5;2;1;91;0;8056414;898;0
147;18;336;22;22;44;19;5.00;6;2;1;86;0;8056419;1097;0
147;18;336;22;22;49;79;3.20;6;2;1;93;0;8056979;539;0
147;18;336;22;22;50;99;3.40;2;1;1;77;0;8057099;1182;0
147;18;336;22;22;51;99;4.00;6;2;1;105;0;8057199;207;0
147;18;336;22;23;1;99;4.60;3;1;1;77;0;8058199;2383;0
147;18;336;22;23;2;85;3.40;3;1;1;76;0;8058285;64;0
147;18;336;22;23;8;16;3.60;6;2;1;82;0;8058816;1603;0
147;18;336;22;23;10;10;4.00;6;2;1;83;0;8059010;178;0
147;18;336;22;23;11;13;3.80;2;1;1;74;0;8059113;1998;0
147;18;336;22;23;16;9;3.80;6;2;1;72;0;8059609;581;0
147;18;336;22;23;18;2;3.40;6;2;1;77;0;8059802;174;0
147;18;336;22;23;20;44;3.60;3;1;1;71;0;8060044;1742;0
147;18;336;22;23;23;8;3.80;6;2;1;76;0;8060308;490;0
147;18;336;22;23;25;53;3.60;6;2;1;80;0;8060553;227;0
147;18;336;22;23;26;99;3.40;6;2;1;78;0;8060699;129;0
147;18;336;22;23;27;45;3.40;6;2;1;77;0;8060745;30;0
147;18;336;22;23;28;99;4.40;2;1;1;77;0;8060899;1767;0
147;18;336;22;23;31;21;3.20;6;2;1;74;0;8061121;360;0
147;18;336;22;23;31;99;4.00;4;1;1;91;0;8061199;7374;0
147;18;336;22;23;32;14;3.20;3;1;1;78;0;8061214;1151;0
147;18;336;22;23;33;21;3.60;2;1;1;101;0;8061321;401;0
147;18;336;22;23;34;99;3.40;2;1;1;81;0;8061499;165;0
147;18;336;22;23;34;99;4.00;3;1;1;79;0;8061499;270;0
147;18;336;22;23;38;3;3.40;2;1;1;81;0;8061803;288;0
147;18;336;22;23;46;83;4.20;2;1;1;66;0;8062683;864;0
147;18;336;22;23;50;14;3.80;6;2;1;75;0;8063014;1877;0
147;18;336;22;23;51;85;3.60;5;2;1;80;0;8063185;6756;0
147;18;336;22;23;51;99;3.40;6;2;1;73;0;8063199;166;0
147;18;336;22;23;56;99;4.00;5;2;1;84;0;8063699;497;0
147;18;336;22;23;57;99;3.40;6;2;1;76;0;8063799;583;0
147;18;336;22;23;58;16;3.60;5;2;1;83;0;8063816;99;0
147;18;336;22;23;59;99;4.00;5;2;1;85;0;8063999;167;0
147;18;336;22;24;0;15;3.60;4;1;1;87;0;8064015;2800;0
147;18;336;22;24;1;60;3.20;6;2;1;77;0;8064160;344;0
147;18;336;22;24;2;99;3.20;3;1;1;75;0;8064299;2781;0
147;18;336;22;24;4;86;3.60;6;2;1;74;0;8064486;311;0
147;18;336;22;24;4;99;4.60;2;1;1;76;0;8064499;1793;0
147;18;336;22;24;5;8;4.80;2;1;1;79;0;8064508;-1;0
147;18;336;22;24;7;99;3.00;2;1;1;70;0;8064799;269;0
147;18;336;22;24;7;99;3.60;3;1;1;77;0;8064799;484;0
147;18;336;22;24;8;23;3.40;7;2;1;81;0;8064823;10784;0
147;18;336;22;24;14;13;3.20;6;2;1;78;0;8065413;909;0
147;18;336;22;24;21;16;3.80;2;1;1;82;0;8066116;1301;0
147;18;336;22;24;24;74;4.20;3;1;1;87;0;8066474;1658;0
147;18;336;22;24;28;99;3.80;3;1;1;86;0;8066899;407;0
147;18;336;22;24;30;99;3.80;3;1;1;83;0;8067099;184;0
147;18;336;22;24;31;18;3.40;6;2;1;72;0;8067118;1690;0
147;18;336;22;24;32;99;3.40;3;1;1;82;0;8067299;183;0
147;18;336;22;24;33;10;3.80;4;1;1;82;0;8067310;3280;0
147;18;336;22;24;33;99;3.60;6;2;1;73;0;8067399;264;0
147;18;336;22;24;34;3;3.20;2;1;1;84;0;8067403;1270;0
147;18;336;22;24;35;20;3.00;6;2;1;78;0;8067520;103;0
147;18;336;22;24;35;99;3.40;7;2;1;75;0;8067599;2760;0
147;18;336;22;24;37;57;5.00;6;2;1;78;0;8067757;223;0
147;18;336;22;24;39;63;3.60;6;2;1;81;0;8067963;182;0
147;18;336;22;24;39;71;3.60;2;1;1;78;0;8067971;554;0
147;18;336;22;24;42;99;3.60;7;2;1;81;0;8068299;683;0
147;18;336;22;24;42;99;3.00;3;1;1;79;0;8068299;985;0
147;18;336;22;24;46;99;3.00;3;1;1;78;0;8068699;386;0
147;18;336;22;24;48;99;3.60;5;2;1;89;0;8068899;4883;0
147;18;336;22;24;49;99;4.00;3;1;1;78;0;8068999;286;0
147;18;336;22;24;50;11;4.00;4;1;1;82;0;8069011;1684;0
147;18;336;22;24;51;4;4.20;2;1;1;82;0;8069104;1116;0
147;18;336;22;24;53;99;3.40;6;2;1;72;0;8069399;1420;0
147;18;336;22;24;55;80;3.80;2;1;1;80;0;8069580;457;0
147;18;336;22;24;55;96;3.40;6;2;1;77;0;8069596;180;0
147;18;336;22;24;57;38;3.60;4;1;1;86;0;8069738;709;0
147;18;336;22;24;57;44;3.60;6;2;1;81;0;8069744;132;0
147;18;336;22;25;0;99;3.60;3;1;1;85;0;8070099;1081;0
147;18;336;22;25;3;99;6.40;2;1;1;77;0;8070399;801;0
147;18;336;22;25;4;99;3.20;6;2;1;80;0;8070499;739;0
147;18;336;22;25;5;9;3.80;3;1;1;75;0;8070509;394;0
147;18;336;22;25;5;51;3.80;4;1;1;78;0;8070551;797;0
147;18;336;22;25;8;99;4.00;3;1;1;75;0;8070899;371;0
147;18;336;22;25;10;75;3.40;3;1;1;76;0;8071075;156;0
147;18;336;22;25;11;99;4.20;1;1;1;107;0;8071199;15582;0
147;18;336;22;25;12;99;7.20;2;1;1;84;0;8071299;870;0
147;18;336;22;25;14;99;3.60;6;2;1;86;0;8071499;985;0
147;18;336;22;25;16;1;3.40;7;2;1;85;0;8071601;3286;0
147;18;336;22;25;21;99;3.80;2;1;1;80;0;8072199;869;0
147;18;336;22;25;25;7;4.00;6;2;1;82;0;8072507;992;0
147;18;336;22;25;29;99;3.20;6;2;1;76;0;8072999;474;0
147;18;336;22;25;36;99;3.80;6;2;1;76;0;8073699;684;0
147;18;336;22;25;38;18;2.80;6;2;1;84;0;8073818;101;0
147;18;336;22;25;38;24;3.60;3;1;1;83;0;8073824;2732;0
147;18;336;22;25;42;99;4.00;6;2;1;72;0;8074299;469;0
147;18;336;22;25;43;36;3.60;3;1;1;75;0;8074336;496;0
147;18;336;22;25;47;99;3.00;4;1;1;85;0;8074799;4230;0
147;18;336;22;25;47;99;4.00;7;2;1;76;0;8074799;3183;0
147;18;336;22;25;49;99;3.60;4;1;1;82;0;8074999;187;0
147;18;336;22;25;49;99;3.20;3;1;1;73;0;8074999;645;0
147;18;336;22;25;50;99;3.60;7;2;1;81;0;8075099;281;0
147;18;336;22;25;51;64;2.80;6;2;1;81;0;8075164;845;0
147;18;336;22;25;51;99;4.00;1;1;1;85;0;8075199;3985;0
147;18;336;22;25;54;99;3.20;7;2;1;79;0;8075499;384;0
147;18;336;22;25;57;5;3.60;2;1;1;79;0;8075705;3488;0
147;18;336;22;25;57;24;3.80;6;2;1;85;0;8075724;547;0
147;18;336;22;25;58;99;3.80;2;1;1;79;0;8075899;177;0
147;18;336;22;26;4;99;3.40;2;1;1;69;0;8076499;582;0
147;18;336;22;26;5;99;3.80;6;2;1;78;0;8076599;858;0
147;18;336;22;26;5;99;4.60;3;1;1;68;0;8076599;1584;0
147;18;336;22;26;6;71;3.80;4;1;1;82;0;8076671;1656;0
147;18;336;22;26;7;99;3.80;2;1;1;71;0;8076799;282;0
147;18;336;22;26;8;99;4.60;6;2;1;73;0;8076899;282;0
147;18;336;22;26;9;77;3.00;2;1;1;70;0;8076977;158;0
147;18;336;22;26;13;21;3.80;6;2;1;75;0;8077321;399;0
147;18;336;22;26;17;99;3.20;3;1;1;74;0;8077799;1175;0
147;18;336;22;26;22;73;4.00;6;2;1;72;0;8078273;933;0
147;18;336;22;26;23;99;3.80;5;2;1;87;0;8078399;9485;0
147;18;336;22;26;23;99;3.80;6;2;1;75;0;8078399;106;0
147;18;336;22;26;26;2;3.60;3;1;1;70;0;8078602;787;0
147;18;336;22;26;27;73;3.60;6;2;1;87;0;8078773;355;0
147;18;336;22;26;29;66;3.60;2;1;1;82;0;8078966;1973;0
147;18;336;22;26;30;99;3.60;3;1;1;71;0;8079099;478;0
147;18;336;22;26;33;99;3.80;2;1;1;79;0;8079399;417;0
147;18;336;22;26;35;99;3.40;6;2;1;71;0;8079599;811;0
147;18;336;22;26;36;99;3.80;7;2;1;79;0;8079699;4185;0
147;18;336;22;26;38;14;3.00;6;2;1;76;0;8079814;197;0
147;18;336;22;26;39;99;3.60;3;1;1;76;0;8079999;881;0
147;18;336;22;26;40;99;3.60;3;1;1;78;0;8080099;82;0
147;18;336;22;26;41;99;3.20;4;1;1;90;0;8080199;3511;0
147;18;336;22;26;43;99;3.80;4;1;1;80;0;8080399;187;0
147;18;336;22;26;45;11;3.80;6;2;1;93;0;8080511;682;0
147;18;336;22;26;47;51;3.60;6;2;1;78;0;8080751;225;0
147;18;336;22;26;48;99;3.80;3;1;1;75;0;8080899;783;0
147;18;336;22;26;54;99;4.00;6;2;1;77;0;8081499;731;0
147;18;336;22;26;55;87;4.20;5;2;1;88;0;8081587;3172;0
147;18;336;22;26;57;1;3.40;6;2;1;77;0;8081701;183;0
147;18;336;22;26;57;14;3.60;3;1;1;84;0;8081714;796;0
147;18;336;22;26;58;99;3.40;6;2;1;76;0;8081899;182;0
147;18;336;22;27;0;55;4.00;6;2;1;78;0;8082055;139;0
147;18;336;22;27;6;23;3.60;3;1;1;87;0;8082623;893;0
147;18;336;22;27;15;23;3.40;7;2;1;90;0;8083523;3806;0
147;18;336;22;27;16;16;3.80;3;1;1;78;0;8083616;978;0
147;18;336;22;27;18;83;3.80;2;1;1;87;0;8083883;4466;0
147;18;336;22;27;19;2;3.40;6;2;1;80;0;8083902;1828;0
147;18;336;22;27;31;60;14.60;7;2;4;79;0;8085160;1623;0
147;18;336;22;27;34;99;4.60;6;2;1;85;0;8085499;1581;0
147;18;336;22;27;35;21;3.80;7;2;1;83;0;8085521;294;0
147;18;336;22;27;45;99;4.00;3;1;1;86;0;8086599;2965;0
147;18;336;22;27;50;99;3.80;7;2;1;81;0;8087099;1561;0
147;18;336;22;28;5;99;3.60;7;2;1;81;0;8088599;1483;0
147;18;336;22;28;8;99;3.40;1;1;1;72;0;8088899;13683;0
147;18;336;22;28;9;13;3.20;3;1;1;80;0;8088913;2297;0
147;18;336;22;28;9;29;3.80;7;2;1;83;0;8088929;314;0
147;18;336;22;28;10;99;3.40;8;2;1;80;0;8089099;35583;0
147;18;336;22;28;13;99;3.80;6;2;1;77;0;8089399;3880;0
147;18;336;22;28;14;79;3.20;6;2;1;81;0;8089479;62;0
147;18;336;22;28;16;24;4.00;2;1;1;83;0;8089624;5725;0
147;18;336;22;28;16;99;3.60;3;1;1;71;0;8089699;771;0
147;18;336;22;28;18;99;4.00;2;1;1;82;0;8089899;257;0
147;18;336;22;28;20;99;3.60;3;1;1;79;0;8090099;381;0
147;18;336;22;28;26;4;3.40;6;2;1;81;0;8090604;1110;0
147;18;336;22;28;34;99;3.40;5;2;1;89;0;8091499;9894;0
147;18;336;22;28;34;32;3.60;8;2;1;78;0;8091432;2317;0
147;18;336;22;28;36;99;3.60;6;2;1;87;0;8091699;1079;0
147;18;336;22;28;36;99;3.60;8;2;1;81;0;8091699;250;0
147;18;336;22;28;37;46;3.40;3;1;1;62;0;8091746;1630;0
147;18;336;22;28;37;65;3.40;1;1;1;73;0;8091765;2849;0
147;18;336;22;28;38;99;3.80;5;2;1;93;0;8091899;386;0
147;18;336;22;28;43;99;3.00;6;2;1;78;0;8092399;685;0
147;18;336;22;28;45;44;15.20;7;2;4;76;0;8092544;3598;0
147;18;336;22;28;48;99;3.60;6;2;1;80;0;8092899;486;0
147;18;336;22;28;50;23;3.00;3;1;1;71;0;8093023;1257;0
147;18;336;22;28;51;28;2.80;4;1;1;79;0;8093128;12711;0
147;18;336;22;28;51;99;3.20;6;2;1;76;0;8093199;283;0
147;18;336;22;28;52;25;3.00;3;1;1;78;0;8093225;186;0
147;18;336;22;28;53;22;3.40;4;1;1;87;0;8093322;181;0
147;18;336;22;28;53;95;3.60;6;2;1;79;0;8093395;180;0
147;18;336;22;28;53;96;3.80;2;1;1;79;0;8093396;3479;0
147;18;336;22;28;54;99;3.40;3;1;1;77;0;8093499;260;0
147;18;336;22;28;58;20;3.40;6;2;1;81;0;8093820;408;0
147;18;336;22;29;0;9;3.20;2;1;1;77;0;8094009;595;0
147;18;336;22;29;0;61;4.00;6;2;1;79;0;8094061;225;0
147;18;336;22;29;1;25;3.80;5;2;1;92;0;8094125;2211;0
147;18;336;22;29;6;9;3.00;3;1;1;79;0;8094609;1094;0
147;18;336;22;29;6;99;3.80;6;2;1;86;0;8094699;619;0
147;18;336;22;29;7;99;3.40;2;1;1;86;0;8094799;775;0
147;18;336;22;29;8;20;3.60;6;2;1;81;0;8094820;105;0
147;18;336;22;29;11;95;3.20;2;1;1;65;0;8095195;381;0
147;18;336;22;29;13;59;3.20;2;1;1;72;0;8095359;146;0
147;18;336;22;29;13;62;3.80;6;2;1;80;0;8095362;526;0
147;18;336;22;29;15;1;2.80;2;1;1;73;0;8095501;126;0
147;18;336;22;29;16;66;3.40;2;1;1;75;0;8095666;151;0
147;18;336;22;29;20;22;3.80;1;1;1;89;0;8096022;4240;0
147;18;336;22;29;20;23;3.20;2;1;1;62;0;8096023;340;0
147;18;336;22;29;21;99;4.80;1;1;1;66;0;8096199;161;0
147;18;336;22;29;24;4;3.80;2;1;1;80;0;8096404;362;0
147;18;336;22;29;24;99;3.60;6;2;1;73;0;8096499;1119;0
147;18;336;22;29;25;12;3.00;6;2;1;69;0;8096512;-1;0
147;18;336;22;29;26;94;3.80;7;2;1;82;0;8096694;4078;0
147;18;336;22;29;32;99;3.60;2;1;1;82;0;8097299;877;0
147;18;336;22;29;34;8;3.40;3;1;1;73;0;8097408;2785;0
147;18;336;22;29;37;21;4.00;6;2;1;79;0;8097721;1193;0
147;18;336;22;29;37;99;3.40;8;2;1;76;0;8097799;6084;0
147;18;336;22;29;38;99;3.60;3;1;1;83;0;8097899;474;0
147;18;336;22;29;40;99;3.60;6;2;1;71;0;8098099;359;0
147;18;336;22;29;43;13;3.20;3;1;1;80;0;8098313;398;0
147;18;336;22;29;43;99;3.40;1;1;1;74;0;8098399;2173;0
147;18;336;22;29;43;99;3.20;6;2;1;74;0;8098399;281;0
147;18;336;22;29;44;12;4.80;5;2;1;80;0;8098412;4272;0
147;18;336;22;29;44;91;3.60;3;1;1;74;0;8098491;163;0
147;18;336;22;29;46;12;2.80;2;1;1;76;0;8098612;1297;0
147;18;336;22;29;51;3;3.60;2;1;1;71;0;8099103;477;0
147;18;336;22;29;53;99;4.40;5;2;1;99;0;8099399;965;0
147;18;336;22;29;53;99;3.40;6;2;1;77;0;8099399;984;0
147;18;336;22;29;53;99;3.40;2;1;1;72;0;8099399;277;0
147;18;336;22;30;3;99;3.80;2;1;1;83;0;8100399;983;0
147;18;336;22;30;4;39;3.80;6;2;1;81;0;8100439;1024;0
147;18;336;22;30;7;2;3.60;2;1;1;73;0;8100702;286;0
147;18;336;22;30;8;99;3.60;3;1;1;85;0;8100899;2390;0
147;18;336;22;30;8;99;3.60;2;1;1;77;0;8100899;179;0
147;18;336;22;30;11;16;3.80;4;1;1;88;0;8101116;7779;0
147;18;336;22;30;14;0;4.00;3;1;1;83;0;8101400;485;0
147;18;336;22;30;14;35;3.40;2;1;1;72;0;8101435;519;0
147;18;336;22;30;16;99;3.80;2;1;1;77;0;8101699;247;0
147;18;336;22;30;17;88;3.00;2;1;1;75;0;8101788;71;0
147;18;336;22;30;21;99;3.80;2;1;1;78;0;8102199;396;0
147;18;336;22;30;31;99;3.20;4;1;1;91;0;8103199;2067;0
147;18;336;22;30;32;11;3.40;2;1;1;69;0;8103211;994;0
147;18;336;22;30;32;99;3.40;6;2;1;82;0;8103299;2843;0
147;18;336;22;30;33;21;3.60;6;2;1;79;0;8103321;7;0
147;18;336;22;30;34;99;3.40;5;2;1;84;0;8103499;4084;0
147;18;336;22;30;35;54;3.40;3;1;1;76;0;8103554;2136;0
147;18;336;22;30;37;4;3.60;2;1;1;64;0;8103704;475;0
147;18;336;22;30;37;41;3.60;6;2;1;75;0;8103741;403;0
147;18;336;22;30;39;99;3.40;5;2;1;83;0;8103999;485;0
147;18;336;22;30;40;23;3.80;6;2;1;78;0;8104023;264;0
147;18;336;22;30;41;99;3.60;6;2;1;75;0;8104199;158;0
147;18;336;22;30;42;10;3.60;1;1;1;77;0;8104210;5794;0
147;18;336;22;30;45;15;3.40;2;1;1;71;0;8104515;790;0
147;18;336;22;30;47;9;3.40;3;1;1;77;0;8104709;1138;0
147;18;336;22;30;52;10;3.60;2;1;1;76;0;8105210;677;0
147;18;336;22;30;56;2;3.40;2;1;1;76;0;8105602;374;0
147;18;336;22;30;58;20;3.60;3;1;1;77;0;8105820;1095;0
147;18;336;22;30;59;99;3.80;3;1;1;77;0;8105999;162;0
147;18;336;22;30;59;99;3.80;6;2;1;76;0;8105999;1782;0
147;18;336;22;31;1;16;3.60;1;1;1;72;0;8106116;1889;0
147;18;336;22;31;1;99;3.40;2;1;1;73;0;8106199;580;0
147;18;336;22;31;3;34;3.80;6;2;1;70;0;8106334;317;0
147;18;336;22;31;4;99;3.00;6;2;1;71;0;8106499;145;0
147;18;336;22;31;4;99;19.60;7;2;5;82;0;8106499;9788;0
147;18;336;22;31;9;99;3.80;8;2;1;78;0;8106999;9183;0
147;18;336;22;31;10;99;3.60;6;2;1;67;0;8107099;584;0
147;18;336;22;31;11;2;3.40;3;1;1;75;0;8107102;1085;0
147;18;336;22;31;13;2;2.80;3;1;1;74;0;8107302;183;0
147;18;336;22;31;13;7;3.80;5;2;1;78;0;8107307;3293;0
147;18;336;22;31;14;93;3.80;6;2;1;76;0;8107493;374;0
147;18;336;22;31;30;99;5.40;6;2;1;80;0;8109099;1588;0
147;18;336;22;31;30;99;3.40;3;1;1;78;0;8109099;1783;0
147;18;336;22;31;31;65;3.40;3;1;1;77;0;8109165;50;0
147;18;336;22;31;33;8;3.80;3;1;1;79;0;8109308;127;0
147;18;336;22;31;33;99;3.60;2;1;1;79;0;8109399;3183;0
147;18;336;22;31;38;3;3.60;8;2;1;72;0;8109803;2786;0
147;18;336;22;31;38;23;3.80;6;2;1;88;0;8109823;699;0
147;18;336;22;31;42;87;3.60;3;1;1;83;0;8110287;961;0
147;18;336;22;31;52;12;3.80;6;2;1;94;0;8111212;1373;0
147;18;336;22;31;56;24;3.40;6;2;1;77;0;8111624;397;0
147;18;336;22;31;57;79;3.60;6;2;1;86;0;8111779;139;0
147;18;336;22;32;0;99;4.40;3;1;1;75;0;8112099;1796;0
147;18;336;22;32;1;99;3.20;7;2;1;85;0;8112199;5613;0
147;18;336;22;32;2;78;3.40;6;2;1;86;0;8112278;483;0
147;18;336;22;32;6;10;3.80;2;1;1;74;0;8112610;3194;0
147;18;336;22;32;7;9;3.20;7;2;1;87;0;8112709;496;0
147;18;336;22;32;8;99;3.80;6;2;1;83;0;8112899;606;0
147;18;336;22;32;10;11;3.80;7;2;1;80;0;8113011;288;0
147;18;336;22;32;11;99;3.40;6;2;1;78;0;8113199;283;0
147;18;336;22;32;21;13;3.00;6;2;1;66;0;8114113;898;0
147;18;336;22;32;22;99;3.80;2;1;1;70;0;8114299;1670;0
147;18;336;22;32;23;94;3.60;1;1;1;80;0;8114394;8260;0
147;18;336;22;32;25;82;3.40;6;2;1;77;0;8114582;452;0
147;18;336;22;32;26;4;3.00;2;1;1;77;0;8114604;285;0
147;18;336;22;32;29;99;3.80;2;1;1;67;0;8114999;380;0
147;18;336;22;32;31;99;3.60;8;2;1;76;0;8115199;5378;0
147;18;336;22;32;32;4;3.60;2;1;1;72;0;8115204;184;0
147;18;336;22;32;32;99;3.40;7;2;1;76;0;8115299;2270;0
147;18;336;22;32;34;99;3.60;6;2;1;80;0;8115499;901;0
147;18;336;22;32;34;80;13.80;2;1;4;79;0;8115480;258;0
147;18;336;22;32;36;12;3.80;7;2;1;82;0;8115612;296;0
147;18;336;22;32;39;8;3.40;2;1;1;78;0;8115908;365;0
147;18;336;22;32;40;59;3.60;6;2;1;71;0;8116059;543;0
147;18;336;22;32;45;99;3.20;3;1;1;76;0;8116599;4478;0
147;18;336;22;32;47;99;3.60;3;1;1;74;0;8116799;184;0
147;18;336;22;32;53;15;3.20;6;2;1;75;0;8117315;1237;0
147;18;336;22;32;59;99;4.60;3;1;1;75;0;8117999;1182;0
147;18;336;22;33;0;6;3.20;6;2;1;81;0;8118006;675;0
147;18;336;22;33;1;52;3.80;2;1;1;79;0;8118152;2228;0
147;18;336;22;33;3;18;3.20;2;1;1;76;0;8118318;148;0
147;18;336;22;33;5;99;3.20;6;2;1;71;0;8118599;578;0
147;18;336;22;33;5;99;3.40;2;1;1;75;0;8118599;265;0
147;18;336;22;33;6;73;4.00;8;2;1;80;0;8118673;3456;0
147;18;336;22;33;12;99;3.40;4;1;1;79;0;8119299;16087;0
147;18;336;22;33;13;99;3.60;3;1;1;76;0;8119399;1377;0
147;18;336;22;33;16;62;3.00;8;2;1;67;0;8119662;971;0
147;18;336;22;33;18;99;3.60;3;1;1;76;0;8119899;482;0
147;18;336;22;33;20;99;3.60;6;2;1;81;0;8120099;1483;0
147;18;336;22;33;21;99;3.60;2;1;1;74;0;8120199;1583;0
147;18;336;22;33;20;31;21.40;3;1;5;73;0;8120031;114;0
147;18;336;22;33;23;16;3.80;3;1;1;77;0;8120316;179;0
147;18;336;22;33;24;16;3.40;7;2;1;79;0;8120416;4787;0
147;18;336;22;33;28;3;4.20;6;2;1;74;0;8120803;688;0
147;18;336;22;33;31;26;3.20;3;1;1;90;0;8121126;792;0
147;18;336;22;33;32;7;3.40;6;2;1;79;0;8121207;383;0
147;18;336;22;33;33;25;3.20;7;2;1;83;0;8121325;893;0
147;18;336;22;33;34;48;3.60;3;1;1;84;0;8121448;309;0
147;18;336;22;33;35;99;4.60;6;2;1;82;0;8121599;376;0
147;18;336;22;33;38;99;4.20;2;1;1;89;0;8121899;1682;0
147;18;336;22;33;41;12;3.60;8;2;1;77;0;8122112;2433;0
147;18;336;22;33;43;99;4.60;7;2;1;78;0;8122399;1060;0
147;18;336;22;33;49;6;3.20;5;2;1;84;0;8122906;15581;0
147;18;336;22;33;51;10;4.00;7;2;1;83;0;8123110;689;0
147;18;336;22;33;52;29;4.60;7;2;1;72;0;8123229;101;0
147;18;336;22;33;53;8;3.80;8;2;1;84;0;8123308;1179;0
147;18;336;22;33;53;99;3.40;6;2;1;79;0;8123399;1779;0
147;18;336;22;33;54;19;3.40;8;2;1;82;0;8123419;94;0
147;18;336;22;33;54;37;3.20;6;2;1;79;0;8123437;22;0
147;18;336;22;33;55;89;3.20;2;1;1;86;0;8123589;1673;0
147;18;336;22;33;57;71;3.00;1;1;1;84;0;8123771;9360;0
147;18;336;22;33;59;99;4.00;6;2;1;85;0;8123999;547;0
147;18;336;22;34;1;99;3.40;6;2;1;86;0;8124199;183;0
147;18;336;22;34;4;19;3.80;3;1;1;73;0;8124419;2955;0
147;18;336;22;34;5;82;4.00;3;1;1;78;0;8124582;144;0
147;18;336;22;34;10;95;4.60;3;1;1;77;0;8125095;494;0
147;18;336;22;34;12;99;3.60;6;2;1;82;0;8125299;1085;0
147;18;336;22;34;13;75;3.60;7;2;1;75;0;8125375;2123;0
147;18;336;22;34;14;99;3.60;6;2;1;84;0;8125499;184;0
147;18;336;22;34;15;60;3.20;3;1;1;73;0;8125560;443;0
147;18;336;22;34;29;99;4.00;6;2;1;93;0;8126999;1484;0
147;18;336;22;34;33;81;5.80;2;1;1;72;0;8127381;3778;0
147;18;336;22;34;34;20;3.60;7;2;1;91;0;8127420;2027;0
147;18;336;22;34;37;99;3.00;2;1;1;81;0;8127799;389;0
147;18;336;22;34;39;99;3.40;2;1;1;81;0;8127999;186;0
147;18;336;22;34;40;99;3.60;2;1;1;71;0;8128099;84;0
147;18;336;22;34;42;99;4.00;2;1;1;80;0;8128299;181;0
147;18;336;22;34;43;55;3.20;6;2;1;83;0;8128355;1340;0
147;18;336;22;34;45;32;3.40;5;2;1;94;0;8128532;5612;0
147;18;336;22;34;46;32;3.60;7;2;1;92;0;8128632;1197;0
147;18;336;22;34;46;65;3.60;6;2;1;83;0;8128665;296;0
147;18;336;22;34;46;75;3.80;5;2;1;93;0;8128675;129;0
147;18;336;22;34;50;99;3.80;5;2;1;90;0;8129099;409;0
147;18;336;22;34;51;3;3.20;2;1;1;74;0;8129103;786;0
147;18;336;22;35;0;99;3.80;2;1;1;71;0;8130099;980;0
147;18;336;22;35;3;99;3.80;7;2;1;75;0;8130399;1752;0
147;18;336;22;35;7;21;3.40;6;2;1;79;0;8130721;2040;0
147;18;336;22;35;8;18;3.40;3;1;1;76;0;8130818;5242;0
147;18;336;22;35;12;99;4.00;7;2;1;84;0;8131299;881;0
147;18;336;22;35;13;13;3.80;3;1;1;78;0;8131313;478;0
147;18;336;22;35;23;99;4.00;6;2;1;86;0;8132399;1662;0
147;18;336;22;35;26;99;3.40;3;1;1;74;0;8132699;1368;0
147;18;336;22;35;30;99;3.60;6;2;1;75;0;8133099;683;0
147;18;336;22;35;31;99;3.80;5;2;1;84;0;8133199;4084;0
147;18;336;22;35;32;94;3.00;6;2;1;73;0;8133294;177;0
147;18;336;22;35;39;99;3.60;2;1;1;74;0;8133999;3880;0
147;18;336;22;35;40;99;3.80;6;2;1;74;0;8134099;790;0
147;18;336;22;35;41;21;4.00;5;2;1;83;0;8134121;905;0
147;18;336;22;35;41;99;3.40;2;1;1;74;0;8134199;182;0
147;18;336;22;35;42;58;4.20;6;2;1;68;0;8134258;140;0
147;18;336;22;35;49;11;4.00;4;1;1;85;0;8134911;15596;0
147;18;336;22;35;51;99;3.40;3;1;1;76;0;8135199;2483;0
147;18;336;22;35;51;99;3.40;6;2;1;74;0;8135199;918;0
147;18;336;22;35;54;6;3.40;3;1;1;78;0;8135406;190;0
147;18;336;22;35;56;99;3.60;3;1;1;84;0;8135699;277;0
147;18;336;22;36;11;99;3.60;6;2;1;84;0;8137199;1983;0
147;18;336;22;36;12;99;3.80;7;2;1;83;0;8137299;5982;0
147;18;336;22;36;12;99;3.80;2;1;1;82;0;8137299;3083;0
147;18;336;22;36;12;99;3.40;5;2;1;83;0;8137299;3160;0
147;18;336;22;36;12;99;3.40;3;1;1;65;0;8137299;1584;0
147;18;336;22;36;13;47;3.20;6;2;1;74;0;8137347;132;0
147;18;336;22;36;19;99;3.60;7;2;1;91;0;8137999;683;0
147;18;336;22;36;29;0;3.60;2;1;1;75;0;8138900;1584;0
147;18;336;22;36;32;99;3.20;7;2;1;77;0;8139299;1285;0
147;18;336;22;36;40;99;3.80;3;1;1;81;0;8140099;2781;0
147;18;336;22;36;46;4;3.60;3;1;1;89;0;8140604;488;0
147;18;336;22;36;47;25;3.60;2;1;1;85;0;8140725;1807;0
147;18;336;22;36;50;99;4.20;3;1;1;86;0;8141099;480;0
147;18;336;22;36;52;99;4.00;2;1;1;79;0;8141299;558;0
147;18;336;22;36;56;4;3.40;6;2;1;78;0;8141604;4241;0
147;18;336;22;36;57;99;3.20;4;1;1;88;0;8141799;6871;0
147;18;336;22;36;58;99;2.80;3;1;1;77;0;8141899;782;0
147;18;336;22;37;0;20;3.40;6;2;1;73;0;8142020;400;0
147;18;336;22;37;2;1;3.80;2;1;1;75;0;8142201;883;0
147;18;336;22;37;3;15;3.20;6;2;1;66;0;8142315;278;0
147;18;336;22;37;7;99;3.60;6;2;1;78;0;8142799;466;0
147;18;336;22;37;12;99;3.80;6;2;1;79;0;8143299;483;0
147;18;336;22;37;13;99;3.20;3;1;1;82;0;8143399;1486;0
147;18;336;22;37;21;99;3.80;4;1;1;80;0;8144199;2386;0
147;18;336;22;37;23;99;4.80;3;1;1;84;0;8144399;985;0
147;18;336;22;37;25;98;3.80;2;1;1;76;0;8144598;2378;0
147;18;336;22;37;26;99;3.80;5;2;1;74;0;8144699;7385;0
147;18;336;22;37;26;99;3.60;6;2;1;64;0;8144699;1382;0
147;18;336;22;37;31;99;3.40;6;2;1;83;0;8145199;479;0
147;18;336;22;37;35;17;3.40;3;1;1;75;0;8145517;1097;0
147;18;336;22;37;37;0;3.40;3;1;1;75;0;8145700;166;0
147;18;336;22;37;37;3;3.00;6;2;1;64;0;8145703;489;0
147;18;336;22;37;38;99;3.60;2;1;1;86;0;8145899;1283;0
147;18;336;22;37;40;48;3.60;3;1;1;79;0;8146048;331;0
147;18;336;22;37;41;99;3.60;6;2;1;67;0;8146199;479;0
147;18;336;22;37;43;99;4.00;6;2;1;72;0;8146399;180;0
147;18;336;22;37;44;99;4.00;1;1;1;86;0;8146499;22715;0
147;18;336;22;37;46;99;5.00;6;2;1;77;0;8146699;280;0
147;18;336;22;37;47;9;3.80;5;2;1;82;0;8146709;1991;0
147;18;336;22;37;49;4;3.60;2;1;1;87;0;8146904;989;0
147;18;336;22;37;49;99;3.60;7;2;1;76;0;8146999;7685;0
147;18;336;22;37;50;40;3.00;2;1;1;84;0;8147040;121;0
147;18;336;22;37;52;14;4.00;3;1;1;80;0;8147214;1149;0
147;18;336;22;37;54;99;3.60;4;1;1;84;0;8147499;3282;0
147;18;336;22;37;55;27;4.00;6;2;1;80;0;8147527;804;0
147;18;336;22;37;56;0;3.80;4;1;1;83;0;8147600;85;0
147;18;336;22;37;58;71;3.20;3;1;1;68;0;8147871;639;0
147;18;336;22;37;58;99;3.40;4;1;1;76;0;8147899;282;0
147;18;336;22;38;0;2;3.40;2;1;1;80;0;8148002;949;0
147;18;336;22;38;3;99;3.40;3;1;1;80;0;8148399;511;0
147;18;336;22;38;4;99;4.00;7;2;1;82;0;8148499;1482;0
147;18;336;22;38;8;78;3.80;2;1;1;85;0;8148878;860;0
147;18;336;22;38;12;10;4.60;7;2;1;82;0;8149210;693;0
147;18;336;22;38;15;24;4.00;3;1;1;80;0;8149524;1109;0
147;18;336;22;38;19;99;3.20;7;2;1;80;0;8149999;768;0
147;18;336;22;38;21;91;3.00;3;1;1;78;0;8150191;649;0
147;18;336;22;38;22;99;3.60;7;2;1;74;0;8150299;285;0
147;18;336;22;38;23;29;3.20;2;1;1;73;0;8150329;1434;0
147;18;336;22;38;26;99;3.20;3;1;1;77;0;8150699;494;0
147;18;336;22;38;27;15;3.20;6;2;1;75;0;8150715;3170;0
147;18;336;22;38;33;25;3.40;6;2;1;77;0;8151325;594;0
147;18;336;22;38;34;66;4.20;7;2;1;81;0;8151466;1149;0
147;18;336;22;38;34;99;3.20;3;1;1;79;0;8151499;785;0
147;18;336;22;38;35;21;3.40;5;2;1;86;0;8151521;4795;0
147;18;336;22;38;36;86;3.20;6;2;1;76;0;8151686;345;0
147;18;336;22;38;40;99;3.40;7;2;1;86;0;8152099;614;0
147;18;336;22;38;41;26;3.60;3;1;1;79;0;8152126;612;0
147;18;336;22;38;42;99;4.80;6;2;1;71;0;8152299;597;0
147;18;336;22;38;43;19;3.60;5;2;1;90;0;8152319;783;0
147;18;336;22;38;45;99;3.20;1;1;1;73;0;8152599;6083;0
147;18;336;22;38;52;99;3.40;7;2;1;73;0;8153299;1185;0
147;18;336;22;38;52;99;3.80;5;2;1;81;0;8153299;965;0
147;18;336;22;38;53;99;3.20;3;1;1;76;0;8153399;1256;0
147;18;336;22;38;54;70;4.20;7;2;1;74;0;8153470;154;0
147;18;336;22;38;55;99;3.40;1;1;1;74;0;8153599;984;0
147;18;336;22;38;56;8;4.80;5;2;1;90;0;8153608;292;0
147;18;336;22;38;57;66;3.40;3;1;1;76;0;8153766;351;0
147;18;336;22;38;58;99;3.60;3;1;1;77;0;8153899;116;0
147;18;336;22;39;2;99;3.60;2;1;1;84;0;8154299;3954;0
147;18;336;22;39;9;99;5.00;2;1;1;81;0;8154999;684;0
147;18;336;22;39;11;17;3.60;6;2;1;79;0;8155117;2793;0
147;18;336;22;39;13;1;3.60;6;2;1;78;0;8155301;167;0
147;18;336;22;39;14;20;3.80;1;1;1;85;0;8155420;1804;0
147;18;336;22;39;14;16;3.60;2;1;1;73;0;8155416;394;0
147;18;336;22;39;14;99;8.00;6;2;6;73;0;8155499;181;0
147;18;336;22;39;16;99;3.80;2;1;1;76;0;8155699;265;0
147;18;336;22;39;23;99;3.40;3;1;1;86;0;8156399;2483;0
147;18;336;22;39;24;8;7.00;2;1;2;78;0;8156408;691;0
147;18;336;22;39;25;99;3.60;7;2;1;79;0;8156599;3108;0
147;18;336;22;39;25;99;4.60;6;2;1;80;0;8156599;1060;0
147;18;336;22;39;26;99;3.80;6;2;1;75;0;8156699;79;0
147;18;336;22;39;31;11;3.80;2;1;1;81;0;8157111;670;0
147;18;336;22;39;31;12;4.00;7;2;1;86;0;8157112;496;0
147;18;336;22;39;32;99;4.20;3;1;1;79;0;8157299;885;0
147;18;336;22;39;45;71;3.60;2;1;1;82;0;8158571;1443;0
147;18;336;22;39;51;4;3.20;2;1;1;85;0;8159104;517;0
147;18;336;22;39;55;99;4.00;2;1;1;94;0;8159599;481;0
147;18;336;22;39;56;67;25.40;6;2;5;71;0;8159667;2949;0
147;18;336;22;40;1;99;3.60;6;2;1;78;0;8160199;403;0
147;18;336;22;40;8;16;3.60;3;1;1;80;0;8160816;3497;0
147;18;336;22;40;11;99;17.20;2;1;4;81;0;8161199;1584;0
147;18;336;22;40;14;99;3.60;7;2;1;79;0;8161499;4370;0
147;18;336;22;40;14;99;3.40;6;2;1;70;0;8161499;1283;0
147;18;336;22;40;17;99;3.40;7;2;1;69;0;8161799;283;0
147;18;336;22;40;19;99;3.60;6;2;1;84;0;8161999;482;0
147;18;336;22;40;23;22;3.00;2;1;1;71;0;8162322;1046;0
147;18;336;22;40;25;99;11.00;6;2;2;93;0;8162599;584;0
147;18;336;22;40;28;11;3.00;6;2;1;86;0;8162811;169;0
147;18;336;22;40;31;99;4.60;6;2;1;74;0;8163199;375;0
147;18;336;22;40;31;43;3.20;5;2;1;81;0;8163143;9515;0
147;18;336;22;40;36;3;3.60;3;1;1;78;0;8163603;2770;0
147;18;336;22;40;36;99;3.80;6;2;1;76;0;8163699;477;0
147;18;336;22;40;40;12;3.20;1;1;1;67;0;8164012;8575;0
147;18;336;22;40;40;99;4.00;4;1;1;80;0;8164099;16183;0
147;18;336;22;40;42;94;2.80;3;1;1;72;0;8164294;674;0
147;18;336;22;40;42;99;3.60;4;1;1;81;0;8164299;182;0
147;18;336;22;40;43;99;4.40;7;2;1;82;0;8164399;2582;0
147;18;336;22;40;45;99;3.20;2;1;1;75;0;8164599;2261;0
147;18;336;22;40;47;64;16.40;3;1;4;72;0;8164764;456;0
147;18;336;22;40;48;99;3.60;6;2;1;82;0;8164899;1182;0
147;18;336;22;40;49;44;3.20;2;1;1;79;0;8164944;329;0
147;18;336;22;40;52;75;3.60;3;1;1;78;0;8165275;429;0
147;18;336;22;40;59;99;3.40;2;1;1;71;0;8165999;1040;0
147;18;336;22;41;0;90;5.00;6;2;1;89;0;8166090;1175;0
147;18;336;22;41;3;8;3.20;3;1;1;77;0;8166308;1016;0
147;18;336;22;41;13;99;3.60;6;2;1;91;0;8167399;1288;0
147;18;336;22;41;21;99;4.00;6;2;1;81;0;8168199;785;0
147;18;336;22;41;24;99;2.80;6;2;1;75;0;8168499;282;0
147;18;336;22;41;24;99;3.80;2;1;1;77;0;8168499;2482;0
147;18;336;22;41;25;75;3.60;2;1;1;76;0;8168575;58;0
147;18;336;22;41;26;2;3.60;7;2;1;88;0;8168602;4183;0
147;18;336;22;41;31;99;3.60;6;2;1;81;0;8169199;686;0
147;18;336;22;41;36;99;3.20;3;1;1;84;0;8169699;3376;0
147;18;336;22;41;46;99;4.40;2;1;1;76;0;8170699;2106;0
147;18;336;22;41;46;99;4.60;1;1;1;78;0;8170699;6669;0
147;18;336;22;41;50;2;3.40;6;2;1;81;0;8171002;1787;0
147;18;336;22;41;51;60;3.60;1;1;1;63;0;8171160;439;0
147;18;336;22;41;52;99;3.40;3;1;1;71;0;8171299;1586;0
147;18;336;22;41;53;38;3.20;4;1;1;80;0;8171338;7023;0
147;18;336;22;42;0;99;3.80;3;1;1;76;0;8172099;782;0
147;18;336;22;42;2;99;3.20;2;1;1;68;0;8172299;1579;0
147;18;336;22;42;7;99;3.60;6;2;1;68;0;8172799;1781;0
147;18;336;22;42;11;83;3.60;2;1;1;82;0;8173183;867;0
147;18;336;22;42;12;99;3.80;6;2;1;71;0;8173299;480;0
147;18;336;22;42;14;66;3.80;7;2;1;73;0;8173466;4849;0
147;18;336;22;42;14;76;3.40;6;2;1;78;0;8173476;157;0
147;18;336;22;42;16;33;4.00;6;2;1;91;0;8173633;141;0
147;18;336;22;42;21;10;3.40;2;1;1;75;0;8174110;911;0
147;18;336;22;42;25;11;4.00;6;2;1;90;0;8174511;862;0
147;18;336;22;42;25;99;3.80;3;1;1;82;0;8174599;2482;0
147;18;336;22;42;27;99;3.40;7;2;1;87;0;8174799;1314;0
147;18;336;22;42;28;99;3.40;3;1;1;80;0;8174899;283;0
147;18;336;22;42;33;99;3.40;6;2;1;78;0;8175399;872;0
147;18;336;22;42;38;15;4.00;2;1;1;83;0;8175815;1688;0
147;18;336;22;42;40;99;3.40;7;2;1;93;0;8176099;1285;0
147;18;336;22;42;43;99;4.00;7;2;1;86;0;8176399;286;0
147;18;336;22;42;44;1;3.20;2;1;1;78;0;8176401;568;0
147;18;336;22;42;50;13;3.40;6;2;1;72;0;8177013;1598;0
147;18;336;22;42;53;99;4.20;6;2;1;82;0;8177399;369;0
147;18;336;22;43;3;87;3.40;1;1;1;68;0;8178387;7206;0
147;18;336;22;43;3;99;2.80;7;2;1;82;0;8178399;1983;0
147;18;336;22;43;9;99;3.80;8;2;1;70;0;8178999;55565;0
147;18;336;22;43;14;99;3.80;2;1;1;81;0;8179499;3083;0
147;18;336;22;43;15;13;3.60;6;2;1;78;0;8179513;2095;0
147;18;336;22;43;17;14;3.80;3;1;1;77;0;8179714;4799;0
147;18;336;22;43;29;99;3.80;3;1;1;83;0;8180999;1267;0
147;18;336;22;43;30;99;4.00;1;1;1;84;0;8181099;2694;0
147;18;336;22;43;30;18;3.20;3;1;1;76;0;8181018;2;0
147;18;336;22;43;33;61;4.20;7;2;1;87;0;8181361;2949;0
147;18;336;22;43;34;99;4.00;4;1;1;80;0;8181499;10146;0
147;18;336;22;43;35;22;3.80;2;1;1;79;0;8181522;2006;0
147;18;336;22;43;35;39;3.80;3;1;1;75;0;8181539;505;0
147;18;336;22;43;37;99;3.40;6;2;1;80;0;8181799;2269;0
147;18;336;22;43;39;99;3.60;5;2;1;77;0;8181999;18841;0
147;18;336;22;43;40;99;5.00;6;2;1;75;0;8182099;284;0
147;18;336;22;43;49;0;3.80;6;2;1;85;0;8182900;777;0
147;18;336;22;43;51;57;3.20;2;1;1;80;0;8183157;1617;0
147;18;336;22;43;56;78;3.60;5;2;1;86;0;8183678;1662;0
147;18;336;22;44;6;11;3.40;4;1;1;82;0;8184611;3094;0
147;18;336;22;44;7;99;3.20;6;2;1;80;0;8184799;1882;0
147;18;336;22;44;9;43;3.80;3;1;1;78;0;8184943;3385;0
147;18;336;22;44;10;99;4.60;6;2;1;80;0;8185099;285;0
147;18;336;22;44;11;29;3.60;3;1;1;83;0;8185129;168;0
147;18;336;22;44;14;1;3.40;3;1;1;80;0;8185401;256;0
147;18;336;22;44;19;56;4.00;6;2;1;79;0;8185956;836;0
147;18;336;22;44;21;4;3.20;6;2;1;75;0;8186104;129;0
147;18;336;22;44;23;2;3.20;2;1;1;76;0;8186302;3130;0
147;18;336;22;44;25;99;3.20;6;2;1;79;0;8186599;479;0
147;18;336;22;44;28;99;3.60;6;2;1;82;0;8186899;285;0
147;18;336;22;44;29;21;3.60;2;1;1;75;0;8186921;603;0
147;18;336;22;44;32;17;3.80;2;1;1;75;0;8187217;278;0
147;18;336;22;44;39;99;3.60;2;1;1;67;0;8187999;763;0
147;18;336;22;44;44;22;3.20;6;2;1;74;0;8188422;1507;0
147;18;336;22;44;46;13;3.60;2;1;1;83;0;8188613;594;0
147;18;336;22;44;48;18;3.20;3;1;1;77;0;8188818;3401;0
147;18;336;22;44;48;99;3.40;2;1;1;79;0;8188899;270;0
147;18;336;22;44;50;13;3.80;4;1;1;90;0;8189013;4387;0
147;18;336;22;44;52;6;3.80;3;1;1;83;0;8189206;373;0
147;18;336;22;44;52;14;3.40;6;2;1;84;0;8189214;776;0
147;18;336;22;44;55;77;3.60;6;2;1;83;0;8189577;348;0
147;18;336;22;44;57;24;4.00;6;2;1;84;0;8189724;131;0
147;18;336;22;45;0;33;3.20;2;1;1;74;0;8190033;1118;0
147;18;336;22;45;1;99;3.80;3;1;1;74;0;8190199;976;0
147;18;336;22;45;8;80;3.60;2;1;1;72;0;8190880;831;0
147;18;336;22;45;10;41;3.80;6;2;1;79;0;8191041;1299;0
147;18;336;22;45;11;99;3.20;3;1;1;73;0;8191199;981;0
147;18;336;22;45;12;99;3.40;7;2;1;83;0;8191299;9920;0
147;18;336;22;45;18;55;3.60;6;2;1;75;0;8191855;796;0
147;18;336;22;45;25;99;4.00;6;2;1;82;0;8192599;726;0
147;18;336;22;45;30;99;3.40;7;2;1;80;0;8193099;1785;0
147;18;336;22;45;30;16;24.20;2;1;5;74;0;8193016;2118;0
147;18;336;22;45;33;3;3.80;6;2;1;74;0;8193303;686;0
147;18;336;22;45;36;76;3.20;3;1;1;71;0;8193676;2461;0
147;18;336;22;45;37;99;3.80;8;2;1;86;0;8193799;14780;0
147;18;336;22;45;39;99;3.40;8;2;1;75;0;8193999;184;0
147;18;336;22;45;48;25;4.60;7;2;1;84;0;8194825;1710;0
147;18;336;22;45;52;99;4.20;7;2;1;81;0;8195299;454;0
147;18;336;22;45;56;53;3.60;2;1;1;77;0;8195653;2519;0
147;18;336;22;45;57;3;3.60;7;2;1;90;0;8195703;385;0
147;18;336;22;45;59;67;23.40;1;1;5;80;0;8195967;14850;0
147;18;336;22;46;9;12;3.60;6;2;1;75;0;8196912;3590;0
147;18;336;22;46;17;48;3.80;1;1;1;66;0;8197748;1675;0
147;18;336;22;46;28;25;3.20;3;1;1;77;0;8198825;5132;0
147;18;336;22;46;29;20;3.60;6;2;1;78;0;8198920;1990;0
147;18;336;22;46;31;99;3.60;6;2;1;76;0;8199199;262;0
147;18;336;22;46;34;7;4.20;7;2;1;72;0;8199407;3689;0
147;18;336;22;46;49;99;4.00;2;1;1;76;0;8200999;5329;0
147;18;336;22;46;50;30;3.80;2;1;1;82;0;8201030;12;0
147;18;336;22;47;16;63;3.80;3;1;1;83;0;8203663;4823;0
147;18;336;22;47;20;7;3.20;2;1;1;78;0;8204007;2960;0
147;18;336;22;47;24;99;3.60;2;1;1;87;0;8204499;477;0
147;18;336;22;47;31;21;4.60;7;2;1;86;0;8205121;5693;0
147;18;336;22;47;34;71;5.80;3;1;1;83;0;8205471;1791;0
147;18;336;22;47;39;99;3.80;2;1;1;82;0;8205999;1485;0
147;18;336;22;47;41;63;3.20;6;2;1;79;0;8206163;6946;0
147;18;336;22;47;42;99;3.80;6;2;1;80;0;8206299;121;0
147;18;336;22;47;43;99;3.80;8;2;1;86;0;8206399;12383;0
147;18;336;22;47;44;46;3.80;6;2;1;80;0;8206446;129;0
147;18;336;22;47;46;49;3.00;6;2;1;79;0;8206649;185;0
147;18;336;22;47;50;99;3.00;3;1;1;69;0;8207099;1602;0
147;18;336;22;47;52;99;9.00;7;2;2;86;0;8207299;2158;0
147;18;336;22;47;54;1;3.60;2;1;1;70;0;8207401;1385;0
147;18;336;22;47;58;99;3.40;3;1;1;79;0;8207899;784;0
147;18;336;22;47;58;99;3.20;1;1;1;68;0;8207899;10130;0
147;18;336;22;48;6;5;6.20;3;1;1;87;0;8208605;690;0
147;18;336;22;48;8;99;3.80;2;1;1;77;0;8208899;1479;0
147;18;336;22;48;13;99;3.60;2;1;1;80;0;8209399;482;0
147;18;336;22;48;16;30;3.60;6;2;1;88;0;8209630;2967;0
147;18;336;22;48;28;99;4.60;6;2;1;86;0;8210899;1254;0
147;18;336;22;48;35;80;3.40;6;2;1;75;0;8211580;661;0
147;18;336;22;48;43;99;3.80;2;1;1;82;0;8212399;2983;0
147;18;336;22;48;47;2;4.40;8;2;1;82;0;8212702;6287;0
147;18;336;22;48;54;99;3.20;6;2;1;74;0;8213499;1902;0
147;18;336;22;48;59;99;3.40;2;1;1;66;0;8213999;1583;0
147;18;336;22;49;1;26;4.80;2;1;1;86;0;8214126;108;0
147;18;336;22;49;5;99;3.80;1;1;1;89;0;8214599;6683;0
147;18;336;22;49;11;87;3.60;7;2;1;76;0;8215187;7850;0
147;18;336;22;49;12;99;4.20;6;2;1;69;0;8215299;1784;0
147;18;336;22;49;17;99;3.00;3;1;1;76;0;8215799;7168;0
147;18;336;22;49;19;99;3.40;4;1;1;80;0;8215999;26970;0
147;18;336;22;49;19;99;3.80;7;2;1;79;0;8215999;794;0
147;18;336;22;49;19;99;3.60;3;1;1;66;0;8215999;185;0
147;18;336;22;49;20;8;4.80;6;2;1;89;0;8216008;687;0
147;18;336;22;49;22;99;3.80;3;1;1;76;0;8216299;280;0
147;18;336;22;49;23;99;4.60;6;2;1;75;0;8216399;371;0
147;18;336;22;49;27;99;3.00;6;2;1;70;0;8216799;377;0
147;18;336;22;49;29;54;3.60;2;1;1;81;0;8216954;2807;0
147;18;336;22;49;29;99;3.40;6;2;1;74;0;8216999;184;0
147;18;336;22;49;32;8;3.60;6;2;1;78;0;8217208;192;0
147;18;336;22;49;33;0;4.40;2;1;1;79;0;8217300;330;0
147;18;336;22;49;34;78;3.60;6;2;1;84;0;8217478;253;0
147;18;336;22;49;35;99;3.20;2;1;1;70;0;8217599;278;0
147;18;336;22;49;37;9;3.20;2;1;1;79;0;8217709;93;0
147;18;336;22;49;40;13;3.80;3;1;1;85;0;8218013;1696;0
147;18;336;22;49;40;99;3.40;8;2;1;83;0;8218099;5377;0
147;18;336;22;49;44;38;4.00;7;2;1;83;0;8218438;2421;0
147;18;336;22;49;46;18;3.40;6;2;1;81;0;8218618;1124;0
147;18;336;22;49;49;13;3.40;7;2;1;90;0;8218913;457;0
147;18;336;22;49;56;99;3.60;6;2;1;80;0;8219699;1065;0
147;18;336;22;49;59;6;3.80;6;2;1;92;0;8219906;190;0
147;18;336;22;50;15;77;15.80;2;1;4;77;0;8221577;3853;0
147;18;336;22;50;19;99;4.60;2;1;1;83;0;8221999;348;0
147;18;336;22;50;20;75;3.40;6;2;1;80;0;8222075;2154;0
147;18;336;22;50;22;33;2.60;3;1;1;80;0;8222233;4203;0
147;18;336;22;50;24;99;3.60;8;2;1;78;0;8222499;4385;0
147;18;336;22;50;30;32;5.20;3;1;1;79;0;8223032;787;0
147;18;336;22;50;36;99;3.80;7;2;1;82;0;8223699;4772;0
147;18;336;22;50;39;99;3.40;6;2;1;74;0;8223999;1908;0
147;18;336;22;50;41;21;3.20;6;2;1;77;0;8224121;105;0
147;18;336;22;50;42;99;3.40;3;1;1;68;0;8224299;1243;0
147;18;336;22;50;43;49;3.00;2;1;1;77;0;8224349;2330;0
147;18;336;22;50;44;99;3.80;6;2;1;70;0;8224499;363;0
147;18;336;22;50;45;32;3.20;3;1;1;80;0;8224532;215;0
147;18;336;22;50;45;43;3.80;2;1;1;89;0;8224543;179;0
147;18;336;22;50;46;94;3.40;6;2;1;70;0;8224694;175;0
147;18;336;22;50;47;6;3.40;2;1;1;93;0;8224706;147;0
147;18;336;22;50;48;41;3.80;7;2;1;84;0;8224841;1125;0
147;18;336;22;50;50;99;3.60;3;1;1;77;0;8225099;552;0
147;18;336;22;50;53;60;3.80;6;2;1;83;0;8225360;648;0
147;18;336;22;50;54;16;3.00;3;1;1;74;0;8225416;300;0
147;18;336;22;51;1;56;3.60;3;1;1;75;0;8226156;725;0
147;18;336;22;51;11;57;3.40;3;1;1;72;0;8227157;983;0
147;18;336;22;51;16;53;4.20;7;2;1;80;0;8227653;2795;0
147;18;336;22;51;21;39;3.20;3;1;1;69;0;8228139;965;0
147;18;336;22;51;26;9;3.40;6;2;1;80;0;8228609;3232;0
147;18;336;22;51;40;6;3.40;5;2;1;91;0;8230006;46312;0
147;18;336;22;51;42;18;3.00;3;1;1;90;0;8230218;2062;0
147;18;336;22;51;44;99;7.00;6;2;2;81;0;8230499;1874;0
147;18;336;22;51;46;99;3.80;7;2;1;79;0;8230699;3027;0
147;18;336;22;51;47;66;8.00;6;2;6;69;0;8230766;235;0
147;18;336;22;51;48;21;3.80;5;2;1;86;0;8230821;801;0
147;18;336;22;51;48;99;3.80;3;1;1;80;0;8230899;669;0
147;18;336;22;51;51;99;4.00;3;1;1;78;0;8231199;282;0
147;18;336;22;51;53;99;3.20;6;2;1;72;0;8231399;591;0
147;18;336;22;51;55;88;3.60;3;1;1;79;0;8231588;370;0
147;18;336;22;51;56;99;3.80;5;2;1;83;0;8231699;862;0
147;18;336;22;52;5;36;3.60;6;2;1;78;0;8232536;1121;0
147;18;336;22;52;7;37;3.00;6;2;1;72;0;8232737;184;0
147;18;336;22;52;9;99;3.00;6;2;1;70;0;8232999;247;0
147;18;336;22;52;11;99;3.00;6;2;1;78;0;8233199;184;0
147;18;336;22;52;15;23;3.00;6;2;1;72;0;8233523;310;0
147;18;336;22;52;16;99;3.00;7;2;1;75;0;8233699;2982;0
147;18;336;22;52;17;15;3.80;7;2;1;93;0;8233715;1;0
147;18;336;22;52;18;99;3.40;7;2;1;71;0;8233899;169;0
147;18;336;22;52;21;3;3.20;6;2;1;77;0;8234103;565;0
147;18;336;22;52;24;5;3.60;6;2;1;76;0;8234405;287;0
147;18;336;22;52;27;99;3.40;6;2;1;77;0;8234799;376;0
147;18;336;22;52;33;65;3.00;6;2;1;79;0;8235365;550;0
147;18;336;22;52;34;99;4.20;7;2;1;85;0;8235499;1582;0
147;18;336;22;52;36;90;3.60;6;2;1;76;0;8235690;311;0
147;18;336;22;52;37;99;3.60;3;1;1;92;0;8235799;4194;0
147;18;336;22;52;37;99;4.00;8;2;1;84;0;8235799;13283;0
147;18;336;22;52;39;99;3.60;6;2;1;85;0;8235999;291;0
147;18;336;22;52;43;36;3.60;8;2;1;79;0;8236336;519;0
147;18;336;22;52;44;99;3.80;3;1;1;70;0;8236499;685;0
147;18;336;22;52;51;52;3.00;3;1;1;69;0;8237152;633;0
147;18;336;22;52;55;99;3.40;6;2;1;77;0;8237599;1584;0
147;18;336;22;52;55;99;3.60;5;2;1;87;0;8237599;5883;0
147;18;336;22;52;56;47;3.80;7;2;1;80;0;8237647;2130;0
147;18;336;22;52;57;99;3.40;6;2;1;75;0;8237799;184;0
147;18;336;22;52;59;13;3.20;6;2;1;76;0;8237913;97;0
147;18;336;22;52;59;16;3.60;7;2;1;79;0;8237916;251;0
147;18;336;22;53;1;39;3.40;6;2;1;85;0;8238139;210;0
147;18;336;22;53;2;8;3.00;3;1;1;83;0;8238208;1040;0
147;18;336;22;53;8;99;3.40;3;1;1;88;0;8238899;677;0
147;18;336;22;53;9;10;3.80;5;2;1;84;0;8238910;1296;0
147;18;336;22;53;10;12;3.00;6;2;1;77;0;8239012;858;0
147;18;336;22;53;11;33;3.60;6;2;1;80;0;8239133;106;0
147;18;336;22;53;13;22;4.20;4;1;1;87;0;8239322;23307;0
147;18;336;22;53;14;28;3.60;3;1;1;81;0;8239428;515;0
147;18;336;22;53;18;99;4.00;3;1;1;73;0;8239899;455;0
147;18;336;22;53;18;99;3.80;2;1;1;76;0;8239899;15179;0
147;18;336;22;53;20;99;3.60;8;2;1;80;0;8240099;3746;0
147;18;336;22;53;20;99;4.00;6;2;1;79;0;8240099;949;0
147;18;336;22;53;26;1;3.40;6;2;1;80;0;8240601;483;0
147;18;336;22;53;34;13;3.60;6;2;1;79;0;8241413;796;0
147;18;336;22;53;35;99;3.40;5;2;1;83;0;8241599;2672;0
147;18;336;22;53;38;99;4.80;6;2;1;79;0;8241899;469;0
147;18;336;22;53;42;30;3.40;6;2;1;68;0;8242230;309;0
147;18;336;22;53;51;99;3.20;1;1;1;77;0;8243199;28584;0
147;18;336;22;53;53;95;3.60;2;1;1;77;0;8243395;3478;0
147;18;336;22;53;55;78;3.60;6;2;1;79;0;8243578;1330;0
147;18;336;22;53;55;94;3.60;2;1;1;83;0;8243594;182;0
147;18;336;22;53;58;99;4.40;6;2;1;77;0;8243899;304;0
147;18;336;22;53;59;99;3.80;5;2;1;85;0;8243999;2385;0
147;18;336;22;53;58;95;4.20;7;2;1;13;0;8243895;5962;0
147;18;336;22;54;2;11;3.40;2;1;1;76;0;8244211;601;0
147;18;336;22;54;2;99;4.00;3;1;1;88;0;8244299;4380;0
147;18;336;22;54;4;99;3.60;3;1;1;77;0;8244499;183;0
147;18;336;22;54;8;99;3.60;3;1;1;69;0;8244899;383;0
147;18;336;22;54;12;6;3.40;3;1;1;70;0;8245206;288;0
147;18;336;22;54;12;99;3.20;6;2;1;86;0;8245299;1379;0
147;18;336;22;54;11;74;11.80;7;2;2;84;0;8245174;1162;0
147;18;336;22;54;14;99;4.40;6;2;1;80;0;8245499;186;0
147;18;336;22;54;23;4;5.80;3;1;1;72;0;8246304;1080;0
147;18;336;22;54;27;99;3.40;3;1;1;80;0;8246799;466;0
147;18;336;22;54;28;10;3.00;2;1;1;66;0;8246810;2582;0
147;18;336;22;54;29;99;3.60;2;1;1;67;0;8246999;172;0
147;18;336;22;54;33;61;3.60;3;1;1;75;0;8247361;546;0
147;18;336;22;54;40;99;3.60;1;1;1;85;0;8248099;4885;0
147;18;336;22;54;43;18;3.80;6;2;1;81;0;8248318;2799;0
147;18;336;22;54;45;99;3.60;2;1;1;76;0;8248599;1580;0
147;18;336;22;54;46;83;3.60;6;2;1;79;0;8248683;348;0
147;18;336;22;54;47;3;3.80;2;1;1;77;0;8248703;86;0
147;18;336;22;54;49;15;3.40;2;1;1;76;0;8248915;194;0
147;18;336;22;54;50;99;3.00;6;2;1;78;0;8249099;399;0
147;18;336;22;54;53;99;3.60;6;2;1;79;0;8249399;286;0
147;18;336;22;54;57;99;4.60;3;1;1;78;0;8249799;2420;0
147;18;336;22;55;1;27;3.80;6;2;1;88;0;8250127;711;0
147;18;336;22;55;2;21;3.20;4;1;1;95;0;8250221;10881;0
147;18;336;22;55;5;99;4.20;6;2;1;92;0;8250599;456;0
147;18;336;22;55;8;99;3.80;6;2;1;77;0;8250899;283;0
147;18;336;22;55;11;99;3.80;6;2;1;80;0;8251199;282;0
147;18;336;22;55;13;99;11.00;3;1;2;71;0;8251399;1578;0
147;18;336;22;55;14;65;4.00;6;2;1;76;0;8251465;248;0
147;18;336;22;55;16;8;3.60;8;2;1;84;0;8251608;11492;0
147;18;336;22;55;19;81;12.80;6;2;7;82;0;8251981;497;0
147;18;336;22;55;21;22;3.60;3;1;1;75;0;8252122;667;0
147;18;336;22;55;21;99;3.80;6;2;1;79;0;8252199;161;0
147;18;336;22;55;23;99;3.80;3;1;1;79;0;8252399;259;0
147;18;336;22;55;26;99;3.80;6;2;1;78;0;8252699;482;0
147;18;336;22;55;37;22;3.20;6;2;1;71;0;8253722;1005;0
147;18;336;22;55;39;99;3.40;6;2;1;75;0;8253999;260;0
147;18;336;22;55;40;60;3.60;8;2;1;87;0;8254060;2436;0
147;18;336;22;55;44;99;4.00;4;1;1;108;0;8254499;4265;0
147;18;336;22;55;47;99;3.80;2;1;1;78;0;8254799;5867;0
147;18;336;22;55;55;16;3.60;6;2;1;83;0;8255516;1500;0
147;18;336;22;56;0;5;3.80;5;2;1;85;0;8256005;11989;0
147;18;336;22;56;0;24;4.00;8;2;1;84;0;8256024;1949;0
147;18;336;22;56;1;5;3.00;6;2;1;79;0;8256105;573;0
147;18;336;22;56;1;99;3.80;2;1;1;83;0;8256199;1382;0
147;18;336;22;56;8;78;3.40;6;2;1;75;0;8256878;759;0
147;18;336;22;56;13;16;3.80;2;1;1;76;0;8257316;1100;0
147;18;336;22;56;13;65;3.20;6;2;1;76;0;8257365;470;0
147;18;336;22;56;14;13;3.80;5;2;1;78;0;8257413;1391;0
147;18;336;22;56;22;99;3.40;6;2;1;90;0;8258299;918;0
147;18;336;22;56;23;99;3.40;2;1;1;74;0;8258399;1065;0
147;18;336;22;56;24;88;3.80;7;2;1;87;0;8258488;13263;0
147;18;336;22;56;26;99;3.60;6;2;1;76;0;8258699;386;0
147;18;336;22;56;28;99;3.20;3;1;1;75;0;8258899;6482;0
147;18;336;22;56;30;99;3.60;2;1;1;69;0;8259099;683;0
147;18;336;22;56;33;13;4.00;3;1;1;80;0;8259313;398;0
147;18;336;22;56;36;35;3.80;2;1;1;79;0;8259635;517;0
147;18;336;22;56;36;38;2.80;6;2;1;76;0;8259638;921;0
147;18;336;22;56;38;19;3.80;7;2;1;79;0;8259819;1315;0
147;18;336;22;56;39;99;3.20;3;1;1;72;0;8259999;668;0
147;18;336;22;56;44;56;3.80;6;2;1;79;0;8260456;804;0
147;18;336;22;56;51;15;4.20;6;2;1;83;0;8261115;641;0
147;18;336;22;56;53;29;4.00;7;2;1;86;0;8261329;1492;0
147;18;336;22;56;56;5;3.60;6;2;1;77;0;8261605;471;0
147;18;336;22;56;58;99;3.20;6;2;1;78;0;8261899;277;0
147;18;336;22;57;2;55;3.60;3;1;1;82;0;8262255;2240;0
147;18;336;22;57;3;99;3.20;6;2;1;79;0;8262399;485;0
147;18;336;22;57;5;99;3.60;2;1;1;90;0;8262599;2946;0
147;18;336;22;57;7;3;5.60;3;1;1;85;0;8262703;432;0
147;18;336;22;57;19;2;3.80;3;1;1;77;0;8263902;1175;0
147;18;336;22;57;21;99;3.20;6;2;1;77;0;8264199;1785;0
147;18;336;22;57;21;99;3.60;2;1;1;76;0;8264199;1585;0
147;18;336;22;57;25;29;4.20;7;2;1;91;0;8264529;3183;0
147;18;336;22;57;28;99;3.60;6;2;1;79;0;8264899;685;0
147;18;336;22;57;32;17;3.00;6;2;1;84;0;8265217;301;0
147;18;336;22;57;34;99;3.80;7;2;1;96;0;8265499;953;0
147;18;336;22;57;36;20;4.00;2;1;1;84;0;8265620;1403;0
147;18;336;22;57;41;99;3.00;3;1;1;79;0;8266199;2279;0
147;18;336;22;57;43;22;4.00;7;2;1;85;0;8266322;808;0
147;18;336;22;57;43;99;4.00;6;2;1;84;0;8266399;1169;0
147;18;336;22;57;46;93;3.60;6;2;1;76;0;8266693;276;0
147;18;336;22;57;50;99;4.00;6;2;1;81;0;8267099;388;0
147;18;336;22;57;52;99;3.40;5;2;1;80;0;8267299;9868;0
147;18;336;22;57;59;2;3.20;6;2;1;77;0;8267902;785;0
147;18;336;22;58;0;1;3.40;7;2;1;78;0;8268001;1662;0
147;18;336;22;58;5;99;3.80;3;1;1;78;0;8268599;2386;0
147;18;336;22;58;6;11;3.40;6;2;1;78;0;8268611;694;0
147;18;336;22;58;13;99;3.80;3;1;1;80;0;8269399;782;0
147;18;336;22;58;16;20;5.60;7;2;1;83;0;8269620;1603;0
147;18;336;22;58;16;45;3.40;3;1;1;80;0;8269645;228;0
147;18;336;22;58;18;30;3.20;3;1;1;78;0;8269830;169;0
147;18;336;22;58;22;99;4.00;7;2;1;84;0;8270299;654;0
147;18;336;22;58;31;11;3.60;2;1;1;76;0;8271111;5473;0
147;18;336;22;58;33;99;4.00;2;1;1;79;0;8271399;270;0
147;18;336;22;58;35;99;4.20;8;2;1;81;0;8271599;15557;0
147;18;336;22;58;36;12;3.80;7;2;1;87;0;8271612;1295;0
147;18;336;22;58;41;36;3.00;2;1;1;73;0;8272136;718;0
147;18;336;22;58;43;99;3.20;4;1;1;81;0;8272399;17886;0
147;18;336;22;58;45;99;3.60;3;1;1;76;0;8272599;2754;0
147;18;336;22;58;47;4;4.00;4;1;1;86;0;8272704;290;0
147;18;336;22;58;47;82;3.20;3;1;1;75;0;8272782;165;0
147;18;336;22;58;50;99;5.60;3;1;1;72;0;8273099;301;0
147;18;336;22;58;51;2;3.60;6;2;1;75;0;8273102;4475;0
147;18;336;22;58;55;91;3.80;7;2;1;70;0;8273591;1963;0
147;18;336;22;58;56;20;3.60;6;2;1;82;0;8273620;500;0
147;18;336;22;59;6;99;3.00;3;1;1;78;0;8274699;1572;0
147;18;336;22;59;6;99;3.40;5;2;1;89;0;8274699;7384;0
147;18;336;22;59;7;37;3.60;6;2;1;83;0;8274737;1101;0
147;18;336;22;59;8;99;4.00;6;2;1;86;0;8274899;146;0
147;18;336;22;59;9;99;3.60;7;2;1;74;0;8274999;1388;0
147;18;336;22;59;11;27;3.20;3;1;1;76;0;8275127;414;0
147;18;336;22;59;19;99;3.40;7;2;1;87;0;8275999;982;0
147;18;336;22;59;21;99;3.20;6;2;1;82;0;8276199;1283;0
147;18;336;22;59;23;75;3.40;2;1;1;78;0;8276375;4224;0
147;18;336;22;59;24;90;11.80;4;1;2;82;0;8276490;3769;0
147;18;336;22;59;26;24;3.40;6;2;1;77;0;8276624;410;0
147;18;336;22;59;26;99;3.40;7;2;1;80;0;8276699;685;0
147;18;336;22;59;26;99;4.00;3;1;1;80;0;8276699;1556;0
147;18;336;22;59;27;99;3.20;7;2;1;80;0;8276799;84;0
147;18;336;22;59;27;99;3.80;5;2;1;86;0;8276799;2086;0
147;18;336;22;59;28;98;4.40;8;2;1;85;0;8276898;5280;0
147;18;336;22;59;30;61;3.20;6;2;1;80;0;8277061;421;0
147;18;336;22;59;40;6;3.80;6;2;1;81;0;8278006;930;0
147;18;336;22;59;40;26;3.60;3;1;1;82;0;8278026;1309;0
147;18;336;22;59;52;99;3.60;3;1;1;80;0;8279299;1257;0
147;18;336;22;59;54;99;3.60;2;1;1;79;0;8279499;3108;0
147;18;336;23;0;2;99;3.80;6;2;1;76;0;8280299;2276;0
147;18;336;23;0;7;99;4.60;6;2;1;76;0;8280799;482;0
147;18;336;23;0;8;99;12.40;2;1;3;80;0;8280899;1383;0
147;18;336;23;0;9;26;3.20;3;1;1;80;0;8280926;1610;0
147;18;336;23;0;9;99;3.60;1;1;1;87;0;8280999;32884;0
147;18;336;23;0;20;99;4.20;5;2;1;94;0;8282099;5284;0
147;18;336;23;0;21;20;3.00;7;2;1;73;0;8282120;5306;0
147;18;336;23;0;21;40;5.60;3;1;1;83;0;8282140;1199;0
147;18;336;23;0;22;10;3.40;6;2;1;81;0;8282210;1389;0
147;18;336;23;0;22;99;4.00;5;2;1;92;0;8282299;183;0
147;18;336;23;0;24;32;3.60;6;2;1;79;0;8282432;206;0
147;18;336;23;0;25;99;10.60;2;1;2;84;0;8282599;1644;0
147;18;336;23;0;26;8;3.00;4;1;1;82;0;8282608;6066;0
147;18;336;23;0;27;90;3.20;3;1;1;81;0;8282790;625;0
147;18;336;23;0;30;14;4.20;2;1;1;78;0;8283014;369;0
147;18;336;23;0;33;99;4.60;6;2;1;73;0;8283399;950;0
147;18;336;23;0;34;50;4.60;2;1;1;80;0;8283450;416;0
147;18;336;23;0;36;99;3.80;6;2;1;76;0;8283699;277;0
147;18;336;23;0;40;6;3.80;7;2;1;81;0;8284006;1871;0
147;18;336;23;0;40;99;3.80;2;1;1;78;0;8284099;628;0
147;18;336;23;0;41;7;3.60;6;2;1;85;0;8284107;390;0
147;18;336;23;0;53;99;3.00;3;1;1;73;0;8285399;2594;0
147;18;336;23;1;10;70;3.20;6;2;1;80;0;8287070;2947;0
147;18;336;23;1;12;14;3.60;6;2;1;81;0;8287214;129;0
147;18;336;23;1;13;8;3.40;7;2;1;82;0;8287308;3285;0
147;18;336;23;1;22;4;3.40;2;1;1;86;0;8288204;4087;0
147;18;336;23;1;24;99;3.40;6;2;1;82;0;8288499;1269;0
147;18;336;23;1;25;99;3.20;7;2;1;82;0;8288599;1276;0
147;18;336;23;1;25;44;3.60;3;1;1;67;0;8288544;3130;0
147;18;336;23;1;26;99;4.00;2;1;1;76;0;8288699;480;0
147;18;336;23;1;28;2;3.60;3;1;1;68;0;8288802;238;0
147;18;336;23;1;28;11;3.80;7;2;1;80;0;8288811;197;0
147;18;336;23;1;34;4;3.80;7;2;1;81;0;8289404;575;0
147;18;336;23;1;34;99;3.20;3;1;1;74;0;8289499;677;0
147;18;336;23;1;41;99;3.80;3;1;1;87;0;8290199;684;0
147;18;336;23;1;46;13;3.80;2;1;1;83;0;8290613;1895;0
147;18;336;23;1;52;22;3.60;2;1;1;89;0;8291222;592;0
147;18;336;23;1;55;99;3.20;7;2;1;86;0;8291599;2178;0
147;18;336;23;1;58;99;3.80;6;2;1;78;0;8291899;3385;0
147;18;336;23;2;0;99;3.80;2;1;1;80;0;8292099;862;0
147;18;336;23;2;4;1;3.80;2;1;1;86;0;8292401;284;0
147;18;336;23;2;6;32;3.40;2;1;1;83;0;8292632;215;0
147;18;336;23;2;6;45;4.00;6;2;1;79;0;8292645;728;0
147;18;336;23;2;7;1;4.40;7;2;1;87;0;8292701;1088;0
147;18;336;23;2;8;99;3.40;6;2;1;80;0;8292899;235;0
147;18;336;23;2;12;76;3.80;3;1;1;79;0;8293276;3061;0
147;18;336;23;2;12;93;3.20;7;2;1;74;0;8293293;573;0
147;18;336;23;2;25;4;3.60;7;2;1;74;0;8294504;1195;0
147;18;336;23;2;25;24;3.40;6;2;1;83;0;8294524;1609;0
147;18;336;23;2;26;99;3.00;4;1;1;79;0;8294699;12077;0
147;18;336;23;2;29;40;3.60;4;1;1;83;0;8294940;227;0
147;18;336;23;2;30;99;3.80;2;1;1;75;0;8295099;2452;0
147;18;336;23;2;33;99;3.60;7;2;1;86;0;8295399;877;0
147;18;336;23;2;34;7;3.60;8;2;1;72;0;8295407;18490;0
147;18;336;23;2;34;21;3.60;7;2;1;77;0;8295421;6;0
147;18;336;23;2;36;99;3.80;6;2;1;78;0;8295699;1160;0
147;18;336;23;2;36;99;4.80;2;1;1;73;0;8295699;581;0
147;18;336;23;2;39;99;3.20;2;1;1;68;0;8295999;276;0
147;18;336;23;2;39;0;3.60;6;2;1;75;0;8295900;183;0
147;18;336;23;2;40;76;3.80;7;2;1;82;0;8296076;638;0
147;18;336;23;2;42;6;4.20;6;2;1;82;0;8296206;288;0
147;18;336;23;2;46;4;3.00;3;1;1;79;0;8296604;3310;0
147;18;336;23;2;47;34;3.60;2;1;1;86;0;8296734;718;0
147;18;336;23;3;0;54;3.60;2;1;1;78;0;8298054;1304;0
147;18;336;23;3;1;99;3.80;6;2;1;83;0;8298199;1974;0
147;18;336;23;3;2;5;3.80;3;1;1;80;0;8298205;1587;0
147;18;336;23;3;2;26;4.00;7;2;1;83;0;8298226;2133;0
147;18;336;23;3;3;66;4.20;7;2;1;82;0;8298366;122;0
147;18;336;23;3;10;43;3.60;3;1;1;73;0;8299043;820;0
147;18;336;23;3;20;99;3.20;3;1;1;67;0;8300099;1038;0
147;18;336;23;3;22;99;3.00;3;1;1;71;0;8300299;182;0
147;18;336;23;3;29;29;3.20;6;2;1;86;0;8300929;2713;0
147;18;336;23;3;30;99;3.60;5;2;1;104;0;8301099;18784;0
147;18;336;23;3;31;56;4.00;6;2;1;80;0;8301156;213;0
147;18;336;23;3;33;46;4.00;6;2;1;82;0;8301346;172;0
147;18;336;23;3;45;99;3.60;3;1;1;71;0;8302599;2284;0
147;18;336;23;3;46;46;3.80;6;2;1;65;0;8302646;1282;0
147;18;336;23;3;47;99;3.20;5;2;1;79;0;8302799;1687;0
147;18;336;23;3;48;99;5.00;6;2;1;74;0;8302899;231;0
147;18;336;23;3;48;99;3.00;3;1;1;72;0;8302899;281;0
147;18;336;23;3;49;30;3.40;5;2;1;86;0;8302930;116;0
147;18;336;23;3;50;99;3.40;6;2;1;73;0;8303099;175;0
147;18;336;23;3;59;92;4.00;3;1;1;72;0;8303992;1078;0
147;18;336;23;3;59;92;3.80;6;2;1;69;0;8303992;876;0
147;18;336;23;4;6;5;3.60;3;1;1;78;0;8304605;593;0
147;18;336;23;4;10;23;3.00;6;2;1;74;0;8305023;1011;0
147;18;336;23;4;13;99;3.80;6;2;1;73;0;8305399;361;0
147;18;336;23;4;14;14;3.80;4;1;1;93;0;8305414;10458;0
147;18;336;23;4;17;49;3.80;3;1;1;76;0;8305749;1127;0
147;18;336;23;4;20;99;3.60;6;2;1;75;0;8306099;681;0
147;18;336;23;4;20;99;11.40;3;1;3;80;0;8306099;332;0
147;18;336;23;4;28;99;3.60;6;2;1;80;0;8306899;782;0
147;18;336;23;4;29;0;3.20;2;1;1;80;0;8306900;8829;0
147;18;336;23;4;30;83;3.20;5;2;1;82;0;8307083;4138;0
147;18;336;23;4;32;28;3.60;7;2;1;82;0;8307228;8843;0
147;18;336;23;4;36;99;3.60;2;1;1;80;0;8307699;784;0
147;18;336;23;4;37;8;3.80;3;1;1;80;0;8307708;1557;0
147;18;336;23;4;44;13;2.80;6;2;1;84;0;8308413;1497;0
147;18;336;23;4;47;5;3.60;6;2;1;77;0;8308705;280;0
147;18;336;23;4;49;99;3.20;6;2;1;82;0;8308999;277;0
147;18;336;23;4;51;99;4.80;5;2;1;86;0;8309199;2101;0
147;18;336;23;4;53;99;3.60;7;2;1;81;0;8309399;2155;0
147;18;336;23;4;54;99;3.00;2;1;1;70;0;8309499;1783;0
147;18;336;23;4;55;6;3.60;7;2;1;81;0;8309506;91;0
147;18;336;23;5;1;90;3.40;6;2;1;77;0;8310190;1176;0
147;18;336;23;5;2;99;3.20;3;1;1;82;0;8310299;2573;0
147;18;336;23;5;3;28;3.60;3;1;1;86;0;8310328;14;0
147;18;336;23;5;5;99;3.20;3;1;1;81;0;8310599;255;0
147;18;336;23;5;7;99;3.80;8;2;1;76;0;8310799;15374;0
147;18;336;23;5;21;2;4.40;7;2;1;83;0;8312102;2580;0
147;18;336;23;5;21;39;3.80;3;1;1;85;0;8312139;1525;0
147;18;336;23;5;22;99;3.20;2;1;1;89;0;8312299;2784;0
147;18;336;23;5;44;18;6.00;2;1;1;86;0;8314418;2106;0
147;18;336;23;5;47;99;3.80;7;2;1;83;0;8314799;2677;0
147;18;336;23;5;57;98;3.20;2;1;1;74;0;8315798;1354;0
147;18;336;23;6;12;24;3.80;2;1;1;81;0;8317224;1410;0
147;18;336;23;6;13;99;3.40;2;1;1;79;0;8317399;158;0
147;18;336;23;6;14;17;3.60;2;1;1;79;0;8317417;2;0
147;18;336;23;6;15;82;3.20;3;1;1;79;0;8317582;5426;0
147;18;336;23;6;17;48;3.40;2;1;1;81;0;8317748;314;0
147;18;336;23;6;20;84;4.40;2;1;1;85;0;8318084;320;0
147;18;336;23;6;30;0;3.20;3;1;1;79;0;8319000;1403;0
147;18;336;23;6;31;99;3.80;2;1;1;77;0;8319199;1096;0
147;18;336;23;6;36;99;3.60;8;2;1;64;0;8319699;8882;0
147;18;336;23;6;42;99;3.40;3;1;1;79;0;8320299;1284;0
147;18;336;23;6;45;10;3.20;3;1;1;80;0;8320510;195;0
147;18;336;23;6;51;99;3.80;2;1;1;71;0;8321199;1982;0
147;18;336;23;6;53;27;3.60;3;1;1;77;0;8321327;802;0
147;18;336;23;6;56;65;20.20;6;2;5;77;0;8321665;11459;0
147;18;336;23;7;4;2;3.20;6;2;1;81;0;8322402;642;0
147;18;336;23;7;9;99;3.80;6;2;1;81;0;8322999;582;0
147;18;336;23;7;14;99;3.00;6;2;1;78;0;8323499;483;0
147;18;336;23;7;26;34;4.00;3;1;1;80;0;8324634;3290;0
147;18;336;23;7;35;99;3.80;2;1;1;83;0;8325599;4380;0
147;18;336;23;7;36;1;3.40;3;1;1;84;0;8325601;949;0
147;18;336;23;7;36;99;3.20;6;2;1;82;0;8325699;2186;0
147;18;336;23;7;38;99;3.60;6;2;1;79;0;8325899;185;0
147;18;336;23;7;42;24;3.40;3;1;1;81;0;8326224;608;0
147;18;336;23;7;42;99;3.80;7;2;1;88;0;8326299;11483;0
147;18;336;23;7;45;99;3.40;6;2;1;85;0;8326599;683;0
147;18;336;23;7;48;0;3.00;6;2;1;80;0;8326800;186;0
147;18;336;23;7;54;8;5.40;6;2;1;81;0;8327408;594;0
147;18;336;23;7;55;99;3.60;3;1;1;78;0;8327599;1359;0
147;18;336;23;7;57;18;4.00;3;1;1;78;0;8327718;102;0
147;18;336;23;8;0;95;8.60;2;1;2;82;0;8328095;2479;0
147;18;336;23;8;2;60;3.40;1;1;1;79;0;8328260;47246;0
147;18;336;23;8;4;16;3.20;7;2;1;80;0;8328416;2101;0
147;18;336;23;8;7;14;4.00;2;1;1;83;0;8328714;581;0
147;18;336;23;8;17;7;3.60;2;1;1;81;0;8329707;975;0
147;18;336;23;8;33;33;4.40;6;2;1;76;0;8331333;3901;0
147;18;336;23;8;35;35;3.80;2;1;1;83;0;8331535;1812;0
147;18;336;23;8;41;19;3.40;6;2;1;75;0;8332119;765;0
147;18;336;23;8;45;16;5.00;6;2;1;89;0;8332516;380;0
147;18;336;23;8;45;33;3.80;1;1;1;79;0;8332533;4257;0
147;18;336;23;8;57;3;3.60;4;1;1;79;0;8333703;28274;0
147;18;336;23;8;57;10;3.00;3;1;1;78;0;8333710;5973;0
147;18;336;23;8;59;86;3.20;6;2;1;82;0;8333986;1449;0
147;18;336;23;8;59;85;3.40;3;1;1;74;0;8333985;261;0
147;18;336;23;9;0;99;3.00;3;1;1;75;0;8334099;97;0
147;18;336;23;9;2;2;3.60;2;1;1;75;0;8334202;2650;0
147;18;336;23;9;3;20;3.60;6;2;1;83;0;8334320;319;0
147;18;336;23;9;4;99;4.00;3;1;1;78;0;8334499;385;0
147;18;336;23;9;7;99;4.60;6;2;1;83;0;8334799;463;0
147;18;336;23;9;8;23;3.80;6;2;1;84;0;8334823;4;0
147;18;336;23;9;29;13;3.20;6;2;1;78;0;8336913;2073;0
147;18;336;23;9;29;58;3.40;5;2;1;80;0;8336958;27738;0
147;18;336;23;9;30;99;3.80;8;2;1;77;0;8337099;17379;0
147;18;336;23;9;36;6;3.40;2;1;1;76;0;8337606;3386;0
147;18;336;23;9;37;55;3.80;2;1;1;75;0;8337755;132;0
147;18;336;23;9;39;0;3.80;3;1;1;82;0;8337900;3382;0
147;18;336;23;9;39;86;16.20;6;2;4;80;0;8337986;1058;0
147;18;336;23;9;40;99;3.60;8;2;1;84;0;8338099;982;0
147;18;336;23;9;44;67;15.80;6;2;4;79;0;8338467;408;0
147;18;336;23;9;46;99;3.80;6;2;1;81;0;8338699;160;0
147;18;336;23;9;48;11;3.40;6;2;1;79;0;8338811;95;0
147;18;336;23;9;52;55;3.60;6;2;1;78;0;8339255;428;0
147;18;336;23;9;55;99;3.80;8;2;1;82;0;8339599;1484;0
147;18;336;23;10;6;23;3.60;3;1;1;79;0;8340623;2706;0
147;18;336;23;10;11;10;4.20;6;2;1;70;0;8341110;1838;0
147;18;336;23;10;12;99;3.80;3;1;1;75;0;8341299;659;0
147;18;336;23;10;12;99;3.00;7;2;1;72;0;8341299;12868;0
147;18;336;23;10;14;39;24.20;6;2;5;76;0;8341439;307;0
147;18;336;23;10;15;21;17.60;7;2;4;81;0;8341521;207;0
147;18;336;23;10;18;47;4.00;6;2;1;79;0;8341847;293;0
147;18;336;23;10;21;99;3.20;3;1;1;72;0;8342199;881;0
147;18;336;23;10;22;99;3.00;6;2;1;70;0;8342299;433;0
147;18;336;23;10;24;98;12.00;6;2;2;79;0;8342498;183;0
147;18;336;23;10;31;99;4.00;6;2;1;84;0;8343199;646;0
147;18;336;23;10;37;99;4.00;8;2;1;97;0;8343799;4183;0
147;18;336;23;10;39;25;3.20;6;2;1;91;0;8343925;708;0
147;18;336;23;10;46;42;3.20;3;1;1;85;0;8344642;2427;0
147;18;336;23;10;47;99;3.60;7;2;1;78;0;8344799;3199;0
147;18;336;23;10;52;99;4.00;2;1;1;85;0;8345299;7525;0
147;18;336;23;10;53;3;3.40;3;1;1;78;0;8345303;647;0
147;18;336;23;10;58;15;4.00;6;2;1;83;0;8345815;1877;0
147;18;336;23;11;0;99;3.40;6;2;1;72;0;8346099;266;0
147;18;336;23;11;2;99;4.00;5;2;1;85;0;8346299;9325;0
147;18;336;23;11;2;99;3.40;2;1;1;81;0;8346299;983;0
147;18;336;23;11;2;57;23.60;7;2;5;76;0;8346257;1441;0
147;18;336;23;11;5;99;6.00;3;1;1;78;0;8346599;1280;0
147;18;336;23;11;7;94;3.60;2;1;1;78;0;8346794;479;0
147;18;336;23;11;8;99;4.40;7;2;1;84;0;8346899;530;0
147;18;336;23;11;16;3;3.40;6;2;1;82;0;8347603;1487;0
147;18;336;23;11;16;99;4.00;2;1;1;101;0;8347699;888;0
147;18;336;23;11;22;95;3.80;1;1;1;80;0;8348295;15744;0
147;18;336;23;11;23;99;3.40;6;2;1;85;0;8348399;781;0
147;18;336;23;11;26;11;4.00;6;2;1;72;0;8348611;197;0
147;18;336;23;11;28;8;3.40;6;2;1;70;0;8348808;177;0
147;18;336;23;11;37;57;4.20;2;1;1;79;0;8349757;2043;0
147;18;336;23;11;40;99;3.60;6;2;1;83;0;8350099;1273;0
147;18;336;23;11;41;99;3.80;2;1;1;85;0;8350199;422;0
147;18;336;23;11;44;99;4.00;7;2;1;81;0;8350499;3581;0
147;18;336;23;11;45;24;3.80;6;2;1;87;0;8350524;409;0
147;18;336;23;11;49;99;3.80;8;2;1;80;0;8350999;7185;0
147;18;336;23;12;1;12;3.40;3;1;1;72;0;8352112;5485;0
147;18;336;23;12;1;99;4.80;7;2;1;85;0;8352199;1682;0
147;18;336;23;12;4;99;4.80;4;1;1;84;0;8352499;18779;0
147;18;336;23;12;7;99;4.40;7;2;1;82;0;8352799;579;0
147;18;336;23;12;10;36;3.60;6;2;1;82;0;8353036;2496;0
147;18;336;23;12;12;22;3.80;7;2;1;89;0;8353222;403;0
147;18;336;23;12;17;99;3.60;6;2;1;80;0;8353799;747;0
147;18;336;23;12;19;99;3.60;3;1;1;79;0;8353999;1870;0
147;18;336;23;12;21;14;3.40;7;2;1;67;0;8354114;876;0
147;18;336;23;12;24;99;2.80;6;2;1;77;0;8354499;683;0
147;18;336;23;12;28;14;3.40;6;2;1;81;0;8354814;301;0
147;18;336;23;12;33;16;4.20;6;2;1;83;0;8355316;486;0
147;18;336;23;12;34;89;3.40;2;1;1;81;0;8355489;5273;0
147;18;336;23;12;36;66;3.80;1;1;1;81;0;8355666;7353;0
147;18;336;23;12;37;99;5.20;6;2;1;77;0;8355799;464;0
147;18;336;23;12;37;99;4.80;7;2;1;85;0;8355799;1666;0
147;18;336;23;12;38;99;3.20;2;1;1;81;0;8355899;394;0
147;18;336;23;12;43;24;4.00;2;1;1;86;0;8356324;410;0
147;18;336;23;12;44;18;3.80;6;2;1;81;0;8356418;594;0
147;18;336;23;12;46;33;3.80;7;2;1;78;0;8356633;813;0
147;18;336;23;12;46;70;4.00;2;1;1;91;0;8356670;329;0
147;18;336;23;12;52;99;3.60;6;2;1;87;0;8357299;864;0
147;18;336;23;12;56;19;3.40;6;2;1;76;0;8357619;305;0
147;18;336;23;13;2;70;3.20;6;2;1;77;0;8358270;634;0
147;18;336;23;13;3;99;3.00;6;2;1;75;0;8358399;114;0
147;18;336;23;13;5;99;3.20;6;2;1;77;0;8358599;185;0
147;18;336;23;13;6;99;4.20;7;2;1;86;0;8358699;2048;0
147;18;336;23;13;14;38;3.20;7;2;1;85;0;8359438;721;0
147;18;336;23;13;16;99;7.00;6;2;6;81;0;8359699;1085;0
147;18;336;23;13;18;25;3.80;2;1;1;89;0;8359825;3139;0
147;18;336;23;13;20;77;3.40;3;1;1;79;0;8360077;6061;0
147;18;336;23;13;20;88;5.00;2;1;1;85;0;8360088;247;0
147;18;336;23;13;22;53;3.60;6;2;1;81;0;8360253;522;0
147;18;336;23;13;23;99;3.40;3;1;1;85;0;8360399;306;0
147;18;336;23;13;27;49;3.20;5;2;1;82;0;8360749;14433;0
147;18;336;23;13;28;13;3.20;6;2;1;78;0;8360813;544;0
147;18;336;23;13;28;6;3.80;8;2;1;73;0;8360806;9789;0
147;18;336;23;13;29;20;3.80;7;2;1;75;0;8360920;1468;0
147;18;336;23;13;29;99;3.20;6;2;1;82;0;8360999;171;0
147;18;336;23;13;34;99;3.60;6;2;1;68;0;8361499;485;0
147;18;336;23;13;36;99;3.00;3;1;1;89;0;8361699;1285;0
147;18;336;23;13;41;99;4.40;3;1;1;72;0;8362199;487;0
147;18;336;23;13;42;13;3.60;3;1;1;72;0;8362213;-1;0
147;18;336;23;13;43;3;4.00;8;2;1;85;0;8362303;1478;0
147;18;336;23;13;43;99;3.00;3;1;1;71;0;8362399;168;0
147;18;336;23;13;44;99;3.20;6;2;1;77;0;8362499;980;0
147;18;336;23;13;47;31;2.80;6;2;1;80;0;8362731;217;0
147;18;336;23;13;53;63;3.80;6;2;1;83;0;8363363;619;0
147;18;336;23;13;56;99;3.20;3;1;1;76;0;8363699;1284;0
147;18;336;23;14;2;99;3.60;6;2;1;75;0;8364299;919;0
147;18;336;23;14;6;78;3.20;3;1;1;74;0;8364678;963;0
147;18;336;23;14;7;6;3.20;6;2;1;82;0;8364706;389;0
147;18;336;23;14;9;12;4.00;3;1;1;73;0;8364912;218;0
147;18;336;23;14;9;99;4.00;2;1;1;79;0;8364999;4889;0
147;18;336;23;14;13;88;10.60;6;2;2;74;0;8365388;667;0
147;18;336;23;14;15;99;3.80;5;2;1;81;0;8365599;4835;0
147;18;336;23;14;16;50;3.60;8;2;1;72;0;8365650;3330;0
147;18;336;23;14;17;4;3.80;6;2;1;82;0;8365704;264;0
147;18;336;23;14;20;3;4.00;5;2;1;94;0;8366003;387;0
147;18;336;23;14;21;53;4.00;6;2;1;80;0;8366153;432;0
147;18;336;23;14;24;93;4.00;2;1;1;84;0;8366493;1475;0
147;18;336;23;14;42;99;3.40;6;2;1;89;0;8368299;2128;0
147;18;336;23;14;43;99;3.20;2;1;1;76;0;8368399;1888;0
147;18;336;23;14;54;4;3.80;6;2;1;78;0;8369404;1091;0
147;18;336;23;14;54;72;3.60;7;2;1;81;0;8369472;8533;0
147;18;336;23;14;56;99;3.60;6;2;1;77;0;8369699;277;0
147;18;336;23;14;59;99;3.60;2;1;1;79;0;8369999;1584;0
147;18;336;23;15;5;19;3.80;7;2;1;84;0;8370519;1031;0
147;18;336;23;15;12;15;3.80;3;1;1;73;0;8371215;6283;0
147;18;336;23;15;15;80;9.80;7;2;2;79;0;8371580;1044;0
147;18;336;23;15;29;99;3.60;5;2;1;94;0;8372999;6980;0
147;18;336;23;15;30;58;3.40;6;2;1;77;0;8373058;3342;0
147;18;336;23;15;32;99;3.40;6;2;1;77;0;8373299;225;0
147;18;336;23;15;37;13;3.40;2;1;1;80;0;8373713;3697;0
147;18;336;23;15;41;99;3.40;6;2;1;80;0;8374199;884;0
147;18;336;23;15;41;99;3.40;3;1;1;79;0;8374199;2965;0
147;18;336;23;15;43;88;4.00;2;1;1;85;0;8374388;659;0
147;18;336;23;15;44;99;3.20;6;2;1;81;0;8374499;284;0
147;18;336;23;15;50;17;3.00;3;1;1;81;0;8375017;802;0
147;18;336;23;15;50;20;3.40;6;2;1;82;0;8375020;506;0
147;18;336;23;15;56;99;3.60;7;2;1;77;0;8375699;4074;0
147;18;336;23;16;3;22;6.20;2;1;1;78;0;8376322;1917;0
147;18;336;23;16;5;99;3.80;7;2;1;81;0;8376599;883;0
147;18;336;23;16;6;49;4.20;4;1;1;82;0;8376649;24129;0
147;18;336;23;16;8;20;3.60;7;2;1;76;0;8376820;204;0
147;18;336;23;16;10;6;3.00;3;1;1;71;0;8377006;1975;0
147;18;336;23;16;11;30;3.60;8;2;1;68;0;8377130;11462;0
147;18;336;23;16;13;18;3.60;2;1;1;82;0;8377318;967;0
147;18;336;23;16;14;99;3.40;6;2;1;87;0;8377499;2464;0
147;18;336;23;16;20;99;4.00;3;1;1;80;0;8378099;1077;0
147;18;336;23;16;24;98;3.60;8;2;1;76;0;8378498;1348;0
147;18;336;23;16;25;99;3.60;3;1;1;81;0;8378599;482;0
147;18;336;23;16;26;12;3.00;8;2;1;78;0;8378612;96;0
147;18;336;23;16;29;68;3.60;3;1;1;85;0;8378968;353;0
147;18;336;23;16;49;99;10.60;3;1;2;88;0;8380999;2015;0
147;18;336;23;16;54;7;3.40;3;1;1;86;0;8381407;364;0
147;18;336;23;16;54;7;3.80;6;2;1;82;0;8381407;3893;0
147;18;336;23;16;55;92;3.40;2;1;1;67;0;8381592;4258;0
147;18;336;23;16;57;64;4.00;7;2;1;78;0;8381764;4926;0
147;18;336;23;16;59;37;23.40;3;1;5;81;0;8381937;515;0
147;18;336;23;17;4;99;4.60;6;2;1;77;0;8382499;1075;0
147;18;336;23;17;5;99;4.00;3;1;1;86;0;8382599;558;0
147;18;336;23;17;17;99;10.80;6;2;2;77;0;8383799;1278;0
147;18;336;23;17;19;1;3.80;7;2;1;74;0;8383901;2118;0
147;18;336;23;17;20;15;3.60;6;2;1;76;0;8384015;165;0
147;18;336;23;17;20;44;3.60;7;2;1;75;0;8384044;124;0
147;18;336;23;17;22;11;4.20;6;2;1;89;0;8384211;178;0
147;18;336;23;17;22;4;3.60;7;2;1;74;0;8384204;142;0
147;18;336;23;17;26;99;3.60;8;2;1;77;0;8384699;6073;0
147;18;336;23;17;34;9;4.00;7;2;1;79;0;8385409;1187;0
147;18;336;23;17;35;99;3.40;6;2;1;62;0;8385599;1371;0
147;18;336;23;17;38;47;3.60;6;2;1;74;0;8385847;228;0
147;18;336;23;17;42;99;3.00;6;2;1;72;0;8386299;434;0
147;18;336;23;17;44;99;3.60;2;1;1;88;0;8386499;4888;0
147;18;336;23;17;50;99;3.40;2;1;1;86;0;8387099;585;0
147;18;336;23;17;52;8;3.60;4;1;1;86;0;8387208;10540;0
147;18;336;23;17;52;18;4.00;1;1;1;88;0;8387218;31535;0
147;18;336;23;17;59;91;3.60;7;2;1;76;0;8387991;2563;0
147;18;336;23;18;0;7;3.20;3;1;1;76;0;8388007;5391;0
147;18;336;23;18;0;99;3.60;2;1;1;78;0;8388099;985;0
147;18;336;23;18;1;0;4.40;4;1;1;86;0;8388100;876;0
147;18;336;23;18;1;67;3.80;7;2;1;74;0;8388167;158;0
147;18;336;23;18;2;99;3.20;6;2;1;76;0;8388299;1985;0
147;18;336;23;18;2;99;3.00;3;1;1;77;0;8388299;276;0
147;18;336;23;18;4;19;4.00;8;2;1;84;0;8388419;3703;0
147;18;336;23;18;6;20;4.00;7;2;1;84;0;8388620;434;0
147;18;336;23;18;7;99;3.80;6;2;1;80;0;8388799;484;0
147;18;336;23;18;8;99;4.00;7;2;1;85;0;8388899;261;0
147;18;336;23;18;13;99;20.40;7;2;5;85;0;8389399;483;0
147;18;336;23;18;29;22;3.60;6;2;1;78;0;8390922;2105;0
147;18;336;23;18;31;99;3.20;6;2;1;84;0;8391199;260;0
147;18;336;23;18;31;12;3.80;7;2;1;83;0;8391112;1626;0
147;18;336;23;18;34;0;4.60;3;1;1;76;0;8391400;3086;0
147;18;336;23;18;49;9;3.80;6;2;1;80;0;8392909;1696;0
147;18;336;23;18;50;73;4.40;7;2;1;75;0;8393073;1944;0
147;18;336;23;18;50;99;3.80;6;2;1;80;0;8393099;172;0
147;18;336;23;18;51;99;3.60;3;1;1;77;0;8393199;1777;0
147;18;336;23;18;55;62;3.20;6;2;1;83;0;8393562;445;0
147;18;336;23;18;55;63;3.00;2;1;1;77;0;8393563;5447;0
147;18;336;23;18;57;99;3.60;6;2;1;82;0;8393799;223;0
147;18;336;23;18;57;34;3.60;2;1;1;76;0;8393734;156;0
147;18;336;23;19;2;1;4.00;3;1;1;81;0;8394201;985;0
147;18;336;23;19;7;1;5.60;7;2;1;77;0;8394701;1606;0
147;18;336;23;19;8;99;3.60;2;1;1;80;0;8394899;1147;0
147;18;336;23;19;10;78;3.40;6;2;1;80;0;8395078;1263;0
147;18;336;23;19;11;99;3.80;8;2;1;97;0;8395199;6762;0
147;18;336;23;19;13;90;3.40;3;1;1;78;0;8395390;1171;0
147;18;336;23;19;19;99;3.40;6;2;1;75;0;8395999;905;0
147;18;336;23;19;21;11;4.00;7;2;1;86;0;8396111;1383;0
147;18;336;23;19;23;2;3.40;1;1;1;77;0;8396302;9067;0
147;18;336;23;19;25;0;3.80;7;2;1;85;0;8396500;372;0
147;18;336;23;19;30;8;3.60;6;2;1;79;0;8397008;992;0
147;18;336;23;19;34;99;3.80;8;2;1;89;0;8397499;2285;0
147;18;336;23;19;38;0;3.60;2;1;1;77;0;8397800;2884;0
147;18;336;23;19;38;7;3.40;6;2;1;75;0;8397807;782;0
147;18;336;23;19;40;99;3.80;6;2;1;85;0;8398099;275;0
147;18;336;23;19;50;19;3.00;6;2;1;91;0;8399019;903;0
147;18;336;23;19;56;33;3.80;7;2;1;79;0;8399633;3116;0
147;18;336;23;20;0;99;3.60;6;2;1;76;0;8400099;1068;0
147;18;336;23;20;4;50;4.00;6;2;1;83;0;8400450;333;0
147;18;336;23;20;15;3;3.60;6;2;1;87;0;8401503;1035;0
147;18;336;23;20;20;99;3.20;6;2;1;84;0;8402099;581;0
147;18;336;23;20;26;99;3.80;2;1;1;86;0;8402699;4882;0
147;18;336;23;20;29;58;24.00;3;1;5;78;0;8402958;7552;0
147;18;336;23;20;32;60;4.00;2;1;1;88;0;8403260;545;0
147;18;336;23;20;34;99;3.80;6;2;1;81;0;8403499;1386;0
147;18;336;23;20;43;26;3.20;6;2;1;76;0;8404326;810;0
147;18;336;23;20;48;97;3.80;7;2;1;84;0;8404897;5246;0
147;18;336;23;20;48;99;3.80;6;2;1;78;0;8404899;557;0
147;18;336;23;20;49;99;3.00;3;1;1;79;0;8404999;1930;0
147;18;336;23;20;52;12;3.40;6;2;1;79;0;8405212;295;0
147;18;336;23;20;53;11;3.80;3;1;1;80;0;8405311;298;0
147;18;336;23;20;57;99;3.20;6;2;1;85;0;8405799;571;0
147;18;336;23;20;59;17;3.20;3;1;1;76;0;8405917;588;0
147;18;336;23;21;1;99;3.40;6;2;1;80;0;8406199;386;0
147;18;336;23;21;2;99;3.00;6;2;1;79;0;8406299;84;0
147;18;336;23;21;2;15;3.60;7;2;1;74;0;8406215;1301;0
147;18;336;23;21;5;9;4.00;5;2;1;98;0;8406509;33496;0
147;18;336;23;21;6;99;3.80;6;2;1;76;0;8406699;386;0
147;18;336;23;21;9;5;3.60;6;2;1;85;0;8406905;188;0
147;18;336;23;21;13;2;3.60;7;2;1;79;0;8407302;1069;0
147;18;336;23;21;13;91;3.40;6;2;1;79;0;8407391;470;0
147;18;336;23;21;15;15;3.40;6;2;1;76;0;8407515;108;0
147;18;336;23;21;16;26;3.80;2;1;1;80;0;8407626;4349;0
147;18;336;23;21;17;99;3.00;3;1;1;75;0;8407799;1866;0
147;18;336;23;21;18;6;3.60;6;2;1;81;0;8407806;274;0
147;18;336;23;21;22;13;3.40;3;1;1;86;0;8408213;399;0
147;18;336;23;21;22;99;3.40;6;2;1;78;0;8408299;477;0
147;18;336;23;21;25;99;3.00;3;1;1;75;0;8408599;371;0
147;18;336;23;21;27;99;4.40;3;1;1;83;0;8408799;185;0
147;18;336;23;21;28;99;3.40;6;2;1;77;0;8408899;584;0
147;18;336;23;21;30;11;3.40;2;1;1;77;0;8409011;1367;0
147;18;336;23;21;31;43;3.60;3;1;1;76;0;8409143;324;0
147;18;336;23;21;35;24;3.20;2;1;1;77;0;8409524;497;0
147;18;336;23;21;35;99;3.60;6;2;1;77;0;8409599;684;0
147;18;336;23;21;41;72;3.40;6;2;1;73;0;8410172;556;0
147;18;336;23;21;44;26;2.80;6;2;1;75;0;8410426;237;0
147;18;336;23;21;44;99;4.00;8;2;1;67;0;8410499;12984;0
147;18;336;23;21;45;99;3.80;7;2;1;76;0;8410599;3280;0
147;18;336;23;21;45;99;3.80;5;2;1;84;0;8410599;4075;0
147;18;336;23;21;46;0;4.00;6;2;1;79;0;8410600;160;0
147;18;336;23;21;46;13;4.20;7;2;1;76;0;8410613;-1;0
147;18;336;23;21;49;99;4.00;6;2;1;80;0;8410999;380;0
147;18;336;23;21;51;9;4.20;2;1;1;71;0;8411109;1570;0
147;18;336;23;21;52;82;15.40;7;2;4;79;0;8411282;649;0
147;18;336;23;21;53;0;3.60;2;1;1;81;0;8411300;169;0
147;18;336;23;21;53;99;3.60;6;2;1;89;0;8411399;382;0
147;18;336;23;21;54;46;3.80;2;1;1;70;0;8411446;130;0
147;18;336;23;21;55;14;3.80;5;2;1;83;0;8411514;898;0
147;18;336;23;21;56;1;3.40;2;1;1;68;0;8411601;135;0
147;18;336;23;21;58;7;3.60;2;1;1;70;0;8411807;188;8411109
147;18;336;23;22;5;99;3.20;6;2;1;76;0;8412599;1185;0
147;18;336;23;22;6;99;3.80;7;2;1;81;0;8412699;1346;0
147;18;336;23;22;10;13;3.80;8;2;1;90;0;8413013;2492;0
147;18;336;23;22;15;99;3.40;6;2;1;76;0;8413599;984;0
147;18;336;23;22;18;3;4.00;7;2;1;81;0;8413803;1087;0
147;18;336;23;22;20;99;3.60;6;2;1;86;0;8414099;483;0
147;18;336;23;22;20;99;4.20;7;2;1;81;0;8414099;278;0
147;18;336;23;22;24;19;3.80;2;1;1;77;0;8414419;2593;0
147;18;336;23;22;27;18;3.40;7;2;1;67;0;8414718;600;0
147;18;336;23;22;27;45;4.00;6;2;1;91;0;8414745;630;0
147;18;336;23;22;27;16;16.60;3;1;4;79;0;8414716;5555;0
147;18;336;23;22;29;99;3.60;7;2;1;75;0;8414999;262;0
147;18;336;23;22;40;63;3.20;6;2;1;72;0;8416063;1302;0
147;18;336;23;22;42;99;3.60;3;1;1;87;0;8416299;1507;0
147;18;336;23;22;48;61;3.20;7;2;1;81;0;8416861;1844;0
147;18;336;23;22;52;3;3.40;7;2;1;71;0;8417203;327;0
147;18;336;23;22;53;81;3.60;6;2;1;76;0;8417381;1302;0
147;18;336;23;22;53;90;3.40;7;2;1;70;0;8417390;169;0
147;18;336;23;22;55;99;3.80;7;2;1;82;0;8417599;191;0
147;18;336;23;22;55;43;3.40;5;2;1;83;0;8417543;6012;0
147;18;336;23;22;56;23;3.60;6;2;1;77;0;8417623;224;0
147;18;336;23;22;57;26;3.20;2;1;1;83;0;8417726;3289;0
147;18;336;23;23;3;42;3.80;6;2;1;81;0;8418342;702;0
147;18;336;23;23;12;99;3.00;3;1;1;95;0;8419299;2985;0
147;18;336;23;23;13;14;3.60;6;2;1;78;0;8419314;955;0
147;18;336;23;23;15;99;4.00;2;1;1;82;0;8419599;1859;0
147;18;336;23;23;17;99;4.00;8;2;1;73;0;8419799;6770;0
147;18;336;23;23;22;15;3.60;1;1;1;78;0;8420215;23897;0
147;18;336;23;23;22;99;3.40;6;2;1;90;0;8420299;968;0
147;18;336;23;23;30;99;3.60;3;1;1;82;0;8421099;1788;0
147;18;336;23;23;31;17;3.00;1;1;1;90;0;8421117;885;0
147;18;336;23;23;35;99;3.20;7;2;1;77;0;8421599;3983;0
147;18;336;23;23;38;30;3.00;3;1;1;82;0;8421830;715;0
147;18;336;23;23;42;99;3.80;6;2;1;83;0;8422299;1986;0
147;18;336;23;23;43;99;4.40;7;2;1;74;0;8422399;785;0
147;18;336;23;23;46;99;3.40;6;2;1;80;0;8422699;383;0
147;18;336;23;23;48;99;3.80;6;2;1;77;0;8422899;184;0
147;18;336;23;23;50;20;3.60;6;2;1;78;0;8423020;103;0
147;18;336;23;23;53;99;3.80;7;2;1;78;0;8423399;978;0
147;18;336;23;24;3;99;3.80;3;1;1;69;0;8424399;2555;0
147;18;336;23;24;6;99;3.60;7;2;1;69;0;8424699;1282;0
147;18;336;23;24;11;28;3.60;3;1;1;85;0;8425128;709;0
147;18;336;23;24;15;99;3.80;2;1;1;88;0;8425599;5982;0
147;18;336;23;24;20;94;3.60;6;2;1;81;0;8426094;3057;0
147;18;336;23;24;29;99;4.00;7;2;1;82;0;8426999;2281;0
147;18;336;23;24;31;99;3.80;4;1;1;84;0;8427199;39080;0
147;18;336;23;24;32;13;3.40;5;2;1;88;0;8427213;9655;0
147;18;336;23;24;32;9;3.40;2;1;1;78;0;8427209;1594;0
147;18;336;23;24;33;17;4.00;2;1;1;86;0;8427317;92;0
147;18;336;23;24;35;1;3.60;6;2;1;77;0;8427501;1391;0
147;18;336;23;24;37;23;3.80;6;2;1;80;0;8427723;205;0
147;18;336;23;24;44;99;3.80;6;2;1;72;0;8428499;758;0
147;18;336;23;24;47;99;3.20;2;1;1;82;0;8428799;1465;0
147;18;336;23;24;47;99;3.40;6;2;1;76;0;8428799;281;0
147;18;336;23;24;54;99;3.80;6;2;1;84;0;8429499;683;0
147;18;336;23;24;59;7;3.40;6;2;1;74;0;8429907;391;0
147;18;336;23;25;0;4;5.40;5;2;1;77;0;8430004;2777;0
147;18;336;23;25;3;58;4.00;2;1;1;81;0;8430358;1544;0
147;18;336;23;25;5;99;3.40;6;2;1;78;0;8430599;675;0
147;18;336;23;25;6;47;3.80;2;1;1;93;0;8430647;271;0
147;18;336;23;25;7;99;3.80;6;2;1;78;0;8430799;184;0
147;18;336;23;25;7;99;3.80;3;1;1;76;0;8430799;5655;0
147;18;336;23;25;11;70;3.80;5;2;1;81;0;8431170;1140;0
147;18;336;23;25;12;24;3.60;7;2;1;78;0;8431224;4207;0
147;18;336;23;25;12;27;3.40;6;2;1;79;0;8431227;410;0
147;18;336;23;25;15;99;3.80;7;2;1;86;0;8431599;358;0
147;18;336;23;25;16;23;3.20;6;2;1;76;0;8431623;380;0
147;18;336;23;25;17;99;4.00;6;2;1;78;0;8431799;160;0
147;18;336;23;25;21;2;3.80;7;2;1;86;0;8432102;487;0
147;18;336;23;25;24;7;3.60;6;2;1;75;0;8432407;589;0
147;18;336;23;25;24;93;3.80;3;1;1;85;0;8432493;1676;0
147;18;336;23;25;33;99;3.60;7;2;1;80;0;8433399;1281;0
147;18;336;23;25;37;23;3.00;6;2;1;80;0;8433723;1298;0
147;18;336;23;25;48;11;3.80;2;1;1;80;0;8434811;4149;0
147;18;336;23;25;49;33;3.80;3;1;1;83;0;8434933;2423;0
147;18;336;23;25;49;40;3.80;7;2;1;78;0;8434940;1524;0
147;18;336;23;25;51;99;3.20;6;2;1;78;0;8435199;1462;0
147;18;336;23;26;0;99;4.00;7;2;1;83;0;8436099;1141;0
147;18;336;23;26;0;99;3.60;6;2;1;81;0;8436099;885;0
147;18;336;23;26;6;21;3.20;3;1;1;75;0;8436621;1671;0
147;18;336;23;26;12;26;3.20;3;1;1;80;0;8437226;589;0
147;18;336;23;26;17;99;3.60;6;2;1;82;0;8437799;1684;0
147;18;336;23;26;32;99;3.80;7;2;1;84;0;8439299;3182;0
147;18;336;23;26;36;99;3.20;6;2;1;81;0;8439699;1884;0
147;18;336;23;26;43;1;3.40;7;2;1;109;0;8440301;985;0
147;18;336;23;26;43;43;4.00;2;1;1;92;0;8440343;5514;0
147;18;336;23;26;43;38;3.20;6;2;1;77;0;8440338;624;0
147;18;336;23;26;49;97;3.80;7;2;1;77;0;8440997;684;0
147;18;336;23;26;52;99;3.60;2;1;1;86;0;8441299;940;0
147;18;336;23;26;58;99;3.60;6;2;1;74;0;8441899;1546;0
147;18;336;23;26;58;99;3.60;3;1;1;74;0;8441899;4658;0
147;18;336;23;26;59;99;4.40;7;2;1;77;0;8441999;984;0
147;18;336;23;27;0;99;3.40;7;2;1;73;0;8442099;79;0
147;18;336;23;27;10;99;3.60;6;2;1;81;0;8443099;1182;0
147;18;336;23;27;20;99;5.00;6;2;1;76;0;8444099;984;0
147;18;336;23;27;21;99;4.80;6;2;1;75;0;8444199;76;0
147;18;336;23;27;25;99;3.80;7;2;1;85;0;8444599;2483;0
147;18;336;23;27;31;99;3.60;2;1;1;78;0;8445199;3884;0
147;18;336;23;27;33;25;3.40;3;1;1;80;0;8445325;3408;0
147;18;336;23;27;37;24;3.40;7;2;1;80;0;8445724;1108;0
147;18;336;23;27;38;9;3.60;4;1;1;89;0;8445809;18593;0
147;18;336;23;27;38;99;3.60;3;1;1;71;0;8445899;558;0
147;18;336;23;27;40;19;3.20;7;2;1;83;0;8446019;279;0
147;18;336;23;27;42;55;3.40;3;1;1;82;0;8446255;337;0
147;18;336;23;27;42;83;3.20;6;2;1;83;0;8446283;2060;0
147;18;336;23;27;44;7;3.00;3;1;1;77;0;8446407;137;0
147;18;336;23;27;45;1;3.60;6;2;1;84;0;8446501;204;0
147;18;336;23;27;48;99;5.00;7;2;1;83;0;8446899;866;0
147;18;336;23;27;49;4;3.60;4;1;1;84;0;8446904;1080;0
147;18;336;23;27;49;99;11.40;3;1;2;79;0;8446999;577;0
147;18;336;23;27;50;3;3.80;2;1;1;89;0;8447003;1787;0
147;18;336;23;27;57;18;3.60;7;2;1;74;0;8447718;797;0
147;18;336;23;28;5;27;3.80;6;2;1;79;0;8448527;2010;0
147;18;336;23;28;6;99;3.80;2;1;1;76;0;8448699;1680;0
147;18;336;23;28;12;99;3.80;3;1;1;82;0;8449299;2248;0
147;18;336;23;28;13;99;4.00;6;2;1;78;0;8449399;854;0
147;18;336;23;28;18;89;3.80;7;2;1;78;0;8449889;2153;0
147;18;336;23;28;19;99;3.80;4;1;1;81;0;8449999;3079;0
147;18;336;23;28;20;99;3.60;3;1;1;73;0;8450099;783;0
147;18;336;23;28;22;99;3.40;3;1;1;73;0;8450299;182;0
147;18;336;23;28;28;43;3.20;7;2;1;80;0;8450843;936;0
147;18;336;23;28;31;63;3.40;2;1;1;85;0;8451163;2446;0
147;18;336;23;28;32;99;3.40;6;2;1;80;0;8451299;1881;0
147;18;336;23;28;32;99;3.80;7;2;1;76;0;8451299;441;0
147;18;336;23;28;38;99;3.60;6;2;1;74;0;8451899;584;0
147;18;336;23;28;40;11;3.80;6;2;1;75;0;8452011;94;0
147;18;336;23;28;50;99;3.40;3;1;1;75;0;8453099;2783;0
147;18;336;23;28;56;39;3.60;3;1;1;64;0;8453639;523;0
147;18;336;23;28;58;99;3.60;1;1;1;68;0;8453899;32770;0
147;18;336;23;29;0;99;4.40;2;1;1;101;0;8454099;2921;0
147;18;336;23;29;1;23;3.80;3;1;1;87;0;8454123;463;0
147;18;336;23;29;3;99;5.00;1;1;1;93;0;8454399;480;0
147;18;336;23;29;4;99;3.40;3;1;1;89;0;8454499;360;0
147;18;336;23;29;7;17;3.60;6;2;1;80;0;8454717;2687;0
147;18;336;23;29;7;73;4.00;7;2;1;80;0;8454773;3456;0
147;18;336;23;29;9;48;3.20;6;2;1;79;0;8454948;214;0
147;18;336;23;29;11;99;3.20;3;1;1;78;0;8455199;686;0
147;18;336;23;29;14;14;3.40;7;2;1;83;0;8455414;623;0
147;18;336;23;29;16;99;3.60;6;2;1;83;0;8455699;736;0
147;18;336;23;29;18;99;3.60;8;2;1;78;0;8455899;36080;0
147;18;336;23;29;27;82;3.80;6;2;1;80;0;8456782;1067;0
147;18;336;23;29;29;2;3.20;7;2;1;83;0;8456902;1473;0
147;18;336;23;29;30;99;3.80;7;2;1;79;0;8457099;183;0
147;18;336;23;29;31;99;4.00;2;1;1;77;0;8457199;3084;0
147;18;336;23;29;31;99;3.80;4;1;1;80;0;8457199;7183;0
147;18;336;23;29;32;28;3.60;3;1;1;79;0;8457228;2014;0
147;18;336;23;29;34;99;4.00;2;1;1;81;0;8457499;281;0
147;18;336;23;29;40;5;3.80;3;1;1;78;0;8458005;760;0
147;18;336;23;29;40;99;3.60;2;1;1;79;0;8458099;582;0
147;18;336;23;29;42;9;4.00;2;1;1;82;0;8458209;93;0
147;18;336;23;29;43;99;3.40;7;2;1;80;0;8458399;1282;0
147;18;336;23;29;44;4;4.00;7;2;1;87;0;8458404;-1;0
147;18;336;23;29;57;99;4.00;1;1;1;73;0;8459799;5380;0
147;18;336;23;30;0;31;4.00;6;2;1;77;0;8460031;3231;0
147;18;336;23;30;3;86;3.40;6;2;1;82;0;8460386;336;0
147;18;336;23;30;6;6;3.40;6;2;1;80;0;8460606;205;0
147;18;336;23;30;9;99;4.00;2;1;1;75;0;8460999;2772;0
147;18;336;23;30;10;17;3.80;6;2;1;83;0;8461017;395;0
147;18;336;23;30;12;99;3.80;5;2;1;94;0;8461299;30112;0
147;18;336;23;30;13;47;12.00;6;2;4;82;0;8461347;313;0
147;18;336;23;30;15;16;3.60;7;2;1;80;0;8461516;3095;0
147;18;336;23;30;18;24;4.00;2;1;1;83;0;8461824;805;0
147;18;336;23;30;21;75;4.00;4;1;1;123;0;8462175;4958;0
147;18;336;23;30;21;99;4.00;3;1;1;133;0;8462199;4176;0
147;18;336;23;30;21;97;3.60;6;2;1;82;0;8462197;797;0
147;18;336;23;30;22;99;3.60;2;1;1;81;0;8462299;457;0
147;18;336;23;30;23;10;3.20;6;2;1;81;0;8462310;97;0
147;18;336;23;30;26;99;3.40;7;2;1;72;0;8462699;1166;0
147;18;336;23;30;29;84;3.60;1;1;1;70;0;8462984;3165;0
147;18;336;23;30;31;19;3.60;6;2;1;76;0;8463119;794;0
147;18;336;23;30;32;99;3.80;5;2;1;81;0;8463299;1985;0
147;18;336;23;30;33;99;3.80;7;2;1;88;0;8463399;683;0
147;18;336;23;30;33;13;3.40;6;2;1;87;0;8463313;176;0
147;18;336;23;30;37;99;3.60;6;2;1;84;0;8463799;471;0
147;18;336;23;30;37;99;3.20;2;1;1;76;0;8463799;1484;0
147;18;336;23;30;39;99;3.20;3;1;1;82;0;8463999;1789;0
147;18;336;23;30;47;99;3.80;3;1;1;89;0;8464799;785;0
147;18;336;23;30;48;99;3.60;2;1;1;77;0;8464899;1084;0
147;18;336;23;30;52;11;3.60;2;1;1;78;0;8465211;295;0
147;18;336;23;30;52;99;3.60;6;2;1;76;0;8465299;1484;0
147;18;336;23;30;54;73;3.40;6;2;1;86;0;8465473;156;0
147;18;336;23;30;55;13;3.80;8;2;1;70;0;8465513;9597;0
147;18;336;23;30;58;99;3.80;7;2;1;78;0;8465899;2484;0
147;18;336;23;30;59;11;7.00;2;1;2;85;0;8465911;683;0
147;18;336;23;31;7;86;3.20;1;1;1;78;0;8466786;3783;0
147;18;336;23;31;9;35;3.60;7;2;1;72;0;8466935;1018;0
147;18;336;23;31;11;99;3.60;6;2;1;69;0;8467199;1711;0
147;18;336;23;31;12;72;3.40;3;1;1;76;0;8467272;2457;0
147;18;336;23;31;13;2;3.80;6;2;1;70;0;8467302;84;0
147;18;336;23;31;13;99;4.00;5;2;1;84;0;8467399;4083;0
147;18;336;23;31;15;99;3.40;6;2;1;80;0;8467599;277;0
147;18;336;23;31;24;12;3.60;2;1;1;83;0;8468412;2471;0
147;18;336;23;31;35;22;3.80;6;2;1;77;0;8469522;1907;0
147;18;336;23;31;35;50;3.80;7;2;1;83;0;8469550;2597;0
147;18;336;23;31;36;99;3.80;7;2;1;82;0;8469699;132;0
147;18;336;23;31;39;99;4.00;2;1;1;89;0;8469999;1571;0
147;18;336;23;31;44;99;3.60;2;1;1;85;0;8470499;483;0
147;18;336;23;31;45;77;3.60;6;2;1;78;0;8470577;1037;0
147;18;336;23;31;49;3;3.40;8;2;1;70;0;8470903;5370;0
147;18;336;23;31;54;18;3.60;2;1;1;84;0;8471418;903;0
147;18;336;23;31;55;0;3.80;6;2;1;81;0;8471500;906;0
147;18;336;23;31;57;1;3.80;7;2;1;89;0;8471701;1985;0
147;18;336;23;31;58;22;3.80;7;2;1;87;0;8471822;105;0
147;18;336;23;32;0;20;3.60;7;2;1;78;0;8472020;182;0
147;18;336;23;32;3;20;4.20;6;2;1;87;0;8472320;803;0
147;18;336;23;32;6;99;4.00;2;1;1;96;0;8472699;1265;0
147;18;336;23;32;21;5;3.40;6;2;1;74;0;8474105;1767;0
147;18;336;23;32;21;39;3.80;7;2;1;79;0;8474139;2102;0
147;18;336;23;32;22;17;4.00;3;1;1;86;0;8474217;6928;0
147;18;336;23;32;23;99;6.00;6;2;1;77;0;8474399;277;0
147;18;336;23;32;26;33;3.60;3;1;1;65;0;8474633;399;0
147;18;336;23;32;30;99;4.00;6;2;1;84;0;8475099;671;0
147;18;336;23;32;38;99;3.00;3;1;1;80;0;8475899;1246;0
147;18;336;23;32;55;99;4.60;3;1;1;76;0;8477599;1686;0
147;18;336;23;32;59;17;3.60;4;1;1;78;0;8477917;15730;0
147;18;336;23;33;0;12;3.60;7;2;1;82;0;8478012;3855;0
147;18;336;23;33;0;77;9.00;3;1;6;70;0;8478077;456;0
147;18;336;23;33;0;99;3.40;6;2;1;75;0;8478099;2982;0
147;18;336;23;33;3;99;4.40;3;1;1;77;0;8478399;275;0
147;18;336;23;33;3;99;3.40;6;2;1;79;0;8478399;283;0
147;18;336;23;33;13;99;3.20;6;2;1;80;0;8479399;984;0
147;18;336;23;33;16;20;3.00;6;2;1;78;0;8479620;206;0
147;18;336;23;33;17;22;4.00;6;2;1;80;0;8479722;88;0
147;18;336;23;33;16;72;23.20;7;2;5;72;0;8479672;1644;0
147;18;336;23;33;18;99;3.60;2;1;1;76;0;8479899;7185;0
147;18;336;23;33;19;4;5.00;5;2;1;81;0;8479904;12487;0
147;18;336;23;33;19;99;3.20;6;2;1;77;0;8479999;259;0
147;18;336;23;33;20;14;3.40;6;2;1;80;0;8480014;0;0
147;18;336;23;33;26;99;3.80;6;2;1;79;0;8480699;669;0
147;18;336;23;33;44;99;3.40;6;2;1;79;0;8482499;1782;0
147;18;336;23;33;51;14;3.80;7;2;1;84;0;8483114;3326;0
147;18;336;23;33;54;99;3.60;2;1;1;79;0;8483499;3582;0
147;18;336;23;34;3;38;3.80;6;2;1;77;0;8484338;1823;0
147;18;336;23;34;10;99;3.60;2;1;1;80;0;8485099;1583;0
147;18;336;23;34;14;64;4.00;7;2;1;82;0;8485464;2333;0
147;18;336;23;34;23;99;4.00;3;1;1;79;0;8486399;7979;0
147;18;336;23;34;23;99;3.60;8;2;1;71;0;8486399;15478;0
147;18;336;23;34;27;81;5.00;2;1;1;80;0;8486781;1665;0
147;18;336;23;34;27;99;3.40;8;2;1;67;0;8486799;381;0
147;18;336;23;34;30;99;3.60;2;1;1;78;0;8487099;295;0
147;18;336;23;34;30;99;3.40;6;2;1;81;0;8487099;2743;0
147;18;336;23;34;31;17;3.20;3;1;1;78;0;8487117;699;0
147;18;336;23;34;38;99;3.80;6;2;1;90;0;8487899;784;0
147;18;336;23;34;40;99;4.00;7;2;1;89;0;8488099;2617;0
147;18;336;23;34;41;4;4.40;3;1;1;82;0;8488104;972;0
147;18;336;23;34;51;99;4.00;6;2;1;80;0;8489199;1284;0
147;18;336;23;34;57;79;3.40;2;1;1;77;0;8489779;2663;0
147;18;336;23;34;57;77;3.60;7;2;1;71;0;8489777;1661;0
147;18;336;23;35;15;79;3.60;6;2;1;80;0;8491579;2362;0
147;18;336;23;35;28;28;3.40;7;2;1;81;0;8492828;3032;0
147;18;336;23;35;38;44;3.40;6;2;1;78;0;8493844;2248;0
147;18;336;23;35;40;15;3.40;5;2;1;81;0;8494015;14088;0
147;18;336;23;35;41;0;3.60;2;1;1;69;0;8494100;4305;0
147;18;336;23;35;41;76;3.60;6;2;1;80;0;8494176;316;0
147;18;336;23;35;42;99;3.80;6;2;1;82;0;8494299;106;0
147;18;336;23;35;46;85;3.40;3;1;1;67;0;8494685;6561;0
147;18;336;23;35;51;77;3.60;6;2;1;78;0;8495177;861;0
147;18;336;23;35;52;6;3.80;2;1;1;89;0;8495206;1087;0
147;18;336;23;35;57;25;3.40;2;1;1;77;0;8495725;503;0
147;18;336;23;35;59;93;4.60;2;1;1;79;0;8495993;252;0
147;18;336;23;36;1;40;3.60;1;1;1;73;0;8496140;29339;0
147;18;336;23;36;7;99;3.60;3;1;1;86;0;8496799;2095;0
147;18;336;23;36;10;99;4.00;2;1;1;85;0;8497099;1085;0
147;18;336;23;36;14;34;3.60;3;1;1;77;0;8497434;619;0
147;18;336;23;36;15;12;3.60;2;1;1;81;0;8497512;396;0
147;18;336;23;36;15;99;4.60;1;1;1;85;0;8497599;1441;0
147;18;336;23;36;23;99;3.60;6;2;1;84;0;8498399;3205;0
147;18;336;23;36;41;21;3.80;8;2;1;76;0;8500121;13303;0
147;18;336;23;36;40;85;3.60;3;1;1;81;0;8500085;2634;0
147;18;336;23;36;42;59;4.00;2;1;1;82;0;8500259;2731;0
147;18;336;23;36;43;6;3.80;6;2;1;74;0;8500306;1891;0
147;18;336;23;36;44;13;3.20;3;1;1;80;0;8500413;312;0
147;18;336;23;36;44;22;4.80;7;2;1;82;0;8500422;7578;0
147;18;336;23;36;46;99;5.20;7;2;1;84;0;8500699;255;0
147;18;336;23;36;48;99;3.80;2;1;1;79;0;8500899;622;0
147;18;336;23;36;49;11;3.20;8;2;1;82;0;8500911;772;0
147;18;336;23;36;54;99;3.40;6;2;1;93;0;8501499;1174;0
147;18;336;23;36;57;99;3.20;3;1;1;82;0;8501799;1371;0
147;18;336;23;37;3;93;4.00;6;2;1;87;0;8502393;880;0
147;18;336;23;37;4;99;3.80;6;2;1;78;0;8502499;89;0
147;18;336;23;37;13;77;3.80;6;2;1;80;0;8503377;860;0
147;18;336;23;37;13;84;3.00;3;1;1;78;0;8503384;1570;0
147;18;336;23;37;22;99;3.20;4;1;1;92;0;8504299;26365;0
147;18;336;23;37;23;76;3.40;6;2;1;73;0;8504376;981;0
147;18;336;23;37;40;32;3.60;3;1;1;116;0;8506032;2634;0
147;18;336;23;37;40;99;4.20;2;1;1;116;0;8506099;5182;0
147;18;336;23;37;41;94;3.40;6;2;1;77;0;8506194;1801;0
147;18;336;23;37;42;99;4.00;7;2;1;81;0;8506299;5577;0
147;18;336;23;37;43;99;3.80;6;2;1;82;0;8506399;189;0
147;18;336;23;37;46;33;4.40;6;2;1;80;0;8506633;217;0
147;18;336;23;37;49;86;4.20;2;1;1;93;0;8506986;873;0
147;18;336;23;37;52;28;3.00;6;2;1;79;0;8507228;575;0
147;18;336;23;38;4;4;3.80;2;1;1;81;0;8508404;1401;0
147;18;336;23;38;7;15;3.60;2;1;1;78;0;8508715;294;0
147;18;336;23;38;12;99;3.60;6;2;1;79;0;8509299;2057;0
147;18;336;23;38;20;99;4.00;7;2;1;77;0;8510099;3782;0
147;18;336;23;38;23;99;2.80;6;2;1;78;0;8510399;1083;0
147;18;336;23;38;23;99;3.40;3;1;1;66;0;8510399;4355;0
147;18;336;23;38;26;13;4.00;6;2;1;83;0;8510613;201;0
147;18;336;23;38;31;99;3.40;6;2;1;82;0;8511199;568;0
147;18;336;23;38;35;99;3.60;6;2;1;80;0;8511599;385;0
147;18;336;23;38;45;89;13.80;7;2;4;84;0;8512589;2471;0
147;18;336;23;38;48;5;3.20;6;2;1;80;0;8512805;1189;0
147;18;336;23;38;49;99;3.20;7;2;1;70;0;8512999;350;0
147;18;336;23;38;49;99;3.40;3;1;1;65;0;8512999;2581;0
147;18;336;23;38;49;99;3.60;6;2;1;69;0;8512999;179;0
147;18;336;23;38;51;99;3.60;8;2;1;73;0;8513199;12273;0
147;18;336;23;39;0;64;3.80;5;2;1;85;0;8514064;20033;0
147;18;336;23;39;1;99;3.60;6;2;1;84;0;8514199;1181;0
147;18;336;23;39;6;99;3.80;3;1;1;70;0;8514699;1681;0
147;18;336;23;39;8;98;3.20;1;1;1;76;0;8514898;17279;0
147;18;336;23;39;10;99;3.60;6;2;1;76;0;8515099;884;0
147;18;336;23;39;17;99;3.60;3;1;1;69;0;8515799;1080;0
147;18;336;23;39;19;2;3.40;6;2;1;80;0;8515902;785;0
147;18;336;23;39;27;99;3.60;6;2;1;76;0;8516799;881;0
147;18;336;23;39;30;99;4.00;6;2;1;82;0;8517099;282;0
147;18;336;23;39;43;1;4.00;2;1;1;86;0;8518301;9569;0
147;18;336;23;39;46;15;3.80;2;1;1;82;0;8518615;297;0
147;18;336;23;39;47;88;6.00;6;2;1;74;0;8518788;1671;0
147;18;336;23;39;54;20;3.20;6;2;1;72;0;8519420;602;0
147;18;336;23;40;3;99;3.60;3;1;1;74;0;8520399;4581;0
147;18;336;23;40;4;65;3.80;6;2;1;79;0;8520465;1029;0
147;18;336;23;40;7;77;3.40;2;1;1;76;0;8520777;2145;0
147;18;336;23;40;14;12;3.80;3;1;1;76;0;8521412;995;0
147;18;336;23;40;15;99;3.20;6;2;1;72;0;8521599;1116;0
147;18;336;23;40;22;34;4.20;6;2;1;80;0;8522234;619;0
147;18;336;23;40;22;46;3.80;2;1;1;79;0;8522246;1452;0
147;18;336;23;40;26;99;3.60;3;1;1;82;0;8522699;1269;0
147;18;336;23;40;39;19;3.60;2;1;1;86;0;8523919;1655;0
147;18;336;23;40;45;29;3.40;2;1;1;81;0;8524529;594;0
147;18;336;23;40;48;40;3.80;1;1;1;70;0;8524840;9926;0
147;18;336;23;41;5;2;3.60;3;1;1;85;0;8526502;3787;0
147;18;336;23;41;7;99;3.40;6;2;1;76;0;8526799;4546;0
147;18;336;23;41;20;5;3.00;6;2;1;78;0;8528005;1189;0
147;18;336;23;41;22;26;3.60;2;1;1;84;0;8528226;3681;0
147;18;336;23;41;24;99;4.00;2;1;1;81;0;8528499;257;0
147;18;336;23;41;26;14;3.60;7;2;1;73;0;8528614;15598;0
147;18;336;23;41;27;99;3.40;6;2;1;75;0;8528799;780;0
147;18;336;23;41;32;87;3.00;2;1;1;58;0;8529287;770;0
147;18;336;23;41;41;99;4.00;6;2;1;80;0;8530199;1383;0
147;18;336;23;41;42;18;3.80;6;2;1;80;0;8530218;1;0
147;18;336;23;41;46;99;11.20;3;1;2;79;0;8530699;4181;0
147;18;336;23;42;11;99;3.80;6;2;1;81;0;8533199;2963;0
147;18;336;23;42;13;3;3.80;2;1;1;88;0;8533303;3997;0
147;18;336;23;42;15;16;4.00;2;1;1;89;0;8533516;197;0
147;18;336;23;42;19;99;3.60;7;2;1;79;0;8533999;5367;0
147;18;336;23;42;24;99;3.40;7;2;1;80;0;8534499;483;0
147;18;336;23;42;25;74;3.80;7;2;1;81;0;8534574;59;0
147;18;336;23;42;30;5;6.00;5;2;1;77;0;8535005;20924;0
147;18;336;23;42;30;71;3.40;1;1;1;86;0;8535071;10211;0
147;18;336;23;42;32;3;3.40;6;2;1;64;0;8535203;1987;0
147;18;336;23;42;35;62;3.80;6;2;1;80;0;8535562;339;0
147;18;336;23;42;37;99;3.60;2;1;1;76;0;8535799;2266;0
147;18;336;23;42;39;99;3.80;6;2;1;77;0;8535999;419;0
147;18;336;23;42;40;99;3.40;1;1;1;76;0;8536099;1013;0
147;18;336;23;42;46;99;3.60;3;1;1;84;0;8536699;5948;0
147;18;336;23;42;46;99;3.80;6;2;1;84;0;8536699;682;0
147;18;336;23;42;47;99;3.00;6;2;1;84;0;8536799;83;0
147;18;336;23;42;52;99;4.00;3;1;1;81;0;8537299;584;0
147;18;336;23;42;53;16;3.40;6;2;1;83;0;8537316;504;0
147;18;336;23;43;3;1;3.60;6;2;1;75;0;8538301;970;0
147;18;336;23;43;5;99;3.80;7;2;1;76;0;8538599;4008;0
147;18;336;23;43;6;57;4.80;6;2;1;76;0;8538657;338;0
147;18;336;23;43;8;99;3.80;3;1;1;76;0;8538899;1582;0
147;18;336;23;43;11;0;3.40;2;1;1;73;0;8539100;3283;0
147;18;336;23;43;13;99;4.40;8;2;1;86;0;8539399;26182;0
147;18;336;23;43;13;99;3.20;7;2;1;86;0;8539399;782;0
147;18;336;23;43;15;99;3.40;2;1;1;74;0;8539599;482;0
147;18;336;23;43;26;7;3.20;1;1;1;82;0;8540607;4491;0
147;18;336;23;43;31;99;3.60;8;2;1;76;0;8541199;1781;0
147;18;336;23;43;32;99;6.00;3;1;1;73;0;8541299;2382;0
147;18;336;23;43;34;41;3.60;6;2;1;79;0;8541441;2761;0
147;18;336;23;43;39;13;3.80;2;1;1;77;0;8541913;2297;0
147;18;336;23;43;40;99;3.20;6;2;1;78;0;8542099;641;0
147;18;336;23;43;47;68;3.40;3;1;1;80;0;8542768;1439;0
147;18;336;23;43;49;18;3.20;6;2;1;71;0;8542918;804;0
147;18;336;23;43;49;35;5.80;7;2;1;32;0;8542935;3522;0
147;18;336;23;44;1;17;3.20;2;1;1;84;0;8544117;2186;0
147;18;336;23;44;4;99;3.20;3;1;1;76;0;8544499;1715;0
147;18;336;23;44;8;25;3.60;4;1;1;97;0;8544825;40513;0
147;18;336;23;44;8;99;3.80;3;1;1;81;0;8544899;384;0
147;18;336;23;44;11;99;3.80;6;2;1;85;0;8545199;2264;0
147;18;336;23;44;13;4;3.60;1;1;1;75;0;8545304;4682;0
147;18;336;23;44;15;24;3.20;6;2;1;80;0;8545524;308;0
147;18;336;23;44;18;61;3.60;6;2;1;82;0;8545861;322;0
147;18;336;23;44;23;60;3.80;7;2;1;81;0;8546360;3359;0
147;18;336;23;44;26;19;4.00;7;2;1;80;0;8546619;242;0
147;18;336;23;44;34;9;4.00;2;1;1;82;0;8547409;3278;0
147;18;336;23;44;35;0;3.60;7;2;1;85;0;8547500;863;0
147;18;336;23;44;35;99;3.80;2;1;1;83;0;8547599;172;0
147;18;336;23;44;39;99;3.80;2;1;1;107;0;8547999;383;0
147;18;336;23;44;41;32;11.80;2;1;2;90;0;8548132;120;0
147;18;336;23;44;43;61;3.60;1;1;1;76;0;8548361;3039;0
147;18;336;23;44;48;25;3.60;7;2;1;78;0;8548825;1309;0
147;18;336;23;44;52;99;3.80;2;1;1;78;0;8549299;1119;0
147;18;336;23;45;0;99;4.00;7;2;1;85;0;8550099;1257;0
147;18;336;23;45;12;99;3.60;2;1;1;58;0;8551299;1982;0
147;18;336;23;45;18;0;3.20;3;1;1;89;0;8551800;6884;0
147;18;336;23;45;32;40;4.00;7;2;1;88;0;8553240;3124;0
147;18;336;23;45;32;72;2.80;3;1;1;79;0;8553272;1459;0
147;18;336;23;45;37;23;4.00;7;2;1;84;0;8553723;466;0
147;18;336;23;45;44;99;4.00;6;2;1;79;0;8554499;8622;0
147;18;336;23;45;44;1;3.80;7;2;1;89;0;8554401;660;0
147;18;336;23;45;54;99;3.20;2;1;1;73;0;8555499;4177;0
147;18;336;23;45;54;99;3.60;6;2;1;74;0;8555499;981;0
147;18;336;23;45;56;99;3.40;2;1;1;72;0;8555699;184;0
147;18;336;23;46;6;99;4.00;6;2;1;80;0;8556699;1182;0
147;18;336;23;46;8;28;3.80;5;2;1;88;0;8556828;21794;0
147;18;336;23;46;9;99;4.00;3;1;1;85;0;8556999;3714;0
147;18;336;23;46;13;57;3.40;6;2;1;76;0;8557357;640;0
147;18;336;23;46;15;41;4.20;3;1;1;80;0;8557541;525;0
147;18;336;23;46;16;99;3.80;2;1;1;91;0;8557699;1983;0
147;18;336;23;46;21;78;4.00;2;1;1;77;0;8558178;463;0
147;18;336;23;46;23;14;3.00;6;2;1;85;0;8558314;940;0
147;18;336;23;46;29;99;4.00;2;1;1;97;0;8558999;802;0
147;18;336;23;46;30;26;5.20;5;2;1;100;0;8559026;2182;0
147;18;336;23;46;30;99;4.40;6;2;1;69;0;8559099;772;0
147;18;336;23;46;32;3;3.60;6;2;1;74;0;8559203;81;0
147;18;336;23;46;32;99;3.60;5;2;1;77;0;8559299;254;0
147;18;336;23;46;33;6;3.60;7;2;1;72;0;8559306;4889;0
147;18;336;23;46;49;14;3.80;3;1;1;88;0;8560914;3354;0
147;18;336;23;47;3;99;4.60;7;2;1;83;0;8562399;3075;0
147;18;336;23;47;4;15;3.80;5;2;1;90;0;8562415;3099;0
147;18;336;23;47;4;11;4.00;6;2;1;76;0;8562411;3190;0
147;18;336;23;47;6;99;3.40;6;2;1;76;0;8562699;269;0
147;18;336;23;47;12;99;3.80;1;1;1;78;0;8563299;14920;0
147;18;336;23;47;13;99;4.00;2;1;1;84;0;8563399;4385;0
147;18;336;23;47;14;22;3.40;7;2;1;81;0;8563422;1003;0
147;18;336;23;47;16;99;4.00;7;2;1;82;0;8563699;261;0
147;18;336;23;47;17;80;4.20;6;2;1;88;0;8563780;1064;0
147;18;336;23;47;23;18;4.00;7;2;1;85;0;8564318;601;0
147;18;336;23;47;37;15;3.00;7;2;1;84;0;8565715;1380;0
147;18;336;23;47;41;99;3.80;1;1;1;83;0;8566199;2882;0
147;18;336;23;47;44;99;3.40;4;1;1;79;0;8566499;21660;0
147;18;336;23;47;45;98;3.20;3;1;1;70;0;8566598;5668;0
147;18;336;23;47;47;5;3.40;2;1;1;71;0;8566705;3288;0
147;18;336;23;47;48;4;6.00;2;1;1;75;0;8566804;81;0
147;18;336;23;47;51;99;3.80;6;2;1;86;0;8567199;3401;0
147;18;336;23;47;52;99;3.60;3;1;1;82;0;8567299;684;0
147;18;336;23;47;52;2;4.00;2;1;1;83;0;8567202;369;0
147;18;336;23;47;56;4;4.00;2;1;1;79;0;8567604;384;0
147;18;336;23;47;57;4;4.00;6;2;1;78;0;8567704;489;0
147;18;336;23;48;1;99;3.80;8;2;1;78;0;8568199;26982;0
147;18;336;23;48;8;35;4.00;6;2;1;87;0;8568835;1112;0
147;18;336;23;48;13;56;3.20;7;2;1;78;0;8569356;3628;0
147;18;336;23;48;14;99;4.00;8;2;1;85;0;8569499;1282;0
147;18;336;23;48;23;32;3.80;8;2;1;82;0;8570332;816;0
147;18;336;23;48;25;99;3.00;7;2;1;74;0;8570599;1228;0
147;18;336;23;48;29;80;3.80;2;1;1;88;0;8570980;3357;0
147;18;336;23;48;30;99;3.60;2;1;1;74;0;8571099;103;0
147;18;336;23;48;30;99;3.60;6;2;1;83;0;8571099;2247;0
147;18;336;23;48;31;73;3.80;2;1;1;74;0;8571173;56;0
147;18;336;23;48;33;12;4.00;6;2;1;82;0;8571312;197;0
147;18;336;23;48;36;13;3.40;6;2;1;74;0;8571613;283;0
147;18;336;23;48;47;91;3.60;3;1;1;72;0;8572791;5476;0
147;18;336;23;48;49;9;3.40;3;1;1;74;0;8572909;100;0
147;18;336;23;48;52;74;3.80;7;2;1;83;0;8573274;2660;0
147;18;336;23;48;53;99;3.60;6;2;1;89;0;8573399;1769;0
147;18;336;23;48;57;72;3.80;7;2;1;75;0;8573772;481;0
147;18;336;23;48;58;99;3.80;1;1;1;79;0;8573899;7683;0
147;18;336;23;49;2;24;3.20;6;2;1;81;0;8574224;810;0
147;18;336;23;49;6;22;3.80;2;1;1;83;0;8574622;3430;0
147;18;336;23;49;10;99;3.60;3;1;1;75;0;8575099;2173;0
147;18;336;23;49;11;4;4.00;6;2;1;80;0;8575104;865;0
147;18;336;23;49;16;99;4.00;7;2;1;84;0;8575699;1908;0
147;18;336;23;49;31;99;3.20;7;2;1;80;0;8577199;1482;0
147;18;336;23;49;33;99;4.00;6;2;1;75;0;8577399;2277;0
147;18;336;23;49;46;3;3.40;8;2;1;59;0;8578603;8254;0
147;18;336;23;50;0;5;3.80;2;1;1;86;0;8580005;5366;0
147;18;336;23;50;1;5;3.40;6;2;1;85;0;8580105;2686;0
147;18;336;23;50;7;4;3.80;7;2;1;86;0;8580704;3490;0
147;18;336;23;50;8;30;4.80;6;2;1;96;0;8580830;710;0
147;18;336;23;50;11;62;3.40;7;2;1;92;0;8581162;442;0
147;18;336;23;50;13;5;3.60;7;2;1;81;0;8581305;129;0
147;18;336;23;50;18;99;3.40;3;1;1;82;0;8581899;6782;0
147;18;336;23;50;22;99;4.40;6;2;1;78;0;8582299;1451;0
147;18;336;23;50;35;2;3.80;6;2;1;89;0;8583502;1182;0
147;18;336;23;50;38;19;3.20;3;1;1;82;0;8583819;1905;0
147;18;336;23;50;38;99;4.00;7;2;1;86;0;8583899;2578;0
147;18;336;23;50;46;99;11.20;6;2;2;84;0;8584699;1181;0
147;18;336;23;50;59;99;3.80;3;1;1;77;0;8585999;2165;0
147;18;336;23;51;1;99;5.80;2;1;1;76;0;8586199;6178;0
147;18;336;23;51;4;99;3.80;3;1;1;76;0;8586499;482;0
147;18;336;23;51;10;99;3.40;3;1;1;81;0;8587099;582;0
147;18;336;23;51;23;94;3.40;2;1;1;76;0;8588394;2167;0
147;18;336;23;51;34;0;3.60;6;2;1;79;0;8589400;4653;0
147;18;336;23;51;40;1;2.80;3;1;1;73;0;8590001;2886;0
147;18;336;23;51;44;99;3.20;6;2;1;79;0;8590499;1082;0
147;18;336;23;51;57;99;3.60;6;2;1;77;0;8591799;1285;0
147;18;336;23;52;0;4;3.60;6;2;1;77;0;8592004;188;0
147;18;336;23;52;3;11;4.80;7;2;1;78;0;8592311;8395;0
147;18;336;23;52;5;99;3.20;6;2;1;83;0;8592599;578;0
147;18;336;23;52;7;99;4.00;2;1;1;88;0;8592799;4388;0
147;18;336;23;52;13;21;3.80;6;2;1;89;0;8593321;708;0
147;18;336;23;52;21;21;3.60;6;2;1;81;0;8594121;784;0
147;18;336;23;52;22;6;3.80;7;2;1;79;0;8594206;1872;0
147;18;336;23;52;30;99;3.60;2;1;1;66;0;8595099;2283;0
147;18;336;23;52;34;5;4.00;1;1;1;83;0;8595405;21488;0
147;18;336;23;52;34;10;3.60;2;1;1;67;0;8595410;291;0
147;18;336;23;52;40;13;3.60;3;1;1;77;0;8596013;5998;0
147;18;336;23;52;45;99;3.60;7;2;1;77;0;8596599;2375;0
147;18;336;23;52;46;99;3.40;6;2;1;77;0;8596699;2562;0
147;18;336;23;52;50;82;3.60;2;1;1;73;0;8597082;1652;0
147;18;336;23;53;0;15;4.00;6;2;1;80;0;8598015;1300;0
147;18;336;23;53;10;75;3.20;3;1;1;71;0;8599075;3045;0
147;18;336;23;53;19;99;3.60;6;2;1;68;0;8599999;1966;0
147;18;336;23;53;23;75;3.80;2;1;1;77;0;8600375;3275;0
147;18;336;23;53;33;3;3.80;2;1;1;82;0;8601303;910;0
147;18;336;23;53;39;99;3.40;6;2;1;75;0;8601999;1980;0
147;18;336;23;53;42;11;3.40;6;2;1;80;0;8602211;195;0
147;18;336;23;53;45;99;3.80;6;2;1;85;0;8602599;372;0
147;18;336;23;53;47;18;4.00;6;2;1;81;0;8602718;102;0
147;18;336;23;53;49;94;4.00;6;2;1;87;0;8602994;258;0
147;18;336;23;53;50;96;11.20;3;1;3;67;0;8603096;4004;0
147;18;336;23;53;57;19;3.20;6;2;1;75;0;8603719;708;0
147;18;336;23;54;1;22;4.40;7;2;1;83;0;8604122;7506;0
147;18;336;23;54;3;10;3.60;2;1;1;75;0;8604310;2990;0
147;18;336;23;54;3;99;3.60;6;2;1;81;0;8604399;664;0
147;18;336;23;54;5;2;3.60;6;2;1;83;0;8604502;87;0
147;18;336;23;54;5;99;4.20;2;1;1;75;0;8604599;271;0
147;18;336;23;54;7;99;3.80;6;2;1;81;0;8604799;281;0
147;18;336;23;54;17;14;3.40;8;2;1;73;0;8605714;27090;0
147;18;336;23;54;19;30;4.00;7;2;1;78;0;8605930;1788;0
147;18;336;23;54;19;71;3.60;6;2;1;86;0;8605971;1155;0
147;18;336;23;54;23;99;3.40;7;2;1;77;0;8606399;450;0
147;18;336;23;54;24;33;3.80;7;2;1;80;0;8606433;18;0
147;18;336;23;54;25;99;10.60;3;1;3;74;0;8606599;3442;0
147;18;336;23;54;28;99;3.20;3;1;1;72;0;8606899;248;0
147;18;336;23;54;28;99;3.60;6;2;1;73;0;8606899;912;0
147;18;336;23;54;33;99;3.40;3;1;1;73;0;8607399;484;0
147;18;336;23;54;37;88;12.80;3;1;4;81;0;8607788;372;0
147;18;336;23;54;43;16;5.20;7;2;1;78;0;8608316;1865;0
147;18;336;23;54;45;99;3.80;7;2;1;85;0;8608599;259;0
147;18;336;23;54;51;99;4.20;3;1;1;80;0;8609199;1354;0
147;18;336;23;54;54;99;3.60;8;2;1;80;0;8609499;3768;0
147;18;336;23;55;0;37;4.00;2;1;1;83;0;8610037;5417;0
147;18;336;23;55;2;8;5.40;6;2;1;79;0;8610208;3291;0
147;18;336;23;55;2;20;6.60;3;1;1;82;0;8610220;1002;0
147;18;336;23;55;11;99;3.60;2;1;1;81;0;8611199;1144;0
147;18;336;23;55;12;0;3.40;7;2;1;79;0;8611200;2584;0
147;18;336;23;55;13;91;3.80;6;2;1;87;0;8611391;1158;0
147;18;336;23;55;19;99;3.20;7;2;1;82;0;8611999;783;0
147;18;336;23;55;22;99;3.00;3;1;1;72;0;8612299;2050;0
147;18;336;23;55;22;99;3.80;7;2;1;79;0;8612299;285;0
147;18;336;23;55;28;16;4.40;2;1;1;80;0;8612816;1601;0
147;18;336;23;55;31;48;6.60;7;2;1;80;0;8613148;831;0
147;18;336;23;55;32;0;3.60;6;2;1;83;0;8613200;1793;0
147;18;336;23;55;36;52;3.00;6;2;1;74;0;8613652;436;0
147;18;336;23;55;38;1;3.60;7;2;1;70;0;8613801;623;0
147;18;336;23;55;40;99;3.60;3;1;1;74;0;8614099;1785;0
147;18;336;23;55;43;36;3.80;6;2;1;81;0;8614336;669;0
147;18;336;23;55;45;99;3.80;6;2;1;86;0;8614599;246;0
147;18;336;23;55;55;99;3.60;2;1;1;88;0;8615599;2763;0
147;18;336;23;56;2;93;3.40;8;2;1;82;0;8616293;6777;0
147;18;336;23;56;3;99;3.40;6;2;1;66;0;8616399;1784;0
147;18;336;23;56;10;99;3.60;6;2;1;70;0;8617099;681;0
147;18;336;23;56;11;6;3.60;5;2;1;74;0;8617106;54675;0
147;18;336;23;56;23;99;3.60;2;1;1;79;0;8618399;2785;0
147;18;336;23;56;27;59;3.60;6;2;1;84;0;8618759;1641;0
147;18;336;23;56;28;7;3.40;2;1;1;78;0;8618807;391;0
147;18;336;23;56;39;99;3.00;3;1;1;79;0;8619999;5882;0
147;18;336;23;56;44;14;3.80;6;2;1;85;0;8620414;1639;0
147;18;336;23;56;45;52;4.60;7;2;1;88;0;8620552;6732;0
147;18;336;23;56;47;34;3.40;2;1;1;78;0;8620734;1911;0
147;18;336;23;56;49;99;3.60;2;1;1;78;0;8620999;249;0
147;18;336;23;56;51;7;3.40;7;2;1;86;0;8621107;536;0
147;18;336;23;56;57;99;3.80;5;2;1;82;0;8621799;4675;0
147;18;336;23;57;2;2;3.40;2;1;1;78;0;8622202;1186;0
147;18;336;23;57;5;7;3.40;6;2;1;82;0;8622507;2076;0
147;18;336;23;57;5;43;3.80;4;1;1;85;0;8622543;56028;0
147;18;336;23;57;6;91;3.60;6;2;1;74;0;8622691;169;0
147;18;336;23;57;8;50;4.00;2;1;1;90;0;8622850;632;0
147;18;336;23;57;12;99;3.00;3;1;1;75;0;8623299;3286;0
147;18;336;23;57;20;99;3.80;5;2;1;81;0;8624099;2283;0
147;18;336;23;57;20;0;3.40;6;2;1;75;0;8624000;1291;0
147;18;336;23;57;22;99;4.60;6;2;1;81;0;8624299;282;0
147;18;336;23;57;31;30;3.40;3;1;1;80;0;8625130;1816;0
147;18;336;23;57;32;6;3.60;6;2;1;79;0;8625206;886;0
147;18;336;23;57;33;12;3.00;6;2;1;78;0;8625312;89;0
147;18;336;23;57;39;71;4.00;3;1;1;76;0;8625971;825;0
147;18;336;23;57;40;99;3.80;6;2;1;84;0;8626099;773;0
147;18;336;23;57;44;16;3.80;7;2;1;85;0;8626416;5294;0
147;18;336;23;57;45;24;3.40;6;2;1;92;0;8626524;408;0
147;18;336;23;57;53;99;3.40;2;1;1;71;0;8627399;4533;0
147;18;336;23;57;59;13;3.60;2;1;1;82;0;8627913;496;0
147;18;336;23;57;59;22;3.00;6;2;1;76;0;8627922;1384;0
147;18;336;23;58;8;23;4.00;6;2;1;86;0;8628823;886;0
147;18;336;23;58;11;99;10.20;6;2;2;85;0;8629199;359;0
147;18;336;23;58;13;99;4.00;2;1;1;80;0;8629399;1470;0
147;18;336;23;58;15;80;3.60;6;2;1;80;0;8629580;337;0
147;18;336;23;58;24;99;3.60;6;2;1;66;0;8630499;902;0
147;18;336;23;58;29;99;3.20;3;1;1;54;0;8630999;5009;0
147;18;336;23;58;33;99;4.00;6;2;1;79;0;8631399;880;0
147;18;336;23;58;36;99;3.80;3;1;1;83;0;8631699;678;0
147;18;336;23;58;38;89;3.40;6;2;1;81;0;8631889;471;0
147;18;336;23;58;43;64;3.60;6;2;1;81;0;8632364;459;0
147;18;336;23;58;43;70;3.40;8;2;1;68;0;8632370;16062;0
147;18;336;23;58;45;35;3.60;3;1;1;79;0;8632535;819;0
147;18;336;23;58;49;99;3.40;6;2;1;81;0;8632999;619;0
147;18;336;23;58;52;99;3.80;7;2;1;82;0;8633299;6866;0
147;18;336;23;59;8;34;3.60;2;1;1;81;0;8634834;5417;0
147;18;336;23;59;10;9;3.80;7;2;1;74;0;8635009;1693;0
147;18;336;23;59;18;5;3.40;6;2;1;85;0;8635805;2790;0
147;18;336;23;59;27;99;3.60;3;1;1;87;0;8636799;4247;0
147;18;336;23;59;32;99;3.80;6;2;1;79;0;8637299;1479;0
147;18;336;23;59;34;8;3.00;3;1;1;73;0;8637408;594;0
147;18;336;23;59;35;99;3.20;3;1;1;74;0;8637599;176;0
147;18;336;23;59;38;99;3.40;3;1;1;74;0;8637899;284;0
147;18;336;23;59;42;99;3.80;3;1;1;72;0;8638299;383;0
147;18;336;23;59;47;41;12.80;2;1;3;82;0;8638741;3891;0
147;18;336;23;59;52;24;3.40;3;1;1;82;0;8639224;906;0
147;18;336;23;59;54;22;3.60;7;2;1;81;0;8639422;4394;0
147;18;336;23;59;55;99;3.80;6;2;1;81;0;8639599;2282;0
147;18;336;23;59;58;99;3.80;7;2;1;83;0;8639899;461;0
