11;19;78;0;0;12;77;3.40;4;2;1;63;0;1277;-2;0
11;19;78;0;0;34;54;3.80;1;1;1;54;0;3454;-2;0
11;19;78;0;0;52;33;3.20;4;2;1;59;0;5233;3936;0
11;19;78;0;1;3;47;3.80;1;1;1;62;0;6347;2867;0
11;19;78;0;1;8;96;3.80;1;1;1;61;0;6896;526;0
11;19;78;0;1;40;99;4.00;4;2;1;70;0;10099;4846;0
11;19;78;0;1;43;9;3.40;3;2;1;64;0;10309;-2;0
11;19;78;0;1;45;28;3.80;2;1;1;61;0;10528;-2;0
11;19;78;0;1;47;87;3.80;1;1;1;56;0;10787;3868;0
11;19;78;0;1;54;3;4.00;4;2;1;61;0;11403;1283;0
11;19;78;0;2;0;51;3.80;2;1;1;55;0;12051;1500;0
11;19;78;0;2;3;79;6.40;1;1;1;59;0;12379;1567;0
11;19;78;0;2;7;52;3.80;3;2;1;68;0;12752;2423;0
11;19;78;0;2;15;86;4.80;4;2;1;47;0;13586;2159;0
11;19;78;0;2;24;34;3.80;1;1;1;55;0;14434;2015;0
11;19;78;0;2;38;20;4.00;1;1;1;62;0;15820;1361;0
11;19;78;0;2;58;19;4.00;3;2;1;66;0;17819;5046;0
11;19;78;0;3;2;66;3.40;4;2;1;59;0;18266;4643;0
11;19;78;0;3;2;79;3.80;1;1;1;58;0;18279;2435;0
11;19;78;0;3;17;24;4.20;1;1;1;61;0;19724;1421;0
11;19;78;0;3;27;25;3.80;1;1;1;61;0;20725;976;0
11;19;78;0;3;29;53;3.60;1;1;1;59;0;20953;205;0
11;19;78;0;3;31;57;4.20;4;2;1;58;0;21157;2870;0
11;19;78;0;3;34;93;12.00;1;1;7;56;0;21493;518;0
11;19;78;0;3;53;11;4.20;1;1;1;62;0;23311;1740;0
11;19;78;0;4;3;65;3.40;4;2;1;58;0;24365;3181;0
11;19;78;0;4;6;3;3.20;3;2;1;57;0;24603;6762;0
11;19;78;0;4;31;59;3.40;2;1;1;50;0;27159;15083;0
11;19;78;0;4;32;23;4.40;1;1;1;54;0;27223;3887;0
11;19;78;0;4;34;11;5.40;2;1;1;50;0;27411;227;0
11;19;78;0;4;52;95;3.60;2;1;1;48;0;29295;1845;0
11;19;78;0;5;20;36;3.00;4;2;1;55;0;32036;7649;0
11;19;78;0;5;22;71;3.80;4;2;1;56;0;32271;215;0
11;19;78;0;5;22;83;3.60;3;2;1;58;0;32283;7659;0
11;19;78;0;5;23;18;3.60;1;1;1;55;0;32318;5065;0
11;19;78;0;5;24;2;4.00;4;2;1;56;0;32402;106;0
11;19;78;0;5;24;82;4.20;3;2;1;70;0;32482;176;0
11;19;78;0;5;25;28;4.20;4;2;1;58;0;32528;100;0
11;19;78;0;5;28;33;3.00;4;2;1;55;0;32833;278;0
11;19;78;0;5;29;33;3.40;3;2;1;62;0;32933;429;0
11;19;78;0;5;30;29;3.40;4;2;1;55;0;33029;176;0
11;19;78;0;5;47;46;3.60;4;2;1;60;0;34746;1694;0
11;19;78;0;5;51;5;3.60;4;2;1;55;0;35105;337;0
11;19;78;0;6;11;14;3.80;4;2;1;52;0;37114;1985;0
11;19;78;0;6;31;77;3.80;1;1;1;57;0;39177;6835;0
11;19;78;0;6;36;0;3.60;4;2;1;64;0;39600;2459;0
11;19;78;0;6;39;30;3.60;3;2;1;62;0;39930;6977;0
11;19;78;0;6;47;14;3.40;3;2;1;50;0;40714;763;0
11;19;78;0;6;59;68;3.40;4;2;1;56;0;41968;2347;0
11;19;78;0;7;2;77;3.80;4;2;1;54;0;42277;287;0
11;19;78;0;7;12;11;3.80;4;2;1;57;0;43211;908;0
11;19;78;0;7;22;60;5.40;1;1;1;56;0;44260;5059;0
11;19;78;0;7;41;6;3.60;4;2;1;68;0;46106;2871;0
11;19;78;0;7;44;68;3.40;1;1;1;52;0;46468;2173;0
11;19;78;0;7;49;16;4.20;4;2;1;59;0;46916;790;0
11;19;78;0;8;7;15;3.40;3;2;1;50;0;48715;7976;0
11;19;78;0;8;28;76;11.40;1;1;3;46;0;50876;4384;0
11;19;78;0;8;35;76;3.40;1;1;1;40;0;51576;610;0
11;19;78;0;8;36;11;11.80;2;1;3;57;0;51611;22289;0
11;19;78;0;8;46;47;3.40;3;2;1;61;0;52647;3907;0
11;19;78;0;9;8;33;13.20;1;1;3;54;0;54833;3226;0
11;19;78;0;9;22;92;3.80;1;1;1;56;0;56292;1371;0
11;19;78;0;9;25;54;4.00;1;1;1;57;0;56554;237;0
11;19;78;0;9;28;77;3.60;1;1;1;56;0;56877;297;0
11;19;78;0;9;39;7;5.20;2;1;1;57;0;57907;6221;0
11;19;78;0;9;44;24;3.60;4;2;1;56;0;58424;11482;0
11;19;78;0;10;10;18;12.40;1;1;2;61;0;61018;4117;0
11;19;78;0;10;17;37;2.80;3;2;1;58;0;61737;9069;0
11;19;78;0;10;19;24;3.80;3;2;1;56;0;61924;169;0
11;19;78;0;10;22;54;3.60;2;1;1;53;0;62254;4314;0
11;19;78;0;10;29;87;13.00;1;1;3;50;0;62987;1895;0
11;19;78;0;10;32;37;3.60;2;1;1;61;0;63237;958;0
11;19;78;0;10;35;67;3.20;2;1;1;53;0;63567;308;0
11;19;78;0;10;59;43;3.40;1;1;1;61;0;65943;2862;0
11;19;78;0;11;2;39;3.40;2;1;1;54;0;66239;2650;0
11;19;78;0;11;25;5;3.80;4;2;1;61;0;68505;10057;0
11;19;78;0;11;32;1;3.60;1;1;1;63;0;69201;3237;0
11;19;78;0;11;33;2;3.20;2;1;1;56;0;69302;3040;0
11;19;78;0;11;47;96;3.40;3;2;1;60;0;70796;8847;0
11;19;78;0;11;53;68;3.40;4;2;1;55;0;71368;2840;0
11;19;78;0;11;56;11;4.00;1;1;1;55;0;71611;2389;0
11;19;78;0;12;5;42;7.40;1;1;1;61;0;72542;904;0
11;19;78;0;12;16;68;3.80;2;1;1;52;0;73668;4345;0
11;19;78;0;12;19;70;3.20;2;1;1;59;0;73970;275;0
11;19;78;0;12;24;35;3.20;2;1;1;56;0;74435;445;0
11;19;78;0;12;28;72;3.80;4;2;1;63;0;74872;3481;0
11;19;78;0;12;30;38;3.40;4;2;1;61;0;75038;144;0
11;19;78;0;12;33;17;3.60;4;2;1;58;0;75317;258;0
11;19;78;0;12;57;27;3.00;4;2;1;57;0;77727;2387;0
11;19;78;0;13;41;35;3.60;1;1;1;50;0;82135;9549;0
11;19;78;0;13;54;68;11.80;4;2;3;63;0;83468;5722;0
11;19;78;0;14;33;1;3.00;4;2;1;58;0;87301;3765;0
11;19;78;0;14;40;29;3.40;4;2;1;55;0;88029;709;0
11;19;78;0;14;43;72;3.80;1;1;1;60;0;88372;6211;0
11;19;78;0;14;44;98;3.80;2;1;1;55;0;88498;14042;0
11;19;78;0;14;51;76;4.00;4;2;1;68;0;89176;1124;0
11;19;78;0;14;53;97;3.80;4;2;1;61;0;89397;199;0
11;19;78;0;14;55;91;5.20;1;1;1;51;0;89591;1196;0
11;19;78;0;15;1;81;3.60;4;2;1;52;0;90181;761;0
11;19;78;0;15;3;22;25.00;1;1;5;62;0;90322;694;0
11;19;78;0;15;35;73;3.40;3;2;1;59;0;93573;22756;0
11;19;78;0;15;47;87;3.80;4;2;1;57;0;94787;4581;0
11;19;78;0;16;43;39;4.00;1;1;1;67;0;100339;9871;0
11;19;78;0;16;44;54;4.00;2;1;1;59;0;100454;11931;0
11;19;78;0;17;11;22;3.60;4;2;1;60;0;103122;8311;0
11;19;78;0;17;12;94;4.00;4;2;1;60;0;103294;150;0
11;19;78;0;17;29;66;3.40;4;2;1;60;0;104966;1648;0
11;19;78;0;17;33;10;3.00;1;1;1;55;0;105310;4949;0
11;19;78;0;17;33;21;5.00;3;2;1;60;0;105321;11727;0
11;19;78;0;17;33;6;1.80;2;1;0;53;1;105306;4827;0
11;19;78;0;17;40;66;12.60;4;2;3;51;0;106066;1079;0
11;19;78;0;18;29;69;3.80;4;2;1;49;0;110969;4814;0
11;19;78;0;18;30;75;3.60;3;2;1;59;0;111075;5724;0
11;19;78;0;18;43;62;3.60;4;2;1;61;0;112362;1365;0
11;19;78;0;18;57;43;3.80;1;1;1;57;0;113743;8413;0
11;19;78;0;19;16;43;3.60;4;2;1;61;0;115643;3259;0
11;19;78;0;19;18;73;3.60;4;2;1;66;0;115873;208;0
11;19;78;0;19;19;83;3.40;3;2;1;56;0;115983;4886;0
11;19;78;0;19;26;59;13.80;4;2;4;57;0;116659;766;0
11;19;78;0;19;28;61;3.60;3;2;1;51;0;116861;856;0
11;19;78;0;19;43;15;3.60;2;1;1;56;0;118315;17836;0
11;19;78;0;19;52;28;3.80;1;1;1;56;0;119228;5461;0
11;19;78;0;19;58;87;4.00;4;2;1;57;0;119887;3140;0
11;19;78;0;20;16;61;3.60;1;1;1;54;0;121661;2408;0
11;19;78;0;20;34;29;3.20;3;2;1;63;0;123429;6542;0
11;19;78;0;20;38;36;4.80;1;1;1;53;0;123836;2151;0
11;19;78;0;20;38;69;3.40;4;2;1;57;0;123869;3956;0
11;19;78;0;20;46;32;3.60;2;1;1;47;0;124632;6293;0
11;19;78;0;20;54;77;4.40;1;1;1;55;0;125477;1608;0
11;19;78;0;21;16;65;3.20;1;1;1;61;0;127665;2159;0
11;19;78;0;21;45;99;3.60;2;1;1;53;0;130599;5939;0
11;19;78;0;22;12;17;3.80;2;1;1;58;0;133217;2593;0
11;19;78;0;22;20;46;3.80;2;1;1;55;0;134046;805;0
11;19;78;0;22;21;79;11.80;4;2;3;60;0;134179;10288;0
11;19;78;0;22;24;90;3.80;1;1;1;58;0;134490;6806;0
11;19;78;0;22;52;99;3.20;4;2;1;60;0;137299;3049;0
11;19;78;0;23;3;47;2.20;2;1;0;60;1;138347;4276;0
11;19;78;0;23;6;35;4.20;2;1;1;62;0;138635;4564;0
11;19;78;0;23;29;8;3.80;1;1;1;54;0;140908;6394;0
11;19;78;0;23;42;21;3.80;2;1;1;59;0;142221;3561;0
11;19;78;0;24;10;61;4.00;2;1;1;64;0;145061;2816;0
11;19;78;0;24;16;16;4.00;1;1;1;60;0;145616;4682;0
11;19;78;0;24;18;32;3.80;4;2;1;51;0;145832;8513;0
11;19;78;0;24;59;31;4.20;1;1;1;61;0;149931;4291;0
11;19;78;0;25;4;21;3.60;2;1;1;65;0;150421;5337;0
11;19;78;0;25;19;68;3.00;3;2;1;59;0;151968;28520;0
11;19;78;0;25;20;16;11.40;4;2;3;54;0;152016;6157;0
11;19;78;0;25;24;81;3.60;1;1;1;53;0;152481;2525;0
11;19;78;0;25;27;37;4.00;1;1;1;54;0;152737;231;0
11;19;78;0;25;28;83;3.60;1;1;1;50;0;152883;119;0
11;19;78;0;25;31;38;3.20;1;1;1;54;0;153138;229;0
11;19;78;0;25;50;17;3.60;1;1;1;56;0;155017;1857;0
11;19;78;0;25;52;91;3.80;1;1;1;53;0;155291;250;0
11;19;78;0;26;5;27;3.60;4;2;1;67;0;156527;4435;0
11;19;78;0;26;16;62;3.60;1;1;1;51;0;157662;2345;0
11;19;78;0;26;17;57;3.80;4;2;1;60;0;157757;1210;0
11;19;78;0;26;42;35;3.60;1;1;1;60;0;160235;2547;0
11;19;78;0;26;44;82;4.40;1;1;1;58;0;160482;225;0
11;19;78;0;27;3;76;3.40;1;1;1;60;0;162376;1866;0
11;19;78;0;27;5;32;5.40;1;1;1;61;0;162532;135;0
11;19;78;0;27;14;90;3.00;4;2;1;54;0;163490;5710;0
11;19;78;0;27;23;8;3.20;1;1;1;59;0;164308;1744;0
11;19;78;0;27;36;34;3.60;4;2;1;63;0;165634;2124;0
11;19;78;0;28;0;79;3.80;2;1;1;55;0;168079;17638;0
11;19;78;0;28;5;38;4.00;3;2;1;61;0;168538;16551;0
11;19;78;0;28;5;54;3.60;4;2;1;62;0;168554;2899;0
11;19;78;0;28;11;40;3.60;3;2;1;64;0;169140;578;0
11;19;78;0;28;45;44;3.80;4;2;1;55;0;172544;3969;0
11;19;78;0;28;45;55;3.60;2;1;1;56;0;172555;4451;0
11;19;78;0;28;57;43;3.80;4;2;1;59;0;173743;1174;0
11;19;78;0;29;12;78;3.80;4;2;1;60;0;175278;1511;0
11;19;78;0;29;54;34;4.00;2;1;1;60;0;179434;6855;0
11;19;78;0;30;2;28;3.80;2;1;1;60;0;180228;770;0
11;19;78;0;30;8;80;3.80;2;1;1;54;0;180880;629;0
11;19;78;0;30;10;20;3.80;2;1;1;56;0;181020;114;0
11;19;78;0;30;10;80;3.60;1;1;1;51;0;181080;16752;0
11;19;78;0;30;19;14;4.40;1;1;1;52;0;181914;808;0
11;19;78;0;30;20;89;3.60;1;1;1;54;0;182089;144;0
11;19;78;0;30;23;93;3.80;4;2;1;66;0;182393;7092;0
11;19;78;0;30;26;66;4.00;1;1;1;56;0;182666;553;0
11;19;78;0;30;26;85;3.40;4;2;1;61;0;182685;271;0
11;19;78;0;30;46;56;3.60;4;2;1;60;0;184656;1950;0
11;19;78;0;31;16;37;3.80;4;2;1;61;0;187637;2959;0
11;19;78;0;31;40;54;3.60;1;1;1;57;0;190054;7362;0
11;19;78;0;32;31;6;3.20;1;1;1;56;0;195106;5029;0
11;19;78;0;32;43;91;3.40;4;2;1;64;0;196391;8731;0
11;19;78;0;33;22;96;3.60;3;2;1;59;0;200296;31135;0
11;19;78;0;33;24;32;3.80;4;2;1;60;0;200432;4021;0
11;19;78;0;33;44;46;3.60;1;1;1;58;0;202446;7319;0
11;19;78;0;33;51;45;3.40;4;2;1;73;0;203145;2690;0
11;19;78;0;33;53;43;3.20;4;2;1;67;0;203343;181;0
11;19;78;0;33;56;3;3.20;4;2;1;61;0;203603;242;0
11;19;78;0;33;57;74;3.60;1;1;1;57;0;203774;1305;0
11;19;78;0;34;4;50;3.60;1;1;1;55;0;204450;653;0
11;19;78;0;34;13;23;3.20;4;2;1;57;0;205323;1701;0
11;19;78;0;34;13;75;3.80;1;1;1;48;0;205375;901;0
11;19;78;0;34;34;88;11.40;1;1;3;48;0;207488;2084;0
11;19;78;0;35;1;10;3.20;4;2;1;60;0;210110;4766;0
11;19;78;0;35;19;19;5.20;1;1;1;56;0;211919;4345;0
11;19;78;0;35;20;30;3.60;3;2;1;62;0;212030;11712;0
11;19;78;0;35;23;75;3.80;4;2;1;59;0;212375;2245;0
11;19;78;0;36;14;30;3.60;1;1;1;53;0;217430;5477;0
11;19;78;0;36;19;27;3.80;1;1;1;53;0;217927;472;0
11;19;78;0;36;58;95;11.80;1;1;3;59;0;221895;3942;0
11;19;78;0;37;29;77;3.20;1;1;1;57;0;224977;3010;0
11;19;78;0;37;32;9;4.20;3;2;1;57;0;225209;13158;0
11;19;78;0;37;35;83;3.60;4;2;1;62;0;225583;13184;0
11;19;78;0;37;41;52;3.40;2;1;1;57;0;226152;45107;0
11;19;78;0;37;45;59;4.20;1;1;1;56;0;226559;1561;0
11;19;78;0;37;55;54;3.40;4;2;1;62;0;227554;1950;0
11;19;78;0;38;41;26;3.60;3;2;1;58;0;232126;6890;0
11;19;78;0;38;53;55;3.80;4;2;1;57;0;233355;5781;0
11;19;78;0;39;9;45;11.40;1;1;3;52;0;234945;8359;0
11;19;78;0;39;12;37;3.60;1;1;1;54;0;235237;213;0
11;19;78;0;39;26;90;3.20;2;1;1;55;0;236690;10516;0
11;19;78;0;39;41;37;4.00;4;2;1;57;0;238137;4758;0
11;19;78;0;39;42;99;3.80;3;2;1;64;0;238299;6150;0
11;19;78;0;39;45;5;5.00;1;1;1;57;0;238505;3244;0
11;19;78;0;39;46;67;3.40;4;2;1;61;0;238667;504;0
11;19;78;0;39;47;5;3.40;2;1;1;59;0;238705;1994;0
11;19;78;0;39;50;85;3.80;2;1;1;51;0;239085;359;0
11;19;78;0;39;58;60;3.80;4;2;1;64;0;239860;1172;0
11;19;78;0;40;42;28;3.60;2;1;1;55;0;244228;5116;0
11;19;78;0;40;57;51;3.40;3;2;1;60;0;245751;7430;0
11;19;78;0;41;17;57;3.80;4;2;1;55;0;247757;7875;0
11;19;78;0;41;37;36;3.80;1;1;1;58;0;249736;11199;0
11;19;78;0;41;39;89;3.60;2;1;1;58;0;249989;5737;0
11;19;78;0;41;46;17;3.60;1;1;1;59;0;250617;857;0
11;19;78;0;41;55;44;3.80;3;2;1;68;0;251544;5772;0
11;19;78;0;41;58;89;3.80;4;2;1;64;0;251889;4107;0
11;19;78;0;42;5;71;3.60;4;2;1;61;0;252571;660;0
11;19;78;0;42;15;67;4.00;4;2;1;64;0;253567;974;0
11;19;78;0;42;23;73;4.00;2;1;1;56;0;254373;4361;0
11;19;78;0;42;27;46;3.00;2;1;1;59;0;254746;347;0
11;19;78;0;43;24;18;3.60;1;1;1;60;0;260418;9779;0
11;19;78;0;43;36;90;3.40;4;2;1;62;0;261690;8100;0
11;19;78;0;43;51;88;3.60;4;2;1;62;0;263188;1478;0
11;19;78;0;44;18;8;4.00;4;2;1;72;0;265808;2599;0
11;19;78;0;44;20;31;3.80;4;2;1;59;0;266031;203;0
11;19;78;0;45;3;81;3.40;4;2;1;62;0;270381;4326;0
11;19;78;0;45;21;20;3.80;4;2;1;61;0;272120;1719;0
11;19;78;0;45;46;55;3.80;1;1;1;59;0;274655;14215;0
11;19;78;0;46;38;76;3.60;3;2;1;58;0;279876;28311;0
11;19;78;0;46;56;46;3.80;1;1;1;55;0;281646;6967;0
11;19;78;0;47;14;57;4.00;2;1;1;53;0;283457;28692;0
11;19;78;0;47;41;7;3.60;4;2;1;58;0;286107;13964;0
11;19;78;0;48;23;74;3.80;1;1;1;52;0;290374;8703;0
11;19;78;0;48;35;10;3.80;1;1;1;56;0;291510;1109;0
11;19;78;0;48;42;9;3.60;2;1;1;58;0;292209;8724;0
11;19;78;0;48;59;14;3.60;1;1;1;48;0;293914;2379;0
11;19;78;0;49;28;74;3.80;1;1;1;51;0;296874;2933;0
11;19;78;0;49;37;21;11.40;1;1;3;57;0;297721;820;0
11;19;78;0;49;40;81;3.60;2;1;1;58;0;298081;5849;0
11;19;78;0;50;43;96;9.60;1;1;6;57;0;304396;6603;0
11;19;78;0;50;55;95;14.40;4;2;4;58;0;305595;19465;0
11;19;78;0;51;15;74;5.20;4;2;1;67;0;307574;1889;0
11;19;78;0;51;32;35;3.60;2;1;1;58;0;309235;11131;0
11;19;78;0;51;36;12;3.00;4;2;1;55;0;309612;2010;0
11;19;78;0;52;9;79;3.60;4;2;1;54;0;312979;3347;0
11;19;78;0;52;16;51;17.20;4;2;4;56;0;313651;648;0
11;19;78;0;52;22;31;3.20;1;1;1;59;0;314231;9774;0
11;19;78;0;52;52;11;11.80;4;2;3;59;0;317211;3449;0
11;19;78;0;52;56;9;3.00;1;1;1;56;0;317609;3358;0
11;19;78;0;53;9;43;3.80;4;2;1;62;0;318943;1660;0
11;19;78;0;53;54;48;3.60;1;1;1;62;0;323448;5819;0
11;19;78;0;54;16;91;4.60;2;1;1;75;0;325691;16433;0
11;19;78;0;54;25;19;4.00;4;2;1;59;0;326519;7553;0
11;19;78;0;54;46;38;4.20;1;1;1;52;0;328638;5169;0
11;19;78;0;54;57;26;4.80;1;1;1;40;0;329726;1058;0
11;19;78;0;55;5;25;4.00;1;1;1;52;0;330525;755;0
11;19;78;0;55;7;1;3.20;1;1;1;58;0;330701;148;0
11;19;78;0;55;17;19;16.00;4;2;4;59;0;331719;5175;0
11;19;78;0;55;21;29;3.40;4;2;1;57;0;332129;312;0
11;19;78;0;55;42;44;3.60;4;2;1;57;0;334244;2093;0
11;19;78;0;55;50;18;3.60;4;2;1;56;0;335018;751;0
11;19;78;0;56;27;46;3.40;4;2;1;57;0;338746;3704;0
11;19;78;0;56;51;82;3.60;1;1;1;55;0;341182;10461;0
11;19;78;0;56;56;19;3.80;2;1;1;54;0;341619;15905;0
11;19;78;0;57;24;27;3.60;4;2;1;62;0;344427;5659;0
11;19;78;0;58;3;92;3.60;1;1;1;48;0;348392;7186;0
11;19;78;0;58;14;64;3.80;2;1;1;53;0;349464;7819;0
11;19;78;0;58;16;68;3.80;4;2;1;59;0;349668;5220;0
11;19;78;0;58;17;3;3.80;1;1;1;58;0;349703;1284;0
11;19;78;0;58;51;14;3.80;2;1;1;40;0;353114;3624;0
11;19;78;0;59;33;40;3.40;1;1;1;58;0;357340;7613;0
11;19;78;0;59;43;57;3.60;3;2;1;63;0;358357;78458;0
11;19;78;1;0;47;62;4.60;4;2;1;58;0;364762;15070;0
11;19;78;1;1;10;56;3.20;1;1;1;57;0;367056;9694;0
11;19;78;1;2;2;63;3.20;4;2;1;62;0;372263;7472;0
11;19;78;1;2;7;83;6.60;4;2;1;54;0;372783;501;0
11;19;78;1;2;22;72;3.40;4;2;1;58;0;374272;1445;0
11;19;78;1;2;24;10;3.20;1;1;1;57;0;374410;7333;0
11;19;78;1;2;27;33;3.80;2;1;1;58;0;374733;21584;0
11;19;78;1;2;57;6;3.60;2;1;1;49;0;377706;2949;0
11;19;78;1;2;59;63;4.20;4;2;1;78;0;377963;3669;0
11;19;78;1;3;2;73;3.60;3;2;1;64;0;378273;19895;0
11;19;78;1;3;39;32;3.80;2;1;1;54;0;381932;4199;0
11;19;78;1;3;46;82;3.20;4;2;1;58;0;382682;4699;0
11;19;78;1;3;56;64;2.80;1;1;1;53;0;383664;9233;0
11;19;78;1;4;20;73;4.40;4;2;1;64;0;386073;3371;0
11;19;78;1;4;21;74;4.00;3;2;1;63;0;386174;7880;0
11;19;78;1;4;25;20;3.20;4;2;1;61;0;386520;422;0
11;19;78;1;4;55;14;3.20;1;1;1;63;0;389514;5830;0
11;19;78;1;4;59;54;3.80;1;1;1;49;0;389954;421;0
11;19;78;1;5;28;29;3.80;4;2;1;64;0;392829;6290;0
11;19;78;1;5;35;2;3.60;4;2;1;58;0;393502;651;0
11;19;78;1;5;56;30;13.20;1;1;3;57;0;395630;5648;0
11;19;78;1;6;7;17;11.20;4;2;3;46;0;396717;3192;0
11;19;78;1;6;21;91;3.80;2;1;1;47;0;398191;16233;0
11;19;78;1;7;10;65;3.60;1;1;1;58;0;403065;7351;0
11;19;78;1;7;23;43;4.20;1;1;1;58;0;404343;1255;0
11;19;78;1;8;56;64;3.20;1;1;1;55;0;413664;9294;0
11;19;78;1;9;18;43;4.80;1;1;1;60;0;415843;2158;0
11;19;78;1;9;25;21;3.60;4;2;1;54;0;416521;19716;0
11;19;78;1;10;35;99;3.60;2;1;1;57;0;423599;25378;0
11;19;78;1;10;40;83;3.20;4;2;1;63;0;424083;7538;0
11;19;78;1;11;5;71;3.80;3;2;1;60;0;426571;40374;0
11;19;78;1;11;52;47;4.00;4;2;1;59;0;431247;7145;0
11;19;78;1;11;54;47;3.60;1;1;1;59;0;431447;15575;0
11;19;78;1;12;2;17;3.80;4;2;1;55;0;432217;945;0
11;19;78;1;12;19;54;3.80;2;1;1;79;0;433954;10332;0
11;19;78;1;12;52;83;4.00;4;2;1;54;0;437283;5041;0
11;19;78;1;12;57;98;3.80;4;2;1;67;0;437798;488;0
11;19;78;1;12;59;2;3.80;3;2;1;61;0;437902;11308;0
11;19;78;1;13;3;48;2.80;4;2;1;59;0;438348;529;0
11;19;78;1;13;22;61;3.60;3;2;1;62;0;440261;2336;0
11;19;78;1;13;29;14;5.00;4;2;1;53;0;440914;2548;0
11;19;78;1;13;33;7;3.60;1;1;1;59;0;441307;9838;0
11;19;78;1;14;0;72;3.80;2;1;1;57;0;444072;10100;0
11;19;78;1;14;18;40;4.60;3;2;1;68;0;445840;5558;0
11;19;78;1;14;22;5;6.40;4;2;1;59;0;446205;5257;0
11;19;78;1;14;57;84;3.60;1;1;1;56;0;449784;8455;0
11;19;78;1;15;5;75;3.60;2;1;1;51;0;450575;6479;0
11;19;78;1;15;24;97;3.00;4;2;1;62;0;452497;6252;0
11;19;78;1;15;28;83;3.60;1;1;1;56;0;452883;3075;0
11;19;78;1;15;49;45;3.80;4;2;1;54;0;454945;2430;0
11;19;78;1;16;15;16;4.40;1;1;1;60;0;457516;4609;0
11;19;78;1;16;30;65;4.40;4;2;1;61;0;459065;4094;0
11;19;78;1;16;35;63;3.80;4;2;1;65;0;459563;472;0
11;19;78;1;16;38;46;3.40;3;2;1;55;0;459846;13981;0
11;19;78;1;17;3;1;3.60;1;1;1;53;0;462301;4758;0
11;19;78;1;17;7;53;3.60;4;2;1;54;0;462753;3168;0
11;19;78;1;17;23;85;3.60;1;1;1;52;0;464385;2059;0
11;19;78;1;17;41;45;4.00;1;1;1;60;0;466145;1735;0
11;19;78;1;17;42;62;3.60;4;2;1;61;0;466262;3485;0
11;19;78;1;18;43;98;3.60;2;1;1;52;0;472398;21797;0
11;19;78;1;18;47;97;3.60;3;2;1;63;0;472797;12928;0
11;19;78;1;18;49;58;3.80;4;2;1;66;0;472958;6674;0
11;19;78;1;19;26;38;5.00;4;2;1;61;0;476638;3659;0
11;19;78;1;19;28;39;3.60;4;2;1;63;0;476839;171;0
11;19;78;1;19;50;66;3.20;4;2;1;56;0;479066;2206;0
11;19;78;1;20;28;65;4.00;1;1;1;61;0;482865;16696;0
11;19;78;1;20;37;70;4.00;4;2;1;61;0;483770;4683;0
11;19;78;1;21;10;5;5.40;3;2;1;63;0;487005;14187;0
11;19;78;1;21;23;91;3.40;1;1;1;61;0;488391;5502;0
11;19;78;1;21;29;82;5.40;1;1;1;56;0;488982;570;0
11;19;78;1;21;31;28;4.20;1;1;1;56;0;489128;111;0
11;19;78;1;21;32;19;4.80;2;1;1;54;0;489219;16796;0
11;19;78;1;21;37;33;3.40;1;1;1;58;0;489733;578;0
11;19;78;1;22;19;95;3.80;4;2;1;61;0;493995;10201;0
11;19;78;1;22;32;85;3.80;4;2;1;59;0;495285;1267;0
11;19;78;1;23;10;16;12.60;4;2;3;64;0;499016;3707;0
11;19;78;1;23;32;10;3.40;1;1;1;55;0;501210;11455;0
11;19;78;1;23;37;34;3.40;4;2;1;52;0;501734;2647;0
11;19;78;1;23;59;6;25.00;4;2;5;63;0;503906;2148;0
11;19;78;1;24;20;29;8.00;4;2;2;72;0;506029;1980;0
11;19;78;1;24;22;3;3.80;1;1;1;58;0;506203;4970;0
11;19;78;1;26;4;65;11.60;1;1;3;60;0;516465;10238;0
11;19;78;1;26;9;35;4.20;1;1;1;61;0;516935;400;0
11;19;78;1;26;24;5;4.00;3;2;1;62;0;518405;31369;0
11;19;78;1;27;51;54;3.40;4;2;1;59;0;527154;21085;0
11;19;78;1;28;18;12;5.20;3;2;1;59;0;529812;11383;0
11;19;78;1;29;5;82;5.00;1;1;1;61;0;534582;17622;0
11;19;78;1;29;20;69;3.20;1;1;1;60;0;536069;1457;0
11;19;78;1;29;51;84;3.60;4;2;1;60;0;539184;12009;0
11;19;78;1;29;59;73;4.80;4;2;1;54;0;539973;767;0
11;19;78;1;30;13;12;4.00;4;2;1;62;0;541312;1307;0
11;19;78;1;30;51;75;3.60;4;2;1;62;0;545175;3839;0
11;19;78;1;31;19;73;3.80;4;2;1;61;0;547973;2777;0
11;19;78;1;31;55;2;4.20;2;1;1;60;0;551502;62251;0
11;19;78;1;32;18;32;3.60;1;1;1;55;0;553832;17743;0
11;19;78;1;32;24;20;3.60;1;1;1;56;0;554420;564;0
11;19;78;1;32;33;19;3.80;2;1;1;52;0;555319;3791;0
11;19;78;1;32;38;93;4.00;4;2;1;60;0;555893;7897;0
11;19;78;1;32;40;91;3.60;2;1;1;56;0;556091;745;0
11;19;78;1;32;48;59;3.00;4;2;1;57;0;556859;942;0
11;19;78;1;32;53;18;25.00;4;2;5;59;0;557318;440;0
11;19;78;1;33;17;53;3.60;4;2;1;50;0;559753;2282;0
11;19;78;1;33;27;31;3.60;1;1;1;61;0;560731;6287;0
11;19;78;1;34;17;12;11.40;1;1;3;50;0;565712;4959;0
11;19;78;1;35;30;33;4.00;3;2;1;66;0;573033;43189;0
11;19;78;1;35;50;90;12.00;1;1;2;62;0;575090;9295;0
11;19;78;1;36;36;69;11.20;2;1;2;64;0;579669;23554;0
11;19;78;1;36;41;16;3.40;1;1;1;61;0;580116;4956;0
11;19;78;1;36;59;50;24.80;1;1;5;59;0;581950;1813;0
11;19;78;1;37;13;16;11.80;1;1;3;56;0;583316;1214;0
11;19;78;1;37;42;50;3.00;1;1;1;61;0;586250;2858;0
11;19;78;1;38;16;37;3.80;2;1;1;60;0;589637;9905;0
11;19;78;1;38;22;45;3.60;3;2;1;64;0;590245;17190;0
11;19;78;1;38;37;99;4.40;1;1;1;71;0;591799;5531;0
11;19;78;1;38;50;84;3.80;1;1;1;56;0;593084;1262;0
11;19;78;1;40;6;53;3.80;4;2;1;61;0;600653;40874;0
11;19;78;1;40;28;70;3.20;2;1;1;56;0;602870;13210;0
11;19;78;1;40;34;40;3.60;4;2;1;53;0;603440;2764;0
11;19;78;1;41;34;9;3.40;4;2;1;62;0;609409;5944;0
11;19;78;1;41;40;80;3.60;4;2;1;54;0;610080;651;0
11;19;78;1;41;46;48;3.40;4;2;1;52;0;610648;544;0
11;19;78;1;42;12;70;3.40;4;2;1;64;0;613270;2598;0
11;19;78;1;42;43;67;4.20;1;1;1;60;0;616367;23258;0
11;19;78;1;43;18;33;11.80;4;2;3;60;0;619833;6543;0
11;19;78;1;43;49;41;3.20;3;2;1;65;0;622941;32675;0
11;19;78;1;44;33;78;10.20;1;1;2;54;0;627378;10985;0
11;19;78;1;44;40;93;11.20;4;2;3;53;0;628093;8189;0
11;19;78;1;45;0;36;3.80;4;2;1;58;0;630036;1866;0
11;19;78;1;45;19;94;3.00;1;1;1;55;0;631994;4548;0
11;19;78;1;45;25;4;3.20;1;1;1;51;0;632504;490;0
11;19;78;1;45;57;9;3.60;3;2;1;62;0;635709;12750;0
11;19;78;1;45;59;72;3.60;4;2;1;54;0;635972;5912;0
11;19;78;1;46;25;12;10.60;1;1;2;60;0;638512;5985;0
11;19;78;1;46;56;3;10.40;1;1;7;59;0;641603;3027;0
11;19;78;1;46;59;89;3.40;1;1;1;61;0;641989;322;0
11;19;78;1;47;27;46;3.60;1;1;1;67;0;644746;2736;0
11;19;78;1;47;52;76;3.60;4;2;1;64;0;647276;11280;0
11;19;78;1;47;55;39;3.60;4;2;1;64;0;647539;242;0
11;19;78;1;47;57;54;3.40;4;2;1;62;0;647754;194;0
11;19;78;1;48;23;81;4.40;4;2;1;50;0;650381;2607;0
11;19;78;1;48;31;54;3.60;1;1;1;58;0;651154;6388;0
11;19;78;1;49;15;73;3.80;4;2;1;56;0;655573;5160;0
11;19;78;1;50;7;55;25.80;1;1;5;63;0;660755;9578;0
11;19;78;1;50;15;92;3.00;2;1;1;54;0;661592;58701;0
11;19;78;1;50;22;39;5.80;4;2;1;67;0;662239;6641;0
11;19;78;1;50;56;28;3.60;2;1;1;64;0;665628;4016;0
11;19;78;1;50;59;63;3.80;1;1;1;60;0;665963;5060;0
11;19;78;1;51;49;47;3.80;1;1;1;56;0;670947;4961;0
11;19;78;1;52;1;12;3.40;3;2;1;60;0;672112;36382;0
11;19;78;1;52;38;47;3.60;4;2;1;48;0;675847;13576;0
11;19;78;1;53;55;70;3.60;4;2;1;58;0;683570;7696;0
11;19;78;1;53;57;35;3.60;1;1;1;62;0;683735;12763;0
11;19;78;1;54;2;24;3.00;4;2;1;60;0;684224;631;0
11;19;78;1;54;5;49;11.60;3;2;2;60;0;684549;12416;0
11;19;78;1;54;8;0;4.60;4;2;1;60;0;684800;558;0
11;19;78;1;55;12;61;3.80;4;2;1;65;0;691261;6433;0
11;19;78;1;55;15;25;4.20;4;2;1;61;0;691525;242;0
11;19;78;1;55;16;81;3.40;4;2;1;65;0;691681;131;0
11;19;78;1;55;26;51;3.60;1;1;1;59;0;692651;8895;0
11;19;78;1;55;29;76;4.00;1;1;1;64;0;692976;303;0
11;19;78;1;55;32;7;3.80;2;1;1;61;0;693207;27558;0
11;19;78;1;55;49;45;3.00;4;2;1;66;0;694945;3245;0
11;19;78;1;56;20;87;3.40;1;1;1;57;0;698087;5088;0
11;19;78;1;56;30;32;3.00;3;2;1;56;0;699032;14413;0
11;19;78;1;56;58;72;3.20;1;1;1;58;0;701872;3763;0
11;19;78;1;57;28;16;3.20;1;1;1;62;0;704816;2924;0
11;19;78;1;57;39;32;3.60;1;1;1;56;0;705932;1097;0
11;19;78;1;58;16;94;11.40;1;1;3;49;0;709694;3738;0
11;19;78;1;58;54;95;3.60;4;2;1;54;0;713495;18533;0
11;19;78;1;59;5;44;12.40;1;1;3;54;0;714544;4766;0
11;19;78;1;59;11;23;3.60;1;1;1;59;0;715123;496;0
11;19;78;1;59;22;88;3.40;3;2;1;63;0;716288;17236;0
11;19;78;1;59;24;62;3.40;1;1;1;46;0;716462;1317;0
11;19;78;1;59;25;1;3.60;4;2;1;58;0;716501;2982;0
11;19;78;1;59;25;56;3.80;2;1;1;50;0;716556;23326;0
11;19;78;2;0;24;86;3.20;2;1;1;57;0;722486;5902;0
11;19;78;2;0;48;59;3.00;4;2;1;56;0;724859;8335;0
11;19;78;2;0;51;13;3.60;3;2;1;56;0;725113;8805;0
11;19;78;2;0;52;16;3.60;1;1;1;59;0;725216;8727;0
11;19;78;2;1;45;64;4.60;1;1;1;59;0;730564;5326;0
11;19;78;2;3;35;52;3.60;1;1;1;54;0;741552;10959;0
11;19;78;2;3;42;26;3.80;2;1;1;57;0;742226;19719;0
11;19;78;2;4;4;8;16.00;1;1;4;47;0;744408;2832;0
11;19;78;2;4;32;17;3.40;3;2;1;53;0;747217;22080;0
11;19;78;2;4;33;35;5.00;3;2;1;54;0;747335;94;0
11;19;78;2;4;46;84;3.40;2;1;1;53;0;748684;6434;0
11;19;78;2;4;48;56;4.00;2;1;1;55;0;748856;148;0
11;19;78;2;5;51;50;24.60;4;2;5;59;0;755150;30271;0
11;19;78;2;6;0;40;4.00;2;1;1;59;0;756040;7157;0
11;19;78;2;6;3;99;4.00;4;2;1;64;0;756399;1098;0
11;19;78;2;6;31;65;3.60;1;1;1;56;0;759165;14634;0
11;19;78;2;7;17;17;3.60;1;1;1;39;0;763717;4528;0
11;19;78;2;7;18;70;3.60;1;1;1;39;0;763870;119;0
11;19;78;2;7;24;81;3.60;2;1;1;52;0;764481;8416;0
11;19;78;2;7;36;67;5.20;4;2;1;61;0;765667;9245;0
11;19;78;2;7;38;3;3.00;4;2;1;63;0;765803;105;0
11;19;78;2;8;12;51;12.00;1;1;3;59;0;769251;5347;0
11;19;78;2;8;59;53;3.80;1;1;1;58;0;773953;4628;0
11;19;78;2;9;37;32;3.60;2;1;1;57;0;777732;13226;0
11;19;78;2;9;37;53;3.80;1;1;1;61;0;777753;3776;0
11;19;78;2;10;25;46;6.20;2;1;2;53;0;782546;4791;0
11;19;78;2;10;46;87;3.20;3;2;1;58;0;784687;37318;0
11;19;78;2;11;5;54;3.40;3;2;1;61;0;786554;1847;0
11;19;78;2;11;9;58;3.40;4;2;1;58;0;786958;21137;0
11;19;78;2;12;5;80;5.60;2;1;1;59;0;792580;9991;0
11;19;78;2;12;8;72;3.80;4;2;1;64;0;792872;5892;0
11;19;78;2;13;49;25;3.40;3;2;1;61;0;802925;16350;0
11;19;78;2;13;49;87;3.00;4;2;1;59;0;802987;10093;0
11;19;78;2;14;13;22;11.80;4;2;2;61;0;805322;2316;0
11;19;78;2;14;17;61;4.00;2;1;1;57;0;805761;13146;0
11;19;78;2;14;53;82;3.60;4;2;1;66;0;809382;3990;0
11;19;78;2;15;9;56;3.20;1;1;1;59;0;810956;33180;0
11;19;78;2;15;53;93;3.80;4;2;1;61;0;815393;5991;0
11;19;78;2;16;3;51;3.60;2;1;1;59;0;816351;10564;0
11;19;78;2;16;46;64;3.80;2;1;1;59;0;820664;4291;0
11;19;78;2;16;59;46;3.60;2;1;1;63;0;821946;1258;0
11;19;78;2;17;5;82;3.60;1;1;1;57;0;822582;11606;0
11;19;78;2;17;38;95;11.20;4;2;2;64;0;825895;10479;0
11;19;78;2;18;2;3;3.60;2;1;1;57;0;828203;6236;0
11;19;78;2;18;8;51;3.60;4;2;1;63;0;828851;2893;0
11;19;78;2;18;50;0;3.40;1;1;1;56;0;833000;10395;0
11;19;78;2;19;15;48;3.80;1;1;1;50;0;835548;2526;0
11;19;78;2;19;23;47;4.00;1;1;1;56;0;836347;771;0
11;19;78;2;19;50;48;4.80;4;2;1;56;0;839048;10176;0
11;19;78;2;19;55;53;16.40;4;2;4;59;0;839553;474;0
11;19;78;2;20;21;38;3.20;4;2;1;44;0;842138;2484;0
11;19;78;2;20;46;71;3.80;2;1;1;56;0;844671;16445;0
11;19;78;2;21;18;51;11.40;1;1;3;57;0;847851;11478;0
11;19;78;2;21;39;28;3.60;1;1;1;62;0;849928;2005;0
11;19;78;2;23;1;38;3.20;1;1;1;53;0;858138;8189;0
11;19;78;2;23;21;80;3.40;4;2;1;56;0;860180;18015;0
11;19;78;2;24;6;92;3.40;4;2;1;69;0;864692;4490;0
11;19;78;2;24;7;11;3.40;1;1;1;58;0;864711;6551;0
11;19;78;2;24;13;72;3.60;1;1;1;56;0;865372;639;0
11;19;78;2;24;18;95;3.60;1;1;1;61;0;865895;499;0
11;19;78;2;24;53;1;16.40;1;1;4;61;0;869301;3384;0
11;19;78;2;25;33;82;3.40;3;2;1;58;0;873382;70436;0
11;19;78;2;26;46;73;4.60;4;2;1;53;0;880673;15963;0
11;19;78;2;26;48;85;6.60;2;1;1;55;0;880885;36189;0
11;19;78;2;27;35;49;11.20;1;1;3;53;0;885549;16151;0
11;19;78;2;28;0;89;3.60;4;2;1;57;0;888089;7384;0
11;19;78;2;28;20;48;3.80;1;1;1;57;0;890048;4422;0
11;19;78;2;29;2;2;3.60;4;2;1;58;0;894202;6090;0
11;19;78;2;29;2;17;3.60;3;2;1;63;0;894217;20813;0
11;19;78;2;29;8;66;3.00;4;2;1;58;0;894866;641;0
11;19;78;2;29;20;10;3.60;1;1;1;56;0;896010;5938;0
11;19;78;2;29;32;91;11.40;4;2;3;60;0;897291;2406;0
11;19;78;2;30;15;12;3.20;4;2;1;58;0;901512;4152;0
11;19;78;2;31;58;7;3.00;4;2;1;53;0;911807;10275;0
11;19;78;2;33;22;90;3.20;1;1;1;61;0;920290;24256;0
11;19;78;2;34;4;49;4.20;1;1;1;63;0;924449;4140;0
11;19;78;2;34;55;25;3.80;2;1;1;64;0;929525;48596;0
11;19;78;2;35;7;79;4.80;4;2;1;65;0;930779;18951;0
11;19;78;2;35;42;7;3.20;1;1;1;52;0;934207;9734;0
11;19;78;2;37;0;34;3.20;1;1;1;55;0;942034;7804;0
11;19;78;2;37;11;32;4.40;4;2;1;61;0;943132;12326;0
11;19;78;2;38;5;9;5.20;4;2;1;58;0;948509;5351;0
11;19;78;2;39;15;21;4.00;4;2;1;74;0;955521;6979;0
11;19;78;2;39;19;28;3.80;4;2;1;63;0;955928;387;0
11;19;78;2;39;44;51;23.80;4;2;5;62;0;958451;2501;0
11;19;78;2;39;55;79;3.80;1;1;1;61;0;959579;17524;0
11;19;78;2;39;57;47;3.40;2;1;1;58;0;959747;30200;0
11;19;78;2;40;41;4;4.00;4;2;1;61;0;964104;5514;0
11;19;78;2;41;2;52;4.40;2;1;1;55;0;966252;6483;0
11;19;78;2;42;49;77;3.40;4;2;1;54;0;976977;12849;0
11;19;78;2;43;2;40;10.20;2;1;2;61;0;978240;11959;0
11;19;78;2;45;59;21;3.80;4;2;1;54;0;995921;18921;0
11;19;78;2;46;23;53;3.60;1;1;1;58;0;998353;38751;0
11;19;78;2;48;40;13;16.80;2;1;4;58;0;1012013;33712;0
11;19;78;2;48;41;68;4.00;1;1;1;68;0;1012168;13792;0
11;19;78;2;48;54;86;3.60;4;2;1;61;0;1013486;17539;0
11;19;78;2;50;1;79;5.20;4;2;1;61;0;1020179;6671;0
11;19;78;2;51;10;74;3.60;4;2;1;57;0;1027074;6864;0
11;19;78;2;51;48;70;4.00;4;2;1;65;0;1030870;3773;0
11;19;78;2;51;53;71;3.40;4;2;1;64;0;1031371;478;0
11;19;78;2;51;56;93;4.40;4;2;1;53;0;1031693;302;0
11;19;78;2;52;31;33;3.60;4;2;1;58;0;1035133;3410;0
11;19;78;2;53;28;0;4.00;4;2;1;57;0;1040800;5644;0
11;19;78;2;55;44;23;3.80;4;2;1;59;0;1054423;13597;0
11;19;78;2;56;38;83;7.00;4;2;1;58;0;1059883;5436;0
11;19;78;2;56;45;28;3.60;4;2;1;55;0;1060528;601;0
11;19;78;2;57;49;69;3.60;4;2;1;58;0;1066969;6417;0
11;19;78;2;58;0;5;3.40;2;1;1;56;0;1068005;55887;0
11;19;78;2;59;15;39;4.00;3;2;1;58;0;1075539;181301;0
11;19;78;2;59;25;14;3.80;4;2;1;54;0;1076514;9522;0
11;19;78;2;59;39;59;4.40;4;2;1;58;0;1077959;1419;0
11;19;78;2;59;49;50;3.60;1;1;1;55;0;1078950;66760;0
11;19;78;3;0;22;12;3.60;3;2;1;60;0;1082212;6648;0
11;19;78;3;0;22;10;3.60;4;2;1;57;0;1082210;4223;0
11;19;78;3;1;34;53;3.40;4;2;1;55;0;1089453;7220;0
11;19;78;3;1;36;98;3.00;3;2;1;58;0;1089698;7464;0
11;19;78;3;2;13;43;11.20;4;2;7;63;0;1093343;3867;0
11;19;78;3;2;55;72;3.60;1;1;1;53;0;1097572;18598;0
11;19;78;3;3;24;42;3.00;3;2;1;57;0;1100442;10725;0
11;19;78;3;3;41;59;3.40;4;2;1;57;0;1102159;8752;0
11;19;78;3;3;55;82;3.40;1;1;1;39;0;1103582;5985;0
11;19;78;3;4;25;89;3.00;4;2;1;57;0;1106589;4408;0
11;19;78;3;5;8;73;4.60;1;1;1;58;0;1110873;7259;0
11;19;78;3;5;54;17;3.80;3;2;1;60;0;1115417;14956;0
11;19;78;3;5;55;43;3.80;3;2;1;59;0;1115543;103;0
11;19;78;3;7;28;1;3.60;3;2;1;62;0;1124801;9234;0
11;19;78;3;7;30;8;3.40;4;2;1;68;0;1125008;18400;0
11;19;78;3;7;35;12;3.40;4;2;1;60;0;1125512;486;0
11;19;78;3;7;58;20;3.60;4;2;1;62;0;1127820;2287;0
11;19;78;3;8;41;83;3.80;3;2;1;56;0;1132183;7361;0
11;19;78;3;9;16;0;3.80;1;1;1;57;0;1135600;24698;0
11;19;78;3;9;49;54;4.40;1;1;1;66;0;1138954;3330;0
11;19;78;3;10;30;50;4.60;4;2;1;59;0;1143050;15209;0
11;19;78;3;10;54;49;3.80;4;2;1;51;0;1145449;2370;0
11;19;78;3;11;3;37;3.40;4;2;1;42;0;1146337;861;0
11;19;78;3;11;43;36;3.60;4;2;1;56;0;1150336;3969;0
11;19;78;3;12;24;25;3.60;4;2;1;56;0;1154425;4065;0
11;19;78;3;12;29;73;3.80;1;1;1;58;0;1154973;15995;0
11;19;78;3;12;51;35;3.80;4;2;1;63;0;1157135;2686;0
11;19;78;3;13;42;66;3.80;4;2;1;59;0;1162266;5109;0
11;19;78;3;14;19;74;4.00;4;2;1;63;0;1165974;3684;0
11;19;78;3;15;5;93;3.20;4;2;1;61;0;1170593;4596;0
11;19;78;3;15;7;65;3.00;4;2;1;59;0;1170765;153;0
11;19;78;3;15;30;46;3.20;4;2;1;65;0;1173046;2262;0
11;19;78;3;16;36;93;3.80;1;1;1;55;0;1179693;24696;0
11;19;78;3;17;35;93;4.00;4;2;1;61;0;1185593;12529;0
11;19;78;3;19;5;87;3.40;4;2;1;56;0;1194587;8970;0
11;19;78;3;19;28;38;3.60;1;1;1;55;0;1196838;17120;0
11;19;78;3;19;47;72;4.00;4;2;1;62;0;1198772;4163;0
11;19;78;3;21;7;34;3.80;1;1;1;57;0;1206734;9872;0
11;19;78;3;21;33;75;3.60;3;2;1;56;0;1209375;77167;0
11;19;78;3;22;3;97;3.40;1;1;1;54;0;1212397;5639;0
11;19;78;3;23;6;10;3.80;4;2;1;60;0;1218610;19814;0
11;19;78;3;23;51;46;4.00;4;2;1;58;0;1223146;4513;0
11;19;78;3;24;2;15;3.80;2;1;1;50;0;1224215;156188;0
11;19;78;3;24;57;58;3.40;1;1;1;54;0;1229758;17338;0
11;19;78;3;25;35;79;3.80;2;1;1;48;0;1233579;9336;0
11;19;78;3;26;12;45;3.80;4;2;1;54;0;1237245;14074;0
11;19;78;3;26;41;50;4.00;1;1;1;55;0;1240150;10369;0
11;19;78;3;26;59;90;4.80;4;2;1;63;0;1241990;4719;0
11;19;78;3;27;26;5;3.80;4;2;1;62;0;1244605;2587;0
11;19;78;3;27;25;75;25.00;1;1;5;59;0;1244575;4398;0
11;19;78;3;27;32;6;3.80;1;1;1;58;0;1245206;478;0
11;19;78;3;28;26;54;4.60;1;1;1;59;0;1250654;5424;0
11;19;78;3;29;32;17;3.60;1;1;1;58;0;1257217;6534;0
11;19;78;3;30;7;24;3.60;1;1;1;62;0;1260724;3484;0
11;19;78;3;30;20;7;3.20;1;1;1;58;0;1262007;1262;0
11;19;78;3;31;53;48;3.40;2;1;1;49;0;1271348;37740;0
11;19;78;3;32;4;41;3.40;4;2;1;57;0;1272441;27813;0
11;19;78;3;32;7;32;4.20;2;1;1;51;0;1272732;1359;0
11;19;78;3;32;39;18;3.20;4;2;1;85;0;1275918;3455;0
11;19;78;3;32;58;6;3.40;1;1;1;58;0;1277806;15779;0
11;19;78;3;33;41;65;3.20;4;2;1;59;0;1282165;6233;0
11;19;78;3;34;8;22;3.60;4;2;1;56;0;1284822;2637;0
11;19;78;3;34;12;25;3.20;4;2;1;54;0;1285225;379;0
11;19;78;3;35;23;64;3.60;3;2;1;59;0;1292364;82965;0
11;19;78;3;35;40;44;6.40;4;2;1;63;0;1294044;8797;0
11;19;78;3;36;22;89;3.40;1;1;1;57;0;1298289;20461;0
11;19;78;3;36;33;20;4.00;3;2;1;65;0;1299320;6934;0
11;19;78;3;36;36;54;3.40;4;2;1;59;0;1299654;5573;0
11;19;78;3;37;5;45;11.20;3;2;2;59;0;1302545;3202;0
11;19;78;3;37;49;46;3.40;3;2;1;61;0;1306946;4332;0
11;19;78;3;37;53;95;3.80;4;2;1;50;0;1307395;7720;0
11;19;78;3;37;56;88;4.60;4;2;1;59;0;1307688;265;0
11;19;78;3;38;58;94;3.60;3;2;1;60;0;1313894;6927;0
11;19;78;3;40;15;41;3.60;1;1;1;56;0;1321541;23230;0
11;19;78;3;41;55;2;3.20;1;1;1;62;0;1331502;9937;0
11;19;78;3;41;57;13;9.00;1;1;2;60;0;1331713;192;0
11;19;78;3;42;26;14;3.20;3;2;1;55;0;1334614;20698;0
11;19;78;3;43;23;19;5.40;4;2;1;61;0;1340319;32602;0
11;19;78;3;43;53;91;4.00;2;1;1;59;0;1343391;70629;0
11;19;78;3;44;4;4;3.60;1;1;1;41;0;1344404;12637;0
11;19;78;3;44;19;54;3.20;3;2;1;68;0;1345954;11319;0
11;19;78;3;44;24;9;3.60;4;2;1;57;0;1346409;6058;0
11;19;78;3;44;55;1;3.80;1;1;1;65;0;1349501;5065;0
11;19;78;3;44;59;63;3.60;1;1;1;51;0;1349963;440;0
11;19;78;3;45;48;15;5.20;4;2;1;63;0;1354815;8383;0
11;19;78;3;46;33;1;6.80;1;1;1;65;0;1359301;9312;0
11;19;78;3;46;36;21;3.40;4;2;1;66;0;1359621;4776;0
11;19;78;3;46;38;71;3.40;4;2;1;63;0;1359871;231;0
11;19;78;3;46;40;94;4.40;3;2;1;67;0;1360094;14123;0
11;19;78;3;46;46;85;3.80;1;1;1;59;0;1360685;1346;0
11;19;78;3;47;1;44;3.00;1;1;1;58;0;1362144;1435;0
11;19;78;3;47;12;76;5.20;1;1;1;53;0;1363276;1113;0
11;19;78;3;48;22;95;21.60;1;1;5;59;0;1370295;6983;0
11;19;78;3;48;28;32;4.60;2;1;1;61;0;1370832;27416;0
11;19;78;3;49;12;77;9.00;1;1;2;59;0;1375277;4850;0
11;19;78;3;50;13;8;3.80;4;2;1;57;0;1381308;21417;0
11;19;78;3;50;50;63;3.60;2;1;1;54;0;1385063;14203;0
11;19;78;3;52;9;83;3.60;1;1;1;47;0;1392983;17651;0
11;19;78;3;54;10;32;10.60;1;1;2;59;0;1405032;12021;0
11;19;78;3;54;15;73;3.20;1;1;1;54;0;1405573;476;0
11;19;78;3;54;24;91;3.40;4;2;1;58;0;1406491;25159;0
11;19;78;3;57;8;76;3.20;1;1;1;55;0;1422876;17281;0
11;19;78;3;57;18;69;3.60;1;1;1;59;0;1423869;972;0
11;19;78;3;57;34;87;3.40;4;2;1;58;0;1425487;18974;0
11;19;78;3;57;37;3;3.40;4;2;1;58;0;1425703;194;0
11;19;78;3;58;15;12;11.40;2;1;2;55;0;1429512;44425;0
11;19;78;3;58;16;51;3.80;1;1;1;53;0;1429651;5760;0
11;19;78;3;58;20;2;3.20;1;1;1;55;0;1430002;325;0
11;19;78;3;59;22;25;3.40;2;1;1;48;0;1436225;6638;0
11;19;78;4;0;48;3;24.80;4;2;5;60;0;1444803;19078;0
11;19;78;4;1;37;43;3.60;1;1;1;57;0;1449743;19720;0
11;19;78;4;1;56;31;3.80;4;2;1;56;0;1451631;6679;0
11;19;78;4;2;56;14;3.40;4;2;1;46;0;1457614;5958;0
11;19;78;4;3;26;89;10.80;4;2;2;64;0;1460689;3048;0
11;19;78;4;4;31;67;3.00;4;2;1;60;0;1467167;6417;0
11;19;78;4;4;47;81;8.60;1;1;2;59;0;1468781;19015;0
11;19;78;4;6;16;58;12.60;4;2;3;57;0;1477658;10473;0
11;19;78;4;6;20;43;12.40;1;1;7;57;0;1478043;9209;0
11;19;78;4;6;25;81;4.20;1;1;1;58;0;1478581;459;0
11;19;78;4;7;10;18;3.20;4;2;1;60;0;1483018;5280;0
11;19;78;4;7;51;69;3.60;4;2;1;63;0;1487169;4131;0
11;19;78;4;7;54;37;8.80;4;2;2;64;0;1487437;247;0
11;19;78;4;8;13;93;3.20;4;2;1;57;0;1489393;1906;0
11;19;78;4;8;31;49;3.20;1;1;1;59;0;1491149;12541;0
11;19;78;4;8;43;89;3.60;1;1;1;55;0;1492389;1220;0
11;19;78;4;8;58;84;4.60;4;2;1;64;0;1493884;4470;0
11;19;78;4;9;7;64;3.20;1;1;1;44;0;1494764;2351;0
11;19;78;4;9;28;23;3.60;4;2;1;57;0;1496823;2913;0
11;19;78;4;10;28;68;3.60;4;2;1;60;0;1502868;6022;0
11;19;78;4;10;59;30;5.40;2;1;1;52;0;1505930;69679;0
11;19;78;4;11;14;92;3.80;1;1;1;56;0;1507492;12701;0
11;19;78;4;11;15;94;4.00;4;2;1;62;0;1507594;4704;0
11;19;78;4;11;27;2;5.00;1;1;1;57;0;1508702;1185;0
11;19;78;4;11;40;86;3.60;4;2;1;57;0;1510086;2468;0
11;19;78;4;11;50;64;7.00;1;1;1;54;0;1511064;2330;0
11;19;78;4;11;52;90;3.60;4;2;1;62;0;1511290;1181;0
11;19;78;4;11;59;13;3.80;2;1;1;59;0;1511913;5945;0
11;19;78;4;13;0;31;3.60;1;1;1;54;0;1518031;6920;0
11;19;78;4;13;55;36;3.40;4;2;1;58;0;1523536;12225;0
11;19;78;4;13;55;57;5.40;3;2;1;60;0;1523557;163439;0
11;19;78;4;14;16;49;3.40;4;2;1;61;0;1525649;2091;0
11;19;78;4;14;45;64;3.60;2;1;1;58;0;1528564;16627;0
11;19;78;4;15;10;10;3.40;4;2;1;53;0;1531010;5340;0
11;19;78;4;15;50;64;3.60;4;2;1;61;0;1535064;4030;0
11;19;78;4;16;10;7;3.60;4;2;1;69;0;1537007;1921;0
11;19;78;4;16;39;32;3.60;2;1;1;55;0;1539932;11345;0
11;19;78;4;16;44;31;3.40;4;2;1;58;0;1540431;3405;0
11;19;78;4;17;33;40;3.60;4;2;1;58;0;1545340;4887;0
11;19;78;4;19;0;11;3.80;4;2;1;66;0;1554011;8648;0
11;19;78;4;19;45;27;3.60;3;2;1;62;0;1558527;34937;0
11;19;78;4;19;48;51;3.60;4;2;1;57;0;1558851;4819;0
11;19;78;4;20;6;0;3.00;1;1;1;54;0;1560600;42545;0
11;19;78;4;20;43;47;4.00;1;1;1;56;0;1564347;3727;0
11;19;78;4;21;25;12;3.40;2;1;1;54;0;1568512;28556;0
11;19;78;4;21;34;99;5.00;4;2;1;69;0;1569499;10625;0
11;19;78;4;21;56;75;4.00;1;1;1;61;0;1571675;7302;0
11;19;78;4;22;51;12;3.00;4;2;1;59;0;1577112;7586;0
11;19;78;4;23;51;76;4.60;4;2;1;66;0;1583176;6045;0
11;19;78;4;23;58;41;4.60;1;1;1;128;0;1583841;12142;0
11;19;78;4;24;7;24;3.80;1;1;1;66;0;1584724;870;0
11;19;78;4;24;10;6;3.60;4;2;1;62;0;1585006;1804;0
11;19;78;4;24;19;85;3.40;3;2;1;62;0;1585985;27437;0
11;19;78;4;24;22;59;3.20;4;2;1;57;0;1586259;1232;0
11;19;78;4;24;38;96;3.80;4;2;1;63;0;1587896;1616;0
11;19;78;4;24;46;57;3.60;1;1;1;52;0;1588657;3912;0
11;19;78;4;25;48;63;11.40;4;2;3;55;0;1594863;6945;0
11;19;78;4;25;57;18;3.60;1;1;1;55;0;1595718;7036;0
11;19;78;4;26;42;51;3.40;1;1;1;49;0;1600251;4509;0
11;19;78;4;26;57;88;3.60;1;1;1;54;0;1601788;1512;0
11;19;78;4;27;8;36;3.60;1;1;1;53;0;1602836;1024;0
11;19;78;4;28;8;1;3.20;4;2;1;57;0;1608801;13863;0
11;19;78;4;29;31;89;3.20;1;1;1;53;0;1617189;14328;0
11;19;78;4;29;59;93;5.80;1;1;1;51;0;1619993;2782;0
11;19;78;4;30;27;82;3.80;4;2;1;59;0;1622782;13960;0
11;19;78;4;30;38;45;3.80;4;2;1;49;0;1623845;1039;0
11;19;78;4;30;52;0;3.80;1;1;1;58;0;1625200;5166;0
11;19;78;4;31;27;61;3.20;2;1;1;54;0;1628761;60226;0
11;19;78;4;31;36;2;3.60;3;2;1;54;0;1629602;43597;0
11;19;78;4;31;51;3;4.80;4;2;1;64;0;1631103;7230;0
11;19;78;4;33;10;80;3.60;1;1;1;54;0;1639080;13856;0
11;19;78;4;33;14;2;3.40;2;1;1;51;0;1639402;10619;0
11;19;78;4;33;14;32;7.00;1;1;1;57;0;1639432;328;0
11;19;78;4;33;39;76;7.20;4;2;1;65;0;1641976;10846;0
11;19;78;4;34;41;42;3.60;4;2;1;68;0;1648142;6126;0
11;19;78;4;35;12;13;7.80;1;1;1;54;0;1651213;11736;0
11;19;78;4;35;46;20;12.20;4;2;3;55;0;1654620;6458;0
11;19;78;4;35;49;27;3.40;4;2;1;55;0;1654927;227;0
11;19;78;4;36;38;50;3.60;3;2;1;61;0;1659850;30224;0
11;19;78;4;36;41;95;3.20;4;2;1;54;0;1660195;5245;0
11;19;78;4;36;44;17;3.80;1;1;1;59;0;1660417;9152;0
11;19;78;4;36;56;57;10.60;1;1;2;57;0;1661657;1216;0
11;19;78;4;37;9;65;2.80;4;2;1;58;0;1662965;2748;0
11;19;78;4;37;18;76;5.20;1;1;1;56;0;1663876;2152;0
11;19;78;4;37;27;24;3.20;1;1;1;57;0;1664724;814;0
11;19;78;4;37;47;45;3.40;4;2;1;61;0;1666745;3762;0
11;19;78;4;37;47;63;3.20;3;2;1;64;0;1666763;6891;0
11;19;78;4;37;48;84;4.20;3;2;1;64;0;1666884;103;0
11;19;78;4;37;55;26;7.80;4;2;6;58;0;1667526;760;0
11;19;78;4;37;55;91;3.00;3;2;1;61;0;1667591;683;0
11;19;78;4;38;15;85;4.40;1;1;1;59;0;1669585;4840;0
11;19;78;4;38;23;79;3.60;1;1;1;58;0;1670379;767;0
11;19;78;4;38;28;37;3.80;1;1;1;53;0;1670837;435;0
11;19;78;4;38;49;63;3.80;2;1;1;59;0;1672963;33537;0
11;19;78;4;38;58;69;3.00;4;2;1;62;0;1673869;6294;0
11;19;78;4;39;40;38;3.60;4;2;1;66;0;1678038;4151;0
11;19;78;4;39;44;88;3.60;4;2;1;62;0;1678488;430;0
11;19;78;4;39;47;69;3.20;4;2;1;54;0;1678769;260;0
11;19;78;4;39;59;50;3.60;2;1;1;57;0;1679950;6963;0
11;19;78;4;40;3;53;3.20;1;1;1;54;0;1680353;9490;0
11;19;78;4;40;18;79;14.20;1;1;3;57;0;1681879;1504;0
11;19;78;4;40;44;84;5.00;4;2;1;59;0;1684484;5693;0
11;19;78;4;40;49;51;3.20;4;2;1;59;0;1684951;436;0
11;19;78;4;40;53;36;3.40;4;2;1;60;0;1685336;365;0
11;19;78;4;41;9;15;3.80;1;1;1;53;0;1686915;4946;0
11;19;78;4;41;15;89;3.60;1;1;1;53;0;1687589;648;0
11;19;78;4;41;31;99;3.20;4;2;1;58;0;1689199;3842;0
11;19;78;4;41;39;2;11.40;4;2;3;60;0;1689902;683;0
11;19;78;4;42;4;88;2.80;3;2;1;60;0;1692488;24879;0
11;19;78;4;42;6;4;3.40;4;2;1;64;0;1692604;2633;0
11;19;78;4;42;7;35;6.00;4;2;1;63;0;1692735;111;0
11;19;78;4;42;43;24;3.60;1;1;1;53;0;1696324;8710;0
11;19;78;4;43;11;70;3.40;3;2;1;62;0;1699170;6665;0
11;19;78;4;43;12;57;3.40;4;2;1;60;0;1699257;6487;0
11;19;78;4;43;14;49;9.40;4;2;2;62;0;1699449;171;0
11;19;78;4;43;29;53;5.00;1;1;1;57;0;1700953;4604;0
11;19;78;4;43;46;74;3.80;1;1;1;53;0;1702674;1689;0
11;19;78;4;44;18;33;3.60;4;2;1;61;0;1705833;6329;0
11;19;78;4;44;44;21;3.60;4;2;1;59;0;1708421;2566;0
11;19;78;4;44;51;73;12.20;4;2;3;63;0;1709173;730;0
11;19;78;4;45;5;82;11.40;1;1;3;57;0;1710582;7882;0
11;19;78;4;45;18;66;3.20;2;1;1;51;0;1711866;31893;0
11;19;78;4;45;28;0;3.80;1;1;1;56;0;1712800;2146;0
11;19;78;4;45;40;23;3.60;1;1;1;55;0;1714023;1198;0
11;19;78;4;45;59;83;5.00;1;1;1;57;0;1715983;1936;0
11;19;78;4;46;30;93;3.60;1;1;1;56;0;1719093;3078;0
11;19;78;4;47;21;25;3.60;4;2;1;59;0;1724125;14882;0
11;19;78;4;47;25;67;3.80;1;1;1;56;0;1724567;5450;0
11;19;78;4;47;40;13;13.80;4;2;4;50;0;1726013;1866;0
11;19;78;4;47;44;30;4.00;1;1;1;74;0;1726430;1838;0
11;19;78;4;48;10;57;3.00;4;2;1;64;0;1729057;2944;0
11;19;78;4;48;11;91;3.20;3;2;1;64;0;1729191;30001;0
11;19;78;4;48;12;91;3.60;4;2;1;62;0;1729291;217;0
11;19;78;4;48;14;40;3.80;3;2;1;63;0;1729440;231;0
11;19;78;4;48;32;75;3.60;1;1;1;58;0;1731275;4825;0
11;19;78;4;48;33;43;4.60;2;1;1;60;0;1731343;19454;0
11;19;78;4;48;41;41;14.60;1;1;4;57;0;1732141;843;0
11;19;78;4;49;11;24;3.00;4;2;1;63;0;1735124;5812;0
11;19;78;4;49;15;29;3.60;4;2;1;61;0;1735529;387;0
11;19;78;4;50;10;92;3.80;1;1;1;56;0;1741092;8858;0
11;19;78;4;50;48;75;4.00;1;1;1;56;0;1744875;3758;0
11;19;78;4;51;8;32;3.80;1;1;1;56;0;1746832;1931;0
11;19;78;4;51;15;91;3.80;2;1;1;55;0;1747591;16220;0
11;19;78;4;51;21;64;3.00;1;1;1;57;0;1748164;1307;0
11;19;78;4;51;30;98;3.40;2;1;1;56;0;1749098;1482;0
11;19;78;4;52;1;74;11.80;1;1;3;56;0;1752174;3991;0
11;19;78;4;52;4;53;13.00;1;1;2;55;0;1752453;203;0
11;19;78;4;52;25;68;3.00;4;2;1;57;0;1754568;19017;0
11;19;78;4;52;27;0;3.80;4;2;1;57;0;1754700;113;0
11;19;78;4;52;28;73;3.00;4;2;1;53;0;1754873;149;0
11;19;78;4;52;31;82;3.40;4;2;1;58;0;1755182;288;0
11;19;78;4;52;44;75;3.80;2;1;1;59;0;1756475;7355;0
11;19;78;4;52;45;78;10.60;1;1;2;61;0;1756578;4039;0
11;19;78;4;53;6;47;5.20;4;2;1;73;0;1758647;3443;0
11;19;78;4;53;18;99;3.80;4;2;1;54;0;1759899;1226;0
11;19;78;4;53;54;84;3.40;4;2;1;59;0;1763484;3559;0
11;19;78;4;53;55;10;3.60;3;2;1;64;0;1763510;34048;0
11;19;78;4;54;26;96;3.60;1;1;1;56;0;1766696;10055;0
11;19;78;4;55;30;22;3.60;1;1;1;58;0;1773022;6302;0
11;19;78;4;56;5;71;3.80;3;2;1;59;0;1776571;13040;0
11;19;78;4;56;6;53;3.20;4;2;1;58;0;1776653;13148;0
11;19;78;4;56;8;45;3.60;4;2;1;57;0;1776845;172;0
11;19;78;4;56;29;43;11.40;1;1;7;57;0;1778943;5898;0
11;19;78;4;56;45;54;18.40;4;2;5;62;0;1780554;3686;0
11;19;78;4;56;50;52;11.20;4;2;3;60;0;1781052;391;0
11;19;78;4;57;3;77;3.80;1;1;1;52;0;1782377;3362;0
11;19;78;4;57;3;76;1.60;2;1;0;51;1;1782376;25877;0
11;19;78;4;57;7;70;3.40;1;1;1;54;0;1782770;366;0
11;19;78;4;58;9;99;8.60;4;2;2;62;0;1788999;7879;0
11;19;78;4;58;10;90;3.60;1;1;1;56;0;1789090;6297;0
11;19;78;4;58;12;28;3.80;4;2;1;61;0;1789228;179;0
11;19;78;4;58;33;37;3.80;1;1;1;45;0;1791337;2223;0
11;19;78;4;58;43;13;3.60;4;2;1;60;0;1792313;3062;0
11;19;78;4;58;46;42;3.80;4;2;1;63;0;1792642;307;0
11;19;78;4;58;48;64;16.40;4;2;4;60;0;1792864;200;0
11;19;78;4;59;18;99;3.80;1;1;1;42;0;1795899;4531;0
11;19;78;4;59;43;46;3.40;4;2;1;49;0;1798346;5383;0
11;19;78;4;59;51;6;4.80;2;1;1;107;0;1799106;42607;0
11;19;78;4;59;56;41;4.20;1;1;1;59;0;1799641;3709;0
11;19;78;5;0;5;73;4.60;1;1;1;60;0;1800573;906;0
11;19;78;5;0;8;99;3.80;1;1;1;59;0;1800899;298;0
11;19;78;5;0;11;3;9.00;1;1;2;60;0;1801103;180;0
11;19;78;5;1;0;65;3.60;4;2;1;63;0;1806065;7694;0
11;19;78;5;1;0;54;4.60;1;1;1;59;0;1806054;4897;0
11;19;78;5;1;1;72;3.80;3;2;1;68;0;1806172;29577;0
11;19;78;5;1;8;6;10.60;4;2;2;61;0;1806806;720;0
11;19;78;5;1;25;9;3.80;3;2;1;65;0;1808509;2316;0
11;19;78;5;1;37;62;11.60;4;2;3;56;0;1809762;2893;0
11;19;78;5;2;8;22;3.80;4;2;1;60;0;1812822;2985;0
11;19;78;5;2;10;58;3.60;3;2;1;61;0;1813058;4527;0
11;19;78;5;2;11;92;4.40;4;2;1;58;0;1813192;347;0
11;19;78;5;2;12;71;3.60;1;1;1;55;0;1813271;7188;0
11;19;78;5;2;17;97;3.80;3;2;1;54;0;1813797;717;0
11;19;78;5;2;25;78;3.00;1;1;1;67;0;1814578;1283;0
11;19;78;5;3;21;25;12.60;1;1;3;59;0;1820125;5530;0
11;19;78;5;3;26;70;3.80;1;1;1;56;0;1820670;468;0
11;19;78;5;3;34;12;3.80;4;2;1;57;0;1821412;8192;0
11;19;78;5;3;39;68;4.00;4;2;1;60;0;1821968;532;0
11;19;78;5;3;44;86;12.40;1;1;3;50;0;1822486;1791;0
11;19;78;5;3;58;27;26.20;1;1;5;60;0;1823827;1251;0
11;19;78;5;4;1;2;3.60;2;1;1;58;0;1824102;24979;0
11;19;78;5;4;2;59;9.40;1;1;2;58;0;1824259;274;0
11;19;78;5;4;3;8;3.40;2;1;1;58;0;1824308;183;0
11;19;78;5;4;12;81;3.00;4;2;1;61;0;1825281;3289;0
11;19;78;5;4;18;45;11.40;4;2;3;63;0;1825845;546;0
11;19;78;5;4;45;99;3.60;4;2;1;67;0;1828599;2688;0
11;19;78;5;4;51;7;3.80;4;2;1;59;0;1829107;488;0
11;19;78;5;4;59;58;3.60;4;2;1;56;0;1829958;827;0
11;19;78;5;5;5;63;3.60;2;1;1;56;0;1830563;6233;0
11;19;78;5;5;8;5;3.60;2;1;1;57;0;1830805;218;0
11;19;78;5;5;44;37;3.60;1;1;1;55;0;1834437;10119;0
11;19;78;5;5;55;6;4.00;4;2;1;55;0;1835506;5524;0
11;19;78;5;5;58;1;3.60;1;1;1;48;0;1835801;1340;0
11;19;78;5;6;0;92;3.60;4;2;1;52;0;1836092;559;0
11;19;78;5;6;26;16;3.20;1;1;1;55;0;1838616;2788;0
11;19;78;5;6;50;6;14.40;4;2;4;58;0;1841006;4889;0
11;19;78;5;6;55;97;4.00;4;2;1;65;0;1841597;501;0
11;19;78;5;7;4;30;11.40;1;1;3;60;0;1842430;3793;0
11;19;78;5;7;5;27;3.80;2;1;1;68;0;1842527;11699;0
11;19;78;5;7;54;8;4.00;1;1;1;59;0;1847408;4909;0
11;19;78;5;8;3;54;3.60;4;2;1;62;0;1848354;6734;0
11;19;78;5;8;7;28;3.80;4;2;1;55;0;1848728;353;0
11;19;78;5;8;22;53;3.40;4;2;1;56;0;1850253;1500;0
11;19;78;5;9;13;95;3.20;3;2;1;60;0;1855395;41572;0
11;19;78;5;9;14;41;3.60;4;2;1;55;0;1855441;5166;0
11;19;78;5;9;20;31;3.60;4;2;1;53;0;1856031;566;0
11;19;78;5;9;23;9;3.00;4;2;1;52;0;1856309;253;0
11;19;78;5;9;29;24;3.80;1;1;1;54;0;1856924;9491;0
11;19;78;5;9;44;86;3.20;2;1;1;56;0;1858486;15938;0
11;19;78;5;9;48;33;3.20;1;1;1;60;0;1858833;1883;0
11;19;78;5;9;51;31;3.40;4;2;1;57;0;1859131;2801;0
11;19;78;5;10;10;86;11.20;4;2;3;40;0;1861086;1933;0
11;19;78;5;10;28;23;3.80;4;2;1;57;0;1862823;1636;0
11;19;78;5;10;33;11;3.80;4;2;1;56;0;1863311;464;0
11;19;78;5;10;37;36;16.00;4;2;4;56;0;1863736;400;0
11;19;78;5;10;55;33;2.80;4;2;1;59;0;1865533;1694;0
11;19;78;5;10;55;41;3.20;2;1;1;57;0;1865541;7034;0
11;19;78;5;11;12;79;12.80;1;1;3;60;0;1867279;8426;0
11;19;78;5;11;20;8;3.60;1;1;1;55;0;1868008;652;0
11;19;78;5;11;36;15;3.80;4;2;1;63;0;1869615;4064;0
11;19;78;5;11;39;33;3.60;4;2;1;59;0;1869933;296;0
11;19;78;5;11;41;42;3.80;4;2;1;59;0;1870142;187;0
11;19;78;5;11;55;12;4.80;4;2;1;67;0;1871512;1346;0
11;19;78;5;12;11;60;14.60;1;1;4;63;0;1873160;5128;0
11;19;78;5;12;17;67;4.00;1;1;1;61;0;1873767;523;0
11;19;78;5;12;20;37;3.60;4;2;1;53;0;1874037;2499;0
11;19;78;5;12;31;8;3.80;1;1;1;56;0;1875108;1317;0
11;19;78;5;12;39;4;4.60;2;1;1;56;0;1875904;10342;0
11;19;78;5;12;43;50;12.20;4;2;3;59;0;1876350;2288;0
11;19;78;5;12;44;36;5.00;3;2;1;64;0;1876436;21021;0
11;19;78;5;13;10;31;5.00;1;1;1;56;0;1879031;3898;0
11;19;78;5;13;11;45;3.80;1;1;1;55;0;1879145;81;0
11;19;78;5;13;42;93;3.60;4;2;1;60;0;1882293;5868;0
11;19;78;5;13;49;62;14.00;4;2;4;66;0;1882962;647;0
11;19;78;5;13;59;26;3.60;1;1;1;55;0;1883926;4756;0
11;19;78;5;14;20;14;11.20;4;2;2;61;0;1886014;2975;0
11;19;78;5;14;30;14;11.20;3;2;3;51;0;1887014;10549;0
11;19;78;5;15;14;76;11.40;4;2;3;55;0;1891476;5395;0
11;19;78;5;15;22;69;3.40;1;1;1;55;0;1892269;8319;0
11;19;78;5;15;50;67;3.60;4;2;1;69;0;1895067;3516;0
11;19;78;5;15;54;92;3.80;1;1;1;59;0;1895492;3200;0
11;19;78;5;16;28;59;3.00;1;1;1;52;0;1898859;3343;0
11;19;78;5;16;33;10;3.00;4;2;1;67;0;1899310;4224;0
11;19;78;5;16;34;3;3.60;1;1;1;57;0;1899403;523;0
11;19;78;5;16;42;72;3.00;4;2;1;62;0;1900272;945;0
11;19;78;5;16;58;71;3.20;1;1;1;64;0;1901871;2445;0
11;19;78;5;17;15;6;3.80;1;1;1;53;0;1903506;1617;0
11;19;78;5;17;16;45;3.40;1;1;1;52;0;1903645;113;0
11;19;78;5;17;16;91;3.60;4;2;1;59;0;1903691;3401;0
11;19;78;5;17;17;14;3.60;3;2;1;66;0;1903714;16620;0
11;19;78;5;17;21;81;3.20;4;2;1;59;0;1904181;468;0
11;19;78;5;17;23;44;10.00;1;1;2;58;0;1904344;675;0
11;19;78;5;17;47;28;3.40;4;2;1;57;0;1906728;2527;0
11;19;78;5;17;53;13;3.00;1;1;1;53;0;1907313;2906;0
11;19;78;5;17;56;22;3.60;1;1;1;55;0;1907622;288;0
11;19;78;5;17;57;45;3.40;4;2;1;60;0;1907745;995;0
11;19;78;5;18;0;69;3.60;1;1;1;54;0;1908069;423;0
11;19;78;5;18;26;92;3.80;3;2;1;69;0;1910692;6958;0
11;19;78;5;18;27;60;3.60;4;2;1;61;0;1910760;2994;0
11;19;78;5;18;28;31;6.40;2;1;1;49;0;1910831;34897;0
11;19;78;5;18;29;8;3.40;4;2;1;59;0;1910908;126;0
11;19;78;5;18;34;6;3.40;4;2;1;54;0;1911406;477;0
11;19;78;5;18;35;67;3.20;1;1;1;57;0;1911567;3474;0
11;19;78;5;18;38;35;3.00;4;2;1;53;0;1911835;406;0
11;19;78;5;18;40;66;3.80;1;1;1;59;0;1912066;478;0
11;19;78;5;18;55;25;3.80;4;2;1;58;0;1913525;1669;0
11;19;78;5;18;55;51;6.40;2;1;1;59;0;1913551;2672;0
11;19;78;5;19;27;50;3.80;1;1;1;56;0;1916750;4660;0
11;19;78;5;19;29;93;11.40;1;1;2;54;0;1916993;218;0
11;19;78;5;19;32;33;9.80;1;1;2;55;0;1917233;164;0
11;19;78;5;19;37;10;4.00;4;2;1;63;0;1917710;4161;0
11;19;78;5;19;37;74;4.00;3;2;1;66;0;1917774;7062;0
11;19;78;5;19;37;85;3.20;1;1;1;60;0;1917785;487;0
11;19;78;5;19;39;55;3.80;1;1;1;61;0;1917955;150;0
11;19;78;5;20;3;66;4.20;4;2;1;65;0;1920366;2633;0
11;19;78;5;20;9;19;3.60;4;2;1;60;0;1920919;529;0
11;19;78;5;20;18;51;3.80;1;1;1;58;0;1921851;3873;0
11;19;78;5;20;19;34;4.00;2;1;1;56;0;1921934;8343;0
11;19;78;5;20;26;7;3.60;2;1;1;55;0;1922607;647;0
11;19;78;5;20;28;22;3.60;1;1;1;58;0;1922822;947;0
11;19;78;5;20;48;55;3.60;1;1;1;58;0;1924855;2010;0
11;19;78;5;20;51;41;4.40;4;2;1;63;0;1925141;4200;0
11;19;78;5;20;55;40;12.20;4;2;2;60;0;1925540;373;0
11;19;78;5;21;0;25;3.40;4;2;1;58;0;1926025;411;0
11;19;78;5;21;2;61;3.40;4;2;1;57;0;1926261;214;0
11;19;78;5;21;7;95;3.00;2;1;1;48;0;1926795;4164;0
11;19;78;5;21;41;17;3.60;2;1;1;57;0;1930117;3299;0
11;19;78;5;21;43;35;3.20;4;2;1;54;0;1930335;4052;0
11;19;78;5;21;47;1;9.60;1;1;2;57;0;1930701;5823;0
11;19;78;5;21;48;86;3.40;2;1;1;61;0;1930886;746;0
11;19;78;5;21;48;84;9.40;1;1;2;55;0;1930884;122;0
11;19;78;5;21;59;95;3.00;1;1;1;50;0;1931995;1049;0
11;19;78;5;22;2;56;2.60;4;2;1;63;0;1932256;1899;0
11;19;78;5;22;7;76;3.60;4;2;1;63;0;1932776;505;0
11;19;78;5;22;28;63;5.00;1;1;1;58;0;1934863;2846;0
11;19;78;5;22;42;47;3.80;1;1;1;53;0;1936247;1352;0
11;19;78;5;22;45;83;5.40;1;1;1;56;0;1936583;310;0
11;19;78;5;22;48;13;8.20;2;1;2;59;0;1936813;5906;0
11;19;78;5;23;4;3;3.80;4;2;1;64;0;1938403;5606;0
11;19;78;5;23;7;44;3.20;3;2;1;63;0;1938744;20948;0
11;19;78;5;23;7;78;7.40;4;2;2;59;0;1938778;353;0
11;19;78;5;23;8;89;4.20;3;2;1;69;0;1938889;126;0
11;19;78;5;23;10;30;4.00;3;2;1;66;0;1939030;119;0
11;19;78;5;23;29;73;4.00;1;1;1;56;0;1940973;4355;0
11;19;78;5;23;36;70;9.00;1;1;2;59;0;1941670;671;0
11;19;78;5;23;47;85;4.60;1;1;1;56;0;1942785;1060;0
11;19;78;5;24;2;69;3.80;1;1;1;58;0;1944269;1454;0
11;19;78;5;24;28;0;3.40;1;1;1;53;0;1946800;2507;0
11;19;78;5;24;29;66;3.00;3;2;1;60;0;1946966;7914;0
11;19;78;5;24;32;87;3.40;3;2;1;59;0;1947287;303;0
11;19;78;5;24;34;46;3.40;4;2;1;57;0;1947446;8622;0
11;19;78;5;24;35;88;3.80;4;2;1;58;0;1947588;120;0
11;19;78;5;24;44;74;14.20;4;2;4;51;0;1948474;862;0
11;19;78;5;24;47;71;5.40;1;1;1;60;0;1948771;1947;0
11;19;78;5;24;53;1;3.80;4;2;1;67;0;1949301;726;0
11;19;78;5;25;4;7;13.60;4;2;4;52;0;1950407;1085;0
11;19;78;5;25;11;63;4.00;4;2;1;64;0;1951163;661;0
11;19;78;5;25;14;24;3.80;1;1;1;58;0;1951424;2620;0
11;19;78;5;25;19;61;14.60;1;1;3;58;0;1951961;513;0
11;19;78;5;25;30;65;3.60;1;1;1;56;0;1953065;1013;0
11;19;78;5;25;38;93;3.60;4;2;1;61;0;1953893;2707;0
11;19;78;5;25;40;25;3.20;3;2;1;63;0;1954025;6717;0
11;19;78;5;25;42;42;3.40;4;2;1;68;0;1954242;327;0
11;19;78;5;25;44;70;3.80;3;2;1;68;0;1954470;426;0
11;19;78;5;25;45;0;5.00;4;2;1;61;0;1954500;240;0
11;19;78;5;25;46;42;3.60;4;2;1;59;0;1954642;112;0
11;19;78;5;25;50;36;3.20;4;2;1;62;0;1955036;372;0
11;19;78;5;25;52;43;2.80;4;2;1;59;0;1955243;188;0
11;19;78;5;26;25;65;3.80;1;1;1;58;0;1958565;5476;0
11;19;78;5;26;29;25;5.00;1;1;1;57;0;1958925;336;0
11;19;78;5;26;29;23;3.20;2;1;0;57;1;1958923;22059;0
11;19;78;5;26;36;58;3.60;1;1;1;61;0;1959658;701;0
11;19;78;5;26;37;7;11.40;4;2;3;51;0;1959707;4446;0
11;19;78;5;26;41;1;9.00;1;1;2;61;0;1960101;421;0
11;19;78;5;27;27;62;3.40;4;2;1;60;0;1964762;4974;0
11;19;78;5;27;29;54;6.20;1;1;1;56;0;1964954;4799;0
11;19;78;5;27;30;1;3.60;4;2;1;62;0;1965001;218;0
11;19;78;5;27;30;72;3.60;3;2;1;57;0;1965072;10581;0
11;19;78;5;27;42;81;12.80;1;1;3;49;0;1966281;1287;0
11;19;78;5;27;50;1;4.00;1;1;1;46;0;1967001;625;0
11;19;78;5;28;1;25;3.40;4;2;1;65;0;1968125;3103;0
11;19;78;5;28;16;8;11.20;1;1;3;53;0;1969608;2575;0
11;19;78;5;28;27;65;4.20;2;1;1;60;0;1970765;33901;0
11;19;78;5;28;39;84;3.80;1;1;1;59;0;1971984;2299;0
11;19;78;5;28;44;98;12.40;4;2;3;63;0;1972498;4354;0
11;19;78;5;28;53;10;3.60;3;2;1;61;0;1973310;8215;0
11;19;78;5;28;53;63;3.60;1;1;1;53;0;1973363;1355;0
11;19;78;5;28;56;59;4.00;4;2;1;64;0;1973659;1090;0
11;19;78;5;28;59;57;4.60;4;2;1;62;0;1973957;275;0
11;19;78;5;29;0;50;3.80;3;2;1;56;0;1974050;718;0
11;19;78;5;29;1;45;4.40;3;2;1;55;0;1974145;70;0
11;19;78;5;29;2;56;4.00;3;2;1;56;0;1974256;82;0
11;19;78;5;29;2;98;4.00;4;2;1;56;0;1974298;314;0
11;19;78;5;29;4;27;3.80;4;2;1;55;0;1974427;103;0
11;19;78;5;29;6;44;3.20;4;2;1;55;0;1974644;192;0
11;19;78;5;29;8;38;3.80;4;2;1;55;0;1974838;173;0
11;19;78;5;29;20;73;16.40;1;1;4;56;0;1976073;2685;0
11;19;78;5;29;31;48;4.00;4;2;1;54;0;1977148;2285;0
11;19;78;5;30;6;48;3.40;4;2;1;73;0;1980648;3473;0
11;19;78;5;30;7;11;3.80;1;1;1;60;0;1980711;4532;0
11;19;78;5;30;7;52;3.40;3;2;1;61;0;1980752;6470;0
11;19;78;5;30;8;48;5.40;1;1;1;57;0;1980848;114;0
11;19;78;5;30;10;74;4.00;1;1;1;58;0;1981074;191;0
11;19;78;5;30;12;36;4.00;1;1;1;58;0;1981236;137;0
11;19;78;5;30;15;63;3.80;1;1;1;55;0;1981563;302;0
11;19;78;5;30;17;57;4.00;1;1;1;57;0;1981757;169;0
11;19;78;5;30;21;39;9.60;1;1;2;59;0;1982139;356;0
11;19;78;5;30;44;48;3.40;4;2;1;62;0;1984448;3783;0
11;19;78;5;30;52;25;3.60;2;1;1;58;0;1985225;14434;0
11;19;78;5;30;55;97;11.40;4;2;3;53;0;1985597;1129;0
11;19;78;5;30;56;93;3.60;2;1;1;61;0;1985693;445;0
11;19;78;5;31;2;27;3.80;1;1;1;55;0;1986227;4029;0
11;19;78;5;31;28;32;4.60;3;2;1;68;0;1988832;8059;0
11;19;78;5;31;29;70;3.60;3;2;1;64;0;1988970;113;0
11;19;78;5;31;30;90;3.60;4;2;1;65;0;1989090;3415;0
11;19;78;5;31;32;80;3.00;4;2;1;61;0;1989280;170;0
11;19;78;5;31;33;7;3.20;3;2;1;63;0;1989307;316;0
11;19;78;5;31;34;86;4.00;4;2;1;60;0;1989486;188;0
11;19;78;5;31;37;22;3.60;4;2;1;62;0;1989722;212;0
11;19;78;5;31;39;92;3.60;4;2;1;72;0;1989992;249;0
11;19;78;5;31;42;32;11.40;1;1;3;48;0;1990232;3980;0
11;19;78;5;31;44;75;3.40;1;1;1;47;0;1990475;157;0
11;19;78;5;31;49;49;3.80;1;1;1;54;0;1990949;447;0
11;19;78;5;32;0;79;3.40;1;1;1;47;0;1992079;1104;0
11;19;78;5;32;2;69;3.60;4;2;1;60;0;1992269;2259;0
11;19;78;5;32;18;23;11.40;1;1;2;60;0;1993823;1717;0
11;19;78;5;32;30;55;3.80;1;1;1;55;0;1995055;1163;0
11;19;78;5;32;37;32;3.40;2;1;1;54;0;1995732;10017;0
11;19;78;5;32;41;50;3.80;1;1;1;56;0;1996150;1070;0
11;19;78;5;32;42;82;3.40;1;1;1;57;0;1996282;107;0
11;19;78;5;32;49;34;4.00;2;1;1;55;0;1996934;1179;0
11;19;78;5;32;53;18;3.60;3;2;1;75;0;1997318;7992;0
11;19;78;5;32;54;34;4.60;4;2;1;62;0;1997434;5143;0
11;19;78;5;32;55;21;5.20;3;2;1;66;0;1997521;185;0
11;19;78;5;32;56;85;2.80;3;2;1;65;0;1997685;135;0
11;19;78;5;33;1;82;7.00;2;1;1;58;0;1998182;1221;0
11;19;78;5;33;3;51;3.60;3;2;1;58;0;1998351;650;0
11;19;78;5;33;3;85;3.40;4;2;1;56;0;1998385;924;0
11;19;78;5;33;6;23;3.60;4;2;1;57;0;1998623;216;0
11;19;78;5;33;10;75;3.80;4;2;1;63;0;1999075;429;0
11;19;78;5;33;37;33;3.60;1;1;1;58;0;2001733;5429;0
11;19;78;5;33;39;1;3.20;1;1;1;57;0;2001901;145;0
11;19;78;5;33;43;53;3.80;1;1;1;56;0;2002353;431;0
11;19;78;5;33;45;14;3.60;1;1;1;55;0;2002514;136;0
11;19;78;5;34;1;49;4.40;2;1;1;59;0;2004149;5923;0
11;19;78;5;34;7;92;3.20;1;1;1;55;0;2004792;2254;0
11;19;78;5;34;13;27;3.40;1;1;1;57;0;2005327;514;0
11;19;78;5;34;23;73;3.60;3;2;1;64;0;2006373;7999;0
11;19;78;5;34;25;1;3.80;4;2;1;64;0;2006501;7404;0
11;19;78;5;34;27;57;3.80;4;2;1;62;0;2006757;234;0
11;19;78;5;34;28;60;3.80;1;1;1;61;0;2006860;1511;0
11;19;78;5;34;31;6;3.20;4;2;1;61;0;2007106;326;0
11;19;78;5;34;32;41;3.60;3;2;1;64;0;2007241;847;0
11;19;78;5;34;34;75;9.20;4;2;2;62;0;2007475;350;0
11;19;78;5;34;37;70;3.60;1;1;1;56;0;2007770;887;0
11;19;78;5;34;38;19;3.80;2;1;1;54;0;2007819;3643;0
11;19;78;5;34;41;87;4.00;1;1;1;57;0;2008187;393;0
11;19;78;5;34;44;12;3.60;1;1;1;53;0;2008412;199;0
11;19;78;5;34;44;91;3.20;3;2;1;62;0;2008491;1229;0
11;19;78;5;34;52;96;3.80;3;2;1;45;0;2009296;786;0
11;19;78;5;35;5;49;4.80;1;1;1;58;0;2010549;2112;0
11;19;78;5;35;26;41;4.20;1;1;1;59;0;2012641;2062;0
11;19;78;5;35;27;60;3.40;1;1;1;57;0;2012760;93;0
11;19;78;5;35;34;11;3.40;1;1;1;57;0;2013411;629;0
11;19;78;5;35;36;57;3.20;4;2;1;59;0;2013657;6128;0
11;19;78;5;35;37;44;4.00;3;2;1;65;0;2013744;4417;0
11;19;78;5;35;57;73;3.80;4;2;1;58;0;2015773;2096;0
11;19;78;5;35;58;91;3.60;4;2;1;56;0;2015891;94;0
11;19;78;5;36;3;43;5.00;4;2;1;54;0;2016343;428;0
11;19;78;5;36;4;23;3.80;1;1;1;57;0;2016423;2990;0
11;19;78;5;36;11;92;3.60;1;1;1;59;0;2017192;745;0
11;19;78;5;36;13;79;3.80;1;1;1;58;0;2017379;165;0
11;19;78;5;36;16;12;3.40;1;1;1;57;0;2017612;209;0
11;19;78;5;36;18;34;3.60;1;1;1;56;0;2017834;200;0
11;19;78;5;36;38;51;3.40;1;1;1;52;0;2019851;1993;0
11;19;78;5;36;46;76;3.40;1;1;1;59;0;2020676;801;0
11;19;78;5;36;48;80;3.40;3;2;1;59;0;2020880;7113;0
11;19;78;5;36;49;37;3.20;4;2;1;62;0;2020937;4560;0
11;19;78;5;36;52;22;3.60;4;2;1;58;0;2021222;266;0
11;19;78;5;36;52;55;4.20;3;2;1;60;0;2021255;354;0
11;19;78;5;37;2;72;3.40;4;2;1;58;0;2022272;1027;0
11;19;78;5;37;5;31;6.60;4;2;2;59;0;2022531;237;0
11;19;78;5;37;5;86;4.80;1;1;1;61;0;2022586;1889;0
11;19;78;5;37;8;1;3.80;1;1;1;62;0;2022801;186;0
11;19;78;5;37;8;23;3.40;4;2;1;56;0;2022823;251;0
11;19;78;5;37;17;32;3.60;4;2;1;54;0;2023732;887;0
11;19;78;5;37;22;69;3.20;1;1;1;59;0;2024269;1445;0
11;19;78;5;37;28;76;3.40;1;1;1;57;0;2024876;587;0
11;19;78;5;37;31;86;11.80;1;1;2;57;0;2025186;288;0
11;19;78;5;37;34;16;3.20;4;2;1;51;0;2025416;1660;0
11;19;78;5;37;53;46;3.00;1;1;1;57;0;2027346;2085;0
11;19;78;5;37;57;37;3.60;2;1;1;59;0;2027737;19892;0
11;19;78;5;38;10;32;3.20;2;1;1;59;0;2029032;1273;0
11;19;78;5;38;17;32;3.60;3;2;1;58;0;2029732;8451;0
11;19;78;5;38;18;75;4.00;3;2;1;63;0;2029875;120;0
11;19;78;5;38;21;19;3.60;4;2;1;60;0;2030119;4680;0
11;19;78;5;38;22;97;3.60;1;1;1;55;0;2030297;2932;0
11;19;78;5;38;34;71;3.20;1;1;1;63;0;2031471;1150;0
11;19;78;5;38;36;32;5.20;1;1;1;58;0;2031632;142;0
11;19;78;5;38;58;86;7.00;4;2;2;63;0;2033886;3745;0
11;19;78;5;39;11;9;14.20;4;2;3;60;0;2035109;1183;0
11;19;78;5;39;21;47;3.40;1;1;1;59;0;2036147;4482;0
11;19;78;5;39;24;16;3.40;1;1;1;58;0;2036416;248;0
11;19;78;5;39;25;34;4.00;3;2;1;61;0;2036534;6636;0
11;19;78;5;39;28;73;3.40;1;1;1;56;0;2036873;435;0
11;19;78;5;39;30;11;3.80;1;1;1;54;0;2037011;116;0
11;19;78;5;39;30;32;3.80;4;2;1;60;0;2037032;1837;0
11;19;78;5;39;30;93;3.40;3;2;1;62;0;2037093;535;0
11;19;78;5;39;33;44;5.20;1;1;1;60;0;2037344;307;0
11;19;78;5;39;34;15;3.60;3;2;1;63;0;2037415;302;0
11;19;78;5;39;35;11;3.20;4;2;1;57;0;2037511;456;0
11;19;78;5;39;37;95;3.20;4;2;1;56;0;2037795;263;0
11;19;78;5;39;43;50;3.60;3;2;1;61;0;2038350;914;0
11;19;78;5;39;54;78;3.20;2;1;1;54;0;2039478;10426;0
11;19;78;5;39;55;26;3.60;1;1;1;53;0;2039526;2150;0
11;19;78;5;39;58;54;3.80;4;2;1;66;0;2039854;2038;0
11;19;78;5;39;58;64;3.60;1;1;1;56;0;2039864;313;0
11;19;78;5;40;1;90;3.20;1;1;1;54;0;2040190;302;0
11;19;78;5;40;3;97;4.00;1;1;1;60;0;2040397;185;0
11;19;78;5;40;6;32;5.00;1;1;1;60;0;2040632;211;0
11;19;78;5;40;8;64;3.60;2;1;1;59;0;2040864;1364;0
11;19;78;5;40;28;70;3.80;2;1;1;54;0;2042870;1984;0
11;19;78;5;40;33;7;3.20;1;1;1;60;0;2043307;2645;0
11;19;78;5;40;35;79;3.80;3;2;1;66;0;2043579;5207;0
11;19;78;5;40;37;19;3.40;4;2;1;60;0;2043719;3844;0
11;19;78;5;40;37;63;3.00;3;2;1;67;0;2043763;163;0
11;19;78;5;40;38;95;3.40;3;2;1;64;0;2043895;115;0
11;19;78;5;40;39;89;3.40;4;2;1;63;0;2043989;249;0
11;19;78;5;40;42;25;3.80;2;1;1;58;0;2044225;1329;0
11;19;78;5;40;43;75;3.40;4;2;1;61;0;2044375;366;0
11;19;78;5;40;43;28;14.60;1;1;4;57;0;2044328;1001;0
11;19;78;5;40;47;56;5.20;4;2;1;56;0;2044756;360;0
11;19;78;5;40;48;29;3.20;1;1;1;54;0;2044829;408;0
11;19;78;5;40;50;18;4.40;1;1;1;57;0;2045018;167;0
11;19;78;5;40;53;2;3.80;4;2;1;61;0;2045302;512;0
11;19;78;5;40;53;56;3.80;3;2;1;65;0;2045356;1441;0
11;19;78;5;41;4;3;4.00;1;1;1;57;0;2046403;1357;0
11;19;78;5;41;8;47;11.20;4;2;3;52;0;2046847;1522;0
11;19;78;5;41;13;33;3.60;1;1;1;58;0;2047333;904;0
11;19;78;5;41;13;62;3.60;3;2;1;60;0;2047362;1984;0
11;19;78;5;41;14;31;3.20;2;1;1;57;0;2047431;3182;0
11;19;78;5;41;15;6;4.40;1;1;1;58;0;2047506;150;0
11;19;78;5;41;14;47;12.60;4;2;3;53;0;2047447;522;0
11;19;78;5;41;16;21;3.80;1;1;1;59;0;2047621;87;0
11;19;78;5;41;20;60;3.40;1;1;1;57;0;2048060;415;0
11;19;78;5;41;35;86;3.80;1;1;1;56;0;2049586;1504;0
11;19;78;5;41;36;77;3.80;2;1;1;58;0;2049677;2225;0
11;19;78;5;41;36;99;3.60;1;1;1;57;0;2049699;88;0
11;19;78;5;41;39;93;4.00;1;1;1;59;0;2049993;271;0
11;19;78;5;41;44;26;9.60;1;1;2;55;0;2050426;408;0
11;19;78;5;41;46;6;11.80;1;1;3;56;0;2050606;117;0
11;19;78;5;41;49;20;4.20;3;2;1;64;0;2050920;3536;0
11;19;78;5;41;49;53;3.40;1;1;1;54;0;2050953;271;0
11;19;78;5;41;50;20;3.20;4;2;1;59;0;2051020;3487;0
11;19;78;5;41;51;44;3.80;1;1;1;56;0;2051144;168;0
11;19;78;5;41;53;89;3.60;1;1;1;53;0;2051389;220;0
11;19;78;5;41;54;3;4.00;4;2;1;57;0;2051403;363;0
11;19;78;5;41;55;71;3.80;1;1;1;52;0;2051571;157;0
11;19;78;5;41;56;68;3.00;4;2;1;57;0;2051668;239;0
11;19;78;5;41;57;38;4.80;4;2;1;57;0;2051738;51;0
11;19;78;5;41;57;69;3.20;3;2;1;58;0;2051769;825;0
11;19;78;5;41;59;85;3.40;4;2;1;58;0;2051985;216;0
11;19;78;5;41;59;28;17.60;3;2;4;58;0;2051928;139;0
11;19;78;5;42;1;31;3.40;4;2;1;62;0;2052131;124;0
11;19;78;5;42;1;87;3.60;3;2;1;54;0;2052187;149;0
11;19;78;5;42;3;27;3.80;3;2;1;55;0;2052327;116;0
11;19;78;5;42;4;85;5.60;4;2;1;61;0;2052485;334;0
11;19;78;5;42;5;3;3.80;1;1;1;53;0;2052503;905;0
11;19;78;5;42;5;12;3.80;3;2;1;57;0;2052512;160;2051769
11;19;78;5;42;8;75;3.40;1;1;1;60;0;2052875;346;0
11;19;78;5;42;10;56;3.40;4;2;1;54;0;2053056;537;0
11;19;78;5;42;24;58;3.40;4;2;1;61;0;2054458;1379;0
11;19;78;5;42;38;73;4.20;2;1;1;56;0;2055873;6172;0
11;19;78;5;42;42;3;3.20;1;1;1;54;0;2056203;3307;0
11;19;78;5;42;43;73;3.20;1;1;1;53;0;2056373;148;0
11;19;78;5;42;53;9;3.40;3;2;1;67;0;2057309;4773;0
11;19;78;5;42;57;17;3.60;4;2;1;63;0;2057717;3238;0
11;19;78;5;43;5;60;3.40;1;1;1;61;0;2058560;2165;0
11;19;78;5;43;5;82;3.20;2;1;1;57;0;2058582;2682;0
11;19;78;5;43;10;19;3.60;1;1;1;58;0;2059019;438;0
11;19;78;5;43;14;42;3.60;1;1;1;61;0;2059442;400;0
11;19;78;5;43;24;85;9.40;4;2;2;62;0;2060485;2747;0
11;19;78;5;43;29;53;4.40;1;1;1;60;0;2060953;1489;0
11;19;78;5;43;35;99;13.20;1;1;3;57;0;2061599;619;0
11;19;78;5;43;37;48;3.60;4;2;1;57;0;2061748;1208;0
11;19;78;5;43;38;92;3.60;2;1;1;54;0;2061892;3289;0
11;19;78;5;44;1;75;3.40;4;2;1;69;0;2064175;2404;0
11;19;78;5;44;3;36;4.00;1;1;1;58;0;2064336;2653;0
11;19;78;5;44;5;1;3.60;1;1;1;61;0;2064501;140;0
11;19;78;5;44;5;76;3.60;3;2;1;68;0;2064576;7248;0
11;19;78;5;44;6;34;3.80;4;2;1;62;0;2064634;441;0
11;19;78;5;44;8;41;3.20;4;2;1;60;0;2064841;184;0
11;19;78;5;44;11;86;3.60;1;1;1;57;0;2065186;663;0
11;19;78;5;44;12;22;3.60;2;1;1;56;0;2065222;3306;0
11;19;78;5;44;12;73;3.20;4;2;1;59;0;2065273;412;0
11;19;78;5;44;13;77;3.40;3;2;1;65;0;2065377;781;0
11;19;78;5;44;15;25;4.20;1;1;1;56;0;2065525;316;0
11;19;78;5;44;15;47;4.20;2;1;1;59;0;2065547;301;0
11;19;78;5;44;15;52;3.40;4;2;1;57;0;2065552;259;0
11;19;78;5;44;17;95;3.80;1;1;1;54;0;2065795;243;0
11;19;78;5;44;19;49;6.20;4;2;1;54;0;2065949;375;0
11;19;78;5;44;19;82;3.60;1;1;1;54;0;2065982;161;0
11;19;78;5;44;20;56;4.60;3;2;1;59;0;2066056;660;0
11;19;78;5;44;24;85;4.00;2;1;1;60;0;2066485;912;0
11;19;78;5;44;29;37;3.60;1;1;1;60;0;2066937;931;0
11;19;78;5;44;35;0;3.00;4;2;1;60;0;2067500;1509;0
11;19;78;5;44;42;72;3.80;1;1;1;58;0;2068272;1313;0
11;19;78;5;44;55;37;3.80;3;2;1;57;0;2069537;3452;0
11;19;78;5;44;56;45;3.40;2;1;1;54;0;2069645;3136;0
11;19;78;5;45;1;33;3.60;1;1;1;53;0;2070133;1837;0
11;19;78;5;45;2;83;3.40;1;1;1;52;0;2070283;125;0
11;19;78;5;45;4;73;3.80;1;1;1;55;0;2070473;166;0
11;19;78;5;45;8;20;7.80;1;1;1;57;0;2070820;322;0
11;19;78;5;45;36;64;4.40;3;2;1;61;0;2073664;4103;0
11;19;78;5;45;37;77;3.80;4;2;1;60;0;2073777;6259;0
11;19;78;5;45;41;1;3.80;4;2;1;57;0;2074101;301;0
11;19;78;5;45;43;32;3.80;4;2;1;59;0;2074332;207;0
11;19;78;5;45;49;39;3.60;1;1;1;57;0;2074939;4069;0
11;19;78;5;45;50;83;3.60;2;1;1;61;0;2075083;5415;0
11;19;78;5;46;5;89;3.60;1;1;1;59;0;2076589;1627;0
11;19;78;5;46;11;45;12.40;1;1;3;49;0;2077145;534;0
11;19;78;5;46;13;75;5.40;2;1;1;59;0;2077375;2270;0
11;19;78;5;46;16;20;4.80;3;2;1;64;0;2077620;3930;0
11;19;78;5;46;20;52;3.20;4;2;1;47;0;2078052;3696;0
11;19;78;5;46;48;67;3.80;4;2;1;59;0;2080867;2790;0
11;19;78;5;46;51;57;3.40;4;2;1;57;0;2081157;266;0
11;19;78;5;46;52;11;5.40;3;2;1;69;0;2081211;3564;0
11;19;78;5;46;52;14;4.40;2;1;1;58;0;2081214;3806;0
11;19;78;5;46;53;77;3.20;4;2;1;60;0;2081377;198;0
11;19;78;5;46;56;33;7.60;2;1;2;56;0;2081633;391;0
11;19;78;5;47;3;31;3.80;1;1;1;59;0;2082331;5094;0
11;19;78;5;47;4;27;3.80;4;2;1;56;0;2082427;1030;0
11;19;78;5;47;6;28;4.80;1;1;1;58;0;2082628;273;0
11;19;78;5;47;14;12;4.00;2;1;1;49;0;2083412;1730;0
11;19;78;5;47;15;86;3.60;4;2;1;59;0;2083586;1134;0
11;19;78;5;47;23;91;4.00;1;1;1;60;0;2084391;1733;0
11;19;78;5;47;26;2;5.00;1;1;1;54;0;2084602;187;0
11;19;78;5;47;28;46;25.00;1;1;5;53;0;2084846;210;0
11;19;78;5;47;32;20;3.40;4;2;1;59;0;2085220;1612;0
11;19;78;5;47;43;87;10.80;4;2;2;62;0;2086387;1146;0
11;19;78;5;47;49;86;3.40;4;2;1;60;0;2086986;536;0
11;19;78;5;47;57;54;5.00;1;1;1;57;0;2087754;2738;0
11;19;78;5;48;12;27;3.20;1;1;1;56;0;2089227;1441;0
11;19;78;5;48;18;80;4.20;4;2;1;58;0;2089880;2873;0
11;19;78;5;48;20;57;3.60;4;2;1;60;0;2090057;150;0
11;19;78;5;48;21;74;4.60;3;2;1;73;0;2090174;8934;0
11;19;78;5;48;22;54;3.40;4;2;1;64;0;2090254;175;0
11;19;78;5;48;24;28;3.60;3;2;1;70;0;2090428;231;0
11;19;78;5;48;26;40;3.20;4;2;1;58;0;2090640;366;0
11;19;78;5;48;27;16;3.20;1;1;1;60;0;2090716;1468;0
11;19;78;5;48;27;62;3.60;3;2;1;70;0;2090762;315;0
11;19;78;5;48;27;85;4.60;2;1;1;62;0;2090785;7343;0
11;19;78;5;48;28;31;4.20;1;1;1;59;0;2090831;95;0
11;19;78;5;48;28;27;5.00;4;2;1;59;0;2090827;167;0
11;19;78;5;48;29;36;3.80;1;1;1;58;0;2090936;79;0
11;19;78;5;48;29;75;3.40;3;2;1;66;0;2090975;194;0
11;19;78;5;48;29;72;4.20;2;1;1;60;0;2090972;160;0
11;19;78;5;48;29;94;3.20;4;2;1;61;0;2090994;136;0
11;19;78;5;48;30;84;3.60;4;2;1;62;0;2091084;71;0
11;19;78;5;48;30;90;4.60;1;1;1;59;0;2091090;130;0
11;19;78;5;48;30;93;3.00;2;1;0;59;1;2091093;95;0
11;19;78;5;48;40;92;3.80;1;1;1;60;0;2092092;973;0
11;19;78;5;48;41;33;3.40;4;2;1;64;0;2092133;1028;0
11;19;78;5;48;46;18;3.40;2;1;1;54;0;2092618;1620;0
11;19;78;5;48;51;62;3.60;1;1;1;55;0;2093162;1047;0
11;19;78;5;48;54;34;3.40;4;2;1;65;0;2093434;1281;0
11;19;78;5;48;56;90;4.00;2;1;1;56;0;2093690;1049;0
11;19;78;5;49;11;76;4.00;1;1;1;59;0;2095176;1990;0
11;19;78;5;49;13;94;3.40;1;1;1;60;0;2095394;193;0
11;19;78;5;49;29;18;3.40;3;2;1;64;0;2096918;5924;0
11;19;78;5;49;32;77;3.60;4;2;1;62;0;2097277;3824;0
11;19;78;5;49;34;15;3.80;4;2;1;57;0;2097415;117;0
11;19;78;5;49;35;63;3.20;4;2;1;56;0;2097563;124;0
11;19;78;5;49;36;85;4.00;3;2;1;61;0;2097685;747;0
11;19;78;5;49;41;52;3.60;4;2;1;60;0;2098152;568;0
11;19;78;5;49;45;83;4.20;1;1;1;57;0;2098583;3168;0
11;19;78;5;49;48;52;3.60;1;1;1;56;0;2098852;242;0
11;19;78;5;49;50;46;3.40;1;1;1;51;0;2099046;170;0
11;19;78;5;49;51;25;3.40;1;1;1;48;0;2099125;55;0
11;19;78;5;50;8;40;3.60;3;2;1;66;0;2100840;3131;0
11;19;78;5;50;10;1;3.40;4;2;1;56;0;2101001;2827;0
11;19;78;5;50;19;74;3.80;4;2;1;61;0;2101974;951;0
11;19;78;5;50;32;67;3.40;1;1;1;60;0;2103267;4116;0
11;19;78;5;50;36;78;11.60;4;2;3;60;0;2103678;1681;0
11;19;78;5;50;46;55;3.20;1;1;1;55;0;2104655;1367;0
11;19;78;5;50;49;84;3.40;1;1;1;56;0;2104984;308;0
11;19;78;5;50;51;16;3.60;1;1;1;57;0;2105116;110;0
11;19;78;5;50;51;68;4.80;4;2;1;65;0;2105168;1420;0
11;19;78;5;50;55;47;3.60;4;2;1;56;0;2105547;352;0
11;19;78;5;50;58;39;3.60;3;2;1;61;0;2105839;4979;0
11;19;78;5;51;1;94;3.20;4;2;1;59;0;2106194;623;0
11;19;78;5;51;4;86;5.20;4;2;1;57;0;2106486;272;0
11;19;78;5;51;7;99;3.60;1;1;1;59;0;2106799;1660;0
11;19;78;5;51;14;15;3.60;1;1;1;61;0;2107415;594;0
11;19;78;5;51;16;10;3.40;2;1;1;59;0;2107610;13894;0
11;19;78;5;51;16;60;4.20;1;1;1;56;0;2107660;223;0
11;19;78;5;51;17;80;3.80;1;1;1;55;0;2107780;93;0
11;19;78;5;51;19;22;3.60;2;1;1;59;0;2107922;291;0
11;19;78;5;51;22;79;3.60;4;2;1;58;0;2108279;1760;0
11;19;78;5;51;23;1;4.40;2;1;1;67;0;2108301;357;0
11;19;78;5;51;28;73;3.60;1;1;1;62;0;2108873;1068;0
11;19;78;5;51;31;26;3.60;4;2;1;59;0;2109126;824;0
11;19;78;5;51;33;12;3.80;2;1;1;56;0;2109312;987;0
11;19;78;5;51;36;10;3.60;1;1;1;53;0;2109610;716;0
11;19;78;5;51;37;34;3.80;1;1;1;51;0;2109734;99;0
11;19;78;5;51;38;55;3.80;1;1;1;51;0;2109855;94;0
11;19;78;5;51;45;4;3.80;1;1;1;59;0;2110504;622;0
11;19;78;5;52;1;56;3.60;1;1;1;57;0;2112156;1628;0
11;19;78;5;52;4;24;3.60;1;1;1;54;0;2112424;245;0
11;19;78;5;52;8;78;14.20;4;2;3;51;0;2112878;3730;0
11;19;78;5;52;13;17;15.40;1;1;4;59;0;2113317;869;0
11;19;78;5;52;15;46;3.80;1;1;1;58;0;2113546;135;0
11;19;78;5;52;19;50;3.80;3;2;1;71;0;2113950;8089;0
11;19;78;5;52;22;14;3.40;3;2;1;71;0;2114214;244;0
11;19;78;5;52;26;57;3.40;4;2;1;57;0;2114657;1678;0
11;19;78;5;52;26;57;3.80;2;1;1;59;0;2114657;5320;0
11;19;78;5;52;27;86;3.40;1;1;1;54;0;2114786;1216;0
11;19;78;5;52;27;50;3.40;3;2;1;62;0;2114750;518;0
11;19;78;5;52;28;7;3.60;2;1;1;59;0;2114807;126;0
11;19;78;5;52;28;19;4.40;1;1;1;54;0;2114819;10;0
11;19;78;5;52;30;53;3.60;4;2;1;61;0;2115053;374;0
11;19;78;5;52;30;70;3.80;1;1;1;55;0;2115070;221;0
11;19;78;5;52;32;14;3.60;4;2;1;60;0;2115214;139;0
11;19;78;5;52;47;58;3.60;1;1;1;55;0;2116758;1663;0
11;19;78;5;52;49;3;3.80;4;2;1;57;0;2116903;1667;0
11;19;78;5;52;55;39;3.80;2;1;1;59;0;2117539;2710;0
11;19;78;5;52;56;12;12.40;1;1;3;55;0;2117612;830;0
11;19;78;5;52;59;81;4.00;1;1;1;52;0;2117981;287;0
11;19;78;5;53;1;14;16.40;1;1;4;51;0;2118114;105;0
11;19;78;5;53;6;36;3.00;4;2;1;60;0;2118636;1709;0
11;19;78;5;53;10;82;3.80;1;1;1;55;0;2119082;852;0
11;19;78;5;53;12;86;3.80;1;1;1;57;0;2119286;179;0
11;19;78;5;53;42;33;3.20;1;1;1;51;0;2122233;2923;0
11;19;78;5;53;43;10;3.60;3;2;1;70;0;2122310;7540;0
11;19;78;5;53;45;4;3.40;4;2;1;63;0;2122504;3850;0
11;19;78;5;53;47;8;3.80;3;2;1;73;0;2122708;379;0
11;19;78;5;53;50;4;3.60;1;1;1;60;0;2123004;748;0
11;19;78;5;53;51;36;4.00;1;1;1;57;0;2123136;110;0
11;19;78;5;53;53;46;3.60;4;2;1;59;0;2123346;822;0
11;19;78;5;53;55;66;3.80;3;2;1;60;0;2123566;839;0
11;19;78;5;54;0;23;3.40;1;1;1;56;0;2124023;861;0
11;19;78;5;54;3;95;4.60;4;2;1;53;0;2124395;1027;0
11;19;78;5;54;9;36;4.00;3;2;1;69;0;2124936;1347;0
11;19;78;5;54;10;51;3.80;4;2;1;68;0;2125051;624;0
11;19;78;5;54;13;28;3.20;1;1;1;59;0;2125328;1283;0
11;19;78;5;54;19;38;3.60;1;1;1;54;0;2125938;590;0
11;19;78;5;54;20;92;3.00;1;1;1;52;0;2126092;130;0
11;19;78;5;54;31;87;3.40;3;2;1;71;0;2127187;2230;0
11;19;78;5;54;56;0;3.60;1;1;1;58;0;2129600;3487;0
11;19;78;5;55;1;10;3.80;1;1;1;57;0;2130110;487;0
11;19;78;5;55;5;62;3.20;1;1;1;54;0;2130562;428;0
11;19;78;5;55;10;75;3.60;2;1;1;51;0;2131075;13512;0
11;19;78;5;55;13;99;3.80;1;1;1;59;0;2131399;815;0
11;19;78;5;55;14;14;3.80;2;1;1;48;0;2131414;313;0
11;19;78;5;55;15;23;3.60;4;2;1;59;0;2131523;6451;0
11;19;78;5;55;15;35;5.20;3;2;1;64;0;2131535;4330;0
11;19;78;5;55;16;94;3.40;4;2;1;59;0;2131694;149;0
11;19;78;5;55;17;13;3.60;1;1;1;51;0;2131713;290;0
11;19;78;5;55;17;28;4.20;3;2;1;66;0;2131728;163;0
11;19;78;5;55;18;48;3.80;3;2;1;62;0;2131848;97;0
11;19;78;5;55;18;58;3.60;1;1;1;52;0;2131858;119;0
11;19;78;5;55;19;73;3.40;4;2;1;58;0;2131973;258;0
11;19;78;5;55;20;37;4.00;1;1;1;52;0;2132037;154;0
11;19;78;5;55;21;89;3.60;4;2;1;62;0;2132189;194;0
11;19;78;5;55;21;89;3.80;3;2;1;59;0;2132189;318;0
11;19;78;5;55;23;6;3.60;4;2;1;61;0;2132306;96;0
11;19;78;5;55;27;72;23.20;4;2;5;61;0;2132772;444;0
11;19;78;5;55;31;71;4.00;4;2;1;60;0;2133171;262;0
11;19;78;5;55;34;17;3.20;1;1;1;56;0;2133417;1352;0
11;19;78;5;55;34;99;4.00;1;1;1;52;0;2133499;61;0
11;19;78;5;55;36;42;3.40;4;2;1;58;0;2133642;447;0
11;19;78;5;55;36;75;3.20;1;1;1;55;0;2133675;148;0
11;19;78;5;55;43;39;3.00;4;2;1;55;0;2134339;675;0
11;19;78;5;55;55;71;3.80;1;1;1;56;0;2135571;1875;0
11;19;78;5;55;57;26;5.20;1;1;1;55;0;2135726;130;0
11;19;78;5;56;3;93;3.60;1;1;1;59;0;2136393;632;0
11;19;78;5;56;10;2;3.80;1;1;1;57;0;2137002;587;0
11;19;78;5;56;24;55;3.40;1;1;1;58;0;2138455;1429;0
11;19;78;5;56;27;85;3.40;4;2;1;66;0;2138785;4426;0
11;19;78;5;56;28;27;3.40;3;2;1;69;0;2138827;6614;0
11;19;78;5;56;28;23;3.80;1;1;1;57;0;2138823;346;0
11;19;78;5;56;30;85;3.60;4;2;1;62;0;2139085;281;0
11;19;78;5;56;31;27;4.00;1;1;1;56;0;2139127;280;0
11;19;78;5;56;31;93;3.60;2;1;1;52;0;2139193;7750;0
11;19;78;5;56;36;24;3.40;3;2;1;63;0;2139624;779;0
11;19;78;5;56;38;82;3.60;3;2;1;62;0;2139882;238;0
11;19;78;5;56;39;11;3.80;4;2;1;60;0;2139911;805;0
11;19;78;5;56;40;80;3.40;4;2;1;58;0;2140080;146;0
11;19;78;5;56;42;22;4.20;4;2;1;59;0;2140222;120;0
11;19;78;5;56;44;98;3.60;4;2;1;59;0;2140498;250;0
11;19;78;5;56;54;15;3.20;4;2;1;64;0;2141415;895;0
11;19;78;5;57;3;90;3.40;1;1;1;48;0;2142390;3237;0
11;19;78;5;57;11;69;4.00;1;1;1;54;0;2143169;753;0
11;19;78;5;57;13;19;3.20;2;1;1;54;0;2143319;4101;0
11;19;78;5;57;13;71;4.00;1;1;1;54;0;2143371;175;0
11;19;78;5;57;14;87;4.00;2;1;1;54;0;2143487;146;0
11;19;78;5;57;14;97;3.00;1;1;1;54;0;2143497;99;0
11;19;78;5;57;29;45;3.80;1;1;1;59;0;2144945;1428;0
11;19;78;5;57;32;8;3.60;1;1;1;58;0;2145208;239;0
11;19;78;5;57;33;75;3.60;3;2;1;67;0;2145375;5472;0
11;19;78;5;57;35;10;3.60;1;1;1;55;0;2145510;279;0
11;19;78;5;57;36;66;3.60;4;2;1;65;0;2145666;4233;0
11;19;78;5;57;38;75;5.20;4;2;1;64;0;2145875;189;0
11;19;78;5;57;40;97;4.00;4;2;1;64;0;2146097;192;0
11;19;78;5;57;43;86;4.00;4;2;1;64;0;2146386;266;0
11;19;78;5;57;47;65;4.40;4;2;1;61;0;2146765;356;0
11;19;78;5;58;17;92;3.80;1;1;1;57;0;2149792;4258;0
11;19;78;5;58;20;85;3.00;4;2;1;52;0;2150085;3294;0
11;19;78;5;58;22;78;3.60;1;1;1;43;0;2150278;462;0
11;19;78;5;58;31;35;3.40;1;1;1;61;0;2151135;826;0
11;19;78;5;58;38;59;6.60;1;1;2;62;0;2151859;703;0
11;19;78;5;58;39;42;3.60;2;1;1;58;0;2151942;8428;0
11;19;78;5;58;40;21;3.60;1;1;1;63;0;2152021;123;0
11;19;78;5;58;45;25;14.80;1;1;3;55;0;2152525;483;0
11;19;78;5;58;46;17;3.80;4;2;1;57;0;2152617;2511;0
11;19;78;5;58;46;59;3.20;3;2;1;63;0;2152659;7264;0
11;19;78;5;58;51;63;3.60;3;2;1;66;0;2153163;485;0
11;19;78;5;58;53;22;12.80;4;2;3;52;0;2153322;681;0
11;19;78;5;58;58;41;3.60;1;1;1;61;0;2153841;1219;0
11;19;78;5;59;1;21;6.80;3;2;1;68;0;2154121;938;0
11;19;78;5;59;2;36;3.80;4;2;1;62;0;2154236;825;0
11;19;78;5;59;3;48;3.80;3;2;1;68;0;2154348;191;0
11;19;78;5;59;5;16;3.60;4;2;1;62;0;2154516;257;0
11;19;78;5;59;7;18;3.40;3;2;1;64;0;2154718;349;0
11;19;78;5;59;9;45;4.60;3;2;1;60;0;2154945;207;0
11;19;78;5;59;11;91;3.60;4;2;1;54;0;2155191;654;0
11;19;78;5;59;13;41;3.40;4;2;1;55;0;2155341;126;0
11;19;78;5;59;14;85;5.20;4;2;1;59;0;2155485;121;0
11;19;78;5;59;15;63;4.00;2;1;1;56;0;2155563;3598;0
11;19;78;5;59;17;82;3.60;4;2;1;56;0;2155782;265;0
11;19;78;5;59;18;81;3.40;1;1;1;54;0;2155881;2018;0
11;19;78;5;59;19;99;3.20;4;2;1;53;0;2155999;193;0
11;19;78;5;59;20;3;7.00;2;1;1;62;0;2156003;414;0
11;19;78;5;59;20;46;3.20;1;1;1;50;0;2156046;142;0
11;19;78;5;59;24;5;3.60;4;2;1;64;0;2156405;384;0
11;19;78;5;59;25;34;3.00;3;2;1;60;0;2156534;1561;0
11;19;78;5;59;26;55;4.00;4;2;1;61;0;2156655;229;0
11;19;78;5;59;29;76;3.80;4;2;1;58;0;2156976;297;0
11;19;78;5;59;33;26;4.00;1;1;1;55;0;2157326;1256;0
11;19;78;5;59;40;44;3.80;1;1;1;57;0;2158044;691;0
11;19;78;6;0;7;54;3.00;3;2;1;71;0;2160754;4202;0
11;19;78;6;0;11;47;3.40;4;2;1;57;0;2161147;4147;0
11;19;78;6;0;12;82;3.60;3;2;1;66;0;2161282;512;0
11;19;78;6;0;15;49;3.40;3;2;1;65;0;2161549;247;0
11;19;78;6;0;15;70;3.60;4;2;1;58;0;2161570;401;0
11;19;78;6;0;18;75;3.20;4;2;1;51;0;2161875;282;0
11;19;78;6;0;20;38;3.40;4;2;1;50;0;2162038;140;0
11;19;78;6;0;21;97;4.00;4;2;1;54;0;2162197;134;0
11;19;78;6;0;23;40;3.20;4;2;1;56;0;2162340;116;0
11;19;78;6;0;25;81;3.60;4;2;1;57;0;2162581;220;0
11;19;78;6;0;25;92;3.80;2;1;1;53;0;2162592;6548;0
11;19;78;6;0;26;37;3.40;1;1;1;61;0;2162637;4569;0
11;19;78;6;0;28;55;4.20;1;1;1;56;0;2162855;197;0
11;19;78;6;0;38;98;3.80;1;1;1;57;0;2163898;1016;0
11;19;78;6;0;42;44;4.00;1;1;1;61;0;2164244;322;0
11;19;78;6;0;42;78;3.60;4;2;1;55;0;2164278;1674;0
11;19;78;6;0;44;11;3.80;1;1;1;62;0;2164411;143;0
11;19;78;6;0;46;23;3.80;1;1;1;64;0;2164623;189;0
11;19;78;6;0;50;24;3.80;4;2;1;58;0;2165024;722;0
11;19;78;6;0;59;25;3.80;2;1;1;58;0;2165925;3307;0
11;19;78;6;1;1;18;22.80;1;1;5;58;0;2166118;1473;0
11;19;78;6;1;24;83;3.60;1;1;1;62;0;2168483;2223;0
11;19;78;6;1;28;47;4.20;1;1;1;49;0;2168847;343;0
11;19;78;6;1;44;1;3.40;4;2;1;68;0;2170401;5353;0
11;19;78;6;1;44;22;3.80;1;1;1;57;0;2170422;1544;0
11;19;78;6;1;45;37;3.60;3;2;1;64;0;2170537;8969;0
11;19;78;6;1;47;34;4.00;3;2;1;62;0;2170734;176;0
11;19;78;6;1;47;50;3.60;4;2;1;59;0;2170750;331;0
11;19;78;6;1;48;53;3.80;4;2;1;59;0;2170853;81;0
11;19;78;6;1;49;12;11.80;1;1;3;49;0;2170912;466;0
11;19;78;6;1;51;43;4.00;3;2;1;61;0;2171143;385;0
11;19;78;6;2;13;92;4.80;1;1;1;59;0;2173392;2393;0
11;19;78;6;2;14;41;3.60;2;1;1;54;0;2173441;7492;0
11;19;78;6;2;15;98;3.80;1;1;1;57;0;2173598;176;0
11;19;78;6;2;34;20;5.40;1;1;1;60;0;2175420;1798;0
11;19;78;6;2;34;25;2.40;2;1;0;61;1;2175425;1960;0
11;19;78;6;2;35;63;4.20;1;1;1;60;0;2175563;110;0
11;19;78;6;2;37;97;4.60;1;1;1;57;0;2175797;208;0
11;19;78;6;2;44;20;3.60;1;1;1;57;0;2176420;593;0
11;19;78;6;2;45;51;3.60;4;2;1;61;0;2176551;5674;0
11;19;78;6;2;46;75;3.60;1;1;1;58;0;2176675;232;0
11;19;78;6;2;48;95;3.80;1;1;1;57;0;2176895;197;0
11;19;78;6;2;50;28;3.80;1;1;1;61;0;2177028;109;0
11;19;78;6;2;53;78;4.80;3;2;1;75;0;2177378;6211;0
11;19;78;6;2;54;12;11.40;4;2;3;50;0;2177412;839;0
11;19;78;6;2;55;31;4.60;3;2;1;69;0;2177531;129;0
11;19;78;6;2;56;65;3.60;3;2;1;64;0;2177665;110;0
11;19;78;6;2;57;60;3.80;3;2;1;64;0;2177760;74;0
11;19;78;6;2;59;4;4.80;4;2;1;63;0;2177904;409;0
11;19;78;6;2;59;52;4.00;3;2;1;63;0;2177952;170;2177378
11;19;78;6;3;1;93;3.60;4;2;1;63;0;2178193;261;0
11;19;78;6;3;2;8;3.40;3;2;1;62;0;2178208;233;0
11;19;78;6;3;4;91;5.00;1;1;1;57;0;2178491;1440;0
11;19;78;6;3;7;14;3.00;3;2;1;58;0;2178714;486;0
11;19;78;6;3;7;46;14.60;4;2;3;61;0;2178746;532;0
11;19;78;6;3;8;14;4.00;3;2;1;58;0;2178814;81;0
11;19;78;6;3;10;8;12.20;4;2;2;61;0;2179008;175;0
11;19;78;6;3;35;83;2.80;2;1;1;55;0;2181583;8118;0
11;19;78;6;3;38;14;4.40;2;1;1;55;0;2181814;212;0
11;19;78;6;3;40;12;3.80;2;1;1;53;0;2182012;169;0
11;19;78;6;3;40;69;3.40;4;2;1;58;0;2182069;2989;0
11;19;78;6;4;1;60;4.60;4;2;1;66;0;2184160;2069;0
11;19;78;6;4;2;53;3.40;3;2;1;68;0;2184253;5414;0
11;19;78;6;4;2;63;3.60;2;1;1;57;0;2184263;2225;0
11;19;78;6;4;3;40;3.60;4;2;1;62;0;2184340;154;0
11;19;78;6;4;5;24;4.00;3;2;1;68;0;2184524;253;0
11;19;78;6;4;5;49;3.20;1;1;1;55;0;2184549;6026;0
11;19;78;6;4;6;29;3.20;4;2;1;60;0;2184629;268;0
11;19;78;6;4;6;84;3.60;1;1;1;55;0;2184684;114;0
11;19;78;6;4;12;12;3.20;4;2;1;53;0;2185212;563;0
11;19;78;6;4;12;22;3.00;1;1;1;57;0;2185222;514;0
11;19;78;6;4;14;8;4.40;4;2;1;54;0;2185408;174;0
11;19;78;6;4;16;48;3.60;1;1;1;56;0;2185648;407;0
11;19;78;6;4;17;4;26.60;4;2;5;59;0;2185704;266;0
11;19;78;6;4;19;93;3.60;4;2;1;60;0;2185993;126;0
11;19;78;6;4;22;77;3.20;4;2;1;59;0;2186277;262;0
11;19;78;6;4;28;15;10.40;1;1;2;65;0;2186815;1143;0
11;19;78;6;4;33;56;3.60;2;1;1;52;0;2187356;3070;0
11;19;78;6;4;35;29;3.00;1;1;1;52;0;2187529;656;0
11;19;78;6;4;37;32;5.00;1;1;1;54;0;2187732;182;0
11;19;78;6;4;37;65;4.20;2;1;1;56;0;2187765;384;0
11;19;78;6;4;46;17;5.00;1;1;1;62;0;2188617;851;0
11;19;78;6;5;16;13;3.80;4;2;1;57;0;2191613;5316;0
11;19;78;6;5;21;32;3.20;4;2;1;58;0;2192132;495;0
11;19;78;6;5;33;0;3.40;1;1;1;54;0;2193300;4653;0
11;19;78;6;5;34;76;3.60;4;2;1;61;0;2193476;1324;0
11;19;78;6;5;38;34;3.60;1;1;1;52;0;2193834;511;0
11;19;78;6;5;42;7;4.00;2;1;1;61;0;2194207;6415;0
11;19;78;6;5;42;59;3.80;3;2;1;79;0;2194259;9713;0
11;19;78;6;5;43;50;3.40;1;1;1;56;0;2194350;491;0
11;19;78;6;5;43;45;12.20;4;2;2;53;0;2194345;847;0
11;19;78;6;5;45;8;3.40;2;1;1;53;0;2194508;277;0
11;19;78;6;5;45;9;3.60;1;1;1;54;0;2194509;137;0
11;19;78;6;5;46;17;3.80;2;1;1;59;0;2194617;85;0
11;19;78;6;5;47;19;3.00;4;2;1;59;0;2194719;291;0
11;19;78;6;5;47;71;3.00;3;2;1;60;0;2194771;494;0
11;19;78;6;5;49;40;4.00;3;2;1;61;0;2194940;151;0
11;19;78;6;5;50;74;3.40;3;2;1;62;0;2195074;110;0
11;19;78;6;5;50;94;3.40;1;1;1;55;0;2195094;561;0
11;19;78;6;5;52;68;3.40;1;1;1;55;0;2195268;151;0
11;19;78;6;5;53;88;3.80;3;2;1;60;0;2195388;294;0
11;19;78;6;5;54;0;3.40;4;2;1;57;0;2195400;662;0
11;19;78;6;5;54;28;3.20;1;1;1;57;0;2195428;137;0
11;19;78;6;5;55;47;3.20;2;1;1;58;0;2195547;906;0
11;19;78;6;5;56;7;4.40;1;1;1;54;0;2195607;158;0
11;19;78;6;5;57;90;4.60;3;2;1;66;0;2195790;379;0
11;19;78;6;5;59;88;3.60;4;2;1;52;0;2195988;566;0
11;19;78;6;6;1;10;4.00;3;2;1;56;0;2196110;294;0
11;19;78;6;6;1;29;3.40;4;2;1;49;0;2196129;116;0
11;19;78;6;6;2;18;3.60;3;2;1;56;0;2196218;82;0
11;19;78;6;6;3;1;3.60;4;2;1;49;0;2196301;147;0
11;19;78;6;6;3;41;4.20;3;2;1;54;0;2196341;99;0
11;19;78;6;6;4;41;3.60;4;2;1;47;0;2196441;113;0
11;19;78;6;6;4;62;3.60;2;1;1;56;0;2196462;895;0
11;19;78;6;6;4;80;4.00;1;1;1;57;0;2196480;843;0
11;19;78;6;6;4;84;4.60;3;2;1;58;0;2196484;115;0
11;19;78;6;6;5;99;4.20;2;1;1;56;0;2196599;113;0
11;19;78;6;6;5;77;3.40;3;2;1;55;0;2196577;64;2196110
11;19;78;6;6;5;76;1.40;4;2;0;54;1;2196576;107;2195988
11;19;78;6;6;7;10;10.80;4;2;2;54;0;2196710;241;0
11;19;78;6;6;9;2;3.80;4;2;1;53;0;2196902;120;0
11;19;78;6;6;46;83;3.40;4;2;1;64;0;2200683;3755;0
11;19;78;6;6;52;31;3.40;4;2;1;55;0;2201231;528;0
11;19;78;6;6;56;90;10.00;1;1;2;53;0;2201690;5184;0
11;19;78;6;7;14;98;3.40;4;2;1;57;0;2203498;2244;0
11;19;78;6;7;16;86;4.40;3;2;1;74;0;2203686;7086;0
11;19;78;6;7;20;54;3.40;1;1;1;62;0;2204054;2296;0
11;19;78;6;7;22;6;3.80;1;1;1;64;0;2204206;132;0
11;19;78;6;7;23;0;4.80;4;2;1;64;0;2204300;780;0
11;19;78;6;7;23;34;3.80;3;2;1;76;0;2204334;626;0
11;19;78;6;7;23;75;3.60;1;1;1;62;0;2204375;147;0
11;19;78;6;7;25;16;3.60;4;2;1;62;0;2204516;189;0
11;19;78;6;7;25;95;5.40;1;1;1;60;0;2204595;199;0
11;19;78;6;7;26;85;4.80;3;2;1;64;0;2204685;333;0
11;19;78;6;7;27;10;3.60;4;2;1;64;0;2204710;173;0
11;19;78;6;7;28;50;3.60;3;2;1;66;0;2204850;138;0
11;19;78;6;7;28;92;3.60;2;1;1;58;0;2204892;8266;0
11;19;78;6;7;30;91;3.60;2;1;1;61;0;2205091;176;0
11;19;78;6;7;30;95;4.20;3;2;1;63;0;2205095;225;0
11;19;78;6;7;33;5;3.60;3;2;1;63;0;2205305;186;0
11;19;78;6;7;33;10;3.80;1;1;1;59;0;2205310;682;0
11;19;78;6;7;33;51;7.80;4;2;1;61;0;2205351;620;0
11;19;78;6;7;34;99;6.60;2;1;6;57;0;2205499;386;0
11;19;78;6;7;35;39;3.60;4;2;1;56;0;2205539;141;0
11;19;78;6;7;35;89;3.20;3;2;1;59;0;2205589;263;0
11;19;78;6;7;35;97;11.20;1;1;3;52;0;2205597;263;0
11;19;78;6;7;37;3;4.00;4;2;1;58;0;2205703;140;0
11;19;78;6;7;37;98;3.80;1;1;1;53;0;2205798;123;0
11;19;78;6;7;39;16;3.20;1;1;1;53;0;2205916;92;0
11;19;78;6;7;44;89;3.60;4;2;1;62;0;2206489;761;0
11;19;78;6;7;47;5;3.60;1;1;1;52;0;2206705;767;0
11;19;78;6;7;47;53;3.60;4;2;1;59;0;2206753;243;0
11;19;78;6;7;48;26;4.00;1;1;1;50;0;2206826;96;0
11;19;78;6;7;51;26;5.40;1;1;1;50;0;2207126;271;0
11;19;78;6;7;53;69;4.00;1;1;1;50;0;2207369;204;0
11;19;78;6;8;0;92;5.00;2;1;1;59;0;2208092;2551;0
11;19;78;6;8;6;90;14.60;1;1;3;55;0;2208690;1292;0
11;19;78;6;8;10;87;3.40;1;1;1;62;0;2209087;301;0
11;19;78;6;8;11;8;3.80;4;2;1;68;0;2209108;2333;0
11;19;78;6;8;37;56;3.80;4;2;1;57;0;2211756;2627;0
11;19;78;6;8;41;6;3.80;1;1;1;62;0;2212106;2999;0
11;19;78;6;8;41;11;3.20;4;2;1;58;0;2212111;331;0
11;19;78;6;8;47;57;8.40;1;1;2;60;0;2212757;628;0
11;19;78;6;8;50;24;3.80;1;1;1;60;0;2213024;216;0
11;19;78;6;8;52;30;5.20;1;1;1;57;0;2213230;183;0
11;19;78;6;8;57;11;3.20;1;1;1;61;0;2213711;448;0
11;19;78;6;8;59;66;3.80;2;1;1;54;0;2213966;5843;0
11;19;78;6;9;7;15;4.60;1;1;1;57;0;2214715;985;0
11;19;78;6;9;9;33;3.80;4;2;1;61;0;2214933;2802;0
11;19;78;6;9;11;72;3.20;3;2;1;64;0;2215172;9563;0
11;19;78;6;9;12;27;11.40;4;2;3;57;0;2215227;271;0
11;19;78;6;9;15;15;3.60;3;2;1;61;0;2215515;325;0
11;19;78;6;9;15;11;3.80;4;2;1;57;0;2215511;212;0
11;19;78;6;9;15;87;4.60;2;1;1;57;0;2215587;1595;0
11;19;78;6;9;16;81;3.60;4;2;1;56;0;2215681;146;0
11;19;78;6;9;18;32;3.80;3;2;1;57;0;2215832;295;0
11;19;78;6;9;19;35;3.40;3;2;1;57;0;2215935;79;0
11;19;78;6;9;19;50;3.40;4;2;1;56;0;2215950;245;0
11;19;78;6;9;20;1;3.80;2;1;1;65;0;2216001;384;0
11;19;78;6;9;21;78;4.20;3;2;1;58;0;2216178;221;0
11;19;78;6;9;23;2;4.80;1;1;1;64;0;2216302;1557;0
11;19;78;6;9;26;59;4.40;3;2;1;58;0;2216659;454;0
11;19;78;6;9;29;99;4.00;1;1;1;57;0;2216999;670;0
11;19;78;6;9;33;59;3.60;1;1;1;60;0;2217359;334;0
11;19;78;6;9;34;66;4.20;2;1;1;61;0;2217466;1443;0
11;19;78;6;9;56;0;4.80;1;1;1;58;0;2219600;2219;0
11;19;78;6;9;56;18;4.40;2;1;1;59;0;2219618;2127;0
11;19;78;6;9;57;39;3.20;1;1;1;56;0;2219739;109;0
11;19;78;6;9;58;92;3.60;1;1;1;59;0;2219892;132;0
11;19;78;6;10;1;47;3.80;1;1;1;57;0;2220147;233;0
11;19;78;6;10;2;22;4.80;2;1;1;57;0;2220222;577;0
11;19;78;6;10;6;98;3.40;4;2;1;59;0;2220698;4726;0
11;19;78;6;10;7;4;3.20;1;1;1;58;0;2220704;533;0
11;19;78;6;10;8;56;3.80;1;1;1;60;0;2220856;132;0
11;19;78;6;10;11;41;3.80;1;1;1;61;0;2221141;262;0
11;19;78;6;10;12;96;3.60;4;2;1;59;0;2221296;577;0
11;19;78;6;10;21;69;3.60;4;2;1;58;0;2222169;851;0
11;19;78;6;10;26;12;4.40;4;2;1;51;0;2222612;420;0
11;19;78;6;10;42;48;3.80;1;1;1;60;0;2224248;3084;0
11;19;78;6;10;43;78;4.80;2;1;1;59;0;2224378;4125;0
11;19;78;6;10;45;40;5.00;1;1;1;57;0;2224540;269;0
11;19;78;6;10;45;80;4.80;3;2;1;67;0;2224580;7893;0
11;19;78;6;10;47;42;10.20;1;1;2;57;0;2224742;170;0
11;19;78;6;10;48;36;3.20;4;2;1;65;0;2224836;2192;0
11;19;78;6;10;48;58;3.60;3;2;1;71;0;2224858;252;0
11;19;78;6;10;49;75;3.60;4;2;1;61;0;2224975;121;0
11;19;78;6;10;50;42;3.60;3;2;1;59;0;2225042;165;0
11;19;78;6;10;52;35;3.80;3;2;1;66;0;2225235;171;0
11;19;78;6;10;53;44;11.40;4;2;2;61;0;2225344;347;0
11;19;78;6;10;56;50;3.20;4;2;1;63;0;2225650;238;0
11;19;78;6;10;58;56;3.80;3;2;1;61;0;2225856;600;0
11;19;78;6;10;59;29;3.80;4;2;1;60;0;2225929;260;0
11;19;78;6;11;2;0;3.80;4;2;1;57;0;2226200;248;0
11;19;78;6;11;3;32;4.00;2;1;1;53;0;2226332;1924;0
11;19;78;6;11;5;51;3.40;4;2;1;58;0;2226551;327;0
11;19;78;6;11;6;35;3.40;2;1;1;59;0;2226635;275;0
11;19;78;6;11;7;54;3.80;1;1;1;59;0;2226754;1947;0
11;19;78;6;11;8;20;3.80;4;2;1;55;0;2226820;247;0
11;19;78;6;11;9;98;3.60;1;1;1;54;0;2226998;220;0
11;19;78;6;11;11;44;10.80;1;1;2;52;0;2227144;122;0
11;19;78;6;11;12;63;3.80;2;1;1;58;0;2227263;607;0
11;19;78;6;11;19;83;3.80;1;1;1;54;0;2227983;764;0
11;19;78;6;11;22;1;3.40;1;1;1;54;0;2228201;192;0
11;19;78;6;11;36;15;3.60;1;1;1;64;0;2229615;1391;0
11;19;78;6;11;38;45;3.60;4;2;1;60;0;2229845;3000;0
11;19;78;6;11;39;73;4.20;1;1;1;58;0;2229973;337;0
11;19;78;6;11;43;26;3.60;4;2;1;61;0;2230326;459;0
11;19;78;6;11;46;70;3.40;4;2;1;59;0;2230670;322;0
11;19;78;6;11;59;81;12.00;4;2;3;57;0;2231981;1290;0
11;19;78;6;12;12;94;3.20;4;2;1;59;0;2233294;1237;0
11;19;78;6;12;17;93;3.60;1;1;1;48;0;2233793;3793;0
11;19;78;6;12;18;43;4.20;4;2;1;61;0;2233843;529;0
11;19;78;6;12;26;28;3.20;4;2;1;62;0;2234628;760;0
11;19;78;6;12;26;82;3.80;3;2;1;64;0;2234682;8803;0
11;19;78;6;12;28;55;3.20;4;2;1;60;0;2234855;208;0
11;19;78;6;12;30;13;3.60;2;1;1;54;0;2235013;7726;0
11;19;78;6;12;31;13;3.60;3;2;1;60;0;2235113;409;0
11;19;78;6;12;32;3;3.00;4;2;1;61;0;2235203;328;0
11;19;78;6;12;32;41;4.20;1;1;1;56;0;2235241;1421;0
11;19;78;6;12;33;39;3.40;3;2;1;66;0;2235339;204;0
11;19;78;6;12;34;36;3.00;4;2;1;58;0;2235436;215;0
11;19;78;6;12;35;57;3.60;1;1;1;58;0;2235557;289;0
11;19;78;6;12;37;53;3.60;1;1;1;59;0;2235753;173;0
11;19;78;6;12;38;31;3.80;3;2;1;63;0;2235831;473;0
11;19;78;6;12;40;6;4.60;1;1;1;56;0;2236006;231;0
11;19;78;6;12;41;35;4.00;1;1;1;56;0;2236135;99;0
11;19;78;6;12;42;69;3.80;1;1;1;55;0;2236269;108;0
11;19;78;6;12;44;53;3.60;1;1;1;53;0;2236453;159;0
11;19;78;6;12;46;0;3.80;1;1;1;55;0;2236600;122;2236006
11;19;78;6;12;47;24;3.20;1;1;1;52;0;2236724;99;2236006
11;19;78;6;12;48;91;3.20;4;2;1;57;0;2236891;1436;0
11;19;78;6;12;49;26;4.60;1;1;1;50;0;2236926;179;2236006
11;19;78;6;12;51;36;3.40;1;1;1;52;0;2237136;176;2236006
11;19;78;6;12;52;74;3.80;1;1;1;51;0;2237274;114;2236006
11;19;78;6;12;53;66;3.60;2;1;1;56;0;2237366;2329;0
11;19;78;6;12;54;7;3.20;1;1;1;50;0;2237407;106;2236006
11;19;78;6;12;55;30;3.60;1;1;1;49;0;2237530;99;2236006
11;19;78;6;12;56;36;3.80;1;1;1;49;0;2237636;79;2236006
11;19;78;6;12;59;43;4.00;2;1;1;60;0;2237943;553;0
11;19;78;6;12;59;95;3.80;1;1;1;57;0;2237995;331;0
11;19;78;6;13;9;40;14.40;4;2;4;54;0;2238940;2028;0
11;19;78;6;13;17;83;5.20;2;1;1;55;0;2239783;1816;0
11;19;78;6;13;21;6;4.00;2;1;1;55;0;2240106;288;0
11;19;78;6;13;21;90;3.40;1;1;1;54;0;2240190;2171;0
11;19;78;6;13;25;75;3.40;1;1;1;56;0;2240575;362;0
11;19;78;6;13;27;50;3.20;1;1;1;54;0;2240750;153;0
11;19;78;6;13;29;23;4.00;1;1;1;54;0;2240923;151;0
11;19;78;6;13;36;28;4.20;4;2;1;62;0;2241628;2592;0
11;19;78;6;13;51;21;5.20;2;1;1;58;0;2243121;2988;0
11;19;78;6;13;52;83;3.80;2;1;1;61;0;2243283;129;0
11;19;78;6;13;54;45;3.40;1;1;1;57;0;2243445;2495;0
11;19;78;6;13;56;7;5.00;2;1;1;57;0;2243607;301;0
11;19;78;6;13;56;59;10.20;1;1;2;59;0;2243659;192;0
11;19;78;6;13;57;42;3.00;2;1;1;54;0;2243742;103;0
11;19;78;6;13;59;41;3.00;2;1;1;58;0;2243941;179;0
11;19;78;6;14;0;38;3.40;1;1;1;54;0;2244038;316;0
11;19;78;6;14;0;48;3.80;4;2;1;66;0;2244048;2395;0
11;19;78;6;14;1;60;3.60;1;1;1;53;0;2244160;99;0
11;19;78;6;14;2;35;3.20;4;2;1;57;0;2244235;166;0
11;19;78;6;14;2;76;11.80;1;1;2;50;0;2244276;91;0
11;19;78;6;14;6;30;3.80;1;1;1;54;0;2244630;269;0
11;19;78;6;14;6;68;11.60;4;2;3;58;0;2244668;412;0
11;19;78;6;14;8;36;3.60;3;2;1;63;0;2244836;8983;0
11;19;78;6;14;9;39;4.80;3;2;1;62;0;2244939;82;0
11;19;78;6;14;10;84;3.40;4;2;1;57;0;2245084;344;0
11;19;78;6;14;11;27;3.80;1;1;1;56;0;2245127;471;0
11;19;78;6;14;12;26;4.60;4;2;1;58;0;2245226;120;0
11;19;78;6;14;13;27;3.60;1;1;1;63;0;2245327;175;0
11;19;78;6;14;13;20;3.80;3;2;1;61;0;2245320;353;0
11;19;78;6;14;14;23;3.80;4;2;1;58;0;2245423;168;0
11;19;78;6;14;14;79;3.60;3;2;1;57;0;2245479;136;0
11;19;78;6;14;17;94;3.60;3;2;1;68;0;2245794;292;0
11;19;78;6;14;19;37;3.20;4;2;1;54;0;2245937;490;0
11;19;78;6;14;19;80;3.80;3;2;1;59;0;2245980;166;0
11;19;78;6;14;22;53;3.80;1;1;1;57;0;2246253;905;0
11;19;78;6;14;28;22;3.40;1;1;1;60;0;2246822;545;0
11;19;78;6;14;30;9;4.40;1;1;1;58;0;2247009;166;0
11;19;78;6;14;32;34;3.20;1;1;1;58;0;2247234;197;0
11;19;78;6;14;39;90;3.60;2;1;1;55;0;2247990;4030;0
11;19;78;6;14;40;78;3.80;1;1;1;56;0;2248078;824;0
11;19;78;6;14;46;35;3.80;2;1;1;55;0;2248635;621;0
11;19;78;6;14;46;76;3.00;1;1;1;55;0;2248676;573;0
11;19;78;6;14;54;17;2.80;1;1;1;52;0;2249417;721;0
11;19;78;6;14;55;36;3.60;3;2;1;63;0;2249536;3532;0
11;19;78;6;14;55;33;3.60;4;2;1;57;0;2249533;3574;0
11;19;78;6;14;55;90;4.20;1;1;1;50;0;2249590;153;0
11;19;78;6;14;58;36;3.60;4;2;1;59;0;2249836;280;0
11;19;78;6;15;7;27;4.00;1;1;1;58;0;2250727;1106;0
11;19;78;6;15;9;6;3.40;2;1;1;55;0;2250906;2246;0
11;19;78;6;15;11;37;4.00;1;1;1;53;0;2251137;385;0
11;19;78;6;15;12;33;6.80;1;1;1;54;0;2251233;68;0
11;19;78;6;15;14;3;4.00;1;1;1;56;0;2251403;124;0
11;19;78;6;15;16;79;3.60;1;1;1;54;0;2251679;250;0
11;19;78;6;15;18;71;3.60;4;2;1;55;0;2251871;2013;0
11;19;78;6;15;19;99;3.40;3;2;1;52;0;2251999;2442;0
11;19;78;6;15;23;35;3.60;1;1;1;60;0;2252335;632;0
11;19;78;6;15;26;99;6.20;1;1;2;57;0;2252699;342;0
11;19;78;6;15;29;68;3.80;3;2;1;62;0;2252968;945;0
11;19;78;6;15;30;43;3.40;4;2;1;66;0;2253043;1148;0
11;19;78;6;15;35;93;4.60;4;2;1;66;0;2253593;531;0
11;19;78;6;15;36;54;3.40;3;2;1;68;0;2253654;663;0
11;19;78;6;15;42;18;3.80;4;2;1;67;0;2254218;599;0
11;19;78;6;15;44;11;3.00;4;2;1;65;0;2254411;172;0
11;19;78;6;15;44;80;3.60;3;2;1;64;0;2254480;808;0
11;19;78;6;15;45;66;4.00;4;2;1;62;0;2254566;138;0
11;19;78;6;15;46;49;3.60;3;2;1;61;0;2254649;148;0
11;19;78;6;15;47;18;3.80;1;1;1;61;0;2254718;1979;0
11;19;78;6;15;49;12;4.00;1;1;1;58;0;2254912;171;0
11;19;78;6;15;49;42;3.40;3;2;1;64;0;2254942;271;0
11;19;78;6;15;49;95;3.80;4;2;1;62;0;2254995;405;0
11;19;78;6;15;51;60;4.00;3;2;1;60;0;2255160;198;0
11;19;78;6;15;52;67;3.20;1;1;1;55;0;2255267;330;0
11;19;78;6;15;55;24;3.60;1;1;1;53;0;2255524;236;0
11;19;78;6;15;55;64;3.60;2;1;1;55;0;2255564;4635;0
11;19;78;6;15;56;42;9.40;1;1;2;54;0;2255642;93;0
11;19;78;6;15;57;99;3.60;2;1;1;55;0;2255799;211;0
11;19;78;6;15;58;35;3.80;1;1;1;55;0;2255835;130;0
11;19;78;6;16;0;85;3.80;1;1;1;52;0;2256085;225;0
11;19;78;6;16;6;76;3.40;1;1;1;49;0;2256676;564;0
11;19;78;6;16;8;71;3.80;1;1;1;49;0;2256871;170;0
11;19;78;6;16;10;83;4.40;1;1;1;45;0;2257083;184;0
11;19;78;6;16;12;8;4.20;1;1;1;45;0;2257208;89;0
11;19;78;6;16;16;2;3.60;4;2;1;60;0;2257602;2584;0
11;19;78;6;16;16;62;4.00;1;1;1;56;0;2257662;420;0
11;19;78;6;16;17;22;3.20;2;1;1;49;0;2257722;1899;0
11;19;78;6;16;25;50;3.60;1;1;1;62;0;2258550;862;0
11;19;78;6;16;29;48;9.00;2;1;1;60;0;2258948;1202;0
11;19;78;6;16;31;20;4.20;1;1;1;60;0;2259120;549;0
11;19;78;6;16;32;60;3.60;1;1;1;56;0;2259260;114;0
11;19;78;6;16;33;37;4.20;2;1;1;58;0;2259337;335;0
11;19;78;6;16;34;91;3.60;3;2;1;62;0;2259491;4307;0
11;19;78;6;16;38;14;3.60;2;1;1;59;0;2259814;450;0
11;19;78;6;16;38;84;3.40;1;1;1;64;0;2259884;600;0
11;19;78;6;16;40;91;4.80;1;1;1;64;0;2260091;187;0
11;19;78;6;16;42;55;4.80;1;1;1;66;0;2260255;137;0
11;19;78;6;16;50;68;14.00;1;1;4;60;0;2261068;786;0
11;19;78;6;16;52;81;3.40;1;1;1;59;0;2261281;129;0
11;19;78;6;16;53;99;4.00;1;1;1;56;0;2261399;97;0
11;19;78;6;17;13;41;12.80;1;1;3;49;0;2263341;1916;0
11;19;78;6;17;19;0;3.80;4;2;1;66;0;2263900;6276;0
11;19;78;6;17;20;45;3.60;2;1;1;58;0;2264045;4209;0
11;19;78;6;17;20;64;3.80;3;2;1;67;0;2264064;4552;0
11;19;78;6;17;23;72;3.60;2;1;1;55;0;2264372;304;0
11;19;78;6;17;24;77;4.80;4;2;1;68;0;2264477;556;0
11;19;78;6;17;25;90;4.40;1;1;1;56;0;2264590;1154;0
11;19;78;6;17;26;15;3.60;3;2;1;63;0;2264615;530;0
11;19;78;6;17;26;58;3.80;2;1;1;55;0;2264658;262;0
11;19;78;6;17;27;88;3.00;2;1;1;55;0;2264788;105;0
11;19;78;6;17;28;7;3.80;1;1;1;54;0;2264807;188;0
11;19;78;6;17;29;8;4.40;1;1;1;52;0;2264908;75;0
11;19;78;6;17;29;59;4.00;3;2;1;63;0;2264959;323;0
11;19;78;6;17;30;18;4.00;1;1;1;50;0;2265018;79;0
11;19;78;6;17;32;44;4.00;1;1;1;56;0;2265244;197;2264590
11;19;78;6;17;32;70;3.60;3;2;1;61;0;2265270;288;0
11;19;78;6;17;33;1;5.20;4;2;1;56;0;2265301;798;0
11;19;78;6;17;34;8;3.20;4;2;1;56;0;2265408;73;0
11;19;78;6;17;34;15;3.80;3;2;1;59;0;2265415;123;0
11;19;78;6;17;35;57;3.40;3;2;1;60;0;2265557;118;0
11;19;78;6;17;35;64;3.40;2;1;1;60;0;2265564;756;0
11;19;78;6;17;36;63;3.60;1;1;1;58;0;2265663;393;0
11;19;78;6;17;37;34;3.80;1;1;1;57;0;2265734;48;0
11;19;78;6;17;37;49;3.00;4;2;1;56;0;2265749;320;0
11;19;78;6;17;37;72;3.80;2;1;1;64;0;2265772;187;0
11;19;78;6;17;38;27;3.80;3;2;1;63;0;2265827;249;0
11;19;78;6;17;39;70;3.60;3;2;1;62;0;2265970;121;0
11;19;78;6;17;39;72;3.20;4;2;1;55;0;2265972;203;0
11;19;78;6;17;40;52;7.80;1;1;6;55;0;2266052;294;0
11;19;78;6;17;40;95;3.80;3;2;1;61;0;2266095;104;0
11;19;78;6;17;40;94;4.60;4;2;1;57;0;2266094;101;0
11;19;78;6;17;42;90;3.00;4;2;1;57;0;2266290;166;0
11;19;78;6;17;44;35;3.60;1;1;1;53;0;2266435;331;0
11;19;78;6;17;45;67;3.60;1;1;1;51;0;2266567;107;0
11;19;78;6;17;48;35;3.80;1;1;1;51;0;2266835;242;0
11;19;78;6;17;49;85;3.40;1;1;1;51;0;2266985;123;0
11;19;78;6;17;51;24;3.40;1;1;1;50;0;2267124;115;0
11;19;78;6;17;52;27;3.60;1;1;1;49;0;2267227;78;0
11;19;78;6;18;2;67;3.80;1;1;1;55;0;2268267;1013;0
11;19;78;6;18;3;50;3.60;2;1;1;54;0;2268350;2556;0
11;19;78;6;18;5;11;3.80;1;1;1;58;0;2268511;219;0
11;19;78;6;18;8;58;4.00;1;1;1;58;0;2268858;323;0
11;19;78;6;18;11;47;4.80;4;2;1;64;0;2269147;2838;0
11;19;78;6;18;12;18;4.00;1;1;1;52;0;2269218;335;0
11;19;78;6;18;29;64;4.60;4;2;1;59;0;2270964;1790;0
11;19;78;6;18;37;80;3.40;1;1;1;59;0;2271780;2534;0
11;19;78;6;18;39;77;3.40;1;1;1;61;0;2271977;176;0
11;19;78;6;18;45;28;3.60;1;1;1;62;0;2272528;530;0
11;19;78;6;18;48;76;3.40;1;1;1;52;0;2272876;327;0
11;19;78;6;18;49;60;3.20;2;1;1;56;0;2272960;4586;0
11;19;78;6;18;51;52;3.80;1;1;1;59;0;2273152;252;0
11;19;78;6;18;53;15;3.60;1;1;1;57;0;2273315;139;0
11;19;78;6;18;56;17;14.20;1;1;4;61;0;2273617;279;0
11;19;78;6;19;0;88;11.20;4;2;2;49;0;2274088;3095;0
11;19;78;6;19;0;95;14.40;1;1;4;57;0;2274095;394;0
11;19;78;6;19;2;70;16.80;2;1;4;57;0;2274270;1289;0
11;19;78;6;19;4;87;10.80;1;1;2;62;0;2274487;301;0
11;19;78;6;19;7;85;3.60;3;2;1;66;0;2274785;8667;0
11;19;78;6;19;8;46;3.60;4;2;1;59;0;2274846;675;0
11;19;78;6;19;9;40;3.40;4;2;1;58;0;2274940;72;0
11;19;78;6;19;9;45;3.60;1;1;1;57;0;2274945;395;0
11;19;78;6;19;10;25;3.40;3;2;1;60;0;2275025;220;0
11;19;78;6;19;11;13;3.60;4;2;1;58;0;2275113;151;0
11;19;78;6;19;11;30;4.40;3;2;1;61;0;2275130;84;0
11;19;78;6;19;12;12;3.80;4;2;1;59;0;2275212;76;0
11;19;78;6;19;12;44;3.40;3;2;1;59;0;2275244;88;0
11;19;78;6;19;13;43;3.40;4;2;1;59;0;2275343;107;2274846
11;19;78;6;19;14;21;3.40;3;2;1;60;0;2275421;156;2274846
11;19;78;6;19;16;32;3.80;3;2;1;56;0;2275632;190;2275025
11;19;78;6;19;16;46;3.40;4;2;1;55;0;2275646;282;0
11;19;78;6;19;18;27;3.80;4;2;1;56;0;2275827;158;0
11;19;78;6;19;19;47;4.60;3;2;1;63;0;2275947;290;0
11;19;78;6;19;22;72;3.20;1;1;1;53;0;2276272;1304;0
11;19;78;6;19;23;93;3.60;1;1;1;55;0;2276393;99;0
11;19;78;6;19;30;31;4.00;1;1;1;59;0;2277031;614;0
11;19;78;6;19;30;43;3.60;4;2;1;57;0;2277043;1191;0
11;19;78;6;19;32;29;4.60;4;2;1;56;0;2277229;163;0
11;19;78;6;19;43;41;3.40;1;1;1;58;0;2278341;1285;0
11;19;78;6;19;44;5;3.60;2;1;1;59;0;2278405;4028;0
11;19;78;6;19;49;22;3.40;3;2;1;71;0;2278922;2948;0
11;19;78;6;19;55;6;3.80;3;2;1;67;0;2279506;566;0
11;19;78;6;19;56;53;3.80;4;2;1;58;0;2279653;2394;0
11;19;78;6;19;59;86;3.80;4;2;1;56;0;2279986;309;0
11;19;78;6;20;12;44;3.20;1;1;1;54;0;2281244;2881;0
11;19;78;6;20;16;75;3.60;4;2;1;62;0;2281675;1664;0
11;19;78;6;20;18;16;4.20;2;1;1;55;0;2281816;3389;0
11;19;78;6;20;18;77;3.40;4;2;1;49;0;2281877;181;0
11;19;78;6;20;19;4;3.20;1;1;1;59;0;2281904;638;0
11;19;78;6;20;21;44;11.40;1;1;3;53;0;2282144;220;0
11;19;78;6;20;22;27;3.40;2;1;1;50;0;2282227;383;0
11;19;78;6;20;23;25;4.60;2;1;1;51;0;2282325;73;0
11;19;78;6;20;25;9;3.60;2;1;1;52;0;2282509;151;0
11;19;78;6;20;25;75;3.80;1;1;1;53;0;2282575;353;0
11;19;78;6;20;27;20;3.80;1;1;1;52;0;2282720;119;0
11;19;78;6;20;28;10;3.80;1;1;1;51;0;2282810;63;0
11;19;78;6;20;28;73;3.60;2;1;1;61;0;2282873;339;0
11;19;78;6;20;29;50;3.80;1;1;1;50;0;2282950;113;0
11;19;78;6;20;30;84;3.60;1;1;1;49;0;2283084;106;2282575
11;19;78;6;20;32;38;4.80;2;1;1;56;0;2283238;343;0
11;19;78;6;20;32;71;3.20;1;1;1;52;0;2283271;160;2282575
11;19;78;6;20;33;48;3.40;3;2;1;66;0;2283348;3821;0
11;19;78;6;20;34;34;3.60;1;1;1;51;0;2283434;140;2282575
11;19;78;6;20;35;26;3.60;3;2;1;63;0;2283526;159;2282575
11;19;78;6;20;37;92;3.80;4;2;1;52;0;2283792;1890;0
11;19;78;6;20;38;32;3.40;1;1;1;53;0;2283832;372;0
11;19;78;6;20;40;53;3.20;3;2;1;71;0;2284053;506;0
11;19;78;6;20;41;44;3.80;4;2;1;70;0;2284144;325;0
11;19;78;6;20;43;31;3.80;3;2;1;68;0;2284331;261;0
11;19;78;6;20;44;18;3.80;1;1;1;54;0;2284418;562;0
11;19;78;6;20;44;75;4.00;3;2;1;70;0;2284475;123;0
11;19;78;6;20;45;4;11.80;4;2;3;53;0;2284504;340;0
11;19;78;6;20;46;21;3.80;3;2;1;64;0;2284621;125;0
11;19;78;6;20;46;19;4.00;1;1;1;51;0;2284619;175;0
11;19;78;6;20;47;55;4.40;3;2;1;63;0;2284755;112;0
11;19;78;6;20;48;10;3.60;1;1;1;54;0;2284810;162;0
11;19;78;6;20;48;42;4.20;4;2;1;59;0;2284842;257;0
11;19;78;6;20;49;66;4.80;2;1;1;59;0;2284966;1697;0
11;19;78;6;20;50;89;3.80;2;1;1;57;0;2285089;93;0
11;19;78;6;20;51;21;3.20;1;1;1;61;0;2285121;287;0
11;19;78;6;20;52;43;3.80;4;2;1;57;0;2285243;375;0
11;19;78;6;20;55;75;3.60;1;1;1;56;0;2285575;435;0
11;19;78;6;20;55;64;3.60;3;2;1;60;0;2285564;783;0
11;19;78;6;20;55;63;3.60;4;2;1;55;0;2285563;296;0
11;19;78;6;20;56;52;3.20;1;1;1;55;0;2285652;53;0
11;19;78;6;20;57;23;3.20;3;2;1;57;0;2285723;137;0
11;19;78;6;20;58;24;4.60;3;2;1;59;0;2285824;80;0
11;19;78;6;20;59;63;4.20;3;2;1;59;0;2285963;110;0
11;19;78;6;21;0;76;11.80;3;2;2;57;0;2286076;87;2285564
11;19;78;6;21;1;20;25.20;4;2;5;62;0;2286120;533;0
11;19;78;6;21;2;59;3.80;3;2;1;56;0;2286259;108;2285564
11;19;78;6;21;4;11;3.80;3;2;1;56;0;2286411;127;2285564
11;19;78;6;21;5;35;3.00;3;2;1;57;0;2286535;99;2285564
11;19;78;6;21;5;87;3.20;4;2;1;58;0;2286587;320;0
11;19;78;6;21;8;33;3.60;3;2;1;63;0;2286833;279;0
11;19;78;6;21;8;84;3.80;4;2;1;57;0;2286884;277;0
11;19;78;6;21;9;62;4.20;3;2;1;65;0;2286962;108;0
11;19;78;6;21;9;90;4.60;1;1;1;59;0;2286990;1317;0
11;19;78;6;21;11;35;3.40;4;2;1;59;0;2287135;227;0
11;19;78;6;21;12;72;4.40;4;2;1;60;0;2287272;116;0
11;19;78;6;21;12;83;3.80;1;1;1;58;0;2287283;264;0
11;19;78;6;21;21;49;11.80;1;1;2;59;0;2288149;842;0
11;19;78;6;21;26;53;3.80;1;1;1;53;0;2288653;432;0
11;19;78;6;21;28;61;3.80;1;1;1;55;0;2288861;182;0
11;19;78;6;21;30;24;3.80;1;1;1;52;0;2289024;138;0
11;19;78;6;21;33;18;4.00;1;1;1;56;0;2289318;267;0
11;19;78;6;21;34;80;3.80;1;1;1;58;0;2289480;136;0
11;19;78;6;21;38;34;3.00;4;2;1;57;0;2289834;2535;0
11;19;78;6;21;46;3;3.40;2;1;1;53;0;2290603;5490;0
11;19;78;6;21;50;6;4.40;4;2;1;62;0;2291006;1153;0
11;19;78;6;21;57;72;3.40;4;2;1;53;0;2291772;740;0
11;19;78;6;22;6;87;3.60;4;2;1;62;0;2292687;891;0
11;19;78;6;22;24;11;4.20;4;2;1;68;0;2294411;1703;0
11;19;78;6;22;25;54;4.60;3;2;1;68;0;2294554;7568;0
11;19;78;6;22;27;28;3.80;4;2;1;66;0;2294728;294;0
11;19;78;6;22;27;29;3.60;3;2;1;61;0;2294729;150;0
11;19;78;6;22;28;96;4.00;3;2;1;64;0;2294896;145;0
11;19;78;6;22;30;0;3.00;4;2;1;60;0;2295000;251;0
11;19;78;6;22;32;32;3.20;3;2;1;61;0;2295232;313;0
11;19;78;6;22;32;97;3.40;4;2;1;58;0;2295297;279;0
11;19;78;6;22;34;93;4.20;3;2;1;64;0;2295493;242;0
11;19;78;6;22;35;24;4.60;4;2;1;59;0;2295524;205;0
11;19;78;6;22;35;59;4.20;1;1;1;59;0;2295559;6055;0
11;19;78;6;22;36;16;3.20;4;2;1;60;0;2295616;63;0
11;19;78;6;22;36;56;3.40;3;2;1;60;0;2295656;139;0
11;19;78;6;22;37;6;4.00;1;1;1;60;0;2295706;121;0
11;19;78;6;22;37;73;4.20;3;2;1;59;0;2295773;96;0
11;19;78;6;22;38;58;4.80;2;1;1;59;0;2295858;5231;0
11;19;78;6;22;39;79;3.80;1;1;1;58;0;2295979;249;0
11;19;78;6;22;40;89;4.20;1;1;1;57;0;2296089;86;0
11;19;78;6;22;42;48;14.40;4;2;4;54;0;2296248;612;0
11;19;78;6;22;43;79;3.80;2;1;1;54;0;2296379;491;0
11;19;78;6;22;44;6;3.60;1;1;1;59;0;2296406;290;0
11;19;78;6;22;44;27;3.20;3;2;1;58;0;2296427;628;0
11;19;78;6;22;44;86;3.00;4;2;1;53;0;2296486;142;0
11;19;78;6;22;46;26;4.60;2;1;1;64;0;2296626;221;0
11;19;78;6;22;46;66;6.20;4;2;1;53;0;2296666;159;0
11;19;78;6;22;47;4;2.80;1;1;1;54;0;2296704;276;0
11;19;78;6;22;48;10;3.80;4;2;1;54;0;2296810;101;0
11;19;78;6;22;48;63;3.80;2;1;1;57;0;2296863;211;0
11;19;78;6;22;55;47;3.20;2;1;1;57;0;2297547;660;0
11;19;78;6;22;54;74;11.40;1;1;3;46;0;2297474;751;0
11;19;78;6;22;56;65;3.60;2;1;1;58;0;2297665;97;0
11;19;78;6;22;56;79;3.60;1;1;1;45;0;2297679;115;0
11;19;78;6;22;57;79;3.80;2;1;1;56;0;2297779;91;0
11;19;78;6;22;59;9;5.40;2;1;1;58;0;2297909;105;0
11;19;78;6;23;5;5;9.80;4;2;2;57;0;2298505;1669;0
11;19;78;6;23;5;33;12.80;1;1;3;59;0;2298533;825;0
11;19;78;6;23;8;38;3.60;1;1;1;54;0;2298838;226;0
11;19;78;6;23;9;84;3.80;2;1;1;64;0;2298984;1041;0
11;19;78;6;23;10;38;4.00;1;1;1;54;0;2299038;176;0
11;19;78;6;23;14;19;3.20;2;1;1;61;0;2299419;413;0
11;19;78;6;23;14;97;3.40;1;1;1;56;0;2299497;432;0
11;19;78;6;23;15;35;4.60;2;1;1;57;0;2299535;97;0
11;19;78;6;23;16;6;4.80;1;1;1;52;0;2299606;87;0
11;19;78;6;23;17;17;4.40;1;1;1;53;0;2299717;77;0
11;19;78;6;23;18;67;3.60;1;1;1;52;0;2299867;120;0
11;19;78;6;23;21;9;13.40;2;1;4;64;0;2300109;544;0
11;19;78;6;23;22;82;3.60;4;2;1;60;0;2300282;1715;0
11;19;78;6;23;24;18;10.40;1;1;2;52;0;2300418;526;0
11;19;78;6;23;26;0;3.40;1;1;1;53;0;2300600;110;0
11;19;78;6;23;30;70;3.60;2;1;1;62;0;2301070;885;0
11;19;78;6;23;31;99;3.40;1;1;1;51;0;2301199;575;0
11;19;78;6;23;32;14;4.40;3;2;1;69;0;2301214;4767;0
11;19;78;6;23;33;29;3.20;1;1;1;53;0;2301329;106;0
11;19;78;6;23;35;0;3.80;2;1;1;55;0;2301500;409;0
11;19;78;6;23;35;89;3.00;4;2;1;58;0;2301589;1285;0
11;19;78;6;23;35;96;3.40;1;1;1;51;0;2301596;245;0
11;19;78;6;23;37;97;4.00;4;2;1;56;0;2301797;189;0
11;19;78;6;23;45;16;4.00;1;1;1;52;0;2302516;896;0
11;19;78;6;24;2;4;3.40;3;2;1;69;0;2304204;2967;0
11;19;78;6;24;4;4;4.60;4;2;1;61;0;2304404;2581;0
11;19;78;6;24;4;61;3.60;3;2;1;64;0;2304461;239;0
11;19;78;6;24;9;44;3.20;3;2;1;74;0;2304944;462;0
11;19;78;6;24;9;90;8.60;4;2;2;60;0;2304990;558;0
11;19;78;6;24;10;35;3.20;1;1;1;55;0;2305035;2491;0
11;19;78;6;24;11;31;3.60;3;2;1;65;0;2305131;171;0
11;19;78;6;24;11;45;3.60;4;2;1;59;0;2305145;103;0
11;19;78;6;24;14;15;3.40;4;2;1;55;0;2305415;248;0
11;19;78;6;24;14;41;3.60;3;2;1;67;0;2305441;290;0
11;19;78;6;24;16;84;5.40;3;2;1;62;0;2305684;223;0
11;19;78;6;24;16;94;3.40;4;2;1;59;0;2305694;256;0
11;19;78;6;24;18;38;3.60;2;1;1;53;0;2305838;4313;0
11;19;78;6;24;18;70;3.80;4;2;1;60;0;2305870;155;0
11;19;78;6;24;19;14;3.00;3;2;1;60;0;2305914;198;0
11;19;78;6;24;19;43;3.60;1;1;1;59;0;2305943;887;0
11;19;78;6;24;20;21;3.80;1;1;1;59;0;2306021;56;0
11;19;78;6;24;20;48;3.80;2;1;1;54;0;2306048;185;0
11;19;78;6;24;20;59;3.60;3;2;1;58;0;2306059;127;0
11;19;78;6;24;20;83;4.00;4;2;1;58;0;2306083;190;0
11;19;78;6;24;22;49;4.60;3;2;1;60;0;2306249;167;0
11;19;78;6;24;22;56;3.20;1;1;1;56;0;2306256;211;0
11;19;78;6;24;23;86;3.40;4;2;1;57;0;2306386;278;0
11;19;78;6;24;24;24;5.20;1;1;1;57;0;2306424;147;0
11;19;78;6;24;24;47;3.40;3;2;1;64;0;2306447;170;2305684
11;19;78;6;24;26;11;3.80;3;2;1;58;0;2306611;144;2305684
11;19;78;6;24;27;14;4.40;3;2;1;59;0;2306714;79;2305684
11;19;78;6;24;27;81;3.80;1;1;1;60;0;2306781;324;0
11;19;78;6;24;27;91;2.80;4;2;1;57;0;2306791;383;0
11;19;78;6;24;29;33;3.80;1;1;1;57;0;2306933;129;0
11;19;78;6;24;29;38;4.20;3;2;1;59;0;2306938;197;2305684
11;19;78;6;24;29;87;3.40;4;2;1;57;0;2306987;178;2305684
11;19;78;6;24;30;69;3.80;3;2;1;60;0;2307069;105;2305684
11;19;78;6;24;31;4;3.20;4;2;1;57;0;2307104;95;2305684
11;19;78;6;24;32;5;4.20;1;1;1;51;0;2307205;248;0
11;19;78;6;24;32;61;3.40;4;2;1;57;0;2307261;136;0
11;19;78;6;24;32;82;3.60;3;2;1;59;0;2307282;190;2305684
11;19;78;6;24;33;43;4.40;1;1;1;51;0;2307343;108;2305684
11;19;78;6;24;35;23;3.80;1;1;1;50;0;2307523;148;2305684
11;19;78;6;24;36;63;12.20;1;1;2;46;0;2307663;112;2305684
11;19;78;6;24;42;19;3.60;1;1;1;49;0;2308219;460;0
11;19;78;6;24;45;87;3.20;1;1;1;47;0;2308587;341;0
11;19;78;6;24;48;95;3.20;1;1;1;50;0;2308895;283;0
11;19;78;6;24;50;78;3.20;1;1;1;45;0;2309078;159;0
11;19;78;6;24;53;93;4.80;2;1;1;55;0;2309393;3319;0
11;19;78;6;24;54;8;4.00;4;2;1;62;0;2309408;2125;0
11;19;78;6;24;54;49;3.20;1;1;1;50;0;2309449;345;0
11;19;78;6;24;55;41;3.60;1;1;1;50;0;2309541;68;0
11;19;78;6;24;55;96;3.80;2;1;1;60;0;2309596;171;0
11;19;78;6;24;58;1;3.80;1;1;1;57;0;2309801;234;0
11;19;78;6;24;59;51;4.40;2;1;1;56;0;2309951;332;0
11;19;78;6;24;59;89;4.00;4;2;1;59;0;2309989;557;0
11;19;78;6;24;59;90;5.60;1;1;1;56;0;2309990;165;0
11;19;78;6;25;1;45;3.60;2;1;1;56;0;2310145;165;0
11;19;78;6;25;2;86;3.80;1;1;1;61;0;2310286;260;0
11;19;78;6;25;3;85;3.40;1;1;1;55;0;2310385;76;0
11;19;78;6;25;4;89;3.40;2;1;1;55;0;2310489;320;0
11;19;78;6;25;11;98;3.80;4;2;1;62;0;2311198;1184;0
11;19;78;6;25;13;46;3.80;4;2;1;62;0;2311346;125;0
11;19;78;6;25;17;14;4.60;4;2;1;59;0;2311714;345;0
11;19;78;6;25;20;5;3.60;4;2;1;62;0;2312005;262;0
11;19;78;6;25;24;9;3.60;2;1;1;58;0;2312409;1897;0
11;19;78;6;25;31;5;3.60;4;2;1;64;0;2313105;1079;0
11;19;78;6;25;45;41;3.40;3;2;1;63;0;2314541;7237;0
11;19;78;6;25;45;60;6.00;4;2;1;62;0;2314560;1434;0
11;19;78;6;25;46;68;3.80;3;2;1;59;0;2314668;107;0
11;19;78;6;25;47;30;3.80;4;2;1;64;0;2314730;135;0
11;19;78;6;25;47;62;3.20;1;1;1;58;0;2314762;4354;0
11;19;78;6;25;47;68;3.60;3;2;1;62;0;2314768;76;0
11;19;78;6;25;48;61;3.80;1;1;1;58;0;2314861;79;0
11;19;78;6;25;48;76;4.40;3;2;1;61;0;2314876;87;0
11;19;78;6;25;49;92;3.60;4;2;1;64;0;2314992;240;0
11;19;78;6;25;51;7;3.40;3;2;1;67;0;2315107;205;0
11;19;78;6;25;51;94;3.60;4;2;1;64;0;2315194;181;0
11;19;78;6;25;55;13;3.40;4;2;1;67;0;2315513;298;0
11;19;78;6;25;55;93;3.40;3;2;1;62;0;2315593;467;0
11;19;78;6;25;59;25;3.20;2;1;1;58;0;2315925;3493;0
11;19;78;6;25;59;80;3.60;1;1;1;52;0;2315980;1095;0
11;19;78;6;26;0;71;6.20;2;1;1;55;0;2316071;126;0
11;19;78;6;26;1;73;3.80;1;1;1;56;0;2316173;168;0
11;19;78;6;26;2;43;3.60;2;1;1;61;0;2316243;131;0
11;19;78;6;26;2;82;3.40;1;1;1;58;0;2316282;84;0
11;19;78;6;26;3;82;3.40;1;1;1;56;0;2316382;78;0
11;19;78;6;26;4;77;3.60;2;1;1;61;0;2316477;212;0
11;19;78;6;26;6;26;4.60;2;1;1;58;0;2316626;127;0
11;19;78;6;26;7;7;3.60;1;1;1;50;0;2316707;303;0
11;19;78;6;26;8;7;3.80;1;1;1;46;0;2316807;74;0
11;19;78;6;26;9;39;3.80;1;1;1;49;0;2316939;102;0
11;19;78;6;26;10;38;3.60;1;1;1;48;0;2317038;71;0
11;19;78;6;26;12;5;3.60;1;1;1;49;0;2317205;140;2316707
11;19;78;6;26;12;29;3.20;2;1;1;61;0;2317229;574;0
11;19;78;6;26;13;21;3.60;2;1;1;60;0;2317321;73;0
11;19;78;6;26;13;8;5.40;1;1;1;49;0;2317308;76;2316707
11;19;78;6;26;13;65;4.60;4;2;1;64;0;2317365;1833;0
11;19;78;6;26;14;46;25.40;1;1;5;50;0;2317446;98;2316707
11;19;78;6;26;18;52;3.60;1;1;1;50;0;2317852;223;0
11;19;78;6;26;20;7;10.40;1;1;2;50;0;2318007;129;0
11;19;78;6;26;22;10;3.60;1;1;1;50;0;2318210;128;0
11;19;78;6;26;25;12;3.80;1;1;1;50;0;2318512;276;0
11;19;78;6;26;26;4;3.60;2;1;1;56;0;2318604;1261;0
11;19;78;6;26;26;82;4.00;1;1;1;50;0;2318682;142;0
11;19;78;6;26;28;39;3.60;1;1;1;51;0;2318839;128;0
11;19;78;6;26;29;25;4.60;1;1;1;51;0;2318925;60;0
11;19;78;6;26;32;76;4.60;1;1;1;49;0;2319276;318;0
11;19;78;6;26;34;12;3.40;4;2;1;57;0;2319412;2021;0
11;19;78;6;26;34;36;14.20;1;1;3;51;0;2319436;126;0
11;19;78;6;26;35;24;3.80;3;2;1;68;0;2319524;3911;0
11;19;78;6;26;36;48;3.40;2;1;1;52;0;2319648;1020;0
11;19;78;6;26;36;18;10.20;1;1;2;49;0;2319618;81;0
11;19;78;6;26;37;34;3.60;2;1;1;53;0;2319734;62;0
11;19;78;6;26;38;30;4.20;2;1;1;53;0;2319830;71;0
11;19;78;6;26;38;90;9.60;1;1;2;53;0;2319890;197;0
11;19;78;6;26;39;45;3.80;2;1;1;53;0;2319945;86;0
11;19;78;6;26;40;19;4.00;1;1;1;54;0;2320019;63;2319276
11;19;78;6;26;41;40;3.80;1;1;1;54;0;2320140;94;2319276
11;19;78;6;26;43;13;3.60;4;2;1;54;0;2320313;879;0
11;19;78;6;26;44;16;3.60;1;1;1;55;0;2320416;250;0
11;19;78;6;26;45;1;3.20;4;2;1;52;0;2320501;164;0
11;19;78;6;26;46;46;5.00;1;1;1;57;0;2320646;206;0
11;19;78;6;26;48;55;4.20;1;1;1;58;0;2320855;177;0
11;19;78;6;26;51;38;3.40;1;1;1;56;0;2321138;256;0
11;19;78;6;26;53;9;3.60;2;1;1;62;0;2321309;1338;0
11;19;78;6;26;55;73;3.60;4;2;1;62;0;2321573;1049;0
11;19;78;6;26;56;5;3.60;1;1;1;58;0;2321605;445;0
11;19;78;6;26;58;78;3.60;4;2;1;59;0;2321878;284;0
11;19;78;6;27;2;98;3.80;1;1;1;57;0;2322298;670;0
11;19;78;6;27;6;17;9.40;1;1;6;58;0;2322617;295;0
11;19;78;6;27;11;74;3.60;1;1;1;61;0;2323174;498;0
11;19;78;6;27;12;57;11.20;4;2;3;53;0;2323257;1357;0
11;19;78;6;27;16;21;3.20;2;1;1;56;0;2323621;2291;0
11;19;78;6;27;18;6;5.20;2;1;1;55;0;2323806;164;0
11;19;78;6;27;25;82;3.60;3;2;1;62;0;2324582;5037;0
11;19;78;6;27;27;6;3.40;4;2;1;63;0;2324706;1372;0
11;19;78;6;27;27;44;4.60;3;2;1;69;0;2324744;141;0
11;19;78;6;27;27;93;3.60;4;2;1;63;0;2324793;67;0
11;19;78;6;27;28;11;4.60;3;2;1;66;0;2324811;43;0
11;19;78;6;27;28;88;5.00;3;2;1;66;0;2324888;51;0
11;19;78;6;27;31;80;4.00;3;2;1;66;0;2325180;264;0
11;19;78;6;27;32;63;3.40;4;2;1;61;0;2325263;449;0
11;19;78;6;27;34;18;3.60;4;2;1;56;0;2325418;134;0
11;19;78;6;27;34;48;3.20;3;2;1;62;0;2325448;246;0
11;19;78;6;27;35;15;3.60;4;2;1;59;0;2325515;73;0
11;19;78;6;27;36;58;4.40;4;2;1;57;0;2325658;121;0
11;19;78;6;27;37;34;3.80;3;2;1;66;0;2325734;267;0
11;19;78;6;27;37;67;3.40;4;2;1;59;0;2325767;81;2325263
11;19;78;6;27;39;23;3.80;3;2;1;59;0;2325923;168;2325263
11;19;78;6;27;39;67;3.60;4;2;1;58;0;2325967;179;2325263
11;19;78;6;27;42;14;7.60;3;2;2;63;0;2326214;267;0
11;19;78;6;27;43;24;3.40;4;2;1;58;0;2326324;334;0
11;19;78;6;27;44;0;3.60;3;2;1;62;0;2326400;142;0
11;19;78;6;27;44;95;3.40;4;2;1;59;0;2326495;149;0
11;19;78;6;27;45;95;5.40;3;2;1;68;0;2326595;174;0
11;19;78;6;27;46;77;3.80;4;2;1;56;0;2326677;161;0
11;19;78;6;27;47;58;3.80;1;1;1;61;0;2326758;3562;0
11;19;78;6;27;47;90;4.00;3;2;1;63;0;2326790;166;0
11;19;78;6;27;48;76;3.40;4;2;1;55;0;2326876;174;0
11;19;78;6;27;51;36;3.60;4;2;1;51;0;2327136;237;0
11;19;78;6;27;52;3;3.40;1;1;1;56;0;2327203;422;0
11;19;78;6;27;53;17;3.60;4;2;1;52;0;2327317;155;0
11;19;78;6;27;54;94;3.80;4;2;1;53;0;2327494;152;0
11;19;78;6;27;55;29;4.00;1;1;1;54;0;2327529;304;0
11;19;78;6;28;1;9;3.80;2;1;1;56;0;2328109;4268;0
11;19;78;6;28;3;29;5.00;2;1;1;59;0;2328329;195;0
11;19;78;6;28;3;42;3.60;1;1;1;57;0;2328342;786;0
11;19;78;6;28;5;71;3.40;1;1;1;56;0;2328571;206;0
11;19;78;6;28;6;79;3.20;2;1;1;57;0;2328679;319;0
11;19;78;6;28;6;83;3.80;1;1;1;55;0;2328683;90;0
11;19;78;6;28;8;56;3.60;1;1;1;54;0;2328856;148;0
11;19;78;6;28;9;71;4.60;1;1;1;55;0;2328971;91;0
11;19;78;6;28;9;84;6.40;2;1;1;56;0;2328984;284;0
11;19;78;6;28;11;33;3.60;4;2;1;60;0;2329133;1613;0
11;19;78;6;28;11;65;3.80;1;1;1;54;0;2329165;163;2328571
11;19;78;6;28;11;81;5.60;2;1;1;56;0;2329181;155;2328571
11;19;78;6;28;14;13;3.80;1;1;1;54;0;2329413;222;0
11;19;78;6;28;15;24;3.60;2;1;1;60;0;2329524;307;0
11;19;78;6;28;16;2;4.00;1;1;1;50;0;2329602;163;0
11;19;78;6;28;17;93;3.80;1;1;1;50;0;2329793;162;0
11;19;78;6;28;18;84;5.20;2;1;1;57;0;2329884;338;0
11;19;78;6;28;18;92;4.00;1;1;1;51;0;2329892;71;0
11;19;78;6;28;20;35;11.20;1;1;2;49;0;2330035;114;2329413
11;19;78;6;28;22;5;3.40;2;1;1;59;0;2330205;288;0
11;19;78;6;28;22;92;4.60;1;1;1;47;0;2330292;174;2329413
11;19;78;6;28;24;54;3.80;1;1;1;46;0;2330454;126;2329413
11;19;78;6;28;26;6;3.60;1;1;1;46;0;2330606;122;2329413
11;19;78;6;28;27;64;3.80;1;1;1;48;0;2330764;129;2329413
11;19;78;6;28;29;12;3.60;2;1;1;56;0;2330912;686;0
11;19;78;6;28;29;24;3.40;1;1;1;48;0;2330924;131;2329413
11;19;78;6;28;31;61;3.00;4;2;1;62;0;2331161;2006;0
11;19;78;6;28;33;89;3.40;4;2;1;57;0;2331389;210;0
11;19;78;6;28;38;54;3.20;4;2;1;56;0;2331854;443;0
11;19;78;6;28;38;74;3.80;1;1;1;55;0;2331874;924;0
11;19;78;6;28;40;17;3.00;1;1;1;55;0;2332017;118;0
11;19;78;6;28;41;76;3.40;1;1;1;51;0;2332176;139;0
11;19;78;6;28;45;18;3.60;2;1;1;55;0;2332518;1582;0
11;19;78;6;28;46;76;12.20;4;2;3;61;0;2332676;801;0
11;19;78;6;28;50;66;3.00;4;2;1;59;0;2333066;318;0
11;19;78;6;28;51;89;3.60;3;2;1;67;0;2333189;6376;0
11;19;78;6;28;52;51;3.20;4;2;1;56;0;2333251;166;0
11;19;78;6;29;0;11;12.60;1;1;3;40;0;2334011;1811;0
11;19;78;6;29;3;22;4.00;1;1;1;40;0;2334322;197;0
11;19;78;6;29;4;85;3.80;3;2;1;67;0;2334485;1276;0
11;19;78;6;29;9;76;3.60;3;2;1;64;0;2334976;470;0
11;19;78;6;29;10;67;3.80;3;2;1;62;0;2335067;70;0
11;19;78;6;29;12;78;4.60;3;2;1;61;0;2335278;188;0
11;19;78;6;29;14;15;3.80;3;2;1;63;0;2335415;109;0
11;19;78;6;29;16;7;4.20;1;1;1;56;0;2335607;1249;0
11;19;78;6;29;18;19;3.20;4;2;1;58;0;2335819;2547;0
11;19;78;6;29;19;45;3.80;1;1;1;53;0;2335945;311;0
11;19;78;6;29;19;89;3.20;4;2;1;57;0;2335989;150;0
11;19;78;6;29;20;90;3.60;1;1;1;53;0;2336090;119;0
11;19;78;6;29;21;68;3.60;4;2;1;53;0;2336168;158;0
11;19;78;6;29;21;83;3.60;3;2;1;68;0;2336183;746;0
11;19;78;6;29;22;67;9.40;3;2;2;64;0;2336267;64;0
11;19;78;6;29;23;40;4.00;4;2;1;52;0;2336340;147;0
11;19;78;6;29;24;14;4.40;4;2;1;52;0;2336414;46;2335819
11;19;78;6;29;24;31;4.40;3;2;1;62;0;2336431;111;2335819
11;19;78;6;29;25;27;3.20;4;2;1;50;0;2336527;82;2335819
11;19;78;6;29;26;59;3.60;3;2;1;56;0;2336659;202;0
11;19;78;6;29;26;35;3.60;2;1;1;55;0;2336635;4093;0
11;19;78;6;29;26;34;5.40;1;1;1;59;0;2336634;519;0
11;19;78;6;29;27;47;3.80;3;2;1;55;0;2336747;64;0
11;19;78;6;29;28;34;5.20;4;2;1;59;0;2336834;283;0
11;19;78;6;29;30;22;3.80;1;1;1;52;0;2337022;355;0
11;19;78;6;29;30;35;4.60;3;2;1;63;0;2337035;263;0
11;19;78;6;29;30;57;4.00;2;1;1;55;0;2337057;398;0
11;19;78;6;29;30;49;12.60;4;2;3;54;0;2337049;183;0
11;19;78;6;29;31;73;5.40;1;1;1;50;0;2337173;124;0
11;19;78;6;29;33;18;3.20;2;1;1;56;0;2337318;234;0
11;19;78;6;29;33;25;3.80;3;2;1;63;0;2337325;263;0
11;19;78;6;29;33;56;3.40;4;2;1;54;0;2337356;223;0
11;19;78;6;29;33;12;22.20;1;1;5;50;0;2337312;100;0
11;19;78;6;29;34;98;3.60;2;1;1;54;0;2337498;159;0
11;19;78;6;29;36;0;4.60;1;1;1;50;0;2337600;128;0
11;19;78;6;29;37;64;3.20;1;1;1;50;0;2337764;130;2337022
11;19;78;6;29;38;34;3.80;2;1;1;45;0;2337834;312;0
11;19;78;6;29;41;57;3.60;1;1;1;46;0;2338157;369;0
11;19;78;6;29;42;45;3.60;2;1;1;55;0;2338245;380;0
11;19;78;6;29;42;69;3.20;1;1;1;47;0;2338269;83;0
11;19;78;6;29;44;21;4.00;2;1;1;53;0;2338421;152;0
11;19;78;6;29;45;39;3.80;2;1;1;52;0;2338539;90;0
11;19;78;6;29;46;42;3.80;2;1;1;51;0;2338642;76;0
11;19;78;6;29;46;56;14.60;1;1;4;46;0;2338656;362;0
11;19;78;6;29;49;87;4.00;1;1;1;45;0;2338987;216;0
11;19;78;6;29;50;76;4.20;2;1;1;53;0;2339076;407;0
11;19;78;6;29;51;61;4.00;1;1;1;43;0;2339161;142;0
11;19;78;6;29;53;17;3.60;1;1;1;44;0;2339317;122;0
11;19;78;6;29;53;62;3.20;4;2;1;57;0;2339362;1983;0
11;19;78;6;29;53;76;4.40;2;1;1;57;0;2339376;271;0
11;19;78;6;29;54;36;4.00;1;1;1;44;0;2339436;89;0
11;19;78;6;29;56;95;3.60;3;2;1;67;0;2339695;2348;0
11;19;78;6;29;57;0;3.00;4;2;1;65;0;2339700;317;0
11;19;78;6;29;56;70;5.40;1;1;1;48;0;2339670;201;0
11;19;78;6;30;5;86;4.60;3;2;1;66;0;2340586;871;0
11;19;78;6;30;7;95;3.60;4;2;1;65;0;2340795;1078;0
11;19;78;6;30;9;68;3.60;3;2;1;66;0;2340968;356;0
11;19;78;6;30;12;11;3.60;4;2;1;58;0;2341211;396;0
11;19;78;6;30;14;67;4.60;3;2;1;57;0;2341467;479;0
11;19;78;6;30;17;70;3.60;2;1;1;53;0;2341770;2366;0
11;19;78;6;30;17;74;4.00;4;2;1;62;0;2341774;540;0
11;19;78;6;30;18;62;4.80;2;1;1;56;0;2341862;67;0
11;19;78;6;30;22;95;4.20;1;1;1;60;0;2342295;2584;0
11;19;78;6;30;23;98;3.60;1;1;1;57;0;2342398;77;0
11;19;78;6;30;25;69;2.80;1;1;1;54;0;2342569;148;0
11;19;78;6;30;26;79;4.00;1;1;1;56;0;2342679;91;0
11;19;78;6;30;29;70;3.20;1;1;1;59;0;2342970;265;0
11;19;78;6;30;40;65;3.60;4;2;1;69;0;2344065;2267;0
11;19;78;6;30;42;19;4.40;3;2;1;71;0;2344219;2722;0
11;19;78;6;30;47;13;3.40;4;2;1;62;0;2344713;629;0
11;19;78;6;30;48;4;3.60;3;2;1;70;0;2344804;562;0
11;19;78;6;30;49;43;3.80;3;2;1;64;0;2344943;120;0
11;19;78;6;30;50;43;6.20;4;2;1;57;0;2345043;310;0
11;19;78;6;30;51;69;5.00;3;2;1;64;0;2345169;204;0
11;19;78;6;30;52;56;3.20;4;2;1;56;0;2345256;173;0
11;19;78;6;30;53;64;5.60;4;2;1;56;0;2345364;87;0
11;19;78;6;30;54;5;3.60;3;2;1;60;0;2345405;207;0
11;19;78;6;30;55;26;3.60;4;2;1;57;0;2345526;126;0
11;19;78;6;30;55;34;3.60;3;2;1;62;0;2345534;107;0
11;19;78;6;30;57;5;3.40;3;2;1;64;0;2345705;150;0
11;19;78;6;30;57;20;3.20;2;1;1;56;0;2345720;3827;0
11;19;78;6;30;57;47;4.00;4;2;1;56;0;2345747;198;2345043
11;19;78;6;30;57;59;4.20;1;1;1;56;0;2345759;2769;0
11;19;78;6;31;0;8;3.80;2;1;1;57;0;2346008;267;0
11;19;78;6;31;0;22;3.40;4;2;1;55;0;2346022;249;0
11;19;78;6;31;0;35;3.40;3;2;1;58;0;2346035;310;0
11;19;78;6;31;0;90;3.80;1;1;1;58;0;2346090;304;0
11;19;78;6;31;1;26;3.00;4;2;1;56;0;2346126;81;0
11;19;78;6;31;2;50;3.20;3;2;1;59;0;2346250;193;0
11;19;78;6;31;2;85;3.60;1;1;1;53;0;2346285;171;0
11;19;78;6;31;3;17;5.20;4;2;1;59;0;2346317;171;0
11;19;78;6;31;4;58;4.20;1;1;1;56;0;2346458;148;0
11;19;78;6;31;6;13;3.80;4;2;1;57;0;2346613;264;0
11;19;78;6;31;7;38;3.20;1;1;1;55;0;2346738;253;0
11;19;78;6;31;10;29;3.40;1;1;1;51;0;2347029;270;0
11;19;78;6;31;12;65;3.60;1;1;1;52;0;2347265;212;0
11;19;78;6;31;14;48;3.60;1;1;1;51;0;2347448;158;0
11;19;78;6;31;15;80;3.60;1;1;1;49;0;2347580;106;0
11;19;78;6;31;17;54;3.60;1;1;1;50;0;2347754;147;0
11;19;78;6;31;18;97;3.60;1;1;1;52;0;2347897;117;2347265
11;19;78;6;31;20;79;3.40;1;1;1;52;0;2348079;157;2347265
11;19;78;6;31;25;55;3.60;1;1;1;65;0;2348555;452;0
11;19;78;6;31;31;3;5.20;2;1;1;61;0;2349103;3071;0
11;19;78;6;31;32;66;4.00;1;1;1;57;0;2349266;691;0
11;19;78;6;31;33;25;3.60;3;2;1;64;0;2349325;3055;0
11;19;78;6;31;34;24;3.60;1;1;1;58;0;2349424;132;0
11;19;78;6;31;35;83;3.40;4;2;1;59;0;2349583;2946;0
11;19;78;6;31;38;38;3.60;1;1;1;58;0;2349838;391;0
11;19;78;6;31;38;70;3.60;4;2;1;58;0;2349870;266;0
11;19;78;6;31;40;67;3.80;1;1;1;55;0;2350067;206;0
11;19;78;6;31;44;48;3.40;1;1;1;56;0;2350448;356;0
11;19;78;6;31;46;14;3.80;1;1;1;54;0;2350614;144;0
11;19;78;6;31;48;33;3.80;1;1;1;53;0;2350833;193;0
11;19;78;6;31;49;65;3.40;1;1;1;57;0;2350965;106;0
11;19;78;6;31;51;23;3.20;4;2;1;57;0;2351123;1230;0
11;19;78;6;31;52;76;3.40;2;1;1;58;0;2351276;2142;0
11;19;78;6;31;53;72;4.00;1;1;1;54;0;2351372;385;0
11;19;78;6;31;54;85;3.60;4;2;1;60;0;2351485;341;0
11;19;78;6;31;55;2;3.80;3;2;1;58;0;2351502;2156;0
11;19;78;6;31;55;14;4.00;1;1;1;57;0;2351514;115;0
11;19;78;6;31;56;35;3.80;2;1;1;59;0;2351635;337;0
11;19;78;6;31;57;11;3.00;4;2;1;60;0;2351711;204;0
11;19;78;6;31;57;65;3.40;1;1;1;56;0;2351765;225;0
11;19;78;6;32;3;23;12.20;1;1;2;55;0;2352323;536;0
11;19;78;6;32;13;54;3.80;4;2;1;57;0;2353354;1625;0
11;19;78;6;32;20;53;4.00;4;2;1;67;0;2354053;675;0
11;19;78;6;32;22;50;3.60;3;2;1;68;0;2354250;2724;0
11;19;78;6;32;25;70;3.80;3;2;1;62;0;2354570;300;0
11;19;78;6;32;25;80;4.60;4;2;1;68;0;2354580;505;0
11;19;78;6;32;26;73;3.80;4;2;1;64;0;2354673;68;0
11;19;78;6;32;27;33;4.00;3;2;1;69;0;2354733;140;0
11;19;78;6;32;31;19;3.80;3;2;1;55;0;2355119;365;0
11;19;78;6;32;32;6;3.20;4;2;1;57;0;2355206;511;0
11;19;78;6;32;32;22;3.80;3;2;1;55;0;2355222;78;0
11;19;78;6;32;33;69;3.20;4;2;1;61;0;2355369;142;0
11;19;78;6;32;33;72;3.60;3;2;1;58;0;2355372;125;0
11;19;78;6;32;34;60;3.40;3;2;1;57;0;2355460;65;0
11;19;78;6;32;35;13;4.00;4;2;1;57;0;2355513;125;0
11;19;78;6;32;36;36;3.80;3;2;1;61;0;2355636;154;2355119
11;19;78;6;32;36;56;3.20;4;2;1;57;0;2355656;117;2355119
11;19;78;6;32;38;77;3.60;3;2;1;61;0;2355877;218;0
11;19;78;6;32;40;8;3.60;1;1;1;60;0;2356008;3605;0
11;19;78;6;32;40;15;3.80;3;2;1;62;0;2356015;116;0
11;19;78;6;32;40;69;4.80;4;2;1;57;0;2356069;392;0
11;19;78;6;32;41;92;3.80;1;1;1;58;0;2356192;162;0
11;19;78;6;32;42;20;3.20;4;2;1;57;0;2356220;120;0
11;19;78;6;32;42;70;3.60;2;1;1;61;0;2356270;4611;0
11;19;78;6;32;43;69;3.00;4;2;1;55;0;2356369;128;0
11;19;78;6;32;44;85;3.80;4;2;1;55;0;2356485;96;0
11;19;78;6;32;45;65;4.00;1;1;1;58;0;2356565;349;0
11;19;78;6;32;46;5;4.00;2;1;1;61;0;2356605;313;0
11;19;78;6;32;46;52;3.80;3;2;1;54;0;2356652;614;0
11;19;78;6;32;47;72;3.80;2;1;1;60;0;2356772;143;0
11;19;78;6;32;47;92;3.40;3;2;1;56;0;2356792;114;0
11;19;78;6;32;48;18;4.00;1;1;1;60;0;2356818;228;0
11;19;78;6;32;48;99;4.20;3;2;1;57;0;2356899;85;0
11;19;78;6;32;49;49;4.00;1;1;1;60;0;2356949;107;0
11;19;78;6;32;51;1;4.00;3;2;1;57;0;2357101;175;0
11;19;78;6;32;52;74;3.60;3;2;1;58;0;2357274;147;2356652
11;19;78;6;32;52;73;3.60;2;1;1;60;0;2357273;478;0
11;19;78;6;32;52;40;14.60;1;1;4;56;0;2357240;267;0
11;19;78;6;32;53;32;14.40;4;2;4;56;0;2357332;822;0
11;19;78;6;32;54;24;3.20;1;1;1;55;0;2357424;90;0
11;19;78;6;32;54;21;3.80;3;2;1;59;0;2357421;124;2356652
11;19;78;6;32;55;23;3.60;2;1;1;60;0;2357523;228;0
11;19;78;6;32;55;25;3.60;3;2;1;56;0;2357525;80;2356652
11;19;78;6;32;55;59;5.20;4;2;1;55;0;2357559;134;2356652
11;19;78;6;32;55;89;3.00;1;1;1;51;0;2357589;144;2356652
11;19;78;6;32;57;10;3.20;3;2;1;57;0;2357710;161;2356652
11;19;78;6;32;57;21;3.60;2;1;1;58;0;2357721;176;2356652
11;19;78;6;32;57;26;3.20;1;1;1;51;0;2357726;115;2356652
11;19;78;6;32;58;46;3.80;1;1;1;51;0;2357846;97;2357240
11;19;78;6;32;58;88;3.00;3;2;1;59;0;2357888;157;2356652
11;19;78;6;33;0;98;3.00;1;1;1;51;0;2358098;225;0
11;19;78;6;33;2;75;3.40;1;1;1;49;0;2358275;155;0
11;19;78;6;33;4;50;3.80;1;1;1;48;0;2358450;150;0
11;19;78;6;33;6;2;3.80;1;1;1;47;0;2358602;123;0
11;19;78;6;33;7;51;3.20;2;1;1;52;0;2358751;1007;0
11;19;78;6;33;8;48;3.20;1;1;1;46;0;2358848;216;0
11;19;78;6;33;10;16;4.60;1;1;1;44;0;2359016;142;0
11;19;78;6;33;10;78;3.40;4;2;1;70;0;2359078;1484;0
11;19;78;6;33;11;34;4.20;2;1;1;59;0;2359134;360;0
11;19;78;6;33;11;53;3.40;1;1;1;44;0;2359153;99;0
11;19;78;6;33;12;58;3.40;3;2;1;72;0;2359258;1351;0
11;19;78;6;33;12;51;4.80;1;1;1;44;0;2359251;70;0
11;19;78;6;33;13;82;3.60;1;1;1;43;0;2359382;91;2358848
11;19;78;6;33;14;58;9.00;2;1;2;60;0;2359458;298;0
11;19;78;6;33;15;57;3.00;1;1;1;43;0;2359557;144;2358848
11;19;78;6;33;16;85;4.40;4;2;1;64;0;2359685;589;0
11;19;78;6;33;17;58;3.80;1;1;1;42;0;2359758;175;2358848
11;19;78;6;33;19;12;3.20;1;1;1;39;0;2359912;121;2358848
11;19;78;6;33;20;19;5.40;1;1;1;42;0;2360019;77;2358848
11;19;78;6;33;23;31;3.40;4;2;1;62;0;2360331;621;0
11;19;78;6;33;23;39;5.20;1;1;1;42;0;2360339;273;0
11;19;78;6;33;25;29;3.20;1;1;1;43;0;2360529;145;0
11;19;78;6;33;27;20;2.80;1;1;1;40;0;2360720;164;0
11;19;78;6;33;29;28;3.40;1;1;1;47;0;2360928;182;0
11;19;78;6;33;30;56;4.00;1;1;1;47;0;2361056;101;2360339
11;19;78;6;33;30;68;3.20;2;1;1;46;0;2361068;1556;0
11;19;78;6;33;32;11;8.60;1;1;2;45;0;2361211;124;2360339
11;19;78;6;33;32;76;3.60;3;2;1;67;0;2361276;2001;0
11;19;78;6;33;33;7;3.80;2;1;1;54;0;2361307;213;0
11;19;78;6;33;33;58;3.60;4;2;1;56;0;2361358;1007;0
11;19;78;6;33;34;25;3.60;1;1;1;49;0;2361425;145;2360339
11;19;78;6;33;34;53;3.20;3;2;1;65;0;2361453;157;2360339
11;19;78;6;33;35;24;4.00;1;1;1;50;0;2361524;72;2360339
11;19;78;6;33;36;56;3.20;4;2;1;55;0;2361656;274;0
11;19;78;6;33;36;67;3.60;1;1;1;48;0;2361667;114;2360339
11;19;78;6;33;38;59;3.60;1;1;1;49;0;2361859;165;2360339
11;19;78;6;33;38;70;3.80;4;2;1;59;0;2361870;193;2360339
11;19;78;6;33;39;78;10.20;1;1;2;46;0;2361978;92;2360339
11;19;78;6;33;41;25;3.40;4;2;1;58;0;2362125;231;0
11;19;78;6;33;43;21;3.00;1;1;1;45;0;2362321;263;0
11;19;78;6;33;45;89;3.60;1;1;1;43;0;2362589;244;0
11;19;78;6;33;47;16;11.40;4;2;3;53;0;2362716;569;0
11;19;78;6;33;48;14;4.60;1;1;1;43;0;2362814;194;0
11;19;78;6;33;52;3;3.20;1;1;1;41;0;2363203;350;0
11;19;78;6;33;53;27;3.80;4;2;1;60;0;2363327;533;0
11;19;78;6;33;55;68;4.00;4;2;1;57;0;2363568;218;0
11;19;78;6;33;59;32;3.80;1;1;1;57;0;2363932;700;0
11;19;78;6;34;5;12;3.60;4;2;1;56;0;2364512;918;0
11;19;78;6;34;5;33;3.80;3;2;1;62;0;2364533;3062;0
11;19;78;6;34;5;90;4.20;4;2;1;58;0;2364590;54;0
11;19;78;6;34;6;91;3.80;3;2;1;63;0;2364691;135;0
11;19;78;6;34;7;5;3.60;4;2;1;59;0;2364705;88;0
11;19;78;6;34;6;91;9.20;1;1;2;63;0;2364691;735;0
11;19;78;6;34;8;63;3.60;4;2;1;59;0;2364863;136;0
11;19;78;6;34;10;19;3.80;3;2;1;62;0;2365019;306;0
11;19;78;6;34;12;35;3.60;3;2;1;61;0;2365235;193;0
11;19;78;6;34;12;59;10.40;4;2;2;59;0;2365259;374;0
11;19;78;6;34;13;79;3.80;3;2;1;61;0;2365379;122;0
11;19;78;6;34;14;73;3.60;3;2;1;62;0;2365473;71;0
11;19;78;6;34;16;60;3.40;4;2;1;54;0;2365660;337;0
11;19;78;6;34;16;69;3.40;1;1;1;56;0;2365669;925;0
11;19;78;6;34;17;42;3.80;2;1;1;59;0;2365742;4409;0
11;19;78;6;34;17;93;3.60;3;2;1;60;0;2365793;299;0
11;19;78;6;34;18;10;3.20;1;1;1;54;0;2365810;119;0
11;19;78;6;34;19;20;3.60;3;2;1;55;0;2365920;105;0
11;19;78;6;34;19;63;3.60;4;2;1;52;0;2365963;280;0
11;19;78;6;34;19;88;3.80;1;1;1;53;0;2365988;156;0
11;19;78;6;34;20;76;4.60;1;1;1;53;0;2366076;62;0
11;19;78;6;34;20;81;2.60;2;1;0;53;1;2366081;315;0
11;19;78;6;34;21;7;3.80;4;2;1;51;0;2366107;119;0
11;19;78;6;34;21;25;4.00;3;2;1;58;0;2366125;181;0
11;19;78;6;34;22;43;3.20;1;1;1;56;0;2366243;135;2365669
11;19;78;6;34;22;48;3.80;3;2;1;59;0;2366248;98;2365669
11;19;78;6;34;22;58;4.40;2;1;1;59;0;2366258;492;0
11;19;78;6;34;22;76;3.20;4;2;1;53;0;2366276;142;0
11;19;78;6;34;23;48;3.60;3;2;1;58;0;2366348;76;2365793
11;19;78;6;34;23;69;3.40;4;2;1;53;0;2366369;71;2365793
11;19;78;6;34;24;91;3.80;4;2;1;57;0;2366491;98;2365963
11;19;78;6;34;26;34;3.20;3;2;1;58;0;2366634;263;0
11;19;78;6;34;29;32;4.60;2;1;1;57;0;2366932;647;0
11;19;78;6;34;29;94;5.40;1;1;1;57;0;2366994;730;0
11;19;78;6;34;31;47;7.40;2;1;2;57;0;2367147;185;0
11;19;78;6;34;31;67;15.40;1;1;4;57;0;2367167;138;0
11;19;78;6;34;35;40;3.60;1;1;1;57;0;2367540;275;0
11;19;78;6;34;38;41;3.20;1;1;1;54;0;2367841;278;0
11;19;78;6;34;39;54;4.80;2;1;1;53;0;2367954;760;0
11;19;78;6;34;40;4;3.60;1;1;1;53;0;2368004;141;0
11;19;78;6;34;40;78;4.20;2;1;1;55;0;2368078;91;0
11;19;78;6;34;41;25;10.20;1;1;2;53;0;2368125;96;0
11;19;78;6;34;41;72;5.40;2;1;1;53;0;2368172;66;0
11;19;78;6;34;43;24;3.60;1;1;1;49;0;2368324;129;0
11;19;78;6;34;44;85;4.40;1;1;1;47;0;2368485;134;2367841
11;19;78;6;34;45;75;4.60;2;1;1;58;0;2368575;366;0
11;19;78;6;34;45;79;4.80;1;1;1;46;0;2368579;60;2367841
11;19;78;6;34;46;77;3.80;1;1;1;48;0;2368677;60;2367841
11;19;78;6;34;48;8;4.00;1;1;1;47;0;2368808;102;2367841
11;19;78;6;34;49;91;3.60;1;1;1;48;0;2368991;152;2367841
11;19;78;6;34;51;13;4.60;1;1;1;48;0;2369113;95;2367841
11;19;78;6;34;52;99;3.00;1;1;1;46;0;2369299;151;2367841
11;19;78;6;34;53;85;3.60;1;1;1;46;0;2369385;62;2367841
11;19;78;6;34;55;40;3.20;1;1;1;44;0;2369540;126;2367841
11;19;78;6;34;56;28;4.00;2;1;1;58;0;2369628;1024;0
11;19;78;6;34;57;33;3.60;1;1;1;45;0;2369733;166;2367841
11;19;78;6;34;59;12;4.40;1;1;1;45;0;2369912;150;2367841
11;19;78;6;35;1;85;4.00;2;1;1;57;0;2370185;532;0
11;19;78;6;35;2;0;3.60;1;1;1;46;0;2370200;252;0
11;19;78;6;35;3;0;4.00;2;1;1;54;0;2370300;89;0
11;19;78;6;35;3;8;3.60;1;1;1;49;0;2370308;79;0
11;19;78;6;35;5;10;3.80;1;1;1;48;0;2370510;175;0
11;19;78;6;35;5;17;4.20;2;1;1;54;0;2370517;190;0
11;19;78;6;35;6;38;3.80;1;1;1;47;0;2370638;99;0
11;19;78;6;35;8;43;10.00;2;1;2;55;0;2370843;298;0
11;19;78;6;35;18;30;3.80;4;2;1;55;0;2371830;5315;0
11;19;78;6;35;31;42;3.80;4;2;1;61;0;2373142;1287;0
11;19;78;6;35;38;75;4.20;3;2;1;71;0;2373875;7221;0
11;19;78;6;35;44;5;3.80;4;2;1;60;0;2374405;1240;0
11;19;78;6;35;46;60;3.60;3;2;1;64;0;2374660;763;0
11;19;78;6;35;46;36;12.40;4;2;3;55;0;2374636;208;0
11;19;78;6;35;48;52;3.80;3;2;1;63;0;2374852;171;0
11;19;78;6;35;49;29;3.60;4;2;1;57;0;2374929;211;0
11;19;78;6;35;50;37;4.00;3;2;1;62;0;2375037;163;0
11;19;78;6;35;51;57;3.60;3;2;1;59;0;2375157;96;0
11;19;78;6;35;52;28;3.20;4;2;1;57;0;2375228;276;0
11;19;78;6;35;53;17;3.20;3;2;1;58;0;2375317;138;2374660
11;19;78;6;35;53;17;3.60;4;2;1;55;0;2375317;68;2374660
11;19;78;6;35;54;6;3.40;3;2;1;58;0;2375406;69;2374660
11;19;78;6;35;55;1;3.60;4;2;1;55;0;2375501;160;2374660
11;19;78;6;35;55;20;3.60;3;2;1;55;0;2375520;92;2374660
11;19;78;6;35;56;46;3.60;3;2;1;58;0;2375646;102;2374660
11;19;78;6;35;58;11;3.20;3;2;1;60;0;2375811;142;2374660
11;19;78;6;35;58;72;3.40;4;2;1;58;0;2375872;347;0
11;19;78;6;35;59;97;3.00;3;2;1;56;0;2375997;166;2374660
11;19;78;6;36;0;18;5.20;4;2;1;61;0;2376018;124;2374660
11;19;78;6;36;0;81;4.60;3;2;1;57;0;2376081;64;2374660
11;19;78;6;36;2;0;3.20;3;2;1;57;0;2376200;89;2374660
11;19;78;6;36;3;39;3.80;3;2;1;57;0;2376339;118;2374660
11;19;78;6;36;4;96;3.60;3;2;1;58;0;2376496;133;2374660
11;19;78;6;36;4;73;6.20;4;2;1;56;0;2376473;424;0
11;19;78;6;36;6;56;5.20;4;2;1;54;0;2376656;143;0
11;19;78;6;36;6;78;3.40;3;2;1;58;0;2376678;159;2374660
11;19;78;6;36;6;90;2.80;1;1;1;57;0;2376690;6022;0
11;19;78;6;36;7;5;3.80;2;1;1;63;0;2376705;5796;0
11;19;78;6;36;8;24;4.60;4;2;1;52;0;2376824;133;0
11;19;78;6;36;8;34;5.00;3;2;1;58;0;2376834;134;2374660
11;19;78;6;36;9;51;3.80;3;2;1;59;0;2376951;85;2374660
11;19;78;6;36;10;26;3.40;4;2;1;50;0;2377026;170;2374660
11;19;78;6;36;10;91;3.40;3;2;1;60;0;2377091;116;2374660
11;19;78;6;36;12;77;3.80;3;2;1;57;0;2377277;165;2374660
11;19;78;6;36;14;63;4.00;4;2;1;55;0;2377463;412;0
11;19;78;6;36;16;88;4.00;3;2;1;63;0;2377688;387;0
11;19;78;6;36;17;50;3.40;2;1;1;60;0;2377750;1023;0
11;19;78;6;36;18;31;3.60;1;1;1;62;0;2377831;1123;0
11;19;78;6;36;19;31;3.60;2;1;1;57;0;2377931;160;0
11;19;78;6;36;20;68;4.20;2;1;1;54;0;2378068;114;0
11;19;78;6;36;22;16;4.60;2;1;1;56;0;2378216;120;0
11;19;78;6;36;23;8;3.40;1;1;1;56;0;2378308;456;0
11;19;78;6;36;23;21;3.80;2;1;1;57;0;2378321;75;2377750
11;19;78;6;36;24;56;3.80;1;1;1;54;0;2378456;126;2377750
11;19;78;6;36;25;23;4.00;2;1;1;54;0;2378523;178;2377750
11;19;78;6;36;25;31;3.80;1;1;1;52;0;2378531;49;2377750
11;19;78;6;36;26;11;3.80;1;1;1;54;0;2378611;53;2377750
11;19;78;6;36;26;32;3.60;2;1;1;54;0;2378632;82;2377750
11;19;78;6;36;27;96;3.40;2;1;1;58;0;2378796;140;2377750
11;19;78;6;36;28;78;3.60;1;1;1;55;0;2378878;241;0
11;19;78;6;36;29;46;3.60;2;1;1;58;0;2378946;128;2377750
11;19;78;6;36;30;6;3.20;4;2;1;55;0;2379006;1516;0
11;19;78;6;36;31;67;3.60;1;1;1;49;0;2379167;265;0
11;19;78;6;36;32;35;3.20;2;1;1;59;0;2379235;266;0
11;19;78;6;36;32;71;3.20;1;1;1;46;0;2379271;77;0
11;19;78;6;36;33;57;3.60;1;1;1;47;0;2379357;60;0
11;19;78;6;36;33;85;4.40;4;2;1;61;0;2379385;358;0
11;19;78;6;36;35;20;3.80;2;1;1;56;0;2379520;265;0
11;19;78;6;36;35;64;3.60;4;2;1;62;0;2379564;153;0
11;19;78;6;36;35;51;4.80;1;1;1;41;0;2379551;166;0
11;19;78;6;36;37;17;3.60;3;2;1;62;0;2379717;2006;0
11;19;78;6;36;36;93;3.80;1;1;1;43;0;2379693;99;2379167
11;19;78;6;36;38;21;4.00;2;1;1;58;0;2379821;276;0
11;19;78;6;36;38;33;3.60;1;1;1;46;0;2379833;108;2379167
11;19;78;6;36;39;92;3.80;4;2;1;63;0;2379992;407;0
11;19;78;6;36;40;3;3.60;2;1;1;54;0;2380003;157;0
11;19;78;6;36;41;70;3.60;2;1;1;60;0;2380170;143;0
11;19;78;6;36;41;37;11.40;1;1;3;43;0;2380137;275;0
11;19;78;6;36;43;47;4.20;1;1;1;42;0;2380347;114;0
11;19;78;6;36;44;57;3.20;2;1;1;57;0;2380457;265;0
11;19;78;6;36;44;65;3.40;1;1;1;42;0;2380465;82;0
11;19;78;6;36;45;77;3.60;1;1;1;45;0;2380577;82;0
11;19;78;6;36;46;57;3.40;2;1;1;55;0;2380657;179;0
11;19;78;6;36;47;22;3.40;1;1;1;47;0;2380722;116;2380137
11;19;78;6;36;48;20;4.40;2;1;1;54;0;2380820;140;2380137
11;19;78;6;36;50;3;3.80;2;1;1;51;0;2381003;153;2380137
11;19;78;6;36;50;98;4.40;2;1;1;52;0;2381098;68;2380457
11;19;78;6;36;50;10;16.20;1;1;4;47;0;2381010;261;0
11;19;78;6;36;53;70;3.60;4;2;1;60;0;2381370;1356;0
11;19;78;6;36;54;20;3.40;3;2;1;61;0;2381420;1682;0
11;19;78;6;36;53;77;3.40;1;1;1;47;0;2381377;242;0
11;19;78;6;36;54;84;3.60;1;1;1;46;0;2381484;80;0
11;19;78;6;36;55;75;14.20;1;1;2;45;0;2381575;62;0
11;19;78;6;36;57;40;3.80;4;2;1;59;0;2381740;348;0
11;19;78;6;36;58;87;3.60;1;1;1;44;0;2381887;198;0
11;19;78;6;36;59;38;3.60;3;2;1;65;0;2381938;497;0
11;19;78;6;37;0;0;3.60;4;2;1;56;0;2382000;236;0
11;19;78;6;37;0;47;4.00;3;2;1;62;0;2382047;89;0
11;19;78;6;37;1;85;4.60;1;1;1;48;0;2382185;268;0
11;19;78;6;37;2;73;3.60;4;2;1;57;0;2382273;249;0
11;19;78;6;37;3;33;3.80;1;1;1;47;0;2382333;113;0
11;19;78;6;37;6;63;3.80;2;1;1;55;0;2382663;1534;0
11;19;78;6;37;6;75;3.40;1;1;1;42;0;2382675;312;0
11;19;78;6;37;8;39;3.40;1;1;1;42;0;2382839;134;0
11;19;78;6;37;8;98;3.80;4;2;1;59;0;2382898;602;0
11;19;78;6;37;9;61;3.40;1;1;1;42;0;2382961;92;0
11;19;78;6;37;10;94;3.80;1;1;1;40;0;2383094;103;0
11;19;78;6;37;12;87;3.60;1;1;1;44;0;2383287;158;2382675
11;19;78;6;37;14;23;3.40;2;1;1;56;0;2383423;735;0
11;19;78;6;37;14;78;3.60;4;2;1;63;0;2383478;556;0
11;19;78;6;37;15;27;6.40;1;1;1;44;0;2383527;210;0
11;19;78;6;37;18;66;3.60;1;1;1;44;0;2383866;286;0
11;19;78;6;37;20;49;3.80;1;1;1;43;0;2384049;153;0
11;19;78;6;37;26;58;3.60;4;2;1;62;0;2384658;1159;0
11;19;78;6;37;27;25;4.40;3;2;1;66;0;2384725;2654;0
11;19;78;6;37;27;65;3.80;4;2;1;63;0;2384765;86;0
11;19;78;6;37;28;60;3.40;4;2;1;61;0;2384860;73;0
11;19;78;6;37;30;66;3.80;4;2;1;65;0;2385066;185;0
11;19;78;6;37;32;72;3.60;3;2;1;68;0;2385272;523;0
11;19;78;6;37;32;79;3.60;4;2;1;58;0;2385279;191;2384658
11;19;78;6;37;34;54;3.40;3;2;1;59;0;2385454;162;2384658
11;19;78;6;37;34;63;10.40;4;2;2;59;0;2385463;161;2384658
11;19;78;6;37;35;71;3.20;3;2;1;59;0;2385571;96;2384658
11;19;78;6;37;36;82;3.40;3;2;1;60;0;2385682;91;2384658
11;19;78;6;37;38;15;4.00;3;2;1;58;0;2385815;112;2385272
11;19;78;6;37;38;91;4.40;4;2;1;57;0;2385891;364;0
11;19;78;6;37;39;58;3.40;3;2;1;58;0;2385958;118;2385272
11;19;78;6;37;40;49;3.60;4;2;1;57;0;2386049;130;2385272
11;19;78;6;37;40;98;3.60;3;2;1;60;0;2386098;118;2385272
11;19;78;6;37;42;28;4.00;4;2;1;57;0;2386228;156;2385272
11;19;78;6;37;42;89;4.00;3;2;1;59;0;2386289;169;2385272
11;19;78;6;37;43;86;3.60;3;2;1;61;0;2386386;72;2385272
11;19;78;6;37;44;2;3.00;4;2;1;57;0;2386402;148;2385272
11;19;78;6;37;45;54;3.60;4;2;1;58;0;2386554;133;2385891
11;19;78;6;37;46;70;3.60;3;2;1;65;0;2386670;262;0
11;19;78;6;37;47;44;2.80;4;2;1;59;0;2386744;167;2385891
11;19;78;6;37;48;15;3.80;3;2;1;64;0;2386815;125;2385891
11;19;78;6;37;49;13;3.80;4;2;1;60;0;2386913;151;2385891
11;19;78;6;37;50;50;5.20;3;2;1;61;0;2387050;213;0
11;19;78;6;37;51;75;4.40;3;2;1;59;0;2387175;94;0
11;19;78;6;37;54;47;3.20;3;2;1;60;0;2387447;245;0
11;19;78;6;38;3;44;3.60;1;1;1;62;0;2388344;4263;0
11;19;78;6;38;5;88;3.40;1;1;1;57;0;2388588;223;0
11;19;78;6;38;7;27;5.20;2;1;1;63;0;2388727;5282;0
11;19;78;6;38;7;54;3.40;1;1;1;59;0;2388754;144;0
11;19;78;6;38;8;95;3.60;1;1;1;56;0;2388895;120;0
11;19;78;6;38;10;19;4.00;2;1;1;60;0;2389019;262;0
11;19;78;6;38;10;64;3.60;1;1;1;54;0;2389064;145;0
11;19;78;6;38;12;19;3.60;2;1;1;60;0;2389219;176;0
11;19;78;6;38;12;98;3.40;1;1;1;56;0;2389298;210;0
11;19;78;6;38;14;24;3.40;1;1;1;57;0;2389424;104;0
11;19;78;6;38;15;79;3.40;1;1;1;55;0;2389579;133;0
11;19;78;6;38;16;53;3.20;3;2;1;58;0;2389653;2186;0
11;19;78;6;38;16;95;3.60;1;1;1;55;0;2389695;93;0
11;19;78;6;38;17;84;4.20;4;2;1;56;0;2389784;2848;0
11;19;78;6;38;18;80;3.60;1;1;1;50;0;2389880;161;2389298
11;19;78;6;38;20;30;3.60;1;1;1;52;0;2390030;124;2389298
11;19;78;6;38;22;40;3.60;1;1;1;52;0;2390240;185;2389298
11;19;78;6;38;23;37;4.20;1;1;1;51;0;2390337;72;2389298
11;19;78;6;38;25;16;3.40;1;1;1;47;0;2390516;149;2389298
11;19;78;6;38;25;40;4.00;4;2;1;62;0;2390540;729;0
11;19;78;6;38;27;51;4.60;3;2;1;64;0;2390751;1078;0
11;19;78;6;38;28;11;3.80;4;2;1;62;0;2390811;247;0
11;19;78;6;38;28;50;3.00;1;1;1;43;0;2390850;307;0
11;19;78;6;38;29;93;4.40;1;1;1;43;0;2390993;117;0
11;19;78;6;38;30;55;3.40;2;1;1;58;0;2391055;1814;0
11;19;78;6;38;31;35;3.20;1;1;1;43;0;2391135;105;0
11;19;78;6;38;32;92;3.40;1;1;1;42;0;2391292;130;0
11;19;78;6;38;33;34;4.20;2;1;1;59;0;2391334;257;0
11;19;78;6;38;34;46;3.40;1;1;1;43;0;2391446;124;2390850
11;19;78;6;38;35;0;4.20;2;1;1;57;0;2391500;140;2390850
11;19;78;6;38;35;73;3.60;1;1;1;46;0;2391573;98;2390850
11;19;78;6;38;36;38;3.40;4;2;1;56;0;2391638;804;0
11;19;78;6;38;37;13;4.40;1;1;1;52;0;2391713;111;2390850
11;19;78;6;38;37;71;3.60;4;2;1;54;0;2391771;111;2390850
11;19;78;6;38;40;48;13.00;1;1;3;50;0;2392048;304;0
11;19;78;6;38;43;91;4.00;1;1;1;46;0;2392391;249;0
11;19;78;6;38;45;12;3.80;2;1;1;54;0;2392512;985;0
11;19;78;6;38;45;42;3.40;1;1;1;46;0;2392542;119;0
11;19;78;6;38;47;31;3.20;1;1;1;45;0;2392731;162;0
11;19;78;6;38;48;18;5.20;2;1;1;54;0;2392818;280;0
11;19;78;6;38;48;90;4.00;1;1;1;42;0;2392890;133;0
11;19;78;6;38;49;87;3.80;2;1;1;54;0;2392987;134;0
11;19;78;6;38;50;6;4.00;1;1;1;44;0;2393006;81;2392391
11;19;78;6;38;52;12;3.80;4;2;1;62;0;2393212;1417;0
11;19;78;6;38;52;28;4.00;1;1;1;46;0;2393228;189;2392391
11;19;78;6;38;53;63;6.60;1;1;1;50;0;2393363;103;2392391
11;19;78;6;38;55;34;3.20;2;1;1;58;0;2393534;521;0
11;19;78;6;38;56;82;3.60;1;1;1;51;0;2393682;271;0
11;19;78;6;38;57;6;3.60;2;1;1;58;0;2393706;152;0
11;19;78;6;38;58;29;3.80;2;1;1;57;0;2393829;100;0
11;19;78;6;38;58;74;4.00;4;2;1;69;0;2393874;639;0
11;19;78;6;38;59;27;3.60;1;1;1;52;0;2393927;219;0
11;19;78;6;38;59;79;3.80;2;1;1;56;0;2393979;126;0
11;19;78;6;39;0;69;3.60;1;1;1;51;0;2394069;117;0
11;19;78;6;39;1;96;3.60;1;1;1;52;0;2394196;101;0
11;19;78;6;39;3;66;4.40;4;2;1;61;0;2394366;471;0
11;19;78;6;39;4;59;4.00;3;2;1;66;0;2394459;3682;0
11;19;78;6;39;6;41;3.80;4;2;1;59;0;2394641;249;0
11;19;78;6;39;7;35;4.40;3;2;1;66;0;2394735;254;0
11;19;78;6;39;7;95;3.80;4;2;1;59;0;2394795;130;0
11;19;78;6;39;9;0;4.60;3;2;1;68;0;2394900;141;0
11;19;78;6;39;9;86;3.60;4;2;1;59;0;2394986;167;0
11;19;78;6;39;11;16;3.80;4;2;1;59;0;2395116;108;0
11;19;78;6;39;11;88;3.80;3;2;1;69;0;2395188;263;0
11;19;78;6;39;12;55;3.40;4;2;1;57;0;2395255;115;2394641
11;19;78;6;39;12;86;3.20;3;2;1;65;0;2395286;78;2394641
11;19;78;6;39;13;51;5.40;4;2;1;60;0;2395351;74;2394641
11;19;78;6;39;14;41;3.40;3;2;1;65;0;2395441;137;2394641
11;19;78;6;39;15;50;3.60;3;2;1;64;0;2395550;90;2394641
11;19;78;6;39;17;20;3.60;4;2;1;58;0;2395720;336;0
11;19;78;6;39;18;98;3.20;3;2;1;61;0;2395898;327;0
11;19;78;6;39;19;12;3.60;4;2;1;60;0;2395912;169;0
11;19;78;6;39;20;57;3.00;3;2;1;61;0;2396057;140;0
11;19;78;6;39;21;94;3.60;4;2;1;58;0;2396194;260;0
11;19;78;6;39;22;17;3.80;3;2;1;60;0;2396217;142;0
11;19;78;6;39;23;25;3.80;3;2;1;58;0;2396325;85;0
11;19;78;6;39;25;16;3.60;3;2;1;62;0;2396516;167;2395898
11;19;78;6;39;26;62;3.60;4;2;1;55;0;2396662;445;0
11;19;78;6;39;27;44;4.60;3;2;1;57;0;2396744;207;0
11;19;78;6;39;28;94;5.60;2;1;1;64;0;2396894;2890;0
11;19;78;6;39;29;78;4.00;4;2;1;57;0;2396978;292;0
11;19;78;6;39;30;86;3.60;1;1;1;56;0;2397086;2865;0
11;19;78;6;39;33;48;3.80;2;1;1;59;0;2397348;422;0
11;19;78;6;39;34;59;6.00;2;1;1;57;0;2397459;87;0
11;19;78;6;39;34;79;4.60;1;1;1;54;0;2397479;369;0
11;19;78;6;39;35;90;3.60;2;1;1;58;0;2397590;93;0
11;19;78;6;39;35;89;3.20;1;1;1;52;0;2397589;79;0
11;19;78;6;39;37;5;3.60;1;1;1;52;0;2397705;93;0
11;19;78;6;39;37;54;3.60;2;1;1;60;0;2397754;141;0
11;19;78;6;39;38;47;5.60;1;1;1;53;0;2397847;117;0
11;19;78;6;39;38;89;4.20;2;1;1;56;0;2397889;113;2397348
11;19;78;6;39;39;73;4.60;1;1;1;55;0;2397973;87;2397479
11;19;78;6;39;40;68;3.60;1;1;1;55;0;2398068;64;2397479
11;19;78;6;39;42;77;3.40;1;1;1;55;0;2398277;185;2397479
11;19;78;6;39;44;19;3.60;1;1;1;53;0;2398419;119;2397479
11;19;78;6;39;45;77;10.00;1;1;2;54;0;2398577;133;2397479
11;19;78;6;39;46;83;8.00;2;1;2;57;0;2398683;767;0
11;19;78;6;39;47;47;4.40;1;1;1;56;0;2398747;103;2397479
11;19;78;6;39;49;4;3.40;1;1;1;56;0;2398904;128;2397479
11;19;78;6;39;49;68;3.60;2;1;1;59;0;2398968;234;0
11;19;78;6;39;50;39;3.60;1;1;1;55;0;2399039;113;2397479
11;19;78;6;39;51;57;3.60;1;1;1;52;0;2399157;94;2397479
11;19;78;6;39;53;75;3.00;2;1;1;56;0;2399375;385;0
11;19;78;6;39;54;69;3.40;2;1;1;55;0;2399469;74;0
11;19;78;6;39;54;47;9.20;1;1;2;48;0;2399447;265;0
11;19;78;6;39;55;82;3.40;2;1;1;55;0;2399582;90;0
11;19;78;6;39;57;38;4.40;1;1;1;45;0;2399738;222;0
11;19;78;6;39;59;66;3.60;1;1;1;44;0;2399966;192;0
11;19;78;6;40;1;44;4.00;1;1;1;45;0;2400144;148;0
11;19;78;6;40;1;83;3.40;4;2;1;53;0;2400183;3179;0
11;19;78;6;40;2;47;3.60;2;1;1;49;0;2400247;642;0
11;19;78;6;40;2;70;3.20;1;1;1;47;0;2400270;94;0
11;19;78;6;40;3;59;3.60;1;1;1;49;0;2400359;64;2399738
11;19;78;6;40;3;89;6.40;2;1;1;47;0;2400389;115;2399738
11;19;78;6;40;5;12;3.20;4;2;1;56;0;2400512;305;0
11;19;78;6;40;5;6;4.00;1;1;1;48;0;2400506;120;2399738
11;19;78;6;40;5;45;2.80;2;1;1;47;0;2400545;106;2399738
11;19;78;6;40;6;94;3.20;2;1;1;51;0;2400694;127;2399738
11;19;78;6;40;7;21;3.80;1;1;1;45;0;2400721;185;2399738
11;19;78;6;40;8;53;4.40;2;1;1;51;0;2400853;136;2400247
11;19;78;6;40;9;38;3.20;4;2;1;68;0;2400938;405;0
11;19;78;6;40;9;72;3.80;1;1;1;44;0;2400972;220;0
11;19;78;6;40;11;80;3.80;1;1;1;41;0;2401180;176;0
11;19;78;6;40;12;92;4.60;3;2;1;65;0;2401292;4518;0
11;19;78;6;40;13;91;8.80;1;1;2;44;0;2401391;177;0
11;19;78;6;40;15;42;4.40;1;1;1;46;0;2401542;79;0
11;19;78;6;40;16;41;3.60;4;2;1;60;0;2401641;686;0
11;19;78;6;40;16;54;3.20;1;1;1;48;0;2401654;77;2400972
11;19;78;6;40;18;12;3.00;2;1;1;54;0;2401812;927;0
11;19;78;6;40;18;95;3.80;1;1;1;46;0;2401895;217;0
11;19;78;6;40;21;44;3.60;1;1;1;46;0;2402144;219;0
11;19;78;6;40;22;77;3.40;4;2;1;55;0;2402277;614;0
11;19;78;6;40;24;15;3.80;2;1;1;58;0;2402415;583;0
11;19;78;6;40;24;51;3.20;1;1;1;49;0;2402451;278;0
11;19;78;6;40;25;78;3.60;4;2;1;59;0;2402578;278;0
11;19;78;6;40;27;95;3.40;1;1;1;48;0;2402795;320;0
11;19;78;6;40;35;95;3.60;4;2;1;60;0;2403595;995;0
11;19;78;6;40;38;98;3.20;4;2;1;60;0;2403898;281;0
11;19;78;6;40;40;54;5.20;4;2;1;63;0;2404054;136;0
11;19;78;6;40;43;98;3.80;4;2;1;67;0;2404398;314;0
11;19;78;6;40;47;58;3.40;4;2;1;62;0;2404758;339;0
11;19;78;6;40;48;38;4.00;3;2;1;71;0;2404838;3520;0
11;19;78;6;40;49;46;3.60;3;2;1;69;0;2404946;87;0
11;19;78;6;40;53;10;3.40;4;2;1;58;0;2405310;532;0
11;19;78;6;40;53;45;3.60;3;2;1;62;0;2405345;380;0
11;19;78;6;40;54;78;3.40;4;2;1;55;0;2405478;146;0
11;19;78;6;40;56;65;3.20;4;2;1;55;0;2405665;164;0
11;19;78;6;40;57;75;3.40;3;2;1;59;0;2405775;409;0
11;19;78;6;40;59;28;3.60;3;2;1;61;0;2405928;132;0
11;19;78;6;41;0;43;3.60;2;1;1;60;0;2406043;3604;0
11;19;78;6;41;0;55;3.80;4;2;1;57;0;2406055;369;0
11;19;78;6;41;1;13;6.00;3;2;1;62;0;2406113;163;0
11;19;78;6;41;1;43;4.40;4;2;1;56;0;2406143;64;0
11;19;78;6;41;2;51;3.40;4;2;1;56;0;2406251;79;0
11;19;78;6;41;3;77;7.20;3;2;2;63;0;2406377;229;0
11;19;78;6;41;4;74;3.60;4;2;1;53;0;2406474;201;0
11;19;78;6;41;6;9;2.40;1;1;1;54;0;2406609;3788;0
11;19;78;6;41;6;42;3.60;4;2;1;55;0;2406642;143;0
11;19;78;6;41;7;7;3.40;1;1;1;54;0;2406707;82;0
11;19;78;6;41;7;65;4.00;4;2;1;53;0;2406765;99;0
11;19;78;6;41;9;13;3.60;4;2;1;52;0;2406913;120;0
11;19;78;6;41;9;54;4.00;2;1;1;60;0;2406954;889;0
11;19;78;6;41;10;5;3.60;3;2;1;58;0;2407005;586;0
11;19;78;6;41;11;53;4.40;4;2;1;55;0;2407153;215;0
11;19;78;6;41;11;90;3.00;1;1;1;57;0;2407190;460;0
11;19;78;6;41;12;36;3.60;3;2;1;56;0;2407236;208;0
11;19;78;6;41;12;51;4.60;4;2;1;55;0;2407251;69;0
11;19;78;6;41;14;55;3.60;2;1;1;59;0;2407455;477;0
11;19;78;6;41;14;76;4.60;1;1;1;54;0;2407476;267;0
11;19;78;6;41;15;11;3.80;3;2;1;57;0;2407511;251;0
11;19;78;6;41;15;45;3.60;2;1;1;57;0;2407545;68;0
11;19;78;6;41;15;53;3.60;4;2;1;55;0;2407553;271;0
11;19;78;6;41;16;53;3.20;3;2;1;58;0;2407653;118;0
11;19;78;6;41;16;48;3.60;1;1;1;53;0;2407648;141;0
11;19;78;6;41;16;41;5.00;4;2;1;55;0;2407641;64;0
11;19;78;6;41;18;38;4.00;3;2;1;61;0;2407838;165;0
11;19;78;6;41;18;40;3.40;2;1;1;55;0;2407840;272;0
11;19;78;6;41;18;56;3.60;4;2;1;54;0;2407856;182;0
11;19;78;6;41;19;73;5.20;1;1;1;57;0;2407973;300;0
11;19;78;6;41;20;14;3.20;3;2;1;60;0;2408014;152;0
11;19;78;6;41;20;96;3.20;3;2;1;58;0;2408096;62;2407511
11;19;78;6;41;21;32;3.80;4;2;1;52;0;2408132;252;0
11;19;78;6;41;21;80;3.60;1;1;1;53;0;2408180;174;0
11;19;78;6;41;22;67;3.60;1;1;1;52;0;2408267;62;0
11;19;78;6;41;22;69;3.40;3;2;1;54;0;2408269;153;2407511
11;19;78;6;41;24;0;3.60;1;1;1;53;0;2408400;108;2407511
11;19;78;6;41;24;21;3.60;2;1;1;55;0;2408421;558;0
11;19;78;6;41;25;27;3.80;1;1;1;53;0;2408527;102;2407973
11;19;78;6;41;25;92;4.00;2;1;1;54;0;2408592;147;2407973
11;19;78;6;41;28;0;4.20;2;1;1;53;0;2408800;181;2407973
11;19;78;6;41;28;55;3.60;1;1;1;53;0;2408855;302;0
11;19;78;6;41;29;28;4.60;2;1;1;55;0;2408928;99;0
11;19;78;6;41;29;66;3.60;1;1;1;54;0;2408966;86;0
11;19;78;6;41;30;66;3.80;2;1;1;53;0;2409066;107;2408421
11;19;78;6;41;30;79;3.60;1;1;1;54;0;2409079;89;2408421
11;19;78;6;41;32;15;3.80;1;1;1;53;0;2409215;112;2408421
11;19;78;6;41;32;64;4.20;2;1;1;56;0;2409264;172;2408421
11;19;78;6;41;33;26;3.40;1;1;1;51;0;2409326;85;2408855
11;19;78;6;41;35;21;3.00;1;1;1;49;0;2409521;171;2408855
11;19;78;6;41;36;6;4.40;2;1;1;57;0;2409606;315;0
11;19;78;6;41;36;8;3.80;1;1;1;46;0;2409608;64;2408855
11;19;78;6;41;37;3;3.40;2;1;1;56;0;2409703;69;2408855
11;19;78;6;41;37;50;3.60;1;1;1;46;0;2409750;112;2408855
11;19;78;6;41;39;40;3.80;2;1;1;53;0;2409940;215;0
11;19;78;6;41;39;54;15.80;1;1;4;45;0;2409954;175;2408855
11;19;78;6;41;42;15;3.00;1;1;1;42;0;2410215;134;2408855
11;19;78;6;41;43;49;3.00;1;1;1;41;0;2410349;108;2408855
11;19;78;6;41;45;66;3.40;1;1;1;41;0;2410566;190;2408855
11;19;78;6;41;47;48;3.80;1;1;1;44;0;2410748;152;2408855
11;19;78;6;41;50;2;3.40;4;2;1;60;0;2411002;2843;0
11;19;78;6;41;50;5;4.40;2;1;1;55;0;2411005;1039;0
11;19;78;6;41;51;32;5.00;1;1;1;45;0;2411132;352;0
11;19;78;6;41;52;56;3.80;1;1;1;44;0;2411256;84;0
11;19;78;6;41;54;57;3.60;1;1;1;44;0;2411457;169;0
11;19;78;6;41;56;20;3.20;2;1;1;57;0;2411620;586;0
11;19;78;6;41;56;59;14.40;1;1;3;47;0;2411659;172;0
11;19;78;6;41;58;92;3.40;1;1;1;48;0;2411892;122;2411132
11;19;78;6;42;0;13;4.40;1;1;1;47;0;2412013;95;2411132
11;19;78;6;42;2;75;3.60;1;1;1;44;0;2412275;228;0
11;19;78;6;42;4;58;3.80;1;1;1;43;0;2412458;153;0
11;19;78;6;42;5;57;3.80;1;1;1;43;0;2412557;67;0
11;19;78;6;42;7;72;12.40;1;1;3;50;0;2412772;183;0
11;19;78;6;42;9;26;4.00;2;1;1;58;0;2412926;1285;0
11;19;78;6;42;9;48;3.60;3;2;1;69;0;2412948;4656;0
11;19;78;6;42;9;83;4.40;4;2;1;60;0;2412983;1960;0
11;19;78;6;42;10;24;3.40;1;1;1;51;0;2413024;162;2412275
11;19;78;6;42;13;9;3.60;1;1;1;49;0;2413309;261;0
11;19;78;6;42;15;41;16.40;1;1;4;45;0;2413541;205;0
11;19;78;6;42;17;86;3.40;3;2;1;69;0;2413786;819;0
11;19;78;6;42;17;98;3.20;1;1;1;45;0;2413798;125;0
11;19;78;6;42;19;87;3.40;4;2;1;61;0;2413987;977;0
11;19;78;6;42;22;12;3.40;4;2;1;62;0;2414212;204;0
11;19;78;6;42;22;41;3.80;3;2;1;71;0;2414241;437;0
11;19;78;6;42;28;52;3.60;4;2;1;58;0;2414852;620;0
11;19;78;6;42;29;24;6.20;3;2;1;61;0;2414924;663;0
11;19;78;6;42;31;49;11.00;4;2;2;57;0;2415149;274;0
11;19;78;6;42;33;35;5.00;4;2;1;57;0;2415335;116;0
11;19;78;6;42;35;38;3.40;3;2;1;62;0;2415538;577;0
11;19;78;6;42;36;59;3.60;4;2;1;57;0;2415659;292;0
11;19;78;6;42;38;37;3.60;4;2;1;59;0;2415837;155;0
11;19;78;6;42;41;6;3.60;3;2;1;62;0;2416106;548;0
11;19;78;6;42;42;31;4.00;1;1;1;57;0;2416231;2407;0
11;19;78;6;42;42;59;3.00;3;2;1;60;0;2416259;132;0
11;19;78;6;42;42;69;12.60;4;2;3;49;0;2416269;410;0
11;19;78;6;42;43;81;3.80;3;2;1;59;0;2416381;104;0
11;19;78;6;42;44;72;3.60;3;2;1;59;0;2416472;67;0
11;19;78;6;42;46;50;3.60;3;2;1;62;0;2416650;156;2416106
11;19;78;6;42;47;80;3.80;3;2;1;57;0;2416780;109;2416106
11;19;78;6;42;48;49;3.00;4;2;1;60;0;2416849;487;0
11;19;78;6;42;49;96;16.20;4;2;4;57;0;2416996;129;0
11;19;78;6;42;52;57;3.80;4;2;1;57;0;2417257;158;0
11;19;78;6;42;53;86;4.20;4;2;1;56;0;2417386;105;0
11;19;78;6;43;5;87;4.00;1;1;1;62;0;2418587;2330;0
11;19;78;6;43;10;94;4.20;3;2;1;62;0;2419094;2290;0
11;19;78;6;43;12;62;3.40;4;2;1;62;0;2419262;1849;0
11;19;78;6;43;13;17;3.40;2;1;1;59;0;2419317;6366;0
11;19;78;6;43;13;72;5.20;1;1;1;60;0;2419372;761;0
11;19;78;6;43;14;69;3.80;2;1;1;61;0;2419469;131;0
11;19;78;6;43;14;17;14.20;4;2;4;54;0;2419417;135;0
11;19;78;6;43;15;47;3.40;1;1;1;56;0;2419547;143;0
11;19;78;6;43;16;66;3.60;2;1;1;65;0;2419666;174;0
11;19;78;6;43;17;37;4.60;1;1;1;59;0;2419737;168;0
11;19;78;6;43;17;43;3.40;3;2;1;60;0;2419743;624;0
11;19;78;6;43;18;73;3.60;2;1;1;59;0;2419873;187;0
11;19;78;6;43;18;79;5.80;1;1;1;59;0;2419879;113;0
11;19;78;6;43;21;41;4.40;2;1;1;58;0;2420141;246;0
11;19;78;6;43;22;52;3.60;2;1;1;60;0;2420252;83;0
11;19;78;6;43;23;61;3.60;1;1;1;53;0;2420361;446;0
11;19;78;6;43;24;66;3.80;1;1;1;56;0;2420466;80;0
11;19;78;6;43;27;17;11.20;1;1;3;48;0;2420717;226;0
11;19;78;6;43;28;44;3.60;2;1;1;41;0;2420844;570;0
11;19;78;6;43;29;2;3.20;1;1;1;47;0;2420902;101;0
11;19;78;6;43;29;11;3.60;4;2;1;58;0;2420911;1399;0
11;19;78;6;43;29;83;3.80;2;1;1;43;0;2420983;107;0
11;19;78;6;43;30;16;3.80;3;2;1;64;0;2421016;1252;0
11;19;78;6;43;30;61;3.40;4;2;1;60;0;2421061;127;0
11;19;78;6;43;30;85;4.60;1;1;1;49;0;2421085;158;0
11;19;78;6;43;31;10;3.60;2;1;1;45;0;2421110;95;0
11;19;78;6;43;32;0;3.80;1;1;1;49;0;2421200;81;0
11;19;78;6;43;32;46;4.60;2;1;1;47;0;2421246;107;0
11;19;78;6;43;33;83;4.60;1;1;1;47;0;2421383;155;2420717
11;19;78;6;43;34;11;3.20;2;1;1;51;0;2421411;129;2420844
11;19;78;6;43;35;65;3.60;2;1;1;50;0;2421565;131;2420844
11;19;78;6;43;35;82;3.40;1;1;1;45;0;2421582;163;2420717
11;19;78;6;43;37;2;3.80;1;1;1;49;0;2421702;92;2420717
11;19;78;6;43;37;62;3.20;2;1;1;51;0;2421762;171;2420844
11;19;78;6;43;38;93;3.40;1;1;1;48;0;2421893;163;2420717
11;19;78;6;43;38;58;11.40;4;2;3;56;0;2421858;776;0
11;19;78;6;43;39;60;4.00;2;1;1;47;0;2421960;175;2420844
11;19;78;6;43;40;39;3.80;4;2;1;56;0;2422039;107;2420844
11;19;78;6;43;41;2;3.20;1;1;1;49;0;2422102;183;2420717
11;19;78;6;43;42;42;3.80;2;1;1;45;0;2422242;251;0
11;19;78;6;43;42;63;3.60;1;1;1;45;0;2422263;137;2420717
11;19;78;6;43;42;89;3.40;4;2;1;57;0;2422289;225;0
11;19;78;6;43;43;79;3.00;1;1;1;44;0;2422379;87;2420717
11;19;78;6;43;44;58;3.40;4;2;1;62;0;2422458;147;2420717
11;19;78;6;43;45;17;3.60;2;1;1;42;0;2422517;244;0
11;19;78;6;43;45;32;4.20;1;1;1;42;0;2422532;128;2420717
11;19;78;6;43;46;30;3.80;1;1;1;42;0;2422630;62;2420717
11;19;78;6;43;46;96;3.80;2;1;1;39;0;2422696;148;2420717
11;19;78;6;43;48;44;3.00;2;1;1;41;0;2422844;112;2420717
11;19;78;6;43;48;56;3.80;1;1;1;39;0;2422856;193;2420717
11;19;78;6;43;49;76;3.40;1;1;1;36;0;2422976;84;2420717
11;19;78;6;43;50;56;4.40;2;1;1;37;0;2423056;185;2420717
11;19;78;6;43;51;61;4.40;1;1;1;29;0;2423161;151;2420717
11;19;78;6;43;53;18;4.20;2;1;1;53;0;2423318;219;0
11;19;78;6;43;53;92;3.40;1;1;1;30;0;2423392;176;2420717
11;19;78;6;43;54;91;3.80;2;1;1;49;0;2423491;144;2420717
11;19;78;6;43;55;76;3.40;4;2;1;66;0;2423576;1098;0
11;19;78;6;43;55;31;3.60;1;1;1;31;0;2423531;98;2420717
11;19;78;6;43;58;13;4.20;2;1;1;55;0;2423813;294;0
11;19;78;6;43;59;32;3.40;4;2;1;65;0;2423932;337;0
11;19;78;6;43;59;50;3.20;1;1;1;33;0;2423950;377;0
11;19;78;6;44;1;18;4.40;4;2;1;59;0;2424118;167;0
11;19;78;6;44;1;67;3.40;2;1;1;51;0;2424167;326;0
11;19;78;6;44;2;22;3.80;1;1;1;30;0;2424222;237;0
11;19;78;6;44;4;18;3.40;1;1;1;29;0;2424418;150;0
11;19;78;6;44;5;49;3.60;1;1;1;27;0;2424549;88;0
11;19;78;6;44;7;93;5.20;3;2;1;62;0;2424793;3755;0
11;19;78;6;44;7;39;3.40;1;1;1;27;0;2424739;142;0
11;19;78;6;44;9;5;3.60;2;1;1;55;0;2424905;714;0
11;19;78;6;44;9;22;3.60;4;2;1;57;0;2424922;777;0
11;19;78;6;44;9;91;3.60;3;2;1;61;0;2424991;167;0
11;19;78;6;44;9;46;3.40;1;1;1;30;0;2424946;161;2424222
11;19;78;6;44;10;41;3.40;2;1;1;57;0;2425041;112;2424222
11;19;78;6;44;10;58;3.40;4;2;1;56;0;2425058;113;2424222
11;19;78;6;44;11;42;3.40;1;1;1;31;0;2425142;155;2424222
11;19;78;6;44;12;7;4.00;3;2;1;58;0;2425207;194;2424222
11;19;78;6;44;12;15;3.80;4;2;1;57;0;2425215;135;2424222
11;19;78;6;44;14;20;4.00;4;2;1;64;0;2425420;181;2424222
11;19;78;6;44;14;27;3.20;3;2;1;61;0;2425427;195;2424222
11;19;78;6;44;14;22;3.60;2;1;1;47;0;2425422;359;0
11;19;78;6;44;14;25;3.40;1;1;1;37;0;2425425;243;0
11;19;78;6;44;15;3;3.20;3;2;1;62;0;2425503;57;2424793
11;19;78;6;44;16;5;3.40;3;2;1;62;0;2425605;83;2424793
11;19;78;6;44;16;25;4.60;4;2;1;64;0;2425625;182;2424922
11;19;78;6;44;17;19;5.40;3;2;1;61;0;2425719;94;2424793
11;19;78;6;44;16;92;3.60;1;1;1;33;0;2425692;233;0
11;19;78;6;44;19;4;4.00;3;2;1;59;0;2425904;153;2424793
11;19;78;6;44;19;1;3.40;1;1;1;35;0;2425901;169;2424793
11;19;78;6;44;20;8;3.80;4;2;1;59;0;2426008;357;0
11;19;78;6;44;21;35;3.80;3;2;1;58;0;2426135;206;0
11;19;78;6;44;22;1;4.00;4;2;1;57;0;2426201;169;0
11;19;78;6;44;21;77;4.00;1;1;1;33;0;2426177;241;0
11;19;78;6;44;22;82;3.60;3;2;1;60;0;2426282;123;0
11;19;78;6;44;24;4;3.60;3;2;1;61;0;2426404;100;0
11;19;78;6;44;25;20;3.40;4;2;1;59;0;2426520;293;0
11;19;78;6;44;26;35;11.00;3;2;2;61;0;2426635;209;0
11;19;78;6;44;28;59;6.80;3;2;1;62;0;2426859;159;0
11;19;78;6;44;29;96;3.20;3;2;1;61;0;2426996;97;0
11;19;78;6;44;30;0;3.80;4;2;1;57;0;2427000;459;0
11;19;78;6;44;31;58;3.60;3;2;1;61;0;2427158;143;0
11;19;78;6;44;31;73;3.20;4;2;1;55;0;2427173;149;0
11;19;78;6;44;32;69;4.00;3;2;1;61;0;2427269;89;2426635
11;19;78;6;44;33;85;3.60;4;2;1;55;0;2427385;191;2426635
11;19;78;6;44;34;6;3.40;3;2;1;59;0;2427406;113;2426635
11;19;78;6;44;35;74;3.00;4;2;1;59;0;2427574;165;2426635
11;19;78;6;44;37;41;3.80;3;2;1;59;0;2427741;314;0
11;19;78;6;44;37;58;3.60;4;2;1;55;0;2427758;165;2427000
11;19;78;6;44;38;87;3.60;3;2;1;60;0;2427887;122;2427000
11;19;78;6;44;41;56;3.20;3;2;1;55;0;2428156;247;0
11;19;78;6;44;42;50;3.80;4;2;1;58;0;2428250;468;0
11;19;78;6;44;51;34;3.20;3;2;1;62;0;2429134;957;0
11;19;78;6;44;54;11;4.20;1;1;1;59;0;2429411;3190;0
11;19;78;6;44;55;20;3.40;4;2;1;62;0;2429520;1246;0
11;19;78;6;44;56;21;3.80;2;1;1;57;0;2429621;4171;0
11;19;78;6;44;57;5;3.40;1;1;1;56;0;2429705;268;0
11;19;78;6;44;57;41;3.40;2;1;1;60;0;2429741;96;0
11;19;78;6;44;58;7;4.80;2;1;1;57;0;2429807;45;0
11;19;78;6;44;58;49;4.40;1;1;1;55;0;2429849;122;0
11;19;78;6;45;0;20;4.40;1;1;1;54;0;2430020;142;0
11;19;78;6;45;0;50;2.80;2;1;1;57;0;2430050;212;0
11;19;78;6;45;1;39;4.80;2;1;1;56;0;2430139;71;0
11;19;78;6;45;3;13;3.80;2;1;1;57;0;2430313;143;0
11;19;78;6;45;3;98;3.80;2;1;1;54;0;2430398;61;0
11;19;78;6;45;4;45;4.00;1;1;1;59;0;2430445;395;0
11;19;78;6;45;6;42;3.40;1;1;1;57;0;2430642;172;0
11;19;78;6;45;6;83;3.00;2;1;1;54;0;2430683;259;0
11;19;78;6;45;7;35;3.60;3;2;1;64;0;2430735;1582;0
11;19;78;6;45;8;24;3.40;4;2;1;60;0;2430824;1284;0
11;19;78;6;45;8;76;5.20;1;1;1;57;0;2430876;212;0
11;19;78;6;45;9;91;3.60;4;2;1;64;0;2430991;146;0
11;19;78;6;45;11;30;3.60;1;1;1;50;0;2431130;221;0
11;19;78;6;45;12;25;4.20;2;1;1;56;0;2431225;522;0
11;19;78;6;45;12;38;15.40;1;1;4;54;0;2431238;82;0
11;19;78;6;45;13;24;3.80;2;1;1;57;0;2431324;72;0
11;19;78;6;45;14;96;3.40;1;1;1;53;0;2431496;155;0
11;19;78;6;45;15;27;3.80;4;2;1;64;0;2431527;515;0
11;19;78;6;45;17;5;3.60;1;1;1;52;0;2431705;185;0
11;19;78;6;45;18;25;3.40;4;2;1;64;0;2431825;276;0
11;19;78;6;45;18;25;3.20;1;1;1;52;0;2431825;95;2431130
11;19;78;6;45;19;24;5.00;2;1;1;59;0;2431924;576;0
11;19;78;6;45;19;60;3.40;1;1;1;52;0;2431960;112;2431130
11;19;78;6;45;20;78;3.80;1;1;1;52;0;2432078;94;2431130
11;19;78;6;45;21;31;4.80;2;1;1;52;0;2432131;176;2431130
11;19;78;6;45;23;33;3.00;1;1;1;50;0;2432333;228;0
11;19;78;6;45;24;12;3.80;1;1;1;50;0;2432412;57;0
11;19;78;6;45;25;73;3.80;1;1;1;50;0;2432573;133;0
11;19;78;6;45;27;80;4.00;2;1;1;66;0;2432780;615;0
11;19;78;6;45;27;71;9.80;1;1;2;49;0;2432771;170;0
11;19;78;6;45;29;81;3.60;1;1;1;49;0;2432981;138;2432333
11;19;78;6;45;31;29;3.40;1;1;1;49;0;2433129;121;2432333
11;19;78;6;45;33;19;4.00;1;1;1;49;0;2433319;165;2432333
11;19;78;6;45;38;36;3.60;1;1;1;54;0;2433836;487;0
11;19;78;6;45;41;35;3.60;1;1;1;54;0;2434135;275;0
11;19;78;6;45;46;5;3.20;2;1;1;59;0;2434605;1803;0
11;19;78;6;45;48;68;4.40;4;2;1;63;0;2434868;3023;0
11;19;78;6;45;49;22;4.60;3;2;1;67;0;2434922;4166;0
11;19;78;6;45;50;68;3.40;3;2;1;62;0;2435068;121;0
11;19;78;6;45;51;9;3.80;1;1;1;55;0;2435109;950;0
11;19;78;6;45;51;62;3.40;3;2;1;64;0;2435162;74;0
11;19;78;6;45;51;72;16.00;4;2;4;64;0;2435172;278;0
11;19;78;6;45;52;77;3.40;3;2;1;62;0;2435277;95;0
11;19;78;6;45;53;78;3.40;1;1;1;58;0;2435378;244;0
11;19;78;6;45;54;64;3.80;3;2;1;59;0;2435464;167;2434922
11;19;78;6;45;55;59;3.60;4;2;1;61;0;2435559;297;0
11;19;78;6;45;55;68;3.80;3;2;1;61;0;2435568;80;2434922
11;19;78;6;45;57;3;3.60;4;2;1;57;0;2435703;122;2434922
11;19;78;6;45;57;37;3.80;3;2;1;62;0;2435737;146;2434922
11;19;78;6;45;58;56;3.40;4;2;1;57;0;2435856;130;2434922
11;19;78;6;45;59;69;3.60;3;2;1;59;0;2435969;209;0
11;19;78;6;45;59;86;3.40;4;2;1;57;0;2435986;108;0
11;19;78;6;46;1;80;4.00;3;2;1;62;0;2436180;189;0
11;19;78;6;46;5;22;3.40;4;2;1;55;0;2436522;514;0
11;19;78;6;46;6;61;3.40;4;2;1;53;0;2436661;116;0
11;19;78;6;46;7;19;3.60;3;2;1;56;0;2436719;515;0
11;19;78;6;46;8;0;3.60;4;2;1;53;0;2436800;115;0
11;19;78;6;46;10;7;4.00;4;2;1;55;0;2437007;182;0
11;19;78;6;46;10;18;3.60;3;2;1;58;0;2437018;275;0
11;19;78;6;46;17;52;3.20;4;2;1;60;0;2437752;718;0
11;19;78;6;46;34;94;3.60;4;2;1;63;0;2439494;1722;0
11;19;78;6;46;42;39;3.60;1;1;1;55;0;2440239;4839;0
11;19;78;6;46;43;46;3.60;2;1;1;52;0;2440346;5721;0
11;19;78;6;46;46;53;3.20;2;1;1;54;0;2440653;282;0
11;19;78;6;46;47;88;3.40;1;1;1;56;0;2440788;525;0
11;19;78;6;46;48;63;3.60;2;1;1;59;0;2440863;188;0
11;19;78;6;46;49;32;4.20;1;1;1;57;0;2440932;122;0
11;19;78;6;46;52;0;4.20;2;1;1;59;0;2441200;315;0
11;19;78;6;46;54;58;3.80;2;1;1;56;0;2441458;232;0
11;19;78;6;46;55;0;20.60;1;1;5;54;0;2441500;541;0
11;19;78;6;46;56;86;3.80;4;2;1;70;0;2441686;2171;0
11;19;78;6;46;57;97;3.80;2;1;1;50;0;2441797;314;0
11;19;78;6;46;58;57;3.00;1;1;1;51;0;2441857;219;0
11;19;78;6;46;59;22;3.80;2;1;1;53;0;2441922;97;0
11;19;78;6;46;59;81;3.60;1;1;1;52;0;2441981;102;0
11;19;78;6;47;0;77;4.60;1;1;1;51;0;2442077;71;0
11;19;78;6;47;1;7;4.20;2;1;1;51;0;2442107;159;0
11;19;78;6;47;1;48;3.80;4;2;1;65;0;2442148;442;0
11;19;78;6;47;2;68;3.60;1;1;1;50;0;2442268;158;0
11;19;78;6;47;2;99;3.20;2;1;1;45;0;2442299;162;0
11;19;78;6;47;4;18;3.80;1;1;1;49;0;2442418;124;2441857
11;19;78;6;47;4;33;3.20;2;1;1;46;0;2442433;108;2441797
11;19;78;6;47;5;72;3.60;2;1;1;48;0;2442572;113;2441797
11;19;78;6;47;6;28;4.40;1;1;1;45;0;2442628;182;2441857
11;19;78;6;47;6;83;3.20;2;1;1;50;0;2442683;84;2441797
11;19;78;6;47;7;78;3.80;1;1;1;45;0;2442778;114;2441857
11;19;78;6;47;8;53;4.60;2;1;1;50;0;2442853;146;2441797
11;19;78;6;47;9;43;3.60;1;1;1;45;0;2442943;134;2441857
11;19;78;6;47;11;7;3.60;2;1;1;50;0;2443107;220;0
11;19;78;6;47;11;96;6.00;1;1;1;44;0;2443196;224;0
11;19;78;6;47;12;56;3.80;2;1;1;49;0;2443256;123;0
11;19;78;6;47;14;62;3.40;1;1;1;45;0;2443462;216;0
11;19;78;6;47;15;86;3.40;1;1;1;43;0;2443586;96;0
11;19;78;6;47;17;38;3.80;1;1;1;43;0;2443738;123;0
11;19;78;6;47;19;88;4.60;2;1;1;51;0;2443988;704;0
11;19;78;6;47;19;95;3.80;1;1;1;44;0;2443995;225;0
11;19;78;6;47;21;46;3.80;2;1;1;45;0;2444146;125;0
11;19;78;6;47;22;46;3.60;1;1;1;43;0;2444246;219;0
11;19;78;6;47;25;16;3.40;1;1;1;44;0;2444516;239;0
11;19;78;6;47;26;75;3.60;1;1;1;42;0;2444675;131;0
11;19;78;6;47;28;74;3.40;1;1;1;41;0;2444874;168;0
11;19;78;6;47;29;33;3.20;3;2;1;61;0;2444933;7892;0
11;19;78;6;47;29;79;4.20;1;1;1;39;0;2444979;75;0
11;19;78;6;47;30;20;3.40;4;2;1;66;0;2445020;2850;0
11;19;78;6;47;31;27;3.60;3;2;1;64;0;2445127;175;0
11;19;78;6;47;31;63;4.00;4;2;1;60;0;2445163;124;0
11;19;78;6;47;32;7;3.60;3;2;1;65;0;2445207;59;0
11;19;78;6;47;32;3;3.20;1;1;1;38;0;2445203;185;2444516
11;19;78;6;47;32;76;3.00;4;2;1;56;0;2445276;89;2444516
11;19;78;6;47;33;42;5.20;3;2;1;62;0;2445342;115;2444516
11;19;78;6;47;33;90;3.80;4;2;1;49;0;2445390;94;2444516
11;19;78;6;47;34;19;3.20;1;1;1;38;0;2445419;185;2444516
11;19;78;6;47;34;83;4.00;3;2;1;62;0;2445483;110;2444933
11;19;78;6;47;35;41;10.60;4;2;2;52;0;2445541;123;2445020
11;19;78;6;47;35;88;3.80;1;1;1;37;0;2445588;138;2444516
11;19;78;6;47;37;10;3.60;3;2;1;67;0;2445710;203;0
11;19;78;6;47;37;1;3.60;2;1;1;53;0;2445701;1524;0
11;19;78;6;47;37;65;3.00;1;1;1;38;0;2445765;140;2444516
11;19;78;6;47;38;23;3.60;3;2;1;64;0;2445823;93;2444516
11;19;78;6;47;38;88;3.40;4;2;1;55;0;2445888;273;0
11;19;78;6;47;39;62;3.60;3;2;1;63;0;2445962;118;0
11;19;78;6;47;40;2;3.60;4;2;1;55;0;2446002;91;0
11;19;78;6;47;39;83;3.60;1;1;1;36;0;2445983;189;2444516
11;19;78;6;47;41;17;3.20;4;2;1;56;0;2446117;91;2444516
11;19;78;6;47;41;41;3.60;1;1;1;37;0;2446141;122;2444516
11;19;78;6;47;42;50;4.20;3;2;1;58;0;2446250;267;0
11;19;78;6;47;43;4;3.40;4;2;1;53;0;2446304;166;0
11;19;78;6;47;45;17;3.40;3;2;1;63;0;2446517;240;0
11;19;78;6;47;45;43;3.20;4;2;1;55;0;2446543;215;0
11;19;78;6;47;46;56;3.40;3;2;1;59;0;2446656;119;0
11;19;78;6;47;47;0;9.40;4;2;2;53;0;2446700;136;0
11;19;78;6;47;49;20;4.60;4;2;1;56;0;2446920;156;0
11;19;78;6;48;4;54;13.00;1;1;3;47;0;2448454;2277;0
11;19;78;6;48;17;3;3.40;1;1;1;51;0;2449703;1149;0
11;19;78;6;48;18;1;3.80;1;1;1;49;0;2449801;74;0
11;19;78;6;48;20;1;3.60;2;1;1;52;0;2450001;4275;0
11;19;78;6;48;20;33;4.40;1;1;1;52;0;2450033;204;0
11;19;78;6;48;21;33;4.40;2;1;1;50;0;2450133;107;0
11;19;78;6;48;22;50;3.20;2;1;1;51;0;2450250;85;0
11;19;78;6;48;23;44;4.40;1;1;1;53;0;2450344;280;0
11;19;78;6;48;24;55;3.40;1;1;1;51;0;2450455;81;0
11;19;78;6;48;24;65;3.60;2;1;1;56;0;2450465;192;0
11;19;78;6;48;25;78;3.60;2;1;1;58;0;2450578;89;2450001
11;19;78;6;48;26;29;4.00;1;1;1;50;0;2450629;150;2450001
11;19;78;6;48;26;79;3.80;4;2;1;74;0;2450679;3729;0
11;19;78;6;48;27;5;3.60;2;1;1;54;0;2450705;104;2450001
11;19;78;6;48;27;24;3.40;1;1;1;50;0;2450724;66;2450001
11;19;78;6;48;28;14;3.60;2;1;1;52;0;2450814;85;2450001
11;19;78;6;48;28;42;4.60;1;1;1;53;0;2450842;93;2450344
11;19;78;6;48;29;67;4.60;2;1;1;52;0;2450967;128;2450001
11;19;78;6;48;29;99;3.60;4;2;1;66;0;2450999;301;0
11;19;78;6;48;30;49;5.40;1;1;1;51;0;2451049;175;2450344
11;19;78;6;48;32;33;3.20;4;2;1;63;0;2451233;214;0
11;19;78;6;48;33;11;4.60;1;1;1;50;0;2451311;223;0
11;19;78;6;48;33;89;9.00;2;1;2;54;0;2451389;390;0
11;19;78;6;48;35;12;4.00;1;1;1;55;0;2451512;167;0
11;19;78;6;48;36;64;3.40;2;1;1;56;0;2451664;215;0
11;19;78;6;48;38;6;4.00;2;1;1;53;0;2451806;120;0
11;19;78;6;48;38;47;3.80;1;1;1;54;0;2451847;308;0
11;19;78;6;48;39;69;3.80;1;1;1;53;0;2451969;96;0
11;19;78;6;48;41;28;4.80;1;1;1;52;0;2452128;133;0
11;19;78;6;48;43;65;4.20;1;1;1;48;0;2452365;203;0
11;19;78;6;48;45;45;22.20;1;1;5;51;0;2452545;148;0
11;19;78;6;48;49;68;3.80;1;1;1;52;0;2452968;266;0
11;19;78;6;48;51;52;3.20;2;1;1;57;0;2453152;1318;0
11;19;78;6;48;52;13;3.20;1;1;1;50;0;2453213;218;0
11;19;78;6;48;53;72;3.40;1;1;1;48;0;2453372;135;0
11;19;78;6;48;54;98;3.60;1;1;1;47;0;2453498;100;0
11;19;78;6;48;55;12;3.80;2;1;1;54;0;2453512;339;0
11;19;78;6;48;56;62;3.60;2;1;1;53;0;2453662;124;0
11;19;78;6;48;56;84;3.60;1;1;1;47;0;2453684;158;0
11;19;78;6;48;58;42;4.00;1;1;1;45;0;2453842;130;2453213
11;19;78;6;49;0;26;4.20;1;1;1;44;0;2454026;152;2453213
11;19;78;6;49;1;98;3.40;4;2;1;64;0;2454198;2946;0
11;19;78;6;49;2;33;6.00;1;1;1;47;0;2454233;172;2453213
11;19;78;6;49;2;80;6.20;2;1;1;55;0;2454280;593;0
11;19;78;6;49;4;67;4.00;4;2;1;60;0;2454467;249;0
11;19;78;6;49;4;69;6.60;1;1;1;51;0;2454469;190;2453213
11;19;78;6;49;5;80;3.00;1;1;1;51;0;2454580;64;2453213
11;19;78;6;49;6;47;3.40;4;2;1;61;0;2454647;156;2453213
11;19;78;6;49;7;9;3.40;2;1;1;61;0;2454709;388;0
11;19;78;6;49;6;98;3.80;1;1;1;50;0;2454698;96;2453213
11;19;78;6;49;8;1;3.60;4;2;1;63;0;2454801;133;2453213
11;19;78;6;49;8;30;3.60;2;1;1;59;0;2454830;100;2453213
11;19;78;6;49;9;41;3.80;3;2;1;64;0;2454941;8264;0
11;19;78;6;49;9;98;3.80;2;1;1;54;0;2454998;146;0
11;19;78;6;49;10;27;3.00;3;2;1;66;0;2455027;64;0
11;19;78;6;49;11;14;3.40;2;1;1;55;0;2455114;90;0
11;19;78;6;49;10;81;11.40;4;2;2;56;0;2455081;259;0
11;19;78;6;49;11;60;4.80;3;2;1;62;0;2455160;116;0
11;19;78;6;49;12;53;3.20;1;1;1;51;0;2455253;527;0
11;19;78;6;49;12;66;4.40;4;2;1;56;0;2455266;111;0
11;19;78;6;49;13;8;3.60;3;2;1;64;0;2455308;120;0
11;19;78;6;49;14;11;3.40;1;1;1;50;0;2455411;135;0
11;19;78;6;49;14;50;3.40;3;2;1;68;0;2455450;121;2454941
11;19;78;6;49;14;55;12.20;4;2;2;54;0;2455455;160;2454941
11;19;78;6;49;16;1;3.80;3;2;1;58;0;2455601;133;2454941
11;19;78;6;49;16;19;3.80;1;1;1;52;0;2455619;183;2454941
11;19;78;6;49;17;46;3.20;4;2;1;57;0;2455746;209;0
11;19;78;6;49;17;54;3.40;3;2;1;58;0;2455754;129;2454941
11;19;78;6;49;17;68;8.80;1;1;2;51;0;2455768;122;2454941
11;19;78;6;49;19;11;3.60;4;2;1;57;0;2455911;144;2454941
11;19;78;6;49;19;30;4.60;2;1;1;59;0;2455930;793;0
11;19;78;6;49;19;49;3.40;3;2;1;57;0;2455949;173;2454941
11;19;78;6;49;19;35;3.40;1;1;0;61;1;2455935;104;2455253
11;19;78;6;49;20;38;5.40;3;2;1;56;0;2456038;67;2454941
11;19;78;6;49;21;6;3.40;4;2;1;57;0;2456106;172;2454941
11;19;78;6;49;21;68;3.60;3;2;1;57;0;2456168;95;2454941
11;19;78;6;49;21;88;3.60;1;1;1;55;0;2456188;357;0
11;19;78;6;49;22;66;3.80;4;2;1;57;0;2456266;138;0
11;19;78;6;49;22;74;3.60;3;2;1;54;0;2456274;83;2454941
11;19;78;6;49;23;10;3.80;1;1;1;53;0;2456310;98;2454941
11;19;78;6;49;24;32;3.40;2;1;1;60;0;2456432;473;0
11;19;78;6;49;24;98;5.00;1;1;1;51;0;2456498;162;0
11;19;78;6;49;25;35;4.40;4;2;1;56;0;2456535;245;0
11;19;78;6;49;27;22;3.60;4;2;1;53;0;2456722;158;0
11;19;78;6;49;28;33;3.40;3;2;1;52;0;2456833;535;0
11;19;78;6;49;29;18;3.40;4;2;1;51;0;2456918;171;0
11;19;78;6;49;29;50;3.80;3;2;1;51;0;2456950;93;0
11;19;78;6;49;31;57;3.20;3;2;1;53;0;2457157;180;0
11;19;78;6;49;33;33;3.20;3;2;1;53;0;2457333;154;0
11;19;78;6;49;35;9;3.40;3;2;1;48;0;2457509;154;2456833
11;19;78;6;49;51;58;2.80;4;2;1;64;0;2459158;2216;0
11;19;78;6;49;52;74;3.60;4;2;1;61;0;2459274;100;0
11;19;78;6;50;4;72;3.60;1;1;1;56;0;2460472;3938;0
11;19;78;6;50;5;87;3.80;2;1;1;57;0;2460587;4134;0
11;19;78;6;50;8;8;3.00;4;2;1;66;0;2460808;1512;0
11;19;78;6;50;9;41;4.60;1;1;1;58;0;2460941;445;0
11;19;78;6;50;9;48;3.60;3;2;1;60;0;2460948;3413;0
11;19;78;6;50;16;43;3.60;2;1;1;62;0;2461643;1032;0
11;19;78;6;50;16;55;3.60;1;1;1;54;0;2461655;685;0
11;19;78;6;50;19;97;3.80;1;1;1;57;0;2461997;318;0
11;19;78;6;50;19;88;12.20;4;2;3;59;0;2461988;1163;0
11;19;78;6;50;20;80;3.60;2;1;1;62;0;2462080;416;0
11;19;78;6;50;21;44;3.20;1;1;1;49;0;2462144;123;0
11;19;78;6;50;21;75;4.20;2;1;1;58;0;2462175;74;0
11;19;78;6;50;22;85;3.60;2;1;1;56;0;2462285;83;0
11;19;78;6;50;23;23;4.60;1;1;1;52;0;2462323;155;0
11;19;78;6;50;23;65;3.60;2;1;1;54;0;2462365;56;0
11;19;78;6;50;24;77;3.40;1;1;1;51;0;2462477;122;0
11;19;78;6;50;26;35;3.60;1;1;1;52;0;2462635;134;2461997
11;19;78;6;50;27;28;3.60;2;1;1;61;0;2462728;339;0
11;19;78;6;50;27;43;3.80;1;1;1;53;0;2462743;83;2461997
11;19;78;6;50;31;86;3.40;2;1;1;48;0;2463186;436;0
11;19;78;6;50;32;69;3.40;2;1;1;48;0;2463269;57;0
11;19;78;6;50;33;14;3.60;1;1;1;58;0;2463314;545;0
11;19;78;6;50;33;81;4.20;1;1;1;52;0;2463381;44;0
11;19;78;6;50;34;27;3.40;3;2;1;59;0;2463427;2457;0
11;19;78;6;50;35;10;3.60;2;1;1;54;0;2463510;215;0
11;19;78;6;50;35;54;3.60;1;1;1;54;0;2463554;143;0
11;19;78;6;50;36;48;4.60;2;1;1;54;0;2463648;114;0
11;19;78;6;50;37;54;9.40;1;1;2;55;0;2463754;176;0
11;19;78;6;50;38;0;4.00;2;1;1;52;0;2463800;121;0
11;19;78;6;50;38;35;4.60;4;2;1;61;0;2463835;1772;0
11;19;78;6;50;39;23;3.60;1;1;1;56;0;2463923;107;2463314
11;19;78;6;50;39;92;3.80;2;1;1;53;0;2463992;164;2463314
11;19;78;6;50;40;27;4.20;1;1;1;55;0;2464027;80;2463314
11;19;78;6;50;41;25;3.20;2;1;1;50;0;2464125;107;2463510
11;19;78;6;50;41;29;3.80;4;2;1;64;0;2464129;266;0
11;19;78;6;50;41;41;3.40;3;2;1;62;0;2464141;693;0
11;19;78;6;50;41;44;4.00;1;1;1;55;0;2464144;89;2463314
11;19;78;6;50;42;52;3.80;1;1;1;54;0;2464252;81;2463314
11;19;78;6;50;44;4;3.40;1;1;1;54;0;2464404;126;2463314
11;19;78;6;50;44;93;3.80;2;1;1;57;0;2464493;344;0
11;19;78;6;50;45;47;3.80;1;1;1;54;0;2464547;120;2463314
11;19;78;6;50;47;12;3.80;3;2;1;57;0;2464712;551;0
11;19;78;6;50;47;31;4.60;4;2;1;56;0;2464731;580;0
11;19;78;6;50;47;66;14.60;1;1;3;57;0;2464766;193;2463314
11;19;78;6;50;48;94;3.80;4;2;1;57;0;2464894;133;2463314
11;19;78;6;50;49;11;3.60;3;2;1;55;0;2464911;175;2463314
11;19;78;6;50;50;0;3.20;1;1;1;55;0;2465000;141;2463314
11;19;78;6;50;50;7;3.80;3;2;1;53;0;2465007;72;2463314
11;19;78;6;50;50;14;3.60;4;2;1;55;0;2465014;96;2463314
11;19;78;6;50;50;78;3.20;2;1;1;59;0;2465078;561;0
11;19;78;6;50;51;41;3.60;3;2;1;50;0;2465141;108;0
11;19;78;6;50;51;60;10.20;2;1;2;57;0;2465160;62;0
11;19;78;6;50;52;75;4.80;3;2;1;49;0;2465275;108;2464712
11;19;78;6;50;52;93;3.20;1;1;1;52;0;2465293;272;0
11;19;78;6;50;52;98;3.80;4;2;1;55;0;2465298;260;0
11;19;78;6;50;54;14;5.20;1;1;1;50;0;2465414;98;0
11;19;78;6;50;54;69;4.00;2;1;1;59;0;2465469;244;0
11;19;78;6;50;54;92;3.60;3;2;1;53;0;2465492;181;2464712
11;19;78;6;50;55;73;5.00;4;2;1;56;0;2465573;250;0
11;19;78;6;50;55;80;3.40;1;1;1;48;0;2465580;128;0
11;19;78;6;50;57;27;4.00;1;1;1;49;0;2465727;121;0
11;19;78;6;50;57;89;3.60;3;2;1;55;0;2465789;272;0
11;19;78;6;50;58;31;3.80;4;2;1;54;0;2465831;225;0
11;19;78;6;50;59;9;3.80;3;2;1;58;0;2465909;96;0
11;19;78;6;50;59;17;10.20;1;1;2;47;0;2465917;160;2465293
11;19;78;6;51;0;29;3.60;3;2;1;61;0;2466029;96;2465293
11;19;78;6;51;1;29;3.80;4;2;1;56;0;2466129;272;0
11;19;78;6;51;1;87;3.40;1;1;1;45;0;2466187;191;2465293
11;19;78;6;51;1;98;3.60;3;2;1;60;0;2466198;147;2465293
11;19;78;6;51;3;65;3.60;3;2;1;58;0;2466365;145;2465789
11;19;78;6;51;4;40;4.20;1;1;1;44;0;2466440;225;0
11;19;78;6;51;4;89;3.60;3;2;1;56;0;2466489;101;2465789
11;19;78;6;51;5;7;3.60;2;1;1;56;0;2466507;1013;0
11;19;78;6;51;6;12;3.00;1;1;1;44;0;2466612;137;0
11;19;78;6;51;6;0;7.60;4;2;2;57;0;2466600;446;0
11;19;78;6;51;7;29;5.40;2;1;1;59;0;2466729;198;0
11;19;78;6;51;7;38;3.80;1;1;1;43;0;2466738;101;0
11;19;78;6;51;7;97;4.00;4;2;1;56;0;2466797;149;0
11;19;78;6;51;8;11;4.60;3;2;1;60;0;2466811;298;0
11;19;78;6;51;9;8;4.60;3;2;1;60;0;2466908;69;0
11;19;78;6;51;9;48;3.00;1;1;1;45;0;2466948;178;0
11;19;78;6;51;10;1;3.20;4;2;1;54;0;2467001;178;0
11;19;78;6;51;9;99;7.40;3;2;1;59;0;2466999;63;0
11;19;78;6;51;11;9;4.00;1;1;1;45;0;2467109;137;2466440
11;19;78;6;51;12;12;4.40;1;1;1;43;0;2467212;71;2466440
11;19;78;6;51;12;63;3.60;3;2;1;59;0;2467263;218;0
11;19;78;6;51;12;83;3.40;4;2;1;58;0;2467283;260;0
11;19;78;6;51;13;49;5.20;1;1;1;43;0;2467349;100;2466440
11;19;78;6;51;15;28;3.80;1;1;1;43;0;2467528;135;2466440
11;19;78;6;51;15;68;4.40;3;2;1;58;0;2467568;283;0
11;19;78;6;51;16;62;3.60;1;1;1;43;0;2467662;102;2466440
11;19;78;6;51;16;94;4.60;3;2;1;59;0;2467694;98;2466440
11;19;78;6;51;19;28;3.00;1;1;1;52;0;2467928;235;0
11;19;78;6;51;24;5;9.20;3;2;2;59;0;2468405;682;0
11;19;78;6;51;39;32;4.00;1;1;1;64;0;2469932;1983;0
11;19;78;6;51;41;49;4.00;1;1;1;61;0;2470149;194;0
11;19;78;6;51;42;83;3.60;2;1;1;59;0;2470283;3521;0
11;19;78;6;51;44;63;3.80;1;1;1;61;0;2470463;290;0
11;19;78;6;51;46;73;3.60;1;1;1;62;0;2470673;187;0
11;19;78;6;51;47;11;3.60;2;1;1;66;0;2470711;406;0
11;19;78;6;51;47;98;3.60;4;2;1;67;0;2470798;3493;0
11;19;78;6;51;48;66;3.60;2;1;1;60;0;2470866;135;0
11;19;78;6;51;49;11;3.80;1;1;1;59;0;2470911;217;0
11;19;78;6;51;49;98;4.00;1;1;1;59;0;2470998;63;0
11;19;78;6;51;50;31;4.60;2;1;1;56;0;2471031;143;0
11;19;78;6;51;51;83;4.20;1;1;1;60;0;2471183;160;0
11;19;78;6;51;53;83;3.60;4;2;1;63;0;2471383;565;0
11;19;78;6;51;55;12;3.60;1;1;1;61;0;2471512;303;0
11;19;78;6;51;57;78;4.40;1;1;1;57;0;2471778;244;0
11;19;78;6;51;58;16;4.20;2;1;1;62;0;2471816;755;0
11;19;78;6;51;59;72;4.20;1;1;1;54;0;2471972;166;0
11;19;78;6;52;0;82;3.80;1;1;1;55;0;2472082;82;0
11;19;78;6;52;4;6;3.40;1;1;1;55;0;2472406;299;0
11;19;78;6;52;4;33;3.40;3;2;1;53;0;2472433;3971;0
11;19;78;6;52;6;71;3.40;1;1;1;56;0;2472671;242;0
11;19;78;6;52;7;54;3.00;2;1;1;59;0;2472754;913;0
11;19;78;6;52;8;88;3.00;1;1;1;53;0;2472888;195;0
11;19;78;6;52;10;50;3.60;1;1;1;53;0;2473050;141;0
11;19;78;6;52;11;45;4.80;1;1;1;53;0;2473145;70;0
11;19;78;6;52;14;33;3.60;1;1;1;53;0;2473433;255;0
11;19;78;6;52;16;8;6.80;1;1;1;49;0;2473608;150;0
11;19;78;6;52;17;93;13.80;1;1;4;49;0;2473793;135;0
11;19;78;6;52;20;1;3.80;1;1;1;49;0;2474001;106;0
11;19;78;6;52;21;46;3.80;1;1;1;51;0;2474146;117;2473433
11;19;78;6;52;23;74;4.40;1;1;1;47;0;2474374;201;0
11;19;78;6;52;26;62;3.80;3;2;1;62;0;2474662;2205;0
11;19;78;6;52;26;59;5.00;1;1;1;59;0;2474659;251;0
11;19;78;6;52;28;3;3.40;2;1;1;52;0;2474803;2030;0
11;19;78;6;52;29;19;3.60;3;2;1;59;0;2474919;234;0
11;19;78;6;52;29;20;4.20;1;1;1;55;0;2474920;230;0
11;19;78;6;52;29;69;3.40;2;1;1;51;0;2474969;142;0
11;19;78;6;52;30;82;4.40;1;1;1;54;0;2475082;134;0
11;19;78;6;52;31;31;3.60;3;2;1;58;0;2475131;190;0
11;19;78;6;52;32;5;3.40;2;1;1;52;0;2475205;212;0
11;19;78;6;52;32;43;3.60;1;1;1;55;0;2475243;131;0
11;19;78;6;52;33;16;4.60;2;1;1;51;0;2475316;87;0
11;19;78;6;52;34;17;3.80;1;1;1;53;0;2475417;150;0
11;19;78;6;52;34;32;3.40;4;2;1;65;0;2475432;4028;0
11;19;78;6;52;34;24;10.40;3;2;2;59;0;2475424;270;0
11;19;78;6;52;35;2;3.60;1;1;1;52;0;2475502;59;2474920
11;19;78;6;52;36;73;3.60;1;1;1;51;0;2475673;146;2474920
11;19;78;6;52;37;4;3.60;2;1;1;57;0;2475704;355;0
11;19;78;6;52;37;61;4.00;3;2;1;66;0;2475761;273;0
11;19;78;6;52;37;40;6.60;4;2;1;65;0;2475740;289;0
11;19;78;6;52;38;61;3.80;3;2;1;63;0;2475861;78;0
11;19;78;6;52;38;87;3.80;1;1;1;55;0;2475887;188;2474920
11;19;78;6;52;39;52;3.60;4;2;1;56;0;2475952;175;2474920
11;19;78;6;52;39;68;3.80;3;2;1;62;0;2475968;85;2474920
11;19;78;6;52;40;85;4.80;1;1;1;56;0;2476085;173;2474920
11;19;78;6;52;42;52;4.00;1;1;1;56;0;2476252;136;2474920
11;19;78;6;52;42;87;3.80;3;2;1;62;0;2476287;296;0
11;19;78;6;52;42;51;4.00;2;1;1;47;0;2476251;524;0
11;19;78;6;52;43;30;3.40;4;2;1;55;0;2476330;354;0
11;19;78;6;52;43;93;4.00;3;2;1;57;0;2476393;83;0
11;19;78;6;52;45;35;4.20;4;2;1;55;0;2476535;182;0
11;19;78;6;52;47;48;4.40;3;2;1;60;0;2476748;329;0
11;19;78;6;52;47;50;4.00;4;2;1;56;0;2476750;187;0
11;19;78;6;52;48;38;3.20;3;2;1;56;0;2476838;63;0
11;19;78;6;52;49;82;3.60;3;2;1;55;0;2476982;123;0
11;19;78;6;52;50;26;4.00;4;2;1;57;0;2477026;250;0
11;19;78;6;52;51;28;4.00;3;2;1;59;0;2477128;122;0
11;19;78;6;52;52;99;3.20;3;2;1;59;0;2477299;146;2476748
11;19;78;6;52;54;31;4.40;3;2;1;59;0;2477431;112;2476748
11;19;78;6;52;56;39;14.20;4;2;4;48;0;2477639;587;0
11;19;78;6;53;10;31;4.00;1;1;1;63;0;2479031;2753;0
11;19;78;6;53;11;64;3.60;3;2;1;61;0;2479164;1706;0
11;19;78;6;53;13;29;3.80;3;2;1;59;0;2479329;143;0
11;19;78;6;53;13;57;3.80;2;1;1;64;0;2479357;3075;0
11;19;78;6;53;13;64;3.80;1;1;1;56;0;2479364;310;0
11;19;78;6;53;15;19;7.20;1;1;1;58;0;2479519;130;0
11;19;78;6;53;17;2;3.60;1;1;1;58;0;2479702;138;0
11;19;78;6;53;18;45;3.80;1;1;1;58;0;2479845;120;0
11;19;78;6;53;22;49;3.40;1;1;1;56;0;2480249;380;0
11;19;78;6;53;22;57;3.80;2;1;1;53;0;2480257;878;0
11;19;78;6;53;23;22;3.40;1;1;1;57;0;2480322;51;0
11;19;78;6;53;24;83;3.60;1;1;1;53;0;2480483;139;0
11;19;78;6;53;25;39;4.00;2;1;1;57;0;2480539;256;0
11;19;78;6;53;26;11;4.80;1;1;1;54;0;2480611;103;0
11;19;78;6;53;26;68;3.20;2;1;1;57;0;2480668;103;0
11;19;78;6;53;28;12;4.60;2;1;1;57;0;2480812;123;0
11;19;78;6;53;29;64;16.20;1;1;4;49;0;2480964;321;0
11;19;78;6;53;30;73;3.00;4;2;1;61;0;2481073;3327;0
11;19;78;6;53;32;51;3.20;1;1;1;46;0;2481251;167;0
11;19;78;6;53;33;37;3.80;1;1;1;50;0;2481337;60;0
11;19;78;6;53;36;3;5.60;1;1;1;53;0;2481603;238;0
11;19;78;6;53;36;58;3.80;3;2;1;69;0;2481658;2305;0
11;19;78;6;53;38;16;5.00;4;2;1;63;0;2481816;725;0
11;19;78;6;53;38;78;3.80;1;1;1;52;0;2481878;236;0
11;19;78;6;53;39;73;13.80;4;2;4;60;0;2481973;128;0
11;19;78;6;53;40;59;3.80;1;1;1;49;0;2482059;154;0
11;19;78;6;53;41;58;4.00;1;1;1;49;0;2482158;71;0
11;19;78;6;53;44;31;3.80;1;1;1;50;0;2482431;243;0
11;19;78;6;53;45;70;4.80;2;1;1;60;0;2482570;1728;0
11;19;78;6;53;45;60;4.40;1;1;1;48;0;2482560;101;0
11;19;78;6;53;47;40;3.80;1;1;1;48;0;2482740;147;0
11;19;78;6;53;49;38;4.00;1;1;1;47;0;2482938;169;0
11;19;78;6;53;50;12;3.40;2;1;1;56;0;2483012;413;0
11;19;78;6;53;50;75;3.60;4;2;1;62;0;2483075;1019;0
11;19;78;6;53;51;20;4.60;1;1;1;45;0;2483120;151;2482431
11;19;78;6;53;52;82;3.60;2;1;1;55;0;2483282;248;0
11;19;78;6;53;52;80;3.60;1;1;1;47;0;2483280;123;2482431
11;19;78;6;53;54;93;4.20;1;1;1;50;0;2483493;185;2482431
11;19;78;6;53;56;65;3.80;2;1;1;58;0;2483665;359;0
11;19;78;6;53;57;29;3.60;1;1;1;45;0;2483729;205;0
11;19;78;6;53;58;88;3.80;1;1;1;48;0;2483888;130;0
11;19;78;6;53;59;35;3.80;2;1;1;57;0;2483935;246;0
11;19;78;6;53;59;82;3.60;1;1;1;48;0;2483982;65;0
11;19;78;6;54;2;3;13.80;1;1;4;48;0;2484203;194;0
11;19;78;6;54;3;41;3.40;2;1;1;50;0;2484341;382;0
11;19;78;6;54;4;9;3.60;4;2;1;64;0;2484409;1313;0
11;19;78;6;54;4;20;3.80;1;1;1;43;0;2484420;113;2483729
11;19;78;6;54;5;22;4.80;2;1;1;50;0;2484522;156;2483729
11;19;78;6;54;5;55;3.80;4;2;1;59;0;2484555;125;2483729
11;19;78;6;54;6;24;3.00;2;1;1;48;0;2484624;67;2483729
11;19;78;6;54;6;80;3.20;4;2;1;59;0;2484680;101;2483729
11;19;78;6;54;7;0;7.00;3;2;1;61;0;2484700;3022;0
11;19;78;6;54;8;57;3.60;3;2;1;60;0;2484857;115;0
11;19;78;6;54;8;68;3.20;4;2;1;60;0;2484868;168;0
11;19;78;6;54;9;34;3.00;1;1;1;47;0;2484934;482;0
11;19;78;6;54;10;68;3.80;1;1;1;46;0;2485068;111;0
11;19;78;6;54;11;31;3.80;3;2;1;58;0;2485131;252;0
11;19;78;6;54;12;24;3.60;1;1;1;45;0;2485224;126;0
11;19;78;6;54;12;35;3.80;3;2;1;59;0;2485235;80;0
11;19;78;6;54;13;36;3.40;4;2;1;59;0;2485336;448;0
11;19;78;6;54;14;19;3.40;3;2;1;59;0;2485419;160;0
11;19;78;6;54;15;11;3.60;3;2;1;58;0;2485511;71;0
11;19;78;6;54;16;28;3.60;3;2;1;55;0;2485628;94;2485131
11;19;78;6;54;16;81;3.60;4;2;1;57;0;2485681;324;0
11;19;78;6;54;17;29;3.60;2;1;1;57;0;2485729;1082;0
11;19;78;6;54;18;16;3.60;4;2;1;55;0;2485816;112;0
11;19;78;6;54;18;25;3.80;3;2;1;57;0;2485825;173;2485131
11;19;78;6;54;19;13;3.80;1;1;1;53;0;2485913;660;0
11;19;78;6;54;19;71;3.40;3;2;1;60;0;2485971;122;2485131
11;19;78;6;54;19;78;4.00;4;2;1;57;0;2485978;138;2485131
11;19;78;6;54;20;59;3.00;3;2;1;60;0;2486059;67;2485131
11;19;78;6;54;22;20;3.60;4;2;1;56;0;2486220;216;0
11;19;78;6;54;23;30;3.80;3;2;1;61;0;2486330;253;0
11;19;78;6;54;24;92;4.00;3;2;1;62;0;2486492;139;0
11;19;78;6;54;51;75;5.00;2;1;1;56;0;2489175;3423;0
11;19;78;6;54;54;84;3.60;1;1;1;57;0;2489484;3545;0
11;19;78;6;54;58;62;4.00;1;1;1;59;0;2489862;355;0
11;19;78;6;54;58;71;3.40;2;1;1;56;0;2489871;663;0
11;19;78;6;55;0;47;7.60;1;1;2;55;0;2490047;160;0
11;19;78;6;55;4;8;3.80;1;1;1;58;0;2490408;311;0
11;19;78;6;55;4;82;3.80;2;1;1;55;0;2490482;589;0
11;19;78;6;55;5;62;3.80;1;1;1;58;0;2490562;130;0
11;19;78;6;55;6;64;3.20;1;1;1;53;0;2490664;78;0
11;19;78;6;55;6;73;4.00;2;1;1;58;0;2490673;166;0
11;19;78;6;55;7;63;4.20;1;1;1;54;0;2490763;77;0
11;19;78;6;55;7;98;3.60;3;2;1;56;0;2490798;4282;0
11;19;78;6;55;8;86;4.40;1;1;1;52;0;2490886;95;2490408
11;19;78;6;55;9;34;4.60;4;2;1;62;0;2490934;4690;0
11;19;78;6;55;10;3;3.80;1;1;1;52;0;2491003;86;2490408
11;19;78;6;55;10;27;3.20;3;2;1;63;0;2491027;205;0
11;19;78;6;55;10;75;3.20;2;1;1;62;0;2491075;377;0
11;19;78;6;55;12;1;3.00;3;2;1;59;0;2491201;155;0
11;19;78;6;55;12;16;4.00;2;1;1;56;0;2491216;122;0
11;19;78;6;55;14;42;3.40;2;1;1;57;0;2491442;200;0
11;19;78;6;55;15;71;3.40;2;1;1;58;0;2491571;107;0
11;19;78;6;55;15;82;11.40;1;1;3;52;0;2491582;552;0
11;19;78;6;55;20;33;14.20;4;2;2;57;0;2492033;1072;0
11;19;78;6;55;20;29;17.20;1;1;4;49;0;2492029;368;0
11;19;78;6;55;22;79;4.00;1;1;1;48;0;2492279;123;0
11;19;78;6;55;25;41;20.60;1;1;5;46;0;2492541;232;0
11;19;78;6;55;27;82;3.80;2;1;1;60;0;2492782;1189;0
11;19;78;6;55;28;70;3.80;4;2;1;64;0;2492870;747;0
11;19;78;6;55;28;97;3.20;1;1;1;45;0;2492897;194;0
11;19;78;6;55;31;7;3.40;1;1;1;46;0;2493107;184;0
11;19;78;6;55;32;35;3.60;4;2;1;58;0;2493235;343;0
11;19;78;6;55;32;79;3.60;1;1;1;46;0;2493279;145;0
11;19;78;6;55;33;74;3.60;3;2;1;66;0;2493374;2154;0
11;19;78;6;55;35;4;4.40;1;1;1;53;0;2493504;196;2492541
11;19;78;6;55;39;88;3.60;1;1;1;55;0;2493988;454;0
11;19;78;6;55;41;68;3.80;2;1;1;57;0;2494168;1363;0
11;19;78;6;55;42;8;12.60;1;1;7;56;0;2494208;196;0
11;19;78;6;55;43;72;3.20;2;1;1;55;0;2494372;180;0
11;19;78;6;55;43;97;4.00;1;1;1;54;0;2494397;108;0
11;19;78;6;55;44;25;3.60;4;2;1;62;0;2494425;1167;0
11;19;78;6;55;45;33;3.20;2;1;1;56;0;2494533;140;0
11;19;78;6;55;46;0;3.60;4;2;1;66;0;2494600;154;0
11;19;78;6;55;46;17;3.80;3;2;1;65;0;2494617;1223;0
11;19;78;6;55;46;63;8.40;1;1;2;54;0;2494663;239;0
11;19;78;6;55;48;31;3.80;1;1;1;54;0;2494831;112;0
11;19;78;6;55;49;20;3.80;1;1;1;52;0;2494920;63;0
11;19;78;6;55;49;50;4.40;4;2;1;59;0;2494950;330;0
11;19;78;6;55;49;61;3.00;3;2;1;56;0;2494961;322;0
11;19;78;6;55;50;83;3.60;1;1;1;53;0;2495083;136;0
11;19;78;6;55;50;94;3.80;3;2;1;55;0;2495094;113;0
11;19;78;6;55;51;90;3.20;4;2;1;58;0;2495190;213;0
11;19;78;6;55;52;73;4.40;3;2;1;60;0;2495273;154;0
11;19;78;6;55;53;12;3.40;2;1;1;56;0;2495312;758;0
11;19;78;6;55;53;88;3.40;4;2;1;60;0;2495388;178;0
11;19;78;6;55;54;1;3.20;3;2;1;60;0;2495401;101;0
11;19;78;6;55;54;70;3.60;1;1;1;55;0;2495470;362;0
11;19;78;6;55;55;3;3.20;4;2;1;62;0;2495503;94;0
11;19;78;6;55;55;23;4.60;3;2;1;66;0;2495523;102;2494961
11;19;78;6;55;58;46;3.20;3;2;1;56;0;2495846;297;0
11;19;78;6;55;58;85;3.00;4;2;1;54;0;2495885;363;0
11;19;78;6;55;59;38;3.20;3;2;1;55;0;2495938;71;0
11;19;78;6;56;0;63;3.60;4;2;1;56;0;2496063;158;0
11;19;78;6;56;1;4;3.80;3;2;1;56;0;2496104;145;0
11;19;78;6;56;2;55;3.60;4;2;1;62;0;2496255;168;0
11;19;78;6;56;2;80;4.60;3;2;1;59;0;2496280;151;0
11;19;78;6;56;4;41;3.00;4;2;1;62;0;2496441;165;0
11;19;78;6;56;6;30;3.20;3;2;1;58;0;2496630;321;0
11;19;78;6;56;7;56;3.60;3;2;1;57;0;2496756;106;0
11;19;78;6;56;13;29;3.60;4;2;1;65;0;2497329;870;0
11;19;78;6;56;17;24;3.80;1;1;1;59;0;2497724;2230;0
11;19;78;6;56;18;88;3.00;1;1;1;60;0;2497888;140;0
11;19;78;6;56;19;45;3.40;2;1;1;60;0;2497945;2611;0
11;19;78;6;56;21;82;3.80;1;1;1;59;0;2498182;276;0
11;19;78;6;56;22;47;4.00;2;1;1;60;0;2498247;281;0
11;19;78;6;56;23;56;3.80;2;1;1;59;0;2498356;85;0
11;19;78;6;56;24;36;3.60;1;1;1;62;0;2498436;230;0
11;19;78;6;56;28;35;5.00;1;1;1;55;0;2498835;378;0
11;19;78;6;56;30;20;3.60;1;1;1;56;0;2499020;152;0
11;19;78;6;56;31;1;4.00;1;1;1;56;0;2499101;57;0
11;19;78;6;56;32;16;3.80;2;1;1;61;0;2499216;836;0
11;19;78;6;56;32;13;4.20;1;1;1;58;0;2499213;86;0
11;19;78;6;56;33;27;3.60;1;1;1;56;0;2499327;87;2498835
11;19;78;6;56;34;87;3.20;4;2;1;62;0;2499487;2138;0
11;19;78;6;56;34;83;3.60;2;1;1;55;0;2499483;244;0
11;19;78;6;56;36;51;3.80;2;1;1;56;0;2499651;144;0
11;19;78;6;56;36;47;16.20;1;1;4;55;0;2499647;296;0
11;19;78;6;56;38;91;3.40;4;2;1;59;0;2499891;385;0
11;19;78;6;56;45;85;3.80;1;1;1;56;0;2500585;831;0
11;19;78;6;56;47;49;4.80;1;1;1;58;0;2500749;139;0
11;19;78;6;56;50;66;3.60;1;1;1;54;0;2501066;287;0
11;19;78;6;56;53;47;6.60;3;2;1;64;0;2501347;4568;0
11;19;78;6;56;55;84;3.60;4;2;1;60;0;2501584;1672;0
11;19;78;6;56;55;89;3.80;1;1;1;55;0;2501589;499;0
11;19;78;6;56;57;49;3.60;2;1;1;54;0;2501749;2073;0
11;19;78;6;56;58;65;3.60;1;1;1;56;0;2501865;251;0
11;19;78;6;57;0;0;3.40;3;2;1;68;0;2502000;615;0
11;19;78;6;57;0;84;3.40;4;2;1;57;0;2502084;478;0
11;19;78;6;57;3;23;3.60;3;2;1;61;0;2502323;305;0
11;19;78;6;57;4;61;4.40;4;2;1;60;0;2502461;355;0
11;19;78;6;57;6;10;3.80;1;1;1;57;0;2502610;721;0
11;19;78;6;57;9;57;7.00;1;1;1;56;0;2502957;323;0
11;19;78;6;57;9;61;2.60;2;1;0;54;1;2502961;1188;0
11;19;78;6;57;11;37;4.00;1;1;1;52;0;2503137;135;0
11;19;78;6;57;12;65;3.40;1;1;1;52;0;2503265;100;0
11;19;78;6;57;15;89;4.00;1;1;1;58;0;2503589;300;0
11;19;78;6;57;18;83;3.80;2;1;1;57;0;2503883;2110;0
11;19;78;6;57;19;93;3.20;1;1;1;62;0;2503993;379;0
11;19;78;6;57;21;43;3.60;4;2;1;66;0;2504143;1655;0
11;19;78;6;57;25;60;3.60;3;2;1;63;0;2504560;2215;0
11;19;78;6;57;27;92;4.80;3;2;1;68;0;2504792;211;0
11;19;78;6;57;29;67;3.80;3;2;1;68;0;2504967;149;0
11;19;78;6;57;31;62;12.60;4;2;3;55;0;2505162;999;0
11;19;78;6;57;34;43;3.60;3;2;1;63;0;2505443;455;0
11;19;78;6;57;34;59;3.00;4;2;1;51;0;2505459;214;0
11;19;78;6;57;35;67;5.40;4;2;1;51;0;2505567;86;0
11;19;78;6;57;36;21;3.80;3;2;1;59;0;2505621;157;0
11;19;78;6;57;36;82;4.00;4;2;1;54;0;2505682;76;0
11;19;78;6;57;38;23;3.80;4;2;1;54;0;2505823;114;0
11;19;78;6;57;38;38;3.60;3;2;1;59;0;2505838;193;0
11;19;78;6;57;39;55;3.40;4;2;1;53;0;2505955;106;2505459
11;19;78;6;57;40;33;4.60;3;2;1;57;0;2506033;173;2505459
11;19;78;6;57;42;15;3.40;3;2;1;56;0;2506215;152;2505443
11;19;78;6;57;42;95;3.40;4;2;1;54;0;2506295;316;0
11;19;78;6;57;43;29;5.00;3;2;1;55;0;2506329;92;2505443
11;19;78;6;57;44;89;3.80;3;2;1;54;0;2506489;127;2505443
11;19;78;6;57;45;57;3.40;4;2;1;53;0;2506557;239;0
11;19;78;6;57;46;1;3.80;3;2;1;52;0;2506601;86;2505443
11;19;78;6;57;47;64;3.40;4;2;1;53;0;2506764;183;2505443
11;19;78;6;57;47;66;3.80;1;1;1;55;0;2506766;2754;0
11;19;78;6;57;49;66;3.60;4;2;1;54;0;2506966;178;0
11;19;78;6;57;50;82;3.20;4;2;1;54;0;2507082;92;0
11;19;78;6;57;57;71;4.20;1;1;1;61;0;2507771;980;0
11;19;78;6;58;3;36;4.20;2;1;1;58;0;2508336;4429;0
11;19;78;6;58;4;21;8.60;1;1;2;57;0;2508421;625;0
11;19;78;6;58;6;0;3.80;2;1;1;53;0;2508600;237;0
11;19;78;6;58;6;82;3.40;2;1;1;52;0;2508682;56;0
11;19;78;6;58;7;9;3.80;1;1;1;55;0;2508709;233;0
11;19;78;6;58;7;82;3.80;1;1;1;55;0;2508782;48;0
11;19;78;6;58;9;16;5.40;2;1;1;58;0;2508916;210;0
11;19;78;6;58;11;35;3.80;2;1;1;57;0;2509135;185;0
11;19;78;6;58;11;78;3.80;1;1;1;55;0;2509178;371;0
11;19;78;6;58;12;44;4.40;2;1;1;57;0;2509244;85;0
11;19;78;6;58;12;84;5.20;4;2;1;64;0;2509284;2180;0
11;19;78;6;58;14;9;3.60;1;1;1;55;0;2509409;206;0
11;19;78;6;58;14;69;5.20;2;1;1;59;0;2509469;197;0
11;19;78;6;58;15;55;3.40;1;1;1;56;0;2509555;122;0
11;19;78;6;58;16;48;3.20;2;1;1;60;0;2509648;147;2508916
11;19;78;6;58;16;85;5.40;1;1;1;56;0;2509685;108;2508916
11;19;78;6;58;17;62;4.00;2;1;1;57;0;2509762;94;2508916
11;19;78;6;58;20;61;3.60;1;1;1;51;0;2510061;341;0
11;19;78;6;58;21;40;3.20;2;1;1;52;0;2510140;352;0
11;19;78;6;58;22;57;3.40;1;1;1;49;0;2510257;170;0
11;19;78;6;58;23;57;3.80;1;1;1;50;0;2510357;75;0
11;19;78;6;58;24;30;3.40;1;1;1;51;0;2510430;45;0
11;19;78;6;58;25;38;4.00;1;1;1;49;0;2510538;84;2510061
11;19;78;6;58;26;24;3.00;3;2;1;61;0;2510624;3996;0
11;19;78;6;58;28;48;4.60;2;1;1;55;0;2510848;685;0
11;19;78;6;58;30;69;12.80;1;1;3;55;0;2511069;501;0
11;19;78;6;58;32;66;4.60;2;1;1;58;0;2511266;387;0
11;19;78;6;58;32;72;3.60;1;1;1;54;0;2511272;119;0
11;19;78;6;58;34;45;4.80;1;1;1;53;0;2511445;149;0
11;19;78;6;58;41;97;3.20;1;1;1;55;0;2512197;719;0
11;19;78;6;58;48;31;6.00;1;1;1;52;0;2512831;613;0
11;19;78;6;58;50;37;3.00;4;2;1;58;0;2513037;3723;0
11;19;78;6;58;50;0;2.60;1;1;1;16;0;2513000;127;0
11;19;78;6;58;54;32;3.60;1;1;1;48;0;2513432;373;0
11;19;78;6;58;55;5;3.00;4;2;1;60;0;2513505;449;0
11;19;78;6;58;55;72;3.60;1;1;1;46;0;2513572;113;0
11;19;78;6;58;57;11;3.80;1;1;1;47;0;2513711;110;0
11;19;78;6;58;58;40;3.60;1;1;1;47;0;2513840;99;0
11;19;78;6;58;58;82;4.00;4;2;1;67;0;2513882;359;0
11;19;78;6;59;0;44;3.40;3;2;1;68;0;2514044;3402;0
11;19;78;6;59;1;25;3.40;4;2;1;59;0;2514125;221;0
11;19;78;6;59;4;18;3.20;2;1;1;49;0;2514418;3123;0
11;19;78;6;59;4;75;3.60;3;2;1;58;0;2514475;413;0
11;19;78;6;59;5;42;3.00;4;2;1;60;0;2514542;396;0
11;19;78;6;59;7;17;5.20;4;2;1;58;0;2514717;157;0
11;19;78;6;59;8;26;3.60;1;1;1;58;0;2514826;958;0
11;19;78;6;59;8;39;3.60;3;2;1;59;0;2514839;341;0
11;19;78;6;59;9;35;2.80;3;2;1;58;0;2514935;74;0
11;19;78;6;59;9;75;3.60;4;2;1;53;0;2514975;225;0
11;19;78;6;59;10;47;3.00;3;2;1;60;0;2515047;94;0
11;19;78;6;59;11;54;3.80;3;2;1;58;0;2515154;89;0
11;19;78;6;59;11;67;4.60;4;2;1;57;0;2515167;167;0
11;19;78;6;59;12;18;4.20;1;1;1;57;0;2515218;369;0
11;19;78;6;59;15;31;3.20;4;2;1;57;0;2515531;334;0
11;19;78;6;59;16;49;3.40;3;2;1;59;0;2515649;471;0
11;19;78;6;59;17;93;3.80;3;2;1;58;0;2515793;123;0
11;19;78;6;59;18;76;4.20;4;2;1;57;0;2515876;324;0
11;19;78;6;59;19;38;3.80;3;2;1;61;0;2515938;121;0
11;19;78;6;59;19;38;3.60;2;1;1;52;0;2515938;1496;0
11;19;78;6;59;20;51;3.40;4;2;1;57;0;2516051;148;0
11;19;78;6;59;21;23;3.80;1;1;1;55;0;2516123;878;0
11;19;78;6;59;22;73;3.80;3;2;1;59;0;2516273;312;0
11;19;78;6;59;22;97;3.40;1;1;1;52;0;2516297;149;0
11;19;78;6;59;23;59;3.60;2;1;1;55;0;2516359;396;0
11;19;78;6;59;24;68;4.20;3;2;1;60;0;2516468;171;0
11;19;78;6;59;24;97;3.80;1;1;1;57;0;2516497;176;0
11;19;78;6;59;26;7;3.40;3;2;1;58;0;2516607;113;0
11;19;78;6;59;27;37;3.80;2;1;1;56;0;2516737;354;0
11;19;78;6;59;28;35;3.40;1;1;1;51;0;2516835;314;0
11;19;78;6;59;29;48;13.00;1;1;7;49;0;2516948;89;0
11;19;78;6;59;30;50;4.00;2;1;1;57;0;2517050;288;0
11;19;78;6;59;31;46;3.80;2;1;1;57;0;2517146;70;0
11;19;78;6;59;32;17;3.20;1;1;1;45;0;2517217;173;0
11;19;78;6;59;34;73;10.60;1;1;2;52;0;2517473;230;0
11;19;78;6;59;37;58;3.60;1;1;1;51;0;2517758;211;0
11;19;78;6;59;39;63;4.40;1;1;1;48;0;2517963;179;0
11;19;78;6;59;40;98;4.80;2;1;1;57;0;2518098;928;0
11;19;78;6;59;40;64;10.00;1;1;2;48;0;2518064;68;0
11;19;78;6;59;44;21;4.80;1;1;1;51;0;2518421;282;0
11;19;78;6;59;45;17;3.40;2;1;1;57;0;2518517;388;0
11;19;78;6;59;45;97;3.60;1;1;1;50;0;2518597;142;0
11;19;78;6;59;47;36;3.60;3;2;1;69;0;2518736;2107;0
11;19;78;6;59;47;18;3.80;1;1;1;49;0;2518718;95;0
11;19;78;6;59;49;5;3.60;1;1;1;49;0;2518905;159;0
11;19;78;6;59;49;73;3.00;2;1;1;55;0;2518973;434;0
11;19;78;6;59;50;62;3.40;1;1;1;50;0;2519062;130;2518421
11;19;78;6;59;50;86;3.80;2;1;1;57;0;2519086;93;2518421
11;19;78;6;59;52;39;3.80;2;1;1;58;0;2519239;129;2518421
11;19;78;6;59;52;17;4.40;1;1;1;46;0;2519217;130;2518421
11;19;78;6;59;53;27;3.00;4;2;1;55;0;2519327;3254;0
11;19;78;6;59;55;27;3.40;1;1;1;48;0;2519527;275;0
11;19;78;6;59;56;37;3.60;2;1;1;55;0;2519637;374;0
11;19;78;6;59;56;63;3.60;1;1;1;47;0;2519663;110;0
11;19;78;6;59;58;62;3.40;1;1;1;47;0;2519862;171;0
11;19;78;6;59;59;99;3.40;2;1;1;57;0;2519999;338;0
11;19;78;7;0;0;42;3.20;1;1;1;47;0;2520042;153;0
11;19;78;7;0;2;0;3.60;1;1;1;48;0;2520200;133;2519527
11;19;78;7;0;3;13;3.20;1;1;1;46;0;2520313;86;2519527
11;19;78;7;0;5;19;3.60;3;2;1;63;0;2520519;1764;0
11;19;78;7;0;6;67;3.40;2;1;1;52;0;2520667;646;0
11;19;78;7;0;7;29;3.80;4;2;1;60;0;2520729;1382;0
11;19;78;7;0;6;72;14.40;1;1;4;52;0;2520672;333;0
11;19;78;7;0;8;55;3.60;1;1;1;50;0;2520855;83;0
11;19;78;7;0;10;38;4.00;1;1;1;49;0;2521038;157;0
11;19;78;7;0;12;36;3.40;1;1;1;50;0;2521236;168;0
11;19;78;7;0;13;69;3.60;1;1;1;49;0;2521369;108;2520672
11;19;78;7;0;14;87;4.00;1;1;1;46;0;2521487;91;2520672
11;19;78;7;0;15;86;3.60;1;1;1;48;0;2521586;67;2520672
11;19;78;7;0;18;76;3.60;1;1;1;53;0;2521876;263;0
11;19;78;7;0;20;13;3.20;2;1;1;61;0;2522013;1322;0
11;19;78;7;0;22;64;3.60;2;1;1;61;0;2522264;232;0
11;19;78;7;0;23;6;3.20;1;1;1;53;0;2522306;405;0
11;19;78;7;0;25;7;3.80;1;1;1;59;0;2522507;179;0
11;19;78;7;0;27;67;3.60;1;1;1;44;0;2522767;236;0
11;19;78;7;0;28;84;9.80;1;1;2;43;0;2522884;87;0
11;19;78;7;0;30;71;3.60;4;2;1;62;0;2523071;2319;0
11;19;78;7;0;31;50;3.80;1;1;1;44;0;2523150;183;0
11;19;78;7;0;39;18;3.80;4;2;1;74;0;2523918;826;0
11;19;78;7;0;39;40;3.40;3;2;1;62;0;2523940;3400;0
11;19;78;7;0;41;56;4.60;3;2;1;72;0;2524156;196;0
11;19;78;7;0;42;57;3.60;4;2;1;70;0;2524257;320;0
11;19;78;7;0;44;17;3.60;3;2;1;70;0;2524417;238;0
11;19;78;7;0;45;71;4.60;4;2;1;58;0;2524571;295;0
11;19;78;7;0;46;76;3.60;1;1;1;59;0;2524676;1494;0
11;19;78;7;0;47;1;4.40;4;2;1;58;0;2524701;101;0
11;19;78;7;0;47;70;4.20;3;2;1;64;0;2524770;334;0
11;19;78;7;0;47;92;3.20;1;1;1;57;0;2524792;94;0
11;19;78;7;0;48;73;3.40;1;1;1;59;0;2524873;60;0
11;19;78;7;0;48;78;3.60;4;2;1;60;0;2524878;149;0
11;19;78;7;0;50;20;3.80;3;2;1;64;0;2525020;226;0
11;19;78;7;0;51;14;9.20;2;1;2;56;0;2525114;2828;0
11;19;78;7;0;51;59;9.40;1;1;2;58;0;2525159;265;0
11;19;78;7;0;52;5;3.40;3;2;1;62;0;2525205;163;0
11;19;78;7;0;52;27;3.60;2;1;1;56;0;2525227;53;0
11;19;78;7;0;53;62;4.60;1;1;1;58;0;2525362;144;0
11;19;78;7;0;53;71;4.40;3;2;1;62;0;2525371;146;0
11;19;78;7;0;55;63;3.80;4;2;1;58;0;2525563;663;0
11;19;78;7;0;57;1;3.60;1;1;1;59;0;2525701;310;0
11;19;78;7;0;57;4;4.00;3;2;1;59;0;2525704;307;0
11;19;78;7;0;57;21;5.00;4;2;1;59;0;2525721;134;0
11;19;78;7;0;58;59;3.80;3;2;1;59;0;2525859;130;0
11;19;78;7;0;58;65;3.60;4;2;1;57;0;2525865;113;0
11;19;78;7;0;59;53;3.60;1;1;1;56;0;2525953;230;0
11;19;78;7;1;0;72;3.60;4;2;1;59;0;2526072;184;0
11;19;78;7;1;1;3;3.40;1;1;1;54;0;2526103;126;0
11;19;78;7;1;3;65;3.80;3;2;1;59;0;2526365;482;0
11;19;78;7;1;3;89;4.40;1;1;1;57;0;2526389;263;0
11;19;78;7;1;4;34;9.40;4;2;2;53;0;2526434;340;0
11;19;78;7;1;5;18;4.40;3;2;1;56;0;2526518;129;0
11;19;78;7;1;6;42;3.60;3;2;1;56;0;2526642;95;0
11;19;78;7;1;8;89;3.60;3;2;1;55;0;2526889;223;0
11;19;78;7;1;11;68;3.20;3;2;1;57;0;2527168;255;0
11;19;78;7;1;15;44;4.60;1;1;1;56;0;2527544;1127;0
11;19;78;7;1;16;94;4.20;1;1;1;56;0;2527694;120;0
11;19;78;7;1;19;13;4.60;1;1;1;52;0;2527913;192;0
11;19;78;7;1;19;87;4.40;2;1;1;57;0;2527987;2736;0
11;19;78;7;1;21;98;3.80;1;1;1;52;0;2528198;253;0
11;19;78;7;1;24;5;14.40;1;1;4;57;0;2528405;180;0
11;19;78;7;1;25;65;3.40;2;1;1;51;0;2528565;550;0
11;19;78;7;1;26;41;4.40;2;1;1;53;0;2528641;52;0
11;19;78;7;1;27;99;3.80;2;1;1;56;0;2528799;128;0
11;19;78;7;1;28;38;3.20;1;1;1;54;0;2528838;342;0
11;19;78;7;1;30;8;3.20;1;1;1;54;0;2529008;148;0
11;19;78;7;1;31;39;3.40;1;1;1;52;0;2529139;109;0
11;19;78;7;1;32;22;11.60;1;1;3;51;0;2529222;59;0
11;19;78;7;1;34;2;11.80;1;1;3;50;0;2529402;98;2528838
11;19;78;7;1;36;26;5.40;1;1;1;49;0;2529626;139;2528838
11;19;78;7;1;40;44;3.20;1;1;1;59;0;2530044;378;0
11;19;78;7;1;40;89;3.80;2;1;1;57;0;2530089;1265;0
11;19;78;7;1;42;82;3.80;1;1;1;56;0;2530282;218;0
11;19;78;7;1;42;95;3.80;2;1;1;59;0;2530295;182;0
11;19;78;7;1;44;65;3.60;2;1;1;57;0;2530465;146;0
11;19;78;7;1;45;87;4.00;2;1;1;55;0;2530587;99;0
11;19;78;7;1;48;49;3.60;3;2;1;62;0;2530849;3660;0
11;19;78;7;1;52;4;3.60;1;1;1;51;0;2531204;897;0
11;19;78;7;1;59;83;11.20;4;2;3;59;0;2531983;5485;0
11;19;78;7;2;1;89;3.60;4;2;1;61;0;2532189;137;0
11;19;78;7;2;13;86;5.00;1;1;1;54;0;2533386;2156;0
11;19;78;7;2;15;13;3.20;3;2;1;52;0;2533513;2643;0
11;19;78;7;2;15;33;7.60;4;2;2;60;0;2533533;1322;0
11;19;78;7;2;19;26;3.40;3;2;1;62;0;2533926;390;0
11;19;78;7;2;21;7;3.40;4;2;1;65;0;2534107;528;0
11;19;78;7;2;24;33;3.20;3;2;1;66;0;2534433;487;0
11;19;78;7;2;24;40;3.80;4;2;1;60;0;2534440;314;0
11;19;78;7;2;25;64;4.60;3;2;1;66;0;2534564;113;0
11;19;78;7;2;28;81;3.60;4;2;1;60;0;2534881;418;0
11;19;78;7;2;28;99;3.40;1;1;1;56;0;2534899;1479;0
11;19;78;7;2;30;19;4.40;4;2;1;61;0;2535019;116;0
11;19;78;7;2;33;50;3.60;3;2;1;65;0;2535350;760;0
11;19;78;7;2;33;27;14.40;4;2;3;50;0;2535327;282;0
11;19;78;7;2;34;82;3.20;3;2;1;62;0;2535482;112;0
11;19;78;7;2;35;22;4.40;4;2;1;49;0;2535522;91;0
11;19;78;7;2;35;92;3.40;3;2;1;60;0;2535592;91;0
11;19;78;7;2;36;44;4.00;1;1;1;58;0;2535644;723;0
11;19;78;7;2;37;11;3.20;4;2;1;50;0;2535711;156;0
11;19;78;7;2;38;15;3.60;4;2;1;51;0;2535815;80;0
11;19;78;7;2;39;34;3.80;3;2;1;58;0;2535934;321;0
11;19;78;7;2;39;70;3.40;2;1;1;56;0;2535970;5356;0
11;19;78;7;2;39;81;3.40;4;2;1;51;0;2535981;140;2535327
11;19;78;7;2;40;9;3.60;3;2;1;56;0;2536009;51;2535327
11;19;78;7;2;40;80;3.20;3;2;1;56;0;2536080;47;2535327
11;19;78;7;2;42;26;3.60;3;2;1;55;0;2536226;125;2535327
11;19;78;7;2;42;53;3.80;4;2;1;56;0;2536253;248;0
11;19;78;7;2;43;19;3.80;1;1;1;54;0;2536319;650;0
11;19;78;7;2;44;74;3.20;3;2;1;58;0;2536474;224;0
11;19;78;7;2;46;33;3.60;1;1;1;59;0;2536633;288;0
11;19;78;7;2;46;21;9.60;2;1;2;58;0;2536621;629;0
11;19;78;7;2;48;28;5.00;2;1;1;56;0;2536828;147;0
11;19;78;7;2;50;63;8.00;2;1;2;56;0;2537063;202;0
11;19;78;7;2;52;96;5.20;1;1;1;56;0;2537296;641;0
11;19;78;7;2;53;25;7.60;2;1;2;54;0;2537325;210;0
11;19;78;7;2;54;76;3.60;1;1;1;57;0;2537476;146;0
11;19;78;7;2;56;51;4.40;2;1;1;59;0;2537651;275;0
11;19;78;7;2;57;29;11.40;1;1;3;54;0;2537729;230;0
11;19;78;7;2;57;84;4.00;2;1;1;57;0;2537784;106;0
11;19;78;7;2;59;75;4.20;2;1;1;57;0;2537975;165;0
11;19;78;7;3;0;19;4.40;1;1;1;51;0;2538019;214;0
11;19;78;7;3;1;79;9.80;1;1;2;51;0;2538179;128;0
11;19;78;7;3;3;29;3.60;1;1;1;50;0;2538329;80;0
11;19;78;7;3;5;20;5.20;1;1;1;52;0;2538520;165;0
11;19;78;7;3;6;58;4.60;1;1;1;53;0;2538658;102;2538019
11;19;78;7;3;10;20;4.60;1;1;1;47;0;2539020;330;0
11;19;78;7;3;11;23;4.40;4;2;1;62;0;2539123;2845;0
11;19;78;7;3;12;31;3.60;1;1;1;48;0;2539231;175;0
11;19;78;7;3;12;81;3.00;4;2;1;64;0;2539281;132;0
11;19;78;7;3;14;12;3.60;1;1;1;47;0;2539412;154;0
11;19;78;7;3;17;14;3.20;1;1;1;45;0;2539714;274;0
11;19;78;7;3;19;20;3.80;1;1;1;44;0;2539920;180;0
11;19;78;7;3;20;54;3.60;1;1;1;43;0;2540054;102;0
11;19;78;7;3;22;65;3.60;1;1;1;38;0;2540265;180;0
11;19;78;7;3;23;68;3.00;1;1;1;39;0;2540368;68;2539714
11;19;78;7;3;25;86;4.20;3;2;1;64;0;2540586;4092;0
11;19;78;7;3;26;56;3.20;1;1;1;36;0;2540656;260;0
11;19;78;7;3;27;83;3.00;2;1;1;57;0;2540783;2781;0
11;19;78;7;3;28;38;3.60;4;2;1;57;0;2540838;1540;0
11;19;78;7;3;28;13;3.40;1;1;1;14;0;2540813;125;0
11;19;78;7;3;31;93;2.80;1;1;1;37;0;2541193;292;0
11;19;78;7;3;32;65;3.40;4;2;1;56;0;2541265;404;0
11;19;78;7;3;33;32;3.40;2;1;1;58;0;2541332;530;0
11;19;78;7;3;33;76;3.40;1;1;1;40;0;2541376;155;0
11;19;78;7;3;35;6;3.80;1;1;1;40;0;2541506;99;0
11;19;78;7;3;37;17;3.60;4;2;1;55;0;2541717;430;0
11;19;78;7;3;37;78;3.00;1;1;1;44;0;2541778;237;0
11;19;78;7;3;39;16;3.60;1;1;1;43;0;2541916;113;0
11;19;78;7;3;39;65;3.80;4;2;1;55;0;2541965;224;0
11;19;78;7;3;52;23;3.40;4;2;1;61;0;2543223;1233;0
11;19;78;7;3;59;76;3.60;3;2;1;60;0;2543976;3366;0
11;19;78;7;4;0;16;3.60;4;2;1;60;0;2544016;772;0
11;19;78;7;4;0;72;3.00;3;2;1;63;0;2544072;74;0
11;19;78;7;4;3;35;3.60;3;2;1;67;0;2544335;245;0
11;19;78;7;4;4;53;3.60;3;2;1;71;0;2544453;98;0
11;19;78;7;4;6;50;3.80;3;2;1;64;0;2544650;178;0
11;19;78;7;4;8;12;3.20;4;2;1;63;0;2544812;774;0
11;19;78;7;4;9;22;3.80;4;2;1;58;0;2544922;91;0
11;19;78;7;4;10;21;3.40;3;2;1;63;0;2545021;349;0
11;19;78;7;4;11;3;3.40;4;2;1;58;0;2545103;157;0
11;19;78;7;4;11;67;3.60;3;2;1;66;0;2545167;126;0
11;19;78;7;4;12;51;3.60;4;2;1;60;0;2545251;126;0
11;19;78;7;4;13;29;3.60;3;2;1;65;0;2545329;142;0
11;19;78;7;4;13;86;4.80;1;1;1;53;0;2545386;3439;0
11;19;78;7;4;14;20;3.80;3;2;1;64;0;2545420;71;0
11;19;78;7;4;15;71;4.40;3;2;1;63;0;2545571;129;2545021
11;19;78;7;4;15;25;24.60;4;2;5;60;0;2545525;252;0
11;19;78;7;4;17;29;3.80;3;2;1;61;0;2545729;132;2545021
11;19;78;7;4;20;5;3.60;1;1;1;62;0;2546005;586;0
11;19;78;7;4;20;55;4.00;3;2;1;61;0;2546055;303;0
11;19;78;7;4;20;79;3.80;2;1;1;59;0;2546079;4725;0
11;19;78;7;4;21;61;3.20;1;1;1;55;0;2546161;135;0
11;19;78;7;4;24;12;3.00;1;1;1;52;0;2546412;230;0
11;19;78;7;4;23;95;12.40;4;2;3;61;0;2546395;722;0
11;19;78;7;4;25;64;3.20;1;1;1;52;0;2546564;131;0
11;19;78;7;4;27;2;3.60;2;1;1;59;0;2546702;599;0
11;19;78;7;4;27;95;3.60;1;1;1;55;0;2546795;208;0
11;19;78;7;4;28;46;3.60;2;1;1;55;0;2546846;122;0
11;19;78;7;4;29;61;3.40;1;1;1;55;0;2546961;142;0
11;19;78;7;4;30;99;4.20;1;1;1;54;0;2547099;115;0
11;19;78;7;4;33;2;3.80;1;1;1;52;0;2547302;175;0
11;19;78;7;4;34;63;3.80;2;1;1;58;0;2547463;593;0
11;19;78;7;4;34;89;3.40;3;2;1;67;0;2547489;1410;0
11;19;78;7;4;34;96;3.40;1;1;1;51;0;2547496;167;2546795
11;19;78;7;4;35;56;3.40;2;1;1;55;0;2547556;69;2546795
11;19;78;7;4;36;39;4.40;1;1;1;50;0;2547639;119;2546795
11;19;78;7;4;36;71;4.60;2;1;1;50;0;2547671;92;2546795
11;19;78;7;4;38;32;4.60;1;1;1;50;0;2547832;161;2546795
11;19;78;7;4;41;36;3.60;1;1;1;48;0;2548136;270;0
11;19;78;7;4;41;71;3.40;3;2;1;58;0;2548171;663;0
11;19;78;7;4;42;49;3.40;4;2;1;58;0;2548249;1780;0
11;19;78;7;4;42;75;4.80;1;1;1;47;0;2548275;112;0
11;19;78;7;4;43;96;3.80;2;1;1;61;0;2548396;691;0
11;19;78;7;4;44;75;3.60;1;1;1;45;0;2548475;163;0
11;19;78;7;4;46;4;4.60;1;1;1;46;0;2548604;100;0
11;19;78;7;4;47;34;3.60;1;1;1;47;0;2548734;94;2548136
11;19;78;7;4;48;86;3.60;1;1;1;46;0;2548886;124;2548136
11;19;78;7;4;54;79;5.00;1;1;1;57;0;2549479;564;0
11;19;78;7;5;0;41;5.40;2;1;1;53;0;2550041;1622;0
11;19;78;7;5;1;5;3.40;3;2;1;63;0;2550105;1912;0
11;19;78;7;5;2;70;3.60;1;1;1;51;0;2550270;759;0
11;19;78;7;5;4;72;6.40;4;2;6;57;0;2550472;2201;0
11;19;78;7;5;6;51;3.60;1;1;1;55;0;2550651;355;0
11;19;78;7;5;6;80;3.60;3;2;1;56;0;2550680;555;0
11;19;78;7;5;7;62;14.60;1;1;3;51;0;2550762;87;0
11;19;78;7;5;9;85;3.80;1;1;1;51;0;2550985;119;0
11;19;78;7;5;11;9;4.80;1;1;1;53;0;2551109;97;0
11;19;78;7;5;13;51;3.80;1;1;1;53;0;2551351;209;0
11;19;78;7;5;13;72;3.60;4;2;1;66;0;2551372;859;0
11;19;78;7;5;14;73;3.60;1;1;1;51;0;2551473;96;0
11;19;78;7;5;15;15;3.60;3;2;1;60;0;2551515;811;0
11;19;78;7;5;16;54;3.60;3;2;1;59;0;2551654;117;0
11;19;78;7;5;17;67;4.00;4;2;1;61;0;2551767;375;0
11;19;78;7;5;20;5;3.80;2;1;1;58;0;2552005;1927;0
11;19;78;7;5;24;47;3.20;1;1;1;58;0;2552447;948;0
11;19;78;7;5;25;40;3.60;1;1;1;58;0;2552540;73;0
11;19;78;7;5;27;74;3.80;2;1;1;54;0;2552774;745;0
11;19;78;7;5;29;81;3.60;2;1;1;52;0;2552981;181;0
11;19;78;7;5;31;75;3.60;1;1;1;55;0;2553175;612;0
11;19;78;7;5;32;95;4.00;2;1;1;57;0;2553295;289;0
11;19;78;7;5;33;68;3.60;1;1;1;56;0;2553368;169;0
11;19;78;7;5;33;30;11.40;4;2;3;46;0;2553330;1539;0
11;19;78;7;5;35;49;8.80;1;1;2;53;0;2553549;157;0
11;19;78;7;5;39;13;3.80;1;1;1;56;0;2553913;304;0
11;19;78;7;5;41;7;3.60;1;1;1;56;0;2554107;169;0
11;19;78;7;5;42;29;3.00;4;2;1;64;0;2554229;809;0
11;19;78;7;5;44;43;3.40;4;2;1;64;0;2554443;197;0
11;19;78;7;5;47;53;3.80;3;2;1;60;0;2554753;3077;0
11;19;78;7;5;48;57;3.40;4;2;1;60;0;2554857;394;0
11;19;78;7;5;50;60;3.40;4;2;1;58;0;2555060;182;0
11;19;78;7;5;50;71;3.60;3;2;1;60;0;2555071;295;0
11;19;78;7;5;52;67;3.00;4;2;1;62;0;2555267;185;0
11;19;78;7;5;52;84;4.00;3;2;1;58;0;2555284;191;0
11;19;78;7;5;54;18;3.60;3;2;1;62;0;2555418;109;0
11;19;78;7;5;55;16;3.20;4;2;1;58;0;2555516;231;0
11;19;78;7;5;55;70;3.80;3;2;1;59;0;2555570;131;0
11;19;78;7;5;56;91;3.40;4;2;1;57;0;2555691;155;0
11;19;78;7;5;57;0;4.60;3;2;1;61;0;2555700;106;2555071
11;19;78;7;5;58;72;4.00;4;2;1;56;0;2555872;159;2555071
11;19;78;7;6;0;45;3.40;4;2;1;53;0;2556045;147;2555071
11;19;78;7;6;2;50;3.60;3;2;1;56;0;2556250;522;0
11;19;78;7;6;4;75;3.20;3;2;1;65;0;2556475;201;0
11;19;78;7;6;4;73;3.40;4;2;1;54;0;2556473;404;0
11;19;78;7;6;5;67;3.00;3;2;1;60;0;2556567;74;0
11;19;78;7;6;6;0;4.00;1;1;1;60;0;2556600;2469;0
11;19;78;7;6;6;2;3.80;4;2;1;52;0;2556602;106;0
11;19;78;7;6;7;58;3.60;4;2;1;51;0;2556758;129;0
11;19;78;7;6;8;19;3.40;3;2;1;57;0;2556819;234;0
11;19;78;7;6;8;79;4.80;4;2;1;53;0;2556879;95;0
11;19;78;7;6;9;15;3.20;3;2;1;55;0;2556915;74;0
11;19;78;7;6;10;52;2.80;4;2;1;53;0;2557052;140;2556473
11;19;78;7;6;10;72;3.60;3;2;1;55;0;2557072;136;2556473
11;19;78;7;6;10;78;3.60;2;1;1;57;0;2557078;3757;0
11;19;78;7;6;12;21;3.00;3;2;1;56;0;2557221;125;0
11;19;78;7;6;13;53;4.60;2;1;1;56;0;2557353;252;0
11;19;78;7;6;13;69;3.60;3;2;1;56;0;2557369;128;2556819
11;19;78;7;6;14;60;3.60;4;2;1;51;0;2557460;388;0
11;19;78;7;6;15;8;3.80;2;1;1;53;0;2557508;125;0
11;19;78;7;6;15;29;3.40;1;1;1;55;0;2557529;905;0
11;19;78;7;6;16;51;3.80;3;2;1;52;0;2557651;258;0
11;19;78;7;6;17;33;3.80;3;2;1;51;0;2557733;55;0
11;19;78;7;6;18;38;3.80;3;2;1;50;0;2557838;78;0
11;19;78;7;6;19;28;3.40;4;2;1;56;0;2557928;442;0
11;19;78;7;6;19;28;3.00;3;2;1;51;0;2557928;62;0
11;19;78;7;6;20;79;5.60;4;2;1;57;0;2558079;129;0
11;19;78;7;6;21;80;4.20;2;1;1;55;0;2558180;646;0
11;19;78;7;6;24;47;3.60;1;1;1;56;0;2558447;895;0
11;19;78;7;6;27;86;3.80;1;1;1;54;0;2558786;315;0
11;19;78;7;6;35;49;4.40;4;2;1;56;0;2559549;1434;0
11;19;78;7;6;35;75;3.60;1;1;1;58;0;2559575;763;0
11;19;78;7;6;35;83;4.00;2;1;1;57;0;2559583;1375;0
11;19;78;7;6;36;64;4.60;1;1;1;56;0;2559664;66;0
11;19;78;7;6;37;15;3.60;4;2;1;56;0;2559715;137;0
11;19;78;7;6;39;46;3.40;4;2;1;58;0;2559946;207;0
11;19;78;7;6;39;44;4.60;1;1;1;69;0;2559944;250;0
11;19;78;7;6;40;36;3.20;2;1;1;64;0;2560036;427;0
11;19;78;7;6;41;10;3.60;2;1;1;59;0;2560110;56;0
11;19;78;7;6;49;2;3.60;4;2;1;60;0;2560902;934;0
11;19;78;7;6;49;72;3.60;1;1;1;53;0;2560972;1004;0
11;19;78;7;6;50;68;3.60;1;1;1;53;0;2561068;71;0
11;19;78;7;6;50;74;3.60;4;2;1;60;0;2561074;150;0
11;19;78;7;6;52;84;4.00;2;1;1;58;0;2561284;1152;0
11;19;78;7;6;52;84;4.00;1;1;1;55;0;2561284;191;0
11;19;78;7;6;53;76;3.80;4;2;1;59;0;2561376;280;0
11;19;78;7;6;54;0;3.20;1;1;1;54;0;2561400;89;0
11;19;78;7;6;54;77;3.80;3;2;1;65;0;2561477;3527;0
11;19;78;7;6;54;80;4.80;1;1;1;53;0;2561480;58;2560972
11;19;78;7;6;59;51;7.00;4;2;1;53;0;2561951;551;0
11;19;78;7;7;1;90;3.20;4;2;1;51;0;2562190;191;0
11;19;78;7;7;15;5;3.40;1;1;1;55;0;2563505;1992;0
11;19;78;7;7;24;3;3.40;4;2;1;62;0;2564403;2190;0
11;19;78;7;7;26;80;4.60;3;2;1;60;0;2564680;3181;0
11;19;78;7;7;28;15;3.80;4;2;1;57;0;2564815;392;0
11;19;78;7;7;30;6;3.60;3;2;1;64;0;2565006;298;0
11;19;78;7;7;30;76;3.60;4;2;1;57;0;2565076;237;0
11;19;78;7;7;32;22;4.20;4;2;1;56;0;2565222;123;0
11;19;78;7;7;33;53;3.60;4;2;1;58;0;2565353;104;0
11;19;78;7;7;34;32;4.60;3;2;1;56;0;2565432;405;0
11;19;78;7;7;34;90;3.80;4;2;1;57;0;2565490;114;0
11;19;78;7;7;36;20;4.40;3;2;1;54;0;2565620;158;0
11;19;78;7;7;36;39;4.00;4;2;1;58;0;2565639;125;2565076
11;19;78;7;7;37;43;3.80;3;2;1;53;0;2565743;93;2565076
11;19;78;7;7;38;97;3.40;4;2;1;56;0;2565897;233;0
11;19;78;7;7;39;45;3.40;3;2;1;56;0;2565945;176;0
11;19;78;7;7;40;59;3.20;4;2;1;58;0;2566059;140;0
11;19;78;7;7;40;72;3.60;3;2;1;57;0;2566072;105;2565432
11;19;78;7;7;42;24;5.00;4;2;1;58;0;2566224;145;2565432
11;19;78;7;7;42;42;3.60;3;2;1;58;0;2566242;147;2565432
11;19;78;7;7;43;16;3.20;3;2;1;59;0;2566316;51;2565432
11;19;78;7;7;43;98;3.60;3;2;1;61;0;2566398;62;2565432
11;19;78;7;7;44;13;3.40;4;2;1;62;0;2566413;157;2565432
11;19;78;7;7;46;29;3.60;3;2;1;59;0;2566629;209;0
11;19;78;7;7;48;68;3.60;1;1;1;60;0;2566868;3340;0
11;19;78;7;7;50;83;4.00;1;1;1;62;0;2567083;193;0
11;19;78;7;7;55;22;3.20;1;1;1;57;0;2567522;415;0
11;19;78;7;7;56;71;10.40;1;1;7;58;0;2567671;128;0
11;19;78;7;7;58;72;3.80;1;1;1;59;0;2567872;136;0
11;19;78;7;7;59;93;3.80;1;1;1;58;0;2567993;97;0
11;19;78;7;7;59;35;17.60;2;1;5;60;0;2567935;6626;0
11;19;78;7;8;2;32;3.40;1;1;1;58;0;2568232;215;0
11;19;78;7;8;2;59;9.60;2;1;2;62;0;2568259;218;0
11;19;78;7;8;5;52;3.40;2;1;1;60;0;2568552;237;0
11;19;78;7;8;6;56;3.60;1;1;1;53;0;2568656;402;0
11;19;78;7;8;6;62;4.60;2;1;1;60;0;2568662;89;0
11;19;78;7;8;7;42;4.00;1;1;1;52;0;2568742;61;0
11;19;78;7;8;8;26;3.60;2;1;1;55;0;2568826;136;0
11;19;78;7;8;9;1;3.80;1;1;1;51;0;2568901;131;0
11;19;78;7;8;10;38;4.00;1;1;1;51;0;2569038;110;0
11;19;78;7;8;10;82;3.60;2;1;1;54;0;2569082;232;0
11;19;78;7;8;11;90;5.20;1;1;1;57;0;2569190;123;2568656
11;19;78;7;8;13;62;3.60;1;1;1;54;0;2569362;139;2568656
11;19;78;7;8;15;5;3.60;2;1;1;60;0;2569505;399;0
11;19;78;7;8;15;65;3.80;1;1;1;52;0;2569565;179;2568656
11;19;78;7;8;16;65;3.80;1;1;1;53;0;2569665;73;2568656
11;19;78;7;8;17;70;4.00;1;1;1;52;0;2569770;79;2568656
11;19;78;7;8;19;41;3.80;4;2;1;56;0;2569941;3508;0
11;19;78;7;8;19;59;4.80;1;1;1;51;0;2569959;161;2568656
11;19;78;7;8;21;45;6.80;1;1;1;49;0;2570145;152;2568656
11;19;78;7;8;22;80;3.20;1;1;1;48;0;2570280;85;2568656
11;19;78;7;8;23;36;3.20;4;2;1;57;0;2570336;370;0
11;19;78;7;8;25;93;3.60;2;1;1;56;0;2570593;1066;0
11;19;78;7;8;25;91;3.60;1;1;1;49;0;2570591;287;0
11;19;78;7;8;27;23;3.80;2;1;1;59;0;2570723;106;0
11;19;78;7;8;27;23;3.40;1;1;1;48;0;2570723;105;0
11;19;78;7;8;28;13;3.80;1;1;1;46;0;2570813;64;0
11;19;78;7;8;29;70;3.60;1;1;1;45;0;2570970;127;0
11;19;78;7;8;30;55;4.00;4;2;1;57;0;2571055;698;0
11;19;78;7;8;30;85;3.40;1;1;1;48;0;2571085;86;2570591
11;19;78;7;8;34;66;3.20;1;1;1;51;0;2571466;355;0
11;19;78;7;8;35;83;3.20;4;2;1;57;0;2571583;502;0
11;19;78;7;8;35;88;3.40;1;1;1;51;0;2571588;99;0
11;19;78;7;8;37;21;3.80;2;1;1;61;0;2571721;974;0
11;19;78;7;8;37;37;3.40;4;2;1;56;0;2571737;133;0
11;19;78;7;8;38;28;20.40;1;1;5;52;0;2571828;216;0
11;19;78;7;8;42;11;3.60;4;2;1;64;0;2572211;452;0
11;19;78;7;8;41;96;9.40;1;1;6;50;0;2572196;226;0
11;19;78;7;8;43;95;3.80;1;1;1;49;0;2572395;131;0
11;19;78;7;8;45;35;3.60;2;1;1;56;0;2572535;791;0
11;19;78;7;8;45;66;3.80;1;1;1;50;0;2572566;143;0
11;19;78;7;8;47;34;4.60;3;2;1;58;0;2572734;6083;0
11;19;78;7;8;48;16;3.60;1;1;1;48;0;2572816;222;0
11;19;78;7;8;50;15;12.80;1;1;3;49;0;2573015;172;0
11;19;78;7;8;52;29;4.00;4;2;1;60;0;2573229;997;0
11;19;78;7;8;52;52;3.00;1;1;1;48;0;2573252;142;0
11;19;78;7;8;54;30;3.80;1;1;1;50;0;2573430;155;0
11;19;78;7;9;1;64;3.80;1;1;1;61;0;2574164;706;0
11;19;78;7;9;3;78;3.40;4;2;1;65;0;2574378;1125;0
11;19;78;7;9;7;7;4.00;2;1;1;53;0;2574707;2148;0
11;19;78;7;9;7;29;3.00;3;2;1;68;0;2574729;1966;0
11;19;78;7;9;7;81;4.00;1;1;1;56;0;2574781;594;0
11;19;78;7;9;8;71;3.60;4;2;1;58;0;2574871;474;0
11;19;78;7;9;8;85;3.60;3;2;1;65;0;2574885;140;0
11;19;78;7;9;10;11;3.80;3;2;1;60;0;2575011;106;0
11;19;78;7;9;10;18;3.40;1;1;1;54;0;2575018;211;0
11;19;78;7;9;10;37;3.60;4;2;1;59;0;2575037;143;0
11;19;78;7;9;11;93;3.20;3;2;1;59;0;2575193;159;0
11;19;78;7;9;12;3;4.40;4;2;1;60;0;2575203;144;0
11;19;78;7;9;12;84;3.40;3;2;1;59;0;2575284;71;2574729
11;19;78;7;9;13;22;3.00;2;1;1;54;0;2575322;587;0
11;19;78;7;9;14;46;3.00;3;2;1;59;0;2575446;141;2574729
11;19;78;7;9;14;79;11.00;1;1;2;60;0;2575479;438;0
11;19;78;7;9;15;51;3.40;3;2;1;60;0;2575551;86;2574729
11;19;78;7;9;16;69;3.80;4;2;1;60;0;2575669;439;0
11;19;78;7;9;17;11;3.40;3;2;1;60;0;2575711;139;2574729
11;19;78;7;9;18;61;3.40;3;2;1;60;0;2575861;129;2574729
11;19;78;7;9;19;5;3.80;1;1;1;58;0;2575905;360;0
11;19;78;7;9;19;3;6.60;4;2;1;59;0;2575903;211;0
11;19;78;7;9;20;41;3.60;3;2;1;59;0;2576041;159;2574729
11;19;78;7;9;22;33;3.20;4;2;1;57;0;2576233;289;0
11;19;78;7;9;23;12;3.20;2;1;1;57;0;2576312;970;0
11;19;78;7;9;23;50;3.80;3;2;1;59;0;2576350;287;0
11;19;78;7;9;24;30;3.20;1;1;1;56;0;2576430;501;0
11;19;78;7;9;24;34;4.60;2;1;1;56;0;2576434;101;0
11;19;78;7;9;25;32;4.40;1;1;1;55;0;2576532;81;0
11;19;78;7;9;25;44;3.60;3;2;1;60;0;2576544;170;0
11;19;78;7;9;26;12;4.00;2;1;1;56;0;2576612;148;0
11;19;78;7;9;27;0;11.60;1;1;3;55;0;2576700;139;0
11;19;78;7;9;27;57;3.60;2;1;1;58;0;2576757;119;0
11;19;78;7;9;29;47;3.80;1;1;1;53;0;2576947;171;0
11;19;78;7;9;30;88;4.00;1;1;1;53;0;2577088;115;2576430
11;19;78;7;9;32;82;4.40;2;1;1;55;0;2577282;502;0
11;19;78;7;9;33;13;4.20;1;1;1;52;0;2577313;197;2576430
11;19;78;7;9;35;91;15.20;1;1;3;51;0;2577591;248;0
11;19;78;7;9;38;34;3.60;1;1;1;50;0;2577834;135;0
11;19;78;7;9;39;77;3.40;1;1;1;51;0;2577977;117;0
11;19;78;7;9;40;80;5.20;1;1;1;51;0;2578080;79;0
11;19;78;7;9;42;34;3.80;1;1;1;52;0;2578234;117;2577591
11;19;78;7;9;43;87;3.60;1;1;1;50;0;2578387;126;2577591
11;19;78;7;9;47;10;3.20;2;1;1;50;0;2578710;1399;0
11;19;78;7;9;48;21;6.80;1;1;1;56;0;2578821;408;0
11;19;78;7;9;48;71;3.80;2;1;1;50;0;2578871;137;0
11;19;78;7;9;51;35;3.60;1;1;1;52;0;2579135;270;0
11;19;78;7;9;52;62;4.60;2;1;1;58;0;2579262;363;0
11;19;78;7;9;52;96;3.60;1;1;1;52;0;2579296;136;0
11;19;78;7;9;54;36;13.20;1;1;7;50;0;2579436;115;0
11;19;78;7;9;55;54;3.60;4;2;1;54;0;2579554;3300;0
11;19;78;7;9;55;72;3.80;3;2;1;57;0;2579572;3006;0
11;19;78;7;9;56;18;4.00;1;1;1;52;0;2579618;86;0
11;19;78;7;9;58;45;4.00;1;1;1;57;0;2579845;199;2579135
11;19;78;7;10;1;63;3.60;1;1;1;53;0;2580163;292;0
11;19;78;7;10;2;66;10.20;1;1;2;53;0;2580266;78;0
11;19;78;7;10;4;11;4.00;1;1;1;52;0;2580411;75;0
11;19;78;7;10;7;40;4.00;4;2;1;65;0;2580740;1162;0
11;19;78;7;10;9;26;3.60;2;1;1;57;0;2580926;1635;0
11;19;78;7;10;10;83;3.40;4;2;1;64;0;2581083;320;0
11;19;78;7;10;12;16;3.80;1;1;1;55;0;2581216;777;0
11;19;78;7;10;13;94;4.00;4;2;1;64;0;2581394;291;0
11;19;78;7;10;14;8;3.80;1;1;1;54;0;2581408;167;0
11;19;78;7;10;16;30;3.80;1;1;1;53;0;2581630;196;0
11;19;78;7;10;16;87;3.20;2;1;1;58;0;2581687;738;0
11;19;78;7;10;17;69;4.20;1;1;1;56;0;2581769;113;0
11;19;78;7;10;18;56;3.40;2;1;1;60;0;2581856;149;0
11;19;78;7;10;18;41;12.20;4;2;3;62;0;2581841;424;0
11;19;78;7;10;19;3;3.60;1;1;1;57;0;2581903;107;2581216
11;19;78;7;10;26;16;3.60;2;1;1;55;0;2582616;739;0
11;19;78;7;10;26;96;3.40;1;1;1;54;0;2582696;770;0
11;19;78;7;10;33;73;3.00;2;1;1;52;0;2583373;733;0
11;19;78;7;10;34;17;3.60;4;2;1;58;0;2583417;1505;0
11;19;78;7;10;36;19;3.80;4;2;1;58;0;2583619;179;0
11;19;78;7;10;47;3;4.20;3;2;1;62;0;2584703;5107;0
11;19;78;7;10;49;47;4.00;3;2;1;61;0;2584947;219;0
11;19;78;7;10;50;73;3.80;4;2;1;56;0;2585073;1430;0
11;19;78;7;10;53;38;3.60;4;2;1;58;0;2585338;240;0
11;19;78;7;10;54;19;3.60;3;2;1;69;0;2585419;448;0
11;19;78;7;10;55;9;3.20;4;2;1;57;0;2585509;148;0
11;19;78;7;10;57;25;3.20;3;2;1;59;0;2585725;287;0
11;19;78;7;10;58;39;3.80;3;2;1;60;0;2585839;94;0
11;19;78;7;10;58;48;4.00;4;2;1;54;0;2585848;318;0
11;19;78;7;10;59;36;3.80;3;2;1;58;0;2585936;74;0
11;19;78;7;10;59;48;3.40;4;2;1;53;0;2585948;73;0
11;19;78;7;11;0;51;3.20;3;2;1;55;0;2586051;91;0
11;19;78;7;11;1;61;6.00;4;2;1;56;0;2586161;189;0
11;19;78;7;11;2;38;3.80;3;2;1;60;0;2586238;166;2585725
11;19;78;7;11;3;21;3.80;4;2;1;57;0;2586321;121;2585725
11;19;78;7;11;3;53;3.80;3;2;1;58;0;2586353;92;2585725
11;19;78;7;11;4;38;4.20;4;2;1;56;0;2586438;93;2585848
11;19;78;7;11;5;68;3.00;3;2;1;57;0;2586568;191;2585725
11;19;78;7;11;7;59;3.00;3;2;1;58;0;2586759;172;2585725
11;19;78;7;11;8;72;3.60;3;2;1;56;0;2586872;94;2585725
11;19;78;7;11;10;21;3.00;4;2;1;52;0;2587021;556;0
11;19;78;7;11;11;67;3.40;3;2;1;55;0;2587167;271;0
11;19;78;7;11;12;45;3.80;4;2;1;50;0;2587245;203;0
11;19;78;7;11;13;52;3.40;3;2;1;55;0;2587352;162;0
11;19;78;7;11;18;17;3.40;1;1;1;57;0;2587817;5098;0
11;19;78;7;11;21;13;4.00;2;1;1;62;0;2588113;4719;0
11;19;78;7;11;21;97;3.80;2;1;1;61;0;2588197;60;0
11;19;78;7;11;22;29;3.80;1;1;1;59;0;2588229;390;0
11;19;78;7;11;24;15;3.20;1;1;1;62;0;2588415;162;0
11;19;78;7;11;26;87;3.80;1;1;1;64;0;2588687;253;0
11;19;78;7;11;29;89;4.40;1;1;1;55;0;2588989;280;0
11;19;78;7;11;30;2;3.80;2;1;1;59;0;2589002;782;0
11;19;78;7;11;31;7;4.00;2;1;1;59;0;2589107;81;0
11;19;78;7;11;32;19;3.40;1;1;1;52;0;2589219;201;0
11;19;78;7;11;33;42;3.20;2;1;1;58;0;2589342;210;0
11;19;78;7;11;33;73;3.60;1;1;1;53;0;2589373;130;0
11;19;78;7;11;33;94;3.20;4;2;1;60;0;2589394;2121;0
11;19;78;7;11;34;94;3.80;1;1;1;52;0;2589494;96;0
11;19;78;7;11;38;14;3.60;2;1;1;57;0;2589814;452;0
11;19;78;7;11;38;48;3.40;1;1;1;51;0;2589848;327;0
11;19;78;7;11;41;12;3.00;1;1;1;51;0;2590112;240;0
11;19;78;7;11;42;18;4.20;1;1;1;49;0;2590218;84;0
11;19;78;7;11;43;7;4.00;1;1;1;51;0;2590307;58;0
11;19;78;7;11;43;24;3.40;2;1;1;56;0;2590324;487;0
11;19;78;7;11;44;84;3.60;4;2;1;53;0;2590484;1070;0
11;19;78;7;11;44;70;3.80;2;1;1;56;0;2590470;124;0
11;19;78;7;11;45;93;3.80;2;1;1;56;0;2590593;98;0
11;19;78;7;11;46;46;3.80;1;1;1;52;0;2590646;310;0
11;19;78;7;11;49;36;3.60;3;2;1;66;0;2590936;3561;0
11;19;78;7;11;49;52;8.20;4;2;2;62;0;2590952;443;0
11;19;78;7;11;49;82;4.20;1;1;1;53;0;2590982;309;0
11;19;78;7;11;50;13;3.80;2;1;1;58;0;2591013;395;0
11;19;78;7;11;51;6;3.60;1;1;1;54;0;2591106;95;0
11;19;78;7;11;52;83;14.00;1;1;4;51;0;2591283;153;0
11;19;78;7;11;54;71;3.60;2;1;1;59;0;2591471;434;0
11;19;78;7;11;55;18;5.00;1;1;1;50;0;2591518;136;0
11;19;78;7;11;56;61;3.80;1;1;1;53;0;2591661;107;2590982
11;19;78;7;11;58;77;4.60;2;1;1;57;0;2591877;384;0
11;19;78;7;12;2;33;3.60;1;1;1;59;0;2592233;546;0
11;19;78;7;12;6;92;3.40;1;1;1;55;0;2592692;437;0
11;19;78;7;12;8;47;3.20;1;1;1;50;0;2592847;132;0
11;19;78;7;12;11;52;3.80;4;2;1;59;0;2593152;2152;0
11;19;78;7;12;13;13;3.20;1;1;1;57;0;2593313;442;0
11;19;78;7;12;14;96;3.40;4;2;1;57;0;2593496;320;0
11;19;78;7;12;14;94;3.40;1;1;1;57;0;2593494;160;0
11;19;78;7;12;16;60;3.40;2;1;1;57;0;2593660;1753;0
11;19;78;7;12;16;97;3.60;1;1;1;56;0;2593697;181;0
11;19;78;7;12;18;54;4.40;1;1;1;57;0;2593854;133;0
11;19;78;7;12;19;4;3.60;4;2;1;61;0;2593904;386;0
11;19;78;7;12;20;17;3.20;1;1;1;57;0;2594017;135;2593313
11;19;78;7;12;20;95;3.80;3;2;1;65;0;2594095;3139;0
11;19;78;7;12;23;17;3.60;3;2;1;61;0;2594317;200;0
11;19;78;7;12;23;49;3.60;1;1;1;54;0;2594349;311;0
11;19;78;7;12;24;20;3.40;3;2;1;62;0;2594420;81;0
11;19;78;7;12;25;20;4.40;4;2;1;61;0;2594520;594;0
11;19;78;7;12;25;40;3.40;1;1;1;56;0;2594540;167;0
11;19;78;7;12;26;85;3.40;3;2;1;64;0;2594685;245;0
11;19;78;7;12;29;28;3.60;3;2;1;62;0;2594928;223;0
11;19;78;7;12;29;60;3.60;4;2;1;57;0;2594960;414;0
11;19;78;7;12;29;97;4.00;1;1;1;52;0;2594997;435;0
11;19;78;7;12;31;3;3.60;3;2;1;61;0;2595103;154;0
11;19;78;7;12;31;42;4.60;4;2;1;57;0;2595142;159;0
11;19;78;7;12;32;96;4.60;4;2;1;59;0;2595296;124;0
11;19;78;7;12;33;77;4.40;3;2;1;61;0;2595377;252;0
11;19;78;7;12;34;38;3.80;1;1;1;54;0;2595438;413;0
11;19;78;7;12;34;57;3.40;3;2;1;61;0;2595457;54;0
11;19;78;7;12;35;43;5.40;4;2;1;57;0;2595543;218;0
11;19;78;7;12;35;94;4.00;1;1;1;56;0;2595594;130;0
11;19;78;7;12;36;63;3.80;3;2;1;61;0;2595663;185;0
11;19;78;7;12;38;76;3.60;3;2;1;62;0;2595876;190;0
11;19;78;7;12;40;14;3.80;4;2;1;58;0;2596014;436;0
11;19;78;7;12;40;3;9.20;1;1;2;59;0;2596003;383;0
11;19;78;7;12;41;15;3.60;3;2;1;63;0;2596115;218;0
11;19;78;7;12;42;22;3.40;4;2;1;59;0;2596222;184;0
11;19;78;7;12;43;94;3.60;3;2;1;64;0;2596394;258;0
11;19;78;7;12;44;96;4.20;3;2;1;62;0;2596496;81;0
11;19;78;7;12;47;85;14.20;4;2;3;57;0;2596785;542;0
11;19;78;7;12;50;17;3.60;4;2;1;53;0;2597017;142;0
11;19;78;7;12;50;50;3.60;3;2;1;64;0;2597050;529;0
11;19;78;7;12;51;83;3.60;4;2;1;53;0;2597183;141;0
11;19;78;7;12;53;68;2.80;4;2;1;53;0;2597368;160;0
11;19;78;7;12;55;30;3.60;4;2;1;53;0;2597530;142;2596785
11;19;78;7;12;57;58;3.20;4;2;1;51;0;2597758;203;0
11;19;78;7;12;59;47;3.60;4;2;1;47;0;2597947;166;0
11;19;78;7;13;16;34;3.80;4;2;1;63;0;2599634;1659;0
11;19;78;7;13;19;80;3.60;4;2;1;56;0;2599980;324;0
11;19;78;7;13;25;13;3.40;1;1;1;64;0;2600513;4453;0
11;19;78;7;13;25;64;3.40;4;2;1;55;0;2600564;560;0
11;19;78;7;13;27;0;3.40;2;1;1;59;0;2600700;7018;0
11;19;78;7;13;29;0;3.80;1;1;1;56;0;2600900;367;0
11;19;78;7;13;29;72;3.80;2;1;1;56;0;2600972;251;0
11;19;78;7;13;30;61;3.60;1;1;1;56;0;2601061;136;0
11;19;78;7;13;31;81;3.60;1;1;1;54;0;2601181;96;0
11;19;78;7;13;33;24;3.60;1;1;1;54;0;2601324;119;0
11;19;78;7;13;33;64;3.40;2;1;1;59;0;2601364;367;0
11;19;78;7;13;34;72;3.80;3;2;1;66;0;2601472;4401;0
11;19;78;7;13;35;18;4.20;2;1;1;60;0;2601518;133;0
11;19;78;7;13;35;43;3.40;1;1;1;56;0;2601543;195;2600900
11;19;78;7;13;35;96;3.80;3;2;1;63;0;2601596;103;2600900
11;19;78;7;13;36;24;5.00;4;2;1;66;0;2601624;1037;0
11;19;78;7;13;36;49;4.00;2;1;1;59;0;2601649;105;0
11;19;78;7;13;37;7;3.60;1;1;1;55;0;2601707;142;2600900
11;19;78;7;13;38;1;3.20;4;2;1;65;0;2601801;149;2600900
11;19;78;7;13;38;28;12.60;1;1;7;53;0;2601828;97;2600900
11;19;78;7;13;39;91;3.00;2;1;1;59;0;2601991;317;0
11;19;78;7;13;40;8;3.40;1;1;1;52;0;2602008;94;2600900
11;19;78;7;13;41;28;4.60;1;1;1;53;0;2602128;96;2600900
11;19;78;7;13;41;88;3.60;2;1;1;58;0;2602188;178;2600900
11;19;78;7;13;42;41;3.80;1;1;1;53;0;2602241;81;2600900
11;19;78;7;13;42;90;4.40;4;2;1;59;0;2602290;471;0
11;19;78;7;13;43;9;4.60;2;1;1;58;0;2602309;98;0
11;19;78;7;13;44;1;3.40;1;1;1;56;0;2602401;134;2600900
11;19;78;7;13;46;9;3.80;2;1;1;59;0;2602609;271;0
11;19;78;7;13;49;53;3.40;2;1;1;55;0;2602953;320;0
11;19;78;7;13;50;25;4.40;1;1;1;57;0;2603025;602;0
11;19;78;7;13;52;27;4.60;2;1;1;63;0;2603227;251;0
11;19;78;7;13;52;27;11.40;1;1;3;44;0;2603227;174;0
11;19;78;7;13;54;1;3.40;2;1;1;53;0;2603401;147;0
11;19;78;7;13;54;34;3.20;4;2;1;57;0;2603434;1117;0
11;19;78;7;13;56;21;3.40;3;2;1;65;0;2603621;2003;0
11;19;78;7;13;56;27;3.20;4;2;1;59;0;2603627;172;0
11;19;78;7;13;56;66;3.60;2;1;1;60;0;2603666;241;0
11;19;78;7;13;57;93;3.60;3;2;1;72;0;2603793;153;0
11;19;78;7;13;57;84;3.60;1;1;1;48;0;2603784;463;0
11;19;78;7;13;58;13;3.40;2;1;1;62;0;2603813;125;0
11;19;78;7;13;58;68;4.40;1;1;1;48;0;2603868;57;0
11;19;78;7;14;0;90;3.00;1;1;1;46;0;2604090;189;0
11;19;78;7;14;2;1;3.40;3;2;1;70;0;2604201;390;0
11;19;78;7;14;1;98;3.80;2;1;1;58;0;2604198;365;0
11;19;78;7;14;2;15;4.40;1;1;1;46;0;2604215;101;0
11;19;78;7;14;3;56;3.60;1;1;1;48;0;2604356;106;2603784
11;19;78;7;14;5;31;3.40;1;1;1;47;0;2604531;148;2603784
11;19;78;7;14;5;73;3.60;2;1;1;59;0;2604573;351;0
11;19;78;7;14;6;49;3.80;1;1;1;46;0;2604649;91;2603784
11;19;78;7;14;7;51;3.40;4;2;1;68;0;2604751;1104;0
11;19;78;7;14;7;90;3.80;2;1;1;58;0;2604790;195;0
11;19;78;7;14;7;99;3.60;1;1;1;48;0;2604799;120;2603784
11;19;78;7;14;9;3;3.80;1;1;1;47;0;2604903;77;2603784
11;19;78;7;14;10;15;4.00;4;2;1;62;0;2605015;246;0
11;19;78;7;14;10;52;3.20;3;2;1;63;0;2605052;833;0
11;19;78;7;14;11;60;3.00;1;1;1;49;0;2605160;227;0
11;19;78;7;14;12;79;3.60;3;2;1;59;0;2605279;208;0
11;19;78;7;14;13;70;3.60;1;1;1;46;0;2605370;187;0
11;19;78;7;14;13;90;3.00;3;2;1;57;0;2605390;89;0
11;19;78;7;14;13;97;3.60;2;1;1;53;0;2605397;583;0
11;19;78;7;14;15;67;3.60;3;2;1;58;0;2605567;158;0
11;19;78;7;14;15;63;4.60;1;1;1;43;0;2605563;164;0
11;19;78;7;14;17;55;3.60;3;2;1;56;0;2605755;165;0
11;19;78;7;14;17;89;3.60;1;1;1;43;0;2605789;187;0
11;19;78;7;14;19;10;3.60;3;2;1;57;0;2605910;131;2605279
11;19;78;7;14;19;84;3.60;1;1;1;42;0;2605984;164;2605160
11;19;78;7;14;20;39;10.80;4;2;2;57;0;2606039;1000;0
11;19;78;7;14;21;52;3.40;1;1;1;41;0;2606152;137;2605160
11;19;78;7;14;22;33;3.40;3;2;1;64;0;2606233;300;0
11;19;78;7;14;22;51;3.20;2;1;1;53;0;2606251;829;0
11;19;78;7;14;22;61;3.40;4;2;1;58;0;2606261;153;0
11;19;78;7;14;22;96;4.60;1;1;1;41;0;2606296;114;2605160
11;19;78;7;14;23;85;4.00;2;1;1;53;0;2606385;112;2605160
11;19;78;7;14;23;92;3.80;3;2;1;59;0;2606392;139;2605160
11;19;78;7;14;24;2;4.40;4;2;1;56;0;2606402;119;2605160
11;19;78;7;14;24;81;3.20;1;1;1;43;0;2606481;144;2605160
11;19;78;7;14;25;7;3.40;3;2;1;58;0;2606507;91;2605160
11;19;78;7;14;25;21;3.80;4;2;1;56;0;2606521;90;2605160
11;19;78;7;14;25;63;3.40;2;1;1;55;0;2606563;150;2605160
11;19;78;7;14;25;89;3.40;1;1;1;44;0;2606589;81;2605160
11;19;78;7;14;26;44;3.40;4;2;1;56;0;2606644;98;2606039
11;19;78;7;14;26;68;3.60;2;1;1;54;0;2606668;82;2606039
11;19;78;7;14;27;36;3.40;3;2;1;57;0;2606736;207;0
11;19;78;7;14;27;37;5.20;1;1;1;45;0;2606737;120;2605160
11;19;78;7;14;28;30;4.00;4;2;1;58;0;2606830;164;2606039
11;19;78;7;14;28;60;3.40;1;1;1;40;0;2606860;81;2605160
11;19;78;7;14;29;75;3.00;3;2;1;57;0;2606975;217;0
11;19;78;7;14;29;79;3.80;2;1;1;52;0;2606979;287;0
11;19;78;7;14;30;11;3.80;1;1;1;40;0;2607011;120;2605160
11;19;78;7;14;30;56;3.20;2;1;1;50;0;2607056;50;2605160
11;19;78;7;14;31;11;6.20;4;2;2;57;0;2607111;256;0
11;19;78;7;14;31;7;6.20;1;1;1;36;0;2607107;61;2605160
11;19;78;7;14;32;44;4.60;1;1;1;38;0;2607244;75;2605160
11;19;78;7;14;32;86;3.40;4;2;1;55;0;2607286;135;2605160
11;19;78;7;14;33;97;3.40;3;2;1;54;0;2607397;403;0
11;19;78;7;14;34;9;3.20;4;2;1;55;0;2607409;100;0
11;19;78;7;14;35;96;3.60;3;2;1;53;0;2607596;176;0
11;19;78;7;14;36;13;3.60;4;2;1;54;0;2607613;183;0
11;19;78;7;14;36;21;11.60;1;1;3;40;0;2607621;333;0
11;19;78;7;14;37;49;3.40;3;2;1;52;0;2607749;128;0
11;19;78;7;14;38;42;3.40;3;2;1;53;0;2607842;69;0
11;19;78;7;14;38;53;4.40;1;1;1;42;0;2607853;127;0
11;19;78;7;14;39;3;3.20;4;2;1;55;0;2607903;266;0
11;19;78;7;14;39;32;3.20;3;2;1;51;0;2607932;66;2607397
11;19;78;7;14;40;90;4.60;3;2;1;55;0;2608090;135;2607397
11;19;78;7;14;41;37;3.20;2;1;1;48;0;2608137;1057;0
11;19;78;7;14;41;51;3.60;1;1;1;43;0;2608151;260;0
11;19;78;7;14;42;54;4.00;2;1;1;52;0;2608254;93;0
11;19;78;7;14;43;12;4.40;1;1;1;43;0;2608312;130;0
11;19;78;7;14;43;41;3.80;3;2;1;62;0;2608341;220;0
11;19;78;7;14;44;51;3.20;3;2;1;62;0;2608451;87;0
11;19;78;7;14;44;55;3.20;1;1;1;45;0;2608455;106;0
11;19;78;7;14;44;69;11.40;4;2;3;51;0;2608469;545;0
11;19;78;7;14;47;46;3.20;4;2;1;54;0;2608746;196;0
11;19;78;7;14;49;6;3.80;4;2;1;53;0;2608906;138;0
11;19;78;7;14;50;71;3.80;4;2;1;53;0;2609071;139;0
11;19;78;7;14;52;19;3.80;1;1;1;55;0;2609219;738;0
11;19;78;7;14;56;29;5.20;4;2;1;61;0;2609629;532;0
11;19;78;7;14;57;20;3.60;1;1;1;56;0;2609720;476;0
11;19;78;7;14;57;96;3.00;4;2;1;62;0;2609796;136;0
11;19;78;7;14;58;24;3.60;3;2;1;65;0;2609824;1354;0
11;19;78;7;14;59;41;3.20;1;1;1;53;0;2609941;197;0
11;19;78;7;15;1;21;3.20;1;1;1;52;0;2610121;158;0
11;19;78;7;15;4;43;3.80;1;1;1;53;0;2610443;299;0
11;19;78;7;15;6;3;3.20;1;1;1;53;0;2610603;134;0
11;19;78;7;15;10;18;3.20;1;1;1;52;0;2611018;393;0
11;19;78;7;15;11;80;3.80;2;1;1;55;0;2611180;2898;0
11;19;78;7;15;11;99;3.20;1;1;1;53;0;2611199;158;0
11;19;78;7;15;12;99;3.60;1;1;1;52;0;2611299;78;0
11;19;78;7;15;13;62;3.60;4;2;1;60;0;2611362;1548;0
11;19;78;7;15;13;85;3.60;1;1;1;52;0;2611385;61;0
11;19;78;7;15;14;54;5.00;3;2;1;61;0;2611454;1610;0
11;19;78;7;15;14;85;4.80;2;1;1;58;0;2611485;280;0
11;19;78;7;15;14;97;5.40;1;1;1;51;0;2611497;87;2611018
11;19;78;7;15;15;63;4.00;3;2;1;58;0;2611563;79;2611018
11;19;78;7;15;16;74;3.40;1;1;1;51;0;2611674;138;2611018
11;19;78;7;15;17;43;3.60;1;1;1;48;0;2611743;45;2611018
11;19;78;7;15;18;91;3.40;2;1;1;47;0;2611891;376;0
11;19;78;7;15;19;58;3.60;1;1;1;48;0;2611958;188;2611018
11;19;78;7;15;20;4;3.00;2;1;1;48;0;2612004;86;2611018
11;19;78;7;15;20;96;3.40;1;1;1;47;0;2612096;111;2611018
11;19;78;7;15;21;5;3.60;2;1;1;52;0;2612105;78;2611018
11;19;78;7;15;22;25;3.80;1;1;1;47;0;2612225;102;2611018
11;19;78;7;15;23;19;3.80;1;1;1;47;0;2612319;64;2611018
11;19;78;7;15;24;68;4.40;1;1;1;48;0;2612468;119;2611018
11;19;78;7;15;28;67;4.00;2;1;1;52;0;2612867;737;0
11;19;78;7;15;29;0;3.80;1;1;1;54;0;2612900;399;0
11;19;78;7;15;31;61;3.00;1;1;1;58;0;2613161;235;0
11;19;78;7;15;31;60;3.40;3;2;1;63;0;2613160;1572;0
11;19;78;7;15;32;25;3.20;4;2;1;63;0;2613225;1841;0
11;19;78;7;15;32;62;4.60;1;1;1;58;0;2613262;82;0
11;19;78;7;15;35;21;4.20;2;1;1;56;0;2613521;626;0
11;19;78;7;15;37;65;5.80;1;1;1;59;0;2613765;474;0
11;19;78;7;15;37;94;3.60;2;1;1;59;0;2613794;246;0
11;19;78;7;15;39;22;4.60;1;1;1;57;0;2613922;121;0
11;19;78;7;15;39;65;3.80;2;1;1;58;0;2613965;149;0
11;19;78;7;15;40;69;3.60;4;2;1;64;0;2614069;825;0
11;19;78;7;15;44;37;3.40;3;2;1;64;0;2614437;1257;0
11;19;78;7;15;45;35;3.20;3;2;1;63;0;2614535;78;0
11;19;78;7;15;47;42;3.80;3;2;1;64;0;2614742;188;0
11;19;78;7;15;48;24;3.60;4;2;1;57;0;2614824;734;0
11;19;78;7;15;49;2;3.20;3;2;1;68;0;2614902;138;0
11;19;78;7;15;49;92;3.80;4;2;1;61;0;2614992;145;0
11;19;78;7;15;50;2;3.80;3;2;1;64;0;2615002;83;2614437
11;19;78;7;15;52;58;3.40;4;2;1;56;0;2615258;243;0
11;19;78;7;15;52;67;3.20;3;2;1;61;0;2615267;243;0
11;19;78;7;15;54;81;3.00;4;2;1;57;0;2615481;201;0
11;19;78;7;15;56;67;3.20;4;2;1;56;0;2615667;167;0
11;19;78;7;15;57;56;3.20;4;2;1;55;0;2615756;68;0
11;19;78;7;15;58;16;3.20;3;2;1;68;0;2615816;530;0
11;19;78;7;15;58;20;3.60;2;1;1;57;0;2615820;1831;0
11;19;78;7;16;1;72;3.80;3;2;1;59;0;2616172;339;0
11;19;78;7;16;2;78;3.00;3;2;1;56;0;2616278;82;0
11;19;78;7;16;2;72;5.40;4;2;1;51;0;2616272;495;0
11;19;78;7;16;3;89;3.40;3;2;1;57;0;2616389;91;0
11;19;78;7;16;4;69;3.20;4;2;1;50;0;2616469;158;0
11;19;78;7;16;5;51;3.80;3;2;1;56;0;2616551;140;0
11;19;78;7;16;6;57;3.80;4;2;1;49;0;2616657;164;0
11;19;78;7;16;19;27;3.20;1;1;1;57;0;2617927;3975;0
11;19;78;7;16;26;87;3.80;2;1;1;56;0;2618687;2844;0
11;19;78;7;16;30;56;4.00;4;2;1;70;0;2619056;2371;0
11;19;78;7;16;31;64;3.80;1;1;1;60;0;2619164;1216;0
11;19;78;7;16;35;36;3.40;2;1;1;60;0;2619536;824;0
11;19;78;7;16;35;81;3.20;1;1;1;61;0;2619581;394;0
11;19;78;7;16;36;61;3.80;2;1;1;60;0;2619661;104;0
11;19;78;7;16;39;27;3.40;1;1;1;56;0;2619927;327;0
11;19;78;7;16;40;83;3.80;1;1;1;55;0;2620083;134;0
11;19;78;7;16;42;10;3.60;1;1;1;56;0;2620210;102;0
11;19;78;7;16;43;7;6.20;2;1;1;57;0;2620307;623;0
11;19;78;7;16;43;36;2.80;1;1;1;55;0;2620336;102;0
11;19;78;7;16;44;40;4.00;1;1;1;55;0;2620440;85;2619927
11;19;78;7;16;44;90;3.80;2;1;1;54;0;2620490;143;2619927
11;19;78;7;16;46;24;3.40;4;2;1;65;0;2620624;1547;0
11;19;78;7;16;46;55;4.20;2;1;1;55;0;2620655;139;0
11;19;78;7;16;46;83;4.60;1;1;1;53;0;2620683;216;0
11;19;78;7;16;48;15;3.00;3;2;1;64;0;2620815;4239;0
11;19;78;7;16;48;9;3.40;2;1;1;55;0;2620809;126;0
11;19;78;7;16;48;77;3.80;1;1;1;51;0;2620877;162;0
11;19;78;7;16;50;12;3.60;4;2;1;62;0;2621012;369;0
11;19;78;7;16;51;17;3.20;1;1;1;46;0;2621117;213;0
11;19;78;7;16;53;30;3.60;1;1;1;46;0;2621330;187;0
11;19;78;7;16;53;93;4.80;2;1;1;63;0;2621393;561;0
11;19;78;7;16;54;82;3.80;1;1;1;52;0;2621482;123;0
11;19;78;7;16;54;99;3.20;2;1;1;61;0;2621499;78;0
11;19;78;7;16;55;17;3.60;4;2;1;57;0;2621517;484;0
11;19;78;7;16;56;37;3.60;1;1;1;52;0;2621637;128;0
11;19;78;7;16;59;40;3.80;1;1;1;48;0;2621940;278;0
11;19;78;7;17;0;76;3.40;1;1;1;49;0;2622076;107;0
11;19;78;7;17;2;0;3.80;2;1;1;58;0;2622200;682;0
11;19;78;7;17;2;38;2.80;1;1;1;49;0;2622238;137;0
11;19;78;7;17;3;69;4.80;1;1;1;49;0;2622369;110;0
11;19;78;7;17;5;79;3.00;1;1;1;50;0;2622579;174;2621940
11;19;78;7;17;6;64;3.80;2;1;1;59;0;2622664;440;0
11;19;78;7;17;7;54;4.80;1;1;1;49;0;2622754;153;2621940
11;19;78;7;17;8;14;4.80;2;1;1;57;0;2622814;126;2621940
11;19;78;7;17;8;86;3.80;1;1;1;47;0;2622886;96;2621940
11;19;78;7;17;9;70;3.60;1;1;1;45;0;2622970;54;2621940
11;19;78;7;17;10;9;3.80;2;1;1;53;0;2623009;164;2621940
11;19;78;7;17;11;39;5.20;2;1;1;53;0;2623139;104;2621940
11;19;78;7;17;12;7;3.60;1;1;1;48;0;2623207;208;0
11;19;78;7;17;14;16;3.60;1;1;1;47;0;2623416;182;0
11;19;78;7;17;14;65;4.00;4;2;1;59;0;2623465;1925;0
11;19;78;7;17;15;47;6.40;1;1;1;49;0;2623547;103;0
11;19;78;7;17;16;76;3.60;2;1;1;59;0;2623676;501;0
11;19;78;7;17;17;57;3.60;1;1;1;46;0;2623757;162;0
11;19;78;7;17;18;37;4.60;2;1;1;58;0;2623837;139;0
11;19;78;7;17;18;61;4.40;1;1;1;45;0;2623861;75;2623207
11;19;78;7;17;20;90;3.60;1;1;1;47;0;2624090;193;2623207
11;19;78;7;17;21;48;5.20;4;2;1;72;0;2624148;658;0
11;19;78;7;17;22;10;4.40;1;1;1;51;0;2624210;92;2623207
11;19;78;7;17;24;24;5.00;1;1;1;54;0;2624424;182;2623207
11;19;78;7;17;26;3;3.80;1;1;1;54;0;2624603;145;2623207
11;19;78;7;17;26;43;3.40;3;2;1;68;0;2624643;3811;0
11;19;78;7;17;26;85;4.00;4;2;1;62;0;2624685;511;0
11;19;78;7;17;28;55;4.60;1;1;1;54;0;2624855;226;0
11;19;78;7;17;29;20;3.20;3;2;1;63;0;2624920;259;0
11;19;78;7;17;29;16;4.00;2;1;1;54;0;2624916;1050;0
11;19;78;7;17;29;91;3.60;1;1;1;55;0;2624991;105;0
11;19;78;7;17;31;50;3.80;1;1;1;55;0;2625150;135;0
11;19;78;7;17;31;77;3.60;4;2;1;60;0;2625177;468;0
11;19;78;7;17;32;46;3.40;2;1;1;58;0;2625246;303;0
11;19;78;7;17;33;5;3.00;4;2;1;57;0;2625305;106;0
11;19;78;7;17;34;73;3.80;4;2;1;68;0;2625473;149;0
11;19;78;7;17;35;70;3.80;3;2;1;66;0;2625570;631;0
11;19;78;7;17;38;46;6.00;4;2;1;68;0;2625846;352;0
11;19;78;7;17;39;58;3.60;3;2;1;70;0;2625958;367;0
11;19;78;7;17;39;69;3.00;1;1;1;56;0;2625969;794;0
11;19;78;7;17;40;73;3.40;3;2;1;64;0;2626073;96;0
11;19;78;7;17;41;3;3.80;1;1;1;53;0;2626103;114;0
11;19;78;7;17;41;57;5.00;4;2;1;60;0;2626157;279;0
11;19;78;7;17;42;61;3.40;3;2;1;56;0;2626261;168;0
11;19;78;7;17;43;32;4.60;4;2;1;56;0;2626332;145;0
11;19;78;7;17;43;56;3.20;3;2;1;57;0;2626356;73;0
11;19;78;7;17;45;9;4.60;3;2;1;57;0;2626509;132;2625958
11;19;78;7;17;45;45;3.60;4;2;1;55;0;2626545;183;2625958
11;19;78;7;17;47;27;3.40;3;2;1;57;0;2626727;188;2625958
11;19;78;7;17;48;54;3.00;3;2;1;56;0;2626854;105;2625958
11;19;78;7;17;49;3;3.80;1;1;1;57;0;2626903;774;0
11;19;78;7;17;49;76;4.80;4;2;1;57;0;2626976;407;0
11;19;78;7;17;49;91;3.40;3;2;1;57;0;2626991;117;2625958
11;19;78;7;17;50;24;3.80;1;1;1;55;0;2627024;97;2625958
11;19;78;7;17;51;21;3.80;4;2;1;57;0;2627121;114;2625958
11;19;78;7;17;51;55;3.20;3;2;1;60;0;2627155;142;2625958
11;19;78;7;17;52;63;4.40;3;2;1;57;0;2627263;88;2625958
11;19;78;7;17;53;28;3.60;4;2;1;53;0;2627328;183;2625958
11;19;78;7;17;55;4;3.80;4;2;1;51;0;2627504;151;2625958
11;19;78;7;17;55;21;3.60;3;2;1;57;0;2627521;230;0
11;19;78;7;17;56;82;5.00;3;2;1;52;0;2627682;138;0
11;19;78;7;18;1;91;12.60;4;2;3;45;0;2628191;660;0
11;19;78;7;18;4;93;3.40;4;2;1;44;0;2628493;201;0
11;19;78;7;18;12;7;3.60;4;2;1;58;0;2629207;686;0
11;19;78;7;18;13;67;3.40;4;2;1;58;0;2629367;137;0
11;19;78;7;18;26;12;3.80;4;2;1;64;0;2630612;1223;0
11;19;78;7;18;28;32;3.20;3;2;1;61;0;2630832;3115;0
11;19;78;7;18;29;79;4.00;4;2;1;61;0;2630979;345;0
11;19;78;7;18;32;46;3.20;4;2;1;61;0;2631246;243;0
11;19;78;7;18;36;84;3.20;4;2;1;61;0;2631684;419;0
11;19;78;7;18;37;25;3.80;1;1;1;53;0;2631725;4676;0
11;19;78;7;18;38;36;3.60;1;1;1;51;0;2631836;85;0
11;19;78;7;18;42;78;6.00;4;2;1;67;0;2632278;575;0
11;19;78;7;18;44;64;3.60;1;1;1;59;0;2632464;602;0
11;19;78;7;18;46;59;3.00;1;1;1;59;0;2632659;173;0
11;19;78;7;18;46;82;4.00;2;1;1;61;0;2632682;7414;0
11;19;78;7;18;47;74;3.80;1;1;1;57;0;2632774;96;0
11;19;78;7;18;47;81;3.80;4;2;1;68;0;2632781;470;0
11;19;78;7;18;49;24;4.20;1;1;1;57;0;2632924;126;0
11;19;78;7;18;50;32;3.80;2;1;1;61;0;2633032;326;0
11;19;78;7;18;50;21;7.20;1;1;2;55;0;2633021;70;2632464
11;19;78;7;18;52;4;3.40;2;1;1;57;0;2633204;149;2632464
11;19;78;7;18;53;15;4.60;1;1;1;55;0;2633315;246;0
11;19;78;7;18;53;51;4.20;2;1;1;62;0;2633351;125;0
11;19;78;7;18;53;80;4.60;4;2;1;63;0;2633380;578;0
11;19;78;7;18;54;84;3.80;1;1;1;52;0;2633484;138;0
11;19;78;7;18;56;31;3.40;1;1;1;51;0;2633631;120;0
11;19;78;7;18;57;37;3.80;1;1;1;56;0;2633737;82;0
11;19;78;7;18;58;35;3.60;2;1;1;58;0;2633835;459;0
11;19;78;7;18;59;21;3.00;1;1;1;58;0;2633921;159;2633315
11;19;78;7;19;1;17;3.60;1;1;1;54;0;2634117;177;2633315
11;19;78;7;19;1;21;4.40;4;2;1;66;0;2634121;714;0
11;19;78;7;19;3;28;3.60;4;2;1;62;0;2634328;183;0
11;19;78;7;19;3;50;3.40;1;1;1;56;0;2634350;209;0
11;19;78;7;19;4;85;5.20;3;2;1;64;0;2634485;3634;0
11;19;78;7;19;5;77;3.60;1;1;1;55;0;2634577;205;0
11;19;78;7;19;6;55;3.60;4;2;1;60;0;2634655;306;0
11;19;78;7;19;7;14;3.60;3;2;1;62;0;2634714;199;0
11;19;78;7;19;7;33;3.20;1;1;1;55;0;2634733;132;0
11;19;78;7;19;8;24;3.80;4;2;1;61;0;2634824;147;0
11;19;78;7;19;8;41;3.00;1;1;1;54;0;2634841;87;0
11;19;78;7;19;8;56;3.40;3;2;1;64;0;2634856;121;0
11;19;78;7;19;9;64;3.60;4;2;1;61;0;2634964;117;0
11;19;78;7;19;9;64;3.20;1;1;1;53;0;2634964;103;0
11;19;78;7;19;10;49;2.80;3;2;1;61;0;2635049;173;0
11;19;78;7;19;11;42;3.40;4;2;1;62;0;2635142;156;0
11;19;78;7;19;11;84;4.40;3;2;1;61;0;2635184;118;2634485
11;19;78;7;19;12;38;3.60;1;1;1;47;0;2635238;252;0
11;19;78;7;19;13;2;3.40;3;2;1;62;0;2635302;92;2634485
11;19;78;7;19;13;93;3.60;1;1;1;50;0;2635393;127;2634485
11;19;78;7;19;14;18;3.60;3;2;1;61;0;2635418;96;2634485
11;19;78;7;19;14;26;3.40;4;2;1;60;0;2635426;264;0
11;19;78;7;19;15;10;3.00;1;1;1;48;0;2635510;91;0
11;19;78;7;19;16;15;3.80;3;2;1;62;0;2635615;175;2634485
11;19;78;7;19;16;42;3.20;4;2;1;54;0;2635642;195;2634485
11;19;78;7;19;16;86;3.20;1;1;1;51;0;2635686;153;2634485
11;19;78;7;19;17;50;3.80;3;2;1;60;0;2635750;112;2634485
11;19;78;7;19;17;92;4.80;4;2;1;57;0;2635792;128;2634485
11;19;78;7;19;18;74;3.40;3;2;1;60;0;2635874;101;2634485
11;19;78;7;19;20;16;3.40;1;1;1;53;0;2636016;307;0
11;19;78;7;19;20;67;3.20;3;2;1;56;0;2636067;172;2634485
11;19;78;7;19;20;84;3.60;1;1;1;52;0;2636084;44;2634485
11;19;78;7;19;21;5;3.40;2;1;1;53;0;2636105;2247;0
11;19;78;7;19;20;87;9.60;4;2;2;58;0;2636087;264;0
11;19;78;7;19;21;51;3.80;3;2;1;56;0;2636151;63;2634485
11;19;78;7;19;22;48;3.20;1;1;1;50;0;2636248;139;2634485
11;19;78;7;19;22;51;3.80;3;2;1;57;0;2636251;75;2634485
11;19;78;7;19;23;41;5.20;1;1;1;50;0;2636341;69;2634485
11;19;78;7;19;24;53;3.00;4;2;1;66;0;2636453;306;0
11;19;78;7;19;25;23;3.80;3;2;1;57;0;2636523;248;0
11;19;78;7;19;26;71;3.20;1;1;1;57;0;2636671;292;0
11;19;78;7;19;27;75;3.20;3;2;1;61;0;2636775;228;0
11;19;78;7;19;28;82;5.00;3;2;1;60;0;2636882;88;0
11;19;78;7;19;30;30;3.20;2;1;1;50;0;2637030;901;0
11;19;78;7;19;31;37;3.60;1;1;1;55;0;2637137;445;0
11;19;78;7;19;31;59;3.00;2;1;1;52;0;2637159;105;0
11;19;78;7;19;33;60;3.80;1;1;1;55;0;2637360;199;0
11;19;78;7;19;34;95;4.00;1;1;1;56;0;2637495;110;0
11;19;78;7;19;36;20;3.40;1;1;1;55;0;2637620;99;0
11;19;78;7;19;40;27;3.60;1;1;1;54;0;2638027;384;0
11;19;78;7;19;41;43;4.60;2;1;1;57;0;2638143;963;0
11;19;78;7;19;42;46;3.80;2;1;1;58;0;2638246;73;0
11;19;78;7;19;42;65;4.00;1;1;1;52;0;2638265;214;0
11;19;78;7;19;45;3;3.60;1;1;1;54;0;2638503;210;0
11;19;78;7;19;47;4;4.80;1;1;1;56;0;2638704;177;0
11;19;78;7;19;48;48;7.00;1;1;1;56;0;2638848;113;0
11;19;78;7;19;52;7;3.60;1;1;1;50;0;2639207;314;0
11;19;78;7;19;53;19;3.60;1;1;1;48;0;2639319;86;0
11;19;78;7;19;54;37;3.60;1;1;1;50;0;2639437;91;0
11;19;78;7;19;56;26;4.80;1;1;1;50;0;2639626;163;0
11;19;78;7;19;57;14;3.80;2;1;1;57;0;2639714;1444;0
11;19;78;7;19;58;57;3.20;1;1;1;52;0;2639857;196;2639207
11;19;78;7;19;59;73;2.80;1;1;1;50;0;2639973;93;2639207
11;19;78;7;20;0;96;4.80;1;1;1;50;0;2640096;102;2639207
11;19;78;7;20;2;58;4.80;1;1;1;54;0;2640258;127;2639207
11;19;78;7;20;2;78;4.00;2;1;1;55;0;2640278;540;0
11;19;78;7;20;3;27;4.40;4;2;1;62;0;2640327;3857;0
11;19;78;7;20;4;3;3.80;1;1;1;56;0;2640403;113;2639207
11;19;78;7;20;7;42;3.80;4;2;1;62;0;2640742;389;0
11;19;78;7;20;8;48;3.60;3;2;1;59;0;2640848;3936;0
11;19;78;7;20;9;8;3.80;4;2;1;64;0;2640908;143;0
11;19;78;7;20;9;29;3.80;3;2;1;58;0;2640929;59;0
11;19;78;7;20;10;41;3.60;3;2;1;56;0;2641041;88;0
11;19;78;7;20;11;35;3.60;3;2;1;54;0;2641135;70;0
11;19;78;7;20;15;22;3.60;3;2;1;66;0;2641522;363;0
11;19;78;7;20;15;58;4.20;4;2;1;66;0;2641558;628;0
11;19;78;7;20;18;36;6.00;4;2;1;63;0;2641836;255;0
11;19;78;7;20;22;37;3.20;3;2;1;64;0;2642237;695;0
11;19;78;7;20;22;49;3.60;2;1;1;59;0;2642249;1944;0
11;19;78;7;20;26;43;4.00;3;2;1;57;0;2642643;388;0
11;19;78;7;20;29;25;3.40;3;2;1;61;0;2642925;256;0
11;19;78;7;20;29;89;5.40;4;2;1;52;0;2642989;1118;0
11;19;78;7;20;31;54;4.60;4;2;1;49;0;2643154;127;0
11;19;78;7;20;40;34;3.60;4;2;1;61;0;2644034;846;0
11;19;78;7;20;44;25;3.40;4;2;1;58;0;2644425;369;0
11;19;78;7;20;46;3;3.60;4;2;1;62;0;2644603;156;0
11;19;78;7;20;48;11;4.40;4;2;1;61;0;2644811;187;0
11;19;78;7;20;48;62;3.20;3;2;1;61;0;2644862;1916;0
11;19;78;7;20;50;80;3.80;1;1;1;57;0;2645080;4652;0
11;19;78;7;20;51;99;3.80;4;2;1;61;0;2645199;362;0
11;19;78;7;20;52;73;3.60;3;2;1;64;0;2645273;392;0
11;19;78;7;20;52;82;5.00;1;1;1;54;0;2645282;178;0
11;19;78;7;20;54;13;3.20;4;2;1;60;0;2645413;191;0
11;19;78;7;20;54;54;3.40;3;2;1;63;0;2645454;160;0
11;19;78;7;20;55;30;4.40;3;2;1;62;0;2645530;56;0
11;19;78;7;20;55;58;4.00;4;2;1;65;0;2645558;125;0
11;19;78;7;20;58;12;3.40;4;2;1;60;0;2645812;231;0
11;19;78;7;20;58;53;3.40;3;2;1;63;0;2645853;297;0
11;19;78;7;20;59;66;3.80;4;2;1;61;0;2645966;133;0
11;19;78;7;20;59;78;4.00;2;1;1;59;0;2645978;3707;0
11;19;78;7;20;59;91;3.40;1;1;1;59;0;2645991;675;0
11;19;78;7;21;1;57;3.60;3;2;1;58;0;2646157;284;0
11;19;78;7;21;1;66;3.40;4;2;1;57;0;2646166;177;0
11;19;78;7;21;1;99;3.60;2;1;1;57;0;2646199;196;0
11;19;78;7;21;2;25;3.80;1;1;1;60;0;2646225;213;0
11;19;78;7;21;3;2;3.40;3;2;1;59;0;2646302;122;0
11;19;78;7;21;3;4;3.20;4;2;1;57;0;2646304;116;0
11;19;78;7;21;4;38;3.60;3;2;1;61;0;2646438;115;0
11;19;78;7;21;4;78;3.40;4;2;1;58;0;2646478;153;2645812
11;19;78;7;21;5;56;3.40;3;2;1;61;0;2646556;96;2645812
11;19;78;7;21;5;91;5.00;2;1;1;56;0;2646591;369;0
11;19;78;7;21;6;42;3.40;1;1;1;53;0;2646642;394;0
11;19;78;7;21;7;55;4.40;3;2;1;61;0;2646755;178;2646157
11;19;78;7;21;7;54;3.80;1;1;1;53;0;2646754;88;2646157
11;19;78;7;21;7;45;8.00;4;2;2;62;0;2646745;245;0
11;19;78;7;21;7;72;3.80;2;1;1;56;0;2646772;148;0
11;19;78;7;21;8;55;3.20;4;2;1;63;0;2646855;63;0
11;19;78;7;21;8;71;4.00;1;1;1;53;0;2646871;91;0
11;19;78;7;21;8;82;3.80;3;2;1;62;0;2646882;101;2646157
11;19;78;7;21;10;7;3.40;3;2;1;61;0;2647007;102;2646157
11;19;78;7;21;10;48;3.20;1;1;1;53;0;2647048;149;2646157
11;19;78;7;21;10;58;3.80;2;1;1;53;0;2647058;261;0
11;19;78;7;21;11;55;3.60;3;2;1;62;0;2647155;127;2646157
11;19;78;7;21;11;67;4.80;4;2;1;59;0;2647167;293;0
11;19;78;7;21;12;62;4.00;2;1;1;55;0;2647262;178;0
11;19;78;7;21;12;90;3.60;1;1;1;51;0;2647290;220;0
11;19;78;7;21;14;4;3.40;3;2;1;64;0;2647404;228;0
11;19;78;7;21;14;13;3.80;2;1;1;46;0;2647413;124;0
11;19;78;7;21;14;29;3.80;1;1;1;52;0;2647429;113;0
11;19;78;7;21;14;41;3.00;4;2;1;56;0;2647441;244;0
11;19;78;7;21;15;86;3.40;2;1;1;51;0;2647586;143;0
11;19;78;7;21;16;75;4.80;1;1;1;49;0;2647675;219;0
11;19;78;7;21;18;38;3.60;1;1;1;49;0;2647838;127;0
11;19;78;7;21;19;0;3.60;2;1;1;50;0;2647900;290;0
11;19;78;7;21;19;72;3.20;1;1;1;49;0;2647972;107;0
11;19;78;7;21;20;40;4.60;2;1;1;50;0;2648040;114;0
11;19;78;7;21;20;89;3.40;1;1;1;50;0;2648089;93;0
11;19;78;7;21;21;88;3.80;2;1;1;52;0;2648188;114;0
11;19;78;7;21;22;37;3.80;1;1;1;50;0;2648237;123;2647675
11;19;78;7;21;22;36;14.40;4;2;2;56;0;2648236;775;0
11;19;78;7;21;23;43;3.60;1;1;1;48;0;2648343;78;2647675
11;19;78;7;21;24;25;3.60;2;1;1;48;0;2648425;210;0
11;19;78;7;21;24;45;3.40;1;1;1;47;0;2648445;75;2647675
11;19;78;7;21;25;51;3.80;1;1;1;48;0;2648551;79;2647675
11;19;78;7;21;26;90;3.40;1;1;1;46;0;2648690;110;2647675
11;19;78;7;21;27;51;4.40;2;1;1;47;0;2648751;299;0
11;19;78;7;21;28;28;3.80;1;1;1;43;0;2648828;111;2647675
11;19;78;7;21;28;95;5.00;2;1;1;47;0;2648895;110;2647675
11;19;78;7;21;29;31;3.00;1;1;1;43;0;2648931;71;2647675
11;19;78;7;21;30;83;3.60;2;1;1;46;0;2649083;149;2647675
11;19;78;7;21;31;11;7.00;1;1;1;43;0;2649111;154;2647675
11;19;78;7;21;32;45;4.80;2;1;1;50;0;2649245;133;2647675
11;19;78;7;21;33;15;3.80;4;2;1;61;0;2649315;986;0
11;19;78;7;21;33;32;3.20;1;1;1;43;0;2649332;162;2647675
11;19;78;7;21;33;97;3.60;2;1;1;47;0;2649397;117;2648751
11;19;78;7;21;35;41;3.80;1;1;1;44;0;2649541;182;2647675
11;19;78;7;21;35;42;4.00;2;1;1;46;0;2649542;117;2648751
11;19;78;7;21;36;59;3.00;3;2;1;60;0;2649659;2235;0
11;19;78;7;21;37;1;3.60;1;1;1;45;0;2649701;128;2647675
11;19;78;7;21;37;11;3.40;2;1;1;49;0;2649711;137;2648751
11;19;78;7;21;38;38;4.60;1;1;1;42;0;2649838;108;2647675
11;19;78;7;21;39;85;3.60;1;1;1;41;0;2649985;107;2647675
11;19;78;7;21;42;23;4.00;1;1;1;39;0;2650223;206;0
11;19;78;7;21;43;74;6.20;1;1;1;39;0;2650374;114;0
11;19;78;7;21;44;28;3.60;2;1;1;52;0;2650428;692;0
11;19;78;7;21;45;40;3.80;1;1;1;37;0;2650540;108;0
11;19;78;7;21;46;2;5.20;2;1;1;51;0;2650602;149;0
11;19;78;7;21;47;60;3.40;1;1;1;39;0;2650760;183;0
11;19;78;7;21;48;4;3.60;2;1;1;49;0;2650804;165;0
11;19;78;7;21;48;56;4.00;3;2;1;64;0;2650856;1179;0
11;19;78;7;21;49;18;6.00;4;2;1;68;0;2650918;1580;0
11;19;78;7;21;50;45;3.00;2;1;1;55;0;2651045;214;0
11;19;78;7;21;51;31;3.60;1;1;1;43;0;2651131;339;0
11;19;78;7;21;52;11;4.60;2;1;1;55;0;2651211;146;0
11;19;78;7;21;52;35;3.40;3;2;1;57;0;2651235;356;0
11;19;78;7;21;53;14;3.40;1;1;1;44;0;2651314;152;0
11;19;78;7;21;53;48;3.80;2;1;1;54;0;2651348;106;0
11;19;78;7;21;53;59;3.80;3;2;1;58;0;2651359;102;0
11;19;78;7;21;56;56;3.20;1;1;1;50;0;2651656;314;0
11;19;78;7;21;59;1;3.40;1;1;1;55;0;2651901;221;0
11;19;78;7;21;59;55;4.20;4;2;1;57;0;2651955;1005;0
11;19;78;7;22;0;15;4.60;1;1;1;52;0;2652015;91;0
11;19;78;7;22;1;55;3.80;4;2;1;56;0;2652155;173;0
11;19;78;7;22;2;6;3.40;2;1;1;57;0;2652206;832;0
11;19;78;7;22;2;69;8.40;1;1;6;55;0;2652269;222;0
11;19;78;7;22;6;18;3.40;1;1;1;56;0;2652618;294;0
11;19;78;7;22;12;31;3.40;4;2;1;63;0;2653231;1051;0
11;19;78;7;22;24;61;3.60;3;2;1;59;0;2654461;3078;0
11;19;78;7;22;24;98;3.40;4;2;1;62;0;2654498;1247;0
11;19;78;7;22;26;9;3.40;3;2;1;62;0;2654609;126;0
11;19;78;7;22;26;70;3.80;4;2;1;57;0;2654670;152;0
11;19;78;7;22;27;21;3.80;3;2;1;60;0;2654721;92;0
11;19;78;7;22;27;90;3.20;4;2;1;55;0;2654790;96;0
11;19;78;7;22;28;3;4.80;1;1;1;58;0;2654803;2163;0
11;19;78;7;22;28;63;3.40;3;2;1;59;0;2654863;119;0
11;19;78;7;22;30;73;3.40;3;2;1;60;0;2655073;189;2654461
11;19;78;7;22;31;87;9.40;4;2;2;56;0;2655187;376;0
11;19;78;7;22;32;83;3.00;3;2;1;58;0;2655283;189;2654461
11;19;78;7;22;33;80;3.00;4;2;1;54;0;2655380;132;2654461
11;19;78;7;22;34;23;4.80;3;2;1;59;0;2655423;121;2654461
11;19;78;7;22;35;19;3.80;4;2;1;53;0;2655519;119;2654461
11;19;78;7;22;35;63;3.40;3;2;1;58;0;2655563;110;2654461
11;19;78;7;22;36;6;6.80;4;2;1;54;0;2655606;61;2654461
11;19;78;7;22;37;6;3.40;3;2;1;57;0;2655706;121;2654461
11;19;78;7;22;37;49;3.20;4;2;1;58;0;2655749;97;2655187
11;19;78;7;22;38;1;3.60;3;2;1;57;0;2655801;73;2654461
11;19;78;7;22;39;59;3.60;3;2;1;58;0;2655959;135;2654461
11;19;78;7;22;39;75;3.60;4;2;1;56;0;2655975;206;0
11;19;78;7;22;41;98;3.40;3;2;1;61;0;2656198;216;0
11;19;78;7;22;42;0;3.60;1;1;1;58;0;2656200;1367;0
11;19;78;7;22;42;12;3.80;4;2;1;58;0;2656212;213;0
11;19;78;7;22;43;36;3.80;3;2;1;60;0;2656336;117;0
11;19;78;7;22;44;41;4.00;3;2;1;58;0;2656441;82;0
11;19;78;7;22;45;34;3.20;4;2;1;62;0;2656534;298;0
11;19;78;7;22;46;87;3.80;4;2;1;53;0;2656687;134;0
11;19;78;7;22;48;39;3.40;3;2;1;56;0;2656839;373;0
11;19;78;7;22;56;30;4.40;1;1;1;57;0;2657630;1407;0
11;19;78;7;22;57;65;3.40;1;1;1;56;0;2657765;107;0
11;19;78;7;23;2;38;3.60;1;1;1;54;0;2658238;451;0
11;19;78;7;23;11;67;3.60;2;1;1;54;0;2659167;6939;0
11;19;78;7;23;12;45;3.60;1;1;1;59;0;2659245;983;0
11;19;78;7;23;12;76;4.60;2;1;1;54;0;2659276;85;0
11;19;78;7;23;13;38;3.60;1;1;1;58;0;2659338;71;0
11;19;78;7;23;14;90;3.20;1;1;1;55;0;2659490;129;0
11;19;78;7;23;15;97;3.60;1;1;1;54;0;2659597;86;0
11;19;78;7;23;16;38;3.80;2;1;1;62;0;2659638;331;0
11;19;78;7;23;17;29;5.40;1;1;1;53;0;2659729;108;2659245
11;19;78;7;23;18;79;3.60;2;1;1;62;0;2659879;218;0
11;19;78;7;23;19;66;4.00;1;1;1;54;0;2659966;200;0
11;19;78;7;23;21;10;3.20;1;1;1;56;0;2660110;117;0
11;19;78;7;23;23;10;6.00;1;1;1;54;0;2660310;179;0
11;19;78;7;23;24;15;3.60;2;1;1;58;0;2660415;515;0
11;19;78;7;23;25;11;3.80;1;1;1;55;0;2660511;161;0
11;19;78;7;23;25;23;4.20;4;2;1;56;0;2660523;3810;0
11;19;78;7;23;26;2;3.00;1;1;1;52;0;2660602;66;2659966
11;19;78;7;23;27;33;2.80;2;1;1;57;0;2660733;295;0
11;19;78;7;23;27;75;3.60;1;1;1;56;0;2660775;152;2659966
11;19;78;7;23;30;29;3.20;2;1;1;56;0;2661029;278;0
11;19;78;7;23;31;61;3.00;2;1;1;55;0;2661161;111;0
11;19;78;7;23;32;75;4.80;1;1;1;49;0;2661275;476;0
11;19;78;7;23;33;2;3.80;2;1;1;56;0;2661302;121;0
11;19;78;7;23;34;30;3.60;2;1;1;53;0;2661430;103;0
11;19;78;7;23;35;6;3.60;1;1;1;48;0;2661506;195;0
11;19;78;7;23;35;42;3.40;4;2;1;60;0;2661542;992;0
11;19;78;7;23;36;18;3.60;3;2;1;60;0;2661618;4757;0
11;19;78;7;23;36;74;4.00;2;1;1;53;0;2661674;219;0
11;19;78;7;23;36;52;6.80;1;1;1;48;0;2661652;119;0
11;19;78;7;23;37;14;3.20;4;2;1;63;0;2661714;151;0
11;19;78;7;23;37;65;3.60;3;2;1;62;0;2661765;125;0
11;19;78;7;23;38;76;3.80;1;1;1;47;0;2661876;173;0
11;19;78;7;23;39;35;3.80;2;1;1;50;0;2661935;233;0
11;19;78;7;23;40;5;4.00;1;1;1;49;0;2662005;99;2661275
11;19;78;7;23;40;78;3.80;4;2;1;60;0;2662078;345;0
11;19;78;7;23;40;70;3.60;2;1;1;47;0;2662070;107;0
11;19;78;7;23;41;50;3.60;2;1;1;47;0;2662150;52;0
11;19;78;7;23;41;8;9.40;1;1;2;50;0;2662108;73;2661275
11;19;78;7;23;42;46;3.20;4;2;1;61;0;2662246;145;2661275
11;19;78;7;23;42;97;3.40;2;1;1;47;0;2662297;119;2661275
11;19;78;7;23;43;43;3.60;1;1;1;51;0;2662343;167;2661275
11;19;78;7;23;45;43;3.60;2;1;1;53;0;2662543;219;0
11;19;78;7;23;45;74;4.20;1;1;1;47;0;2662574;205;0
11;19;78;7;23;47;40;3.80;2;1;1;54;0;2662740;172;0
11;19;78;7;23;47;79;4.00;1;1;1;44;0;2662779;172;0
11;19;78;7;23;49;60;3.40;1;1;1;48;0;2662960;148;0
11;19;78;7;23;51;12;3.60;1;1;1;50;0;2663112;126;0
11;19;78;7;23;52;55;4.00;1;1;1;49;0;2663255;117;2662574
11;19;78;7;23;54;17;4.80;2;1;1;61;0;2663417;651;0
11;19;78;7;23;59;47;3.80;1;1;1;56;0;2663947;662;0
11;19;78;7;23;59;36;11.40;4;2;3;43;0;2663936;1671;0
11;19;78;7;24;2;59;3.40;2;1;1;53;0;2664259;813;0
11;19;78;7;24;7;50;4.00;4;2;1;63;0;2664750;718;0
11;19;78;7;24;11;6;3.80;3;2;1;60;0;2665106;3320;0
11;19;78;7;24;11;52;12.40;1;1;3;56;0;2665152;1180;0
11;19;78;7;24;14;44;14.80;1;1;4;54;0;2665444;212;0
11;19;78;7;24;15;75;3.60;3;2;1;63;0;2665575;446;0
11;19;78;7;24;16;46;3.40;4;2;1;73;0;2665646;873;0
11;19;78;7;24;17;62;3.80;4;2;1;55;0;2665762;99;0
11;19;78;7;24;17;98;3.60;3;2;1;66;0;2665798;202;0
11;19;78;7;24;19;64;2.80;4;2;1;54;0;2665964;177;0
11;19;78;7;24;20;40;3.60;3;2;1;56;0;2666040;222;0
11;19;78;7;24;21;92;3.40;3;2;1;57;0;2666192;128;0
11;19;78;7;24;21;93;3.40;4;2;1;53;0;2666193;210;0
11;19;78;7;24;23;43;3.60;3;2;1;58;0;2666343;129;0
11;19;78;7;24;24;6;3.60;4;2;1;55;0;2666406;189;0
11;19;78;7;24;24;84;3.20;3;2;1;59;0;2666484;118;0
11;19;78;7;24;26;38;3.40;3;2;1;56;0;2666638;134;2666040
11;19;78;7;24;26;31;3.80;4;2;1;54;0;2666631;201;0
11;19;78;7;24;27;38;3.60;3;2;1;55;0;2666738;78;2666040
11;19;78;7;24;27;76;3.20;4;2;1;52;0;2666776;119;2666040
11;19;78;7;24;28;46;3.40;3;2;1;56;0;2666846;84;2666040
11;19;78;7;24;29;64;3.00;4;2;1;53;0;2666964;165;2666040
11;19;78;7;24;29;95;3.40;3;2;1;56;0;2666995;127;2666040
11;19;78;7;24;30;69;4.60;3;2;1;55;0;2667069;52;2666040
11;19;78;7;24;30;97;3.40;4;2;1;52;0;2667097;112;2666040
11;19;78;7;24;31;98;3.60;3;2;1;55;0;2667198;98;2666040
11;19;78;7;24;31;95;3.60;4;2;1;50;0;2667195;74;2666631
11;19;78;7;24;33;11;3.00;3;2;1;55;0;2667311;89;2666040
11;19;78;7;24;34;32;3.40;1;1;1;59;0;2667432;1889;0
11;19;78;7;24;34;79;3.60;3;2;1;52;0;2667479;148;2666040
11;19;78;7;24;35;12;12.60;4;2;3;54;0;2667512;291;0
11;19;78;7;24;36;44;3.80;1;1;1;59;0;2667644;191;0
11;19;78;7;24;36;54;4.80;3;2;1;54;0;2667654;150;2666040
11;19;78;7;24;37;93;3.60;4;2;1;53;0;2667793;197;2666040
11;19;78;7;24;38;13;3.60;3;2;1;55;0;2667813;127;2666040
11;19;78;7;24;38;21;3.60;1;1;1;58;0;2667821;153;2666040
11;19;78;7;24;40;51;3.80;1;1;1;55;0;2668051;207;0
11;19;78;7;24;40;88;4.20;2;1;1;66;0;2668088;3805;0
11;19;78;7;24;44;28;3.40;1;1;1;53;0;2668428;352;0
11;19;78;7;24;46;31;3.40;2;1;1;62;0;2668631;520;0
11;19;78;7;24;46;75;5.20;1;1;1;53;0;2668675;223;0
11;19;78;7;24;48;29;3.20;1;1;1;58;0;2668829;118;0
11;19;78;7;24;49;51;3.80;1;1;1;54;0;2668951;102;0
11;19;78;7;24;51;11;3.80;1;1;1;56;0;2669111;134;0
11;19;78;7;24;52;57;12.00;1;1;2;57;0;2669257;121;2668675
11;19;78;7;24;56;19;12.20;2;1;2;56;0;2669619;968;0
11;19;78;7;24;56;78;3.60;1;1;1;58;0;2669678;345;0
11;19;78;7;24;58;99;3.60;2;1;1;57;0;2669899;201;0
11;19;78;7;25;0;83;3.60;1;1;1;58;0;2670083;382;0
11;19;78;7;25;1;74;4.40;1;1;1;57;0;2670174;68;0
11;19;78;7;25;4;29;3.60;1;1;1;54;0;2670429;227;0
11;19;78;7;25;4;70;3.80;2;1;1;55;0;2670470;548;0
11;19;78;7;25;6;53;3.20;1;1;1;52;0;2670653;200;0
11;19;78;7;25;7;5;4.20;3;2;1;57;0;2670705;2868;0
11;19;78;7;25;7;84;3.80;4;2;1;63;0;2670784;2966;0
11;19;78;7;25;8;46;4.40;1;1;1;51;0;2670846;170;0
11;19;78;7;25;10;6;3.00;4;2;1;60;0;2671006;200;0
11;19;78;7;25;10;9;4.00;3;2;1;63;0;2671009;277;0
11;19;78;7;25;10;76;10.40;1;1;2;54;0;2671076;198;0
11;19;78;7;25;13;78;3.60;4;2;1;57;0;2671378;354;0
11;19;78;7;25;14;39;3.20;1;1;1;56;0;2671439;293;0
11;19;78;7;25;16;13;3.60;4;2;1;57;0;2671613;212;0
11;19;78;7;25;19;20;3.80;1;1;1;56;0;2671920;460;0
11;19;78;7;25;21;15;3.20;2;1;1;59;0;2672115;1620;0
11;19;78;7;25;22;93;3.60;2;1;1;58;0;2672293;158;0
11;19;78;7;25;22;93;11.80;1;1;3;53;0;2672293;348;0
11;19;78;7;25;24;76;3.80;2;1;1;59;0;2672476;160;0
11;19;78;7;25;26;94;3.80;2;1;1;54;0;2672694;194;0
11;19;78;7;25;26;95;10.00;1;1;1;51;0;2672695;321;0
11;19;78;7;25;30;95;3.60;1;1;1;50;0;2673095;329;0
11;19;78;7;25;32;7;4.20;1;1;1;51;0;2673207;86;0
11;19;78;7;25;33;29;3.80;2;1;1;60;0;2673329;609;0
11;19;78;7;25;33;51;3.80;1;1;1;52;0;2673351;114;0
11;19;78;7;25;34;35;3.60;4;2;1;59;0;2673435;1799;0
11;19;78;7;25;34;87;3.20;2;1;1;59;0;2673487;135;0
11;19;78;7;25;35;9;3.80;3;2;1;63;0;2673509;2477;0
11;19;78;7;25;35;77;3.60;4;2;1;60;0;2673577;120;0
11;19;78;7;25;35;87;4.20;1;1;1;50;0;2673587;209;0
11;19;78;7;25;36;99;3.60;2;1;1;59;0;2673699;192;0
11;19;78;7;25;37;0;3.80;1;1;1;50;0;2673700;82;0
11;19;78;7;25;38;37;5.20;1;1;1;49;0;2673837;109;0
11;19;78;7;25;39;66;4.00;2;1;1;54;0;2673966;245;0
11;19;78;7;25;40;2;4.40;1;1;1;50;0;2674002;126;0
11;19;78;7;25;41;59;4.00;1;1;1;50;0;2674159;125;2673587
11;19;78;7;25;43;44;7.60;2;1;2;56;0;2674344;351;0
11;19;78;7;25;43;81;3.60;3;2;1;59;0;2674381;850;0
11;19;78;7;25;44;13;4.40;1;1;1;47;0;2674413;225;0
11;19;78;7;25;45;0;4.20;3;2;1;59;0;2674500;97;0
11;19;78;7;25;45;79;3.40;4;2;1;62;0;2674579;980;0
11;19;78;7;25;47;4;3.80;2;1;1;56;0;2674704;311;0
11;19;78;7;25;46;78;11.00;1;1;2;40;0;2674678;231;0
11;19;78;7;25;47;89;3.40;4;2;1;58;0;2674789;190;0
11;19;78;7;25;47;99;4.60;3;2;1;57;0;2674799;273;0
11;19;78;7;25;48;65;3.40;2;1;1;57;0;2674865;136;0
11;19;78;7;25;49;40;3.20;4;2;1;57;0;2674940;129;0
11;19;78;7;25;49;41;3.40;3;2;1;60;0;2674941;112;0
11;19;78;7;25;50;57;3.80;4;2;1;55;0;2675057;96;0
11;19;78;7;25;50;54;3.00;1;1;1;43;0;2675054;277;0
11;19;78;7;25;51;49;4.60;3;2;1;58;0;2675149;187;0
11;19;78;7;25;52;1;4.80;1;1;1;43;0;2675201;121;0
11;19;78;7;25;53;7;3.20;4;2;1;56;0;2675307;225;0
11;19;78;7;25;53;48;3.40;2;1;1;56;0;2675348;461;0
11;19;78;7;25;54;42;3.60;1;1;1;43;0;2675442;200;0
11;19;78;7;25;54;61;3.80;4;2;1;56;0;2675461;133;0
11;19;78;7;25;54;98;4.40;3;2;1;58;0;2675498;320;0
11;19;78;7;25;56;25;4.20;3;2;1;58;0;2675625;99;0
11;19;78;7;25;56;22;3.40;1;1;1;41;0;2675622;149;0
11;19;78;7;25;56;85;4.00;4;2;1;54;0;2675685;199;0
11;19;78;7;25;57;13;3.60;2;1;1;55;0;2675713;343;0
11;19;78;7;25;57;35;3.20;3;2;1;59;0;2675735;83;0
11;19;78;7;25;59;6;3.80;3;2;1;62;0;2675906;151;0
11;19;78;7;25;59;31;5.80;4;2;1;54;0;2675931;219;0
11;19;78;7;26;1;86;3.60;3;2;1;60;0;2676186;257;0
11;19;78;7;26;1;31;11.40;4;2;2;55;0;2676131;161;0
11;19;78;7;26;3;46;3.80;4;2;1;55;0;2676346;140;0
11;19;78;7;26;4;29;3.80;3;2;1;59;0;2676429;221;0
11;19;78;7;26;4;39;3.80;4;2;1;54;0;2676439;68;0
11;19;78;7;26;6;20;3.40;4;2;1;55;0;2676620;155;2675931
11;19;78;7;26;6;61;6.60;3;2;1;63;0;2676661;208;0
11;19;78;7;26;7;54;3.80;4;2;1;57;0;2676754;111;2675931
11;19;78;7;26;10;65;3.40;4;2;1;59;0;2677065;287;0
11;19;78;7;26;11;16;3.40;1;1;1;54;0;2677116;1464;0
11;19;78;7;26;11;70;4.60;3;2;1;63;0;2677170;471;0
11;19;78;7;26;21;93;4.00;1;1;1;61;0;2678193;1054;0
11;19;78;7;26;23;1;3.60;2;1;1;62;0;2678301;2564;0
11;19;78;7;26;23;72;3.60;1;1;1;60;0;2678372;155;0
11;19;78;7;26;26;37;3.40;1;1;1;58;0;2678637;243;0
11;19;78;7;26;26;48;3.80;2;1;1;59;0;2678648;326;0
11;19;78;7;26;28;47;4.40;2;1;1;59;0;2678847;175;0
11;19;78;7;26;29;37;3.40;1;1;1;63;0;2678937;278;0
11;19;78;7;26;30;60;3.60;2;1;1;57;0;2679060;186;0
11;19;78;7;26;30;95;5.60;4;2;1;59;0;2679095;2009;0
11;19;78;7;26;31;29;4.40;2;1;1;57;0;2679129;46;0
11;19;78;7;26;33;40;3.60;4;2;1;62;0;2679340;210;0
11;19;78;7;26;34;27;3.20;3;2;1;62;0;2679427;2230;0
11;19;78;7;26;34;26;3.40;1;1;1;53;0;2679426;469;0
11;19;78;7;26;35;98;3.20;4;2;1;62;0;2679598;237;0
11;19;78;7;26;35;57;2.60;2;1;1;19;0;2679557;400;0
11;19;78;7;26;36;76;10.20;1;1;2;49;0;2679676;226;0
11;19;78;7;26;37;71;4.00;2;1;1;49;0;2679771;164;0
11;19;78;7;26;38;5;3.80;4;2;1;64;0;2679805;188;0
11;19;78;7;26;38;57;3.60;1;1;1;52;0;2679857;106;0
11;19;78;7;26;39;83;3.60;1;1;1;52;0;2679983;101;0
11;19;78;7;26;39;92;6.40;2;1;2;58;0;2679992;191;0
11;19;78;7;26;40;77;3.40;4;2;1;60;0;2680077;250;0
11;19;78;7;26;41;14;3.20;1;1;1;51;0;2680114;106;0
11;19;78;7;26;42;11;4.60;2;1;1;54;0;2680211;179;0
11;19;78;7;26;42;94;3.60;1;1;1;50;0;2680294;157;2679676
11;19;78;7;26;44;57;3.60;1;1;1;49;0;2680457;137;2679676
11;19;78;7;26;45;97;3.20;1;1;1;50;0;2680597;113;2679676
11;19;78;7;26;46;63;3.80;4;2;1;55;0;2680663;565;0
11;19;78;7;26;47;46;3.60;1;1;1;49;0;2680746;125;2679676
11;19;78;7;26;48;24;4.20;2;1;1;50;0;2680824;582;0
11;19;78;7;26;51;84;3.20;1;1;1;46;0;2681184;411;0
11;19;78;7;26;52;69;3.60;3;2;1;62;0;2681269;1823;0
11;19;78;7;26;54;2;3.20;1;1;1;44;0;2681402;192;0
11;19;78;7;26;54;96;3.20;2;1;1;57;0;2681496;641;0
11;19;78;7;26;56;14;3.60;1;1;1;44;0;2681614;185;0
11;19;78;7;26;57;20;3.80;4;2;1;60;0;2681720;1032;0
11;19;78;7;26;57;20;3.60;1;1;1;44;0;2681720;76;0
11;19;78;7;26;59;25;3.80;1;1;1;44;0;2681925;175;2681184
11;19;78;7;27;1;19;3.80;1;1;1;47;0;2682119;162;2681184
11;19;78;7;27;5;21;3.00;1;1;1;50;0;2682521;372;0
11;19;78;7;27;8;13;3.80;1;1;1;53;0;2682813;270;0
11;19;78;7;27;11;57;3.60;1;1;1;54;0;2683157;318;0
11;19;78;7;27;12;95;3.40;1;1;1;57;0;2683295;114;0
11;19;78;7;27;15;10;3.60;2;1;1;57;0;2683510;1993;0
11;19;78;7;27;17;38;3.80;2;1;1;58;0;2683738;205;0
11;19;78;7;27;18;17;3.80;1;1;1;55;0;2683817;500;0
11;19;78;7;27;18;85;3.60;2;1;1;55;0;2683885;123;0
11;19;78;7;27;20;27;3.40;4;2;1;71;0;2684027;2284;0
11;19;78;7;27;23;12;3.80;4;2;1;61;0;2684312;267;0
11;19;78;7;27;23;49;4.60;1;1;1;46;0;2684349;507;0
11;19;78;7;27;25;24;3.60;1;1;1;47;0;2684524;139;0
11;19;78;7;27;25;84;3.80;3;2;1;63;0;2684584;3294;0
11;19;78;7;27;26;13;10.00;4;2;2;68;0;2684613;278;0
11;19;78;7;27;26;98;3.60;1;1;1;48;0;2684698;146;0
11;19;78;7;27;27;21;3.40;3;2;1;62;0;2684721;115;0
11;19;78;7;27;28;2;3.80;2;1;1;60;0;2684802;893;0
11;19;78;7;27;28;15;3.60;1;1;1;48;0;2684815;90;0
11;19;78;7;27;29;18;3.60;1;1;1;47;0;2684918;76;2684349
11;19;78;7;27;29;30;3.20;3;2;1;64;0;2684930;189;2684349
11;19;78;7;27;30;7;3.60;3;2;1;63;0;2685007;59;2684349
11;19;78;7;27;30;33;3.60;4;2;1;59;0;2685033;367;0
11;19;78;7;27;30;34;3.60;2;1;1;53;0;2685034;209;0
11;19;78;7;27;30;71;4.00;1;1;1;45;0;2685071;125;2684349
11;19;78;7;27;31;46;3.60;3;2;1;61;0;2685146;118;2684584
11;19;78;7;27;31;45;4.40;4;2;1;57;0;2685145;90;2684584
11;19;78;7;27;31;96;3.80;1;1;1;46;0;2685196;93;2684349
11;19;78;7;27;32;7;3.40;2;1;1;53;0;2685207;148;2684349
11;19;78;7;27;33;16;3.60;3;2;1;60;0;2685316;148;2684584
11;19;78;7;27;33;51;3.80;4;2;1;61;0;2685351;178;2684584
11;19;78;7;27;33;34;3.80;1;1;1;42;0;2685334;108;2684349
11;19;78;7;27;34;27;3.40;3;2;1;61;0;2685427;89;2684584
11;19;78;7;27;35;6;3.80;4;2;1;68;0;2685506;132;2684584
11;19;78;7;27;34;99;3.60;1;1;1;45;0;2685499;132;2684349
11;19;78;7;27;35;9;3.60;3;2;1;60;0;2685509;61;2684584
11;19;78;7;27;36;23;3.40;3;2;1;61;0;2685623;92;2684584
11;19;78;7;27;36;68;3.60;1;1;1;43;0;2685668;140;2684349
11;19;78;7;27;38;60;3.00;4;2;1;57;0;2685860;333;0
11;19;78;7;27;38;65;3.60;1;1;1;45;0;2685865;166;2684349
11;19;78;7;27;39;70;3.40;1;1;1;46;0;2685970;76;2684349
11;19;78;7;27;40;26;3.80;3;2;1;64;0;2686026;382;0
11;19;78;7;27;40;42;3.80;2;1;1;58;0;2686042;811;0
11;19;78;7;27;41;15;3.60;4;2;1;56;0;2686115;236;0
11;19;78;7;27;41;17;10.60;1;1;7;43;0;2686117;120;2684349
11;19;78;7;27;42;63;4.20;3;2;1;59;0;2686263;215;0
11;19;78;7;27;43;24;3.60;1;1;1;42;0;2686324;118;2684349
11;19;78;7;27;43;75;3.60;4;2;1;58;0;2686375;236;0
11;19;78;7;27;44;44;3.20;3;2;1;59;0;2686444;155;0
11;19;78;7;27;45;52;3.40;4;2;1;59;0;2686552;154;0
11;19;78;7;27;45;62;3.80;3;2;1;57;0;2686562;98;0
11;19;78;7;27;46;27;3.40;1;1;1;43;0;2686627;272;0
11;19;78;7;27;46;69;3.80;2;1;1;50;0;2686669;603;0
11;19;78;7;27;46;91;3.40;4;2;1;60;0;2686691;118;0
11;19;78;7;27;47;18;3.60;3;2;1;59;0;2686718;132;0
11;19;78;7;27;49;15;3.60;3;2;1;61;0;2686915;175;2686263
11;19;78;7;27;50;32;6.00;4;2;1;53;0;2687032;320;0
11;19;78;7;27;51;32;3.60;3;2;1;55;0;2687132;195;2686263
11;19;78;7;27;53;34;7.80;4;2;1;57;0;2687334;261;0
11;19;78;7;27;54;56;3.40;3;2;1;60;0;2687456;300;0
11;19;78;7;27;56;15;5.00;3;2;1;58;0;2687615;138;0
11;19;78;7;28;15;11;3.60;4;2;1;66;0;2689511;2127;0
11;19;78;7;28;16;24;3.80;1;1;1;62;0;2689624;2968;0
11;19;78;7;28;23;12;3.80;3;2;1;70;0;2690312;2665;0
11;19;78;7;28;24;5;3.60;2;1;1;58;0;2690405;3708;0
11;19;78;7;28;24;34;4.00;3;2;1;66;0;2690434;102;0
11;19;78;7;28;25;11;4.20;4;2;1;64;0;2690511;980;0
11;19;78;7;28;29;24;3.40;3;2;1;61;0;2690924;468;0
11;19;78;7;28;29;58;3.80;2;1;1;54;0;2690958;530;0
11;19;78;7;28;29;98;3.80;1;1;1;57;0;2690998;1351;0
11;19;78;7;28;31;9;4.00;2;1;1;57;0;2691109;125;0
11;19;78;7;28;33;13;3.60;2;1;1;56;0;2691313;178;0
11;19;78;7;28;34;48;3.40;2;1;1;53;0;2691448;111;0
11;19;78;7;28;35;28;3.20;1;1;1;57;0;2691528;506;0
11;19;78;7;28;35;38;19.60;4;2;5;63;0;2691538;1003;0
11;19;78;7;28;36;82;19.60;1;1;5;57;0;2691682;133;0
11;19;78;7;28;37;87;3.60;2;1;1;61;0;2691787;315;0
11;19;78;7;28;38;83;3.80;2;1;1;60;0;2691883;74;0
11;19;78;7;28;40;11;3.60;1;1;1;52;0;2692011;205;0
11;19;78;7;28;40;38;3.20;2;1;1;57;0;2692038;132;0
11;19;78;7;28;41;10;4.00;4;2;1;55;0;2692110;460;0
11;19;78;7;28;41;13;3.20;1;1;1;54;0;2692113;77;0
11;19;78;7;28;42;14;3.80;1;1;1;58;0;2692214;79;0
11;19;78;7;28;43;32;4.60;2;1;1;60;0;2692332;273;0
11;19;78;7;28;43;93;4.00;1;1;1;54;0;2692393;155;0
11;19;78;7;28;45;31;3.60;1;1;1;52;0;2692531;111;2692011
11;19;78;7;28;47;6;4.60;1;1;1;51;0;2692706;150;2692011
11;19;78;7;28;48;95;3.00;3;2;1;62;0;2692895;1950;0
11;19;78;7;28;50;42;4.20;1;1;1;51;0;2693042;303;0
11;19;78;7;28;52;51;3.20;1;1;1;48;0;2693251;179;0
11;19;78;7;28;53;46;3.60;4;2;1;65;0;2693346;1209;0
11;19;78;7;28;53;96;4.80;1;1;1;47;0;2693396;121;0
11;19;78;7;28;55;12;3.60;4;2;1;60;0;2693512;146;0
11;19;78;7;28;55;60;3.40;1;1;1;46;0;2693560;127;0
11;19;78;7;28;56;90;3.80;4;2;1;60;0;2693690;156;0
11;19;78;7;28;56;87;3.80;1;1;1;47;0;2693687;100;2693042
11;19;78;7;29;1;14;3.60;1;1;1;50;0;2694114;397;0
11;19;78;7;29;2;18;3.60;1;1;1;47;0;2694218;78;0
11;19;78;7;29;3;27;3.20;1;1;1;45;0;2694327;81;0
11;19;78;7;29;4;36;3.40;1;1;1;42;0;2694436;83;0
11;19;78;7;29;5;18;4.00;3;2;1;66;0;2694518;1605;0
11;19;78;7;29;5;47;3.60;2;1;1;64;0;2694547;2187;0
11;19;78;7;29;5;75;3.60;1;1;1;43;0;2694575;109;2694114
11;19;78;7;29;7;23;3.60;1;1;1;42;0;2694723;117;2694114
11;19;78;7;29;8;50;4.40;4;2;1;55;0;2694850;1137;0
11;19;78;7;29;8;98;4.60;1;1;1;42;0;2694898;144;2694114
11;19;78;7;29;9;36;9.60;2;1;2;56;0;2694936;368;0
11;19;78;7;29;10;63;3.20;2;1;1;50;0;2695063;65;0
11;19;78;7;29;11;0;3.40;3;2;1;62;0;2695100;560;0
11;19;78;7;29;11;10;5.20;4;2;1;59;0;2695110;231;0
11;19;78;7;29;11;83;4.20;3;2;1;58;0;2695183;63;0
11;19;78;7;29;12;21;3.60;2;1;1;52;0;2695221;134;0
11;19;78;7;29;13;16;3.20;1;1;1;43;0;2695316;378;0
11;19;78;7;29;14;0;3.80;4;2;1;59;0;2695400;258;0
11;19;78;7;29;14;55;3.20;3;2;1;59;0;2695455;245;0
11;19;78;7;29;14;45;3.80;2;1;1;44;0;2695445;199;0
11;19;78;7;29;14;85;3.80;1;1;1;41;0;2695485;142;0
11;19;78;7;29;15;75;3.40;2;1;1;45;0;2695575;98;2694936
11;19;78;7;29;15;88;3.60;3;2;1;57;0;2695588;113;2694936
11;19;78;7;29;16;27;3.60;4;2;1;59;0;2695627;203;0
11;19;78;7;29;16;93;5.00;3;2;1;55;0;2695693;82;0
11;19;78;7;29;16;27;15.40;1;1;4;38;0;2695627;108;0
11;19;78;7;29;18;15;4.60;3;2;1;59;0;2695815;89;0
11;19;78;7;29;18;56;4.40;2;1;1;47;0;2695856;253;0
11;19;78;7;29;19;71;3.20;3;2;1;59;0;2695971;127;2695455
11;19;78;7;29;19;38;5.00;1;1;1;39;0;2695938;165;2695455
11;19;78;7;29;21;0;4.40;3;2;1;59;0;2696100;109;2695455
11;19;78;7;29;21;54;3.40;1;1;1;37;0;2696154;169;2695316
11;19;78;7;29;22;26;4.00;3;2;1;60;0;2696226;99;2695455
11;19;78;7;29;22;81;14.40;4;2;3;59;0;2696281;632;0
11;19;78;7;29;23;48;3.60;2;1;1;55;0;2696348;458;0
11;19;78;7;29;23;62;3.40;3;2;1;61;0;2696362;112;2695455
11;19;78;7;29;24;19;4.60;1;1;1;37;0;2696419;231;0
11;19;78;7;29;24;85;4.00;2;1;1;54;0;2696485;113;0
11;19;78;7;29;25;0;3.20;3;2;1;59;0;2696500;117;2695455
11;19;78;7;29;25;45;3.60;1;1;1;37;0;2696545;81;2695455
11;19;78;7;29;25;97;3.60;3;2;1;60;0;2696597;77;2695455
11;19;78;7;29;26;31;3.60;2;1;1;53;0;2696631;119;2695455
11;19;78;7;29;26;81;3.60;4;2;1;54;0;2696681;312;0
11;19;78;7;29;27;21;3.20;1;1;1;33;0;2696721;140;0
11;19;78;7;29;28;66;3.60;3;2;1;61;0;2696866;247;0
11;19;78;7;29;29;37;3.60;4;2;1;53;0;2696937;232;0
11;19;78;7;29;28;44;11.00;1;1;2;32;0;2696844;88;0
11;19;78;7;29;30;17;3.20;3;2;1;57;0;2697017;129;0
11;19;78;7;29;30;60;4.60;2;1;1;58;0;2697060;404;0
11;19;78;7;29;31;9;3.00;4;2;1;52;0;2697109;147;0
11;19;78;7;29;31;66;3.00;3;2;1;56;0;2697166;128;0
11;19;78;7;29;32;29;3.40;1;1;1;37;0;2697229;261;0
11;19;78;7;29;33;7;3.40;3;2;1;55;0;2697307;121;0
11;19;78;7;29;33;29;3.60;1;1;1;34;0;2697329;66;0
11;19;78;7;29;33;96;3.20;4;2;1;54;0;2697396;266;0
11;19;78;7;29;36;16;3.40;3;2;1;57;0;2697616;286;0
11;19;78;7;29;36;11;3.40;1;1;1;39;0;2697611;243;0
11;19;78;7;29;36;41;4.40;2;1;1;49;0;2697641;552;0
11;19;78;7;29;41;30;22.00;1;1;5;48;0;2698130;487;0
11;19;78;7;29;43;57;4.00;2;1;1;54;0;2698357;683;0
11;19;78;7;29;43;99;3.80;1;1;1;46;0;2698399;104;0
11;19;78;7;29;44;92;3.20;1;1;1;46;0;2698492;63;0
11;19;78;7;29;47;0;4.40;1;1;1;47;0;2698700;182;0
11;19;78;7;29;59;22;3.20;4;2;1;60;0;2699922;2504;0
11;19;78;7;30;1;88;3.40;4;2;1;58;0;2700188;246;0
11;19;78;7;30;4;46;3.20;4;2;1;57;0;2700446;236;0
11;19;78;7;30;10;42;3.40;4;2;1;54;0;2701042;575;0
11;19;78;7;30;12;22;4.40;4;2;1;54;0;2701222;157;0
11;19;78;7;30;15;69;3.40;3;2;1;61;0;2701569;3931;0
11;19;78;7;30;18;34;3.00;4;2;1;64;0;2701834;582;0
11;19;78;7;30;21;78;3.60;4;2;1;56;0;2702178;327;0
11;19;78;7;30;22;38;3.20;3;2;1;63;0;2702238;648;0
11;19;78;7;30;22;60;4.00;2;1;1;64;0;2702260;3876;0
11;19;78;7;30;23;17;3.60;1;1;1;55;0;2702317;3583;0
11;19;78;7;30;24;14;3.60;3;2;1;62;0;2702414;157;0
11;19;78;7;30;25;90;14.20;4;2;4;59;0;2702590;388;0
11;19;78;7;30;28;51;7.00;2;1;1;74;0;2702851;568;0
11;19;78;7;30;29;83;3.40;4;2;1;56;0;2702983;306;0
11;19;78;7;30;30;28;3.20;1;1;1;64;0;2703028;687;0
11;19;78;7;30;31;75;4.00;1;1;1;59;0;2703175;129;0
11;19;78;7;30;32;71;3.80;1;1;1;58;0;2703271;71;0
11;19;78;7;30;33;25;3.80;2;1;1;62;0;2703325;439;0
11;19;78;7;30;34;21;3.20;1;1;1;57;0;2703421;126;0
11;19;78;7;30;35;78;3.00;4;2;1;57;0;2703578;573;0
11;19;78;7;30;36;12;3.60;2;1;1;56;0;2703612;264;0
11;19;78;7;30;37;13;4.00;2;1;1;57;0;2703713;77;0
11;19;78;7;30;39;0;3.60;2;1;1;55;0;2703900;161;0
11;19;78;7;30;39;31;4.00;1;1;1;55;0;2703931;489;0
11;19;78;7;30;39;71;3.60;4;2;1;64;0;2703971;374;0
11;19;78;7;30;40;57;3.60;1;1;1;54;0;2704057;99;0
11;19;78;7;30;42;38;3.80;2;1;1;54;0;2704238;314;0
11;19;78;7;30;42;64;4.60;1;1;1;52;0;2704264;183;0
11;19;78;7;30;44;4;5.00;1;1;1;50;0;2704404;108;0
11;19;78;7;30;44;24;3.20;2;1;1;51;0;2704424;160;0
11;19;78;7;30;45;9;4.40;1;1;1;49;0;2704509;69;2703931
11;19;78;7;30;46;55;3.20;2;1;1;54;0;2704655;208;0
11;19;78;7;30;46;85;3.80;1;1;1;50;0;2704685;143;2703931
11;19;78;7;30;47;48;3.00;4;2;1;63;0;2704748;756;0
11;19;78;7;30;47;64;3.80;3;2;1;62;0;2704764;2329;0
11;19;78;7;30;47;67;4.60;1;1;1;50;0;2704767;54;2703931
11;19;78;7;30;48;8;3.80;2;1;1;54;0;2704808;131;2703931
11;19;78;7;30;48;88;3.40;2;1;1;54;0;2704888;54;2703931
11;19;78;7;30;49;27;3.60;4;2;1;62;0;2704927;161;2703931
11;19;78;7;30;49;30;6.40;1;1;1;51;0;2704930;129;2703931
11;19;78;7;30;50;49;3.40;3;2;1;62;0;2705049;262;0
11;19;78;7;30;50;48;3.20;2;1;1;50;0;2705048;137;0
11;19;78;7;30;51;43;4.00;1;1;1;50;0;2705143;167;2703931
11;19;78;7;30;51;67;3.60;4;2;1;60;0;2705167;219;0
11;19;78;7;30;51;96;3.80;2;1;1;49;0;2705196;124;2704655
11;19;78;7;30;52;11;3.80;3;2;1;60;0;2705211;142;2704655
11;19;78;7;30;53;13;3.60;3;2;1;61;0;2705313;79;2704655
11;19;78;7;30;53;29;3.40;1;1;1;50;0;2705329;157;2703931
11;19;78;7;30;53;30;3.00;2;1;1;18;0;2705330;106;2704655
11;19;78;7;30;54;72;3.80;1;1;1;51;0;2705472;118;2703931
11;19;78;7;30;55;2;3.80;2;1;1;51;0;2705502;112;2704655
11;19;78;7;30;55;71;3.60;4;2;1;57;0;2705571;382;0
11;19;78;7;30;55;95;3.60;1;1;1;50;0;2705595;96;2703931
11;19;78;7;30;56;71;3.80;3;2;1;71;0;2705671;336;0
11;19;78;7;30;56;83;5.20;1;1;1;48;0;2705683;62;2703931
11;19;78;7;30;58;29;4.00;3;2;1;66;0;2705829;138;2703931
11;19;78;7;30;58;78;4.80;1;1;1;46;0;2705878;156;2703931
11;19;78;7;30;59;54;3.20;4;2;1;55;0;2705954;360;0
11;19;78;7;31;0;5;3.60;3;2;1;61;0;2706005;154;0
11;19;78;7;31;0;0;3.80;1;1;1;46;0;2706000;84;2703931
11;19;78;7;31;1;77;4.40;3;2;1;60;0;2706177;150;2703931
11;19;78;7;31;1;77;3.20;4;2;1;55;0;2706177;202;0
11;19;78;7;31;3;67;3.80;1;1;1;51;0;2706367;337;0
11;19;78;7;31;3;86;3.20;3;2;1;63;0;2706386;182;2705671
11;19;78;7;31;3;81;3.40;4;2;1;54;0;2706381;183;2705671
11;19;78;7;31;4;45;3.80;2;1;1;59;0;2706445;916;0
11;19;78;7;31;4;74;4.60;3;2;1;60;0;2706474;69;2705671
11;19;78;7;31;5;15;3.60;1;1;1;50;0;2706515;121;2705671
11;19;78;7;31;5;86;3.60;2;1;1;58;0;2706586;117;2705671
11;19;78;7;31;6;39;3.20;4;2;1;53;0;2706639;235;0
11;19;78;7;31;6;44;3.80;3;2;1;59;0;2706644;142;2705671
11;19;78;7;31;7;20;3.40;1;1;1;48;0;2706720;179;2705671
11;19;78;7;31;7;34;3.60;4;2;1;54;0;2706734;73;2705671
11;19;78;7;31;8;18;4.20;1;1;1;48;0;2706818;72;2705671
11;19;78;7;31;8;79;3.40;3;2;1;60;0;2706879;211;0
11;19;78;7;31;9;45;3.80;1;1;1;49;0;2706945;95;2706367
11;19;78;7;31;10;2;3.80;3;2;1;59;0;2707002;102;2706367
11;19;78;7;31;10;24;2.80;4;2;1;54;0;2707024;266;0
11;19;78;7;31;10;91;3.60;3;2;1;63;0;2707091;65;0
11;19;78;7;31;12;32;4.40;3;2;1;60;0;2707232;120;0
11;19;78;7;31;13;19;3.80;4;2;1;53;0;2707319;276;0
11;19;78;7;31;13;68;3.80;3;2;1;59;0;2707368;109;2706879
11;19;78;7;31;14;29;3.60;1;1;1;52;0;2707429;456;0
11;19;78;7;31;14;50;4.40;4;2;1;51;0;2707450;105;0
11;19;78;7;31;15;55;3.60;3;2;1;58;0;2707555;163;2706879
11;19;78;7;31;17;11;3.40;3;2;1;59;0;2707711;133;2706879
11;19;78;7;31;19;19;3.60;1;1;1;62;0;2707919;465;0
11;19;78;7;31;19;32;3.40;2;1;1;54;0;2707932;1323;0
11;19;78;7;31;20;50;3.20;2;1;1;52;0;2708050;95;0
11;19;78;7;31;20;70;3.60;1;1;1;61;0;2708070;130;0
11;19;78;7;31;27;10;3.20;1;1;1;57;0;2708710;618;0
11;19;78;7;31;28;41;4.00;1;1;1;57;0;2708841;110;0
11;19;78;7;31;30;60;4.60;2;1;1;58;0;2709060;987;0
11;19;78;7;31;38;49;3.80;3;2;1;65;0;2709849;2117;0
11;19;78;7;31;41;25;3.80;3;2;1;62;0;2710125;254;0
11;19;78;7;31;41;27;3.80;2;1;1;50;0;2710127;1038;0
11;19;78;7;31;41;45;3.80;1;1;1;55;0;2710145;1278;0
11;19;78;7;31;43;5;3.40;1;1;1;54;0;2710305;135;0
11;19;78;7;31;43;63;3.40;4;2;1;63;0;2710363;2881;0
11;19;78;7;31;43;65;3.80;2;1;1;56;0;2710365;210;0
11;19;78;7;31;46;26;3.80;2;1;1;59;0;2710626;236;0
11;19;78;7;31;46;37;12.80;1;1;3;52;0;2710637;309;0
11;19;78;7;31;48;17;3.20;1;1;1;53;0;2710817;91;0
11;19;78;7;31;49;45;6.20;2;1;1;54;0;2710945;295;0
11;19;78;7;31;49;69;3.80;1;1;1;55;0;2710969;130;0
11;19;78;7;31;52;7;3.60;1;1;1;57;0;2711207;213;0
11;19;78;7;31;53;93;3.20;1;1;1;55;0;2711393;163;0
11;19;78;7;31;54;57;3.60;3;2;1;64;0;2711457;1309;0
11;19;78;7;31;55;60;3.80;1;1;1;54;0;2711560;146;0
11;19;78;7;31;55;82;3.80;4;2;1;62;0;2711582;1199;0
11;19;78;7;31;57;24;3.80;3;2;1;62;0;2711724;246;0
11;19;78;7;32;0;58;3.40;4;2;1;58;0;2712058;453;0
11;19;78;7;32;4;28;3.60;3;2;1;60;0;2712428;681;0
11;19;78;7;32;10;37;20.40;4;2;5;64;0;2713037;957;0
11;19;78;7;32;11;76;4.80;3;2;1;70;0;2713176;726;0
11;19;78;7;32;12;27;3.20;4;2;1;63;0;2713227;75;0
11;19;78;7;32;15;27;3.60;1;1;1;53;0;2713527;1941;0
11;19;78;7;32;18;85;11.60;4;2;3;62;0;2713885;639;0
11;19;78;7;32;19;74;4.80;1;1;1;55;0;2713974;422;0
11;19;78;7;32;23;62;3.60;3;2;1;68;0;2714362;1161;0
11;19;78;7;32;25;55;3.60;3;2;1;65;0;2714555;173;0
11;19;78;7;32;26;54;3.00;4;2;1;60;0;2714654;701;0
11;19;78;7;32;31;48;3.00;4;2;1;59;0;2715148;476;0
11;19;78;7;32;32;1;8.00;3;2;2;57;0;2715201;626;0
11;19;78;7;32;33;25;3.80;4;2;1;57;0;2715325;158;0
11;19;78;7;32;33;99;3.60;3;2;1;64;0;2715399;147;0
11;19;78;7;32;35;28;3.20;4;2;1;59;0;2715528;179;0
11;19;78;7;32;35;75;4.00;3;2;1;58;0;2715575;155;0
11;19;78;7;32;36;83;3.60;3;2;1;59;0;2715683;83;0
11;19;78;7;32;37;14;3.40;4;2;1;58;0;2715714;166;0
11;19;78;7;32;38;52;3.60;4;2;1;58;0;2715852;116;2715148
11;19;78;7;32;39;68;3.40;3;2;1;60;0;2715968;263;0
11;19;78;7;32;39;89;3.80;1;1;1;58;0;2715989;1983;0
11;19;78;7;32;40;98;3.60;3;2;1;59;0;2716098;109;0
11;19;78;7;32;42;59;3.80;1;1;1;56;0;2716259;246;0
11;19;78;7;32;43;94;3.40;3;2;1;53;0;2716394;274;0
11;19;78;7;32;43;78;8.60;4;2;1;61;0;2716378;503;0
11;19;78;7;32;45;4;3.40;1;1;1;57;0;2716504;220;0
11;19;78;7;32;45;34;3.00;3;2;1;58;0;2716534;116;0
11;19;78;7;32;46;47;3.40;4;2;1;58;0;2716647;218;0
11;19;78;7;32;46;63;3.80;3;2;1;59;0;2716663;110;0
11;19;78;7;32;47;80;4.20;3;2;1;61;0;2716780;93;0
11;19;78;7;32;48;19;3.80;1;1;1;62;0;2716819;293;0
11;19;78;7;32;48;9;4.20;4;2;1;59;0;2716809;140;0
11;19;78;7;32;49;23;5.20;2;1;1;64;0;2716923;5936;0
11;19;78;7;32;49;45;4.00;3;2;1;59;0;2716945;140;2716394
11;19;78;7;32;50;50;4.80;1;1;1;62;0;2717050;208;0
11;19;78;7;32;52;22;3.40;4;2;1;58;0;2717222;387;0
11;19;78;7;32;52;89;4.20;3;2;1;55;0;2717289;319;0
11;19;78;7;32;53;61;3.80;2;1;1;61;0;2717361;408;0
11;19;78;7;32;53;97;3.60;4;2;1;55;0;2717397;153;0
11;19;78;7;32;54;20;3.40;1;1;1;60;0;2717420;342;0
11;19;78;7;32;55;15;3.80;3;2;1;54;0;2717515;198;0
11;19;78;7;32;55;86;3.80;1;1;1;59;0;2717586;145;0
11;19;78;7;32;55;85;5.00;4;2;1;56;0;2717585;164;0
11;19;78;7;32;57;19;3.80;3;2;1;56;0;2717719;178;0
11;19;78;7;32;57;29;3.00;4;2;1;54;0;2717729;111;0
11;19;78;7;32;58;60;3.40;4;2;1;54;0;2717860;111;2717222
11;19;78;7;32;58;61;3.60;3;2;1;57;0;2717861;117;2717222
11;19;78;7;32;58;95;3.40;2;1;1;56;0;2717895;511;0
11;19;78;7;32;59;54;3.80;3;2;1;57;0;2717954;70;2717289
11;19;78;7;32;59;91;3.80;1;1;1;54;0;2717991;381;0
11;19;78;7;33;0;26;4.80;4;2;1;55;0;2718026;143;2717222
11;19;78;7;33;0;59;3.40;2;1;1;54;0;2718059;142;2717222
11;19;78;7;33;1;49;3.60;3;2;1;57;0;2718149;171;2717289
11;19;78;7;33;1;94;3.80;1;1;1;53;0;2718194;177;2717289
11;19;78;7;33;2;41;3.40;4;2;1;54;0;2718241;183;2717222
11;19;78;7;33;2;58;3.40;2;1;1;58;0;2718258;176;2717222
11;19;78;7;33;3;57;3.60;1;1;1;55;0;2718357;137;2717222
11;19;78;7;33;4;93;4.00;2;1;1;57;0;2718493;213;0
11;19;78;7;33;4;96;4.00;1;1;1;55;0;2718496;115;0
11;19;78;7;33;5;93;3.80;1;1;1;55;0;2718593;70;2717991
11;19;78;7;33;6;93;3.80;2;1;1;58;0;2718693;174;2717991
11;19;78;7;33;7;10;5.40;1;1;1;54;0;2718710;92;2717991
11;19;78;7;33;8;50;4.20;2;1;1;57;0;2718850;133;2717991
11;19;78;7;33;8;54;3.80;1;1;1;55;0;2718854;108;2717991
11;19;78;7;33;10;2;3.40;2;1;1;56;0;2719002;125;2717991
11;19;78;7;33;11;38;3.20;2;1;1;60;0;2719138;114;2718493
11;19;78;7;33;11;68;3.60;1;1;1;52;0;2719168;289;0
11;19;78;7;33;12;89;3.60;2;1;1;60;0;2719289;131;2718493
11;19;78;7;33;13;33;5.00;1;1;1;50;0;2719333;140;2718493
11;19;78;7;33;15;13;3.40;1;1;1;49;0;2719513;144;2718493
11;19;78;7;33;15;32;3.80;4;2;1;59;0;2719532;1268;0
11;19;78;7;33;15;48;3.40;3;2;1;59;0;2719548;1376;0
11;19;78;7;33;15;53;3.60;2;1;1;57;0;2719553;242;0
11;19;78;7;33;17;3;4.00;1;1;1;49;0;2719703;165;0
11;19;78;7;33;17;94;3.80;2;1;1;56;0;2719794;218;0
11;19;78;7;33;18;1;3.20;1;1;1;49;0;2719801;68;2719168
11;19;78;7;33;19;87;9.80;1;1;2;48;0;2719987;162;2719168
11;19;78;7;33;20;72;3.20;4;2;1;60;0;2720072;516;0
11;19;78;7;33;21;6;5.00;2;1;1;56;0;2720106;287;0
11;19;78;7;33;21;43;3.80;1;1;1;47;0;2720143;82;2719168
11;19;78;7;33;22;67;3.80;1;1;1;47;0;2720267;94;2719168
11;19;78;7;33;23;84;3.60;4;2;1;59;0;2720384;292;0
11;19;78;7;33;24;8;3.60;1;1;1;46;0;2720408;111;2719168
11;19;78;7;33;24;73;3.60;2;1;1;59;0;2720473;334;0
11;19;78;7;33;25;72;4.60;1;1;1;45;0;2720572;135;2719168
11;19;78;7;33;26;59;3.40;2;1;1;57;0;2720659;164;2719168
11;19;78;7;33;27;55;3.60;1;1;1;46;0;2720755;146;2719168
11;19;78;7;33;28;1;4.60;2;1;1;54;0;2720801;120;2719168
11;19;78;7;33;28;52;3.60;1;1;1;45;0;2720852;68;2719168
11;19;78;7;33;31;6;3.60;3;2;1;73;0;2721106;1537;0
11;19;78;7;33;31;1;3.60;1;1;1;46;0;2721101;220;0
11;19;78;7;33;31;44;3.60;2;1;1;55;0;2721144;312;0
11;19;78;7;33;32;54;3.80;1;1;1;46;0;2721254;124;0
11;19;78;7;33;34;24;3.60;1;1;1;47;0;2721424;140;0
11;19;78;7;33;36;83;5.80;1;1;1;51;0;2721683;231;0
11;19;78;7;33;38;31;3.20;1;1;1;51;0;2721831;107;0
11;19;78;7;33;40;21;3.20;4;2;1;63;0;2722021;1615;0
11;19;78;7;33;40;17;3.20;1;1;1;49;0;2722017;163;0
11;19;78;7;33;42;8;3.60;1;1;1;46;0;2722208;167;0
11;19;78;7;33;42;51;4.00;4;2;1;62;0;2722251;211;0
11;19;78;7;33;42;72;3.60;3;2;1;57;0;2722272;1148;0
11;19;78;7;33;43;17;3.40;4;2;1;62;0;2722317;42;0
11;19;78;7;33;43;31;3.60;1;1;1;44;0;2722331;94;2721683
11;19;78;7;33;44;41;3.20;3;2;1;62;0;2722441;146;2721683
11;19;78;7;33;44;62;3.40;4;2;1;59;0;2722462;125;2721683
11;19;78;7;33;44;87;10.20;1;1;7;44;0;2722487;126;2721683
11;19;78;7;33;45;84;4.40;4;2;1;59;0;2722584;101;2721683
11;19;78;7;33;47;51;3.40;4;2;1;58;0;2722751;140;2722251
11;19;78;7;33;47;68;4.00;2;1;1;55;0;2722768;1600;0
11;19;78;7;33;49;5;3.40;1;1;1;59;0;2722905;334;0
11;19;78;7;33;49;98;3.60;2;1;1;58;0;2722998;203;0
11;19;78;7;33;50;85;3.40;1;1;1;47;0;2723085;159;0
11;19;78;7;33;51;75;3.80;3;2;1;61;0;2723175;715;0
11;19;78;7;33;51;74;10.00;1;1;2;44;0;2723174;62;0
11;19;78;7;33;54;21;8.20;1;1;2;46;0;2723421;165;0
11;19;78;7;33;55;57;6.80;1;1;1;46;0;2723557;71;2722905
11;19;78;7;33;57;96;3.40;1;1;1;45;0;2723796;185;2722905
11;19;78;7;33;57;40;11.40;4;2;3;50;0;2723740;967;0
11;19;78;7;34;0;68;3.60;1;1;1;45;0;2724068;244;0
11;19;78;7;34;2;59;3.60;1;1;1;47;0;2724259;162;0
11;19;78;7;34;3;68;5.00;1;1;1;51;0;2724368;81;0
11;19;78;7;34;5;88;3.60;4;2;1;61;0;2724588;765;0
11;19;78;7;34;6;14;3.00;1;1;1;48;0;2724614;210;0
11;19;78;7;34;6;66;3.60;3;2;1;70;0;2724666;1468;0
11;19;78;7;34;6;84;3.60;2;1;1;56;0;2724684;1663;0
11;19;78;7;34;7;63;4.60;1;1;1;51;0;2724763;126;0
11;19;78;7;34;8;46;3.80;1;1;1;51;0;2724846;50;0
11;19;78;7;34;9;57;4.40;3;2;1;70;0;2724957;272;0
11;19;78;7;34;10;38;3.00;1;1;1;48;0;2725038;165;0
11;19;78;7;34;10;83;3.40;3;2;1;65;0;2725083;103;0
11;19;78;7;34;11;55;3.60;1;1;1;51;0;2725155;94;2724614
11;19;78;7;34;12;12;3.40;3;2;1;61;0;2725212;110;2724614
11;19;78;7;34;13;44;3.60;3;2;1;58;0;2725344;111;2724614
11;19;78;7;34;12;58;21.40;4;2;5;60;0;2725258;648;0
11;19;78;7;34;14;24;4.20;1;1;1;54;0;2725424;243;0
11;19;78;7;34;14;88;3.80;3;2;1;64;0;2725488;121;2724957
11;19;78;7;34;17;1;3.60;4;2;1;67;0;2725701;314;0
11;19;78;7;34;17;46;3.60;3;2;1;23;0;2725746;236;0
11;19;78;7;34;19;26;3.00;3;2;1;62;0;2725926;123;0
11;19;78;7;34;20;31;9.40;4;2;2;61;0;2726031;310;0
11;19;78;7;34;21;86;3.80;3;2;1;61;0;2726186;242;0
11;19;78;7;34;22;48;4.60;4;2;1;61;0;2726248;161;0
11;19;78;7;34;23;13;3.80;3;2;1;61;0;2726313;104;0
11;19;78;7;34;24;7;4.00;3;2;1;60;0;2726407;71;0
11;19;78;7;34;24;22;6.00;4;2;1;56;0;2726422;146;0
11;19;78;7;34;25;61;3.80;3;2;1;57;0;2726561;130;0
11;19;78;7;34;25;68;3.80;4;2;1;56;0;2726568;107;0
11;19;78;7;34;26;84;3.80;3;2;1;58;0;2726684;99;2726186
11;19;78;7;34;30;15;3.60;3;2;1;52;0;2727015;307;0
11;19;78;7;34;32;5;4.00;3;2;1;52;0;2727205;165;0
11;19;78;7;34;33;11;3.80;4;2;1;56;0;2727311;718;0
11;19;78;7;34;33;61;3.40;3;2;1;49;0;2727361;128;0
11;19;78;7;34;34;69;3.60;3;2;1;50;0;2727469;83;0
11;19;78;7;34;35;4;3.40;4;2;1;51;0;2727504;168;0
11;19;78;7;34;36;63;3.40;3;2;1;53;0;2727663;168;2727015
11;19;78;7;34;38;47;3.80;3;2;1;53;0;2727847;160;2727015
11;19;78;7;34;39;4;3.40;4;2;1;56;0;2727904;376;0
11;19;78;7;34;46;7;3.80;1;1;1;53;0;2728607;3155;0
11;19;78;7;34;49;62;3.60;1;1;1;62;0;2728962;329;0
11;19;78;7;34;54;38;3.80;4;2;1;63;0;2729438;1512;0
11;19;78;7;34;55;63;11.40;1;1;3;43;0;2729563;580;0
11;19;78;7;35;0;5;3.20;1;1;1;51;0;2730005;346;0
11;19;78;7;35;0;36;3.60;4;2;1;59;0;2730036;576;0
11;19;78;7;35;0;86;3.40;1;1;1;50;0;2730086;58;0
11;19;78;7;35;1;60;3.40;4;2;1;58;0;2730160;102;0
11;19;78;7;35;1;60;3.00;2;1;1;51;0;2730160;5452;0
11;19;78;7;35;3;29;4.60;1;1;1;50;0;2730329;218;0
11;19;78;7;35;4;11;3.60;2;1;1;51;0;2730411;229;0
11;19;78;7;35;4;23;3.40;1;1;1;51;0;2730423;60;0
11;19;78;7;35;5;57;3.40;2;1;1;54;0;2730557;120;0
11;19;78;7;35;6;59;3.80;2;1;1;53;0;2730659;79;0
11;19;78;7;35;7;42;4.80;4;2;1;59;0;2730742;560;0
11;19;78;7;35;7;1;14.40;1;1;4;51;0;2730701;254;0
11;19;78;7;35;8;44;3.80;2;1;1;53;0;2730844;159;0
11;19;78;7;35;9;43;3.40;2;1;1;54;0;2730943;73;2730411
11;19;78;7;35;10;45;3.60;1;1;1;49;0;2731045;242;0
11;19;78;7;35;11;16;3.60;2;1;1;54;0;2731116;150;2730411
11;19;78;7;35;11;73;6.00;1;1;1;49;0;2731173;101;2730411
11;19;78;7;35;12;66;3.80;2;1;1;53;0;2731266;126;2730411
11;19;78;7;35;13;2;3.60;1;1;1;49;0;2731302;84;2730411
11;19;78;7;35;13;95;4.80;3;2;1;60;0;2731395;3522;0
11;19;78;7;35;13;81;9.40;2;1;2;51;0;2731381;89;2730411
11;19;78;7;35;14;41;3.60;1;1;1;48;0;2731441;112;2730411
11;19;78;7;35;15;60;3.60;1;1;1;48;0;2731560;92;2731045
11;19;78;7;35;16;50;3.40;1;1;1;43;0;2731650;63;2731045
11;19;78;7;35;17;38;3.80;2;1;1;47;0;2731738;290;0
11;19;78;7;35;18;32;3.80;1;1;1;42;0;2731832;153;2731045
11;19;78;7;35;18;40;3.60;2;1;1;47;0;2731840;72;2731045
11;19;78;7;35;18;99;3.20;4;2;1;59;0;2731899;1127;0
11;19;78;7;35;20;57;3.00;4;2;1;60;0;2732057;138;0
11;19;78;7;35;20;44;3.00;1;1;1;41;0;2732044;179;2731045
11;19;78;7;35;21;55;3.40;3;2;1;63;0;2732155;731;0
11;19;78;7;35;21;52;3.80;1;1;1;40;0;2732152;81;2731045
11;19;78;7;35;21;77;5.40;2;1;1;50;0;2732177;309;0
11;19;78;7;35;22;56;3.20;1;1;1;40;0;2732256;69;2731045
11;19;78;7;35;23;85;3.60;1;1;1;39;0;2732385;100;2731045
11;19;78;7;35;24;95;3.80;2;1;1;61;0;2732495;279;0
11;19;78;7;35;25;64;3.20;1;1;1;40;0;2732564;145;2731045
11;19;78;7;35;26;83;3.00;1;1;1;42;0;2732683;90;2731045
11;19;78;7;35;28;52;3.60;1;1;1;45;0;2732852;143;2731045
11;19;78;7;35;29;36;4.00;2;1;1;61;0;2732936;418;0
11;19;78;7;35;29;69;6.40;1;1;1;44;0;2732969;88;2731045
11;19;78;7;35;32;74;3.00;1;1;1;46;0;2733274;252;0
11;19;78;7;35;35;54;6.20;1;1;1;43;0;2733554;256;0
11;19;78;7;35;36;6;3.80;4;2;1;62;0;2733606;1531;0
11;19;78;7;35;36;42;3.60;2;1;1;55;0;2733642;682;0
11;19;78;7;35;39;13;3.60;3;2;1;73;0;2733913;1738;0
11;19;78;7;35;39;77;3.40;1;1;1;46;0;2733977;371;0
11;19;78;7;35;40;78;3.60;2;1;1;56;0;2734078;412;0
11;19;78;7;35;41;67;3.80;4;2;1;65;0;2734167;538;0
11;19;78;7;35;41;92;3.60;1;1;1;56;0;2734192;188;0
11;19;78;7;35;43;68;3.20;2;1;1;58;0;2734368;266;0
11;19;78;7;35;43;65;3.20;1;1;1;49;0;2734365;149;0
11;19;78;7;35;45;52;3.40;1;1;1;48;0;2734552;163;0
11;19;78;7;35;45;53;5.00;4;2;1;62;0;2734553;364;0
11;19;78;7;35;47;67;4.60;1;1;1;43;0;2734767;189;2733977
11;19;78;7;35;49;40;3.40;1;1;1;40;0;2734940;134;2733977
11;19;78;7;35;49;70;4.80;4;2;1;60;0;2734970;387;0
11;19;78;7;35;50;42;3.60;3;2;1;61;0;2735042;1111;0
11;19;78;7;35;50;74;5.40;1;1;1;40;0;2735074;103;2733977
11;19;78;7;35;51;54;3.60;3;2;1;62;0;2735154;90;2733977
11;19;78;7;35;52;36;3.80;3;2;1;62;0;2735236;61;2733977
11;19;78;7;35;52;12;4.20;2;1;1;60;0;2735212;824;0
11;19;78;7;35;52;45;3.80;4;2;1;60;0;2735245;246;0
11;19;78;7;35;52;13;3.20;1;1;1;39;0;2735213;90;2733977
11;19;78;7;35;54;8;3.20;3;2;1;59;0;2735408;149;2733977
11;19;78;7;35;54;66;3.80;2;1;1;58;0;2735466;228;0
11;19;78;7;35;54;77;3.20;1;1;1;44;0;2735477;234;0
11;19;78;7;35;55;88;3.00;4;2;1;61;0;2735588;320;0
11;19;78;7;35;56;60;3.60;1;1;1;43;0;2735660;156;0
11;19;78;7;35;56;76;4.60;3;2;1;61;0;2735676;248;0
11;19;78;7;35;57;31;3.60;2;1;1;59;0;2735731;241;0
11;19;78;7;35;57;41;10.80;4;2;2;57;0;2735741;135;0
11;19;78;7;35;58;46;3.80;1;1;1;43;0;2735846;155;0
11;19;78;7;35;59;4;3.00;3;2;1;57;0;2735904;200;0
11;19;78;7;35;59;68;3.60;1;1;1;42;0;2735968;90;0
11;19;78;7;36;0;14;5.00;3;2;1;60;0;2736014;91;0
11;19;78;7;36;1;7;3.80;1;1;1;39;0;2736107;108;2735477
11;19;78;7;36;1;67;3.60;4;2;1;60;0;2736167;357;0
11;19;78;7;36;2;76;3.60;3;2;1;59;0;2736276;232;0
11;19;78;7;36;2;84;3.60;1;1;1;38;0;2736284;141;2735477
11;19;78;7;36;4;36;3.20;1;1;1;39;0;2736436;117;2735477
11;19;78;7;36;4;6;12.40;2;1;7;49;0;2736406;653;0
11;19;78;7;36;5;11;4.20;3;2;1;59;0;2736511;213;0
11;19;78;7;36;5;19;3.40;1;1;1;40;0;2736519;53;2735477
11;19;78;7;36;6;3;3.20;4;2;1;56;0;2736603;414;0
11;19;78;7;36;6;21;3.20;3;2;1;58;0;2736621;84;0
11;19;78;7;36;7;18;6.80;2;1;1;53;0;2736718;220;0
11;19;78;7;36;7;29;3.80;1;1;1;46;0;2736729;179;2735477
11;19;78;7;36;8;49;3.60;4;2;1;54;0;2736849;225;0
11;19;78;7;36;8;98;3.60;3;2;1;56;0;2736898;257;0
11;19;78;7;36;10;40;3.20;4;2;1;53;0;2737040;167;0
11;19;78;7;36;10;54;3.60;3;2;1;57;0;2737054;132;0
11;19;78;7;36;12;16;3.20;3;2;1;54;0;2737216;139;0
11;19;78;7;36;12;41;3.40;1;1;1;56;0;2737241;482;0
11;19;78;7;36;12;81;3.60;4;2;1;51;0;2737281;219;0
11;19;78;7;36;13;24;4.00;3;2;1;55;0;2737324;86;0
11;19;78;7;36;14;41;2.80;3;2;1;54;0;2737441;90;2736898
11;19;78;7;36;14;78;3.60;4;2;1;52;0;2737478;171;2736898
11;19;78;7;36;15;72;3.20;3;2;1;55;0;2737572;112;2736898
11;19;78;7;36;16;56;3.80;1;1;1;52;0;2737656;393;0
11;19;78;7;36;16;64;3.40;3;2;1;55;0;2737664;71;2736898
11;19;78;7;36;17;84;3.20;3;2;1;56;0;2737784;97;2736898
11;19;78;7;36;19;5;3.80;3;2;1;57;0;2737905;100;2736898
11;19;78;7;36;19;39;6.00;4;2;1;57;0;2737939;436;0
11;19;78;7;36;21;23;4.00;3;2;1;57;0;2738123;194;2736898
11;19;78;7;36;31;49;3.60;3;2;1;64;0;2739149;1000;0
11;19;78;7;36;32;51;3.20;4;2;1;61;0;2739251;1274;0
11;19;78;7;36;33;88;3.60;4;2;1;59;0;2739388;118;0
11;19;78;7;36;36;60;3.60;4;2;1;61;0;2739660;250;0
11;19;78;7;36;37;39;3.80;3;2;1;69;0;2739739;569;0
11;19;78;7;36;42;11;3.80;4;2;1;64;0;2740211;529;0
11;19;78;7;36;45;9;3.40;4;2;1;60;0;2740509;276;0
11;19;78;7;36;52;9;4.20;1;1;1;55;0;2741209;3526;0
11;19;78;7;36;56;98;3.80;3;2;1;59;0;2741698;1939;0
11;19;78;7;37;0;22;3.40;4;2;1;57;0;2742022;1492;0
11;19;78;7;37;2;65;3.60;4;2;1;57;0;2742265;221;0
11;19;78;7;37;5;60;3.60;2;1;1;55;0;2742560;5795;0
11;19;78;7;37;8;48;11.00;4;2;2;57;0;2742848;560;0
11;19;78;7;37;10;26;3.80;1;1;1;54;0;2743026;1789;0
11;19;78;7;37;11;26;4.00;1;1;1;52;0;2743126;74;0
11;19;78;7;37;17;73;3.80;3;2;1;61;0;2743773;2051;0
11;19;78;7;37;17;97;3.60;2;1;1;65;0;2743797;1213;0
11;19;78;7;37;18;78;3.20;1;1;1;58;0;2743878;724;0
11;19;78;7;37;18;85;3.60;4;2;1;57;0;2743885;967;0
11;19;78;7;37;19;88;3.40;2;1;1;64;0;2743988;171;0
11;19;78;7;37;20;1;3.80;1;1;1;57;0;2744001;103;0
11;19;78;7;37;23;30;4.00;2;1;1;57;0;2744330;322;0
11;19;78;7;37;23;94;3.60;1;1;1;55;0;2744394;369;0
11;19;78;7;37;24;59;3.40;2;1;1;53;0;2744459;103;0
11;19;78;7;37;25;16;4.40;3;2;1;62;0;2744516;720;0
11;19;78;7;37;25;38;3.80;1;1;1;57;0;2744538;120;0
11;19;78;7;37;25;64;3.60;2;1;1;53;0;2744564;81;0
11;19;78;7;37;25;72;4.00;4;2;1;60;0;2744572;664;0
11;19;78;7;37;27;74;3.80;3;2;1;61;0;2744774;232;0
11;19;78;7;37;27;80;3.60;1;1;1;50;0;2744780;218;0
11;19;78;7;37;28;88;4.20;2;1;1;54;0;2744888;299;0
11;19;78;7;37;29;20;3.20;1;1;1;49;0;2744920;114;0
11;19;78;7;37;30;77;3.80;2;1;1;54;0;2745077;161;0
11;19;78;7;37;31;4;3.80;3;2;1;65;0;2745104;307;0
11;19;78;7;37;31;27;3.60;1;1;1;50;0;2745127;183;0
11;19;78;7;37;31;43;3.20;4;2;1;60;0;2745143;547;0
11;19;78;7;37;32;25;3.40;1;1;1;50;0;2745225;72;0
11;19;78;7;37;32;90;3.80;3;2;1;66;0;2745290;164;0
11;19;78;7;37;32;86;3.80;2;1;1;58;0;2745286;183;0
11;19;78;7;37;33;92;3.40;1;1;1;49;0;2745392;142;2744780
11;19;78;7;37;34;51;3.40;3;2;1;63;0;2745451;140;2744780
11;19;78;7;37;34;46;3.40;4;2;1;58;0;2745446;283;0
11;19;78;7;37;34;99;3.80;2;1;1;60;0;2745499;189;0
11;19;78;7;37;34;93;4.40;1;1;1;49;0;2745493;76;2744780
11;19;78;7;37;36;30;10.20;4;2;7;58;0;2745630;162;2744780
11;19;78;7;37;37;26;3.40;2;1;1;57;0;2745726;204;0
11;19;78;7;37;37;19;4.40;1;1;1;48;0;2745719;193;2744780
11;19;78;7;37;38;43;3.40;4;2;1;57;0;2745843;149;2744780
11;19;78;7;37;38;64;3.20;1;1;1;50;0;2745864;112;2744780
11;19;78;7;37;39;19;3.40;2;1;1;58;0;2745919;171;2744780
11;19;78;7;37;40;16;3.40;3;2;1;61;0;2746016;545;0
11;19;78;7;37;40;9;3.60;1;1;1;49;0;2746009;121;2744780
11;19;78;7;37;41;28;3.60;3;2;1;63;0;2746128;91;2744780
11;19;78;7;37;41;16;3.60;1;1;1;49;0;2746116;80;2744780
11;19;78;7;37;41;67;4.00;4;2;1;58;0;2746167;302;0
11;19;78;7;37;41;72;3.60;2;1;1;52;0;2746172;231;0
11;19;78;7;37;43;46;3.20;3;2;1;64;0;2746346;197;0
11;19;78;7;37;43;48;3.40;1;1;1;52;0;2746348;205;0
11;19;78;7;37;44;29;3.80;4;2;1;62;0;2746429;237;0
11;19;78;7;37;44;78;3.60;3;2;1;61;0;2746478;114;0
11;19;78;7;37;44;85;3.60;1;1;1;51;0;2746485;113;0
11;19;78;7;37;45;31;3.80;2;1;1;51;0;2746531;334;0
11;19;78;7;37;46;0;3.40;3;2;1;59;0;2746600;100;2746016
11;19;78;7;37;46;31;3.20;1;1;1;49;0;2746631;120;2746016
11;19;78;7;37;46;74;3.40;4;2;1;56;0;2746674;222;0
11;19;78;7;37;47;18;4.60;1;1;1;48;0;2746718;63;0
11;19;78;7;37;47;65;4.00;2;1;1;51;0;2746765;207;0
11;19;78;7;37;48;27;3.20;3;2;1;57;0;2746827;206;0
11;19;78;7;37;48;33;3.60;4;2;1;54;0;2746833;137;0
11;19;78;7;37;48;92;3.60;1;1;1;48;0;2746892;139;2746348
11;19;78;7;37;49;31;3.80;3;2;1;56;0;2746931;83;2746348
11;19;78;7;37;50;58;3.60;4;2;1;54;0;2747058;201;0
11;19;78;7;37;50;65;3.80;3;2;1;57;0;2747065;109;0
11;19;78;7;37;50;62;4.00;1;1;1;48;0;2747062;143;2746348
11;19;78;7;37;52;81;4.40;1;1;1;41;0;2747281;189;2746348
11;19;78;7;37;53;45;3.60;4;2;1;60;0;2747345;263;0
11;19;78;7;37;54;44;3.20;3;2;1;59;0;2747444;355;0
11;19;78;7;37;54;73;3.60;2;1;1;44;0;2747473;679;0
11;19;78;7;37;54;89;3.00;1;1;1;37;0;2747489;169;2746348
11;19;78;7;37;56;2;3.40;3;2;1;59;0;2747602;138;2746348
11;19;78;7;37;56;8;9.80;2;1;2;51;0;2747608;105;2746348
11;19;78;7;37;57;3;3.20;3;2;1;60;0;2747703;80;2746348
11;19;78;7;37;56;99;3.80;1;1;1;39;0;2747699;180;2746348
11;19;78;7;37;57;89;3.60;3;2;1;59;0;2747789;66;2746348
11;19;78;7;37;58;74;3.60;1;1;1;40;0;2747874;139;2746348
11;19;78;7;37;59;70;2.60;2;1;1;53;0;2747970;292;0
11;19;78;7;38;0;19;3.20;3;2;1;54;0;2748019;208;0
11;19;78;7;38;0;80;4.40;1;1;1;36;0;2748080;173;2746348
11;19;78;7;38;1;41;4.40;3;2;1;56;0;2748141;100;2746348
11;19;78;7;38;2;45;3.00;1;1;1;38;0;2748245;121;2746348
11;19;78;7;38;3;49;3.80;3;2;1;54;0;2748349;179;2746348
11;19;78;7;38;3;56;3.40;1;1;1;38;0;2748356;82;2746348
11;19;78;7;38;3;24;14.40;4;2;3;55;0;2748324;957;0
11;19;78;7;38;4;22;3.20;2;1;1;52;0;2748422;434;0
11;19;78;7;38;5;67;4.00;1;1;1;39;0;2748567;178;2746348
11;19;78;7;38;5;94;4.60;2;1;1;52;0;2748594;149;2746348
11;19;78;7;38;8;2;3.60;1;1;1;44;0;2748802;198;2746348
11;19;78;7;38;8;38;3.60;2;1;1;56;0;2748838;212;0
11;19;78;7;38;9;74;4.20;3;2;1;70;0;2748974;599;0
11;19;78;7;38;9;15;9.40;1;1;6;44;0;2748915;83;2746348
11;19;78;7;38;12;6;3.60;1;1;1;48;0;2749206;214;0
11;19;78;7;38;14;46;3.80;2;1;1;59;0;2749446;584;0
11;19;78;7;38;14;64;3.40;1;1;1;49;0;2749464;231;0
11;19;78;7;38;17;46;3.20;4;2;1;57;0;2749746;1327;0
11;19;78;7;38;17;94;3.60;2;1;1;57;0;2749794;324;0
11;19;78;7;38;18;64;3.60;3;2;1;60;0;2749864;868;0
11;19;78;7;38;19;78;3.60;2;1;1;59;0;2749978;161;0
11;19;78;7;38;22;89;3.20;2;1;1;64;0;2750289;289;0
11;19;78;7;38;23;5;12.60;1;1;3;45;0;2750305;816;0
11;19;78;7;38;24;23;3.80;4;2;1;62;0;2750423;656;0
11;19;78;7;38;25;7;3.80;1;1;1;46;0;2750507;101;0
11;19;78;7;38;30;22;3.80;2;1;1;62;0;2751022;715;0
11;19;78;7;38;31;97;3.60;1;1;1;50;0;2751197;660;0
11;19;78;7;38;32;49;3.60;3;2;1;61;0;2751249;1363;0
11;19;78;7;38;33;14;3.60;2;1;1;55;0;2751314;269;0
11;19;78;7;38;33;91;5.00;4;2;1;58;0;2751391;945;0
11;19;78;7;38;34;92;3.40;1;1;1;53;0;2751492;269;0
11;19;78;7;38;36;18;3.60;3;2;1;63;0;2751618;347;0
11;19;78;7;38;36;12;3.40;1;1;1;52;0;2751612;96;0
11;19;78;7;38;36;77;3.40;4;2;1;59;0;2751677;254;0
11;19;78;7;38;39;99;3.00;4;2;1;57;0;2751999;301;0
11;19;78;7;38;40;33;3.60;1;1;1;52;0;2752033;397;0
11;19;78;7;38;42;0;5.80;4;2;2;57;0;2752200;182;0
11;19;78;7;38;54;76;3.60;4;2;1;59;0;2753476;1239;0
11;19;78;7;39;1;86;3.60;3;2;1;62;0;2754186;2547;0
11;19;78;7;39;5;3;3.80;3;2;1;70;0;2754503;296;0
11;19;78;7;39;7;6;4.60;3;2;1;66;0;2754706;183;0
11;19;78;7;39;9;73;3.20;4;2;1;63;0;2754973;1475;0
11;19;78;7;39;10;44;3.60;3;2;1;71;0;2755044;312;0
11;19;78;7;39;10;53;3.80;4;2;1;62;0;2755053;61;0
11;19;78;7;39;12;71;3.60;4;2;1;59;0;2755271;195;0
11;19;78;7;39;12;85;3.80;3;2;1;66;0;2755285;222;0
11;19;78;7;39;13;75;3.60;3;2;1;63;0;2755375;69;0
11;19;78;7;39;14;43;3.60;4;2;1;58;0;2755443;150;0
11;19;78;7;39;15;90;3.80;4;2;1;57;0;2755590;124;2754973
11;19;78;7;39;16;45;4.20;3;2;1;68;0;2755645;249;0
11;19;78;7;39;18;39;4.80;4;2;1;55;0;2755839;225;0
11;19;78;7;39;20;33;3.60;3;2;1;59;0;2756033;365;0
11;19;78;7;39;20;52;3.20;4;2;1;56;0;2756052;181;0
11;19;78;7;39;21;63;3.60;3;2;1;59;0;2756163;108;0
11;19;78;7;39;21;74;3.60;4;2;1;58;0;2756174;101;0
11;19;78;7;39;23;55;4.80;4;2;1;57;0;2756355;158;0
11;19;78;7;39;24;50;3.60;3;2;1;59;0;2756450;265;0
11;19;78;7;39;25;64;3.40;4;2;1;55;0;2756564;178;2755839
11;19;78;7;39;26;16;3.00;3;2;1;58;0;2756616;144;2755839
11;19;78;7;39;27;28;3.40;3;2;1;58;0;2756728;93;2755839
11;19;78;7;39;26;96;9.20;4;2;2;58;0;2756696;109;2755839
11;19;78;7;39;28;84;3.60;3;2;1;61;0;2756884;134;2755839
11;19;78;7;39;30;9;4.00;3;2;1;64;0;2757009;103;2756450
11;19;78;7;39;30;84;3.20;2;1;1;52;0;2757084;5746;0
11;19;78;7;39;31;43;3.40;3;2;1;63;0;2757143;111;2756450
11;19;78;7;39;31;19;11.80;4;2;3;51;0;2757119;365;0
11;19;78;7;39;31;95;3.40;1;1;1;57;0;2757195;5137;0
11;19;78;7;39;32;51;3.60;2;1;1;55;0;2757251;144;0
11;19;78;7;39;33;52;3.40;3;2;1;62;0;2757352;189;2756450
11;19;78;7;39;34;1;4.80;4;2;1;53;0;2757401;198;2756450
11;19;78;7;39;34;81;3.80;3;2;1;58;0;2757481;109;2756450
11;19;78;7;39;35;68;3.80;3;2;1;59;0;2757568;63;2756450
11;19;78;7;39;37;15;3.60;4;2;1;56;0;2757715;281;0
11;19;78;7;39;37;53;3.60;3;2;1;60;0;2757753;161;2756450
11;19;78;7;39;38;32;3.40;2;1;1;50;0;2757832;557;0
11;19;78;7;39;40;84;3.60;2;1;1;58;0;2758084;227;0
11;19;78;7;39;44;19;4.00;2;1;1;53;0;2758419;312;0
11;19;78;7;39;44;22;6.40;1;1;1;58;0;2758422;1205;0
11;19;78;7;39;45;33;3.40;1;1;1;57;0;2758533;71;0
11;19;78;7;39;46;48;3.40;1;1;1;55;0;2758648;93;0
11;19;78;7;39;47;52;4.00;1;1;1;53;0;2758752;81;0
11;19;78;7;39;48;64;4.00;2;1;1;53;0;2758864;417;0
11;19;78;7;39;49;27;3.60;1;1;1;53;0;2758927;147;2758422
11;19;78;7;39;50;57;3.60;1;1;1;54;0;2759057;105;2758422
11;19;78;7;39;51;71;4.00;2;1;1;56;0;2759171;279;0
11;19;78;7;39;52;1;3.80;1;1;1;55;0;2759201;120;2758422
11;19;78;7;39;52;34;3.60;4;2;1;60;0;2759234;1495;0
11;19;78;7;39;52;40;3.80;3;2;1;62;0;2759240;1465;0
11;19;78;7;39;52;89;3.80;1;1;1;53;0;2759289;63;2758422
11;19;78;7;39;54;84;6.40;1;1;1;51;0;2759484;169;2758422
11;19;78;7;39;56;32;3.60;1;1;1;53;0;2759632;102;2758422
11;19;78;7;39;57;33;3.40;2;1;1;55;0;2759733;536;0
11;19;78;7;39;59;77;3.80;1;1;1;50;0;2759977;320;0
11;19;78;7;40;0;56;3.40;4;2;1;58;0;2760056;800;0
11;19;78;7;39;59;84;25.20;2;1;5;48;0;2759984;228;0
11;19;78;7;40;1;94;3.60;3;2;1;65;0;2760194;931;0
11;19;78;7;40;3;41;4.00;2;1;1;45;0;2760341;168;0
11;19;78;7;40;3;90;3.80;1;1;1;48;0;2760390;385;0
11;19;78;7;40;5;34;3.00;2;1;1;46;0;2760534;161;0
11;19;78;7;40;5;31;3.60;1;1;1;47;0;2760531;112;0
11;19;78;7;40;6;40;3.20;1;1;1;46;0;2760640;81;0
11;19;78;7;40;7;11;3.40;2;1;1;46;0;2760711;153;0
11;19;78;7;40;7;62;3.20;1;1;1;44;0;2760762;96;0
11;19;78;7;40;8;37;3.40;2;1;1;45;0;2760837;99;2759984
11;19;78;7;40;8;86;3.40;1;1;1;42;0;2760886;97;2760390
11;19;78;7;40;9;67;3.40;2;1;1;45;0;2760967;102;2759984
11;19;78;7;40;10;40;3.20;1;1;1;42;0;2761040;124;2760390
11;19;78;7;40;10;93;3.40;2;1;1;46;0;2761093;98;2759984
11;19;78;7;40;11;55;4.00;1;1;1;43;0;2761155;87;2760390
11;19;78;7;40;12;14;3.60;2;1;1;45;0;2761214;94;2759984
11;19;78;7;40;12;71;3.60;1;1;1;44;0;2761271;82;2760390
11;19;78;7;40;14;72;4.40;3;2;1;64;0;2761472;1258;0
11;19;78;7;40;14;81;4.00;1;1;1;41;0;2761481;180;2760390
11;19;78;7;40;15;81;3.80;2;1;1;50;0;2761581;338;0
11;19;78;7;40;16;3;4.60;3;2;1;62;0;2761603;106;0
11;19;78;7;40;16;7;4.20;1;1;1;38;0;2761607;90;2760390
11;19;78;7;40;16;83;3.20;4;2;1;62;0;2761683;1605;0
11;19;78;7;40;17;19;3.60;2;1;1;48;0;2761719;110;0
11;19;78;7;40;17;11;3.80;1;1;1;37;0;2761711;64;2760390
11;19;78;7;40;18;64;3.00;2;1;1;45;0;2761864;118;2760390
11;19;78;7;40;18;83;3.20;1;1;1;36;0;2761883;135;2760390
11;19;78;7;40;19;84;3.00;3;2;1;61;0;2761984;354;0
11;19;78;7;40;20;39;3.80;2;1;1;44;0;2762039;151;0
11;19;78;7;40;20;99;3.40;1;1;1;37;0;2762099;184;2760390
11;19;78;7;40;22;52;3.40;1;1;1;35;0;2762252;119;2760390
11;19;78;7;40;23;98;3.20;3;2;1;63;0;2762398;396;0
11;19;78;7;40;24;24;3.40;1;1;1;36;0;2762424;137;2760390
11;19;78;7;40;28;46;3.20;4;2;1;51;0;2762846;1144;0
11;19;78;7;40;28;42;3.40;1;1;1;34;0;2762842;384;0
11;19;78;7;40;30;70;3.40;4;2;1;49;0;2763070;201;0
11;19;78;7;40;29;94;10.80;1;1;2;32;0;2762994;116;0
11;19;78;7;40;31;90;3.20;4;2;1;57;0;2763190;95;0
11;19;78;7;40;31;94;2.20;3;2;0;61;1;2763194;777;0
11;19;78;7;40;32;51;3.80;1;1;1;32;0;2763251;135;0
11;19;78;7;40;34;63;3.00;4;2;1;48;0;2763463;252;0
11;19;78;7;40;34;74;6.80;1;1;1;29;0;2763474;180;0
11;19;78;7;40;39;21;3.20;1;1;1;31;0;2763921;362;0
11;19;78;7;40;41;45;4.00;1;1;1;31;0;2764145;186;0
11;19;78;7;40;43;8;3.40;2;1;1;42;0;2764308;2237;0
11;19;78;7;40;43;57;3.40;1;1;1;37;0;2764357;165;0
11;19;78;7;40;44;88;3.80;1;1;1;36;0;2764488;97;0
11;19;78;7;40;45;58;3.80;2;1;1;44;0;2764558;220;0
11;19;78;7;40;47;23;3.80;2;1;1;46;0;2764723;133;0
11;19;78;7;40;47;0;3.60;1;1;1;34;0;2764700;174;2763921
11;19;78;7;40;48;93;3.40;4;2;1;57;0;2764893;1407;0
11;19;78;7;40;49;27;5.20;3;2;1;66;0;2764927;2510;0
11;19;78;7;40;48;78;3.80;1;1;1;31;0;2764878;139;2763921
11;19;78;7;40;49;41;3.40;2;1;1;45;0;2764941;188;2763921
11;19;78;7;40;50;47;3.40;4;2;1;57;0;2765047;132;2763921
11;19;78;7;40;50;93;3.40;2;1;1;45;0;2765093;124;2763921
11;19;78;7;40;51;47;5.20;4;2;1;57;0;2765147;78;2763921
11;19;78;7;40;51;77;3.60;3;2;1;66;0;2765177;221;0
11;19;78;7;40;51;56;3.80;1;1;1;30;0;2765156;233;0
11;19;78;7;40;53;11;3.20;4;2;1;56;0;2765311;131;0
11;19;78;7;40;53;35;4.00;3;2;1;64;0;2765335;138;0
11;19;78;7;40;53;1;3.80;1;1;1;30;0;2765301;99;0
11;19;78;7;40;54;30;3.20;2;1;1;51;0;2765430;309;0
11;19;78;7;40;54;15;3.40;1;1;1;30;0;2765415;68;0
11;19;78;7;40;54;86;3.40;3;2;1;62;0;2765486;128;0
11;19;78;7;40;54;81;9.60;4;2;2;58;0;2765481;149;2764893
11;19;78;7;40;55;76;5.20;2;1;1;50;0;2765576;123;2764893
11;19;78;7;40;55;95;3.40;1;1;1;31;0;2765595;139;2764893
11;19;78;7;40;57;11;3.20;3;2;1;62;0;2765711;205;0
11;19;78;7;40;57;26;3.40;1;1;1;30;0;2765726;91;2765156
11;19;78;7;40;58;57;3.80;3;2;1;59;0;2765857;127;2765156
11;19;78;7;40;58;72;3.40;1;1;1;30;0;2765872;105;2765156
11;19;78;7;40;59;43;5.00;4;2;1;54;0;2765943;402;0
11;19;78;7;40;59;65;3.40;3;2;1;60;0;2765965;84;0
11;19;78;7;41;0;22;3.20;1;1;1;31;0;2766022;109;2765156
11;19;78;7;41;1;19;4.00;4;2;1;56;0;2766119;142;2765156
11;19;78;7;41;1;50;3.80;3;2;1;60;0;2766150;164;2765156
11;19;78;7;41;1;86;3.80;1;1;1;30;0;2766186;126;2765156
11;19;78;7;41;4;15;3.80;3;2;1;57;0;2766415;242;0
11;19;78;7;41;5;74;5.20;3;2;1;55;0;2766574;135;0
11;19;78;7;41;6;13;3.40;1;1;1;38;0;2766613;381;0
11;19;78;7;41;7;11;3.60;3;2;1;58;0;2766711;102;0
11;19;78;7;41;8;41;3.60;4;2;1;57;0;2766841;696;0
11;19;78;7;41;9;25;3.60;3;2;1;60;0;2766925;191;0
11;19;78;7;41;9;88;3.60;4;2;1;56;0;2766988;124;0
11;19;78;7;41;12;8;3.20;4;2;1;54;0;2767208;196;0
11;19;78;7;41;12;73;3.40;3;2;1;58;0;2767273;326;0
11;19;78;7;41;14;33;3.60;3;2;1;58;0;2767433;138;0
11;19;78;7;41;15;13;3.20;4;2;1;53;0;2767513;283;0
11;19;78;7;41;15;66;3.80;2;1;1;57;0;2767566;1952;0
11;19;78;7;41;16;29;3.80;3;2;1;57;0;2767629;173;0
11;19;78;7;41;18;6;3.40;3;2;1;56;0;2767806;153;0
11;19;78;7;41;18;28;3.40;4;2;1;52;0;2767828;293;0
11;19;78;7;41;19;62;3.60;3;2;1;57;0;2767962;134;2767273
11;19;78;7;41;21;20;3.60;3;2;1;57;0;2768120;135;2767273
11;19;78;7;41;22;47;3.40;3;2;1;57;0;2768247;104;2767273
11;19;78;7;41;24;28;3.20;4;2;1;53;0;2768428;576;0
11;19;78;7;41;25;41;3.20;4;2;1;53;0;2768541;91;0
11;19;78;7;41;25;10;13.00;3;2;7;53;0;2768510;241;0
11;19;78;7;41;31;37;3.60;4;2;1;61;0;2769137;574;0
11;19;78;7;41;32;8;3.20;4;2;1;64;0;2769208;49;0
11;19;78;7;41;35;77;4.00;4;2;1;56;0;2769577;351;0
11;19;78;7;41;36;19;3.60;3;2;1;62;0;2769619;1020;0
11;19;78;7;41;41;29;3.40;4;2;1;57;0;2770129;526;0
11;19;78;7;41;41;79;3.60;1;1;1;57;0;2770179;3533;0
11;19;78;7;41;45;76;3.20;2;1;1;56;0;2770576;2986;0
11;19;78;7;41;47;0;4.60;1;1;1;59;0;2770700;498;0
11;19;78;7;41;48;80;4.40;1;1;1;63;0;2770880;151;0
11;19;78;7;41;50;10;3.60;2;1;1;54;0;2771010;413;0
11;19;78;7;41;50;71;3.60;1;1;1;59;0;2771071;165;0
11;19;78;7;41;50;90;3.80;3;2;1;66;0;2771090;1450;0
11;19;78;7;41;51;72;3.60;2;1;1;51;0;2771172;138;0
11;19;78;7;41;53;65;4.20;2;1;1;57;0;2771365;167;0
11;19;78;7;41;53;92;3.00;1;1;1;55;0;2771392;299;0
11;19;78;7;41;54;67;3.40;4;2;1;68;0;2771467;1316;0
11;19;78;7;41;55;23;3.60;2;1;1;58;0;2771523;131;0
11;19;78;7;41;56;13;5.40;1;1;1;51;0;2771613;201;0
11;19;78;7;41;56;62;3.60;3;2;1;61;0;2771662;551;0
11;19;78;7;41;56;80;3.60;2;1;1;57;0;2771680;134;2771010
11;19;78;7;41;57;23;3.60;4;2;1;57;0;2771723;238;0
11;19;78;7;41;57;29;3.60;1;1;1;51;0;2771729;77;0
11;19;78;7;41;58;55;4.00;1;1;1;52;0;2771855;100;0
11;19;78;7;41;59;27;3.60;4;2;1;58;0;2771927;181;0
11;19;78;7;42;0;43;3.60;1;1;1;52;0;2772043;160;0
11;19;78;7;42;0;49;5.20;3;2;1;62;0;2772049;365;0
11;19;78;7;42;0;85;4.80;2;1;1;56;0;2772085;382;0
11;19;78;7;42;1;34;3.20;4;2;1;62;0;2772134;184;0
11;19;78;7;42;1;83;3.60;3;2;1;63;0;2772183;103;0
11;19;78;7;42;1;60;8.80;1;1;6;53;0;2772160;92;2771613
11;19;78;7;42;2;25;3.60;2;1;1;54;0;2772225;109;2771613
11;19;78;7;42;2;99;3.40;4;2;1;61;0;2772299;146;2771613
11;19;78;7;42;3;71;7.20;1;1;1;53;0;2772371;151;2771613
11;19;78;7;42;4;91;3.60;1;1;1;52;0;2772491;71;2771613
11;19;78;7;42;5;94;3.40;2;1;1;56;0;2772594;345;0
11;19;78;7;42;7;31;3.60;1;1;1;51;0;2772731;215;0
11;19;78;7;42;7;80;4.00;2;1;1;53;0;2772780;164;0
11;19;78;7;42;9;22;3.80;1;1;1;53;0;2772922;165;0
11;19;78;7;42;10;32;4.00;1;1;1;53;0;2773032;84;0
11;19;78;7;42;13;55;4.00;1;1;1;49;0;2773355;295;0
11;19;78;7;42;14;99;3.20;1;1;1;47;0;2773499;114;0
11;19;78;7;42;15;73;4.00;2;1;1;61;0;2773573;765;0
11;19;78;7;42;16;68;4.20;1;1;1;49;0;2773668;144;0
11;19;78;7;42;17;69;3.60;2;1;1;60;0;2773769;172;0
11;19;78;7;42;18;44;3.60;1;1;1;46;0;2773844;145;0
11;19;78;7;42;20;41;3.40;1;1;1;44;0;2774041;168;2773355
11;19;78;7;42;21;82;3.40;1;1;1;42;0;2774182;113;2773355
11;19;78;7;42;22;0;3.60;2;1;1;56;0;2774200;409;0
11;19;78;7;42;22;74;3.60;4;2;1;75;0;2774274;1954;0
11;19;78;7;42;24;0;3.80;1;1;1;41;0;2774400;188;2773355
11;19;78;7;42;25;8;3.60;1;1;1;41;0;2774508;74;2773355
11;19;78;7;42;26;26;3.00;1;1;1;41;0;2774626;86;2773355
11;19;78;7;42;28;10;4.80;1;1;1;42;0;2774810;157;2773355
11;19;78;7;42;28;50;3.60;4;2;1;64;0;2774850;558;0
11;19;78;7;42;29;59;3.60;3;2;1;75;0;2774959;2755;0
11;19;78;7;42;30;54;2.60;2;1;1;52;0;2775054;830;0
11;19;78;7;42;31;24;4.20;1;1;1;41;0;2775124;272;0
11;19;78;7;42;31;64;3.20;4;2;1;55;0;2775164;293;0
11;19;78;7;42;31;92;3.80;3;2;1;62;0;2775192;215;0
11;19;78;7;42;32;76;2.80;4;2;1;55;0;2775276;91;0
11;19;78;7;42;33;55;3.60;3;2;1;64;0;2775355;140;0
11;19;78;7;42;34;2;3.80;4;2;1;54;0;2775402;107;0
11;19;78;7;42;35;53;3.60;3;2;1;60;0;2775553;177;0
11;19;78;7;42;35;72;10.20;4;2;2;57;0;2775572;144;0
11;19;78;7;42;37;6;3.20;3;2;1;58;0;2775706;131;0
11;19;78;7;42;36;25;17.40;1;1;4;40;0;2775625;464;0
11;19;78;7;42;37;78;3.20;2;1;1;56;0;2775778;706;0
11;19;78;7;42;38;31;3.60;4;2;1;58;0;2775831;194;2775164
11;19;78;7;42;38;74;3.20;3;2;1;59;0;2775874;148;2775192
11;19;78;7;42;38;52;5.20;1;1;1;38;0;2775852;70;2775192
11;19;78;7;42;39;8;3.80;2;1;1;56;0;2775908;109;2775192
11;19;78;7;42;39;74;3.00;4;2;1;58;0;2775974;120;2775164
11;19;78;7;42;40;3;3.60;1;1;1;44;0;2776003;101;2775164
11;19;78;7;42;40;21;3.60;3;2;1;59;0;2776021;127;2775192
11;19;78;7;42;41;4;3.80;3;2;1;55;0;2776104;61;2775192
11;19;78;7;42;41;90;3.40;3;2;1;54;0;2776190;61;2775192
11;19;78;7;42;42;39;3.80;2;1;1;60;0;2776239;306;0
11;19;78;7;42;43;10;3.40;3;2;1;56;0;2776310;97;2775192
11;19;78;7;42;43;34;4.00;4;2;1;56;0;2776334;341;0
11;19;78;7;42;44;38;4.60;2;1;1;54;0;2776438;176;0
11;19;78;7;42;44;61;3.40;1;1;1;48;0;2776461;428;0
11;19;78;7;42;44;80;3.80;4;2;1;55;0;2776480;120;0
11;19;78;7;42;46;37;3.80;3;2;1;56;0;2776637;305;0
11;19;78;7;42;47;81;3.40;3;2;1;57;0;2776781;119;0
11;19;78;7;42;48;15;5.20;1;1;1;49;0;2776815;328;0
11;19;78;7;42;48;34;3.20;4;2;1;54;0;2776834;329;0
11;19;78;7;42;48;75;3.80;2;1;1;54;0;2776875;406;0
11;19;78;7;42;49;3;3.40;3;2;1;60;0;2776903;100;0
11;19;78;7;42;50;27;3.20;4;2;1;56;0;2777027;171;0
11;19;78;7;42;50;25;3.40;1;1;1;51;0;2777025;171;0
11;19;78;7;42;52;0;3.40;1;1;1;53;0;2777200;151;0
11;19;78;7;42;52;92;4.00;3;2;1;55;0;2777292;368;0
11;19;78;7;42;53;13;3.40;4;2;1;54;0;2777313;265;0
11;19;78;7;42;53;21;4.00;2;1;1;60;0;2777321;420;0
11;19;78;7;42;53;40;4.00;1;1;1;52;0;2777340;116;0
11;19;78;7;42;54;20;3.40;3;2;1;55;0;2777420;101;0
11;19;78;7;42;55;26;3.80;1;1;1;52;0;2777526;158;2776815
11;19;78;7;42;55;53;3.80;3;2;1;55;0;2777553;110;2776815
11;19;78;7;42;55;65;3.20;4;2;1;52;0;2777565;229;0
11;19;78;7;42;56;67;3.40;1;1;1;52;0;2777667;114;2776815
11;19;78;7;42;56;91;3.80;3;2;1;55;0;2777691;113;2776815
11;19;78;7;42;57;16;3.20;4;2;1;54;0;2777716;128;2776815
11;19;78;7;42;57;26;5.00;2;1;1;54;0;2777726;381;0
11;19;78;7;42;57;90;3.20;1;1;1;49;0;2777790;99;2776815
11;19;78;7;42;58;23;3.80;3;2;1;54;0;2777823;107;2777292
11;19;78;7;42;59;23;3.80;3;2;1;54;0;2777923;74;2777292
11;19;78;7;42;59;33;4.00;2;1;1;59;0;2777933;173;2777292
11;19;78;7;42;59;25;3.40;1;1;1;49;0;2777925;111;2776815
11;19;78;7;43;0;89;3.80;1;1;1;46;0;2778089;139;2776815
11;19;78;7;43;3;20;3.80;1;1;1;54;0;2778320;201;0
11;19;78;7;43;3;84;3.40;2;1;1;55;0;2778384;426;0
11;19;78;7;43;4;39;3.60;1;1;1;55;0;2778439;93;0
11;19;78;7;43;6;26;3.40;1;1;1;56;0;2778626;163;0
11;19;78;7;43;9;67;3.20;1;1;1;61;0;2778967;319;0
11;19;78;7;43;11;41;3.20;1;1;1;58;0;2779141;155;0
11;19;78;7;43;14;96;3.00;1;1;1;59;0;2779496;335;0
11;19;78;7;43;16;31;3.20;1;1;1;58;0;2779631;116;0
11;19;78;7;43;17;20;4.40;4;2;1;61;0;2779720;1982;0
11;19;78;7;43;18;33;3.00;3;2;1;64;0;2779833;1884;0
11;19;78;7;43;19;90;3.40;4;2;1;58;0;2779990;244;0
11;19;78;7;43;21;41;6.80;4;2;1;60;0;2780141;129;0
11;19;78;7;43;22;99;3.40;1;1;1;57;0;2780299;648;0
11;19;78;7;43;34;54;3.40;3;2;1;57;0;2781454;1604;0
11;19;78;7;43;36;96;3.20;4;2;1;57;0;2781696;1514;0
11;19;78;7;43;37;7;3.80;3;2;1;60;0;2781707;231;0
11;19;78;7;43;40;12;3.60;4;2;1;57;0;2782012;295;0
11;19;78;7;43;41;31;3.60;4;2;1;56;0;2782131;96;0
11;19;78;7;43;42;68;3.60;3;2;1;61;0;2782268;538;0
11;19;78;7;43;43;98;4.00;4;2;1;54;0;2782398;243;0
11;19;78;7;43;45;82;3.60;4;2;1;57;0;2782582;157;0
11;19;78;7;43;46;7;3.80;3;2;1;62;0;2782607;317;0
11;19;78;7;43;47;45;3.80;4;2;1;58;0;2782745;140;0
11;19;78;7;43;48;5;3.80;3;2;1;56;0;2782805;175;0
11;19;78;7;43;57;13;3.00;4;2;1;64;0;2783713;944;0
11;19;78;7;44;3;78;3.40;4;2;1;65;0;2784378;648;0
11;19;78;7;44;9;31;3.60;3;2;1;60;0;2784931;2101;0
11;19;78;7;44;9;36;4.20;1;1;1;57;0;2784936;4615;0
11;19;78;7;44;10;70;3.60;1;1;1;56;0;2785070;107;0
11;19;78;7;44;11;21;3.80;4;2;1;56;0;2785121;724;0
11;19;78;7;44;11;75;3.60;1;1;1;52;0;2785175;81;0
11;19;78;7;44;12;53;4.00;3;2;1;63;0;2785253;300;0
11;19;78;7;44;12;40;3.80;2;1;1;57;0;2785240;6833;0
11;19;78;7;44;12;48;3.80;1;1;1;50;0;2785248;48;0
11;19;78;7;44;13;85;3.80;1;1;1;50;0;2785385;109;2784936
11;19;78;7;44;14;7;4.20;3;2;1;64;0;2785407;131;2784936
11;19;78;7;44;14;38;3.60;2;1;1;54;0;2785438;174;2784936
11;19;78;7;44;14;62;3.40;4;2;1;61;0;2785462;316;0
11;19;78;7;44;14;60;4.60;1;1;1;49;0;2785460;47;2784936
11;19;78;7;44;16;22;3.60;1;1;1;49;0;2785622;128;2784936
11;19;78;7;44;16;39;4.60;2;1;1;54;0;2785639;177;2784936
11;19;78;7;44;17;5;3.00;3;2;1;65;0;2785705;274;0
11;19;78;7;44;17;19;5.20;1;1;1;50;0;2785719;70;2784936
11;19;78;7;44;17;68;3.00;2;1;1;54;0;2785768;98;2784936
11;19;78;7;44;18;53;3.80;1;1;1;53;0;2785853;96;2784936
11;19;78;7;44;19;47;3.80;3;2;1;62;0;2785947;225;0
11;19;78;7;44;20;2;3.40;1;1;1;52;0;2786002;123;2784936
11;19;78;7;44;20;87;3.20;1;1;1;48;0;2786087;61;2784936
11;19;78;7;44;21;89;3.60;1;1;1;47;0;2786189;78;2784936
11;19;78;7;44;22;71;4.00;3;2;1;62;0;2786271;301;0
11;19;78;7;44;22;87;3.60;4;2;1;55;0;2786287;804;0
11;19;78;7;44;23;4;4.00;1;1;1;44;0;2786304;87;2784936
11;19;78;7;44;23;63;4.40;2;1;1;59;0;2786363;575;0
11;19;78;7;44;25;60;3.80;1;1;1;44;0;2786560;223;0
11;19;78;7;44;26;23;9.80;2;1;2;57;0;2786623;233;0
11;19;78;7;44;26;59;3.20;1;1;1;44;0;2786659;67;0
11;19;78;7;44;26;78;3.60;3;2;1;56;0;2786678;383;0
11;19;78;7;44;27;44;4.60;2;1;1;58;0;2786744;59;0
11;19;78;7;44;27;80;4.40;1;1;1;42;0;2786780;94;0
11;19;78;7;44;28;19;3.60;3;2;1;56;0;2786819;117;0
11;19;78;7;44;28;89;3.80;4;2;1;53;0;2786889;578;0
11;19;78;7;44;29;46;3.20;1;1;1;37;0;2786946;128;0
11;19;78;7;44;29;89;3.20;3;2;1;58;0;2786989;146;0
11;19;78;7;44;30;40;3.60;2;1;1;54;0;2787040;267;0
11;19;78;7;44;31;44;3.40;1;1;1;55;0;2787144;166;2786560
11;19;78;7;44;31;43;8.40;3;2;2;59;0;2787143;134;2786560
11;19;78;7;44;31;52;15.60;4;2;4;55;0;2787152;237;0
11;19;78;7;44;32;79;3.40;2;1;1;56;0;2787279;215;0
11;19;78;7;44;32;91;11.40;1;1;3;47;0;2787291;124;2786560
11;19;78;7;44;33;51;3.60;3;2;1;60;0;2787351;156;2786678
11;19;78;7;44;33;86;3.60;4;2;1;52;0;2787386;131;2786678
11;19;78;7;44;35;8;3.00;2;1;1;55;0;2787508;207;0
11;19;78;7;44;35;35;4.40;1;1;1;44;0;2787535;156;2786560
11;19;78;7;44;36;54;3.40;3;2;1;59;0;2787654;281;0
11;19;78;7;44;36;61;8.80;4;2;2;48;0;2787661;250;0
11;19;78;7;44;37;7;3.80;2;1;1;54;0;2787707;179;0
11;19;78;7;44;37;60;3.40;3;2;1;62;0;2787760;85;0
11;19;78;7;44;38;15;3.40;1;1;1;46;0;2787815;244;0
11;19;78;7;44;38;91;3.60;3;2;1;61;0;2787891;111;0
11;19;78;7;44;38;68;6.40;4;2;1;48;0;2787868;141;0
11;19;78;7;44;39;54;4.40;2;1;1;50;0;2787954;221;0
11;19;78;7;44;40;18;3.40;4;2;1;49;0;2788018;102;0
11;19;78;7;44;40;40;3.60;1;1;1;45;0;2788040;198;0
11;19;78;7;44;40;87;4.20;3;2;1;59;0;2788087;174;0
11;19;78;7;44;41;17;3.40;2;1;1;48;0;2788117;131;0
11;19;78;7;44;41;32;3.80;4;2;1;51;0;2788132;89;0
11;19;78;7;44;41;98;3.60;3;2;1;57;0;2788198;85;2787654
11;19;78;7;44;42;44;4.20;2;1;1;49;0;2788244;101;2787654
11;19;78;7;44;42;57;3.60;4;2;1;54;0;2788257;98;2787661
11;19;78;7;44;42;75;3.60;1;1;1;45;0;2788275;206;0
11;19;78;7;44;43;75;5.60;3;2;1;54;0;2788375;154;2787654
11;19;78;7;44;44;56;3.80;1;1;1;43;0;2788456;152;2787654
11;19;78;7;44;44;92;3.80;3;2;1;55;0;2788492;79;2787654
11;19;78;7;44;45;56;4.20;2;1;1;47;0;2788556;281;0
11;19;78;7;44;45;68;3.00;1;1;1;44;0;2788568;80;0
11;19;78;7;44;46;71;3.00;2;1;1;48;0;2788671;82;0
11;19;78;7;44;47;12;3.40;1;1;1;47;0;2788712;119;0
11;19;78;7;44;48;43;3.40;2;1;1;51;0;2788843;149;0
11;19;78;7;44;48;82;3.80;1;1;1;47;0;2788882;143;2788275
11;19;78;7;44;50;33;4.20;2;1;1;50;0;2789033;166;2788275
11;19;78;7;44;51;64;3.00;2;1;1;46;0;2789164;100;2788556
11;19;78;7;44;51;7;12.20;1;1;2;45;0;2789107;195;2788275
11;19;78;7;44;51;61;11.40;4;2;3;44;0;2789161;880;0
11;19;78;7;44;53;73;5.20;2;1;1;48;0;2789373;185;2788556
11;19;78;7;44;53;75;5.40;1;1;1;45;0;2789375;170;2788275
11;19;78;7;44;54;66;3.00;4;2;1;53;0;2789466;211;0
11;19;78;7;44;55;33;3.80;3;2;1;59;0;2789533;1016;0
11;19;78;7;44;55;60;3.80;1;1;1;45;0;2789560;141;2788275
11;19;78;7;44;56;50;3.40;4;2;1;54;0;2789650;163;2788275
11;19;78;7;44;56;76;3.80;2;1;1;51;0;2789676;264;0
11;19;78;7;44;57;0;4.40;1;1;1;43;0;2789700;109;2788275
11;19;78;7;44;58;2;3.60;1;1;1;42;0;2789802;65;2788275
11;19;78;7;44;58;71;3.60;4;2;1;61;0;2789871;198;2788275
11;19;78;7;44;59;22;3.80;1;1;1;42;0;2789922;89;2788275
11;19;78;7;45;0;20;4.60;1;1;1;42;0;2790020;65;2788275
11;19;78;7;45;1;51;3.80;1;1;1;43;0;2790151;91;2788275
11;19;78;7;45;1;87;3.00;2;1;1;51;0;2790187;484;0
11;19;78;7;45;3;80;3.60;2;1;1;46;0;2790380;171;0
11;19;78;7;45;4;40;3.60;4;2;1;57;0;2790440;547;0
11;19;78;7;45;5;33;3.60;1;1;1;40;0;2790533;350;0
11;19;78;7;45;6;24;4.20;2;1;1;57;0;2790624;215;0
11;19;78;7;45;6;82;4.40;4;2;1;62;0;2790682;219;0
11;19;78;7;45;7;49;4.00;1;1;1;38;0;2790749;183;0
11;19;78;7;45;8;46;4.20;4;2;1;59;0;2790846;138;0
11;19;78;7;45;10;4;3.40;1;1;1;36;0;2791004;217;0
11;19;78;7;45;11;5;3.00;1;1;1;35;0;2791105;67;0
11;19;78;7;45;11;76;3.60;2;1;1;55;0;2791176;525;0
11;19;78;7;45;11;93;3.20;1;1;1;36;0;2791193;57;0
11;19;78;7;45;12;95;3.60;1;1;1;36;0;2791295;70;0
11;19;78;7;45;14;95;8.40;2;1;2;57;0;2791495;295;0
11;19;78;7;45;15;47;14.40;1;1;4;42;0;2791547;216;0
11;19;78;7;45;16;73;5.80;2;1;1;57;0;2791673;124;0
11;19;78;7;45;17;1;3.40;3;2;1;61;0;2791701;2144;0
11;19;78;7;45;17;46;4.60;1;1;1;42;0;2791746;75;0
11;19;78;7;45;18;79;3.40;4;2;1;60;0;2791879;1007;0
11;19;78;7;45;18;56;4.60;1;1;1;41;0;2791856;70;0
11;19;78;7;45;18;94;3.80;3;2;1;60;0;2791894;172;0
11;19;78;7;45;20;86;3.80;1;1;1;47;0;2792086;189;0
11;19;78;7;45;21;12;3.60;2;1;1;54;0;2792112;402;0
11;19;78;7;45;21;54;3.80;3;2;1;58;0;2792154;237;0
11;19;78;7;45;22;37;3.40;2;1;1;51;0;2792237;101;0
11;19;78;7;45;23;29;4.00;1;1;1;45;0;2792329;213;0
11;19;78;7;45;23;70;3.20;4;2;1;56;0;2792370;470;0
11;19;78;7;45;24;58;3.60;1;1;1;46;0;2792458;97;0
11;19;78;7;45;27;3;3.00;4;2;1;58;0;2792703;312;0
11;19;78;7;45;27;42;4.00;1;1;1;44;0;2792742;255;0
11;19;78;7;45;29;99;3.60;1;1;1;43;0;2792999;224;0
11;19;78;7;45;30;48;3.80;4;2;1;59;0;2793048;326;0
11;19;78;7;45;31;69;3.20;1;1;1;41;0;2793169;139;0
11;19;78;7;45;34;93;3.60;1;1;1;42;0;2793493;295;0
11;19;78;7;45;41;93;3.40;4;2;1;52;0;2794193;1121;0
11;19;78;7;45;47;9;3.60;4;2;1;67;0;2794709;492;0
11;19;78;7;45;48;43;3.60;3;2;1;65;0;2794843;2665;0
11;19;78;7;45;49;34;3.40;4;2;1;60;0;2794934;205;0
11;19;78;7;45;49;97;3.80;3;2;1;62;0;2794997;134;0
11;19;78;7;45;51;14;3.40;3;2;1;63;0;2795114;94;0
11;19;78;7;45;51;22;4.00;4;2;1;60;0;2795122;167;0
11;19;78;7;45;53;24;4.00;4;2;1;59;0;2795324;178;0
11;19;78;7;45;53;64;3.00;3;2;1;60;0;2795364;230;0
11;19;78;7;45;54;89;3.40;4;2;1;60;0;2795489;140;0
11;19;78;7;45;56;9;3.80;3;2;1;62;0;2795609;227;0
11;19;78;7;45;57;19;3.40;3;2;1;63;0;2795719;87;0
11;19;78;7;45;57;11;4.00;4;2;1;56;0;2795711;201;0
11;19;78;7;46;1;71;3.60;4;2;1;57;0;2796171;434;0
11;19;78;7;46;1;92;3.20;3;2;1;64;0;2796192;453;0
11;19;78;7;46;4;38;3.80;1;1;1;60;0;2796438;2914;0
11;19;78;7;46;4;80;3.60;3;2;1;60;0;2796480;270;0
11;19;78;7;46;4;90;5.00;4;2;1;60;0;2796490;296;0
11;19;78;7;46;7;2;3.60;3;2;1;61;0;2796702;200;0
11;19;78;7;46;7;89;3.40;1;1;1;55;0;2796789;328;0
11;19;78;7;46;8;68;3.80;3;2;1;61;0;2796868;144;0
11;19;78;7;46;10;41;3.20;3;2;1;59;0;2797041;150;0
11;19;78;7;46;10;65;3.60;1;1;1;48;0;2797065;253;0
11;19;78;7;46;11;53;3.20;4;2;1;57;0;2797153;633;0
11;19;78;7;46;11;64;3.40;3;2;1;57;0;2797164;103;0
11;19;78;7;46;12;78;3.60;3;2;1;59;0;2797278;92;2796702
11;19;78;7;46;13;41;3.80;1;1;1;63;0;2797341;249;0
11;19;78;7;46;15;33;9.60;4;2;2;53;0;2797533;359;0
11;19;78;7;46;15;84;4.00;3;2;1;62;0;2797584;284;0
11;19;78;7;46;17;54;3.40;4;2;1;53;0;2797754;155;0
11;19;78;7;46;18;67;3.20;4;2;1;51;0;2797867;89;0
11;19;78;7;46;19;77;3.60;4;2;1;51;0;2797977;87;0
11;19;78;7;46;20;88;3.80;4;2;1;51;0;2798088;85;2797533
11;19;78;7;46;24;2;3.80;1;1;1;57;0;2798402;1039;0
11;19;78;7;46;25;9;4.20;1;1;1;56;0;2798509;83;0
11;19;78;7;46;25;31;3.60;2;1;1;53;0;2798531;6270;0
11;19;78;7;46;26;9;3.60;1;1;1;56;0;2798609;73;0
11;19;78;7;46;27;25;3.80;1;1;1;53;0;2798725;92;0
11;19;78;7;46;28;46;3.60;2;1;1;58;0;2798846;290;0
11;19;78;7;46;28;91;3.00;1;1;1;58;0;2798891;140;2798402
11;19;78;7;46;30;97;3.60;3;2;1;67;0;2799097;1489;0
11;19;78;7;46;31;36;3.40;1;1;1;59;0;2799136;226;0
11;19;78;7;46;31;55;3.40;2;1;1;54;0;2799155;286;0
11;19;78;7;46;32;91;3.80;1;1;1;57;0;2799291;134;0
11;19;78;7;46;32;99;4.00;2;1;1;52;0;2799299;121;0
11;19;78;7;46;33;17;14.40;4;2;4;55;0;2799317;1202;0
11;19;78;7;46;34;52;4.40;1;1;1;55;0;2799452;137;0
11;19;78;7;46;35;55;3.20;2;1;1;55;0;2799555;228;0
11;19;78;7;46;35;96;13.00;1;1;7;56;0;2799596;115;0
11;19;78;7;46;37;12;3.80;3;2;1;64;0;2799712;595;0
11;19;78;7;46;37;15;3.40;2;1;1;60;0;2799715;139;0
11;19;78;7;46;37;35;3.80;4;2;1;54;0;2799735;323;0
11;19;78;7;46;37;95;11.40;1;1;2;53;0;2799795;115;2799136
11;19;78;7;46;39;28;3.20;4;2;1;56;0;2799928;167;2799136
11;19;78;7;46;39;13;3.40;2;1;1;18;0;2799913;177;2799136
11;19;78;7;46;40;88;3.40;3;2;1;56;0;2800088;354;0
11;19;78;7;46;41;2;3.20;1;1;1;52;0;2800102;229;0
11;19;78;7;46;42;13;3.40;4;2;1;60;0;2800213;264;0
11;19;78;7;46;42;16;3.80;1;1;1;52;0;2800216;91;0
11;19;78;7;46;42;92;3.20;1;1;1;54;0;2800292;49;0
11;19;78;7;46;44;33;3.60;2;1;1;56;0;2800433;452;0
11;19;78;7;46;45;87;4.00;2;1;1;53;0;2800587;130;0
11;19;78;7;46;47;30;3.20;2;1;1;53;0;2800730;115;0
11;19;78;7;46;47;94;3.00;1;1;1;47;0;2800794;480;0
11;19;78;7;46;48;86;3.60;2;1;1;54;0;2800886;134;0
11;19;78;7;46;49;30;4.60;1;1;1;47;0;2800930;113;0
11;19;78;7;46;50;52;3.20;1;1;1;46;0;2801052;86;0
11;19;78;7;46;51;76;3.60;1;1;1;46;0;2801176;98;0
11;19;78;7;46;52;71;3.60;2;1;1;51;0;2801271;361;0
11;19;78;7;46;54;3;3.60;2;1;1;52;0;2801403;106;0
11;19;78;7;46;54;77;4.80;1;1;1;59;0;2801477;272;0
11;19;78;7;46;54;95;7.40;2;1;2;54;0;2801495;67;0
11;19;78;7;46;57;41;3.40;2;1;1;57;0;2801741;196;0
11;19;78;7;46;58;30;3.80;1;1;1;62;0;2801830;323;0
11;19;78;7;46;58;81;3.80;3;2;1;59;0;2801881;1771;0
11;19;78;7;46;59;5;3.80;4;2;1;60;0;2801905;1671;0
11;19;78;7;46;59;66;3.80;2;1;1;61;0;2801966;203;0
11;19;78;7;46;59;70;3.00;3;2;1;59;0;2801970;65;0
11;19;78;7;47;0;25;3.80;4;2;1;58;0;2802025;97;0
11;19;78;7;47;1;22;3.80;2;1;1;58;0;2802122;133;0
11;19;78;7;47;1;16;6.60;1;1;1;36;0;2802116;263;0
11;19;78;7;47;1;85;3.20;4;2;1;59;0;2802185;136;0
11;19;78;7;47;2;11;3.60;2;1;1;50;0;2802211;65;0
11;19;78;7;47;3;33;3.80;3;2;1;61;0;2802333;344;0
11;19;78;7;47;3;73;3.00;1;1;1;39;0;2802373;191;0
11;19;78;7;47;4;42;3.80;4;2;1;60;0;2802442;237;0
11;19;78;7;47;4;85;3.20;2;1;1;52;0;2802485;248;0
11;19;78;7;47;5;1;3.60;1;1;1;41;0;2802501;100;0
11;19;78;7;47;6;81;3.60;2;1;1;48;0;2802681;173;0
11;19;78;7;47;6;57;11.20;1;1;2;37;0;2802657;124;0
11;19;78;7;47;7;56;3.60;2;1;1;46;0;2802756;48;0
11;19;78;7;47;8;19;3.80;4;2;1;53;0;2802819;354;0
11;19;78;7;47;8;46;3.60;2;1;1;45;0;2802846;61;0
11;19;78;7;47;10;58;3.60;1;1;1;43;0;2803058;292;0
11;19;78;7;47;11;5;3.60;2;1;1;47;0;2803105;230;0
11;19;78;7;47;12;45;3.80;2;1;1;46;0;2803245;112;0
11;19;78;7;47;13;41;3.40;1;1;1;42;0;2803341;252;0
11;19;78;7;47;14;42;3.60;2;1;1;45;0;2803442;167;0
11;19;78;7;47;15;65;3.40;1;1;1;39;0;2803565;194;0
11;19;78;7;47;15;87;3.40;2;1;1;45;0;2803587;116;0
11;19;78;7;47;17;13;5.40;4;2;1;59;0;2803713;868;0
11;19;78;7;47;17;13;3.60;1;1;1;38;0;2803713;116;0
11;19;78;7;47;18;24;3.00;1;1;1;37;0;2803824;76;0
11;19;78;7;47;18;64;3.00;2;1;1;48;0;2803864;249;0
11;19;78;7;47;19;64;4.60;3;2;1;65;0;2803964;1608;0
11;19;78;7;47;20;28;3.20;1;1;1;35;0;2804028;174;2803341
11;19;78;7;47;20;91;4.20;2;1;1;51;0;2804091;204;0
11;19;78;7;47;21;93;3.40;1;1;1;34;0;2804193;132;2803341
11;19;78;7;47;22;98;3.20;1;1;1;32;0;2804298;69;2803341
11;19;78;7;47;23;73;3.60;2;1;1;52;0;2804373;252;0
11;19;78;7;47;24;83;3.60;1;1;1;28;0;2804483;149;2803341
11;19;78;7;47;26;55;3.80;3;2;1;63;0;2804655;665;0
11;19;78;7;47;27;77;3.80;4;2;1;64;0;2804777;1031;0
11;19;78;7;47;27;5;3.40;1;1;1;26;0;2804705;175;2803341
11;19;78;7;47;29;14;4.00;1;1;1;28;0;2804914;161;2803341
11;19;78;7;47;29;81;4.80;2;1;1;54;0;2804981;583;0
11;19;78;7;47;30;43;3.40;3;2;1;61;0;2805043;366;0
11;19;78;7;47;30;37;3.60;1;1;1;28;0;2805037;71;2803341
11;19;78;7;47;31;46;4.40;4;2;1;59;0;2805146;347;0
11;19;78;7;47;32;40;4.00;4;2;1;63;0;2805240;67;0
11;19;78;7;47;31;60;3.60;1;1;1;25;0;2805160;76;2803341
11;19;78;7;47;32;45;3.40;3;2;1;56;0;2805245;181;2803341
11;19;78;7;47;33;35;3.80;2;1;1;46;0;2805335;322;0
11;19;78;7;47;33;98;6.20;4;2;1;58;0;2805398;135;0
11;19;78;7;47;33;13;5.00;1;1;1;25;0;2805313;101;2803341
11;19;78;7;47;34;27;4.00;3;2;1;62;0;2805427;160;2803341
11;19;78;7;47;35;48;3.80;3;2;1;60;0;2805548;97;2803341
11;19;78;7;47;34;77;16.00;2;1;4;54;0;2805477;112;2803341
11;19;78;7;47;36;81;4.40;4;2;1;60;0;2805681;244;0
11;19;78;7;47;37;63;4.20;3;2;1;61;0;2805763;192;2805043
11;19;78;7;47;38;52;3.60;4;2;1;57;0;2805852;144;2805043
11;19;78;7;47;38;86;3.60;3;2;1;62;0;2805886;98;2805043
11;19;78;7;47;39;85;3.40;1;1;1;47;0;2805985;600;0
11;19;78;7;47;39;99;4.00;3;2;1;62;0;2805999;92;2805043
11;19;78;7;47;40;43;3.80;4;2;1;60;0;2806043;168;2805043
11;19;78;7;47;41;97;3.80;2;1;1;53;0;2806197;613;0
11;19;78;7;47;42;28;3.80;1;1;1;50;0;2806228;216;0
11;19;78;7;47;42;48;3.20;3;2;1;59;0;2806248;225;0
11;19;78;7;47;43;8;3.20;4;2;1;57;0;2806308;242;0
11;19;78;7;47;43;27;3.60;2;1;1;52;0;2806327;104;0
11;19;78;7;47;43;95;4.60;3;2;1;59;0;2806395;127;0
11;19;78;7;47;44;64;3.80;4;2;1;58;0;2806464;135;0
11;19;78;7;47;44;61;3.60;1;1;1;47;0;2806461;205;0
11;19;78;7;47;46;44;3.60;3;2;1;59;0;2806644;220;0
11;19;78;7;47;46;47;3.40;2;1;1;57;0;2806647;295;0
11;19;78;7;47;46;85;3.60;4;2;1;54;0;2806685;197;0
11;19;78;7;47;47;63;3.20;2;1;1;57;0;2806763;94;0
11;19;78;7;47;47;89;4.40;1;1;1;52;0;2806789;300;0
11;19;78;7;47;48;39;3.40;4;2;1;52;0;2806839;130;0
11;19;78;7;47;48;69;3.20;3;2;1;65;0;2806869;203;0
11;19;78;7;47;49;60;3.60;3;2;1;66;0;2806960;73;0
11;19;78;7;47;50;86;3.40;1;1;1;53;0;2807086;266;0
11;19;78;7;47;51;20;3.40;4;2;1;52;0;2807120;257;0
11;19;78;7;47;51;88;3.20;1;1;1;55;0;2807188;78;0
11;19;78;7;47;52;65;3.00;4;2;1;53;0;2807265;121;0
11;19;78;7;47;53;4;4.20;3;2;1;55;0;2807304;324;0
11;19;78;7;47;58;37;3.60;3;2;1;65;0;2807837;505;0
11;19;78;7;48;9;22;3.20;1;1;1;59;0;2808922;1713;0
11;19;78;7;48;24;12;3.00;3;2;1;64;0;2810412;2555;0
11;19;78;7;48;25;58;4.40;3;2;1;62;0;2810558;129;0
11;19;78;7;48;27;15;3.40;3;2;1;66;0;2810715;131;0
11;19;78;7;48;28;78;3.60;4;2;1;57;0;2810878;3592;0
11;19;78;7;48;29;22;3.40;1;1;1;57;0;2810922;1980;0
11;19;78;7;48;30;20;3.40;1;1;1;57;0;2811020;76;0
11;19;78;7;48;31;29;3.20;2;1;1;61;0;2811129;4345;0
11;19;78;7;48;32;40;3.20;1;1;1;56;0;2811240;198;0
11;19;78;7;48;32;54;3.60;2;1;1;61;0;2811254;106;0
11;19;78;7;48;32;85;3.00;3;2;1;57;0;2811285;551;0
11;19;78;7;48;33;59;3.60;1;1;1;55;0;2811359;98;0
11;19;78;7;48;35;0;3.40;1;1;1;52;0;2811500;117;2810922
11;19;78;7;48;35;78;4.00;2;1;1;54;0;2811578;302;0
11;19;78;7;48;37;17;3.60;2;1;1;55;0;2811717;112;0
11;19;78;7;48;37;31;3.80;1;1;1;54;0;2811731;207;0
11;19;78;7;48;38;37;4.20;1;1;1;52;0;2811837;80;0
11;19;78;7;48;39;34;3.80;2;1;1;56;0;2811934;193;0
11;19;78;7;48;40;7;3.80;4;2;1;57;0;2812007;1106;0
11;19;78;7;48;40;63;3.80;3;2;1;59;0;2812063;759;0
11;19;78;7;48;40;84;3.80;2;1;1;57;0;2812084;125;0
11;19;78;7;48;40;92;3.40;1;1;1;53;0;2812092;225;0
11;19;78;7;48;41;77;5.00;4;2;1;60;0;2812177;146;0
11;19;78;7;48;42;32;4.00;2;1;1;58;0;2812232;124;2811578
11;19;78;7;48;42;56;4.20;1;1;1;56;0;2812256;140;2811578
11;19;78;7;48;43;27;3.00;3;2;1;57;0;2812327;240;0
11;19;78;7;48;44;73;3.40;2;1;1;58;0;2812473;216;0
11;19;78;7;48;45;17;3.80;1;1;1;52;0;2812517;234;0
11;19;78;7;48;45;86;3.40;4;2;1;58;0;2812586;379;0
11;19;78;7;48;45;95;3.80;3;2;1;58;0;2812595;249;0
11;19;78;7;48;46;6;4.00;2;1;1;57;0;2812606;111;0
11;19;78;7;48;47;33;4.00;1;1;1;52;0;2812733;189;0
11;19;78;7;48;49;0;3.80;1;1;1;51;0;2812900;139;0
11;19;78;7;48;50;84;3.00;2;1;1;55;0;2813084;452;0
11;19;78;7;48;50;85;3.60;4;2;1;58;0;2813085;477;0
11;19;78;7;48;51;73;3.40;2;1;1;54;0;2813173;69;0
11;19;78;7;48;51;11;14.40;1;1;4;50;0;2813111;184;0
11;19;78;7;48;52;77;3.00;4;2;1;57;0;2813277;169;0
11;19;78;7;48;52;85;3.40;2;1;1;52;0;2813285;89;0
11;19;78;7;48;53;10;3.80;1;1;1;50;0;2813310;95;2812517
11;19;78;7;48;54;28;4.00;2;1;1;52;0;2813428;119;2812517
11;19;78;7;48;54;89;3.60;4;2;1;54;0;2813489;193;2812517
11;19;78;7;48;55;36;3.60;1;1;1;50;0;2813536;198;2812517
11;19;78;7;48;55;47;3.40;2;1;1;48;0;2813547;91;2813084
11;19;78;7;48;56;66;3.60;1;1;1;48;0;2813666;104;2812517
11;19;78;7;48;57;82;3.60;2;1;1;53;0;2813782;209;0
11;19;78;7;48;58;31;3.00;3;2;1;64;0;2813831;1212;0
11;19;78;7;48;58;60;3.60;1;1;1;51;0;2813860;167;2812517
11;19;78;7;49;0;7;4.00;2;1;1;52;0;2814007;200;0
11;19;78;7;49;0;82;3.60;1;1;1;48;0;2814082;196;2812517
11;19;78;7;49;1;68;3.60;1;1;1;48;0;2814168;59;2812517
11;19;78;7;49;2;63;3.20;1;1;1;46;0;2814263;68;2812517
11;19;78;7;49;3;26;3.20;2;1;1;54;0;2814326;291;0
11;19;78;7;49;3;68;3.80;1;1;1;48;0;2814368;79;2812517
11;19;78;7;49;4;58;3.60;1;1;1;47;0;2814458;61;2812517
11;19;78;7;49;5;36;3.60;3;2;1;64;0;2814536;688;0
11;19;78;7;49;6;87;4.60;1;1;1;47;0;2814687;201;0
11;19;78;7;49;7;62;2.80;2;1;1;62;0;2814762;414;0
11;19;78;7;49;8;73;3.80;1;1;1;44;0;2814873;150;0
11;19;78;7;49;9;41;3.40;4;2;1;58;0;2814941;1428;0
11;19;78;7;49;10;50;3.80;1;1;1;43;0;2815050;145;0
11;19;78;7;49;11;85;3.40;1;1;1;44;0;2815185;103;0
11;19;78;7;49;12;10;5.20;3;2;1;62;0;2815210;653;0
11;19;78;7;49;12;77;3.60;4;2;1;56;0;2815277;314;0
11;19;78;7;49;12;91;4.40;2;1;1;54;0;2815291;512;0
11;19;78;7;49;13;48;4.20;1;1;1;43;0;2815348;135;2814687
11;19;78;7;49;14;50;3.60;3;2;1;60;0;2815450;209;0
11;19;78;7;49;14;58;5.00;2;1;1;52;0;2815458;137;0
11;19;78;7;49;14;73;3.60;1;1;1;43;0;2815473;89;2814687
11;19;78;7;49;15;38;3.80;3;2;1;58;0;2815538;66;2814687
11;19;78;7;49;15;29;6.80;4;2;1;58;0;2815529;228;0
11;19;78;7;49;16;14;3.80;3;2;1;60;0;2815614;52;0
11;19;78;7;49;16;53;3.60;1;1;1;42;0;2815653;149;2814687
11;19;78;7;49;17;20;3.40;3;2;1;59;0;2815720;83;2814687
11;19;78;7;49;18;9;6.80;2;1;1;51;0;2815809;316;0
11;19;78;7;49;18;40;3.80;3;2;1;58;0;2815840;99;2815450
11;19;78;7;49;18;84;3.60;1;1;1;43;0;2815884;200;0
11;19;78;7;49;18;98;4.40;4;2;1;59;0;2815898;326;0
11;19;78;7;49;19;5;4.20;2;1;1;50;0;2815905;48;0
11;19;78;7;49;20;66;3.80;3;2;1;58;0;2816066;202;0
11;19;78;7;49;22;2;2.80;4;2;1;55;0;2816202;277;0
11;19;78;7;49;22;11;3.80;3;2;1;57;0;2816211;121;0
11;19;78;7;49;23;16;4.80;4;2;1;55;0;2816316;95;0
11;19;78;7;49;23;54;3.40;3;2;1;58;0;2816354;119;0
11;19;78;7;49;24;15;11.60;1;1;7;54;0;2816415;500;0
11;19;78;7;49;25;29;4.20;2;1;1;53;0;2816529;593;0
11;19;78;7;49;26;3;4.60;3;2;1;64;0;2816603;227;0
11;19;78;7;49;26;21;3.40;1;1;1;53;0;2816621;128;0
11;19;78;7;49;27;13;3.80;3;2;1;63;0;2816713;84;0
11;19;78;7;49;27;34;16.20;4;2;4;59;0;2816734;386;0
11;19;78;7;49;28;53;4.00;1;1;1;55;0;2816853;208;0
11;19;78;7;49;29;16;3.20;2;1;1;57;0;2816916;358;0
11;19;78;7;49;29;48;3.80;3;2;1;57;0;2816948;213;0
11;19;78;7;49;29;71;3.40;4;2;1;57;0;2816971;138;0
11;19;78;7;49;29;71;11.60;1;1;2;57;0;2816971;91;0
11;19;78;7;49;30;68;3.40;2;1;1;59;0;2817068;131;0
11;19;78;7;49;30;75;3.80;3;2;1;58;0;2817075;103;0
11;19;78;7;49;31;79;3.60;3;2;1;60;0;2817179;80;0
11;19;78;7;49;31;94;3.40;1;1;1;57;0;2817194;149;0
11;19;78;7;49;33;53;3.40;3;2;1;59;0;2817353;152;0
11;19;78;7;49;33;61;5.40;1;1;1;56;0;2817361;145;0
11;19;78;7;49;34;66;4.00;3;2;1;60;0;2817466;92;2816948
11;19;78;7;49;35;3;3.00;1;1;1;54;0;2817503;107;2816853
11;19;78;7;49;36;32;3.40;1;1;1;54;0;2817632;109;2816853
11;19;78;7;49;36;75;3.40;3;2;1;55;0;2817675;185;2816948
11;19;78;7;49;37;23;3.60;1;1;1;54;0;2817723;68;2816853
11;19;78;7;49;37;78;3.80;3;2;1;56;0;2817778;80;2816948
11;19;78;7;49;38;67;3.40;1;1;1;56;0;2817867;120;2816853
11;19;78;7;49;39;64;3.40;3;2;1;55;0;2817964;161;2816948
11;19;78;7;49;41;20;3.20;4;2;1;58;0;2818120;1127;0
11;19;78;7;49;41;56;3.60;1;1;1;64;0;2818156;267;0
11;19;78;7;49;44;12;3.20;2;1;1;60;0;2818412;1323;0
11;19;78;7;49;44;13;3.20;4;2;1;59;0;2818413;273;0
11;19;78;7;49;44;96;4.20;2;1;1;60;0;2818496;64;0
11;19;78;7;49;45;74;12.60;1;1;3;44;0;2818574;397;0
11;19;78;7;49;49;11;3.00;2;1;1;54;0;2818911;389;0
11;19;78;7;49;49;53;3.20;1;1;1;44;0;2818953;275;0
11;19;78;7;49;50;24;3.40;2;1;1;54;0;2819024;93;0
11;19;78;7;49;51;14;3.60;4;2;1;60;0;2819114;681;0
11;19;78;7;49;51;1;3.80;1;1;1;43;0;2819101;121;0
11;19;78;7;49;51;97;3.20;1;1;1;41;0;2819197;64;0
11;19;78;7;49;53;1;3.80;4;2;1;57;0;2819301;165;0
11;19;78;7;49;53;4;3.80;1;1;1;42;0;2819304;78;0
11;19;78;7;49;56;68;3.60;4;2;1;59;0;2819668;343;0
11;19;78;7;49;58;21;3.40;4;2;1;58;0;2819821;131;0
11;19;78;7;49;59;36;3.80;3;2;1;67;0;2819936;1949;0
11;19;78;7;49;59;91;3.60;4;2;1;60;0;2819991;148;0
11;19;78;7;50;4;16;3.40;3;2;1;69;0;2820416;459;0
11;19;78;7;50;5;14;3.80;4;2;1;62;0;2820514;501;0
11;19;78;7;50;10;81;12.60;4;2;3;50;0;2821081;544;0
11;19;78;7;50;18;60;3.80;4;2;1;58;0;2821860;688;0
11;19;78;7;50;19;59;3.60;3;2;1;62;0;2821959;1525;0
11;19;78;7;50;22;6;3.80;4;2;1;58;0;2822206;322;0
11;19;78;7;50;22;75;4.00;3;2;1;61;0;2822275;295;0
11;19;78;7;50;24;69;4.20;3;2;1;61;0;2822469;170;0
11;19;78;7;50;24;58;8.80;4;2;2;56;0;2822458;228;0
11;19;78;7;50;26;4;4.00;3;2;1;66;0;2822604;110;0
11;19;78;7;50;26;16;7.60;4;2;2;57;0;2822616;101;0
11;19;78;7;50;28;13;3.40;3;2;1;62;0;2822813;187;0
11;19;78;7;50;29;42;3.80;3;2;1;61;0;2822942;109;2822275
11;19;78;7;50;38;74;3.40;1;1;1;56;0;2823874;4537;0
11;19;78;7;50;40;19;4.00;1;1;1;56;0;2824019;123;0
11;19;78;7;50;43;7;2.60;1;1;0;59;1;2824307;262;0
11;19;78;7;50;49;51;3.20;3;2;1;63;0;2824951;1986;0
11;19;78;7;50;49;89;5.00;4;2;1;64;0;2824989;2325;0
11;19;78;7;50;50;37;3.60;2;1;1;57;0;2825037;5990;0
11;19;78;7;50;51;16;3.80;3;2;1;63;0;2825116;146;0
11;19;78;7;50;51;32;8.40;1;1;2;60;0;2825132;1087;0
11;19;78;7;50;51;98;4.60;2;1;1;56;0;2825198;138;0
11;19;78;7;50;52;10;5.00;3;2;1;62;0;2825210;72;0
11;19;78;7;50;52;63;3.40;1;1;1;59;0;2825263;80;0
11;19;78;7;50;52;61;3.80;4;2;1;56;0;2825261;243;0
11;19;78;7;50;53;17;3.40;3;2;1;58;0;2825317;77;0
11;19;78;7;50;53;48;4.00;1;1;1;58;0;2825348;64;0
11;19;78;7;50;54;67;3.60;3;2;1;60;0;2825467;128;2824951
11;19;78;7;50;54;49;9.00;4;2;6;56;0;2825449;163;2824951
11;19;78;7;50;55;72;6.00;2;1;1;63;0;2825572;344;0
11;19;78;7;50;55;83;3.60;4;2;1;57;0;2825583;76;0
11;19;78;7;50;56;61;3.60;1;1;1;55;0;2825661;288;0
11;19;78;7;50;57;93;4.00;2;1;1;58;0;2825793;186;0
11;19;78;7;50;58;15;3.40;1;1;1;53;0;2825815;130;0
11;19;78;7;50;58;93;3.60;4;2;1;58;0;2825893;287;0
11;19;78;7;50;59;99;3.80;1;1;1;53;0;2825999;160;0
11;19;78;7;51;0;22;3.60;2;1;1;55;0;2826022;204;0
11;19;78;7;51;0;53;3.80;4;2;1;59;0;2826053;137;0
11;19;78;7;51;1;47;3.80;3;2;1;59;0;2826147;658;0
11;19;78;7;51;1;70;3.80;4;2;1;60;0;2826170;93;0
11;19;78;7;51;1;95;3.60;1;1;1;57;0;2826195;170;0
11;19;78;7;51;2;66;3.60;3;2;1;59;0;2826266;95;0
11;19;78;7;51;2;92;3.40;4;2;1;66;0;2826292;99;0
11;19;78;7;51;3;25;3.20;2;1;1;54;0;2826325;279;0
11;19;78;7;51;4;5;3.80;3;2;1;58;0;2826405;117;0
11;19;78;7;51;4;29;3.00;1;1;1;53;0;2826429;211;0
11;19;78;7;51;4;34;3.80;2;1;1;55;0;2826434;87;0
11;19;78;7;51;5;29;3.60;3;2;1;56;0;2826529;100;0
11;19;78;7;51;5;45;3.40;2;1;1;53;0;2826545;86;0
11;19;78;7;51;5;77;3.60;1;1;1;54;0;2826577;127;0
11;19;78;7;51;6;77;4.00;2;1;1;53;0;2826677;108;0
11;19;78;7;51;7;9;3.40;3;2;1;54;0;2826709;156;2826147
11;19;78;7;51;7;44;4.40;1;1;1;54;0;2826744;143;2826147
11;19;78;7;51;7;20;16.00;4;2;7;56;0;2826720;409;0
11;19;78;7;51;8;21;3.80;2;1;1;53;0;2826821;116;2826325
11;19;78;7;51;8;52;3.80;3;2;1;56;0;2826852;120;2826147
11;19;78;7;51;9;12;3.40;1;1;1;51;0;2826912;138;2826147
11;19;78;7;51;9;61;3.80;4;2;1;55;0;2826961;138;2826147
11;19;78;7;51;9;65;3.60;3;2;1;57;0;2826965;88;2826147
11;19;78;7;51;10;48;3.80;2;1;1;56;0;2827048;201;0
11;19;78;7;51;10;44;4.00;1;1;1;49;0;2827044;108;2826429
11;19;78;7;51;11;20;3.60;3;2;1;58;0;2827120;132;2826147
11;19;78;7;51;11;97;3.40;1;1;1;49;0;2827197;123;2826429
11;19;78;7;51;12;47;3.80;3;2;1;57;0;2827247;104;2826147
11;19;78;7;51;13;59;3.40;3;2;1;57;0;2827359;88;2826147
11;19;78;7;51;13;85;3.20;1;1;1;46;0;2827385;163;2826429
11;19;78;7;51;13;85;5.00;4;2;1;56;0;2827385;399;0
11;19;78;7;51;14;29;5.00;2;1;1;56;0;2827429;356;0
11;19;78;7;51;15;79;3.80;1;1;1;46;0;2827579;168;2826429
11;19;78;7;51;16;5;3.80;4;2;1;54;0;2827605;187;2826429
11;19;78;7;51;16;30;3.40;3;2;1;56;0;2827630;249;0
11;19;78;7;51;16;28;3.00;2;1;1;55;0;2827628;166;0
11;19;78;7;51;17;24;4.00;2;1;1;56;0;2827724;76;0
11;19;78;7;51;17;24;9.40;1;1;2;44;0;2827724;115;2826429
11;19;78;7;51;18;1;3.80;4;2;1;53;0;2827801;170;2826429
11;19;78;7;51;18;25;3.80;3;2;1;56;0;2827825;173;2826429
11;19;78;7;51;19;8;3.40;1;1;1;45;0;2827908;107;2826429
11;19;78;7;51;19;87;3.40;4;2;1;55;0;2827987;160;2826429
11;19;78;7;51;19;92;4.20;1;1;1;46;0;2827992;56;2826429
11;19;78;7;51;20;37;4.00;2;1;1;54;0;2828037;287;0
11;19;78;7;51;20;52;3.60;3;2;1;55;0;2828052;202;0
11;19;78;7;51;20;90;3.80;1;1;1;48;0;2828090;65;2826429
11;19;78;7;51;21;71;4.00;4;2;1;56;0;2828171;161;2827385
11;19;78;7;51;21;76;3.60;3;2;1;55;0;2828176;100;2827385
11;19;78;7;51;22;9;3.40;2;1;1;51;0;2828209;145;2827385
11;19;78;7;51;22;83;3.80;1;1;1;48;0;2828283;164;2826429
11;19;78;7;51;23;19;3.40;3;2;1;54;0;2828319;119;2826429
11;19;78;7;51;23;79;3.40;2;1;1;50;0;2828379;146;2826429
11;19;78;7;51;24;52;4.00;3;2;1;55;0;2828452;110;2826429
11;19;78;7;51;24;99;3.80;1;1;1;46;0;2828499;187;2826429
11;19;78;7;51;25;11;4.00;2;1;1;50;0;2828511;107;2826429
11;19;78;7;51;26;48;3.80;1;1;1;44;0;2828648;119;2826429
11;19;78;7;51;26;69;3.60;2;1;1;52;0;2828669;129;2828037
11;19;78;7;51;27;91;3.00;1;1;1;43;0;2828791;111;2826429
11;19;78;7;51;28;48;3.60;3;2;1;77;0;2828848;369;0
11;19;78;7;51;29;65;4.00;2;1;1;48;0;2828965;271;0
11;19;78;7;51;29;72;3.20;1;1;1;40;0;2828972;155;2826429
11;19;78;7;51;30;61;3.20;4;2;1;63;0;2829061;864;0
11;19;78;7;51;30;93;4.00;2;1;1;46;0;2829093;98;0
11;19;78;7;51;31;21;3.60;1;1;1;40;0;2829121;120;2826429
11;19;78;7;51;31;92;3.20;2;1;1;46;0;2829192;67;2826429
11;19;78;7;51;33;92;3.40;1;1;1;41;0;2829392;238;0
11;19;78;7;51;35;3;3.20;1;1;1;40;0;2829503;81;0
11;19;78;7;51;38;36;4.40;4;2;1;58;0;2829836;756;0
11;19;78;7;51;37;33;2.60;1;2;1;11;0;2829733;-2;0
11;19;78;7;51;40;26;7.00;2;1;1;59;0;2830026;808;0
11;19;78;7;51;40;82;4.40;4;2;1;59;0;2830082;218;0
11;19;78;7;51;40;69;3.60;1;1;1;38;0;2830069;537;0
11;19;78;7;51;42;38;12.40;1;1;7;38;0;2830238;134;0
11;19;78;7;51;45;91;3.00;4;2;1;59;0;2830591;482;0
11;19;78;7;51;45;59;3.80;1;1;1;37;0;2830559;203;0
11;19;78;7;51;47;16;3.40;1;1;1;36;0;2830716;120;0
11;19;78;7;51;48;73;3.80;1;1;1;35;0;2830873;123;0
11;19;78;7;51;50;15;3.20;1;1;1;35;0;2831015;102;0
11;19;78;7;51;51;93;6.40;1;1;2;35;0;2831193;145;2830559
11;19;78;7;51;54;23;3.80;1;1;1;36;0;2831423;164;2830559
11;19;78;7;51;55;5;3.80;3;2;1;65;0;2831505;2640;0
11;19;78;7;51;55;82;3.80;3;2;1;66;0;2831582;55;0
11;19;78;7;51;56;35;3.80;4;2;1;65;0;2831635;1025;0
11;19;78;7;51;56;76;3.60;3;2;1;63;0;2831676;73;0
11;19;78;7;51;57;78;3.00;4;2;1;62;0;2831778;121;0
11;19;78;7;51;57;81;3.40;1;1;1;39;0;2831781;320;0
11;19;78;7;51;59;32;3.80;1;1;1;38;0;2831932;119;0
11;19;78;7;52;0;93;3.60;1;1;1;37;0;2832093;125;0
11;19;78;7;52;2;87;3.80;1;1;1;37;0;2832287;158;0
11;19;78;7;52;3;45;4.00;2;1;1;53;0;2832345;2276;0
11;19;78;7;52;4;33;4.60;2;1;1;53;0;2832433;60;0
11;19;78;7;52;4;85;3.60;1;1;1;38;0;2832485;161;2831781
11;19;78;7;52;5;79;3.60;1;1;1;37;0;2832579;59;2831781
11;19;78;7;52;6;98;3.20;2;1;1;51;0;2832698;233;0
11;19;78;7;52;8;19;3.20;2;1;1;51;0;2832819;98;0
11;19;78;7;52;10;13;3.80;1;1;1;48;0;2833013;398;0
11;19;78;7;52;25;9;3.80;3;2;1;64;0;2834509;2812;0
11;19;78;7;52;27;97;3.60;3;2;1;62;0;2834797;266;0
11;19;78;7;52;28;60;3.80;4;2;1;55;0;2834860;3064;0
11;19;78;7;52;29;25;3.80;3;2;1;65;0;2834925;107;0
11;19;78;7;52;30;14;4.20;4;2;1;57;0;2835014;129;0
11;19;78;7;52;31;85;3.20;4;2;1;57;0;2835185;144;0
11;19;78;7;52;33;23;3.60;3;2;1;60;0;2835323;376;0
11;19;78;7;52;33;72;3.40;4;2;1;57;0;2835372;166;0
11;19;78;7;52;34;54;3.20;3;2;1;60;0;2835454;109;0
11;19;78;7;52;34;48;3.60;4;2;1;53;0;2835448;54;2834860
11;19;78;7;52;35;69;4.00;3;2;1;63;0;2835569;95;2834860
11;19;78;7;52;36;87;4.60;3;2;1;66;0;2835687;95;2834860
11;19;78;7;52;36;93;3.60;4;2;1;55;0;2835693;220;0
11;19;78;7;52;38;70;3.20;3;2;1;60;0;2835870;157;2835323
11;19;78;7;52;38;93;3.40;4;2;1;54;0;2835893;176;2835323
11;19;78;7;52;40;33;3.20;3;2;1;57;0;2836033;143;2835323
11;19;78;7;52;41;62;3.80;4;2;1;52;0;2836162;246;0
11;19;78;7;52;42;20;3.40;3;2;1;57;0;2836220;166;2835323
11;19;78;7;52;44;9;4.60;4;2;1;52;0;2836409;220;0
11;19;78;7;52;45;9;4.00;3;2;1;59;0;2836509;267;0
11;19;78;7;52;45;28;3.40;4;2;1;52;0;2836528;87;0
11;19;78;7;52;46;18;3.60;4;2;1;52;0;2836618;66;0
11;19;78;7;52;46;60;3.60;2;1;1;53;0;2836660;3818;0
11;19;78;7;52;47;49;3.80;4;2;1;54;0;2836749;106;0
11;19;78;7;52;47;71;3.00;2;1;1;55;0;2836771;86;0
11;19;78;7;52;49;2;3.20;4;2;1;56;0;2836902;127;2836409
11;19;78;7;52;50;18;3.00;3;2;1;57;0;2837018;484;0
11;19;78;7;52;51;16;3.80;3;2;1;56;0;2837116;79;0
11;19;78;7;52;51;26;5.80;4;2;1;52;0;2837126;203;0
11;19;78;7;52;53;10;3.60;3;2;1;54;0;2837310;169;0
11;19;78;7;52;53;46;3.60;4;2;1;52;0;2837346;179;0
11;19;78;7;52;54;51;3.20;4;2;1;52;0;2837451;80;0
11;19;78;7;52;55;19;3.40;3;2;1;56;0;2837519;185;0
11;19;78;7;52;55;95;3.80;4;2;1;55;0;2837595;121;0
11;19;78;7;52;56;70;3.00;3;2;1;56;0;2837670;129;2837018
11;19;78;7;52;58;17;3.20;2;1;1;50;0;2837817;1026;0
11;19;78;7;52;58;41;3.40;3;2;1;57;0;2837841;151;2837018
11;19;78;7;52;59;72;3.20;4;2;1;52;0;2837972;352;0
11;19;78;7;53;0;0;3.60;3;2;1;54;0;2838000;137;2837018
11;19;78;7;53;0;66;3.20;2;1;1;53;0;2838066;225;0
11;19;78;7;53;1;7;3.20;1;1;1;58;0;2838107;5065;0
11;19;78;7;53;1;24;3.80;4;2;1;56;0;2838124;129;0
11;19;78;7;53;2;15;3.60;3;2;1;54;0;2838215;191;2837018
11;19;78;7;53;3;86;3.20;3;2;1;53;0;2838386;147;2837018
11;19;78;7;53;4;85;3.60;3;2;1;54;0;2838485;77;2837018
11;19;78;7;53;13;63;3.80;3;2;1;63;0;2839363;854;0
11;19;78;7;53;18;7;3.40;2;1;1;52;0;2839807;1719;0
11;19;78;7;53;18;14;3.80;1;1;1;57;0;2839814;1687;0
11;19;78;7;53;18;25;4.60;4;2;1;59;0;2839825;1676;0
11;19;78;7;53;19;30;3.60;2;1;1;52;0;2839930;99;0
11;19;78;7;53;20;5;3.60;1;1;1;59;0;2840005;167;0
11;19;78;7;53;20;26;4.20;3;2;1;74;0;2840026;641;0
11;19;78;7;53;20;18;3.40;4;2;1;57;0;2840018;164;0
11;19;78;7;53;20;55;4.00;2;1;1;53;0;2840055;100;0
11;19;78;7;53;21;72;3.00;1;1;1;60;0;2840172;145;0
11;19;78;7;53;23;21;3.20;2;1;1;58;0;2840321;238;0
11;19;78;7;53;23;54;3.20;1;1;1;54;0;2840354;164;0
11;19;78;7;53;24;95;4.00;1;1;1;56;0;2840495;119;2839814
11;19;78;7;53;26;20;3.60;1;1;1;61;0;2840620;99;2839814
11;19;78;7;53;27;28;3.60;2;1;1;57;0;2840728;387;0
11;19;78;7;53;28;20;3.20;1;1;1;54;0;2840820;178;2839814
11;19;78;7;53;28;73;4.20;2;1;1;54;0;2840873;122;2839814
11;19;78;7;53;29;56;3.00;1;1;1;55;0;2840956;114;2839814
11;19;78;7;53;30;2;3.20;2;1;1;55;0;2841002;101;2839814
11;19;78;7;53;30;74;3.80;1;1;1;53;0;2841074;98;2839814
11;19;78;7;53;32;97;3.00;4;2;1;68;0;2841297;1257;0
11;19;78;7;53;33;32;3.60;1;1;1;52;0;2841332;232;0
11;19;78;7;53;34;52;3.80;1;1;1;54;0;2841452;95;0
11;19;78;7;53;35;47;3.60;2;1;1;59;0;2841547;524;0
11;19;78;7;53;36;25;4.00;1;1;1;60;0;2841625;147;0
11;19;78;7;53;37;53;3.00;4;2;1;59;0;2841753;440;0
11;19;78;7;53;37;42;11.20;1;1;3;43;0;2841742;93;0
11;19;78;7;53;38;37;3.80;2;1;1;53;0;2841837;268;0
11;19;78;7;53;39;5;3.40;4;2;1;57;0;2841905;133;0
11;19;78;7;53;39;12;4.60;3;2;1;67;0;2841912;1865;0
11;19;78;7;53;39;98;2.60;3;2;0;64;1;2841998;61;0
11;19;78;7;53;40;36;3.60;1;1;1;43;0;2842036;200;0
11;19;78;7;53;40;87;3.60;2;1;1;51;0;2842087;224;0
11;19;78;7;53;42;51;3.80;1;1;1;42;0;2842251;184;0
11;19;78;7;53;43;42;7.40;2;1;1;49;0;2842342;229;0
11;19;78;7;53;44;7;4.00;1;1;1;42;0;2842407;123;0
11;19;78;7;53;46;0;3.80;1;1;1;40;0;2842600;158;0
11;19;78;7;53;45;96;10.80;4;2;2;65;0;2842596;669;0
11;19;78;7;53;47;76;3.60;1;1;1;37;0;2842776;141;2842036
11;19;78;7;53;48;16;4.00;2;1;1;48;0;2842816;419;0
11;19;78;7;53;49;31;3.80;2;1;1;53;0;2842931;85;0
11;19;78;7;53;50;12;3.20;1;1;1;37;0;2843012;200;0
11;19;78;7;53;51;21;3.80;2;1;1;53;0;2843121;164;0
11;19;78;7;53;51;90;3.20;1;1;1;38;0;2843190;146;0
11;19;78;7;53;53;16;4.00;2;1;1;51;0;2843316;169;0
11;19;78;7;53;53;69;3.40;1;1;1;37;0;2843369;148;0
11;19;78;7;53;54;78;3.20;4;2;1;62;0;2843478;822;0
11;19;78;7;53;54;67;3.40;2;1;1;49;0;2843467;122;2842816
11;19;78;7;53;55;4;3.60;1;1;1;36;0;2843504;101;2842816
11;19;78;7;53;56;39;4.00;2;1;1;48;0;2843639;147;2842816
11;19;78;7;53;56;51;3.80;1;1;1;36;0;2843651;111;2843012
11;19;78;7;53;57;53;3.80;2;1;1;48;0;2843753;84;2842816
11;19;78;7;53;58;61;3.20;1;1;1;38;0;2843861;172;2843012
11;19;78;7;53;58;93;3.60;2;1;1;49;0;2843893;111;2842816
11;19;78;7;53;59;81;4.40;1;1;1;39;0;2843981;89;2843012
11;19;78;7;54;1;62;3.40;1;1;1;40;0;2844162;140;2843012
11;19;78;7;54;3;24;3.80;1;1;1;43;0;2844324;131;2843012
11;19;78;7;54;4;93;3.20;1;1;1;41;0;2844493;137;2843012
11;19;78;7;54;5;70;4.00;3;2;1;64;0;2844570;2633;0
11;19;78;7;54;6;74;3.00;1;1;1;42;0;2844674;152;2843012
11;19;78;7;54;8;21;3.60;1;1;1;41;0;2844821;121;2843012
11;19;78;7;54;10;15;3.60;4;2;1;61;0;2845015;1518;0
11;19;78;7;54;10;2;3.40;1;1;1;39;0;2845002;149;2843012
11;19;78;7;54;10;84;3.20;1;1;1;37;0;2845084;50;2843012
11;19;78;7;54;11;87;3.40;4;2;1;58;0;2845187;150;2843012
11;19;78;7;54;12;16;3.20;1;1;1;37;0;2845216;100;2843012
11;19;78;7;54;12;90;4.40;3;2;1;59;0;2845290;697;0
11;19;78;7;54;14;63;3.40;2;1;1;55;0;2845463;1543;0
11;19;78;7;54;14;39;3.20;1;1;1;37;0;2845439;191;2843012
11;19;78;7;54;14;84;3.40;3;2;1;63;0;2845484;167;2843012
11;19;78;7;54;15;86;3.40;3;2;1;65;0;2845586;82;2843012
11;19;78;7;54;15;66;11.20;4;2;3;54;0;2845566;357;0
11;19;78;7;54;18;49;3.80;3;2;1;65;0;2845849;244;0
11;19;78;7;54;19;19;4.60;1;1;1;49;0;2845919;448;0
11;19;78;7;54;20;60;3.60;3;2;1;67;0;2846060;189;0
11;19;78;7;54;20;55;3.00;4;2;1;56;0;2846055;414;0
11;19;78;7;54;21;95;4.40;3;2;1;62;0;2846195;115;0
11;19;78;7;54;22;25;3.40;4;2;1;56;0;2846225;150;0
11;19;78;7;54;22;51;3.40;2;1;1;57;0;2846251;765;0
11;19;78;7;54;23;29;3.40;3;2;1;59;0;2846329;108;0
11;19;78;7;54;23;70;3.80;2;1;1;56;0;2846370;97;0
11;19;78;7;54;24;7;4.40;3;2;1;58;0;2846407;57;2845849
11;19;78;7;54;25;2;3.80;1;1;1;51;0;2846502;549;0
11;19;78;7;54;25;17;3.60;2;1;1;53;0;2846517;122;0
11;19;78;7;54;25;23;3.20;3;2;1;57;0;2846523;88;2845849
11;19;78;7;54;25;35;3.60;4;2;1;55;0;2846535;288;0
11;19;78;7;54;25;76;4.00;1;1;1;51;0;2846576;47;0
11;19;78;7;54;27;5;4.00;1;1;1;51;0;2846705;100;0
11;19;78;7;54;27;15;3.20;3;2;1;61;0;2846715;171;2845849
11;19;78;7;54;27;81;3.60;2;1;1;55;0;2846781;239;0
11;19;78;7;54;28;83;3.80;2;1;1;55;0;2846883;78;0
11;19;78;7;54;29;11;5.20;4;2;1;61;0;2846911;352;0
11;19;78;7;54;29;35;3.60;3;2;1;59;0;2846935;201;0
11;19;78;7;54;29;58;3.80;1;1;1;48;0;2846958;224;0
11;19;78;7;54;31;35;3.40;1;1;1;45;0;2847135;148;0
11;19;78;7;54;31;54;3.80;3;2;1;55;0;2847154;197;0
11;19;78;7;54;32;47;3.60;3;2;1;57;0;2847247;68;0
11;19;78;7;54;32;30;9.20;4;2;2;61;0;2847230;288;0
11;19;78;7;54;32;64;3.20;1;1;1;50;0;2847264;101;0
11;19;78;7;54;33;76;3.60;3;2;1;56;0;2847376;106;0
11;19;78;7;54;33;84;3.80;1;1;1;51;0;2847384;96;0
11;19;78;7;54;34;17;3.60;2;1;1;54;0;2847417;509;0
11;19;78;7;54;35;42;5.20;3;2;1;58;0;2847542;142;2846935
11;19;78;7;54;36;29;3.60;2;1;1;50;0;2847629;188;2846935
11;19;78;7;54;37;72;3.40;3;2;1;59;0;2847772;197;2846935
11;19;78;7;54;39;29;3.20;3;2;1;63;0;2847929;136;2846935
11;19;78;7;54;39;44;3.40;1;1;1;47;0;2847944;533;0
11;19;78;7;54;39;15;14.40;4;2;3;57;0;2847915;630;0
11;19;78;7;54;40;35;3.40;3;2;1;63;0;2848035;87;2846935
11;19;78;7;54;41;64;3.60;4;2;1;54;0;2848164;158;2846935
11;19;78;7;54;42;45;3.00;3;2;1;60;0;2848245;190;2846935
11;19;78;7;54;43;13;3.20;4;2;1;54;0;2848313;125;2846935
11;19;78;7;54;43;73;4.40;1;1;1;46;0;2848373;402;0
11;19;78;7;54;45;1;3.40;4;2;1;48;0;2848501;166;0
11;19;78;7;54;47;68;3.60;4;2;1;48;0;2848768;241;0
11;19;78;7;54;49;94;3.40;4;2;1;48;0;2848994;199;0
11;19;78;7;54;50;98;3.40;2;1;1;58;0;2849098;1443;0
11;19;78;7;54;57;95;3.40;3;2;1;69;0;2849795;1532;0
11;19;78;7;55;0;20;3.60;3;2;1;55;0;2850020;207;0
11;19;78;7;55;1;43;3.60;4;2;1;62;0;2850143;1123;0
11;19;78;7;55;1;58;3.80;3;2;1;66;0;2850158;114;0
11;19;78;7;55;3;77;3.80;1;1;1;55;0;2850377;1969;0
11;19;78;7;55;3;79;4.00;4;2;1;59;0;2850379;215;0
11;19;78;7;55;5;99;3.40;4;2;1;57;0;2850599;195;0
11;19;78;7;55;8;86;3.80;1;1;1;58;0;2850886;484;0
11;19;78;7;55;11;0;3.60;2;1;1;58;0;2851100;1980;0
11;19;78;7;55;14;43;3.80;4;2;1;73;0;2851443;822;0
11;19;78;7;55;17;36;3.40;4;2;1;66;0;2851736;274;0
11;19;78;7;55;18;31;3.60;3;2;1;60;0;2851831;1652;0
11;19;78;7;55;18;75;3.60;4;2;1;58;0;2851875;120;0
11;19;78;7;55;19;77;4.00;3;2;1;62;0;2851977;124;0
11;19;78;7;55;19;83;3.60;4;2;1;58;0;2851983;85;0
11;19;78;7;55;20;49;3.60;2;1;1;57;0;2852049;926;0
11;19;78;7;55;24;30;3.80;1;1;1;58;0;2852430;1520;0
11;19;78;7;55;25;30;3.80;4;2;1;63;0;2852530;524;0
11;19;78;7;55;27;7;3.60;3;2;1;58;0;2852707;706;0
11;19;78;7;55;27;38;4.40;4;2;1;56;0;2852738;186;0
11;19;78;7;55;28;22;3.60;1;1;1;57;0;2852822;368;0
11;19;78;7;55;29;89;3.80;1;1;1;55;0;2852989;144;0
11;19;78;7;55;31;50;6.00;4;2;1;55;0;2853150;383;0
11;19;78;7;55;32;41;3.40;3;2;1;57;0;2853241;511;0
11;19;78;7;55;33;70;3.80;4;2;1;53;0;2853370;180;0
11;19;78;7;55;38;72;3.40;2;1;1;55;0;2853872;1800;0
11;19;78;7;55;40;61;3.80;3;2;1;81;0;2854061;798;0
11;19;78;7;55;40;95;3.60;4;2;1;77;0;2854095;699;0
11;19;78;7;55;41;90;3.80;3;2;1;76;0;2854190;112;0
11;19;78;7;55;41;94;3.40;2;1;1;58;0;2854194;299;0
11;19;78;7;55;43;43;3.60;2;1;1;60;0;2854343;127;0
11;19;78;7;55;44;47;6.80;1;1;1;58;0;2854447;1433;0
11;19;78;7;55;44;88;3.20;2;1;1;55;0;2854488;123;0
11;19;78;7;55;44;91;3.00;4;2;1;52;0;2854491;379;0
11;19;78;7;55;45;64;3.40;1;1;1;58;0;2854564;74;0
11;19;78;7;55;47;14;4.00;1;1;1;56;0;2854714;128;0
11;19;78;7;55;47;92;3.60;2;1;1;57;0;2854792;283;0
11;19;78;7;55;49;3;3.80;1;1;1;53;0;2854903;163;0
11;19;78;7;55;49;49;3.80;2;1;1;55;0;2854949;134;0
11;19;78;7;55;50;40;3.40;2;1;1;55;0;2855040;66;0
11;19;78;7;55;50;35;4.00;1;1;1;53;0;2855035;106;2854447
11;19;78;7;55;51;66;3.60;1;1;1;52;0;2855166;103;2854447
11;19;78;7;55;51;75;3.40;4;2;1;56;0;2855175;663;0
11;19;78;7;55;52;47;3.60;1;1;1;52;0;2855247;56;2854447
11;19;78;7;55;52;72;3.60;3;2;1;58;0;2855272;1064;0
11;19;78;7;55;53;55;4.00;2;1;1;59;0;2855355;292;0
11;19;78;7;55;53;73;5.40;1;1;1;47;0;2855373;101;2854447
11;19;78;7;55;53;96;4.00;4;2;1;55;0;2855396;199;2854447
11;19;78;7;55;54;63;3.40;3;2;1;62;0;2855463;168;2854447
11;19;78;7;55;54;89;3.80;1;1;1;47;0;2855489;74;2854447
11;19;78;7;55;55;75;3.80;2;1;1;57;0;2855575;195;2854447
11;19;78;7;55;56;14;3.60;3;2;1;61;0;2855614;131;2854447
11;19;78;7;55;56;14;3.80;4;2;1;55;0;2855614;191;2854447
11;19;78;7;55;56;49;3.80;1;1;1;47;0;2855649;130;2854447
11;19;78;7;55;56;98;3.60;2;1;1;54;0;2855698;99;2854447
11;19;78;7;55;57;70;3.20;3;2;1;63;0;2855770;134;2854447
11;19;78;7;55;57;74;4.40;1;1;1;44;0;2855774;95;2854447
11;19;78;7;55;58;51;3.40;2;1;1;52;0;2855851;129;2854447
11;19;78;7;55;58;96;3.60;3;2;1;66;0;2855896;107;2855272
11;19;78;7;55;59;2;3.00;1;1;1;45;0;2855902;92;2854447
11;19;78;7;55;59;6;12.80;4;2;3;53;0;2855906;267;0
11;19;78;7;55;59;73;7.20;2;1;1;50;0;2855973;98;2855355
11;19;78;7;56;0;10;3.60;3;2;1;64;0;2856010;94;2855272
11;19;78;7;56;0;64;3.80;1;1;1;44;0;2856064;138;2854447
11;19;78;7;56;1;10;3.40;2;1;1;50;0;2856110;85;2855355
11;19;78;7;56;1;24;3.20;4;2;1;53;0;2856124;131;2855355
11;19;78;7;56;1;46;3.80;1;1;1;44;0;2856146;50;2854447
11;19;78;7;56;1;99;3.20;3;2;1;60;0;2856199;168;2855272
11;19;78;7;56;2;6;3.60;2;1;1;48;0;2856206;71;2855355
11;19;78;7;56;3;27;3.60;2;1;1;49;0;2856327;94;2855355
11;19;78;7;56;3;44;3.20;3;2;1;58;0;2856344;125;2855272
11;19;78;7;56;4;39;3.80;4;2;1;56;0;2856439;293;0
11;19;78;7;56;4;37;5.00;2;1;1;50;0;2856437;83;2855355
11;19;78;7;56;4;45;3.40;1;1;1;44;0;2856445;267;0
11;19;78;7;56;5;33;3.40;3;2;1;62;0;2856533;169;2855272
11;19;78;7;56;5;82;3.60;4;2;1;57;0;2856582;118;2855272
11;19;78;7;56;5;86;3.80;2;1;1;49;0;2856586;113;2855355
11;19;78;7;56;6;0;3.40;1;1;1;45;0;2856600;127;2855355
11;19;78;7;56;6;65;3.40;3;2;1;61;0;2856665;112;2855272
11;19;78;7;56;6;86;3.80;4;2;1;57;0;2856686;81;2855272
11;19;78;7;56;7;26;3.00;1;1;1;43;0;2856726;98;2855272
11;19;78;7;56;7;46;4.00;2;1;1;45;0;2856746;132;2855355
11;19;78;7;56;7;99;3.80;3;2;1;58;0;2856799;113;2855272
11;19;78;7;56;9;3;4.40;1;1;1;43;0;2856903;151;2855272
11;19;78;7;56;9;15;3.60;3;2;1;56;0;2856915;92;2855272
11;19;78;7;56;9;20;3.20;4;2;1;55;0;2856920;210;0
11;19;78;7;56;9;94;3.80;1;1;1;41;0;2856994;54;2856445
11;19;78;7;56;11;14;3.60;3;2;1;60;0;2857114;175;2855272
11;19;78;7;56;11;68;3.60;1;1;1;40;0;2857168;140;2856445
11;19;78;7;56;12;46;3.60;3;2;1;58;0;2857246;110;2855272
11;19;78;7;56;12;92;3.80;4;2;1;58;0;2857292;351;0
11;19;78;7;56;12;74;3.40;2;1;1;50;0;2857274;496;0
11;19;78;7;56;12;74;4.60;1;1;1;40;0;2857274;73;2856445
11;19;78;7;56;14;13;3.60;3;2;1;58;0;2857413;144;2855272
11;19;78;7;56;14;13;3.60;2;1;1;49;0;2857413;114;2855272
11;19;78;7;56;14;53;6.20;1;1;1;42;0;2857453;137;2856445
11;19;78;7;56;15;10;3.40;3;2;1;60;0;2857510;74;2855272
11;19;78;7;56;15;24;3.80;4;2;1;56;0;2857524;208;0
11;19;78;7;56;15;43;3.80;2;1;1;49;0;2857543;103;0
11;19;78;7;56;16;61;3.80;1;1;1;44;0;2857661;154;2856445
11;19;78;7;56;17;9;3.80;2;1;1;48;0;2857709;138;2856445
11;19;78;7;56;18;17;3.60;1;1;1;47;0;2857817;124;2856445
11;19;78;7;56;18;75;3.60;2;1;1;47;0;2857875;137;2857274
11;19;78;7;56;19;86;3.40;1;1;1;46;0;2857986;141;2856445
11;19;78;7;56;20;82;3.80;1;1;1;45;0;2858082;69;2856445
11;19;78;7;56;21;61;4.60;1;1;1;44;0;2858161;48;2856445
11;19;78;7;56;22;14;3.60;2;1;1;43;0;2858214;311;0
11;19;78;7;56;23;35;3.40;1;1;1;44;0;2858335;136;2856445
11;19;78;7;56;24;47;3.60;2;1;1;52;0;2858447;202;0
11;19;78;7;56;24;94;3.80;1;1;1;45;0;2858494;131;2856445
11;19;78;7;56;25;55;3.60;2;1;1;52;0;2858555;83;2856445
11;19;78;7;56;26;71;3.40;1;1;1;43;0;2858671;146;2856445
11;19;78;7;56;27;93;3.40;1;1;1;43;0;2858793;93;2856445
11;19;78;7;56;30;56;5.60;1;1;1;50;0;2859056;234;0
11;19;78;7;56;32;18;3.60;1;1;1;49;0;2859218;121;0
11;19;78;7;56;32;47;3.60;2;1;1;63;0;2859247;667;0
11;19;78;7;56;33;61;3.80;3;2;1;57;0;2859361;1830;0
11;19;78;7;56;34;23;3.20;1;1;1;47;0;2859423;178;0
11;19;78;7;56;35;71;3.60;2;1;1;59;0;2859571;303;0
11;19;78;7;56;36;25;3.60;3;2;1;60;0;2859625;240;0
11;19;78;7;56;38;48;4.60;1;1;1;45;0;2859848;400;0
11;19;78;7;56;40;0;3.60;4;2;1;58;0;2860000;2451;0
11;19;78;7;56;40;27;4.40;2;1;1;57;0;2860027;434;0
11;19;78;7;56;40;83;4.20;1;1;1;45;0;2860083;198;0
11;19;78;7;56;42;47;3.60;2;1;1;54;0;2860247;192;0
11;19;78;7;56;42;71;3.00;1;1;1;43;0;2860271;154;0
11;19;78;7;56;43;78;4.00;2;1;1;53;0;2860378;107;0
11;19;78;7;56;43;56;4.60;1;1;1;43;0;2860356;59;0
11;19;78;7;56;45;87;3.80;1;1;1;46;0;2860587;192;2859848
11;19;78;7;56;47;33;3.40;2;1;1;57;0;2860733;327;0
11;19;78;7;56;47;66;3.20;1;1;1;47;0;2860766;149;2859848
11;19;78;7;56;48;89;3.20;2;1;1;56;0;2860889;134;2859848
11;19;78;7;56;49;18;3.20;4;2;1;63;0;2860918;895;0
11;19;78;7;56;49;60;7.20;1;1;1;49;0;2860960;169;2859848
11;19;78;7;56;50;42;3.80;3;2;1;73;0;2861042;1395;0
11;19;78;7;56;50;91;3.80;4;2;1;66;0;2861091;154;0
11;19;78;7;56;50;82;3.80;1;1;1;48;0;2861082;69;2859848
11;19;78;7;56;51;72;3.60;1;1;1;48;0;2861172;61;2859848
11;19;78;7;56;52;53;3.60;1;1;1;47;0;2861253;54;2859848
11;19;78;7;56;53;44;3.60;2;1;1;57;0;2861344;434;0
11;19;78;7;56;53;98;3.60;1;1;1;45;0;2861398;117;2859848
11;19;78;7;56;55;34;3.40;2;1;1;55;0;2861534;167;2859848
11;19;78;7;56;55;58;3.80;4;2;1;59;0;2861558;446;0
11;19;78;7;56;55;46;3.80;1;1;1;46;0;2861546;119;2859848
11;19;78;7;56;56;81;4.00;1;1;1;46;0;2861681;105;2859848
11;19;78;7;56;58;50;3.40;4;2;1;64;0;2861850;268;0
11;19;78;7;57;7;72;3.20;1;1;1;52;0;2862772;1059;0
11;19;78;7;57;16;37;3.80;4;2;1;59;0;2863637;1767;0
11;19;78;7;57;25;47;3.60;3;2;1;62;0;2864547;3486;0
11;19;78;7;57;26;41;3.60;4;2;1;65;0;2864641;980;0
11;19;78;7;57;26;90;3.60;3;2;1;62;0;2864690;122;0
11;19;78;7;57;27;86;3.60;4;2;1;62;0;2864786;125;0
11;19;78;7;57;28;58;3.60;3;2;1;60;0;2864858;147;0
11;19;78;7;57;28;94;3.80;4;2;1;58;0;2864894;87;0
11;19;78;7;57;31;61;8.20;4;2;2;59;0;2865161;243;0
11;19;78;7;57;32;75;4.20;3;2;1;63;0;2865275;395;0
11;19;78;7;57;34;6;3.60;3;2;1;62;0;2865406;107;0
11;19;78;7;57;36;10;3.60;3;2;1;60;0;2865610;183;0
11;19;78;7;57;36;49;4.40;4;2;1;53;0;2865649;437;0
11;19;78;7;57;38;15;3.60;3;2;1;60;0;2865815;183;0
11;19;78;7;57;38;84;4.00;4;2;1;56;0;2865884;205;0
11;19;78;7;57;39;81;3.40;3;2;1;56;0;2865981;144;2865275
11;19;78;7;57;40;64;2.80;4;2;1;56;0;2866064;154;2865275
11;19;78;7;57;41;11;3.40;3;2;1;55;0;2866111;108;2865275
11;19;78;7;57;42;88;3.60;4;2;1;56;0;2866288;206;0
11;19;78;7;57;42;91;3.40;3;2;1;53;0;2866291;157;2865275
11;19;78;7;57;44;14;3.40;3;2;1;55;0;2866414;99;2865275
11;19;78;7;57;45;67;3.20;3;2;1;56;0;2866567;130;2865275
11;19;78;7;57;47;70;3.20;4;2;1;52;0;2866770;458;0
11;19;78;7;57;48;31;3.80;1;1;1;59;0;2866831;4036;0
11;19;78;7;57;48;63;3.00;3;2;1;54;0;2866863;275;0
11;19;78;7;57;49;8;6.80;4;2;1;54;0;2866908;115;0
11;19;78;7;57;49;95;4.00;1;1;1;56;0;2866995;140;0
11;19;78;7;57;50;1;4.00;3;2;1;56;0;2867001;118;0
11;19;78;7;57;50;90;3.20;3;2;1;56;0;2867090;63;0
11;19;78;7;57;51;0;10.00;4;2;6;56;0;2867100;146;0
11;19;78;7;57;52;22;3.60;3;2;1;58;0;2867222;111;0
11;19;78;7;57;52;59;3.60;4;2;1;57;0;2867259;94;0
11;19;78;7;57;52;83;3.80;2;1;1;58;0;2867283;5726;0
11;19;78;7;57;54;46;3.80;1;1;1;59;0;2867446;425;0
11;19;78;7;57;56;15;3.60;1;1;1;56;0;2867615;145;0
11;19;78;7;57;57;93;3.60;1;1;1;56;0;2867793;154;0
11;19;78;7;58;0;39;4.40;4;2;1;58;0;2868039;757;0
11;19;78;7;58;2;72;3.60;1;1;1;55;0;2868272;455;0
11;19;78;7;58;9;54;3.80;1;1;1;55;0;2868954;658;0
11;19;78;7;58;10;20;3.20;4;2;1;60;0;2869020;953;0
11;19;78;7;58;11;39;3.00;1;1;1;55;0;2869139;160;0
11;19;78;7;58;12;9;4.00;1;1;1;55;0;2869209;50;0
11;19;78;7;58;13;5;3.80;1;1;1;56;0;2869305;69;0
11;19;78;7;58;14;79;3.40;1;1;1;56;0;2869479;149;2868954
11;19;78;7;58;15;12;3.20;4;2;1;62;0;2869512;472;0
11;19;78;7;58;15;97;3.20;1;1;1;57;0;2869597;96;2868954
11;19;78;7;58;17;53;4.80;1;1;1;55;0;2869753;135;2868954
11;19;78;7;58;17;70;3.80;4;2;1;60;0;2869770;239;0
11;19;78;7;58;18;43;3.40;2;1;1;54;0;2869843;2536;0
11;19;78;7;58;18;97;3.00;1;1;1;52;0;2869897;112;2868954
11;19;78;7;58;19;32;3.40;4;2;1;59;0;2869932;139;2868954
11;19;78;7;58;19;78;4.00;2;1;1;60;0;2869978;112;2868954
11;19;78;7;58;21;12;3.80;3;2;1;58;0;2870112;2867;0
11;19;78;7;58;21;45;3.80;2;1;1;56;0;2870145;143;0
11;19;78;7;58;21;54;3.40;1;1;1;55;0;2870154;236;0
11;19;78;7;58;23;21;3.60;1;1;1;54;0;2870321;144;0
11;19;78;7;58;24;38;3.60;2;1;1;53;0;2870438;268;0
11;19;78;7;58;24;95;4.60;1;1;1;55;0;2870495;150;0
11;19;78;7;58;25;62;3.60;4;2;1;59;0;2870562;609;0
11;19;78;7;58;25;76;4.40;2;1;1;54;0;2870576;113;0
11;19;78;7;58;27;23;3.60;2;1;1;60;0;2870723;117;0
11;19;78;7;58;27;26;10.60;1;1;2;57;0;2870726;200;0
11;19;78;7;58;28;54;3.80;1;1;1;55;0;2870854;61;0
11;19;78;7;58;29;89;3.60;1;1;1;53;0;2870989;110;0
11;19;78;7;58;30;43;3.80;2;1;1;61;0;2871043;298;0
11;19;78;7;58;32;2;3.40;1;1;1;50;0;2871202;188;0
11;19;78;7;58;32;56;3.00;2;1;1;57;0;2871256;190;0
11;19;78;7;58;33;44;3.80;4;2;1;70;0;2871344;760;0
11;19;78;7;58;34;4;3.40;2;1;1;60;0;2871404;129;0
11;19;78;7;58;34;40;3.20;1;1;1;49;0;2871440;213;0
11;19;78;7;58;35;57;3.20;1;1;1;49;0;2871557;93;0
11;19;78;7;58;36;1;4.00;2;1;1;58;0;2871601;176;0
11;19;78;7;58;36;41;3.40;1;1;1;50;0;2871641;60;0
11;19;78;7;58;37;59;3.60;1;1;1;53;0;2871759;93;0
11;19;78;7;58;38;12;3.60;2;1;1;52;0;2871812;186;2871043
11;19;78;7;58;38;59;3.60;3;2;1;60;0;2871859;1723;0
11;19;78;7;58;39;6;5.20;1;1;1;55;0;2871906;122;2871440
11;19;78;7;58;39;33;3.80;2;1;1;55;0;2871933;96;2871043
11;19;78;7;58;40;44;3.40;1;1;1;56;0;2872044;103;2871440
11;19;78;7;58;41;47;4.80;1;1;1;56;0;2872147;81;2871440
11;19;78;7;58;41;66;3.40;2;1;1;54;0;2872166;208;0
11;19;78;7;58;43;47;3.00;1;1;1;56;0;2872347;169;2871440
11;19;78;7;58;44;6;5.00;2;1;1;54;0;2872406;217;0
11;19;78;7;58;45;99;4.00;1;1;1;51;0;2872599;232;0
11;19;78;7;58;46;38;3.40;2;1;1;54;0;2872638;198;0
11;19;78;7;58;47;61;3.40;2;1;1;56;0;2872761;100;0
11;19;78;7;58;49;14;3.60;1;1;1;55;0;2872914;286;0
11;19;78;7;58;50;13;4.60;2;1;1;56;0;2873013;230;0
11;19;78;7;58;51;48;3.40;1;1;1;53;0;2873148;210;0
11;19;78;7;58;53;28;4.80;2;1;1;59;0;2873328;285;0
11;19;78;7;58;54;31;3.20;4;2;1;64;0;2873431;2067;0
11;19;78;7;58;53;60;14.60;1;1;3;52;0;2873360;188;0
11;19;78;7;58;54;65;3.60;2;1;1;59;0;2873465;107;0
11;19;78;7;58;56;77;4.40;2;1;1;54;0;2873677;190;0
11;19;78;7;58;57;72;3.80;2;1;1;54;0;2873772;65;0
11;19;78;7;58;58;89;3.60;1;1;1;59;0;2873889;427;0
11;19;78;7;58;59;73;3.40;2;1;1;58;0;2873973;175;2873328
11;19;78;7;59;0;4;3.60;4;2;1;55;0;2874004;555;0
11;19;78;7;59;0;75;12.00;1;1;2;48;0;2874075;164;0
11;19;78;7;59;1;70;3.40;2;1;1;58;0;2874170;175;2873328
11;19;78;7;59;3;7;3.60;2;1;1;59;0;2874307;115;2873328
11;19;78;7;59;3;27;3.40;1;1;1;45;0;2874327;162;2873328
11;19;78;7;59;3;79;3.40;4;2;1;58;0;2874379;351;0
11;19;78;7;59;4;88;3.40;1;1;1;43;0;2874488;133;0
11;19;78;7;59;5;90;3.40;1;1;1;44;0;2874590;73;2873889
11;19;78;7;59;7;16;3.80;1;1;1;45;0;2874716;98;2873889
11;19;78;7;59;7;76;2.80;2;1;1;54;0;2874776;447;0
11;19;78;7;59;7;79;4.00;4;2;1;59;0;2874779;378;0
11;19;78;7;59;8;19;3.60;3;2;1;63;0;2874819;2938;0
11;19;78;7;59;8;11;3.40;1;1;1;50;0;2874811;64;2873889
11;19;78;7;59;9;12;3.60;4;2;1;59;0;2874912;108;2873889
11;19;78;7;59;9;60;3.80;1;1;1;45;0;2874960;124;2873889
11;19;78;7;59;9;91;3.20;3;2;1;58;0;2874991;151;2873889
11;19;78;7;59;10;83;3.40;2;1;1;57;0;2875083;288;0
11;19;78;7;59;10;94;5.60;1;1;1;47;0;2875094;103;2873889
11;19;78;7;59;12;19;3.20;3;2;1;60;0;2875219;208;0
11;19;78;7;59;12;19;4.60;2;1;1;55;0;2875219;114;0
11;19;78;7;59;12;93;3.40;4;2;1;55;0;2875293;359;0
11;19;78;7;59;12;89;3.40;1;1;1;47;0;2875289;152;2873889
11;19;78;7;59;14;12;4.40;3;2;1;59;0;2875412;173;2873889
11;19;78;7;59;14;31;3.40;4;2;1;56;0;2875431;115;2873889
11;19;78;7;59;14;70;3.40;1;1;1;49;0;2875470;154;2873889
11;19;78;7;59;15;27;3.80;3;2;1;58;0;2875527;88;2873889
11;19;78;7;59;15;38;3.40;4;2;1;55;0;2875538;85;2873889
11;19;78;7;59;16;52;3.80;4;2;1;56;0;2875652;91;2873889
11;19;78;7;59;16;65;3.80;3;2;1;57;0;2875665;114;2873889
11;19;78;7;59;16;93;3.40;1;1;1;46;0;2875693;198;2873889
11;19;78;7;59;17;51;3.80;3;2;1;54;0;2875751;62;2875219
11;19;78;7;59;17;69;3.40;4;2;1;55;0;2875769;92;2875293
11;19;78;7;59;18;30;3.60;1;1;1;46;0;2875830;110;2873889
11;19;78;7;59;18;77;3.20;3;2;1;58;0;2875877;100;2875219
11;19;78;7;59;19;36;4.00;4;2;1;57;0;2875936;144;2875293
11;19;78;7;59;19;41;3.20;1;1;1;45;0;2875941;82;2873889
11;19;78;7;59;20;20;3.40;3;2;1;60;0;2876020;123;2875219
11;19;78;7;59;20;56;3.80;4;2;1;57;0;2876056;94;2875293
11;19;78;7;59;20;95;3.40;2;1;1;52;0;2876095;845;0
11;19;78;7;59;21;58;3.20;3;2;1;60;0;2876158;117;2875219
11;19;78;7;59;21;83;3.60;4;2;1;59;0;2876183;103;2875293
11;19;78;7;59;22;33;3.40;1;1;1;38;0;2876233;266;0
11;19;78;7;59;22;70;3.40;3;2;1;62;0;2876270;92;2875219
11;19;78;7;59;24;20;3.60;4;2;1;58;0;2876420;215;0
11;19;78;7;59;23;99;3.80;1;1;1;38;0;2876399;133;0
11;19;78;7;59;25;49;4.60;4;2;1;58;0;2876549;106;0
11;19;78;7;59;26;31;3.60;1;1;1;37;0;2876631;196;0
11;19;78;7;59;27;36;3.60;3;2;1;58;0;2876736;446;0
11;19;78;7;59;28;5;3.20;4;2;1;58;0;2876805;227;0
11;19;78;7;59;27;95;3.80;1;1;1;36;0;2876795;128;0
11;19;78;7;59;28;38;3.60;3;2;1;56;0;2876838;79;0
11;19;78;7;59;29;93;3.80;3;2;1;57;0;2876993;131;0
11;19;78;7;59;31;50;3.00;1;1;1;35;0;2877150;317;0
11;19;78;7;59;31;81;3.60;3;2;1;58;0;2877181;164;0
11;19;78;7;59;32;59;3.80;1;1;1;35;0;2877259;78;0
11;19;78;7;59;33;40;3.80;3;2;1;55;0;2877340;136;2876736
11;19;78;7;59;34;50;3.40;3;2;1;53;0;2877450;85;2876736
11;19;78;7;59;36;0;9.20;3;2;2;55;0;2877600;126;2876736
11;19;78;7;59;37;83;3.60;4;2;1;58;0;2877783;958;0
11;19;78;7;59;41;70;3.60;4;2;1;54;0;2878170;364;0
11;19;78;8;0;5;20;4.00;2;1;1;58;0;2880520;4401;0
11;19;78;8;0;13;93;3.60;3;2;1;64;0;2881393;3732;0
11;19;78;8;0;14;84;4.00;1;1;1;60;0;2881484;4185;0
11;19;78;8;0;15;66;3.40;3;2;1;64;0;2881566;152;0
11;19;78;8;0;17;37;5.00;4;2;1;61;0;2881737;3543;0
11;19;78;8;0;18;7;3.60;1;1;1;57;0;2881807;299;0
11;19;78;8;0;19;77;4.60;4;2;1;59;0;2881977;210;0
11;19;78;8;0;21;44;4.00;4;2;1;62;0;2882144;138;0
11;19;78;8;0;21;74;3.60;1;1;1;59;0;2882174;344;0
11;19;78;8;0;24;21;3.60;4;2;1;60;0;2882421;253;0
11;19;78;8;0;24;61;5.20;3;2;1;68;0;2882461;875;0
11;19;78;8;0;26;57;4.60;4;2;1;58;0;2882657;214;0
11;19;78;8;0;26;83;3.80;3;2;1;66;0;2882683;194;0
11;19;78;8;0;34;82;3.80;2;1;1;53;0;2883482;2937;0
11;19;78;8;0;35;22;3.20;1;1;1;53;0;2883522;1326;0
11;19;78;8;0;36;12;3.60;1;1;1;51;0;2883612;68;0
11;19;78;8;0;36;40;3.80;2;1;1;56;0;2883640;132;0
11;19;78;8;0;37;30;3.60;4;2;1;60;0;2883730;1044;0
11;19;78;8;0;37;69;3.80;1;1;1;49;0;2883769;131;0
11;19;78;8;0;37;84;3.80;2;1;1;61;0;2883784;119;0
11;19;78;8;0;38;78;4.60;1;1;1;50;0;2883878;81;0
11;19;78;8;0;39;76;3.80;1;1;1;48;0;2883976;64;2883522
11;19;78;8;0;41;8;4.00;1;1;1;45;0;2884108;103;2883522
11;19;78;8;0;41;68;4.80;2;1;1;55;0;2884168;361;0
11;19;78;8;0;42;45;3.80;1;1;1;45;0;2884245;105;2883522
11;19;78;8;0;43;54;3.80;1;1;1;55;0;2884354;78;2883522
11;19;78;8;0;43;51;3.00;2;1;0;52;1;2884351;151;2883522
11;19;78;8;0;44;88;3.40;3;2;1;68;0;2884488;1784;0
11;19;78;8;0;44;92;3.60;1;1;1;43;0;2884492;113;2883522
11;19;78;8;0;45;88;3.80;4;2;1;62;0;2884588;836;0
11;19;78;8;0;45;99;3.60;1;1;1;44;0;2884599;76;2883522
11;19;78;8;0;46;68;3.60;3;2;1;72;0;2884668;162;2883522
11;19;78;8;0;47;87;3.20;1;1;1;42;0;2884787;158;2883522
11;19;78;8;0;48;0;4.40;2;1;1;51;0;2884800;600;0
11;19;78;8;0;49;1;3.20;2;1;1;51;0;2884901;69;0
11;19;78;8;0;49;82;3.40;1;1;1;45;0;2884982;167;2883522
11;19;78;8;0;50;53;3.60;4;2;1;65;0;2885053;442;0
11;19;78;8;0;50;97;3.80;2;1;1;49;0;2885097;173;0
11;19;78;8;0;51;55;3.40;1;1;1;46;0;2885155;145;2883522
11;19;78;8;0;52;8;4.00;3;2;1;66;0;2885208;522;0
11;19;78;8;0;53;9;3.40;1;1;1;46;0;2885309;127;2883522
11;19;78;8;0;53;20;4.00;4;2;1;63;0;2885320;247;0
11;19;78;8;0;54;26;4.00;1;1;1;45;0;2885426;90;2883522
11;19;78;8;0;54;36;3.80;2;1;1;47;0;2885436;311;0
11;19;78;8;0;55;23;3.60;1;1;1;44;0;2885523;65;2883522
11;19;78;8;0;55;59;3.40;4;2;1;56;0;2885559;216;0
11;19;78;8;0;55;60;3.80;2;1;1;48;0;2885560;94;0
11;19;78;8;0;56;30;3.20;3;2;1;65;0;2885630;400;0
11;19;78;8;0;57;51;3.40;1;1;1;45;0;2885751;198;2883522
11;19;78;8;0;58;80;3.60;3;2;1;63;0;2885880;232;0
11;19;78;8;0;59;43;3.40;4;2;1;60;0;2885943;362;0
11;19;78;8;0;59;26;4.80;2;1;1;47;0;2885926;337;0
11;19;78;8;0;59;50;4.60;1;1;1;44;0;2885950;171;2883522
11;19;78;8;1;0;9;3.80;3;2;1;59;0;2886009;108;2883522
11;19;78;8;1;0;84;3.20;4;2;1;59;0;2886084;120;2883522
11;19;78;8;1;1;2;3.20;2;1;1;48;0;2886102;139;2883522
11;19;78;8;1;1;11;3.60;1;1;1;42;0;2886111;123;2883522
11;19;78;8;1;1;45;3.80;3;2;1;60;0;2886145;112;2883522
11;19;78;8;1;1;98;4.60;4;2;1;58;0;2886198;94;2883522
11;19;78;8;1;2;65;3.80;2;1;1;48;0;2886265;139;2883522
11;19;78;8;1;2;83;3.40;1;1;1;45;0;2886283;141;2883522
11;19;78;8;1;3;22;3.60;3;2;1;60;0;2886322;154;2883522
11;19;78;8;1;4;15;4.00;1;1;1;45;0;2886415;104;2883522
11;19;78;8;1;3;76;2.60;2;1;1;17;0;2886376;82;2883522
11;19;78;8;1;5;26;3.80;3;2;1;62;0;2886526;182;2885880
11;19;78;8;1;5;21;5.20;1;1;1;46;0;2886521;74;2883522
11;19;78;8;1;6;33;3.80;2;1;1;46;0;2886633;201;0
11;19;78;8;1;7;40;3.60;2;1;1;44;0;2886740;77;0
11;19;78;8;1;7;41;3.20;1;1;1;42;0;2886741;179;2883522
11;19;78;8;1;7;99;3.80;3;2;1;59;0;2886799;250;0
11;19;78;8;1;7;70;14.40;4;2;2;65;0;2886770;543;0
11;19;78;8;1;8;66;3.40;1;1;1;44;0;2886866;97;2883522
11;19;78;8;1;9;42;3.40;3;2;1;62;0;2886942;119;2883522
11;19;78;8;1;9;35;4.00;2;1;1;46;0;2886935;165;2883522
11;19;78;8;1;10;33;3.80;1;1;1;44;0;2887033;139;2883522
11;19;78;8;1;11;11;3.40;4;2;1;61;0;2887111;261;0
11;19;78;8;1;11;52;4.60;3;2;1;60;0;2887152;190;0
11;19;78;8;1;11;52;3.80;2;1;1;44;0;2887152;185;0
11;19;78;8;1;12;85;3.80;3;2;1;58;0;2887285;105;0
11;19;78;8;1;13;10;3.60;1;1;1;48;0;2887310;245;0
11;19;78;8;1;13;87;3.40;2;1;1;49;0;2887387;203;0
11;19;78;8;1;14;12;4.00;4;2;1;57;0;2887412;280;0
11;19;78;8;1;14;36;3.80;3;2;1;56;0;2887436;127;2886799
11;19;78;8;1;15;35;3.60;1;1;1;44;0;2887535;198;2886799
11;19;78;8;1;15;99;3.80;3;2;1;59;0;2887599;138;2886799
11;19;78;8;1;15;91;6.00;4;2;1;57;0;2887591;153;2886799
11;19;78;8;1;16;72;3.60;2;1;1;51;0;2887672;260;0
11;19;78;8;1;16;85;3.60;1;1;1;44;0;2887685;120;0
11;19;78;8;1;17;15;3.60;3;2;1;57;0;2887715;92;2886799
11;19;78;8;1;18;25;3.20;1;1;1;42;0;2887825;110;2886799
11;19;78;8;1;18;70;3.60;3;2;1;58;0;2887870;132;2886799
11;19;78;8;1;19;69;3.60;4;2;1;56;0;2887969;340;0
11;19;78;8;1;20;2;3.60;3;2;1;57;0;2888002;109;2886799
11;19;78;8;1;20;24;3.40;2;1;1;54;0;2888024;326;0
11;19;78;8;1;20;13;4.40;1;1;1;43;0;2888013;160;2887310
11;19;78;8;1;21;17;3.80;3;2;1;57;0;2888117;92;2886799
11;19;78;8;1;21;42;4.60;4;2;1;55;0;2888142;149;2886799
11;19;78;8;1;22;40;4.60;1;1;1;42;0;2888240;190;2887310
11;19;78;8;1;22;65;4.20;3;2;1;58;0;2888265;124;2886799
11;19;78;8;1;22;99;3.60;4;2;1;54;0;2888299;126;2886799
11;19;78;8;1;24;10;5.00;2;1;1;48;0;2888410;363;0
11;19;78;8;1;24;26;3.80;1;1;1;43;0;2888426;146;2887310
11;19;78;8;1;25;23;3.80;1;1;1;43;0;2888523;65;2887310
11;19;78;8;1;26;70;3.20;2;1;1;51;0;2888670;222;0
11;19;78;8;1;26;84;3.60;1;1;1;40;0;2888684;129;2887310
11;19;78;8;1;27;86;4.40;1;1;1;37;0;2888786;69;2887310
11;19;78;8;1;29;68;3.80;1;1;1;36;0;2888968;139;2887310
11;19;78;8;1;30;89;3.60;1;1;1;34;0;2889089;83;2887310
11;19;78;8;1;38;82;3.60;3;2;1;58;0;2889882;1590;0
11;19;78;8;1;38;13;12.20;4;2;2;42;0;2889813;1490;0
11;19;78;8;1;40;34;3.60;3;2;1;64;0;2890034;129;0
11;19;78;8;1;41;34;8.00;4;2;2;46;0;2890134;216;0
11;19;78;8;1;44;5;3.60;3;2;1;60;0;2890405;350;0
11;19;78;8;1;45;45;3.20;4;2;1;53;0;2890545;348;0
11;19;78;8;1;48;42;4.00;3;2;1;68;0;2890842;415;0
11;19;78;8;1;48;53;3.40;4;2;1;54;0;2890853;286;0
11;19;78;8;1;50;26;3.40;4;2;1;57;0;2891026;150;0
11;19;78;8;1;50;93;3.60;3;2;1;66;0;2891093;229;0
11;19;78;8;1;51;92;3.80;4;2;1;61;0;2891192;144;0
11;19;78;8;1;54;12;3.80;3;2;1;65;0;2891412;299;0
11;19;78;8;1;58;4;3.20;3;2;1;63;0;2891804;370;0
11;19;78;8;2;0;94;4.20;4;2;1;60;0;2892094;879;0
11;19;78;8;2;4;51;3.40;3;2;1;59;0;2892451;628;0
11;19;78;8;2;6;86;4.40;4;2;1;56;0;2892686;566;0
11;19;78;8;2;7;3;4.00;3;2;1;62;0;2892703;231;0
11;19;78;8;2;11;24;3.80;3;2;1;68;0;2893124;397;0
11;19;78;8;2;14;27;3.40;1;1;1;55;0;2893427;4299;0
11;19;78;8;2;28;21;3.60;4;2;1;59;0;2894821;2106;0
11;19;78;8;2;29;74;3.80;2;1;1;58;0;2894974;6281;0
11;19;78;8;2;31;95;3.80;3;2;1;67;0;2895195;2050;0
11;19;78;8;2;33;62;4.00;1;1;1;61;0;2895362;1912;0
11;19;78;8;2;33;79;3.60;4;2;1;57;0;2895379;536;0
11;19;78;8;2;34;38;4.00;1;1;1;58;0;2895438;52;0
11;19;78;8;2;34;78;4.60;4;2;1;58;0;2895478;76;0
11;19;78;8;2;35;30;3.20;3;2;1;71;0;2895530;314;0
11;19;78;8;2;36;29;3.60;1;1;1;57;0;2895629;166;0
11;19;78;8;2;36;63;3.40;4;2;1;58;0;2895663;156;0
11;19;78;8;2;36;79;3.20;3;2;1;60;0;2895679;132;0
11;19;78;8;2;38;13;4.80;4;2;1;56;0;2895813;128;0
11;19;78;8;2;38;33;3.60;3;2;1;58;0;2895833;134;0
11;19;78;8;2;38;73;3.60;2;1;1;57;0;2895873;875;0
11;19;78;8;2;38;95;4.00;1;1;1;57;0;2895895;243;0
11;19;78;8;2;40;65;3.40;3;2;1;59;0;2896065;209;0
11;19;78;8;2;40;55;3.60;2;1;1;56;0;2896055;159;0
11;19;78;8;2;40;62;3.60;1;1;1;56;0;2896062;141;0
11;19;78;8;2;41;60;3.20;1;1;1;57;0;2896160;74;0
11;19;78;8;2;41;87;4.60;2;1;1;58;0;2896187;108;0
11;19;78;8;2;42;94;3.80;4;2;1;60;0;2896294;450;0
11;19;78;8;2;43;2;3.60;3;2;1;59;0;2896302;216;0
11;19;78;8;2;43;21;3.40;2;1;1;58;0;2896321;105;0
11;19;78;8;2;43;44;4.80;1;1;1;57;0;2896344;163;0
11;19;78;8;2;44;46;3.80;3;2;1;58;0;2896446;122;0
11;19;78;8;2;44;60;3.20;4;2;1;57;0;2896460;143;0
11;19;78;8;2;44;68;3.60;1;1;1;54;0;2896468;93;2895895
11;19;78;8;2;44;80;4.20;2;1;1;60;0;2896480;137;2895873
11;19;78;8;2;45;95;5.00;1;1;1;56;0;2896595;103;2895895
11;19;78;8;2;46;45;3.40;2;1;1;60;0;2896645;139;2895873
11;19;78;8;2;47;60;3.60;3;2;1;58;0;2896760;290;0
11;19;78;8;2;47;62;4.60;1;1;1;55;0;2896762;134;2895895
11;19;78;8;2;47;87;3.80;2;1;1;56;0;2896787;121;2895873
11;19;78;8;2;48;33;3.40;4;2;1;59;0;2896833;352;0
11;19;78;8;2;48;67;5.00;2;1;1;55;0;2896867;55;2895873
11;19;78;8;2;49;9;3.40;3;2;1;61;0;2896909;126;2895873
11;19;78;8;2;49;52;3.60;1;1;1;57;0;2896952;159;2895895
11;19;78;8;2;50;48;3.80;4;2;1;56;0;2897048;194;2895895
11;19;78;8;2;50;56;3.60;3;2;1;62;0;2897056;126;2895895
11;19;78;8;2;51;17;4.40;1;1;1;54;0;2897117;142;2895895
11;19;78;8;2;52;10;4.60;3;2;1;59;0;2897210;133;2895895
11;19;78;8;2;52;97;3.40;1;1;1;53;0;2897297;150;2895895
11;19;78;8;2;53;67;3.80;3;2;1;57;0;2897367;128;2896760
11;19;78;8;2;54;20;4.00;2;1;1;54;0;2897420;520;0
11;19;78;8;2;54;40;3.40;4;2;1;56;0;2897440;367;0
11;19;78;8;2;54;77;4.60;1;1;1;50;0;2897477;156;2895895
11;19;78;8;2;56;0;3.20;2;1;1;51;0;2897600;153;2895895
11;19;78;8;2;56;87;3.80;1;1;1;48;0;2897687;176;2895895
11;19;78;8;2;57;35;3.60;2;1;1;49;0;2897735;112;2895895
11;19;78;8;2;58;2;3.60;4;2;1;60;0;2897802;340;0
11;19;78;8;2;59;6;3.80;2;1;1;52;0;2897906;144;0
11;19;78;8;3;1;5;3.20;3;2;1;63;0;2898105;714;0
11;19;78;8;3;0;83;5.00;2;1;1;45;0;2898083;150;2897420
11;19;78;8;3;2;53;3.20;1;1;1;50;0;2898253;537;0
11;19;78;8;3;4;4;3.20;1;1;1;50;0;2898404;127;0
11;19;78;8;3;4;46;3.20;2;1;1;48;0;2898446;323;0
11;19;78;8;3;5;67;4.80;1;1;1;48;0;2898567;139;0
11;19;78;8;3;5;87;3.20;2;1;1;48;0;2898587;117;0
11;19;78;8;3;7;14;3.40;2;1;1;50;0;2898714;103;0
11;19;78;8;3;7;21;3.60;1;1;1;47;0;2898721;118;0
11;19;78;8;3;8;73;3.40;1;1;1;45;0;2898873;124;2898253
11;19;78;8;3;10;47;3.40;1;1;1;42;0;2899047;146;2898253
11;19;78;8;3;12;1;3.80;1;1;1;40;0;2899201;124;2898253
11;19;78;8;3;13;35;2.80;2;1;1;55;0;2899335;596;0
11;19;78;8;3;13;45;3.20;1;1;1;38;0;2899345;109;2898253
11;19;78;8;3;15;5;3.80;1;1;1;38;0;2899505;129;2898253
11;19;78;8;3;15;63;3.60;2;1;1;54;0;2899563;209;0
11;19;78;8;3;16;88;3.00;2;1;1;54;0;2899688;101;0
11;19;78;8;3;16;78;3.60;1;1;1;34;0;2899678;137;2898253
11;19;78;8;3;18;15;3.80;1;1;1;35;0;2899815;98;2898253
11;19;78;8;3;19;46;3.80;2;1;1;50;0;2899946;238;0
11;19;78;8;3;21;58;3.80;1;1;1;35;0;2900158;303;0
11;19;78;8;3;23;28;3.60;4;2;1;63;0;2900328;2504;0
11;19;78;8;3;23;19;3.20;1;1;1;34;0;2900319;121;0
11;19;78;8;3;24;18;3.20;1;1;1;31;0;2900418;65;0
11;19;78;8;3;25;95;3.60;4;2;1;63;0;2900595;246;0
11;19;78;8;3;27;40;3.00;2;1;1;49;0;2900740;766;0
11;19;78;8;3;27;22;3.80;1;1;1;35;0;2900722;266;0
11;19;78;8;3;27;96;3.60;4;2;1;63;0;2900796;180;0
11;19;78;8;3;28;37;3.60;2;1;1;48;0;2900837;74;0
11;19;78;8;3;29;54;3.60;2;1;1;48;0;2900954;90;0
11;19;78;8;3;30;16;3.60;4;2;1;62;0;2901016;199;0
11;19;78;8;3;31;19;5.00;2;1;1;47;0;2901119;138;0
11;19;78;8;3;31;98;3.40;4;2;1;64;0;2901198;161;0
11;19;78;8;3;30;1;25.00;1;1;5;36;0;2901001;239;0
11;19;78;8;3;33;53;3.20;1;1;1;33;0;2901353;102;0
11;19;78;8;3;35;37;4.40;4;2;1;65;0;2901537;319;0
11;19;78;8;3;36;2;3.60;1;1;1;37;0;2901602;214;0
11;19;78;8;3;36;56;3.00;3;2;1;62;0;2901656;3532;0
11;19;78;8;3;36;99;3.60;4;2;1;64;0;2901699;137;0
11;19;78;8;3;37;64;3.20;2;1;1;55;0;2901764;606;0
11;19;78;8;3;38;5;3.20;1;1;1;36;0;2901805;167;0
11;19;78;8;3;39;91;3.00;1;1;1;37;0;2901991;154;0
11;19;78;8;3;41;12;3.20;1;1;1;34;0;2902112;91;0
11;19;78;8;3;42;53;4.20;1;1;1;34;0;2902253;107;2901602
11;19;78;8;3;43;60;3.60;2;1;1;59;0;2902360;575;0
11;19;78;8;3;44;2;3.20;1;1;1;37;0;2902402;104;2901602
11;19;78;8;3;46;83;3.60;1;1;1;43;0;2902683;249;0
11;19;78;8;3;47;95;3.80;1;1;1;42;0;2902795;81;0
11;19;78;8;3;49;45;3.40;3;2;1;54;0;2902945;1271;0
11;19;78;8;3;49;58;5.00;2;1;1;51;0;2902958;576;0
11;19;78;8;3;49;81;4.20;4;2;1;57;0;2902981;1261;0
11;19;78;8;3;50;93;3.40;2;1;1;51;0;2903093;99;0
11;19;78;8;3;51;22;3.80;4;2;1;55;0;2903122;114;0
11;19;78;8;3;50;87;3.60;1;1;1;41;0;2903087;259;0
11;19;78;8;3;52;45;3.40;1;1;1;41;0;2903245;126;0
11;19;78;8;3;53;56;3.40;1;1;1;43;0;2903356;81;0
11;19;78;8;3;55;94;5.20;1;1;1;40;0;2903594;209;0
11;19;78;8;3;57;64;3.80;4;2;1;56;0;2903764;617;0
11;19;78;8;3;57;99;3.60;1;1;1;42;0;2903799;158;0
11;19;78;8;3;59;21;3.60;1;1;1;41;0;2903921;91;0
11;19;78;8;3;59;93;3.40;3;2;1;54;0;2903993;1025;0
11;19;78;8;4;5;19;4.00;4;2;1;63;0;2904519;730;0
11;19;78;8;4;8;15;3.40;3;2;1;66;0;2904815;799;0
11;19;78;8;4;10;87;13.00;1;1;3;49;0;2905087;1134;0
11;19;78;8;4;12;61;3.40;3;2;1;67;0;2905261;427;0
11;19;78;8;4;14;23;3.80;3;2;1;62;0;2905423;143;0
11;19;78;8;4;14;70;3.20;4;2;1;60;0;2905470;928;0
11;19;78;8;4;16;11;4.40;3;2;1;60;0;2905611;165;0
11;19;78;8;4;18;36;3.40;3;2;1;64;0;2905836;198;0
11;19;78;8;4;17;68;8.00;1;1;2;55;0;2905768;585;0
11;19;78;8;4;19;1;4.20;3;2;1;67;0;2905901;45;2905261
11;19;78;8;4;18;97;11.20;4;2;3;55;0;2905897;407;0
11;19;78;8;4;20;55;3.80;3;2;1;65;0;2906055;131;2905261
11;19;78;8;4;21;8;8.00;4;2;2;57;0;2906108;137;2905261
11;19;78;8;4;22;16;3.40;3;2;1;67;0;2906216;139;2905261
11;19;78;8;4;22;89;3.40;3;2;1;64;0;2906289;54;2905261
11;19;78;8;4;22;79;4.60;4;2;1;58;0;2906279;120;2905261
11;19;78;8;4;23;77;3.20;3;2;1;62;0;2906377;68;2905261
11;19;78;8;4;24;86;3.80;3;2;1;59;0;2906486;90;2905261
11;19;78;8;4;25;1;3.80;4;2;1;56;0;2906501;193;2905261
11;19;78;8;4;26;43;3.60;3;2;1;57;0;2906643;133;2905261
11;19;78;8;4;28;32;3.80;3;2;1;58;0;2906832;166;2905261
11;19;78;8;4;28;39;3.80;4;2;1;56;0;2906839;313;0
11;19;78;8;4;29;79;4.20;3;2;1;59;0;2906979;123;2905261
11;19;78;8;4;30;15;3.20;4;2;1;56;0;2907015;151;2905261
11;19;78;8;4;31;24;3.20;3;2;1;57;0;2907124;119;2905261
11;19;78;8;4;32;39;7.80;4;2;1;56;0;2907239;203;0
11;19;78;8;4;33;21;3.20;3;2;1;58;0;2907321;176;2905261
11;19;78;8;4;34;30;3.40;3;2;1;58;0;2907430;89;2905261
11;19;78;8;4;35;78;3.00;3;2;1;60;0;2907578;126;2905261
11;19;78;8;4;36;87;3.80;3;2;1;60;0;2907687;91;2905261
11;19;78;8;4;37;49;3.20;4;2;1;57;0;2907749;459;0
11;19;78;8;4;37;64;4.00;1;1;1;55;0;2907764;1943;0
11;19;78;8;4;38;16;3.60;3;2;1;57;0;2907816;106;2905261
11;19;78;8;4;38;33;3.40;4;2;1;56;0;2907833;63;2905261
11;19;78;8;4;39;23;3.60;3;2;1;57;0;2907923;84;2905261
11;19;78;8;4;41;32;4.00;3;2;1;55;0;2908132;186;2905261
11;19;78;8;4;42;84;3.60;3;2;1;56;0;2908284;125;2905261
11;19;78;8;4;43;54;3.20;2;1;1;74;0;2908354;5237;0
11;19;78;8;4;44;66;3.80;3;2;1;57;0;2908466;158;2905261
11;19;78;8;4;46;7;2.80;4;2;1;58;0;2908607;752;0
11;19;78;8;4;48;1;3.80;2;1;1;60;0;2908801;431;0
11;19;78;8;4;49;0;11.40;1;1;3;56;0;2908900;1109;0
11;19;78;8;4;54;2;3.60;2;1;1;54;0;2909402;578;0
11;19;78;8;4;58;70;7.60;2;1;1;61;0;2909870;444;0
11;19;78;8;4;59;3;3.60;1;1;1;59;0;2909903;929;0
11;19;78;8;5;0;17;3.20;1;1;1;55;0;2910017;92;0
11;19;78;8;5;0;84;3.80;3;2;1;65;0;2910084;1594;0
11;19;78;8;5;0;94;3.80;2;1;1;58;0;2910094;179;0
11;19;78;8;5;0;94;3.40;1;1;1;55;0;2910094;56;0
11;19;78;8;5;2;64;3.20;2;1;1;57;0;2910264;146;0
11;19;78;8;5;4;26;3.60;3;2;1;71;0;2910426;320;0
11;19;78;8;5;4;61;3.80;1;1;1;57;0;2910461;344;0
11;19;78;8;5;4;80;3.00;4;2;1;62;0;2910480;1855;0
11;19;78;8;5;5;47;3.40;1;1;1;55;0;2910547;62;0
11;19;78;8;5;7;18;3.80;1;1;1;55;0;2910718;148;0
11;19;78;8;5;7;67;4.40;2;1;1;56;0;2910767;482;0
11;19;78;8;5;8;2;3.60;4;2;1;57;0;2910802;304;0
11;19;78;8;5;9;42;3.60;2;1;1;55;0;2910942;146;0
11;19;78;8;5;10;17;3.20;2;1;1;57;0;2911017;51;0
11;19;78;8;5;11;5;3.60;4;2;1;62;0;2911105;280;0
11;19;78;8;5;10;77;8.00;1;1;2;50;0;2911077;334;0
11;19;78;8;5;12;19;3.20;2;1;1;55;0;2911219;181;0
11;19;78;8;5;12;61;2.80;1;1;1;50;0;2911261;126;0
11;19;78;8;5;13;75;3.80;2;1;1;53;0;2911375;135;2910767
11;19;78;8;5;14;49;3.60;4;2;1;57;0;2911449;323;0
11;19;78;8;5;15;4;4.00;1;1;1;50;0;2911504;222;0
11;19;78;8;5;16;30;4.60;1;1;1;46;0;2911630;97;0
11;19;78;8;5;18;43;3.20;4;2;1;62;0;2911843;371;0
11;19;78;8;5;18;61;4.60;1;1;1;45;0;2911861;195;0
11;19;78;8;5;18;89;6.20;2;1;1;51;0;2911889;488;0
11;19;78;8;5;20;2;3.00;1;1;1;48;0;2912002;104;0
11;19;78;8;5;20;40;3.60;3;2;1;64;0;2912040;1595;0
11;19;78;8;5;20;29;3.80;2;1;1;51;0;2912029;96;0
11;19;78;8;5;21;75;3.20;1;1;1;46;0;2912175;150;2911504
11;19;78;8;5;21;98;3.60;3;2;1;62;0;2912198;137;2911504
11;19;78;8;5;22;7;3.80;2;1;1;50;0;2912207;151;2911504
11;19;78;8;5;22;99;7.60;1;1;2;41;0;2912299;98;2911504
11;19;78;8;5;24;19;4.00;1;1;1;40;0;2912419;53;2911504
11;19;78;8;5;24;60;4.80;3;2;1;62;0;2912460;241;0
11;19;78;8;5;25;97;3.20;1;1;1;40;0;2912597;142;2911504
11;19;78;8;5;27;4;3.00;1;1;1;39;0;2912704;78;2911504
11;19;78;8;5;28;16;5.20;4;2;1;55;0;2912816;954;0
11;19;78;8;5;28;53;3.80;2;1;1;63;0;2912853;618;0
11;19;78;8;5;29;51;3.60;1;1;1;41;0;2912951;219;0
11;19;78;8;5;30;87;3.20;1;1;1;41;0;2913087;104;0
11;19;78;8;5;31;8;5.00;4;2;1;55;0;2913108;257;0
11;19;78;8;5;32;51;3.60;1;1;1;41;0;2913251;135;0
11;19;78;8;5;33;99;3.20;1;1;1;40;0;2913399;116;0
11;19;78;8;5;35;86;3.60;1;1;1;41;0;2913586;158;2912951
11;19;78;8;5;37;86;3.40;4;2;1;59;0;2913786;645;0
11;19;78;8;5;38;38;3.60;3;2;1;64;0;2913838;1350;0
11;19;78;8;5;40;6;3.80;4;2;1;62;0;2914006;199;0
11;19;78;8;5;39;95;3.60;1;1;1;43;0;2913995;377;0
11;19;78;8;5;40;42;5.00;2;1;1;56;0;2914042;1167;0
11;19;78;8;5;41;41;3.60;1;1;1;41;0;2914141;115;0
11;19;78;8;5;42;50;3.40;2;1;1;52;0;2914250;175;0
11;19;78;8;5;43;27;3.80;1;1;1;45;0;2914327;154;0
11;19;78;8;5;45;18;3.60;1;1;1;45;0;2914518;160;0
11;19;78;8;5;46;92;3.60;3;2;1;62;0;2914692;833;0
11;19;78;8;5;47;57;3.40;1;1;1;40;0;2914757;210;0
11;19;78;8;5;48;70;3.20;4;2;1;66;0;2914870;841;0
11;19;78;8;5;49;13;4.60;3;2;1;65;0;2914913;200;0
11;19;78;8;5;49;33;3.00;1;1;1;45;0;2914933;145;0
11;19;78;8;5;51;30;3.80;4;2;1;57;0;2915130;242;0
11;19;78;8;5;51;63;3.20;1;1;1;47;0;2915163;206;0
11;19;78;8;5;52;19;4.60;3;2;1;69;0;2915219;280;0
11;19;78;8;5;53;4;3.60;4;2;1;63;0;2915304;150;0
11;19;78;8;5;54;11;14.80;1;1;4;57;0;2915411;223;0
11;19;78;8;5;56;74;3.80;3;2;1;61;0;2915674;431;0
11;19;78;8;5;57;21;6.40;4;2;1;58;0;2915721;396;0
11;19;78;8;5;57;71;3.60;2;1;1;55;0;2915771;1497;0
11;19;78;8;5;58;5;3.20;3;2;1;65;0;2915805;108;0
11;19;78;8;5;59;46;3.60;3;2;1;63;0;2915946;123;0
11;19;78;8;5;59;91;3.60;1;1;1;56;0;2915991;486;0
11;19;78;8;6;1;21;3.80;1;1;1;54;0;2916121;106;0
11;19;78;8;6;1;29;4.60;3;2;1;66;0;2916129;162;0
11;19;78;8;6;1;30;3.60;4;2;1;53;0;2916130;369;0
11;19;78;8;6;2;33;6.40;4;2;1;53;0;2916233;78;0
11;19;78;8;6;2;73;4.00;3;2;1;63;0;2916273;118;2915674
11;19;78;8;6;3;82;3.60;1;1;1;56;0;2916382;235;0
11;19;78;8;6;3;97;3.60;4;2;1;53;0;2916397;120;0
11;19;78;8;6;5;92;3.20;3;2;1;59;0;2916592;296;0
11;19;78;8;6;6;20;4.00;4;2;1;56;0;2916620;198;0
11;19;78;8;6;6;86;3.40;1;1;1;62;0;2916686;280;0
11;19;78;8;6;7;96;3.60;3;2;1;64;0;2916796;184;0
11;19;78;8;6;8;25;3.60;2;1;1;56;0;2916825;1030;0
11;19;78;8;6;8;27;3.60;4;2;1;55;0;2916827;181;2916130
11;19;78;8;6;8;92;3.20;3;2;1;60;0;2916892;75;2916130
11;19;78;8;6;9;97;3.60;4;2;1;58;0;2916997;146;2916130
11;19;78;8;6;10;25;4.00;1;1;1;58;0;2917025;319;0
11;19;78;8;6;12;49;3.60;2;1;1;58;0;2917249;400;0
11;19;78;8;6;12;63;3.80;1;1;1;61;0;2917263;213;0
11;19;78;8;6;13;60;3.80;1;1;1;57;0;2917360;74;0
11;19;78;8;6;16;85;3.80;4;2;1;61;0;2917685;665;0
11;19;78;8;6;38;9;3.60;4;2;1;61;0;2919809;2101;0
11;19;78;8;6;45;91;3.40;3;2;1;67;0;2920591;3679;0
11;19;78;8;7;1;12;3.00;3;2;1;54;0;2922112;1502;0
11;19;78;8;7;1;32;3.20;4;2;1;58;0;2922132;2301;0
11;19;78;8;7;2;36;3.40;3;2;1;58;0;2922236;104;0
11;19;78;8;7;2;39;3.20;4;2;1;55;0;2922239;87;0
11;19;78;8;7;4;3;3.20;2;1;1;55;0;2922403;5131;0
11;19;78;8;7;4;42;4.00;4;2;1;56;0;2922442;182;0
11;19;78;8;7;4;47;3.60;1;1;1;53;0;2922447;5063;0
11;19;78;8;7;5;86;3.60;4;2;1;55;0;2922586;118;0
11;19;78;8;7;5;93;3.60;3;2;1;62;0;2922593;335;0
11;19;78;8;7;7;50;3.20;4;2;1;58;0;2922750;140;2922132
11;19;78;8;7;9;39;3.40;4;2;1;59;0;2922939;169;2922132
11;19;78;8;7;9;44;4.00;1;1;1;62;0;2922944;472;0
11;19;78;8;7;12;18;3.80;4;2;1;62;0;2923218;258;0
11;19;78;8;7;15;74;3.40;1;1;1;56;0;2923574;606;0
11;19;78;8;7;16;80;3.60;1;1;1;55;0;2923680;84;0
11;19;78;8;7;18;56;3.60;2;1;1;59;0;2923856;1432;0
11;19;78;8;7;20;8;3.80;1;1;1;52;0;2924008;304;0
11;19;78;8;7;20;85;3.80;2;1;1;59;0;2924085;207;0
11;19;78;8;7;21;8;3.60;1;1;1;53;0;2924108;73;0
11;19;78;8;7;21;80;3.60;4;2;1;59;0;2924180;939;0
11;19;78;8;7;22;79;9.40;1;1;2;53;0;2924279;146;0
11;19;78;8;7;23;47;3.80;4;2;1;57;0;2924347;145;0
11;19;78;8;7;25;2;3.40;2;1;1;60;0;2924502;393;0
11;19;78;8;7;25;42;3.20;1;1;1;53;0;2924542;199;0
11;19;78;8;7;25;68;3.20;4;2;1;66;0;2924568;197;0
11;19;78;8;7;27;54;3.40;1;1;1;54;0;2924754;190;2924008
11;19;78;8;7;28;29;3.20;1;1;1;54;0;2924829;52;2924008
11;19;78;8;7;29;92;4.60;1;1;1;55;0;2924992;141;2924008
11;19;78;8;7;30;53;3.60;4;2;1;62;0;2925053;467;0
11;19;78;8;7;30;94;3.60;3;2;1;65;0;2925094;2480;0
11;19;78;8;7;31;22;4.00;1;1;1;54;0;2925122;99;2924008
11;19;78;8;7;32;28;4.20;1;1;1;56;0;2925228;79;2924008
11;19;78;8;7;32;76;3.60;2;1;1;58;0;2925276;753;0
11;19;78;8;7;33;41;3.40;4;2;1;61;0;2925341;267;0
11;19;78;8;7;33;69;3.60;2;1;1;58;0;2925369;70;0
11;19;78;8;7;33;92;3.80;3;2;1;62;0;2925392;278;0
11;19;78;8;7;34;79;3.60;3;2;1;62;0;2925479;64;0
11;19;78;8;7;35;28;3.60;2;1;1;55;0;2925528;136;0
11;19;78;8;7;35;21;4.60;1;1;1;49;0;2925521;266;0
11;19;78;8;7;36;21;4.00;3;2;1;61;0;2925621;121;0
11;19;78;8;7;36;34;3.60;1;1;1;48;0;2925634;79;0
11;19;78;8;7;37;30;5.40;2;1;1;56;0;2925730;178;0
11;19;78;8;7;38;37;3.20;2;1;1;51;0;2925837;72;2925276
11;19;78;8;7;39;20;3.60;1;1;1;54;0;2925920;259;0
11;19;78;8;7;39;52;3.40;2;1;1;52;0;2925952;92;2925276
11;19;78;8;7;39;65;3.60;4;2;1;60;0;2925965;603;0
11;19;78;8;7;40;57;3.80;2;1;1;52;0;2926057;81;2925276
11;19;78;8;7;41;21;3.80;3;2;1;64;0;2926121;476;0
11;19;78;8;7;41;11;5.20;1;1;1;53;0;2926111;167;0
11;19;78;8;7;42;1;3.60;3;2;1;61;0;2926201;58;0
11;19;78;8;7;42;1;3.40;2;1;1;56;0;2926201;117;2925276
11;19;78;8;7;42;31;3.60;1;1;1;52;0;2926231;84;2925276
11;19;78;8;7;43;18;3.60;2;1;1;53;0;2926318;95;2925276
11;19;78;8;7;43;94;3.20;3;2;1;60;0;2926394;171;2925276
11;19;78;8;7;43;99;3.80;1;1;1;50;0;2926399;143;2925276
11;19;78;8;7;44;37;7.40;2;1;1;52;0;2926437;94;2925276
11;19;78;8;7;45;74;3.00;2;1;1;54;0;2926574;85;2925276
11;19;78;8;7;45;64;6.60;1;1;2;50;0;2926564;137;2925920
11;19;78;8;7;46;38;3.60;3;2;1;60;0;2926638;224;0
11;19;78;8;7;46;73;3.40;1;1;1;51;0;2926673;61;2925920
11;19;78;8;7;46;71;12.60;4;2;3;52;0;2926671;684;0
11;19;78;8;7;47;84;3.60;1;1;1;48;0;2926784;87;2925920
11;19;78;8;7;48;6;3.80;2;1;1;60;0;2926806;212;0
11;19;78;8;7;48;5;6.00;3;2;1;56;0;2926805;145;0
11;19;78;8;7;48;86;5.00;4;2;1;52;0;2926886;127;0
11;19;78;8;7;49;16;3.00;3;2;1;55;0;2926916;72;0
11;19;78;8;7;49;15;3.20;1;1;1;50;0;2926915;104;2925920
11;19;78;8;7;50;31;3.40;2;1;1;53;0;2927031;202;0
11;19;78;8;7;50;33;3.40;1;1;1;54;0;2927033;94;2925920
11;19;78;8;7;50;70;3.60;3;2;1;57;0;2927070;134;2925920
11;19;78;8;7;51;45;3.60;1;1;1;46;0;2927145;89;2925920
11;19;78;8;7;51;50;9.00;4;2;2;49;0;2927150;229;0
11;19;78;8;7;52;75;4.60;3;2;1;57;0;2927275;182;2926638
11;19;78;8;7;52;91;3.20;4;2;1;50;0;2927291;74;2926638
11;19;78;8;7;53;5;3.80;2;1;1;56;0;2927305;250;0
11;19;78;8;7;53;86;3.80;3;2;1;59;0;2927386;81;2926638
11;19;78;8;7;53;83;3.00;1;1;1;46;0;2927383;209;0
11;19;78;8;7;54;31;3.60;4;2;1;49;0;2927431;116;0
11;19;78;8;7;55;12;3.60;3;2;1;58;0;2927512;102;2926638
11;19;78;8;7;55;13;4.40;2;1;1;55;0;2927513;183;2926638
11;19;78;8;7;55;38;3.40;1;1;1;48;0;2927538;131;2926638
11;19;78;8;7;56;57;3.40;4;2;1;49;0;2927657;199;2926638
11;19;78;8;7;56;91;4.20;1;1;1;48;0;2927691;127;2926638
11;19;78;8;7;57;11;4.60;2;1;1;55;0;2927711;169;2926638
11;19;78;8;7;58;45;3.80;3;2;1;57;0;2927845;310;0
11;19;78;8;7;58;82;3.80;2;1;1;53;0;2927882;140;0
11;19;78;8;7;58;97;3.60;4;2;1;51;0;2927897;215;0
11;19;78;8;7;59;44;3.60;1;1;1;44;0;2927944;221;0
11;19;78;8;8;0;13;3.60;3;2;1;54;0;2928013;144;0
11;19;78;8;8;0;53;3.80;4;2;1;50;0;2928053;130;0
11;19;78;8;8;0;70;3.20;1;1;1;42;0;2928070;96;0
11;19;78;8;8;1;65;3.60;3;2;1;55;0;2928165;128;0
11;19;78;8;8;2;62;3.60;1;1;1;41;0;2928262;164;0
11;19;78;8;8;3;5;3.20;3;2;1;57;0;2928305;116;0
11;19;78;8;8;3;54;3.00;2;1;1;51;0;2928354;446;0
11;19;78;8;8;4;7;3.80;1;1;1;39;0;2928407;113;0
11;19;78;8;8;4;30;3.60;4;2;1;46;0;2928430;349;0
11;19;78;8;8;4;71;3.80;3;2;1;58;0;2928471;145;2927845
11;19;78;8;8;5;58;3.40;1;1;1;37;0;2928558;115;2927944
11;19;78;8;8;6;90;3.60;1;1;1;35;0;2928690;98;2927944
11;19;78;8;8;8;66;3.40;1;1;1;36;0;2928866;138;2927944
11;19;78;8;8;9;21;5.40;2;1;1;48;0;2928921;545;0
11;19;78;8;8;10;24;4.40;1;1;1;36;0;2929024;124;2927944
11;19;78;8;8;11;37;3.40;2;1;1;46;0;2929137;175;2927944
11;19;78;8;8;12;24;3.60;1;1;1;36;0;2929224;156;2927944
11;19;78;8;8;12;89;3.60;2;1;1;45;0;2929289;125;2927944
11;19;78;8;8;13;25;4.00;3;2;1;66;0;2929325;830;0
11;19;78;8;8;13;67;3.40;4;2;1;61;0;2929367;908;0
11;19;78;8;8;13;87;3.60;2;1;1;45;0;2929387;69;0
11;19;78;8;8;13;86;3.40;1;1;1;35;0;2929386;126;2927944
11;19;78;8;8;15;53;3.60;2;1;1;45;0;2929553;137;2928921
11;19;78;8;8;15;36;3.80;1;1;1;34;0;2929536;115;2927944
11;19;78;8;8;16;71;4.80;2;1;1;44;0;2929671;89;2928921
11;19;78;8;8;16;81;3.80;1;1;1;29;0;2929681;104;2927944
11;19;78;8;8;18;20;3.80;2;1;1;45;0;2929820;109;2928921
11;19;78;8;8;18;3;3.20;1;1;1;29;0;2929803;74;2927944
11;19;78;8;8;19;19;3.40;3;2;1;65;0;2929919;572;0
11;19;78;8;8;19;83;3.60;2;1;1;44;0;2929983;132;2928921
11;19;78;8;8;19;92;3.20;1;1;1;29;0;2929992;149;2927944
11;19;78;8;8;21;17;3.80;2;1;1;43;0;2930117;104;2928921
11;19;78;8;8;21;45;3.60;4;2;1;60;0;2930145;757;0
11;19;78;8;8;21;40;3.80;1;1;1;25;0;2930140;108;2927944
11;19;78;8;8;22;96;3.40;2;1;1;40;0;2930296;147;2928921
11;19;78;8;8;23;23;3.40;1;1;1;25;0;2930323;128;2927944
11;19;78;8;8;25;26;3.00;1;1;1;25;0;2930526;154;2927944
11;19;78;8;8;27;45;10.40;1;1;7;26;0;2930745;175;2927944
11;19;78;8;8;29;52;3.80;2;1;1;36;0;2930952;625;0
11;19;78;8;8;30;22;3.20;1;1;1;29;0;2931022;133;2927944
11;19;78;8;8;31;81;3.60;1;1;1;27;0;2931181;119;2927944
11;19;78;8;8;32;36;3.80;2;1;1;35;0;2931236;246;0
11;19;78;8;8;33;98;3.40;4;2;1;58;0;2931398;1231;0
11;19;78;8;8;34;9;3.20;3;2;1;64;0;2931409;1471;0
11;19;78;8;8;34;75;3.80;1;1;1;32;0;2931475;246;0
11;19;78;8;8;35;98;4.00;1;1;1;31;0;2931598;80;0
11;19;78;8;8;37;50;4.60;1;1;1;32;0;2931750;105;0
11;19;78;8;8;38;59;3.80;3;2;1;63;0;2931859;432;0
11;19;78;8;8;39;16;3.20;2;1;1;44;0;2931916;640;0
11;19;78;8;8;39;39;5.00;4;2;1;58;0;2931939;519;0
11;19;78;8;8;39;79;3.40;3;2;1;60;0;2931979;98;0
11;19;78;8;8;39;44;3.60;1;1;1;28;0;2931944;142;0
11;19;78;8;8;41;43;3.80;4;2;1;57;0;2932143;172;0
11;19;78;8;8;41;17;4.20;1;1;1;32;0;2932117;126;2931475
11;19;78;8;8;42;39;3.80;3;2;1;59;0;2932239;239;0
11;19;78;8;8;43;38;3.80;1;1;1;26;0;2932338;173;2931475
11;19;78;8;8;44;16;4.80;4;2;1;57;0;2932416;249;0
11;19;78;8;8;45;39;3.60;2;1;1;47;0;2932539;596;0
11;19;78;8;8;46;6;3.20;4;2;1;56;0;2932606;159;0
11;19;78;8;8;47;85;3.80;2;1;1;54;0;2932785;218;0
11;19;78;8;8;48;2;2.80;4;2;1;56;0;2932802;175;0
11;19;78;8;8;48;84;3.80;1;1;1;33;0;2932884;493;0
11;19;78;8;8;49;76;4.00;4;2;1;56;0;2932976;156;0
11;19;78;8;8;50;30;6.20;1;1;2;32;0;2933030;104;0
11;19;78;8;8;52;12;3.20;1;1;1;30;0;2933212;112;0
11;19;78;8;8;53;79;3.80;1;1;1;30;0;2933379;128;0
11;19;78;8;8;55;13;3.20;1;1;1;28;0;2933513;88;2932884
11;19;78;8;8;58;61;4.00;4;2;1;58;0;2933861;859;0
11;19;78;8;8;58;14;4.40;1;1;1;33;0;2933814;259;0
11;19;78;8;8;59;83;4.00;3;2;1;73;0;2933983;1720;0
11;19;78;8;9;0;10;3.00;1;1;1;32;0;2934010;148;0
11;19;78;8;9;2;6;3.60;2;1;1;52;0;2934206;1395;0
11;19;78;8;9;3;27;3.80;4;2;1;70;0;2934327;441;0
11;19;78;8;9;7;27;4.60;4;2;1;71;0;2934727;380;0
11;19;78;8;9;7;97;3.20;3;2;1;63;0;2934797;794;0
11;19;78;8;9;9;36;4.40;4;2;1;63;0;2934936;185;0
11;19;78;8;9;9;70;3.80;1;1;1;56;0;2934970;926;0
11;19;78;8;9;10;95;3.80;1;1;1;56;0;2935095;100;0
11;19;78;8;9;11;76;4.20;4;2;1;62;0;2935176;214;0
11;19;78;8;9;12;72;3.40;3;2;1;64;0;2935272;456;0
11;19;78;8;9;14;29;3.40;3;2;1;66;0;2935429;137;0
11;19;78;8;9;15;58;3.80;3;2;1;66;0;2935558;110;0
11;19;78;8;9;16;54;3.20;4;2;1;60;0;2935654;453;0
11;19;78;8;9;17;39;3.60;3;2;1;63;0;2935739;160;0
11;19;78;8;9;20;61;3.40;4;2;1;60;0;2936061;387;0
11;19;78;8;9;21;30;3.60;3;2;1;64;0;2936130;370;0
11;19;78;8;9;22;80;3.40;3;2;1;61;0;2936280;129;0
11;19;78;8;9;23;57;4.00;4;2;1;57;0;2936357;275;0
11;19;78;8;9;23;99;3.20;3;2;1;58;0;2936399;98;0
11;19;78;8;9;25;67;3.80;3;2;1;60;0;2936567;148;0
11;19;78;8;9;25;84;3.20;4;2;1;57;0;2936584;201;0
11;19;78;8;9;26;57;3.80;3;2;1;62;0;2936657;67;2936130
11;19;78;8;9;28;77;3.40;4;2;1;55;0;2936877;272;0
11;19;78;8;9;29;43;3.80;3;2;1;58;0;2936943;263;0
11;19;78;8;9;30;8;3.00;4;2;1;56;0;2937008;108;0
11;19;78;8;9;30;92;3.20;3;2;1;57;0;2937092;125;0
11;19;78;8;9;31;56;3.20;4;2;1;56;0;2937156;128;0
11;19;78;8;9;32;57;3.40;3;2;1;57;0;2937257;144;0
11;19;78;8;9;34;44;3.20;3;2;1;55;0;2937444;165;0
11;19;78;8;9;35;72;3.20;3;2;1;59;0;2937572;107;2936943
11;19;78;8;9;37;8;3.20;4;2;1;51;0;2937708;531;0
11;19;78;8;9;37;80;3.60;3;2;1;60;0;2937780;188;2936943
11;19;78;8;9;38;53;4.80;4;2;1;51;0;2937853;122;2936943
11;19;78;8;9;41;81;4.80;4;2;1;48;0;2938181;294;0
11;19;78;8;9;46;96;3.40;4;2;1;54;0;2938696;479;0
11;19;78;8;9;50;20;3.60;1;1;1;56;0;2939020;3900;0
11;19;78;8;9;52;99;3.60;1;1;1;54;0;2939299;255;0
11;19;78;8;9;56;4;3.40;1;1;1;55;0;2939604;281;0
11;19;78;8;9;58;15;3.80;1;1;1;53;0;2939815;188;0
11;19;78;8;10;0;39;4.00;1;1;1;58;0;2940039;198;0
11;19;78;8;10;5;79;3.80;1;1;1;58;0;2940579;515;0
11;19;78;8;10;5;93;3.60;4;2;1;63;0;2940593;1874;0
11;19;78;8;10;6;4;4.00;2;1;1;56;0;2940604;6373;0
11;19;78;8;10;6;50;3.00;1;1;1;56;0;2940650;47;0
11;19;78;8;10;7;97;3.80;4;2;1;60;0;2940797;183;0
11;19;78;8;10;8;20;3.60;2;1;1;57;0;2940820;190;0
11;19;78;8;10;8;90;4.80;1;1;1;53;0;2940890;220;0
11;19;78;8;10;9;2;12.20;2;1;7;55;0;2940902;59;0
11;19;78;8;10;10;21;3.40;1;1;1;52;0;2941021;98;0
11;19;78;8;10;11;6;3.20;4;2;1;57;0;2941106;286;0
11;19;78;8;10;12;8;4.20;1;1;1;54;0;2941208;163;0
11;19;78;8;10;14;60;3.20;1;1;1;55;0;2941460;224;0
11;19;78;8;10;14;81;3.60;4;2;1;57;0;2941481;354;0
11;19;78;8;10;14;90;6.40;2;1;1;56;0;2941490;508;0
11;19;78;8;10;15;63;4.00;1;1;1;55;0;2941563;82;0
11;19;78;8;10;16;65;4.60;1;1;1;53;0;2941665;75;0
11;19;78;8;10;17;92;4.00;2;1;1;56;0;2941792;260;0
11;19;78;8;10;17;96;3.80;1;1;1;51;0;2941796;99;0
11;19;78;8;10;18;95;3.40;4;2;1;58;0;2941895;391;0
11;19;78;8;10;19;81;3.40;3;2;1;66;0;2941981;4179;0
11;19;78;8;10;20;5;3.60;1;1;1;55;0;2942005;182;2941460
11;19;78;8;10;20;24;4.00;2;1;1;56;0;2942024;206;0
11;19;78;8;10;20;59;3.60;4;2;1;58;0;2942059;142;0
11;19;78;8;10;21;19;4.00;1;1;1;52;0;2942119;90;2941460
11;19;78;8;10;22;13;3.80;4;2;1;61;0;2942213;131;2941460
11;19;78;8;10;22;60;3.60;2;1;1;58;0;2942260;210;0
11;19;78;8;10;23;6;3.80;3;2;1;65;0;2942306;306;0
11;19;78;8;10;23;5;3.80;1;1;1;47;0;2942305;158;2941460
11;19;78;8;10;24;48;3.40;1;1;1;45;0;2942448;113;2941460
11;19;78;8;10;24;58;5.00;2;1;1;55;0;2942458;175;2941460
11;19;78;8;10;25;73;3.60;1;1;1;45;0;2942573;97;2941460
11;19;78;8;10;26;5;3.60;2;1;1;54;0;2942605;114;2941460
11;19;78;8;10;26;50;3.20;4;2;1;58;0;2942650;414;0
11;19;78;8;10;26;78;3.80;1;1;1;45;0;2942678;76;2941460
11;19;78;8;10;28;9;1.60;2;1;0;43;1;2942809;180;2941460
11;19;78;8;10;28;13;3.80;1;1;1;44;0;2942813;104;2941460
11;19;78;8;10;29;52;3.40;2;1;1;62;0;2942952;323;0
11;19;78;8;10;29;46;4.40;1;1;1;41;0;2942946;101;2941460
11;19;78;8;10;31;77;3.20;1;1;1;42;0;2943177;192;2941460
11;19;78;8;10;33;16;5.00;1;1;1;42;0;2943316;111;2941460
11;19;78;8;10;34;31;3.20;2;1;1;49;0;2943431;459;0
11;19;78;8;10;34;44;11.00;4;2;2;62;0;2943444;774;0
11;19;78;8;10;35;19;3.80;1;1;1;44;0;2943519;160;2941460
11;19;78;8;10;35;86;3.20;2;1;1;51;0;2943586;131;2941460
11;19;78;8;10;37;27;3.60;1;1;1;45;0;2943727;176;2941460
11;19;78;8;10;37;74;3.60;3;2;1;73;0;2943774;1446;0
11;19;78;8;10;39;15;3.80;1;1;1;44;0;2943915;159;2941460
11;19;78;8;10;39;76;4.40;4;2;1;57;0;2943976;468;0
11;19;78;8;10;40;40;4.00;1;1;1;43;0;2944040;93;2941460
11;19;78;8;10;41;62;3.80;1;1;1;43;0;2944162;88;2941460
11;19;78;8;10;43;49;3.80;1;1;1;43;0;2944349;155;2941460
11;19;78;8;10;45;33;3.40;1;1;1;41;0;2944533;152;2941460
11;19;78;8;10;47;5;3.80;1;1;1;50;0;2944705;142;2941460
11;19;78;8;10;48;5;3.60;1;1;1;50;0;2944805;72;2941460
11;19;78;8;10;48;83;3.60;4;2;1;66;0;2944883;879;0
11;19;78;8;10;49;46;4.60;1;1;1;55;0;2944946;115;2941460
11;19;78;8;10;49;58;3.60;2;1;1;53;0;2944958;1349;0
11;19;78;8;10;51;39;4.40;3;2;1;62;0;2945139;1347;0
11;19;78;8;10;52;13;3.60;1;1;1;50;0;2945213;236;0
11;19;78;8;10;52;82;3.40;4;2;1;57;0;2945282;379;0
11;19;78;8;10;53;57;4.00;1;1;1;49;0;2945357;118;0
11;19;78;8;10;54;26;6.20;3;2;1;57;0;2945426;261;0
11;19;78;8;10;55;38;3.40;3;2;1;57;0;2945538;72;0
11;19;78;8;10;55;20;8.80;1;1;2;51;0;2945520;133;0
11;19;78;8;10;55;80;3.80;4;2;1;56;0;2945580;276;0
11;19;78;8;10;56;97;3.40;3;2;1;59;0;2945697;137;0
11;19;78;8;10;56;96;3.80;4;2;1;57;0;2945696;91;0
11;19;78;8;10;57;50;3.80;1;1;1;50;0;2945750;167;0
11;19;78;8;10;58;26;3.80;4;2;1;57;0;2945826;106;0
11;19;78;8;10;58;33;3.40;3;2;1;58;0;2945833;115;0
11;19;78;8;10;59;40;3.20;1;1;1;50;0;2945940;162;2945213
11;19;78;8;10;59;55;3.40;3;2;1;55;0;2945955;100;2945426
11;19;78;8;10;59;99;4.00;4;2;1;57;0;2945999;149;2945426
11;19;78;8;11;0;98;3.60;1;1;1;47;0;2946098;134;2945213
11;19;78;8;11;2;7;3.40;3;2;1;57;0;2946207;229;0
11;19;78;8;11;2;16;3.20;1;1;1;45;0;2946216;90;2945213
11;19;78;8;11;2;28;3.80;4;2;1;59;0;2946228;203;0
11;19;78;8;11;2;82;3.80;2;1;1;55;0;2946282;1299;0
11;19;78;8;11;3;9;4.00;3;2;1;58;0;2946309;80;0
11;19;78;8;11;3;28;5.20;1;1;1;41;0;2946328;86;2945213
11;19;78;8;11;4;83;3.20;1;1;1;40;0;2946483;109;2945213
11;19;78;8;11;5;60;3.60;3;2;1;59;0;2946560;226;0
11;19;78;8;11;6;41;3.40;3;2;1;59;0;2946641;59;0
11;19;78;8;11;6;60;5.20;1;1;1;41;0;2946660;148;2945213
11;19;78;8;11;6;99;3.60;4;2;1;57;0;2946699;447;0
11;19;78;8;11;7;88;4.00;1;1;1;42;0;2946788;82;2945213
11;19;78;8;11;8;52;3.20;3;2;1;64;0;2946852;190;2945213
11;19;78;8;11;8;65;3.60;2;1;1;56;0;2946865;558;0
11;19;78;8;11;9;61;3.20;4;2;1;56;0;2946961;239;0
11;19;78;8;11;9;88;4.60;1;1;1;43;0;2946988;165;2945213
11;19;78;8;11;11;13;3.60;2;1;1;52;0;2947113;224;0
11;19;78;8;11;11;84;4.00;1;1;1;47;0;2947184;157;2945213
11;19;78;8;11;12;36;3.20;4;2;1;60;0;2947236;254;0
11;19;78;8;11;16;84;3.40;3;2;1;61;0;2947684;814;0
11;19;78;8;11;16;53;8.40;4;2;6;57;0;2947653;397;0
11;19;78;8;11;17;27;3.60;1;1;1;51;0;2947727;512;0
11;19;78;8;11;20;24;5.00;2;1;1;61;0;2948024;886;0
11;19;78;8;11;23;5;19.60;4;2;5;48;0;2948305;598;0
11;19;78;8;11;25;50;3.80;1;1;1;55;0;2948550;797;0
11;19;78;8;11;26;40;3.40;4;2;1;46;0;2948640;188;0
11;19;78;8;11;29;56;3.60;4;2;1;55;0;2948956;289;0
11;19;78;8;11;35;25;3.60;4;2;1;57;0;2949525;545;0
11;19;78;8;11;37;62;3.60;4;2;1;66;0;2949762;214;0
11;19;78;8;11;38;85;4.00;3;2;1;64;0;2949885;2180;0
11;19;78;8;11;40;30;3.40;4;2;1;60;0;2950030;248;0
11;19;78;8;11;50;38;14.20;4;2;4;51;0;2951038;987;0
11;19;78;8;11;56;84;3.60;3;2;1;57;0;2951684;1776;0
11;19;78;8;11;57;18;3.60;4;2;1;57;0;2951718;579;0
11;19;78;8;11;58;2;3.40;3;2;1;58;0;2951802;95;0
11;19;78;8;11;59;4;4.00;4;2;1;56;0;2951904;163;0
11;19;78;8;11;59;73;3.40;1;1;1;47;0;2951973;3398;0
11;19;78;8;11;59;97;3.20;4;2;1;53;0;2951997;67;0
11;19;78;8;12;1;20;3.80;3;2;1;63;0;2952120;296;0
11;19;78;8;12;3;22;3.80;3;2;1;61;0;2952322;180;0
11;19;78;8;12;3;78;4.80;4;2;1;55;0;2952378;359;0
11;19;78;8;12;11;7;3.60;4;2;1;56;0;2953107;697;0
11;19;78;8;12;12;81;3.20;4;2;1;53;0;2953281;150;0
11;19;78;8;12;15;40;4.40;4;2;1;56;0;2953540;237;0
11;19;78;8;12;16;42;3.20;2;1;1;59;0;2953642;5588;0
11;19;78;8;12;17;10;4.00;1;1;1;56;0;2953710;1710;0
11;19;78;8;12;17;96;3.60;2;1;1;58;0;2953796;134;0
11;19;78;8;12;18;0;3.80;4;2;1;61;0;2953800;231;0
11;19;78;8;12;19;80;3.60;2;1;1;55;0;2953980;161;0
11;19;78;8;12;22;13;5.40;1;1;1;55;0;2954213;477;0
11;19;78;8;12;23;19;4.80;1;1;1;54;0;2954319;70;0
11;19;78;8;12;24;14;3.80;2;1;1;54;0;2954414;410;0
11;19;78;8;12;25;21;3.60;2;1;1;56;0;2954521;81;0
11;19;78;8;12;25;26;3.80;1;1;1;52;0;2954526;175;0
11;19;78;8;12;26;54;3.60;1;1;1;50;0;2954654;101;0
11;19;78;8;12;27;25;3.40;1;1;1;50;0;2954725;45;2954213
11;19;78;8;12;28;17;6.20;2;1;1;57;0;2954817;272;0
11;19;78;8;12;28;48;3.00;1;1;1;52;0;2954848;98;2954213
11;19;78;8;12;30;28;3.60;4;2;1;62;0;2955028;1205;0
11;19;78;8;12;30;6;4.40;2;1;1;57;0;2955006;149;0
11;19;78;8;12;30;7;3.80;1;1;1;50;0;2955007;138;2954213
11;19;78;8;12;30;50;3.60;3;2;1;66;0;2955050;2705;0
11;19;78;8;12;31;26;4.40;1;1;1;47;0;2955126;91;2954213
11;19;78;8;12;32;38;3.40;1;1;1;47;0;2955238;78;2954213
11;19;78;8;12;33;15;3.40;4;2;1;56;0;2955315;266;0
11;19;78;8;12;33;26;4.00;2;1;1;59;0;2955326;292;0
11;19;78;8;12;33;26;3.80;1;1;1;47;0;2955326;61;2954213
11;19;78;8;12;34;52;4.40;1;1;1;44;0;2955452;96;2954213
11;19;78;8;12;35;60;3.80;4;2;1;62;0;2955560;223;0
11;19;78;8;12;36;21;3.40;3;2;1;58;0;2955621;551;0
11;19;78;8;12;37;83;2.40;1;1;1;50;0;2955783;295;0
11;19;78;8;12;37;79;3.60;4;2;1;61;0;2955779;196;0
11;19;78;8;12;39;46;4.00;2;1;1;56;0;2955946;595;0
11;19;78;8;12;39;71;3.40;3;2;1;58;0;2955971;328;0
11;19;78;8;12;40;28;4.60;2;1;1;57;0;2956028;56;0
11;19;78;8;12;40;83;3.80;4;2;1;59;0;2956083;282;0
11;19;78;8;12;41;3;3.20;1;1;1;50;0;2956103;302;0
11;19;78;8;12;41;54;3.20;3;2;1;63;0;2956154;161;0
11;19;78;8;12;42;71;4.00;3;2;1;62;0;2956271;98;0
11;19;78;8;12;43;0;4.40;1;1;1;51;0;2956300;173;0
11;19;78;8;12;43;19;3.60;4;2;1;62;0;2956319;212;0
11;19;78;8;12;44;13;4.60;3;2;1;63;0;2956413;118;0
11;19;78;8;12;44;62;3.20;1;1;1;50;0;2956462;130;0
11;19;78;8;12;44;42;8.00;4;2;2;62;0;2956442;102;0
11;19;78;8;12;45;29;5.00;2;1;1;59;0;2956529;471;0
11;19;78;8;12;45;65;3.20;1;1;1;53;0;2956565;79;0
11;19;78;8;12;47;1;3.00;1;1;1;50;0;2956701;114;2956103
11;19;78;8;12;46;76;10.20;4;2;2;62;0;2956676;187;2956103
11;19;78;8;12;48;55;3.60;1;1;1;51;0;2956855;132;2956103
11;19;78;8;12;48;85;3.60;3;2;1;65;0;2956885;445;0
11;19;78;8;12;49;45;3.80;2;1;1;52;0;2956945;385;0
11;19;78;8;12;50;76;3.00;3;2;1;62;0;2957076;171;0
11;19;78;8;12;50;80;4.00;2;1;1;51;0;2957080;108;0
11;19;78;8;12;50;73;11.40;4;2;3;57;0;2957073;337;0
11;19;78;8;12;51;30;3.60;1;1;1;50;0;2957130;249;0
11;19;78;8;12;52;41;4.00;1;1;1;47;0;2957241;85;0
11;19;78;8;12;52;83;3.40;4;2;1;58;0;2957283;138;0
11;19;78;8;12;53;84;3.00;2;1;1;52;0;2957384;275;0
11;19;78;8;12;54;32;3.20;4;2;1;57;0;2957432;127;0
11;19;78;8;12;56;6;3.80;4;2;1;54;0;2957606;153;0
11;19;78;8;12;57;35;3.80;1;1;1;52;0;2957735;463;0
11;19;78;8;12;58;29;3.40;3;2;1;56;0;2957829;735;0
11;19;78;8;12;59;8;4.40;1;1;1;55;0;2957908;146;0
11;19;78;8;12;59;30;4.00;3;2;1;58;0;2957930;79;0
11;19;78;8;13;0;53;3.80;3;2;1;60;0;2958053;98;0
11;19;78;8;13;1;41;3.00;4;2;1;66;0;2958141;509;0
11;19;78;8;13;2;3;3.40;2;1;1;52;0;2958203;798;0
11;19;78;8;13;3;71;3.40;2;1;1;51;0;2958371;144;0
11;19;78;8;13;3;91;11.60;4;2;3;52;0;2958391;233;0
11;19;78;8;13;5;11;3.20;3;2;1;61;0;2958511;435;0
11;19;78;8;13;5;58;3.60;2;1;1;50;0;2958558;163;0
11;19;78;8;13;6;47;3.40;1;1;1;52;0;2958647;710;0
11;19;78;8;13;7;62;3.40;1;1;1;53;0;2958762;91;0
11;19;78;8;13;7;64;3.80;3;2;1;57;0;2958764;234;0
11;19;78;8;13;8;24;3.60;2;1;1;58;0;2958824;240;0
11;19;78;8;13;9;11;4.40;1;1;1;52;0;2958911;125;0
11;19;78;8;13;9;10;3.40;4;2;1;41;0;2958910;438;0
11;19;78;8;13;9;34;4.20;3;2;1;57;0;2958934;146;0
11;19;78;8;13;9;59;3.40;2;1;1;60;0;2958959;112;0
11;19;78;8;13;10;50;3.80;2;1;1;59;0;2959050;70;0
11;19;78;8;13;10;59;3.40;1;1;1;52;0;2959059;117;0
11;19;78;8;13;12;35;3.40;1;1;1;54;0;2959235;152;2958647
11;19;78;8;13;13;42;3.80;1;1;1;53;0;2959342;84;2958647
11;19;78;8;13;17;89;4.00;2;1;1;62;0;2959789;715;0
11;19;78;8;13;18;68;3.60;1;1;1;51;0;2959868;500;0
11;19;78;8;13;20;36;5.20;1;1;1;48;0;2960036;142;0
11;19;78;8;13;20;81;3.40;4;2;1;64;0;2960081;1141;0
11;19;78;8;13;21;98;4.40;1;1;1;48;0;2960198;123;0
11;19;78;8;13;22;61;4.40;4;2;1;63;0;2960261;160;0
11;19;78;8;13;25;26;3.20;1;1;1;52;0;2960526;295;0
11;19;78;8;13;25;99;3.60;1;1;1;51;0;2960599;50;0
11;19;78;8;13;26;70;3.60;1;1;1;50;0;2960670;45;0
11;19;78;8;13;28;2;3.80;1;1;1;53;0;2960802;106;0
11;19;78;8;13;28;9;3.60;2;1;1;60;0;2960809;996;0
11;19;78;8;13;32;57;3.60;1;1;1;57;0;2961257;429;0
11;19;78;8;13;33;12;3.00;3;2;1;56;0;2961312;2351;0
11;19;78;8;13;36;39;3.60;1;1;1;54;0;2961639;359;0
11;19;78;8;13;39;31;4.00;3;2;1;60;0;2961931;599;0
11;19;78;8;13;40;92;4.20;3;2;1;59;0;2962092;137;0
11;19;78;8;13;42;19;3.00;4;2;1;60;0;2962219;1932;0
11;19;78;8;13;43;9;3.20;3;2;1;60;0;2962309;191;0
11;19;78;8;13;44;11;3.80;4;2;1;59;0;2962411;174;0
11;19;78;8;13;48;99;3.80;4;2;1;59;0;2962899;464;0
11;19;78;8;13;50;18;3.40;4;2;1;56;0;2963018;95;0
11;19;78;8;13;52;95;4.40;4;2;1;62;0;2963295;255;0
11;19;78;8;14;8;28;4.00;3;2;1;68;0;2964828;2499;0
11;19;78;8;14;8;35;3.40;4;2;1;67;0;2964835;1514;0
11;19;78;8;14;9;70;3.20;3;2;1;73;0;2964970;120;0
11;19;78;8;14;11;8;4.00;1;1;1;62;0;2965108;3445;0
11;19;78;8;14;12;16;3.20;3;2;1;65;0;2965216;230;0
11;19;78;8;14;12;14;5.20;4;2;1;57;0;2965214;360;0
11;19;78;8;14;13;50;3.80;4;2;1;61;0;2965350;103;0
11;19;78;8;14;13;99;3.20;3;2;1;58;0;2965399;165;0
11;19;78;8;14;14;68;5.20;3;2;1;59;0;2965468;49;0
11;19;78;8;14;15;82;3.60;3;2;1;54;0;2965582;82;0
11;19;78;8;14;17;4;4.00;1;1;1;62;0;2965704;572;0
11;19;78;8;14;17;24;3.40;3;2;1;52;0;2965724;118;2965216
11;19;78;8;14;18;15;3.00;3;2;1;51;0;2965815;67;2965216
11;19;78;8;14;19;28;3.20;3;2;1;55;0;2965928;91;2965216
11;19;78;8;14;20;13;3.60;3;2;1;57;0;2966013;64;2965216
11;19;78;8;14;21;36;3.40;2;1;1;58;0;2966136;5305;0
11;19;78;8;14;21;36;5.00;3;2;1;59;0;2966136;100;2965216
11;19;78;8;14;21;35;16.20;4;2;7;54;0;2966135;762;0
11;19;78;8;14;23;22;3.40;3;2;1;58;0;2966322;155;2965216
11;19;78;8;14;24;35;3.60;3;2;1;58;0;2966435;91;2965216
11;19;78;8;14;25;35;3.80;4;2;1;55;0;2966535;292;0
11;19;78;8;14;25;51;3.60;3;2;1;60;0;2966551;93;2965216
11;19;78;8;14;26;81;3.60;4;2;1;54;0;2966681;121;2965216
11;19;78;8;14;28;8;3.80;3;2;1;56;0;2966808;235;0
11;19;78;8;14;28;21;3.80;4;2;1;54;0;2966821;116;0
11;19;78;8;14;29;40;3.40;3;2;1;58;0;2966940;107;0
11;19;78;8;14;30;93;3.60;3;2;1;58;0;2967093;131;0
11;19;78;8;14;31;3;3.20;4;2;1;54;0;2967103;256;0
11;19;78;8;14;31;92;3.00;1;1;1;50;0;2967192;1464;0
11;19;78;8;14;32;18;3.80;3;2;1;59;0;2967218;102;0
11;19;78;8;14;33;37;3.40;1;1;1;49;0;2967337;123;0
11;19;78;8;14;33;51;3.40;4;2;1;54;0;2967351;226;0
11;19;78;8;14;33;97;3.40;3;2;1;58;0;2967397;155;2966808
11;19;78;8;14;34;65;3.40;4;2;1;53;0;2967465;91;2966808
11;19;78;8;14;35;0;3.20;3;2;1;58;0;2967500;81;2966808
11;19;78;8;14;35;2;3.60;1;1;1;48;0;2967502;140;2966808
11;19;78;8;14;38;37;3.60;3;2;1;54;0;2967837;317;0
11;19;78;8;14;39;20;3.80;2;1;1;62;0;2967920;1762;0
11;19;78;8;14;39;48;3.60;4;2;1;66;0;2967948;459;0
11;19;78;8;14;39;57;4.00;3;2;1;54;0;2967957;96;0
11;19;78;8;14;40;36;3.80;1;1;1;64;0;2968036;507;0
11;19;78;8;14;41;60;3.60;1;1;1;61;0;2968160;102;0
11;19;78;8;14;43;22;3.60;1;1;1;59;0;2968322;140;0
11;19;78;8;14;44;37;3.40;1;1;1;57;0;2968437;93;0
11;19;78;8;14;44;59;3.00;3;2;1;52;0;2968459;475;0
11;19;78;8;14;46;4;9.40;1;1;6;57;0;2968604;145;2968036
11;19;78;8;14;46;65;3.60;2;1;1;53;0;2968665;722;0
11;19;78;8;14;47;85;3.60;1;1;1;62;0;2968785;121;2968036
11;19;78;8;14;49;10;3.40;2;1;1;56;0;2968910;220;0
11;19;78;8;14;49;25;3.80;1;1;1;54;0;2968925;119;2968036
11;19;78;8;14;50;6;3.80;2;1;1;54;0;2969006;74;2968036
11;19;78;8;14;50;55;3.80;1;1;1;54;0;2969055;104;2968036
11;19;78;8;14;51;73;3.80;2;1;1;51;0;2969173;141;2968036
11;19;78;8;14;52;21;4.60;1;1;1;51;0;2969221;140;2968036
11;19;78;8;14;53;13;3.20;2;1;1;47;0;2969313;113;2968036
11;19;78;8;14;53;91;4.60;1;1;1;51;0;2969391;137;2968036
11;19;78;8;14;54;5;3.60;2;1;1;45;0;2969405;67;2968910
11;19;78;8;14;55;71;3.80;1;1;1;51;0;2969571;147;2968036
11;19;78;8;14;56;79;3.20;4;2;1;64;0;2969679;1711;0
11;19;78;8;14;57;8;3.60;1;1;1;50;0;2969708;110;2968036
11;19;78;8;14;57;47;3.60;2;1;1;48;0;2969747;313;0
11;19;78;8;14;59;14;3.80;1;1;1;54;0;2969914;180;2968036
11;19;78;8;15;0;16;4.60;2;1;1;53;0;2970016;242;0
11;19;78;8;15;1;13;3.60;1;1;1;54;0;2970113;173;2968036
11;19;78;8;15;1;67;3.80;2;1;1;53;0;2970167;119;2968036
11;19;78;8;15;2;11;4.00;4;2;1;67;0;2970211;514;0
11;19;78;8;15;2;76;3.40;1;1;1;51;0;2970276;139;2968036
11;19;78;8;15;3;61;3.60;2;1;1;51;0;2970361;168;2968036
11;19;78;8;15;4;1;3.60;1;1;1;51;0;2970401;101;2968036
11;19;78;8;15;4;57;3.80;4;2;1;68;0;2970457;224;0
11;19;78;8;15;6;68;3.20;1;1;1;48;0;2970668;241;0
11;19;78;8;15;7;8;3.80;2;1;1;48;0;2970708;321;0
11;19;78;8;15;8;39;3.40;2;1;1;46;0;2970839;102;0
11;19;78;8;15;8;64;3.80;1;1;1;45;0;2970864;172;0
11;19;78;8;15;8;70;4.60;3;2;1;57;0;2970870;2390;0
11;19;78;8;15;9;54;3.40;4;2;1;59;0;2970954;476;0
11;19;78;8;15;9;68;4.00;2;1;1;45;0;2970968;102;0
11;19;78;8;15;9;95;3.80;3;2;1;54;0;2970995;95;0
11;19;78;8;15;10;64;4.20;2;1;1;44;0;2971064;64;0
11;19;78;8;15;10;99;3.60;1;1;1;45;0;2971099;204;0
11;19;78;8;15;11;56;4.40;3;2;1;60;0;2971156;135;0
11;19;78;8;15;12;42;3.40;2;1;1;43;0;2971242;143;2970708
11;19;78;8;15;13;27;3.60;1;1;1;43;0;2971327;199;2970708
11;19;78;8;15;13;80;3.80;3;2;1;58;0;2971380;197;2970708
11;19;78;8;15;14;34;4.00;2;1;1;51;0;2971434;163;2970708
11;19;78;8;15;15;9;4.40;1;1;1;58;0;2971509;151;2970708
11;19;78;8;15;16;38;3.60;1;1;1;43;0;2971638;101;2970708
11;19;78;8;15;17;54;3.80;4;2;1;59;0;2971754;779;0
11;19;78;8;15;17;64;3.80;2;1;1;54;0;2971764;301;0
11;19;78;8;15;17;77;3.80;1;1;1;41;0;2971777;108;2971099
11;19;78;8;15;19;63;3.60;4;2;1;59;0;2971963;185;2971099
11;19;78;8;15;19;53;3.80;1;1;1;44;0;2971953;142;2971099
11;19;78;8;15;21;11;3.20;1;1;1;44;0;2972111;126;2971099
11;19;78;8;15;22;78;3.40;1;1;1;45;0;2972278;140;2971099
11;19;78;8;15;23;5;3.60;3;2;1;63;0;2972305;901;0
11;19;78;8;15;22;98;3.80;2;1;1;46;0;2972298;508;0
11;19;78;8;15;23;72;3.40;4;2;1;64;0;2972372;387;0
11;19;78;8;15;24;24;3.80;1;1;1;47;0;2972424;118;2971099
11;19;78;8;15;25;33;4.00;4;2;1;57;0;2972533;141;2971099
11;19;78;8;15;26;1;3.40;1;1;1;44;0;2972601;147;2971099
11;19;78;8;15;27;86;3.40;4;2;1;59;0;2972786;227;0
11;19;78;8;15;27;44;7.60;2;1;2;43;0;2972744;416;0
11;19;78;8;15;28;4;3.20;1;1;1;42;0;2972804;175;2971099
11;19;78;8;15;28;77;3.60;2;1;1;44;0;2972877;69;2971099
11;19;78;8;15;29;29;3.80;1;1;1;41;0;2972929;97;2971099
11;19;78;8;15;29;96;4.80;2;1;1;47;0;2972996;89;2971099
11;19;78;8;15;30;75;4.00;1;1;1;41;0;2973075;112;2971099
11;19;78;8;15;31;31;3.80;2;1;1;46;0;2973131;98;2971099
11;19;78;8;15;32;86;3.60;2;1;1;45;0;2973286;125;2972744
11;19;78;8;15;32;87;3.80;1;1;1;41;0;2973287;176;2971099
11;19;78;8;15;34;25;3.60;4;2;1;63;0;2973425;618;0
11;19;78;8;15;35;7;4.80;1;1;1;41;0;2973507;186;2971099
11;19;78;8;15;35;97;3.40;2;1;1;45;0;2973597;282;0
11;19;78;8;15;36;62;3.80;1;1;1;38;0;2973662;112;2971099
11;19;78;8;15;38;8;3.60;4;2;1;58;0;2973808;362;0
11;19;78;8;15;38;26;3.80;2;1;1;48;0;2973826;201;0
11;19;78;8;15;39;6;3.60;1;1;1;32;0;2973906;208;0
11;19;78;8;15;39;62;3.80;2;1;1;47;0;2973962;107;0
11;19;78;8;15;40;55;3.40;1;1;1;32;0;2974055;108;0
11;19;78;8;15;41;93;3.00;1;1;1;30;0;2974193;99;0
11;19;78;8;15;43;70;4.40;1;1;1;33;0;2974370;141;0
11;19;78;8;15;45;7;3.40;1;1;1;33;0;2974507;89;2973906
11;19;78;8;15;47;17;3.60;2;1;1;55;0;2974717;725;0
11;19;78;8;15;46;89;3.60;1;1;1;31;0;2974689;144;2973906
11;19;78;8;15;48;45;3.80;2;1;1;56;0;2974845;104;2973906
11;19;78;8;15;48;47;3.40;1;1;1;31;0;2974847;116;2973906
11;19;78;8;15;49;43;4.00;4;2;1;61;0;2974943;1112;0
11;19;78;8;15;49;52;3.80;2;1;1;56;0;2974952;82;0
11;19;78;8;15;50;63;3.40;3;2;1;59;0;2975063;2737;0
11;19;78;8;15;50;58;5.20;1;1;1;31;0;2975058;171;2973906
11;19;78;8;15;51;50;3.60;3;2;1;60;0;2975150;66;2973906
11;19;78;8;15;51;84;4.40;4;2;1;62;0;2975184;217;0
11;19;78;8;15;52;51;3.80;3;2;1;61;0;2975251;79;0
11;19;78;8;15;52;11;3.60;1;1;1;29;0;2975211;92;2973906
11;19;78;8;15;53;68;4.40;3;2;1;62;0;2975368;94;2973906
11;19;78;8;15;53;69;5.20;4;2;1;57;0;2975369;159;2973906
11;19;78;8;15;53;75;6.80;2;1;2;55;0;2975375;398;0
11;19;78;8;15;54;76;3.80;3;2;1;63;0;2975476;82;2975063
11;19;78;8;15;55;42;4.00;1;1;1;32;0;2975542;286;0
11;19;78;8;15;56;63;4.40;3;2;1;61;0;2975663;165;2975063
11;19;78;8;15;57;64;3.60;3;2;1;61;0;2975764;75;2975063
11;19;78;8;15;57;36;3.80;1;1;1;32;0;2975736;149;2975063
11;19;78;8;15;58;41;3.60;4;2;1;61;0;2975841;439;0
11;19;78;8;16;0;1;4.00;3;2;1;56;0;2976001;215;0
11;19;78;8;15;59;70;3.80;1;1;1;35;0;2975970;191;0
11;19;78;8;16;0;57;3.80;4;2;1;59;0;2976057;194;0
11;19;78;8;16;1;36;3.00;3;2;1;57;0;2976136;109;0
11;19;78;8;16;1;5;4.60;1;1;1;33;0;2976105;95;0
11;19;78;8;16;1;96;3.60;4;2;1;58;0;2976196;115;0
11;19;78;8;16;2;58;4.00;3;2;1;57;0;2976258;103;0
11;19;78;8;16;4;2;3.80;3;2;1;61;0;2976402;118;0
11;19;78;8;16;3;67;3.80;1;1;1;35;0;2976367;211;0
11;19;78;8;16;6;26;4.40;4;2;1;57;0;2976626;407;0
11;19;78;8;16;6;6;6.20;1;1;1;32;0;2976606;199;0
11;19;78;8;16;6;90;3.60;3;2;1;60;0;2976690;265;0
11;19;78;8;16;7;84;3.20;3;2;1;54;0;2976784;72;0
11;19;78;8;16;8;83;3.60;4;2;1;52;0;2976883;229;0
11;19;78;8;16;9;28;4.40;3;2;1;54;0;2976928;122;0
11;19;78;8;16;10;42;3.80;4;2;1;49;0;2977042;134;0
11;19;78;8;16;10;4;3.80;1;1;1;29;0;2977004;328;0
11;19;78;8;16;11;52;3.20;3;2;1;51;0;2977152;194;0
11;19;78;8;16;12;53;3.00;3;2;1;50;0;2977253;78;2976690
11;19;78;8;16;12;68;3.40;4;2;1;51;0;2977268;198;2976690
11;19;78;8;16;13;45;3.60;3;2;1;53;0;2977345;70;2976690
11;19;78;8;16;14;23;3.20;4;2;1;52;0;2977423;131;2976690
11;19;78;8;16;14;69;4.00;3;2;1;52;0;2977469;99;2976690
11;19;78;8;16;15;45;3.20;4;2;1;52;0;2977545;99;2976883
11;19;78;8;16;16;15;3.60;2;1;1;59;0;2977615;2195;0
11;19;78;8;16;16;77;3.20;3;2;1;55;0;2977677;180;2976690
11;19;78;8;16;17;12;3.20;4;2;1;56;0;2977712;144;2976883
11;19;78;8;16;18;46;3.60;2;1;1;55;0;2977846;209;0
11;19;78;8;16;19;49;3.60;4;2;1;55;0;2977949;216;0
11;19;78;8;16;19;64;3.80;2;1;1;53;0;2977964;94;0
11;19;78;8;16;24;79;12.80;1;1;3;57;0;2978479;1427;0
11;19;78;8;16;33;80;3.20;4;2;1;70;0;2979380;1407;0
11;19;78;8;16;36;85;3.20;4;2;1;64;0;2979685;288;0
11;19;78;8;16;39;69;3.80;4;2;1;57;0;2979969;266;0
11;19;78;8;16;41;45;3.40;4;2;1;56;0;2980145;152;0
11;19;78;8;16;43;81;3.40;4;2;1;57;0;2980381;214;0
11;19;78;8;16;46;13;4.00;4;2;1;59;0;2980613;210;0
11;19;78;8;16;48;17;3.60;3;2;1;59;0;2980817;3119;0
11;19;78;8;16;59;27;11.60;1;1;3;52;0;2981927;3367;0
11;19;78;8;17;0;37;3.80;3;2;1;59;0;2982037;1198;0
11;19;78;8;17;1;0;3.80;4;2;1;58;0;2982100;1462;0
11;19;78;8;17;1;47;3.20;3;2;1;59;0;2982147;86;0
11;19;78;8;17;1;63;3.60;1;1;1;52;0;2982163;155;0
11;19;78;8;17;4;21;3.40;3;2;1;61;0;2982421;254;0
11;19;78;8;17;8;6;3.60;2;1;1;61;0;2982806;4816;0
11;19;78;8;17;8;58;3.60;1;1;1;57;0;2982858;670;0
11;19;78;8;17;9;68;3.60;2;1;1;61;0;2982968;140;0
11;19;78;8;17;9;89;3.40;1;1;1;57;0;2982989;108;0
11;19;78;8;17;10;28;3.60;4;2;1;52;0;2983028;904;0
11;19;78;8;17;10;51;3.80;3;2;1;53;0;2983051;609;0
11;19;78;8;17;11;16;4.00;1;1;1;56;0;2983116;105;0
11;19;78;8;17;11;25;3.20;2;1;1;57;0;2983125;135;0
11;19;78;8;17;12;25;21.20;1;1;5;55;0;2983225;83;0
11;19;78;8;17;15;22;4.80;1;1;1;46;0;2983522;158;2982858
11;19;78;8;17;17;57;3.60;2;1;1;57;0;2983757;611;0
11;19;78;8;17;17;60;3.00;1;1;1;47;0;2983760;200;0
11;19;78;8;17;19;22;4.60;1;1;1;50;0;2983922;139;0
11;19;78;8;17;19;79;3.20;2;1;1;53;0;2983979;199;0
11;19;78;8;17;20;75;3.60;1;1;1;50;0;2984075;119;0
11;19;78;8;17;21;4;3.60;4;2;1;58;0;2984104;1051;0
11;19;78;8;17;20;98;4.20;2;1;1;51;0;2984098;97;0
11;19;78;8;17;22;20;3.60;1;1;1;50;0;2984220;119;0
11;19;78;8;17;22;59;8.80;2;1;2;50;0;2984259;131;0
11;19;78;8;17;24;2;3.40;2;1;1;49;0;2984402;79;2983757
11;19;78;8;17;23;90;7.60;4;2;2;59;0;2984390;263;0
11;19;78;8;17;23;84;12.40;1;1;3;49;0;2984384;138;2983760
11;19;78;8;17;24;81;3.80;3;2;1;70;0;2984481;1404;0
11;19;78;8;17;25;58;3.60;4;2;1;57;0;2984558;121;0
11;19;78;8;17;26;17;3.00;1;1;1;49;0;2984617;141;2983760
11;19;78;8;17;26;97;4.40;3;2;1;62;0;2984697;196;2983760
11;19;78;8;17;28;1;3.20;1;1;1;50;0;2984801;161;2983760
11;19;78;8;17;28;22;3.40;4;2;1;68;0;2984822;241;0
11;19;78;8;17;27;79;13.80;2;1;4;50;0;2984779;352;0
11;19;78;8;17;29;12;3.80;3;2;1;64;0;2984912;189;0
11;19;78;8;17;29;15;4.80;1;1;1;50;0;2984915;90;2983760
11;19;78;8;17;30;24;4.60;1;1;1;45;0;2985024;74;2983760
11;19;78;8;17;30;21;3.20;2;1;0;44;1;2985021;142;2983760
11;19;78;8;17;31;94;3.20;1;1;1;43;0;2985194;133;2983760
11;19;78;8;17;32;80;4.00;4;2;1;61;0;2985280;440;0
11;19;78;8;17;32;84;3.60;2;1;1;49;0;2985284;405;0
11;19;78;8;17;34;27;5.80;2;1;1;46;0;2985427;116;0
11;19;78;8;17;34;53;3.80;1;1;1;49;0;2985453;232;0
11;19;78;8;17;36;2;3.60;2;1;1;48;0;2985602;129;0
11;19;78;8;17;36;16;3.40;3;2;1;60;0;2985616;682;0
11;19;78;8;17;36;9;3.60;1;1;1;49;0;2985609;128;0
11;19;78;8;17;38;22;3.80;2;1;1;50;0;2985822;193;0
11;19;78;8;17;38;39;4.60;3;2;1;64;0;2985839;202;0
11;19;78;8;17;38;50;4.60;4;2;1;64;0;2985850;546;0
11;19;78;8;17;38;54;3.60;1;1;1;47;0;2985854;218;0
11;19;78;8;17;39;30;4.40;2;1;1;50;0;2985930;80;2985284
11;19;78;8;17;40;36;4.20;3;2;1;63;0;2986036;171;2985284
11;19;78;8;17;40;76;3.40;1;1;1;52;0;2986076;194;2985284
11;19;78;8;17;41;52;3.60;2;1;1;45;0;2986152;190;2985284
11;19;78;8;17;42;43;3.60;4;2;1;56;0;2986243;367;0
11;19;78;8;17;43;25;3.40;2;1;1;44;0;2986325;144;2985284
11;19;78;8;17;43;12;14.40;1;1;4;48;0;2986312;212;0
11;19;78;8;17;44;5;3.60;3;2;1;71;0;2986405;345;0
11;19;78;8;17;44;5;3.00;4;2;1;53;0;2986405;138;0
11;19;78;8;17;44;68;5.00;2;1;1;44;0;2986468;115;2985284
11;19;78;8;17;45;62;3.80;1;1;1;49;0;2986562;142;2985284
11;19;78;8;17;45;93;3.40;3;2;1;62;0;2986593;169;2985284
11;19;78;8;17;46;47;3.60;4;2;1;54;0;2986647;221;0
11;19;78;8;17;46;51;3.60;1;1;1;48;0;2986651;61;0
11;19;78;8;17;46;92;2.40;2;1;1;44;0;2986692;183;2985284
11;19;78;8;17;47;59;3.60;3;2;1;59;0;2986759;146;2985284
11;19;78;8;17;47;79;3.80;1;1;1;45;0;2986779;101;2985284
11;19;78;8;17;48;29;4.80;4;2;1;52;0;2986829;158;2985284
11;19;78;8;17;48;87;3.20;3;2;1;57;0;2986887;106;2985284
11;19;78;8;17;48;86;3.80;1;1;1;44;0;2986886;76;2986312
11;19;78;8;17;49;24;3.00;2;1;1;48;0;2986924;212;0
11;19;78;8;17;50;3;3.20;1;1;1;45;0;2987003;85;2986312
11;19;78;8;17;49;75;9.20;4;2;2;53;0;2986975;112;2986312
11;19;78;8;17;51;3;3.60;1;1;1;44;0;2987103;74;2986312
11;19;78;8;17;51;47;4.00;3;2;1;61;0;2987147;239;0
11;19;78;8;17;51;56;3.80;4;2;1;53;0;2987156;118;0
11;19;78;8;17;52;43;3.40;3;2;1;58;0;2987243;72;0
11;19;78;8;17;53;7;4.60;1;1;1;45;0;2987307;174;2986312
11;19;78;8;17;53;50;3.80;2;1;1;50;0;2987350;403;0
11;19;78;8;17;53;92;3.20;3;2;1;54;0;2987392;127;0
11;19;78;8;17;54;80;4.00;1;1;1;42;0;2987480;136;2986312
11;19;78;8;17;55;22;3.20;4;2;1;53;0;2987522;340;0
11;19;78;8;17;55;49;3.20;3;2;1;52;0;2987549;135;0
11;19;78;8;17;55;98;3.40;1;1;1;40;0;2987598;83;2986312
11;19;78;8;17;56;39;3.40;4;2;1;52;0;2987639;95;2986312
11;19;78;8;17;57;4;3.60;2;1;1;60;0;2987704;326;0
11;19;78;8;17;57;68;3.80;3;2;1;52;0;2987768;196;2987147
11;19;78;8;17;58;15;3.00;4;2;1;54;0;2987815;152;2987147
11;19;78;8;17;58;55;3.60;1;1;1;44;0;2987855;226;0
11;19;78;8;17;59;0;4.40;4;2;1;55;0;2987900;65;0
11;19;78;8;17;59;67;3.80;3;2;1;52;0;2987967;172;2987147
11;19;78;8;18;0;37;5.40;4;2;1;54;0;2988037;108;2987522
11;19;78;8;18;0;69;3.60;1;1;1;43;0;2988069;184;2987522
11;19;78;8;18;2;60;3.60;4;2;1;55;0;2988260;187;2987522
11;19;78;8;18;2;63;3.40;1;1;1;43;0;2988263;163;2987522
11;19;78;8;18;2;87;3.40;2;1;1;52;0;2988287;561;0
11;19;78;8;18;3;89;3.20;1;1;1;42;0;2988389;97;0
11;19;78;8;18;4;80;5.00;2;1;1;51;0;2988480;169;0
11;19;78;8;18;5;19;3.80;1;1;1;39;0;2988519;102;2987855
11;19;78;8;18;6;46;3.40;1;1;1;37;0;2988646;91;2987855
11;19;78;8;18;8;4;3.80;1;1;1;37;0;2988804;124;2987855
11;19;78;8;18;10;34;3.40;1;1;1;36;0;2989034;193;2987855
11;19;78;8;18;11;38;3.20;2;1;1;55;0;2989138;622;0
11;19;78;8;18;11;78;3.60;1;1;1;37;0;2989178;110;2987855
11;19;78;8;18;13;37;3.40;2;1;1;59;0;2989337;178;2987855
11;19;78;8;18;13;6;4.20;1;1;1;36;0;2989306;92;2987855
11;19;78;8;18;14;29;7.00;2;1;1;55;0;2989429;71;2987855
11;19;78;8;18;14;82;4.20;1;1;1;35;0;2989482;134;2987855
11;19;78;8;18;16;1;4.00;3;2;1;63;0;2989601;1607;0
11;19;78;8;18;17;67;3.60;3;2;1;59;0;2989767;143;0
11;19;78;8;18;17;55;3.40;1;1;1;38;0;2989755;229;0
11;19;78;8;18;18;39;3.40;2;1;1;57;0;2989839;364;0
11;19;78;8;18;19;4;3.60;3;2;1;63;0;2989904;115;0
11;19;78;8;18;19;39;3.60;1;1;1;38;0;2989939;151;0
11;19;78;8;18;19;88;14.40;4;2;4;57;0;2989988;1704;0
11;19;78;8;18;21;28;2.80;3;2;1;63;0;2990128;203;0
11;19;78;8;18;24;5;3.20;3;2;1;62;0;2990405;261;0
11;19;78;8;18;23;94;3.20;1;1;1;41;0;2990394;420;0
11;19;78;8;18;25;16;4.00;1;1;1;41;0;2990516;93;0
11;19;78;8;18;30;31;3.80;4;2;1;64;0;2991031;952;0
11;19;78;8;18;34;83;3.80;4;2;1;62;0;2991483;430;0
11;19;78;8;18;39;80;3.00;4;2;1;57;0;2991980;474;0
11;19;78;8;18;40;10;3.20;3;2;1;63;0;2992010;1586;0
11;19;78;8;18;43;36;3.00;4;2;1;54;0;2992336;337;0
11;19;78;8;18;44;98;3.00;4;2;1;64;0;2992498;142;0
11;19;78;8;18;48;16;4.60;1;1;1;58;0;2992816;2264;0
11;19;78;8;18;50;73;4.00;4;2;1;51;0;2993073;558;0
11;19;78;8;18;55;23;3.60;4;2;1;63;0;2993523;421;0
11;19;78;8;19;1;0;3.40;2;1;1;50;0;2994100;4239;0
11;19;78;8;19;2;79;4.40;1;1;1;57;0;2994279;1434;0
11;19;78;8;19;2;95;3.40;2;1;1;54;0;2994295;170;0
11;19;78;8;19;4;18;3.40;1;1;1;55;0;2994418;111;0
11;19;78;8;19;4;90;3.80;2;1;1;59;0;2994490;172;0
11;19;78;8;19;5;82;4.20;1;1;1;54;0;2994582;141;0
11;19;78;8;19;8;13;3.80;4;2;1;59;0;2994813;1269;0
11;19;78;8;19;8;4;9.40;1;1;6;55;0;2994804;194;0
11;19;78;8;19;9;8;3.40;2;1;1;55;0;2994908;394;0
11;19;78;8;19;9;5;7.80;3;2;2;58;0;2994905;2876;0
11;19;78;8;19;9;48;3.80;4;2;1;61;0;2994948;111;0
11;19;78;8;19;10;74;4.20;2;1;1;52;0;2995074;143;0
11;19;78;8;19;11;55;3.20;3;2;1;59;0;2995155;201;0
11;19;78;8;19;11;94;3.80;4;2;1;56;0;2995194;223;0
11;19;78;8;19;12;36;4.00;2;1;1;51;0;2995236;132;0
11;19;78;8;19;13;11;3.20;1;1;1;53;0;2995311;445;0
11;19;78;8;19;13;27;4.60;3;2;1;59;0;2995327;152;0
11;19;78;8;19;13;86;3.80;2;1;1;52;0;2995386;121;0
11;19;78;8;19;13;92;4.60;1;1;1;54;0;2995392;59;0
11;19;78;8;19;14;87;3.80;3;2;1;61;0;2995487;131;0
11;19;78;8;19;15;35;3.80;1;1;1;51;0;2995535;112;0
11;19;78;8;19;15;78;3.60;4;2;1;57;0;2995578;359;0
11;19;78;8;19;16;82;3.60;2;1;1;53;0;2995682;269;0
11;19;78;8;19;17;15;3.60;1;1;1;50;0;2995715;153;0
11;19;78;8;19;17;55;4.00;4;2;1;56;0;2995755;154;0
11;19;78;8;19;18;9;3.40;3;2;1;61;0;2995809;299;0
11;19;78;8;19;18;27;4.20;2;1;1;53;0;2995827;120;0
11;19;78;8;19;19;87;4.40;1;1;1;57;0;2995987;246;0
11;19;78;8;19;20;10;3.40;4;2;1;57;0;2996010;229;0
11;19;78;8;19;21;65;3.60;3;2;1;60;0;2996165;335;0
11;19;78;8;19;22;27;3.60;1;1;1;55;0;2996227;212;0
11;19;78;8;19;22;19;4.60;2;1;1;55;0;2996219;363;0
11;19;78;8;19;23;77;3.20;3;2;1;60;0;2996377;190;0
11;19;78;8;19;23;84;4.00;4;2;1;56;0;2996384;352;0
11;19;78;8;19;23;97;3.60;1;1;1;57;0;2996397;146;0
11;19;78;8;19;25;11;4.60;2;1;1;55;0;2996511;261;0
11;19;78;8;19;25;26;3.60;3;2;1;59;0;2996526;129;0
11;19;78;8;19;26;32;3.80;1;1;1;57;0;2996632;212;0
11;19;78;8;19;26;55;3.80;3;2;1;57;0;2996655;107;0
11;19;78;8;19;26;47;12.00;2;1;2;57;0;2996647;105;0
11;19;78;8;19;27;72;3.40;1;1;1;56;0;2996772;116;0
11;19;78;8;19;28;44;3.00;4;2;1;60;0;2996844;434;0
11;19;78;8;19;29;74;4.40;4;2;1;59;0;2996974;112;0
11;19;78;8;19;29;97;4.80;1;1;1;54;0;2996997;203;0
11;19;78;8;19;30;36;3.60;3;2;1;52;0;2997036;357;0
11;19;78;8;19;30;48;3.80;2;1;1;58;0;2997048;325;0
11;19;78;8;19;31;59;3.60;1;1;1;54;0;2997159;130;0
11;19;78;8;19;32;5;4.40;3;2;1;51;0;2997205;144;0
11;19;78;8;19;32;37;2.80;2;1;1;58;0;2997237;165;0
11;19;78;8;19;33;24;3.80;3;2;1;53;0;2997324;87;0
11;19;78;8;19;33;59;3.20;1;1;1;55;0;2997359;176;0
11;19;78;8;19;33;30;16.20;4;2;4;59;0;2997330;329;0
11;19;78;8;19;34;7;3.60;3;2;1;51;0;2997407;57;0
11;19;78;8;19;35;46;5.20;1;1;1;54;0;2997546;166;0
11;19;78;8;19;34;93;12.80;3;2;7;50;0;2997493;60;2997036
11;19;78;8;19;36;66;3.60;4;2;1;55;0;2997666;237;0
11;19;78;8;19;37;36;3.60;3;2;1;52;0;2997736;150;2997036
11;19;78;8;19;37;64;8.00;1;1;2;53;0;2997764;183;2996997
11;19;78;8;19;38;72;3.20;4;2;1;54;0;2997872;182;2996997
11;19;78;8;19;39;47;3.20;1;1;1;53;0;2997947;128;2996997
11;19;78;8;19;40;25;3.80;4;2;1;57;0;2998025;131;2996997
11;19;78;8;19;40;39;3.20;3;2;1;52;0;2998039;278;0
11;19;78;8;19;41;78;3.40;3;2;1;53;0;2998178;116;0
11;19;78;8;19;42;2;6.40;1;1;1;52;0;2998202;233;0
11;19;78;8;19;42;85;4.00;3;2;1;55;0;2998285;83;0
11;19;78;8;19;43;26;3.60;1;1;1;52;0;2998326;79;0
11;19;78;8;19;44;8;3.20;3;2;1;55;0;2998408;96;0
11;19;78;8;19;44;71;3.80;4;2;1;53;0;2998471;422;0
11;19;78;8;19;44;71;3.40;2;1;1;58;0;2998471;1216;0
11;19;78;8;19;44;88;3.40;1;1;1;49;0;2998488;137;0
11;19;78;8;19;46;39;3.80;2;1;1;59;0;2998639;146;0
11;19;78;8;19;46;66;4.60;4;2;1;52;0;2998666;169;0
11;19;78;8;19;47;54;3.20;1;1;1;51;0;2998754;241;0
11;19;78;8;19;48;38;3.60;4;2;1;53;0;2998838;140;0
11;19;78;8;19;49;52;3.60;1;1;1;52;0;2998952;175;0
11;19;78;8;19;50;43;3.60;2;1;1;54;0;2999043;380;0
11;19;78;8;19;50;66;3.60;4;2;1;50;0;2999066;203;0
11;19;78;8;19;51;28;3.80;1;1;1;53;0;2999128;151;0
11;19;78;8;19;51;48;3.00;2;1;1;54;0;2999148;81;0
11;19;78;8;19;52;95;3.80;2;1;1;54;0;2999295;127;0
11;19;78;8;19;53;47;3.80;3;2;1;71;0;2999347;918;0
11;19;78;8;19;53;50;4.00;1;1;1;56;0;2999350;196;0
11;19;78;8;19;53;99;3.60;2;1;1;55;0;2999399;78;0
11;19;78;8;19;55;60;3.60;2;1;1;55;0;2999560;137;2999043
11;19;78;8;19;55;72;3.60;4;2;1;60;0;2999572;480;0
11;19;78;8;19;56;16;3.60;3;2;1;62;0;2999616;249;0
11;19;78;8;19;56;95;4.00;2;1;1;56;0;2999695;111;2999043
11;19;78;8;19;57;22;3.60;1;1;1;53;0;2999722;346;0
11;19;78;8;19;58;7;3.60;1;1;1;53;0;2999807;60;0
11;19;78;8;19;58;30;3.20;4;2;1;57;0;2999830;236;0
11;19;78;8;19;59;61;3.80;1;1;1;49;0;2999961;129;0
11;19;78;8;20;0;52;3.60;4;2;1;60;0;3000052;201;0
11;19;78;8;20;0;93;3.60;1;1;1;49;0;3000093;104;0
11;19;78;8;20;2;74;3.80;4;2;1;63;0;3000274;200;0
11;19;78;8;20;2;61;4.60;1;1;1;46;0;3000261;141;2999722
11;19;78;8;20;3;94;3.40;2;1;1;52;0;3000394;673;0
11;19;78;8;20;3;88;3.40;1;1;1;47;0;3000388;91;2999722
11;19;78;8;20;4;58;3.80;3;2;1;60;0;3000458;821;0
11;19;78;8;20;5;79;3.80;2;1;1;50;0;3000579;161;0
11;19;78;8;20;6;3;3.80;3;2;1;60;0;3000603;122;0
11;19;78;8;20;10;50;3.60;1;1;1;59;0;3001050;635;0
11;19;78;8;20;11;30;4.00;1;1;1;59;0;3001130;58;0
11;19;78;8;20;14;20;3.80;1;1;1;58;0;3001420;265;0
11;19;78;8;20;15;44;3.80;1;1;1;58;0;3001544;100;0
11;19;78;8;20;16;85;4.20;1;1;1;58;0;3001685;117;0
11;19;78;8;20;18;4;3.80;1;1;1;56;0;3001804;92;0
11;19;78;8;20;18;56;3.40;4;2;1;69;0;3001856;1560;0
11;19;78;8;20;18;72;3.40;3;2;1;64;0;3001872;1246;0
11;19;78;8;20;20;95;3.80;4;2;1;61;0;3002095;221;0
11;19;78;8;20;22;22;3.20;4;2;1;64;0;3002222;104;0
11;19;78;8;20;25;1;3.60;4;2;1;61;0;3002501;261;0
11;19;78;8;20;25;38;4.00;3;2;1;57;0;3002538;646;0
11;19;78;8;20;26;33;5.80;3;2;1;58;0;3002633;69;0
11;19;78;8;20;27;13;3.40;4;2;1;57;0;3002713;190;0
11;19;78;8;20;27;56;3.60;3;2;1;59;0;3002756;87;0
11;19;78;8;20;28;1;5.20;4;2;1;56;0;3002801;66;0
11;19;78;8;20;36;64;3.20;4;2;1;60;0;3003664;829;0
11;19;78;8;20;43;9;3.80;4;2;1;65;0;3004309;625;0
11;19;78;8;20;43;44;3.00;2;1;1;50;0;3004344;3737;0
11;19;78;8;20;44;95;3.20;1;1;1;60;0;3004495;2666;0
11;19;78;8;20;47;69;3.80;1;1;1;58;0;3004769;254;0
11;19;78;8;20;49;56;4.00;4;2;1;57;0;3004956;625;0
11;19;78;8;20;51;23;3.40;4;2;1;58;0;3005123;141;0
11;19;78;8;20;51;55;3.80;3;2;1;57;0;3005155;2377;0
11;19;78;8;20;53;47;3.40;4;2;1;59;0;3005347;202;0
11;19;78;8;20;55;5;3.60;3;2;1;63;0;3005505;326;0
11;19;78;8;20;55;13;3.00;4;2;1;58;0;3005513;145;0
11;19;78;8;20;56;78;3.80;3;2;1;62;0;3005678;152;0
11;19;78;8;20;57;27;3.60;4;2;1;57;0;3005727;195;0
11;19;78;8;20;58;56;3.60;4;2;1;57;0;3005856;106;0
11;19;78;8;20;59;82;4.00;3;2;1;59;0;3005982;281;0
11;19;78;8;21;0;6;3.40;4;2;1;59;0;3006006;127;3005347
11;19;78;8;21;1;77;3.40;3;2;1;59;0;3006177;170;3005347
11;19;78;8;21;2;40;3.40;4;2;1;58;0;3006240;213;0
11;19;78;8;21;3;90;3.80;4;2;1;55;0;3006390;128;0
11;19;78;8;21;4;87;3.80;3;2;1;57;0;3006487;289;0
11;19;78;8;21;5;47;3.00;4;2;1;55;0;3006547;132;0
11;19;78;8;21;6;37;3.60;3;2;1;55;0;3006637;126;0
11;19;78;8;21;7;42;3.20;4;2;1;56;0;3006742;175;0
11;19;78;8;21;7;70;4.00;3;2;1;53;0;3006770;109;0
11;19;78;8;21;8;98;3.00;3;2;1;53;0;3006898;100;0
11;19;78;8;21;9;7;3.80;4;2;1;56;0;3006907;144;3006240
11;19;78;8;21;10;20;3.60;4;2;1;56;0;3007020;88;3006240
11;19;78;8;21;10;77;3.60;3;2;1;56;0;3007077;158;3006487
11;19;78;8;21;11;98;4.00;3;2;1;54;0;3007198;97;3006487
11;19;78;8;21;12;59;3.40;1;1;1;55;0;3007259;2466;0
11;19;78;8;21;13;57;3.80;3;2;1;50;0;3007357;132;3006487
11;19;78;8;21;15;30;3.80;3;2;1;50;0;3007530;145;3006487
11;19;78;8;21;16;33;5.60;3;2;1;52;0;3007633;75;3006487
11;19;78;8;21;18;70;3.20;3;2;1;50;0;3007870;198;3006487
11;19;78;8;21;20;63;3.00;3;2;1;53;0;3008063;169;3006487
11;19;78;8;21;21;22;2.80;4;2;1;58;0;3008122;1078;0
11;19;78;8;21;21;25;3.40;2;1;1;51;0;3008125;3759;0
11;19;78;8;21;21;63;3.80;3;2;1;52;0;3008163;79;3006487
11;19;78;8;21;21;76;3.80;1;1;1;55;0;3008176;894;0
11;19;78;8;21;22;83;3.20;2;1;1;56;0;3008283;134;0
11;19;78;8;21;25;48;3.40;1;1;1;56;0;3008548;347;0
11;19;78;8;21;26;98;3.40;1;1;1;53;0;3008698;128;0
11;19;78;8;21;27;34;3.60;2;1;1;49;0;3008734;430;0
11;19;78;8;21;28;3;5.40;1;1;1;53;0;3008803;81;0
11;19;78;8;21;28;45;3.60;2;1;1;48;0;3008845;84;0
11;19;78;8;21;29;22;4.40;1;1;1;53;0;3008922;82;0
11;19;78;8;21;30;27;4.40;2;1;1;51;0;3009027;155;0
11;19;78;8;21;30;71;3.60;1;1;1;53;0;3009071;119;3008548
11;19;78;8;21;31;63;3.80;2;1;1;51;0;3009163;104;3008548
11;19;78;8;21;32;15;5.00;1;1;1;50;0;3009215;119;3008548
11;19;78;8;21;33;53;4.60;2;1;1;53;0;3009353;163;3008734
11;19;78;8;21;36;16;3.40;2;1;1;52;0;3009616;231;0
11;19;78;8;21;36;87;17.40;1;1;4;54;0;3009687;436;0
11;19;78;8;21;37;76;3.40;2;1;1;51;0;3009776;136;0
11;19;78;8;21;39;31;3.80;1;1;1;50;0;3009931;128;0
11;19;78;8;21;39;29;3.80;2;1;1;48;0;3009929;129;0
11;19;78;8;21;40;66;3.00;2;1;1;49;0;3010066;108;0
11;19;78;8;21;41;45;3.40;1;1;1;51;0;3010145;186;0
11;19;78;8;21;42;0;3.60;2;1;1;52;0;3010200;111;3009616
11;19;78;8;21;43;92;3.40;1;1;1;49;0;3010392;223;0
11;19;78;8;21;44;53;3.80;2;1;1;55;0;3010453;228;0
11;19;78;8;21;45;11;3.60;1;1;1;52;0;3010511;94;0
11;19;78;8;21;46;16;3.60;2;1;1;56;0;3010616;138;0
11;19;78;8;21;48;30;4.60;1;1;1;45;0;3010830;294;0
11;19;78;8;21;48;91;3.60;2;1;1;55;0;3010891;251;0
11;19;78;8;21;49;69;4.20;1;1;1;47;0;3010969;102;0
11;19;78;8;21;50;75;3.00;2;1;1;50;0;3011075;160;0
11;19;78;8;21;51;25;4.80;4;2;1;70;0;3011125;2985;0
11;19;78;8;21;51;53;3.40;1;1;1;47;0;3011153;151;0
11;19;78;8;21;52;56;3.80;2;1;1;48;0;3011256;159;0
11;19;78;8;21;53;60;3.60;1;1;1;48;0;3011360;180;0
11;19;78;8;21;54;69;3.60;2;1;1;48;0;3011469;184;0
11;19;78;8;21;55;50;3.20;1;1;1;45;0;3011550;163;3010830
11;19;78;8;21;56;41;3.60;2;1;1;51;0;3011641;145;3010891
11;19;78;8;21;57;0;3.60;1;1;1;43;0;3011700;124;3010830
11;19;78;8;21;58;29;4.20;2;1;1;50;0;3011829;162;3010891
11;19;78;8;21;58;61;3.80;1;1;1;43;0;3011861;130;3010830
11;19;78;8;21;59;58;3.60;1;1;1;40;0;3011958;65;3010830
11;19;78;8;22;2;23;3.60;1;1;1;38;0;3012223;232;0
11;19;78;8;22;2;45;3.60;2;1;1;55;0;3012245;385;0
11;19;78;8;22;3;8;9.80;1;1;2;38;0;3012308;50;0
11;19;78;8;22;4;13;13.60;2;1;4;48;0;3012413;144;0
11;19;78;8;22;6;26;4.00;2;1;1;48;0;3012626;111;0
11;19;78;8;22;9;67;3.40;1;1;1;44;0;3012967;566;0
11;19;78;8;22;10;96;3.60;1;1;1;45;0;3013096;101;0
11;19;78;8;22;11;70;3.20;2;1;1;54;0;3013170;514;0
11;19;78;8;22;13;21;3.60;2;1;1;51;0;3013321;129;0
11;19;78;8;22;13;53;3.80;1;1;1;45;0;3013353;228;0
11;19;78;8;22;14;84;3.80;2;1;1;47;0;3013484;137;0
11;19;78;8;22;15;17;3.60;3;2;1;64;0;3013517;5327;0
11;19;78;8;22;15;33;4.00;1;1;1;47;0;3013533;149;0
11;19;78;8;22;16;93;3.20;1;1;1;47;0;3013693;129;0
11;19;78;8;22;17;68;3.20;2;1;1;50;0;3013768;254;0
11;19;78;8;22;18;68;3.80;1;1;1;53;0;3013868;150;0
11;19;78;8;22;18;87;3.60;4;2;1;54;0;3013887;2737;0
11;19;78;8;22;19;16;4.60;2;1;1;53;0;3013916;124;0
11;19;78;8;22;20;79;3.20;4;2;1;56;0;3014079;168;0
11;19;78;8;22;22;29;3.20;2;1;1;55;0;3014229;281;0
11;19;78;8;22;23;46;7.40;2;1;2;56;0;3014346;96;0
11;19;78;8;22;23;77;3.80;1;1;1;51;0;3014377;483;0
11;19;78;8;22;24;13;4.20;3;2;1;64;0;3014413;875;0
11;19;78;8;22;25;66;3.20;1;1;1;51;0;3014566;162;0
11;19;78;8;22;26;38;3.60;4;2;1;59;0;3014638;538;0
11;19;78;8;22;26;90;4.00;1;1;1;52;0;3014690;101;0
11;19;78;8;22;27;67;3.60;3;2;1;69;0;3014767;330;0
11;19;78;8;22;28;58;5.60;2;1;1;58;0;3014858;464;0
11;19;78;8;22;30;9;4.00;2;1;1;56;0;3015009;116;0
11;19;78;8;22;30;58;6.40;1;1;1;52;0;3015058;340;0
11;19;78;8;22;31;4;3.40;4;2;1;59;0;3015104;444;0
11;19;78;8;22;31;52;4.60;2;1;1;56;0;3015152;117;0
11;19;78;8;22;32;90;3.60;1;1;1;56;0;3015290;187;0
11;19;78;8;22;34;34;3.40;1;1;1;54;0;3015434;120;0
11;19;78;8;22;34;99;4.40;3;2;1;65;0;3015499;713;0
11;19;78;8;22;35;20;11.40;4;2;3;61;0;3015520;395;0
11;19;78;8;22;35;64;4.60;1;1;1;53;0;3015564;107;0
11;19;78;8;22;35;87;3.80;2;1;1;58;0;3015587;405;0
11;19;78;8;22;36;92;3.40;3;2;1;61;0;3015692;168;0
11;19;78;8;22;37;58;3.60;1;1;1;52;0;3015758;162;3015058
11;19;78;8;22;38;12;3.60;3;2;1;61;0;3015812;99;3015058
11;19;78;8;22;39;74;4.40;3;2;1;64;0;3015974;140;3015058
11;19;78;8;22;42;22;3.40;3;2;1;61;0;3016222;223;0
11;19;78;8;22;42;12;3.40;1;1;1;61;0;3016212;429;0
11;19;78;8;22;44;15;3.80;3;2;1;60;0;3016415;172;0
11;19;78;8;22;45;38;3.20;3;2;1;61;0;3016538;100;0
11;19;78;8;22;45;11;10.80;4;2;2;58;0;3016511;923;0
11;19;78;8;22;46;87;3.60;3;2;1;62;0;3016687;130;0
11;19;78;8;22;47;89;3.60;4;2;1;59;0;3016789;210;0
11;19;78;8;22;50;6;4.00;4;2;1;57;0;3017006;195;0
11;19;78;8;22;50;29;3.80;3;2;1;61;0;3017029;321;0
11;19;78;8;22;52;19;3.40;3;2;1;59;0;3017219;167;0
11;19;78;8;22;52;63;4.40;4;2;1;54;0;3017263;231;0
11;19;78;8;22;55;5;3.80;3;2;1;62;0;3017505;265;0
11;19;78;8;22;55;73;3.00;4;2;1;52;0;3017573;280;0
11;19;78;8;22;56;70;3.00;3;2;1;60;0;3017670;142;0
11;19;78;8;22;57;54;3.20;4;2;1;52;0;3017754;160;0
11;19;78;8;22;57;90;3.20;3;2;1;59;0;3017790;102;0
11;19;78;8;22;59;73;3.40;3;2;1;57;0;3017973;163;0
11;19;78;8;23;2;12;3.60;2;1;1;56;0;3018212;2601;0
11;19;78;8;23;5;56;3.20;3;2;1;58;0;3018556;561;0
11;19;78;8;23;5;79;12.60;4;2;3;48;0;3018579;802;0
11;19;78;8;23;14;53;3.60;3;2;1;59;0;3019453;877;0
11;19;78;8;23;15;66;2.80;4;2;1;58;0;3019566;892;0
11;19;78;8;23;17;32;3.20;4;2;1;59;0;3019732;148;0
11;19;78;8;23;18;78;3.80;4;2;1;60;0;3019878;126;0
11;19;78;8;23;19;83;6.20;1;1;2;56;0;3019983;3750;0
11;19;78;8;23;21;71;3.60;2;1;1;54;0;3020171;1935;0
11;19;78;8;23;22;24;3.20;3;2;1;56;0;3020224;749;0
11;19;78;8;23;24;85;3.40;4;2;1;61;0;3020485;584;0
11;19;78;8;23;31;71;3.80;1;1;1;60;0;3021171;1148;0
11;19;78;8;23;31;99;3.80;4;2;1;68;0;3021199;693;0
11;19;78;8;23;33;81;3.80;1;1;1;56;0;3021381;187;0
11;19;78;8;23;35;18;3.60;1;1;1;54;0;3021518;112;0
11;19;78;8;23;35;99;3.20;4;2;1;62;0;3021599;379;0
11;19;78;8;23;36;49;3.80;2;1;1;56;0;3021649;1454;0
11;19;78;8;23;37;21;4.00;1;1;1;53;0;3021721;179;0
11;19;78;8;23;37;34;3.20;3;2;1;60;0;3021734;1489;0
11;19;78;8;23;39;4;3.20;1;1;1;54;0;3021904;155;3021171
11;19;78;8;23;39;37;3.20;2;1;1;57;0;3021937;263;0
11;19;78;8;23;40;46;3.60;1;1;1;52;0;3022046;120;3021171
11;19;78;8;23;41;99;4.00;1;1;1;50;0;3022199;128;3021171
11;19;78;8;23;42;25;3.60;2;1;1;55;0;3022225;267;0
11;19;78;8;23;42;48;3.60;4;2;1;56;0;3022248;630;0
11;19;78;8;23;43;4;4.40;1;1;1;49;0;3022304;76;3021171
11;19;78;8;23;43;52;3.80;3;2;1;58;0;3022352;598;0
11;19;78;8;23;43;90;3.80;2;1;1;53;0;3022390;141;0
11;19;78;8;23;44;71;4.00;1;1;1;50;0;3022471;134;3021171
11;19;78;8;23;44;86;3.80;3;2;1;59;0;3022486;110;3021171
11;19;78;8;23;44;97;3.80;4;2;1;59;0;3022497;225;0
11;19;78;8;23;45;49;3.60;1;1;1;49;0;3022549;49;3021171
11;19;78;8;23;45;70;3.20;2;1;1;59;0;3022570;154;3021171
11;19;78;8;23;47;32;3.20;3;2;1;61;0;3022732;222;0
11;19;78;8;23;48;4;3.60;2;1;1;58;0;3022804;214;0
11;19;78;8;23;48;36;3.60;1;1;1;52;0;3022836;260;0
11;19;78;8;23;48;67;3.60;4;2;1;57;0;3022867;346;0
11;19;78;8;23;49;51;3.00;1;1;1;53;0;3022951;90;0
11;19;78;8;23;50;55;3.40;1;1;1;51;0;3023055;83;0
11;19;78;8;23;51;23;3.40;2;1;1;59;0;3023123;296;0
11;19;78;8;23;52;26;4.00;2;1;1;57;0;3023226;82;0
11;19;78;8;23;54;6;4.60;2;1;1;62;0;3023406;154;0
11;19;78;8;23;55;89;11.40;1;1;3;54;0;3023589;510;0
11;19;78;8;23;56;71;12.00;2;1;2;58;0;3023671;238;0
11;19;78;8;23;57;67;3.80;1;1;1;53;0;3023767;102;0
11;19;78;8;23;58;49;3.80;2;1;1;55;0;3023849;103;0
11;19;78;8;23;59;32;3.80;1;1;1;51;0;3023932;139;0
11;19;78;8;24;0;1;3.60;2;1;1;52;0;3024001;127;0
11;19;78;8;24;0;76;3.80;1;1;1;49;0;3024076;117;0
11;19;78;8;24;1;15;3.60;2;1;1;56;0;3024115;89;0
11;19;78;8;24;1;80;4.00;3;2;1;60;0;3024180;1429;0
11;19;78;8;24;1;88;3.60;1;1;1;49;0;3024188;84;3023589
11;19;78;8;24;3;24;3.80;4;2;1;65;0;3024324;1434;0
11;19;78;8;24;3;48;3.60;2;1;1;60;0;3024348;209;0
11;19;78;8;24;3;52;3.80;1;1;1;46;0;3024352;137;3023589
11;19;78;8;24;5;16;4.00;2;1;1;54;0;3024516;146;3023589
11;19;78;8;24;5;24;4.00;1;1;1;46;0;3024524;142;3023589
11;19;78;8;24;5;63;3.60;3;2;1;60;0;3024563;359;0
11;19;78;8;24;7;12;3.40;1;1;1;46;0;3024712;156;3023589
11;19;78;8;24;7;79;3.60;3;2;1;67;0;3024779;194;3023589
11;19;78;8;24;8;50;3.20;4;2;1;51;0;3024850;504;0
11;19;78;8;24;8;56;3.40;1;1;1;45;0;3024856;117;3023589
11;19;78;8;24;8;86;4.00;3;2;1;63;0;3024886;87;3023589
11;19;78;8;24;9;87;3.20;4;2;1;52;0;3024987;114;3023589
11;19;78;8;24;10;80;3.40;1;1;1;41;0;3025080;196;3023589
11;19;78;8;24;10;32;5.00;3;2;1;19;0;3025032;123;3023589
11;19;78;8;24;11;18;4.20;2;1;1;39;0;3025118;575;0
11;19;78;8;24;11;98;3.80;1;1;1;39;0;3025198;88;3023589
11;19;78;8;24;12;99;3.20;3;2;1;58;0;3025299;172;3024563
11;19;78;8;24;13;67;5.20;1;1;1;39;0;3025367;133;3023589
11;19;78;8;24;14;4;4.80;4;2;1;54;0;3025404;394;0
11;19;78;8;24;14;78;3.60;2;1;1;49;0;3025478;321;0
11;19;78;8;24;15;52;3.40;3;2;1;57;0;3025552;233;0
11;19;78;8;24;16;4;4.60;1;1;1;39;0;3025604;189;3023589
11;19;78;8;24;16;80;3.60;4;2;1;59;0;3025680;244;0
11;19;78;8;24;17;0;3.40;2;1;1;52;0;3025700;195;0
11;19;78;8;24;17;84;3.20;1;1;1;41;0;3025784;137;3023589
11;19;78;8;24;18;31;3.80;3;2;1;63;0;3025831;257;0
11;19;78;8;24;18;30;4.00;2;1;1;54;0;3025830;106;0
11;19;78;8;24;18;71;3.60;4;2;1;60;0;3025871;169;0
11;19;78;8;24;19;47;3.00;3;2;1;63;0;3025947;94;0
11;19;78;8;24;19;63;3.40;1;1;1;38;0;3025963;150;3023589
11;19;78;8;24;22;5;3.00;3;2;1;61;0;3026205;240;0
11;19;78;8;24;22;30;9.00;2;1;2;58;0;3026230;373;0
11;19;78;8;24;22;40;4.40;1;1;1;39;0;3026240;244;0
11;19;78;8;24;23;94;3.60;3;2;1;60;0;3026394;171;0
11;19;78;8;24;23;81;3.20;1;1;1;37;0;3026381;100;0
11;19;78;8;24;24;96;3.60;2;1;1;53;0;3026496;210;0
11;19;78;8;24;25;20;3.80;1;1;1;36;0;3026520;107;0
11;19;78;8;24;25;17;12.40;4;2;3;52;0;3026517;624;0
11;19;78;8;24;26;45;3.60;3;2;1;59;0;3026645;229;0
11;19;78;8;24;26;12;3.20;1;1;1;35;0;3026612;54;0
11;19;78;8;24;27;94;3.20;3;2;1;55;0;3026794;127;0
11;19;78;8;24;27;70;3.00;1;1;1;35;0;3026770;125;3026240
11;19;78;8;24;28;84;4.00;4;2;1;53;0;3026884;281;0
11;19;78;8;24;29;18;3.80;3;2;1;52;0;3026918;103;0
11;19;78;8;24;29;56;3.80;1;1;1;36;0;3026956;155;3026240
11;19;78;8;24;30;83;3.40;4;2;1;53;0;3027083;171;3026240
11;19;78;8;24;31;30;3.60;2;1;1;57;0;3027130;609;0
11;19;78;8;24;33;28;5.20;2;1;1;55;0;3027328;175;0
11;19;78;8;24;32;60;14.40;1;1;4;39;0;3027260;266;0
11;19;78;8;24;35;59;3.60;2;1;1;54;0;3027559;196;0
11;19;78;8;24;36;76;3.40;1;1;1;39;0;3027676;283;0
11;19;78;8;24;37;50;3.80;2;1;1;61;0;3027750;167;0
11;19;78;8;24;37;97;3.40;1;1;1;39;0;3027797;89;0
11;19;78;8;24;39;74;4.00;1;1;1;41;0;3027974;145;0
11;19;78;8;24;41;2;3.60;1;1;1;41;0;3028102;92;0
11;19;78;8;24;42;25;4.40;1;1;1;42;0;3028225;91;3027676
11;19;78;8;24;44;51;3.60;1;1;1;41;0;3028451;188;3027676
11;19;78;8;24;46;9;3.20;2;1;1;51;0;3028609;836;0
11;19;78;8;24;47;7;3.60;1;1;1;42;0;3028707;224;0
11;19;78;8;24;48;42;7.80;1;1;2;41;0;3028842;104;0
11;19;78;8;24;50;58;2.80;1;1;1;44;0;3029058;147;0
11;19;78;8;24;52;36;3.20;1;1;1;43;0;3029236;155;0
11;19;78;8;24;53;86;3.60;1;1;1;42;0;3029386;123;3028707
11;19;78;8;24;54;83;3.80;4;2;1;59;0;3029483;2376;0
11;19;78;8;24;54;97;3.40;3;2;1;64;0;3029497;2552;0
11;19;78;8;24;58;89;6.00;4;2;1;62;0;3029889;382;0
11;19;78;8;24;59;61;3.80;3;2;1;60;0;3029961;444;0
11;19;78;8;25;0;85;3.60;4;2;1;64;0;3030085;161;0
11;19;78;8;25;6;5;3.80;1;1;1;53;0;3030605;1188;0
11;19;78;8;25;14;63;3.80;4;2;1;63;0;3031463;1357;0
11;19;78;8;25;16;32;3.00;3;2;1;61;0;3031632;1648;0
11;19;78;8;25;18;92;2.80;4;2;1;59;0;3031892;407;0
11;19;78;8;25;20;29;3.60;2;1;1;58;0;3032029;3397;0
11;19;78;8;25;20;60;3.40;4;2;1;58;0;3032060;150;0
11;19;78;8;25;23;13;3.60;4;2;1;60;0;3032313;231;0
11;19;78;8;25;24;13;3.60;3;2;1;61;0;3032413;763;0
11;19;78;8;25;32;99;4.00;1;1;1;58;0;3033299;2668;0
11;19;78;8;25;35;69;3.40;1;1;1;55;0;3033569;245;0
11;19;78;8;25;38;83;3.80;1;1;1;61;0;3033883;291;0
11;19;78;8;25;42;26;3.20;1;1;1;59;0;3034226;320;0
11;19;78;8;25;46;5;4.00;2;1;1;57;0;3034605;2553;0
11;19;78;8;25;47;37;3.40;1;1;1;48;0;3034737;491;0
11;19;78;8;25;50;12;3.60;4;2;1;65;0;3035012;2677;0
11;19;78;8;25;50;91;5.40;3;2;1;60;0;3035091;2656;0
11;19;78;8;25;51;32;3.80;2;1;1;63;0;3035132;501;0
11;19;78;8;25;53;25;3.60;3;2;1;70;0;3035325;201;0
11;19;78;8;25;53;63;3.60;4;2;1;62;0;3035363;331;0
11;19;78;8;25;55;97;3.80;3;2;1;53;0;3035597;253;0
11;19;78;8;25;58;47;3.60;3;2;1;55;0;3035847;224;0
11;19;78;8;26;1;38;10.20;4;2;2;61;0;3036138;754;0
11;19;78;8;26;1;73;4.20;1;1;1;58;0;3036173;1410;0
11;19;78;8;26;1;60;6.20;3;2;1;62;0;3036160;289;0
11;19;78;8;26;3;0;3.80;1;1;1;54;0;3036300;100;0
11;19;78;8;26;3;62;4.40;3;2;1;61;0;3036362;166;0
11;19;78;8;26;5;7;3.40;3;2;1;62;0;3036507;119;0
11;19;78;8;26;5;75;3.60;1;1;1;52;0;3036575;249;0
11;19;78;8;26;6;31;5.00;4;2;1;62;0;3036631;432;0
11;19;78;8;26;6;88;3.80;2;1;1;60;0;3036688;1534;0
11;19;78;8;26;7;27;3.60;1;1;1;53;0;3036727;127;0
11;19;78;8;26;7;78;3.20;2;1;1;58;0;3036778;67;0
11;19;78;8;26;7;79;3.60;4;2;1;60;0;3036779;118;0
11;19;78;8;26;8;46;3.40;1;1;1;54;0;3036846;94;0
11;19;78;8;26;8;71;3.60;3;2;1;56;0;3036871;344;0
11;19;78;8;26;8;71;4.80;4;2;1;58;0;3036871;70;0
11;19;78;8;26;9;16;3.60;2;1;1;56;0;3036916;118;0
11;19;78;8;26;9;66;4.60;1;1;1;55;0;3036966;97;0
11;19;78;8;26;9;72;3.80;3;2;1;56;0;3036972;77;0
11;19;78;8;26;10;70;3.80;2;1;1;55;0;3037070;130;0
11;19;78;8;26;10;97;3.60;4;2;1;57;0;3037097;196;0
11;19;78;8;26;11;37;9.80;1;1;2;55;0;3037137;140;3036575
11;19;78;8;26;11;97;5.00;2;1;1;55;0;3037197;102;3036688
11;19;78;8;26;12;20;5.00;3;2;1;54;0;3037220;223;0
11;19;78;8;26;12;56;3.20;4;2;1;54;0;3037256;136;3036631
11;19;78;8;26;13;18;4.00;2;1;1;55;0;3037318;88;3036688
11;19;78;8;26;13;99;4.00;1;1;1;55;0;3037399;197;3036575
11;19;78;8;26;14;3;3.00;3;2;1;56;0;3037403;149;3036575
11;19;78;8;26;13;98;3.40;4;2;1;57;0;3037398;120;3036631
11;19;78;8;26;14;75;6.20;4;2;1;58;0;3037475;55;3036631
11;19;78;8;26;15;16;3.60;3;2;1;57;0;3037516;93;3036631
11;19;78;8;26;15;44;3.60;1;1;1;56;0;3037544;118;3036575
11;19;78;8;26;16;25;3.00;3;2;1;58;0;3037625;86;3036575
11;19;78;8;26;16;79;3.80;1;1;1;55;0;3037679;111;3036575
11;19;78;8;26;17;45;3.20;1;1;1;54;0;3037745;41;3036575
11;19;78;8;26;18;25;3.80;2;1;1;54;0;3037825;480;0
11;19;78;8;26;18;68;3.60;1;1;1;52;0;3037868;101;3036575
11;19;78;8;26;20;31;13.40;1;1;4;48;0;3038031;138;3036575
11;19;78;8;26;21;62;3.80;2;1;1;59;0;3038162;311;0
11;19;78;8;26;22;25;5.20;1;1;1;43;0;3038225;93;3036575
11;19;78;8;26;23;25;6.00;3;2;1;53;0;3038325;681;0
11;19;78;8;26;23;91;3.20;1;1;1;43;0;3038391;122;3036575
11;19;78;8;26;24;95;3.20;4;2;1;54;0;3038495;981;0
11;19;78;8;26;24;87;3.20;1;1;1;44;0;3038487;69;3036575
11;19;78;8;26;25;91;3.80;2;1;1;56;0;3038591;405;0
11;19;78;8;26;27;51;3.60;2;1;1;55;0;3038751;135;0
11;19;78;8;26;28;42;3.60;4;2;1;61;0;3038842;325;0
11;19;78;8;26;28;21;11.20;1;1;2;41;0;3038821;307;0
11;19;78;8;26;28;96;3.80;3;2;1;51;0;3038896;530;0
11;19;78;8;26;29;43;4.80;2;1;1;55;0;3038943;168;0
11;19;78;8;26;30;11;3.20;1;1;1;41;0;3039011;91;0
11;19;78;8;26;32;33;3.60;1;1;1;40;0;3039233;193;0
11;19;78;8;26;33;70;3.80;1;1;1;40;0;3039370;104;0
11;19;78;8;26;34;5;3.20;2;1;1;54;0;3039405;430;0
11;19;78;8;26;34;38;3.60;3;2;1;62;0;3039438;515;0
11;19;78;8;26;35;19;3.60;1;1;1;40;0;3039519;114;3038821
11;19;78;8;26;35;55;4.00;2;1;1;53;0;3039555;128;3038821
11;19;78;8;26;36;46;3.20;1;1;1;39;0;3039646;94;3038821
11;19;78;8;26;37;6;1.60;2;2;0;58;1;3039706;-2;0
11;19;78;8;26;37;38;3.60;1;1;1;39;0;3039738;62;3038821
11;19;78;8;26;39;80;3.40;1;1;1;40;0;3039980;208;0
11;19;78;8;26;40;99;3.40;1;1;1;40;0;3040099;88;0
11;19;78;8;26;42;33;3.40;2;1;1;55;0;3040233;650;0
11;19;78;8;26;42;52;2.80;1;1;1;41;0;3040252;122;0
11;19;78;8;26;44;34;3.60;1;1;1;37;0;3040434;157;0
11;19;78;8;26;44;52;4.60;2;1;1;51;0;3040452;196;0
11;19;78;8;26;45;70;4.20;1;1;1;37;0;3040570;100;3039980
11;19;78;8;26;45;93;3.60;2;1;1;50;0;3040593;108;3039980
11;19;78;8;26;48;30;4.40;1;1;1;38;0;3040830;219;0
11;19;78;8;26;48;65;3.60;3;2;1;63;0;3040865;1406;0
11;19;78;8;26;48;26;14.20;4;2;4;55;0;3040826;1962;0
11;19;78;8;26;49;99;3.60;2;1;1;41;0;3040999;380;0
11;19;78;8;26;50;24;4.00;3;2;1;58;0;3041024;138;0
11;19;78;8;26;50;43;3.00;1;1;1;36;0;3041043;171;0
11;19;78;8;26;51;61;4.60;2;1;1;50;0;3041161;130;0
11;19;78;8;26;51;77;4.60;3;2;1;58;0;3041177;128;0
11;19;78;8;26;51;85;3.60;1;1;1;35;0;3041185;112;0
11;19;78;8;26;54;93;3.40;4;2;1;55;0;3041493;574;0
11;19;78;8;26;56;47;3.80;2;1;1;56;0;3041647;452;0
11;19;78;8;26;55;28;15.60;1;1;4;35;0;3041528;305;0
11;19;78;8;26;57;15;3.00;4;2;1;55;0;3041715;199;0
11;19;78;8;26;58;9;3.60;1;1;1;32;0;3041809;120;0
11;19;78;8;26;59;6;3.60;4;2;1;57;0;3041906;171;0
11;19;78;8;26;59;28;3.60;1;1;1;30;0;3041928;78;0
11;19;78;8;27;0;88;8.00;4;2;2;58;0;3042088;159;0
11;19;78;8;27;1;79;3.60;1;1;1;32;0;3042179;207;0
11;19;78;8;27;3;25;3.60;1;1;1;28;0;3042325;105;0
11;19;78;8;27;3;96;3.20;4;2;1;58;0;3042396;258;0
11;19;78;8;27;4;61;3.80;2;1;1;50;0;3042461;789;0
11;19;78;8;27;4;86;5.00;1;1;1;32;0;3042486;114;0
11;19;78;8;27;6;38;2.80;2;1;1;46;0;3042638;149;0
11;19;78;8;27;8;23;3.40;2;1;1;55;0;3042823;163;0
11;19;78;8;27;8;28;4.00;1;1;1;37;0;3042828;285;0
11;19;78;8;27;9;92;3.40;1;1;1;45;0;3042992;125;0
11;19;78;8;27;9;90;1.40;2;1;0;44;1;3042990;144;0
11;19;78;8;27;10;87;3.60;1;1;1;40;0;3043087;67;0
11;19;78;8;27;11;19;3.60;2;1;1;59;0;3043119;273;0
11;19;78;8;27;12;34;3.40;1;1;1;41;0;3043234;114;0
11;19;78;8;27;13;98;3.60;1;1;1;43;0;3043398;134;3042828
11;19;78;8;27;15;36;3.20;1;1;1;46;0;3043536;107;3042828
11;19;78;8;27;19;64;12.40;1;1;3;44;0;3043964;402;0
11;19;78;8;27;21;41;3.60;2;1;1;59;0;3044141;1000;0
11;19;78;8;27;22;56;3.60;2;1;1;57;0;3044256;93;0
11;19;78;8;27;22;98;3.60;1;1;1;47;0;3044298;232;0
11;19;78;8;27;29;98;3.40;4;2;1;51;0;3044998;2582;0
11;19;78;8;27;30;82;3.20;3;2;1;55;0;3045082;3876;0
11;19;78;8;27;31;7;3.80;4;2;1;52;0;3045107;85;0
11;19;78;8;27;31;85;3.60;3;2;1;59;0;3045185;82;0
11;19;78;8;27;33;0;5.20;3;2;1;60;0;3045300;93;0
11;19;78;8;27;33;22;3.40;4;2;1;54;0;3045322;188;0
11;19;78;8;27;34;43;3.20;3;2;1;57;0;3045443;111;0
11;19;78;8;27;34;37;4.20;4;2;1;54;0;3045437;92;0
11;19;78;8;27;35;72;3.60;3;2;1;57;0;3045572;108;3045082
11;19;78;8;27;38;85;3.40;3;2;1;57;0;3045885;290;0
11;19;78;8;27;38;95;3.60;1;1;1;56;0;3045895;1569;0
11;19;78;8;27;39;83;3.80;3;2;1;57;0;3045983;76;0
11;19;78;8;27;41;22;3.40;3;2;1;58;0;3046122;115;0
11;19;78;8;27;42;87;3.80;4;2;1;57;0;3046287;822;0
11;19;78;8;27;43;60;3.80;3;2;1;61;0;3046360;216;0
11;19;78;8;27;44;69;3.20;3;2;1;59;0;3046469;86;0
11;19;78;8;27;45;71;3.20;3;2;1;60;0;3046571;82;0
11;19;78;8;27;47;11;3.40;3;2;1;60;0;3046711;120;0
11;19;78;8;27;45;89;22.00;4;2;5;55;0;3046589;278;0
11;19;78;8;27;48;65;3.20;3;2;1;57;0;3046865;133;3046360
11;19;78;8;27;49;70;3.40;3;2;1;57;0;3046970;84;3046360
11;19;78;8;27;50;10;7.80;4;2;2;54;0;3047010;277;0
11;19;78;8;27;50;90;3.80;3;2;1;54;0;3047090;98;3046360
11;19;78;8;27;52;8;3.60;3;2;1;55;0;3047208;92;3046360
11;19;78;8;27;52;31;3.60;4;2;1;53;0;3047231;169;3046360
11;19;78;8;27;55;58;3.60;3;2;1;51;0;3047558;326;0
11;19;78;8;27;58;5;3.40;3;2;1;53;0;3047805;221;0
11;19;78;8;27;58;31;3.40;1;1;1;58;0;3047831;1912;0
11;19;78;8;27;58;91;3.80;2;1;1;60;0;3047891;3612;0
11;19;78;8;28;0;44;3.80;1;1;1;55;0;3048044;191;0
11;19;78;8;28;0;92;3.40;2;1;1;56;0;3048092;178;0
11;19;78;8;28;3;35;5.20;1;1;1;51;0;3048335;266;0
11;19;78;8;28;5;46;3.80;1;1;1;54;0;3048546;174;0
11;19;78;8;28;6;5;3.60;2;1;1;56;0;3048605;491;0
11;19;78;8;28;6;48;3.80;1;1;1;57;0;3048648;76;0
11;19;78;8;28;7;44;3.60;1;1;1;54;0;3048744;72;0
11;19;78;8;28;7;97;3.40;2;1;1;58;0;3048797;168;0
11;19;78;8;28;8;68;3.60;1;1;1;56;0;3048868;100;3048335
11;19;78;8;28;9;38;4.00;2;1;1;59;0;3048938;119;3048335
11;19;78;8;28;10;71;3.80;1;1;1;53;0;3049071;179;3048335
11;19;78;8;28;11;62;3.80;2;1;1;58;0;3049162;199;3048335
11;19;78;8;28;11;60;3.80;1;1;1;54;0;3049160;63;3048335
11;19;78;8;28;13;68;3.20;2;1;1;57;0;3049368;182;3048605
11;19;78;8;28;13;99;3.40;1;1;1;54;0;3049399;213;0
11;19;78;8;28;15;17;3.80;1;1;1;53;0;3049517;95;0
11;19;78;8;28;15;36;3.60;2;1;1;54;0;3049536;147;3048605
11;19;78;8;28;15;73;3.60;4;2;1;65;0;3049573;2317;0
11;19;78;8;28;16;47;3.40;2;1;1;54;0;3049647;87;3048605
11;19;78;8;28;16;96;4.00;1;1;1;51;0;3049696;153;3048605
11;19;78;8;28;18;42;3.40;2;1;1;51;0;3049842;172;3048605
11;19;78;8;28;19;24;3.60;2;1;1;50;0;3049924;58;3048605
11;19;78;8;28;19;45;3.20;1;1;1;51;0;3049945;220;0
11;19;78;8;28;20;48;3.60;3;2;1;74;0;3050048;2219;0
11;19;78;8;28;20;99;3.60;1;1;1;52;0;3050099;131;0
11;19;78;8;28;22;18;4.40;2;1;1;54;0;3050218;268;0
11;19;78;8;28;23;18;3.60;1;1;1;51;0;3050318;194;0
11;19;78;8;28;23;95;4.60;2;1;1;54;0;3050395;147;0
11;19;78;8;28;24;99;3.60;1;1;1;50;0;3050499;155;0
11;19;78;8;28;25;87;3.40;4;2;1;65;0;3050587;994;0
11;19;78;8;28;26;23;3.20;2;1;1;53;0;3050623;197;0
11;19;78;8;28;26;93;3.40;1;1;1;47;0;3050693;168;3049945
11;19;78;8;28;27;54;6.60;2;1;1;52;0;3050754;109;3049945
11;19;78;8;28;28;15;3.60;1;1;1;45;0;3050815;95;3049945
11;19;78;8;28;28;96;3.60;1;1;1;45;0;3050896;52;3049945
11;19;78;8;28;29;50;3.60;2;1;1;55;0;3050950;150;3050218
11;19;78;8;28;30;22;3.00;3;2;1;62;0;3051022;956;0
11;19;78;8;28;30;48;10.60;1;1;7;43;0;3051048;123;3049945
11;19;78;8;28;31;92;3.40;3;2;1;68;0;3051192;152;3049945
11;19;78;8;28;32;45;4.00;2;1;1;55;0;3051245;271;0
11;19;78;8;28;32;73;3.40;1;1;1;42;0;3051273;136;3049945
11;19;78;8;28;34;64;4.20;1;1;1;42;0;3051464;161;3049945
11;19;78;8;28;37;1;3.00;4;2;1;51;0;3051701;1095;0
11;19;78;8;28;37;22;3.40;1;1;1;42;0;3051722;222;0
11;19;78;8;28;38;98;3.20;3;2;1;60;0;3051898;688;0
11;19;78;8;28;39;61;4.00;4;2;1;56;0;3051961;238;0
11;19;78;8;28;40;49;3.60;2;1;1;52;0;3052049;777;0
11;19;78;8;28;41;0;3.60;1;1;1;49;0;3052100;348;0
11;19;78;8;28;43;12;3.60;1;1;1;45;0;3052312;185;0
11;19;78;8;28;43;33;3.80;2;1;1;56;0;3052333;259;0
11;19;78;8;28;45;30;3.80;1;1;1;44;0;3052530;189;0
11;19;78;8;28;46;77;3.40;1;1;1;44;0;3052677;115;0
11;19;78;8;28;47;46;3.40;2;1;1;61;0;3052746;388;0
11;19;78;8;28;49;0;3.80;1;1;1;44;0;3052900;195;3052100
11;19;78;8;28;52;8;3.40;1;1;1;49;0;3053208;276;0
11;19;78;8;28;53;8;3.60;1;1;1;49;0;3053308;75;0
11;19;78;8;28;54;2;3.20;1;1;1;50;0;3053402;67;0
11;19;78;8;28;55;62;3.20;1;1;1;51;0;3053562;136;0
11;19;78;8;28;55;84;3.80;4;2;1;59;0;3053584;1597;0
11;19;78;8;28;56;84;3.60;1;1;1;52;0;3053684;99;3053208
11;19;78;8;28;58;39;3.60;2;1;1;61;0;3053839;1072;0
11;19;78;8;28;59;5;3.60;1;1;1;51;0;3053905;196;3053208
11;19;78;8;28;59;29;3.80;2;1;1;58;0;3053929;68;3053208
11;19;78;8;29;0;50;3.20;1;1;1;49;0;3054050;119;3053208
11;19;78;8;29;2;52;3.20;1;1;1;64;0;3054252;178;3053208
11;19;78;8;29;3;9;3.40;2;1;1;55;0;3054309;356;0
11;19;78;8;29;5;15;3.40;1;1;1;60;0;3054515;245;0
11;19;78;8;29;6;55;3.60;2;1;1;51;0;3054655;323;0
11;19;78;8;29;7;1;4.00;1;1;1;57;0;3054701;165;0
11;19;78;8;29;6;98;3.80;3;2;1;62;0;3054698;2780;0
11;19;78;8;29;7;56;3.60;2;1;1;51;0;3054756;75;0
11;19;78;8;29;8;86;3.40;1;1;1;55;0;3054886;159;0
11;19;78;8;29;9;43;3.60;2;1;1;53;0;3054943;161;0
11;19;78;8;29;10;44;4.00;1;1;1;52;0;3055044;135;0
11;19;78;8;29;11;5;9.20;4;2;2;62;0;3055105;1497;0
11;19;78;8;29;11;53;3.80;1;1;1;51;0;3055153;81;3054515
11;19;78;8;29;13;11;3.40;4;2;1;60;0;3055311;152;3054515
11;19;78;8;29;13;30;3.60;2;1;1;54;0;3055330;362;0
11;19;78;8;29;14;40;3.40;3;2;1;57;0;3055440;719;0
11;19;78;8;29;15;68;3.60;1;1;1;55;0;3055568;388;0
11;19;78;8;29;16;23;3.80;3;2;1;61;0;3055623;161;0
11;19;78;8;29;16;56;3.40;4;2;1;59;0;3055656;324;0
11;19;78;8;29;16;72;3.40;1;1;1;54;0;3055672;80;0
11;19;78;8;29;17;57;3.60;3;2;1;60;0;3055757;111;0
11;19;78;8;29;18;7;3.60;1;1;1;52;0;3055807;112;0
11;19;78;8;29;19;37;3.60;3;2;1;56;0;3055937;158;0
11;19;78;8;29;19;68;3.40;4;2;1;54;0;3055968;291;0
11;19;78;8;29;20;68;3.60;4;2;1;54;0;3056068;77;0
11;19;78;8;29;21;26;11.20;1;1;2;54;0;3056126;294;0
11;19;78;8;29;22;23;3.60;4;2;1;53;0;3056223;131;0
11;19;78;8;29;23;2;3.60;3;2;1;58;0;3056302;341;0
11;19;78;8;29;24;30;3.40;3;2;1;60;0;3056430;105;0
11;19;78;8;29;25;48;3.80;3;2;1;61;0;3056548;97;0
11;19;78;8;29;25;56;3.80;4;2;1;52;0;3056556;308;0
11;19;78;8;29;26;53;3.40;3;2;1;63;0;3056653;82;0
11;19;78;8;29;27;93;3.20;3;2;1;60;0;3056793;120;3056302
11;19;78;8;29;29;53;4.20;3;2;1;55;0;3056953;140;3056302
11;19;78;8;29;29;71;12.40;4;2;3;53;0;3056971;388;0
11;19;78;8;29;31;64;3.80;1;1;1;53;0;3057164;963;0
11;19;78;8;29;32;20;5.20;4;2;1;51;0;3057220;164;0
11;19;78;8;29;33;50;3.40;3;2;1;53;0;3057350;369;0
11;19;78;8;29;33;62;6.00;1;1;1;56;0;3057362;172;0
11;19;78;8;29;34;50;3.60;3;2;1;53;0;3057450;76;0
11;19;78;8;29;35;99;3.20;4;2;1;57;0;3057599;342;0
11;19;78;8;29;50;93;3.60;3;2;1;70;0;3059093;1618;0
11;19;78;8;29;53;11;3.60;4;2;1;61;0;3059311;1691;0
11;19;78;8;29;54;86;4.20;4;2;1;60;0;3059486;153;0
11;19;78;8;29;56;29;3.80;3;2;1;70;0;3059629;517;0
11;19;78;8;30;3;37;3.80;3;2;1;60;0;3060337;688;0
11;19;78;8;30;3;75;3.00;4;2;1;57;0;3060375;863;0
11;19;78;8;30;5;37;3.40;3;2;1;67;0;3060537;177;0
11;19;78;8;30;5;90;11.40;4;2;7;54;0;3060590;196;0
11;19;78;8;30;8;74;3.00;3;2;1;66;0;3060874;318;0
11;19;78;8;30;10;7;3.80;2;1;1;57;0;3061007;5653;0
11;19;78;8;30;10;18;4.00;1;1;1;56;0;3061018;3617;0
11;19;78;8;30;11;5;3.60;3;2;1;64;0;3061105;214;0
11;19;78;8;30;12;14;5.00;4;2;1;55;0;3061214;548;0
11;19;78;8;30;19;11;3.60;2;1;1;55;0;3061911;880;0
11;19;78;8;30;19;19;3.20;3;2;1;62;0;3061919;793;0
11;19;78;8;30;19;80;3.20;1;1;1;48;0;3061980;936;0
11;19;78;8;30;21;1;3.80;2;1;1;58;0;3062101;166;0
11;19;78;8;30;20;97;6.20;4;2;1;62;0;3062097;850;0
11;19;78;8;30;24;30;3.80;1;1;1;54;0;3062430;426;0
11;19;78;8;30;24;60;4.60;4;2;1;64;0;3062460;327;0
11;19;78;8;30;25;8;3.00;1;1;1;52;0;3062508;52;0
11;19;78;8;30;25;83;7.40;1;1;2;53;0;3062583;54;0
11;19;78;8;30;26;99;3.80;4;2;1;59;0;3062699;213;0
11;19;78;8;30;28;62;3.20;1;1;1;55;0;3062862;228;0
11;19;78;8;30;29;11;4.60;2;1;1;52;0;3062911;786;0
11;19;78;8;30;30;2;3.00;1;1;1;53;0;3063002;119;0
11;19;78;8;30;31;89;3.40;1;1;1;52;0;3063189;166;0
11;19;78;8;30;32;1;5.00;2;1;1;50;0;3063201;258;0
11;19;78;8;30;33;15;3.80;1;1;1;54;0;3063315;102;0
11;19;78;8;30;34;24;3.80;1;1;1;55;0;3063424;83;3062862
11;19;78;8;30;35;85;3.80;2;1;1;57;0;3063585;348;0
11;19;78;8;30;36;9;4.20;1;1;1;45;0;3063609;160;3062862
11;19;78;8;30;37;22;5.20;1;1;1;45;0;3063722;79;3062862
11;19;78;8;30;37;66;3.40;4;2;1;57;0;3063766;1043;0
11;19;78;8;30;37;65;4.00;2;1;1;56;0;3063765;156;0
11;19;78;8;30;38;46;3.20;1;1;1;47;0;3063846;82;3062862
11;19;78;8;30;39;86;3.60;2;1;1;54;0;3063986;195;3062862
11;19;78;8;30;40;32;3.20;1;1;1;49;0;3064032;161;3062862
11;19;78;8;30;41;5;3.80;2;1;1;53;0;3064105;95;3062862
11;19;78;8;30;41;82;4.80;1;1;1;48;0;3064182;126;3062862
11;19;78;8;30;42;35;3.60;2;1;1;51;0;3064235;104;3063585
11;19;78;8;30;42;97;4.20;1;1;1;49;0;3064297;79;3062862
11;19;78;8;30;43;59;3.40;2;1;1;51;0;3064359;98;3063585
11;19;78;8;30;44;59;3.40;1;1;1;48;0;3064459;131;3062862
11;19;78;8;30;45;1;3.80;2;1;1;47;0;3064501;118;3063585
11;19;78;8;30;46;29;3.60;2;1;1;48;0;3064629;98;3063585
11;19;78;8;30;47;15;4.60;1;1;1;43;0;3064715;230;0
11;19;78;8;30;49;36;3.40;1;1;1;40;0;3064936;182;0
11;19;78;8;30;49;70;3.60;2;1;1;50;0;3064970;314;0
11;19;78;8;30;50;62;3.60;4;2;1;64;0;3065062;1274;0
11;19;78;8;30;50;48;3.80;1;1;1;40;0;3065048;81;0
11;19;78;8;30;51;79;3.60;3;2;1;68;0;3065179;3241;0
11;19;78;8;30;53;23;5.00;4;2;1;64;0;3065323;240;0
11;19;78;8;30;53;9;3.60;1;1;1;37;0;3065309;226;0
11;19;78;8;30;53;54;3.80;3;2;1;69;0;3065354;155;0
11;19;78;8;30;53;59;3.80;2;1;1;45;0;3065359;363;0
11;19;78;8;30;54;49;5.00;4;2;1;63;0;3065449;97;0
11;19;78;8;30;54;74;3.00;3;2;1;62;0;3065474;100;0
11;19;78;8;30;54;59;3.80;1;1;1;39;0;3065459;114;0
11;19;78;8;30;54;91;3.20;2;1;1;45;0;3065491;101;0
11;19;78;8;30;55;66;3.60;3;2;1;59;0;3065566;74;0
11;19;78;8;30;56;23;3.80;4;2;1;60;0;3065623;145;0
11;19;78;8;30;56;61;3.60;2;1;1;46;0;3065661;144;0
11;19;78;8;30;57;18;3.20;1;1;1;39;0;3065718;223;0
11;19;78;8;30;58;24;4.60;2;1;1;46;0;3065824;134;0
11;19;78;8;30;58;65;3.20;4;2;1;58;0;3065865;219;0
11;19;78;8;30;58;97;3.80;3;2;1;57;0;3065897;309;0
11;19;78;8;30;59;30;3.80;1;1;1;39;0;3065930;182;0
11;19;78;8;31;0;13;3.40;3;2;1;55;0;3066013;92;0
11;19;78;8;31;0;10;4.20;2;1;1;47;0;3066010;150;3065359
11;19;78;8;31;0;49;3.40;4;2;1;56;0;3066049;164;3065359
11;19;78;8;31;0;35;3.40;1;1;1;39;0;3066035;69;3065359
11;19;78;8;31;1;3;3.60;3;2;1;58;0;3066103;67;3065359
11;19;78;8;31;2;34;3.80;4;2;1;57;0;3066234;163;3065359
11;19;78;8;31;2;41;3.40;2;1;1;47;0;3066241;198;3065359
11;19;78;8;31;2;75;3.80;1;1;1;39;0;3066275;208;0
11;19;78;8;31;3;69;3.00;4;2;1;57;0;3066369;111;0
11;19;78;8;31;3;81;5.00;1;1;1;38;0;3066381;70;0
11;19;78;8;31;4;26;3.60;2;1;1;46;0;3066426;158;3065359
11;19;78;8;31;4;80;4.80;3;2;1;60;0;3066480;354;0
11;19;78;8;31;5;27;3.40;4;2;1;60;0;3066527;139;3065865
11;19;78;8;31;5;7;3.40;1;1;1;38;0;3066507;78;3065865
11;19;78;8;31;6;8;3.60;3;2;1;60;0;3066608;99;3065865
11;19;78;8;31;6;93;3.20;1;1;1;36;0;3066693;153;3065865
11;19;78;8;31;7;32;3.60;4;2;1;58;0;3066732;184;3065865
11;19;78;8;31;8;0;3.80;3;2;1;58;0;3066800;170;3065865
11;19;78;8;31;8;5;5.00;1;1;1;37;0;3066805;80;3066275
11;19;78;8;31;8;63;3.80;2;1;1;55;0;3066863;408;0
11;19;78;8;31;9;32;3.20;4;2;1;61;0;3066932;177;3065865
11;19;78;8;31;9;50;3.40;3;2;1;60;0;3066950;126;3065865
11;19;78;8;31;9;69;3.40;2;1;1;54;0;3066969;81;3065865
11;19;78;8;31;9;76;3.20;1;1;1;38;0;3066976;122;3066275
11;19;78;8;31;10;39;3.80;3;2;1;59;0;3067039;68;3066480
11;19;78;8;31;10;76;3.60;2;1;1;52;0;3067076;84;3066480
11;19;78;8;31;11;77;4.00;3;2;1;58;0;3067177;114;3066480
11;19;78;8;31;11;79;7.80;1;1;6;37;0;3067179;172;3066275
11;19;78;8;31;13;9;3.60;3;2;1;57;0;3067309;107;3066480
11;19;78;8;31;13;67;3.40;1;1;1;38;0;3067367;112;3066275
11;19;78;8;31;14;60;4.00;4;2;1;61;0;3067460;509;0
11;19;78;8;31;15;60;3.20;3;2;1;59;0;3067560;228;0
11;19;78;8;31;16;36;4.00;1;1;1;35;0;3067636;236;0
11;19;78;8;31;17;84;3.80;2;1;1;51;0;3067784;683;0
11;19;78;8;31;18;35;3.00;1;1;1;35;0;3067835;157;0
11;19;78;8;31;19;69;3.00;2;1;1;54;0;3067969;158;0
11;19;78;8;31;19;87;3.60;4;2;1;56;0;3067987;503;0
11;19;78;8;31;19;86;3.00;1;1;1;34;0;3067986;120;0
11;19;78;8;31;22;76;3.40;2;1;1;50;0;3068276;287;0
11;19;78;8;31;23;11;3.40;1;1;1;30;0;3068311;293;0
11;19;78;8;31;24;79;3.40;1;1;1;30;0;3068479;127;0
11;19;78;8;31;25;95;3.00;1;1;1;29;0;3068595;75;0
11;19;78;8;31;26;76;3.80;4;2;1;58;0;3068676;665;0
11;19;78;8;31;27;25;3.80;1;1;1;29;0;3068725;92;0
11;19;78;8;31;29;35;3.60;1;1;1;29;0;3068935;162;3068311
11;19;78;8;31;31;66;3.80;2;1;1;56;0;3069166;865;0
11;19;78;8;31;32;40;3.00;1;1;1;34;0;3069240;260;0
11;19;78;8;31;33;6;3.80;2;1;1;52;0;3069306;115;0
11;19;78;8;31;33;76;3.40;1;1;1;35;0;3069376;104;0
11;19;78;8;31;35;45;3.40;1;1;1;34;0;3069545;134;0
11;19;78;8;31;35;94;3.60;2;1;1;58;0;3069594;261;0
11;19;78;8;31;37;34;4.00;1;1;1;30;0;3069734;153;0
11;19;78;8;31;38;46;3.60;1;1;1;27;0;3069846;64;3069240
11;19;78;8;31;40;46;3.60;1;1;1;28;0;3070046;152;3069240
11;19;78;8;31;43;65;3.60;4;2;1;67;0;3070365;1665;0
11;19;78;8;31;43;34;5.20;1;1;1;33;0;3070334;241;0
11;19;78;8;31;50;42;3.80;3;2;1;66;0;3071042;3462;0
11;19;78;8;31;51;48;3.40;4;2;1;61;0;3071148;763;0
11;19;78;8;31;56;22;4.00;3;2;1;66;0;3071622;559;0
11;19;78;8;31;58;79;3.80;3;2;1;66;0;3071879;235;0
11;19;78;8;32;1;18;3.60;3;2;1;68;0;3072118;218;0
11;19;78;8;32;2;86;3.60;4;2;1;60;0;3072286;1117;0
11;19;78;8;32;4;16;3.40;3;2;1;64;0;3072416;278;0
11;19;78;8;32;9;33;3.60;4;2;1;54;0;3072933;625;0
11;19;78;8;32;13;58;3.40;1;1;1;52;0;3073358;2967;0
11;19;78;8;32;16;5;6.40;1;1;1;52;0;3073605;223;0
11;19;78;8;32;17;92;3.60;2;1;1;56;0;3073792;4175;0
11;19;78;8;32;20;33;3.60;1;1;1;52;0;3074033;383;0
11;19;78;8;32;21;63;3.60;1;1;1;53;0;3074163;105;0
11;19;78;8;32;24;90;3.80;4;2;1;57;0;3074490;1533;0
11;19;78;8;32;26;57;3.80;4;2;1;57;0;3074657;143;0
11;19;78;8;32;27;78;3.80;3;2;1;61;0;3074778;2342;0
11;19;78;8;32;29;28;4.40;4;2;1;63;0;3074928;247;0
11;19;78;8;32;31;22;4.20;1;1;1;57;0;3075122;934;0
11;19;78;8;32;31;49;3.80;4;2;1;65;0;3075149;195;0
11;19;78;8;32;32;55;3.60;3;2;1;66;0;3075255;454;0
11;19;78;8;32;33;67;3.60;3;2;1;63;0;3075367;92;0
11;19;78;8;32;33;94;3.80;1;1;1;57;0;3075394;245;0
11;19;78;8;32;34;31;4.80;3;2;1;61;0;3075431;43;0
11;19;78;8;32;35;13;4.80;1;1;1;57;0;3075513;95;0
11;19;78;8;32;35;45;3.60;3;2;1;60;0;3075545;85;0
11;19;78;8;32;36;73;3.40;3;2;1;61;0;3075673;106;3075255
11;19;78;8;32;38;16;3.80;3;2;1;61;0;3075816;122;3075255
11;19;78;8;32;39;96;4.80;1;1;1;54;0;3075996;452;0
11;19;78;8;32;41;55;3.80;1;1;1;53;0;3076155;127;0
11;19;78;8;32;41;89;3.60;2;1;1;54;0;3076189;2373;0
11;19;78;8;32;42;85;4.00;2;1;1;54;0;3076285;72;0
11;19;78;8;32;43;10;5.00;3;2;1;53;0;3076310;471;0
11;19;78;8;32;43;63;3.40;1;1;1;55;0;3076363;182;0
11;19;78;8;32;44;39;3.60;2;1;1;56;0;3076439;127;0
11;19;78;8;32;44;45;3.60;4;2;1;55;0;3076445;1274;0
11;19;78;8;32;45;47;3.40;2;1;1;54;0;3076547;84;0
11;19;78;8;32;45;94;4.40;4;2;1;53;0;3076594;125;0
11;19;78;8;32;45;52;10.60;1;1;7;51;0;3076552;166;0
11;19;78;8;32;46;28;4.60;3;2;1;56;0;3076628;284;0
11;19;78;8;32;46;74;3.60;2;1;1;53;0;3076674;104;3076189
11;19;78;8;32;47;48;3.40;4;2;1;51;0;3076748;124;3076189
11;19;78;8;32;48;4;3.80;2;1;1;55;0;3076804;105;3076189
11;19;78;8;32;48;76;3.60;1;1;1;52;0;3076876;249;0
11;19;78;8;32;49;21;3.80;3;2;1;57;0;3076921;263;0
11;19;78;8;32;50;8;3.40;1;1;1;52;0;3077008;107;0
11;19;78;8;32;51;53;3.20;2;1;1;60;0;3077153;324;0
11;19;78;8;32;51;31;4.00;1;1;1;46;0;3077131;99;0
11;19;78;8;32;51;62;14.20;4;2;4;50;0;3077162;390;0
11;19;78;8;32;52;56;3.60;3;2;1;61;0;3077256;311;0
11;19;78;8;32;52;66;3.20;1;1;1;44;0;3077266;103;0
11;19;78;8;32;53;44;3.40;2;1;1;61;0;3077344;171;0
11;19;78;8;32;53;48;3.60;1;1;1;42;0;3077348;55;3076876
11;19;78;8;32;54;57;4.00;2;1;1;60;0;3077457;92;3076876
11;19;78;8;32;54;62;4.00;3;2;1;61;0;3077462;184;3076876
11;19;78;8;32;54;27;25.40;4;2;5;50;0;3077427;162;3076876
11;19;78;8;32;56;21;5.00;2;1;1;57;0;3077621;140;3076876
11;19;78;8;32;56;50;11.20;1;1;3;42;0;3077650;271;0
11;19;78;8;32;57;64;3.60;3;2;1;60;0;3077764;278;0
11;19;78;8;32;57;85;3.40;4;2;1;48;0;3077785;175;0
11;19;78;8;32;58;15;3.60;2;1;1;57;0;3077815;162;3077153
11;19;78;8;32;58;82;3.80;1;1;1;41;0;3077882;136;3077153
11;19;78;8;32;59;24;8.00;4;2;2;48;0;3077924;113;3077153
11;19;78;8;32;59;66;4.40;1;1;1;41;0;3077966;50;3077153
11;19;78;8;33;0;63;3.60;1;1;1;44;0;3078063;58;3077153
11;19;78;8;33;1;66;3.20;3;2;1;56;0;3078166;380;0
11;19;78;8;33;1;97;3.60;2;1;1;51;0;3078197;359;0
11;19;78;8;33;2;54;3.20;3;2;1;56;0;3078254;67;0
11;19;78;8;33;2;3;5.00;1;1;1;44;0;3078203;110;3077650
11;19;78;8;33;2;96;3.80;2;1;1;45;0;3078296;73;3077650
11;19;78;8;33;3;13;8.00;4;2;2;49;0;3078313;329;0
11;19;78;8;33;3;60;3.80;1;1;1;43;0;3078360;116;3077650
11;19;78;8;33;5;23;5.20;2;1;1;46;0;3078523;196;3077650
11;19;78;8;33;5;86;3.40;3;2;1;58;0;3078586;311;0
11;19;78;8;33;6;27;3.60;1;1;1;47;0;3078627;235;0
11;19;78;8;33;6;55;3.60;2;1;1;45;0;3078655;91;0
11;19;78;8;33;6;80;3.40;4;2;1;47;0;3078680;308;0
11;19;78;8;33;7;4;3.00;3;2;1;53;0;3078704;96;0
11;19;78;8;33;7;22;3.40;1;1;1;47;0;3078722;67;0
11;19;78;8;33;8;4;3.60;4;2;1;47;0;3078804;97;0
11;19;78;8;33;9;28;4.40;2;1;1;43;0;3078928;244;0
11;19;78;8;33;9;91;3.80;1;1;1;40;0;3078991;242;0
11;19;78;8;33;10;31;6.00;2;1;1;43;0;3079031;66;0
11;19;78;8;33;11;29;3.60;1;1;1;41;0;3079129;103;0
11;19;78;8;33;12;78;3.60;2;1;1;41;0;3079278;196;0
11;19;78;8;33;13;33;3.20;1;1;1;40;0;3079333;172;0
11;19;78;8;33;14;18;3.80;3;2;1;63;0;3079418;693;0
11;19;78;8;33;14;23;3.80;2;1;1;41;0;3079423;113;0
11;19;78;8;33;14;89;3.80;4;2;1;57;0;3079489;657;0
11;19;78;8;33;15;15;4.00;1;1;1;40;0;3079515;153;0
11;19;78;8;33;15;91;3.40;2;1;1;43;0;3079591;134;3078928
11;19;78;8;33;16;82;3.40;3;2;1;66;0;3079682;242;0
11;19;78;8;33;16;93;3.60;1;1;1;38;0;3079693;142;3078991
11;19;78;8;33;18;53;3.40;2;1;1;45;0;3079853;233;0
11;19;78;8;33;18;71;3.40;1;1;1;37;0;3079871;143;3078991
11;19;78;8;33;19;86;3.00;3;2;1;58;0;3079986;285;0
11;19;78;8;33;20;6;3.40;1;1;1;36;0;3080006;101;3078991
11;19;78;8;33;20;40;4.00;2;1;1;43;0;3080040;159;3078991
11;19;78;8;33;21;82;3.20;1;1;1;34;0;3080182;142;3078991
11;19;78;8;33;22;8;4.00;2;1;1;44;0;3080208;134;3078991
11;19;78;8;33;22;81;3.80;3;2;1;60;0;3080281;276;0
11;19;78;8;33;23;36;3.60;1;1;1;38;0;3080336;120;3078991
11;19;78;8;33;24;86;3.40;2;1;1;43;0;3080486;245;0
11;19;78;8;33;25;11;3.20;1;1;1;36;0;3080511;140;3078991
11;19;78;8;33;26;74;3.20;1;1;1;42;0;3080674;131;3078991
11;19;78;8;33;29;1;3.60;1;1;1;32;0;3080901;199;3078991
11;19;78;8;33;30;8;3.60;2;1;1;47;0;3081008;493;0
11;19;78;8;33;31;35;3.60;2;1;1;44;0;3081135;99;0
11;19;78;8;33;31;74;4.20;1;1;1;38;0;3081174;232;0
11;19;78;8;33;32;47;4.40;2;1;1;44;0;3081247;82;0
11;19;78;8;33;32;74;3.80;1;1;1;37;0;3081274;60;0
11;19;78;8;33;34;11;3.60;4;2;1;60;0;3081411;1898;0
11;19;78;8;33;35;95;3.40;1;1;1;37;0;3081595;284;0
11;19;78;8;33;37;76;3.60;2;1;1;53;0;3081776;493;0
11;19;78;8;33;38;23;4.00;1;1;1;37;0;3081823;194;0
11;19;78;8;33;39;42;4.60;2;1;1;53;0;3081942;141;0
11;19;78;8;33;40;38;3.80;1;1;1;36;0;3082038;176;0
11;19;78;8;33;41;76;3.80;1;1;1;36;0;3082176;100;0
11;19;78;8;33;43;78;3.60;1;1;1;35;0;3082378;164;3081595
11;19;78;8;33;45;39;4.00;2;1;1;49;0;3082539;565;0
11;19;78;8;33;46;60;3.00;1;1;1;34;0;3082660;244;0
11;19;78;8;33;47;6;4.00;2;1;1;47;0;3082706;137;0
11;19;78;8;33;48;20;3.80;2;1;1;44;0;3082820;83;0
11;19;78;8;33;48;59;5.40;1;1;1;35;0;3082859;167;0
11;19;78;8;33;49;75;3.80;2;1;1;44;0;3082975;123;0
11;19;78;8;33;50;59;3.60;2;1;1;46;0;3083059;52;3082539
11;19;78;8;33;51;11;3.60;1;1;1;38;0;3083111;196;3082539
11;19;78;8;33;51;75;3.20;2;1;1;49;0;3083175;87;3082539
11;19;78;8;33;52;41;3.20;1;1;1;36;0;3083241;95;3082539
11;19;78;8;33;52;69;3.60;2;1;1;49;0;3083269;70;3082539
11;19;78;8;33;54;11;3.80;1;1;1;34;0;3083411;138;3082660
11;19;78;8;33;55;68;10.60;1;1;7;33;0;3083568;116;3082660
11;19;78;8;33;59;40;3.60;1;1;1;39;0;3083940;256;0
11;19;78;8;34;0;39;3.20;2;1;1;52;0;3084039;743;0
11;19;78;8;34;1;76;3.60;2;1;1;47;0;3084176;114;0
11;19;78;8;34;2;65;5.00;1;1;1;40;0;3084265;291;0
11;19;78;8;34;4;4;3.80;1;1;1;39;0;3084404;94;0
11;19;78;8;34;4;44;3.80;3;2;1;61;0;3084444;4140;0
11;19;78;8;34;5;17;3.20;4;2;1;63;0;3084517;3084;0
11;19;78;8;34;7;82;3.80;4;2;1;65;0;3084782;246;0
11;19;78;8;34;8;35;3.60;3;2;1;61;0;3084835;368;0
11;19;78;8;34;7;81;14.60;1;1;3;47;0;3084781;341;0
11;19;78;8;34;12;0;4.00;3;2;1;66;0;3085200;343;0
11;19;78;8;34;12;62;3.00;4;2;1;59;0;3085262;458;0
11;19;78;8;34;13;47;3.80;3;2;1;61;0;3085347;125;0
11;19;78;8;34;15;85;3.60;3;2;1;63;0;3085585;215;0
11;19;78;8;34;16;13;8.80;4;2;6;50;0;3085613;332;0
11;19;78;8;34;16;87;3.40;3;2;1;64;0;3085687;81;0
11;19;78;8;34;17;93;4.40;4;2;1;50;0;3085793;116;0
11;19;78;8;34;18;41;4.00;3;2;1;66;0;3085841;134;0
11;19;78;8;34;19;43;4.00;4;2;1;49;0;3085943;118;0
11;19;78;8;34;21;29;6.40;3;2;1;62;0;3086129;266;0
11;19;78;8;34;21;7;9.40;4;2;2;52;0;3086107;134;0
11;19;78;8;34;23;22;3.80;4;2;1;54;0;3086322;149;3085613
11;19;78;8;34;23;57;3.80;3;2;1;57;0;3086357;190;3085613
11;19;78;8;34;25;42;4.40;4;2;1;58;0;3086542;194;3085613
11;19;78;8;34;25;96;4.00;3;2;1;59;0;3086596;215;0
11;19;78;8;34;26;82;3.80;4;2;1;61;0;3086682;112;3085613
11;19;78;8;34;27;25;3.80;3;2;1;57;0;3086725;104;3085613
11;19;78;8;34;28;37;3.40;4;2;1;56;0;3086837;132;3085613
11;19;78;8;34;28;56;4.00;3;2;1;57;0;3086856;107;3085613
11;19;78;8;34;30;42;3.40;3;2;1;56;0;3087042;160;3085613
11;19;78;8;34;31;56;3.60;3;2;1;53;0;3087156;92;3086596
11;19;78;8;34;32;95;3.60;3;2;1;52;0;3087295;114;3086596
11;19;78;8;34;39;1;3.40;1;1;1;51;0;3087901;3008;0
11;19;78;8;34;41;57;4.60;1;1;1;57;0;3088157;232;0
11;19;78;8;34;42;90;4.80;2;1;1;52;0;3088290;4086;0
11;19;78;8;34;51;0;3.40;1;1;1;61;0;3089100;913;0
11;19;78;8;34;51;91;3.80;1;1;1;56;0;3089191;70;0
11;19;78;8;34;56;88;3.20;1;1;1;66;0;3089688;472;0
11;19;78;8;34;58;60;3.80;4;2;1;59;0;3089860;3001;0
11;19;78;8;35;0;49;6.20;2;1;1;65;0;3090049;1725;0
11;19;78;8;35;0;91;4.00;1;1;1;63;0;3090091;385;0
11;19;78;8;35;2;83;3.60;4;2;1;58;0;3090283;399;0
11;19;78;8;35;3;81;3.40;2;1;1;58;0;3090381;297;0
11;19;78;8;35;5;5;4.60;1;1;1;58;0;3090505;391;0
11;19;78;8;35;6;97;4.80;2;1;1;61;0;3090697;294;0
11;19;78;8;35;7;21;3.60;1;1;1;57;0;3090721;187;0
11;19;78;8;35;8;45;3.80;2;1;1;61;0;3090845;119;0
11;19;78;8;35;8;78;3.80;1;1;1;58;0;3090878;134;0
11;19;78;8;35;10;49;3.60;1;1;1;58;0;3091049;147;0
11;19;78;8;35;11;43;5.00;2;1;1;61;0;3091143;275;0
11;19;78;8;35;12;16;3.60;4;2;1;63;0;3091216;910;0
11;19;78;8;35;12;43;3.40;1;1;1;56;0;3091243;171;3090505
11;19;78;8;35;13;78;3.80;3;2;1;65;0;3091378;4058;0
11;19;78;8;35;14;10;3.60;1;1;1;56;0;3091410;145;3090505
11;19;78;8;35;15;31;4.00;1;1;1;56;0;3091531;97;3090505
11;19;78;8;35;15;43;3.40;2;1;1;55;0;3091543;370;0
11;19;78;8;35;16;56;5.00;1;1;1;54;0;3091656;99;3090505
11;19;78;8;35;16;71;4.40;4;2;1;70;0;3091671;434;0
11;19;78;8;35;17;5;3.60;2;1;1;53;0;3091705;139;0
11;19;78;8;35;17;86;4.00;1;1;1;53;0;3091786;96;3090505
11;19;78;8;35;18;18;3.20;2;1;1;52;0;3091818;88;3090505
11;19;78;8;35;19;0;3.80;2;1;1;51;0;3091900;59;3090505
11;19;78;8;35;18;98;5.40;1;1;1;53;0;3091898;84;3090505
11;19;78;8;35;20;7;3.80;4;2;1;64;0;3092007;313;0
11;19;78;8;35;21;33;3.60;2;1;1;53;0;3092133;206;0
11;19;78;8;35;22;87;3.40;1;1;1;56;0;3092287;352;0
11;19;78;8;35;24;4;4.40;1;1;1;50;0;3092404;95;0
11;19;78;8;35;25;62;3.40;1;1;1;48;0;3092562;126;0
11;19;78;8;35;27;65;3.60;2;1;1;55;0;3092765;607;0
11;19;78;8;35;28;70;3.40;2;1;1;52;0;3092870;81;0
11;19;78;8;35;28;80;3.00;1;1;1;40;0;3092880;292;0
11;19;78;8;35;29;90;12.40;4;2;3;62;0;3092990;961;0
11;19;78;8;35;30;78;3.40;1;1;1;48;0;3093078;171;0
11;19;78;8;35;31;80;3.60;1;1;1;44;0;3093180;76;0
11;19;78;8;35;33;18;4.40;1;1;1;44;0;3093318;108;0
11;19;78;8;35;33;93;3.40;2;1;1;47;0;3093393;499;0
11;19;78;8;35;35;4;4.00;1;1;1;44;0;3093504;150;3092880
11;19;78;8;35;35;36;4.00;2;1;1;45;0;3093536;116;3092880
11;19;78;8;35;36;62;3.80;2;1;1;45;0;3093662;94;3092880
11;19;78;8;35;36;85;3.60;3;2;1;62;0;3093685;2285;0
11;19;78;8;35;36;77;4.60;1;1;1;41;0;3093677;140;3092880
11;19;78;8;35;38;8;4.00;4;2;1;71;0;3093808;746;0
11;19;78;8;35;37;89;3.60;1;1;1;41;0;3093789;71;3092880
11;19;78;8;35;39;22;3.40;1;1;1;14;0;3093922;101;3092880
11;19;78;8;35;40;99;3.40;2;1;1;56;0;3094099;406;0
11;19;78;8;35;41;69;9.40;1;1;2;34;0;3094169;159;3092880
11;19;78;8;35;43;97;3.40;1;1;1;33;0;3094397;128;3092880
11;19;78;8;35;45;8;4.00;3;2;1;68;0;3094508;802;0
11;19;78;8;35;45;29;3.60;2;1;1;56;0;3094529;408;0
11;19;78;8;35;45;35;3.20;1;1;1;36;0;3094535;100;3092880
11;19;78;8;35;46;82;3.80;3;2;1;61;0;3094682;152;3092880
11;19;78;8;35;47;8;3.40;2;1;1;53;0;3094708;155;3092880
11;19;78;8;35;46;89;3.60;1;1;1;34;0;3094689;122;3092880
11;19;78;8;35;47;87;3.40;3;2;1;59;0;3094787;82;3092880
11;19;78;8;35;49;67;3.40;1;1;1;38;0;3094967;239;0
11;19;78;8;35;51;7;3.60;3;2;1;61;0;3095107;299;0
11;19;78;8;35;51;32;4.60;1;1;1;40;0;3095132;132;0
11;19;78;8;35;52;96;4.00;1;1;1;37;0;3095296;122;0
11;19;78;8;35;53;96;1.80;3;1;1;24;0;3095396;-2;0
11;19;78;8;35;54;62;3.80;4;2;1;58;0;3095462;1633;0
11;19;78;8;35;56;2;3.20;4;2;1;61;0;3095602;116;0
11;19;78;8;35;56;91;3.20;1;1;1;36;0;3095691;356;0
11;19;78;8;35;58;10;3.60;2;1;1;60;0;3095810;1078;0
11;19;78;8;35;58;41;3.40;4;2;1;60;0;3095841;220;0
11;19;78;8;35;59;1;11.00;3;2;2;62;0;3095901;772;0
11;19;78;8;35;59;15;3.40;1;1;1;33;0;3095915;192;0
11;19;78;8;36;0;16;3.80;4;2;1;60;0;3096016;154;0
11;19;78;8;36;0;30;3.60;2;1;1;56;0;3096030;198;0
11;19;78;8;36;0;52;3.60;1;1;1;34;0;3096052;99;0
11;19;78;8;36;1;55;3.40;4;2;1;60;0;3096155;116;0
11;19;78;8;36;2;47;3.40;3;2;1;60;0;3096247;282;0
11;19;78;8;36;4;12;3.20;3;2;1;59;0;3096412;144;0
11;19;78;8;36;4;58;3.60;2;1;1;50;0;3096458;404;0
11;19;78;8;36;4;70;4.60;4;2;1;63;0;3096470;294;0
11;19;78;8;36;4;32;12.80;1;1;3;41;0;3096432;341;0
11;19;78;8;36;6;36;3.40;3;2;1;62;0;3096636;204;0
11;19;78;8;36;6;61;3.40;1;1;1;40;0;3096661;116;0
11;19;78;8;36;8;14;3.60;4;2;1;59;0;3096814;317;0
11;19;78;8;36;9;0;9.20;1;1;2;40;0;3096900;208;0
11;19;78;8;36;9;74;3.40;3;2;1;59;0;3096974;318;0
11;19;78;8;36;11;19;3.20;3;2;1;59;0;3097119;124;0
11;19;78;8;36;12;66;3.60;1;1;1;40;0;3097266;283;0
11;19;78;8;36;12;50;11.20;4;2;2;46;0;3097250;414;0
11;19;78;8;36;13;50;3.60;2;1;1;55;0;3097350;866;0
11;19;78;8;36;13;89;3.40;3;2;1;57;0;3097389;250;0
11;19;78;8;36;14;18;4.00;1;1;1;40;0;3097418;119;0
11;19;78;8;36;14;61;3.40;4;2;1;45;0;3097461;123;0
11;19;78;8;36;14;94;3.20;3;2;1;58;0;3097494;83;0
11;19;78;8;36;16;2;3.20;3;2;1;58;0;3097602;88;0
11;19;78;8;36;16;13;3.80;4;2;1;46;0;3097613;124;0
11;19;78;8;36;17;10;3.20;1;1;1;41;0;3097710;256;0
11;19;78;8;36;17;88;3.00;3;2;1;56;0;3097788;166;0
11;19;78;8;36;19;25;3.40;3;2;1;58;0;3097925;117;3097389
11;19;78;8;36;20;30;6.80;1;1;1;45;0;3098030;291;0
11;19;78;8;36;21;91;3.20;2;1;1;56;0;3098191;817;0
11;19;78;8;36;22;90;3.00;1;1;1;44;0;3098290;205;0
11;19;78;8;36;24;94;3.60;1;1;1;46;0;3098494;179;0
11;19;78;8;36;27;87;3.80;4;2;1;65;0;3098787;1144;0
11;19;78;8;36;33;40;3.60;4;2;1;61;0;3099340;531;0
11;19;78;8;36;36;95;3.60;4;2;1;61;0;3099695;333;0
11;19;78;8;36;41;22;3.20;3;2;1;59;0;3100122;2175;0
11;19;78;8;36;43;28;3.00;4;2;1;58;0;3100328;611;0
11;19;78;8;36;43;76;3.20;3;2;1;60;0;3100376;234;0
11;19;78;8;36;49;47;4.60;3;2;1;59;0;3100947;551;0
11;19;78;8;36;49;97;3.20;4;2;1;61;0;3100997;650;0
11;19;78;8;36;53;46;3.20;2;1;1;59;0;3101346;3134;0
11;19;78;8;36;59;71;3.60;2;1;1;51;0;3101971;605;0
11;19;78;8;37;1;92;3.80;4;2;1;59;0;3102192;1176;0
11;19;78;8;37;3;39;3.60;3;2;1;63;0;3102339;1363;0
11;19;78;8;37;3;44;3.20;4;2;1;57;0;3102344;128;0
11;19;78;8;37;7;5;3.40;1;1;1;49;0;3102705;4182;0
11;19;78;8;37;9;83;3.80;1;1;1;52;0;3102983;253;0
11;19;78;8;37;11;14;3.60;1;1;1;51;0;3103114;104;0
11;19;78;8;37;11;94;4.80;1;1;1;52;0;3103194;54;0
11;19;78;8;37;11;52;13.40;2;1;4;49;0;3103152;1155;0
11;19;78;8;37;13;2;3.60;4;2;1;66;0;3103302;937;0
11;19;78;8;37;13;13;3.60;2;1;1;46;0;3103313;62;0
11;19;78;8;37;14;5;3.40;1;1;1;53;0;3103405;177;0
11;19;78;8;37;14;29;4.00;2;1;1;49;0;3103429;87;0
11;19;78;8;37;15;53;3.80;2;1;1;48;0;3103553;94;0
11;19;78;8;37;15;66;3.60;1;1;1;51;0;3103566;137;3102983
11;19;78;8;37;17;58;3.20;2;1;1;46;0;3103758;176;3103152
11;19;78;8;37;17;75;8.20;1;1;2;59;0;3103775;183;3102983
11;19;78;8;37;18;57;3.60;4;2;1;73;0;3103857;535;0
11;19;78;8;37;19;42;3.20;1;1;1;52;0;3103942;116;3102983
11;19;78;8;37;19;56;4.00;2;1;1;53;0;3103956;172;3103152
11;19;78;8;37;21;3;3.60;1;1;1;51;0;3104103;138;3102983
11;19;78;8;37;21;19;3.20;2;1;1;54;0;3104119;135;3103152
11;19;78;8;37;21;88;3.20;1;1;1;51;0;3104188;59;3102983
11;19;78;8;37;24;93;3.60;1;1;1;50;0;3104493;282;0
11;19;78;8;37;25;2;3.60;2;1;1;53;0;3104502;361;0
11;19;78;8;37;25;94;3.60;3;2;1;72;0;3104594;2234;0
11;19;78;8;37;27;25;3.20;1;1;1;52;0;3104725;206;0
11;19;78;8;37;27;30;3.60;4;2;1;64;0;3104730;855;0
11;19;78;8;37;27;77;4.00;2;1;1;58;0;3104777;250;0
11;19;78;8;37;28;35;3.80;1;1;1;51;0;3104835;87;0
11;19;78;8;37;29;54;3.40;3;2;1;65;0;3104954;342;0
11;19;78;8;37;30;46;3.60;4;2;1;63;0;3105046;295;0
11;19;78;8;37;30;71;23.00;1;1;5;54;0;3105071;209;0
11;19;78;8;37;33;11;3.00;1;1;1;53;0;3105311;86;0
11;19;78;8;37;35;5;3.60;1;1;1;53;0;3105505;173;0
11;19;78;8;37;36;73;3.60;4;2;1;60;0;3105673;606;0
11;19;78;8;37;36;90;3.60;2;1;1;56;0;3105690;888;0
11;19;78;8;37;37;6;3.60;1;1;1;51;0;3105706;176;0
11;19;78;8;37;38;28;3.80;3;2;1;63;0;3105828;855;0
11;19;78;8;37;38;33;3.60;1;1;1;51;0;3105833;101;3105071
11;19;78;8;37;38;57;3.40;2;1;1;57;0;3105857;143;3105071
11;19;78;8;37;39;35;3.40;3;2;1;63;0;3105935;85;3105071
11;19;78;8;37;39;7;10.00;4;2;2;59;0;3105907;212;0
11;19;78;8;37;39;78;3.80;2;1;1;56;0;3105978;99;0
11;19;78;8;37;40;17;4.60;3;2;1;64;0;3106017;62;0
11;19;78;8;37;40;76;3.60;1;1;1;51;0;3106076;217;0
11;19;78;8;37;41;50;3.80;3;2;1;62;0;3106150;107;0
11;19;78;8;37;41;70;3.60;4;2;1;54;0;3106170;201;0
11;19;78;8;37;42;37;4.20;1;1;1;48;0;3106237;135;0
11;19;78;8;37;42;67;4.00;3;2;1;61;0;3106267;94;3105828
11;19;78;8;37;43;74;5.20;4;2;1;57;0;3106374;180;3105828
11;19;78;8;37;44;50;3.40;1;1;1;47;0;3106450;181;3105828
11;19;78;8;37;44;87;4.00;3;2;1;63;0;3106487;196;3105828
11;19;78;8;37;45;23;3.60;4;2;1;57;0;3106523;116;3105828
11;19;78;8;37;46;9;3.20;1;1;1;48;0;3106609;132;3105828
11;19;78;8;37;46;61;3.80;4;2;1;57;0;3106661;115;3105828
11;19;78;8;37;47;11;3.60;2;1;1;57;0;3106711;708;0
11;19;78;8;37;47;35;3.60;3;2;1;66;0;3106735;225;0
11;19;78;8;37;47;68;9.40;1;1;2;50;0;3106768;135;3106076
11;19;78;8;37;48;90;3.80;3;2;1;63;0;3106890;135;3106076
11;19;78;8;37;48;90;3.40;4;2;1;56;0;3106890;205;0
11;19;78;8;37;50;96;3.20;3;2;1;60;0;3107096;184;0
11;19;78;8;37;51;26;3.20;2;1;1;55;0;3107126;392;0
11;19;78;8;37;51;92;3.60;1;1;1;50;0;3107192;356;0
11;19;78;8;37;52;19;4.80;4;2;1;53;0;3107219;307;0
11;19;78;8;37;52;31;5.00;3;2;1;57;0;3107231;115;0
11;19;78;8;37;54;36;3.60;3;2;1;61;0;3107436;173;3106735
11;19;78;8;37;54;55;3.40;4;2;1;55;0;3107455;203;0
11;19;78;8;37;55;65;6.20;1;1;1;51;0;3107565;347;0
11;19;78;8;37;55;96;3.60;3;2;1;57;0;3107596;138;3106735
11;19;78;8;37;56;51;3.80;4;2;1;54;0;3107651;173;3106735
11;19;78;8;37;56;86;3.80;3;2;1;55;0;3107686;67;3106735
11;19;78;8;37;58;68;3.00;3;2;1;56;0;3107868;157;3106735
11;19;78;8;37;58;79;5.80;1;1;1;56;0;3107879;270;0
11;19;78;8;38;0;31;3.20;2;1;1;60;0;3108031;884;0
11;19;78;8;38;0;31;3.80;1;1;1;53;0;3108031;114;0
11;19;78;8;38;2;67;3.60;1;1;1;52;0;3108267;210;0
11;19;78;8;38;3;92;3.20;1;1;1;50;0;3108392;100;0
11;19;78;8;38;4;50;3.40;2;1;1;60;0;3108450;399;0
11;19;78;8;38;5;23;4.00;1;1;1;49;0;3108523;107;0
11;19;78;8;38;6;97;6.20;1;1;1;50;0;3108697;144;0
11;19;78;8;38;7;71;3.80;2;1;1;57;0;3108771;300;0
11;19;78;8;38;8;65;3.60;2;1;1;58;0;3108865;70;0
11;19;78;8;38;10;38;3.80;2;1;1;53;0;3109038;150;0
11;19;78;8;38;12;55;3.40;2;1;1;57;0;3109255;191;0
11;19;78;8;38;13;84;3.20;1;1;1;57;0;3109384;642;0
11;19;78;8;38;14;8;4.20;2;1;1;58;0;3109408;131;3108771
11;19;78;8;38;15;30;3.40;1;1;1;61;0;3109530;125;3108771
11;19;78;8;38;17;17;3.40;1;1;1;58;0;3109717;166;3108771
11;19;78;8;38;17;79;3.60;2;1;1;55;0;3109779;344;0
11;19;78;8;38;20;39;3.40;1;1;1;56;0;3110039;300;0
11;19;78;8;38;20;87;3.80;2;1;1;58;0;3110087;284;0
11;19;78;8;38;21;41;3.80;1;1;1;53;0;3110141;80;0
11;19;78;8;38;22;36;3.40;4;2;1;67;0;3110236;2559;0
11;19;78;8;38;23;63;3.40;1;1;1;52;0;3110363;196;0
11;19;78;8;38;26;37;3.00;1;1;1;51;0;3110637;250;0
11;19;78;8;38;28;7;12.60;3;2;3;57;0;3110807;2919;0
11;19;78;8;38;35;0;3.60;4;2;1;63;0;3111500;1245;0
11;19;78;8;38;35;65;3.80;3;2;1;63;0;3111565;678;0
11;19;78;8;38;36;92;3.80;3;2;1;62;0;3111692;105;0
11;19;78;8;38;38;7;2.80;4;2;1;60;0;3111807;286;0
11;19;78;8;38;40;43;3.80;2;1;1;56;0;3112043;1932;0
11;19;78;8;38;40;53;3.60;4;2;1;59;0;3112053;229;0
11;19;78;8;38;43;1;3.80;2;1;1;52;0;3112301;233;0
11;19;78;8;38;43;48;3.40;3;2;1;57;0;3112348;633;0
11;19;78;8;38;44;88;3.80;3;2;1;56;0;3112488;118;0
11;19;78;8;38;45;44;3.80;4;2;1;66;0;3112544;469;0
11;19;78;8;38;59;64;3.60;4;2;1;64;0;3113964;1399;0
11;19;78;8;39;0;23;3.80;2;1;1;57;0;3114023;1695;0
11;19;78;8;39;0;63;3.40;1;1;1;50;0;3114063;3404;0
11;19;78;8;39;1;34;4.40;4;2;1;53;0;3114134;149;0
11;19;78;8;39;6;75;3.80;4;2;1;50;0;3114675;511;0
11;19;78;8;39;9;29;3.60;3;2;1;63;0;3114929;2416;0
11;19;78;8;39;9;30;3.80;4;2;1;50;0;3114930;227;0
11;19;78;8;39;12;83;3.40;3;2;1;62;0;3115283;333;0
11;19;78;8;39;13;66;3.80;4;2;1;57;0;3115366;408;0
11;19;78;8;39;13;85;3.80;3;2;1;61;0;3115385;82;0
11;19;78;8;39;14;86;3.00;4;2;1;57;0;3115486;96;0
11;19;78;8;39;15;8;4.60;2;1;1;60;0;3115508;1461;0
11;19;78;8;39;15;74;6.00;1;1;1;62;0;3115574;1486;0
11;19;78;8;39;16;13;4.00;3;2;1;56;0;3115613;205;0
11;19;78;8;39;17;5;3.20;1;1;1;61;0;3115705;96;0
11;19;78;8;39;17;18;3.40;2;1;1;58;0;3115718;182;0
11;19;78;8;39;17;60;3.40;4;2;1;55;0;3115760;255;0
11;19;78;8;39;18;28;3.20;3;2;1;56;0;3115828;189;0
11;19;78;8;39;19;22;3.80;1;1;1;59;0;3115922;198;0
11;19;78;8;39;19;32;3.80;2;1;1;60;0;3115932;192;0
11;19;78;8;39;19;62;3.80;4;2;1;56;0;3115962;179;0
11;19;78;8;39;20;28;3.80;2;1;1;59;0;3116028;73;0
11;19;78;8;39;20;93;3.20;4;2;1;56;0;3116093;106;0
11;19;78;8;39;21;24;3.60;3;2;1;57;0;3116124;275;0
11;19;78;8;39;21;31;3.80;1;1;1;56;0;3116131;185;0
11;19;78;8;39;21;88;4.00;2;1;1;55;0;3116188;136;3115508
11;19;78;8;39;22;39;3.40;3;2;1;56;0;3116239;92;3115508
11;19;78;8;39;23;71;3.60;4;2;1;56;0;3116371;257;0
11;19;78;8;39;23;64;4.00;1;1;1;54;0;3116364;208;0
11;19;78;8;39;24;77;3.40;4;2;1;56;0;3116477;82;0
11;19;78;8;39;24;90;3.60;2;1;1;57;0;3116490;275;0
11;19;78;8;39;25;44;3.40;3;2;1;57;0;3116544;283;0
11;19;78;8;39;26;13;4.60;1;1;1;58;0;3116613;222;0
11;19;78;8;39;27;21;6.80;1;1;1;56;0;3116721;79;0
11;19;78;8;39;27;46;3.80;3;2;1;57;0;3116746;180;0
11;19;78;8;39;27;54;5.20;4;2;1;54;0;3116754;255;0
11;19;78;8;39;28;83;3.60;4;2;1;54;0;3116883;94;0
11;19;78;8;39;29;13;5.00;1;1;1;55;0;3116913;148;0
11;19;78;8;39;29;67;3.40;3;2;1;56;0;3116967;197;0
11;19;78;8;39;30;47;3.60;4;2;1;54;0;3117047;140;0
11;19;78;8;39;31;0;4.00;1;1;1;57;0;3117100;154;0
11;19;78;8;39;31;5;3.60;2;1;1;55;0;3117105;592;0
11;19;78;8;39;31;37;3.20;3;2;1;62;0;3117137;148;0
11;19;78;8;39;31;72;3.60;4;2;1;57;0;3117172;101;0
11;19;78;8;39;32;38;4.00;2;1;1;59;0;3117238;109;0
11;19;78;8;39;32;56;3.60;3;2;1;58;0;3117256;100;3116544
11;19;78;8;39;33;20;3.80;1;1;1;52;0;3117320;194;3116613
11;19;78;8;39;33;38;3.20;4;2;1;56;0;3117338;143;3116754
11;19;78;8;39;34;33;3.80;3;2;1;58;0;3117433;154;3116544
11;19;78;8;39;34;50;4.00;1;1;1;50;0;3117450;103;3116613
11;19;78;8;39;35;82;5.00;3;2;1;59;0;3117582;125;3116544
11;19;78;8;39;37;2;3.60;2;1;1;54;0;3117702;439;0
11;19;78;8;39;36;49;2.80;1;1;1;17;0;3117649;170;3116613
11;19;78;8;39;38;14;3.60;3;2;1;54;0;3117814;201;0
11;19;78;8;39;38;42;3.20;2;1;1;54;0;3117842;116;0
11;19;78;8;39;38;97;3.40;1;1;1;51;0;3117897;188;3116613
11;19;78;8;39;40;35;3.40;2;1;1;55;0;3118035;171;3116613
11;19;78;8;39;40;62;3.60;1;1;1;51;0;3118062;141;3116613
11;19;78;8;39;41;56;3.40;1;1;1;50;0;3118156;68;3116613
11;19;78;8;39;42;13;3.60;2;1;1;60;0;3118213;155;3116613
11;19;78;8;39;42;90;9.20;1;1;2;51;0;3118290;109;3116613
11;19;78;8;39;44;24;3.80;1;1;1;51;0;3118424;69;3116613
11;19;78;8;39;44;69;4.60;2;1;1;57;0;3118469;234;0
11;19;78;8;39;45;48;3.00;1;1;1;51;0;3118548;97;3116613
11;19;78;8;39;47;4;3.60;1;1;1;48;0;3118704;134;3116613
11;19;78;8;39;49;32;4.00;1;1;1;45;0;3118932;201;0
11;19;78;8;39;50;98;2.80;1;1;1;45;0;3119098;134;0
11;19;78;8;39;52;37;3.60;4;2;1;65;0;3119237;1878;0
11;19;78;8;39;52;44;9.40;1;1;2;46;0;3119244;123;0
11;19;78;8;39;54;64;3.20;1;1;1;45;0;3119464;146;0
11;19;78;8;39;55;96;3.60;1;1;1;45;0;3119596;106;3118932
11;19;78;8;39;56;25;4.00;4;2;1;60;0;3119625;368;0
11;19;78;8;39;56;61;3.60;3;2;1;63;0;3119661;1823;0
11;19;78;8;39;56;66;3.80;2;1;1;58;0;3119666;1167;0
11;19;78;8;39;58;96;3.20;1;1;1;46;0;3119896;271;0
11;19;78;8;39;59;88;3.40;4;2;1;63;0;3119988;339;0
11;19;78;8;40;0;22;3.80;1;1;1;42;0;3120022;100;0
11;19;78;8;40;1;21;3.80;2;1;1;54;0;3120121;431;0
11;19;78;8;40;3;89;3.40;4;2;1;61;0;3120389;381;0
11;19;78;8;40;5;26;4.00;1;1;1;55;0;3120526;471;0
11;19;78;8;40;5;80;3.60;4;2;1;59;0;3120580;170;0
11;19;78;8;40;7;19;3.40;2;1;1;52;0;3120719;572;0
11;19;78;8;40;7;32;3.80;1;1;1;57;0;3120732;179;0
11;19;78;8;40;8;55;3.60;1;1;1;55;0;3120855;99;0
11;19;78;8;40;14;41;3.80;2;1;1;68;0;3121441;698;0
11;19;78;8;40;16;24;4.00;1;1;1;64;0;3121624;745;0
11;19;78;8;40;16;98;3.80;4;2;1;64;0;3121698;1096;0
11;19;78;8;40;20;19;3.00;3;2;1;65;0;3122019;2337;0
11;19;78;8;40;20;94;3.20;4;2;1;61;0;3122094;374;0
11;19;78;8;40;20;87;3.80;1;1;1;49;0;3122087;440;0
11;19;78;8;40;22;66;3.80;1;1;1;50;0;3122266;151;0
11;19;78;8;40;23;51;3.20;4;2;1;60;0;3122351;238;0
11;19;78;8;40;24;37;3.80;1;1;1;49;0;3122437;143;0
11;19;78;8;40;28;27;3.40;4;2;1;59;0;3122827;456;0
11;19;78;8;40;34;41;3.20;4;2;1;60;0;3123441;593;0
11;19;78;8;40;43;52;3.60;4;2;1;54;0;3124352;891;0
11;19;78;8;40;48;6;3.80;4;2;1;64;0;3124806;430;0
11;19;78;8;40;50;2;4.60;3;2;1;67;0;3125002;2966;0
11;19;78;8;40;51;42;3.60;4;2;1;56;0;3125142;314;0
11;19;78;8;40;51;61;3.40;3;2;1;66;0;3125161;134;0
11;19;78;8;40;53;15;3.20;4;2;1;59;0;3125315;149;0
11;19;78;8;40;54;27;3.80;3;2;1;62;0;3125427;247;0
11;19;78;8;40;55;48;3.40;4;2;1;62;0;3125548;213;0
11;19;78;8;40;57;32;3.60;3;2;1;62;0;3125732;282;0
11;19;78;8;40;57;70;4.80;4;2;1;57;0;3125770;202;0
11;19;78;8;40;59;65;3.80;4;2;1;55;0;3125965;164;0
11;19;78;8;41;2;8;3.60;1;1;1;56;0;3126208;3743;0
11;19;78;8;41;2;33;3.60;4;2;1;55;0;3126233;243;0
11;19;78;8;41;3;25;3.60;3;2;1;61;0;3126325;572;0
11;19;78;8;41;4;42;3.40;4;2;1;56;0;3126442;185;0
11;19;78;8;41;6;65;3.40;3;2;1;61;0;3126665;318;0
11;19;78;8;41;6;92;3.80;4;2;1;59;0;3126692;228;0
11;19;78;8;41;8;51;3.80;3;2;1;62;0;3126851;165;0
11;19;78;8;41;8;63;15.60;4;2;4;54;0;3126863;147;0
11;19;78;8;41;10;84;3.20;3;2;1;62;0;3127084;210;0
11;19;78;8;41;11;4;8.60;4;2;2;54;0;3127104;137;0
11;19;78;8;41;12;15;3.80;3;2;1;60;0;3127215;112;0
11;19;78;8;41;13;64;3.40;4;2;1;53;0;3127364;202;0
11;19;78;8;41;13;70;4.00;3;2;1;59;0;3127370;132;0
11;19;78;8;41;14;91;3.80;4;2;1;53;0;3127491;103;0
11;19;78;8;41;16;54;3.40;4;2;1;55;0;3127654;137;0
11;19;78;8;41;18;14;3.20;4;2;1;54;0;3127814;137;0
11;19;78;8;41;18;99;3.80;3;2;1;57;0;3127899;504;0
11;19;78;8;41;21;8;3.80;3;2;1;55;0;3128108;185;0
11;19;78;8;41;21;19;3.60;4;2;1;53;0;3128119;283;0
11;19;78;8;41;23;43;4.00;4;2;1;54;0;3128343;199;0
11;19;78;8;41;25;67;4.00;1;1;1;61;0;3128567;2335;0
11;19;78;8;41;28;37;3.60;2;1;1;57;0;3128837;7375;0
11;19;78;8;41;29;76;4.00;2;1;1;59;0;3128976;116;0
11;19;78;8;41;29;91;6.20;1;1;1;58;0;3128991;400;0
11;19;78;8;41;30;82;10.80;2;1;2;56;0;3129082;81;0
11;19;78;8;41;31;57;3.80;1;1;1;61;0;3129157;127;0
11;19;78;8;41;33;47;6.80;1;1;2;55;0;3129347;167;0
11;19;78;8;41;33;74;3.60;2;1;1;59;0;3129374;222;0
11;19;78;8;41;35;3;5.40;1;1;1;53;0;3129503;111;0
11;19;78;8;41;35;41;3.80;2;1;1;56;0;3129541;145;0
11;19;78;8;41;36;99;3.60;4;2;1;64;0;3129699;1329;0
11;19;78;8;41;37;51;3.20;2;1;1;56;0;3129751;185;0
11;19;78;8;41;39;62;3.60;4;2;1;60;0;3129962;242;0
11;19;78;8;41;39;72;3.00;2;1;1;51;0;3129972;200;0
11;19;78;8;41;38;96;10.40;1;1;7;53;0;3129896;356;0
11;19;78;8;41;40;77;4.60;1;1;1;50;0;3130077;110;0
11;19;78;8;41;41;94;4.00;4;2;1;60;0;3130194;210;0
11;19;78;8;41;42;89;3.80;4;2;1;64;0;3130289;71;0
11;19;78;8;41;42;96;4.00;1;1;1;49;0;3130296;185;0
11;19;78;8;41;43;99;3.80;1;1;1;50;0;3130399;73;0
11;19;78;8;41;44;36;3.80;3;2;1;62;0;3130436;2303;0
11;19;78;8;41;45;26;10.00;2;1;2;60;0;3130526;532;0
11;19;78;8;41;46;32;3.80;1;1;1;47;0;3130632;205;0
11;19;78;8;41;46;91;3.60;2;1;1;59;0;3130691;105;0
11;19;78;8;41;48;49;3.20;1;1;1;46;0;3130849;187;0
11;19;78;8;41;49;73;3.20;4;2;1;60;0;3130973;662;0
11;19;78;8;41;49;56;3.80;1;1;1;44;0;3130956;81;0
11;19;78;8;41;50;58;3.60;2;1;1;56;0;3131058;345;0
11;19;78;8;41;51;50;3.80;1;1;1;42;0;3131150;162;0
11;19;78;8;41;53;60;3.60;2;1;1;53;0;3131360;278;0
11;19;78;8;41;54;38;5.00;1;1;1;42;0;3131438;255;0
11;19;78;8;41;55;13;3.80;4;2;1;65;0;3131513;520;0
11;19;78;8;41;56;17;3.20;1;1;1;40;0;3131617;136;0
11;19;78;8;41;58;27;4.20;1;1;1;39;0;3131827;181;0
11;19;78;8;41;59;68;4.80;2;1;1;62;0;3131968;583;0
11;19;78;8;41;59;90;3.40;3;2;1;61;0;3131990;1531;0
11;19;78;8;42;0;91;3.80;1;1;1;39;0;3132091;225;0
11;19;78;8;42;1;56;4.20;2;1;1;56;0;3132156;160;0
11;19;78;8;42;2;0;3.80;3;2;1;61;0;3132200;189;0
11;19;78;8;42;2;39;3.60;4;2;1;61;0;3132239;704;0
11;19;78;8;42;2;86;4.00;1;1;1;36;0;3132286;159;0
11;19;78;8;42;3;56;4.00;2;1;1;59;0;3132356;173;0
11;19;78;8;42;4;47;3.40;1;1;1;37;0;3132447;121;0
11;19;78;8;42;5;97;3.60;1;1;1;38;0;3132597;116;0
11;19;78;8;42;6;58;3.60;4;2;1;60;0;3132658;397;0
11;19;78;8;42;7;73;3.40;1;1;1;36;0;3132773;141;3132091
11;19;78;8;42;9;19;3.60;1;1;1;35;0;3132919;112;3132091
11;19;78;8;42;10;51;3.60;2;1;1;58;0;3133051;670;0
11;19;78;8;42;11;87;3.20;2;1;1;58;0;3133187;113;0
11;19;78;8;42;11;90;3.20;1;1;1;36;0;3133190;233;0
11;19;78;8;42;13;81;3.20;1;1;1;37;0;3133381;159;0
11;19;78;8;42;15;60;3.60;1;1;1;42;0;3133560;147;0
11;19;78;8;42;15;77;4.00;3;2;1;61;0;3133577;1354;0
11;19;78;8;42;15;97;3.60;2;1;1;57;0;3133597;390;0
11;19;78;8;42;16;5;4.60;4;2;1;54;0;3133605;925;0
11;19;78;8;42;17;44;2.80;1;1;1;41;0;3133744;153;0
11;19;78;8;42;19;51;3.80;2;1;1;59;0;3133951;331;0
11;19;78;8;42;19;35;3.60;1;1;1;40;0;3133935;166;3133190
11;19;78;8;42;21;10;3.60;2;1;1;52;0;3134110;135;3133190
11;19;78;8;42;22;28;3.20;1;1;1;42;0;3134228;260;0
11;19;78;8;42;24;2;3.80;2;1;1;54;0;3134402;267;0
11;19;78;8;42;23;77;3.80;1;1;1;38;0;3134377;121;0
11;19;78;8;42;24;71;3.40;4;2;1;55;0;3134471;835;0
11;19;78;8;42;25;13;3.60;1;1;1;37;0;3134513;100;0
11;19;78;8;42;26;57;4.00;4;2;1;62;0;3134657;163;0
11;19;78;8;42;26;62;3.00;1;1;1;43;0;3134662;113;0
11;19;78;8;42;29;45;3.40;4;2;1;65;0;3134945;264;0
11;19;78;8;42;32;6;3.60;4;2;1;61;0;3135206;242;0
11;19;78;8;42;32;51;3.80;3;2;1;62;0;3135251;1650;0
11;19;78;8;42;32;55;14.40;1;1;3;51;0;3135255;567;0
11;19;78;8;42;34;16;3.60;2;1;1;49;0;3135416;988;0
11;19;78;8;42;34;51;3.80;1;1;1;50;0;3135451;94;0
11;19;78;8;42;34;77;3.80;3;2;1;60;0;3135477;203;0
11;19;78;8;42;35;20;6.60;4;2;2;60;0;3135520;292;0
11;19;78;8;42;35;62;4.20;1;1;1;49;0;3135562;83;0
11;19;78;8;42;35;90;3.80;3;2;1;60;0;3135590;90;0
11;19;78;8;42;36;31;3.60;2;1;1;56;0;3135631;188;0
11;19;78;8;42;36;72;3.60;4;2;1;60;0;3135672;112;0
11;19;78;8;42;37;48;3.60;3;2;1;61;0;3135748;135;0
11;19;78;8;42;37;83;3.60;1;1;1;49;0;3135783;190;0
11;19;78;8;42;37;79;6.00;4;2;1;61;0;3135779;85;0
11;19;78;8;42;39;65;4.40;4;2;1;60;0;3135965;150;0
11;19;78;8;42;39;32;4.40;2;1;1;57;0;3135932;277;0
11;19;78;8;42;39;37;3.40;1;1;1;45;0;3135937;127;3135255
11;19;78;8;42;40;24;3.40;3;2;1;60;0;3136024;254;0
11;19;78;8;42;40;91;3.80;1;1;1;45;0;3136091;126;3135255
11;19;78;8;42;41;35;3.40;3;2;1;60;0;3136135;90;3135255
11;19;78;8;42;41;83;3.80;1;1;1;43;0;3136183;61;3135255
11;19;78;8;42;42;85;3.40;1;1;1;42;0;3136285;70;3135255
11;19;78;8;42;44;83;3.60;4;2;1;56;0;3136483;491;0
11;19;78;8;42;44;51;4.20;1;1;1;41;0;3136451;136;3135255
11;19;78;8;42;44;88;3.40;3;2;1;69;0;3136488;332;0
11;19;78;8;42;45;5;3.40;2;1;1;54;0;3136505;545;0
11;19;78;8;42;45;76;3.60;1;1;1;44;0;3136576;88;3135255
11;19;78;8;42;46;33;3.20;3;2;1;58;0;3136633;127;3135255
11;19;78;8;42;48;67;3.00;3;2;1;51;0;3136867;214;0
11;19;78;8;42;50;15;4.00;3;2;1;52;0;3137015;126;0
11;19;78;8;42;51;99;4.00;3;2;1;56;0;3137199;156;0
11;19;78;8;42;54;9;3.80;3;2;1;59;0;3137409;184;0
11;19;78;8;42;54;96;12.60;1;1;3;51;0;3137496;890;0
11;19;78;8;42;57;95;3.60;4;2;1;66;0;3137795;1288;0
11;19;78;8;43;0;40;4.40;4;2;1;61;0;3138040;225;0
11;19;78;8;43;5;22;3.60;1;1;1;56;0;3138522;937;0
11;19;78;8;43;19;59;3.80;4;2;1;62;0;3139959;1893;0
11;19;78;8;43;21;19;3.80;4;2;1;66;0;3140119;137;0
11;19;78;8;43;23;0;11.40;1;1;3;58;0;3140300;1754;0
11;19;78;8;43;25;53;3.40;1;1;1;57;0;3140553;182;0
11;19;78;8;43;26;93;3.40;1;1;1;54;0;3140693;118;0
11;19;78;8;43;28;14;3.80;4;2;1;61;0;3140814;674;0
11;19;78;8;43;28;63;3.60;1;1;1;51;0;3140863;147;0
11;19;78;8;43;29;28;3.40;4;2;1;59;0;3140928;91;0
11;19;78;8;43;32;90;4.00;1;1;1;56;0;3141290;401;0
11;19;78;8;43;34;69;3.60;4;2;1;61;0;3141469;520;0
11;19;78;8;43;37;32;6.00;2;1;1;60;0;3141732;5204;0
11;19;78;8;43;38;95;3.80;2;1;1;59;0;3141895;127;0
11;19;78;8;43;40;89;3.80;2;1;1;59;0;3142089;170;0
11;19;78;8;43;41;52;3.40;1;1;1;62;0;3142152;836;0
11;19;78;8;43;41;93;4.40;3;2;1;62;0;3142193;4760;0
11;19;78;8;43;42;3;3.20;4;2;1;57;0;3142203;712;0
11;19;78;8;43;43;67;3.60;2;1;1;49;0;3142367;254;0
11;19;78;8;43;44;65;3.60;4;2;1;60;0;3142465;241;0
11;19;78;8;43;44;47;8.40;2;1;2;49;0;3142447;53;0
11;19;78;8;43;44;92;3.20;1;1;1;49;0;3142492;320;0
11;19;78;8;43;45;28;3.40;3;2;1;58;0;3142528;309;0
11;19;78;8;43;45;98;3.20;4;2;1;59;0;3142598;111;0
11;19;78;8;43;46;15;3.80;1;1;1;51;0;3142615;99;0
11;19;78;8;43;46;56;3.80;2;1;1;46;0;3142656;147;0
11;19;78;8;43;46;85;3.60;3;2;1;57;0;3142685;135;0
11;19;78;8;43;47;25;3.60;1;1;1;50;0;3142725;83;0
11;19;78;8;43;48;21;4.00;2;1;1;47;0;3142821;135;0
11;19;78;8;43;48;54;4.00;1;1;1;48;0;3142854;103;0
11;19;78;8;43;49;59;3.40;2;1;1;47;0;3142959;107;3142367
11;19;78;8;43;50;5;3.40;1;1;1;46;0;3143005;121;3142492
11;19;78;8;43;51;13;4.40;1;1;1;43;0;3143113;81;3142492
11;19;78;8;43;52;65;3.60;1;1;1;43;0;3143265;115;3142492
11;19;78;8;43;53;23;3.60;2;1;1;51;0;3143323;337;0
11;19;78;8;43;53;77;3.20;1;1;1;41;0;3143377;81;3142492
11;19;78;8;43;54;65;4.00;1;1;1;40;0;3143465;59;3142492
11;19;78;8;43;56;27;4.20;1;1;1;41;0;3143627;126;3142492
11;19;78;8;43;57;9;3.60;2;1;1;57;0;3143709;360;0
11;19;78;8;43;58;15;3.20;1;1;1;42;0;3143815;151;3142492
11;19;78;8;43;59;52;3.80;1;1;1;41;0;3143952;109;3142492
11;19;78;8;44;0;66;4.00;2;1;1;46;0;3144066;334;0
11;19;78;8;44;1;31;3.40;1;1;1;39;0;3144131;145;3142492
11;19;78;8;44;2;86;3.00;2;1;1;43;0;3144286;188;3142492
11;19;78;8;44;3;92;3.60;1;1;1;38;0;3144392;229;0
11;19;78;8;44;4;37;3.60;2;1;1;44;0;3144437;125;0
11;19;78;8;44;5;64;4.00;2;1;1;48;0;3144564;97;0
11;19;78;8;44;5;55;3.60;1;1;1;36;0;3144555;128;0
11;19;78;8;44;6;51;3.60;4;2;1;63;0;3144651;2033;0
11;19;78;8;44;6;51;4.40;3;2;1;71;0;3144651;1943;0
11;19;78;8;44;6;67;2.80;1;1;1;39;0;3144667;76;0
11;19;78;8;44;6;45;13.40;2;1;4;50;0;3144645;51;3144066
11;19;78;8;44;8;48;4.80;2;1;1;50;0;3144848;106;3144066
11;19;78;8;44;8;51;3.80;1;1;1;37;0;3144851;158;3144066
11;19;78;8;44;9;33;3.80;3;2;1;62;0;3144933;259;0
11;19;78;8;44;9;50;3.60;4;2;1;60;0;3144950;278;0
11;19;78;8;44;9;72;3.40;2;1;1;49;0;3144972;89;3144066
11;19;78;8;44;10;83;3.20;2;1;1;49;0;3145083;86;3144066
11;19;78;8;44;11;1;5.00;4;2;1;58;0;3145101;129;3144066
11;19;78;8;44;10;87;4.20;1;1;1;39;0;3145087;199;3144392
11;19;78;8;44;12;44;3.60;2;1;1;47;0;3145244;137;3144066
11;19;78;8;44;12;18;6.40;1;1;1;38;0;3145218;92;3144392
11;19;78;8;44;13;50;3.80;1;1;1;35;0;3145350;71;3144392
11;19;78;8;44;16;7;3.60;3;2;1;72;0;3145607;651;0
11;19;78;8;44;16;14;3.00;4;2;1;60;0;3145614;481;0
11;19;78;8;44;16;16;5.20;1;1;1;41;0;3145616;226;0
11;19;78;8;44;17;21;3.60;2;1;1;50;0;3145721;449;0
11;19;78;8;44;17;64;4.00;4;2;1;60;0;3145764;132;0
11;19;78;8;44;18;77;2.60;2;1;1;50;0;3145877;130;0
11;19;78;8;44;19;52;3.40;3;2;1;60;0;3145952;327;0
11;19;78;8;44;20;60;3.80;3;2;1;62;0;3146060;87;0
11;19;78;8;44;20;24;3.80;2;1;1;47;0;3146024;128;0
11;19;78;8;44;20;20;4.20;1;1;1;38;0;3146020;358;0
11;19;78;8;44;21;59;3.40;2;1;1;46;0;3146159;105;0
11;19;78;8;44;21;65;3.20;1;1;1;38;0;3146165;105;0
11;19;78;8;44;23;1;3.60;2;1;1;45;0;3146301;115;3145721
11;19;78;8;44;22;88;3.80;1;1;1;35;0;3146288;92;3145721
11;19;78;8;44;23;21;6.20;3;2;1;61;0;3146321;238;0
11;19;78;8;44;23;69;14.20;4;2;3;52;0;3146369;581;0
11;19;78;8;44;24;38;3.60;2;1;1;45;0;3146438;108;3145721
11;19;78;8;44;25;69;3.80;3;2;1;58;0;3146569;211;0
11;19;78;8;44;25;49;3.40;1;1;1;34;0;3146549;221;0
11;19;78;8;44;25;89;3.40;2;1;1;42;0;3146589;122;3145721
11;19;78;8;44;26;13;5.80;4;2;1;52;0;3146613;145;3145721
11;19;78;8;44;27;0;3.60;2;1;1;42;0;3146700;81;3145721
11;19;78;8;44;27;71;3.40;3;2;1;59;0;3146771;178;3145721
11;19;78;8;44;26;98;3.20;1;1;1;32;0;3146698;113;3145721
11;19;78;8;44;27;95;3.80;4;2;1;52;0;3146795;141;3145721
11;19;78;8;44;28;73;3.20;3;2;1;59;0;3146873;81;3145721
11;19;78;8;44;28;69;3.20;1;1;1;32;0;3146869;135;3145721
11;19;78;8;44;29;17;3.40;2;1;1;44;0;3146917;186;3145721
11;19;78;8;44;30;23;3.40;1;1;1;30;0;3147023;118;3145721
11;19;78;8;44;31;42;3.20;3;2;1;54;0;3147142;249;0
11;19;78;8;44;31;71;3.80;2;1;1;43;0;3147171;226;0
11;19;78;8;44;32;36;3.00;3;2;1;54;0;3147236;72;0
11;19;78;8;44;32;86;3.40;1;1;1;34;0;3147286;222;0
11;19;78;8;44;33;19;3.40;2;1;1;42;0;3147319;116;0
11;19;78;8;44;33;56;3.40;3;2;1;55;0;3147356;100;0
11;19;78;8;44;34;74;3.40;4;2;1;55;0;3147474;652;0
11;19;78;8;44;34;85;4.00;2;1;1;46;0;3147485;136;0
11;19;78;8;44;35;3;3.80;3;2;1;57;0;3147503;124;0
11;19;78;8;44;36;17;3.60;2;1;1;49;0;3147617;100;0
11;19;78;8;44;36;40;3.20;3;2;1;59;0;3147640;113;3147142
11;19;78;8;44;36;49;6.20;4;2;2;61;0;3147649;152;3147142
11;19;78;8;44;36;75;3.40;1;1;1;53;0;3147675;353;0
11;19;78;8;44;37;33;3.60;3;2;1;57;0;3147733;73;3147142
11;19;78;8;44;38;87;3.20;1;1;1;52;0;3147887;188;3147142
11;19;78;8;44;40;60;3.00;1;1;1;51;0;3148060;150;3147142
11;19;78;8;44;42;46;3.20;1;1;1;53;0;3148246;164;3147142
11;19;78;8;44;44;74;3.20;1;1;1;52;0;3148474;206;0
11;19;78;8;44;45;94;3.20;1;1;1;48;0;3148594;97;0
11;19;78;8;44;49;50;3.60;2;1;1;55;0;3148950;1306;0
11;19;78;8;44;49;42;3.40;1;1;1;48;0;3148942;324;0
11;19;78;8;44;50;48;3.40;1;1;1;48;0;3149048;80;0
11;19;78;8;44;51;40;3.60;1;1;1;48;0;3149140;66;0
11;19;78;8;44;52;0;3.40;2;1;1;57;0;3149200;226;0
11;19;78;8;44;51;41;12.20;4;2;3;49;0;3149141;1455;0
11;19;78;8;44;52;78;3.60;1;1;1;47;0;3149278;111;0
11;19;78;8;44;52;87;4.00;2;1;1;56;0;3149287;65;0
11;19;78;8;44;53;77;3.00;1;1;1;44;0;3149377;71;3148942
11;19;78;8;44;55;48;3.00;4;2;1;60;0;3149548;317;0
11;19;78;8;44;57;11;3.60;3;2;1;62;0;3149711;1955;0
11;19;78;8;44;58;19;3.20;3;2;1;60;0;3149819;87;0
11;19;78;8;44;58;17;3.40;2;1;1;44;0;3149817;504;0
11;19;78;8;45;2;81;3.60;4;2;1;58;0;3150281;715;0
11;19;78;8;45;5;41;3.60;4;2;1;58;0;3150541;237;0
11;19;78;8;45;8;15;3.80;4;2;1;57;0;3150815;251;0
11;19;78;8;45;10;31;3.40;4;2;1;59;0;3151031;192;0
11;19;78;8;45;16;84;4.00;4;2;1;63;0;3151684;632;0
11;19;78;8;45;17;83;3.40;3;2;1;60;0;3151783;1944;0
11;19;78;8;45;21;43;5.00;4;2;1;67;0;3152143;436;0
11;19;78;8;45;24;62;3.40;4;2;1;64;0;3152462;292;0
11;19;78;8;45;26;71;3.00;1;1;1;55;0;3152671;3269;0
11;19;78;8;45;29;5;3.80;1;1;1;60;0;3152905;214;0
11;19;78;8;45;32;60;4.00;2;1;1;59;0;3153260;3415;0
11;19;78;8;45;32;79;3.20;1;1;1;55;0;3153279;351;0
11;19;78;8;45;33;19;3.80;3;2;1;65;0;3153319;1515;0
11;19;78;8;45;33;83;3.80;1;1;1;54;0;3153383;83;0
11;19;78;8;45;34;10;3.40;2;1;1;58;0;3153410;125;0
11;19;78;8;45;35;94;4.00;1;1;1;50;0;3153594;185;0
11;19;78;8;45;36;61;3.80;2;1;1;54;0;3153661;229;0
11;19;78;8;45;37;76;4.20;2;1;1;55;0;3153776;89;0
11;19;78;8;45;38;26;3.80;1;1;1;51;0;3153826;203;0
11;19;78;8;45;39;39;3.60;4;2;1;58;0;3153939;1457;0
11;19;78;8;45;39;61;3.60;1;1;1;52;0;3153961;108;0
11;19;78;8;45;41;16;3.60;2;1;1;51;0;3154116;312;0
11;19;78;8;45;41;49;3.60;1;1;1;54;0;3154149;163;0
11;19;78;8;45;42;46;3.20;2;1;1;53;0;3154246;104;0
11;19;78;8;45;43;35;3.20;4;2;1;56;0;3154335;373;0
11;19;78;8;45;43;62;3.40;1;1;1;51;0;3154362;189;0
11;19;78;8;45;44;77;3.80;2;1;1;55;0;3154477;209;0
11;19;78;8;45;45;70;3.60;1;1;1;50;0;3154570;184;3153826
11;19;78;8;45;45;88;4.00;2;1;1;51;0;3154588;86;3153826
11;19;78;8;45;46;72;3.60;4;2;1;57;0;3154672;316;0
11;19;78;8;45;46;90;3.40;1;1;1;47;0;3154690;94;3153826
11;19;78;8;45;47;64;4.00;1;1;1;50;0;3154764;47;3153826
11;19;78;8;45;48;75;3.40;1;1;1;48;0;3154875;82;3153826
11;19;78;8;45;49;78;3.00;4;2;1;56;0;3154978;283;0
11;19;78;8;45;50;16;3.60;1;1;1;48;0;3155016;115;3153826
11;19;78;8;45;50;69;3.60;3;2;1;60;0;3155069;1728;0
11;19;78;8;45;51;13;3.60;2;1;1;55;0;3155113;496;0
11;19;78;8;45;51;33;3.20;4;2;1;54;0;3155133;135;0
11;19;78;8;45;51;71;3.40;1;1;1;45;0;3155171;128;3153826
11;19;78;8;45;52;58;3.40;4;2;1;57;0;3155258;103;3153826
11;19;78;8;45;53;3;4.00;2;1;1;53;0;3155303;166;3153826
11;19;78;8;45;53;27;3.40;1;1;1;48;0;3155327;128;3153826
11;19;78;8;45;53;82;3.40;3;2;1;59;0;3155382;291;0
11;19;78;8;45;53;99;3.60;4;2;1;56;0;3155399;119;0
11;19;78;8;45;54;65;3.40;2;1;1;51;0;3155465;134;0
11;19;78;8;45;54;80;3.60;3;2;1;61;0;3155480;77;0
11;19;78;8;45;54;95;3.60;1;1;1;52;0;3155495;142;3153826
11;19;78;8;45;55;92;3.80;2;1;1;52;0;3155592;103;3153826
11;19;78;8;45;56;18;3.80;3;2;1;61;0;3155618;116;3153826
11;19;78;8;45;56;29;4.60;4;2;1;58;0;3155629;206;0
11;19;78;8;45;57;14;3.40;1;1;1;48;0;3155714;194;3153826
11;19;78;8;45;57;15;3.60;2;1;1;51;0;3155715;96;3155113
11;19;78;8;45;58;33;3.80;2;1;1;52;0;3155833;92;3155113
11;19;78;8;45;58;16;6.60;1;1;1;47;0;3155816;76;3153826
11;19;78;8;45;59;31;3.60;3;2;1;64;0;3155931;290;0
11;19;78;8;45;59;50;3.60;1;1;1;49;0;3155950;83;3153826
11;19;78;8;45;58;90;15.80;4;2;4;60;0;3155890;232;0
11;19;78;8;46;0;25;4.60;1;1;1;49;0;3156025;48;3153826
11;19;78;8;46;0;81;4.00;3;2;1;62;0;3156081;129;3153826
11;19;78;8;46;1;95;3.00;3;2;1;61;0;3156195;90;3153826
11;19;78;8;46;2;26;3.80;1;1;1;44;0;3156226;167;3153826
11;19;78;8;46;2;82;3.40;3;2;1;58;0;3156282;69;3153826
11;19;78;8;46;3;24;3.40;2;1;1;49;0;3156324;464;0
11;19;78;8;46;4;49;3.20;4;2;1;59;0;3156449;464;0
11;19;78;8;46;5;92;3.80;3;2;1;58;0;3156592;288;0
11;19;78;8;46;5;89;4.00;4;2;1;57;0;3156589;120;0
11;19;78;8;46;6;90;3.40;3;2;1;57;0;3156690;74;0
11;19;78;8;46;7;0;3.80;1;1;1;45;0;3156700;442;0
11;19;78;8;46;7;1;4.20;2;1;1;47;0;3156701;352;0
11;19;78;8;46;7;52;3.80;4;2;1;56;0;3156752;137;0
11;19;78;8;46;7;97;6.20;2;1;1;47;0;3156797;63;0
11;19;78;8;46;9;36;3.60;4;2;1;57;0;3156936;159;0
11;19;78;8;46;9;69;3.40;1;1;1;45;0;3156969;238;0
11;19;78;8;46;9;88;3.60;2;1;1;48;0;3156988;143;0
11;19;78;8;46;12;17;4.20;3;2;1;60;0;3157217;505;0
11;19;78;8;46;12;70;3.60;2;1;1;50;0;3157270;255;0
11;19;78;8;46;13;7;4.20;1;1;1;46;0;3157307;310;0
11;19;78;8;46;14;14;3.40;4;2;1;61;0;3157414;455;0
11;19;78;8;46;14;19;3.40;3;2;1;59;0;3157419;176;0
11;19;78;8;46;14;88;3.80;2;1;1;50;0;3157488;192;0
11;19;78;8;46;14;78;3.80;1;1;1;45;0;3157478;138;0
11;19;78;8;46;15;79;3.80;3;2;1;59;0;3157579;139;0
11;19;78;8;46;16;63;3.60;4;2;1;57;0;3157663;228;0
11;19;78;8;46;16;59;3.60;1;1;1;43;0;3157659;150;0
11;19;78;8;46;17;41;3.80;1;1;1;42;0;3157741;51;0
11;19;78;8;46;17;96;3.60;3;2;1;57;0;3157796;193;0
11;19;78;8;46;18;56;4.60;1;1;1;45;0;3157856;82;3157307
11;19;78;8;46;19;24;3.40;3;2;1;56;0;3157924;105;3157217
11;19;78;8;46;19;89;4.00;2;1;1;53;0;3157989;473;0
11;19;78;8;46;21;45;3.20;2;1;1;52;0;3158145;128;0
11;19;78;8;46;22;81;4.00;2;1;1;50;0;3158281;113;0
11;19;78;8;46;23;21;4.20;1;1;1;48;0;3158321;428;0
11;19;78;8;46;24;26;4.00;1;1;1;46;0;3158426;73;0
11;19;78;8;46;27;25;3.40;1;1;1;47;0;3158725;267;0
11;19;78;8;46;28;14;3.60;1;1;1;47;0;3158814;62;0
11;19;78;8;46;31;3;3.40;1;1;1;43;0;3159103;261;0
11;19;78;8;46;32;27;3.60;1;1;1;41;0;3159227;95;0
11;19;78;8;46;34;44;3.60;1;1;1;41;0;3159444;185;0
11;19;78;8;46;36;0;5.00;2;1;1;64;0;3159600;1290;0
11;19;78;8;46;36;49;3.00;1;1;1;42;0;3159649;173;0
11;19;78;8;46;38;23;4.00;4;2;1;66;0;3159823;2137;0
11;19;78;8;46;38;14;3.80;1;1;1;41;0;3159814;139;3159103
11;19;78;8;46;39;58;3.80;1;1;1;42;0;3159958;110;3159103
11;19;78;8;46;41;19;3.40;1;1;1;43;0;3160119;128;3159103
11;19;78;8;46;42;59;4.00;2;1;1;53;0;3160259;630;0
11;19;78;8;46;43;42;3.20;1;1;1;43;0;3160342;194;3159103
11;19;78;8;46;46;43;3.60;1;1;1;49;0;3160643;274;0
11;19;78;8;46;52;55;3.60;2;1;1;58;0;3161255;968;0
11;19;78;8;46;53;74;4.00;1;1;1;53;0;3161374;704;0
11;19;78;8;46;53;94;3.40;4;2;1;59;0;3161394;1549;0
11;19;78;8;46;55;31;4.00;1;1;1;52;0;3161531;129;0
11;19;78;8;46;55;32;4.20;2;1;1;57;0;3161532;254;0
11;19;78;8;46;57;16;3.20;1;1;1;55;0;3161716;157;0
11;19;78;8;46;57;90;3.40;2;1;1;58;0;3161790;231;0
11;19;78;8;46;59;57;3.60;4;2;1;54;0;3161957;542;0
11;19;78;8;47;1;34;3.60;1;1;1;46;0;3162134;397;0
11;19;78;8;47;1;64;4.00;3;2;1;65;0;3162164;4218;0
11;19;78;8;47;2;53;4.00;1;1;1;49;0;3162253;90;0
11;19;78;8;47;2;72;4.00;4;2;1;50;0;3162272;291;0
11;19;78;8;47;7;59;8.20;4;2;2;59;0;3162759;458;0
11;19;78;8;47;10;11;8.80;4;2;2;57;0;3163011;201;0
11;19;78;8;47;12;64;3.80;4;2;1;59;0;3163264;197;0
11;19;78;8;47;16;68;3.40;1;1;1;58;0;3163668;1385;0
11;19;78;8;47;17;88;3.40;4;2;1;56;0;3163788;500;0
11;19;78;8;47;19;43;5.00;1;1;1;62;0;3163943;253;0
11;19;78;8;47;24;7;3.40;1;1;1;56;0;3164407;434;0
11;19;78;8;47;25;21;3.40;4;2;1;64;0;3164521;711;0
11;19;78;8;47;27;4;3.60;4;2;1;62;0;3164704;163;0
11;19;78;8;47;27;8;3.20;3;2;1;63;0;3164708;2521;0
11;19;78;8;47;27;91;6.40;3;2;1;63;0;3164791;64;0
11;19;78;8;47;28;82;3.80;4;2;1;62;0;3164882;157;0
11;19;78;8;47;28;94;3.40;1;1;1;50;0;3164894;465;0
11;19;78;8;47;29;3;4.00;3;2;1;64;0;3164903;75;0
11;19;78;8;47;29;96;3.40;2;1;1;55;0;3164996;3184;0
11;19;78;8;47;30;58;3.80;4;2;1;60;0;3165058;153;0
11;19;78;8;47;31;10;3.80;3;2;1;63;0;3165110;184;0
11;19;78;8;47;33;39;3.60;1;1;1;57;0;3165339;420;0
11;19;78;8;47;33;59;3.00;4;2;1;59;0;3165359;278;0
11;19;78;8;47;33;57;4.80;3;2;1;63;0;3165357;225;0
11;19;78;8;47;34;78;2.80;3;2;1;60;0;3165478;93;0
11;19;78;8;47;35;96;3.80;4;2;1;63;0;3165596;218;0
11;19;78;8;47;37;32;6.60;4;2;2;60;0;3165732;114;0
11;19;78;8;47;37;71;7.80;2;1;2;57;0;3165771;752;0
11;19;78;8;47;38;73;3.80;3;2;1;62;0;3165873;378;0
11;19;78;8;47;38;55;5.40;1;1;1;52;0;3165855;493;0
11;19;78;8;47;39;68;3.40;1;1;1;51;0;3165968;75;0
11;19;78;8;47;39;98;3.80;4;2;1;58;0;3165998;226;0
11;19;78;8;47;40;20;3.20;2;1;1;60;0;3166020;199;0
11;19;78;8;47;40;83;3.60;1;1;1;51;0;3166083;91;0
11;19;78;8;47;41;99;3.40;2;1;1;55;0;3166199;159;0
11;19;78;8;47;42;21;3.80;1;1;1;51;0;3166221;112;0
11;19;78;8;47;43;12;3.20;4;2;1;59;0;3166312;290;0
11;19;78;8;47;43;68;3.80;1;1;1;48;0;3166368;120;3165855
11;19;78;8;47;44;2;4.40;3;2;1;65;0;3166402;506;0
11;19;78;8;47;44;20;3.80;2;1;1;55;0;3166420;198;0
11;19;78;8;47;45;34;3.80;4;2;1;54;0;3166534;202;0
11;19;78;8;47;45;48;3.40;1;1;1;51;0;3166548;151;3165855
11;19;78;8;47;45;97;3.40;3;2;1;63;0;3166597;170;3165855
11;19;78;8;47;46;9;3.20;2;1;1;56;0;3166609;164;3165771
11;19;78;8;47;47;47;3.80;2;1;1;55;0;3166747;117;3165771
11;19;78;8;47;48;51;5.60;1;1;1;53;0;3166851;279;0
11;19;78;8;47;48;6;13.80;4;2;4;55;0;3166806;246;0
11;19;78;8;47;48;89;3.60;2;1;1;54;0;3166889;117;3165771
11;19;78;8;47;49;80;3.60;1;1;1;51;0;3166980;90;3165771
11;19;78;8;47;51;60;4.40;2;1;1;57;0;3167160;247;0
11;19;78;8;47;51;59;3.60;1;1;1;52;0;3167159;153;0
11;19;78;8;47;52;4;2.80;3;2;1;59;0;3167204;587;0
11;19;78;8;47;53;47;4.00;4;2;1;59;0;3167347;450;0
11;19;78;8;47;53;48;3.60;1;1;1;51;0;3167348;164;0
11;19;78;8;47;55;88;5.20;3;2;1;54;0;3167588;366;0
11;19;78;8;47;56;83;3.40;1;1;1;53;0;3167683;309;0
11;19;78;8;47;58;34;3.40;1;1;1;54;0;3167834;127;0
11;19;78;8;48;0;62;3.40;1;1;1;50;0;3168062;205;0
11;19;78;8;48;1;79;6.20;2;1;1;62;0;3168179;991;0
11;19;78;8;48;2;0;3.60;1;1;1;52;0;3168200;113;0
11;19;78;8;48;2;30;3.00;3;2;1;59;0;3168230;607;0
11;19;78;8;48;2;83;4.00;2;1;1;59;0;3168283;68;0
11;19;78;8;48;3;65;3.40;1;1;1;53;0;3168365;140;0
11;19;78;8;48;4;12;3.40;2;1;1;57;0;3168412;104;0
11;19;78;8;48;5;36;3.60;1;1;1;53;0;3168536;147;0
11;19;78;8;48;6;34;4.80;1;1;1;54;0;3168634;73;3168062
11;19;78;8;48;7;62;3.80;2;1;1;58;0;3168762;328;0
11;19;78;8;48;9;31;3.60;1;1;1;52;0;3168931;265;0
11;19;78;8;48;9;71;3.60;2;1;1;55;0;3168971;185;0
11;19;78;8;48;11;5;3.60;1;1;1;51;0;3169105;149;0
11;19;78;8;48;11;42;4.60;2;1;1;55;0;3169142;147;0
11;19;78;8;48;12;46;3.80;1;1;1;50;0;3169246;115;0
11;19;78;8;48;15;23;3.80;1;1;1;53;0;3169523;249;0
11;19;78;8;48;16;89;3.80;1;1;1;52;0;3169689;140;0
11;19;78;8;48;17;53;3.80;4;2;1;71;0;3169753;2381;0
11;19;78;8;48;18;11;3.80;2;1;1;58;0;3169811;638;0
11;19;78;8;48;18;71;3.00;1;1;1;48;0;3169871;155;0
11;19;78;8;48;19;7;3.80;4;2;1;63;0;3169907;134;0
11;19;78;8;48;20;69;3.40;4;2;1;59;0;3170069;140;0
11;19;78;8;48;21;44;4.80;4;2;1;62;0;3170144;54;0
11;19;78;8;48;21;55;3.60;2;1;1;53;0;3170155;320;0
11;19;78;8;48;24;24;3.40;3;2;1;60;0;3170424;2175;0
11;19;78;8;48;25;3;3.20;2;1;1;56;0;3170503;323;0
11;19;78;8;48;25;93;9.60;1;1;2;58;0;3170593;699;0
11;19;78;8;48;27;75;3.60;1;1;1;59;0;3170775;122;0
11;19;78;8;48;30;2;4.00;1;1;1;58;0;3171002;205;0
11;19;78;8;48;34;0;3.60;1;1;1;56;0;3171400;373;0
11;19;78;8;48;36;65;3.60;4;2;1;59;0;3171665;1493;0
11;19;78;8;48;36;76;3.40;1;1;1;59;0;3171676;252;0
11;19;78;8;48;38;98;4.60;1;1;1;56;0;3171898;201;0
11;19;78;8;48;39;88;3.20;2;1;1;55;0;3171988;1464;0
11;19;78;8;48;40;19;3.60;1;1;1;53;0;3172019;91;0
11;19;78;8;48;41;29;4.60;2;1;1;57;0;3172129;120;0
11;19;78;8;48;42;63;3.00;1;1;1;57;0;3172263;219;0
11;19;78;8;48;43;21;3.60;2;1;1;62;0;3172321;162;0
11;19;78;8;48;43;37;3.60;3;2;1;59;0;3172337;1892;0
11;19;78;8;48;43;43;4.00;1;1;1;57;0;3172343;61;0
11;19;78;8;48;44;1;3.60;4;2;1;54;0;3172401;714;0
11;19;78;8;48;44;87;4.40;2;1;1;65;0;3172487;145;0
11;19;78;8;48;46;68;3.60;1;1;1;57;0;3172668;299;0
11;19;78;8;48;47;60;4.60;4;2;1;49;0;3172760;335;0
11;19;78;8;48;49;9;11.80;1;1;3;53;0;3172909;218;0
11;19;78;8;48;49;79;3.60;3;2;1;70;0;3172979;620;0
11;19;78;8;48;51;18;3.80;1;1;1;55;0;3173118;128;0
11;19;78;8;48;52;24;3.80;2;1;1;61;0;3173224;712;0
11;19;78;8;48;53;98;3.60;1;1;1;54;0;3173398;255;0
11;19;78;8;48;55;76;11.80;1;1;3;50;0;3173576;154;0
11;19;78;8;49;1;53;3.00;4;2;1;59;0;3174153;1359;0
11;19;78;8;49;4;45;3.60;1;1;1;58;0;3174445;784;0
11;19;78;8;49;9;92;3.80;4;2;1;58;0;3174992;820;0
11;19;78;8;49;11;79;4.60;1;1;1;39;0;3175179;711;0
11;19;78;8;49;16;60;4.40;4;2;1;56;0;3175660;644;0
11;19;78;8;49;16;99;3.20;3;2;1;62;0;3175699;2701;0
11;19;78;8;49;17;66;3.80;4;2;1;56;0;3175766;77;0
11;19;78;8;49;18;0;12.20;3;2;7;60;0;3175800;82;0
11;19;78;8;49;20;28;3.80;3;2;1;56;0;3176028;154;0
11;19;78;8;49;22;37;3.80;4;2;1;57;0;3176237;446;0
11;19;78;8;49;22;87;3.60;3;2;1;62;0;3176287;234;0
11;19;78;8;49;25;6;3.20;3;2;1;57;0;3176506;198;0
11;19;78;8;49;25;73;3.40;4;2;1;49;0;3176573;312;0
11;19;78;8;49;27;11;3.60;4;2;1;50;0;3176711;113;0
11;19;78;8;49;27;37;3.00;3;2;1;60;0;3176737;210;0
11;19;78;8;49;28;81;3.80;3;2;1;58;0;3176881;126;0
11;19;78;8;49;28;93;9.60;4;2;2;54;0;3176893;156;0
11;19;78;8;49;30;77;3.60;3;2;1;56;0;3177077;172;0
11;19;78;8;49;31;98;3.60;3;2;1;57;0;3177198;97;0
11;19;78;8;49;32;95;3.40;3;2;1;55;0;3177295;74;3176737
11;19;78;8;49;33;85;4.00;1;1;1;60;0;3177385;2163;0
11;19;78;8;49;34;58;3.80;3;2;1;55;0;3177458;140;3176737
11;19;78;8;49;34;53;12.40;4;2;3;44;0;3177453;496;0
11;19;78;8;49;39;75;11.40;4;2;3;43;0;3177975;420;0
11;19;78;8;49;41;4;3.20;2;1;1;58;0;3178104;4857;0
11;19;78;8;49;41;90;3.60;2;1;1;60;0;3178190;66;0
11;19;78;8;49;42;8;3.80;4;2;1;41;0;3178208;137;0
11;19;78;8;49;42;27;3.80;1;1;1;57;0;3178227;818;0
11;19;78;8;49;43;87;3.60;1;1;1;60;0;3178387;136;0
11;19;78;8;49;45;88;3.40;1;1;1;57;0;3178588;179;0
11;19;78;8;49;46;1;4.00;2;1;1;57;0;3178601;389;0
11;19;78;8;49;47;14;5.60;2;1;1;58;0;3178714;87;0
11;19;78;8;49;48;38;3.00;2;1;1;52;0;3178838;89;0
11;19;78;8;49;48;45;3.80;1;1;1;57;0;3178845;235;0
11;19;78;8;49;49;39;4.00;2;1;1;50;0;3178939;80;0
11;19;78;8;49;50;83;3.00;1;1;1;55;0;3179083;214;0
11;19;78;8;49;51;1;3.80;2;1;1;49;0;3179101;133;3178601
11;19;78;8;49;53;14;3.20;1;1;1;55;0;3179314;211;0
11;19;78;8;49;55;30;4.40;2;1;1;58;0;3179530;401;0
11;19;78;8;49;56;79;3.80;2;1;1;58;0;3179679;121;0
11;19;78;8;49;56;30;11.00;1;1;2;55;0;3179630;295;0
11;19;78;8;49;58;40;10.20;1;1;2;56;0;3179840;138;0
11;19;78;8;49;59;9;4.60;2;1;1;59;0;3179909;206;0
11;19;78;8;50;0;41;3.60;1;1;1;57;0;3180041;135;0
11;19;78;8;50;1;50;3.60;2;1;1;60;0;3180150;212;0
11;19;78;8;50;1;82;3.20;1;1;1;49;0;3180182;118;0
11;19;78;8;50;2;76;3.40;1;1;1;50;0;3180276;70;3179630
11;19;78;8;50;3;22;4.20;2;1;1;57;0;3180322;150;3179630
11;19;78;8;50;4;30;4.40;1;1;1;53;0;3180430;129;3179630
11;19;78;8;50;5;7;4.20;2;1;1;58;0;3180507;158;3179630
11;19;78;8;50;6;33;3.60;2;1;1;56;0;3180633;99;3179630
11;19;78;8;50;6;24;8.40;1;1;2;54;0;3180624;164;3179630
11;19;78;8;50;8;26;3.40;3;2;1;62;0;3180826;3343;0
11;19;78;8;50;8;0;4.60;1;1;1;52;0;3180800;120;3179630
11;19;78;8;50;10;5;3.80;2;1;1;57;0;3181005;348;0
11;19;78;8;50;10;12;3.60;1;1;1;50;0;3181012;180;3179630
11;19;78;8;50;11;18;3.80;1;1;1;49;0;3181118;80;3179630
11;19;78;8;50;12;30;4.00;3;2;1;65;0;3181230;384;0
11;19;78;8;50;12;47;3.80;2;1;1;53;0;3181247;218;0
11;19;78;8;50;12;63;3.00;4;2;1;58;0;3181263;3021;0
11;19;78;8;50;13;31;3.80;1;1;1;48;0;3181331;185;3179630
11;19;78;8;50;13;65;3.60;4;2;1;62;0;3181365;83;3179630
11;19;78;8;50;14;30;3.40;3;2;1;59;0;3181430;177;3179630
11;19;78;8;50;14;24;4.20;1;1;1;47;0;3181424;64;3179630
11;19;78;8;50;15;8;3.20;1;1;1;45;0;3181508;51;3179630
11;19;78;8;50;14;93;6.20;2;1;1;50;0;3181493;220;0
11;19;78;8;50;17;3;3.80;4;2;1;57;0;3181703;317;0
11;19;78;8;50;17;41;3.60;1;1;1;49;0;3181741;207;0
11;19;78;8;50;18;37;3.60;3;2;1;63;0;3181837;386;0
11;19;78;8;50;18;75;3.40;1;1;1;44;0;3181875;107;0
11;19;78;8;50;19;64;6.00;4;2;1;56;0;3181964;237;0
11;19;78;8;50;19;86;3.40;1;1;1;47;0;3181986;83;0
11;19;78;8;50;20;30;3.60;2;1;1;60;0;3182030;492;0
11;19;78;8;50;21;21;3.80;1;1;1;47;0;3182121;108;0
11;19;78;8;50;22;35;3.60;1;1;1;47;0;3182235;84;3181741
11;19;78;8;50;22;52;4.00;2;1;1;60;0;3182252;200;0
11;19;78;8;50;23;94;3.00;1;1;1;44;0;3182394;131;3181741
11;19;78;8;50;24;29;3.80;2;1;1;58;0;3182429;153;3181741
11;19;78;8;50;25;9;3.60;1;1;1;42;0;3182509;90;3181741
11;19;78;8;50;25;96;3.60;2;1;1;53;0;3182596;143;3181741
11;19;78;8;50;26;18;5.00;1;1;1;41;0;3182618;78;3181741
11;19;78;8;50;27;13;2.20;2;1;1;53;0;3182713;92;3181741
11;19;78;8;50;27;52;3.80;1;1;1;43;0;3182752;90;3181741
11;19;78;8;50;28;60;3.60;2;1;1;51;0;3182860;132;3182252
11;19;78;8;50;29;37;6.40;1;1;1;42;0;3182937;153;3181741
11;19;78;8;50;31;6;3.40;4;2;1;62;0;3183106;1103;0
11;19;78;8;50;33;1;3.60;2;1;1;53;0;3183301;415;0
11;19;78;8;50;33;9;3.60;1;1;1;46;0;3183309;317;0
11;19;78;8;50;34;80;3.20;3;2;1;59;0;3183480;1622;0
11;19;78;8;50;35;19;4.00;2;1;1;51;0;3183519;193;0
11;19;78;8;50;37;45;3.00;2;1;1;54;0;3183745;197;0
11;19;78;8;50;38;29;4.60;1;1;1;54;0;3183829;491;0
11;19;78;8;50;39;61;4.60;2;1;1;51;0;3183961;196;0
11;19;78;8;50;40;26;3.60;1;1;1;53;0;3184026;166;0
11;19;78;8;50;41;91;3.20;2;1;1;56;0;3184191;197;3183301
11;19;78;8;50;42;27;4.00;1;1;1;56;0;3184227;176;3183301
11;19;78;8;50;43;45;4.00;4;2;1;68;0;3184345;1219;0
11;19;78;8;50;45;67;3.60;2;1;1;52;0;3184567;355;0
11;19;78;8;50;46;6;3.60;4;2;1;63;0;3184606;239;0
11;19;78;8;50;46;12;3.20;3;2;1;63;0;3184612;1112;0
11;19;78;8;50;46;42;3.80;1;1;1;56;0;3184642;389;0
11;19;78;8;50;47;32;3.60;3;2;1;63;0;3184732;101;0
11;19;78;8;50;47;26;3.60;2;1;1;53;0;3184726;134;0
11;19;78;8;50;47;37;3.60;1;1;1;55;0;3184737;70;0
11;19;78;8;50;49;22;3.20;2;1;1;54;0;3184922;171;0
11;19;78;8;50;49;43;3.80;1;1;1;57;0;3184943;182;0
11;19;78;8;50;49;56;3.40;3;2;1;61;0;3184956;203;0
11;19;78;8;50;50;87;3.80;4;2;1;56;0;3185087;460;0
11;19;78;8;50;51;6;3.60;2;1;1;56;0;3185106;162;0
11;19;78;8;50;52;12;4.40;1;1;1;50;0;3185212;245;0
11;19;78;8;50;52;33;3.20;3;2;1;59;0;3185233;256;0
11;19;78;8;50;52;45;4.00;4;2;1;58;0;3185245;133;0
11;19;78;8;50;53;27;3.60;2;1;1;58;0;3185327;197;3184567
11;19;78;8;50;54;29;3.00;4;2;1;59;0;3185429;159;3184567
11;19;78;8;50;54;34;3.40;1;1;1;47;0;3185434;190;3184567
11;19;78;8;50;55;6;3.60;3;2;1;63;0;3185506;253;0
11;19;78;8;50;55;63;3.80;1;1;1;48;0;3185563;102;0
11;19;78;8;50;55;90;3.20;3;2;1;62;0;3185590;63;0
11;19;78;8;50;57;55;3.20;2;1;1;58;0;3185755;405;0
11;19;78;8;50;57;64;6.60;4;2;1;62;0;3185764;316;0
11;19;78;8;50;58;7;15.20;1;1;4;51;0;3185807;215;0
11;19;78;8;50;59;41;3.60;2;1;1;56;0;3185941;166;0
11;19;78;8;51;1;9;3.60;1;1;1;48;0;3186109;194;0
11;19;78;8;51;1;20;3.80;4;2;1;63;0;3186120;317;0
11;19;78;8;51;2;69;3.60;2;1;1;56;0;3186269;304;0
11;19;78;8;51;4;19;5.60;3;2;1;62;0;3186419;810;0
11;19;78;8;51;4;38;3.60;1;1;1;48;0;3186438;302;0
11;19;78;8;51;7;56;3.60;3;2;1;59;0;3186756;304;0
11;19;78;8;51;7;52;3.60;1;1;1;45;0;3186752;287;0
11;19;78;8;51;7;17;11.40;4;2;3;45;0;3186717;575;0
11;19;78;8;51;9;11;3.40;3;2;1;54;0;3186911;133;0
11;19;78;8;51;9;43;3.80;1;1;1;44;0;3186943;162;0
11;19;78;8;51;9;94;4.00;4;2;1;45;0;3186994;185;0
11;19;78;8;51;10;25;3.40;3;2;1;56;0;3187025;91;0
11;19;78;8;51;11;40;4.40;3;2;1;56;0;3187140;93;0
11;19;78;8;51;11;77;4.80;4;2;1;47;0;3187177;151;0
11;19;78;8;51;13;8;3.40;4;2;1;48;0;3187308;94;0
11;19;78;8;51;13;60;3.80;3;2;1;59;0;3187360;191;3186756
11;19;78;8;51;14;79;4.60;3;2;1;57;0;3187479;95;3186756
11;19;78;8;51;15;8;4.80;4;2;1;46;0;3187508;174;3186717
11;19;78;8;51;16;44;3.00;4;2;1;46;0;3187644;98;3186717
11;19;78;8;51;17;19;4.00;3;2;1;55;0;3187719;210;0
11;19;78;8;51;23;47;3.80;1;1;1;57;0;3188347;1372;0
11;19;78;8;51;25;55;3.80;1;1;1;56;0;3188555;184;0
11;19;78;8;51;35;12;3.60;2;1;1;53;0;3189512;3219;0
11;19;78;8;51;35;45;3.60;4;2;1;58;0;3189545;1877;0
11;19;78;8;51;38;36;3.80;4;2;1;57;0;3189836;268;0
11;19;78;8;51;39;97;4.20;4;2;1;59;0;3189997;137;0
11;19;78;8;51;41;30;2.80;1;1;1;58;0;3190130;1550;0
11;19;78;8;51;49;7;3.60;1;1;1;62;0;3190907;759;0
11;19;78;8;51;49;89;5.00;2;1;1;55;0;3190989;1452;0
11;19;78;8;51;51;3;3.60;2;1;1;57;0;3191103;81;0
11;19;78;8;51;51;19;4.00;1;1;1;58;0;3191119;191;0
11;19;78;8;51;53;0;3.80;2;1;1;57;0;3191300;174;0
11;19;78;8;51;53;53;6.00;1;1;1;54;0;3191353;209;0
11;19;78;8;51;54;52;3.60;1;1;1;50;0;3191452;59;0
11;19;78;8;51;54;99;3.00;2;1;1;57;0;3191499;175;0
11;19;78;8;51;55;82;3.60;1;1;1;49;0;3191582;104;0
11;19;78;8;51;57;48;11.00;1;1;7;51;0;3191748;139;0
11;19;78;8;51;58;21;3.60;3;2;1;66;0;3191821;4075;0
11;19;78;8;52;0;51;4.20;2;1;1;55;0;3192051;533;0
11;19;78;8;52;1;5;4.00;4;2;1;62;0;3192105;2082;0
11;19;78;8;52;1;28;3.80;1;1;1;51;0;3192128;302;0
11;19;78;8;52;1;46;3.80;2;1;1;54;0;3192146;67;0
11;19;78;8;52;2;37;3.40;4;2;1;60;0;3192237;108;0
11;19;78;8;52;2;58;3.00;3;2;1;60;0;3192258;417;0
11;19;78;8;52;2;60;3.80;1;1;1;51;0;3192260;105;0
11;19;78;8;52;4;31;3.40;4;2;1;58;0;3192431;173;0
11;19;78;8;52;4;25;4.00;2;1;1;53;0;3192425;253;0
11;19;78;8;52;4;46;5.60;1;1;1;54;0;3192446;159;0
11;19;78;8;52;4;77;3.20;3;2;1;61;0;3192477;201;0
11;19;78;8;52;5;85;6.60;1;1;1;54;0;3192585;101;0
11;19;78;8;52;6;63;3.40;4;2;1;62;0;3192663;210;0
11;19;78;8;52;5;88;10.60;2;1;2;58;0;3192588;135;0
11;19;78;8;52;7;24;3.60;2;1;1;56;0;3192724;70;0
11;19;78;8;52;8;71;3.80;1;1;1;53;0;3192871;242;0
11;19;78;8;52;8;80;4.60;2;1;1;64;0;3192880;132;0
11;19;78;8;52;10;9;3.80;1;1;1;51;0;3193009;112;0
11;19;78;8;52;10;56;4.80;2;1;1;58;0;3193056;150;3192425
11;19;78;8;52;11;90;3.60;2;1;1;59;0;3193190;104;3192425
11;19;78;8;52;11;94;3.00;1;1;1;50;0;3193194;158;3192425
11;19;78;8;52;13;70;3.40;1;1;1;48;0;3193370;154;3192425
11;19;78;8;52;14;57;3.60;1;1;1;45;0;3193457;61;3192871
11;19;78;8;52;16;45;3.80;1;1;1;48;0;3193645;159;3192871
11;19;78;8;52;17;87;9.20;1;1;2;48;0;3193787;113;3192871
11;19;78;8;52;19;83;3.60;4;2;1;61;0;3193983;1300;0
11;19;78;8;52;20;27;3.60;1;1;1;50;0;3194027;171;3192871
11;19;78;8;52;22;30;3.80;2;1;1;67;0;3194230;1018;0
11;19;78;8;52;23;53;3.80;1;1;1;53;0;3194353;300;0
11;19;78;8;52;25;72;3.80;4;2;1;68;0;3194572;567;0
11;19;78;8;52;25;74;3.20;1;1;1;51;0;3194574;195;0
11;19;78;8;52;25;91;3.60;2;1;1;58;0;3194591;340;0
11;19;78;8;52;27;11;5.00;1;1;1;50;0;3194711;114;0
11;19;78;8;52;28;36;3.60;3;2;1;63;0;3194836;2340;0
11;19;78;8;52;30;37;4.20;3;2;1;63;0;3195037;180;0
11;19;78;8;52;30;66;5.00;1;1;1;53;0;3195066;319;0
11;19;78;8;52;33;14;5.20;4;2;1;58;0;3195314;721;0
11;19;78;8;52;34;9;3.60;2;1;1;57;0;3195409;795;0
11;19;78;8;52;35;68;4.40;4;2;1;59;0;3195568;221;0
11;19;78;8;52;35;46;12.40;3;2;7;57;0;3195546;485;0
11;19;78;8;52;36;23;3.60;1;1;1;55;0;3195623;523;0
11;19;78;8;52;37;19;4.60;3;2;1;59;0;3195719;94;0
11;19;78;8;52;37;61;3.80;1;1;1;55;0;3195761;114;0
11;19;78;8;52;38;9;3.60;2;1;1;53;0;3195809;377;0
11;19;78;8;52;38;84;3.20;3;2;1;63;0;3195884;136;0
11;19;78;8;52;40;77;3.80;3;2;1;63;0;3196077;174;0
11;19;78;8;52;43;80;3.80;1;1;1;52;0;3196380;594;0
11;19;78;8;52;45;64;3.60;3;2;1;64;0;3196564;465;0
11;19;78;8;52;45;83;3.20;1;1;1;50;0;3196583;176;0
11;19;78;8;52;47;49;3.20;4;2;1;65;0;3196749;1154;0
11;19;78;8;52;48;75;3.60;3;2;1;65;0;3196875;290;0
11;19;78;8;52;48;58;4.20;1;1;1;49;0;3196858;251;0
11;19;78;8;52;50;27;3.20;3;2;1;66;0;3197027;132;0
11;19;78;8;52;50;39;3.20;2;1;1;59;0;3197039;1205;0
11;19;78;8;52;51;50;3.80;1;1;1;46;0;3197150;261;0
11;19;78;8;52;52;81;3.40;1;1;1;48;0;3197281;101;0
11;19;78;8;52;52;99;3.20;3;2;1;62;0;3197299;254;0
11;19;78;8;52;52;17;21.60;4;2;5;58;0;3197217;450;0
11;19;78;8;52;54;80;3.00;3;2;1;64;0;3197480;162;0
11;19;78;8;52;55;12;3.00;2;1;1;60;0;3197512;453;0
11;19;78;8;52;54;71;8.00;1;1;2;46;0;3197471;164;0
11;19;78;8;52;54;89;9.80;4;2;2;59;0;3197489;137;0
11;19;78;8;52;56;28;6.20;1;1;1;47;0;3197628;94;0
11;19;78;8;52;56;79;4.00;2;1;1;60;0;3197679;149;0
11;19;78;8;52;56;93;3.40;3;2;1;61;0;3197693;196;0
11;19;78;8;52;57;61;4.40;4;2;1;54;0;3197761;212;0
11;19;78;8;52;57;72;3.60;1;1;1;47;0;3197772;96;3197150
11;19;78;8;52;58;10;3.80;2;1;1;60;0;3197810;107;3197150
11;19;78;8;52;59;3;3.20;3;2;1;60;0;3197903;189;3197150
11;19;78;8;52;59;2;4.00;2;1;1;58;0;3197902;69;3197150
11;19;78;8;53;0;39;3.60;1;1;1;50;0;3198039;239;0
11;19;78;8;53;0;79;4.00;2;1;1;57;0;3198079;152;3197512
11;19;78;8;53;1;11;3.80;4;2;1;56;0;3198111;320;0
11;19;78;8;53;1;91;4.00;1;1;1;48;0;3198191;126;0
11;19;78;8;53;2;83;3.60;4;2;1;58;0;3198283;147;0
11;19;78;8;53;2;88;5.80;2;1;1;59;0;3198288;183;3197512
11;19;78;8;53;3;44;3.40;1;1;1;47;0;3198344;123;3197512
11;19;78;8;53;4;56;3.60;2;1;1;55;0;3198456;132;3197512
11;19;78;8;53;3;99;14.20;4;2;3;56;0;3198399;93;3197512
11;19;78;8;53;4;62;3.40;1;1;1;42;0;3198462;91;3197512
11;19;78;8;53;5;77;3.40;2;1;1;54;0;3198577;97;3197512
11;19;78;8;53;6;7;3.80;1;1;1;42;0;3198607;115;3198039
11;19;78;8;53;7;82;3.20;4;2;1;56;0;3198782;291;0
11;19;78;8;53;8;5;3.60;1;1;1;40;0;3198805;165;3198039
11;19;78;8;53;9;14;3.60;1;1;1;40;0;3198914;76;3198039
11;19;78;8;53;11;5;5.20;4;2;1;56;0;3199105;302;0
11;19;78;8;53;12;26;3.60;3;2;1;65;0;3199226;1303;0
11;19;78;8;53;12;38;3.40;1;1;1;47;0;3199238;291;0
11;19;78;8;53;14;65;3.40;2;1;1;57;0;3199465;865;0
11;19;78;8;53;15;32;3.20;4;2;1;66;0;3199532;393;0
11;19;78;8;53;17;57;4.80;1;1;1;55;0;3199757;492;0
11;19;78;8;53;29;97;3.20;2;1;1;55;0;3200997;1510;0
11;19;78;8;53;30;17;12.60;4;2;3;52;0;3201017;1467;0
11;19;78;8;53;32;15;3.80;1;1;1;54;0;3201215;1426;0
11;19;78;8;53;36;65;3.60;3;2;1;61;0;3201665;2419;0
11;19;78;8;53;37;17;6.20;4;2;2;56;0;3201717;612;0
11;19;78;8;53;40;64;3.40;3;2;1;62;0;3202064;377;0
11;19;78;8;53;40;70;4.60;4;2;1;53;0;3202070;313;0
11;19;78;8;53;41;83;3.60;1;1;1;61;0;3202183;942;0
11;19;78;8;53;45;7;3.80;4;2;1;60;0;3202507;405;0
11;19;78;8;53;50;30;3.80;1;1;1;61;0;3203030;825;0
11;19;78;8;54;2;48;3.80;1;1;1;55;0;3204248;1195;0
11;19;78;8;54;4;50;3.60;1;1;1;52;0;3204450;177;0
11;19;78;8;54;5;56;3.40;2;1;1;52;0;3204556;3538;0
11;19;78;8;54;6;65;3.20;3;2;1;68;0;3204665;2581;0
11;19;78;8;54;7;89;4.00;4;2;1;62;0;3204789;2259;0
11;19;78;8;54;8;73;3.80;3;2;1;66;0;3204873;191;0
11;19;78;8;54;10;77;3.20;4;2;1;63;0;3205077;264;0
11;19;78;8;54;14;64;3.20;4;2;1;58;0;3205464;368;0
11;19;78;8;54;15;59;3.60;3;2;1;60;0;3205559;665;0
11;19;78;8;54;16;65;4.60;3;2;1;57;0;3205665;84;0
11;19;78;8;54;16;74;3.00;4;2;1;49;0;3205674;190;0
11;19;78;8;54;17;12;3.80;2;1;1;62;0;3205712;1132;0
11;19;78;8;54;17;54;3.60;3;2;1;60;0;3205754;59;0
11;19;78;8;54;17;94;3.60;1;1;1;55;0;3205794;1319;0
11;19;78;8;54;18;30;3.80;4;2;1;54;0;3205830;133;0
11;19;78;8;54;18;77;3.40;2;1;1;62;0;3205877;142;0
11;19;78;8;54;20;65;3.60;1;1;1;51;0;3206065;247;0
11;19;78;8;54;21;33;3.40;3;2;1;61;0;3206133;357;0
11;19;78;8;54;21;72;3.80;4;2;1;57;0;3206172;316;0
11;19;78;8;54;21;95;3.40;2;1;1;59;0;3206195;298;0
11;19;78;8;54;23;10;3.60;1;1;1;42;0;3206310;219;0
11;19;78;8;54;23;85;3.20;3;2;1;57;0;3206385;231;0
11;19;78;8;54;23;66;7.20;4;2;1;57;0;3206366;170;0
11;19;78;8;54;24;13;3.60;1;1;1;47;0;3206413;72;0
11;19;78;8;54;24;27;3.80;2;1;1;61;0;3206427;211;0
11;19;78;8;54;25;35;3.80;3;2;1;57;0;3206535;129;0
11;19;78;8;54;25;86;4.00;4;2;1;56;0;3206586;174;0
11;19;78;8;54;26;56;3.40;3;2;1;56;0;3206656;97;0
11;19;78;8;54;27;30;3.20;2;1;1;61;0;3206730;280;0
11;19;78;8;54;27;62;3.40;3;2;1;57;0;3206762;84;0
11;19;78;8;54;27;85;3.20;4;2;1;57;0;3206785;173;0
11;19;78;8;54;28;0;12.60;1;1;3;47;0;3206800;359;0
11;19;78;8;54;29;16;3.60;4;2;1;57;0;3206916;110;3206172
11;19;78;8;54;29;22;12.60;2;1;7;56;0;3206922;173;3206172
11;19;78;8;54;31;55;3.40;4;2;1;57;0;3207155;216;0
11;19;78;8;54;31;76;3.60;1;1;1;50;0;3207176;279;0
11;19;78;8;54;33;10;3.20;2;1;1;56;0;3207310;307;0
11;19;78;8;54;33;21;3.60;1;1;1;47;0;3207321;119;0
11;19;78;8;54;33;78;3.20;2;1;1;53;0;3207378;47;0
11;19;78;8;54;35;52;3.60;2;1;1;55;0;3207552;152;0
11;19;78;8;54;35;74;3.00;1;1;1;47;0;3207574;225;0
11;19;78;8;54;37;24;4.00;1;1;1;47;0;3207724;127;0
11;19;78;8;54;38;85;3.60;2;1;1;52;0;3207885;309;0
11;19;78;8;54;39;65;3.00;1;1;1;46;0;3207965;210;0
11;19;78;8;54;40;79;3.60;1;1;1;49;0;3208079;90;0
11;19;78;8;54;41;84;4.00;2;1;1;52;0;3208184;274;0
11;19;78;8;54;42;23;3.60;1;1;1;43;0;3208223;117;0
11;19;78;8;54;44;25;3.60;4;2;1;61;0;3208425;1248;0
11;19;78;8;54;44;72;3.80;1;1;1;42;0;3208472;218;0
11;19;78;8;54;45;98;3.00;1;1;1;40;0;3208598;93;0
11;19;78;8;54;46;11;3.80;2;1;1;50;0;3208611;399;0
11;19;78;8;54;47;31;3.60;2;1;1;52;0;3208731;92;0
11;19;78;8;54;47;72;3.60;1;1;1;39;0;3208772;147;0
11;19;78;8;54;48;55;4.20;2;1;1;50;0;3208855;99;0
11;19;78;8;54;50;2;3.60;1;1;1;42;0;3209002;196;0
11;19;78;8;54;51;28;3.60;1;1;1;42;0;3209128;95;3208472
11;19;78;8;54;51;49;3.20;2;1;1;50;0;3209149;263;0
11;19;78;8;54;52;59;3.80;2;1;1;46;0;3209259;86;0
11;19;78;8;54;54;38;3.40;1;1;1;43;0;3209438;279;0
11;19;78;8;54;55;43;5.00;2;1;1;50;0;3209543;254;0
11;19;78;8;54;56;5;3.00;1;1;1;43;0;3209605;138;0
11;19;78;8;54;57;38;3.60;1;1;1;42;0;3209738;107;0
11;19;78;8;54;58;78;3.80;1;1;1;42;0;3209878;109;0
11;19;78;8;55;0;71;3.80;2;1;1;56;0;3210071;492;0
11;19;78;8;55;0;99;3.20;1;1;1;35;0;3210099;188;3209438
11;19;78;8;55;2;53;3.40;1;1;1;34;0;3210253;121;3209438
11;19;78;8;55;3;94;4.80;4;2;1;54;0;3210394;1947;0
11;19;78;8;55;3;81;3.80;1;1;1;34;0;3210381;92;3209438
11;19;78;8;55;6;33;3.60;4;2;1;56;0;3210633;207;0
11;19;78;8;55;5;90;3.80;1;1;1;33;0;3210590;168;3209438
11;19;78;8;55;7;59;3.00;1;1;1;32;0;3210759;127;3209438
11;19;78;8;55;9;97;3.80;1;1;1;34;0;3210997;204;0
11;19;78;8;55;10;57;3.80;2;1;1;57;0;3211057;961;0
11;19;78;8;55;13;23;4.40;2;1;1;60;0;3211323;242;0
11;19;78;8;55;13;30;3.40;4;2;1;59;0;3211330;673;0
11;19;78;8;55;13;47;3.60;3;2;1;62;0;3211347;4563;0
11;19;78;8;55;14;24;3.20;1;1;1;34;0;3211424;386;0
11;19;78;8;55;15;3;3.80;4;2;1;60;0;3211503;152;0
11;19;78;8;55;17;29;3.60;4;2;1;56;0;3211729;203;0
11;19;78;8;55;17;15;3.80;1;1;1;33;0;3211715;257;0
11;19;78;8;55;18;7;3.80;3;2;1;56;0;3211807;439;0
11;19;78;8;55;18;74;3.80;1;1;1;32;0;3211874;117;0
11;19;78;8;55;20;11;5.40;4;2;1;56;0;3212011;258;0
11;19;78;8;55;20;56;3.20;1;1;1;32;0;3212056;139;0
11;19;78;8;55;23;29;6.00;4;2;1;55;0;3212329;283;0
11;19;78;8;55;22;95;5.20;1;1;1;33;0;3212295;203;0
11;19;78;8;55;25;20;3.40;1;1;1;31;0;3212520;168;0
11;19;78;8;55;27;14;3.80;1;1;1;32;0;3212714;154;0
11;19;78;8;55;27;66;7.60;2;1;1;48;0;3212766;1416;0
11;19;78;8;55;29;36;3.40;2;1;1;50;0;3212936;113;0
11;19;78;8;55;29;39;17.40;1;1;4;32;0;3212939;182;0
11;19;78;8;55;31;64;3.80;4;2;1;64;0;3213164;795;0
11;19;78;8;55;32;97;3.40;1;1;1;32;0;3213297;162;3212295
11;19;78;8;55;36;51;4.60;1;1;1;34;0;3213651;315;0
11;19;78;8;55;38;40;4.40;1;1;1;32;0;3213840;140;0
11;19;78;8;55;41;18;3.20;1;1;1;30;0;3214118;228;0
11;19;78;8;55;43;52;3.20;1;1;1;33;0;3214352;195;0
11;19;78;8;55;45;0;3.40;1;1;1;34;0;3214500;113;0
11;19;78;8;55;46;77;3.40;3;2;1;63;0;3214677;2845;0
11;19;78;8;55;48;8;3.60;4;2;1;61;0;3214808;1622;0
11;19;78;8;55;47;78;3.20;1;1;1;33;0;3214778;242;0
11;19;78;8;55;49;72;3.60;1;1;1;33;0;3214972;159;0
11;19;78;8;55;50;25;3.40;4;2;1;55;0;3215025;195;0
11;19;78;8;55;49;92;12.20;2;1;7;55;0;3214992;2031;0
11;19;78;8;55;51;6;3.40;1;1;1;39;0;3215106;94;0
11;19;78;8;55;51;97;4.20;4;2;1;57;0;3215197;149;0
11;19;78;8;55;53;44;3.20;3;2;1;61;0;3215344;647;0
11;19;78;8;55;54;14;3.20;1;1;1;36;0;3215414;276;0
11;19;78;8;55;54;90;4.40;3;2;1;59;0;3215490;127;0
11;19;78;8;55;56;3;3.80;4;2;1;53;0;3215603;379;0
11;19;78;8;55;56;55;3.40;3;2;1;59;0;3215655;138;0
11;19;78;8;55;56;18;4.00;1;1;1;35;0;3215618;172;0
11;19;78;8;55;57;32;4.60;4;2;1;53;0;3215732;103;0
11;19;78;8;55;57;31;5.40;2;1;1;52;0;3215731;659;0
11;19;78;8;55;57;49;4.20;3;2;1;62;0;3215749;73;0
11;19;78;8;55;58;41;6.60;4;2;1;55;0;3215841;77;0
11;19;78;8;55;59;38;3.60;3;2;1;57;0;3215938;164;3215344
11;19;78;8;56;1;70;9.20;4;2;2;58;0;3216170;285;0
11;19;78;8;56;2;8;4.40;3;2;1;57;0;3216208;247;0
11;19;78;8;56;4;14;3.00;3;2;1;58;0;3216414;178;0
11;19;78;8;56;4;90;10.00;4;2;2;57;0;3216490;262;0
11;19;78;8;56;6;32;4.20;1;1;1;55;0;3216632;972;0
11;19;78;8;56;7;22;3.20;3;2;1;58;0;3216722;289;0
11;19;78;8;56;8;1;3.20;3;2;1;57;0;3216801;59;0
11;19;78;8;56;8;26;2.80;4;2;1;57;0;3216826;272;0
11;19;78;8;56;9;62;3.80;3;2;1;57;0;3216962;140;0
11;19;78;8;56;11;22;3.60;3;2;1;56;0;3217122;136;0
11;19;78;8;56;12;41;3.60;3;2;1;58;0;3217241;95;3216722
11;19;78;8;56;13;26;5.20;4;2;1;54;0;3217326;482;0
11;19;78;8;56;14;44;3.60;3;2;1;55;0;3217444;180;3216722
11;19;78;8;56;15;12;3.80;4;2;1;53;0;3217512;151;3216722
11;19;78;8;56;15;98;4.80;3;2;1;56;0;3217598;130;3216722
11;19;78;8;56;17;3;3.20;4;2;1;52;0;3217703;165;3216722
11;19;78;8;56;19;5;3.80;2;1;1;53;0;3217905;2136;0
11;19;78;8;56;19;23;3.20;4;2;1;53;0;3217923;197;0
11;19;78;8;56;21;71;3.60;4;2;1;52;0;3218171;226;0
11;19;78;8;56;27;0;3.20;2;1;1;57;0;3218700;769;0
11;19;78;8;56;28;14;3.60;2;1;1;54;0;3218814;93;0
11;19;78;8;56;28;29;3.80;1;1;1;52;0;3218829;2169;0
11;19;78;8;56;29;62;3.40;2;1;1;57;0;3218962;124;0
11;19;78;8;56;31;6;4.00;2;1;1;56;0;3219106;122;0
11;19;78;8;56;32;88;4.00;1;1;1;58;0;3219288;432;0
11;19;78;8;56;33;36;4.00;2;1;1;54;0;3219336;204;0
11;19;78;8;56;34;69;3.40;2;1;1;53;0;3219469;106;0
11;19;78;8;56;34;86;3.60;1;1;1;53;0;3219486;173;0
11;19;78;8;56;35;53;3.80;2;1;1;51;0;3219553;60;0
11;19;78;8;56;36;10;3.40;1;1;1;55;0;3219610;99;0
11;19;78;8;56;36;59;3.80;2;1;1;50;0;3219659;79;0
11;19;78;8;56;37;38;4.60;2;1;1;53;0;3219738;51;3219336
11;19;78;8;56;37;57;4.00;1;1;1;53;0;3219757;124;3219336
11;19;78;8;56;38;39;3.60;2;1;1;52;0;3219839;69;3219336
11;19;78;8;56;38;65;4.00;4;2;1;62;0;3219865;1669;0
11;19;78;8;56;39;27;3.60;3;2;1;67;0;3219927;2298;0
11;19;78;8;56;39;84;3.80;2;1;1;55;0;3219984;120;3219336
11;19;78;8;56;40;1;3.60;1;1;1;52;0;3220001;216;0
11;19;78;8;56;42;1;3.60;1;1;1;53;0;3220201;175;0
11;19;78;8;56;42;37;3.40;3;2;1;63;0;3220237;290;0
11;19;78;8;56;42;60;3.80;4;2;1;57;0;3220260;371;0
11;19;78;8;56;43;51;3.60;1;1;1;52;0;3220351;125;0
11;19;78;8;56;45;72;5.00;1;1;1;49;0;3220572;196;0
11;19;78;8;56;47;70;3.80;2;1;1;58;0;3220770;761;0
11;19;78;8;56;47;93;3.20;1;1;1;48;0;3220793;184;3220001
11;19;78;8;56;49;55;3.60;1;1;1;48;0;3220955;138;3220001
11;19;78;8;56;50;5;4.20;4;2;1;55;0;3221005;721;0
11;19;78;8;56;50;14;4.80;2;1;1;57;0;3221014;220;0
11;19;78;8;56;51;59;3.60;2;1;1;58;0;3221159;114;0
11;19;78;8;56;52;58;3.60;1;1;1;45;0;3221258;276;0
11;19;78;8;56;54;7;4.00;2;1;1;57;0;3221407;225;0
11;19;78;8;56;53;98;3.80;1;1;1;45;0;3221398;111;0
11;19;78;8;56;55;27;3.40;1;1;1;45;0;3221527;98;0
11;19;78;8;56;55;64;3.20;2;1;1;58;0;3221564;131;0
11;19;78;8;56;56;85;3.60;1;1;1;41;0;3221685;130;0
11;19;78;8;56;57;19;3.80;2;1;1;55;0;3221719;135;0
11;19;78;8;56;57;78;3.60;4;2;1;66;0;3221778;745;0
11;19;78;8;56;58;67;3.80;1;1;1;39;0;3221867;150;3221258
11;19;78;8;57;0;13;3.80;1;1;1;43;0;3222013;110;3221258
11;19;78;8;57;1;52;3.40;4;2;1;60;0;3222152;354;0
11;19;78;8;57;1;72;3.40;1;1;1;42;0;3222172;127;3221258
11;19;78;8;57;3;46;5.20;1;1;1;45;0;3222346;144;3221258
11;19;78;8;57;3;66;4.40;4;2;1;58;0;3222366;193;3221258
11;19;78;8;57;4;92;7.60;1;1;1;45;0;3222492;104;3221258
11;19;78;8;57;5;37;3.40;4;2;1;57;0;3222537;143;3221258
11;19;78;8;57;5;94;3.40;3;2;1;64;0;3222594;2337;0
11;19;78;8;57;5;96;3.60;2;1;1;57;0;3222596;852;0
11;19;78;8;57;7;93;3.80;2;1;1;61;0;3222793;174;0
11;19;78;8;57;8;31;2.80;1;1;1;45;0;3222831;278;0
11;19;78;8;57;9;2;4.60;2;1;1;56;0;3222902;86;0
11;19;78;8;57;9;51;6.00;1;1;1;43;0;3222951;97;0
11;19;78;8;57;11;18;4.80;1;1;1;45;0;3223118;116;0
11;19;78;8;57;12;79;3.80;1;1;1;45;0;3223279;122;0
11;19;78;8;57;16;27;3.60;2;1;1;54;0;3223627;695;0
11;19;78;8;57;17;5;4.40;1;1;1;49;0;3223705;395;0
11;19;78;8;57;18;34;4.60;1;1;1;47;0;3223834;96;0
11;19;78;8;57;21;42;5.40;1;1;1;49;0;3224142;272;0
11;19;78;8;57;22;91;5.20;1;1;1;45;0;3224291;109;0
11;19;78;8;57;25;79;3.40;1;1;1;53;0;3224579;246;0
11;19;78;8;57;26;30;4.00;2;1;1;55;0;3224630;979;0
11;19;78;8;57;27;86;4.40;1;1;1;60;0;3224786;183;0
11;19;78;8;57;29;9;3.80;2;1;1;57;0;3224909;252;0
11;19;78;8;57;31;45;4.00;2;1;1;53;0;3225145;212;0
11;19;78;8;57;31;77;3.20;4;2;1;58;0;3225177;2618;0
11;19;78;8;57;32;98;4.60;3;2;1;60;0;3225298;2684;0
11;19;78;8;57;33;11;3.40;4;2;1;57;0;3225311;114;0
11;19;78;8;57;33;87;3.20;3;2;1;63;0;3225387;61;0
11;19;78;8;57;34;5;2.20;2;1;1;55;0;3225405;232;0
11;19;78;8;57;34;48;4.20;4;2;1;57;0;3225448;115;0
11;19;78;8;57;34;50;3.60;1;1;1;55;0;3225450;637;0
11;19;78;8;57;35;52;11.00;4;2;2;59;0;3225552;77;0
11;19;78;8;57;37;1;3.40;3;2;1;65;0;3225701;295;0
11;19;78;8;57;37;22;3.60;4;2;1;60;0;3225722;102;3225177
11;19;78;8;57;37;57;3.80;1;1;1;56;0;3225757;283;0
11;19;78;8;57;38;59;3.40;2;1;1;54;0;3225859;439;0
11;19;78;8;57;39;10;4.40;4;2;1;56;0;3225910;166;3225177
11;19;78;8;57;39;52;4.40;3;2;1;61;0;3225952;232;0
11;19;78;8;57;40;14;3.40;1;1;1;57;0;3226014;232;0
11;19;78;8;57;40;36;8.00;4;2;2;56;0;3226036;97;3225177
11;19;78;8;57;41;21;4.00;3;2;1;60;0;3226121;143;3225177
11;19;78;8;57;42;4;3.60;4;2;1;55;0;3226204;116;3225177
11;19;78;8;57;42;37;3.60;1;1;1;57;0;3226237;201;0
11;19;78;8;57;43;41;4.00;4;2;1;57;0;3226341;113;3225177
11;19;78;8;57;43;66;3.20;3;2;1;59;0;3226366;221;0
11;19;78;8;57;44;67;3.20;1;1;1;55;0;3226467;207;0
11;19;78;8;57;45;3;3.60;3;2;1;61;0;3226503;117;0
11;19;78;8;57;45;13;10.60;4;2;2;54;0;3226513;146;3225177
11;19;78;8;57;47;45;5.20;3;2;1;61;0;3226745;220;0
11;19;78;8;57;49;53;4.60;3;2;1;59;0;3226953;177;0
11;19;78;8;57;51;7;3.80;3;2;1;55;0;3227107;125;0
11;19;78;8;57;52;42;3.20;3;2;1;54;0;3227242;110;0
11;19;78;8;57;54;90;4.80;4;2;1;44;0;3227490;906;0
11;19;78;8;57;57;17;9.60;4;2;2;44;0;3227717;187;0
11;19;78;8;57;57;97;3.40;3;2;1;53;0;3227797;533;0
11;19;78;8;57;58;87;3.60;3;2;1;51;0;3227887;66;0
11;19;78;8;57;59;69;3.40;4;2;1;47;0;3227969;173;0
11;19;78;8;58;0;77;3.60;3;2;1;49;0;3228077;164;0
11;19;78;8;58;2;44;3.00;4;2;1;59;0;3228244;248;0
11;19;78;8;58;5;20;4.00;3;2;1;53;0;3228520;416;0
11;19;78;8;58;27;53;3.20;4;2;1;54;0;3230753;2490;0
11;19;78;8;58;27;95;3.80;3;2;1;57;0;3230795;2247;0
11;19;78;8;58;29;23;3.20;2;1;1;58;0;3230923;5041;0
11;19;78;8;58;29;37;4.60;1;1;1;57;0;3230937;4449;0
11;19;78;8;58;29;68;3.60;4;2;1;48;0;3230968;193;0
11;19;78;8;58;29;98;3.60;2;1;1;59;0;3230998;55;0
11;19;78;8;58;30;53;3.80;1;1;1;57;0;3231053;86;0
11;19;78;8;58;30;98;3.20;2;1;1;59;0;3231098;78;0
11;19;78;8;58;32;16;3.60;1;1;1;57;0;3231216;139;0
11;19;78;8;58;32;81;3.60;1;1;1;55;0;3231281;42;0
11;19;78;8;58;34;3;3.80;2;1;1;57;0;3231403;285;0
11;19;78;8;58;35;17;3.40;2;1;1;55;0;3231517;90;0
11;19;78;8;58;35;45;3.60;4;2;1;63;0;3231545;550;0
11;19;78;8;58;35;52;3.60;1;1;1;54;0;3231552;247;0
11;19;78;8;58;36;61;3.60;3;2;1;73;0;3231661;842;0
11;19;78;8;58;36;56;3.60;1;1;1;50;0;3231656;80;0
11;19;78;8;58;36;91;3.80;2;1;1;56;0;3231691;151;0
11;19;78;8;58;37;70;3.80;1;1;1;53;0;3231770;88;0
11;19;78;8;58;38;46;3.00;2;1;1;54;0;3231846;130;0
11;19;78;8;58;39;92;4.00;4;2;1;68;0;3231992;426;0
11;19;78;8;58;40;59;3.60;2;1;1;52;0;3232059;193;3231403
11;19;78;8;58;41;53;3.20;2;1;1;52;0;3232153;69;3231403
11;19;78;8;58;41;72;4.20;3;2;1;57;0;3232172;493;0
11;19;78;8;58;41;98;3.60;4;2;1;60;0;3232198;184;0
11;19;78;8;58;41;50;12.20;1;1;7;52;0;3232150;354;0
11;19;78;8;58;42;84;3.60;2;1;1;55;0;3232284;108;3231403
11;19;78;8;58;43;72;2.80;1;1;1;51;0;3232372;137;3231403
11;19;78;8;58;43;85;4.20;2;1;1;54;0;3232385;77;3231403
11;19;78;8;58;44;27;3.80;4;2;1;54;0;3232427;207;0
11;19;78;8;58;46;73;3.60;2;1;1;50;0;3232673;260;0
11;19;78;8;58;48;29;3.80;1;1;1;56;0;3232829;437;0
11;19;78;8;58;49;35;4.00;1;1;1;52;0;3232935;81;0
11;19;78;8;58;50;31;3.40;1;1;1;53;0;3233031;68;0
11;19;78;8;58;50;39;3.60;2;1;1;56;0;3233039;340;0
11;19;78;8;58;52;53;4.40;1;1;1;52;0;3233253;198;0
11;19;78;8;58;53;97;5.60;2;1;1;59;0;3233397;334;0
11;19;78;8;58;54;92;4.40;1;1;1;50;0;3233492;208;0
11;19;78;8;58;56;91;12.40;4;2;3;59;0;3233691;1238;0
11;19;78;8;59;0;21;4.80;2;1;1;58;0;3234021;589;0
11;19;78;8;59;2;94;4.40;1;1;1;58;0;3234294;770;0
11;19;78;8;59;4;70;3.60;2;1;1;56;0;3234470;419;0
11;19;78;8;59;5;73;4.60;1;1;1;52;0;3234573;251;0
11;19;78;8;59;5;97;3.60;2;1;1;55;0;3234597;103;0
11;19;78;8;59;6;79;3.80;2;1;1;55;0;3234679;58;0
11;19;78;8;59;6;85;3.00;1;1;1;53;0;3234685;80;0
11;19;78;8;59;7;58;3.60;2;1;1;54;0;3234758;54;0
11;19;78;8;59;8;18;4.00;4;2;1;63;0;3234818;1051;0
11;19;78;8;59;9;9;3.00;2;1;1;53;0;3234909;127;3234470
11;19;78;8;59;9;32;3.80;1;1;1;56;0;3234932;226;0
11;19;78;8;59;10;19;3.60;1;1;1;54;0;3235019;62;0
11;19;78;8;59;10;54;3.60;2;1;1;60;0;3235054;124;3234470
11;19;78;8;59;11;2;3.80;1;1;1;52;0;3235102;59;3234470
11;19;78;8;59;11;47;3.60;2;1;1;58;0;3235147;71;3234470
11;19;78;8;59;12;25;3.60;3;2;1;65;0;3235225;3026;0
11;19;78;8;59;12;74;3.80;4;2;1;56;0;3235274;433;0
11;19;78;8;59;12;46;3.60;1;1;1;53;0;3235246;117;0
11;19;78;8;59;12;48;3.60;2;1;1;58;0;3235248;78;3234470
11;19;78;8;59;13;20;3.60;3;2;1;61;0;3235320;75;3234470
11;19;78;8;59;13;55;3.40;1;1;1;52;0;3235355;84;3234932
11;19;78;8;59;14;25;2.80;4;2;1;56;0;3235425;126;3234932
11;19;78;8;59;14;19;6.80;3;2;1;61;0;3235419;77;3234932
11;19;78;8;59;15;43;3.20;3;2;1;62;0;3235543;83;3234932
11;19;78;8;59;15;23;5.20;2;1;1;55;0;3235523;252;0
11;19;78;8;59;16;63;3.60;4;2;1;57;0;3235663;220;0
11;19;78;8;59;17;37;6.00;1;1;6;51;0;3235737;358;0
11;19;78;8;59;18;25;3.80;3;2;1;62;0;3235825;263;0
11;19;78;8;59;18;52;3.60;1;1;1;50;0;3235852;72;0
11;19;78;8;59;19;24;3.80;4;2;1;54;0;3235924;238;0
11;19;78;8;59;19;89;3.80;1;1;1;50;0;3235989;111;0
11;19;78;8;59;21;22;3.60;3;2;1;61;0;3236122;274;0
11;19;78;8;59;21;27;3.80;2;1;1;61;0;3236127;569;0
11;19;78;8;59;22;59;3.00;3;2;1;59;0;3236259;115;0
11;19;78;8;59;22;64;5.00;4;2;1;51;0;3236264;314;0
11;19;78;8;59;23;85;3.40;1;1;1;49;0;3236385;368;0
11;19;78;8;59;23;96;3.80;3;2;1;59;0;3236396;118;0
11;19;78;8;59;24;15;3.40;4;2;1;51;0;3236415;115;0
11;19;78;8;59;25;47;3.20;1;1;1;51;0;3236547;137;0
11;19;78;8;59;25;92;3.20;4;2;1;50;0;3236592;153;0
11;19;78;8;59;27;77;3.60;4;2;1;51;0;3236777;161;0
11;19;78;8;59;27;73;3.60;1;1;1;48;0;3236773;203;0
11;19;78;8;59;27;91;3.40;2;1;1;55;0;3236791;641;0
11;19;78;8;59;28;98;3.60;2;1;1;53;0;3236898;84;0
11;19;78;8;59;28;91;5.60;1;1;1;48;0;3236891;91;0
11;19;78;8;59;29;33;12.00;4;2;2;53;0;3236933;130;3236264
11;19;78;8;59;30;72;3.20;1;1;1;52;0;3237072;139;3236264
11;19;78;8;59;30;22;11.60;3;2;7;54;0;3237022;602;0
11;19;78;8;59;31;69;3.60;1;1;1;50;0;3237169;74;0
11;19;78;8;59;32;0;4.40;4;2;1;53;0;3237200;185;3236264
11;19;78;8;59;32;93;7.20;3;2;1;59;0;3237293;193;3236264
11;19;78;8;59;32;99;3.40;1;1;1;47;0;3237299;104;3236773
11;19;78;8;59;33;91;3.60;1;1;1;46;0;3237391;65;3236773
11;19;78;8;59;37;22;3.60;4;2;1;50;0;3237722;492;0
11;19;78;8;59;38;79;3.80;2;1;1;59;0;3237879;956;0
11;19;78;8;59;41;59;12.80;1;1;3;50;0;3238159;739;0
11;19;78;8;59;43;61;6.00;2;1;1;56;0;3238361;458;0
11;19;78;8;59;43;68;14.40;1;1;4;47;0;3238368;116;0
11;19;78;8;59;47;53;3.80;1;1;1;55;0;3238753;274;0
11;19;78;8;59;53;12;3.40;3;2;1;70;0;3239312;1975;0
11;19;78;8;59;54;31;3.80;4;2;1;61;0;3239431;1683;0
11;19;78;9;0;2;81;3.60;4;2;1;56;0;3240281;827;0
11;19;78;9;0;3;60;3.80;3;2;1;62;0;3240360;1030;0
11;19;78;9;0;5;65;3.60;4;2;1;59;0;3240565;260;0
11;19;78;9;0;15;65;3.40;1;1;1;51;0;3241565;2787;0
11;19;78;9;0;18;59;3.60;2;1;1;63;0;3241859;3459;0
11;19;78;9;0;20;35;3.60;4;2;1;56;0;3242035;1448;0
11;19;78;9;0;20;48;4.20;3;2;1;62;0;3242048;1665;0
11;19;78;9;0;25;35;3.80;2;1;1;58;0;3242535;655;0
11;19;78;9;0;27;49;3.60;2;1;1;57;0;3242749;190;0
11;19;78;9;0;27;70;5.40;1;1;1;53;0;3242770;1181;0
11;19;78;9;0;28;87;4.00;2;1;1;57;0;3242887;115;0
11;19;78;9;0;29;59;9.80;1;1;2;54;0;3242959;152;0
11;19;78;9;0;30;7;4.00;2;1;1;57;0;3243007;94;0
11;19;78;9;0;33;89;3.80;2;1;1;58;0;3243389;356;0
11;19;78;9;0;35;10;3.60;2;1;1;63;0;3243510;97;0
11;19;78;9;0;35;89;3.20;1;1;1;54;0;3243589;564;0
11;19;78;9;0;36;84;3.00;2;1;1;58;0;3243684;153;0
11;19;78;9;0;37;45;3.40;1;1;1;52;0;3243745;134;0
11;19;78;9;0;37;98;3.60;2;1;1;53;0;3243798;95;0
11;19;78;9;0;38;53;3.80;3;2;1;65;0;3243853;1780;0
11;19;78;9;0;39;20;3.40;1;1;1;57;0;3243920;151;0
11;19;78;9;0;41;70;4.60;1;1;1;53;0;3244170;228;0
11;19;78;9;0;42;30;3.20;2;1;1;56;0;3244230;407;0
11;19;78;9;0;44;43;4.20;2;1;1;61;0;3244443;192;0
11;19;78;9;0;45;95;3.80;4;2;1;73;0;3244595;2536;0
11;19;78;9;0;46;47;3.80;2;1;1;57;0;3244647;179;0
11;19;78;9;0;47;3;3.60;1;1;1;42;0;3244703;501;0
11;19;78;9;0;47;48;3.80;3;2;1;67;0;3244748;873;0
11;19;78;9;0;47;64;3.80;4;2;1;62;0;3244764;150;0
11;19;78;9;0;48;51;3.60;1;1;1;42;0;3244851;117;0
11;19;78;9;0;49;61;4.40;1;1;1;41;0;3244961;79;0
11;19;78;9;0;49;86;4.00;4;2;1;61;0;3244986;199;0
11;19;78;9;0;50;1;3.20;3;2;1;68;0;3245001;232;0
11;19;78;9;0;51;16;3.80;1;1;1;41;0;3245116;116;0
11;19;78;9;0;51;67;5.20;4;2;1;60;0;3245167;157;0
11;19;78;9;0;52;42;3.60;1;1;1;39;0;3245242;92;3244703
11;19;78;9;0;52;94;10.20;4;2;2;58;0;3245294;95;3244595
11;19;78;9;0;54;9;3.80;3;2;1;58;0;3245409;391;0
11;19;78;9;0;54;11;3.60;1;1;1;40;0;3245411;135;3244703
11;19;78;9;0;54;95;4.60;4;2;1;58;0;3245495;137;3244595
11;19;78;9;0;55;65;4.60;3;2;1;61;0;3245565;132;3244595
11;19;78;9;0;56;21;3.60;1;1;1;38;0;3245621;177;3244703
11;19;78;9;0;56;54;10.20;4;2;2;58;0;3245654;130;3244595
11;19;78;9;0;57;70;3.40;1;1;1;38;0;3245770;114;3244703
11;19;78;9;0;58;75;3.40;4;2;1;59;0;3245875;157;3244595
11;19;78;9;1;0;14;3.40;3;2;1;63;0;3246014;421;0
11;19;78;9;1;0;33;3.20;1;1;1;38;0;3246033;230;0
11;19;78;9;1;0;76;3.40;2;1;1;54;0;3246076;1405;0
11;19;78;9;1;1;19;3.20;4;2;1;57;0;3246119;223;0
11;19;78;9;1;2;45;3.00;2;1;1;54;0;3246245;146;0
11;19;78;9;1;2;53;4.40;3;2;1;67;0;3246253;219;0
11;19;78;9;1;2;91;4.00;4;2;1;59;0;3246291;151;0
11;19;78;9;1;3;87;4.00;3;2;1;66;0;3246387;110;0
11;19;78;9;1;3;39;5.20;1;1;1;37;0;3246339;275;0
11;19;78;9;1;4;8;3.60;2;1;1;54;0;3246408;143;0
11;19;78;9;1;5;26;3.20;4;2;1;56;0;3246526;210;0
11;19;78;9;1;5;54;3.80;3;2;1;64;0;3246554;145;0
11;19;78;9;1;5;44;5.40;1;1;1;38;0;3246544;154;0
11;19;78;9;1;6;98;3.40;3;2;1;62;0;3246698;122;0
11;19;78;9;1;7;63;3.60;1;1;1;36;0;3246763;167;0
11;19;78;9;1;8;14;3.20;4;2;1;57;0;3246814;267;0
11;19;78;9;1;8;45;5.20;3;2;1;60;0;3246845;127;3246253
11;19;78;9;1;9;66;3.80;3;2;1;58;0;3246966;89;3246253
11;19;78;9;1;9;90;3.40;4;2;1;57;0;3246990;155;3246253
11;19;78;9;1;9;49;3.80;1;1;1;35;0;3246949;150;3246253
11;19;78;9;1;10;92;3.60;1;1;1;34;0;3247092;103;3246339
11;19;78;9;1;11;65;3.60;4;2;1;56;0;3247165;153;3246339
11;19;78;9;1;11;71;4.40;3;2;1;58;0;3247171;181;3246253
11;19;78;9;1;12;16;3.60;1;1;1;33;0;3247216;85;3246339
11;19;78;9;1;13;80;3.80;3;2;1;58;0;3247380;181;3246253
11;19;78;9;1;14;5;5.00;2;1;1;56;0;3247405;973;0
11;19;78;9;1;14;18;3.20;1;1;1;34;0;3247418;162;3246339
11;19;78;9;1;16;81;4.20;3;2;1;61;0;3247681;277;0
11;19;78;9;1;16;92;3.40;1;1;1;35;0;3247692;240;0
11;19;78;9;1;19;48;3.00;3;2;1;61;0;3247948;242;0
11;19;78;9;1;25;36;3.40;1;1;1;58;0;3248536;809;0
11;19;78;9;1;25;43;3.40;2;1;1;64;0;3248543;1105;0
11;19;78;9;1;26;18;7.60;1;1;2;57;0;3248618;60;0
11;19;78;9;1;27;52;3.80;1;1;1;56;0;3248752;86;0
11;19;78;9;1;28;55;3.80;1;1;1;53;0;3248855;78;0
11;19;78;9;1;36;39;3.00;4;2;1;59;0;3249639;2450;0
11;19;78;9;1;36;68;4.00;1;1;1;58;0;3249668;787;0
11;19;78;9;1;36;89;4.00;2;1;1;58;0;3249689;1126;0
11;19;78;9;1;37;78;3.00;2;1;1;56;0;3249778;64;0
11;19;78;9;1;39;2;3.60;1;1;1;57;0;3249902;209;0
11;19;78;9;1;39;79;3.60;4;2;1;61;0;3249979;321;0
11;19;78;9;1;40;21;5.00;1;1;1;57;0;3250021;96;0
11;19;78;9;1;41;45;3.80;1;1;1;54;0;3250145;92;0
11;19;78;9;1;41;44;3.20;2;1;0;55;1;3250144;346;0
11;19;78;9;1;44;32;5.00;2;1;1;53;0;3250432;634;0
11;19;78;9;1;44;48;4.60;1;1;1;54;0;3250448;277;0
11;19;78;9;1;50;54;3.20;4;2;1;74;0;3251054;1053;0
11;19;78;9;1;50;60;3.60;3;2;1;75;0;3251060;3094;0
11;19;78;9;1;52;28;3.80;4;2;1;69;0;3251228;158;0
11;19;78;9;1;53;75;3.60;4;2;1;64;0;3251375;127;0
11;19;78;9;1;55;84;4.80;4;2;1;64;0;3251584;188;0
11;19;78;9;1;56;79;3.60;3;2;1;68;0;3251679;601;0
11;19;78;9;2;6;64;9.60;4;2;2;60;0;3252664;1053;0
11;19;78;9;2;10;26;8.60;4;2;2;59;0;3253026;304;0
11;19;78;9;2;25;88;4.60;1;1;1;54;0;3254588;4109;0
11;19;78;9;2;26;61;3.60;4;2;1;68;0;3254661;1582;0
11;19;78;9;2;28;26;3.60;3;2;1;69;0;3254826;3127;0
11;19;78;9;2;28;24;3.60;4;2;1;59;0;3254824;143;0
11;19;78;9;2;29;92;3.80;3;2;1;67;0;3254992;147;0
11;19;78;9;2;32;25;4.00;3;2;1;62;0;3255225;212;0
11;19;78;9;2;35;18;4.60;4;2;1;60;0;3255518;672;0
11;19;78;9;2;36;94;3.60;4;2;1;60;0;3255694;148;0
11;19;78;9;2;37;67;3.60;3;2;1;62;0;3255767;518;0
11;19;78;9;2;40;10;3.80;3;2;1;61;0;3256010;222;0
11;19;78;9;2;40;52;3.20;1;1;1;54;0;3256052;1433;0
11;19;78;9;2;40;83;3.80;4;2;1;54;0;3256083;367;0
11;19;78;9;2;42;35;3.20;4;2;1;52;0;3256235;126;0
11;19;78;9;2;42;61;3.60;3;2;1;61;0;3256261;228;0
11;19;78;9;2;43;64;3.00;4;2;1;52;0;3256364;106;0
11;19;78;9;2;44;19;3.40;3;2;1;60;0;3256419;136;0
11;19;78;9;2;44;65;4.40;4;2;1;53;0;3256465;80;0
11;19;78;9;2;45;75;3.20;3;2;1;61;0;3256575;135;0
11;19;78;9;2;46;50;3.60;4;2;1;54;0;3256650;155;3256083
11;19;78;9;2;46;80;11.20;1;1;3;53;0;3256680;606;0
11;19;78;9;2;48;28;3.80;3;2;1;59;0;3256828;234;0
11;19;78;9;2;48;55;3.80;1;1;1;53;0;3256855;98;0
11;19;78;9;2;49;45;4.00;2;1;1;57;0;3256945;6479;0
11;19;78;9;2;48;62;19.60;4;2;5;53;0;3256862;188;3256083
11;19;78;9;2;50;95;3.60;3;2;1;61;0;3257095;243;0
11;19;78;9;2;51;33;4.40;4;2;1;53;0;3257133;137;3256083
11;19;78;9;2;54;61;3.60;4;2;1;53;0;3257461;298;0
11;19;78;9;2;57;36;3.80;1;1;1;60;0;3257736;855;0
11;19;78;9;2;59;70;3.40;3;2;1;56;0;3257970;853;0
11;19;78;9;3;1;90;4.20;1;1;1;61;0;3258190;431;0
11;19;78;9;3;2;88;3.20;2;1;1;57;0;3258288;1317;0
11;19;78;9;3;3;70;3.40;1;1;1;60;0;3258370;155;0
11;19;78;9;3;4;61;4.00;2;1;1;58;0;3258461;152;0
11;19;78;9;3;6;58;3.20;1;1;1;55;0;3258658;267;0
11;19;78;9;3;10;43;3.60;2;1;1;59;0;3259043;557;0
11;19;78;9;3;10;98;3.60;4;2;1;63;0;3259098;1612;0
11;19;78;9;3;11;49;3.80;2;1;1;59;0;3259149;84;0
11;19;78;9;3;12;15;17.80;1;1;4;52;0;3259215;536;0
11;19;78;9;3;13;85;4.00;1;1;1;51;0;3259385;46;0
11;19;78;9;3;14;72;3.80;1;1;1;51;0;3259472;58;0
11;19;78;9;3;15;25;5.20;2;1;1;61;0;3259525;352;0
11;19;78;9;3;16;6;4.60;1;1;1;47;0;3259606;107;0
11;19;78;9;3;17;50;3.40;1;1;1;48;0;3259750;108;3259215
11;19;78;9;3;18;58;4.00;1;1;1;48;0;3259858;82;3259215
11;19;78;9;3;21;35;3.60;2;1;1;54;0;3260135;579;0
11;19;78;9;3;20;83;13.00;1;1;3;50;0;3260083;195;3259215
11;19;78;9;3;21;99;3.20;4;2;1;56;0;3260199;1080;0
11;19;78;9;3;22;41;3.60;2;1;1;52;0;3260241;82;0
11;19;78;9;3;23;41;4.40;1;1;1;47;0;3260341;164;3259215
11;19;78;9;3;23;91;3.40;2;1;1;55;0;3260391;125;3259215
11;19;78;9;3;24;93;4.80;2;1;1;62;0;3260493;79;3259215
11;19;78;9;3;24;86;5.80;1;1;2;52;0;3260486;111;3259215
11;19;78;9;3;25;73;3.60;2;1;1;62;0;3260573;52;3260135
11;19;78;9;3;27;35;3.60;1;1;1;49;0;3260735;208;0
11;19;78;9;3;29;22;6.00;1;1;1;48;0;3260922;160;0
11;19;78;9;3;29;95;3.60;3;2;1;59;0;3260995;3003;0
11;19;78;9;3;31;44;3.80;4;2;1;59;0;3261144;924;0
11;19;78;9;3;31;73;4.00;1;1;1;49;0;3261173;206;0
11;19;78;9;3;31;73;5.20;2;1;1;53;0;3261173;579;0
11;19;78;9;3;32;95;4.40;3;2;1;59;0;3261295;278;0
11;19;78;9;3;33;15;3.40;1;1;1;50;0;3261315;112;0
11;19;78;9;3;33;45;4.40;4;2;1;60;0;3261345;177;0
11;19;78;9;3;33;46;3.60;2;1;1;52;0;3261346;137;0
11;19;78;9;3;34;45;3.60;3;2;1;63;0;3261445;123;0
11;19;78;9;3;34;72;3.40;1;1;1;51;0;3261472;132;0
11;19;78;9;3;35;43;3.40;2;1;1;52;0;3261543;172;0
11;19;78;9;3;36;2;3.20;3;2;1;62;0;3261602;136;0
11;19;78;9;3;36;22;4.40;1;1;1;49;0;3261622;126;0
11;19;78;9;3;36;41;3.40;2;1;1;51;0;3261641;74;0
11;19;78;9;3;37;63;5.20;1;1;1;48;0;3261763;108;3261173
11;19;78;9;3;37;89;6.20;2;1;1;50;0;3261789;124;3261173
11;19;78;9;3;38;46;3.40;4;2;1;57;0;3261846;474;0
11;19;78;9;3;39;14;3.60;2;1;1;49;0;3261914;80;3261173
11;19;78;9;3;40;8;3.60;1;1;1;49;0;3262008;206;0
11;19;78;9;3;41;22;3.60;1;1;1;49;0;3262122;87;0
11;19;78;9;3;41;80;4.00;4;2;1;55;0;3262180;312;0
11;19;78;9;3;43;30;3.40;1;1;1;45;0;3262330;181;0
11;19;78;9;3;43;55;4.20;2;1;1;52;0;3262355;414;0
11;19;78;9;3;45;89;3.60;2;1;1;49;0;3262589;204;0
11;19;78;9;3;45;95;3.60;1;1;1;44;0;3262595;237;0
11;19;78;9;3;47;22;4.60;1;1;1;45;0;3262722;97;0
11;19;78;9;3;47;85;4.60;2;1;1;48;0;3262785;169;0
11;19;78;9;3;49;2;3.00;1;1;1;46;0;3262902;143;0
11;19;78;9;3;49;52;3.60;2;1;1;49;0;3262952;132;0
11;19;78;9;3;50;45;3.80;1;1;1;45;0;3263045;119;0
11;19;78;9;3;51;83;3.60;4;2;1;53;0;3263183;976;0
11;19;78;9;3;51;80;3.80;2;1;1;46;0;3263180;201;0
11;19;78;9;3;52;32;4.00;1;1;1;43;0;3263232;156;3262595
11;19;78;9;3;53;29;3.00;2;1;1;47;0;3263329;119;3262595
11;19;78;9;3;53;47;3.60;1;1;1;41;0;3263347;81;3262595
11;19;78;9;3;54;92;3.40;4;2;1;61;0;3263492;284;0
11;19;78;9;3;55;2;3.40;1;1;1;42;0;3263502;123;3262595
11;19;78;9;3;56;28;3.80;2;1;1;48;0;3263628;276;0
11;19;78;9;3;57;5;3.60;1;1;1;47;0;3263705;173;3262595
11;19;78;9;3;57;78;4.00;2;1;1;57;0;3263778;121;3262595
11;19;78;9;3;57;85;5.20;3;2;1;61;0;3263785;2164;0
11;19;78;9;3;58;58;3.20;1;1;1;49;0;3263858;125;3262595
11;19;78;9;3;59;29;3.20;3;2;1;61;0;3263929;113;3262595
11;19;78;9;3;59;65;3.60;1;1;1;47;0;3263965;83;3262595
11;19;78;9;4;1;61;4.20;2;1;1;60;0;3264161;357;0
11;19;78;9;4;1;66;3.80;1;1;1;47;0;3264166;173;3262595
11;19;78;9;4;3;48;14.20;4;2;2;57;0;3264348;835;0
11;19;78;9;4;5;42;3.60;3;2;1;68;0;3264542;594;0
11;19;78;9;4;7;57;3.60;2;1;1;62;0;3264757;570;0
11;19;78;9;4;8;95;3.80;4;2;1;58;0;3264895;457;0
11;19;78;9;4;8;99;4.00;2;1;1;59;0;3264899;121;0
11;19;78;9;4;10;3;4.00;1;1;1;39;0;3265003;807;0
11;19;78;9;4;11;52;3.60;3;2;1;75;0;3265152;590;0
11;19;78;9;4;11;55;3.40;4;2;1;58;0;3265155;236;0
11;19;78;9;4;11;43;4.40;1;1;1;37;0;3265143;103;0
11;19;78;9;4;13;2;4.60;1;1;1;36;0;3265302;116;0
11;19;78;9;4;15;43;3.00;1;1;1;39;0;3265543;195;0
11;19;78;9;4;15;80;3.60;3;2;1;62;0;3265580;410;0
11;19;78;9;4;16;68;3.80;1;1;1;42;0;3265668;97;3265003
11;19;78;9;4;18;15;3.80;3;2;1;62;0;3265815;214;0
11;19;78;9;4;18;92;5.80;4;2;1;64;0;3265892;715;0
11;19;78;9;4;19;10;3.80;1;1;1;38;0;3265910;209;0
11;19;78;9;4;20;28;4.00;3;2;1;64;0;3266028;190;0
11;19;78;9;4;20;58;3.60;1;1;1;37;0;3266058;112;0
11;19;78;9;4;21;60;6.00;4;2;1;57;0;3266160;235;0
11;19;78;9;4;22;11;4.00;3;2;1;64;0;3266211;160;0
11;19;78;9;4;22;0;5.60;1;1;1;39;0;3266200;106;0
11;19;78;9;4;23;15;3.40;4;2;1;56;0;3266315;117;0
11;19;78;9;4;23;70;7.00;1;1;1;46;0;3266370;118;0
11;19;78;9;4;25;23;3.20;2;1;1;48;0;3266523;1599;0
11;19;78;9;4;26;49;4.00;4;2;1;55;0;3266649;312;0
11;19;78;9;4;28;63;3.80;3;2;1;62;0;3266863;629;0
11;19;78;9;4;27;83;16.40;4;2;4;54;0;3266783;107;0
11;19;78;9;4;30;74;3.20;3;2;1;61;0;3267074;188;0
11;19;78;9;4;30;96;3.20;4;2;1;50;0;3267096;203;0
11;19;78;9;4;31;69;3.40;1;1;1;46;0;3267169;744;0
11;19;78;9;4;31;85;3.80;4;2;1;51;0;3267185;65;0
11;19;78;9;4;32;17;4.20;3;2;1;59;0;3267217;124;0
11;19;78;9;4;32;91;10.80;4;2;2;49;0;3267291;79;0
11;19;78;9;4;33;94;3.80;3;2;1;59;0;3267394;151;0
11;19;78;9;4;37;30;3.60;3;2;1;54;0;3267730;312;0
11;19;78;9;4;38;91;3.40;3;2;1;53;0;3267891;137;0
11;19;78;9;4;38;89;3.80;1;1;1;54;0;3267889;693;0
11;19;78;9;4;42;5;11.20;4;2;3;48;0;3268205;834;0
11;19;78;9;4;50;10;3.80;1;1;1;56;0;3269010;1095;0
11;19;78;9;5;0;3;3.40;4;2;1;59;0;3270003;1714;0
11;19;78;9;5;11;90;3.00;1;1;1;54;0;3271190;2155;0
11;19;78;9;5;12;97;7.20;1;1;1;50;0;3271297;87;0
11;19;78;9;5;17;89;3.40;4;2;1;66;0;3271789;1765;0
11;19;78;9;5;19;40;4.00;2;1;1;69;0;3271940;5393;0
11;19;78;9;5;19;53;3.60;1;1;1;54;0;3271953;604;0
11;19;78;9;5;20;67;3.60;3;2;1;61;0;3272067;4152;0
11;19;78;9;5;21;67;4.60;3;2;1;60;0;3272167;78;0
11;19;78;9;5;22;46;5.00;1;1;1;58;0;3272246;269;0
11;19;78;9;5;23;23;3.40;2;1;1;55;0;3272323;362;0
11;19;78;9;5;23;99;3.20;1;1;1;53;0;3272399;121;0
11;19;78;9;5;25;11;3.40;1;1;1;57;0;3272511;90;0
11;19;78;9;5;25;40;4.40;4;2;1;62;0;3272540;732;0
11;19;78;9;5;26;55;4.40;3;2;1;59;0;3272655;460;0
11;19;78;9;5;26;89;4.00;4;2;1;70;0;3272689;123;0
11;19;78;9;5;26;81;3.60;1;1;1;50;0;3272681;148;0
11;19;78;9;5;28;7;5.20;2;1;1;54;0;3272807;461;0
11;19;78;9;5;28;76;3.40;1;1;1;52;0;3272876;169;3272246
11;19;78;9;5;29;11;4.00;2;1;1;54;0;3272911;69;3272246
11;19;78;9;5;29;92;14.20;4;2;4;58;0;3272992;282;0
11;19;78;9;5;30;68;3.60;1;1;1;52;0;3273068;168;3272246
11;19;78;9;5;31;41;3.40;3;2;1;58;0;3273141;459;0
11;19;78;9;5;33;46;3.60;1;1;1;53;0;3273346;253;0
11;19;78;9;5;35;2;3.60;1;1;1;52;0;3273502;131;0
11;19;78;9;5;36;70;4.00;1;2;1;52;0;3273670;443851;0
11;19;78;9;5;38;54;3.60;4;2;1;59;0;3273854;773;0
11;19;78;9;5;40;92;3.20;4;2;1;57;0;3274092;216;0
11;19;78;9;5;40;90;4.60;1;1;1;51;0;3274090;563;0
11;19;78;9;5;42;38;3.20;3;2;1;63;0;3274238;1075;0
11;19;78;9;5;42;75;3.60;1;1;1;50;0;3274275;152;0
11;19;78;9;5;44;66;3.60;4;2;1;69;0;3274466;353;0
11;19;78;9;5;45;99;4.00;3;2;1;68;0;3274599;342;0
11;19;78;9;5;46;17;3.80;1;1;1;58;0;3274617;316;0
11;19;78;9;5;48;15;3.00;2;1;1;52;0;3274815;1877;0
11;19;78;9;5;49;34;4.40;2;1;1;52;0;3274934;98;0
11;19;78;9;5;50;77;4.20;3;2;1;64;0;3275077;456;0
11;19;78;9;5;51;44;3.80;2;1;1;53;0;3275144;179;0
11;19;78;9;5;51;55;3.80;4;2;1;60;0;3275155;670;0
11;19;78;9;5;52;47;3.20;4;2;1;62;0;3275247;69;0
11;19;78;9;5;53;40;3.80;2;1;1;60;0;3275340;170;0
11;19;78;9;5;54;79;3.60;1;1;1;59;0;3275479;838;0
11;19;78;9;5;56;69;3.60;4;2;1;62;0;3275669;403;0
11;19;78;9;6;0;15;3.80;4;2;1;62;0;3276015;325;0
11;19;78;9;6;0;53;3.60;1;1;1;52;0;3276053;552;0
11;19;78;9;6;0;75;3.40;2;1;1;52;0;3276075;712;0
11;19;78;9;6;1;4;5.20;4;2;1;59;0;3276104;66;0
11;19;78;9;6;1;32;3.20;1;1;1;53;0;3276132;54;0
11;19;78;9;6;1;77;9.40;3;2;2;55;0;3276177;1076;0
11;19;78;9;6;2;87;4.40;3;2;1;55;0;3276287;48;0
11;19;78;9;6;3;79;3.80;3;2;1;54;0;3276379;63;0
11;19;78;9;6;4;8;10.20;4;2;2;56;0;3276408;272;0
11;19;78;9;6;4;52;3.40;1;1;1;53;0;3276452;298;0
11;19;78;9;6;4;86;4.00;3;2;1;56;0;3276486;81;0
11;19;78;9;6;5;39;3.60;2;1;1;57;0;3276539;440;0
11;19;78;9;6;6;40;3.80;3;2;1;59;0;3276640;128;3276177
11;19;78;9;6;7;37;3.20;1;1;1;54;0;3276737;261;0
11;19;78;9;6;7;37;4.00;3;2;1;57;0;3276737;73;3276177
11;19;78;9;6;7;55;3.20;4;2;1;55;0;3276755;281;0
11;19;78;9;6;8;57;3.60;2;1;1;59;0;3276857;295;0
11;19;78;9;6;9;9;2.80;4;2;1;54;0;3276909;133;0
11;19;78;9;6;9;38;3.40;1;1;1;53;0;3276938;179;0
11;19;78;9;6;9;55;3.00;3;2;1;62;0;3276955;192;3276177
11;19;78;9;6;10;47;3.60;1;1;1;50;0;3277047;85;3276177
11;19;78;9;6;10;99;4.40;3;2;1;59;0;3277099;126;3276177
11;19;78;9;6;11;22;3.00;4;2;1;53;0;3277122;194;3276177
11;19;78;9;6;11;25;3.20;1;1;1;51;0;3277125;52;3276177
11;19;78;9;6;13;65;3.20;3;2;1;57;0;3277365;239;0
11;19;78;9;6;14;55;3.60;2;1;1;55;0;3277455;576;0
11;19;78;9;6;15;5;3.80;1;1;1;58;0;3277505;357;0
11;19;78;9;6;15;38;3.60;3;2;1;56;0;3277538;152;0
11;19;78;9;6;17;66;11.80;4;2;3;57;0;3277766;623;0
11;19;78;9;6;22;53;3.60;1;1;1;56;0;3278253;724;0
11;19;78;9;6;27;83;3.40;2;1;1;52;0;3278783;1304;0
11;19;78;9;6;28;58;3.20;1;1;1;51;0;3278858;581;0
11;19;78;9;6;28;65;3.60;3;2;1;63;0;3278865;1303;0
11;19;78;9;6;36;30;3.00;4;2;1;59;0;3279630;1789;0
11;19;78;9;6;42;52;3.20;4;2;1;54;0;3280252;603;0
11;19;78;9;6;48;70;3.60;3;2;1;68;0;3280870;1984;0
11;19;78;9;6;56;75;4.00;3;2;1;59;0;3281675;785;0
11;19;78;9;6;58;74;3.00;4;2;1;59;0;3281874;1600;0
11;19;78;9;7;0;25;4.40;4;2;1;60;0;3282025;132;0
11;19;78;9;7;2;85;3.40;4;2;1;59;0;3282285;233;0
11;19;78;9;7;8;28;3.60;4;2;1;53;0;3282828;522;0
11;19;78;9;7;10;21;3.40;4;2;1;51;0;3283021;168;0
11;19;78;9;7;11;99;3.80;3;2;1;62;0;3283199;1499;0
11;19;78;9;7;16;2;3.40;1;1;1;57;0;3283602;4721;0
11;19;78;9;7;21;45;3.80;4;2;1;63;0;3284145;1100;0
11;19;78;9;7;24;38;3.60;4;2;1;61;0;3284438;271;0
11;19;78;9;7;24;86;3.60;3;2;1;68;0;3284486;1264;0
11;19;78;9;7;26;31;3.80;3;2;1;60;0;3284631;125;0
11;19;78;9;7;26;65;3.60;4;2;1;63;0;3284665;205;0
11;19;78;9;7;27;76;3.40;3;2;1;61;0;3284776;122;0
11;19;78;9;7;28;6;4.40;4;2;1;62;0;3284806;120;0
11;19;78;9;7;29;25;3.40;3;2;1;60;0;3284925;128;0
11;19;78;9;7;29;51;5.00;4;2;1;62;0;3284951;119;0
11;19;78;9;7;32;54;4.00;1;1;1;70;0;3285254;1630;0
11;19;78;9;7;33;7;4.00;3;2;1;65;0;3285307;361;0
11;19;78;9;7;32;86;7.00;4;2;1;57;0;3285286;305;0
11;19;78;9;7;35;11;5.40;3;2;1;61;0;3285511;181;0
11;19;78;9;7;35;43;4.80;4;2;1;57;0;3285543;212;0
11;19;78;9;7;39;59;9.80;4;2;2;60;0;3285959;385;0
11;19;78;9;7;39;94;4.00;1;1;1;54;0;3285994;719;0
11;19;78;9;7;43;15;4.00;3;2;1;57;0;3286315;772;0
11;19;78;9;7;43;25;7.20;2;1;1;51;0;3286325;7518;0
11;19;78;9;7;44;48;3.80;3;2;1;55;0;3286448;107;0
11;19;78;9;7;45;6;9.20;4;2;2;52;0;3286506;488;0
11;19;78;9;7;47;35;4.00;1;1;1;60;0;3286735;714;0
11;19;78;9;7;47;64;8.40;3;2;2;56;0;3286764;291;0
11;19;78;9;7;50;5;5.20;2;1;1;59;0;3287005;629;0
11;19;78;9;7;50;86;6.20;1;1;1;58;0;3287086;327;0
11;19;78;9;7;52;85;3.60;2;1;1;60;0;3287285;248;0
11;19;78;9;7;53;12;3.80;1;1;1;55;0;3287312;187;0
11;19;78;9;7;54;10;3.60;1;1;1;52;0;3287410;73;0
11;19;78;9;7;54;94;4.00;1;1;1;52;0;3287494;59;0
11;19;78;9;7;55;73;3.40;2;1;1;55;0;3287573;266;0
11;19;78;9;8;1;9;3.60;2;1;1;53;0;3288109;513;0
11;19;78;9;8;1;43;3.60;1;1;1;60;0;3288143;621;0
11;19;78;9;8;2;43;3.60;1;1;1;48;0;3288243;78;0
11;19;78;9;8;3;44;4.00;2;1;1;55;0;3288344;210;0
11;19;78;9;8;4;15;3.20;2;1;1;54;0;3288415;44;0
11;19;78;9;8;4;4;12.80;1;1;7;45;0;3288404;134;0
11;19;78;9;8;5;22;3.60;2;1;1;52;0;3288522;85;0
11;19;78;9;8;6;81;4.00;1;1;1;42;0;3288681;174;0
11;19;78;9;8;7;38;5.00;2;1;1;50;0;3288738;191;0
11;19;78;9;8;8;69;4.80;2;1;1;49;0;3288869;95;3288344
11;19;78;9;8;10;84;3.00;1;1;1;48;0;3289084;368;0
11;19;78;9;8;10;95;3.00;1;1;1;48;0;3289095;-1;0
11;19;78;9;8;11;42;3.20;2;1;1;46;0;3289142;237;0
11;19;78;9;8;12;61;3.80;1;1;1;48;0;3289261;143;0
11;19;78;9;8;13;99;3.40;3;2;1;66;0;3289399;2581;0
11;19;78;9;8;14;61;3.80;1;1;1;47;0;3289461;171;0
11;19;78;9;8;15;73;5.00;4;2;1;62;0;3289573;3003;0
11;19;78;9;8;15;66;3.80;1;1;1;39;0;3289566;75;3288143
11;19;78;9;8;17;68;3.20;3;2;1;65;0;3289768;350;0
11;19;78;9;8;20;76;3.80;2;1;1;52;0;3290076;908;0
11;19;78;9;8;20;33;14.60;1;1;4;46;0;3290033;431;0
11;19;78;9;8;22;2;5.00;2;1;1;52;0;3290202;99;0
11;19;78;9;8;23;32;3.40;2;1;1;50;0;3290332;95;0
11;19;78;9;8;23;34;4.00;1;1;1;45;0;3290334;186;0
11;19;78;9;8;25;79;3.60;1;1;1;46;0;3290579;213;0
11;19;78;9;8;26;32;3.00;2;1;1;53;0;3290632;275;0
11;19;78;9;8;27;26;3.00;1;1;1;48;0;3290726;118;0
11;19;78;9;8;28;57;3.80;1;1;1;50;0;3290857;108;0
11;19;78;9;8;28;52;1.20;2;1;0;47;1;3290852;199;0
11;19;78;9;8;29;60;4.00;3;2;1;63;0;3290960;1174;0
11;19;78;9;8;30;50;4.00;1;1;1;40;0;3291050;165;0
11;19;78;9;8;32;64;3.80;3;2;1;62;0;3291264;281;0
11;19;78;9;8;32;64;3.20;1;1;1;38;0;3291264;178;3290579
11;19;78;9;8;32;89;4.00;2;1;1;51;0;3291289;636;0
11;19;78;9;8;34;24;3.40;1;1;1;39;0;3291424;129;3290579
11;19;78;9;8;34;51;3.60;2;1;1;55;0;3291451;133;3290579
11;19;78;9;8;35;65;3.40;3;2;1;59;0;3291565;278;0
11;19;78;9;8;36;33;3.20;1;1;1;37;0;3291633;177;3290579
11;19;78;9;8;37;9;3.60;4;2;1;57;0;3291709;2106;0
11;19;78;9;8;37;78;3.60;1;1;1;37;0;3291778;113;3290579
11;19;78;9;8;38;21;3.60;4;2;1;56;0;3291821;89;3290579
11;19;78;9;8;38;89;4.60;3;2;1;62;0;3291889;303;0
11;19;78;9;8;39;41;3.60;4;2;1;57;0;3291941;96;0
11;19;78;9;8;39;48;4.60;1;1;1;39;0;3291948;134;3290579
11;19;78;9;8;40;36;3.80;3;2;1;61;0;3292036;120;3290579
11;19;78;9;8;40;59;5.40;2;1;1;56;0;3292059;584;0
11;19;78;9;8;41;82;3.40;3;2;1;60;0;3292182;123;0
11;19;78;9;8;42;16;3.80;2;1;1;54;0;3292216;122;0
11;19;78;9;8;42;29;3.80;1;1;1;40;0;3292229;238;0
11;19;78;9;8;43;24;5.20;4;2;1;57;0;3292324;360;0
11;19;78;9;8;43;49;3.60;2;1;1;52;0;3292349;107;0
11;19;78;9;8;43;97;3.60;1;1;1;39;0;3292397;133;0
11;19;78;9;8;46;54;3.60;2;1;1;55;0;3292654;280;0
11;19;78;9;8;46;88;6.60;4;2;1;59;0;3292688;331;0
11;19;78;9;8;47;55;3.40;3;2;1;54;0;3292755;552;0
11;19;78;9;8;47;42;3.60;1;1;1;42;0;3292742;311;0
11;19;78;9;8;49;11;8.40;1;1;2;42;0;3292911;138;0
11;19;78;9;8;51;0;3.00;4;2;1;66;0;3293100;371;0
11;19;78;9;8;51;18;3.80;2;1;1;52;0;3293118;440;0
11;19;78;9;8;51;64;4.60;1;1;1;40;0;3293164;181;0
11;19;78;9;8;56;57;4.20;2;1;1;50;0;3293657;512;0
11;19;78;9;8;56;73;8.80;1;1;2;39;0;3293673;467;0
11;19;78;9;8;57;48;10.80;2;1;2;50;0;3293748;60;0
11;19;78;9;8;58;63;3.40;4;2;1;56;0;3293863;746;0
11;19;78;9;8;59;62;4.60;2;1;1;45;0;3293962;136;0
11;19;78;9;9;0;91;3.60;2;1;1;44;0;3294091;92;0
11;19;78;9;9;1;27;3.40;1;1;1;38;0;3294127;372;0
11;19;78;9;9;3;2;3.60;4;2;1;57;0;3294302;417;0
11;19;78;9;9;3;42;3.20;1;1;1;37;0;3294342;182;0
11;19;78;9;9;5;38;3.80;4;2;1;58;0;3294538;213;0
11;19;78;9;9;5;46;4.00;3;2;1;70;0;3294546;1768;0
11;19;78;9;9;5;67;3.20;1;1;1;40;0;3294567;193;0
11;19;78;9;9;7;6;3.80;3;2;1;72;0;3294706;139;0
11;19;78;9;9;7;41;4.60;1;1;1;41;0;3294741;145;0
11;19;78;9;9;8;4;3.20;4;2;1;65;0;3294804;242;0
11;19;78;9;9;10;83;4.00;4;2;1;57;0;3295083;261;0
11;19;78;9;9;11;14;3.80;3;2;1;63;0;3295114;389;0
11;19;78;9;9;12;11;3.60;4;2;1;58;0;3295211;102;0
11;19;78;9;9;12;40;3.80;3;2;1;64;0;3295240;104;0
11;19;78;9;9;13;94;3.60;4;2;1;58;0;3295394;160;0
11;19;78;9;9;14;60;4.00;3;2;1;63;0;3295460;198;0
11;19;78;9;9;15;31;3.40;4;2;1;56;0;3295531;114;0
11;19;78;9;9;17;79;3.40;4;2;1;53;0;3295779;226;0
11;19;78;9;9;17;82;5.40;3;2;1;59;0;3295782;299;0
11;19;78;9;9;19;37;3.80;4;2;1;53;0;3295937;134;0
11;19;78;9;9;20;65;5.00;3;2;1;57;0;3296065;250;0
11;19;78;9;9;21;50;9.60;4;2;2;57;0;3296150;187;0
11;19;78;9;9;22;30;3.80;3;2;1;55;0;3296230;133;0
11;19;78;9;9;24;74;3.40;3;2;1;55;0;3296474;219;0
11;19;78;9;9;26;0;4.60;4;2;1;58;0;3296600;389;0
11;19;78;9;9;26;44;4.20;3;2;1;56;0;3296644;147;0
11;19;78;9;9;27;30;3.40;4;2;1;56;0;3296730;101;0
11;19;78;9;9;27;42;3.40;3;2;1;57;0;3296742;71;0
11;19;78;9;9;29;22;3.60;4;2;1;56;0;3296922;170;0
11;19;78;9;9;29;32;3.80;3;2;1;57;0;3296932;168;0
11;19;78;9;9;31;5;3.60;4;2;1;58;0;3297105;159;0
11;19;78;9;9;32;80;3.60;4;2;1;59;0;3297280;152;3296600
11;19;78;9;9;37;17;3.80;3;2;1;56;0;3297717;761;0
11;19;78;9;9;38;48;3.80;3;2;1;58;0;3297848;106;0
11;19;78;9;9;42;8;14.00;4;2;4;55;0;3298208;906;0
11;19;78;9;9;53;95;3.20;2;1;1;61;0;3299395;5274;0
11;19;78;9;9;56;44;4.80;1;1;1;56;0;3299644;4862;0
11;19;78;9;9;58;8;3.60;1;1;1;59;0;3299808;133;0
11;19;78;9;9;59;74;3.80;2;1;1;60;0;3299974;560;0
11;19;78;9;10;0;71;3.20;1;1;1;60;0;3300071;241;0
11;19;78;9;10;2;33;3.60;4;2;1;57;0;3300233;1933;0
11;19;78;9;10;2;79;4.00;1;1;1;56;0;3300279;188;0
11;19;78;9;10;4;0;3.60;4;2;1;55;0;3300400;144;0
11;19;78;9;10;5;14;3.60;2;1;1;60;0;3300514;517;0
11;19;78;9;10;5;60;4.20;1;1;1;58;0;3300560;255;0
11;19;78;9;10;6;45;4.60;2;1;1;57;0;3300645;109;0
11;19;78;9;10;6;73;4.00;1;1;1;62;0;3300673;86;0
11;19;78;9;10;8;10;3.40;1;1;1;61;0;3300810;113;0
11;19;78;9;10;8;86;4.20;4;2;1;60;0;3300886;462;0
11;19;78;9;10;9;58;3.80;2;1;1;60;0;3300958;283;0
11;19;78;9;10;9;98;4.60;1;1;1;56;0;3300998;167;0
11;19;78;9;10;11;19;3.80;1;1;1;57;0;3301119;91;3300560
11;19;78;9;10;12;7;3.20;4;2;1;60;0;3301207;295;0
11;19;78;9;10;11;96;5.20;2;1;1;60;0;3301196;215;0
11;19;78;9;10;12;49;4.80;1;1;1;53;0;3301249;106;3300560
11;19;78;9;10;13;62;3.80;1;1;1;52;0;3301362;80;3300560
11;19;78;9;10;15;4;3.60;2;1;1;61;0;3301504;276;0
11;19;78;9;10;16;3;5.00;1;1;1;53;0;3301603;214;0
11;19;78;9;10;17;59;4.60;2;1;1;59;0;3301759;233;0
11;19;78;9;10;18;50;3.40;1;1;1;54;0;3301850;213;0
11;19;78;9;10;19;52;3.80;2;1;1;57;0;3301952;164;0
11;19;78;9;10;20;59;3.60;1;1;1;53;0;3302059;186;0
11;19;78;9;10;21;49;3.80;2;1;1;57;0;3302149;173;0
11;19;78;9;10;22;38;3.80;1;1;1;54;0;3302238;154;0
11;19;78;9;10;23;26;3.40;1;1;1;52;0;3302326;62;0
11;19;78;9;10;23;80;3.20;4;2;1;53;0;3302380;1153;0
11;19;78;9;10;23;70;6.20;2;1;1;57;0;3302370;197;0
11;19;78;9;10;24;60;3.60;1;1;1;50;0;3302460;110;3301850
11;19;78;9;10;25;51;3.40;2;1;1;57;0;3302551;141;3301759
11;19;78;9;10;25;96;3.40;1;1;1;52;0;3302596;110;3301850
11;19;78;9;10;26;81;4.20;2;1;1;58;0;3302681;108;3301759
11;19;78;9;10;26;88;3.00;1;1;1;51;0;3302688;68;3301850
11;19;78;9;10;27;80;5.40;1;1;1;54;0;3302780;70;3301850
11;19;78;9;10;27;90;3.80;2;1;1;59;0;3302790;82;3301759
11;19;78;9;10;29;43;3.60;1;1;1;52;0;3302943;127;3301850
11;19;78;9;10;29;94;3.80;2;1;1;61;0;3302994;180;3301759
11;19;78;9;10;30;99;3.80;1;1;1;51;0;3303099;131;3301850
11;19;78;9;10;31;47;3.60;4;2;1;60;0;3303147;745;0
11;19;78;9;10;32;33;3.60;1;1;1;52;0;3303233;107;3301850
11;19;78;9;10;34;25;3.60;1;1;1;50;0;3303425;167;3301850
11;19;78;9;10;34;44;3.80;4;2;1;59;0;3303444;275;0
11;19;78;9;10;38;63;3.60;1;1;1;50;0;3303863;412;0
11;19;78;9;10;38;93;3.60;3;2;1;72;0;3303893;6021;0
11;19;78;9;10;40;18;4.00;1;1;1;51;0;3304018;129;0
11;19;78;9;10;40;42;3.60;4;2;1;61;0;3304042;574;0
11;19;78;9;10;40;87;3.80;3;2;1;66;0;3304087;176;0
11;19;78;9;10;42;81;7.80;1;1;2;57;0;3304281;234;0
11;19;78;9;10;43;55;5.00;3;2;1;60;0;3304355;247;0
11;19;78;9;10;44;75;3.80;3;2;1;60;0;3304475;90;0
11;19;78;9;10;45;44;3.20;3;2;1;59;0;3304544;46;0
11;19;78;9;10;45;45;3.60;4;2;1;61;0;3304545;481;0
11;19;78;9;10;47;34;3.60;3;2;1;63;0;3304734;170;0
11;19;78;9;10;49;29;3.40;3;2;1;63;0;3304929;174;3304355
11;19;78;9;10;50;77;3.80;4;2;1;68;0;3305077;510;0
11;19;78;9;10;51;19;3.60;1;1;1;55;0;3305119;788;0
11;19;78;9;10;53;51;3.00;1;1;1;56;0;3305351;208;0
11;19;78;9;10;53;86;3.40;3;2;1;63;0;3305386;437;0
11;19;78;9;10;55;4;3.00;1;1;1;55;0;3305504;133;0
11;19;78;9;10;56;39;4.00;3;2;1;62;0;3305639;233;0
11;19;78;9;10;57;42;3.20;1;1;1;53;0;3305742;218;0
11;19;78;9;10;57;58;7.20;4;2;2;59;0;3305758;660;0
11;19;78;9;10;59;15;3.80;1;1;1;57;0;3305915;151;0
11;19;78;9;10;59;66;4.00;4;2;1;56;0;3305966;164;0
11;19;78;9;10;59;86;4.40;3;2;1;64;0;3305986;323;0
11;19;78;9;11;1;70;3.80;1;1;1;61;0;3306170;231;0
11;19;78;9;11;1;98;4.00;4;2;1;58;0;3306198;206;0
11;19;78;9;11;4;24;3.40;4;2;1;57;0;3306424;201;0
11;19;78;9;11;5;5;3.60;2;1;1;56;0;3306505;3488;0
11;19;78;9;11;5;43;3.60;1;1;1;63;0;3306543;350;0
11;19;78;9;11;7;31;3.80;1;1;1;60;0;3306731;167;0
11;19;78;9;11;8;17;3.60;4;2;1;68;0;3306817;371;0
11;19;78;9;11;11;74;4.60;2;1;1;59;0;3307174;645;0
11;19;78;9;11;18;57;3.20;4;2;1;57;0;3307857;1020;0
11;19;78;9;11;31;58;4.20;2;1;1;51;0;3309158;1955;0
11;19;78;9;11;38;91;4.60;2;1;1;58;0;3309891;703;0
11;19;78;9;11;39;15;3.60;4;2;1;53;0;3309915;2037;0
11;19;78;9;11;40;15;3.60;3;2;1;60;0;3310015;4004;0
11;19;78;9;11;41;35;4.20;4;2;1;56;0;3310135;195;0
11;19;78;9;11;46;25;3.40;4;2;1;58;0;3310625;463;0
11;19;78;9;11;47;52;4.00;4;2;1;64;0;3310752;105;0
11;19;78;9;11;56;77;4.00;1;1;1;52;0;3311677;4923;0
11;19;78;9;11;56;93;3.20;2;1;1;51;0;3311693;1773;0
11;19;78;9;11;59;8;3.80;4;2;1;60;0;3311908;1133;0
11;19;78;9;12;0;34;3.20;3;2;1;57;0;3312034;1997;0
11;19;78;9;12;1;85;3.00;4;2;1;55;0;3312185;254;0
11;19;78;9;12;2;91;4.00;2;1;1;61;0;3312291;575;0
11;19;78;9;12;3;32;3.80;1;1;1;59;0;3312332;627;0
11;19;78;9;12;4;52;3.80;1;1;1;59;0;3312452;96;0
11;19;78;9;12;4;73;4.80;4;2;1;54;0;3312473;268;0
11;19;78;9;12;6;8;3.20;2;1;1;61;0;3312608;293;0
11;19;78;9;12;6;46;4.60;4;2;1;54;0;3312646;141;0
11;19;78;9;12;6;90;5.40;1;1;1;57;0;3312690;214;0
11;19;78;9;12;7;65;4.40;2;1;1;61;0;3312765;138;0
11;19;78;9;12;7;99;4.00;1;1;1;54;0;3312799;74;0
11;19;78;9;12;9;7;9.00;1;1;6;55;0;3312907;81;0
11;19;78;9;12;11;46;3.60;1;1;1;57;0;3313146;180;0
11;19;78;9;12;12;94;3.40;1;1;1;57;0;3313294;125;3312690
11;19;78;9;12;14;57;4.20;4;2;1;58;0;3313457;780;0
11;19;78;9;12;14;65;4.40;1;1;1;53;0;3313465;149;3312690
11;19;78;9;12;16;38;3.60;2;1;1;54;0;3313638;847;0
11;19;78;9;12;16;63;4.20;1;1;1;52;0;3313663;168;3312690
11;19;78;9;12;17;97;3.80;3;2;1;64;0;3313797;1742;0
11;19;78;9;12;17;97;3.40;1;1;1;52;0;3313797;104;3312690
11;19;78;9;12;20;5;3.60;1;1;1;45;0;3314005;184;3312690
11;19;78;9;12;20;38;3.60;2;1;1;56;0;3314038;376;0
11;19;78;9;12;21;51;3.20;2;1;1;54;0;3314151;89;0
11;19;78;9;12;21;51;3.00;1;1;1;45;0;3314151;117;3312690
11;19;78;9;12;22;61;3.80;2;1;1;54;0;3314261;88;3312690
11;19;78;9;12;23;4;3.00;1;1;1;47;0;3314304;129;3312690
11;19;78;9;12;23;47;3.40;2;1;1;53;0;3314347;60;3312690
11;19;78;9;12;24;92;9.20;1;1;6;47;0;3314492;165;3312690
11;19;78;9;12;25;61;4.00;2;1;1;52;0;3314561;190;3314038
11;19;78;9;12;26;8;3.20;3;2;1;67;0;3314608;789;0
11;19;78;9;12;26;22;8.60;4;2;2;60;0;3314622;1138;0
11;19;78;9;12;26;61;4.40;1;1;1;45;0;3314661;98;3312690
11;19;78;9;12;27;18;3.60;3;2;1;62;0;3314718;92;3312690
11;19;78;9;12;28;51;3.80;3;2;1;60;0;3314851;112;3312690
11;19;78;9;12;28;39;6.00;2;1;1;53;0;3314839;250;0
11;19;78;9;12;29;33;4.60;1;1;1;46;0;3314933;236;0
11;19;78;9;12;30;46;3.80;3;2;1;56;0;3315046;172;0
11;19;78;9;12;30;63;4.00;1;1;1;47;0;3315063;94;0
11;19;78;9;12;31;96;2.80;3;2;1;56;0;3315196;125;3314608
11;19;78;9;12;31;99;3.80;1;1;1;47;0;3315199;105;3314608
11;19;78;9;12;32;9;3.20;4;2;1;51;0;3315209;535;0
11;19;78;9;12;33;20;3.80;1;1;1;46;0;3315320;91;0
11;19;78;9;12;33;50;4.00;3;2;1;56;0;3315350;136;3314608
11;19;78;9;12;34;13;3.60;4;2;1;56;0;3315413;181;3314608
11;19;78;9;12;34;36;3.60;1;1;1;47;0;3315436;86;3314933
11;19;78;9;12;34;67;3.20;3;2;1;56;0;3315467;91;3314608
11;19;78;9;12;35;89;5.60;1;1;1;47;0;3315589;125;3314933
11;19;78;9;12;36;33;3.80;4;2;1;58;0;3315633;196;3314933
11;19;78;9;12;37;1;3.20;3;2;1;58;0;3315701;213;0
11;19;78;9;12;38;61;3.80;4;2;1;54;0;3315861;204;0
11;19;78;9;12;40;96;3.60;2;1;1;53;0;3316096;1216;0
11;19;78;9;12;40;89;3.60;1;1;1;50;0;3316089;457;0
11;19;78;9;12;41;94;3.20;3;2;1;60;0;3316194;473;0
11;19;78;9;12;41;84;5.00;4;2;1;56;0;3316184;297;0
11;19;78;9;12;43;40;3.00;3;2;1;63;0;3316340;126;0
11;19;78;9;12;44;60;3.80;3;2;1;61;0;3316460;102;0
11;19;78;9;12;44;82;3.60;2;1;1;52;0;3316482;361;0
11;19;78;9;12;46;82;3.60;3;2;1;57;0;3316682;199;0
11;19;78;9;12;47;63;3.60;4;2;1;53;0;3316763;546;0
11;19;78;9;12;48;12;3.80;3;2;1;57;0;3316812;107;3316194
11;19;78;9;12;49;6;4.20;2;1;1;53;0;3316906;399;0
11;19;78;9;12;49;40;5.00;4;2;1;52;0;3316940;152;0
11;19;78;9;12;51;50;8.40;4;2;2;49;0;3317150;175;0
11;19;78;9;12;53;92;5.20;4;2;1;48;0;3317392;180;0
11;19;78;9;12;56;63;4.00;2;1;1;58;0;3317663;728;0
11;19;78;9;12;57;40;3.60;1;1;1;53;0;3317740;1625;0
11;19;78;9;12;58;32;5.20;1;1;1;52;0;3317832;67;0
11;19;78;9;13;0;31;11.80;1;1;3;51;0;3318031;163;0
11;19;78;9;13;0;81;3.40;2;1;1;57;0;3318081;393;0
11;19;78;9;13;2;3;3.20;1;1;1;54;0;3318203;88;0
11;19;78;9;13;2;60;4.40;2;1;1;56;0;3318260;157;0
11;19;78;9;13;3;39;3.20;1;1;1;56;0;3318339;114;3317740
11;19;78;9;13;5;1;3.80;1;1;1;55;0;3318501;141;3317740
11;19;78;9;13;7;27;3.60;1;1;1;56;0;3318727;201;0
11;19;78;9;13;9;67;6.20;1;1;1;56;0;3318967;216;0
11;19;78;9;13;13;79;3.80;1;1;1;59;0;3319379;372;0
11;19;78;9;13;15;50;3.40;1;1;1;58;0;3319550;147;0
11;19;78;9;13;19;15;4.40;1;1;1;63;0;3319915;343;0
11;19;78;9;13;22;68;3.60;1;1;1;57;0;3320268;327;0
11;19;78;9;13;25;97;3.20;3;2;1;68;0;3320597;3761;0
11;19;78;9;13;26;94;3.60;1;1;1;60;0;3320694;403;0
11;19;78;9;13;52;52;3.60;3;2;1;64;0;3323252;2638;0
11;19;78;9;13;55;15;3.00;4;2;1;59;0;3323515;6084;0
11;19;78;9;13;59;9;4.60;4;2;1;59;0;3323909;375;0
11;19;78;9;14;1;18;4.20;4;2;1;57;0;3324118;180;0
11;19;78;9;14;1;98;4.60;3;2;1;63;0;3324198;925;0
11;19;78;9;14;4;71;3.80;3;2;1;62;0;3324471;246;0
11;19;78;9;14;7;9;3.40;1;1;1;49;0;3324709;3993;0
11;19;78;9;14;7;58;4.40;4;2;1;55;0;3324758;613;0
11;19;78;9;14;8;32;3.80;2;1;1;61;0;3324832;6543;0
11;19;78;9;14;11;1;3.00;3;2;1;62;0;3325101;607;0
11;19;78;9;14;12;22;3.80;3;2;1;59;0;3325222;103;0
11;19;78;9;14;12;4;14.60;4;2;3;60;0;3325204;417;0
11;19;78;9;14;13;60;3.60;3;2;1;61;0;3325360;114;0
11;19;78;9;14;14;60;3.60;1;1;1;51;0;3325460;726;0
11;19;78;9;14;14;63;4.00;3;2;1;61;0;3325463;81;0
11;19;78;9;14;15;54;3.80;4;2;1;61;0;3325554;262;0
11;19;78;9;14;17;12;3.00;3;2;1;63;0;3325712;225;0
11;19;78;9;14;18;16;3.60;4;2;1;55;0;3325816;239;0
11;19;78;9;14;18;76;3.60;3;2;1;59;0;3325876;146;0
11;19;78;9;14;20;9;3.40;4;2;1;55;0;3326009;169;0
11;19;78;9;14;21;7;3.20;3;2;1;64;0;3326107;209;0
11;19;78;9;14;21;43;5.80;4;2;1;56;0;3326143;111;0
11;19;78;9;14;22;57;3.60;1;1;1;60;0;3326257;771;0
11;19;78;9;14;23;35;3.40;4;2;1;52;0;3326335;154;0
11;19;78;9;14;23;53;3.60;2;1;1;55;0;3326353;1498;0
11;19;78;9;14;23;73;3.40;1;1;1;59;0;3326373;94;0
11;19;78;9;14;24;12;3.40;3;2;1;58;0;3326412;287;0
11;19;78;9;14;25;71;5.20;3;2;1;58;0;3326571;137;0
11;19;78;9;14;27;35;3.80;2;1;1;63;0;3326735;358;0
11;19;78;9;14;27;56;3.80;1;1;1;51;0;3326756;362;0
11;19;78;9;14;27;35;7.00;3;2;2;55;0;3326735;131;0
11;19;78;9;14;28;70;4.80;2;1;1;62;0;3326870;113;0
11;19;78;9;14;29;5;3.60;3;2;1;52;0;3326905;124;0
11;19;78;9;14;28;69;3.80;1;1;1;52;0;3326869;86;0
11;19;78;9;14;29;72;4.60;2;1;1;61;0;3326972;74;0
11;19;78;9;14;30;3;3.40;1;1;1;51;0;3327003;107;0
11;19;78;9;14;31;27;3.60;3;2;1;59;0;3327127;197;3326412
11;19;78;9;14;31;73;3.40;2;1;1;61;0;3327173;173;3326412
11;19;78;9;14;32;34;4.00;1;1;1;52;0;3327234;207;0
11;19;78;9;14;32;3;12.60;4;2;3;47;0;3327203;844;0
11;19;78;9;14;33;73;3.60;1;1;1;52;0;3327373;111;0
11;19;78;9;14;35;2;3.60;1;1;1;49;0;3327502;104;0
11;19;78;9;14;35;23;7.60;4;2;1;47;0;3327523;223;0
11;19;78;9;14;36;11;3.80;2;1;1;56;0;3327611;417;0
11;19;78;9;14;36;94;5.20;1;1;1;50;0;3327694;165;0
11;19;78;9;14;37;22;3.60;4;2;1;47;0;3327722;140;0
11;19;78;9;14;37;59;3.60;3;2;1;56;0;3327759;610;0
11;19;78;9;14;38;45;3.60;1;1;1;51;0;3327845;113;3327234
11;19;78;9;14;38;97;3.80;3;2;1;54;0;3327897;114;3327234
11;19;78;9;14;39;34;3.40;4;2;1;45;0;3327934;184;3327234
11;19;78;9;14;39;89;3.20;2;1;1;59;0;3327989;353;0
11;19;78;9;14;40;91;3.20;3;2;1;57;0;3328091;168;0
11;19;78;9;14;40;77;3.80;1;1;1;47;0;3328077;206;0
11;19;78;9;14;41;52;3.60;4;2;1;48;0;3328152;190;0
11;19;78;9;14;41;88;3.80;2;1;1;57;0;3328188;179;0
11;19;78;9;14;41;90;4.00;1;1;1;48;0;3328190;83;0
11;19;78;9;14;42;39;3.20;3;2;1;60;0;3328239;127;0
11;19;78;9;14;43;42;4.00;4;2;1;49;0;3328342;163;3327523
11;19;78;9;14;44;29;5.00;1;1;1;45;0;3328429;209;0
11;19;78;9;14;44;76;3.60;2;1;1;52;0;3328476;264;0
11;19;78;9;14;44;92;3.60;3;2;1;60;0;3328492;233;0
11;19;78;9;14;46;34;5.20;4;2;1;47;0;3328634;262;0
11;19;78;9;14;46;48;4.20;2;1;1;54;0;3328648;147;0
11;19;78;9;14;46;17;7.20;1;1;1;43;0;3328617;148;0
11;19;78;9;14;47;15;3.20;3;2;1;55;0;3328715;201;0
11;19;78;9;14;47;96;3.20;1;1;1;42;0;3328796;118;0
11;19;78;9;14;48;19;4.40;2;1;1;52;0;3328819;143;0
11;19;78;9;14;49;31;3.60;2;1;1;51;0;3328931;81;0
11;19;78;9;14;50;20;3.40;4;2;1;56;0;3329020;346;0
11;19;78;9;14;50;19;3.60;1;1;1;44;0;3329019;195;0
11;19;78;9;14;51;35;3.80;2;1;1;51;0;3329135;178;3328476
11;19;78;9;14;51;72;3.60;1;1;1;42;0;3329172;123;3328429
11;19;78;9;14;53;66;3.40;2;1;1;50;0;3329366;204;0
11;19;78;9;14;53;78;4.20;1;1;1;44;0;3329378;175;3328429
11;19;78;9;14;55;21;5.00;2;1;1;50;0;3329521;130;3328429
11;19;78;9;14;55;86;3.80;1;1;1;46;0;3329586;173;3328429
11;19;78;9;14;57;47;3.20;1;1;1;47;0;3329747;131;3328429
11;19;78;9;14;58;23;3.00;4;2;1;56;0;3329823;781;0
11;19;78;9;14;58;82;4.60;1;1;1;47;0;3329882;110;3328429
11;19;78;9;15;1;30;3.80;1;1;1;49;0;3330130;212;0
11;19;78;9;15;2;49;3.80;1;1;1;50;0;3330249;91;0
11;19;78;9;15;4;58;3.80;3;2;1;60;0;3330458;1722;0
11;19;78;9;15;4;73;3.40;1;1;1;49;0;3330473;196;0
11;19;78;9;15;7;10;3.40;1;1;1;50;0;3330710;212;0
11;19;78;9;15;8;22;3.60;2;1;1;59;0;3330822;1265;0
11;19;78;9;15;8;46;3.00;4;2;1;58;0;3330846;1003;0
11;19;78;9;15;8;53;3.20;1;1;1;48;0;3330853;118;0
11;19;78;9;15;10;36;3.80;1;1;1;48;0;3331036;159;0
11;19;78;9;15;11;62;3.80;1;1;1;47;0;3331162;97;0
11;19;78;9;15;12;93;3.80;2;1;1;56;0;3331293;449;0
11;19;78;9;15;13;76;3.40;1;1;1;45;0;3331376;184;3330710
11;19;78;9;15;15;58;4.00;2;1;1;54;0;3331558;240;0
11;19;78;9;15;18;64;4.00;1;1;1;55;0;3331864;460;0
11;19;78;9;15;20;5;10.00;4;2;2;61;0;3332005;1140;0
11;19;78;9;15;23;3;3.80;1;1;1;56;0;3332303;412;0
11;19;78;9;15;23;57;3.20;2;1;1;58;0;3332357;772;0
11;19;78;9;15;25;81;3.60;4;2;1;57;0;3332581;516;0
11;19;78;9;15;27;10;4.00;1;1;1;60;0;3332710;382;0
11;19;78;9;15;28;4;4.60;1;1;1;59;0;3332804;70;0
11;19;78;9;15;29;72;5.20;2;1;1;69;0;3332972;595;0
11;19;78;9;15;33;92;4.80;2;1;1;62;0;3333392;392;0
11;19;78;9;15;36;59;3.60;1;1;1;60;0;3333659;826;0
11;19;78;9;15;37;77;3.20;1;1;1;54;0;3333777;96;0
11;19;78;9;15;45;1;3.60;3;2;1;61;0;3334501;4020;0
11;19;78;9;15;46;27;6.40;4;2;1;61;0;3334627;2023;0
11;19;78;9;15;47;14;3.60;3;2;1;58;0;3334714;191;0
11;19;78;9;15;48;8;3.80;4;2;1;57;0;3334808;143;0
11;19;78;9;15;48;49;3.60;3;2;1;59;0;3334849;112;0
11;19;78;9;15;49;28;3.60;4;2;1;55;0;3334928;96;0
11;19;78;9;15;50;98;9.00;4;2;2;56;0;3335098;146;0
11;19;78;9;15;51;66;3.40;3;2;1;51;0;3335166;295;0
11;19;78;9;15;52;59;3.80;3;2;1;51;0;3335259;69;0
11;19;78;9;15;54;64;3.60;3;2;1;60;0;3335464;178;0
11;19;78;9;15;56;3;3.80;3;2;1;61;0;3335603;117;0
11;19;78;9;15;57;40;10.80;4;2;2;61;0;3335740;584;0
11;19;78;9;15;58;67;3.80;3;2;1;56;0;3335867;241;0
11;19;78;9;15;59;66;5.60;3;2;1;56;0;3335966;74;0
11;19;78;9;16;0;30;8.80;4;2;2;59;0;3336030;226;0
11;19;78;9;16;1;5;3.40;3;2;1;58;0;3336105;103;0
11;19;78;9;16;2;31;3.60;3;2;1;58;0;3336231;104;0
11;19;78;9;16;2;94;3.40;4;2;1;57;0;3336294;210;0
11;19;78;9;16;3;62;3.80;3;2;1;58;0;3336362;108;3335867
11;19;78;9;16;5;9;3.00;4;2;1;56;0;3336509;193;3335867
11;19;78;9;16;7;59;3.40;3;2;1;55;0;3336759;373;0
11;19;78;9;16;8;80;3.20;3;2;1;58;0;3336880;98;0
11;19;78;9;16;9;72;3.60;3;2;1;58;0;3336972;72;0
11;19;78;9;16;9;72;3.60;4;2;1;53;0;3336972;443;0
11;19;78;9;16;11;39;5.40;4;2;1;54;0;3337139;142;0
11;19;78;9;16;11;93;4.00;3;2;1;57;0;3337193;198;0
11;19;78;9;16;13;20;6.40;3;2;1;57;0;3337320;101;3336759
11;19;78;9;16;14;30;3.40;4;2;1;50;0;3337430;255;0
11;19;78;9;16;14;94;3.60;1;1;1;55;0;3337494;3695;0
11;19;78;9;16;15;32;3.40;4;2;1;53;0;3337532;77;0
11;19;78;9;16;15;87;3.60;3;2;1;52;0;3337587;226;0
11;19;78;9;16;17;53;4.00;2;1;1;61;0;3337753;4333;0
11;19;78;9;16;25;55;7.20;1;1;2;61;0;3338555;1037;0
11;19;78;9;16;28;54;5.20;2;1;1;56;0;3338854;1077;0
11;19;78;9;16;32;80;9.20;1;1;2;56;0;3339280;682;0
11;19;78;9;16;32;97;9.80;2;1;2;57;0;3339297;409;0
11;19;78;9;16;34;91;3.40;2;1;1;58;0;3339491;132;0
11;19;78;9;16;35;1;3.20;1;1;1;56;0;3339501;161;0
11;19;78;9;16;36;48;3.60;1;1;1;59;0;3339648;126;0
11;19;78;9;16;36;65;3.80;2;1;1;58;0;3339665;152;0
11;19;78;9;16;37;47;3.80;2;1;1;57;0;3339747;58;0
11;19;78;9;16;38;45;4.00;4;2;1;58;0;3339845;2289;0
11;19;78;9;16;39;19;3.60;1;1;1;54;0;3339919;249;0
11;19;78;9;16;40;39;3.80;1;1;1;54;0;3340039;96;0
11;19;78;9;16;41;15;3.80;2;1;1;55;0;3340115;344;0
11;19;78;9;16;42;62;3.40;2;1;1;55;0;3340262;122;0
11;19;78;9;16;43;23;7.00;1;1;1;51;0;3340323;258;0
11;19;78;9;16;43;83;4.20;2;1;1;56;0;3340383;98;0
11;19;78;9;16;44;65;3.20;1;1;1;50;0;3340465;92;0
11;19;78;9;16;45;89;3.80;2;1;1;54;0;3340589;179;0
11;19;78;9;16;47;38;3.00;1;1;1;52;0;3340738;249;0
11;19;78;9;16;47;44;3.40;2;1;1;53;0;3340744;129;3340115
11;19;78;9;16;48;32;3.40;1;1;1;52;0;3340832;73;3340115
11;19;78;9;16;48;44;3.00;2;1;1;55;0;3340844;76;3340115
11;19;78;9;16;49;53;3.40;2;1;1;56;0;3340953;89;3340115
11;19;78;9;16;49;55;11.60;1;1;2;55;0;3340955;99;3340115
11;19;78;9;16;50;95;4.00;2;1;1;54;0;3341095;120;3340115
11;19;78;9;16;52;84;3.60;2;1;1;54;0;3341284;162;3340115
11;19;78;9;16;53;56;4.20;1;1;1;54;0;3341356;325;0
11;19;78;9;16;54;51;3.80;2;1;1;51;0;3341451;143;3340115
11;19;78;9;16;54;83;3.80;4;2;1;60;0;3341483;1613;0
11;19;78;9;16;55;81;4.00;1;1;1;57;0;3341581;197;0
11;19;78;9;17;0;64;14.60;1;1;4;60;0;3342064;457;0
11;19;78;9;17;2;76;5.80;4;2;1;57;0;3342276;770;0
11;19;78;9;17;5;5;3.40;4;2;1;57;0;3342505;192;0
11;19;78;9;17;6;8;3.60;1;1;1;53;0;3342608;456;0
11;19;78;9;17;7;20;9.20;4;2;2;57;0;3342720;193;0
11;19;78;9;17;8;45;12.80;1;1;2;62;0;3342845;212;0
11;19;78;9;17;11;17;3.20;2;1;1;56;0;3343117;1639;0
11;19;78;9;17;14;92;3.60;1;1;1;52;0;3343492;572;0
11;19;78;9;17;15;85;3.80;2;1;1;56;0;3343585;447;0
11;19;78;9;17;21;34;3.40;3;2;1;65;0;3344134;6522;0
11;19;78;9;17;24;63;3.80;4;2;1;59;0;3344463;1684;0
11;19;78;9;17;25;82;3.20;4;2;1;62;0;3344582;95;0
11;19;78;9;17;27;51;3.80;4;2;1;60;0;3344751;150;0
11;19;78;9;17;27;74;4.00;3;2;1;55;0;3344774;621;0
11;19;78;9;17;28;30;4.40;2;1;1;55;0;3344830;1220;0
11;19;78;9;17;28;46;6.00;3;2;2;58;0;3344846;45;0
11;19;78;9;17;29;39;3.60;1;1;1;53;0;3344939;1422;0
11;19;78;9;17;30;48;3.60;3;2;1;58;0;3345048;164;0
11;19;78;9;17;31;19;3.80;1;1;1;51;0;3345119;155;0
11;19;78;9;17;33;69;13.60;3;2;3;61;0;3345369;298;0
11;19;78;9;17;34;79;5.00;4;2;1;61;0;3345479;705;0
11;19;78;9;17;36;66;3.80;3;2;1;60;0;3345666;216;0
11;19;78;9;17;37;57;3.40;1;1;1;58;0;3345757;611;0
11;19;78;9;17;38;75;3.60;3;2;1;57;0;3345875;186;0
11;19;78;9;17;39;3;3.60;2;1;1;60;0;3345903;1044;0
11;19;78;9;17;39;12;3.60;4;2;1;56;0;3345912;403;0
11;19;78;9;17;40;18;3.20;3;2;1;58;0;3346018;120;0
11;19;78;9;17;41;8;3.40;4;2;1;54;0;3346108;172;0
11;19;78;9;17;41;27;3.60;1;1;1;55;0;3346127;348;0
11;19;78;9;17;42;16;5.00;4;2;1;56;0;3346216;85;0
11;19;78;9;17;42;45;3.40;3;2;1;59;0;3346245;207;0
11;19;78;9;17;43;62;3.20;3;2;1;57;0;3346362;96;0
11;19;78;9;17;44;17;4.40;4;2;1;56;0;3346417;168;0
11;19;78;9;17;44;70;3.80;1;1;1;55;0;3346470;319;0
11;19;78;9;17;46;64;3.60;3;2;1;59;0;3346664;281;0
11;19;78;9;17;46;60;5.20;4;2;1;56;0;3346660;214;0
11;19;78;9;17;47;7;3.60;2;1;1;55;0;3346707;782;0
11;19;78;9;18;7;44;3.40;3;2;1;74;0;3348744;2058;0
11;19;78;9;18;14;94;3.20;3;2;1;64;0;3349494;733;0
11;19;78;9;18;17;5;3.20;4;2;1;56;0;3349705;3011;0
11;19;78;9;18;17;85;3.80;3;2;1;68;0;3349785;273;0
11;19;78;9;18;19;11;6.00;2;1;1;57;0;3349911;3180;0
11;19;78;9;18;28;0;3.80;4;2;1;58;0;3350800;1074;0
11;19;78;9;18;29;45;3.80;1;1;1;60;0;3350945;4450;0
11;19;78;9;18;31;96;3.20;1;1;1;56;0;3351196;228;0
11;19;78;9;18;32;75;3.40;3;2;1;62;0;3351275;1469;0
11;19;78;9;18;33;74;3.40;4;2;1;60;0;3351374;550;0
11;19;78;9;18;34;32;3.60;3;2;1;63;0;3351432;137;0
11;19;78;9;18;34;84;3.20;1;1;1;55;0;3351484;267;0
11;19;78;9;18;35;4;4.60;2;1;1;59;0;3351504;1555;0
11;19;78;9;18;36;24;3.80;1;1;1;55;0;3351624;119;0
11;19;78;9;18;36;91;3.00;3;2;1;62;0;3351691;238;0
11;19;78;9;18;38;2;3.20;4;2;1;60;0;3351802;407;0
11;19;78;9;18;38;12;3.80;2;1;1;58;0;3351812;279;0
11;19;78;9;18;39;42;3.80;2;1;1;55;0;3351942;106;0
11;19;78;9;18;40;62;5.00;2;1;1;56;0;3352062;95;0
11;19;78;9;18;41;92;4.40;2;1;1;57;0;3352192;97;0
11;19;78;9;18;42;34;3.20;4;2;1;53;0;3352234;412;0
11;19;78;9;18;42;39;12.60;1;1;3;48;0;3352239;590;0
11;19;78;9;18;44;54;3.40;1;1;1;48;0;3352454;120;0
11;19;78;9;18;45;50;3.40;2;1;1;56;0;3352550;330;0
11;19;78;9;18;46;57;3.60;4;2;1;68;0;3352657;401;0
11;19;78;9;18;46;36;4.20;1;1;1;45;0;3352636;156;0
11;19;78;9;18;47;15;3.80;2;1;1;54;0;3352715;143;0
11;19;78;9;18;47;39;3.80;1;1;1;43;0;3352739;69;0
11;19;78;9;18;48;42;3.20;1;1;1;43;0;3352842;71;3352239
11;19;78;9;18;51;6;3.40;2;1;1;53;0;3353106;365;0
11;19;78;9;18;51;19;3.40;1;1;1;43;0;3353119;250;0
11;19;78;9;18;53;27;3.40;2;1;1;51;0;3353327;197;0
11;19;78;9;18;53;67;4.60;1;1;1;44;0;3353367;219;0
11;19;78;9;18;54;71;3.80;2;1;1;47;0;3353471;120;0
11;19;78;9;18;55;51;4.20;1;1;1;43;0;3353551;146;0
11;19;78;9;18;55;89;3.80;2;1;1;46;0;3353589;88;0
11;19;78;9;18;57;16;4.40;1;1;1;42;0;3353716;129;0
11;19;78;9;18;57;85;4.20;3;2;1;88;0;3353785;2076;0
11;19;78;9;18;58;13;11.20;4;2;3;57;0;3353813;1136;0
11;19;78;9;18;59;95;5.20;1;1;1;42;0;3353995;241;0
11;19;78;9;19;1;28;3.20;2;1;1;53;0;3354128;509;0
11;19;78;9;19;2;44;3.60;1;1;1;42;0;3354244;204;0
11;19;78;9;19;4;46;3.60;2;1;1;57;0;3354446;296;0
11;19;78;9;19;4;46;3.40;1;1;1;42;0;3354446;171;0
11;19;78;9;19;5;72;4.60;1;1;1;39;0;3354572;96;0
11;19;78;9;19;6;48;3.40;4;2;1;76;0;3354648;764;0
11;19;78;9;19;7;15;3.80;3;2;1;56;0;3354715;912;0
11;19;78;9;19;8;13;3.80;4;2;1;64;0;3354813;148;0
11;19;78;9;19;8;27;3.80;3;2;1;56;0;3354827;87;0
11;19;78;9;19;8;64;3.80;2;1;1;60;0;3354864;395;0
11;19;78;9;19;8;62;4.00;1;1;1;38;0;3354862;247;0
11;19;78;9;19;9;64;3.20;4;2;1;59;0;3354964;129;0
11;19;78;9;19;10;40;3.40;3;2;1;59;0;3355040;188;0
11;19;78;9;19;10;80;3.60;2;1;1;54;0;3355080;193;0
11;19;78;9;19;10;91;3.60;4;2;1;55;0;3355091;107;0
11;19;78;9;19;10;77;3.60;1;1;1;38;0;3355077;177;0
11;19;78;9;19;11;59;3.80;3;2;1;59;0;3355159;98;0
11;19;78;9;19;12;15;4.00;4;2;1;56;0;3355215;100;3354648
11;19;78;9;19;12;26;3.20;1;1;1;39;0;3355226;114;3354648
11;19;78;9;19;13;29;3.80;3;2;1;60;0;3355329;146;3354715
11;19;78;9;19;13;46;5.00;1;1;1;38;0;3355346;90;3354715
11;19;78;9;19;14;26;3.60;4;2;1;58;0;3355426;185;3354648
11;19;78;9;19;16;74;3.60;4;2;1;58;0;3355674;225;0
11;19;78;9;19;16;99;3.60;3;2;1;62;0;3355699;347;0
11;19;78;9;19;16;95;3.60;1;1;1;39;0;3355695;301;0
11;19;78;9;19;18;44;3.20;2;1;1;51;0;3355844;740;0
11;19;78;9;19;19;96;3.20;3;2;1;62;0;3355996;276;0
11;19;78;9;19;20;39;6.60;4;2;1;55;0;3356039;342;0
11;19;78;9;19;21;65;4.60;3;2;1;60;0;3356165;150;0
11;19;78;9;19;22;16;3.00;4;2;1;53;0;3356216;133;0
11;19;78;9;19;23;49;3.60;3;2;1;60;0;3356349;156;0
11;19;78;9;19;24;11;3.20;1;1;1;51;0;3356411;682;0
11;19;78;9;19;24;4;6.20;4;2;1;55;0;3356404;167;0
11;19;78;9;19;25;37;4.40;4;2;1;57;0;3356537;92;0
11;19;78;9;19;25;48;4.00;3;2;1;59;0;3356548;177;0
11;19;78;9;19;26;24;4.60;2;1;1;57;0;3356624;757;0
11;19;78;9;19;26;81;3.60;1;1;1;54;0;3356681;247;0
11;19;78;9;19;26;89;3.80;3;2;1;59;0;3356689;116;3355996
11;19;78;9;19;27;93;3.40;4;2;1;51;0;3356793;228;0
11;19;78;9;19;28;31;3.40;1;1;1;52;0;3356831;126;0
11;19;78;9;19;30;8;3.40;4;2;1;52;0;3357008;191;0
11;19;78;9;19;31;28;5.20;1;1;1;54;0;3357128;273;0
11;19;78;9;19;32;53;3.40;1;1;1;53;0;3357253;90;0
11;19;78;9;19;34;39;27.00;1;1;5;57;0;3357439;162;0
11;19;78;9;19;39;90;3.60;1;1;1;54;0;3357990;380;0
11;19;78;9;19;41;95;3.60;2;1;1;58;0;3358195;1541;0
11;19;78;9;19;42;54;5.40;1;1;1;58;0;3358254;240;0
11;19;78;9;19;44;43;3.60;1;1;1;58;0;3358443;155;0
11;19;78;9;19;46;9;3.60;1;1;1;57;0;3358609;143;0
11;19;78;9;19;53;8;4.00;3;2;1;80;0;3359308;2595;0
11;19;78;9;19;53;68;3.40;4;2;1;60;0;3359368;2336;0
11;19;78;9;19;57;60;3.60;4;2;1;60;0;3359760;371;0
11;19;78;9;19;58;11;4.60;3;2;1;69;0;3359811;485;0
11;19;78;9;20;0;34;4.40;4;2;1;59;0;3360034;252;0
11;19;78;9;20;4;14;4.00;3;2;1;62;0;3360414;579;0
11;19;78;9;20;5;75;3.80;4;2;1;60;0;3360575;514;0
11;19;78;9;20;8;16;3.20;4;2;1;61;0;3360816;218;0
11;19;78;9;20;20;34;3.80;1;1;1;56;0;3362034;3402;0
11;19;78;9;20;21;14;3.40;3;2;1;59;0;3362114;1676;0
11;19;78;9;20;21;34;3.60;4;2;1;55;0;3362134;1299;0
11;19;78;9;20;22;27;3.80;3;2;1;57;0;3362227;92;0
11;19;78;9;20;23;4;3.80;3;2;1;56;0;3362304;53;0
11;19;78;9;20;27;5;3.40;2;1;1;53;0;3362705;4487;0
11;19;78;9;20;27;76;3.40;1;1;1;55;0;3362776;717;0
11;19;78;9;20;27;97;3.40;2;1;1;53;0;3362797;68;0
11;19;78;9;20;29;84;3.80;1;1;1;51;0;3362984;185;0
11;19;78;9;20;31;0;4.60;3;2;1;62;0;3363100;771;0
11;19;78;9;20;31;16;3.60;1;1;1;50;0;3363116;105;0
11;19;78;9;20;32;99;3.80;1;1;1;48;0;3363299;157;0
11;19;78;9;20;35;37;3.80;2;1;1;60;0;3363537;716;0
11;19;78;9;20;36;18;5.20;1;1;1;51;0;3363618;290;0
11;19;78;9;20;37;19;4.40;2;1;1;56;0;3363719;159;0
11;19;78;9;20;43;80;3.40;1;1;1;57;0;3364380;725;0
11;19;78;9;20;45;8;5.60;1;1;1;55;0;3364508;106;0
11;19;78;9;20;45;6;2.60;2;1;0;53;1;3364506;758;0
11;19;78;9;20;48;28;3.60;2;1;1;61;0;3364828;1080;0
11;19;78;9;20;48;27;4.60;1;1;1;55;0;3364827;282;0
11;19;78;9;20;49;85;4.00;2;1;1;55;0;3364985;135;0
11;19;78;9;20;50;55;3.40;3;2;1;64;0;3365055;1928;0
11;19;78;9;20;51;50;4.40;1;1;1;53;0;3365150;292;0
11;19;78;9;20;52;71;3.20;3;2;1;56;0;3365271;196;0
11;19;78;9;20;54;71;6.00;4;2;1;46;0;3365471;3313;0
11;19;78;9;20;56;59;3.80;1;1;1;52;0;3365659;479;0
11;19;78;9;20;57;19;3.40;4;2;1;49;0;3365719;201;0
11;19;78;9;20;58;17;3.80;1;1;1;52;0;3365817;131;0
11;19;78;9;20;58;27;3.60;2;1;1;58;0;3365827;815;0
11;19;78;9;20;58;25;4.00;4;2;1;48;0;3365825;81;0
11;19;78;9;20;58;34;6.00;3;2;1;55;0;3365834;542;0
11;19;78;9;20;59;39;3.40;1;1;1;52;0;3365939;95;0
11;19;78;9;20;59;72;4.20;4;2;1;48;0;3365972;117;0
11;19;78;9;21;0;22;3.60;3;2;1;55;0;3366022;148;0
11;19;78;9;21;1;17;6.00;4;2;1;48;0;3366117;113;0
11;19;78;9;21;1;55;3.20;3;2;1;54;0;3366155;109;0
11;19;78;9;21;1;59;4.00;1;1;1;56;0;3366159;196;0
11;19;78;9;21;2;74;4.40;3;2;1;55;0;3366274;97;0
11;19;78;9;21;3;96;5.00;3;2;1;49;0;3366396;93;3365834
11;19;78;9;21;2;67;21.80;4;2;5;46;0;3366267;105;3365719
11;19;78;9;21;4;49;3.80;2;1;1;53;0;3366449;599;0
11;19;78;9;21;5;7;4.00;1;1;1;54;0;3366507;322;0
11;19;78;9;21;5;39;5.00;2;1;1;57;0;3366539;64;0
11;19;78;9;21;5;78;3.60;3;2;1;50;0;3366578;145;3365834
11;19;78;9;21;7;7;3.80;3;2;1;50;0;3366707;103;3365834
11;19;78;9;21;7;85;4.20;4;2;1;48;0;3366785;347;0
11;19;78;9;21;8;79;3.60;3;2;1;49;0;3366879;144;3365834
11;19;78;9;21;8;89;4.40;1;1;1;55;0;3366889;355;0
11;19;78;9;21;8;99;3.80;4;2;1;49;0;3366899;82;0
11;19;78;9;21;10;2;3.20;3;2;1;50;0;3367002;96;3365834
11;19;78;9;21;10;27;4.60;1;1;1;57;0;3367027;109;3365834
11;19;78;9;21;10;37;3.60;2;1;1;55;0;3367037;466;0
11;19;78;9;21;10;71;3.00;4;2;1;51;0;3367071;144;0
11;19;78;9;21;11;15;3.80;3;2;1;50;0;3367115;89;3365834
11;19;78;9;21;12;27;3.00;4;2;1;50;0;3367227;134;3365834
11;19;78;9;21;13;39;3.60;1;1;1;53;0;3367339;282;0
11;19;78;9;21;16;13;3.60;2;1;1;53;0;3367613;552;0
11;19;78;9;21;17;89;3.80;1;1;1;59;0;3367789;425;0
11;19;78;9;21;19;19;3.40;1;1;1;57;0;3367919;106;0
11;19;78;9;21;20;84;3.60;4;2;1;45;0;3368084;835;0
11;19;78;9;21;22;33;3.40;1;1;1;60;0;3368233;292;0
11;19;78;9;21;22;83;3.80;4;2;1;42;0;3368283;170;0
11;19;78;9;21;30;11;3.40;4;2;1;60;0;3369011;695;0
11;19;78;9;21;33;14;3.60;1;1;1;59;0;3369314;1060;0
11;19;78;9;21;33;37;3.20;4;2;1;60;0;3369337;305;0
11;19;78;9;21;38;6;3.60;1;1;1;52;0;3369806;470;0
11;19;78;9;21;42;64;3.60;1;1;1;57;0;3370264;433;0
11;19;78;9;21;44;30;3.80;2;1;1;55;0;3370430;2792;0
11;19;78;9;21;47;99;3.80;4;2;1;57;0;3370799;1442;0
11;19;78;9;21;50;0;4.00;3;2;1;64;0;3371000;3857;0
11;19;78;9;21;55;68;7.60;4;2;2;55;0;3371568;745;0
11;19;78;9;21;58;31;3.40;4;2;1;58;0;3371831;213;0
11;19;78;9;22;1;21;3.20;1;1;1;55;0;3372121;1834;0
11;19;78;9;22;8;84;3.80;1;1;1;53;0;3372884;742;0
11;19;78;9;22;10;50;3.60;4;2;1;60;0;3373050;1197;0
11;19;78;9;22;19;28;6.20;3;2;1;58;0;3373928;2905;0
11;19;78;9;22;20;77;4.00;3;2;1;61;0;3374077;110;0
11;19;78;9;22;22;14;3.40;3;2;1;58;0;3374214;113;0
11;19;78;9;22;21;67;12.60;4;2;3;52;0;3374167;1095;0
11;19;78;9;22;24;64;3.80;4;2;1;53;0;3374464;209;0
11;19;78;9;22;25;21;4.00;3;2;1;63;0;3374521;285;0
11;19;78;9;22;26;63;3.20;4;2;1;55;0;3374663;173;0
11;19;78;9;22;27;68;3.80;1;1;1;58;0;3374768;1858;0
11;19;78;9;22;28;57;5.20;3;2;1;60;0;3374857;313;0
11;19;78;9;22;30;29;3.20;4;2;1;58;0;3375029;345;0
11;19;78;9;22;31;10;3.40;3;2;1;65;0;3375110;221;0
11;19;78;9;22;31;61;3.80;4;2;1;57;0;3375161;112;0
11;19;78;9;22;32;18;4.40;3;2;1;63;0;3375218;89;0
11;19;78;9;22;32;86;4.00;4;2;1;58;0;3375286;101;0
11;19;78;9;22;36;92;6.40;3;2;1;58;0;3375692;448;0
11;19;78;9;22;37;56;3.60;4;2;1;56;0;3375756;445;0
11;19;78;9;22;37;56;4.00;2;1;1;56;0;3375756;5301;0
11;19;78;9;22;38;11;3.00;3;2;1;59;0;3375811;79;0
11;19;78;9;22;39;69;3.40;3;2;1;60;0;3375969;139;0
11;19;78;9;22;39;91;4.00;1;1;1;52;0;3375991;1199;0
11;19;78;9;22;40;7;6.40;2;1;1;58;0;3376007;225;0
11;19;78;9;22;41;40;3.80;2;1;1;56;0;3376140;93;0
11;19;78;9;22;41;43;3.60;3;2;1;60;0;3376143;153;0
11;19;78;9;22;41;64;3.60;4;2;1;54;0;3376164;384;0
11;19;78;9;22;42;50;3.80;1;1;1;56;0;3376250;231;0
11;19;78;9;22;42;53;4.80;3;2;1;59;0;3376253;88;3375692
11;19;78;9;22;43;39;3.40;4;2;1;56;0;3376339;151;3375692
11;19;78;9;22;43;94;3.40;1;1;1;54;0;3376394;119;3375692
11;19;78;9;22;45;76;3.40;1;1;1;54;0;3376576;159;3375692
11;19;78;9;22;45;84;3.20;2;1;1;55;0;3376584;419;0
11;19;78;9;22;46;52;3.60;4;2;1;50;0;3376652;291;0
11;19;78;9;22;46;71;3.60;3;2;1;58;0;3376671;388;0
11;19;78;9;22;46;86;3.80;2;1;1;55;0;3376686;81;0
11;19;78;9;22;47;29;3.80;1;1;1;53;0;3376729;130;0
11;19;78;9;22;47;90;3.80;3;2;1;56;0;3376790;96;0
11;19;78;9;22;48;47;3.80;2;1;1;56;0;3376847;136;0
11;19;78;9;22;50;21;3.60;1;1;1;53;0;3377021;266;0
11;19;78;9;22;50;76;3.80;2;1;1;55;0;3377076;204;0
11;19;78;9;22;52;9;3.60;2;1;1;56;0;3377209;108;0
11;19;78;9;22;52;53;3.80;4;2;1;57;0;3377253;575;0
11;19;78;9;22;52;92;13.20;1;1;2;57;0;3377292;246;0
11;19;78;9;22;53;59;3.60;2;1;1;55;0;3377359;126;0
11;19;78;9;22;55;83;3.80;2;1;1;57;0;3377583;200;0
11;19;78;9;22;56;86;10.40;1;1;2;52;0;3377686;310;0
11;19;78;9;22;58;9;3.60;2;1;1;54;0;3377809;202;0
11;19;78;9;22;58;79;4.00;1;1;1;54;0;3377879;121;0
11;19;78;9;23;0;54;3.80;2;1;1;55;0;3378054;221;0
11;19;78;9;23;1;19;3.80;1;1;1;51;0;3378119;213;0
11;19;78;9;23;3;50;3.60;1;1;1;50;0;3378350;204;0
11;19;78;9;23;5;22;6.60;1;1;1;52;0;3378522;146;0
11;19;78;9;23;8;67;3.20;1;1;1;49;0;3378867;299;0
11;19;78;9;23;11;18;3.40;2;1;1;59;0;3379118;1039;0
11;19;78;9;23;11;42;3.00;1;1;1;47;0;3379142;251;0
11;19;78;9;23;12;19;17.40;1;1;4;48;0;3379219;54;0
11;19;78;9;23;14;71;4.60;1;1;1;50;0;3379471;121;0
11;19;78;9;23;15;47;5.20;2;1;1;57;0;3379547;408;0
11;19;78;9;23;16;13;3.60;4;2;1;58;0;3379613;2336;0
11;19;78;9;23;16;36;4.00;1;1;1;48;0;3379636;131;0
11;19;78;9;23;17;63;3.60;2;1;1;54;0;3379763;183;0
11;19;78;9;23;18;8;3.40;4;2;1;62;0;3379808;172;0
11;19;78;9;23;18;57;4.40;3;2;1;62;0;3379857;3042;0
11;19;78;9;23;18;65;3.20;1;1;1;53;0;3379865;199;3379142
11;19;78;9;23;21;41;3.60;1;1;1;56;0;3380141;254;0
11;19;78;9;23;24;49;3.40;1;1;1;52;0;3380449;284;0
11;19;78;9;23;28;20;10.60;4;2;2;60;0;3380820;992;0
11;19;78;9;23;31;23;3.40;3;2;1;62;0;3381123;1240;0
11;19;78;9;23;31;55;3.20;1;1;1;59;0;3381155;682;0
11;19;78;9;23;32;19;3.80;4;2;1;59;0;3381219;335;0
11;19;78;9;23;32;21;3.60;2;1;1;55;0;3381221;1434;0
11;19;78;9;23;38;65;3.20;2;1;1;52;0;3381865;620;0
11;19;78;9;23;39;34;3.60;4;2;1;61;0;3381934;691;0
11;19;78;9;23;39;49;3.60;1;1;1;54;0;3381949;774;0
11;19;78;9;23;40;34;4.20;2;1;1;56;0;3382034;146;0
11;19;78;9;23;40;94;3.20;1;1;1;51;0;3382094;121;0
11;19;78;9;23;41;7;3.60;3;2;1;62;0;3382107;964;0
11;19;78;9;23;42;20;3.80;2;1;1;58;0;3382220;159;0
11;19;78;9;23;42;48;5.00;1;1;1;55;0;3382248;131;0
11;19;78;9;23;46;22;3.80;1;1;1;54;0;3382622;341;0
11;19;78;9;23;48;18;3.00;1;1;1;58;0;3382818;170;0
11;19;78;9;23;50;57;4.60;1;1;1;55;0;3383057;220;0
11;19;78;9;23;51;29;6.80;2;1;2;56;0;3383129;885;0
11;19;78;9;23;54;22;3.80;3;2;1;62;0;3383422;1294;0
11;19;78;9;23;53;94;11.20;1;1;2;57;0;3383394;306;0
11;19;78;9;23;55;55;3.20;1;1;1;60;0;3383555;90;0
11;19;78;9;23;56;22;4.00;3;2;1;61;0;3383622;177;0
11;19;78;9;23;56;55;3.40;4;2;1;58;0;3383655;1699;0
11;19;78;9;24;0;86;14.20;4;2;3;57;0;3384086;409;0
11;19;78;9;24;5;7;4.20;4;2;1;51;0;3384507;331;0
11;19;78;9;24;6;13;6.20;4;2;1;69;0;3384613;76;0
11;19;78;9;24;6;71;3.80;3;2;1;62;0;3384671;1025;0
11;19;78;9;24;8;67;4.00;3;2;1;62;0;3384867;173;0
11;19;78;9;24;9;43;3.60;4;2;1;62;0;3384943;297;0
11;19;78;9;24;10;10;3.80;3;2;1;64;0;3385010;119;0
11;19;78;9;24;11;64;5.20;3;2;1;62;0;3385164;132;0
11;19;78;9;24;12;96;3.00;4;2;1;62;0;3385296;332;0
11;19;78;9;24;14;28;4.00;3;2;1;62;0;3385428;233;0
11;19;78;9;24;14;76;4.00;4;2;1;59;0;3385476;162;0
11;19;78;9;24;16;3;3.60;4;2;1;56;0;3385603;102;0
11;19;78;9;24;16;61;3.20;3;2;1;59;0;3385661;209;0
11;19;78;9;24;18;5;3.20;1;1;1;61;0;3385805;2230;0
11;19;78;9;24;18;68;4.00;4;2;1;55;0;3385868;241;0
11;19;78;9;24;19;8;3.80;3;2;1;59;0;3385908;227;0
11;19;78;9;24;20;92;3.80;4;2;1;55;0;3386092;197;0
11;19;78;9;24;22;82;6.40;4;2;1;56;0;3386282;165;0
11;19;78;9;24;23;9;3.60;3;2;1;63;0;3386309;377;0
11;19;78;9;24;27;68;3.60;4;2;1;54;0;3386768;444;0
11;19;78;9;24;29;17;3.80;4;2;1;54;0;3386917;125;0
11;19;78;9;24;36;97;3.40;2;1;1;46;0;3387697;4524;0
11;19;78;9;24;48;74;3.80;4;2;1;58;0;3388874;1931;0
11;19;78;9;24;51;19;3.40;1;1;1;60;0;3389119;3295;0
11;19;78;9;24;52;34;3.40;1;1;1;60;0;3389234;94;0
11;19;78;9;24;54;32;3.00;1;1;1;61;0;3389432;177;0
11;19;78;9;24;57;66;4.00;1;1;1;53;0;3389766;316;0
11;19;78;9;24;59;87;3.80;2;1;1;55;0;3389987;2263;0
11;19;78;9;25;2;76;5.20;2;1;1;66;0;3390276;264;0
11;19;78;9;25;3;73;3.80;1;1;1;53;0;3390373;579;0
11;19;78;9;25;5;60;3.40;1;1;1;58;0;3390560;161;0
11;19;78;9;25;6;60;3.40;1;1;1;51;0;3390660;78;0
11;19;78;9;25;8;14;3.40;1;1;1;50;0;3390814;130;0
11;19;78;9;25;8;36;3.40;2;1;1;55;0;3390836;531;0
11;19;78;9;25;9;95;9.80;2;1;6;54;0;3390995;136;0
11;19;78;9;25;10;39;4.80;1;1;1;52;0;3391039;200;0
11;19;78;9;25;11;32;4.80;1;1;1;51;0;3391132;59;0
11;19;78;9;25;12;68;5.20;1;1;1;52;0;3391268;102;0
11;19;78;9;25;13;90;4.80;2;1;1;55;0;3391390;329;0
11;19;78;9;25;14;89;4.60;1;1;1;52;0;3391489;185;0
11;19;78;9;25;16;79;3.40;2;1;1;51;0;3391679;257;0
11;19;78;9;25;19;13;11.40;1;1;3;40;0;3391913;392;0
11;19;78;9;25;20;2;8.40;2;1;2;51;0;3392002;299;0
11;19;78;9;25;21;85;3.80;1;1;1;38;0;3392185;169;0
11;19;78;9;25;22;70;4.80;3;2;1;69;0;3392270;5940;0
11;19;78;9;25;23;87;3.40;1;1;1;37;0;3392387;166;0
11;19;78;9;25;26;26;5.20;1;1;1;34;0;3392626;205;0
11;19;78;9;25;27;49;3.60;1;1;1;35;0;3392749;67;0
11;19;78;9;25;28;68;4.00;2;1;1;57;0;3392868;806;0
11;19;78;9;25;28;70;3.20;1;1;1;35;0;3392870;83;0
11;19;78;9;25;30;36;4.60;2;1;1;52;0;3393036;142;0
11;19;78;9;25;30;44;3.20;1;1;1;35;0;3393044;141;0
11;19;78;9;25;31;57;6.60;1;1;1;34;0;3393157;80;3392626
11;19;78;9;25;33;77;4.40;1;1;1;38;0;3393377;150;3392626
11;19;78;9;25;35;69;4.00;1;1;1;35;0;3393569;150;3392626
11;19;78;9;25;37;30;3.20;1;1;1;35;0;3393730;119;3392626
11;19;78;9;25;37;82;3.40;2;1;1;52;0;3393782;714;0
11;19;78;9;25;39;29;4.60;2;1;1;53;0;3393929;123;0
11;19;78;9;25;41;97;3.20;2;1;1;60;0;3394197;236;0
11;19;78;9;25;42;19;3.80;4;2;1;64;0;3394219;5321;0
11;19;78;9;25;42;71;14.40;1;1;4;42;0;3394271;508;0
11;19;78;9;25;45;12;3.60;2;1;1;61;0;3394512;295;0
11;19;78;9;25;45;90;4.00;3;2;1;57;0;3394590;2294;0
11;19;78;9;25;46;13;3.40;1;1;1;39;0;3394613;218;0
11;19;78;9;25;47;1;3.20;4;2;1;55;0;3394701;460;0
11;19;78;9;25;47;20;3.60;2;1;1;56;0;3394720;186;0
11;19;78;9;25;47;41;3.80;1;1;1;37;0;3394741;96;0
11;19;78;9;25;48;87;4.60;1;1;1;39;0;3394887;109;0
11;19;78;9;25;51;70;4.40;3;2;1;64;0;3395170;554;0
11;19;78;9;25;52;34;8.60;4;2;2;60;0;3395234;512;0
11;19;78;9;25;52;66;3.40;3;2;1;63;0;3395266;71;0
11;19;78;9;25;53;18;3.40;1;1;1;36;0;3395318;388;0
11;19;78;9;25;54;21;10.20;3;2;2;65;0;3395421;135;0
11;19;78;9;25;54;68;3.80;2;1;1;55;0;3395468;724;0
11;19;78;9;25;56;20;6.40;4;2;1;61;0;3395620;334;0
11;19;78;9;25;56;59;3.80;3;2;1;61;0;3395659;181;0
11;19;78;9;25;56;59;3.40;1;1;1;36;0;3395659;307;0
11;19;78;9;25;57;91;3.40;3;2;1;59;0;3395791;109;3395170
11;19;78;9;25;58;13;3.40;1;1;1;36;0;3395813;120;3395170
11;19;78;9;25;59;40;3.20;4;2;1;58;0;3395940;282;0
11;19;78;9;26;0;26;3.60;3;2;1;62;0;3396026;214;0
11;19;78;9;26;0;7;4.00;1;1;1;35;0;3396007;160;0
11;19;78;9;26;0;74;6.40;4;2;1;58;0;3396074;114;0
11;19;78;9;26;1;86;3.60;3;2;1;55;0;3396186;139;0
11;19;78;9;26;1;81;3.40;1;1;1;35;0;3396181;132;0
11;19;78;9;26;1;87;9.40;4;2;6;58;0;3396187;73;0
11;19;78;9;26;3;12;4.40;3;2;1;57;0;3396312;102;0
11;19;78;9;26;4;50;3.80;3;2;1;57;0;3396450;110;0
11;19;78;9;26;4;58;3.80;4;2;1;57;0;3396458;212;0
11;19;78;9;26;3;67;10.80;1;1;2;34;0;3396367;151;3395659
11;19;78;9;26;4;92;5.60;2;1;1;58;0;3396492;999;0
11;19;78;9;26;6;4;3.60;3;2;1;56;0;3396604;130;3396026
11;19;78;9;26;6;27;3.80;1;1;1;33;0;3396627;145;3395659
11;19;78;9;26;7;4;3.60;2;1;1;58;0;3396704;177;3395659
11;19;78;9;26;7;44;4.00;4;2;1;61;0;3396744;262;0
11;19;78;9;26;7;98;3.40;3;2;1;58;0;3396798;170;3396026
11;19;78;9;26;7;91;3.80;1;1;1;34;0;3396791;122;3395659
11;19;78;9;26;9;6;3.60;3;2;1;58;0;3396906;86;3396026
11;19;78;9;26;9;42;3.80;1;1;1;32;0;3396942;110;3395659
11;19;78;9;26;10;87;3.60;3;2;1;54;0;3397087;158;3396026
11;19;78;9;26;11;25;6.20;1;1;1;33;0;3397125;140;3395659
11;19;78;9;26;12;84;3.80;1;1;1;32;0;3397284;91;3395659
11;19;78;9;26;14;88;3.80;2;1;1;55;0;3397488;761;0
11;19;78;9;26;15;66;3.80;2;1;1;55;0;3397566;53;0
11;19;78;9;26;15;39;4.40;1;1;1;27;0;3397539;212;0
11;19;78;9;26;17;84;11.80;1;1;2;28;0;3397784;186;0
11;19;78;9;26;32;6;3.40;4;2;1;60;0;3399206;2438;0
11;19;78;9;26;33;45;3.60;4;2;1;60;0;3399345;118;0
11;19;78;9;26;37;94;3.00;4;2;1;57;0;3399794;427;0
11;19;78;9;26;51;72;3.80;1;1;1;55;0;3401172;3236;0
11;19;78;9;26;52;35;3.80;4;2;1;63;0;3401235;1422;0
11;19;78;9;26;53;66;3.60;4;2;1;61;0;3401366;109;0
11;19;78;9;26;53;98;3.60;2;1;1;56;0;3401398;3807;0
11;19;78;9;26;54;88;3.60;3;2;1;54;0;3401488;4377;0
11;19;78;9;26;56;20;3.80;1;1;1;58;0;3401620;423;0
11;19;78;9;26;57;37;3.80;4;2;1;57;0;3401737;349;0
11;19;78;9;26;59;56;3.40;1;1;1;54;0;3401956;312;0
11;19;78;9;27;1;6;7.00;1;1;2;52;0;3402106;127;0
11;19;78;9;27;2;51;3.60;2;1;1;51;0;3402251;829;0
11;19;78;9;27;4;10;3.40;2;1;1;46;0;3402410;133;0
11;19;78;9;27;6;93;4.60;1;1;1;46;0;3402693;538;0
11;19;78;9;27;8;26;3.60;1;1;1;44;0;3402826;97;0
11;19;78;9;27;8;98;3.20;2;1;1;52;0;3402898;461;0
11;19;78;9;27;9;57;3.60;1;1;1;45;0;3402957;101;0
11;19;78;9;27;10;83;3.80;2;1;1;50;0;3403083;162;0
11;19;78;9;27;11;5;3.20;1;1;1;44;0;3403105;119;0
11;19;78;9;27;12;17;3.20;1;1;1;45;0;3403217;85;3402693
11;19;78;9;27;12;38;3.80;2;1;1;48;0;3403238;127;3402693
11;19;78;9;27;13;60;6.20;1;1;2;44;0;3403360;117;3402693
11;19;78;9;27;14;66;4.60;2;1;1;52;0;3403466;199;3402693
11;19;78;9;27;14;91;4.00;1;1;1;43;0;3403491;80;3402693
11;19;78;9;27;16;48;3.80;1;1;1;42;0;3403648;123;3402693
11;19;78;9;27;17;1;3.80;3;2;1;60;0;3403701;2189;0
11;19;78;9;27;17;26;3.80;2;1;1;51;0;3403726;228;0
11;19;78;9;27;17;90;3.20;1;1;1;43;0;3403790;109;3402693
11;19;78;9;27;19;24;3.40;4;2;1;57;0;3403924;2163;0
11;19;78;9;27;19;58;4.20;1;1;1;45;0;3403958;141;3402693
11;19;78;9;27;20;57;3.80;4;2;1;61;0;3404057;111;3402693
11;19;78;9;27;20;75;3.00;1;1;1;47;0;3404075;83;3402693
11;19;78;9;27;22;12;3.40;4;2;1;61;0;3404212;132;3402693
11;19;78;9;27;22;46;3.20;1;1;1;47;0;3404246;148;3402693
11;19;78;9;27;22;91;3.20;3;2;1;64;0;3404291;567;0
11;19;78;9;27;24;19;3.40;4;2;1;60;0;3404419;186;0
11;19;78;9;27;24;24;3.60;1;1;1;46;0;3404424;153;3402693
11;19;78;9;27;25;21;4.00;3;2;1;73;0;3404521;212;0
11;19;78;9;27;25;56;3.80;1;1;1;45;0;3404556;103;3402693
11;19;78;9;27;26;7;4.60;4;2;1;62;0;3404607;167;3403924
11;19;78;9;27;27;39;4.00;1;1;1;53;0;3404739;152;3402693
11;19;78;9;27;30;0;3.20;2;1;1;58;0;3405000;1247;0
11;19;78;9;27;30;36;4.20;3;2;1;58;0;3405036;495;0
11;19;78;9;27;31;22;3.80;1;1;1;46;0;3405122;355;0
11;19;78;9;27;31;36;8.20;4;2;6;56;0;3405136;502;0
11;19;78;9;27;31;85;5.20;3;2;1;59;0;3405185;122;0
11;19;78;9;27;32;43;3.60;2;1;1;53;0;3405243;223;0
11;19;78;9;27;32;36;3.60;1;1;1;45;0;3405236;84;0
11;19;78;9;27;33;27;3.60;4;2;1;57;0;3405327;138;0
11;19;78;9;27;33;87;4.00;3;2;1;62;0;3405387;170;0
11;19;78;9;27;33;84;3.60;2;1;1;50;0;3405384;116;0
11;19;78;9;27;34;97;3.80;1;1;1;40;0;3405497;232;0
11;19;78;9;27;36;41;3.60;1;1;1;39;0;3405641;109;0
11;19;78;9;27;37;27;3.40;3;2;1;65;0;3405727;316;0
11;19;78;9;27;38;6;3.40;4;2;1;50;0;3405806;456;0
11;19;78;9;27;37;81;3.80;1;1;1;39;0;3405781;106;0
11;19;78;9;27;38;88;3.20;3;2;1;58;0;3405888;142;0
11;19;78;9;27;39;25;4.40;4;2;1;50;0;3405925;94;0
11;19;78;9;27;40;4;3.80;1;1;1;42;0;3406004;187;0
11;19;78;9;27;41;17;3.80;3;2;1;58;0;3406117;209;0
11;19;78;9;27;41;71;3.80;4;2;1;49;0;3406171;214;0
11;19;78;9;27;43;25;3.40;3;2;1;58;0;3406325;184;0
11;19;78;9;27;43;19;3.00;4;2;1;47;0;3406319;120;0
11;19;78;9;27;44;36;3.20;3;2;1;57;0;3406436;89;0
11;19;78;9;27;44;50;3.60;4;2;1;48;0;3406450;108;0
11;19;78;9;27;45;47;3.80;3;2;1;57;0;3406547;90;0
11;19;78;9;27;45;57;3.60;1;1;1;51;0;3406557;520;0
11;19;78;9;27;45;99;3.60;4;2;1;50;0;3406599;122;0
11;19;78;9;27;46;45;3.80;1;1;1;50;0;3406645;62;0
11;19;78;9;27;47;8;3.60;3;2;1;56;0;3406708;137;3406117
11;19;78;9;27;48;22;4.20;4;2;1;53;0;3406822;197;3406171
11;19;78;9;27;49;21;3.60;3;2;1;58;0;3406921;189;3406117
11;19;78;9;27;50;40;4.00;2;1;1;62;0;3407040;1630;0
11;19;78;9;27;51;23;5.40;4;2;1;50;0;3407123;272;0
11;19;78;9;27;51;51;3.60;2;1;1;59;0;3407151;87;0
11;19;78;9;27;51;62;3.40;1;1;1;59;0;3407162;489;0
11;19;78;9;27;53;79;3.80;2;1;1;53;0;3407379;206;0
11;19;78;9;27;54;46;3.60;1;1;1;59;0;3407446;263;0
11;19;78;9;28;0;54;6.20;2;1;1;57;0;3408054;649;0
11;19;78;9;28;4;25;5.20;1;1;1;59;0;3408425;957;0
11;19;78;9;28;5;52;3.80;1;1;1;58;0;3408552;95;0
11;19;78;9;28;6;53;3.20;2;1;1;57;0;3408653;559;0
11;19;78;9;28;7;77;3.80;1;1;1;55;0;3408777;201;0
11;19;78;9;28;7;96;3.40;2;1;1;56;0;3408796;122;0
11;19;78;9;28;12;40;3.60;1;1;1;49;0;3409240;438;0
11;19;78;9;28;14;42;3.80;2;1;1;58;0;3409442;624;0
11;19;78;9;28;14;50;5.40;1;1;1;54;0;3409450;183;0
11;19;78;9;28;15;67;4.00;1;1;1;54;0;3409567;81;0
11;19;78;9;28;16;6;3.40;2;1;1;53;0;3409606;140;0
11;19;78;9;28;18;5;3.20;1;1;1;52;0;3409805;211;0
11;19;78;9;28;19;15;3.20;1;1;1;57;0;3409915;87;0
11;19;78;9;28;23;47;4.00;2;1;1;57;0;3410347;717;0
11;19;78;9;28;35;19;3.20;4;2;1;61;0;3411519;4357;0
11;19;78;9;28;39;35;3.60;4;2;1;59;0;3411935;397;0
11;19;78;9;28;41;72;3.40;2;1;1;57;0;3412172;1799;0
11;19;78;9;28;44;79;3.60;1;1;1;57;0;3412479;2543;0
11;19;78;9;28;45;15;4.20;4;2;1;60;0;3412515;558;0
11;19;78;9;28;45;72;3.40;1;1;1;58;0;3412572;70;0
11;19;78;9;28;47;53;4.40;4;2;1;57;0;3412753;212;0
11;19;78;9;28;49;77;3.20;4;2;1;53;0;3412977;196;0
11;19;78;9;28;50;50;6.80;2;1;2;62;0;3413050;856;0
11;19;78;9;28;50;71;3.80;1;1;1;55;0;3413071;477;0
11;19;78;9;28;52;47;3.00;2;1;1;65;0;3413247;157;0
11;19;78;9;28;52;77;3.40;1;1;1;54;0;3413277;181;0
11;19;78;9;28;54;2;3.60;1;1;1;52;0;3413402;102;0
11;19;78;9;28;55;29;3.40;1;1;1;53;0;3413529;102;0
11;19;78;9;28;55;53;3.80;2;1;1;57;0;3413553;289;0
11;19;78;9;28;57;26;3.80;1;1;1;51;0;3413726;173;3413071
11;19;78;9;28;57;54;4.20;2;1;1;61;0;3413754;177;3413071
11;19;78;9;28;58;35;4.60;1;1;1;51;0;3413835;82;3413071
11;19;78;9;28;59;69;3.60;1;1;1;50;0;3413969;101;3413071
11;19;78;9;29;0;40;3.80;2;1;1;55;0;3414040;261;0
11;19;78;9;29;1;10;3.60;1;1;1;51;0;3414110;115;3413071
11;19;78;9;29;2;69;3.80;4;2;1;64;0;3414269;1270;0
11;19;78;9;29;3;20;3.60;1;1;1;52;0;3414320;184;3413071
11;19;78;9;29;4;9;4.00;1;1;1;51;0;3414409;64;3413071
11;19;78;9;29;4;55;3.40;3;2;1;64;0;3414455;7511;0
11;19;78;9;29;5;53;3.40;1;1;1;49;0;3414553;115;3413071
11;19;78;9;29;5;82;3.60;2;1;1;51;0;3414582;517;0
11;19;78;9;29;5;93;3.60;3;2;1;60;0;3414593;118;0
11;19;78;9;29;6;73;3.60;4;2;1;61;0;3414673;382;0
11;19;78;9;29;6;88;3.20;2;1;1;49;0;3414688;80;0
11;19;78;9;29;6;90;4.00;1;1;1;48;0;3414690;112;3413071
11;19;78;9;29;9;24;20.80;1;1;5;55;0;3414924;204;0
11;19;78;9;29;10;57;3.60;4;2;1;61;0;3415057;362;0
11;19;78;9;29;12;56;3.80;2;1;1;56;0;3415256;544;0
11;19;78;9;29;13;70;3.00;1;1;1;51;0;3415370;309;0
11;19;78;9;29;13;67;4.60;4;2;1;56;0;3415367;288;0
11;19;78;9;29;14;88;3.80;3;2;1;57;0;3415488;873;0
11;19;78;9;29;15;69;3.40;2;1;1;56;0;3415569;288;0
11;19;78;9;29;15;20;10.60;4;2;2;56;0;3415520;123;0
11;19;78;9;29;16;68;3.20;3;2;1;57;0;3415668;156;0
11;19;78;9;29;17;30;3.40;1;1;1;49;0;3415730;338;0
11;19;78;9;29;18;1;3.80;3;2;1;58;0;3415801;112;0
11;19;78;9;29;18;12;6.80;4;2;1;57;0;3415812;223;0
11;19;78;9;29;18;89;3.60;1;1;1;48;0;3415889;134;0
11;19;78;9;29;20;3;3.40;4;2;1;61;0;3416003;148;0
11;19;78;9;29;20;41;3.40;2;1;1;59;0;3416041;450;0
11;19;78;9;29;20;75;3.80;3;2;1;60;0;3416075;250;0
11;19;78;9;29;20;99;3.60;4;2;1;60;0;3416099;75;0
11;19;78;9;29;21;76;3.60;1;1;1;47;0;3416176;260;0
11;19;78;9;29;22;36;3.60;3;2;1;55;0;3416236;138;0
11;19;78;9;29;22;59;3.20;2;1;1;56;0;3416259;197;0
11;19;78;9;29;23;96;3.60;3;2;1;56;0;3416396;136;0
11;19;78;9;29;23;44;10.00;1;1;2;48;0;3416344;140;0
11;19;78;9;29;24;43;3.80;4;2;1;58;0;3416443;322;0
11;19;78;9;29;25;9;4.20;1;1;1;49;0;3416509;90;0
11;19;78;9;29;26;29;8.20;3;2;2;59;0;3416629;209;0
11;19;78;9;29;26;88;3.20;1;1;1;47;0;3416688;148;0
11;19;78;9;29;27;83;3.80;2;1;1;55;0;3416783;503;0
11;19;78;9;29;29;1;3.40;1;1;1;46;0;3416901;188;3416176
11;19;78;9;29;34;40;3.40;2;1;1;55;0;3417440;632;0
11;19;78;9;29;36;0;3.80;2;1;1;56;0;3417600;137;0
11;19;78;9;29;37;3;4.00;2;1;1;53;0;3417703;78;0
11;19;78;9;29;39;41;3.60;1;1;1;58;0;3417941;1013;0
11;19;78;9;29;43;8;3.60;1;1;1;58;0;3418308;344;0
11;19;78;9;29;46;13;4.00;1;1;1;58;0;3418613;282;0
11;19;78;9;29;47;63;3.40;1;1;1;56;0;3418763;125;0
11;19;78;9;29;50;25;3.40;1;1;1;56;0;3419025;240;0
11;19;78;9;29;51;95;3.00;1;1;1;58;0;3419195;148;0
11;19;78;9;29;52;19;3.20;4;2;1;61;0;3419219;2752;0
11;19;78;9;29;54;33;4.00;2;1;1;62;0;3419433;1702;0
11;19;78;9;29;56;83;3.40;1;1;1;59;0;3419683;469;0
11;19;78;9;30;0;86;7.60;1;1;2;58;0;3420086;382;0
11;19;78;9;30;2;40;3.40;4;2;1;56;0;3420240;1002;0
11;19;78;9;30;7;37;3.40;1;1;1;61;0;3420737;603;0
11;19;78;9;30;8;4;3.60;3;2;1;59;0;3420804;4124;0
11;19;78;9;30;9;62;3.80;4;2;1;59;0;3420962;700;0
11;19;78;9;30;10;76;3.60;4;2;1;57;0;3421076;90;0
11;19;78;9;30;11;9;4.00;1;1;1;60;0;3421109;351;0
11;19;78;9;30;11;96;3.80;2;1;1;67;0;3421196;1739;0
11;19;78;9;30;14;12;3.40;2;1;1;58;0;3421412;195;0
11;19;78;9;30;14;54;3.80;1;1;1;57;0;3421454;321;0
11;19;78;9;30;14;94;3.20;4;2;1;56;0;3421494;395;0
11;19;78;9;30;15;12;4.00;3;2;1;54;0;3421512;686;0
11;19;78;9;30;15;63;3.60;1;1;1;56;0;3421563;85;0
11;19;78;9;30;15;73;3.80;2;1;1;61;0;3421573;139;0
11;19;78;9;30;20;13;3.40;1;1;1;58;0;3422013;426;0
11;19;78;9;30;22;55;3.40;2;1;1;54;0;3422255;659;0
11;19;78;9;30;26;76;3.80;1;1;1;49;0;3422676;641;0
11;19;78;9;30;27;82;4.00;1;1;1;52;0;3422782;78;0
11;19;78;9;30;34;40;5.00;1;1;1;60;0;3423440;630;0
11;19;78;9;30;42;4;3.40;1;1;1;57;0;3424204;734;0
11;19;78;9;30;44;41;3.60;4;2;1;58;0;3424441;2926;0
11;19;78;9;30;45;24;3.80;3;2;1;64;0;3424524;2985;0
11;19;78;9;30;46;42;5.40;3;2;1;64;0;3424642;96;0
11;19;78;9;30;47;9;4.00;4;2;1;73;0;3424709;245;0
11;19;78;9;30;47;84;4.00;3;2;1;61;0;3424784;111;0
11;19;78;9;30;50;25;3.80;3;2;1;63;0;3425025;217;0
11;19;78;9;30;51;48;3.80;4;2;1;66;0;3425148;419;0
11;19;78;9;30;52;33;3.60;3;2;1;69;0;3425233;186;0
11;19;78;9;30;53;50;15.40;4;2;4;64;0;3425350;181;0
11;19;78;9;30;54;44;3.40;3;2;1;61;0;3425444;192;0
11;19;78;9;30;54;99;3.40;1;1;1;54;0;3425499;1273;0
11;19;78;9;30;56;93;3.60;4;2;1;59;0;3425693;256;0
11;19;78;9;30;57;22;3.60;3;2;1;60;0;3425722;257;0
11;19;78;9;30;59;68;3.60;4;2;1;56;0;3425968;253;0
11;19;78;9;31;0;64;4.00;3;2;1;60;0;3426064;320;0
11;19;78;9;31;2;37;5.00;4;2;1;56;0;3426237;245;0
11;19;78;9;31;2;95;4.20;1;1;1;51;0;3426295;773;0
11;19;78;9;31;3;42;3.60;3;2;1;60;0;3426342;254;0
11;19;78;9;31;4;31;3.60;4;2;1;55;0;3426431;161;0
11;19;78;9;31;5;0;3.60;1;1;1;50;0;3426500;175;0
11;19;78;9;31;5;81;3.40;2;1;1;60;0;3426581;4303;0
11;19;78;9;31;6;19;3.80;4;2;1;55;0;3426619;164;0
11;19;78;9;31;8;8;3.60;4;2;1;54;0;3426808;164;0
11;19;78;9;31;8;55;5.00;3;2;1;59;0;3426855;491;0
11;19;78;9;31;9;53;9.60;3;2;2;57;0;3426953;67;0
11;19;78;9;31;12;40;3.20;1;1;1;56;0;3427240;714;0
11;19;78;9;31;13;81;3.60;1;1;1;58;0;3427381;120;0
11;19;78;9;31;13;76;11.80;4;2;2;53;0;3427376;544;0
11;19;78;9;31;17;71;3.20;1;1;1;55;0;3427771;367;0
11;19;78;9;31;19;87;4.00;1;1;1;58;0;3427987;195;0
11;19;78;9;31;22;99;5.00;2;1;1;66;0;3428299;1697;0
11;19;78;9;31;25;76;4.20;1;1;1;57;0;3428576;564;0
11;19;78;9;31;27;86;3.60;1;1;1;57;0;3428786;183;0
11;19;78;9;31;28;50;4.00;2;1;1;60;0;3428850;523;0
11;19;78;9;31;29;17;5.20;1;1;1;57;0;3428917;108;0
11;19;78;9;31;30;26;3.00;2;1;1;55;0;3429026;152;0
11;19;78;9;31;31;60;3.60;1;1;1;56;0;3429160;210;0
11;19;78;9;31;34;28;3.40;1;1;1;55;0;3429428;244;0
11;19;78;9;31;35;64;3.60;2;1;1;55;0;3429564;518;0
11;19;78;9;31;35;90;3.60;1;1;1;54;0;3429590;139;0
11;19;78;9;31;36;67;3.40;2;1;1;54;0;3429667;79;0
11;19;78;9;31;36;95;3.60;1;1;1;52;0;3429695;81;0
11;19;78;9;31;37;48;3.20;2;1;1;52;0;3429748;58;0
11;19;78;9;31;38;32;3.40;2;1;1;52;0;3429832;61;0
11;19;78;9;31;38;69;3.20;1;1;1;51;0;3429869;149;0
11;19;78;9;31;39;70;3.60;1;1;1;49;0;3429970;78;3429428
11;19;78;9;31;40;74;3.20;4;2;1;57;0;3430074;2617;0
11;19;78;9;31;40;76;4.00;2;1;1;52;0;3430076;220;0
11;19;78;9;31;41;23;3.20;1;1;1;47;0;3430123;126;3429428
11;19;78;9;31;42;22;3.60;1;1;1;47;0;3430222;74;3429428
11;19;78;9;31;42;35;5.00;2;1;1;51;0;3430235;131;3429428
11;19;78;9;31;43;70;3.60;1;1;1;45;0;3430370;120;3429428
11;19;78;9;31;45;86;3.00;2;1;1;55;0;3430586;315;0
11;19;78;9;31;45;81;3.60;1;1;1;43;0;3430581;182;3429428
11;19;78;9;31;46;99;3.60;4;2;1;52;0;3430699;604;0
11;19;78;9;31;46;90;3.40;1;1;1;44;0;3430690;78;3429428
11;19;78;9;31;48;55;3.00;4;2;1;52;0;3430855;131;3429428
11;19;78;9;31;49;8;3.40;1;1;1;44;0;3430908;190;3429428
11;19;78;9;31;50;27;3.60;1;1;1;44;0;3431027;91;3429428
11;19;78;9;31;51;66;3.20;1;1;1;44;0;3431166;109;3429428
11;19;78;9;31;52;22;3.80;2;1;1;57;0;3431222;616;0
11;19;78;9;31;53;1;3.80;1;1;1;46;0;3431301;108;3429428
11;19;78;9;31;54;19;3.20;1;1;1;47;0;3431419;88;3429428
11;19;78;9;31;54;99;3.80;2;1;1;54;0;3431499;253;0
11;19;78;9;31;55;25;3.00;1;1;1;48;0;3431525;81;3429428
11;19;78;9;31;56;47;3.60;3;2;1;62;0;3431647;4633;0
11;19;78;9;31;57;26;3.80;1;1;1;47;0;3431726;178;3429428
11;19;78;9;31;58;4;3.60;2;1;1;59;0;3431804;279;0
11;19;78;9;31;58;75;3.20;1;1;1;50;0;3431875;119;3429428
11;19;78;9;31;59;53;3.40;2;1;1;57;0;3431953;127;3429428
11;19;78;9;32;0;6;3.80;1;1;1;47;0;3432006;107;3429428
11;19;78;9;32;0;33;3.40;3;2;1;57;0;3432033;365;0
11;19;78;9;32;0;44;3.80;2;1;1;59;0;3432044;69;0
11;19;78;9;32;1;43;5.20;3;2;1;55;0;3432143;88;0
11;19;78;9;32;1;54;3.20;1;1;1;46;0;3432154;118;3429428
11;19;78;9;32;2;31;3.20;2;1;1;49;0;3432231;163;3429428
11;19;78;9;32;3;46;3.80;2;1;1;50;0;3432346;91;3431804
11;19;78;9;32;3;57;3.20;1;1;1;46;0;3432357;177;3429428
11;19;78;9;32;5;8;3.60;1;1;1;47;0;3432508;125;3429428
11;19;78;9;32;6;45;3.40;3;2;1;58;0;3432645;467;0
11;19;78;9;32;6;67;13.80;4;2;4;62;0;3432667;1791;0
11;19;78;9;32;8;97;3.60;2;1;1;58;0;3432897;523;0
11;19;78;9;32;9;5;5.20;1;1;1;53;0;3432905;369;0
11;19;78;9;32;14;4;3.40;1;1;1;54;0;3433404;463;0
11;19;78;9;32;14;79;3.20;2;1;1;61;0;3433479;559;0
11;19;78;9;32;15;18;3.40;1;1;1;51;0;3433518;91;0
11;19;78;9;32;15;94;3.80;2;1;1;54;0;3433594;96;0
11;19;78;9;32;17;37;3.00;1;1;1;56;0;3433737;195;0
11;19;78;9;32;20;93;3.60;1;1;1;48;0;3434093;336;0
11;19;78;9;32;22;69;3.40;1;1;1;47;0;3434269;149;0
11;19;78;9;32;24;2;4.00;2;1;1;56;0;3434402;782;0
11;19;78;9;32;24;18;3.40;4;2;1;61;0;3434418;1670;0
11;19;78;9;32;24;35;3.80;1;1;1;47;0;3434435;139;0
11;19;78;9;32;25;39;3.80;1;1;1;45;0;3434539;74;0
11;19;78;9;32;26;16;3.00;3;2;1;59;0;3434616;1949;0
11;19;78;9;32;26;78;4.40;1;1;1;46;0;3434678;108;3434093
11;19;78;9;32;27;13;3.40;4;2;1;57;0;3434713;274;0
11;19;78;9;32;28;1;3.80;3;2;1;61;0;3434801;166;0
11;19;78;9;32;27;98;3.60;1;1;1;47;0;3434798;85;3434093
11;19;78;9;32;31;49;3.00;4;2;0;60;1;3435149;414;0
11;19;78;9;32;31;66;3.60;1;1;1;49;0;3435166;340;0
11;19;78;9;32;32;69;3.80;2;1;1;59;0;3435269;841;0
11;19;78;9;32;32;76;4.60;3;2;1;62;0;3435276;452;0
11;19;78;9;32;33;43;3.60;4;2;1;52;0;3435343;608;0
11;19;78;9;32;33;59;4.00;2;1;1;59;0;3435359;66;0
11;19;78;9;32;33;69;4.00;3;2;1;59;0;3435369;66;0
11;19;78;9;32;34;72;3.40;4;2;1;53;0;3435472;104;0
11;19;78;9;32;35;6;4.60;2;1;1;56;0;3435506;122;0
11;19;78;9;32;35;21;4.00;3;2;1;56;0;3435521;127;0
11;19;78;9;32;34;64;12.60;1;1;3;46;0;3435464;271;0
11;19;78;9;32;35;35;8.20;4;2;2;51;0;3435535;39;0
11;19;78;9;32;36;23;6.00;2;1;1;58;0;3435623;87;0
11;19;78;9;32;36;46;3.80;3;2;1;60;0;3435646;99;0
11;19;78;9;32;36;95;4.80;1;1;1;47;0;3435695;132;0
11;19;78;9;32;37;14;4.60;4;2;1;51;0;3435714;121;0
11;19;78;9;32;37;89;4.00;3;2;1;57;0;3435789;120;3435276
11;19;78;9;32;39;63;3.60;3;2;1;59;0;3435963;148;3435276
11;19;78;9;32;41;4;3.20;3;2;1;59;0;3436104;119;3435276
11;19;78;9;32;42;47;3.60;3;2;1;54;0;3436247;123;3435276
11;19;78;9;32;43;0;6.20;4;2;1;57;0;3436300;553;0
11;19;78;9;32;44;40;3.60;4;2;1;56;0;3436440;100;0
11;19;78;9;32;47;39;3.60;4;2;1;58;0;3436739;275;0
11;19;78;9;32;49;36;3.60;4;2;1;57;0;3436936;174;0
11;19;78;9;33;12;32;3.40;1;1;1;53;0;3439232;3500;0
11;19;78;9;33;17;42;3.80;4;2;1;57;0;3439742;2783;0
11;19;78;9;33;28;60;3.60;4;2;1;58;0;3440860;1094;0
11;19;78;9;33;30;16;4.00;2;1;1;49;0;3441016;5355;0
11;19;78;9;33;30;58;3.80;3;2;1;65;0;3441058;4787;0
11;19;78;9;33;30;65;3.80;1;1;1;56;0;3441065;1809;0
11;19;78;9;33;31;75;3.80;2;1;1;48;0;3441175;129;0
11;19;78;9;33;32;0;3.60;4;2;1;58;0;3441200;317;0
11;19;78;9;33;32;19;3.60;3;2;1;61;0;3441219;139;0
11;19;78;9;33;33;81;3.80;2;1;1;55;0;3441381;177;0
11;19;78;9;33;34;59;3.60;3;2;1;60;0;3441459;218;0
11;19;78;9;33;35;25;3.60;2;1;1;57;0;3441525;119;0
11;19;78;9;33;35;89;4.00;1;1;1;57;0;3441589;499;0
11;19;78;9;33;36;80;3.80;2;1;1;57;0;3441680;132;3441016
11;19;78;9;33;37;84;3.40;2;1;1;57;0;3441784;80;3441016
11;19;78;9;33;38;35;6.40;1;1;1;54;0;3441835;220;0
11;19;78;9;33;40;15;4.60;1;1;1;52;0;3442015;137;0
11;19;78;9;33;40;20;6.40;4;2;1;54;0;3442020;797;0
11;19;78;9;33;41;38;3.20;2;1;1;56;0;3442138;332;0
11;19;78;9;33;42;75;3.60;2;1;1;55;0;3442275;116;0
11;19;78;9;33;43;25;14.40;4;2;3;57;0;3442325;262;0
11;19;78;9;33;45;46;3.40;1;1;1;54;0;3442546;499;0
11;19;78;9;33;46;83;3.60;1;1;1;54;0;3442683;114;0
11;19;78;9;33;47;60;3.40;2;1;1;57;0;3442760;461;0
11;19;78;9;33;48;55;3.00;1;1;1;56;0;3442855;148;0
11;19;78;9;33;49;78;5.80;1;1;1;51;0;3442978;103;0
11;19;78;9;33;50;77;3.20;2;1;1;54;0;3443077;295;0
11;19;78;9;33;52;9;3.60;1;1;1;53;0;3443209;190;3442546
11;19;78;9;33;53;43;4.00;1;1;1;51;0;3443343;109;3442546
11;19;78;9;33;55;89;11.40;1;1;3;50;0;3443589;217;0
11;19;78;9;33;57;19;3.60;2;1;1;53;0;3443719;620;0
11;19;78;9;33;57;37;3.40;4;2;1;68;0;3443737;1321;0
11;19;78;9;33;58;24;10.00;1;1;6;49;0;3443824;152;0
11;19;78;9;33;59;74;5.20;1;1;1;45;0;3443974;76;0
11;19;78;9;34;1;5;4.00;2;1;1;59;0;3444105;361;0
11;19;78;9;34;1;41;3.80;1;1;1;44;0;3444141;125;0
11;19;78;9;34;1;75;3.80;3;2;1;66;0;3444175;2694;0
11;19;78;9;34;2;83;2.80;3;2;1;63;0;3444283;87;0
11;19;78;9;34;3;29;3.80;1;1;1;46;0;3444329;156;3443589
11;19;78;9;34;4;54;4.00;3;2;1;63;0;3444454;155;3443589
11;19;78;9;34;4;57;3.00;4;2;1;54;0;3444457;702;0
11;19;78;9;34;5;70;3.20;1;1;1;46;0;3444570;211;0
11;19;78;9;34;5;89;3.40;4;2;1;58;0;3444589;112;0
11;19;78;9;34;7;2;3.60;1;1;1;48;0;3444702;106;0
11;19;78;9;34;7;98;3.60;4;2;1;57;0;3444798;187;0
11;19;78;9;34;9;37;3.20;1;1;1;46;0;3444937;208;0
11;19;78;9;34;9;50;3.40;4;2;1;55;0;3444950;129;0
11;19;78;9;34;12;33;3.60;3;2;1;72;0;3445233;756;0
11;19;78;9;34;12;15;10.00;1;1;2;46;0;3445215;252;0
11;19;78;9;34;13;15;3.80;3;2;1;66;0;3445315;64;0
11;19;78;9;34;13;44;6.60;4;2;1;56;0;3445344;371;0
11;19;78;9;34;14;40;3.40;3;2;1;70;0;3445440;104;0
11;19;78;9;34;14;70;3.20;1;1;1;45;0;3445470;176;0
11;19;78;9;34;15;12;3.80;2;1;1;55;0;3445512;1382;0
11;19;78;9;34;16;8;3.40;3;2;1;63;0;3445608;150;0
11;19;78;9;34;16;39;4.20;1;1;1;45;0;3445639;143;0
11;19;78;9;34;17;76;3.20;3;2;1;65;0;3445776;148;3445233
11;19;78;9;34;17;96;8.60;4;2;2;62;0;3445796;409;0
11;19;78;9;34;17;75;5.00;2;1;1;49;0;3445775;238;0
11;19;78;9;34;17;79;2.20;1;1;0;50;1;3445779;106;0
11;19;78;9;34;18;74;3.40;1;1;1;47;0;3445874;201;0
11;19;78;9;34;19;26;3.80;2;1;1;47;0;3445926;114;0
11;19;78;9;34;19;88;3.00;1;1;1;45;0;3445988;87;0
11;19;78;9;34;20;30;3.60;2;1;1;43;0;3446030;74;0
11;19;78;9;34;20;69;3.00;4;2;1;62;0;3446069;223;0
11;19;78;9;34;21;49;3.40;1;1;1;44;0;3446149;137;0
11;19;78;9;34;22;61;3.20;1;1;1;42;0;3446261;84;0
11;19;78;9;34;23;94;4.80;4;2;1;61;0;3446394;307;0
11;19;78;9;34;24;38;4.00;1;1;1;44;0;3446438;149;3445874
11;19;78;9;34;28;99;4.60;1;1;1;51;0;3446899;428;0
11;19;78;9;34;30;29;3.40;1;1;1;52;0;3447029;97;0
11;19;78;9;34;31;17;3.60;3;2;1;53;0;3447117;1323;0
11;19;78;9;34;33;20;4.00;2;1;1;60;0;3447320;1259;0
11;19;78;9;34;34;93;3.60;1;1;1;54;0;3447493;440;0
11;19;78;9;34;40;1;4.40;2;1;1;61;0;3448001;657;0
11;19;78;9;34;41;97;3.60;2;1;1;56;0;3448197;170;0
11;19;78;9;34;44;36;3.40;2;1;1;52;0;3448436;215;0
11;19;78;9;34;45;70;3.60;2;1;1;50;0;3448570;110;0
11;19;78;9;34;45;89;3.40;1;1;1;56;0;3448589;1072;0
11;19;78;9;34;56;10;3.20;4;2;1;60;0;3449610;3187;0
11;19;78;9;34;58;58;3.20;4;2;1;57;0;3449858;228;0
11;19;78;9;35;9;15;3.40;3;2;1;58;0;3450915;3773;0
11;19;78;9;35;11;43;3.60;3;2;1;64;0;3451143;206;0
11;19;78;9;35;11;60;3.60;4;2;1;61;0;3451160;1281;0
11;19;78;9;35;17;7;3.40;4;2;1;55;0;3451707;525;0
11;19;78;9;35;19;73;4.60;4;2;1;54;0;3451973;243;0
11;19;78;9;35;28;96;4.00;1;1;1;55;0;3452896;4285;0
11;19;78;9;35;31;52;11.40;4;2;3;58;0;3453152;1148;0
11;19;78;9;35;36;19;3.20;2;1;1;56;0;3453619;5023;0
11;19;78;9;35;37;49;4.60;2;1;1;57;0;3453749;109;0
11;19;78;9;35;37;82;3.60;1;1;1;57;0;3453782;859;0
11;19;78;9;35;40;0;3.80;1;1;1;55;0;3454000;195;0
11;19;78;9;35;40;41;3.20;2;1;1;51;0;3454041;262;0
11;19;78;9;35;41;50;4.00;1;1;1;57;0;3454150;125;0
11;19;78;9;35;41;92;12.60;4;2;3;46;0;3454192;969;0
11;19;78;9;35;42;12;12.20;2;1;7;53;0;3454212;148;0
11;19;78;9;35;43;0;3.40;1;1;1;54;0;3454300;124;0
11;19;78;9;35;42;86;7.40;3;2;1;65;0;3454286;3122;0
11;19;78;9;35;43;89;3.60;2;1;1;54;0;3454389;94;0
11;19;78;9;35;44;1;4.60;1;1;1;53;0;3454401;78;3453782
11;19;78;9;35;45;17;4.60;1;1;1;51;0;3454517;84;3453782
11;19;78;9;35;46;25;3.60;2;1;1;56;0;3454625;212;0
11;19;78;9;35;47;14;3.40;4;2;1;60;0;3454714;423;0
11;19;78;9;35;47;45;3.60;1;1;1;51;0;3454745;195;3453782
11;19;78;9;35;48;70;3.20;3;2;1;58;0;3454870;543;0
11;19;78;9;35;49;10;3.00;1;1;1;51;0;3454910;139;3453782
11;19;78;9;35;49;23;4.20;4;2;1;60;0;3454923;188;3453782
11;19;78;9;35;49;35;3.60;2;1;1;57;0;3454935;286;0
11;19;78;9;35;50;95;4.40;1;1;1;52;0;3455095;163;3453782
11;19;78;9;35;51;9;3.20;3;2;1;61;0;3455109;219;0
11;19;78;9;35;51;5;3.80;2;1;1;56;0;3455105;147;0
11;19;78;9;35;52;61;3.80;4;2;1;55;0;3455261;312;0
11;19;78;9;35;53;8;5.20;1;1;1;53;0;3455308;182;3453782
11;19;78;9;35;53;24;3.40;3;2;1;60;0;3455324;196;3453782
11;19;78;9;35;54;52;3.40;1;1;1;51;0;3455452;108;3453782
11;19;78;9;35;54;61;3.40;3;2;1;60;0;3455461;116;3453782
11;19;78;9;35;54;86;3.00;4;2;1;55;0;3455486;200;0
11;19;78;9;35;55;85;3.60;2;1;1;58;0;3455585;455;0
11;19;78;9;35;56;5;3.60;3;2;1;62;0;3455605;123;0
11;19;78;9;35;56;35;3.60;1;1;1;55;0;3455635;159;3453782
11;19;78;9;35;57;37;4.40;4;2;1;54;0;3455737;231;0
11;19;78;9;35;57;83;3.60;3;2;1;60;0;3455783;157;3455109
11;19;78;9;35;57;94;3.40;1;1;1;55;0;3455794;135;3453782
11;19;78;9;35;59;59;3.80;1;1;1;53;0;3455959;142;3453782
11;19;78;9;35;59;79;4.60;4;2;1;57;0;3455979;212;0
11;19;78;9;36;1;25;3.00;2;1;1;60;0;3456125;517;0
11;19;78;9;36;1;52;3.80;1;1;1;52;0;3456152;167;3453782
11;19;78;9;36;1;93;4.80;4;2;1;56;0;3456193;184;3453782
11;19;78;9;36;2;85;3.80;2;1;1;60;0;3456285;142;3453782
11;19;78;9;36;3;1;4.40;1;1;1;51;0;3456301;122;3453782
11;19;78;9;36;3;62;3.80;3;2;1;62;0;3456362;557;0
11;19;78;9;36;5;9;2.80;2;1;1;55;0;3456509;201;0
11;19;78;9;36;5;4;3.60;3;2;1;59;0;3456504;119;0
11;19;78;9;36;5;22;3.20;4;2;1;55;0;3456522;298;0
11;19;78;9;36;6;75;3.60;3;2;1;59;0;3456675;149;0
11;19;78;9;36;7;17;3.40;4;2;1;57;0;3456717;174;0
11;19;78;9;36;8;39;3.60;1;1;1;49;0;3456839;506;0
11;19;78;9;36;9;35;3.20;3;2;1;59;0;3456935;238;0
11;19;78;9;36;9;62;3.60;4;2;1;58;0;3456962;223;0
11;19;78;9;36;10;25;3.60;1;1;1;45;0;3457025;159;0
11;19;78;9;36;10;43;3.40;3;2;1;61;0;3457043;88;0
11;19;78;9;36;11;65;3.60;1;1;1;43;0;3457165;111;0
11;19;78;9;36;11;92;3.80;3;2;1;53;0;3457192;128;0
11;19;78;9;36;13;31;4.00;3;2;1;54;0;3457331;113;0
11;19;78;9;36;13;67;3.60;1;1;1;43;0;3457367;171;0
11;19;78;9;36;14;34;3.80;2;1;1;52;0;3457434;906;0
11;19;78;9;36;14;85;8.60;1;1;2;42;0;3457485;87;3456839
11;19;78;9;36;16;0;3.80;2;1;1;50;0;3457600;139;3456839
11;19;78;9;36;16;80;3.40;1;1;1;43;0;3457680;121;3456839
11;19;78;9;36;18;48;3.60;2;1;1;53;0;3457848;220;0
11;19;78;9;36;19;33;14.40;1;1;4;43;0;3457933;224;0
11;19;78;9;36;21;31;4.60;2;1;1;50;0;3458131;258;0
11;19;78;9;36;22;56;3.80;1;1;1;41;0;3458256;202;0
11;19;78;9;36;22;79;4.00;2;1;1;52;0;3458279;114;0
11;19;78;9;36;24;0;3.20;1;1;1;39;0;3458400;110;0
11;19;78;9;36;26;28;3.60;2;1;1;54;0;3458628;321;0
11;19;78;9;36;28;6;3.00;1;1;1;41;0;3458806;376;0
11;19;78;9;36;29;46;6.80;1;1;1;45;0;3458946;113;0
11;19;78;9;36;30;42;3.40;4;2;1;60;0;3459042;2057;0
11;19;78;9;36;31;85;3.80;1;1;1;47;0;3459185;184;0
11;19;78;9;36;32;74;3.80;1;1;1;47;0;3459274;59;0
11;19;78;9;36;34;67;3.80;2;1;1;60;0;3459467;815;0
11;19;78;9;36;34;46;4.60;1;1;1;47;0;3459446;142;3458806
11;19;78;9;36;35;38;3.60;4;2;1;57;0;3459538;475;0
11;19;78;9;36;35;91;3.20;1;1;1;45;0;3459591;109;3458806
11;19;78;9;36;37;2;5.80;1;1;1;44;0;3459702;85;3458806
11;19;78;9;36;41;16;3.60;1;1;1;46;0;3460116;366;0
11;19;78;9;36;43;2;3.80;2;1;1;58;0;3460302;812;0
11;19;78;9;36;43;27;5.80;1;1;1;46;0;3460327;182;0
11;19;78;9;36;44;66;3.20;1;1;1;45;0;3460466;93;0
11;19;78;9;36;44;75;4.80;2;1;1;56;0;3460475;149;0
11;19;78;9;36;46;17;3.60;1;1;1;44;0;3460617;125;0
11;19;78;9;36;46;56;3.40;2;1;1;53;0;3460656;150;0
11;19;78;9;36;47;55;3.40;1;1;1;49;0;3460755;108;3460116
11;19;78;9;36;51;85;3.20;4;2;1;64;0;3461185;1624;0
11;19;78;9;36;52;36;6.40;1;1;1;49;0;3461236;456;0
11;19;78;9;36;54;8;3.80;3;2;1;57;0;3461408;4050;0
11;19;78;9;36;55;3;3.40;1;1;1;48;0;3461503;219;0
11;19;78;9;36;57;6;3.80;1;1;1;46;0;3461706;177;0
11;19;78;9;37;0;32;11.20;4;2;2;53;0;3462032;829;0
11;19;78;9;37;1;11;4.00;3;2;1;61;0;3462111;679;0
11;19;78;9;37;7;25;3.00;4;2;1;52;0;3462725;616;0
11;19;78;9;37;8;13;3.80;3;2;1;65;0;3462813;678;0
11;19;78;9;37;8;42;3.40;4;2;1;51;0;3462842;96;0
11;19;78;9;37;12;42;3.40;4;2;1;59;0;3463242;376;0
11;19;78;9;37;18;12;3.80;4;2;1;57;0;3463812;549;0
11;19;78;9;37;19;85;4.00;3;2;1;77;0;3463985;1150;0
11;19;78;9;37;23;74;3.60;4;2;1;58;0;3464374;538;0
11;19;78;9;37;26;82;3.60;4;2;1;56;0;3464682;285;0
11;19;78;9;37;27;7;5.00;3;2;1;63;0;3464707;703;0
11;19;78;9;37;28;40;4.00;3;2;1;63;0;3464840;104;0
11;19;78;9;37;29;13;3.60;4;2;1;56;0;3464913;207;0
11;19;78;9;37;31;6;3.60;4;2;1;55;0;3465106;169;0
11;19;78;9;37;31;27;4.00;3;2;1;60;0;3465127;264;0
11;19;78;9;37;33;24;3.40;4;2;1;55;0;3465324;194;0
11;19;78;9;37;34;34;3.80;2;1;1;55;0;3465434;4754;0
11;19;78;9;37;34;54;3.60;4;2;1;55;0;3465454;107;0
11;19;78;9;37;35;33;3.60;3;2;1;64;0;3465533;382;0
11;19;78;9;37;35;89;3.60;4;2;1;54;0;3465589;111;3464913
11;19;78;9;37;36;76;3.80;3;2;1;61;0;3465676;122;3464913
11;19;78;9;37;37;23;3.40;4;2;1;54;0;3465723;110;3464913
11;19;78;9;37;38;31;4.20;3;2;1;64;0;3465831;132;3464913
11;19;78;9;37;39;66;3.60;3;2;1;63;0;3465966;111;3464913
11;19;78;9;37;39;83;4.00;4;2;1;56;0;3465983;237;0
11;19;78;9;37;41;2;2.80;4;2;1;55;0;3466102;93;0
11;19;78;9;37;41;35;3.80;3;2;1;58;0;3466135;148;3465533
11;19;78;9;37;42;96;4.80;4;2;1;56;0;3466296;175;3465533
11;19;78;9;37;43;84;4.00;1;1;1;57;0;3466384;4648;0
11;19;78;9;37;44;51;9.00;4;2;2;57;0;3466451;124;0
11;19;78;9;37;46;36;3.20;2;1;1;54;0;3466636;1177;0
11;19;78;9;37;46;61;4.40;1;1;1;55;0;3466661;251;0
11;19;78;9;37;46;95;3.40;4;2;1;55;0;3466695;187;3465983
11;19;78;9;37;47;43;3.40;3;2;1;57;0;3466743;584;0
11;19;78;9;37;47;68;3.00;4;2;1;54;0;3466768;50;3465983
11;19;78;9;37;47;77;4.00;2;1;1;52;0;3466777;119;3465983
11;19;78;9;37;47;73;7.80;1;1;1;54;0;3466773;83;3465983
11;19;78;9;37;48;33;3.20;3;2;1;57;0;3466833;68;3465983
11;19;78;9;37;49;20;5.00;2;1;1;51;0;3466920;115;3465983
11;19;78;9;37;50;47;4.00;4;2;1;54;0;3467047;259;0
11;19;78;9;37;50;53;3.80;1;1;1;54;0;3467053;228;0
11;19;78;9;37;50;83;4.00;2;1;1;51;0;3467083;127;0
11;19;78;9;37;51;47;3.80;3;2;1;58;0;3467147;293;0
11;19;78;9;37;51;78;3.00;2;1;1;50;0;3467178;66;3466636
11;19;78;9;37;51;84;3.80;1;1;1;54;0;3467184;105;3466636
11;19;78;9;37;52;65;3.40;3;2;1;57;0;3467265;94;3466636
11;19;78;9;37;52;78;4.00;2;1;1;49;0;3467278;78;3466636
11;19;78;9;37;53;7;4.60;1;1;1;54;0;3467307;97;3466636
11;19;78;9;37;54;19;3.80;3;2;1;56;0;3467419;132;3466636
11;19;78;9;37;55;52;3.40;3;2;1;54;0;3467552;108;3466636
11;19;78;9;37;56;50;10.40;1;1;2;54;0;3467650;312;0
11;19;78;9;37;58;8;3.60;2;1;1;55;0;3467808;500;0
11;19;78;9;37;59;55;3.40;2;1;1;51;0;3467955;123;0
11;19;78;9;38;0;49;3.60;4;2;1;56;0;3468049;975;0
11;19;78;9;38;0;65;3.60;1;1;1;58;0;3468065;345;0
11;19;78;9;38;1;40;4.00;2;1;1;50;0;3468140;161;0
11;19;78;9;38;3;72;4.40;2;1;1;59;0;3468372;203;0
11;19;78;9;38;5;5;3.80;1;1;1;49;0;3468505;417;0
11;19;78;9;38;6;16;6.00;1;1;1;48;0;3468616;83;0
11;19;78;9;38;7;75;3.40;2;1;1;58;0;3468775;376;0
11;19;78;9;38;8;32;3.60;1;1;1;47;0;3468832;171;0
11;19;78;9;38;9;61;12.60;1;1;3;47;0;3468961;101;0
11;19;78;9;38;11;65;3.40;1;1;1;45;0;3469165;107;3468505
11;19;78;9;38;13;81;3.80;2;1;1;59;0;3469381;584;0
11;19;78;9;38;13;79;12.00;1;1;2;45;0;3469379;186;3468505
11;19;78;9;38;14;59;3.80;4;2;1;59;0;3469459;1386;0
11;19;78;9;38;15;54;4.00;1;1;1;44;0;3469554;79;3468505
11;19;78;9;38;16;74;8.40;1;1;2;43;0;3469674;87;3468505
11;19;78;9;38;17;31;3.20;4;2;1;62;0;3469731;248;0
11;19;78;9;38;19;96;3.60;1;1;1;47;0;3469996;251;0
11;19;78;9;38;22;2;3.80;4;2;1;61;0;3470202;452;0
11;19;78;9;38;23;45;3.20;4;2;1;57;0;3470345;120;0
11;19;78;9;38;23;97;4.40;2;1;1;62;0;3470397;992;0
11;19;78;9;38;24;7;3.80;1;1;1;43;0;3470407;383;0
11;19;78;9;38;25;89;3.00;1;1;1;42;0;3470589;150;0
11;19;78;9;38;27;58;3.40;1;1;1;43;0;3470758;143;0
11;19;78;9;38;28;65;3.00;1;1;1;41;0;3470865;78;0
11;19;78;9;38;29;35;4.20;2;1;1;56;0;3470935;512;0
11;19;78;9;38;30;79;3.40;2;1;1;56;0;3471079;117;0
11;19;78;9;38;30;88;3.60;1;1;1;48;0;3471088;196;3470407
11;19;78;9;38;32;28;4.00;2;1;1;55;0;3471228;127;3470407
11;19;78;9;38;31;99;9.20;1;1;6;49;0;3471199;84;3470407
11;19;78;9;38;32;80;3.00;3;2;1;59;0;3471280;3705;0
11;19;78;9;38;33;99;3.80;1;1;1;48;0;3471399;132;3470407
11;19;78;9;38;34;73;3.40;4;2;1;58;0;3471473;1107;0
11;19;78;9;38;34;84;5.20;1;1;1;45;0;3471484;56;3470407
11;19;78;9;38;35;90;3.40;3;2;1;63;0;3471590;291;0
11;19;78;9;38;37;14;3.80;3;2;1;62;0;3471714;104;0
11;19;78;9;38;37;64;3.60;2;1;1;54;0;3471764;509;0
11;19;78;9;38;38;10;3.60;4;2;1;57;0;3471810;315;0
11;19;78;9;38;38;25;3.40;1;1;1;51;0;3471825;299;0
11;19;78;9;38;38;77;3.60;3;2;1;62;0;3471877;140;0
11;19;78;9;38;39;74;4.00;1;1;1;48;0;3471974;125;0
11;19;78;9;38;40;28;3.60;2;1;1;52;0;3472028;240;0
11;19;78;9;38;40;96;3.00;1;1;1;52;0;3472096;92;0
11;19;78;9;38;41;84;3.80;4;2;1;57;0;3472184;351;0
11;19;78;9;38;42;45;3.60;1;1;1;53;0;3472245;128;0
11;19;78;9;38;42;51;4.00;2;1;1;54;0;3472251;198;0
11;19;78;9;38;43;45;5.00;2;1;1;56;0;3472345;67;0
11;19;78;9;38;46;88;3.20;4;2;1;54;0;3472688;480;0
11;19;78;9;38;50;59;3.20;1;1;1;52;0;3473059;789;0
11;19;78;9;38;54;25;13.20;1;1;3;51;0;3473425;343;0
11;19;78;9;38;56;38;5.20;1;1;1;52;0;3473638;119;0
11;19;78;9;38;58;74;4.00;1;1;1;45;0;3473874;200;0
11;19;78;9;39;0;61;3.80;3;2;1;75;0;3474061;2163;0
11;19;78;9;39;0;78;4.20;4;2;1;65;0;3474078;1368;0
11;19;78;9;39;1;38;3.60;1;1;1;46;0;3474138;232;0
11;19;78;9;39;1;82;4.40;2;1;1;54;0;3474182;1804;0
11;19;78;9;39;2;61;3.20;3;2;1;71;0;3474261;181;0
11;19;78;9;39;2;40;3.80;1;1;1;50;0;3474240;73;0
11;19;78;9;39;4;71;3.20;2;1;1;54;0;3474471;259;0
11;19;78;9;39;4;64;3.20;1;1;1;47;0;3474464;196;0
11;19;78;9;39;7;13;4.40;3;2;1;76;0;3474713;435;0
11;19;78;9;39;8;71;3.60;4;2;1;57;0;3474871;769;0
11;19;78;9;39;8;94;3.20;3;2;1;63;0;3474894;160;0
11;19;78;9;39;9;36;5.00;1;1;1;60;0;3474936;447;0
11;19;78;9;39;10;25;3.00;3;2;1;57;0;3475025;112;0
11;19;78;9;39;11;82;3.80;4;2;1;62;0;3475182;288;0
11;19;78;9;39;13;50;3.80;3;2;1;59;0;3475350;306;0
11;19;78;9;39;15;34;4.00;4;2;1;57;0;3475534;329;0
11;19;78;9;39;15;81;3.80;3;2;1;61;0;3475581;207;0
11;19;78;9;39;17;25;5.80;4;2;1;55;0;3475725;165;0
11;19;78;9;39;17;83;6.00;3;2;1;57;0;3475783;179;0
11;19;78;9;39;19;52;5.20;4;2;1;55;0;3475952;189;0
11;19;78;9;39;21;39;3.60;4;2;1;55;0;3476139;152;0
11;19;78;9;39;22;81;4.80;3;2;1;59;0;3476281;460;0
11;19;78;9;39;23;95;3.20;4;2;1;60;0;3476395;232;0
11;19;78;9;39;24;55;3.00;3;2;1;60;0;3476455;144;0
11;19;78;9;39;25;73;3.60;3;2;1;60;0;3476573;100;0
11;19;78;9;39;26;5;4.40;4;2;1;57;0;3476605;190;0
11;19;78;9;39;28;13;3.00;4;2;1;58;0;3476813;180;0
11;19;78;9;39;29;20;5.00;4;2;1;58;0;3476920;88;0
11;19;78;9;39;57;11;3.60;2;1;1;57;0;3479711;5218;0
11;19;78;9;39;59;6;8.40;4;2;6;56;0;3479906;2954;0
11;19;78;9;40;7;68;3.40;1;1;1;53;0;3480768;5802;0
11;19;78;9;40;8;77;4.60;2;1;1;57;0;3480877;1143;0
11;19;78;9;40;9;7;3.80;1;1;1;53;0;3480907;115;0
11;19;78;9;40;9;89;4.20;2;1;1;56;0;3480989;82;0
11;19;78;9;40;10;34;3.00;4;2;1;59;0;3481034;1074;0
11;19;78;9;40;10;63;3.40;1;1;1;56;0;3481063;130;0
11;19;78;9;40;11;8;3.40;3;2;1;63;0;3481108;4513;0
11;19;78;9;40;11;31;3.60;2;1;1;54;0;3481131;115;0
11;19;78;9;40;12;2;3.80;4;2;1;59;0;3481202;149;0
11;19;78;9;40;12;20;3.40;1;1;1;55;0;3481220;135;0
11;19;78;9;40;13;64;3.40;2;1;1;57;0;3481364;209;0
11;19;78;9;40;14;12;3.60;1;1;1;55;0;3481412;169;3480768
11;19;78;9;40;16;22;3.60;1;1;1;55;0;3481622;186;3480768
11;19;78;9;40;16;94;5.20;2;1;1;60;0;3481694;308;0
11;19;78;9;40;19;5;6.80;2;1;1;56;0;3481905;179;0
11;19;78;9;40;19;51;3.60;1;1;1;58;0;3481951;305;0
11;19;78;9;40;21;7;4.00;2;1;1;57;0;3482107;158;0
11;19;78;9;40;21;18;9.80;1;1;2;50;0;3482118;144;0
11;19;78;9;40;23;3;3.80;1;1;1;51;0;3482303;114;0
11;19;78;9;40;23;65;3.60;2;1;1;54;0;3482365;232;0
11;19;78;9;40;24;64;3.40;1;1;1;50;0;3482464;134;0
11;19;78;9;40;25;33;3.80;2;1;1;53;0;3482533;144;0
11;19;78;9;40;26;38;3.80;2;1;1;51;0;3482638;79;0
11;19;78;9;40;26;38;4.60;1;1;1;49;0;3482638;149;3481951
11;19;78;9;40;27;50;3.80;1;1;1;49;0;3482750;78;3481951
11;19;78;9;40;29;66;3.20;1;1;1;49;0;3482966;188;3481951
11;19;78;9;40;29;82;3.60;4;2;1;62;0;3482982;1756;0
11;19;78;9;40;30;14;3.80;2;1;1;54;0;3483014;349;0
11;19;78;9;40;30;80;4.60;1;1;1;48;0;3483080;90;3481951
11;19;78;9;40;32;79;3.60;1;1;1;48;0;3483279;164;3481951
11;19;78;9;40;34;41;3.60;4;2;1;64;0;3483441;438;0
11;19;78;9;40;35;2;3.60;1;1;1;44;0;3483502;196;3481951
11;19;78;9;40;36;4;3.60;4;2;1;60;0;3483604;142;3481951
11;19;78;9;40;36;69;3.40;1;1;1;42;0;3483669;137;3481951
11;19;78;9;40;37;97;3.40;2;1;1;53;0;3483797;757;0
11;19;78;9;40;38;0;3.00;1;1;1;41;0;3483800;101;3481951
11;19;78;9;40;39;27;3.80;1;1;1;42;0;3483927;100;3481951
11;19;78;9;40;41;40;3.60;1;1;1;40;0;3484140;180;3481951
11;19;78;9;40;42;8;3.20;2;1;1;59;0;3484208;387;0
11;19;78;9;40;44;18;3.60;1;1;1;43;0;3484418;245;0
11;19;78;9;40;44;59;4.80;4;2;1;66;0;3484459;833;0
11;19;78;9;40;44;96;3.60;2;1;1;53;0;3484496;268;0
11;19;78;9;40;45;44;3.60;3;2;1;64;0;3484544;3416;0
11;19;78;9;40;46;39;4.00;2;1;1;52;0;3484639;118;0
11;19;78;9;40;46;78;3.80;3;2;1;61;0;3484678;113;0
11;19;78;9;40;47;83;3.60;3;2;1;61;0;3484783;82;0
11;19;78;9;40;48;37;3.60;2;1;1;52;0;3484837;170;0
11;19;78;9;40;49;68;3.40;4;2;1;59;0;3484968;482;0
11;19;78;9;40;50;14;5.20;1;1;1;48;0;3485014;565;0
11;19;78;9;40;50;86;4.40;4;2;1;58;0;3485086;97;0
11;19;78;9;40;52;47;3.60;3;2;1;61;0;3485247;442;0
11;19;78;9;40;52;93;3.60;4;2;1;59;0;3485293;179;0
11;19;78;9;40;54;8;3.80;3;2;1;58;0;3485408;139;0
11;19;78;9;40;54;15;3.00;2;1;1;51;0;3485415;553;0
11;19;78;9;40;54;77;3.60;4;2;1;58;0;3485477;162;0
11;19;78;9;40;57;28;3.80;3;2;1;62;0;3485728;296;0
11;19;78;9;40;58;36;11.40;4;2;3;59;0;3485836;336;0
11;19;78;9;40;59;75;5.20;3;2;1;60;0;3485975;224;0
11;19;78;9;41;0;98;3.80;4;2;1;57;0;3486098;192;0
11;19;78;9;41;2;35;9.80;2;1;2;55;0;3486235;798;0
11;19;78;9;41;2;94;3.80;1;1;1;46;0;3486294;1241;0
11;19;78;9;41;3;2;3.60;4;2;1;57;0;3486302;180;0
11;19;78;9;41;3;78;3.60;2;1;1;52;0;3486378;78;0
11;19;78;9;41;4;22;3.40;3;2;1;57;0;3486422;415;0
11;19;78;9;41;4;43;3.60;1;1;1;48;0;3486443;119;0
11;19;78;9;41;5;85;3.40;3;2;1;54;0;3486585;141;0
11;19;78;9;41;5;45;4.60;1;1;1;48;0;3486545;75;0
11;19;78;9;41;6;88;3.40;1;1;1;46;0;3486688;108;0
11;19;78;9;41;7;17;3.00;3;2;1;54;0;3486717;109;0
11;19;78;9;41;7;99;3.80;1;1;1;43;0;3486799;84;3486294
11;19;78;9;41;8;27;4.40;3;2;1;57;0;3486827;90;3486294
11;19;78;9;41;8;84;4.80;4;2;1;54;0;3486884;559;0
11;19;78;9;41;8;86;6.60;1;1;1;48;0;3486886;55;3486294
11;19;78;9;41;10;9;3.60;1;1;1;48;0;3487009;73;3486294
11;19;78;9;41;10;71;3.20;4;2;1;56;0;3487071;155;3486294
11;19;78;9;41;12;17;3.60;1;1;1;53;0;3487217;181;3486294
11;19;78;9;41;12;67;3.40;4;2;1;57;0;3487267;175;3486294
11;19;78;9;41;14;13;3.20;1;1;1;54;0;3487413;171;3486294
11;19;78;9;41;15;67;3.20;2;1;1;60;0;3487567;1164;0
11;19;78;9;41;15;80;3.80;4;2;1;59;0;3487580;291;0
11;19;78;9;41;16;8;4.80;1;1;1;53;0;3487608;173;3486294
11;19;78;9;41;17;59;10.00;1;1;2;51;0;3487759;118;3486294
11;19;78;9;41;18;50;4.40;3;2;1;51;0;3487850;995;0
11;19;78;9;41;20;5;4.20;4;2;1;51;0;3488005;401;0
11;19;78;9;41;20;37;4.40;3;2;1;51;0;3488037;155;0
11;19;78;9;41;21;88;3.00;4;2;1;53;0;3488188;153;0
11;19;78;9;41;22;21;3.40;1;1;1;52;0;3488221;391;0
11;19;78;9;41;21;92;2.80;3;2;1;49;0;3488192;123;0
11;19;78;9;41;23;16;3.80;4;2;1;52;0;3488316;107;0
11;19;78;9;41;23;49;4.00;3;2;1;48;0;3488349;136;0
11;19;78;9;41;25;12;4.00;4;2;1;50;0;3488512;169;0
11;19;78;9;41;26;42;4.00;2;1;1;45;0;3488642;1055;0
11;19;78;9;41;27;30;3.60;1;1;1;54;0;3488730;485;0
11;19;78;9;41;27;57;3.40;2;1;1;47;0;3488757;83;0
11;19;78;9;41;28;28;3.80;4;2;1;53;0;3488828;287;0
11;19;78;9;41;37;53;3.80;4;2;1;64;0;3489753;899;0
11;19;78;9;41;39;34;4.00;4;2;1;66;0;3489934;159;0
11;19;78;9;41;39;70;3.40;3;2;1;58;0;3489970;1591;0
11;19;78;9;41;42;68;3.40;4;2;1;71;0;3490268;312;0
11;19;78;9;41;55;62;3.60;1;1;1;57;0;3491562;2808;0
11;19;78;9;41;55;74;3.40;2;1;1;51;0;3491574;2790;0
11;19;78;9;41;57;56;3.80;3;2;1;62;0;3491756;1764;0
11;19;78;9;41;57;54;4.60;4;2;1;55;0;3491754;1468;0
11;19;78;9;41;59;53;4.00;4;2;1;58;0;3491953;168;0
11;19;78;9;42;1;42;3.60;4;2;1;59;0;3492142;164;0
11;19;78;9;42;1;60;4.00;1;1;1;59;0;3492160;575;0
11;19;78;9;42;3;17;3.60;1;1;1;57;0;3492317;132;0
11;19;78;9;42;5;48;3.20;3;2;1;60;0;3492548;769;0
11;19;78;9;42;6;30;3.60;3;2;1;60;0;3492630;62;0
11;19;78;9;42;6;44;3.80;4;2;1;50;0;3492644;480;0
11;19;78;9;42;6;84;5.40;2;1;1;63;0;3492684;1086;0
11;19;78;9;42;7;11;5.20;1;1;1;57;0;3492711;371;0
11;19;78;9;42;7;8;11.00;3;2;2;57;0;3492708;56;0
11;19;78;9;42;8;9;3.60;1;1;1;56;0;3492809;65;0
11;19;78;9;42;8;66;3.40;2;1;1;57;0;3492866;151;0
11;19;78;9;42;9;29;3.20;1;1;1;55;0;3492929;96;0
11;19;78;9;42;9;95;4.80;2;1;1;57;0;3492995;107;0
11;19;78;9;42;10;48;4.60;1;1;1;55;0;3493048;98;0
11;19;78;9;42;11;79;4.60;1;1;1;56;0;3493179;100;3492711
11;19;78;9;42;13;49;5.20;1;1;1;55;0;3493349;140;3492711
11;19;78;9;42;14;11;3.00;2;1;1;61;0;3493411;385;0
11;19;78;9;42;14;62;8.60;4;2;2;64;0;3493462;790;0
11;19;78;9;42;15;9;3.60;1;1;1;53;0;3493509;125;3492711
11;19;78;9;42;15;43;3.20;2;1;1;58;0;3493543;114;3492711
11;19;78;9;42;16;6;3.60;2;1;1;57;0;3493606;43;3492711
11;19;78;9;42;16;46;5.00;1;1;1;55;0;3493646;112;3492711
11;19;78;9;42;19;53;3.40;1;1;1;57;0;3493953;274;0
11;19;78;9;42;20;72;4.00;4;2;1;67;0;3494072;561;0
11;19;78;9;42;20;94;3.20;1;1;1;57;0;3494094;119;0
11;19;78;9;42;22;29;3.40;3;2;1;61;0;3494229;1451;0
11;19;78;9;42;22;45;3.60;1;1;1;55;0;3494245;130;0
11;19;78;9;42;24;35;3.20;2;1;1;60;0;3494435;806;0
11;19;78;9;42;25;42;3.80;2;1;1;59;0;3494542;87;0
11;19;78;9;42;25;23;9.60;1;1;2;55;0;3494523;254;0
11;19;78;9;42;26;34;3.20;3;2;1;66;0;3494634;384;0
11;19;78;9;42;27;79;4.60;2;1;1;61;0;3494779;213;0
11;19;78;9;42;28;24;3.40;4;2;1;53;0;3494824;730;0
11;19;78;9;42;28;58;4.20;1;1;1;53;0;3494858;272;0
11;19;78;9;42;29;91;4.20;4;2;1;54;0;3494991;143;0
11;19;78;9;42;30;12;3.40;2;1;1;57;0;3495012;205;0
11;19;78;9;42;30;50;3.80;3;2;1;58;0;3495050;398;0
11;19;78;9;42;30;70;3.80;1;1;1;53;0;3495070;183;0
11;19;78;9;42;32;6;3.60;3;2;1;59;0;3495206;132;0
11;19;78;9;42;34;97;3.20;3;2;1;56;0;3495497;269;0
11;19;78;9;42;35;3;3.80;1;1;1;50;0;3495503;407;0
11;19;78;9;42;35;69;4.60;2;1;1;56;0;3495569;535;0
11;19;78;9;42;35;88;3.80;4;2;1;64;0;3495588;569;0
11;19;78;9;42;37;59;4.60;3;2;1;60;0;3495759;241;0
11;19;78;9;42;38;6;3.00;4;2;1;51;0;3495806;196;0
11;19;78;9;42;38;14;4.00;1;1;1;46;0;3495814;283;0
11;19;78;9;42;39;63;3.40;4;2;1;52;0;3495963;135;0
11;19;78;9;42;39;83;3.40;2;1;1;56;0;3495983;384;0
11;19;78;9;42;40;37;3.40;3;2;1;59;0;3496037;250;0
11;19;78;9;42;40;75;8.00;1;1;6;46;0;3496075;229;0
11;19;78;9;42;41;32;3.40;2;1;1;54;0;3496132;127;0
11;19;78;9;42;41;81;3.40;3;2;1;58;0;3496181;123;0
11;19;78;9;42;41;91;3.00;4;2;1;53;0;3496191;204;0
11;19;78;9;42;42;16;3.60;1;1;1;46;0;3496216;78;0
11;19;78;9;42;42;41;3.60;2;1;1;52;0;3496241;86;0
11;19;78;9;42;42;98;3.00;3;2;1;58;0;3496298;95;0
11;19;78;9;42;43;81;3.60;2;1;1;52;0;3496381;115;0
11;19;78;9;42;43;17;13.60;1;1;3;45;0;3496317;72;0
11;19;78;9;42;44;53;3.80;3;2;1;61;0;3496453;136;0
11;19;78;9;42;45;20;3.40;4;2;1;55;0;3496520;308;0
11;19;78;9;42;45;27;4.00;1;1;1;43;0;3496527;101;0
11;19;78;9;42;46;78;4.80;4;2;1;52;0;3496678;135;0
11;19;78;9;42;47;5;3.60;3;2;1;56;0;3496705;229;0
11;19;78;9;42;48;11;3.40;4;2;1;50;0;3496811;99;0
11;19;78;9;42;50;60;3.20;4;2;1;51;0;3497060;224;0
11;19;78;9;42;50;28;11.20;1;1;2;48;0;3497028;467;0
11;19;78;9;42;52;84;3.20;4;2;1;52;0;3497284;201;0
11;19;78;9;42;53;15;3.60;1;1;1;52;0;3497315;203;0
11;19;78;9;42;53;74;3.20;2;1;1;59;0;3497374;968;0
11;19;78;9;42;55;0;9.60;2;1;6;60;0;3497500;106;0
11;19;78;9;43;0;18;3.20;1;1;1;60;0;3498018;678;0
11;19;78;9;43;1;7;3.60;2;1;1;51;0;3498107;549;0
11;19;78;9;43;8;13;3.20;4;2;1;66;0;3498813;1506;0
11;19;78;9;43;9;94;3.80;1;1;1;59;0;3498994;956;0
11;19;78;9;43;11;7;4.00;4;2;1;64;0;3499107;276;0
11;19;78;9;43;14;0;3.40;1;1;1;59;0;3499400;382;0
11;19;78;9;43;16;10;3.60;4;2;1;60;0;3499610;480;0
11;19;78;9;43;16;39;3.80;2;1;1;59;0;3499639;1506;0
11;19;78;9;43;16;98;4.00;1;1;1;52;0;3499698;277;0
11;19;78;9;43;17;39;3.40;2;1;1;60;0;3499739;76;0
11;19;78;9;43;20;20;8.20;1;1;2;52;0;3500020;294;0
11;19;78;9;43;31;27;3.80;3;2;1;63;0;3501127;4398;0
11;19;78;9;43;33;9;3.80;4;2;1;59;0;3501309;1677;0
11;19;78;9;43;38;59;4.00;1;1;1;62;0;3501859;1782;0
11;19;78;9;43;42;53;3.00;4;2;1;55;0;3502253;920;0
11;19;78;9;43;50;39;3.60;1;1;1;48;0;3503039;1156;0
11;19;78;9;43;58;54;5.00;1;1;1;61;0;3503854;788;0
11;19;78;9;44;0;37;7.80;1;1;6;59;0;3504037;153;0
11;19;78;9;44;3;40;3.40;1;1;1;57;0;3504340;255;0
11;19;78;9;44;5;37;3.60;4;2;1;63;0;3504537;2264;0
11;19;78;9;44;5;53;3.60;2;1;1;58;0;3504553;4793;0
11;19;78;9;44;5;91;3.80;1;1;1;55;0;3504591;229;0
11;19;78;9;44;6;92;3.60;2;1;1;56;0;3504692;116;0
11;19;78;9;44;7;97;3.00;3;2;1;62;0;3504797;3648;0
11;19;78;9;44;8;33;3.60;1;1;1;56;0;3504833;217;0
11;19;78;9;44;9;38;5.40;1;1;1;55;0;3504938;81;0
11;19;78;9;44;10;19;3.40;3;2;1;59;0;3505019;204;0
11;19;78;9;44;10;50;4.00;4;2;1;60;0;3505050;492;0
11;19;78;9;44;11;5;4.00;2;1;1;55;0;3505105;389;0
11;19;78;9;44;11;49;4.40;3;2;1;57;0;3505149;109;0
11;19;78;9;44;12;7;4.00;2;1;1;54;0;3505207;75;0
11;19;78;9;44;12;36;3.20;4;2;1;58;0;3505236;162;0
11;19;78;9;44;12;74;5.00;3;2;1;55;0;3505274;97;0
11;19;78;9;44;13;60;4.00;2;1;1;56;0;3505360;126;0
11;19;78;9;44;13;86;4.00;4;2;1;58;0;3505386;130;0
11;19;78;9;44;14;6;4.00;1;1;1;53;0;3505406;432;0
11;19;78;9;44;15;66;3.60;1;1;1;52;0;3505566;132;0
11;19;78;9;44;16;95;3.60;2;1;1;51;0;3505695;309;0
11;19;78;9;44;17;11;3.40;1;1;1;50;0;3505711;120;0
11;19;78;9;44;17;48;3.20;4;2;1;56;0;3505748;337;0
11;19;78;9;44;18;60;7.80;4;2;2;55;0;3505860;91;0
11;19;78;9;44;18;49;17.80;1;1;5;51;0;3505849;113;0
11;19;78;9;44;19;60;4.00;2;1;1;55;0;3505960;239;0
11;19;78;9;44;20;36;3.60;4;2;1;55;0;3506036;124;0
11;19;78;9;44;20;66;4.40;2;1;1;54;0;3506066;79;0
11;19;78;9;44;22;36;3.40;2;1;1;54;0;3506236;140;0
11;19;78;9;44;22;61;3.00;1;1;1;54;0;3506261;286;0
11;19;78;9;44;23;31;3.40;4;2;1;56;0;3506331;271;0
11;19;78;9;44;23;81;3.60;1;1;1;53;0;3506381;100;0
11;19;78;9;44;23;97;3.80;3;2;1;61;0;3506397;1090;0
11;19;78;9;44;23;91;3.80;2;1;1;53;0;3506391;132;0
11;19;78;9;44;24;82;3.40;1;1;1;53;0;3506482;76;0
11;19;78;9;44;24;96;3.80;2;1;1;57;0;3506496;79;3505960
11;19;78;9;44;25;68;3.80;1;1;1;52;0;3506568;62;3505960
11;19;78;9;44;25;79;6.20;2;1;2;55;0;3506579;59;3505960
11;19;78;9;44;26;91;3.60;2;1;1;52;0;3506691;71;3505960
11;19;78;9;44;29;47;4.40;1;1;1;57;0;3506947;352;0
11;19;78;9;44;29;97;5.00;2;1;1;57;0;3506997;281;0
11;19;78;9;44;31;59;3.60;4;2;1;61;0;3507159;806;0
11;19;78;9;44;31;46;4.60;2;1;1;56;0;3507146;117;0
11;19;78;9;44;32;30;3.60;1;1;1;54;0;3507230;255;0
11;19;78;9;44;32;66;4.60;3;2;1;62;0;3507266;846;0
11;19;78;9;44;33;44;3.60;1;1;1;55;0;3507344;90;0
11;19;78;9;44;33;72;4.60;2;1;1;52;0;3507372;196;0
11;19;78;9;44;35;60;9.80;2;1;2;52;0;3507560;156;0
11;19;78;9;44;37;42;3.20;1;1;1;57;0;3507742;374;0
11;19;78;9;44;37;87;3.00;2;1;1;51;0;3507787;159;3506997
11;19;78;9;44;38;37;3.20;1;1;1;53;0;3507837;74;3506997
11;19;78;9;44;39;46;3.80;2;1;1;50;0;3507946;137;3506997
11;19;78;9;44;40;7;3.20;1;1;1;57;0;3508007;148;3506997
11;19;78;9;44;44;98;3.20;2;1;1;59;0;3508498;524;0
11;19;78;9;44;51;66;3.60;2;1;1;59;0;3509166;648;0
11;19;78;9;44;52;70;3.60;2;1;1;54;0;3509270;82;0
11;19;78;9;44;53;70;4.20;4;2;1;63;0;3509370;2189;0
11;19;78;9;44;54;13;3.20;1;1;1;55;0;3509413;1385;0
11;19;78;9;44;56;5;3.00;1;1;1;51;0;3509605;171;0
11;19;78;9;45;0;55;3.40;2;1;1;57;0;3510055;761;0
11;19;78;9;45;0;95;6.60;1;1;2;58;0;3510095;468;0
11;19;78;9;45;3;36;3.40;2;1;1;58;0;3510336;259;0
11;19;78;9;45;4;65;3.60;1;1;1;62;0;3510465;329;0
11;19;78;9;45;6;10;4.00;2;1;1;59;0;3510610;252;0
11;19;78;9;45;6;8;4.20;1;1;1;54;0;3510608;122;0
11;19;78;9;45;8;22;3.80;4;2;1;61;0;3510822;1428;0
11;19;78;9;45;11;4;3.00;3;2;1;57;0;3511104;3811;0
11;19;78;9;45;13;26;3.40;3;2;1;59;0;3511326;203;0
11;19;78;9;45;13;56;3.60;1;1;1;62;0;3511356;720;0
11;19;78;9;45;14;4;5.40;4;2;1;56;0;3511404;559;0
11;19;78;9;45;14;32;4.60;3;2;1;59;0;3511432;85;0
11;19;78;9;45;17;75;3.80;2;1;1;55;0;3511775;1140;0
11;19;78;9;45;17;92;3.60;1;1;1;55;0;3511792;415;0
11;19;78;9;45;19;30;4.00;4;2;1;57;0;3511930;491;0
11;19;78;9;45;19;43;4.40;1;1;1;53;0;3511943;127;0
11;19;78;9;45;22;28;4.20;1;1;1;49;0;3512228;255;0
11;19;78;9;45;30;4;3.80;4;2;1;67;0;3513004;1048;0
11;19;78;9;45;38;75;5.00;4;2;1;61;0;3513875;850;0
11;19;78;9;45;44;84;10.40;1;1;2;54;0;3514484;2225;0
11;19;78;9;45;47;16;3.20;4;2;1;58;0;3514716;811;0
11;19;78;9;45;48;23;3.80;3;2;1;66;0;3514823;3362;0
11;19;78;9;45;50;17;3.80;4;2;1;57;0;3515017;281;0
11;19;78;9;45;51;78;3.00;3;2;1;58;0;3515178;334;0
11;19;78;9;45;54;49;3.80;3;2;1;59;0;3515449;252;0
11;19;78;9;45;55;47;3.40;4;2;0;61;1;3515547;506;0
11;19;78;9;45;56;74;4.40;4;2;1;60;0;3515674;633;0
11;19;78;9;46;1;76;3.80;4;2;1;58;0;3516176;475;0
11;19;78;9;46;3;56;3.80;3;2;1;54;0;3516356;883;0
11;19;78;9;46;3;76;10.80;4;2;2;59;0;3516376;176;0
11;19;78;9;46;4;52;4.00;3;2;1;55;0;3516452;70;0
11;19;78;9;46;5;38;3.60;4;2;1;60;0;3516538;96;0
11;19;78;9;46;5;68;3.60;3;2;1;59;0;3516568;89;0
11;19;78;9;46;6;83;3.20;3;2;1;56;0;3516683;93;0
11;19;78;9;46;8;6;4.00;4;2;1;56;0;3516806;246;0
11;19;78;9;46;9;97;4.60;4;2;1;57;0;3516997;165;0
11;19;78;9;46;11;52;3.80;3;2;1;59;0;3517152;448;0
11;19;78;9;46;12;37;3.60;4;2;1;56;0;3517237;210;0
11;19;78;9;46;15;56;4.40;4;2;1;53;0;3517556;295;0
11;19;78;9;46;16;11;3.40;3;2;1;55;0;3517611;435;0
11;19;78;9;46;16;70;2.80;4;2;1;51;0;3517670;84;0
11;19;78;9;46;16;99;3.60;1;1;1;54;0;3517699;3145;0
11;19;78;9;46;20;96;3.00;1;1;1;54;0;3518096;373;0
11;19;78;9;46;24;33;3.20;2;1;1;61;0;3518433;6633;0
11;19;78;9;46;27;45;3.20;1;1;1;58;0;3518745;629;0
11;19;78;9;46;27;89;3.80;4;2;1;60;0;3518789;1099;0
11;19;78;9;46;29;7;3.40;1;1;1;57;0;3518907;142;0
11;19;78;9;46;29;46;4.60;2;1;1;58;0;3518946;494;0
11;19;78;9;46;32;88;3.60;1;1;1;54;0;3519288;359;0
11;19;78;9;46;32;57;13.60;2;1;4;55;0;3519257;282;0
11;19;78;9;46;34;39;3.80;3;2;1;54;0;3519439;1805;0
11;19;78;9;46;34;68;3.60;1;1;1;55;0;3519468;156;0
11;19;78;9;46;35;64;3.40;2;1;1;60;0;3519564;217;0
11;19;78;9;46;36;90;19.20;1;1;5;60;0;3519690;198;0
11;19;78;9;46;38;59;9.80;1;1;2;60;0;3519859;53;0
11;19;78;9;46;39;97;3.60;2;1;1;54;0;3519997;412;0
11;19;78;9;46;41;19;4.00;2;1;1;51;0;3520119;98;0
11;19;78;9;46;41;21;6.40;1;1;1;61;0;3520121;203;0
11;19;78;9;46;42;35;5.00;2;1;1;56;0;3520235;87;0
11;19;78;9;46;44;26;7.20;1;1;1;52;0;3520426;267;0
11;19;78;9;46;44;54;3.80;2;1;1;57;0;3520454;186;0
11;19;78;9;46;45;32;4.00;1;1;1;55;0;3520532;56;0
11;19;78;9;46;46;11;3.20;2;1;1;56;0;3520611;133;3519997
11;19;78;9;46;47;29;3.60;2;1;1;56;0;3520729;97;3519997
11;19;78;9;46;47;77;3.20;1;1;1;51;0;3520777;218;0
11;19;78;9;46;48;40;3.80;2;1;1;54;0;3520840;87;3519997
11;19;78;9;46;49;75;3.80;2;1;1;58;0;3520975;109;3519997
11;19;78;9;46;49;80;7.40;1;1;1;53;0;3520980;180;3519997
11;19;78;9;46;51;69;3.60;2;1;1;59;0;3521169;170;3519997
11;19;78;9;46;51;79;3.20;1;1;1;54;0;3521179;148;3519997
11;19;78;9;46;52;68;4.00;4;2;1;59;0;3521268;2456;0
11;19;78;9;46;53;34;3.80;1;1;1;52;0;3521334;133;0
11;19;78;9;46;54;76;3.40;1;1;1;51;0;3521476;115;3520777
11;19;78;9;46;55;28;3.60;2;1;1;59;0;3521528;337;0
11;19;78;9;46;57;11;3.80;3;2;1;57;0;3521711;2246;0
11;19;78;9;46;57;3;11.40;1;1;2;51;0;3521703;203;0
11;19;78;9;46;59;13;3.60;1;1;1;48;0;3521913;129;0
11;19;78;9;47;0;82;3.60;1;1;1;48;0;3522082;142;0
11;19;78;9;47;4;49;4.60;3;2;1;64;0;3522449;714;0
11;19;78;9;47;4;82;3.40;2;1;1;45;0;3522482;932;0
11;19;78;9;47;5;13;8.00;1;1;2;52;0;3522513;404;0
11;19;78;9;47;6;19;3.20;1;1;1;49;0;3522619;50;0
11;19;78;9;47;6;17;12.60;4;2;3;50;0;3522617;1324;0
11;19;78;9;47;7;4;3.60;1;1;1;50;0;3522704;61;0
11;19;78;9;47;8;31;3.40;1;1;1;51;0;3522831;101;0
11;19;78;9;47;8;66;3.40;4;2;1;51;0;3522866;158;0
11;19;78;9;47;10;88;6.00;1;1;1;49;0;3523088;233;0
11;19;78;9;47;11;80;3.80;2;1;1;61;0;3523180;670;0
11;19;78;9;47;11;87;3.20;4;2;1;51;0;3523187;297;0
11;19;78;9;47;12;91;4.20;1;1;1;51;0;3523291;158;0
11;19;78;9;47;13;36;9.20;4;2;2;49;0;3523336;126;0
11;19;78;9;47;14;29;3.60;1;1;1;52;0;3523429;108;0
11;19;78;9;47;17;44;3.80;2;1;1;60;0;3523744;541;0
11;19;78;9;47;17;48;3.00;4;2;1;55;0;3523748;344;0
11;19;78;9;47;19;57;3.20;1;1;1;55;0;3523957;503;0
11;19;78;9;47;20;58;4.00;2;1;1;58;0;3524058;291;0
11;19;78;9;47;23;26;5.40;1;1;1;54;0;3524326;348;0
11;19;78;9;47;23;78;3.80;3;2;1;63;0;3524378;1903;0
11;19;78;9;47;26;18;3.80;1;1;1;53;0;3524618;256;0
11;19;78;9;47;27;24;3.60;1;1;1;53;0;3524724;80;0
11;19;78;9;47;28;10;3.60;1;1;1;52;0;3524810;61;0
11;19;78;9;47;28;39;5.00;4;2;1;58;0;3524839;1071;0
11;19;78;9;47;29;22;4.00;2;1;1;64;0;3524922;839;0
11;19;78;9;47;29;48;6.60;3;2;1;63;0;3524948;548;0
11;19;78;9;47;29;95;3.80;1;1;1;52;0;3524995;160;0
11;19;78;9;47;30;69;3.60;4;2;1;57;0;3525069;198;0
11;19;78;9;47;30;74;3.60;3;2;1;61;0;3525074;88;0
11;19;78;9;47;32;9;4.00;1;1;1;53;0;3525209;187;3524618
11;19;78;9;47;32;31;3.60;4;2;1;54;0;3525231;139;3524618
11;19;78;9;47;32;70;3.80;3;2;1;60;0;3525270;174;3524618
11;19;78;9;47;34;38;3.60;4;2;1;54;0;3525438;183;3524618
11;19;78;9;47;35;24;3.60;3;2;1;53;0;3525524;231;0
11;19;78;9;47;37;14;6.20;4;2;1;53;0;3525714;252;0
11;19;78;9;47;37;58;3.00;3;2;1;56;0;3525758;209;0
11;19;78;9;47;41;31;3.20;3;2;1;60;0;3526131;353;0
11;19;78;9;47;42;24;3.00;4;2;1;62;0;3526224;467;0
11;19;78;9;47;42;79;3.40;1;1;1;57;0;3526279;1042;0
11;19;78;9;47;44;62;3.20;3;2;1;60;0;3526462;311;0
11;19;78;9;47;46;65;3.20;3;2;1;60;0;3526665;183;0
11;19;78;9;47;48;51;4.00;3;2;1;64;0;3526851;166;0
11;19;78;9;47;49;97;3.40;4;2;1;73;0;3526997;755;0
11;19;78;9;47;50;39;3.20;1;1;1;56;0;3527039;738;0
11;19;78;9;47;52;45;3.40;3;2;1;61;0;3527245;371;0
11;19;78;9;47;52;18;14.20;4;2;4;50;0;3527218;204;0
11;19;78;9;47;53;50;3.40;1;1;1;55;0;3527350;290;0
11;19;78;9;47;53;95;5.00;3;2;1;62;0;3527395;129;0
11;19;78;9;47;54;55;4.00;1;1;1;55;0;3527455;82;0
11;19;78;9;48;1;67;3.40;3;2;1;54;0;3528167;742;0
11;19;78;9;48;2;76;3.20;4;2;1;43;0;3528276;955;0
11;19;78;9;48;4;55;3.60;4;2;1;44;0;3528455;152;0
11;19;78;9;48;6;40;3.00;4;2;1;43;0;3528640;155;0
11;19;78;9;48;18;12;3.80;2;1;1;60;0;3529812;4867;0
11;19;78;9;48;20;15;3.60;1;1;1;59;0;3530015;2533;0
11;19;78;9;48;24;30;4.40;3;2;1;66;0;3530430;2240;0
11;19;78;9;48;26;96;3.80;3;2;1;58;0;3530696;242;0
11;19;78;9;48;29;67;3.80;2;1;1;55;0;3530967;1132;0
11;19;78;9;48;31;37;4.00;4;2;1;57;0;3531137;2471;0
11;19;78;9;48;31;45;3.40;3;2;1;53;0;3531145;425;0
11;19;78;9;48;32;94;4.60;2;1;1;59;0;3531294;302;0
11;19;78;9;48;34;90;3.20;3;2;1;55;0;3531490;321;0
11;19;78;9;48;35;62;4.00;2;1;1;60;0;3531562;239;0
11;19;78;9;48;37;24;3.80;1;1;1;58;0;3531724;1687;0
11;19;78;9;48;37;74;4.00;2;1;1;61;0;3531774;188;0
11;19;78;9;48;39;24;5.80;2;1;1;59;0;3531924;126;0
11;19;78;9;48;39;57;3.20;4;2;1;60;0;3531957;794;0
11;19;78;9;48;40;0;3.80;1;1;1;54;0;3532000;252;0
11;19;78;9;48;41;66;5.00;1;1;1;52;0;3532166;140;0
11;19;78;9;48;41;66;3.20;2;1;0;51;1;3532166;206;0
11;19;78;9;48;43;21;3.60;1;1;1;51;0;3532321;120;0
11;19;78;9;48;43;51;3.80;2;1;1;52;0;3532351;391;0
11;19;78;9;48;44;54;4.00;2;1;1;51;0;3532454;76;0
11;19;78;9;48;45;97;3.40;1;1;1;49;0;3532597;250;0
11;19;78;9;48;47;34;3.20;1;1;1;50;0;3532734;112;0
11;19;78;9;48;47;94;3.60;2;1;1;55;0;3532794;311;0
11;19;78;9;48;48;72;5.20;1;1;1;48;0;3532872;114;0
11;19;78;9;48;48;93;4.00;2;1;1;54;0;3532893;75;0
11;19;78;9;48;49;99;4.00;1;1;1;46;0;3532999;88;0
11;19;78;9;48;51;4;4.40;2;1;1;55;0;3533104;184;0
11;19;78;9;48;53;42;4.00;2;1;1;51;0;3533342;209;0
11;19;78;9;48;54;10;4.20;4;2;1;56;0;3533410;1433;0
11;19;78;9;48;55;12;11.20;1;1;3;45;0;3533512;481;0
11;19;78;9;48;57;56;3.40;2;1;1;63;0;3533756;385;0
11;19;78;9;48;57;54;4.40;1;1;1;45;0;3533754;152;0
11;19;78;9;48;59;1;3.20;1;1;1;46;0;3533901;111;0
11;19;78;9;49;1;98;3.60;2;1;1;60;0;3534198;422;0
11;19;78;9;49;2;1;4.00;1;1;1;43;0;3534201;274;0
11;19;78;9;49;2;89;3.40;4;2;1;63;0;3534289;852;0
11;19;78;9;49;4;15;3.40;1;1;1;42;0;3534415;180;0
11;19;78;9;49;4;72;3.60;2;1;1;53;0;3534472;252;0
11;19;78;9;49;5;36;3.60;3;2;1;65;0;3534536;3025;0
11;19;78;9;49;6;90;5.00;3;2;1;62;0;3534690;134;0
11;19;78;9;49;6;42;16.60;1;1;4;41;0;3534642;197;0
11;19;78;9;49;8;67;3.20;4;2;1;62;0;3534867;558;0
11;19;78;9;49;9;31;4.60;1;1;1;39;0;3534931;143;0
11;19;78;9;49;11;42;3.80;2;1;1;58;0;3535142;645;0
11;19;78;9;49;11;8;3.60;1;1;1;37;0;3535108;134;3534201
11;19;78;9;49;11;85;3.60;4;2;1;57;0;3535185;299;0
11;19;78;9;49;12;20;3.40;1;1;1;38;0;3535220;76;3534201
11;19;78;9;49;14;1;3.60;3;2;1;60;0;3535401;681;0
11;19;78;9;49;14;23;3.20;1;1;1;42;0;3535423;170;3534201
11;19;78;9;49;15;54;3.20;3;2;1;61;0;3535554;131;3534201
11;19;78;9;49;16;29;3.60;1;1;1;44;0;3535629;178;3534201
11;19;78;9;49;16;37;11.60;4;2;3;45;0;3535637;429;0
11;19;78;9;49;17;42;4.40;1;1;1;43;0;3535742;83;3534201
11;19;78;9;49;19;16;3.60;1;1;1;41;0;3535916;137;3534201
11;19;78;9;49;19;79;3.20;4;2;1;46;0;3535979;249;0
11;19;78;9;49;20;44;4.80;1;1;1;41;0;3536044;96;3534201
11;19;78;9;49;21;65;3.40;3;2;1;54;0;3536165;592;0
11;19;78;9;49;21;23;9.00;4;2;2;47;0;3536123;118;0
11;19;78;9;49;22;40;3.00;1;1;1;43;0;3536240;153;3534201
11;19;78;9;49;22;82;3.60;4;2;1;47;0;3536282;90;3534201
11;19;78;9;49;22;95;4.20;3;2;1;54;0;3536295;107;3534201
11;19;78;9;49;23;7;3.40;2;1;1;46;0;3536307;1141;0
11;19;78;9;49;23;92;3.40;2;1;1;45;0;3536392;58;0
11;19;78;9;49;24;21;3.80;1;1;1;42;0;3536421;155;3534201
11;19;78;9;49;24;78;3.60;3;2;1;55;0;3536478;155;3534201
11;19;78;9;49;26;9;3.20;2;1;1;43;0;3536609;189;3534201
11;19;78;9;49;26;39;3.40;3;2;1;55;0;3536639;137;3534201
11;19;78;9;49;26;84;3.40;4;2;1;50;0;3536684;374;0
11;19;78;9;49;26;72;3.20;1;1;1;37;0;3536672;218;0
11;19;78;9;49;28;77;3.60;4;2;1;48;0;3536877;168;0
11;19;78;9;49;28;88;3.20;2;1;1;46;0;3536888;252;0
11;19;78;9;49;29;5;3.20;1;1;1;40;0;3536905;201;0
11;19;78;9;49;30;5;3.20;3;2;1;54;0;3537005;343;0
11;19;78;9;49;30;15;3.40;2;1;1;49;0;3537015;101;0
11;19;78;9;49;30;50;3.60;4;2;1;48;0;3537050;146;0
11;19;78;9;49;31;63;5.00;2;1;1;49;0;3537163;123;0
11;19;78;9;49;32;67;3.60;1;1;1;45;0;3537267;333;0
11;19;78;9;49;35;37;3.40;1;1;1;44;0;3537537;241;0
11;19;78;9;49;36;41;4.60;1;1;1;41;0;3537641;76;0
11;19;78;9;49;39;69;3.20;2;1;1;59;0;3537969;769;0
11;19;78;9;49;40;21;3.80;1;1;1;48;0;3538021;339;0
11;19;78;9;49;43;65;4.80;1;1;1;43;0;3538365;315;0
11;19;78;9;49;44;40;3.20;2;1;1;56;0;3538440;451;0
11;19;78;9;49;44;77;3.40;1;1;1;42;0;3538477;71;0
11;19;78;9;49;45;52;3.20;2;1;1;54;0;3538552;91;0
11;19;78;9;49;46;74;3.60;1;1;1;48;0;3538674;167;0
11;19;78;9;49;48;29;3.60;1;1;1;49;0;3538829;128;0
11;19;78;9;49;49;91;3.80;1;1;1;46;0;3538991;135;3538365
11;19;78;9;49;52;55;4.40;1;1;1;45;0;3539255;234;0
11;19;78;9;49;53;80;4.00;1;1;1;42;0;3539380;89;0
11;19;78;9;49;55;29;5.20;1;1;1;42;0;3539529;114;0
11;19;78;9;50;14;12;3.20;4;2;1;59;0;3541412;4335;0
11;19;78;9;50;15;25;4.00;4;2;1;61;0;3541525;93;0
11;19;78;9;50;16;52;4.60;3;2;1;61;0;3541652;4625;0
11;19;78;9;50;18;73;3.40;3;2;1;53;0;3541873;193;0
11;19;78;9;50;27;31;3.20;1;1;1;55;0;3542731;3157;0
11;19;78;9;50;29;20;4.00;1;1;1;57;0;3542920;168;0
11;19;78;9;50;37;82;4.00;1;1;1;56;0;3543782;836;0
11;19;78;9;50;39;48;3.20;1;1;1;53;0;3543948;140;0
11;19;78;9;50;39;97;3.60;4;2;1;64;0;3543997;2448;0
11;19;78;9;50;41;58;3.40;3;2;1;65;0;3544158;2261;0
11;19;78;9;50;41;76;3.60;4;2;1;57;0;3544176;158;0
11;19;78;9;50;43;5;4.60;3;2;1;68;0;3544305;128;0
11;19;78;9;50;44;61;3.60;1;1;1;63;0;3544461;491;0
11;19;78;9;50;44;76;3.20;4;2;1;56;0;3544476;277;0
11;19;78;9;50;45;20;6.60;3;2;1;67;0;3544520;190;0
11;19;78;9;50;45;78;4.20;2;1;1;61;0;3544578;6004;0
11;19;78;9;50;45;85;3.60;4;2;1;55;0;3544585;88;0
11;19;78;9;50;47;20;3.60;4;2;1;56;0;3544720;111;0
11;19;78;9;50;47;39;4.80;1;1;1;68;0;3544739;257;0
11;19;78;9;50;49;11;3.40;1;1;1;62;0;3544911;146;0
11;19;78;9;50;49;28;5.40;3;2;1;64;0;3544928;372;0
11;19;78;9;50;50;0;3.60;2;1;1;59;0;3545000;397;0
11;19;78;9;50;50;82;4.00;4;2;1;56;0;3545082;338;0
11;19;78;9;50;51;31;3.20;3;2;1;59;0;3545131;172;0
11;19;78;9;50;51;73;4.40;1;1;1;62;0;3545173;242;0
11;19;78;9;50;51;89;3.60;2;1;1;56;0;3545189;167;0
11;19;78;9;50;52;3;3.60;4;2;1;55;0;3545203;95;0
11;19;78;9;50;53;2;5.20;4;2;1;57;0;3545302;75;0
11;19;78;9;50;53;33;3.60;1;1;1;57;0;3545333;134;0
11;19;78;9;50;53;66;3.80;2;1;1;55;0;3545366;153;0
11;19;78;9;50;54;14;3.80;4;2;1;55;0;3545414;79;0
11;19;78;9;50;54;79;3.80;1;1;1;55;0;3545479;123;0
11;19;78;9;50;55;43;3.80;3;2;1;59;0;3545543;392;0
11;19;78;9;50;56;12;4.20;2;1;1;54;0;3545612;221;0
11;19;78;9;50;57;14;3.20;4;2;1;63;0;3545714;275;0
11;19;78;9;50;57;80;4.40;2;1;1;54;0;3545780;140;0
11;19;78;9;50;58;63;3.40;3;2;1;57;0;3545863;296;0
11;19;78;9;50;59;9;3.40;2;1;1;56;0;3545909;99;0
11;19;78;9;50;59;39;4.00;4;2;1;58;0;3545939;206;0
11;19;78;9;50;59;7;4.40;1;1;1;52;0;3545907;403;0
11;19;78;9;50;59;97;3.40;2;1;1;55;0;3545997;66;0
11;19;78;9;51;0;55;3.80;1;1;1;50;0;3546055;117;0
11;19;78;9;51;0;66;5.00;3;2;1;58;0;3546066;181;0
11;19;78;9;51;0;62;7.80;4;2;1;59;0;3546062;98;0
11;19;78;9;51;1;78;3.40;1;1;1;50;0;3546178;95;0
11;19;78;9;51;2;74;3.40;3;2;1;58;0;3546274;176;0
11;19;78;9;51;3;49;3.80;1;1;1;50;0;3546349;146;0
11;19;78;9;51;5;35;3.80;1;1;1;51;0;3546535;158;3545907
11;19;78;9;51;5;59;3.60;2;1;1;57;0;3546559;539;0
11;19;78;9;51;7;34;3.80;2;1;1;56;0;3546734;152;0
11;19;78;9;51;7;11;5.80;1;1;1;49;0;3546711;149;3545907
11;19;78;9;51;8;33;9.60;1;1;2;50;0;3546833;79;3545907
11;19;78;9;51;9;62;3.20;1;1;1;18;0;3546962;59;3545907
11;19;78;9;51;10;91;3.60;2;1;1;54;0;3547091;332;0
11;19;78;9;51;11;29;3.60;1;1;1;46;0;3547129;103;3545907
11;19;78;9;51;13;2;3.20;1;1;1;48;0;3547302;144;3545907
11;19;78;9;51;15;29;3.80;1;1;1;46;0;3547529;203;0
11;19;78;9;51;17;8;4.80;2;1;1;54;0;3547708;593;0
11;19;78;9;51;17;15;4.40;1;1;1;45;0;3547715;156;0
11;19;78;9;51;18;42;3.40;2;1;1;53;0;3547842;102;0
11;19;78;9;51;18;83;3.60;1;1;1;48;0;3547883;132;0
11;19;78;9;51;19;78;3.60;1;1;1;48;0;3547978;68;0
11;19;78;9;51;21;47;3.80;2;1;1;50;0;3548147;281;0
11;19;78;9;51;22;47;4.00;2;1;1;48;0;3548247;72;0
11;19;78;9;51;23;40;3.20;1;1;1;52;0;3548340;335;0
11;19;78;9;51;23;97;3.40;2;1;1;48;0;3548397;120;0
11;19;78;9;51;24;86;5.20;2;1;1;53;0;3548486;63;0
11;19;78;9;51;26;71;3.80;1;1;1;58;0;3548671;308;0
11;19;78;9;51;30;77;3.60;1;1;1;45;0;3549077;382;0
11;19;78;9;51;31;18;3.80;2;1;1;64;0;3549118;596;0
11;19;78;9;51;31;35;3.80;4;2;1;55;0;3549135;3025;0
11;19;78;9;51;32;67;3.00;1;1;1;47;0;3549267;161;0
11;19;78;9;51;34;24;3.20;1;1;1;47;0;3549424;134;0
11;19;78;9;51;35;44;3.00;1;1;1;46;0;3549544;95;0
11;19;78;9;51;36;50;3.20;2;1;1;56;0;3549650;510;0
11;19;78;9;51;37;21;3.40;1;1;1;45;0;3549721;153;3549077
11;19;78;9;51;38;94;3.80;1;1;1;53;0;3549894;145;3549077
11;19;78;9;51;41;91;3.20;2;1;1;58;0;3550191;520;0
11;19;78;9;51;44;85;3.00;1;1;1;56;0;3550485;565;0
11;19;78;9;51;47;35;3.40;1;1;1;55;0;3550735;230;0
11;19;78;9;51;52;14;3.60;1;1;1;51;0;3551214;456;0
11;19;78;9;51;58;61;14.60;4;2;4;58;0;3551861;2701;0
11;19;78;9;51;59;95;3.60;2;1;1;57;0;3551995;1784;0
11;19;78;9;52;9;57;4.40;1;1;1;58;0;3552957;1717;0
11;19;78;9;52;11;0;4.00;1;1;1;55;0;3553100;115;0
11;19;78;9;52;11;29;3.40;2;1;1;59;0;3553129;1111;0
11;19;78;9;52;13;7;3.40;1;1;1;53;0;3553307;180;0
11;19;78;9;52;14;65;3.80;1;1;1;53;0;3553465;134;0
11;19;78;9;52;18;96;3.20;2;1;1;54;0;3553896;746;0
11;19;78;9;52;19;93;5.20;3;2;1;60;0;3553993;7697;0
11;19;78;9;52;19;95;3.40;2;1;1;57;0;3553995;77;0
11;19;78;9;52;20;34;3.00;4;2;1;60;0;3554034;2082;0
11;19;78;9;52;20;65;3.40;1;1;1;51;0;3554065;574;0
11;19;78;9;52;20;96;3.80;2;1;1;57;0;3554096;79;0
11;19;78;9;52;21;87;4.40;1;1;1;49;0;3554187;98;0
11;19;78;9;52;22;18;3.60;4;2;1;59;0;3554218;166;0
11;19;78;9;52;23;3;3.40;1;1;1;50;0;3554303;83;0
11;19;78;9;52;23;25;3.20;3;2;1;60;0;3554325;300;0
11;19;78;9;52;24;41;3.60;3;2;1;60;0;3554441;96;0
11;19;78;9;52;24;44;3.80;4;2;1;58;0;3554444;204;0
11;19;78;9;52;24;52;3.40;1;1;1;52;0;3554452;124;0
11;19;78;9;52;25;74;3.80;1;1;1;52;0;3554574;98;3554065
11;19;78;9;52;27;51;3.60;1;1;1;48;0;3554751;150;3554065
11;19;78;9;52;27;82;3.20;4;2;1;63;0;3554782;314;0
11;19;78;9;52;29;55;3.60;3;2;1;65;0;3554955;492;0
11;19;78;9;52;31;16;3.60;3;2;1;58;0;3555116;141;0
11;19;78;9;52;31;48;3.60;1;1;1;59;0;3555148;370;0
11;19;78;9;52;31;25;10.40;4;2;2;57;0;3555125;324;0
11;19;78;9;52;32;36;3.60;3;2;1;58;0;3555236;97;0
11;19;78;9;52;33;13;3.20;4;2;1;57;0;3555313;122;0
11;19;78;9;52;33;67;4.60;3;2;1;57;0;3555367;108;0
11;19;78;9;52;34;97;4.00;4;2;1;56;0;3555497;163;0
11;19;78;9;52;35;37;9.20;3;2;2;59;0;3555537;140;3554955
11;19;78;9;52;36;38;4.20;4;2;1;55;0;3555638;115;3554955
11;19;78;9;52;37;69;4.60;3;2;1;63;0;3555769;175;3554955
11;19;78;9;52;38;16;4.60;4;2;1;53;0;3555816;150;3555125
11;19;78;9;52;42;39;9.40;4;2;2;52;0;3556239;391;0
11;19;78;9;52;44;28;7.80;4;2;2;49;0;3556428;123;0
11;19;78;9;52;45;60;3.60;3;2;1;58;0;3556560;764;0
11;19;78;9;52;46;15;3.00;4;2;1;50;0;3556615;129;0
11;19;78;9;52;47;12;3.20;3;2;1;58;0;3556712;129;0
11;19;78;9;52;47;15;3.80;4;2;1;51;0;3556715;78;0
11;19;78;9;52;48;44;4.20;3;2;1;56;0;3556844;112;0
11;19;78;9;52;49;59;3.40;1;1;1;54;0;3556959;1789;0
11;19;78;9;52;50;64;3.40;3;2;1;57;0;3557064;193;0
11;19;78;9;52;50;73;3.20;4;2;1;54;0;3557073;331;0
11;19;78;9;52;51;67;3.80;3;2;1;56;0;3557167;81;3556560
11;19;78;9;52;53;49;3.00;4;2;1;48;0;3557349;254;0
11;19;78;9;52;53;87;3.80;3;2;1;55;0;3557387;195;3556560
11;19;78;9;52;54;81;3.80;3;2;1;54;0;3557481;69;3556560
11;19;78;9;52;55;22;4.00;4;2;1;49;0;3557522;150;3556560
11;19;78;9;52;57;77;3.40;3;2;1;57;0;3557777;270;0
11;19;78;9;52;57;83;3.80;4;2;1;53;0;3557783;231;0
11;19;78;9;52;59;27;3.80;3;2;1;58;0;3557927;128;0
11;19;78;9;53;0;43;3.40;4;2;1;52;0;3558043;234;0
11;19;78;9;53;2;24;3.40;1;1;1;60;0;3558224;1242;0
11;19;78;9;53;6;81;3.60;2;1;1;58;0;3558681;4561;0
11;19;78;9;53;11;44;4.20;3;2;1;68;0;3559144;1193;0
11;19;78;9;53;18;12;4.20;2;1;1;57;0;3559812;1108;0
11;19;78;9;53;19;6;3.80;1;1;1;55;0;3559906;1661;0
11;19;78;9;53;19;14;3.80;4;2;1;57;0;3559914;1847;0
11;19;78;9;53;19;50;3.80;2;1;1;56;0;3559950;111;0
11;19;78;9;53;22;89;3.60;1;1;1;54;0;3560289;358;0
11;19;78;9;53;23;8;3.00;4;2;1;57;0;3560308;370;0
11;19;78;9;53;23;11;3.80;2;1;1;56;0;3560311;336;0
11;19;78;9;53;24;19;4.00;2;1;1;55;0;3560419;83;0
11;19;78;9;53;25;73;3.20;1;1;1;54;0;3560573;260;0
11;19;78;9;53;26;94;3.40;2;1;1;51;0;3560694;248;0
11;19;78;9;53;27;20;3.60;1;1;1;53;0;3560720;125;0
11;19;78;9;53;28;3;3.60;2;1;1;50;0;3560803;85;0
11;19;78;9;53;28;30;3.60;1;1;1;52;0;3560830;85;0
11;19;78;9;53;29;23;4.60;2;1;1;51;0;3560923;94;0
11;19;78;9;53;30;7;4.60;2;1;1;46;0;3561007;51;0
11;19;78;9;53;30;75;4.20;1;1;1;51;0;3561075;220;0
11;19;78;9;53;32;50;3.60;1;1;1;47;0;3561250;145;0
11;19;78;9;53;33;48;3.60;1;1;1;48;0;3561348;70;0
11;19;78;9;53;33;90;4.00;2;1;1;55;0;3561390;347;0
11;19;78;9;53;34;45;5.00;1;1;1;45;0;3561445;70;0
11;19;78;9;53;35;20;4.60;2;1;1;57;0;3561520;103;0
11;19;78;9;53;35;46;3.60;4;2;1;58;0;3561546;1219;0
11;19;78;9;53;36;84;3.60;2;1;1;58;0;3561684;134;0
11;19;78;9;53;36;89;3.80;1;1;1;48;0;3561689;204;0
11;19;78;9;53;37;29;3.60;4;2;1;57;0;3561729;160;0
11;19;78;9;53;38;22;3.60;3;2;1;71;0;3561822;2655;0
11;19;78;9;53;39;0;3.40;3;2;1;66;0;3561900;59;0
11;19;78;9;53;39;23;3.60;4;2;1;61;0;3561923;171;0
11;19;78;9;53;39;23;5.40;1;1;1;44;0;3561923;205;0
11;19;78;9;53;39;88;4.00;2;1;1;58;0;3561988;281;0
11;19;78;9;53;40;99;3.60;4;2;1;67;0;3562099;154;0
11;19;78;9;53;41;9;3.40;2;1;1;58;0;3562109;96;0
11;19;78;9;53;41;32;3.80;1;1;1;43;0;3562132;164;0
11;19;78;9;53;43;40;3.60;1;1;1;42;0;3562340;176;0
11;19;78;9;53;44;48;3.80;1;1;1;43;0;3562448;77;0
11;19;78;9;53;45;52;3.60;1;1;1;42;0;3562552;72;3561923
11;19;78;9;53;49;22;3.80;4;2;1;63;0;3562922;803;0
11;19;78;9;53;50;96;3.80;2;1;1;59;0;3563096;965;0
11;19;78;9;53;51;98;4.40;1;1;1;53;0;3563198;615;0
11;19;78;9;53;53;16;3.60;1;1;1;53;0;3563316;88;0
11;19;78;9;53;54;91;3.60;1;1;1;55;0;3563491;150;0
11;19;78;9;53;56;54;4.00;2;1;1;56;0;3563654;534;0
11;19;78;9;53;57;65;3.80;2;1;1;59;0;3563765;85;0
11;19;78;9;53;58;54;3.20;1;1;1;58;0;3563854;339;0
11;19;78;9;54;1;70;4.00;4;2;1;60;0;3564170;1226;0
11;19;78;9;54;1;90;3.80;2;1;1;54;0;3564190;401;0
11;19;78;9;54;2;79;3.80;3;2;1;63;0;3564279;2360;0
11;19;78;9;54;3;94;3.60;1;1;1;56;0;3564394;520;0
11;19;78;9;54;4;71;4.60;1;1;1;56;0;3564471;53;0
11;19;78;9;54;4;90;3.80;4;2;1;66;0;3564490;296;0
11;19;78;9;54;5;38;3.60;3;2;1;68;0;3564538;237;0
11;19;78;9;54;5;66;3.80;2;1;1;59;0;3564566;350;0
11;19;78;9;54;6;57;3.40;3;2;1;65;0;3564657;99;0
11;19;78;9;54;6;75;6.20;1;1;2;54;0;3564675;174;0
11;19;78;9;54;7;29;3.60;4;2;1;58;0;3564729;218;0
11;19;78;9;54;8;36;2.80;3;2;1;62;0;3564836;160;0
11;19;78;9;54;10;80;3.20;1;1;1;56;0;3565080;363;0
11;19;78;9;54;11;85;3.60;4;2;1;65;0;3565185;433;0
11;19;78;9;54;12;49;3.40;3;2;1;62;0;3565249;396;0
11;19;78;9;54;14;73;4.20;3;2;1;59;0;3565473;204;0
11;19;78;9;54;15;65;6.40;2;1;1;55;0;3565565;975;0
11;19;78;9;54;16;25;3.60;3;2;1;59;0;3565625;126;0
11;19;78;9;54;16;45;4.00;4;2;1;58;0;3565645;440;0
11;19;78;9;54;16;46;4.60;1;1;1;52;0;3565646;545;0
11;19;78;9;54;17;67;3.20;1;1;1;54;0;3565767;89;0
11;19;78;9;54;18;0;4.00;4;2;1;59;0;3565800;130;0
11;19;78;9;54;18;58;3.80;1;1;1;52;0;3565858;69;0
11;19;78;9;54;18;88;3.80;3;2;1;56;0;3565888;241;0
11;19;78;9;54;19;92;3.00;2;1;1;54;0;3565992;385;0
11;19;78;9;54;20;70;3.00;3;2;1;58;0;3566070;157;0
11;19;78;9;54;21;10;3.20;1;1;1;55;0;3566110;225;0
11;19;78;9;54;22;15;3.80;1;1;1;51;0;3566215;84;0
11;19;78;9;54;22;56;4.80;3;2;1;53;0;3566256;167;0
11;19;78;9;54;22;61;2.40;4;2;0;53;1;3566261;436;0
11;19;78;9;54;23;27;3.40;1;1;1;50;0;3566327;85;0
11;19;78;9;54;24;6;3.80;4;2;1;59;0;3566406;581;0
11;19;78;9;54;24;32;3.60;1;1;1;49;0;3566432;80;0
11;19;78;9;54;26;3;3.80;1;1;1;48;0;3566603;144;3566110
11;19;78;9;54;25;35;17.00;4;2;4;57;0;3566535;105;3566110
11;19;78;9;54;27;48;3.80;4;2;1;56;0;3566748;105;3566110
11;19;78;9;54;30;10;3.40;4;2;1;57;0;3567010;237;0
11;19;78;9;54;30;83;2.80;1;1;1;54;0;3567083;451;0
11;19;78;9;54;31;17;3.80;3;2;1;58;0;3567117;828;0
11;19;78;9;54;32;38;3.40;4;2;1;54;0;3567238;206;0
11;19;78;9;54;32;44;3.20;1;1;1;56;0;3567244;142;0
11;19;78;9;54;33;51;3.20;3;2;1;56;0;3567351;210;0
11;19;78;9;54;34;43;3.80;2;1;1;53;0;3567443;1431;0
11;19;78;9;54;34;63;3.80;4;2;1;54;0;3567463;202;0
11;19;78;9;54;35;44;3.80;2;1;1;54;0;3567544;75;0
11;19;78;9;54;35;58;11.80;1;1;3;45;0;3567558;293;0
11;19;78;9;54;36;87;3.00;3;2;1;55;0;3567687;315;0
11;19;78;9;54;37;49;4.00;4;2;1;57;0;3567749;260;0
11;19;78;9;54;37;18;3.80;1;1;1;46;0;3567718;65;0
11;19;78;9;54;37;21;1.80;2;1;0;47;1;3567721;151;0
11;19;78;9;54;38;5;4.80;3;2;1;56;0;3567805;98;0
11;19;78;9;54;38;13;6.20;1;1;1;46;0;3567813;65;0
11;19;78;9;54;39;37;4.00;4;2;1;54;0;3567937;162;0
11;19;78;9;54;39;42;3.80;2;1;1;56;0;3567942;372;0
11;19;78;9;54;40;94;3.60;4;2;1;52;0;3568094;130;0
11;19;78;9;54;40;40;14.40;1;1;4;46;0;3568040;178;0
11;19;78;9;54;43;43;4.80;4;2;1;57;0;3568343;224;0
11;19;78;9;54;49;74;4.40;1;1;1;57;0;3568974;821;0
11;19;78;9;54;55;65;3.80;4;2;1;59;0;3569565;1191;0
11;19;78;9;54;59;73;14.40;1;1;3;44;0;3569973;971;0
11;19;78;9;55;6;1;3.80;3;2;1;67;0;3570601;2765;0
11;19;78;9;55;7;58;3.60;4;2;1;65;0;3570758;1169;0
11;19;78;9;55;12;77;4.40;4;2;1;55;0;3571277;499;0
11;19;78;9;55;24;66;12.60;4;2;3;53;0;3572466;1160;0
11;19;78;9;55;30;27;9.40;1;1;2;59;0;3573027;2936;0
11;19;78;9;55;32;10;3.40;1;1;1;57;0;3573210;125;0
11;19;78;9;55;33;83;3.60;2;1;1;58;0;3573383;5416;0
11;19;78;9;55;36;19;3.60;1;1;1;53;0;3573619;387;0
11;19;78;9;55;38;71;3.80;4;2;1;59;0;3573871;1319;0
11;19;78;9;55;39;86;4.40;1;1;1;56;0;3573986;342;0
11;19;78;9;55;40;48;3.60;3;2;1;63;0;3574048;3426;0
11;19;78;9;55;40;86;3.60;4;2;1;61;0;3574086;191;0
11;19;78;9;55;43;80;4.00;4;2;1;58;0;3574380;272;0
11;19;78;9;55;44;27;3.80;3;2;1;61;0;3574427;358;0
11;19;78;9;55;45;69;3.80;3;2;1;62;0;3574569;119;0
11;19;78;9;55;47;70;4.40;3;2;1;62;0;3574770;178;0
11;19;78;9;55;49;69;5.00;4;2;1;62;0;3574969;564;0
11;19;78;9;55;50;36;3.80;3;2;1;59;0;3575036;240;0
11;19;78;9;55;51;94;4.40;3;2;1;63;0;3575194;134;0
11;19;78;9;55;52;0;5.20;4;2;1;59;0;3575200;201;0
11;19;78;9;55;53;83;6.20;3;2;1;67;0;3575383;163;0
11;19;78;9;55;55;38;4.00;3;2;1;64;0;3575538;121;0
11;19;78;9;55;55;62;7.80;4;2;2;54;0;3575562;330;0
11;19;78;9;55;56;82;4.60;3;2;1;66;0;3575682;121;3575036
11;19;78;9;55;57;30;3.40;4;2;1;52;0;3575730;116;3575036
11;19;78;9;55;58;99;4.20;4;2;1;54;0;3575899;145;3575036
11;19;78;9;55;59;56;3.60;3;2;1;60;0;3575956;248;0
11;19;78;9;56;0;83;3.60;4;2;1;51;0;3576083;156;0
11;19;78;9;56;1;38;3.00;2;1;1;56;0;3576138;2732;0
11;19;78;9;56;2;20;4.00;4;2;1;62;0;3576220;111;3575562
11;19;78;9;56;4;82;3.40;4;2;1;59;0;3576482;238;0
11;19;78;9;56;5;50;3.40;2;1;1;53;0;3576550;392;0
11;19;78;9;56;5;63;3.20;1;1;1;53;0;3576563;2548;0
11;19;78;9;56;5;72;3.40;3;2;1;66;0;3576572;594;0
11;19;78;9;56;7;74;3.80;1;1;1;53;0;3576774;189;0
11;19;78;9;56;8;10;3.00;4;2;1;56;0;3576810;307;0
11;19;78;9;56;9;43;5.00;2;1;1;52;0;3576943;369;0
11;19;78;9;56;9;85;4.40;1;1;1;53;0;3576985;185;0
11;19;78;9;56;10;52;3.20;2;1;1;52;0;3577052;74;0
11;19;78;9;56;11;37;3.60;1;1;1;53;0;3577137;122;0
11;19;78;9;56;11;77;3.20;2;1;1;51;0;3577177;102;0
11;19;78;9;56;12;66;3.80;2;1;1;51;0;3577266;66;0
11;19;78;9;56;14;83;3.80;2;1;1;54;0;3577483;190;3576943
11;19;78;9;56;14;37;13.20;1;1;4;50;0;3577437;275;0
11;19;78;9;56;15;79;10.60;2;1;2;53;0;3577579;70;3576943
11;19;78;9;56;16;79;3.80;1;1;1;50;0;3577679;146;3576943
11;19;78;9;56;17;75;3.60;2;1;1;56;0;3577775;124;3576943
11;19;78;9;56;18;10;3.80;1;1;1;51;0;3577810;103;3576943
11;19;78;9;56;19;77;4.60;2;1;1;53;0;3577977;178;3576943
11;19;78;9;56;20;21;3.60;1;1;1;52;0;3578021;184;3576943
11;19;78;9;56;20;84;4.40;2;1;1;52;0;3578084;75;3576943
11;19;78;9;56;21;68;3.60;2;1;1;54;0;3578168;53;3576943
11;19;78;9;56;22;31;3.60;1;1;1;50;0;3578231;185;3577437
11;19;78;9;56;22;44;9.00;2;1;2;55;0;3578244;52;3576943
11;19;78;9;56;23;54;3.40;1;1;1;50;0;3578354;97;3577437
11;19;78;9;56;24;34;3.20;2;1;1;53;0;3578434;131;3576943
11;19;78;9;56;24;44;3.80;1;1;1;49;0;3578444;65;3577437
11;19;78;9;56;25;73;3.80;2;1;1;56;0;3578573;117;3576943
11;19;78;9;56;27;70;3.60;1;1;1;51;0;3578770;298;0
11;19;78;9;56;28;38;3.40;3;2;1;58;0;3578838;2247;0
11;19;78;9;56;29;5;3.80;2;1;1;58;0;3578905;307;0
11;19;78;9;56;29;54;4.40;1;1;1;50;0;3578954;158;0
11;19;78;9;56;30;59;3.20;2;1;1;54;0;3579059;130;0
11;19;78;9;56;31;68;8.40;1;1;6;51;0;3579168;182;0
11;19;78;9;56;32;35;3.80;2;1;1;56;0;3579235;154;0
11;19;78;9;56;33;54;3.40;1;1;1;51;0;3579354;126;0
11;19;78;9;56;34;95;3.80;2;1;1;57;0;3579495;235;0
11;19;78;9;56;36;65;3.60;1;1;1;43;0;3579665;287;0
11;19;78;9;56;39;88;3.20;1;1;1;41;0;3579988;292;0
11;19;78;9;56;45;14;3.60;2;1;1;54;0;3580514;995;0
11;19;78;9;56;45;84;3.40;4;2;1;62;0;3580584;3754;0
11;19;78;9;56;47;40;3.20;3;2;1;58;0;3580740;1880;0
11;19;78;9;56;47;56;3.40;1;1;1;46;0;3580756;739;0
11;19;78;9;56;48;47;5.20;1;1;1;45;0;3580847;64;0
11;19;78;9;56;48;82;3.80;4;2;1;58;0;3580882;278;0
11;19;78;9;56;50;11;3.60;1;1;1;44;0;3581011;122;0
11;19;78;9;56;52;21;3.80;2;1;1;53;0;3581221;683;0
11;19;78;9;56;54;62;5.00;2;1;1;59;0;3581462;215;0
11;19;78;9;56;54;45;7.60;1;1;2;51;0;3581445;404;0
11;19;78;9;56;57;69;3.40;1;1;1;49;0;3581769;270;0
11;19;78;9;56;59;36;3.00;1;1;1;49;0;3581936;142;0
11;19;78;9;56;59;39;4.20;3;2;1;63;0;3581939;1179;0
11;19;78;9;57;0;3;20.40;4;2;5;60;0;3582003;1097;0
11;19;78;9;57;0;73;9.60;2;1;2;53;0;3582073;580;0
11;19;78;9;57;1;29;3.80;1;1;1;55;0;3582129;170;0
11;19;78;9;57;7;7;13.00;1;1;3;49;0;3582707;553;0
11;19;78;9;57;8;24;3.20;2;1;1;54;0;3582824;685;0
11;19;78;9;57;9;84;3.40;4;2;1;62;0;3582984;858;0
11;19;78;9;57;10;71;3.40;2;1;1;55;0;3583071;225;0
11;19;78;9;57;11;42;4.20;2;1;1;53;0;3583142;48;0
11;19;78;9;57;14;31;3.20;1;1;1;58;0;3583431;628;0
11;19;78;9;57;16;17;4.60;1;1;1;58;0;3583617;166;0
11;19;78;9;57;24;48;3.60;4;2;1;60;0;3584448;1444;0
11;19;78;9;57;26;82;3.40;4;2;1;56;0;3584682;212;0
11;19;78;9;57;28;17;3.80;4;2;1;56;0;3584817;113;0
11;19;78;9;57;28;71;3.40;3;2;1;57;0;3584871;2908;0
11;19;78;9;57;29;89;4.60;4;2;1;57;0;3584989;147;0
11;19;78;9;57;30;37;3.60;3;2;1;56;0;3585037;144;0
11;19;78;9;57;31;46;3.40;4;2;1;55;0;3585146;127;0
11;19;78;9;57;32;93;3.60;4;2;1;55;0;3585293;124;3584682
11;19;78;9;57;34;91;3.60;3;2;1;63;0;3585491;430;0
11;19;78;9;57;34;75;10.80;4;2;2;57;0;3585475;158;3584682
11;19;78;9;57;36;14;4.40;4;2;1;57;0;3585614;70;3584682
11;19;78;9;57;37;55;4.00;4;2;1;59;0;3585755;113;3584682
11;19;78;9;57;39;28;3.60;3;2;1;53;0;3585928;416;0
11;19;78;9;57;39;40;4.20;4;2;1;59;0;3585940;160;3584682
11;19;78;9;57;41;38;4.20;3;2;1;58;0;3586138;185;3584682
11;19;78;9;57;41;93;3.60;4;2;1;58;0;3586193;227;0
11;19;78;9;57;42;55;3.60;1;1;1;55;0;3586255;2609;0
11;19;78;9;57;42;74;5.80;3;2;1;57;0;3586274;109;0
11;19;78;9;57;43;28;3.60;4;2;1;57;0;3586328;112;0
11;19;78;9;57;47;66;3.20;3;2;1;60;0;3586766;455;0
11;19;78;9;57;50;32;3.20;2;1;1;58;0;3587032;3861;0
11;19;78;9;57;50;88;3.60;1;1;1;57;0;3587088;809;0
11;19;78;9;57;52;68;4.60;3;2;1;59;0;3587268;482;0
11;19;78;9;57;56;72;3.40;2;1;1;52;0;3587672;620;0
11;19;78;9;58;0;50;4.60;1;1;1;60;0;3588050;939;0
11;19;78;9;58;4;63;3.60;2;1;1;57;0;3588463;767;0
11;19;78;9;58;9;40;4.00;2;1;1;59;0;3588940;454;0
11;19;78;9;58;10;63;3.60;2;1;1;56;0;3589063;98;0
11;19;78;9;58;12;1;3.20;2;1;1;57;0;3589201;114;0
11;19;78;9;58;11;55;16.40;1;1;4;56;0;3589155;1077;0
11;19;78;9;58;13;0;3.60;2;1;1;55;0;3589300;78;0
11;19;78;9;58;13;49;3.80;1;1;1;55;0;3589349;88;0
11;19;78;9;58;15;26;7.40;1;1;1;53;0;3589526;152;0
11;19;78;9;58;15;70;4.40;2;1;1;55;0;3589570;246;0
11;19;78;9;58;16;88;3.80;1;1;1;53;0;3589688;111;0
11;19;78;9;58;17;63;4.00;4;2;1;55;0;3589763;3412;0
11;19;78;9;58;18;21;3.20;2;1;1;55;0;3589821;222;0
11;19;78;9;58;18;91;3.40;1;1;1;51;0;3589891;177;3589155
11;19;78;9;58;20;5;3.20;2;1;1;58;0;3590005;163;3589155
11;19;78;9;58;21;2;3.60;1;1;1;46;0;3590102;187;3589155
11;19;78;9;58;21;93;3.40;1;1;1;48;0;3590193;62;3589155
11;19;78;9;58;22;30;3.80;2;1;1;54;0;3590230;205;0
11;19;78;9;58;23;23;3.80;4;2;1;62;0;3590323;533;0
11;19;78;9;58;23;11;4.00;1;1;1;47;0;3590311;92;3589155
11;19;78;9;58;24;75;3.80;2;1;1;60;0;3590475;219;0
11;19;78;9;58;25;12;3.80;3;2;1;58;0;3590512;3215;0
11;19;78;9;58;25;0;3.80;1;1;1;44;0;3590500;158;3589155
11;19;78;9;58;26;36;3.60;1;1;1;41;0;3590636;104;3589155
11;19;78;9;58;27;11;4.00;3;2;1;64;0;3590711;175;3589155
11;19;78;9;58;27;15;3.40;2;1;1;54;0;3590715;217;0
11;19;78;9;58;27;49;4.40;4;2;1;62;0;3590749;403;0
11;19;78;9;58;28;20;3.00;1;1;1;43;0;3590820;152;3589155
11;19;78;9;58;28;32;3.80;2;1;1;53;0;3590832;94;3589155
11;19;78;9;58;29;76;3.80;2;1;1;51;0;3590976;118;3589155
11;19;78;9;58;30;60;5.20;1;1;1;44;0;3591060;214;0
11;19;78;9;58;32;43;3.60;1;1;1;41;0;3591243;140;0
11;19;78;9;58;33;75;3.80;1;1;1;41;0;3591375;100;0
11;19;78;9;58;34;59;3.80;2;1;1;55;0;3591459;456;0
11;19;78;9;58;35;60;3.80;1;1;1;40;0;3591560;151;0
11;19;78;9;58;37;31;3.40;1;1;1;43;0;3591731;136;3591060
11;19;78;9;58;38;2;3.20;2;1;1;51;0;3591802;318;0
11;19;78;9;58;39;5;4.20;1;1;1;47;0;3591905;145;3591060
11;19;78;9;58;39;85;3.60;2;1;1;56;0;3591985;160;3591060
11;19;78;9;58;40;14;3.00;1;1;1;49;0;3592014;76;3591060
11;19;78;9;58;40;93;3.40;2;1;1;57;0;3592093;84;3591060
11;19;78;9;58;41;78;3.80;2;1;1;56;0;3592178;63;3591060
11;19;78;9;58;42;71;3.60;1;1;1;47;0;3592271;234;0
11;19;78;9;58;45;14;3.80;1;1;1;46;0;3592514;215;0
11;19;78;9;58;47;35;3.60;1;1;1;42;0;3592735;191;0
11;19;78;9;58;48;44;7.60;1;1;1;40;0;3592844;78;0
11;19;78;9;58;49;70;3.60;1;1;1;40;0;3592970;57;0
11;19;78;9;58;51;1;6.60;1;1;1;38;0;3593101;98;3592514
11;19;78;9;58;52;38;3.60;1;1;1;38;0;3593238;74;3592514
11;19;78;9;58;54;5;4.60;1;1;1;38;0;3593405;132;3592514
11;19;78;9;58;54;12;2.80;2;1;0;38;1;3593412;1209;0
11;19;78;9;58;55;78;10.60;1;1;2;38;0;3593578;129;3592514
11;19;78;9;58;57;70;4.20;2;1;1;60;0;3593770;1567;0
11;19;78;9;58;58;76;3.60;2;1;1;57;0;3593876;80;0
11;19;78;9;59;0;16;3.60;4;2;1;58;0;3594016;3241;0
11;19;78;9;59;0;79;3.80;2;1;1;58;0;3594079;180;0
11;19;78;9;59;1;20;3.60;3;2;1;62;0;3594120;3386;0
11;19;78;9;59;2;1;3.80;1;1;1;56;0;3594201;522;0
11;19;78;9;59;3;43;3.20;4;2;1;63;0;3594343;304;0
11;19;78;9;59;4;24;3.20;2;1;1;58;0;3594424;321;0
11;19;78;9;59;4;77;4.00;3;2;1;68;0;3594477;336;0
11;19;78;9;59;6;11;3.60;4;2;1;59;0;3594611;249;0
11;19;78;9;59;6;57;3.20;1;1;1;46;0;3594657;431;0
11;19;78;9;59;8;36;3.40;3;2;1;60;0;3594836;337;0
11;19;78;9;59;8;94;3.80;2;1;1;55;0;3594894;450;0
11;19;78;9;59;9;9;4.80;3;2;1;60;0;3594909;52;0
11;19;78;9;59;9;11;4.20;1;1;1;48;0;3594911;228;0
11;19;78;9;59;9;35;3.80;4;2;1;58;0;3594935;302;0
11;19;78;9;59;10;95;3.60;3;2;1;56;0;3595095;157;0
11;19;78;9;59;11;8;9.20;4;2;2;61;0;3595108;149;0
11;19;78;9;59;11;91;3.40;3;2;1;56;0;3595191;72;0
11;19;78;9;59;13;8;9.40;4;2;2;59;0;3595308;145;0
11;19;78;9;59;13;2;10.20;1;1;2;56;0;3595302;359;0
11;19;78;9;59;14;0;3.80;3;2;1;56;0;3595400;187;3594836
11;19;78;9;59;14;7;4.20;2;1;1;65;0;3595407;488;0
11;19;78;9;59;15;8;3.40;3;2;1;56;0;3595508;83;3594836
11;19;78;9;59;15;93;4.40;4;2;1;60;0;3595593;227;0
11;19;78;9;59;16;50;4.80;3;2;1;58;0;3595650;120;3594836
11;19;78;9;59;17;76;4.80;3;2;1;58;0;3595776;96;3594836
11;19;78;9;59;18;91;3.40;4;2;1;56;0;3595891;271;0
11;19;78;9;59;19;58;3.80;3;2;1;59;0;3595958;152;3594836
11;19;78;9;59;20;40;4.40;1;1;1;60;0;3596040;672;0
11;19;78;9;59;20;58;3.40;3;2;1;59;0;3596058;76;3594836
11;19;78;9;59;21;27;3.60;4;2;1;57;0;3596127;214;0
11;19;78;9;59;21;88;3.80;3;2;1;58;0;3596188;109;3594836
11;19;78;9;59;23;70;3.60;3;2;1;62;0;3596370;158;3594836
11;19;78;9;59;23;43;11.40;1;1;3;48;0;3596343;276;0
11;19;78;9;59;24;22;6.00;4;2;1;59;0;3596422;272;0
11;19;78;9;59;25;30;3.80;4;2;1;59;0;3596530;71;0
11;19;78;9;59;25;86;4.40;3;2;1;60;0;3596586;195;3594836
11;19;78;9;59;29;3;5.00;3;2;1;55;0;3596903;290;0
11;19;78;9;59;30;25;4.00;3;2;1;52;0;3597025;89;0
11;19;78;9;59;31;28;3.60;3;2;1;52;0;3597128;75;0
11;19;78;9;59;32;35;3.40;3;2;1;53;0;3597235;82;0
11;19;78;9;59;34;1;4.20;2;1;1;52;0;3597401;1970;0
11;19;78;9;59;54;55;3.40;3;2;1;57;0;3599455;2196;0
11;19;78;9;59;54;63;3.60;1;1;1;56;0;3599463;3034;0
11;19;78;9;59;55;21;3.20;4;2;1;59;0;3599521;2967;0
11;19;78;10;0;2;17;3.40;3;2;1;57;0;3600217;740;0
11;19;78;10;0;3;71;3.80;1;1;1;58;0;3600371;884;0
11;19;78;10;0;7;4;3.40;4;2;1;55;0;3600704;1163;0
11;19;78;10;0;7;31;3.20;2;1;1;58;0;3600731;3300;0
11;19;78;10;0;8;78;7.20;4;2;2;51;0;3600878;151;0
11;19;78;10;0;10;98;3.80;4;2;1;54;0;3601098;169;0
11;19;78;10;0;11;98;4.00;3;2;1;62;0;3601198;959;0
11;19;78;10;0;12;48;3.00;1;1;1;53;0;3601248;853;0
11;19;78;10;0;14;22;3.20;2;1;1;54;0;3601422;671;0
11;19;78;10;0;14;28;3.60;4;2;1;63;0;3601428;304;0
11;19;78;10;0;16;80;3.80;1;1;1;65;0;3601680;411;0
11;19;78;10;0;20;2;3.00;3;2;1;54;0;3602002;780;0
11;19;78;10;0;21;50;3.20;1;1;1;55;0;3602150;448;0
11;19;78;10;0;23;10;3.60;1;1;1;52;0;3602310;139;0
11;19;78;10;0;24;13;5.00;1;1;1;52;0;3602413;78;0
11;19;78;10;0;25;34;3.20;2;1;1;51;0;3602534;1090;0
11;19;78;10;0;26;20;3.20;1;1;1;53;0;3602620;172;0
11;19;78;10;0;27;36;2.80;3;2;1;56;0;3602736;714;0
11;19;78;10;0;27;36;3.40;1;1;1;54;0;3602736;94;3602150
11;19;78;10;0;27;56;3.20;2;1;1;54;0;3602756;199;3602150
11;19;78;10;0;27;36;9.80;4;2;2;62;0;3602736;1287;0
11;19;78;10;0;29;12;3.20;2;1;1;52;0;3602912;134;0
11;19;78;10;0;30;12;10.80;1;1;2;51;0;3603012;253;0
11;19;78;10;0;33;25;3.60;2;1;1;47;0;3603325;390;0
11;19;78;10;0;33;69;4.60;1;1;1;53;0;3603369;280;0
11;19;78;10;0;36;8;3.60;1;1;1;50;0;3603608;207;0
11;19;78;10;0;37;37;3.00;1;1;1;48;0;3603737;103;0
11;19;78;10;0;38;39;3.80;1;1;1;47;0;3603839;79;0
11;19;78;10;0;38;54;3.60;2;1;1;56;0;3603854;501;0
11;19;78;10;0;39;76;4.40;1;1;1;49;0;3603976;107;0
11;19;78;10;0;40;87;4.00;3;2;1;62;0;3604087;1333;0
11;19;78;10;0;41;29;3.60;4;2;1;69;0;3604129;1336;0
11;19;78;10;0;41;28;4.80;1;1;1;50;0;3604128;119;3603608
11;19;78;10;0;41;48;3.40;2;1;1;55;0;3604148;270;0
11;19;78;10;0;42;82;6.20;3;2;1;64;0;3604282;171;0
11;19;78;10;0;42;98;3.40;1;1;1;53;0;3604298;135;3603608
11;19;78;10;0;44;59;4.60;4;2;1;62;0;3604459;311;0
11;19;78;10;0;44;83;3.40;1;1;1;52;0;3604483;161;3603608
11;19;78;10;0;44;95;4.60;3;2;1;63;0;3604495;178;3603608
11;19;78;10;0;46;4;4.20;3;2;1;62;0;3604604;82;3603608
11;19;78;10;0;46;44;5.00;4;2;1;63;0;3604644;158;3603608
11;19;78;10;0;49;96;3.80;3;2;1;64;0;3604996;367;0
11;19;78;10;0;50;40;4.60;2;1;1;58;0;3605040;869;0
11;19;78;10;0;53;3;3.60;4;2;1;60;0;3605303;630;0
11;19;78;10;0;54;52;9.60;4;2;2;60;0;3605452;127;0
11;19;78;10;0;57;8;4.20;3;2;1;58;0;3605708;690;0
11;19;78;10;0;57;29;3.60;2;1;1;64;0;3605729;660;0
11;19;78;10;0;57;29;4.40;4;2;1;59;0;3605729;219;0
11;19;78;10;0;57;12;13.00;1;1;3;66;0;3605712;1205;0
11;19;78;10;0;59;17;4.20;3;2;1;60;0;3605917;182;0
11;19;78;10;1;0;7;3.60;4;2;1;59;0;3606007;251;0
11;19;78;10;1;1;4;3.60;3;2;1;59;0;3606104;161;0
11;19;78;10;1;2;59;5.00;1;1;1;59;0;3606259;476;0
11;19;78;10;1;2;79;2.80;3;2;1;57;0;3606279;153;0
11;19;78;10;1;5;20;3.40;3;2;1;58;0;3606520;223;0
11;19;78;10;1;6;35;3.20;3;2;1;58;0;3606635;93;0
11;19;78;10;1;7;13;3.60;1;1;1;57;0;3606713;423;0
11;19;78;10;1;7;15;3.60;4;2;1;50;0;3606715;686;0
11;19;78;10;1;9;32;3.60;2;1;1;59;0;3606932;1182;0
11;19;78;10;1;9;79;3.20;4;2;1;54;0;3606979;238;0
11;19;78;10;1;11;28;3.60;3;2;1;56;0;3607128;473;0
11;19;78;10;1;11;62;3.80;4;2;1;55;0;3607162;161;0
11;19;78;10;1;14;12;4.80;1;1;1;67;0;3607412;676;0
11;19;78;10;1;20;84;3.60;2;1;1;50;0;3608084;1130;0
11;19;78;10;1;27;74;5.20;1;1;1;63;0;3608774;1336;0
11;19;78;10;1;40;89;3.20;1;1;1;56;0;3610089;1285;0
11;19;78;10;1;45;53;4.60;3;2;1;64;0;3610553;3401;0
11;19;78;10;1;50;76;3.40;4;2;1;59;0;3611076;3889;0
11;19;78;10;1;52;65;8.40;4;2;6;59;0;3611265;168;0
11;19;78;10;2;19;73;3.80;4;2;1;63;0;3613973;2656;0
11;19;78;10;2;23;80;2.80;3;2;1;58;0;3614380;3801;0
11;19;78;10;2;23;87;5.40;4;2;1;63;0;3614387;392;0
11;19;78;10;2;25;35;4.80;3;2;1;60;0;3614535;137;0
11;19;78;10;2;26;73;4.40;4;2;1;61;0;3614673;255;0
11;19;78;10;2;27;12;3.40;3;2;1;60;0;3614712;148;0
11;19;78;10;2;28;96;3.60;3;2;1;59;0;3614896;163;0
11;19;78;10;2;34;24;3.60;1;1;1;56;0;3615424;5314;0
11;19;78;10;2;34;56;4.20;2;1;1;48;0;3615456;7346;0
11;19;78;10;2;36;22;6.40;2;1;1;48;0;3615622;134;0
11;19;78;10;2;37;57;4.20;4;2;1;59;0;3615757;1058;0
11;19;78;10;2;40;31;3.80;3;2;1;62;0;3616031;1113;0
11;19;78;10;2;40;19;4.80;4;2;1;58;0;3616019;236;0
11;19;78;10;2;42;43;3.00;2;1;1;57;0;3616243;573;0
11;19;78;10;2;42;56;3.80;4;2;1;57;0;3616256;207;0
11;19;78;10;2;48;73;3.60;1;1;1;52;0;3616873;1425;0
11;19;78;10;2;49;73;3.40;4;2;1;56;0;3616973;693;0
11;19;78;10;2;51;59;3.40;3;2;1;55;0;3617159;1105;0
11;19;78;10;2;51;46;7.20;4;2;2;54;0;3617146;151;0
11;19;78;10;2;52;66;3.60;3;2;1;57;0;3617266;84;0
11;19;78;10;2;53;99;3.40;1;1;1;46;0;3617399;501;0
11;19;78;10;2;54;66;3.00;2;1;1;53;0;3617466;1204;0
11;19;78;10;2;55;2;3.20;1;1;1;48;0;3617502;76;0
11;19;78;10;2;56;43;3.20;2;1;1;57;0;3617643;156;0
11;19;78;10;2;57;0;6.00;1;1;2;51;0;3617700;174;0
11;19;78;10;2;58;52;3.40;2;1;1;56;0;3617852;188;0
11;19;78;10;2;59;61;5.60;1;1;1;51;0;3617961;218;0
11;19;78;10;3;0;44;3.40;2;1;1;54;0;3618044;170;0
11;19;78;10;3;1;35;4.00;1;1;1;51;0;3618135;134;0
11;19;78;10;3;2;43;3.40;2;1;1;50;0;3618243;176;3617466
11;19;78;10;3;2;53;3.60;1;1;1;52;0;3618253;89;3617466
11;19;78;10;3;3;55;4.60;1;1;1;52;0;3618355;77;3617466
11;19;78;10;3;3;76;4.00;2;1;1;51;0;3618376;108;3617466
11;19;78;10;3;5;27;3.40;1;1;1;53;0;3618527;140;3617961
11;19;78;10;3;6;28;3.60;1;1;1;52;0;3618628;77;3617961
11;19;78;10;3;7;20;4.00;2;1;1;50;0;3618720;315;0
11;19;78;10;3;8;13;3.80;1;1;1;50;0;3618813;160;3617961
11;19;78;10;3;9;59;3.20;1;1;1;49;0;3618959;118;3617961
11;19;78;10;3;10;78;3.60;4;2;1;62;0;3619078;1884;0
11;19;78;10;3;10;83;3.60;1;1;1;46;0;3619083;100;3617961
11;19;78;10;3;13;13;5.20;1;1;1;53;0;3619313;201;0
11;19;78;10;3;13;96;3.80;2;1;1;62;0;3619396;647;0
11;19;78;10;3;16;71;3.40;4;2;1;57;0;3619671;572;0
11;19;78;10;3;16;94;3.80;1;1;1;54;0;3619694;345;0
11;19;78;10;3;19;24;3.40;4;2;1;55;0;3619924;231;0
11;19;78;10;3;22;31;3.80;4;2;1;62;0;3620231;284;0
11;19;78;10;3;30;25;3.40;1;1;1;53;0;3621025;1305;0
11;19;78;10;3;33;6;4.20;1;1;1;60;0;3621306;257;0
11;19;78;10;3;34;38;3.40;2;1;1;58;0;3621438;2019;0
11;19;78;10;3;35;61;3.60;4;2;1;61;0;3621561;1307;0
11;19;78;10;3;36;33;3.60;2;1;1;61;0;3621633;173;0
11;19;78;10;3;37;21;3.60;1;1;1;54;0;3621721;389;0
11;19;78;10;3;37;37;3.20;2;1;1;61;0;3621737;82;0
11;19;78;10;3;38;86;3.80;1;1;1;57;0;3621886;141;0
11;19;78;10;3;40;95;3.60;2;1;1;56;0;3622095;339;0
11;19;78;10;3;41;55;3.60;1;1;1;59;0;3622155;245;0
11;19;78;10;3;42;67;7.00;4;2;1;62;0;3622267;684;0
11;19;78;10;3;44;66;9.40;1;1;2;60;0;3622466;289;0
11;19;78;10;3;49;64;9.00;1;1;2;60;0;3622964;441;0
11;19;78;10;3;51;85;3.20;1;1;1;60;0;3623185;167;0
11;19;78;10;3;52;67;6.20;1;1;1;58;0;3623267;62;0
11;19;78;10;3;54;87;4.00;2;1;1;57;0;3623487;1368;0
11;19;78;10;3;55;61;3.40;4;2;1;62;0;3623561;1253;0
11;19;78;10;3;56;1;5.00;1;1;1;58;0;3623601;295;0
11;19;78;10;3;57;47;3.60;1;1;1;60;0;3623747;114;0
11;19;78;10;3;58;1;4.00;2;1;1;60;0;3623801;288;0
11;19;78;10;3;59;30;3.40;3;2;1;69;0;3623930;6641;0
11;19;78;10;3;59;42;3.40;1;1;1;56;0;3623942;173;0
11;19;78;10;4;1;51;4.40;4;2;1;57;0;3624151;570;0
11;19;78;10;4;5;25;4.00;3;2;1;72;0;3624525;577;0
11;19;78;10;4;6;31;3.20;4;2;1;58;0;3624631;452;0
11;19;78;10;4;6;69;3.80;3;2;1;64;0;3624669;124;0
11;19;78;10;4;7;16;4.00;1;1;1;61;0;3624716;752;0
11;19;78;10;4;10;35;3.40;4;2;1;56;0;3625035;384;0
11;19;78;10;4;10;90;4.20;3;2;1;59;0;3625090;399;0
11;19;78;10;4;11;60;11.20;4;2;7;56;0;3625160;103;0
11;19;78;10;4;12;88;3.60;4;2;1;57;0;3625288;56;0
11;19;78;10;4;13;18;3.60;3;2;1;58;0;3625318;202;0
11;19;78;10;4;14;64;4.20;4;2;1;57;0;3625464;153;0
11;19;78;10;4;16;60;3.60;3;2;1;55;0;3625660;319;0
11;19;78;10;4;16;94;4.60;4;2;1;57;0;3625694;203;0
11;19;78;10;4;18;20;4.60;4;2;1;56;0;3625820;96;0
11;19;78;10;4;21;10;3.60;4;2;1;55;0;3626110;260;0
11;19;78;10;4;22;24;3.40;3;2;1;58;0;3626224;540;0
11;19;78;10;4;22;90;3.40;4;2;1;56;0;3626290;156;0
11;19;78;10;4;25;95;4.60;3;2;1;58;0;3626595;349;0
11;19;78;10;4;25;56;14.20;4;2;4;59;0;3626556;244;0
11;19;78;10;4;27;32;3.80;3;2;1;59;0;3626732;108;0
11;19;78;10;4;29;54;3.00;4;2;1;57;0;3626954;311;0
11;19;78;10;4;32;15;9.80;4;2;2;56;0;3627215;242;0
11;19;78;10;4;50;10;3.60;1;1;1;56;0;3629010;4270;0
11;19;78;10;4;52;95;4.00;4;2;1;61;0;3629295;2017;0
11;19;78;10;5;0;49;4.80;1;1;1;56;0;3630049;1015;0
11;19;78;10;5;3;75;3.20;2;1;1;59;0;3630375;6550;0
11;19;78;10;5;5;48;3.40;3;2;1;63;0;3630548;3792;0
11;19;78;10;5;5;61;4.00;4;2;1;61;0;3630561;1242;0
11;19;78;10;5;6;12;6.20;1;1;1;55;0;3630612;532;0
11;19;78;10;5;6;19;8.00;2;1;2;57;0;3630619;224;0
11;19;78;10;5;7;35;3.20;4;2;1;60;0;3630735;150;0
11;19;78;10;5;8;6;3.40;3;2;1;61;0;3630806;238;0
11;19;78;10;5;7;93;4.60;1;1;1;55;0;3630793;140;0
11;19;78;10;5;7;93;2.80;2;1;0;57;1;3630793;123;0
11;19;78;10;5;9;50;4.00;1;1;1;56;0;3630950;126;0
11;19;78;10;5;9;59;4.20;2;1;1;58;0;3630959;289;0
11;19;78;10;5;10;78;3.80;1;1;1;57;0;3631078;102;0
11;19;78;10;5;12;9;3.80;1;1;1;55;0;3631209;107;3630612
11;19;78;10;5;13;46;3.80;4;2;1;56;0;3631346;591;0
11;19;78;10;5;15;0;3.40;1;1;1;53;0;3631500;266;0
11;19;78;10;5;16;20;3.40;4;2;1;59;0;3631620;249;0
11;19;78;10;5;16;36;4.00;1;1;1;49;0;3631636;112;0
11;19;78;10;5;16;85;3.60;2;1;1;60;0;3631685;699;0
11;19;78;10;5;17;90;3.80;2;1;1;59;0;3631790;83;0
11;19;78;10;5;20;58;3.00;1;1;1;46;0;3632058;392;0
11;19;78;10;5;20;83;5.20;2;1;1;54;0;3632083;269;0
11;19;78;10;5;25;27;3.40;1;1;1;44;0;3632527;445;0
11;19;78;10;5;26;19;4.00;1;1;1;43;0;3632619;64;0
11;19;78;10;5;27;74;3.40;1;1;1;41;0;3632774;121;0
11;19;78;10;5;29;96;3.40;1;1;1;47;0;3632996;192;0
11;19;78;10;5;30;91;14.80;1;1;4;45;0;3633091;68;3632527
11;19;78;10;5;35;13;11.40;1;1;3;42;0;3633513;303;0
11;19;78;10;5;36;69;3.40;2;1;1;54;0;3633669;1551;0
11;19;78;10;5;37;7;3.80;1;1;1;43;0;3633707;96;0
11;19;78;10;5;37;31;3.60;3;2;1;63;0;3633731;2904;0
11;19;78;10;5;38;62;4.00;1;1;1;41;0;3633862;123;0
11;19;78;10;5;39;61;3.80;2;1;1;52;0;3633961;269;0
11;19;78;10;5;40;22;3.80;1;1;1;42;0;3634022;124;0
11;19;78;10;5;46;43;4.00;1;1;1;61;0;3634643;588;0
11;19;78;10;5;50;49;3.40;3;2;1;62;0;3635049;1297;0
11;19;78;10;5;50;50;3.00;4;2;0;64;1;3635050;3409;0
11;19;78;10;5;51;65;4.00;4;2;1;55;0;3635165;3524;0
11;19;78;10;5;51;87;3.60;3;2;1;68;0;3635187;118;0
11;19;78;10;5;53;32;3.60;4;2;1;54;0;3635332;140;0
11;19;78;10;5;54;81;8.40;4;2;2;52;0;3635481;125;0
11;19;78;10;5;55;28;3.80;3;2;1;63;0;3635528;321;0
11;19;78;10;5;56;86;3.60;3;2;1;58;0;3635686;136;0
11;19;78;10;5;57;27;3.60;1;1;1;58;0;3635727;1060;0
11;19;78;10;5;57;70;3.80;3;2;1;55;0;3635770;61;0
11;19;78;10;5;58;84;4.00;3;2;1;54;0;3635884;89;0
11;19;78;10;5;58;58;11.20;4;2;7;51;0;3635858;318;0
11;19;78;10;5;59;56;4.00;1;1;1;56;0;3635956;206;0
11;19;78;10;6;0;6;3.80;3;2;1;57;0;3636006;95;3635528
11;19;78;10;6;1;15;3.00;4;2;1;51;0;3636115;177;3635528
11;19;78;10;6;2;11;3.60;4;2;1;51;0;3636211;74;3635528
11;19;78;10;6;2;67;3.40;3;2;1;55;0;3636267;237;0
11;19;78;10;6;3;51;4.40;4;2;1;51;0;3636351;114;0
11;19;78;10;6;4;76;3.60;2;1;1;54;0;3636476;2488;0
11;19;78;10;6;5;20;3.60;1;1;1;53;0;3636520;538;0
11;19;78;10;6;6;96;3.60;2;1;1;57;0;3636696;196;0
11;19;78;10;6;7;34;3.20;3;2;1;58;0;3636734;444;0
11;19;78;10;6;8;71;3.80;2;1;1;58;0;3636871;152;0
11;19;78;10;6;8;24;11.20;4;2;3;48;0;3636824;441;0
11;19;78;10;6;10;54;3.60;1;1;1;62;0;3637054;509;0
11;19;78;10;6;11;49;12.40;4;2;3;45;0;3637149;241;0
11;19;78;10;6;18;10;4.60;1;1;1;61;0;3637810;735;0
11;19;78;10;6;20;24;4.20;1;1;1;59;0;3638024;186;0
11;19;78;10;6;23;22;5.00;1;1;1;57;0;3638322;272;0
11;19;78;10;6;27;2;3.80;1;1;1;54;0;3638702;348;0
11;19;78;10;6;33;99;3.60;4;2;1;57;0;3639399;2150;0
11;19;78;10;6;44;74;4.00;1;1;1;62;0;3640474;1746;0
11;19;78;10;6;47;62;4.00;3;2;1;64;0;3640762;4008;0
11;19;78;10;6;47;84;3.60;4;2;1;57;0;3640784;1362;0
11;19;78;10;6;49;21;3.20;4;2;1;55;0;3640921;114;0
11;19;78;10;6;50;84;3.20;4;2;1;55;0;3641084;142;0
11;19;78;10;6;54;82;3.60;3;2;1;60;0;3641482;697;0
11;19;78;10;6;55;51;13.80;4;2;4;58;0;3641551;446;0
11;19;78;10;7;0;62;6.40;1;1;1;54;0;3642062;1564;0
11;19;78;10;7;5;98;3.80;1;1;1;62;0;3642598;493;0
11;19;78;10;7;7;31;3.40;2;1;1;61;0;3642731;5836;0
11;19;78;10;7;7;61;5.00;1;1;1;60;0;3642761;140;0
11;19;78;10;7;8;20;3.60;2;1;1;60;0;3642820;68;0
11;19;78;10;7;9;96;3.40;1;1;1;59;0;3642996;205;0
11;19;78;10;7;12;14;4.00;2;1;1;56;0;3643214;372;0
11;19;78;10;7;13;39;3.40;1;1;1;61;0;3643339;322;0
11;19;78;10;7;13;80;3.40;3;2;1;59;0;3643380;1876;0
11;19;78;10;7;14;74;3.40;2;1;1;55;0;3643474;234;0
11;19;78;10;7;15;81;3.80;1;1;1;62;0;3643581;221;0
11;19;78;10;7;15;76;4.00;2;1;1;56;0;3643576;79;0
11;19;78;10;7;18;32;3.80;1;1;1;53;0;3643832;228;0
11;19;78;10;7;19;66;3.80;2;1;1;59;0;3643966;364;0
11;19;78;10;7;19;78;4.00;1;1;1;51;0;3643978;120;0
11;19;78;10;7;21;42;4.20;1;1;1;48;0;3644142;135;0
11;19;78;10;7;22;78;3.60;1;1;1;48;0;3644278;104;0
11;19;78;10;7;24;52;3.20;4;2;1;60;0;3644452;2815;0
11;19;78;10;7;24;67;3.40;3;2;1;70;0;3644467;1066;0
11;19;78;10;7;24;92;5.20;1;1;1;48;0;3644492;187;3643832
11;19;78;10;7;25;46;3.20;2;1;1;59;0;3644546;556;0
11;19;78;10;7;26;25;3.00;1;1;1;48;0;3644625;94;3643832
11;19;78;10;7;26;57;3.60;4;2;1;58;0;3644657;185;3643832
11;19;78;10;7;27;35;3.40;3;2;1;64;0;3644735;250;0
11;19;78;10;7;27;79;3.60;1;1;1;49;0;3644779;131;3643832
11;19;78;10;7;28;81;4.00;1;1;1;48;0;3644881;75;3643832
11;19;78;10;7;29;6;3.80;4;2;1;58;0;3644906;226;0
11;19;78;10;7;29;11;3.80;3;2;1;63;0;3644911;156;0
11;19;78;10;7;30;2;3.40;3;2;1;62;0;3645002;69;0
11;19;78;10;7;30;51;3.00;1;1;1;45;0;3645051;140;3643832
11;19;78;10;7;30;52;4.40;4;2;1;54;0;3645052;122;3643832
11;19;78;10;7;31;17;3.60;2;1;1;55;0;3645117;551;0
11;19;78;10;7;31;65;3.60;3;2;1;62;0;3645165;143;0
11;19;78;10;7;32;6;3.20;1;1;1;47;0;3645206;131;3643832
11;19;78;10;7;32;61;4.00;3;2;1;62;0;3645261;75;3644735
11;19;78;10;7;33;20;5.20;4;2;1;59;0;3645320;238;0
11;19;78;10;7;34;47;3.80;1;1;1;45;0;3645447;216;0
11;19;78;10;7;35;17;3.80;4;2;1;58;0;3645517;165;0
11;19;78;10;7;36;69;3.60;2;1;1;55;0;3645669;528;0
11;19;78;10;7;37;10;3.40;3;2;1;65;0;3645710;425;0
11;19;78;10;7;37;73;7.20;4;2;1;61;0;3645773;232;0
11;19;78;10;7;38;96;9.60;1;1;2;46;0;3645896;418;0
11;19;78;10;7;40;4;4.40;4;2;1;55;0;3646004;188;0
11;19;78;10;7;40;36;3.80;2;1;1;59;0;3646036;343;0
11;19;78;10;7;41;13;6.20;3;2;1;59;0;3646113;384;0
11;19;78;10;7;41;30;4.00;1;1;1;47;0;3646130;158;0
11;19;78;10;7;42;21;3.40;3;2;1;60;0;3646221;70;0
11;19;78;10;7;43;78;3.80;4;2;1;56;0;3646378;345;0
11;19;78;10;7;48;20;3.40;4;2;1;54;0;3646820;417;0
11;19;78;10;7;52;75;3.60;1;1;1;62;0;3647275;1114;0
11;19;78;10;7;54;95;4.40;2;1;1;54;0;3647495;1435;0
11;19;78;10;7;56;2;3.20;1;1;1;49;0;3647602;306;0
11;19;78;10;7;56;5;3.80;2;1;1;55;0;3647605;80;0
11;19;78;10;7;56;93;5.20;1;1;1;53;0;3647693;67;0
11;19;78;10;8;1;33;3.60;1;1;1;55;0;3648133;404;0
11;19;78;10;8;4;43;7.80;1;1;2;56;0;3648443;286;0
11;19;78;10;8;7;98;3.60;1;1;1;53;0;3648798;304;0
11;19;78;10;8;10;41;7.60;1;1;1;51;0;3649041;218;0
11;19;78;10;8;12;71;4.00;2;1;1;60;0;3649271;1641;0
11;19;78;10;8;12;99;4.00;1;1;1;54;0;3649299;204;0
11;19;78;10;8;17;16;3.40;3;2;1;63;0;3649716;3474;0
11;19;78;10;8;18;93;3.80;1;1;1;54;0;3649893;567;0
11;19;78;10;8;19;12;3.40;4;2;1;59;0;3649912;3069;0
11;19;78;10;8;21;20;3.20;4;2;1;60;0;3650120;187;0
11;19;78;10;8;25;5;3.80;1;1;1;57;0;3650505;586;0
11;19;78;10;8;26;16;3.60;2;1;1;58;0;3650616;1321;0
11;19;78;10;8;27;77;3.40;4;2;1;56;0;3650777;637;0
11;19;78;10;8;27;88;3.00;1;1;1;57;0;3650788;259;0
11;19;78;10;8;37;92;5.00;3;2;1;68;0;3651792;2056;0
11;19;78;10;8;39;1;3.60;4;2;1;61;0;3651901;1102;0
11;19;78;10;8;40;99;3.40;4;2;1;59;0;3652099;176;0
11;19;78;10;8;42;30;4.00;4;2;1;58;0;3652230;110;0
11;19;78;10;8;45;22;3.60;1;1;1;55;0;3652522;1715;0
11;19;78;10;8;46;31;5.80;2;1;1;54;0;3652631;1992;0
11;19;78;10;8;50;52;4.00;1;1;1;56;0;3653052;506;0
11;19;78;10;8;53;71;8.60;4;2;2;57;0;3653371;1116;0
11;19;78;10;8;55;44;3.20;3;2;1;63;0;3653544;1725;0
11;19;78;10;8;59;88;3.60;4;2;1;55;0;3653988;562;0
11;19;78;10;9;2;28;3.40;4;2;1;58;0;3654228;216;0
11;19;78;10;9;4;57;3.80;4;2;1;59;0;3654457;207;0
11;19;78;10;9;9;55;3.40;3;2;1;57;0;3654955;1392;0
11;19;78;10;9;9;98;3.60;1;1;1;56;0;3654998;1920;0
11;19;78;10;9;10;41;4.00;3;2;1;57;0;3655041;64;0
11;19;78;10;9;13;51;3.40;3;2;1;52;0;3655351;284;0
11;19;78;10;9;14;86;3.40;3;2;1;54;0;3655486;111;0
11;19;78;10;9;16;1;5.20;4;2;1;53;0;3655601;1120;0
11;19;78;10;9;16;18;3.60;3;2;1;53;0;3655618;109;0
11;19;78;10;9;17;90;3.80;2;1;1;61;0;3655790;3120;0
11;19;78;10;9;18;0;3.60;4;2;1;52;0;3655800;163;0
11;19;78;10;9;18;36;3.60;3;2;1;53;0;3655836;193;0
11;19;78;10;9;19;75;3.40;3;2;1;54;0;3655975;114;3655351
11;19;78;10;9;20;43;3.60;1;1;1;57;0;3656043;1021;0
11;19;78;10;9;20;77;3.80;3;2;1;57;0;3656077;79;3655351
11;19;78;10;9;22;9;4.40;2;1;1;58;0;3656209;396;0
11;19;78;10;9;22;70;4.00;4;2;1;51;0;3656270;445;0
11;19;78;10;9;23;12;6.80;1;1;2;56;0;3656312;246;0
11;19;78;10;9;23;77;3.80;2;1;1;59;0;3656377;140;0
11;19;78;10;9;23;78;3.60;3;2;1;57;0;3656378;277;0
11;19;78;10;9;24;99;3.20;3;2;1;53;0;3656499;98;0
11;19;78;10;9;25;19;3.60;2;1;1;61;0;3656519;118;0
11;19;78;10;9;25;29;3.40;4;2;1;54;0;3656529;230;0
11;19;78;10;9;25;67;4.00;1;1;1;59;0;3656567;211;0
11;19;78;10;9;26;27;4.40;2;1;1;60;0;3656627;86;0
11;19;78;10;9;26;53;3.20;3;2;1;52;0;3656653;132;0
11;19;78;10;9;26;88;3.40;4;2;1;52;0;3656688;136;0
11;19;78;10;9;27;17;6.20;1;1;1;54;0;3656717;125;0
11;19;78;10;9;27;80;3.60;3;2;1;56;0;3656780;104;0
11;19;78;10;9;28;40;3.40;2;1;1;58;0;3656840;186;3656209
11;19;78;10;9;28;84;4.20;1;1;1;53;0;3656884;125;3656209
11;19;78;10;9;30;47;3.60;2;1;1;54;0;3657047;185;3656209
11;19;78;10;9;31;16;3.40;4;2;1;53;0;3657116;404;0
11;19;78;10;9;31;36;5.20;2;1;1;59;0;3657136;65;3656209
11;19;78;10;9;31;33;12.80;1;1;3;53;0;3657133;220;0
11;19;78;10;9;33;53;3.60;1;1;1;52;0;3657353;133;0
11;19;78;10;9;33;97;3.40;4;2;1;55;0;3657397;257;0
11;19;78;10;9;34;85;3.80;1;1;1;52;0;3657485;107;0
11;19;78;10;9;36;48;3.80;1;1;1;51;0;3657648;136;0
11;19;78;10;9;37;51;3.40;4;2;1;52;0;3657751;331;0
11;19;78;10;9;38;15;11.20;1;1;7;51;0;3657815;140;3657133
11;19;78;10;9;40;70;3.20;1;1;1;49;0;3658070;175;3657133
11;19;78;10;9;40;71;3.60;2;1;1;51;0;3658071;903;0
11;19;78;10;9;42;7;3.80;1;1;1;49;0;3658207;113;3657133
11;19;78;10;9;42;43;3.40;4;2;1;49;0;3658243;468;0
11;19;78;10;9;45;37;11.80;2;1;2;64;0;3658537;440;0
11;19;78;10;9;48;66;3.60;1;1;1;55;0;3658866;631;0
11;19;78;10;9;50;59;3.60;1;1;1;56;0;3659059;169;0
11;19;78;10;9;53;64;3.40;2;1;1;51;0;3659364;760;0
11;19;78;10;9;54;51;2.40;1;1;1;58;0;3659451;368;0
11;19;78;10;9;55;13;3.40;4;2;1;64;0;3659513;1245;0
11;19;78;10;9;57;52;3.60;1;1;1;53;0;3659752;286;0
11;19;78;10;10;3;54;4.00;1;1;1;55;0;3660354;577;0
11;19;78;10;10;8;92;4.20;2;1;1;60;0;3660892;1504;0
11;19;78;10;10;9;81;6.80;1;1;1;59;0;3660981;600;0
11;19;78;10;10;11;73;3.60;4;2;1;62;0;3661173;1640;0
11;19;78;10;10;12;1;5.20;1;1;1;56;0;3661201;178;0
11;19;78;10;10;12;17;3.60;3;2;1;66;0;3661217;4413;0
11;19;78;10;10;13;49;6.60;1;1;1;57;0;3661349;114;0
11;19;78;10;10;16;43;3.80;2;1;1;60;0;3661643;725;0
11;19;78;10;10;17;3;3.40;1;1;1;58;0;3661703;312;0
11;19;78;10;10;17;82;3.80;4;2;1;55;0;3661782;588;0
11;19;78;10;10;18;71;3.40;1;1;1;57;0;3661871;146;0
11;19;78;10;10;20;16;4.20;3;2;1;63;0;3662016;779;0
11;19;78;10;10;22;4;3.40;3;2;1;68;0;3662204;164;0
11;19;78;10;10;22;7;3.00;4;2;0;74;1;3662207;400;0
11;19;78;10;10;24;16;3.80;4;2;1;53;0;3662416;609;0
11;19;78;10;10;25;20;3.80;2;1;1;56;0;3662520;854;0
11;19;78;10;10;26;7;3.60;2;1;1;55;0;3662607;62;0
11;19;78;10;10;26;24;9.00;4;2;2;59;0;3662624;182;0
11;19;78;10;10;27;85;3.00;1;1;1;47;0;3662785;892;0
11;19;78;10;10;28;10;7.20;4;2;2;57;0;3662810;131;0
11;19;78;10;10;32;92;3.80;2;1;1;55;0;3663292;661;0
11;19;78;10;10;34;92;4.60;1;1;1;53;0;3663492;684;0
11;19;78;10;10;38;0;3.80;2;1;1;55;0;3663800;483;0
11;19;78;10;10;39;3;3.00;4;2;1;53;0;3663903;1047;0
11;19;78;10;10;45;62;3.60;4;2;1;64;0;3664562;638;0
11;19;78;10;10;47;83;3.40;3;2;1;62;0;3664783;2561;0
11;19;78;10;10;48;56;4.00;1;1;1;50;0;3664856;1332;0
11;19;78;10;10;48;90;3.60;4;2;1;60;0;3664890;307;0
11;19;78;10;10;49;72;3.60;3;2;1;60;0;3664972;169;0
11;19;78;10;10;52;10;3.60;4;2;1;56;0;3665210;298;0
11;19;78;10;10;52;16;3.60;3;2;1;57;0;3665216;222;0
11;19;78;10;10;53;29;3.40;4;2;1;56;0;3665329;95;0
11;19;78;10;10;54;10;3.60;3;2;1;60;0;3665410;171;0
11;19;78;10;10;55;68;4.00;4;2;1;58;0;3665568;217;0
11;19;78;10;10;56;45;3.40;3;2;1;62;0;3665645;213;0
11;19;78;10;10;57;45;5.00;4;2;1;59;0;3665745;152;0
11;19;78;10;10;58;24;4.00;3;2;1;62;0;3665824;159;0
11;19;78;10;10;59;43;3.60;3;2;1;61;0;3665943;95;0
11;19;78;10;11;1;84;3.80;1;1;1;54;0;3666184;1299;0
11;19;78;10;11;2;23;3.80;4;2;1;57;0;3666223;447;0
11;19;78;10;11;4;4;3.40;3;2;1;64;0;3666404;439;0
11;19;78;10;11;5;24;5.60;3;2;1;60;0;3666524;100;0
11;19;78;10;11;5;75;3.40;4;2;1;57;0;3666575;328;0
11;19;78;10;11;8;7;3.60;1;1;1;60;0;3666807;597;0
11;19;78;10;11;29;13;4.00;2;1;1;56;0;3668913;5088;0
11;19;78;10;11;30;38;4.20;1;1;1;62;0;3669038;2209;0
11;19;78;10;11;31;97;3.60;4;2;1;58;0;3669197;2600;0
11;19;78;10;11;32;97;3.40;3;2;1;66;0;3669297;2739;0
11;19;78;10;11;34;88;2.80;2;1;1;59;0;3669488;549;0
11;19;78;10;11;37;39;3.60;2;1;1;57;0;3669739;233;0
11;19;78;10;11;37;75;3.60;1;1;1;56;0;3669775;712;0
11;19;78;10;11;42;56;3.40;2;1;1;55;0;3670256;494;0
11;19;78;10;11;44;63;3.60;4;2;1;63;0;3670463;1243;0
11;19;78;10;11;45;14;3.60;2;1;1;53;0;3670514;235;0
11;19;78;10;11;45;25;3.40;1;1;1;53;0;3670525;726;0
11;19;78;10;11;46;84;3.40;1;1;1;52;0;3670684;135;0
11;19;78;10;11;47;27;3.20;2;1;1;51;0;3670727;188;0
11;19;78;10;11;47;80;3.00;1;1;1;53;0;3670780;72;0
11;19;78;10;11;48;99;4.60;1;1;1;54;0;3670899;98;0
11;19;78;10;11;50;23;4.80;4;2;1;59;0;3671023;539;0
11;19;78;10;11;51;6;3.60;2;1;1;55;0;3671106;356;0
11;19;78;10;11;51;60;3.60;1;1;1;56;0;3671160;230;0
11;19;78;10;11;52;7;4.20;4;2;1;59;0;3671207;154;0
11;19;78;10;11;52;57;3.80;2;1;1;55;0;3671257;127;0
11;19;78;10;11;52;99;4.00;1;1;1;56;0;3671299;115;0
11;19;78;10;11;53;67;4.20;4;2;1;58;0;3671367;134;0
11;19;78;10;11;54;42;4.20;2;1;1;57;0;3671442;160;0
11;19;78;10;11;55;36;4.80;1;1;1;56;0;3671536;211;0
11;19;78;10;11;55;72;3.40;4;2;1;60;0;3671572;178;0
11;19;78;10;11;56;21;3.80;2;1;1;56;0;3671621;152;0
11;19;78;10;11;56;55;3.60;3;2;1;64;0;3671655;2339;0
11;19;78;10;11;56;69;7.00;1;1;1;55;0;3671669;102;0
11;19;78;10;11;58;9;3.60;2;1;1;52;0;3671809;163;3671106
11;19;78;10;11;58;17;3.80;4;2;1;60;0;3671817;224;0
11;19;78;10;11;59;9;3.20;1;1;1;55;0;3671909;194;0
11;19;78;10;12;0;25;3.80;1;1;1;53;0;3672025;95;0
11;19;78;10;12;0;66;4.60;4;2;1;59;0;3672066;226;0
11;19;78;10;12;1;47;3.80;1;1;1;50;0;3672147;96;3671536
11;19;78;10;12;2;82;14.40;1;1;3;48;0;3672282;107;3671536
11;19;78;10;12;5;34;3.80;1;1;1;50;0;3672534;144;3671536
11;19;78;10;12;6;45;7.80;1;1;6;48;0;3672645;83;3671536
11;19;78;10;12;12;7;3.20;1;1;1;58;0;3673207;503;0
11;19;78;10;12;13;3;4.00;2;1;1;61;0;3673303;1469;0
11;19;78;10;12;14;71;3.80;2;1;1;59;0;3673471;144;0
11;19;78;10;12;16;79;3.60;4;2;1;57;0;3673679;1584;0
11;19;78;10;12;20;72;4.00;1;1;1;54;0;3674072;845;0
11;19;78;10;12;22;16;3.40;1;1;1;57;0;3674216;117;0
11;19;78;10;12;23;81;3.80;4;2;1;59;0;3674381;679;0
11;19;78;10;12;24;98;2.80;3;2;1;60;0;3674498;2822;0
11;19;78;10;12;27;11;3.60;2;1;1;55;0;3674711;1216;0
11;19;78;10;12;27;95;3.40;4;2;1;56;0;3674795;390;0
11;19;78;10;12;29;54;3.60;3;2;1;55;0;3674954;439;0
11;19;78;10;12;29;90;3.40;4;2;1;61;0;3674990;173;0
11;19;78;10;12;30;43;3.80;3;2;1;56;0;3675043;65;0
11;19;78;10;12;30;75;4.00;1;1;1;61;0;3675075;837;0
11;19;78;10;12;31;9;3.80;4;2;1;56;0;3675109;98;0
11;19;78;10;12;32;20;3.60;3;2;1;58;0;3675220;152;0
11;19;78;10;12;33;24;3.40;3;2;1;58;0;3675324;81;0
11;19;78;10;12;34;77;4.40;3;2;1;57;0;3675477;131;3674954
11;19;78;10;12;35;34;3.60;2;1;1;56;0;3675534;799;0
11;19;78;10;12;35;47;3.60;4;2;1;57;0;3675547;413;0
11;19;78;10;12;35;57;4.40;1;1;1;59;0;3675557;458;0
11;19;78;10;12;36;41;5.80;3;2;1;62;0;3675641;136;3674954
11;19;78;10;12;36;69;4.60;1;1;1;58;0;3675669;85;3674954
11;19;78;10;12;37;64;3.60;2;1;1;57;0;3675764;206;0
11;19;78;10;12;37;82;3.40;1;1;1;55;0;3675782;84;0
11;19;78;10;12;38;4;3.40;3;2;1;59;0;3675804;129;3674954
11;19;78;10;12;38;76;3.40;4;2;1;58;0;3675876;306;0
11;19;78;10;12;39;52;3.60;3;2;1;57;0;3675952;127;3674954
11;19;78;10;12;39;53;7.80;1;1;2;57;0;3675953;148;3674954
11;19;78;10;12;40;62;3.40;4;2;1;54;0;3676062;164;3674954
11;19;78;10;12;41;3;3.60;1;1;1;56;0;3676103;100;3675557
11;19;78;10;12;41;5;5.00;3;2;1;58;0;3676105;130;3674954
11;19;78;10;12;42;1;3.80;3;2;1;58;0;3676201;64;3674954
11;19;78;10;12;43;22;9.20;4;2;6;53;0;3676322;237;0
11;19;78;10;12;45;10;3.40;4;2;1;53;0;3676510;125;0
11;19;78;10;12;48;35;3.60;3;2;1;63;0;3676835;610;0
11;19;78;10;12;49;16;3.80;4;2;1;52;0;3676916;382;0
11;19;78;10;12;49;39;3.80;3;2;1;63;0;3676939;83;0
11;19;78;10;12;51;31;3.20;4;2;1;50;0;3677131;188;0
11;19;78;10;12;55;37;3.40;4;2;1;50;0;3677537;382;0
11;19;78;10;12;55;45;4.40;1;1;1;57;0;3677545;1418;0
11;19;78;10;12;57;80;3.60;2;1;1;55;0;3677780;1993;0
11;19;78;10;13;10;17;3.80;3;2;1;65;0;3679017;2056;0
11;19;78;10;13;12;22;3.80;4;2;1;56;0;3679222;1660;0
11;19;78;10;13;29;31;3.60;4;2;1;63;0;3680931;1684;0
11;19;78;10;13;31;38;3.40;1;1;1;50;0;3681138;3565;0
11;19;78;10;13;33;20;3.80;4;2;1;58;0;3681320;368;0
11;19;78;10;13;34;72;3.40;4;2;1;57;0;3681472;128;0
11;19;78;10;13;42;22;3.60;2;1;1;59;0;3682222;4418;0
11;19;78;10;13;42;83;3.60;1;1;1;52;0;3682283;1120;0
11;19;78;10;13;43;81;3.80;4;2;1;48;0;3682381;887;0
11;19;78;10;13;44;82;3.80;1;1;1;51;0;3682482;174;0
11;19;78;10;13;45;30;3.60;4;2;1;49;0;3682530;120;0
11;19;78;10;13;46;0;5.40;2;1;1;60;0;3682600;356;0
11;19;78;10;13;47;49;3.80;1;1;1;50;0;3682749;240;0
11;19;78;10;13;47;66;4.60;2;1;1;56;0;3682766;133;0
11;19;78;10;13;49;77;5.20;2;1;1;59;0;3682977;181;0
11;19;78;10;13;49;81;5.00;1;1;1;57;0;3682981;204;0
11;19;78;10;13;51;30;3.80;1;1;1;59;0;3683130;117;0
11;19;78;10;13;54;7;7.40;1;1;2;59;0;3683407;253;0
11;19;78;10;13;58;40;4.00;4;2;1;62;0;3683840;1283;0
11;19;78;10;13;59;0;3.40;2;1;1;56;0;3683900;891;0
11;19;78;10;13;59;24;3.80;1;1;1;54;0;3683924;471;0
11;19;78;10;14;1;20;5.20;1;1;1;54;0;3684120;170;0
11;19;78;10;14;1;44;3.40;2;1;1;56;0;3684144;222;0
11;19;78;10;14;3;18;3.40;4;2;1;57;0;3684318;454;0
11;19;78;10;14;3;38;4.00;3;2;1;70;0;3684338;5299;0
11;19;78;10;14;5;72;4.00;4;2;1;55;0;3684572;232;0
11;19;78;10;14;6;16;3.60;1;1;1;55;0;3684616;461;0
11;19;78;10;14;6;34;6.60;2;1;1;59;0;3684634;468;0
11;19;78;10;14;6;58;3.20;3;2;1;61;0;3684658;299;0
11;19;78;10;14;7;23;3.60;4;2;1;57;0;3684723;124;0
11;19;78;10;14;8;7;3.60;3;2;1;64;0;3684807;130;0
11;19;78;10;14;8;43;3.60;4;2;1;56;0;3684843;97;0
11;19;78;10;14;8;63;3.40;1;1;1;52;0;3684863;223;0
11;19;78;10;14;11;77;3.40;1;1;1;49;0;3685177;290;0
11;19;78;10;14;13;16;3.20;4;2;1;56;0;3685316;449;0
11;19;78;10;14;13;51;6.60;3;2;1;66;0;3685351;523;0
11;19;78;10;14;13;57;4.40;1;1;1;48;0;3685357;155;0
11;19;78;10;14;14;42;5.00;2;1;1;56;0;3685442;767;0
11;19;78;10;14;14;85;3.80;1;1;1;47;0;3685485;95;0
11;19;78;10;14;15;6;3.40;4;2;1;53;0;3685506;169;0
11;19;78;10;14;15;29;4.20;3;2;1;61;0;3685529;142;0
11;19;78;10;14;16;3;3.60;1;1;1;46;0;3685603;88;0
11;19;78;10;14;16;45;3.00;3;2;1;59;0;3685645;91;0
11;19;78;10;14;16;78;3.80;4;2;1;53;0;3685678;148;0
11;19;78;10;14;17;57;3.40;1;1;1;47;0;3685757;125;3685177
11;19;78;10;14;19;49;3.20;4;2;1;55;0;3685949;245;0
11;19;78;10;14;20;6;3.20;1;1;1;51;0;3686006;222;0
11;19;78;10;14;22;70;3.60;3;2;1;64;0;3686270;606;0
11;19;78;10;14;22;98;3.60;4;2;1;56;0;3686298;328;0
11;19;78;10;14;25;50;3.40;4;2;1;52;0;3686550;228;0
11;19;78;10;14;26;66;3.60;4;2;1;51;0;3686666;92;0
11;19;78;10;14;27;45;4.00;3;2;1;62;0;3686745;454;0
11;19;78;10;14;28;78;4.40;3;2;1;59;0;3686878;109;0
11;19;78;10;14;29;91;3.40;4;2;1;49;0;3686991;299;0
11;19;78;10;14;30;83;3.00;3;2;1;57;0;3687083;178;0
11;19;78;10;14;31;74;2.80;4;2;1;50;0;3687174;158;0
11;19;78;10;14;34;54;4.20;3;2;1;58;0;3687454;352;0
11;19;78;10;14;34;68;3.80;4;2;1;54;0;3687468;273;0
11;19;78;10;14;36;82;4.80;4;2;1;54;0;3687682;188;0
11;19;78;10;14;37;50;3.80;1;1;1;58;0;3687750;1721;0
11;19;78;10;14;39;81;3.60;1;1;1;58;0;3687981;207;0
11;19;78;10;14;42;40;3.60;2;1;1;56;0;3688240;2765;0
11;19;78;10;14;47;80;4.40;2;1;1;60;0;3688780;516;0
11;19;78;10;14;50;60;4.40;1;1;1;53;0;3689060;1056;0
11;19;78;10;14;54;64;3.60;1;1;1;58;0;3689464;374;0
11;19;78;10;14;58;53;3.60;1;1;1;59;0;3689853;366;0
11;19;78;10;14;59;81;4.20;1;1;1;57;0;3689981;106;0
11;19;78;10;15;2;4;3.60;1;1;1;60;0;3690204;196;0
11;19;78;10;15;3;17;3.40;3;2;1;65;0;3690317;2836;0
11;19;78;10;15;6;95;3.80;1;1;1;56;0;3690695;469;0
11;19;78;10;15;9;6;3.40;4;2;1;61;0;3690906;3192;0
11;19;78;10;15;14;91;3.80;3;2;1;58;0;3691491;1155;0
11;19;78;10;15;19;58;4.60;2;1;1;56;0;3691958;3151;0
11;19;78;10;15;21;3;11.20;1;1;2;58;0;3692103;1383;0
11;19;78;10;15;22;53;3.20;1;1;1;58;0;3692253;80;0
11;19;78;10;15;24;23;7.00;1;1;1;59;0;3692423;150;0
11;19;78;10;15;30;5;4.40;4;2;1;47;0;3693005;2078;0
11;19;78;10;15;31;76;6.20;4;2;1;46;0;3693176;137;0
11;19;78;10;15;37;60;3.60;4;2;1;56;0;3693760;535;0
11;19;78;10;15;40;58;4.60;1;1;1;60;0;3694058;1592;0
11;19;78;10;15;45;27;3.60;3;2;1;63;0;3694527;3012;0
11;19;78;10;15;45;5;12.60;4;2;3;53;0;3694505;721;0
11;19;78;10;15;46;76;3.20;3;2;1;64;0;3694676;128;0
11;19;78;10;15;50;49;11.20;4;2;3;53;0;3695049;458;0
11;19;78;10;15;51;83;3.20;3;2;1;57;0;3695183;489;0
11;19;78;10;15;52;38;3.20;4;2;1;55;0;3695238;112;0
11;19;78;10;15;53;75;3.80;4;2;1;54;0;3695375;116;0
11;19;78;10;15;54;41;3.40;3;2;1;59;0;3695441;237;0
11;19;78;10;15;56;66;4.20;3;2;1;57;0;3695666;204;0
11;19;78;10;15;58;33;3.20;4;2;1;52;0;3695833;432;0
11;19;78;10;15;59;8;4.00;3;2;1;57;0;3695908;215;0
11;19;78;10;15;59;33;4.40;4;2;1;52;0;3695933;77;0
11;19;78;10;16;0;86;3.60;3;2;1;56;0;3696086;152;0
11;19;78;10;16;1;82;3.40;4;2;1;49;0;3696182;218;0
11;19;78;10;16;4;82;4.00;4;2;1;47;0;3696482;275;0
11;19;78;10;16;6;47;3.60;4;2;1;46;0;3696647;134;0
11;19;78;10;16;8;28;3.40;4;2;1;48;0;3696828;152;0
11;19;78;10;16;9;4;3.00;3;2;1;48;0;3696904;794;0
11;19;78;10;16;9;84;3.60;3;2;1;47;0;3696984;57;0
11;19;78;10;16;11;36;3.80;4;2;1;44;0;3697136;282;0
11;19;78;10;16;11;73;3.60;3;2;1;46;0;3697173;161;0
11;19;78;10;16;12;75;3.20;3;2;1;44;0;3697275;73;0
11;19;78;10;16;12;79;3.00;4;2;1;40;0;3697279;111;0
11;19;78;10;16;13;81;3.60;3;2;1;47;0;3697381;79;3696904
11;19;78;10;16;13;69;6.40;4;2;1;41;0;3697369;63;3696904
11;19;78;10;16;15;25;3.60;3;2;1;49;0;3697525;116;3696904
11;19;78;10;16;15;69;3.80;1;1;1;58;0;3697569;3483;0
11;19;78;10;16;15;76;3.40;4;2;1;39;0;3697576;150;0
11;19;78;10;16;16;91;4.60;3;2;1;48;0;3697691;139;3696904
11;19;78;10;16;16;77;3.40;4;2;1;37;0;3697677;69;3697136
11;19;78;10;16;18;36;3.20;3;2;1;46;0;3697836;110;3696904
11;19;78;10;16;19;72;3.20;3;2;1;47;0;3697972;110;3696904
11;19;78;10;16;19;66;3.80;4;2;1;45;0;3697966;255;0
11;19;78;10;16;21;17;3.40;4;2;1;47;0;3698117;120;0
11;19;78;10;16;27;72;5.60;1;1;1;54;0;3698772;1179;0
11;19;78;10;16;31;85;3.20;2;1;1;59;0;3699185;7197;0
11;19;78;10;16;32;97;4.00;2;1;1;60;0;3699297;92;0
11;19;78;10;16;33;36;4.00;1;1;1;58;0;3699336;526;0
11;19;78;10;16;34;57;3.80;2;1;1;58;0;3699457;136;0
11;19;78;10;16;35;90;3.20;2;1;1;59;0;3699590;109;0
11;19;78;10;16;36;74;15.40;1;1;4;51;0;3699674;313;0
11;19;78;10;16;38;0;3.20;2;1;1;56;0;3699800;190;3699185
11;19;78;10;16;38;86;7.80;2;1;1;54;0;3699886;65;3699185
11;19;78;10;16;39;67;3.40;1;1;1;52;0;3699967;184;3699185
11;19;78;10;16;41;18;3.20;2;1;1;55;0;3700118;180;3699185
11;19;78;10;16;41;77;3.60;3;2;1;56;0;3700177;2180;0
11;19;78;10;16;41;92;3.40;1;1;1;53;0;3700192;201;0
11;19;78;10;16;43;2;3.60;4;2;1;55;0;3700302;2158;0
11;19;78;10;16;43;80;5.40;1;1;1;52;0;3700380;164;0
11;19;78;10;16;45;6;3.80;2;1;1;59;0;3700506;367;0
11;19;78;10;16;45;14;3.60;1;1;1;53;0;3700514;96;0
11;19;78;10;16;46;20;3.20;4;2;1;55;0;3700620;294;0
11;19;78;10;16;46;47;10.40;1;1;2;51;0;3700647;108;0
11;19;78;10;16;47;1;3.20;2;1;1;54;0;3700701;171;0
11;19;78;10;16;47;98;3.40;2;1;1;54;0;3700798;75;0
11;19;78;10;16;48;53;3.40;1;1;1;51;0;3700853;132;3700192
11;19;78;10;16;49;82;3.40;2;1;1;51;0;3700982;161;3700192
11;19;78;10;16;50;93;3.40;1;1;1;49;0;3701093;216;0
11;19;78;10;16;53;3;3.60;3;2;1;62;0;3701303;1102;0
11;19;78;10;16;53;67;3.60;1;1;1;58;0;3701367;249;0
11;19;78;10;16;57;17;4.20;4;2;1;60;0;3701717;1076;0
11;19;78;10;16;59;11;3.40;4;2;1;62;0;3701911;168;0
11;19;78;10;17;1;6;3.40;1;1;1;52;0;3702106;716;0
11;19;78;10;17;2;77;3.40;1;1;1;55;0;3702277;147;0
11;19;78;10;17;3;83;3.20;1;1;1;54;0;3702383;83;0
11;19;78;10;17;5;27;3.20;1;1;1;54;0;3702527;122;0
11;19;78;10;17;6;53;3.80;1;1;1;51;0;3702653;104;3702106
11;19;78;10;17;7;87;4.60;1;1;1;52;0;3702787;107;3702106
11;19;78;10;17;9;69;3.80;1;1;1;51;0;3702969;150;3702106
11;19;78;10;17;11;7;14.40;4;2;4;55;0;3703107;1176;0
11;19;78;10;17;11;84;9.40;1;1;2;50;0;3703184;188;3702106
11;19;78;10;17;13;91;3.20;1;1;1;49;0;3703391;139;3702106
11;19;78;10;17;15;12;3.80;1;1;1;53;0;3703512;97;3702106
11;19;78;10;17;16;50;4.00;1;1;1;48;0;3703650;112;3702106
11;19;78;10;17;18;32;3.60;1;1;1;50;0;3703832;152;3702106
11;19;78;10;17;19;9;3.40;2;1;1;59;0;3703909;2903;0
11;19;78;10;17;19;12;4.00;1;1;1;50;0;3703912;54;3702106
11;19;78;10;17;22;39;6.80;2;1;2;61;0;3704239;309;0
11;19;78;10;17;23;15;3.80;4;2;1;61;0;3704315;1113;0
11;19;78;10;17;23;22;3.20;1;1;1;53;0;3704322;381;0
11;19;78;10;17;24;21;3.00;3;2;1;63;0;3704421;3097;0
11;19;78;10;17;24;22;3.20;2;1;1;58;0;3704422;142;0
11;19;78;10;17;24;92;3.00;1;1;1;54;0;3704492;148;0
11;19;78;10;17;26;73;3.60;1;1;1;60;0;3704673;161;0
11;19;78;10;17;26;88;3.20;4;2;1;60;0;3704688;350;0
11;19;78;10;17;29;8;4.20;4;2;1;60;0;3704908;200;0
11;19;78;10;17;29;19;9.20;3;2;2;60;0;3704919;480;0
11;19;78;10;17;29;62;3.80;1;1;1;58;0;3704962;267;0
11;19;78;10;17;31;50;3.80;4;2;1;57;0;3705150;216;0
11;19;78;10;17;31;75;3.60;3;2;1;57;0;3705175;200;0
11;19;78;10;17;33;38;3.60;3;2;1;57;0;3705338;140;0
11;19;78;10;17;33;42;4.60;4;2;1;52;0;3705342;168;0
11;19;78;10;17;33;76;3.40;1;1;1;59;0;3705376;390;0
11;19;78;10;17;34;20;3.40;3;2;1;59;0;3705420;59;0
11;19;78;10;17;34;89;4.00;4;2;1;54;0;3705489;115;0
11;19;78;10;17;35;91;3.60;3;2;1;60;0;3705591;150;0
11;19;78;10;17;37;5;4.40;4;2;1;56;0;3705705;189;0
11;19;78;10;17;38;29;4.60;3;2;1;64;0;3705829;216;0
11;19;78;10;17;38;32;3.60;4;2;1;56;0;3705832;98;3705150
11;19;78;10;17;39;79;3.60;1;1;1;58;0;3705979;582;0
11;19;78;10;17;40;22;4.00;3;2;1;66;0;3706022;167;0
11;19;78;10;17;40;46;3.60;4;2;1;54;0;3706046;190;3705150
11;19;78;10;17;41;57;3.40;1;1;1;58;0;3706157;155;3705150
11;19;78;10;17;41;88;3.60;4;2;1;56;0;3706188;118;3705150
11;19;78;10;17;42;23;3.60;2;1;1;57;0;3706223;1781;0
11;19;78;10;17;42;98;3.80;1;1;1;58;0;3706298;119;0
11;19;78;10;17;43;30;3.80;4;2;1;57;0;3706330;118;3705150
11;19;78;10;17;43;42;3.60;3;2;1;59;0;3706342;298;0
11;19;78;10;17;44;26;3.20;3;2;1;59;0;3706426;62;0
11;19;78;10;17;45;1;3.40;4;2;1;56;0;3706501;147;3705150
11;19;78;10;17;47;31;3.20;4;2;1;55;0;3706731;208;0
11;19;78;10;17;48;62;3.60;4;2;1;55;0;3706862;110;0
11;19;78;10;17;49;44;3.60;3;2;1;59;0;3706944;498;0
11;19;78;10;17;49;72;3.80;4;2;1;53;0;3706972;86;0
11;19;78;10;17;51;35;3.80;1;1;1;59;0;3707135;813;0
11;19;78;10;17;52;85;3.20;4;2;1;53;0;3707285;287;0
11;19;78;10;17;54;36;3.80;4;2;1;54;0;3707436;129;0
11;19;78;10;17;55;53;8.60;4;2;2;56;0;3707553;91;0
11;19;78;10;18;4;25;3.60;1;1;1;55;0;3708425;1266;0
11;19;78;10;18;20;82;3.00;1;1;1;59;0;3710082;1633;0
11;19;78;10;18;26;40;4.20;1;1;1;59;0;3710640;539;0
11;19;78;10;18;28;62;5.20;2;1;1;58;0;3710862;4616;0
11;19;78;10;18;29;20;3.60;1;1;1;60;0;3710920;254;0
11;19;78;10;18;30;8;3.40;1;1;1;61;0;3711008;66;0
11;19;78;10;18;32;48;3.60;4;2;1;69;0;3711248;3639;0
11;19;78;10;18;33;29;3.80;1;1;1;47;0;3711329;300;0
11;19;78;10;18;35;4;3.80;1;1;1;48;0;3711504;145;0
11;19;78;10;18;36;2;3.20;1;1;1;44;0;3711602;69;0
11;19;78;10;18;36;68;3.60;2;1;1;60;0;3711668;773;0
11;19;78;10;18;36;93;3.40;4;2;1;59;0;3711693;426;0
11;19;78;10;18;37;51;3.40;1;1;1;47;0;3711751;122;0
11;19;78;10;18;40;77;3.60;1;1;1;50;0;3712077;299;0
11;19;78;10;18;41;95;18.60;4;2;5;66;0;3712195;481;0
11;19;78;10;18;43;23;3.00;1;1;1;51;0;3712323;220;0
11;19;78;10;18;44;69;4.40;1;1;1;49;0;3712469;124;0
11;19;78;10;18;46;23;3.40;2;1;1;60;0;3712623;933;0
11;19;78;10;18;46;25;4.40;1;1;1;48;0;3712625;123;0
11;19;78;10;18;47;58;3.60;1;1;1;51;0;3712758;100;0
11;19;78;10;18;49;2;4.00;1;1;1;50;0;3712902;118;3712323
11;19;78;10;18;49;15;14.00;4;2;4;62;0;3712915;618;0
11;19;78;10;18;50;73;3.60;1;1;1;50;0;3713073;142;3712323
11;19;78;10;18;51;29;5.40;2;1;1;56;0;3713129;485;0
11;19;78;10;18;52;61;3.80;1;1;1;51;0;3713261;162;3712323
11;19;78;10;18;53;64;3.60;4;2;1;65;0;3713364;367;0
11;19;78;10;18;54;94;3.80;1;1;1;52;0;3713494;206;0
11;19;78;10;18;56;4;3.80;4;2;1;68;0;3713604;220;0
11;19;78;10;18;57;42;4.20;2;1;1;56;0;3713742;578;0
11;19;78;10;18;57;92;3.60;1;1;1;51;0;3713792;271;0
11;19;78;10;18;59;15;3.60;1;1;1;49;0;3713915;97;0
11;19;78;10;19;1;29;2.80;1;1;1;45;0;3714129;187;0
11;19;78;10;19;3;0;3.20;1;1;1;45;0;3714300;148;0
11;19;78;10;19;3;88;3.00;2;1;1;59;0;3714388;619;0
11;19;78;10;19;3;96;3.40;4;2;1;63;0;3714396;771;0
11;19;78;10;19;4;30;3.00;1;1;1;43;0;3714430;104;3713792
11;19;78;10;19;6;11;4.20;4;2;1;59;0;3714611;195;3713792
11;19;78;10;19;6;32;3.40;1;1;1;43;0;3714632;176;3713792
11;19;78;10;19;7;94;7.60;4;2;1;64;0;3714794;157;3713792
11;19;78;10;19;9;1;4.00;3;2;1;68;0;3714901;7935;0
11;19;78;10;19;8;84;3.60;1;1;1;40;0;3714884;223;0
11;19;78;10;19;9;90;4.00;3;2;1;64;0;3714990;67;0
11;19;78;10;19;9;95;3.40;4;2;1;57;0;3714995;158;0
11;19;78;10;19;10;83;3.40;1;1;1;47;0;3715083;166;0
11;19;78;10;19;11;6;3.40;3;2;1;64;0;3715106;93;0
11;19;78;10;19;11;57;3.60;4;2;1;59;0;3715157;140;3714396
11;19;78;10;19;12;57;3.80;3;2;1;65;0;3715257;131;3714396
11;19;78;10;19;12;80;3.80;4;2;1;58;0;3715280;101;3714396
11;19;78;10;19;14;82;3.80;1;1;1;57;0;3715482;372;0
11;19;78;10;19;16;31;3.20;3;2;1;60;0;3715631;352;0
11;19;78;10;19;18;89;3.60;3;2;1;60;0;3715889;238;0
11;19;78;10;19;19;84;8.20;4;2;2;57;0;3715984;680;0
11;19;78;10;19;20;74;3.60;3;2;1;59;0;3716074;163;0
11;19;78;10;19;22;26;3.60;3;2;1;62;0;3716226;130;0
11;19;78;10;19;22;41;10.00;4;2;2;56;0;3716241;205;0
11;19;78;10;19;24;98;3.80;4;2;1;55;0;3716498;192;0
11;19;78;10;19;27;56;6.20;2;1;1;62;0;3716756;2349;0
11;19;78;10;19;27;77;3.80;4;2;1;54;0;3716777;254;0
11;19;78;10;19;28;60;3.40;1;1;1;54;0;3716860;1354;0
11;19;78;10;19;29;93;3.40;1;1;1;53;0;3716993;110;0
11;19;78;10;19;29;99;3.80;2;1;1;56;0;3716999;207;0
11;19;78;10;19;30;29;8.60;4;2;2;58;0;3717029;226;0
11;19;78;10;19;31;24;3.40;1;1;1;54;0;3717124;107;0
11;19;78;10;19;32;42;4.60;1;1;1;56;0;3717242;95;0
11;19;78;10;19;33;19;3.60;2;1;1;56;0;3717319;295;0
11;19;78;10;19;35;8;3.40;1;1;1;57;0;3717508;236;0
11;19;78;10;19;36;29;3.40;1;1;1;55;0;3717629;99;0
11;19;78;10;19;39;63;4.40;2;1;1;62;0;3717963;620;0
11;19;78;10;19;40;49;3.60;1;1;1;56;0;3718049;397;0
11;19;78;10;19;41;72;3.20;1;1;1;55;0;3718172;99;0
11;19;78;10;19;41;55;6.80;2;1;1;61;0;3718155;166;0
11;19;78;10;19;43;15;4.00;1;1;1;54;0;3718315;122;0
11;19;78;10;19;43;26;3.80;2;1;1;59;0;3718326;130;0
11;19;78;10;19;44;79;4.60;1;1;1;54;0;3718479;137;0
11;19;78;10;19;47;93;3.40;1;1;1;54;0;3718793;283;0
11;19;78;10;19;54;97;3.40;2;1;1;55;0;3719497;1147;0
11;19;78;10;19;58;49;3.20;4;2;1;56;0;3719849;2766;0
11;19;78;10;20;11;61;3.80;4;2;1;60;0;3721161;1291;0
11;19;78;10;20;12;84;3.80;4;2;1;60;0;3721284;100;0
11;19;78;10;20;13;4;3.60;3;2;1;66;0;3721304;5057;0
11;19;78;10;20;14;7;4.00;3;2;1;62;0;3721407;83;0
11;19;78;10;20;16;55;3.60;3;2;1;61;0;3721655;224;0
11;19;78;10;20;19;27;4.00;1;1;1;61;0;3721927;3111;0
11;19;78;10;20;24;28;3.20;4;2;1;59;0;3722428;1121;0
11;19;78;10;20;30;32;3.80;4;2;1;61;0;3723032;584;0
11;19;78;10;20;34;98;3.60;1;1;1;57;0;3723498;1547;0
11;19;78;10;20;35;95;5.60;1;1;1;57;0;3723595;74;0
11;19;78;10;20;38;51;3.60;2;1;1;60;0;3723851;4331;0
11;19;78;10;20;38;65;3.80;1;1;1;57;0;3723865;234;0
11;19;78;10;20;39;40;6.00;2;1;1;59;0;3723940;67;0
11;19;78;10;20;40;2;3.60;1;1;1;58;0;3724002;113;0
11;19;78;10;20;41;16;3.60;2;1;1;58;0;3724116;139;0
11;19;78;10;20;42;60;4.20;1;1;1;58;0;3724260;235;0
11;19;78;10;20;43;21;4.60;2;1;1;58;0;3724321;182;0
11;19;78;10;20;44;29;3.60;4;2;1;71;0;3724429;1374;0
11;19;78;10;20;45;33;3.60;2;1;1;55;0;3724533;183;3723851
11;19;78;10;20;45;53;3.60;1;1;1;62;0;3724553;266;0
11;19;78;10;20;46;11;3.80;2;1;1;51;0;3724611;54;3723851
11;19;78;10;20;47;68;3.80;3;2;1;60;0;3724768;3091;0
11;19;78;10;20;47;78;4.80;4;2;1;49;0;3724778;330;0
11;19;78;10;20;48;7;3.40;2;1;1;51;0;3724807;169;3723851
11;19;78;10;20;49;69;3.80;3;2;1;59;0;3724969;178;3723851
11;19;78;10;20;49;91;3.80;1;1;1;53;0;3724991;417;0
11;19;78;10;20;50;11;3.60;4;2;1;51;0;3725011;197;0
11;19;78;10;20;50;76;4.00;1;1;1;54;0;3725076;59;0
11;19;78;10;20;51;41;3.60;4;2;1;51;0;3725141;104;0
11;19;78;10;20;51;75;3.40;2;1;1;58;0;3725175;344;0
11;19;78;10;20;52;76;3.40;3;2;1;61;0;3725276;283;0
11;19;78;10;20;53;20;3.80;4;2;1;52;0;3725320;153;0
11;19;78;10;20;52;50;12.00;1;1;3;51;0;3725250;147;0
11;19;78;10;20;54;60;3.20;3;2;1;60;0;3725460;163;0
11;19;78;10;20;55;36;3.60;1;1;1;48;0;3725536;201;0
11;19;78;10;20;56;16;3.60;4;2;1;53;0;3725616;269;0
11;19;78;10;20;56;31;4.20;2;1;1;59;0;3725631;434;0
11;19;78;10;20;56;30;4.40;3;2;1;57;0;3725630;150;0
11;19;78;10;20;56;91;3.20;1;1;1;45;0;3725691;128;0
11;19;78;10;20;57;30;3.20;4;2;1;53;0;3725730;89;0
11;19;78;10;20;57;66;5.00;3;2;1;57;0;3725766;108;0
11;19;78;10;20;58;18;3.20;4;2;1;54;0;3725818;66;0
11;19;78;10;20;58;38;3.60;1;1;1;45;0;3725838;121;0
11;19;78;10;20;59;16;6.20;3;2;1;56;0;3725916;118;3725276
11;19;78;10;20;59;93;3.80;4;2;1;53;0;3725993;153;3725276
11;19;78;10;21;0;41;4.60;1;1;1;47;0;3726041;174;3725276
11;19;78;10;21;1;82;5.20;1;1;1;48;0;3726182;105;3725536
11;19;78;10;21;2;34;3.80;4;2;1;56;0;3726234;215;0
11;19;78;10;21;3;83;2.60;2;1;1;53;0;3726383;726;0
11;19;78;10;21;4;2;3.60;1;1;1;48;0;3726402;181;3725536
11;19;78;10;21;4;64;3.60;2;1;1;50;0;3726464;63;3725536
11;19;78;10;21;5;13;3.60;4;2;1;57;0;3726513;254;0
11;19;78;10;21;6;29;3.40;3;2;1;60;0;3726629;673;0
11;19;78;10;21;6;40;3.60;4;2;1;55;0;3726640;104;0
11;19;78;10;21;6;87;3.60;1;1;1;54;0;3726687;258;0
11;19;78;10;21;8;6;3.80;4;2;1;55;0;3726806;142;0
11;19;78;10;21;8;66;3.40;1;1;1;51;0;3726866;155;0
11;19;78;10;21;9;84;3.00;4;2;1;52;0;3726984;153;0
11;19;78;10;21;12;1;3.60;3;2;1;63;0;3727201;551;0
11;19;78;10;21;13;30;3.40;3;2;1;59;0;3727330;108;0
11;19;78;10;21;13;76;3.20;4;2;1;57;0;3727376;371;0
11;19;78;10;21;14;27;3.80;3;2;1;58;0;3727427;76;0
11;19;78;10;21;14;83;5.20;2;1;1;46;0;3727483;993;0
11;19;78;10;21;15;9;3.80;4;2;1;53;0;3727509;112;0
11;19;78;10;21;15;27;4.20;3;2;1;57;0;3727527;76;0
11;19;78;10;21;17;3;3.40;4;2;1;53;0;3727703;168;0
11;19;78;10;21;19;60;3.40;4;2;1;54;0;3727960;233;0
11;19;78;10;21;20;70;3.80;4;2;1;52;0;3728070;87;0
11;19;78;10;21;22;2;3.00;3;2;1;55;0;3728202;648;0
11;19;78;10;21;22;3;11.80;1;1;3;60;0;3728203;1313;0
11;19;78;10;21;31;56;4.80;1;1;1;58;0;3729156;882;0
11;19;78;10;21;38;40;3.60;4;2;1;56;0;3729840;1743;0
11;19;78;10;21;41;72;3.20;1;1;1;52;0;3730172;986;0
11;19;78;10;21;43;31;4.40;1;1;1;53;0;3730331;136;0
11;19;78;10;21;43;72;3.20;4;2;1;59;0;3730372;508;0
11;19;78;10;21;45;3;4.00;1;1;1;53;0;3730503;142;0
11;19;78;10;21;50;64;3.40;1;1;1;48;0;3731064;533;0
11;19;78;10;21;51;6;3.20;2;1;1;54;0;3731106;3582;0
11;19;78;10;21;51;75;5.20;2;1;1;53;0;3731175;47;0
11;19;78;10;21;52;30;3.60;1;1;1;48;0;3731230;140;0
11;19;78;10;21;53;33;3.80;1;1;1;48;0;3731333;76;0
11;19;78;10;21;54;54;3.40;1;1;1;48;0;3731454;92;0
11;19;78;10;21;55;60;7.40;1;1;2;49;0;3731560;80;3731064
11;19;78;10;21;58;13;3.20;4;2;1;60;0;3731813;1421;0
11;19;78;10;21;58;62;4.00;1;1;1;51;0;3731862;247;0
11;19;78;10;21;59;30;3.60;2;1;1;62;0;3731930;719;0
11;19;78;10;22;0;93;3.80;4;2;1;61;0;3732093;260;0
11;19;78;10;22;4;47;3.60;4;2;1;62;0;3732447;331;0
11;19;78;10;22;9;26;3.80;1;1;1;51;0;3732926;1035;0
11;19;78;10;22;13;0;4.00;1;1;1;62;0;3733300;347;0
11;19;78;10;22;13;75;3.60;4;2;1;64;0;3733375;907;0
11;19;78;10;22;27;83;4.60;3;2;1;63;0;3734783;6561;0
11;19;78;10;22;29;27;3.80;4;2;1;60;0;3734927;1531;0
11;19;78;10;22;29;25;8.20;3;2;2;64;0;3734925;115;0
11;19;78;10;22;30;73;4.60;3;2;1;62;0;3735073;101;0
11;19;78;10;22;31;67;3.40;4;2;1;52;0;3735167;217;0
11;19;78;10;22;32;28;3.40;1;1;1;61;0;3735228;1904;0
11;19;78;10;22;35;31;3.40;4;2;1;53;0;3735531;340;0
11;19;78;10;22;35;86;3.60;3;2;1;49;0;3735586;486;0
11;19;78;10;22;38;76;3.60;3;2;1;57;0;3735876;263;0
11;19;78;10;22;39;55;9.20;4;2;2;54;0;3735955;400;0
11;19;78;10;22;40;77;3.60;3;2;1;56;0;3736077;178;0
11;19;78;10;22;42;54;3.60;3;2;1;56;0;3736254;153;0
11;19;78;10;22;42;42;7.00;4;2;1;54;0;3736242;225;0
11;19;78;10;22;44;28;4.00;3;2;1;59;0;3736428;150;0
11;19;78;10;22;44;44;3.20;4;2;1;55;0;3736444;155;0
11;19;78;10;22;47;9;3.40;4;2;1;58;0;3736709;244;0
11;19;78;10;22;47;53;3.60;3;2;1;60;0;3736753;300;0
11;19;78;10;22;49;65;4.40;4;2;1;53;0;3736965;234;0
11;19;78;10;22;49;79;3.80;1;1;1;54;0;3736979;1730;0
11;19;78;10;22;51;2;3.40;3;2;1;59;0;3737102;327;0
11;19;78;10;22;53;53;3.60;4;2;1;53;0;3737353;358;0
11;19;78;10;22;53;98;3.80;2;1;1;51;0;3737398;5447;0
11;19;78;10;22;55;66;3.60;4;2;1;53;0;3737566;188;0
11;19;78;10;22;56;6;5.00;1;1;1;57;0;3737606;601;0
11;19;78;10;23;3;23;3.80;2;1;1;53;0;3738323;898;0
11;19;78;10;23;4;65;5.40;2;1;2;53;0;3738465;116;0
11;19;78;10;23;4;95;5.40;1;1;1;61;0;3738495;857;0
11;19;78;10;23;6;17;5.20;2;1;1;50;0;3738617;115;0
11;19;78;10;23;7;40;4.00;2;1;1;50;0;3738740;85;0
11;19;78;10;23;8;1;3.60;1;1;1;55;0;3738801;274;0
11;19;78;10;23;8;66;4.00;2;1;1;48;0;3738866;97;3738323
11;19;78;10;23;9;21;3.60;1;1;1;57;0;3738921;96;3738323
11;19;78;10;23;10;17;4.00;2;1;1;51;0;3739017;121;3738323
11;19;78;10;23;12;5;3.60;1;1;1;56;0;3739205;261;0
11;19;78;10;23;13;45;3.60;3;2;1;63;0;3739345;2222;0
11;19;78;10;23;15;48;6.20;1;1;2;56;0;3739548;319;0
11;19;78;10;23;16;86;3.80;2;1;1;59;0;3739686;640;0
11;19;78;10;23;17;29;7.80;1;1;2;49;0;3739729;141;0
11;19;78;10;23;18;45;3.00;1;1;1;49;0;3739845;58;0
11;19;78;10;23;18;79;3.60;2;1;1;54;0;3739879;169;0
11;19;78;10;23;19;62;9.20;1;1;1;47;0;3739962;94;0
11;19;78;10;23;20;86;3.40;2;1;1;53;0;3740086;183;0
11;19;78;10;23;21;57;3.20;4;2;1;57;0;3740157;2566;0
11;19;78;10;23;21;54;3.20;1;1;1;50;0;3740154;121;3739548
11;19;78;10;23;22;79;3.40;1;1;1;48;0;3740279;101;3739548
11;19;78;10;23;24;61;3.60;4;2;1;62;0;3740461;283;0
11;19;78;10;23;24;90;3.40;1;1;1;46;0;3740490;185;3739548
11;19;78;10;23;25;69;3.20;2;1;1;51;0;3740569;459;0
11;19;78;10;23;26;43;4.20;1;1;1;44;0;3740643;126;3739548
11;19;78;10;23;28;33;4.40;1;1;1;43;0;3740833;155;3739548
11;19;78;10;23;28;77;3.60;2;1;1;55;0;3740877;285;0
11;19;78;10;23;29;48;3.40;1;1;1;42;0;3740948;78;3739548
11;19;78;10;23;30;76;3.40;1;1;1;39;0;3741076;98;3739548
11;19;78;10;23;31;23;3.60;2;1;1;50;0;3741123;222;0
11;19;78;10;23;31;74;3.20;1;1;1;37;0;3741174;66;3739548
11;19;78;10;23;33;0;4.40;1;1;1;40;0;3741300;94;3739548
11;19;78;10;23;33;40;4.20;2;1;1;55;0;3741340;191;3739548
11;19;78;10;23;34;33;3.60;1;1;1;38;0;3741433;93;3739548
11;19;78;10;23;35;65;3.20;4;2;1;65;0;3741565;1083;0
11;19;78;10;23;36;59;3.60;2;1;1;55;0;3741659;291;0
11;19;78;10;23;36;86;5.20;3;2;1;65;0;3741686;2320;0
11;19;78;10;23;36;65;4.00;1;1;1;41;0;3741665;197;3739548
11;19;78;10;23;38;47;3.60;3;2;1;67;0;3741847;132;3739548
11;19;78;10;23;38;35;4.40;2;1;1;54;0;3741835;152;3739548
11;19;78;10;23;39;24;3.40;4;2;1;61;0;3741924;341;0
11;19;78;10;23;42;42;3.40;4;2;1;57;0;3742242;297;0
11;19;78;10;23;42;76;3.80;1;1;1;52;0;3742276;575;0
11;19;78;10;23;44;37;3.80;1;1;1;52;0;3742437;134;0
11;19;78;10;23;45;51;3.80;2;1;1;55;0;3742551;686;0
11;19;78;10;23;46;42;3.60;1;1;1;51;0;3742642;178;0
11;19;78;10;23;46;47;4.60;2;1;1;56;0;3742647;71;0
11;19;78;10;23;49;2;3.20;1;1;1;51;0;3742902;234;0
11;19;78;10;23;49;67;3.00;4;2;1;63;0;3742967;703;0
11;19;78;10;24;0;19;6.60;1;1;2;62;0;3744019;1094;0
11;19;78;10;24;0;68;10.60;3;2;2;69;0;3744068;2201;0
11;19;78;10;24;2;4;9.00;1;1;2;61;0;3744204;146;0
11;19;78;10;24;4;67;3.80;1;1;1;59;0;3744467;209;0
11;19;78;10;24;4;66;3.80;4;2;1;60;0;3744466;1481;0
11;19;78;10;24;5;30;3.80;2;1;1;44;0;3744530;1853;0
11;19;78;10;24;6;36;3.40;1;1;1;54;0;3744636;145;0
11;19;78;10;24;7;34;4.40;1;1;1;54;0;3744734;75;0
11;19;78;10;24;9;45;4.00;4;2;1;58;0;3744945;456;0
11;19;78;10;24;11;23;3.60;1;1;1;63;0;3745123;359;0
11;19;78;10;24;11;30;3.60;4;2;1;57;0;3745130;160;0
11;19;78;10;24;12;67;3.40;4;2;1;57;0;3745267;114;0
11;19;78;10;24;14;52;4.40;4;2;1;59;0;3745452;163;0
11;19;78;10;24;15;33;3.40;2;1;1;61;0;3745533;971;0
11;19;78;10;24;15;65;3.80;3;2;1;57;0;3745565;1441;0
11;19;78;10;24;16;47;4.00;4;2;1;60;0;3745647;168;3744945
11;19;78;10;24;16;62;3.60;3;2;1;57;0;3745662;73;3744945
11;19;78;10;24;18;8;3.40;4;2;1;60;0;3745808;137;3744945
11;19;78;10;24;19;47;3.80;3;2;1;60;0;3745947;262;0
11;19;78;10;24;19;55;3.60;4;2;1;56;0;3745955;126;3744945
11;19;78;10;24;20;94;4.00;3;2;1;59;0;3746094;124;3744945
11;19;78;10;24;21;6;3.40;1;1;1;55;0;3746106;962;0
11;19;78;10;24;21;10;9.20;4;2;2;59;0;3746110;131;3744945
11;19;78;10;24;23;29;3.00;3;2;1;61;0;3746329;210;0
11;19;78;10;24;24;51;3.00;3;2;1;61;0;3746451;104;0
11;19;78;10;24;24;67;3.20;4;2;1;59;0;3746467;300;0
11;19;78;10;24;26;75;3.20;2;1;1;56;0;3746675;1121;0
11;19;78;10;24;28;28;3.60;4;2;1;54;0;3746828;341;0
11;19;78;10;24;32;45;3.60;3;2;1;60;0;3747245;776;0
11;19;78;10;24;38;68;3.60;4;2;1;58;0;3747868;1016;0
11;19;78;10;24;38;67;2.60;3;2;0;54;1;3747867;600;0
11;19;78;10;24;40;40;3.80;3;2;1;57;0;3748040;773;0
11;19;78;10;24;40;37;4.00;4;2;1;48;0;3748037;146;0
11;19;78;10;24;55;1;3.40;4;2;1;58;0;3749501;1434;0
11;19;78;10;24;56;73;3.20;2;1;1;57;0;3749673;2977;0
11;19;78;10;24;57;68;3.60;4;2;1;59;0;3749768;245;0
11;19;78;10;24;57;87;3.20;1;1;1;57;0;3749787;3658;0
11;19;78;10;24;57;94;3.60;2;1;1;58;0;3749794;100;0
11;19;78;10;24;58;91;4.40;2;1;1;58;0;3749891;74;0
11;19;78;10;24;59;83;3.60;4;2;1;57;0;3749983;193;0
11;19;78;10;25;0;11;4.60;2;1;1;59;0;3750011;92;0
11;19;78;10;25;2;20;3.80;1;1;1;49;0;3750220;412;0
11;19;78;10;25;3;20;3.20;2;1;1;62;0;3750320;280;0
11;19;78;10;25;3;42;3.00;3;2;1;56;0;3750342;2278;0
11;19;78;10;25;3;63;3.80;1;1;1;49;0;3750363;115;0
11;19;78;10;25;4;67;3.40;2;1;1;60;0;3750467;128;0
11;19;78;10;25;5;21;3.80;1;1;1;50;0;3750521;130;0
11;19;78;10;25;5;42;3.40;2;1;1;60;0;3750542;54;0
11;19;78;10;25;6;8;4.60;1;1;1;48;0;3750608;59;0
11;19;78;10;25;6;88;3.80;3;2;1;68;0;3750688;326;0
11;19;78;10;25;7;11;4.00;1;1;1;51;0;3750711;68;3750220
11;19;78;10;25;7;51;3.80;2;1;1;58;0;3750751;188;3750220
11;19;78;10;25;9;8;3.80;1;1;1;50;0;3750908;168;3750220
11;19;78;10;25;9;50;3.40;4;2;1;58;0;3750950;944;0
11;19;78;10;25;9;45;5.20;2;1;1;57;0;3750945;170;3750320
11;19;78;10;25;10;27;3.80;3;2;1;62;0;3751027;318;0
11;19;78;10;25;11;11;6.60;2;1;1;57;0;3751111;133;3750320
11;19;78;10;25;11;46;3.60;1;1;1;51;0;3751146;210;0
11;19;78;10;25;13;18;3.40;1;1;1;50;0;3751318;146;0
11;19;78;10;25;14;77;3.60;1;1;1;48;0;3751477;134;0
11;19;78;10;25;15;69;4.20;1;1;1;47;0;3751569;65;0
11;19;78;10;25;16;82;3.20;1;1;1;46;0;3751682;80;3751146
11;19;78;10;25;17;13;3.60;2;1;1;57;0;3751713;560;0
11;19;78;10;25;18;1;10.80;1;1;2;44;0;3751801;93;3751146
11;19;78;10;25;21;95;4.20;4;2;1;62;0;3752195;1223;0
11;19;78;10;25;23;6;3.80;1;1;1;47;0;3752306;416;0
11;19;78;10;25;25;44;3.40;1;1;1;43;0;3752544;208;0
11;19;78;10;25;33;9;5.20;2;1;1;56;0;3753309;1573;0
11;19;78;10;25;35;18;3.40;2;1;1;53;0;3753518;175;0
11;19;78;10;25;36;46;3.00;1;1;1;53;0;3753646;1073;0
11;19;78;10;25;37;48;3.60;2;1;1;58;0;3753748;206;0
11;19;78;10;25;37;73;20.80;1;1;5;54;0;3753773;106;0
11;19;78;10;25;39;89;3.60;4;2;1;57;0;3753989;1769;0
11;19;78;10;25;40;56;3.80;1;1;1;54;0;3754056;144;0
11;19;78;10;25;43;14;3.60;1;1;1;55;0;3754314;232;0
11;19;78;10;25;44;36;4.20;1;1;1;57;0;3754436;98;0
11;19;78;10;25;45;30;3.60;2;1;1;60;0;3754530;759;0
11;19;78;10;25;45;71;3.80;3;2;1;67;0;3754571;3521;0
11;19;78;10;25;46;12;3.40;4;2;1;64;0;3754612;600;0
11;19;78;10;25;47;55;4.40;4;2;1;63;0;3754755;123;0
11;19;78;10;25;49;7;3.60;3;2;1;65;0;3754907;315;0
11;19;78;10;25;50;66;3.60;3;2;1;64;0;3755066;139;0
11;19;78;10;25;51;6;4.40;4;2;1;62;0;3755106;325;0
11;19;78;10;25;50;64;15.20;1;1;4;59;0;3755064;601;0
11;19;78;10;25;51;94;3.40;3;2;1;60;0;3755194;107;0
11;19;78;10;25;52;10;5.40;2;1;1;58;0;3755210;658;0
11;19;78;10;25;52;84;4.80;1;1;1;60;0;3755284;127;0
11;19;78;10;25;53;18;3.40;3;2;1;55;0;3755318;103;0
11;19;78;10;25;54;45;3.40;1;1;1;57;0;3755445;132;0
11;19;78;10;25;54;62;3.80;3;2;1;61;0;3755462;121;3754907
11;19;78;10;25;54;97;3.60;4;2;1;51;0;3755497;365;0
11;19;78;10;25;57;90;3.80;3;2;1;64;0;3755790;305;0
11;19;78;10;25;58;82;5.20;2;1;1;57;0;3755882;638;0
11;19;78;10;25;59;18;5.40;1;1;1;57;0;3755918;451;0
11;19;78;10;25;59;39;3.20;3;2;1;65;0;3755939;127;0
11;19;78;10;26;0;24;4.00;2;1;1;57;0;3756024;109;0
11;19;78;10;26;0;31;3.80;1;1;1;55;0;3756031;78;0
11;19;78;10;26;0;95;3.00;4;2;1;65;0;3756095;572;0
11;19;78;10;26;3;84;6.40;3;2;1;66;0;3756384;427;0
11;19;78;10;26;4;20;5.80;4;2;1;63;0;3756420;308;0
11;19;78;10;26;6;35;3.60;1;1;1;60;0;3756635;579;0
11;19;78;10;26;7;41;3.20;4;2;1;46;0;3756741;287;0
11;19;78;10;26;9;36;3.40;4;2;1;46;0;3756936;169;0
11;19;78;10;26;10;59;3.20;3;2;1;63;0;3757059;640;0
11;19;78;10;26;11;23;3.80;4;2;1;49;0;3757123;160;0
11;19;78;10;26;12;67;6.20;4;2;2;51;0;3757267;116;0
11;19;78;10;26;14;49;3.40;1;1;1;57;0;3757449;792;0
11;19;78;10;26;14;63;4.40;4;2;1;49;0;3757463;152;3756741
11;19;78;10;26;15;75;3.40;4;2;1;52;0;3757575;79;3756741
11;19;78;10;26;18;23;3.60;3;2;1;70;0;3757823;745;0
11;19;78;10;26;18;54;3.20;4;2;1;40;0;3757854;255;0
11;19;78;10;26;20;22;3.60;3;2;1;56;0;3758022;180;0
11;19;78;10;26;19;85;4.40;4;2;1;39;0;3757985;102;0
11;19;78;10;26;21;53;4.60;3;2;1;53;0;3758153;107;0
11;19;78;10;26;21;58;3.60;4;2;1;40;0;3758158;132;0
11;19;78;10;26;24;24;3.60;3;2;1;50;0;3758424;239;0
11;19;78;10;26;26;34;12.20;4;2;2;44;0;3758634;443;0
11;19;78;10;26;27;68;3.60;3;2;1;44;0;3758768;318;0
11;19;78;10;26;36;58;3.20;2;1;1;50;0;3759658;3608;0
11;19;78;10;26;40;16;3.40;3;2;1;58;0;3760016;1218;0
11;19;78;10;26;43;95;5.20;3;2;1;59;0;3760395;357;0
11;19;78;10;26;49;14;3.60;1;1;1;54;0;3760914;3443;0
11;19;78;10;26;50;61;3.80;3;2;1;70;0;3761061;634;0
11;19;78;10;26;55;4;3.60;4;2;1;48;0;3761504;2770;0
11;19;78;10;26;59;77;3.00;1;1;1;56;0;3761977;1039;0
11;19;78;10;27;0;5;3.20;2;1;1;53;0;3762005;2323;0
11;19;78;10;27;0;98;3.40;2;1;1;54;0;3762098;71;0
11;19;78;10;27;1;66;3.40;1;1;1;56;0;3762166;169;0
11;19;78;10;27;3;50;3.60;2;1;1;55;0;3762350;229;0
11;19;78;10;27;4;67;3.80;4;2;1;67;0;3762467;936;0
11;19;78;10;27;5;5;4.00;2;1;1;55;0;3762505;131;0
11;19;78;10;27;5;43;5.20;1;1;1;57;0;3762543;355;0
11;19;78;10;27;6;75;3.40;2;1;1;62;0;3762675;143;0
11;19;78;10;27;6;77;10.20;1;1;2;59;0;3762677;101;0
11;19;78;10;27;9;15;3.60;2;1;1;57;0;3762915;220;0
11;19;78;10;27;9;71;3.80;1;1;1;59;0;3762971;231;0
11;19;78;10;27;15;40;3.60;2;1;1;59;0;3763540;602;0
11;19;78;10;27;15;82;3.60;4;2;1;55;0;3763582;1094;0
11;19;78;10;27;16;91;4.00;4;2;1;55;0;3763691;85;0
11;19;78;10;27;17;58;4.60;2;1;1;57;0;3763758;196;0
11;19;78;10;27;18;13;4.00;1;1;1;63;0;3763813;818;0
11;19;78;10;27;19;98;5.00;3;2;1;63;0;3763998;2917;0
11;19;78;10;27;20;47;3.40;2;1;1;61;0;3764047;259;0
11;19;78;10;27;20;80;3.00;4;2;1;63;0;3764080;362;0
11;19;78;10;27;22;80;12.60;1;1;3;50;0;3764280;444;0
11;19;78;10;27;23;86;3.40;4;2;1;62;0;3764386;288;0
11;19;78;10;27;24;0;4.60;3;2;1;64;0;3764400;373;0
11;19;78;10;27;26;36;3.40;4;2;1;59;0;3764636;230;0
11;19;78;10;27;27;79;3.20;4;2;1;58;0;3764779;122;0
11;19;78;10;27;29;40;3.60;3;2;1;59;0;3764940;514;0
11;19;78;10;27;29;44;9.00;4;2;2;59;0;3764944;145;0
11;19;78;10;27;34;44;5.20;3;2;1;63;0;3765444;482;0
11;19;78;10;27;36;64;3.60;4;2;1;55;0;3765664;665;0
11;19;78;10;27;37;14;3.40;3;2;1;57;0;3765714;240;0
11;19;78;10;27;38;24;4.60;1;1;1;57;0;3765824;1453;0
11;19;78;10;27;38;84;3.40;3;2;1;55;0;3765884;148;0
11;19;78;10;27;39;40;8.00;4;2;6;54;0;3765940;252;0
11;19;78;10;27;39;89;3.60;3;2;1;56;0;3765989;82;0
11;19;78;10;27;41;20;4.40;3;2;1;57;0;3766120;107;0
11;19;78;10;27;42;37;4.00;3;2;1;58;0;3766237;89;3765714
11;19;78;10;27;42;34;12.00;4;2;3;56;0;3766234;240;0
11;19;78;10;27;44;58;3.80;1;1;1;56;0;3766458;604;0
11;19;78;10;27;45;10;4.40;4;2;1;58;0;3766510;198;0
11;19;78;10;27;45;67;3.80;1;1;1;55;0;3766567;84;0
11;19;78;10;27;46;20;3.40;3;2;1;58;0;3766620;358;0
11;19;78;10;27;47;38;4.80;4;2;1;55;0;3766738;200;0
11;19;78;10;27;48;52;4.40;4;2;1;56;0;3766852;82;0
11;19;78;10;27;54;26;3.60;1;1;1;53;0;3767426;834;0
11;19;78;10;27;55;99;3.80;1;1;1;51;0;3767599;148;0
11;19;78;10;27;57;92;3.60;1;1;1;52;0;3767792;166;0
11;19;78;10;27;59;17;3.20;1;1;1;51;0;3767917;100;0
11;19;78;10;27;59;25;4.00;2;1;1;66;0;3767925;3857;0
11;19;78;10;28;0;88;3.40;1;1;1;49;0;3768088;148;3767426
11;19;78;10;28;3;92;3.20;1;1;1;49;0;3768392;279;0
11;19;78;10;28;5;86;3.40;2;1;1;54;0;3768586;639;0
11;19;78;10;28;6;1;3.60;1;1;1;48;0;3768601;185;0
11;19;78;10;28;7;2;3.40;1;1;1;46;0;3768702;74;0
11;19;78;10;28;8;11;3.60;1;1;1;45;0;3768811;82;0
11;19;78;10;28;9;75;5.00;1;1;1;46;0;3768975;135;3768392
11;19;78;10;28;15;28;3.40;4;2;1;62;0;3769528;2647;0
11;19;78;10;28;21;66;3.20;3;2;1;59;0;3770166;3524;0
11;19;78;10;28;28;8;3.80;3;2;1;68;0;3770808;622;0
11;19;78;10;28;35;19;3.40;4;2;1;61;0;3771519;1971;0
11;19;78;10;28;39;56;3.00;3;2;1;61;0;3771956;1127;0
11;19;78;10;28;39;63;8.20;4;2;2;60;0;3771963;423;0
11;19;78;10;28;41;48;3.60;2;1;1;57;0;3772148;3539;0
11;19;78;10;28;41;58;4.00;3;2;1;59;0;3772158;184;0
11;19;78;10;28;42;95;3.40;4;2;1;58;0;3772295;282;0
11;19;78;10;28;46;26;3.20;4;2;1;60;0;3772626;309;0
11;19;78;10;28;49;99;3.60;1;1;1;60;0;3772999;3984;0
11;19;78;10;29;0;52;3.80;3;2;1;71;0;3774052;1869;0
11;19;78;10;29;1;54;3.60;2;1;1;54;0;3774154;1983;0
11;19;78;10;29;3;25;5.00;2;1;1;59;0;3774325;147;0
11;19;78;10;29;6;4;3.20;2;1;1;58;0;3774604;248;0
11;19;78;10;29;7;23;3.80;4;2;1;63;0;3774723;2077;0
11;19;78;10;29;7;9;4.80;1;1;1;56;0;3774709;1688;0
11;19;78;10;29;7;80;3.00;2;1;1;58;0;3774780;156;0
11;19;78;10;29;8;36;3.60;1;1;1;57;0;3774836;96;0
11;19;78;10;29;9;17;3.20;4;2;1;59;0;3774917;172;0
11;19;78;10;29;9;69;3.60;3;2;1;65;0;3774969;897;0
11;19;78;10;29;9;95;3.60;2;1;1;60;0;3774995;196;0
11;19;78;10;29;10;40;3.80;1;1;1;56;0;3775040;181;0
11;19;78;10;29;11;35;3.60;4;2;1;60;0;3775135;198;0
11;19;78;10;29;12;20;3.60;3;2;1;59;0;3775220;231;0
11;19;78;10;29;12;36;4.00;1;1;1;54;0;3775236;171;0
11;19;78;10;29;13;20;3.60;4;2;1;59;0;3775320;163;0
11;19;78;10;29;13;72;3.40;2;1;1;56;0;3775372;355;0
11;19;78;10;29;13;90;3.40;1;1;1;55;0;3775390;127;3774709
11;19;78;10;29;15;42;3.80;4;2;1;59;0;3775542;200;0
11;19;78;10;29;15;51;3.40;1;1;1;51;0;3775551;138;3774709
11;19;78;10;29;16;1;3.80;2;1;1;55;0;3775601;207;0
11;19;78;10;29;16;51;4.00;3;2;1;61;0;3775651;409;0
11;19;78;10;29;17;11;3.60;2;1;1;54;0;3775711;85;0
11;19;78;10;29;17;99;3.20;3;2;1;61;0;3775799;124;0
11;19;78;10;29;17;79;8.00;4;2;2;57;0;3775779;213;0
11;19;78;10;29;18;42;3.60;1;1;1;53;0;3775842;267;0
11;19;78;10;29;18;34;3.60;2;1;1;52;0;3775834;99;0
11;19;78;10;29;19;70;3.60;2;1;1;54;0;3775970;111;0
11;19;78;10;29;20;30;3.80;1;1;1;51;0;3776030;163;0
11;19;78;10;29;20;68;3.80;4;2;1;59;0;3776068;238;0
11;19;78;10;29;21;85;3.20;1;1;1;48;0;3776185;128;0
11;19;78;10;29;22;8;4.00;3;2;1;66;0;3776208;390;0
11;19;78;10;29;22;26;3.60;2;1;1;56;0;3776226;232;0
11;19;78;10;29;23;47;4.00;1;1;1;49;0;3776347;138;0
11;19;78;10;29;23;83;3.80;2;1;1;56;0;3776383;133;0
11;19;78;10;29;24;17;5.20;4;2;1;54;0;3776417;325;0
11;19;78;10;29;25;12;3.60;1;1;1;50;0;3776512;135;3775842
11;19;78;10;29;25;50;4.40;4;2;1;53;0;3776550;98;3775842
11;19;78;10;29;26;20;3.60;3;2;1;61;0;3776620;390;0
11;19;78;10;29;27;6;3.60;2;1;1;53;0;3776706;298;0
11;19;78;10;29;27;9;3.00;1;1;1;48;0;3776709;171;3775842
11;19;78;10;29;28;0;4.00;3;2;1;62;0;3776800;158;3775842
11;19;78;10;29;27;78;7.80;4;2;2;57;0;3776778;198;3775842
11;19;78;10;29;29;31;3.60;3;2;1;64;0;3776931;107;3775842
11;19;78;10;29;29;11;5.00;1;1;1;50;0;3776911;179;3775842
11;19;78;10;29;30;10;4.60;4;2;1;55;0;3777010;182;3775842
11;19;78;10;29;30;47;3.60;3;2;1;62;0;3777047;95;3775842
11;19;78;10;29;30;48;6.20;1;1;1;49;0;3777048;101;3775842
11;19;78;10;29;31;51;2.60;4;2;1;56;0;3777151;110;3776417
11;19;78;10;29;32;39;4.60;1;1;1;50;0;3777239;145;3775842
11;19;78;10;29;32;58;4.00;3;2;1;58;0;3777258;190;3776620
11;19;78;10;29;32;75;3.60;4;2;1;54;0;3777275;107;3776417
11;19;78;10;29;33;95;3.60;3;2;1;56;0;3777395;112;3776620
11;19;78;10;29;34;10;3.20;4;2;1;55;0;3777410;111;3776417
11;19;78;10;29;34;1;9.80;1;1;2;48;0;3777401;128;3775842
11;19;78;10;29;35;15;4.40;3;2;1;57;0;3777515;96;3776620
11;19;78;10;29;36;14;3.80;4;2;1;54;0;3777614;183;3776417
11;19;78;10;29;39;54;5.00;2;1;1;56;0;3777954;1223;0
11;19;78;10;29;40;88;3.80;1;1;1;55;0;3778088;613;0
11;19;78;10;29;41;88;3.80;2;1;1;58;0;3778188;201;0
11;19;78;10;29;50;70;3.20;2;1;1;55;0;3779070;858;0
11;19;78;10;29;52;2;3.60;1;1;1;57;0;3779202;1089;0
11;19;78;10;29;57;22;3.60;2;1;1;60;0;3779722;631;0
11;19;78;10;30;1;35;11.20;1;1;2;58;0;3780135;910;0
11;19;78;10;30;2;72;2.80;2;1;1;57;0;3780272;528;0
11;19;78;10;30;3;10;3.60;3;2;1;61;0;3780310;2767;0
11;19;78;10;30;3;15;4.80;1;1;1;58;0;3780315;110;0
11;19;78;10;30;3;61;3.60;4;2;1;56;0;3780361;2721;0
11;19;78;10;30;5;6;4.00;2;1;1;54;0;3780506;216;0
11;19;78;10;30;6;85;3.20;1;1;1;58;0;3780685;340;0
11;19;78;10;30;8;89;5.80;2;1;1;58;0;3780889;356;0
11;19;78;10;30;9;15;3.60;4;2;1;62;0;3780915;530;0
11;19;78;10;30;13;70;3.40;3;2;1;66;0;3781370;1038;0
11;19;78;10;30;14;62;4.40;1;1;1;58;0;3781462;757;0
11;19;78;10;30;18;5;4.80;1;1;1;52;0;3781805;315;0
11;19;78;10;30;18;20;3.20;4;2;1;57;0;3781820;884;0
11;19;78;10;30;19;38;3.40;4;2;1;57;0;3781938;97;0
11;19;78;10;30;20;69;3.60;4;2;1;57;0;3782069;109;0
11;19;78;10;30;20;72;3.20;1;1;1;53;0;3782072;233;0
11;19;78;10;30;21;22;3.60;3;2;1;59;0;3782122;733;0
11;19;78;10;30;21;75;3.20;2;1;1;55;0;3782175;1250;0
11;19;78;10;30;22;78;3.60;2;1;1;54;0;3782278;82;0
11;19;78;10;30;23;55;4.40;1;1;1;50;0;3782355;261;0
11;19;78;10;30;25;41;3.60;1;1;1;50;0;3782541;154;0
11;19;78;10;30;25;98;3.40;2;1;1;58;0;3782598;296;0
11;19;78;10;30;26;62;3.60;1;1;1;51;0;3782662;95;0
11;19;78;10;30;29;2;5.20;1;1;1;48;0;3782902;214;0
11;19;78;10;30;29;79;4.00;2;1;1;61;0;3782979;359;0
11;19;78;10;30;31;54;3.40;1;1;1;50;0;3783154;213;0
11;19;78;10;30;33;35;4.00;3;2;1;60;0;3783335;1191;0
11;19;78;10;30;33;91;3.60;1;1;1;49;0;3783391;212;0
11;19;78;10;30;34;54;4.40;4;2;1;65;0;3783454;1362;0
11;19;78;10;30;36;19;3.20;1;1;1;46;0;3783619;201;0
11;19;78;10;30;37;15;3.00;1;1;1;47;0;3783715;70;0
11;19;78;10;30;37;24;3.40;2;1;1;57;0;3783724;721;0
11;19;78;10;30;38;35;3.80;1;1;1;47;0;3783835;97;0
11;19;78;10;30;39;31;5.00;1;1;1;43;0;3783931;66;0
11;19;78;10;30;46;19;3.00;3;2;1;64;0;3784619;1260;0
11;19;78;10;30;47;36;3.40;3;2;1;69;0;3784736;100;0
11;19;78;10;30;48;0;4.60;4;2;1;63;0;3784800;1321;0
11;19;78;10;30;49;54;3.60;4;2;1;61;0;3784954;127;0
11;19;78;10;30;50;8;4.00;3;2;1;65;0;3785008;254;0
11;19;78;10;30;51;55;3.60;3;2;1;64;0;3785155;124;0
11;19;78;10;30;53;52;10.00;4;2;2;54;0;3785352;376;0
11;19;78;10;30;55;71;3.80;3;2;1;62;0;3785571;395;0
11;19;78;10;30;57;5;3.40;4;2;1;57;0;3785705;286;0
11;19;78;10;30;57;96;5.40;3;2;2;62;0;3785796;202;0
11;19;78;10;30;58;27;3.40;4;2;1;58;0;3785827;100;0
11;19;78;10;31;0;11;3.20;4;2;1;59;0;3786011;162;0
11;19;78;10;31;1;58;3.40;4;2;1;59;0;3786158;127;0
11;19;78;10;31;2;44;4.00;3;2;1;60;0;3786244;416;0
11;19;78;10;31;5;38;4.00;4;2;1;53;0;3786538;359;0
11;19;78;10;31;7;43;3.60;4;2;1;53;0;3786743;177;0
11;19;78;10;31;10;41;3.40;2;1;1;55;0;3787041;3295;0
11;19;78;10;31;10;39;3.40;3;2;1;62;0;3787039;771;0
11;19;78;10;31;11;35;3.40;4;2;1;53;0;3787135;367;0
11;19;78;10;31;15;98;3.40;1;1;1;61;0;3787598;3625;0
11;19;78;10;31;24;8;3.20;2;1;1;58;0;3788408;1344;0
11;19;78;10;31;26;79;3.20;1;1;1;56;0;3788679;1060;0
11;19;78;10;31;28;31;3.60;1;1;1;57;0;3788831;131;0
11;19;78;10;31;28;77;5.20;2;1;1;60;0;3788877;449;0
11;19;78;10;31;29;8;4.60;4;2;1;60;0;3788908;1749;0
11;19;78;10;31;29;52;5.40;1;1;1;59;0;3788952;98;0
11;19;78;10;31;30;66;4.00;2;1;1;60;0;3789066;157;0
11;19;78;10;31;33;76;3.40;1;1;1;59;0;3789376;391;0
11;19;78;10;31;34;11;3.40;2;1;1;59;0;3789411;321;0
11;19;78;10;31;35;12;4.60;1;1;1;60;0;3789512;115;0
11;19;78;10;31;36;75;5.00;2;1;1;54;0;3789675;243;0
11;19;78;10;31;37;55;3.40;4;2;1;59;0;3789755;819;0
11;19;78;10;31;38;23;3.80;2;1;1;54;0;3789823;114;0
11;19;78;10;31;38;34;3.20;1;1;1;56;0;3789834;294;0
11;19;78;10;31;39;51;3.40;2;1;1;58;0;3789951;102;0
11;19;78;10;31;40;68;2.80;3;2;1;59;0;3790068;3009;0
11;19;78;10;31;39;54;22.60;1;1;5;56;0;3789954;99;0
11;19;78;10;31;44;78;3.40;1;1;1;54;0;3790478;378;0
11;19;78;10;31;45;42;4.00;4;2;1;68;0;3790542;766;0
11;19;78;10;31;46;96;3.20;4;2;1;63;0;3790696;132;0
11;19;78;10;31;49;75;4.00;3;2;1;61;0;3790975;889;0
11;19;78;10;31;50;24;3.40;1;1;1;53;0;3791024;523;0
11;19;78;10;31;50;88;3.40;2;1;1;57;0;3791088;1115;0
11;19;78;10;31;52;32;4.20;4;2;1;61;0;3791232;517;0
11;19;78;10;31;54;16;3.80;2;1;1;55;0;3791416;306;0
11;19;78;10;31;55;40;3.00;1;1;1;55;0;3791540;492;0
11;19;78;10;31;55;79;3.80;4;2;1;62;0;3791579;322;0
11;19;78;10;31;58;35;3.60;1;1;1;57;0;3791835;275;0
11;19;78;10;31;58;87;3.60;2;1;1;55;0;3791887;446;0
11;19;78;10;32;0;97;7.00;1;1;2;55;0;3792097;239;0
11;19;78;10;32;1;21;5.20;4;2;1;58;0;3792121;519;0
11;19;78;10;32;2;41;3.80;4;2;1;58;0;3792241;87;0
11;19;78;10;32;2;96;3.60;1;1;1;56;0;3792296;153;0
11;19;78;10;32;4;40;3.40;1;1;1;53;0;3792440;120;0
11;19;78;10;32;5;47;3.60;1;1;1;54;0;3792547;83;0
11;19;78;10;32;6;68;3.80;2;1;1;56;0;3792668;757;0
11;19;78;10;32;7;63;3.20;1;1;1;55;0;3792763;192;3792097
11;19;78;10;32;7;91;8.80;4;2;2;59;0;3792791;526;0
11;19;78;10;32;8;27;3.60;2;1;1;56;0;3792827;134;0
11;19;78;10;32;9;18;11.40;2;1;2;56;0;3792918;67;0
11;19;78;10;32;10;62;10.20;4;2;2;57;0;3793062;217;0
11;19;78;10;32;12;34;3.20;4;2;1;56;0;3793234;107;0
11;19;78;10;32;12;60;3.20;1;1;1;55;0;3793260;476;0
11;19;78;10;32;13;69;3.40;1;1;1;55;0;3793369;88;0
11;19;78;10;32;14;98;3.60;1;1;1;54;0;3793498;106;0
11;19;78;10;32;16;86;4.20;2;1;1;54;0;3793686;694;0
11;19;78;10;32;18;21;4.80;1;1;1;52;0;3793821;299;0
11;19;78;10;32;19;27;11.20;4;2;2;52;0;3793927;672;0
11;19;78;10;32;21;83;3.60;1;1;1;56;0;3794183;328;0
11;19;78;10;32;22;67;4.00;2;1;1;61;0;3794267;553;0
11;19;78;10;32;22;68;14.20;4;2;3;54;0;3794268;263;0
11;19;78;10;32;23;63;3.80;1;1;1;56;0;3794363;156;0
11;19;78;10;32;25;3;3.60;2;1;1;61;0;3794503;212;0
11;19;78;10;32;26;27;3.20;1;1;1;59;0;3794627;239;0
11;19;78;10;32;26;43;3.00;4;2;1;57;0;3794643;280;0
11;19;78;10;32;27;93;3.80;1;1;1;60;0;3794793;146;0
11;19;78;10;32;29;85;4.80;3;2;1;57;0;3794985;3986;0
11;19;78;10;32;30;81;3.60;4;2;1;55;0;3795081;419;0
11;19;78;10;32;31;16;3.60;3;2;1;55;0;3795116;100;0
11;19;78;10;32;31;42;3.20;1;1;1;55;0;3795142;326;0
11;19;78;10;32;32;38;3.00;3;2;1;56;0;3795238;98;0
11;19;78;10;32;33;47;3.60;1;1;1;54;0;3795347;184;0
11;19;78;10;32;34;20;3.60;3;2;1;55;0;3795420;162;0
11;19;78;10;32;34;19;9.80;4;2;2;58;0;3795419;314;0
11;19;78;10;32;34;98;4.40;3;2;1;54;0;3795498;54;3794985
11;19;78;10;32;35;89;3.60;1;1;1;56;0;3795589;218;0
11;19;78;10;32;36;91;4.60;1;1;1;56;0;3795691;78;0
11;19;78;10;32;37;24;3.00;2;1;1;57;0;3795724;1199;0
11;19;78;10;32;37;93;3.80;3;2;1;53;0;3795793;265;0
11;19;78;10;32;38;9;3.40;4;2;1;55;0;3795809;329;0
11;19;78;10;32;38;29;3.60;1;1;1;56;0;3795829;108;0
11;19;78;10;32;38;83;3.60;2;1;1;63;0;3795883;140;0
11;19;78;10;32;39;59;4.00;1;1;1;56;0;3795959;106;0
11;19;78;10;32;39;97;4.20;3;2;1;57;0;3795997;178;0
11;19;78;10;32;39;98;4.60;4;2;1;52;0;3795998;166;0
11;19;78;10;32;41;14;6.20;3;2;1;57;0;3796114;90;0
11;19;78;10;32;42;4;3.80;4;2;1;52;0;3796204;174;0
11;19;78;10;32;42;76;3.80;3;2;1;57;0;3796276;122;0
11;19;78;10;32;43;37;6.20;4;2;1;54;0;3796337;106;0
11;19;78;10;32;43;98;3.60;3;2;1;58;0;3796398;98;3795793
11;19;78;10;33;17;50;3.80;4;2;1;61;0;3799750;3371;0
11;19;78;10;33;24;69;3.40;4;2;1;64;0;3800469;696;0
11;19;78;10;33;25;35;3.40;2;1;1;57;0;3800535;4631;0
11;19;78;10;33;28;96;3.80;4;2;1;58;0;3800896;407;0
11;19;78;10;33;34;41;3.00;3;2;1;53;0;3801441;5020;0
11;19;78;10;33;37;57;3.40;1;1;1;59;0;3801757;5772;0
11;19;78;10;33;39;21;3.20;4;2;1;61;0;3801921;1001;0
11;19;78;10;33;39;20;1.80;3;2;0;57;1;3801920;458;0
11;19;78;10;33;39;81;4.60;1;1;1;57;0;3801981;203;0
11;19;78;10;33;41;13;3.60;4;2;1;48;0;3802113;173;0
11;19;78;10;33;42;90;3.80;4;2;1;55;0;3802290;150;0
11;19;78;10;33;49;63;3.80;2;1;1;60;0;3802963;2406;0
11;19;78;10;33;51;16;11.40;1;1;3;50;0;3803116;1105;0
11;19;78;10;33;53;65;3.40;2;1;1;55;0;3803365;379;0
11;19;78;10;33;53;88;6.60;3;2;1;66;0;3803388;1926;0
11;19;78;10;33;54;80;4.60;1;1;1;56;0;3803480;281;0
11;19;78;10;33;55;9;3.40;4;2;1;58;0;3803509;1194;0
11;19;78;10;33;56;53;4.00;4;2;1;55;0;3803653;122;0
11;19;78;10;33;56;79;3.20;2;1;1;60;0;3803679;291;0
11;19;78;10;33;57;80;3.60;1;1;1;59;0;3803780;270;0
11;19;78;10;33;58;12;4.40;2;1;1;60;0;3803812;113;0
11;19;78;10;34;1;60;3.60;2;1;1;55;0;3804160;321;0
11;19;78;10;34;2;65;4.00;2;1;1;54;0;3804265;81;0
11;19;78;10;34;2;88;3.80;4;2;1;66;0;3804288;608;0
11;19;78;10;34;2;85;3.40;1;1;1;56;0;3804285;483;0
11;19;78;10;34;3;88;4.60;1;1;1;59;0;3804388;81;0
11;19;78;10;34;4;95;3.40;1;1;1;53;0;3804495;78;0
11;19;78;10;34;5;87;3.80;2;1;1;59;0;3804587;295;0
11;19;78;10;34;5;97;4.80;4;2;1;61;0;3804597;288;0
11;19;78;10;34;7;72;3.40;3;2;1;63;0;3804772;1348;0
11;19;78;10;34;7;84;3.60;1;1;1;51;0;3804784;265;0
11;19;78;10;34;8;41;3.80;4;2;1;57;0;3804841;215;0
11;19;78;10;34;9;55;3.60;3;2;1;60;0;3804955;163;0
11;19;78;10;34;9;62;5.00;1;1;1;47;0;3804962;152;0
11;19;78;10;34;9;88;3.40;4;2;1;57;0;3804988;123;0
11;19;78;10;34;10;87;3.80;3;2;1;62;0;3805087;110;0
11;19;78;10;34;11;14;3.00;1;1;1;46;0;3805114;113;0
11;19;78;10;34;11;64;4.00;4;2;1;57;0;3805164;154;0
11;19;78;10;34;12;94;3.20;4;2;1;57;0;3805294;104;0
11;19;78;10;34;13;2;4.40;3;2;1;59;0;3805302;192;0
11;19;78;10;34;13;27;3.00;1;1;1;46;0;3805327;189;0
11;19;78;10;34;14;62;4.60;3;2;1;58;0;3805462;133;3804772
11;19;78;10;34;14;70;4.40;1;1;1;44;0;3805470;119;3804784
11;19;78;10;34;15;77;4.00;3;2;1;55;0;3805577;86;3804772
11;19;78;10;34;16;36;4.80;1;1;1;45;0;3805636;130;3804784
11;19;78;10;34;17;95;3.20;4;2;1;55;0;3805795;480;0
11;19;78;10;34;18;36;2.80;2;1;1;52;0;3805836;1225;0
11;19;78;10;34;19;49;4.40;1;1;1;45;0;3805949;274;0
11;19;78;10;34;19;91;3.80;2;1;1;53;0;3805991;135;0
11;19;78;10;34;20;35;3.40;4;2;1;55;0;3806035;219;0
11;19;78;10;34;21;27;3.60;3;2;1;61;0;3806127;523;0
11;19;78;10;34;22;10;3.60;1;1;1;43;0;3806210;225;0
11;19;78;10;34;22;75;4.00;3;2;1;63;0;3806275;126;0
11;19;78;10;34;23;34;3.60;2;1;1;56;0;3806334;317;0
11;19;78;10;34;22;79;6.60;4;2;1;58;0;3806279;221;0
11;19;78;10;34;23;71;3.60;3;2;1;62;0;3806371;73;0
11;19;78;10;34;24;17;3.40;1;1;1;43;0;3806417;176;0
11;19;78;10;34;25;28;4.60;4;2;1;59;0;3806528;208;0
11;19;78;10;34;25;66;3.80;3;2;1;62;0;3806566;174;0
11;19;78;10;34;26;53;3.60;2;1;1;58;0;3806653;295;0
11;19;78;10;34;26;44;3.40;1;1;1;44;0;3806644;198;0
11;19;78;10;34;27;11;3.80;3;2;1;63;0;3806711;122;3806127
11;19;78;10;34;27;45;5.20;1;1;1;43;0;3806745;73;3806127
11;19;78;10;34;28;18;3.80;4;2;1;56;0;3806818;261;0
11;19;78;10;34;28;78;3.00;2;1;1;56;0;3806878;202;0
11;19;78;10;34;28;87;3.80;3;2;1;63;0;3806887;154;3806127
11;19;78;10;34;29;40;3.40;1;1;1;44;0;3806940;151;3806210
11;19;78;10;34;30;23;3.20;4;2;1;56;0;3807023;180;3806210
11;19;78;10;34;30;93;3.60;3;2;1;62;0;3807093;184;3806127
11;19;78;10;34;31;10;3.00;1;1;1;42;0;3807110;142;3806210
11;19;78;10;34;31;69;3.20;4;2;1;57;0;3807169;125;3806210
11;19;78;10;34;32;56;3.60;3;2;1;62;0;3807256;142;3806127
11;19;78;10;34;33;31;3.60;1;1;1;45;0;3807331;195;3806210
11;19;78;10;34;33;62;5.20;4;2;1;59;0;3807362;172;3806210
11;19;78;10;34;34;3;5.00;3;2;1;61;0;3807403;126;3806127
11;19;78;10;34;34;47;3.20;1;1;1;45;0;3807447;87;3806210
11;19;78;10;34;35;27;3.60;3;2;1;59;0;3807527;94;3806127
11;19;78;10;34;37;0;3.60;1;1;1;42;0;3807700;227;0
11;19;78;10;34;37;56;3.80;2;1;1;57;0;3807756;858;0
11;19;78;10;34;37;83;3.80;4;2;1;55;0;3807783;389;0
11;19;78;10;34;38;23;4.20;1;1;1;42;0;3807823;92;0
11;19;78;10;34;38;51;4.00;3;2;1;59;0;3807851;302;0
11;19;78;10;34;39;58;5.00;3;2;1;62;0;3807958;82;0
11;19;78;10;34;39;65;3.40;2;1;1;60;0;3807965;185;0
11;19;78;10;34;40;5;4.00;4;2;1;55;0;3808005;197;0
11;19;78;10;34;39;55;3.20;1;1;1;37;0;3807955;96;0
11;19;78;10;34;42;32;4.60;1;1;1;42;0;3808232;245;0
11;19;78;10;34;43;69;3.20;1;1;1;42;0;3808369;97;0
11;19;78;10;34;46;25;3.00;1;1;1;42;0;3808625;228;0
11;19;78;10;34;46;72;3.80;2;1;1;56;0;3808672;686;0
11;19;78;10;34;48;41;3.80;1;1;1;42;0;3808841;190;0
11;19;78;10;34;50;43;3.60;1;1;1;41;0;3809043;169;0
11;19;78;10;34;53;24;3.20;1;1;1;51;0;3809324;249;0
11;19;78;10;34;54;79;3.80;4;2;1;64;0;3809479;1447;0
11;19;78;10;34;57;67;4.00;1;1;1;55;0;3809767;420;0
11;19;78;10;34;58;69;4.60;2;1;1;66;0;3809869;1172;0
11;19;78;10;35;0;71;9.60;1;1;2;55;0;3810071;277;0
11;19;78;10;35;1;85;3.20;3;2;1;60;0;3810185;2197;0
11;19;78;10;35;2;98;5.00;1;1;1;56;0;3810298;164;0
11;19;78;10;35;4;64;5.60;1;1;1;54;0;3810464;133;0
11;19;78;10;35;9;40;3.80;4;2;1;68;0;3810940;1439;0
11;19;78;10;35;10;6;3.40;3;2;1;67;0;3811006;801;0
11;19;78;10;35;11;62;3.00;1;1;1;52;0;3811162;660;0
11;19;78;10;35;12;80;3.60;1;1;1;53;0;3811280;97;0
11;19;78;10;35;16;65;3.60;4;2;1;70;0;3811665;704;0
11;19;78;10;35;21;60;3.80;4;2;1;65;0;3812160;476;0
11;19;78;10;35;29;18;11.60;4;2;3;57;0;3812918;736;0
11;19;78;10;35;36;58;3.40;1;1;1;58;0;3813658;2353;0
11;19;78;10;35;40;70;3.40;1;1;1;58;0;3814070;390;0
11;19;78;10;35;43;84;3.00;3;2;1;66;0;3814384;3359;0
11;19;78;10;35;44;86;4.60;4;2;1;66;0;3814486;1494;0
11;19;78;10;35;44;97;3.20;1;1;1;57;0;3814497;405;0
11;19;78;10;35;45;56;3.00;3;2;1;64;0;3814556;155;0
11;19;78;10;35;51;70;3.20;3;2;1;63;0;3815170;597;0
11;19;78;10;35;53;70;3.60;1;1;1;56;0;3815370;852;0
11;19;78;10;35;53;85;3.60;3;2;1;60;0;3815385;196;0
11;19;78;10;35;53;99;7.80;4;2;6;54;0;3815399;887;0
11;19;78;10;35;55;78;3.40;4;2;1;53;0;3815578;127;0
11;19;78;10;35;56;45;4.00;3;2;1;60;0;3815645;238;0
11;19;78;10;35;58;21;10.60;4;2;2;56;0;3815821;219;0
11;19;78;10;35;59;56;3.80;3;2;1;57;0;3815956;287;0
11;19;78;10;36;1;66;3.00;1;1;1;53;0;3816166;772;0
11;19;78;10;36;1;48;8.80;4;2;2;56;0;3816148;258;0
11;19;78;10;36;1;70;12.00;3;2;7;53;0;3816170;190;0
11;19;78;10;36;4;72;3.20;3;2;1;57;0;3816472;220;0
11;19;78;10;36;5;54;3.80;3;2;1;56;0;3816554;61;0
11;19;78;10;36;9;59;3.60;2;1;1;50;0;3816959;7064;0
11;19;78;10;36;13;58;3.60;2;1;1;54;0;3817358;373;0
11;19;78;10;36;15;82;3.20;2;1;1;57;0;3817582;200;0
11;19;78;10;36;16;61;3.80;1;1;1;59;0;3817661;1474;0
11;19;78;10;36;17;98;4.00;2;1;1;61;0;3817798;195;0
11;19;78;10;36;19;6;3.60;1;1;1;53;0;3817906;221;0
11;19;78;10;36;20;5;4.60;2;1;1;61;0;3818005;183;0
11;19;78;10;36;21;25;3.60;2;1;1;60;0;3818125;92;0
11;19;78;10;36;21;39;3.20;1;1;1;51;0;3818139;208;0
11;19;78;10;36;23;1;4.40;1;1;1;51;0;3818301;139;0
11;19;78;10;36;24;74;3.80;1;1;1;51;0;3818474;141;0
11;19;78;10;36;26;14;3.80;1;1;1;52;0;3818614;113;0
11;19;78;10;36;26;49;3.60;2;1;1;53;0;3818649;502;0
11;19;78;10;36;27;97;5.40;2;1;1;55;0;3818797;123;0
11;19;78;10;36;28;30;6.40;1;1;1;51;0;3818830;189;3818139
11;19;78;10;36;29;9;3.40;2;1;1;55;0;3818909;76;3818139
11;19;78;10;36;30;31;3.40;1;1;1;45;0;3819031;155;3818139
11;19;78;10;36;31;47;3.80;1;1;1;45;0;3819147;88;3818139
11;19;78;10;36;32;71;3.60;1;1;1;43;0;3819271;93;3818139
11;19;78;10;36;34;31;3.40;1;1;1;40;0;3819431;129;3818139
11;19;78;10;36;35;26;3.60;1;1;1;40;0;3819526;64;3818139
11;19;78;10;36;36;58;9.00;1;1;2;40;0;3819658;99;3818139
11;19;78;10;36;38;4;4.20;1;1;1;41;0;3819804;65;3818139
11;19;78;10;36;39;95;3.20;1;1;1;41;0;3819995;154;3818139
11;19;78;10;36;41;39;7.20;1;1;2;41;0;3820139;115;3818139
11;19;78;10;36;42;22;14.20;2;1;4;59;0;3820222;1290;0
11;19;78;10;36;43;83;3.80;2;1;1;57;0;3820383;74;0
11;19;78;10;36;44;73;3.60;1;1;1;47;0;3820473;270;0
11;19;78;10;36;46;0;3.20;2;1;1;53;0;3820600;193;0
11;19;78;10;36;46;91;5.20;1;1;1;47;0;3820691;190;0
11;19;78;10;36;48;22;3.60;4;2;1;60;0;3820822;4617;0
11;19;78;10;36;48;64;4.80;1;1;1;45;0;3820864;133;0
11;19;78;10;36;50;52;4.00;4;2;1;66;0;3821052;208;0
11;19;78;10;36;50;93;3.40;1;1;1;46;0;3821093;190;0
11;19;78;10;36;53;84;3.00;1;1;1;49;0;3821384;264;0
11;19;78;10;36;55;31;11.60;1;1;2;48;0;3821531;124;0
11;19;78;10;36;57;57;3.40;1;1;1;48;0;3821757;139;0
11;19;78;10;37;0;56;3.60;4;2;1;60;0;3822056;982;0
11;19;78;10;37;1;52;4.20;3;2;1;63;0;3822152;5573;0
11;19;78;10;37;2;93;4.60;3;2;1;62;0;3822293;117;0
11;19;78;10;37;4;58;3.60;4;2;1;59;0;3822458;380;0
11;19;78;10;37;6;56;3.80;3;2;1;67;0;3822656;336;0
11;19;78;10;37;8;14;3.20;4;2;1;58;0;3822814;334;0
11;19;78;10;37;10;63;4.00;2;1;1;56;0;3823063;2441;0
11;19;78;10;37;11;14;3.40;4;2;1;58;0;3823114;280;0
11;19;78;10;37;11;41;3.00;3;2;1;44;0;3823141;464;0
11;19;78;10;37;14;95;3.60;4;2;1;57;0;3823495;359;0
11;19;78;10;37;17;23;3.40;1;1;1;56;0;3823723;1940;0
11;19;78;10;37;18;62;3.60;1;1;1;54;0;3823862;117;0
11;19;78;10;37;19;40;3.60;3;2;1;57;0;3823940;774;0
11;19;78;10;37;21;28;2.80;4;2;1;61;0;3824128;610;0
11;19;78;10;37;21;32;3.40;2;1;1;52;0;3824132;1043;0
11;19;78;10;37;22;19;3.60;2;1;1;53;0;3824219;63;0
11;19;78;10;37;23;13;3.00;4;2;1;58;0;3824313;168;0
11;19;78;10;37;24;5;4.00;1;1;1;56;0;3824405;519;0
11;19;78;10;37;24;80;3.40;3;2;1;64;0;3824480;517;0
11;19;78;10;37;25;18;3.00;2;1;1;60;0;3824518;274;0
11;19;78;10;37;26;98;3.80;2;1;1;52;0;3824698;162;0
11;19;78;10;37;26;88;6.20;4;2;1;62;0;3824688;356;0
11;19;78;10;37;29;16;3.60;4;2;1;57;0;3824916;192;0
11;19;78;10;37;29;68;3.40;1;1;1;55;0;3824968;537;0
11;19;78;10;37;30;25;3.80;3;2;1;60;0;3825025;525;0
11;19;78;10;37;31;63;3.40;4;2;1;58;0;3825163;224;0
11;19;78;10;37;32;2;4.60;1;1;1;52;0;3825202;211;0
11;19;78;10;37;33;40;5.20;4;2;1;57;0;3825340;155;0
11;19;78;10;37;34;46;3.40;3;2;1;60;0;3825446;398;0
11;19;78;10;37;34;93;3.60;4;2;1;59;0;3825493;120;0
11;19;78;10;37;35;79;3.80;3;2;1;64;0;3825579;112;0
11;19;78;10;37;36;32;3.60;4;2;1;59;0;3825632;117;0
11;19;78;10;37;36;77;3.80;3;2;1;63;0;3825677;76;0
11;19;78;10;37;38;28;4.00;3;2;1;66;0;3825828;129;0
11;19;78;10;37;39;10;5.80;4;2;1;59;0;3825910;256;0
11;19;78;10;37;40;83;3.00;3;2;1;60;0;3826083;233;0
11;19;78;10;37;40;72;5.00;4;2;1;58;0;3826072;126;0
11;19;78;10;37;41;81;4.40;3;2;1;60;0;3826181;80;0
11;19;78;10;37;45;61;3.40;3;2;1;61;0;3826561;353;0
11;19;78;10;37;46;87;3.80;3;2;1;59;0;3826687;105;0
11;19;78;10;37;47;4;6.00;4;2;1;52;0;3826704;600;0
11;19;78;10;37;49;7;3.20;4;2;1;50;0;3826907;161;0
11;19;78;10;37;49;91;8.40;4;2;2;48;0;3826991;60;0
11;19;78;10;37;51;74;2.80;3;2;1;55;0;3827174;463;0
11;19;78;10;37;51;99;3.20;4;2;1;48;0;3827199;145;0
11;19;78;10;37;53;12;3.60;3;2;1;54;0;3827312;119;0
11;19;78;10;37;53;61;3.80;4;2;1;49;0;3827361;138;3826704
11;19;78;10;37;54;78;3.60;3;2;1;54;0;3827478;142;3826704
11;19;78;10;37;55;61;4.00;4;2;1;49;0;3827561;172;3826704
11;19;78;10;37;56;22;3.60;3;2;1;52;0;3827622;120;3826704
11;19;78;10;37;57;64;4.00;3;2;1;53;0;3827764;117;3827174
11;19;78;10;38;1;84;3.40;2;1;1;62;0;3828184;3459;0
11;19;78;10;38;9;69;2.80;2;1;1;56;0;3828969;765;0
11;19;78;10;38;19;67;4.40;1;1;1;56;0;3829967;4733;0
11;19;78;10;38;20;73;3.20;2;1;1;60;0;3830073;1086;0
11;19;78;10;38;21;17;3.20;1;1;1;55;0;3830117;121;0
11;19;78;10;38;22;19;10.40;1;1;2;60;0;3830219;81;0
11;19;78;10;38;23;53;3.80;2;1;1;51;0;3830353;260;0
11;19;78;10;38;23;72;3.60;1;1;1;58;0;3830372;90;0
11;19;78;10;38;24;89;3.40;2;1;1;56;0;3830489;109;0
11;19;78;10;38;25;17;3.80;1;1;1;60;0;3830517;122;3829967
11;19;78;10;38;27;88;3.40;2;1;1;56;0;3830788;277;0
11;19;78;10;38;28;48;3.40;1;1;1;54;0;3830848;308;0
11;19;78;10;38;28;74;4.80;2;1;1;56;0;3830874;64;0
11;19;78;10;38;29;91;3.60;1;1;1;52;0;3830991;120;0
11;19;78;10;38;30;19;3.80;2;1;1;56;0;3831019;114;0
11;19;78;10;38;31;4;3.60;2;1;1;54;0;3831104;60;0
11;19;78;10;38;31;27;5.20;1;1;1;55;0;3831127;111;0
11;19;78;10;38;33;98;3.00;4;2;1;64;0;3831398;3807;0
11;19;78;10;38;35;13;3.80;3;2;1;65;0;3831513;3721;0
11;19;78;10;38;35;14;5.60;1;1;1;53;0;3831514;352;0
11;19;78;10;38;36;33;3.60;3;2;1;65;0;3831633;98;0
11;19;78;10;38;36;49;3.00;4;2;1;61;0;3831649;234;0
11;19;78;10;38;36;54;3.60;1;1;1;52;0;3831654;101;0
11;19;78;10;38;37;40;3.20;2;1;1;56;0;3831740;612;0
11;19;78;10;38;37;95;3.80;3;2;1;63;0;3831795;142;0
11;19;78;10;38;38;7;3.40;4;2;1;62;0;3831807;140;0
11;19;78;10;38;39;18;3.40;1;1;1;50;0;3831918;239;0
11;19;78;10;38;39;66;3.40;4;2;1;55;0;3831966;139;0
11;19;78;10;38;41;16;3.40;1;1;1;53;0;3832116;173;0
11;19;78;10;38;42;46;3.60;2;1;1;58;0;3832246;485;0
11;19;78;10;38;42;61;3.20;1;1;1;53;0;3832261;121;0
11;19;78;10;38;43;16;3.00;4;2;1;54;0;3832316;327;0
11;19;78;10;38;44;49;3.20;1;1;1;53;0;3832449;166;0
11;19;78;10;38;45;89;4.00;2;1;1;55;0;3832589;320;0
11;19;78;10;38;46;77;5.40;1;1;1;49;0;3832677;206;0
11;19;78;10;38;47;28;3.40;2;1;1;51;0;3832728;112;0
11;19;78;10;38;48;52;3.80;1;1;1;47;0;3832852;135;0
11;19;78;10;38;52;33;3.00;1;1;1;50;0;3833233;351;0
11;19;78;10;38;53;43;4.00;1;1;1;48;0;3833343;88;0
11;19;78;10;38;54;56;4.00;2;1;1;52;0;3833456;704;0
11;19;78;10;38;57;63;3.40;2;1;1;57;0;3833763;279;0
11;19;78;10;38;59;6;12.60;1;1;3;59;0;3833906;533;0
11;19;78;10;39;0;46;3.40;2;1;1;52;0;3834046;261;0
11;19;78;10;39;3;12;3.40;2;1;1;58;0;3834312;242;0
11;19;78;10;39;2;31;14.60;1;1;3;56;0;3834231;248;0
11;19;78;10;39;5;17;4.60;1;1;1;57;0;3834517;192;0
11;19;78;10;39;7;79;3.00;3;2;1;57;0;3834779;2962;0
11;19;78;10;39;8;46;3.60;4;2;1;62;0;3834846;2510;0
11;19;78;10;39;8;77;3.20;1;1;1;53;0;3834877;330;0
11;19;78;10;39;9;51;4.40;2;1;1;52;0;3834951;617;0
11;19;78;10;39;10;26;3.60;4;2;1;57;0;3835026;159;0
11;19;78;10;39;10;23;4.00;1;1;1;53;0;3835023;124;0
11;19;78;10;39;11;39;3.80;2;1;1;59;0;3835139;157;0
11;19;78;10;39;11;33;6.60;3;2;1;62;0;3835133;335;0
11;19;78;10;39;11;63;3.60;1;1;1;52;0;3835163;112;0
11;19;78;10;39;12;65;4.00;4;2;1;59;0;3835265;216;0
11;19;78;10;39;15;28;3.20;3;2;1;64;0;3835528;356;0
11;19;78;10;39;16;32;4.40;4;2;1;62;0;3835632;342;0
11;19;78;10;39;19;5;3.20;4;2;1;54;0;3835905;247;0
11;19;78;10;39;19;57;3.40;3;2;1;57;0;3835957;411;0
11;19;78;10;39;21;12;4.00;3;2;1;57;0;3836112;133;0
11;19;78;10;39;21;54;3.20;4;2;1;56;0;3836154;227;0
11;19;78;10;39;23;11;3.00;4;2;1;56;0;3836311;136;0
11;19;78;10;39;23;42;3.60;1;1;1;58;0;3836342;1154;0
11;19;78;10;39;23;88;6.20;3;2;1;60;0;3836388;250;0
11;19;78;10;39;25;0;3.20;3;2;1;60;0;3836500;74;0
11;19;78;10;39;25;68;4.60;3;2;1;60;0;3836568;48;0
11;19;78;10;39;26;5;12.20;4;2;2;55;0;3836605;274;0
11;19;78;10;39;28;16;3.40;4;2;1;55;0;3836816;131;0
11;19;78;10;39;30;49;4.00;3;2;1;59;0;3837049;453;0
11;19;78;10;39;30;83;4.20;4;2;1;53;0;3837083;244;0
11;19;78;10;39;32;34;3.60;3;2;1;56;0;3837234;160;0
11;19;78;10;39;32;29;3.60;4;2;1;50;0;3837229;117;0
11;19;78;10;39;34;27;3.00;4;2;1;51;0;3837427;172;0
11;19;78;10;39;34;72;3.40;1;1;1;60;0;3837472;1107;0
11;19;78;10;39;35;9;3.80;3;2;1;54;0;3837509;251;0
11;19;78;10;39;36;34;3.20;3;2;1;55;0;3837634;99;0
11;19;78;10;39;37;84;9.00;4;2;2;53;0;3837784;335;0
11;19;78;10;39;41;34;4.20;4;2;1;55;0;3838134;288;0
11;19;78;10;39;59;26;3.40;3;2;1;58;0;3839926;2271;0
11;19;78;10;40;0;19;11.80;4;2;2;51;0;3840019;1857;0
11;19;78;10;40;2;82;3.40;4;2;1;53;0;3840282;179;0
11;19;78;10;40;11;76;4.40;4;2;1;60;0;3841176;870;0
11;19;78;10;40;13;19;3.60;1;1;1;55;0;3841319;3826;0
11;19;78;10;40;14;92;3.00;4;2;1;64;0;3841492;289;0
11;19;78;10;40;16;33;6.40;4;2;1;64;0;3841633;124;0
11;19;78;10;40;20;91;4.60;3;2;1;59;0;3842091;2143;0
11;19;78;10;40;22;43;3.60;3;2;1;58;0;3842243;123;0
11;19;78;10;40;23;88;3.00;3;2;1;53;0;3842388;122;0
11;19;78;10;40;25;12;3.40;2;1;1;55;0;3842512;7349;0
11;19;78;10;40;27;72;4.40;1;1;1;57;0;3842772;1429;0
11;19;78;10;40;28;73;3.20;1;1;1;57;0;3842873;73;0
11;19;78;10;40;29;26;3.00;2;1;1;58;0;3842926;391;0
11;19;78;10;40;30;25;3.80;4;2;1;62;0;3843025;1356;0
11;19;78;10;40;36;61;4.80;1;1;1;61;0;3843661;767;0
11;19;78;10;40;37;46;5.40;2;1;1;56;0;3843746;801;0
11;19;78;10;40;37;77;11.80;1;1;7;60;0;3843777;87;0
11;19;78;10;40;39;92;3.80;1;1;1;62;0;3843992;144;0
11;19;78;10;40;42;98;4.20;3;2;1;66;0;3844298;1889;0
11;19;78;10;40;44;29;3.80;3;2;1;67;0;3844429;108;0
11;19;78;10;40;45;32;5.00;3;2;1;58;0;3844532;82;0
11;19;78;10;40;46;22;4.00;1;1;1;59;0;3844622;607;0
11;19;78;10;40;46;77;3.00;4;2;1;60;0;3844677;1629;0
11;19;78;10;40;47;96;3.80;1;1;1;54;0;3844796;149;0
11;19;78;10;40;47;54;12.20;2;1;7;52;0;3844754;973;0
11;19;78;10;40;49;19;3.60;3;2;1;59;0;3844919;355;0
11;19;78;10;40;49;33;5.00;1;1;1;53;0;3844933;111;0
11;19;78;10;40;49;60;3.80;4;2;1;59;0;3844960;265;0
11;19;78;10;40;51;8;4.00;1;1;1;52;0;3845108;141;0
11;19;78;10;40;51;51;3.60;4;2;1;59;0;3845151;167;0
11;19;78;10;40;52;77;4.00;3;2;1;60;0;3845277;336;0
11;19;78;10;40;52;80;3.60;1;1;1;50;0;3845280;144;3844622
11;19;78;10;40;54;82;3.20;3;2;1;57;0;3845482;181;3844622
11;19;78;10;40;55;27;4.40;4;2;1;59;0;3845527;354;0
11;19;78;10;40;56;0;3.20;3;2;1;57;0;3845600;97;0
11;19;78;10;40;58;49;4.40;3;2;1;57;0;3845849;228;0
11;19;78;10;40;58;75;3.60;4;2;1;57;0;3845875;321;0
11;19;78;10;40;59;8;4.80;1;1;1;51;0;3845908;602;0
11;19;78;10;40;59;86;4.00;3;2;1;55;0;3845986;109;0
11;19;78;10;41;0;0;3.40;1;1;1;50;0;3846000;58;0
11;19;78;10;41;0;71;4.60;4;2;1;57;0;3846071;173;0
11;19;78;10;41;1;29;3.60;3;2;1;57;0;3846129;116;0
11;19;78;10;41;2;7;4.00;1;1;1;52;0;3846207;182;0
11;19;78;10;41;2;54;3.60;3;2;1;57;0;3846254;102;0
11;19;78;10;41;2;92;3.60;2;1;1;54;0;3846292;1453;0
11;19;78;10;41;2;50;16.20;4;2;4;57;0;3846250;149;0
11;19;78;10;41;4;35;3.20;2;1;1;48;0;3846435;119;0
11;19;78;10;41;4;85;6.40;3;2;1;59;0;3846485;208;0
11;19;78;10;41;6;24;3.00;4;2;1;58;0;3846624;271;0
11;19;78;10;41;6;34;6.20;1;1;2;48;0;3846634;399;0
11;19;78;10;41;6;98;3.60;2;1;1;48;0;3846698;239;0
11;19;78;10;41;7;46;3.60;4;2;1;64;0;3846746;103;0
11;19;78;10;41;7;63;3.20;3;2;1;59;0;3846763;238;0
11;19;78;10;41;8;26;4.00;1;1;1;49;0;3846826;145;0
11;19;78;10;41;8;64;3.20;2;1;1;46;0;3846864;139;0
11;19;78;10;41;9;11;4.00;3;2;1;59;0;3846911;128;0
11;19;78;10;41;10;65;4.80;4;2;1;62;0;3847065;298;0
11;19;78;10;41;12;1;9.40;3;2;2;57;0;3847201;265;0
11;19;78;10;41;11;92;11.00;1;1;2;54;0;3847192;336;0
11;19;78;10;41;14;9;4.20;2;1;1;61;0;3847409;519;0
11;19;78;10;41;18;28;5.00;1;1;1;56;0;3847828;562;0
11;19;78;10;41;20;35;3.60;1;1;1;56;0;3848035;174;0
11;19;78;10;41;27;29;4.20;1;1;1;55;0;3848729;670;0
11;19;78;10;41;27;75;3.40;2;1;1;59;0;3848775;1341;0
11;19;78;10;41;30;45;3.80;1;1;1;50;0;3849045;288;0
11;19;78;10;41;31;84;4.80;1;1;1;48;0;3849184;111;0
11;19;78;10;41;33;75;3.40;1;1;1;48;0;3849375;155;0
11;19;78;10;41;35;9;4.40;1;1;1;47;0;3849509;108;0
11;19;78;10;41;38;79;3.20;1;1;1;54;0;3849879;336;0
11;19;78;10;41;40;16;3.20;3;2;1;54;0;3850016;2755;0
11;19;78;10;41;40;76;3.80;4;2;1;58;0;3850076;2983;0
11;19;78;10;41;42;57;3.60;4;2;1;57;0;3850257;157;0
11;19;78;10;41;44;31;3.60;2;1;1;53;0;3850431;1635;0
11;19;78;10;41;46;73;3.60;1;1;1;55;0;3850673;772;0
11;19;78;10;41;46;78;3.60;2;1;1;54;0;3850678;222;0
11;19;78;10;41;47;33;3.60;4;2;1;58;0;3850733;453;0
11;19;78;10;41;48;38;3.80;1;1;1;54;0;3850838;141;0
11;19;78;10;41;51;14;4.00;4;2;1;56;0;3851114;358;0
11;19;78;10;41;56;35;5.20;3;2;1;65;0;3851635;1597;0
11;19;78;10;41;57;42;3.80;1;1;1;55;0;3851742;878;0
11;19;78;10;41;59;49;3.60;3;2;1;62;0;3851949;285;0
11;19;78;10;41;59;82;3.40;4;2;1;56;0;3851982;842;0
11;19;78;10;42;1;5;3.60;3;2;1;64;0;3852105;135;0
11;19;78;10;42;2;20;3.00;3;2;1;56;0;3852220;94;0
11;19;78;10;42;3;79;4.60;4;2;1;57;0;3852379;375;0
11;19;78;10;42;7;52;3.80;4;2;1;58;0;3852752;343;0
11;19;78;10;42;13;8;3.60;4;2;1;58;0;3853308;532;0
11;19;78;10;42;22;95;4.40;4;2;1;64;0;3854295;964;0
11;19;78;10;42;24;39;3.60;3;2;1;64;0;3854439;2199;0
11;19;78;10;42;25;4;4.00;4;2;1;62;0;3854504;184;0
11;19;78;10;42;27;93;4.20;4;2;1;60;0;3854793;265;0
11;19;78;10;42;29;65;3.40;1;1;1;58;0;3854965;3198;0
11;19;78;10;42;31;98;3.20;1;1;1;52;0;3855198;211;0
11;19;78;10;42;32;65;3.80;4;2;1;64;0;3855265;446;0
11;19;78;10;42;34;5;3.40;3;2;1;62;0;3855405;945;0
11;19;78;10;42;34;29;4.40;4;2;1;60;0;3855429;142;0
11;19;78;10;42;36;34;3.20;4;2;1;58;0;3855634;178;0
11;19;78;10;42;36;65;4.60;3;2;1;62;0;3855665;240;0
11;19;78;10;42;39;24;4.00;4;2;1;56;0;3855924;270;0
11;19;78;10;42;39;51;3.40;3;2;1;59;0;3855951;259;0
11;19;78;10;42;40;38;10.60;4;2;2;57;0;3856038;88;0
11;19;78;10;42;42;56;6.20;3;2;1;53;0;3856256;284;0
11;19;78;10;42;44;12;3.00;3;2;1;55;0;3856412;113;0
11;19;78;10;42;44;56;4.20;1;1;1;58;0;3856456;1235;0
11;19;78;10;42;45;36;3.60;3;2;1;55;0;3856536;104;0
11;19;78;10;42;46;46;11.80;4;2;3;54;0;3856646;541;0
11;19;78;10;42;47;9;5.00;3;2;1;56;0;3856709;149;0
11;19;78;10;42;48;54;3.20;4;2;1;54;0;3856854;129;0
11;19;78;10;42;49;36;4.20;1;1;1;64;0;3856936;453;0
11;19;78;10;42;50;56;4.00;3;2;1;56;0;3857056;314;0
11;19;78;10;42;51;86;3.40;4;2;1;59;0;3857186;310;0
11;19;78;10;42;51;86;3.60;3;2;1;56;0;3857186;104;0
11;19;78;10;42;53;86;3.40;3;2;1;56;0;3857386;176;0
11;19;78;10;42;55;90;3.80;1;1;1;58;0;3857590;630;0
11;19;78;10;42;56;31;3.80;2;1;1;56;0;3857631;6929;0
11;19;78;10;42;56;89;3.60;3;2;1;54;0;3857689;281;0
11;19;78;10;42;59;28;3.80;1;1;1;59;0;3857928;314;0
11;19;78;10;42;59;23;4.60;3;2;1;53;0;3857923;210;0
11;19;78;10;43;0;23;3.80;1;1;1;55;0;3858023;71;0
11;19;78;10;43;2;74;3.00;2;1;1;54;0;3858274;618;0
11;19;78;10;43;3;55;2.80;4;2;1;47;0;3858355;1148;0
11;19;78;10;43;3;69;3.00;2;1;1;54;0;3858369;75;0
11;19;78;10;43;4;75;3.80;2;1;1;53;0;3858475;86;0
11;19;78;10;43;6;36;3.60;1;1;1;51;0;3858636;588;0
11;19;78;10;43;7;0;3.40;2;1;1;53;0;3858700;199;0
11;19;78;10;43;7;70;3.40;1;1;1;53;0;3858770;108;0
11;19;78;10;43;8;10;3.60;2;1;1;52;0;3858810;86;3858274
11;19;78;10;43;9;42;3.60;2;1;1;52;0;3858942;107;3858274
11;19;78;10;43;10;63;3.60;1;1;1;52;0;3859063;269;0
11;19;78;10;43;11;25;3.80;2;1;1;51;0;3859125;158;3858274
11;19;78;10;43;12;16;3.60;1;1;1;50;0;3859216;128;3858274
11;19;78;10;43;13;75;3.60;1;1;1;50;0;3859375;133;3858274
11;19;78;10;43;14;76;5.40;2;1;1;59;0;3859476;324;0
11;19;78;10;43;14;93;4.40;1;1;1;46;0;3859493;92;0
11;19;78;10;43;16;51;4.00;1;1;1;46;0;3859651;123;3859063
11;19;78;10;43;19;50;3.00;1;1;1;46;0;3859950;267;0
11;19;78;10;43;19;81;3.40;4;2;1;51;0;3859981;1604;0
11;19;78;10;43;22;52;3.60;4;2;1;54;0;3860252;247;0
11;19;78;10;43;22;67;3.60;1;1;1;49;0;3860267;293;0
11;19;78;10;43;23;82;3.40;1;1;1;49;0;3860382;88;0
11;19;78;10;43;25;52;3.60;1;1;1;47;0;3860552;145;0
11;19;78;10;43;26;62;4.60;1;1;1;47;0;3860662;82;0
11;19;78;10;43;28;69;3.40;4;2;1;54;0;3860869;593;0
11;19;78;10;43;28;72;3.60;2;1;1;54;0;3860872;1363;0
11;19;78;10;43;30;35;4.00;1;1;1;50;0;3861035;337;0
11;19;78;10;43;33;7;3.80;1;1;1;49;0;3861307;243;0
11;19;78;10;43;36;0;3.20;2;1;1;56;0;3861600;704;0
11;19;78;10;43;36;0;3.40;1;1;1;51;0;3861600;265;0
11;19;78;10;43;36;60;3.60;4;2;1;62;0;3861660;768;0
11;19;78;10;43;37;0;3.60;2;1;1;56;0;3861700;79;0
11;19;78;10;43;37;77;3.60;1;1;1;51;0;3861777;153;0
11;19;78;10;43;38;22;4.00;3;2;1;59;0;3861822;3867;0
11;19;78;10;43;41;1;3.40;2;1;1;50;0;3862101;377;0
11;19;78;10;43;41;99;3.40;1;1;1;55;0;3862199;396;0
11;19;78;10;43;45;43;6.00;1;1;1;54;0;3862543;321;0
11;19;78;10;43;47;81;3.80;1;1;1;52;0;3862781;198;0
11;19;78;10;43;49;37;3.80;2;1;1;59;0;3862937;811;0
11;19;78;10;43;51;48;5.00;4;2;1;64;0;3863148;1467;0
11;19;78;10;43;51;52;10.40;1;1;2;60;0;3863152;344;0
11;19;78;10;43;55;72;4.40;2;1;1;61;0;3863572;611;0
11;19;78;10;43;56;66;3.80;4;2;1;59;0;3863666;489;0
11;19;78;10;43;56;71;4.40;1;1;1;59;0;3863671;456;0
11;19;78;10;43;58;1;4.20;2;1;1;67;0;3863801;203;0
11;19;78;10;44;1;27;3.60;3;2;1;60;0;3864127;2280;0
11;19;78;10;44;1;77;9.00;1;1;2;63;0;3864177;479;0
11;19;78;10;44;2;34;3.60;3;2;1;62;0;3864234;85;0
11;19;78;10;44;3;18;3.20;2;1;1;56;0;3864318;494;0
11;19;78;10;44;3;33;3.60;3;2;1;62;0;3864333;78;0
11;19;78;10;44;3;59;3.60;1;1;1;57;0;3864359;130;0
11;19;78;10;44;5;60;3.40;4;2;1;62;0;3864560;870;0
11;19;78;10;44;8;18;3.80;1;1;1;59;0;3864818;436;0
11;19;78;10;44;8;63;3.20;4;2;1;58;0;3864863;283;0
11;19;78;10;44;8;76;3.60;3;2;1;61;0;3864876;522;0
11;19;78;10;44;10;85;5.20;3;2;1;59;0;3865085;187;0
11;19;78;10;44;12;44;3.60;3;2;1;62;0;3865244;127;0
11;19;78;10;44;11;68;16.40;1;1;4;53;0;3865168;326;0
11;19;78;10;44;12;97;3.60;2;1;1;60;0;3865297;958;0
11;19;78;10;44;13;56;5.00;1;1;1;53;0;3865356;76;0
11;19;78;10;44;14;91;4.80;1;1;1;53;0;3865491;101;0
11;19;78;10;44;15;31;4.00;3;2;1;61;0;3865531;266;0
11;19;78;10;44;15;50;3.60;2;1;1;59;0;3865550;231;0
11;19;78;10;44;15;97;8.20;4;2;2;51;0;3865597;714;0
11;19;78;10;44;16;24;4.60;3;2;1;60;0;3865624;69;0
11;19;78;10;44;17;72;3.40;3;2;1;64;0;3865772;120;0
11;19;78;10;44;18;62;3.60;4;2;1;54;0;3865862;207;0
11;19;78;10;44;18;93;3.80;1;1;1;55;0;3865893;369;0
11;19;78;10;44;19;85;8.00;4;2;6;53;0;3865985;99;0
11;19;78;10;44;21;6;3.00;3;2;1;61;0;3866106;314;0
11;19;78;10;44;21;61;3.60;4;2;1;53;0;3866161;121;0
11;19;78;10;44;23;74;3.00;3;2;1;54;0;3866374;250;0
11;19;78;10;44;26;69;3.60;2;1;1;57;0;3866669;1097;0
11;19;78;10;44;27;9;3.40;3;2;1;60;0;3866709;315;0
11;19;78;10;44;27;86;3.20;4;2;1;60;0;3866786;600;0
11;19;78;10;44;35;13;3.20;1;1;1;63;0;3867513;1595;0
11;19;78;10;44;35;80;3.60;4;2;1;55;0;3867580;774;0
11;19;78;10;44;36;20;3.60;2;1;1;62;0;3867620;928;0
11;19;78;10;44;37;3;10.80;4;2;2;51;0;3867703;99;0
11;19;78;10;44;37;64;3.80;1;1;1;62;0;3867764;232;0
11;19;78;10;44;39;43;4.80;4;2;1;50;0;3867943;163;0
11;19;78;10;44;40;38;3.80;2;1;1;62;0;3868038;397;0
11;19;78;10;44;42;23;3.80;1;1;1;59;0;3868223;436;0
11;19;78;10;44;45;36;3.40;2;1;1;55;0;3868536;475;0
11;19;78;10;44;47;19;3.80;1;1;1;56;0;3868719;472;0
11;19;78;10;44;48;53;3.80;1;1;1;55;0;3868853;109;0
11;19;78;10;44;49;89;3.60;1;1;1;59;0;3868989;111;0
11;19;78;10;44;54;52;4.40;3;2;1;69;0;3869452;2722;0
11;19;78;10;44;54;75;3.40;1;1;1;53;0;3869475;464;0
11;19;78;10;44;55;96;3.20;1;1;1;52;0;3869596;97;0
11;19;78;10;44;58;25;3.20;3;2;1;61;0;3869825;350;0
11;19;78;10;44;59;86;3.60;2;1;1;56;0;3869986;1427;0
11;19;78;10;45;0;30;4.00;3;2;1;67;0;3870030;186;0
11;19;78;10;45;1;40;4.20;2;1;1;56;0;3870140;130;0
11;19;78;10;45;2;20;4.60;3;2;1;58;0;3870220;168;0
11;19;78;10;45;3;64;3.00;3;2;1;53;0;3870364;115;0
11;19;78;10;45;4;99;3.80;4;2;1;24;0;3870499;2521;0
11;19;78;10;45;15;54;3.20;3;2;1;59;0;3871554;1169;0
11;19;78;10;45;17;90;3.80;4;2;1;61;0;3871790;1234;0
11;19;78;10;45;20;82;4.00;4;2;1;63;0;3872082;269;0
11;19;78;10;45;30;7;3.40;3;2;1;51;0;3873007;1433;0
11;19;78;10;45;29;60;9.80;4;2;1;47;0;3872960;855;0
11;19;78;10;45;32;19;3.60;1;1;1;58;0;3873219;3600;0
11;19;78;10;45;32;13;5.80;4;2;1;49;0;3873213;177;0
11;19;78;10;45;33;34;4.40;4;2;1;48;0;3873334;78;0
11;19;78;10;45;36;55;3.40;4;2;1;46;0;3873655;288;0
11;19;78;10;45;37;43;3.40;3;2;1;56;0;3873743;712;0
11;19;78;10;45;38;89;3.20;4;2;1;50;0;3873889;207;0
11;19;78;10;45;40;1;3.00;3;2;1;58;0;3874001;236;0
11;19;78;10;45;43;58;12.40;4;2;3;55;0;3874358;445;0
11;19;78;10;45;44;81;3.60;3;2;1;64;0;3874481;461;0
11;19;78;10;45;45;82;3.20;1;1;1;57;0;3874582;1340;0
11;19;78;10;45;45;99;3.80;3;2;1;60;0;3874599;97;0
11;19;78;10;45;47;30;4.00;4;2;1;57;0;3874730;290;0
11;19;78;10;45;49;87;4.60;3;2;1;61;0;3874987;365;0
11;19;78;10;45;51;22;3.60;4;2;1;58;0;3875122;366;0
11;19;78;10;45;52;51;3.20;2;1;1;60;0;3875251;5084;0
11;19;78;10;45;55;39;3.40;1;1;1;54;0;3875539;936;0
11;19;78;10;45;58;48;3.80;1;1;1;54;0;3875848;286;0
11;19;78;10;45;58;67;3.20;3;2;1;50;0;3875867;852;0
11;19;78;10;45;58;17;17.80;4;2;4;56;0;3875817;672;0
11;19;78;10;45;59;8;3.80;2;1;1;63;0;3875908;637;0
11;19;78;10;45;59;26;3.20;1;1;1;54;0;3875926;52;0
11;19;78;10;45;59;76;3.60;3;2;1;49;0;3875976;85;0
11;19;78;10;45;59;99;8.40;2;1;2;61;0;3875999;69;0
11;19;78;10;46;0;72;4.00;3;2;1;51;0;3876072;69;0
11;19;78;10;46;1;8;3.60;4;2;1;54;0;3876108;176;0
11;19;78;10;46;1;98;3.20;2;1;1;52;0;3876198;149;0
11;19;78;10;46;2;17;3.40;3;2;1;52;0;3876217;116;0
11;19;78;10;46;2;55;3.20;1;1;1;58;0;3876255;307;0
11;19;78;10;46;3;12;4.00;3;2;1;54;0;3876312;71;3875867
11;19;78;10;46;4;20;3.60;1;1;1;57;0;3876420;145;3875867
11;19;78;10;46;4;33;3.60;4;2;1;51;0;3876433;301;0
11;19;78;10;46;4;55;3.60;2;1;1;52;0;3876455;234;0
11;19;78;10;46;5;15;3.40;3;2;1;55;0;3876515;176;3875867
11;19;78;10;46;5;67;4.00;1;1;1;55;0;3876567;124;3875867
11;19;78;10;46;6;46;3.60;3;2;1;53;0;3876646;108;3875867
11;19;78;10;46;7;0;3.80;4;2;1;49;0;3876700;241;0
11;19;78;10;46;7;24;3.60;1;1;1;54;0;3876724;130;0
11;19;78;10;46;7;78;4.00;3;2;1;54;0;3876778;107;3875867
11;19;78;10;46;8;56;4.80;2;1;1;61;0;3876856;376;0
11;19;78;10;46;9;30;3.60;1;1;1;54;0;3876930;182;3876255
11;19;78;10;46;9;73;6.40;3;2;1;54;0;3876973;168;3875867
11;19;78;10;46;10;75;3.60;2;1;1;55;0;3877075;190;3875867
11;19;78;10;46;10;87;4.40;3;2;1;52;0;3877087;71;3875867
11;19;78;10;46;11;19;3.80;1;1;1;52;0;3877119;165;3876255
11;19;78;10;46;11;45;3.80;4;2;1;57;0;3877145;417;0
11;19;78;10;46;12;18;4.00;3;2;1;57;0;3877218;100;3875867
11;19;78;10;46;12;52;3.00;4;2;1;54;0;3877252;83;3875867
11;19;78;10;46;12;58;4.00;1;1;1;50;0;3877258;112;3876255
11;19;78;10;46;13;35;3.40;1;1;1;49;0;3877335;48;3876255
11;19;78;10;46;13;94;3.60;2;1;1;59;0;3877394;295;0
11;19;78;10;46;14;94;4.60;3;2;1;56;0;3877494;250;0
11;19;78;10;46;15;95;4.00;1;1;1;54;0;3877595;235;0
11;19;78;10;46;17;55;3.40;1;1;1;51;0;3877755;133;0
11;19;78;10;46;18;81;4.40;1;1;1;48;0;3877881;102;0
11;19;78;10;46;20;54;4.80;1;1;1;46;0;3878054;140;0
11;19;78;10;46;22;22;3.40;1;1;1;46;0;3878222;130;3877595
11;19;78;10;46;25;52;3.40;2;1;1;60;0;3878552;1136;0
11;19;78;10;46;25;45;3.00;1;1;1;51;0;3878545;296;0
11;19;78;10;46;27;14;3.80;1;1;1;49;0;3878714;147;0
11;19;78;10;46;28;87;3.40;1;1;1;49;0;3878887;145;0
11;19;78;10;46;31;45;3.60;1;1;1;46;0;3879145;233;0
11;19;78;10;46;32;44;11.40;4;2;3;53;0;3879244;1972;0
11;19;78;10;46;34;37;3.80;1;1;1;55;0;3879437;263;0
11;19;78;10;46;35;6;6.40;4;2;1;55;0;3879506;184;0
11;19;78;10;46;38;28;3.60;2;1;1;56;0;3879828;1255;0
11;19;78;10;46;38;35;4.00;4;2;1;56;0;3879835;287;0
11;19;78;10;46;38;65;4.00;1;1;1;57;0;3879865;403;0
11;19;78;10;46;40;4;5.20;4;2;1;57;0;3880004;143;0
11;19;78;10;46;40;72;3.80;2;1;1;63;0;3880072;220;0
11;19;78;10;46;42;54;3.60;1;1;1;61;0;3880254;363;0
11;19;78;10;46;42;75;3.60;2;1;1;54;0;3880275;181;0
11;19;78;10;46;43;28;3.60;1;1;1;59;0;3880328;52;0
11;19;78;10;46;47;9;8.60;2;1;2;61;0;3880709;410;0
11;19;78;10;46;48;62;3.20;2;1;1;60;0;3880862;102;0
11;19;78;10;46;49;23;3.40;1;1;1;53;0;3880923;573;0
11;19;78;10;46;49;55;4.60;3;2;1;68;0;3880955;3431;0
11;19;78;10;46;51;2;4.60;3;2;1;64;0;3881102;122;0
11;19;78;10;46;51;32;3.40;1;1;1;54;0;3881132;185;0
11;19;78;10;46;52;49;4.00;1;1;1;54;0;3881249;94;0
11;19;78;10;46;53;98;3.40;3;2;1;60;0;3881398;270;0
11;19;78;10;46;56;94;3.40;4;2;1;57;0;3881694;1657;0
11;19;78;10;46;58;69;3.20;1;1;1;60;0;3881869;593;0
11;19;78;10;46;58;81;3.40;3;2;1;66;0;3881881;462;0
11;19;78;10;46;59;6;4.00;4;2;1;60;0;3881906;190;0
11;19;78;10;47;3;63;5.80;1;1;1;57;0;3882363;474;0
11;19;78;10;47;5;53;8.40;4;2;2;56;0;3882553;623;0
11;19;78;10;47;6;1;3.80;1;1;1;54;0;3882601;201;0
11;19;78;10;47;7;52;4.80;1;1;1;53;0;3882752;125;0
11;19;78;10;47;9;96;3.80;1;1;1;56;0;3882996;211;0
11;19;78;10;47;10;95;4.00;1;1;1;57;0;3883095;74;0
11;19;78;10;47;11;30;3.40;4;2;1;52;0;3883130;523;0
11;19;78;10;47;12;56;3.80;1;1;1;56;0;3883256;135;0
11;19;78;10;47;13;97;3.00;1;1;1;56;0;3883397;116;0
11;19;78;10;47;20;92;3.20;1;1;1;56;0;3884092;675;0
11;19;78;10;47;21;15;3.40;3;2;1;68;0;3884115;2215;0
11;19;78;10;47;24;79;3.40;3;2;1;67;0;3884479;346;0
11;19;78;10;47;26;23;3.60;2;1;1;53;0;3884623;3741;0
11;19;78;10;47;28;44;10.60;4;2;2;56;0;3884844;1690;0
11;19;78;10;47;29;9;6.60;3;2;1;62;0;3884909;411;0
11;19;78;10;47;31;45;3.60;3;2;1;62;0;3885145;197;0
11;19;78;10;47;31;77;14.40;4;2;3;58;0;3885177;264;0
11;19;78;10;47;34;6;4.20;4;2;1;59;0;3885406;139;0
11;19;78;10;47;34;59;3.40;3;2;1;61;0;3885459;293;0
11;19;78;10;47;35;8;3.60;4;2;1;58;0;3885508;76;0
11;19;78;10;47;36;55;9.60;3;2;2;64;0;3885655;175;0
11;19;78;10;47;37;12;5.40;4;2;1;60;0;3885712;181;0
11;19;78;10;47;38;48;3.60;4;2;1;59;0;3885848;103;3885177
11;19;78;10;47;38;64;3.60;1;1;1;56;0;3885864;1751;0
11;19;78;10;47;40;13;3.60;4;2;1;56;0;3886013;143;3885177
11;19;78;10;47;41;68;4.20;4;2;1;57;0;3886168;131;3885177
11;19;78;10;47;43;41;3.60;4;2;1;57;0;3886341;146;3885177
11;19;78;10;47;44;11;4.20;3;2;1;57;0;3886411;702;0
11;19;78;10;47;47;40;5.60;3;2;1;57;0;3886740;302;0
11;19;78;10;47;48;77;3.60;3;2;1;56;0;3886877;101;0
11;19;78;10;47;49;31;3.20;4;2;1;53;0;3886931;567;0
11;19;78;10;47;49;92;5.40;3;2;1;54;0;3886992;91;0
11;19;78;10;47;50;41;10.00;4;2;2;52;0;3887041;88;0
11;19;78;10;47;51;43;3.40;3;2;1;53;0;3887143;115;0
11;19;78;10;47;52;17;4.40;4;2;1;52;0;3887217;106;0
11;19;78;10;47;52;63;3.20;3;2;1;53;0;3887263;96;3886740
11;19;78;10;47;53;77;3.80;3;2;1;52;0;3887377;92;3886740
11;19;78;10;47;55;33;3.40;3;2;1;51;0;3887533;129;3886740
11;19;78;10;47;56;66;4.40;3;2;1;53;0;3887666;109;3886740
11;19;78;10;47;57;13;3.80;4;2;1;50;0;3887713;465;0
11;19;78;10;47;57;82;3.40;1;1;1;52;0;3887782;1894;0
11;19;78;10;47;58;4;3.00;3;2;1;53;0;3887804;108;3886740
11;19;78;10;47;59;7;8.60;4;2;2;53;0;3887907;166;3886740
11;19;78;10;48;6;4;3.60;2;1;1;60;0;3888604;3956;0
11;19;78;10;48;8;21;3.80;1;1;1;59;0;3888821;1015;0
11;19;78;10;48;10;33;3.00;1;1;1;58;0;3889033;188;0
11;19;78;10;48;12;19;3.20;1;1;1;56;0;3889219;167;0
11;19;78;10;48;12;56;5.20;2;1;1;62;0;3889256;630;0
11;19;78;10;48;13;25;4.00;1;1;1;57;0;3889325;85;0
11;19;78;10;48;14;95;4.60;1;1;1;64;0;3889495;144;3888821
11;19;78;10;48;16;72;3.20;2;1;1;52;0;3889672;385;0
11;19;78;10;48;18;26;3.60;2;1;1;52;0;3889826;131;0
11;19;78;10;48;18;80;3.20;1;1;1;56;0;3889880;359;0
11;19;78;10;48;19;37;6.60;2;1;1;51;0;3889937;86;0
11;19;78;10;48;20;81;3.20;2;1;1;51;0;3890081;97;0
11;19;78;10;48;20;86;4.00;1;1;1;55;0;3890086;185;0
11;19;78;10;48;21;69;3.20;1;1;1;53;0;3890169;56;0
11;19;78;10;48;22;44;4.00;2;1;1;54;0;3890244;140;3889672
11;19;78;10;48;22;67;4.80;1;1;1;54;0;3890267;76;3889672
11;19;78;10;48;24;27;3.40;2;1;1;53;0;3890427;156;3889672
11;19;78;10;48;24;54;3.60;4;2;1;58;0;3890454;2488;0
11;19;78;10;48;24;73;4.20;1;1;1;57;0;3890473;174;3889880
11;19;78;10;48;25;29;3.60;2;1;1;51;0;3890529;78;3889672
11;19;78;10;48;28;11;3.00;2;1;1;54;0;3890811;256;0
11;19;78;10;48;28;99;3.20;1;1;1;53;0;3890899;399;0
11;19;78;10;48;30;6;3.40;4;2;1;57;0;3891006;529;0
11;19;78;10;48;29;94;4.00;2;1;1;53;0;3890994;163;0
11;19;78;10;48;30;18;4.40;1;1;1;53;0;3891018;97;0
11;19;78;10;48;30;90;4.60;2;1;1;53;0;3891090;68;0
11;19;78;10;48;31;61;3.60;1;1;1;51;0;3891161;113;0
11;19;78;10;48;31;94;3.60;2;1;1;53;0;3891194;72;0
11;19;78;10;48;32;81;4.00;1;1;1;50;0;3891281;94;0
11;19;78;10;48;33;0;3.80;3;2;1;71;0;3891300;3475;0
11;19;78;10;48;33;20;3.60;4;2;1;64;0;3891320;292;0
11;19;78;10;48;34;96;3.40;2;1;1;52;0;3891496;277;0
11;19;78;10;48;35;69;3.20;3;2;1;65;0;3891569;249;0
11;19;78;10;48;35;4;11.40;1;1;3;46;0;3891504;194;3890899
11;19;78;10;48;35;70;4.40;2;1;1;49;0;3891570;50;3890899
11;19;78;10;48;36;72;7.00;2;1;1;48;0;3891672;69;3890899
11;19;78;10;48;37;95;3.00;1;1;1;49;0;3891795;201;0
11;19;78;10;48;39;51;3.60;1;1;1;49;0;3891951;133;0
11;19;78;10;48;39;93;4.40;4;2;1;59;0;3891993;652;0
11;19;78;10;48;40;7;5.20;2;1;1;48;0;3892007;282;0
11;19;78;10;48;41;69;3.80;1;1;1;45;0;3892169;191;0
11;19;78;10;48;42;15;3.80;2;1;1;47;0;3892215;169;0
11;19;78;10;48;49;7;4.00;2;1;1;58;0;3892907;662;0
11;19;78;10;48;49;85;3.40;4;2;1;48;0;3892985;965;0
11;19;78;10;48;52;59;3.80;1;1;1;61;0;3893259;1059;0
11;19;78;10;48;53;54;3.60;2;1;1;53;0;3893354;422;0
11;19;78;10;48;53;70;3.60;4;2;1;58;0;3893370;359;0
11;19;78;10;48;59;4;3.60;1;1;1;56;0;3893904;622;0
11;19;78;10;49;5;28;5.20;4;2;1;62;0;3894528;1135;0
11;19;78;10;49;5;82;4.80;2;1;1;54;0;3894582;1203;0
11;19;78;10;49;6;21;3.60;3;2;1;63;0;3894621;3034;0
11;19;78;10;49;8;54;3.40;3;2;1;59;0;3894854;212;0
11;19;78;10;49;9;87;3.80;4;2;1;58;0;3894987;428;0
11;19;78;10;49;10;93;3.60;4;2;1;59;0;3895093;82;0
11;19;78;10;49;11;40;3.60;2;1;1;61;0;3895140;526;0
11;19;78;10;49;12;26;3.80;4;2;1;59;0;3895226;111;0
11;19;78;10;49;14;21;4.20;1;1;1;55;0;3895421;1493;0
11;19;78;10;49;14;75;4.60;4;2;1;57;0;3895475;225;0
11;19;78;10;49;15;80;3.20;1;1;1;53;0;3895580;131;0
11;19;78;10;49;16;6;3.60;3;2;1;60;0;3895606;731;0
11;19;78;10;49;16;40;3.80;4;2;1;57;0;3895640;135;0
11;19;78;10;49;17;93;3.80;4;2;1;58;0;3895793;129;0
11;19;78;10;49;19;56;3.40;3;2;1;62;0;3895956;328;0
11;19;78;10;49;20;52;3.60;4;2;1;56;0;3896052;235;0
11;19;78;10;49;21;86;3.60;3;2;1;60;0;3896186;210;0
11;19;78;10;49;22;10;3.60;4;2;1;59;0;3896210;134;0
11;19;78;10;49;23;42;3.60;3;2;1;62;0;3896342;134;0
11;19;78;10;49;24;95;3.00;4;2;1;58;0;3896495;263;0
11;19;78;10;49;25;81;6.80;3;2;1;56;0;3896581;218;0
11;19;78;10;49;26;56;3.60;4;2;1;57;0;3896656;142;0
11;19;78;10;49;27;69;6.20;4;2;1;53;0;3896769;90;0
11;19;78;10;49;28;14;3.40;3;2;1;56;0;3896814;189;0
11;19;78;10;49;28;98;3.20;3;2;1;54;0;3896898;62;0
11;19;78;10;49;29;7;3.80;4;2;1;53;0;3896907;95;0
11;19;78;10;49;31;9;4.00;4;2;1;53;0;3897109;176;3896495
11;19;78;10;49;32;58;3.60;4;2;1;51;0;3897258;121;3896495
11;19;78;10;49;33;74;3.40;4;2;1;52;0;3897374;90;3896495
11;19;78;10;49;34;41;5.40;3;2;1;57;0;3897441;521;0
11;19;78;10;49;35;41;3.60;4;2;1;52;0;3897541;143;3896495
11;19;78;10;49;35;83;3.60;3;2;1;58;0;3897583;107;3896495
11;19;78;10;49;37;8;5.20;4;2;1;56;0;3897708;142;3896495
11;19;78;10;49;38;55;3.60;3;2;1;60;0;3897855;249;0
11;19;78;10;49;47;28;3.60;2;1;1;60;0;3898728;3566;0
11;19;78;10;49;54;20;3.20;4;2;1;65;0;3899420;1678;0
11;19;78;10;49;55;4;3.40;4;2;1;62;0;3899504;66;0
11;19;78;10;49;59;65;4.40;4;2;1;58;0;3899965;441;0
11;19;78;10;50;10;31;4.00;2;1;1;59;0;3901031;2281;0
11;19;78;10;50;10;74;3.00;1;1;1;59;0;3901074;5472;0
11;19;78;10;50;12;12;3.20;3;2;1;60;0;3901212;3335;0
11;19;78;10;50;14;0;3.40;3;2;1;59;0;3901400;168;0
11;19;78;10;50;15;20;4.60;4;2;1;59;0;3901520;1527;0
11;19;78;10;50;15;61;4.20;1;1;1;61;0;3901561;468;0
11;19;78;10;50;16;76;6.00;4;2;1;59;0;3901676;127;0
11;19;78;10;50;18;88;3.40;4;2;1;58;0;3901888;175;0
11;19;78;10;50;19;93;3.80;2;1;1;56;0;3901993;937;0
11;19;78;10;50;19;95;4.20;1;1;1;55;0;3901995;409;0
11;19;78;10;50;20;2;1.60;3;2;0;49;1;3902002;581;0
11;19;78;10;50;20;74;3.00;1;1;1;53;0;3902074;51;0
11;19;78;10;50;21;72;2.40;1;1;1;54;0;3902172;77;0
11;19;78;10;50;22;76;3.40;1;1;1;57;0;3902276;88;0
11;19;78;10;50;24;15;5.20;1;1;1;56;0;3902415;117;3901995
11;19;78;10;50;25;15;3.60;4;2;1;55;0;3902515;605;0
11;19;78;10;50;25;26;4.00;1;1;1;53;0;3902526;77;3901995
11;19;78;10;50;28;78;3.80;1;1;1;60;0;3902878;324;0
11;19;78;10;50;29;52;4.40;1;1;1;60;0;3902952;51;0
11;19;78;10;50;29;61;3.80;2;1;1;53;0;3902961;943;0
11;19;78;10;50;31;25;3.40;2;1;1;57;0;3903125;138;0
11;19;78;10;50;31;70;3.60;1;1;1;54;0;3903170;191;0
11;19;78;10;50;33;13;3.20;4;2;1;61;0;3903313;774;0
11;19;78;10;50;33;52;3.80;2;1;1;54;0;3903352;205;0
11;19;78;10;50;35;17;4.40;1;1;1;55;0;3903517;323;0
11;19;78;10;50;36;31;13.00;1;1;3;54;0;3903631;85;0
11;19;78;10;50;38;26;3.40;4;2;1;60;0;3903826;494;0
11;19;78;10;50;38;48;3.20;1;1;1;51;0;3903848;130;0
11;19;78;10;50;40;23;3.60;1;1;1;49;0;3904023;152;0
11;19;78;10;50;41;38;3.20;1;1;1;48;0;3904138;88;3903517
11;19;78;10;50;41;84;4.00;2;1;1;57;0;3904184;806;0
11;19;78;10;50;42;82;3.80;2;1;1;56;0;3904282;72;0
11;19;78;10;50;42;74;3.80;1;1;1;47;0;3904274;112;3903517
11;19;78;10;50;44;95;4.40;1;1;1;47;0;3904495;191;3903517
11;19;78;10;50;45;61;7.80;2;1;2;54;0;3904561;254;0
11;19;78;10;50;46;33;3.60;1;1;1;45;0;3904633;104;3903517
11;19;78;10;50;46;43;4.00;4;2;1;59;0;3904643;796;0
11;19;78;10;50;47;86;3.20;3;2;1;64;0;3904786;3365;0
11;19;78;10;50;48;47;3.40;4;2;1;63;0;3904847;179;0
11;19;78;10;50;49;19;3.80;1;1;1;56;0;3904919;257;0
11;19;78;10;50;49;66;3.80;2;1;1;47;0;3904966;353;0
11;19;78;10;50;49;95;3.20;3;2;1;60;0;3904995;191;0
11;19;78;10;50;50;22;3.20;4;2;1;57;0;3905022;155;0
11;19;78;10;50;52;75;3.60;3;2;1;61;0;3905275;260;0
11;19;78;10;50;53;87;4.00;2;1;1;56;0;3905387;391;0
11;19;78;10;50;54;13;3.40;4;2;1;53;0;3905413;370;0
11;19;78;10;50;54;41;3.20;1;1;1;51;0;3905441;497;0
11;19;78;10;50;54;62;3.60;3;2;1;57;0;3905462;165;0
11;19;78;10;50;55;14;3.80;2;1;1;53;0;3905514;101;0
11;19;78;10;50;55;83;3.60;2;1;1;53;0;3905583;43;0
11;19;78;10;50;56;39;3.60;4;2;1;57;0;3905639;202;0
11;19;78;10;50;57;90;3.60;4;2;1;55;0;3905790;128;0
11;19;78;10;50;58;1;4.00;1;1;1;53;0;3905801;337;0
11;19;78;10;50;58;63;3.60;3;2;1;61;0;3905863;378;0
11;19;78;10;50;59;30;3.60;4;2;1;57;0;3905930;116;0
11;19;78;10;50;59;81;3.40;1;1;1;49;0;3905981;152;0
11;19;78;10;51;0;1;3.40;3;2;1;58;0;3906001;116;0
11;19;78;10;51;0;92;3.80;4;2;1;55;0;3906092;139;0
11;19;78;10;51;2;51;4.00;4;2;1;57;0;3906251;134;3905639
11;19;78;10;51;2;61;3.00;3;2;1;59;0;3906261;238;0
11;19;78;10;51;3;76;3.60;1;1;1;52;0;3906376;370;0
11;19;78;10;51;3;95;3.80;3;2;1;56;0;3906395;115;0
11;19;78;10;51;5;18;3.40;3;2;1;56;0;3906518;98;0
11;19;78;10;51;5;80;5.20;1;1;1;52;0;3906580;179;0
11;19;78;10;51;5;85;10.40;4;2;2;53;0;3906585;308;0
11;19;78;10;51;6;43;3.80;3;2;1;56;0;3906643;103;0
11;19;78;10;51;7;28;3.60;3;2;1;56;0;3906728;60;3906261
11;19;78;10;51;8;48;3.60;4;2;1;50;0;3906848;192;3906261
11;19;78;10;51;8;86;4.60;3;2;1;56;0;3906886;134;3906261
11;19;78;10;51;9;86;3.60;4;2;1;52;0;3906986;112;3906261
11;19;78;10;51;10;34;3.40;1;1;1;45;0;3907034;418;0
11;19;78;10;51;10;63;3.40;3;2;1;58;0;3907063;147;3906261
11;19;78;10;51;11;15;4.60;4;2;1;51;0;3907115;104;3906261
11;19;78;10;51;14;6;3.20;3;2;1;59;0;3907406;321;0
11;19;78;10;51;14;22;3.20;1;1;1;53;0;3907422;360;0
11;19;78;10;51;14;92;3.80;3;2;1;58;0;3907492;66;0
11;19;78;10;51;14;54;9.60;4;2;2;51;0;3907454;306;0
11;19;78;10;51;16;6;4.80;1;1;1;53;0;3907606;162;0
11;19;78;10;51;16;96;4.00;4;2;1;50;0;3907696;174;0
11;19;78;10;51;17;48;4.00;1;1;1;51;0;3907748;109;0
11;19;78;10;51;18;63;4.20;4;2;1;49;0;3907863;138;0
11;19;78;10;51;20;39;3.20;2;1;1;58;0;3908039;2431;0
11;19;78;10;51;20;93;3.20;1;1;1;56;0;3908093;316;0
11;19;78;10;51;21;44;3.40;2;1;1;55;0;3908144;85;0
11;19;78;10;51;22;13;3.40;4;2;1;52;0;3908213;319;0
11;19;78;10;51;22;23;5.60;2;1;1;54;0;3908223;56;0
11;19;78;10;51;22;67;3.80;1;1;1;59;0;3908267;153;0
11;19;78;10;51;29;80;3.40;1;1;1;54;0;3908980;689;0
11;19;78;10;51;31;26;3.80;2;1;1;55;0;3909126;865;0
11;19;78;10;51;32;26;3.00;3;2;1;64;0;3909226;1710;0
11;19;78;10;51;33;22;3.60;3;2;1;62;0;3909322;79;0
11;19;78;10;51;36;33;3.60;2;1;1;60;0;3909633;482;0
11;19;78;10;51;37;27;3.80;4;2;1;60;0;3909727;1490;0
11;19;78;10;51;37;41;3.60;1;1;1;59;0;3909741;738;0
11;19;78;10;51;38;58;4.00;3;2;1;64;0;3909858;515;0
11;19;78;10;51;39;30;4.40;4;2;1;60;0;3909930;180;0
11;19;78;10;51;40;97;3.60;3;2;1;60;0;3910097;216;0
11;19;78;10;51;46;88;4.00;1;1;1;58;0;3910688;925;0
11;19;78;10;51;47;56;4.00;2;1;1;58;0;3910756;1101;0
11;19;78;10;51;53;58;3.60;4;2;1;59;0;3911358;1401;0
11;19;78;10;51;56;27;3.40;1;1;1;54;0;3911627;914;0
11;19;78;10;52;0;9;3.00;4;2;1;61;0;3912009;629;0
11;19;78;10;52;0;43;5.20;3;2;1;60;0;3912043;1924;0
11;19;78;10;52;3;57;5.40;4;2;1;56;0;3912357;330;0
11;19;78;10;52;5;67;3.80;4;2;1;55;0;3912567;175;0
11;19;78;10;52;7;2;5.00;4;2;1;56;0;3912702;110;0
11;19;78;10;52;9;98;3.40;3;2;1;69;0;3912998;923;0
11;19;78;10;52;13;87;3.00;4;2;1;47;0;3913387;652;0
11;19;78;10;52;21;16;4.00;1;1;1;55;0;3914116;2466;0
11;19;78;10;52;21;47;3.60;2;1;1;58;0;3914147;3366;0
11;19;78;10;52;22;72;4.00;4;2;1;66;0;3914272;862;0
11;19;78;10;52;24;38;3.20;2;1;1;52;0;3914438;268;0
11;19;78;10;52;24;59;3.60;1;1;1;53;0;3914459;316;0
11;19;78;10;52;25;35;3.40;1;1;1;51;0;3914535;51;0
11;19;78;10;52;27;42;3.60;2;1;1;52;0;3914742;281;0
11;19;78;10;52;27;68;3.60;3;2;1;58;0;3914768;1752;0
11;19;78;10;52;28;99;3.60;4;2;1;60;0;3914899;605;0
11;19;78;10;52;29;34;4.20;2;1;1;58;0;3914934;167;0
11;19;78;10;52;31;33;3.60;4;2;1;59;0;3915133;212;0
11;19;78;10;52;32;4;3.60;4;2;1;59;0;3915204;49;0
11;19;78;10;52;32;10;3.00;3;2;1;54;0;3915210;419;0
11;19;78;10;52;31;70;9.40;1;1;2;53;0;3915170;611;0
11;19;78;10;52;32;50;3.60;2;1;1;56;0;3915250;289;0
11;19;78;10;52;33;81;3.40;3;2;1;54;0;3915381;151;0
11;19;78;10;52;33;76;3.40;1;1;1;51;0;3915376;142;0
11;19;78;10;52;34;65;3.80;1;1;1;50;0;3915465;65;0
11;19;78;10;52;34;91;5.60;3;2;1;53;0;3915491;87;0
11;19;78;10;52;35;21;3.00;4;2;1;60;0;3915521;295;0
11;19;78;10;52;36;55;3.80;3;2;1;53;0;3915655;125;0
11;19;78;10;52;36;82;3.20;2;1;1;49;0;3915682;408;0
11;19;78;10;52;37;10;4.00;4;2;1;57;0;3915710;171;0
11;19;78;10;52;37;15;2.80;1;1;1;46;0;3915715;222;0
11;19;78;10;52;38;30;3.60;2;1;1;49;0;3915830;124;0
11;19;78;10;52;38;47;3.40;1;1;1;49;0;3915847;110;0
11;19;78;10;52;38;74;3.80;3;2;1;55;0;3915874;193;3915210
11;19;78;10;52;39;22;3.80;2;1;1;47;0;3915922;65;3915210
11;19;78;10;52;39;53;4.40;4;2;1;57;0;3915953;217;0
11;19;78;10;52;40;20;3.80;3;2;1;57;0;3916020;121;3915210
11;19;78;10;52;40;54;3.20;2;1;1;48;0;3916054;102;3915210
11;19;78;10;52;40;59;3.40;1;1;1;50;0;3916059;187;3915210
11;19;78;10;52;41;46;6.00;4;2;2;56;0;3916146;165;3915210
11;19;78;10;52;42;56;3.60;1;1;1;50;0;3916256;172;3915210
11;19;78;10;52;43;18;3.40;3;2;1;56;0;3916318;274;0
11;19;78;10;52;43;81;3.60;1;1;1;51;0;3916381;99;3915715
11;19;78;10;52;44;19;7.00;3;2;2;57;0;3916419;79;3915715
11;19;78;10;52;45;43;3.40;1;1;1;48;0;3916543;136;3915715
11;19;78;10;52;46;50;5.20;4;2;1;58;0;3916650;465;0
11;19;78;10;52;47;32;3.60;1;1;1;49;0;3916732;163;3915715
11;19;78;10;52;48;6;5.20;4;2;1;54;0;3916806;123;3915715
11;19;78;10;52;49;21;3.60;1;1;1;47;0;3916921;162;3915715
11;19;78;10;52;50;23;4.40;4;2;1;56;0;3917023;182;3915715
11;19;78;10;52;50;99;5.20;1;1;1;47;0;3917099;150;3915715
11;19;78;10;52;53;11;4.00;1;1;1;45;0;3917311;172;3915715
11;19;78;10;52;54;60;4.60;1;1;1;44;0;3917460;117;3915715
11;19;78;10;52;55;7;3.80;2;1;1;61;0;3917507;1429;0
11;19;78;10;52;55;95;7.80;1;1;2;43;0;3917595;97;3915715
11;19;78;10;52;56;81;3.20;2;1;1;59;0;3917681;151;3915715
11;19;78;10;52;58;1;3.60;1;1;1;44;0;3917801;140;3915715
11;19;78;10;53;2;70;7.20;1;1;2;50;0;3918270;439;0
11;19;78;10;53;3;24;3.20;2;1;1;56;0;3918324;623;0
11;19;78;10;53;4;41;5.20;1;1;1;51;0;3918441;119;0
11;19;78;10;53;5;77;3.60;1;1;1;50;0;3918577;99;0
11;19;78;10;53;6;3;3.40;2;1;1;58;0;3918603;258;0
11;19;78;10;53;8;93;3.60;1;1;1;54;0;3918893;290;0
11;19;78;10;53;10;21;3.80;1;1;1;53;0;3919021;104;0
11;19;78;10;53;12;65;3.20;1;1;1;51;0;3919265;218;0
11;19;78;10;53;14;23;3.60;2;1;1;55;0;3919423;798;0
11;19;78;10;53;14;90;3.00;3;2;1;60;0;3919490;3026;0
11;19;78;10;53;17;5;3.80;1;1;1;58;0;3919705;417;0
11;19;78;10;53;18;90;3.60;1;1;1;54;0;3919890;161;0
11;19;78;10;53;20;32;8.60;1;1;2;56;0;3920032;118;0
11;19;78;10;53;23;62;3.60;2;1;1;58;0;3920362;915;0
11;19;78;10;53;24;86;3.60;1;1;1;54;0;3920486;398;0
11;19;78;10;53;27;3;3.20;2;1;1;57;0;3920703;318;0
11;19;78;10;53;29;58;4.60;1;1;1;58;0;3920958;448;0
11;19;78;10;53;34;62;3.40;4;2;1;58;0;3921462;4410;0
11;19;78;10;53;35;16;3.20;1;1;1;59;0;3921516;529;0
11;19;78;10;53;36;74;4.00;1;1;1;63;0;3921674;138;0
11;19;78;10;53;37;67;3.40;3;2;1;44;0;3921767;2259;0
11;19;78;10;53;45;65;4.20;2;1;1;60;0;3922565;1841;0
11;19;78;10;53;58;11;3.80;4;2;1;68;0;3923811;2327;0
11;19;78;10;54;2;29;3.60;4;2;1;63;0;3924229;397;0
11;19;78;10;54;2;56;2.80;3;2;1;58;0;3924256;2461;0
11;19;78;10;54;4;41;3.80;4;2;1;60;0;3924441;191;0
11;19;78;10;54;6;19;3.80;3;2;1;61;0;3924619;345;0
11;19;78;10;54;6;72;3.20;4;2;1;58;0;3924672;208;0
11;19;78;10;54;7;53;3.60;3;2;1;62;0;3924753;111;0
11;19;78;10;54;7;69;5.20;4;2;1;59;0;3924769;77;0
11;19;78;10;54;8;53;3.00;4;2;1;58;0;3924853;52;0
11;19;78;10;54;11;68;3.60;4;2;1;55;0;3925168;296;0
11;19;78;10;54;12;91;4.60;4;2;1;56;0;3925291;99;0
11;19;78;10;54;14;43;3.80;4;2;1;54;0;3925443;122;0
11;19;78;10;54;14;72;3.60;3;2;1;63;0;3925472;698;0
11;19;78;10;54;16;33;3.40;2;1;1;57;0;3925633;3042;0
11;19;78;10;54;17;56;3.80;4;2;1;57;0;3925756;287;0
11;19;78;10;54;18;11;3.40;3;2;1;65;0;3925811;318;0
11;19;78;10;54;20;60;3.40;1;1;1;58;0;3926060;4363;0
11;19;78;10;54;22;14;3.60;3;2;1;64;0;3926214;384;0
11;19;78;10;54;22;37;3.60;4;2;1;59;0;3926237;457;0
11;19;78;10;54;23;51;4.00;1;1;1;54;0;3926351;269;0
11;19;78;10;54;25;0;3.60;3;2;1;65;0;3926500;265;0
11;19;78;10;54;25;57;3.60;4;2;1;56;0;3926557;298;0
11;19;78;10;54;26;64;3.40;3;2;1;61;0;3926664;144;0
11;19;78;10;54;28;77;3.20;4;2;1;53;0;3926877;296;0
11;19;78;10;54;29;38;3.40;3;2;1;53;0;3926938;253;0
11;19;78;10;54;30;68;3.40;3;2;1;55;0;3927068;106;0
11;19;78;10;54;30;67;3.60;2;1;1;52;0;3927067;1412;0
11;19;78;10;54;32;17;3.80;2;1;1;53;0;3927217;125;0
11;19;78;10;54;32;38;3.40;1;1;1;57;0;3927238;860;0
11;19;78;10;54;32;38;3.80;3;2;1;54;0;3927238;147;0
11;19;78;10;54;34;4;3.40;2;1;1;54;0;3927404;161;0
11;19;78;10;54;35;75;3.80;1;1;1;58;0;3927575;315;0
11;19;78;10;54;38;61;3.60;2;1;1;54;0;3927861;434;0
11;19;78;10;54;40;5;3.60;2;1;1;54;0;3928005;120;0
11;19;78;10;54;40;16;4.80;1;1;1;54;0;3928016;417;0
11;19;78;10;54;41;83;3.60;1;1;1;54;0;3928183;135;0
11;19;78;10;54;42;12;6.60;2;1;1;53;0;3928212;183;0
11;19;78;10;54;43;40;3.20;1;1;1;51;0;3928340;133;0
11;19;78;10;54;44;3;3.80;2;1;1;53;0;3928403;146;0
11;19;78;10;54;44;43;3.80;1;1;1;50;0;3928443;80;0
11;19;78;10;54;44;90;5.40;2;1;1;53;0;3928490;61;3927861
11;19;78;10;54;45;47;4.80;1;1;1;51;0;3928547;76;3928016
11;19;78;10;54;46;70;3.80;1;1;1;51;0;3928670;89;3928016
11;19;78;10;54;49;32;6.60;1;1;1;51;0;3928932;235;0
11;19;78;10;54;51;58;2.80;3;2;1;64;0;3929158;1894;0
11;19;78;10;54;53;7;3.40;1;1;1;46;0;3929307;328;0
11;19;78;10;54;53;51;3.00;4;2;1;59;0;3929351;2452;0
11;19;78;10;54;54;50;5.40;2;1;1;60;0;3929450;923;0
11;19;78;10;54;54;23;7.60;1;1;2;46;0;3929423;89;0
11;19;78;10;54;56;46;3.80;1;1;1;48;0;3929646;163;0
11;19;78;10;54;57;10;3.80;4;2;1;62;0;3929710;340;0
11;19;78;10;54;57;38;7.20;1;1;1;48;0;3929738;63;0
11;19;78;10;54;58;19;3.00;2;1;1;52;0;3929819;336;0
11;19;78;10;54;58;60;4.40;1;1;1;51;0;3929860;68;3929307
11;19;78;10;54;58;86;3.40;2;1;1;52;0;3929886;46;3929307
11;19;78;10;54;59;76;3.00;1;1;1;50;0;3929976;84;3929307
11;19;78;10;54;59;79;11.20;2;1;2;50;0;3929979;69;3929307
11;19;78;10;55;1;33;3.80;2;1;1;50;0;3930133;73;3929307
11;19;78;10;55;3;9;3.60;1;1;1;58;0;3930309;311;0
11;19;78;10;55;5;37;3.40;2;1;1;50;0;3930537;376;0
11;19;78;10;55;8;30;3.40;2;1;1;54;0;3930830;268;0
11;19;78;10;55;11;21;3.60;1;1;1;58;0;3931121;789;0
11;19;78;10;55;14;31;12.40;1;1;2;53;0;3931431;287;0
11;19;78;10;55;16;8;3.60;4;2;1;57;0;3931608;1875;0
11;19;78;10;55;16;47;3.80;3;2;1;65;0;3931647;2473;0
11;19;78;10;55;17;36;3.00;4;2;1;56;0;3931736;105;0
11;19;78;10;55;17;67;4.80;1;1;1;61;0;3931767;251;0
11;19;78;10;55;30;12;3.20;1;1;1;59;0;3933012;1216;0
11;19;78;10;55;32;60;3.40;4;2;1;62;0;3933260;1504;0
11;19;78;10;55;33;16;3.40;1;1;1;60;0;3933316;284;0
11;19;78;10;55;37;89;3.20;3;2;1;60;0;3933789;2120;0
11;19;78;10;55;39;14;3.40;1;1;1;57;0;3933914;577;0
11;19;78;10;55;41;48;3.40;1;1;1;54;0;3934148;212;0
11;19;78;10;55;44;60;4.40;1;1;1;54;0;3934460;289;0
11;19;78;10;55;44;77;3.60;4;2;1;60;0;3934477;1197;0
11;19;78;10;55;45;21;3.80;2;1;1;58;0;3934521;3668;0
11;19;78;10;55;45;74;3.20;1;1;1;53;0;3934574;84;0
11;19;78;10;55;47;19;3.60;1;1;1;53;0;3934719;123;0
11;19;78;10;55;46;70;12.60;4;2;3;54;0;3934670;171;0
11;19;78;10;55;47;68;3.00;3;2;1;63;0;3934768;959;0
11;19;78;10;55;49;23;3.80;4;2;1;59;0;3934923;169;0
11;19;78;10;55;49;72;4.60;1;1;1;54;0;3934972;228;0
11;19;78;10;55;50;10;3.60;3;2;1;63;0;3935010;224;0
11;19;78;10;55;51;24;3.20;3;2;1;61;0;3935124;93;0
11;19;78;10;55;51;59;3.20;4;2;1;60;0;3935159;212;0
11;19;78;10;55;51;26;16.40;1;1;4;52;0;3935126;123;0
11;19;78;10;55;53;51;3.60;1;1;1;50;0;3935351;111;0
11;19;78;10;55;53;60;3.60;2;1;1;57;0;3935360;815;0
11;19;78;10;55;54;91;6.20;4;2;1;58;0;3935491;312;0
11;19;78;10;55;55;94;4.00;2;1;1;54;0;3935594;211;0
11;19;78;10;55;56;59;3.60;1;1;1;56;0;3935659;282;0
11;19;78;10;55;56;71;3.60;4;2;1;57;0;3935671;141;0
11;19;78;10;55;58;56;4.40;4;2;1;53;0;3935856;162;0
11;19;78;10;55;58;86;3.60;3;2;1;58;0;3935886;743;0
11;19;78;10;55;59;60;6.20;4;2;1;53;0;3935960;74;0
11;19;78;10;56;1;16;3.60;3;2;1;54;0;3936116;207;0
11;19;78;10;56;2;52;3.80;3;2;1;56;0;3936252;112;0
11;19;78;10;56;3;8;3.40;4;2;1;55;0;3936308;305;0
11;19;78;10;56;4;60;3.60;3;2;1;61;0;3936460;183;0
11;19;78;10;56;4;99;3.60;4;2;1;52;0;3936499;168;0
11;19;78;10;56;8;96;5.20;4;2;1;54;0;3936896;372;0
11;19;78;10;56;9;68;3.00;1;1;1;57;0;3936968;1285;0
11;19;78;10;56;22;5;3.60;2;1;1;61;0;3938205;2584;0
11;19;78;10;56;25;22;3.60;1;1;1;59;0;3938522;1535;0
11;19;78;10;56;32;7;4.40;1;1;1;61;0;3939207;663;0
11;19;78;10;56;38;49;3.40;1;1;1;54;0;3939849;616;0
11;19;78;10;56;40;80;3.20;2;1;1;60;0;3940080;1853;0
11;19;78;10;56;40;95;3.20;1;1;1;52;0;3940095;223;0
11;19;78;10;56;43;32;3.20;4;2;1;59;0;3940332;3401;0
11;19;78;10;56;44;42;3.60;2;1;1;51;0;3940442;342;0
11;19;78;10;56;45;27;3.80;1;1;1;54;0;3940527;409;0
11;19;78;10;56;46;5;3.40;2;1;1;52;0;3940605;137;0
11;19;78;10;56;47;4;2.80;4;2;1;64;0;3940704;352;0
11;19;78;10;56;48;60;4.40;4;2;1;65;0;3940860;140;0
11;19;78;10;56;50;90;4.60;4;2;1;61;0;3941090;205;0
11;19;78;10;56;51;70;3.20;3;2;1;62;0;3941170;4688;0
11;19;78;10;56;52;15;3.80;1;1;1;43;0;3941215;662;0
11;19;78;10;56;53;18;3.80;4;2;1;56;0;3941318;200;0
11;19;78;10;56;53;22;4.60;2;1;1;54;0;3941322;693;0
11;19;78;10;56;55;0;3.60;1;1;1;47;0;3941500;253;0
11;19;78;10;56;55;72;3.40;4;2;1;66;0;3941572;229;0
11;19;78;10;56;55;69;4.40;2;1;1;48;0;3941569;216;0
11;19;78;10;56;56;59;3.40;1;1;1;48;0;3941659;131;0
11;19;78;10;56;59;95;3.60;2;1;1;52;0;3941995;393;0
11;19;78;10;57;0;35;3.40;1;1;1;49;0;3942035;350;0
11;19;78;10;57;2;9;10.40;1;1;2;57;0;3942209;149;0
11;19;78;10;57;5;15;3.80;2;1;1;52;0;3942515;495;0
11;19;78;10;57;5;76;3.80;1;1;1;58;0;3942576;301;0
11;19;78;10;57;7;99;3.20;2;1;1;57;0;3942799;257;0
11;19;78;10;57;8;67;4.20;1;1;1;60;0;3942867;267;0
11;19;78;10;57;12;13;3.60;2;1;1;59;0;3943213;393;0
11;19;78;10;57;12;59;3.40;1;1;1;55;0;3943259;366;0
11;19;78;10;57;13;11;3.00;4;2;1;56;0;3943311;1720;0
11;19;78;10;57;13;55;3.60;2;1;1;59;0;3943355;120;0
11;19;78;10;57;15;23;3.40;4;2;1;59;0;3943523;192;0
11;19;78;10;57;17;77;3.80;3;2;1;67;0;3943777;2588;0
11;19;78;10;57;17;96;3.60;1;1;1;51;0;3943796;514;0
11;19;78;10;57;19;10;4.20;1;1;1;52;0;3943910;88;0
11;19;78;10;57;19;46;3.40;4;2;1;62;0;3943946;402;0
11;19;78;10;57;22;58;3.40;4;2;1;60;0;3944258;292;0
11;19;78;10;57;24;21;3.40;3;2;1;62;0;3944421;623;0
11;19;78;10;57;25;13;3.20;4;2;1;59;0;3944513;234;0
11;19;78;10;57;26;27;3.80;4;2;1;58;0;3944627;94;0
11;19;78;10;57;28;49;3.60;3;2;1;62;0;3944849;408;0
11;19;78;10;57;30;72;3.60;3;2;1;65;0;3945072;202;0
11;19;78;10;57;31;60;4.20;4;2;1;57;0;3945160;509;0
11;19;78;10;57;32;83;3.60;3;2;1;62;0;3945283;191;0
11;19;78;10;57;35;13;3.40;3;2;1;56;0;3945513;209;0
11;19;78;10;57;36;23;3.20;4;2;1;58;0;3945623;436;0
11;19;78;10;57;37;39;4.60;3;2;1;56;0;3945739;204;0
11;19;78;10;57;38;23;3.40;1;1;1;55;0;3945823;1883;0
11;19;78;10;57;38;45;4.00;4;2;1;58;0;3945845;202;0
11;19;78;10;57;38;85;5.20;3;2;1;55;0;3945885;116;0
11;19;78;10;57;40;20;3.80;4;2;1;57;0;3946020;150;0
11;19;78;10;57;41;44;3.60;3;2;1;57;0;3946144;224;0
11;19;78;10;57;42;87;3.80;3;2;1;59;0;3946287;120;0
11;19;78;10;57;44;10;3.40;1;1;1;62;0;3946410;564;0
11;19;78;10;57;45;10;3.00;3;2;1;57;0;3946510;199;0
11;19;78;10;57;45;37;3.60;4;2;1;50;0;3946537;493;0
11;19;78;10;57;48;25;3.60;1;1;1;57;0;3946825;395;0
11;19;78;10;57;49;36;3.40;1;1;1;56;0;3946936;88;0
11;19;78;10;57;50;97;4.00;2;1;1;62;0;3947097;3720;0
11;19;78;10;57;51;8;3.40;1;1;1;58;0;3947108;150;0
11;19;78;10;57;53;1;3.60;1;1;1;57;0;3947301;171;0
11;19;78;10;57;53;33;5.60;2;1;1;54;0;3947333;212;0
11;19;78;10;57;55;3;3.20;2;1;1;55;0;3947503;132;0
11;19;78;10;57;56;48;3.40;2;1;1;56;0;3947648;124;0
11;19;78;10;57;57;69;5.60;2;1;1;56;0;3947769;99;0
11;19;78;10;57;58;88;3.20;1;1;1;53;0;3947888;564;0
11;19;78;10;58;0;45;3.80;2;1;1;57;0;3948045;240;0
11;19;78;10;58;1;43;9.20;1;1;2;58;0;3948143;233;0
11;19;78;10;58;3;0;4.40;1;1;1;56;0;3948300;99;0
11;19;78;10;58;4;28;3.20;2;1;1;55;0;3948428;359;0
11;19;78;10;58;5;71;3.80;2;1;1;54;0;3948571;122;0
11;19;78;10;58;6;27;3.60;1;1;1;54;0;3948627;298;0
11;19;78;10;58;7;69;3.40;1;1;1;55;0;3948769;118;0
11;19;78;10;58;10;94;4.00;1;1;1;61;0;3949094;302;0
11;19;78;10;58;11;99;3.40;2;1;1;59;0;3949199;602;0
11;19;78;10;58;14;66;3.40;1;1;1;53;0;3949466;348;0
11;19;78;10;58;16;83;3.60;1;1;1;54;0;3949683;193;0
11;19;78;10;58;20;41;3.60;2;1;1;57;0;3950041;821;0
11;19;78;10;58;20;74;3.60;1;1;1;57;0;3950074;367;0
11;19;78;10;58;21;92;3.40;2;1;1;58;0;3950192;128;0
11;19;78;10;58;23;54;3.80;1;1;1;54;0;3950354;257;0
11;19;78;10;58;24;31;3.20;2;1;1;56;0;3950431;217;0
11;19;78;10;58;27;32;3.40;1;1;1;49;0;3950732;352;0
11;19;78;10;58;28;88;3.80;2;1;1;54;0;3950888;436;0
11;19;78;10;58;28;87;3.60;3;2;1;62;0;3950887;4358;0
11;19;78;10;58;30;36;4.20;4;2;1;50;0;3951036;4473;0
11;19;78;10;58;31;14;3.60;3;2;1;57;0;3951114;206;0
11;19;78;10;58;31;25;3.60;1;1;1;51;0;3951125;368;0
11;19;78;10;58;32;24;3.60;2;1;1;57;0;3951224;310;0
11;19;78;10;58;33;71;3.60;1;1;1;60;0;3951371;220;0
11;19;78;10;58;37;70;3.20;4;2;1;55;0;3951770;703;0
11;19;78;10;58;38;71;4.60;4;2;1;64;0;3951871;80;0
11;19;78;10;58;39;52;14.40;1;1;4;50;0;3951952;559;0
11;19;78;10;58;40;96;3.80;4;2;1;60;0;3952096;199;0
11;19;78;10;58;42;40;3.40;2;1;1;58;0;3952240;993;0
11;19;78;10;58;44;49;4.40;1;1;1;49;0;3952449;393;0
11;19;78;10;58;45;27;4.00;2;1;1;55;0;3952527;265;0
11;19;78;10;58;45;73;3.40;4;2;1;65;0;3952573;454;0
11;19;78;10;58;45;90;4.40;1;1;1;50;0;3952590;108;0
11;19;78;10;58;48;42;4.00;4;2;1;56;0;3952842;250;0
11;19;78;10;58;53;8;3.80;4;2;1;56;0;3953308;440;0
11;19;78;10;58;55;77;3.40;4;2;1;53;0;3953577;244;0
11;19;78;10;58;56;60;3.40;2;1;1;56;0;3953660;1106;0
11;19;78;10;58;58;12;3.80;1;1;1;53;0;3953812;1190;0
11;19;78;10;59;1;11;3.40;1;1;1;49;0;3954111;273;0
11;19;78;10;59;1;42;4.20;2;1;1;46;0;3954142;460;0
11;19;78;10;59;3;23;3.60;4;2;1;64;0;3954323;722;0
11;19;78;10;59;7;22;3.80;3;2;1;62;0;3954722;3585;0
11;19;78;10;59;7;74;3.40;4;2;1;60;0;3954774;430;0
11;19;78;10;59;8;25;4.40;1;1;1;49;0;3954825;689;0
11;19;78;10;59;8;64;3.60;3;2;1;60;0;3954864;119;0
11;19;78;10;59;9;21;3.40;4;2;1;60;0;3954921;126;0
11;19;78;10;59;9;22;9.80;2;1;2;54;0;3954922;747;0
11;19;78;10;59;10;10;4.00;1;1;1;49;0;3955010;152;0
11;19;78;10;59;10;45;3.60;4;2;1;61;0;3955045;103;0
11;19;78;10;59;10;37;4.60;3;2;1;61;0;3955037;151;0
11;19;78;10;59;11;87;7.20;3;2;2;62;0;3955187;122;0
11;19;78;10;59;13;35;3.20;4;2;1;61;0;3955335;268;0
11;19;78;10;59;14;51;4.20;3;2;1;62;0;3955451;222;0
11;19;78;10;59;16;96;3.80;3;2;1;62;0;3955696;220;0
11;19;78;10;59;17;37;3.20;4;2;1;55;0;3955737;383;0
11;19;78;10;59;19;32;16.40;4;2;4;55;0;3955932;174;0
11;19;78;10;59;21;62;4.40;4;2;1;55;0;3956162;122;0
11;19;78;10;59;23;69;3.20;3;2;1;63;0;3956369;650;0
11;19;78;10;59;23;73;3.60;4;2;1;58;0;3956373;182;0
11;19;78;10;59;25;37;3.60;3;2;1;60;0;3956537;149;0
11;19;78;10;59;26;39;3.60;3;2;1;58;0;3956639;80;0
11;19;78;10;59;27;96;3.00;4;2;1;57;0;3956796;400;0
11;19;78;10;59;32;20;3.40;4;2;1;54;0;3957220;405;0
11;19;78;10;59;32;23;3.80;1;1;1;59;0;3957223;2183;0
11;19;78;10;59;40;83;4.60;4;2;1;53;0;3958083;840;0
11;19;78;10;59;41;75;3.20;1;1;1;53;0;3958175;928;0
11;19;78;10;59;42;65;3.80;1;1;1;51;0;3958265;68;0
11;19;78;10;59;44;22;3.60;1;1;1;55;0;3958422;130;0
11;19;78;10;59;44;71;4.40;2;1;1;59;0;3958471;3483;0
11;19;78;10;59;46;84;3.60;2;1;1;61;0;3958684;186;0
11;19;78;10;59;47;31;3.80;1;1;1;50;0;3958731;285;0
11;19;78;10;59;51;13;3.40;1;1;1;51;0;3959113;354;0
11;19;78;10;59;52;47;3.20;1;1;1;52;0;3959247;110;0
11;19;78;10;59;53;80;3.80;2;1;1;62;0;3959380;674;0
11;19;78;10;59;54;42;3.80;1;1;1;53;0;3959442;172;0
11;19;78;10;59;55;40;3.60;1;1;1;53;0;3959540;72;0
11;19;78;10;59;56;72;3.60;1;1;1;49;0;3959672;107;3959113
11;19;78;10;59;58;5;4.20;1;1;1;49;0;3959805;106;3959113
11;19;78;10;59;58;88;4.40;1;1;1;49;0;3959888;52;3959113
11;19;78;11;0;0;50;3.60;1;1;1;51;0;3960050;129;3959113
11;19;78;11;0;0;95;4.60;4;2;1;59;0;3960095;1980;0
11;19;78;11;0;8;61;3.80;1;1;1;59;0;3960861;785;0
11;19;78;11;0;15;19;3.80;4;2;1;62;0;3961519;1395;0
11;19;78;11;0;15;21;5.00;3;2;1;67;0;3961521;4859;0
11;19;78;11;0;15;78;3.80;1;1;1;56;0;3961578;693;0
11;19;78;11;0;17;53;3.20;4;2;1;59;0;3961753;211;0
11;19;78;11;0;19;46;3.80;4;2;1;57;0;3961946;173;0
11;19;78;11;0;22;15;3.40;1;1;1;54;0;3962215;612;0
11;19;78;11;0;22;64;3.80;4;2;1;62;0;3962264;294;0
11;19;78;11;0;23;65;3.40;2;1;1;56;0;3962365;2962;0
11;19;78;11;0;23;90;3.40;1;1;1;50;0;3962390;152;0
11;19;78;11;0;26;5;4.20;1;1;1;54;0;3962605;190;0
11;19;78;11;0;27;42;4.00;1;1;1;53;0;3962742;109;0
11;19;78;11;0;28;97;4.00;1;1;1;54;0;3962897;127;3962215
11;19;78;11;0;31;95;3.00;1;1;1;53;0;3963195;271;0
11;19;78;11;0;32;57;3.80;3;2;1;61;0;3963257;1709;0
11;19;78;11;0;33;13;12.40;4;2;3;51;0;3963313;1026;0
11;19;78;11;0;34;56;3.60;1;1;1;57;0;3963456;240;0
11;19;78;11;0;45;13;4.80;3;2;1;61;0;3964513;1233;0
11;19;78;11;0;47;1;3.60;3;2;1;63;0;3964701;159;0
11;19;78;11;0;46;98;3.20;4;2;0;67;1;3964698;1297;0
11;19;78;11;0;48;94;3.20;4;2;1;58;0;3964894;1493;0
11;19;78;11;0;49;78;4.20;4;2;1;58;0;3964978;64;0
11;19;78;11;0;50;12;13.20;1;1;3;50;0;3965012;1533;0
11;19;78;11;0;52;9;3.20;3;2;1;57;0;3965209;487;0
11;19;78;11;0;53;19;4.60;3;2;1;54;0;3965319;89;0
11;19;78;11;0;53;47;4.60;4;2;1;68;0;3965347;342;0
11;19;78;11;0;54;74;3.20;3;2;1;57;0;3965474;124;0
11;19;78;11;0;57;14;3.60;3;2;1;57;0;3965714;219;0
11;19;78;11;0;56;92;23.60;4;2;5;58;0;3965692;320;0
11;19;78;11;0;59;67;3.60;3;2;1;58;0;3965967;230;0
11;19;78;11;1;1;50;3.20;3;2;1;64;0;3966150;160;0
11;19;78;11;1;2;43;3.60;4;2;1;55;0;3966243;404;0
11;19;78;11;1;3;3;3.60;1;1;1;55;0;3966303;1195;0
11;19;78;11;1;4;16;3.40;3;2;1;61;0;3966416;248;0
11;19;78;11;1;4;22;3.60;1;1;1;56;0;3966422;95;0
11;19;78;11;1;4;59;3.40;2;1;1;57;0;3966459;4072;0
11;19;78;11;1;5;83;3.00;4;2;1;50;0;3966583;316;0
11;19;78;11;1;6;37;3.80;1;1;1;60;0;3966637;191;0
11;19;78;11;1;6;95;3.60;2;1;1;56;0;3966695;214;0
11;19;78;11;1;7;99;5.20;3;2;1;62;0;3966799;362;0
11;19;78;11;1;9;18;3.40;4;2;1;54;0;3966918;313;0
11;19;78;11;1;10;54;5.40;1;1;1;53;0;3967054;394;0
11;19;78;11;1;11;23;3.40;3;2;1;60;0;3967123;293;0
11;19;78;11;1;11;21;3.60;4;2;1;54;0;3967121;180;0
11;19;78;11;1;12;40;3.60;4;2;1;53;0;3967240;95;0
11;19;78;11;1;14;75;4.00;4;2;1;56;0;3967475;210;0
11;19;78;11;1;15;91;3.60;1;1;1;56;0;3967591;500;0
11;19;78;11;1;17;63;4.20;1;1;1;58;0;3967763;148;0
11;19;78;11;1;33;80;4.00;1;1;1;57;0;3969380;1590;0
11;19;78;11;1;36;19;4.20;3;2;1;64;0;3969619;2475;0
11;19;78;11;1;45;63;3.60;2;1;1;56;0;3970563;3844;0
11;19;78;11;1;50;8;3.60;3;2;1;64;0;3971008;1365;0
11;19;78;11;1;50;21;3.40;4;2;1;60;0;3971021;3520;0
11;19;78;11;1;52;18;3.60;3;2;1;62;0;3971218;189;0
11;19;78;11;1;55;5;4.20;4;2;1;56;0;3971505;463;0
11;19;78;11;1;57;17;4.00;4;2;1;54;0;3971717;185;0
11;19;78;11;1;59;27;14.40;4;2;3;56;0;3971927;183;0
11;19;78;11;2;9;81;11.60;4;2;2;59;0;3972981;961;0
11;19;78;11;2;19;60;3.60;1;1;1;60;0;3973960;4554;0
11;19;78;11;2;19;96;3.60;2;1;1;60;0;3973996;3409;0
11;19;78;11;2;20;87;3.80;1;1;1;58;0;3974087;105;0
11;19;78;11;2;21;57;4.00;4;2;1;60;0;3974157;1105;0
11;19;78;11;2;22;58;3.60;1;1;1;56;0;3974258;147;0
11;19;78;11;2;23;20;3.60;3;2;1;66;0;3974320;3081;0
11;19;78;11;2;23;48;4.00;4;2;1;61;0;3974348;167;0
11;19;78;11;2;24;27;3.20;3;2;1;63;0;3974427;87;0
11;19;78;11;2;25;42;3.80;4;2;1;58;0;3974542;170;0
11;19;78;11;2;25;42;3.20;2;1;1;56;0;3974542;524;0
11;19;78;11;2;26;8;3.80;3;2;1;64;0;3974608;162;0
11;19;78;11;2;26;3;3.80;1;1;1;51;0;3974603;321;0
11;19;78;11;2;26;54;3.60;2;1;1;57;0;3974654;91;0
11;19;78;11;2;27;27;5.20;3;2;1;60;0;3974727;97;0
11;19;78;11;2;27;54;3.20;4;2;1;59;0;3974754;188;0
11;19;78;11;2;27;47;3.60;1;1;1;50;0;3974747;117;0
11;19;78;11;2;28;57;3.80;1;1;1;50;0;3974857;84;0
11;19;78;11;2;29;3;3.60;4;2;1;57;0;3974903;129;3974157
11;19;78;11;2;29;17;10.40;3;2;2;64;0;3974917;158;3974320
11;19;78;11;2;29;75;3.60;1;1;1;48;0;3974975;90;3974320
11;19;78;11;2;30;17;4.40;4;2;1;56;0;3975017;91;3974157
11;19;78;11;2;31;7;3.60;2;1;1;54;0;3975107;430;0
11;19;78;11;2;31;14;3.60;1;1;1;57;0;3975114;112;3974603
11;19;78;11;2;32;11;4.00;4;2;1;55;0;3975211;165;3974157
11;19;78;11;2;32;62;3.80;3;2;1;59;0;3975262;286;0
11;19;78;11;2;34;13;3.60;4;2;1;54;0;3975413;175;3974157
11;19;78;11;2;37;18;4.40;3;2;1;59;0;3975718;432;0
11;19;78;11;2;37;41;3.80;2;1;1;61;0;3975741;610;0
11;19;78;11;2;37;59;3.60;4;2;1;58;0;3975759;322;0
11;19;78;11;2;38;90;3.80;3;2;1;58;0;3975890;145;0
11;19;78;11;2;40;50;3.40;2;1;1;56;0;3976050;286;0
11;19;78;11;2;40;95;3.60;3;2;1;59;0;3976095;181;0
11;19;78;11;2;40;87;11.40;1;1;3;53;0;3976087;950;0
11;19;78;11;2;42;96;5.20;2;1;1;62;0;3976296;224;0
11;19;78;11;2;43;41;3.00;1;1;1;46;0;3976341;176;0
11;19;78;11;2;43;64;9.60;4;2;2;54;0;3976364;582;0
11;19;78;11;2;44;23;3.20;3;2;1;58;0;3976423;306;0
11;19;78;11;2;45;41;3.60;1;1;1;43;0;3976541;176;0
11;19;78;11;2;45;80;3.80;3;2;1;56;0;3976580;137;0
11;19;78;11;2;47;2;4.40;3;2;1;57;0;3976702;97;0
11;19;78;11;2;46;83;9.60;1;1;6;41;0;3976683;111;0
11;19;78;11;2;46;82;9.20;4;2;2;54;0;3976682;254;0
11;19;78;11;2;48;64;3.40;1;1;1;44;0;3976864;96;3976087
11;19;78;11;2;48;94;2.80;3;2;1;59;0;3976894;164;3976087
11;19;78;11;2;50;19;3.20;1;1;1;45;0;3977019;127;3976087
11;19;78;11;2;51;44;3.20;1;1;1;46;0;3977144;99;3976087
11;19;78;11;2;51;68;3.60;2;1;1;50;0;3977168;841;0
11;19;78;11;2;54;7;3.60;2;1;1;62;0;3977407;213;0
11;19;78;11;2;54;77;4.40;1;1;1;47;0;3977477;307;0
11;19;78;11;2;55;31;10.80;2;1;7;60;0;3977531;103;0
11;19;78;11;3;7;56;3.80;3;2;1;69;0;3978756;1844;0
11;19;78;11;3;9;31;11.00;1;1;2;61;0;3978931;1420;0
11;19;78;11;3;9;84;3.20;4;2;1;62;0;3978984;2240;0
11;19;78;11;3;9;89;3.80;2;1;1;61;0;3978989;1393;0
11;19;78;11;3;14;0;9.40;1;1;2;62;0;3979400;404;0
11;19;78;11;3;18;85;4.00;2;1;1;57;0;3979885;873;0
11;19;78;11;3;19;74;4.00;1;1;1;58;0;3979974;519;0
11;19;78;11;3;19;93;5.00;4;2;1;57;0;3979993;990;0
11;19;78;11;3;25;21;4.20;1;1;1;62;0;3980521;522;0
11;19;78;11;3;25;17;3.60;4;2;1;62;0;3980517;492;0
11;19;78;11;3;27;34;3.40;4;2;1;57;0;3980734;196;0
11;19;78;11;3;27;89;4.80;2;1;1;58;0;3980789;878;0
11;19;78;11;3;28;8;4.40;3;2;1;61;0;3980808;2032;0
11;19;78;11;3;29;18;3.20;2;1;1;57;0;3980918;99;0
11;19;78;11;3;30;99;3.40;4;2;1;60;0;3981099;343;0
11;19;78;11;3;31;19;3.60;2;1;1;53;0;3981119;180;0
11;19;78;11;3;32;77;3.40;1;1;1;54;0;3981277;731;0
11;19;78;11;3;34;41;3.40;4;2;1;56;0;3981441;321;0
11;19;78;11;3;35;47;3.60;3;2;1;64;0;3981547;713;0
11;19;78;11;3;56;73;4.40;4;2;1;63;0;3983673;2210;0
11;19;78;11;4;1;54;3.60;4;2;1;64;0;3984154;455;0
11;19;78;11;4;2;72;3.60;3;2;1;65;0;3984272;2704;0
11;19;78;11;4;6;27;3.60;4;2;1;61;0;3984627;452;0
11;19;78;11;4;6;52;3.80;3;2;1;54;0;3984652;360;0
11;19;78;11;4;8;35;3.40;4;2;1;60;0;3984835;186;0
11;19;78;11;4;9;25;3.40;1;1;1;58;0;3984925;3625;0
11;19;78;11;4;10;27;9.60;3;2;2;64;0;3985027;349;0
11;19;78;11;4;11;16;10.80;4;2;2;59;0;3985116;260;0
11;19;78;11;4;12;17;3.40;3;2;1;64;0;3985217;136;0
11;19;78;11;4;13;58;3.80;4;2;1;58;0;3985358;176;0
11;19;78;11;4;16;49;4.60;3;2;1;64;0;3985649;412;0
11;19;78;11;4;17;7;4.40;4;2;1;59;0;3985707;325;0
11;19;78;11;4;17;92;3.80;3;2;1;65;0;3985792;117;0
11;19;78;11;4;19;67;4.00;4;2;1;50;0;3985967;233;0
11;19;78;11;4;21;38;3.00;4;2;1;49;0;3986138;142;0
11;19;78;11;4;25;19;10.40;4;2;2;62;0;3986519;358;0
11;19;78;11;4;28;92;4.60;2;1;1;57;0;3986892;5748;0
11;19;78;11;4;29;41;4.40;4;2;1;61;0;3986941;361;0
11;19;78;11;4;35;28;3.40;2;1;1;56;0;3987528;606;0
11;19;78;11;4;38;21;3.80;2;1;1;58;0;3987821;271;0
11;19;78;11;4;38;53;3.80;1;1;1;57;0;3987853;2906;0
11;19;78;11;4;39;25;3.80;2;1;1;55;0;3987925;80;0
11;19;78;11;4;40;23;3.80;2;1;1;57;0;3988023;73;0
11;19;78;11;4;41;12;3.80;1;1;1;57;0;3988112;235;0
11;19;78;11;4;42;20;3.00;2;1;1;55;0;3988220;173;0
11;19;78;11;4;42;75;3.60;1;1;1;55;0;3988275;139;0
11;19;78;11;4;42;97;3.80;2;1;1;56;0;3988297;57;3987821
11;19;78;11;4;44;17;3.60;1;1;1;54;0;3988417;118;3987821
11;19;78;11;4;45;87;4.20;1;1;1;51;0;3988587;146;3987821
11;19;78;11;4;46;30;3.40;2;1;1;57;0;3988630;308;0
11;19;78;11;4;47;37;2.80;1;1;1;50;0;3988737;120;3988112
11;19;78;11;4;48;61;3.20;1;1;1;58;0;3988861;103;3988112
11;19;78;11;4;49;89;8.60;1;1;2;57;0;3988989;108;3988112
11;19;78;11;4;52;98;3.80;2;1;1;54;0;3989298;646;0
11;19;78;11;4;56;78;3.00;1;1;1;51;0;3989678;634;0
11;19;78;11;4;58;40;3.80;2;1;1;57;0;3989840;516;0
11;19;78;11;4;58;49;3.60;1;1;1;49;0;3989849;149;0
11;19;78;11;5;0;16;3.60;2;1;1;52;0;3990016;152;0
11;19;78;11;5;0;27;5.00;1;1;1;48;0;3990027;151;0
11;19;78;11;5;2;14;11.20;1;1;3;46;0;3990214;149;0
11;19;78;11;5;2;91;5.00;2;1;1;53;0;3990291;250;0
11;19;78;11;5;4;32;3.20;2;1;1;56;0;3990432;107;0
11;19;78;11;5;4;26;3.80;1;1;1;44;0;3990426;124;3989678
11;19;78;11;5;6;43;3.60;1;1;1;43;0;3990643;185;3989678
11;19;78;11;5;6;99;3.60;4;2;1;57;0;3990699;3732;0
11;19;78;11;5;7;68;3.40;3;2;1;62;0;3990768;4954;0
11;19;78;11;5;7;79;5.80;2;1;1;48;0;3990779;326;0
11;19;78;11;5;7;98;4.00;1;1;1;39;0;3990798;124;3989678
11;19;78;11;5;10;10;3.00;4;2;1;56;0;3991010;288;0
11;19;78;11;5;10;4;4.00;2;1;1;53;0;3991004;181;0
11;19;78;11;5;10;8;9.60;1;1;2;40;0;3991008;173;3989678
11;19;78;11;5;13;64;3.80;4;2;1;59;0;3991364;334;0
11;19;78;11;5;17;95;3.80;2;1;1;64;0;3991795;763;0
11;19;78;11;5;18;82;4.60;1;1;1;58;0;3991882;787;0
11;19;78;11;5;20;60;3.20;1;1;1;59;0;3992060;149;0
11;19;78;11;5;30;47;4.60;2;1;1;60;0;3993047;1230;0
11;19;78;11;5;30;70;4.60;1;1;1;56;0;3993070;990;0
11;19;78;11;5;32;48;3.80;1;1;1;55;0;3993248;148;0
11;19;78;11;5;34;82;12.60;4;2;3;56;0;3993482;2094;0
11;19;78;11;5;35;10;4.60;1;1;1;57;0;3993510;237;0
11;19;78;11;5;36;34;3.20;3;2;1;56;0;3993634;2846;0
11;19;78;11;5;37;9;3.80;1;1;1;56;0;3993709;169;0
11;19;78;11;5;38;30;3.40;1;1;1;51;0;3993830;96;0
11;19;78;11;5;38;37;3.20;4;2;1;53;0;3993837;274;0
11;19;78;11;5;40;33;3.20;4;2;1;57;0;3994033;174;0
11;19;78;11;5;41;88;3.40;1;1;1;54;0;3994188;334;0
11;19;78;11;5;42;39;4.40;4;2;1;64;0;3994239;185;0
11;19;78;11;5;43;18;3.20;3;2;1;63;0;3994318;663;0
11;19;78;11;5;43;70;3.80;1;1;1;55;0;3994370;159;0
11;19;78;11;5;44;26;3.60;4;2;1;61;0;3994426;162;0
11;19;78;11;5;45;69;3.40;4;2;1;59;0;3994569;121;3993837
11;19;78;11;5;46;79;4.20;3;2;1;62;0;3994679;342;0
11;19;78;11;5;47;70;4.20;4;2;1;58;0;3994770;180;3993837
11;19;78;11;5;49;66;3.40;4;2;1;57;0;3994966;169;3993837
11;19;78;11;5;49;69;3.40;1;1;1;58;0;3994969;574;0
11;19;78;11;5;49;80;3.80;3;2;1;61;0;3994980;276;0
11;19;78;11;5;50;90;3.40;4;2;1;57;0;3995090;102;3993837
11;19;78;11;5;50;99;3.60;3;2;1;64;0;3995099;96;3993837
11;19;78;11;5;55;13;3.80;3;2;1;62;0;3995513;393;0
11;19;78;11;5;55;7;3.60;4;2;1;53;0;3995507;395;0
11;19;78;11;5;55;26;10.40;1;1;2;59;0;3995526;535;0
11;19;78;11;5;57;35;3.60;4;2;1;53;0;3995735;203;0
11;19;78;11;5;58;18;3.60;3;2;1;60;0;3995818;282;0
11;19;78;11;5;58;86;3.00;4;2;1;56;0;3995886;126;0
11;19;78;11;5;59;95;4.40;3;2;1;59;0;3995995;155;0
11;19;78;11;6;0;98;3.60;4;2;1;56;0;3996098;192;0
11;19;78;11;6;1;98;3.40;4;2;1;57;0;3996198;76;0
11;19;78;11;6;3;70;3.40;3;2;1;61;0;3996370;348;0
11;19;78;11;6;5;20;3.20;3;2;1;64;0;3996520;129;0
11;19;78;11;6;5;15;8.20;4;2;2;55;0;3996515;295;0
11;19;78;11;6;7;16;4.40;3;2;1;64;0;3996716;178;0
11;19;78;11;6;7;39;3.60;4;2;1;54;0;3996739;170;0
11;19;78;11;6;10;6;3.40;3;2;1;60;0;3997006;265;0
11;19;78;11;6;10;56;4.60;4;2;1;54;0;3997056;293;0
11;19;78;11;6;11;76;3.80;3;2;1;61;0;3997176;149;0
11;19;78;11;6;12;43;3.40;4;2;1;54;0;3997243;156;0
11;19;78;11;6;13;37;3.40;3;2;1;60;0;3997337;138;0
11;19;78;11;6;13;72;3.20;4;2;1;53;0;3997372;106;0
11;19;78;11;6;14;56;5.40;4;2;1;54;0;3997456;62;0
11;19;78;11;6;31;73;3.40;1;1;1;58;0;3999173;3583;0
11;19;78;11;6;35;39;3.40;1;1;1;55;0;3999539;344;0
11;19;78;11;6;40;83;4.20;1;1;1;55;0;4000083;521;0
11;19;78;11;6;43;7;3.00;1;1;1;52;0;4000307;196;0
11;19;78;11;6;43;99;3.60;3;2;1;61;0;4000399;3041;0
11;19;78;11;6;46;44;3.20;4;2;1;48;0;4000644;3152;0
11;19;78;11;6;47;31;4.20;2;1;1;62;0;4000731;7656;0
11;19;78;11;6;56;86;3.00;1;1;1;52;0;4001686;1358;0
11;19;78;11;6;55;85;21.40;2;1;5;60;0;4001585;829;0
11;19;78;11;6;58;24;3.20;1;1;1;51;0;4001824;117;0
11;19;78;11;6;58;42;4.80;2;1;1;58;0;4001842;128;0
11;19;78;11;6;58;60;3.60;4;2;1;57;0;4001860;1192;0
11;19;78;11;6;58;84;3.80;3;2;1;56;0;4001884;1463;0
11;19;78;11;6;59;24;3.80;1;1;1;52;0;4001924;77;0
11;19;78;11;7;0;29;3.80;3;2;1;57;0;4002029;120;0
11;19;78;11;7;0;30;3.60;1;1;1;50;0;4002030;79;0
11;19;78;11;7;1;12;3.60;4;2;1;55;0;4002112;229;0
11;19;78;11;7;1;15;3.60;1;1;1;48;0;4002115;59;4001686
11;19;78;11;7;1;64;3.60;2;1;1;59;0;4002164;292;0
11;19;78;11;7;3;40;3.20;1;1;1;47;0;4002340;198;4001686
11;19;78;11;7;3;47;3.40;2;1;1;53;0;4002347;161;4001686
11;19;78;11;7;4;83;3.60;2;1;1;54;0;4002483;112;4001686
11;19;78;11;7;5;5;11.00;1;1;7;50;0;4002505;140;4001686
11;19;78;11;7;6;15;3.60;2;1;1;52;0;4002615;108;4001686
11;19;78;11;7;7;5;4.60;1;1;1;51;0;4002705;120;4001686
11;19;78;11;7;8;49;3.60;2;1;1;61;0;4002849;209;0
11;19;78;11;7;9;30;3.40;1;1;1;50;0;4002930;192;4001686
11;19;78;11;7;12;44;11.80;1;1;2;51;0;4003244;289;0
11;19;78;11;7;15;30;3.60;1;1;1;50;0;4003530;202;0
11;19;78;11;7;16;57;3.60;1;1;1;50;0;4003657;101;0
11;19;78;11;7;16;74;3.80;2;1;1;62;0;4003674;803;0
11;19;78;11;7;18;14;3.40;1;1;1;49;0;4003814;131;0
11;19;78;11;7;19;39;3.60;2;1;1;59;0;4003939;242;0
11;19;78;11;7;20;54;3.60;2;1;1;61;0;4004054;93;0
11;19;78;11;7;20;41;13.00;1;1;2;50;0;4004041;202;0
11;19;78;11;7;22;22;3.40;1;1;1;48;0;4004222;87;0
11;19;78;11;7;24;17;3.20;2;1;1;57;0;4004417;341;0
11;19;78;11;7;24;37;3.00;1;1;1;49;0;4004437;189;0
11;19;78;11;7;25;42;3.80;4;2;1;61;0;4004542;2406;0
11;19;78;11;7;26;52;4.20;2;1;1;58;0;4004652;214;0
11;19;78;11;7;28;46;3.40;1;1;1;59;0;4004846;386;0
11;19;78;11;7;29;58;4.00;1;1;1;58;0;4004958;91;0
11;19;78;11;7;33;39;7.80;2;1;6;52;0;4005339;660;0
11;19;78;11;7;34;65;3.60;3;2;1;65;0;4005465;3412;0
11;19;78;11;7;35;46;3.80;4;2;1;67;0;4005546;981;0
11;19;78;11;7;35;67;4.00;1;1;1;57;0;4005567;584;0
11;19;78;11;7;37;10;3.40;4;2;1;61;0;4005710;143;0
11;19;78;11;7;37;39;4.80;1;1;1;54;0;4005739;146;0
11;19;78;11;7;38;21;3.00;3;2;1;65;0;4005821;336;0
11;19;78;11;7;38;75;12.00;4;2;2;50;0;4005875;144;0
11;19;78;11;7;41;13;3.40;3;2;1;59;0;4006113;275;0
11;19;78;11;7;41;52;3.40;4;2;1;54;0;4006152;190;0
11;19;78;11;7;42;29;5.20;3;2;1;59;0;4006229;95;0
11;19;78;11;7;43;5;3.60;4;2;1;53;0;4006305;130;4005546
11;19;78;11;7;43;72;3.40;3;2;1;60;0;4006372;111;4005546
11;19;78;11;7;44;54;3.60;4;2;1;54;0;4006454;124;4005546
11;19;78;11;7;45;53;4.60;2;1;1;58;0;4006553;1160;0
11;19;78;11;7;45;88;3.60;4;2;1;52;0;4006588;110;4005546
11;19;78;11;7;45;88;4.80;1;1;1;47;0;4006588;817;0
11;19;78;11;7;47;5;3.80;4;2;1;54;0;4006705;92;4005546
11;19;78;11;7;48;39;3.40;3;2;1;59;0;4006839;446;0
11;19;78;11;7;48;25;3.40;1;1;1;47;0;4006825;200;0
11;19;78;11;7;49;44;3.40;1;1;1;45;0;4006944;92;0
11;19;78;11;7;49;66;3.80;4;2;1;53;0;4006966;235;0
11;19;78;11;7;50;13;3.60;3;2;1;57;0;4007013;153;0
11;19;78;11;7;50;59;2.80;1;1;1;44;0;4007059;87;0
11;19;78;11;7;50;87;4.60;4;2;1;56;0;4007087;95;0
11;19;78;11;7;51;30;3.80;3;2;1;57;0;4007130;94;0
11;19;78;11;7;52;43;3.40;3;2;1;57;0;4007243;89;0
11;19;78;11;7;53;77;3.00;3;2;1;55;0;4007377;112;4006839
11;19;78;11;7;54;13;8.40;4;2;2;51;0;4007413;296;0
11;19;78;11;7;54;66;3.00;1;1;1;55;0;4007466;384;0
11;19;78;11;7;55;66;3.80;3;2;1;53;0;4007566;169;4006839
11;19;78;11;7;55;73;4.00;4;2;1;51;0;4007573;100;4006839
11;19;78;11;7;56;74;4.80;3;2;1;53;0;4007674;82;4006839
11;19;78;11;7;58;58;3.60;3;2;1;54;0;4007858;151;4006839
11;19;78;11;7;59;14;4.40;1;1;1;62;0;4007914;428;0
11;19;78;11;7;59;72;3.60;3;2;1;54;0;4007972;90;4006839
11;19;78;11;8;0;48;3.40;4;2;1;51;0;4008048;446;0
11;19;78;11;8;2;15;3.80;4;2;1;52;0;4008215;143;0
11;19;78;11;8;2;53;3.80;3;2;1;48;0;4008253;257;0
11;19;78;11;8;4;34;3.60;4;2;1;51;0;4008434;192;0
11;19;78;11;8;5;34;4.20;4;2;1;51;0;4008534;74;0
11;19;78;11;8;6;27;4.00;1;1;1;61;0;4008627;687;0
11;19;78;11;8;6;79;3.60;2;1;1;56;0;4008679;2097;0
11;19;78;11;8;8;29;3.80;1;1;1;61;0;4008829;178;0
11;19;78;11;8;12;54;3.80;1;1;1;58;0;4009254;402;0
11;19;78;11;8;13;87;3.40;2;1;1;56;0;4009387;684;0
11;19;78;11;8;15;3;3.40;4;2;1;56;0;4009503;939;0
11;19;78;11;8;21;26;3.20;4;2;1;58;0;4010126;601;0
11;19;78;11;8;24;51;3.60;4;2;1;56;0;4010451;305;0
11;19;78;11;8;27;2;3.40;4;2;1;56;0;4010702;227;0
11;19;78;11;8;39;26;3.00;3;2;1;64;0;4011926;3644;0
11;19;78;11;8;39;75;3.20;4;2;1;57;0;4011975;1251;0
11;19;78;11;8;41;86;4.80;4;2;1;57;0;4012186;190;0
11;19;78;11;8;42;31;3.20;1;1;1;53;0;4012231;2953;0
11;19;78;11;8;42;54;3.20;2;1;1;56;0;4012254;2845;0
11;19;78;11;8;43;91;3.60;1;1;1;51;0;4012391;138;0
11;19;78;11;8;44;82;3.40;4;2;1;51;0;4012482;265;0
11;19;78;11;8;45;42;4.20;1;1;1;53;0;4012542;125;0
11;19;78;11;8;46;14;6.00;2;1;1;52;0;4012614;339;0
11;19;78;11;8;46;87;3.60;4;2;1;50;0;4012687;181;0
11;19;78;11;8;47;18;3.40;1;1;1;52;0;4012718;147;0
11;19;78;11;8;49;19;3.60;1;1;1;51;0;4012919;177;4012231
11;19;78;11;8;50;49;3.60;1;1;1;51;0;4013049;104;4012231
11;19;78;11;8;50;60;3.40;3;2;1;54;0;4013060;1117;0
11;19;78;11;8;54;19;3.40;1;1;1;51;0;4013419;344;0
11;19;78;11;8;56;26;3.80;1;1;1;50;0;4013626;183;0
11;19;78;11;8;57;11;3.60;2;1;1;57;0;4013711;1055;0
11;19;78;11;8;57;97;3.20;1;1;1;50;0;4013797;143;0
11;19;78;11;9;0;9;4.60;2;1;1;66;0;4014009;275;0
11;19;78;11;9;3;63;3.60;4;2;1;62;0;4014363;1650;0
11;19;78;11;9;4;18;3.80;3;2;1;69;0;4014418;1335;0
11;19;78;11;9;4;80;3.20;1;1;1;55;0;4014480;659;0
11;19;78;11;9;5;27;4.00;2;1;1;59;0;4014527;492;0
11;19;78;11;9;5;46;4.00;4;2;1;64;0;4014546;162;0
11;19;78;11;9;6;61;3.80;1;1;1;53;0;4014661;160;0
11;19;78;11;9;8;6;3.00;3;2;1;66;0;4014806;368;0
11;19;78;11;9;8;18;3.60;1;1;1;51;0;4014818;131;0
11;19;78;11;9;8;86;5.40;4;2;1;70;0;4014886;317;0
11;19;78;11;9;10;58;4.80;3;2;1;67;0;4015058;235;0
11;19;78;11;9;12;14;4.60;4;2;1;58;0;4015214;300;0
11;19;78;11;9;13;61;3.80;3;2;1;62;0;4015361;277;0
11;19;78;11;9;13;99;5.60;4;2;1;58;0;4015399;156;0
11;19;78;11;9;14;29;4.20;1;1;1;65;0;4015429;585;0
11;19;78;11;9;14;81;3.60;3;2;1;62;0;4015481;97;0
11;19;78;11;9;16;7;3.60;3;2;1;60;0;4015607;105;0
11;19;78;11;9;16;33;3.60;4;2;1;57;0;4015633;199;0
11;19;78;11;9;17;97;3.60;1;1;1;60;0;4015797;344;0
11;19;78;11;9;18;32;3.40;3;2;1;62;0;4015832;203;0
11;19;78;11;9;19;4;3.40;1;1;1;57;0;4015904;85;0
11;19;78;11;9;20;3;3.60;3;2;1;59;0;4016003;151;0
11;19;78;11;9;20;78;3.40;4;2;1;60;0;4016078;422;0
11;19;78;11;9;23;49;3.60;1;1;1;67;0;4016349;423;0
11;19;78;11;9;25;52;3.40;4;2;1;52;0;4016552;453;0
11;19;78;11;9;26;16;3.40;2;1;1;59;0;4016616;2064;0
11;19;78;11;9;28;9;9.40;4;2;2;51;0;4016809;233;0
11;19;78;11;9;29;86;3.80;2;1;1;62;0;4016986;349;0
11;19;78;11;9;36;7;5.60;2;1;1;54;0;4017607;598;0
11;19;78;11;9;39;8;3.80;2;1;1;57;0;4017908;263;0
11;19;78;11;9;39;87;4.40;1;1;1;54;0;4017987;1618;0
11;19;78;11;9;43;84;4.00;1;1;1;73;0;4018384;367;0
11;19;78;11;9;43;90;3.80;2;1;1;59;0;4018390;458;0
11;19;78;11;9;49;82;3.60;1;1;1;51;0;4018982;578;0
11;19;78;11;9;50;59;2.80;4;2;1;60;0;4019059;2183;0
11;19;78;11;9;51;97;3.40;1;1;1;51;0;4019197;189;0
11;19;78;11;9;52;81;5.00;4;2;1;63;0;4019281;205;0
11;19;78;11;9;53;23;4.00;2;1;1;55;0;4019323;909;0
11;19;78;11;9;53;63;3.60;1;1;1;52;0;4019363;142;0
11;19;78;11;9;55;78;3.60;1;1;1;54;0;4019578;190;0
11;19;78;11;9;58;64;3.60;1;1;1;54;0;4019864;262;0
11;19;78;11;10;11;15;3.40;4;2;1;60;0;4021115;1805;0
11;19;78;11;10;12;83;3.40;3;2;1;63;0;4021283;5258;0
11;19;78;11;10;13;8;5.20;4;2;1;61;0;4021308;172;0
11;19;78;11;10;15;44;3.40;3;2;1;59;0;4021544;241;0
11;19;78;11;10;16;96;3.20;4;2;1;59;0;4021696;357;0
11;19;78;11;10;33;24;4.00;2;1;1;65;0;4023324;3974;0
11;19;78;11;10;39;74;3.80;1;1;1;58;0;4023974;4086;0
11;19;78;11;10;39;60;11.60;2;1;7;62;0;4023960;613;0
11;19;78;11;10;43;82;4.00;1;1;1;57;0;4024382;384;0
11;19;78;11;10;44;31;3.80;2;1;1;55;0;4024431;403;0
11;19;78;11;10;44;61;5.60;4;2;1;60;0;4024461;2745;0
11;19;78;11;10;46;40;3.20;2;1;1;54;0;4024640;184;0
11;19;78;11;10;46;44;17.00;1;1;4;58;0;4024644;236;0
11;19;78;11;10;47;57;3.60;2;1;1;57;0;4024757;95;0
11;19;78;11;10;47;82;3.80;3;2;1;61;0;4024782;3217;0
11;19;78;11;10;49;21;3.80;3;2;1;62;0;4024921;116;0
11;19;78;11;10;50;29;3.40;4;2;1;57;0;4025029;534;0
11;19;78;11;10;51;80;3.40;3;2;1;60;0;4025180;236;0
11;19;78;11;10;52;24;3.80;2;1;1;57;0;4025224;444;0
11;19;78;11;10;52;62;5.00;4;2;1;54;0;4025262;211;0
11;19;78;11;10;53;37;3.00;1;1;1;61;0;4025337;587;0
11;19;78;11;10;53;36;4.00;3;2;1;62;0;4025336;135;0
11;19;78;11;10;54;76;4.20;4;2;1;54;0;4025476;180;0
11;19;78;11;10;54;96;3.60;1;1;1;57;0;4025496;141;0
11;19;78;11;10;55;60;3.40;3;2;1;57;0;4025560;200;0
11;19;78;11;10;56;23;3.40;4;2;1;53;0;4025623;119;0
11;19;78;11;10;56;9;8.60;1;1;2;55;0;4025609;90;0
11;19;78;11;10;56;61;3.80;2;1;1;57;0;4025661;413;0
11;19;78;11;10;57;80;3.40;1;1;1;54;0;4025780;114;0
11;19;78;11;10;58;57;4.20;3;2;1;62;0;4025857;275;0
11;19;78;11;10;58;99;3.80;1;1;1;54;0;4025899;96;4025337
11;19;78;11;10;58;51;6.40;4;2;1;53;0;4025851;204;0
11;19;78;11;10;59;54;3.40;3;2;1;58;0;4025954;72;0
11;19;78;11;10;59;64;3.80;2;1;1;51;0;4025964;279;0
11;19;78;11;11;0;87;3.40;2;1;1;55;0;4026087;96;0
11;19;78;11;11;1;16;3.20;4;2;1;56;0;4026116;221;0
11;19;78;11;11;1;12;8.20;1;1;2;52;0;4026112;187;4025337
11;19;78;11;11;2;17;5.20;2;1;1;54;0;4026217;107;4025337
11;19;78;11;11;2;64;3.60;1;1;1;51;0;4026264;95;4025337
11;19;78;11;11;3;28;3.80;4;2;1;57;0;4026328;191;4025337
11;19;78;11;11;3;78;3.80;2;1;1;55;0;4026378;126;4025337
11;19;78;11;11;4;65;3.60;1;1;1;49;0;4026465;175;4025337
11;19;78;11;11;4;84;4.20;4;2;1;55;0;4026484;132;4025337
11;19;78;11;11;4;96;4.40;3;2;1;57;0;4026496;520;0
11;19;78;11;11;6;30;3.60;1;1;1;47;0;4026630;138;4025337
11;19;78;11;11;6;89;3.60;4;2;1;54;0;4026689;177;4025337
11;19;78;11;11;7;62;3.40;1;1;1;45;0;4026762;104;4025337
11;19;78;11;11;9;43;3.80;1;1;1;44;0;4026943;153;4025337
11;19;78;11;11;12;46;3.80;1;1;1;56;0;4027246;271;0
11;19;78;11;11;13;27;3.60;2;1;1;60;0;4027327;924;0
11;19;78;11;11;23;39;14.80;1;1;3;58;0;4028339;1068;0
11;19;78;11;11;26;94;10.00;1;1;2;56;0;4028694;263;0
11;19;78;11;11;39;49;3.20;1;1;1;59;0;4029949;1190;0
11;19;78;11;11;41;98;4.00;4;2;1;56;0;4030198;3485;0
11;19;78;11;11;47;20;3.60;1;1;1;48;0;4030720;751;0
11;19;78;11;11;48;62;3.40;4;2;1;64;0;4030862;638;0
11;19;78;11;11;55;26;3.60;4;2;1;59;0;4031526;644;0
11;19;78;11;11;56;83;3.80;4;2;1;59;0;4031683;135;0
11;19;78;11;11;58;58;3.60;4;2;1;60;0;4031858;151;0
11;19;78;11;11;59;78;3.00;3;2;1;51;0;4031978;5454;0
11;19;78;11;12;1;3;6.20;4;2;1;56;0;4032103;223;0
11;19;78;11;12;5;66;3.60;4;2;1;55;0;4032566;423;0
11;19;78;11;12;6;13;4.00;3;2;1;67;0;4032613;613;0
11;19;78;11;12;6;66;3.80;1;1;1;62;0;4032666;1919;0
11;19;78;11;12;7;3;3.20;2;1;1;56;0;4032703;5354;0
11;19;78;11;12;7;22;10.40;4;2;2;60;0;4032722;132;0
11;19;78;11;12;10;45;3.60;4;2;1;59;0;4033045;260;0
11;19;78;11;12;15;44;3.60;2;1;1;59;0;4033544;820;0
11;19;78;11;12;16;97;3.80;1;1;1;60;0;4033697;1008;0
11;19;78;11;12;17;51;3.40;2;1;1;57;0;4033751;185;0
11;19;78;11;12;18;80;4.00;1;1;1;52;0;4033880;160;0
11;19;78;11;12;19;23;3.80;2;1;1;61;0;4033923;150;0
11;19;78;11;12;20;17;3.20;1;1;1;52;0;4034017;109;0
11;19;78;11;12;22;9;4.00;4;2;1;67;0;4034209;1142;0
11;19;78;11;12;22;20;3.60;1;1;1;57;0;4034220;180;0
11;19;78;11;12;23;24;3.60;1;1;1;55;0;4034324;81;4033697
11;19;78;11;12;23;84;2.40;4;2;1;62;0;4034384;153;4033697
11;19;78;11;12;23;82;3.00;2;1;1;57;0;4034382;436;0
11;19;78;11;12;25;7;3.60;1;1;1;54;0;4034507;159;4033697
11;19;78;11;12;25;64;3.60;3;2;1;66;0;4034564;1929;0
11;19;78;11;12;26;38;4.00;3;2;1;66;0;4034638;54;0
11;19;78;11;12;26;28;3.20;1;1;1;49;0;4034628;97;4033697
11;19;78;11;12;27;23;3.80;2;1;1;60;0;4034723;322;0
11;19;78;11;12;27;34;3.80;1;1;1;49;0;4034734;82;4033697
11;19;78;11;12;27;91;4.00;4;2;1;59;0;4034791;393;0
11;19;78;11;12;28;38;3.60;1;1;1;50;0;4034838;76;4033697
11;19;78;11;12;30;12;3.60;3;2;1;64;0;4035012;352;0
11;19;78;11;12;30;61;4.60;4;2;1;64;0;4035061;245;0
11;19;78;11;12;31;1;3.20;2;1;1;52;0;4035101;355;0
11;19;78;11;12;31;70;3.60;1;1;1;56;0;4035170;306;0
11;19;78;11;12;33;25;3.60;2;1;1;58;0;4035325;201;0
11;19;78;11;12;33;33;3.40;3;2;1;64;0;4035333;300;0
11;19;78;11;12;34;54;3.40;1;1;1;51;0;4035454;260;0
11;19;78;11;12;36;88;3.60;1;1;1;53;0;4035688;210;0
11;19;78;11;12;37;75;3.20;3;2;1;61;0;4035775;422;0
11;19;78;11;12;38;60;3.60;1;1;1;51;0;4035860;147;0
11;19;78;11;12;38;69;3.60;3;2;1;61;0;4035869;75;0
11;19;78;11;12;38;17;10.40;4;2;2;53;0;4035817;730;0
11;19;78;11;12;40;19;3.60;4;2;1;51;0;4036019;131;0
11;19;78;11;12;41;9;3.60;3;2;1;62;0;4036109;218;0
11;19;78;11;12;41;23;3.40;4;2;1;51;0;4036123;78;0
11;19;78;11;12;42;96;3.80;1;1;1;55;0;4036296;410;0
11;19;78;11;12;43;17;3.40;4;2;1;52;0;4036317;170;0
11;19;78;11;12;43;72;3.80;3;2;1;69;0;4036372;242;0
11;19;78;11;12;44;16;4.20;4;2;1;52;0;4036416;75;4035817
11;19;78;11;12;45;30;5.60;4;2;1;52;0;4036530;84;4035817
11;19;78;11;12;47;27;3.60;4;2;1;52;0;4036727;158;4035817
11;19;78;11;12;47;74;4.00;3;2;1;64;0;4036774;382;0
11;19;78;11;12;49;38;8.60;4;2;2;53;0;4036938;186;4035817
11;19;78;11;12;49;97;3.60;1;1;1;47;0;4036997;676;0
11;19;78;11;12;51;34;3.40;4;2;1;52;0;4037134;137;4035817
11;19;78;11;12;51;33;3.80;1;1;1;46;0;4037133;108;4035817
11;19;78;11;12;52;63;3.40;4;2;1;56;0;4037263;105;4035817
11;19;78;11;12;53;18;5.00;1;1;1;44;0;4037318;155;4035817
11;19;78;11;12;54;95;4.20;1;1;1;42;0;4037495;136;4035817
11;19;78;11;12;56;29;5.00;1;1;1;42;0;4037629;98;4036997
11;19;78;11;12;57;63;3.60;1;1;1;42;0;4037763;91;4036997
11;19;78;11;12;58;92;3.60;1;1;1;44;0;4037892;98;4036997
11;19;78;11;13;0;35;4.20;2;1;1;61;0;4038035;2687;0
11;19;78;11;13;0;17;3.40;1;1;1;40;0;4038017;95;4036997
11;19;78;11;13;2;59;6.60;1;1;1;46;0;4038259;211;0
11;19;78;11;13;7;91;4.00;1;1;1;50;0;4038791;480;0
11;19;78;11;13;9;78;7.40;1;1;1;46;0;4038978;158;0
11;19;78;11;13;18;75;3.60;4;2;1;66;0;4039875;2590;0
11;19;78;11;13;20;18;3.40;3;2;1;59;0;4040018;3221;0
11;19;78;11;13;22;49;3.60;1;1;1;57;0;4040249;1213;0
11;19;78;11;13;22;51;1.80;2;1;0;56;1;4040251;2191;0
11;19;78;11;13;24;27;3.40;1;1;1;57;0;4040427;155;0
11;19;78;11;13;27;63;3.20;1;1;1;53;0;4040763;314;0
11;19;78;11;13;28;7;3.20;2;1;1;43;0;4040807;2747;0
11;19;78;11;13;28;31;8.00;4;2;2;52;0;4040831;936;0
11;19;78;11;13;31;32;3.20;4;2;1;51;0;4041132;245;0
11;19;78;11;13;38;39;3.40;3;2;1;64;0;4041839;1800;0
11;19;78;11;13;39;19;3.40;4;2;1;56;0;4041919;764;0
11;19;78;11;13;40;84;3.60;3;2;1;68;0;4042084;225;0
11;19;78;11;13;41;7;3.80;4;2;1;55;0;4042107;166;0
11;19;78;11;13;42;53;3.00;3;2;1;59;0;4042253;149;0
11;19;78;11;13;43;5;3.60;4;2;1;55;0;4042305;173;0
11;19;78;11;13;47;10;3.20;4;2;1;53;0;4042710;381;0
11;19;78;11;13;54;21;3.00;4;2;1;60;0;4043421;689;0
11;19;78;11;13;56;81;3.20;1;1;1;58;0;4043681;2896;0
11;19;78;11;13;56;89;3.60;2;1;1;58;0;4043689;2855;0
11;19;78;11;13;58;37;3.40;1;1;1;58;0;4043837;136;0
11;19;78;11;14;0;13;3.80;1;1;1;58;0;4044013;154;0
11;19;78;11;14;3;8;3.20;4;2;1;54;0;4044308;869;0
11;19;78;11;14;5;1;3.80;3;2;1;68;0;4044501;2229;0
11;19;78;11;14;5;9;5.00;4;2;1;59;0;4044509;179;0
11;19;78;11;14;5;62;10.20;1;1;2;53;0;4044562;525;0
11;19;78;11;14;6;70;3.80;3;2;1;71;0;4044670;148;0
11;19;78;11;14;7;4;5.20;1;1;1;51;0;4044704;72;0
11;19;78;11;14;9;44;3.20;1;1;1;52;0;4044944;203;0
11;19;78;11;14;11;14;3.60;3;2;1;61;0;4045114;424;0
11;19;78;11;14;11;56;3.60;1;1;1;52;0;4045156;189;0
11;19;78;11;14;12;21;3.40;2;1;1;52;0;4045221;1509;0
11;19;78;11;14;12;58;3.40;4;2;1;53;0;4045258;718;0
11;19;78;11;14;12;68;3.60;3;2;1;56;0;4045268;132;0
11;19;78;11;14;13;2;3.40;1;1;1;51;0;4045302;121;0
11;19;78;11;14;13;87;3.40;4;2;1;55;0;4045387;105;0
11;19;78;11;14;14;16;3.80;3;2;1;54;0;4045416;124;0
11;19;78;11;14;14;79;10.80;2;1;2;61;0;4045479;234;0
11;19;78;11;14;15;66;3.20;4;2;1;55;0;4045566;156;0
11;19;78;11;14;15;75;3.80;3;2;1;51;0;4045575;133;0
11;19;78;11;14;16;88;3.80;3;2;1;52;0;4045688;86;4045114
11;19;78;11;14;17;53;4.00;4;2;1;53;0;4045753;166;4045114
11;19;78;11;14;17;97;3.80;1;1;1;57;0;4045797;471;0
11;19;78;11;14;18;14;3.20;3;2;1;56;0;4045814;99;4045114
11;19;78;11;14;19;99;7.60;4;2;2;55;0;4045999;218;0
11;19;78;11;14;20;33;3.40;2;1;1;59;0;4046033;490;0
11;19;78;11;14;20;32;3.60;3;2;1;61;0;4046032;197;4045114
11;19;78;11;14;21;64;8.20;3;2;2;56;0;4046164;110;4045114
11;19;78;11;14;23;3;3.60;3;2;1;54;0;4046303;86;4045114
11;19;78;11;14;24;4;5.40;1;1;1;57;0;4046404;583;0
11;19;78;11;14;25;7;3.60;3;2;1;57;0;4046507;180;4045114
11;19;78;11;14;26;3;5.00;4;2;1;52;0;4046603;554;0
11;19;78;11;14;26;68;3.80;1;1;1;53;0;4046668;229;0
11;19;78;11;14;27;30;4.00;3;2;1;61;0;4046730;200;0
11;19;78;11;14;28;53;3.60;4;2;1;51;0;4046853;215;0
11;19;78;11;14;28;97;3.60;3;2;1;58;0;4046897;143;0
11;19;78;11;14;30;47;4.60;3;2;1;59;0;4047047;127;0
11;19;78;11;14;30;78;3.80;1;1;1;57;0;4047078;384;0
11;19;78;11;14;31;52;4.60;4;2;1;56;0;4047152;273;0
11;19;78;11;14;31;77;3.20;1;1;1;58;0;4047177;75;0
11;19;78;11;14;32;73;4.40;3;2;1;55;0;4047273;197;0
11;19;78;11;14;32;74;4.40;1;1;1;58;0;4047274;77;0
11;19;78;11;14;33;88;3.80;4;2;1;53;0;4047388;206;0
11;19;78;11;14;34;55;4.20;3;2;1;55;0;4047455;153;4046730
11;19;78;11;14;36;68;3.60;3;2;1;57;0;4047668;185;4046730
11;19;78;11;14;36;99;3.60;4;2;1;55;0;4047699;285;0
11;19;78;11;14;38;21;3.40;3;2;1;59;0;4047821;130;4046730
11;19;78;11;14;38;41;3.80;1;1;1;60;0;4047841;539;0
11;19;78;11;14;39;17;3.60;4;2;1;57;0;4047917;194;0
11;19;78;11;14;41;11;4.60;1;1;1;57;0;4048111;247;0
11;19;78;11;14;42;46;3.40;2;1;1;57;0;4048246;2192;0
11;19;78;11;14;42;85;3.60;1;1;1;59;0;4048285;144;0
11;19;78;11;14;47;41;3.60;2;1;1;62;0;4048741;473;0
11;19;78;11;14;48;51;18.80;1;1;4;58;0;4048851;544;0
11;19;78;11;15;8;72;4.00;2;1;1;53;0;4050872;2110;0
11;19;78;11;15;9;68;3.60;2;1;1;53;0;4050968;68;0
11;19;78;11;15;10;24;3.80;1;1;1;40;0;4051024;2056;0
11;19;78;11;15;10;80;3.80;2;1;1;53;0;4051080;87;0
11;19;78;11;15;12;18;3.80;2;1;1;54;0;4051218;112;0
11;19;78;11;15;13;24;3.60;4;2;1;62;0;4051324;3384;0
11;19;78;11;15;17;81;3.40;4;2;1;58;0;4051781;436;0
11;19;78;11;15;19;50;3.40;4;2;1;61;0;4051950;147;0
11;19;78;11;15;25;18;3.20;4;2;1;55;0;4052518;547;0
11;19;78;11;15;32;7;3.60;1;1;1;55;0;4053207;2148;0
11;19;78;11;15;34;6;5.00;4;2;1;67;0;4053406;867;0
11;19;78;11;15;36;15;3.80;1;1;1;68;0;4053615;384;0
11;19;78;11;15;40;39;3.80;2;1;1;51;0;4054039;2795;0
11;19;78;11;15;41;58;4.80;2;1;1;50;0;4054158;92;0
11;19;78;11;15;43;20;3.40;4;2;1;55;0;4054320;887;0
11;19;78;11;15;43;84;3.60;2;1;1;57;0;4054384;191;0
11;19;78;11;15;44;28;3.60;1;1;1;49;0;4054428;792;0
11;19;78;11;15;46;4;3.00;4;2;1;57;0;4054604;261;0
11;19;78;11;15;46;77;3.60;3;2;1;62;0;4054677;6835;0
11;19;78;11;15;48;31;3.40;4;2;1;60;0;4054831;208;0
11;19;78;11;15;48;81;3.60;1;1;1;45;0;4054881;426;0
11;19;78;11;15;50;95;6.00;1;1;1;46;0;4055095;185;0
11;19;78;11;15;52;43;3.40;3;2;1;63;0;4055243;545;0
11;19;78;11;15;52;32;3.60;1;1;1;45;0;4055232;90;0
11;19;78;11;15;52;84;4.00;2;1;1;54;0;4055284;877;0
11;19;78;11;15;53;67;3.40;1;1;1;42;0;4055367;106;0
11;19;78;11;15;54;2;3.80;2;1;1;54;0;4055402;91;0
11;19;78;11;15;54;36;3.60;3;2;1;60;0;4055436;173;0
11;19;78;11;15;54;48;4.00;4;2;1;53;0;4055448;596;0
11;19;78;11;15;54;86;3.60;1;1;1;41;0;4055486;89;4054881
11;19;78;11;15;55;57;3.80;3;2;1;59;0;4055557;99;4054881
11;19;78;11;15;55;77;3.80;4;2;1;54;0;4055577;101;4054881
11;19;78;11;15;56;8;3.40;1;1;1;40;0;4055608;90;4054881
11;19;78;11;15;56;75;4.40;4;2;1;53;0;4055675;72;4054881
11;19;78;11;15;56;99;3.40;3;2;1;56;0;4055699;118;4054881
11;19;78;11;15;57;14;3.80;1;1;1;38;0;4055714;75;4054881
11;19;78;11;15;58;8;3.40;3;2;1;57;0;4055808;87;4055243
11;19;78;11;15;58;43;3.40;2;1;1;57;0;4055843;415;0
11;19;78;11;15;58;84;3.60;1;1;1;36;0;4055884;134;4054881
11;19;78;11;16;0;60;3.80;3;2;1;62;0;4056060;230;0
11;19;78;11;15;59;74;12.60;1;1;7;34;0;4055974;54;4054881
11;19;78;11;16;1;7;12.40;4;2;3;51;0;4056107;402;0
11;19;78;11;16;2;9;4.00;3;2;1;60;0;4056209;126;0
11;19;78;11;16;2;67;3.40;2;1;1;54;0;4056267;402;0
11;19;78;11;16;3;54;3.80;3;2;1;55;0;4056354;121;0
11;19;78;11;16;3;77;3.80;4;2;1;51;0;4056377;182;0
11;19;78;11;16;3;63;3.80;1;1;1;40;0;4056363;255;0
11;19;78;11;16;3;90;3.20;2;1;1;55;0;4056390;100;0
11;19;78;11;16;5;43;3.40;3;2;1;57;0;4056543;164;0
11;19;78;11;16;6;40;3.00;1;1;1;45;0;4056640;242;0
11;19;78;11;16;6;72;4.00;2;1;1;58;0;4056672;261;0
11;19;78;11;16;7;97;4.00;3;2;1;57;0;4056797;232;0
11;19;78;11;16;7;71;12.60;4;2;3;53;0;4056771;367;0
11;19;78;11;16;8;33;3.00;1;1;1;43;0;4056833;169;0
11;19;78;11;16;9;33;3.00;4;2;1;54;0;4056933;76;0
11;19;78;11;16;10;39;3.60;3;2;1;57;0;4057039;216;0
11;19;78;11;16;10;24;3.00;1;1;1;41;0;4057024;165;0
11;19;78;11;16;10;89;4.60;4;2;1;54;0;4057089;136;0
11;19;78;11;16;11;38;6.20;3;2;1;57;0;4057138;76;0
11;19;78;11;16;12;35;3.60;4;2;1;51;0;4057235;115;0
11;19;78;11;16;12;68;3.40;3;2;1;56;0;4057268;90;0
11;19;78;11;16;13;36;3.40;1;1;1;39;0;4057336;285;0
11;19;78;11;16;13;55;3.80;4;2;1;52;0;4057355;94;4056771
11;19;78;11;16;14;19;3.40;3;2;1;53;0;4057419;129;4056771
11;19;78;11;16;14;84;3.80;1;1;1;38;0;4057484;116;4056771
11;19;78;11;16;15;46;3.60;4;2;1;54;0;4057546;164;4056771
11;19;78;11;16;18;50;3.60;4;2;1;54;0;4057850;280;0
11;19;78;11;16;24;9;3.20;2;1;1;57;0;4058409;1712;0
11;19;78;11;16;24;79;3.80;1;1;1;57;0;4058479;959;0
11;19;78;11;16;28;44;3.60;1;1;1;54;0;4058844;341;0
11;19;78;11;16;28;58;3.60;2;1;1;60;0;4058858;428;0
11;19;78;11;16;29;31;9.40;1;1;6;54;0;4058931;63;0
11;19;78;11;16;32;26;3.60;4;2;1;66;0;4059226;1352;0
11;19;78;11;16;33;70;3.80;4;2;1;59;0;4059370;124;0
11;19;78;11;16;48;60;3.60;4;2;1;66;0;4060860;1466;0
11;19;78;11;16;50;93;3.40;3;2;1;63;0;4061093;3650;0
11;19;78;11;16;53;32;5.00;4;2;1;60;0;4061332;452;0
11;19;78;11;16;54;40;3.20;2;1;1;52;0;4061440;2560;0
11;19;78;11;16;55;67;4.80;3;2;1;58;0;4061567;454;0
11;19;78;11;16;55;81;4.00;1;1;1;51;0;4061581;2587;0
11;19;78;11;16;57;14;3.80;3;2;1;58;0;4061714;117;0
11;19;78;11;17;0;3;4.60;4;2;1;52;0;4062003;641;0
11;19;78;11;17;1;18;3.00;4;2;1;53;0;4062118;83;0
11;19;78;11;17;2;85;5.60;1;1;1;61;0;4062285;675;0
11;19;78;11;17;5;43;5.20;1;1;1;60;0;4062543;224;0
11;19;78;11;17;6;9;3.40;2;1;1;56;0;4062609;1146;0
11;19;78;11;17;6;81;3.80;1;1;1;59;0;4062681;106;0
11;19;78;11;17;7;18;4.00;2;1;1;56;0;4062718;87;0
11;19;78;11;17;8;18;4.00;1;1;1;58;0;4062818;113;0
11;19;78;11;17;9;24;3.20;2;1;1;57;0;4062924;180;0
11;19;78;11;17;11;63;3.40;2;1;1;61;0;4063163;218;0
11;19;78;11;17;12;43;3.40;2;1;1;51;0;4063243;59;0
11;19;78;11;17;13;21;3.80;2;1;1;50;0;4063321;54;0
11;19;78;11;17;13;79;3.60;1;1;1;54;0;4063379;536;0
11;19;78;11;17;14;19;3.80;2;1;1;50;0;4063419;70;0
11;19;78;11;17;15;5;4.80;2;1;1;51;0;4063505;58;4063163
11;19;78;11;17;16;20;4.00;1;1;1;48;0;4063620;217;0
11;19;78;11;17;16;74;3.60;2;1;1;50;0;4063674;135;4063163
11;19;78;11;17;18;23;3.60;1;1;1;49;0;4063823;173;4063163
11;19;78;11;17;18;91;3.80;3;2;1;64;0;4063891;2153;0
11;19;78;11;17;19;4;3.40;1;1;1;49;0;4063904;54;0
11;19;78;11;17;20;62;3.80;1;1;1;51;0;4064062;133;0
11;19;78;11;17;20;99;5.20;4;2;1;67;0;4064099;1960;0
11;19;78;11;17;22;16;4.60;1;1;1;51;0;4064216;127;4063620
11;19;78;11;17;23;67;4.00;3;2;1;61;0;4064367;454;0
11;19;78;11;17;24;55;4.40;4;2;1;61;0;4064455;328;0
11;19;78;11;17;24;34;3.80;1;1;1;52;0;4064434;185;4063620
11;19;78;11;17;27;2;5.00;2;1;1;60;0;4064702;1002;0
11;19;78;11;17;27;50;3.00;4;2;1;58;0;4064750;269;0
11;19;78;11;17;28;18;3.40;1;1;1;54;0;4064818;357;0
11;19;78;11;17;28;80;3.20;4;2;1;58;0;4064880;111;0
11;19;78;11;17;29;96;5.20;4;2;1;62;0;4064996;96;0
11;19;78;11;17;30;17;3.40;3;2;1;65;0;4065017;626;0
11;19;78;11;17;30;19;3.40;1;1;1;57;0;4065019;178;0
11;19;78;11;17;32;12;4.00;3;2;1;66;0;4065212;176;0
11;19;78;11;17;32;30;11.00;4;2;7;66;0;4065230;203;0
11;19;78;11;17;33;73;4.20;2;1;1;59;0;4065373;641;0
11;19;78;11;17;37;70;4.60;1;1;1;59;0;4065770;729;0
11;19;78;11;17;38;12;3.20;4;2;1;56;0;4065812;522;0
11;19;78;11;17;38;96;3.60;3;2;1;54;0;4065896;662;0
11;19;78;11;17;39;89;3.40;3;2;1;54;0;4065989;69;0
11;19;78;11;17;40;32;4.40;1;1;1;62;0;4066032;233;0
11;19;78;11;17;40;95;3.80;3;2;1;57;0;4066095;83;0
11;19;78;11;17;42;18;3.80;3;2;1;55;0;4066218;99;0
11;19;78;11;17;42;60;3.40;4;2;1;54;0;4066260;427;0
11;19;78;11;17;43;93;4.40;1;1;1;58;0;4066393;335;0
11;19;78;11;17;44;17;3.80;3;2;1;53;0;4066417;174;4065896
11;19;78;11;17;44;48;3.60;4;2;1;55;0;4066448;165;4065896
11;19;78;11;17;45;16;3.60;3;2;1;56;0;4066516;73;4065896
11;19;78;11;17;45;98;3.80;1;1;1;56;0;4066598;177;4065896
11;19;78;11;17;48;90;2.80;4;2;1;51;0;4066890;418;0
11;19;78;11;17;49;18;4.40;2;1;1;60;0;4066918;1519;0
11;19;78;11;17;49;87;3.60;1;1;1;56;0;4066987;364;0
11;19;78;11;17;50;64;3.80;4;2;1;50;0;4067064;154;0
11;19;78;11;17;50;89;16.80;1;1;4;56;0;4067089;78;0
11;19;78;11;17;53;44;17.00;1;1;4;60;0;4067344;147;0
11;19;78;11;17;57;29;4.00;1;1;1;55;0;4067729;283;0
11;19;78;11;17;59;4;3.20;1;1;1;58;0;4067904;148;0
11;19;78;11;18;14;51;3.60;2;1;1;58;0;4069451;2506;0
11;19;78;11;18;14;51;3.60;4;2;1;60;0;4069451;2359;0
11;19;78;11;18;20;11;3.80;1;1;1;58;0;4070011;2087;0
11;19;78;11;18;24;49;3.80;1;1;1;60;0;4070449;414;0
11;19;78;11;18;26;98;4.00;1;1;1;58;0;4070698;226;0
11;19;78;11;18;35;0;4.00;3;2;1;76;0;4071500;4960;0
11;19;78;11;18;36;17;3.80;4;2;1;65;0;4071617;2144;0
11;19;78;11;18;37;88;3.40;4;2;1;54;0;4071788;149;0
11;19;78;11;18;38;16;3.40;3;2;1;61;0;4071816;297;0
11;19;78;11;18;38;92;3.20;4;2;1;54;0;4071892;81;0
11;19;78;11;18;40;56;3.20;2;1;1;56;0;4072056;2582;0
11;19;78;11;18;40;66;3.00;4;2;1;53;0;4072066;152;0
11;19;78;11;18;47;96;3.60;1;1;1;57;0;4072796;2073;0
11;19;78;11;18;48;23;3.80;4;2;1;57;0;4072823;736;0
11;19;78;11;18;50;10;4.80;1;1;1;51;0;4073010;191;0
11;19;78;11;18;50;85;6.60;2;1;1;54;0;4073085;1008;0
11;19;78;11;18;51;27;3.40;4;2;1;59;0;4073127;280;0
11;19;78;11;18;52;84;3.20;2;1;1;53;0;4073284;155;0
11;19;78;11;18;54;54;3.80;2;1;1;54;0;4073454;148;0
11;19;78;11;18;55;40;3.60;2;1;1;57;0;4073540;60;0
11;19;78;11;18;56;63;4.00;2;1;1;57;0;4073663;100;4073085
11;19;78;11;18;57;44;3.20;1;1;1;52;0;4073744;700;0
11;19;78;11;18;57;92;3.40;2;1;1;57;0;4073792;103;4073085
11;19;78;11;18;58;98;5.20;2;1;1;58;0;4073898;84;4073085
11;19;78;11;19;0;6;4.00;4;2;1;62;0;4074006;858;0
11;19;78;11;19;0;3;3.20;2;1;1;57;0;4074003;72;4073085
11;19;78;11;19;1;56;3.80;3;2;1;63;0;4074156;2319;0
11;19;78;11;19;2;61;3.80;2;1;1;49;0;4074261;237;0
11;19;78;11;19;1;38;24.00;1;1;5;55;0;4074138;371;0
11;19;78;11;19;4;67;3.60;1;1;1;51;0;4074467;171;0
11;19;78;11;19;5;7;11.60;2;1;2;56;0;4074507;218;0
11;19;78;11;19;6;11;4.00;1;1;1;51;0;4074611;118;0
11;19;78;11;19;6;61;3.40;2;1;1;55;0;4074661;79;0
11;19;78;11;19;7;48;3.00;3;2;1;57;0;4074748;570;0
11;19;78;11;19;7;58;3.60;1;1;1;51;0;4074758;118;0
11;19;78;11;19;7;92;3.60;4;2;1;57;0;4074792;762;0
11;19;78;11;19;8;27;9.00;2;1;2;55;0;4074827;143;0
11;19;78;11;19;8;66;9.60;1;1;2;52;0;4074866;82;4074138
11;19;78;11;19;10;28;4.60;3;2;1;51;0;4075028;261;0
11;19;78;11;19;10;61;3.80;1;1;1;54;0;4075061;128;4074138
11;19;78;11;19;10;65;10.40;4;2;2;58;0;4075065;250;0
11;19;78;11;19;11;26;3.40;2;1;1;56;0;4075126;240;0
11;19;78;11;19;11;24;4.40;3;2;1;52;0;4075124;63;0
11;19;78;11;19;12;81;3.20;3;2;1;52;0;4075281;126;0
11;19;78;11;19;13;13;4.40;4;2;1;57;0;4075313;183;0
11;19;78;11;19;13;93;3.80;4;2;1;55;0;4075393;52;0
11;19;78;11;19;14;28;4.00;3;2;1;60;0;4075428;124;0
11;19;78;11;19;15;9;3.40;4;2;1;55;0;4075509;91;0
11;19;78;11;19;15;42;3.60;1;1;1;59;0;4075542;455;0
11;19;78;11;19;16;86;3.60;3;2;1;64;0;4075686;234;0
11;19;78;11;19;17;0;3.80;1;1;1;52;0;4075700;136;0
11;19;78;11;19;20;47;3.00;4;2;1;57;0;4076047;515;0
11;19;78;11;19;24;7;3.80;1;1;1;55;0;4076407;680;0
11;19;78;11;19;25;91;3.60;3;2;1;63;0;4076591;884;0
11;19;78;11;19;27;79;14.20;4;2;4;54;0;4076779;713;0
11;19;78;11;19;29;30;3.60;3;2;1;59;0;4076930;318;0
11;19;78;11;19;29;59;3.20;4;2;1;54;0;4076959;85;0
11;19;78;11;19;30;37;3.40;1;1;1;59;0;4077037;605;0
11;19;78;11;19;31;63;3.80;2;1;1;54;0;4077163;2015;0
11;19;78;11;19;32;88;4.00;2;1;1;59;0;4077288;99;0
11;19;78;11;19;33;4;3.20;4;2;1;54;0;4077304;323;0
11;19;78;11;19;35;3;6.00;2;1;1;58;0;4077503;190;0
11;19;78;11;19;35;88;4.40;4;2;1;50;0;4077588;262;0
11;19;78;11;19;36;72;4.80;1;1;1;56;0;4077672;614;0
11;19;78;11;19;38;82;11.40;1;1;3;52;0;4077882;179;0
11;19;78;11;19;42;83;9.20;1;1;2;55;0;4078283;322;0
11;19;78;11;19;56;70;3.80;1;1;1;52;0;4079670;1326;0
11;19;78;11;20;5;4;4.00;4;2;1;61;0;4080504;2884;0
11;19;78;11;20;8;20;4.60;3;2;1;70;0;4080820;3868;0
11;19;78;11;20;9;26;3.40;4;2;1;62;0;4080926;398;0
11;19;78;11;20;11;46;3.80;4;2;1;59;0;4081146;200;0
11;19;78;11;20;12;32;4.00;1;1;1;62;0;4081232;1535;0
11;19;78;11;20;12;87;4.60;3;2;1;57;0;4081287;443;0
11;19;78;11;20;19;1;3.60;4;2;1;53;0;4081901;731;0
11;19;78;11;20;28;45;3.80;3;2;1;62;0;4082845;1528;0
11;19;78;11;20;30;40;3.80;4;2;1;58;0;4083040;1114;0
11;19;78;11;20;31;81;3.80;2;1;1;58;0;4083181;5640;0
11;19;78;11;20;31;93;3.80;4;2;1;61;0;4083193;129;0
11;19;78;11;20;36;48;3.60;1;1;1;54;0;4083648;2392;0
11;19;78;11;20;40;32;3.60;3;2;1;65;0;4084032;1164;0
11;19;78;11;20;40;94;4.00;4;2;1;62;0;4084094;878;0
11;19;78;11;20;44;31;3.60;1;1;1;57;0;4084431;759;0
11;19;78;11;20;44;82;3.80;3;2;1;65;0;4084482;430;0
11;19;78;11;20;45;18;3.60;4;2;1;54;0;4084518;400;0
11;19;78;11;20;45;82;3.80;1;1;1;56;0;4084582;128;0
11;19;78;11;20;46;20;4.20;2;1;1;59;0;4084620;1415;0
11;19;78;11;20;46;48;3.80;4;2;1;54;0;4084648;106;0
11;19;78;11;20;48;29;4.40;4;2;1;60;0;4084829;155;0
11;19;78;11;20;48;45;3.60;2;1;1;55;0;4084845;199;0
11;19;78;11;20;48;82;3.80;1;1;1;54;0;4084882;275;0
11;19;78;11;20;49;57;3.60;2;1;1;54;0;4084957;88;0
11;19;78;11;20;50;88;3.20;4;2;1;60;0;4085088;232;0
11;19;78;11;20;50;95;3.60;1;1;1;53;0;4085095;187;0
11;19;78;11;20;51;39;4.80;3;2;1;64;0;4085139;635;0
11;19;78;11;20;51;63;4.00;2;1;1;56;0;4085163;182;0
11;19;78;11;20;52;16;3.60;1;1;1;52;0;4085216;96;0
11;19;78;11;20;52;48;3.80;4;2;1;57;0;4085248;140;0
11;19;78;11;20;53;85;4.60;3;2;1;68;0;4085385;219;0
11;19;78;11;20;53;71;4.80;1;1;1;54;0;4085371;130;0
11;19;78;11;20;54;54;9.40;4;2;2;58;0;4085454;182;0
11;19;78;11;20;55;60;4.20;3;2;1;60;0;4085560;150;0
11;19;78;11;20;56;12;3.80;1;1;1;54;0;4085612;209;0
11;19;78;11;20;56;83;3.40;3;2;1;61;0;4085683;97;0
11;19;78;11;20;56;77;4.40;4;2;1;57;0;4085677;164;0
11;19;78;11;20;57;60;3.40;1;1;1;51;0;4085760;122;0
11;19;78;11;20;57;73;3.20;2;1;1;56;0;4085773;584;0
11;19;78;11;20;58;4;3.00;3;2;1;57;0;4085804;100;0
11;19;78;11;20;58;97;4.00;2;1;1;53;0;4085897;103;0
11;19;78;11;20;59;13;3.60;1;1;1;52;0;4085913;129;0
11;19;78;11;20;59;49;9.00;4;2;2;56;0;4085949;244;0
11;19;78;11;21;0;9;3.60;1;1;1;50;0;4086009;71;0
11;19;78;11;21;0;71;3.80;2;1;1;51;0;4086071;146;0
11;19;78;11;21;1;59;4.20;2;1;1;50;0;4086159;61;0
11;19;78;11;21;1;97;3.20;1;1;1;48;0;4086197;162;4085612
11;19;78;11;21;2;68;3.80;4;2;1;54;0;4086268;261;0
11;19;78;11;21;2;84;2.80;2;1;1;49;0;4086284;94;4085773
11;19;78;11;21;2;90;5.80;3;2;1;60;0;4086290;467;0
11;19;78;11;21;4;12;3.20;1;1;1;50;0;4086412;191;4085612
11;19;78;11;21;4;53;4.40;3;2;1;59;0;4086453;128;4085612
11;19;78;11;21;4;97;3.00;2;1;1;55;0;4086497;192;4085773
11;19;78;11;21;5;33;3.80;4;2;1;55;0;4086533;239;0
11;19;78;11;21;5;44;3.40;1;1;1;51;0;4086544;108;4085612
11;19;78;11;21;7;18;3.80;3;2;1;58;0;4086718;238;0
11;19;78;11;21;7;66;3.40;1;1;1;50;0;4086766;198;4085612
11;19;78;11;21;8;32;3.60;4;2;1;54;0;4086832;274;0
11;19;78;11;21;9;49;4.60;1;1;1;50;0;4086949;158;4085612
11;19;78;11;21;9;85;3.40;2;1;1;56;0;4086985;468;0
11;19;78;11;21;9;88;11.20;4;2;2;55;0;4086988;132;0
11;19;78;11;21;10;99;4.00;3;2;1;55;0;4087099;357;0
11;19;78;11;21;12;62;3.60;3;2;1;55;0;4087262;136;0
11;19;78;11;21;12;82;3.80;1;1;1;50;0;4087282;299;0
11;19;78;11;21;13;43;3.20;3;2;1;55;0;4087343;57;0
11;19;78;11;21;14;86;3.40;1;1;1;50;0;4087486;176;0
11;19;78;11;21;15;47;3.00;4;2;1;58;0;4087547;485;0
11;19;78;11;21;16;46;3.40;1;1;1;50;0;4087646;135;0
11;19;78;11;21;16;59;4.40;4;2;1;57;0;4087659;93;0
11;19;78;11;21;16;71;5.40;3;2;1;58;0;4087671;307;0
11;19;78;11;21;17;60;3.40;1;1;1;49;0;4087760;89;0
11;19;78;11;21;18;50;3.20;3;2;1;58;0;4087850;145;0
11;19;78;11;21;19;76;10.20;1;1;2;52;0;4087976;191;4087282
11;19;78;11;21;24;43;3.60;2;1;1;49;0;4088443;1436;0
11;19;78;11;21;26;48;2.80;1;1;1;53;0;4088648;601;0
11;19;78;11;21;27;39;3.40;1;1;1;53;0;4088739;71;0
11;19;78;11;21;29;69;5.80;1;1;1;54;0;4088969;206;0
11;19;78;11;21;38;12;5.20;4;2;1;60;0;4089812;2125;0
11;19;78;11;21;40;76;3.60;3;2;1;55;0;4090076;2206;0
11;19;78;11;21;44;24;3.40;4;2;1;53;0;4090424;580;0
11;19;78;11;21;50;30;3.40;3;2;1;59;0;4091030;930;0
11;19;78;11;21;56;43;3.20;4;2;1;55;0;4091643;1195;0
11;19;78;11;21;56;71;10.20;3;2;2;61;0;4091671;620;0
11;19;78;11;21;59;31;3.20;4;2;1;58;0;4091931;267;0
11;19;78;11;22;1;2;3.40;4;2;1;58;0;4092102;151;0
11;19;78;11;22;1;50;3.80;3;2;1;58;0;4092150;418;0
11;19;78;11;22;2;59;3.60;4;2;1;59;0;4092259;135;0
11;19;78;11;22;3;89;4.00;4;2;1;58;0;4092389;108;0
11;19;78;11;22;10;96;3.80;4;2;1;57;0;4093096;682;0
11;19;78;11;22;12;21;4.00;3;2;1;62;0;4093221;1047;0
11;19;78;11;22;12;92;3.00;4;2;1;57;0;4093292;172;0
11;19;78;11;22;16;41;3.80;2;1;1;56;0;4093641;5171;0
11;19;78;11;22;16;62;3.20;4;2;1;65;0;4093662;351;0
11;19;78;11;22;17;42;3.80;2;1;1;57;0;4093742;76;0
11;19;78;11;22;17;0;10.00;1;1;2;54;0;4093700;4692;0
11;19;78;11;22;18;75;4.00;2;1;1;57;0;4093875;109;0
11;19;78;11;22;19;21;4.00;1;1;1;55;0;4093921;154;0
11;19;78;11;22;20;1;5.20;2;1;1;51;0;4094001;100;0
11;19;78;11;22;20;50;5.20;1;1;1;54;0;4094050;102;0
11;19;78;11;22;21;72;5.20;1;1;1;53;0;4094172;87;0
11;19;78;11;22;23;90;3.40;1;1;1;54;0;4094390;182;4093700
11;19;78;11;22;25;25;3.80;1;1;1;55;0;4094525;112;4093700
11;19;78;11;22;26;13;3.60;4;2;1;60;0;4094613;933;0
11;19;78;11;22;28;44;3.20;1;1;1;50;0;4094844;294;0
11;19;78;11;22;31;71;3.40;4;2;1;54;0;4095171;536;0
11;19;78;11;22;32;52;3.20;3;2;1;55;0;4095252;2007;0
11;19;78;11;22;32;96;3.40;4;2;1;56;0;4095296;102;0
11;19;78;11;22;33;44;3.60;3;2;1;56;0;4095344;71;0
11;19;78;11;22;33;45;4.40;1;1;1;56;0;4095345;477;0
11;19;78;11;22;35;13;10.40;4;2;2;56;0;4095513;195;0
11;19;78;11;22;36;86;3.40;4;2;1;57;0;4095686;106;0
11;19;78;11;22;37;84;4.20;3;2;1;50;0;4095784;416;0
11;19;78;11;22;39;2;3.80;3;2;1;53;0;4095902;87;0
11;19;78;11;22;39;54;3.80;4;2;1;63;0;4095954;246;0
11;19;78;11;22;40;0;5.00;3;2;1;52;0;4096000;72;0
11;19;78;11;22;40;38;3.40;2;1;1;55;0;4096038;2000;0
11;19;78;11;22;42;10;4.00;3;2;1;55;0;4096210;175;0
11;19;78;11;22;42;29;3.60;2;1;1;56;0;4096229;168;0
11;19;78;11;22;42;93;4.60;3;2;1;55;0;4096293;56;4095784
11;19;78;11;22;44;36;11.20;4;2;2;62;0;4096436;460;0
11;19;78;11;22;44;89;3.20;3;2;1;55;0;4096489;165;4095784
11;19;78;11;22;44;90;3.20;1;1;1;55;0;4096490;1116;0
11;19;78;11;22;46;40;3.80;3;2;1;56;0;4096640;130;4095784
11;19;78;11;22;47;68;3.60;1;1;1;59;0;4096768;257;0
11;19;78;11;22;48;91;4.00;4;2;1;54;0;4096891;389;0
11;19;78;11;22;49;23;3.40;3;2;1;54;0;4096923;258;0
11;19;78;11;22;49;86;3.40;2;1;1;60;0;4096986;733;0
11;19;78;11;22;50;72;3.80;3;2;1;56;0;4097072;126;0
11;19;78;11;22;50;82;3.60;4;2;1;53;0;4097082;164;0
11;19;78;11;22;52;10;3.00;4;2;1;55;0;4097210;103;0
11;19;78;11;22;52;7;3.60;2;1;1;57;0;4097207;200;0
11;19;78;11;22;52;37;3.60;1;1;1;58;0;4097237;447;0
11;19;78;11;22;53;60;3.20;3;2;1;55;0;4097360;263;0
11;19;78;11;22;53;64;16.80;4;2;4;54;0;4097364;134;0
11;19;78;11;22;55;36;4.00;3;2;1;55;0;4097536;155;0
11;19;78;11;22;56;35;3.80;4;2;1;54;0;4097635;159;4096891
11;19;78;11;22;56;21;6.60;3;2;2;55;0;4097621;58;4096891
11;19;78;11;22;59;1;8.40;4;2;2;54;0;4097901;240;0
11;19;78;11;23;1;57;4.00;4;2;1;53;0;4098157;200;0
11;19;78;11;23;3;2;4.00;1;1;1;66;0;4098302;1042;0
11;19;78;11;23;3;97;3.60;4;2;1;51;0;4098397;212;0
11;19;78;11;23;6;99;3.60;1;1;1;63;0;4098699;375;0
11;19;78;11;23;7;99;3.20;4;2;1;60;0;4098799;376;0
11;19;78;11;23;10;98;3.20;1;1;1;55;0;4099098;378;0
11;19;78;11;23;21;34;3.20;3;2;1;53;0;4100134;2469;0
11;19;78;11;23;24;68;3.80;3;2;1;64;0;4100468;312;0
11;19;78;11;23;33;47;3.80;3;2;1;59;0;4101347;857;0
11;19;78;11;23;36;78;3.80;2;1;1;65;0;4101678;4448;0
11;19;78;11;23;40;31;3.40;3;2;1;65;0;4102031;660;0
11;19;78;11;23;40;99;3.40;4;2;1;58;0;4102099;3280;0
11;19;78;11;23;42;45;3.00;4;2;1;54;0;4102245;124;0
11;19;78;11;23;42;57;3.80;1;1;1;51;0;4102257;3138;0
11;19;78;11;23;47;43;3.60;2;1;1;58;0;4102743;1043;0
11;19;78;11;23;48;11;4.00;1;1;1;55;0;4102811;527;0
11;19;78;11;23;49;42;3.60;2;1;1;54;0;4102942;176;0
11;19;78;11;23;49;86;5.20;1;1;1;58;0;4102986;148;0
11;19;78;11;23;52;25;3.60;2;1;1;55;0;4103225;259;0
11;19;78;11;23;53;13;4.60;4;2;1;62;0;4103313;1048;0
11;19;78;11;23;53;15;3.80;1;1;1;57;0;4103315;296;0
11;19;78;11;23;53;36;4.60;2;1;1;55;0;4103336;87;0
11;19;78;11;23;54;85;3.60;4;2;1;60;0;4103485;145;0
11;19;78;11;23;54;95;3.80;1;1;1;53;0;4103495;156;0
11;19;78;11;23;56;6;3.80;2;1;1;55;0;4103606;239;0
11;19;78;11;23;57;5;3.60;1;1;1;54;0;4103705;184;0
11;19;78;11;23;58;55;5.20;1;1;1;54;0;4103855;126;0
11;19;78;11;24;1;52;3.40;1;1;1;58;0;4104152;262;0
11;19;78;11;24;3;8;3.20;4;2;1;75;0;4104308;801;0
11;19;78;11;24;3;52;3.60;1;1;1;57;0;4104352;178;0
11;19;78;11;24;5;98;3.40;1;1;1;54;0;4104598;223;0
11;19;78;11;24;7;21;3.80;1;1;1;51;0;4104721;100;0
11;19;78;11;24;7;75;4.00;3;2;1;64;0;4104775;2725;0
11;19;78;11;24;8;92;3.20;4;2;1;59;0;4104892;568;0
11;19;78;11;24;9;12;3.40;1;1;1;51;0;4104912;164;0
11;19;78;11;24;9;26;4.00;3;2;1;61;0;4104926;128;0
11;19;78;11;24;10;9;3.80;4;2;1;57;0;4105009;97;0
11;19;78;11;24;10;26;3.40;2;1;1;53;0;4105026;1395;0
11;19;78;11;24;11;15;7.00;1;1;1;55;0;4105115;179;0
11;19;78;11;24;14;0;4.00;4;2;1;57;0;4105400;367;0
11;19;78;11;24;14;14;4.60;1;1;1;54;0;4105414;253;0
11;19;78;11;24;15;56;3.80;4;2;1;58;0;4105556;130;0
11;19;78;11;24;16;3;3.40;1;1;1;55;0;4105603;158;0
11;19;78;11;24;17;84;4.60;4;2;1;68;0;4105784;204;0
11;19;78;11;24;17;85;3.40;3;2;1;58;0;4105785;835;0
11;19;78;11;24;18;48;3.60;1;1;1;55;0;4105848;222;0
11;19;78;11;24;20;13;3.80;2;1;1;62;0;4106013;963;0
11;19;78;11;24;20;37;2.80;4;2;1;61;0;4106037;228;0
11;19;78;11;24;20;66;3.60;3;2;1;58;0;4106066;259;0
11;19;78;11;24;21;2;3.40;1;1;1;51;0;4106102;230;0
11;19;78;11;24;22;10;3.20;2;1;1;58;0;4106210;174;0
11;19;78;11;24;22;13;3.60;3;2;1;57;0;4106213;124;0
11;19;78;11;24;22;79;3.20;4;2;1;57;0;4106279;225;0
11;19;78;11;24;22;92;4.00;1;1;1;50;0;4106292;166;0
11;19;78;11;24;23;17;4.80;2;1;1;54;0;4106317;87;0
11;19;78;11;24;24;73;3.40;4;2;1;57;0;4106473;173;0
11;19;78;11;24;25;8;4.00;2;1;1;54;0;4106508;159;0
11;19;78;11;24;26;17;4.40;4;2;1;56;0;4106617;122;0
11;19;78;11;24;26;61;3.40;3;2;1;60;0;4106661;425;0
11;19;78;11;24;27;57;3.60;1;1;1;51;0;4106757;436;0
11;19;78;11;24;27;81;4.00;2;1;1;49;0;4106781;246;0
11;19;78;11;24;28;1;3.60;3;2;1;62;0;4106801;119;0
11;19;78;11;24;28;25;8.40;4;2;2;56;0;4106825;179;0
11;19;78;11;24;29;50;4.60;1;1;1;56;0;4106950;167;0
11;19;78;11;24;30;19;3.40;4;2;1;55;0;4107019;140;4106279
11;19;78;11;24;31;59;3.60;4;2;1;55;0;4107159;117;4106279
11;19;78;11;24;32;68;4.00;1;1;1;50;0;4107268;288;0
11;19;78;11;24;33;31;3.80;3;2;1;54;0;4107331;509;0
11;19;78;11;24;33;29;3.80;2;1;1;52;0;4107329;518;0
11;19;78;11;24;34;65;3.60;3;2;1;50;0;4107465;108;0
11;19;78;11;24;34;78;4.40;4;2;1;53;0;4107478;295;0
11;19;78;11;24;36;21;3.60;1;1;1;58;0;4107621;324;0
11;19;78;11;24;36;63;5.60;3;2;1;49;0;4107663;172;0
11;19;78;11;24;36;79;5.00;4;2;1;52;0;4107679;171;0
11;19;78;11;24;38;49;6.40;2;1;1;57;0;4107849;493;0
11;19;78;11;24;39;49;3.60;4;2;1;52;0;4107949;235;0
11;19;78;11;24;41;30;3.40;4;2;1;53;0;4108130;156;0
11;19;78;11;24;43;2;4.20;1;1;1;59;0;4108302;658;0
11;19;78;11;24;45;8;3.60;4;2;1;54;0;4108508;354;0
11;19;78;11;24;47;36;3.80;4;2;1;51;0;4108736;204;0
11;19;78;11;24;47;67;3.80;2;1;1;47;0;4108767;877;0
11;19;78;11;24;58;27;3.80;1;1;1;60;0;4109827;1499;0
11;19;78;11;25;1;62;4.00;3;2;1;62;0;4110162;2457;0
11;19;78;11;25;2;79;3.60;4;2;1;62;0;4110279;1516;0
11;19;78;11;25;5;51;3.60;4;2;1;59;0;4110551;251;0
11;19;78;11;25;8;99;10.40;4;2;2;57;0;4110899;326;0
11;19;78;11;25;10;47;3.60;3;2;1;61;0;4111047;861;0
11;19;78;11;25;16;17;4.00;2;1;1;57;0;4111617;2820;0
11;19;78;11;25;18;58;3.60;4;2;1;57;0;4111858;893;0
11;19;78;11;25;19;65;3.80;4;2;1;64;0;4111965;84;0
11;19;78;11;25;21;35;3.40;1;1;1;61;0;4112135;2285;0
11;19;78;11;25;22;10;3.80;2;1;1;60;0;4112210;567;0
11;19;78;11;25;23;52;3.20;4;2;1;59;0;4112352;365;0
11;19;78;11;25;23;66;3.60;2;1;1;61;0;4112366;133;0
11;19;78;11;25;25;0;3.40;3;2;1;52;0;4112500;1431;0
11;19;78;11;25;25;15;3.60;1;1;1;57;0;4112515;359;0
11;19;78;11;25;29;42;6.20;1;1;1;56;0;4112942;404;0
11;19;78;11;25;33;95;3.20;1;1;1;54;0;4113395;413;0
11;19;78;11;25;36;16;15.20;1;1;4;52;0;4113616;199;0
11;19;78;11;25;36;53;11.80;4;2;3;51;0;4113653;1281;0
11;19;78;11;25;39;31;3.60;1;1;1;49;0;4113931;209;0
11;19;78;11;25;40;41;3.40;1;1;1;46;0;4114041;83;0
11;19;78;11;25;40;71;3.40;4;2;1;52;0;4114071;334;0
11;19;78;11;25;41;71;4.00;2;1;1;51;0;4114171;1783;0
11;19;78;11;25;41;82;5.20;4;2;1;62;0;4114182;87;0
11;19;78;11;25;42;5;3.60;1;1;1;47;0;4114205;137;0
11;19;78;11;25;46;56;3.80;2;1;1;63;0;4114656;456;0
11;19;78;11;25;46;33;4.20;1;1;1;43;0;4114633;400;0
11;19;78;11;25;46;85;3.00;4;2;1;63;0;4114685;472;0
11;19;78;11;25;48;21;3.60;1;1;1;44;0;4114821;152;0
11;19;78;11;25;48;98;3.60;2;1;1;58;0;4114898;220;0
11;19;78;11;25;50;11;3.20;4;2;1;62;0;4115011;308;0
11;19;78;11;25;49;96;4.40;1;1;1;43;0;4114996;145;0
11;19;78;11;25;51;18;5.40;3;2;1;65;0;4115118;2594;0
11;19;78;11;25;51;32;3.40;1;1;1;44;0;4115132;99;0
11;19;78;11;25;52;5;9.80;2;1;2;60;0;4115205;284;0
11;19;78;11;25;54;50;3.00;4;2;1;48;0;4115450;420;0
11;19;78;11;25;54;60;4.80;1;1;1;55;0;4115460;300;0
11;19;78;11;25;54;87;3.40;3;2;1;58;0;4115487;339;0
11;19;78;11;25;55;41;3.00;4;2;1;47;0;4115541;68;0
11;19;78;11;25;55;76;4.40;3;2;1;57;0;4115576;67;0
11;19;78;11;25;56;91;3.20;4;2;1;48;0;4115691;127;0
11;19;78;11;25;58;41;3.80;4;2;1;49;0;4115841;126;0
11;19;78;11;25;58;63;4.00;3;2;1;55;0;4115863;259;0
11;19;78;11;25;59;80;3.80;3;2;1;55;0;4115980;90;0
11;19;78;11;26;0;80;3.60;4;2;1;46;0;4116080;211;0
11;19;78;11;26;0;90;3.60;3;2;1;56;0;4116090;85;0
11;19;78;11;26;1;68;3.80;4;2;1;46;0;4116168;59;0
11;19;78;11;26;1;82;3.80;3;2;1;56;0;4116182;68;0
11;19;78;11;26;1;92;3.40;2;1;1;60;0;4116192;928;0
11;19;78;11;26;2;68;3.40;4;2;1;46;0;4116268;70;0
11;19;78;11;26;2;96;3.80;3;2;1;57;0;4116296;89;4115863
11;19;78;11;26;4;38;3.60;3;2;1;58;0;4116438;118;4115863
11;19;78;11;26;4;56;4.40;4;2;1;51;0;4116456;161;4115863
11;19;78;11;26;4;71;3.20;1;1;1;62;0;4116471;979;0
11;19;78;11;26;5;53;3.40;3;2;1;56;0;4116553;92;4115863
11;19;78;11;26;5;61;3.40;4;2;1;51;0;4116561;73;4116080
11;19;78;11;26;7;10;3.60;4;2;1;50;0;4116710;125;4116080
11;19;78;11;26;8;17;4.20;4;2;1;52;0;4116817;81;4116080
11;19;78;11;26;8;39;3.40;3;2;1;53;0;4116839;264;0
11;19;78;11;26;9;5;3.00;1;1;1;56;0;4116905;415;0
11;19;78;11;26;9;93;3.60;3;2;1;57;0;4116993;130;0
11;19;78;11;26;10;6;7.80;4;2;2;49;0;4117006;159;4116080
11;19;78;11;26;11;23;4.00;3;2;1;57;0;4117123;107;4116080
11;19;78;11;26;11;77;4.40;2;1;1;51;0;4117177;964;0
11;19;78;11;26;11;91;3.60;4;2;1;50;0;4117191;127;4116080
11;19;78;11;26;12;31;3.80;1;1;1;50;0;4117231;306;0
11;19;78;11;26;13;6;3.60;4;2;1;53;0;4117306;89;4116080
11;19;78;11;26;13;35;3.80;1;1;1;49;0;4117335;76;4116080
11;19;78;11;26;14;91;3.80;3;2;1;56;0;4117491;342;0
11;19;78;11;26;15;3;3.60;1;1;1;51;0;4117503;140;0
11;19;78;11;26;15;2;5.20;4;2;1;52;0;4117502;171;4116080
11;19;78;11;26;15;39;3.80;2;1;1;60;0;4117539;330;0
11;19;78;11;26;18;6;3.40;1;1;1;52;0;4117806;277;0
11;19;78;11;26;18;37;4.00;2;1;1;57;0;4117837;275;0
11;19;78;11;26;20;33;3.60;1;1;1;52;0;4118033;203;0
11;19;78;11;26;26;72;3.00;2;1;1;60;0;4118672;809;0
11;19;78;11;26;30;43;3.60;3;2;1;73;0;4119043;1527;0
11;19;78;11;26;32;62;3.80;4;2;1;58;0;4119262;1724;0
11;19;78;11;26;39;36;4.60;1;1;1;60;0;4119936;1878;0
11;19;78;11;26;46;71;4.00;4;2;1;64;0;4120671;1385;0
11;19;78;11;26;48;76;3.80;2;1;1;56;0;4120876;2186;0
11;19;78;11;26;50;5;3.60;4;2;1;61;0;4121005;311;0
11;19;78;11;26;53;72;10.60;1;1;2;50;0;4121372;1408;0
11;19;78;11;26;58;58;7.20;1;1;1;52;0;4121858;409;0
11;19;78;11;26;59;92;4.80;4;2;1;52;0;4121992;965;0
11;19;78;11;27;1;68;3.60;3;2;1;60;0;4122168;3107;0
11;19;78;11;27;1;75;3.00;4;2;1;50;0;4122175;149;0
11;19;78;11;27;5;33;3.00;4;2;1;53;0;4122533;336;0
11;19;78;11;27;20;16;3.40;4;2;1;63;0;4124016;1462;0
11;19;78;11;27;22;26;3.80;3;2;1;63;0;4124226;2036;0
11;19;78;11;27;22;77;3.40;4;2;1;61;0;4124277;241;0
11;19;78;11;27;23;11;3.20;3;2;1;65;0;4124311;63;0
11;19;78;11;27;24;21;3.60;3;2;1;64;0;4124421;92;0
11;19;78;11;27;25;11;3.40;4;2;1;61;0;4124511;213;0
11;19;78;11;27;25;81;3.40;1;1;1;51;0;4124581;2673;0
11;19;78;11;27;26;23;3.60;3;2;1;60;0;4124623;181;0
11;19;78;11;27;28;61;3.40;3;2;1;60;0;4124861;216;0
11;19;78;11;27;29;71;3.60;3;2;1;63;0;4124971;89;0
11;19;78;11;27;31;20;4.00;4;2;1;55;0;4125120;588;0
11;19;78;11;27;32;34;4.40;3;2;1;60;0;4125234;242;0
11;19;78;11;27;32;91;3.60;4;2;1;52;0;4125291;144;0
11;19;78;11;27;35;6;3.20;1;1;1;68;0;4125506;901;0
11;19;78;11;27;35;6;3.40;4;2;1;55;0;4125506;190;0
11;19;78;11;27;35;36;3.00;3;2;1;62;0;4125536;275;0
11;19;78;11;27;36;85;3.20;4;2;1;57;0;4125685;156;0
11;19;78;11;27;39;85;4.40;4;2;1;57;0;4125985;279;0
11;19;78;11;27;42;42;3.40;3;2;1;65;0;4126242;688;0
11;19;78;11;27;41;92;10.80;4;2;7;55;0;4126192;179;0
11;19;78;11;27;43;34;5.40;1;1;1;56;0;4126334;811;0
11;19;78;11;27;44;13;4.20;4;2;1;57;0;4126413;150;0
11;19;78;11;27;47;80;5.20;1;1;1;54;0;4126780;411;0
11;19;78;11;27;49;35;3.60;4;2;1;58;0;4126935;495;0
11;19;78;11;27;50;2;3.80;1;1;1;59;0;4127002;187;0
11;19;78;11;27;50;79;3.00;2;1;1;56;0;4127079;6178;0
11;19;78;11;27;53;5;4.60;1;1;1;55;0;4127305;279;0
11;19;78;11;27;53;59;4.60;2;1;1;54;0;4127359;260;0
11;19;78;11;27;53;78;3.40;4;2;1;55;0;4127378;420;0
11;19;78;11;27;55;82;3.80;1;1;1;59;0;4127582;246;0
11;19;78;11;27;57;30;3.60;2;1;1;53;0;4127730;340;0
11;19;78;11;27;58;25;3.40;1;1;1;58;0;4127825;219;0
11;19;78;11;27;59;61;3.80;2;1;1;53;0;4127961;206;0
11;19;78;11;28;2;97;3.60;2;1;1;51;0;4128297;310;0
11;19;78;11;28;3;58;4.60;1;1;1;58;0;4128358;511;0
11;19;78;11;28;4;1;3.40;2;1;1;52;0;4128401;78;0
11;19;78;11;28;6;87;4.80;1;1;1;50;0;4128687;300;0
11;19;78;11;28;7;68;4.00;2;1;1;60;0;4128768;343;0
11;19;78;11;28;8;70;4.00;1;1;1;49;0;4128870;148;0
11;19;78;11;28;9;92;4.00;2;1;1;62;0;4128992;200;0
11;19;78;11;28;10;27;10.20;1;1;7;50;0;4129027;127;0
11;19;78;11;28;11;86;3.40;3;2;1;59;0;4129186;2925;0
11;19;78;11;28;12;31;3.40;1;1;1;50;0;4129231;130;0
11;19;78;11;28;16;65;3.80;1;1;1;55;0;4129665;409;0
11;19;78;11;28;18;57;3.60;4;2;1;53;0;4129857;2456;0
11;19;78;11;28;19;7;7.40;1;1;2;50;0;4129907;217;0
11;19;78;11;28;20;75;4.00;1;1;1;49;0;4130075;114;0
11;19;78;11;28;21;97;3.80;1;1;1;49;0;4130197;92;0
11;19;78;11;28;23;38;3.80;1;1;1;50;0;4130338;113;0
11;19;78;11;28;25;7;3.60;1;1;1;53;0;4130507;141;4129907
11;19;78;11;28;27;8;3.60;2;1;1;58;0;4130708;1692;0
11;19;78;11;28;27;51;3.80;3;2;1;63;0;4130751;1544;0
11;19;78;11;28;28;23;5.00;4;2;1;63;0;4130823;941;0
11;19;78;11;28;29;64;3.60;1;1;1;60;0;4130964;432;0
11;19;78;11;28;32;98;12.60;1;1;3;51;0;4131298;312;0
11;19;78;11;28;34;31;3.40;2;1;1;20;0;4131431;700;0
11;19;78;11;28;35;22;3.40;1;1;1;49;0;4131522;135;0
11;19;78;11;28;35;45;4.80;3;2;1;57;0;4131545;772;0
11;19;78;11;28;37;33;3.80;3;2;1;54;0;4131733;157;0
11;19;78;11;28;37;39;3.20;1;1;1;50;0;4131739;192;0
11;19;78;11;28;37;3;11.40;4;2;2;61;0;4131703;851;0
11;19;78;11;28;38;69;3.80;1;1;1;46;0;4131869;106;0
11;19;78;11;28;39;24;8.00;4;2;2;61;0;4131924;153;0
11;19;78;11;28;40;59;3.20;1;1;1;46;0;4132059;160;4131298
11;19;78;11;28;44;13;4.00;1;1;1;61;0;4132413;328;0
11;19;78;11;28;46;70;3.80;1;1;1;60;0;4132670;233;0
11;19;78;11;28;56;77;3.00;4;2;1;58;0;4133677;1705;0
11;19;78;11;29;2;26;3.80;3;2;1;57;0;4134226;2467;0
11;19;78;11;29;4;77;3.80;4;2;1;61;0;4134477;781;0
11;19;78;11;29;5;90;3.60;3;2;1;58;0;4134590;340;0
11;19;78;11;29;7;9;3.80;3;2;1;58;0;4134709;96;0
11;19;78;11;29;8;12;3.60;3;2;1;58;0;4134812;79;0
11;19;78;11;29;8;99;3.40;3;2;1;73;0;4134899;64;0
11;19;78;11;29;9;45;3.40;4;2;1;66;0;4134945;445;0
11;19;78;11;29;10;59;3.40;3;2;1;65;0;4135059;143;4134590
11;19;78;11;29;12;58;3.40;4;2;1;62;0;4135258;294;0
11;19;78;11;29;13;16;3.40;3;2;1;55;0;4135316;238;0
11;19;78;11;29;13;87;4.20;4;2;1;59;0;4135387;109;0
11;19;78;11;29;13;98;3.00;3;2;1;55;0;4135398;59;0
11;19;78;11;29;15;59;3.80;4;2;1;59;0;4135559;146;0
11;19;78;11;29;16;78;3.40;3;2;1;58;0;4135678;260;0
11;19;78;11;29;17;9;3.40;4;2;1;57;0;4135709;126;0
11;19;78;11;29;17;19;10.00;2;1;2;55;0;4135719;4226;0
11;19;78;11;29;18;52;3.60;3;2;1;57;0;4135852;152;0
11;19;78;11;29;19;28;3.80;4;2;1;61;0;4135928;197;4135258
11;19;78;11;29;19;74;5.40;3;2;1;54;0;4135974;99;4135258
11;19;78;11;29;20;79;3.20;3;2;1;54;0;4136079;69;4135258
11;19;78;11;29;22;3;3.40;3;2;1;55;0;4136203;102;4135678
11;19;78;11;29;23;70;3.60;1;1;1;60;0;4136370;3677;0
11;19;78;11;29;24;3;3.80;2;1;1;57;0;4136403;618;0
11;19;78;11;29;24;6;5.00;4;2;1;55;0;4136406;455;0
11;19;78;11;29;24;92;3.80;3;2;1;57;0;4136492;266;0
11;19;78;11;29;25;43;4.40;4;2;1;53;0;4136543;104;0
11;19;78;11;29;27;6;3.80;4;2;1;50;0;4136706;133;0
11;19;78;11;29;30;34;3.80;1;1;1;58;0;4137034;642;0
11;19;78;11;29;31;11;7.20;4;2;1;56;0;4137111;377;0
11;19;78;11;29;32;30;3.40;4;2;1;55;0;4137230;72;0
11;19;78;11;29;35;64;3.80;2;1;1;60;0;4137564;1137;0
11;19;78;11;29;37;99;3.60;1;1;1;59;0;4137799;741;0
11;19;78;11;29;39;42;3.40;1;1;1;57;0;4137942;121;0
11;19;78;11;29;41;81;3.80;1;1;1;57;0;4138181;217;0
11;19;78;11;29;42;80;3.60;1;1;1;52;0;4138280;75;0
11;19;78;11;29;43;18;3.80;2;1;1;60;0;4138318;731;0
11;19;78;11;29;44;22;3.80;1;1;1;54;0;4138422;117;0
11;19;78;11;29;44;77;5.00;2;1;1;59;0;4138477;136;0
11;19;78;11;29;46;78;3.80;2;1;1;56;0;4138678;170;0
11;19;78;11;29;46;87;3.40;1;1;1;54;0;4138687;239;0
11;19;78;11;29;47;89;4.00;2;1;1;54;0;4138789;86;0
11;19;78;11;29;49;82;3.20;2;1;1;55;0;4138982;166;4138318
11;19;78;11;29;50;98;3.40;2;1;1;55;0;4139098;95;4138318
11;19;78;11;29;51;74;3.40;1;1;1;48;0;4139174;464;0
11;19;78;11;29;52;24;3.60;2;1;1;51;0;4139224;103;4138318
11;19;78;11;29;52;89;3.40;1;1;1;49;0;4139289;89;4138318
11;19;78;11;29;53;66;3.20;3;2;1;65;0;4139366;2850;0
11;19;78;11;29;53;71;3.60;1;1;1;48;0;4139371;57;0
11;19;78;11;29;54;22;5.00;2;1;1;52;0;4139422;172;4138318
11;19;78;11;29;55;98;8.20;1;1;2;48;0;4139598;200;0
11;19;78;11;29;56;92;4.00;2;1;1;55;0;4139692;235;0
11;19;78;11;29;57;80;3.20;2;1;1;55;0;4139780;61;0
11;19;78;11;29;59;0;3.80;4;2;1;58;0;4139900;2647;0
11;19;78;11;29;59;33;3.80;2;1;1;54;0;4139933;132;0
11;19;78;11;29;59;12;8.00;1;1;2;46;0;4139912;252;0
11;19;78;11;30;0;73;3.40;1;1;1;46;0;4140073;98;0
11;19;78;11;30;1;87;3.60;1;1;1;46;0;4140187;87;0
11;19;78;11;30;3;83;3.80;1;1;1;48;0;4140383;167;0
11;19;78;11;30;6;48;3.80;1;1;1;45;0;4140648;236;0
11;19;78;11;30;7;78;3.20;1;1;1;45;0;4140778;99;0
11;19;78;11;30;9;71;3.20;1;1;1;43;0;4140971;167;0
11;19;78;11;30;11;31;3.60;1;1;1;42;0;4141131;133;0
11;19;78;11;30;13;27;3.40;4;2;1;63;0;4141327;1403;0
11;19;78;11;30;13;24;3.40;1;1;1;40;0;4141324;162;4140648
11;19;78;11;30;14;71;2.80;1;1;1;40;0;4141471;116;4140648
11;19;78;11;30;15;65;3.40;4;2;1;60;0;4141565;218;0
11;19;78;11;30;16;35;3.40;1;1;1;39;0;4141635;138;4140648
11;19;78;11;30;16;51;3.80;2;1;1;53;0;4141651;1692;0
11;19;78;11;30;19;93;3.60;1;1;1;45;0;4141993;326;0
11;19;78;11;30;20;76;3.20;3;2;1;64;0;4142076;2692;0
11;19;78;11;30;20;91;3.40;4;2;1;59;0;4142091;505;0
11;19;78;11;30;21;91;3.60;1;1;1;45;0;4142191;169;0
11;19;78;11;30;24;35;3.80;1;1;1;45;0;4142435;215;0
11;19;78;11;30;25;46;3.20;1;1;1;43;0;4142546;80;0
11;19;78;11;30;25;84;3.60;3;2;1;59;0;4142584;490;0
11;19;78;11;30;27;10;3.40;1;1;1;46;0;4142710;137;0
11;19;78;11;30;31;90;6.00;1;1;1;54;0;4143190;453;0
11;19;78;11;30;37;77;3.60;1;1;1;45;0;4143777;547;0
11;19;78;11;30;43;36;3.60;1;1;1;61;0;4144336;530;0
11;19;78;11;30;43;79;3.60;4;2;1;58;0;4144379;2267;0
11;19;78;11;30;47;65;3.60;3;2;1;54;0;4144765;2159;0
11;19;78;11;30;49;32;3.80;3;2;1;58;0;4144932;143;0
11;19;78;11;30;51;18;3.40;3;2;1;58;0;4145118;162;0
11;19;78;11;30;51;2;11.40;4;2;3;50;0;4145102;700;0
11;19;78;11;30;52;38;3.60;3;2;1;57;0;4145238;98;0
11;19;78;11;30;53;45;3.80;3;2;1;57;0;4145345;84;4144765
11;19;78;11;30;53;90;3.60;4;2;1;48;0;4145390;205;0
11;19;78;11;30;54;30;3.60;3;2;1;58;0;4145430;61;4144765
11;19;78;11;30;55;56;3.20;4;2;1;49;0;4145556;139;4144765
11;19;78;11;30;55;71;4.40;3;2;1;59;0;4145571;118;4144765
11;19;78;11;30;57;7;3.40;4;2;1;52;0;4145707;127;4144765
11;19;78;11;30;57;42;3.40;3;2;1;61;0;4145742;144;4144765
11;19;78;11;30;58;47;3.60;4;2;1;53;0;4145847;116;4144765
11;19;78;11;31;0;56;4.00;4;2;1;55;0;4146056;184;4145390
11;19;78;11;31;1;4;4.00;3;2;1;61;0;4146104;341;0
11;19;78;11;31;2;41;3.80;3;2;1;61;0;4146241;113;0
11;19;78;11;31;2;79;3.80;4;2;1;54;0;4146279;196;4145390
11;19;78;11;31;3;88;4.40;3;2;1;58;0;4146388;124;4145390
11;19;78;11;31;4;2;3.60;4;2;1;54;0;4146402;97;4145390
11;19;78;11;31;5;15;3.00;4;2;1;53;0;4146515;89;4145390
11;19;78;11;31;6;31;9.80;4;2;2;54;0;4146631;95;4145390
11;19;78;11;31;9;44;3.80;2;1;1;57;0;4146944;5267;0
11;19;78;11;31;10;71;3.20;3;2;1;52;0;4147071;655;0
11;19;78;11;31;10;83;3.60;4;2;1;52;0;4147083;386;0
11;19;78;11;31;12;6;3.80;4;2;1;52;0;4147206;98;0
11;19;78;11;31;12;20;3.40;3;2;1;54;0;4147220;126;0
11;19;78;11;31;12;40;4.00;2;1;1;50;0;4147240;272;0
11;19;78;11;31;12;83;3.20;1;1;1;55;0;4147283;2925;0
11;19;78;11;31;13;81;3.20;3;2;1;56;0;4147381;138;0
11;19;78;11;31;13;74;6.20;4;2;1;51;0;4147374;141;0
11;19;78;11;31;15;32;4.60;3;2;1;55;0;4147532;130;0
11;19;78;11;31;16;52;4.00;4;2;1;56;0;4147652;234;0
11;19;78;11;31;18;40;3.80;2;1;1;60;0;4147840;571;0
11;19;78;11;31;22;78;3.60;2;1;1;58;0;4148278;415;0
11;19;78;11;31;26;68;3.40;2;1;1;56;0;4148668;367;0
11;19;78;11;31;27;45;3.80;2;1;1;61;0;4148745;55;0
11;19;78;11;31;27;46;4.00;1;1;1;58;0;4148746;1442;0
11;19;78;11;31;28;72;3.80;2;1;1;58;0;4148872;104;0
11;19;78;11;31;28;94;3.80;1;1;1;48;0;4148894;123;0
11;19;78;11;31;29;67;3.60;2;1;1;57;0;4148967;71;0
11;19;78;11;31;31;0;3.40;2;1;1;57;0;4149100;110;4148668
11;19;78;11;31;31;25;4.20;1;1;1;46;0;4149125;202;0
11;19;78;11;31;32;51;4.00;1;1;1;47;0;4149251;93;0
11;19;78;11;31;33;28;2.80;1;1;1;46;0;4149328;46;0
11;19;78;11;31;34;86;7.60;2;1;1;57;0;4149486;364;0
11;19;78;11;31;34;39;13.40;1;1;4;45;0;4149439;89;0
11;19;78;11;31;37;21;3.80;2;1;1;53;0;4149721;187;0
11;19;78;11;31;37;32;10.60;1;1;2;45;0;4149732;185;4149125
11;19;78;11;31;38;27;3.60;4;2;1;60;0;4149827;2149;0
11;19;78;11;31;38;35;3.80;2;1;1;53;0;4149835;88;0
11;19;78;11;31;39;29;3.60;1;1;1;46;0;4149929;112;4149125
11;19;78;11;31;41;59;3.60;1;1;1;50;0;4150159;201;0
11;19;78;11;31;43;36;3.40;1;1;1;48;0;4150336;151;0
11;19;78;11;31;45;35;3.00;1;1;1;47;0;4150535;173;0
11;19;78;11;31;45;97;3.20;2;1;1;53;0;4150597;736;0
11;19;78;11;31;47;12;3.40;1;1;1;49;0;4150712;154;0
11;19;78;11;31;48;96;14.40;1;1;3;45;0;4150896;159;4150159
11;19;78;11;31;51;17;3.40;3;2;1;62;0;4151117;3554;0
11;19;78;11;31;52;44;3.00;3;2;1;69;0;4151244;107;0
11;19;78;11;31;52;68;3.80;4;2;1;69;0;4151268;1419;0
11;19;78;11;31;53;12;3.80;1;1;1;45;0;4151312;300;0
11;19;78;11;31;53;36;3.60;2;1;1;54;0;4151336;717;0
11;19;78;11;31;54;61;3.40;4;2;1;66;0;4151461;173;0
11;19;78;11;31;54;46;4.00;1;1;1;44;0;4151446;103;0
11;19;78;11;31;55;78;4.80;3;2;1;64;0;4151578;318;0
11;19;78;11;31;57;11;3.40;1;1;1;44;0;4151711;232;0
11;19;78;11;31;58;39;3.40;4;2;1;55;0;4151839;359;0
11;19;78;11;31;58;74;3.80;3;2;1;65;0;4151874;269;0
11;19;78;11;31;59;14;3.40;1;1;1;44;0;4151914;175;0
11;19;78;11;32;0;86;3.40;1;1;1;44;0;4152086;144;0
11;19;78;11;32;2;42;3.60;3;2;1;55;0;4152242;346;0
11;19;78;11;32;3;25;3.60;2;1;1;55;0;4152325;965;0
11;19;78;11;32;3;49;3.80;4;2;1;56;0;4152349;487;0
11;19;78;11;32;4;82;3.40;4;2;1;54;0;4152482;108;0
11;19;78;11;32;6;71;3.40;1;1;1;47;0;4152671;557;0
11;19;78;11;32;8;30;4.00;4;2;1;59;0;4152830;325;0
11;19;78;11;32;11;92;3.40;1;1;1;48;0;4153192;494;0
11;19;78;11;32;13;35;3.40;4;2;1;61;0;4153335;480;0
11;19;78;11;32;13;37;10.20;1;1;2;45;0;4153337;119;0
11;19;78;11;32;15;53;3.40;1;1;1;47;0;4153553;134;0
11;19;78;11;32;17;97;3.00;2;1;1;56;0;4153797;1448;0
11;19;78;11;32;17;89;3.40;1;1;1;48;0;4153789;209;0
11;19;78;11;32;19;36;3.20;1;1;1;44;0;4153936;121;0
11;19;78;11;32;21;50;3.20;1;1;1;42;0;4154150;187;0
11;19;78;11;32;23;63;3.80;4;2;1;65;0;4154363;1007;0
11;19;78;11;32;23;52;3.40;1;1;1;44;0;4154352;174;0
11;19;78;11;32;25;8;4.00;1;1;1;42;0;4154508;128;4153789
11;19;78;11;32;27;10;3.20;4;2;1;60;0;4154710;325;0
11;19;78;11;32;27;48;3.80;3;2;1;67;0;4154748;2482;0
11;19;78;11;32;27;1;8.80;1;1;6;41;0;4154701;158;4153789
11;19;78;11;32;27;93;3.60;2;1;1;55;0;4154793;976;0
11;19;78;11;32;28;81;3.60;3;2;1;62;0;4154881;112;0
11;19;78;11;32;29;26;3.60;1;1;1;41;0;4154926;147;4153789
11;19;78;11;32;29;63;3.60;4;2;1;61;0;4154963;233;0
11;19;78;11;32;30;18;3.60;3;2;1;62;0;4155018;116;0
11;19;78;11;32;31;39;3.40;1;1;1;43;0;4155139;181;4153789
11;19;78;11;32;31;77;3.80;2;1;1;57;0;4155177;360;0
11;19;78;11;32;31;85;3.60;3;2;1;63;0;4155185;146;0
11;19;78;11;32;32;63;3.80;1;1;1;55;0;4155263;95;4153789
11;19;78;11;32;33;20;3.40;4;2;1;57;0;4155320;335;0
11;19;78;11;32;34;84;3.60;2;1;1;56;0;4155484;283;0
11;19;78;11;32;35;61;7.00;4;2;1;58;0;4155561;219;0
11;19;78;11;32;38;16;4.80;3;2;1;60;0;4155816;610;0
11;19;78;11;32;40;45;3.20;4;2;1;59;0;4156045;440;0
11;19;78;11;32;41;74;3.80;3;2;1;60;0;4156174;329;0
11;19;78;11;32;41;85;3.80;4;2;1;59;0;4156185;120;0
11;19;78;11;32;42;95;9.40;4;2;2;59;0;4156295;86;0
11;19;78;11;32;43;46;4.20;3;2;1;59;0;4156346;149;0
11;19;78;11;32;44;88;7.80;4;2;1;58;0;4156488;135;0
11;19;78;11;32;45;94;3.80;3;2;1;60;0;4156594;222;0
11;19;78;11;32;48;31;3.60;3;2;1;61;0;4156831;214;0
11;19;78;11;32;48;14;9.40;4;2;2;57;0;4156814;277;0
11;19;78;11;32;49;99;4.40;4;2;1;57;0;4156999;125;0
11;19;78;11;32;50;78;3.80;3;2;1;63;0;4157078;225;0
11;19;78;11;32;51;81;3.80;3;2;1;59;0;4157181;81;0
11;19;78;11;32;52;21;3.00;4;2;1;57;0;4157221;194;0
11;19;78;11;32;52;83;4.40;3;2;1;60;0;4157283;78;0
11;19;78;11;32;53;93;4.00;4;2;1;59;0;4157393;153;0
11;19;78;11;32;55;92;2.80;3;2;1;62;0;4157592;282;0
11;19;78;11;32;56;33;3.40;4;2;1;57;0;4157633;215;0
11;19;78;11;32;56;38;4.40;1;1;1;58;0;4157638;2350;0
11;19;78;11;32;59;35;3.80;4;2;1;55;0;4157935;280;0
11;19;78;11;33;2;70;3.80;4;2;1;56;0;4158270;310;0
11;19;78;11;33;3;5;5.40;1;1;1;62;0;4158305;639;0
11;19;78;11;33;5;52;3.60;2;1;1;59;0;4158552;3044;0
11;19;78;11;33;5;53;4.60;1;1;1;61;0;4158553;216;0
11;19;78;11;33;9;21;3.40;2;1;1;55;0;4158921;347;0
11;19;78;11;33;9;49;3.20;1;1;1;59;0;4158949;368;0
11;19;78;11;33;10;2;4.00;2;1;1;55;0;4159002;58;0
11;19;78;11;33;13;69;3.60;1;1;1;57;0;4159369;400;0
11;19;78;11;33;15;4;4.40;1;1;1;55;0;4159504;112;0
11;19;78;11;33;16;59;3.20;1;1;1;53;0;4159659;126;0
11;19;78;11;33;17;35;8.40;2;1;2;60;0;4159735;706;0
11;19;78;11;33;17;57;3.60;1;1;1;52;0;4159757;76;0
11;19;78;11;33;18;97;4.80;1;1;1;50;0;4159897;115;4159369
11;19;78;11;33;20;62;4.40;4;2;1;57;0;4160062;1767;0
11;19;78;11;33;21;97;9.00;1;1;2;58;0;4160197;265;0
11;19;78;11;33;23;4;2.80;4;2;1;52;0;4160304;214;0
11;19;78;11;33;24;39;4.00;4;2;1;54;0;4160439;115;0
11;19;78;11;33;25;35;3.80;1;1;1;58;0;4160535;282;0
11;19;78;11;33;27;49;3.60;1;1;1;56;0;4160749;190;0
11;19;78;11;33;29;43;5.00;1;1;1;53;0;4160943;170;0
11;19;78;11;33;31;21;3.20;1;1;1;51;0;4161121;144;0
11;19;78;11;33;33;89;3.80;1;1;1;47;0;4161389;245;0
11;19;78;11;33;34;93;3.40;4;2;1;55;0;4161493;1027;0
11;19;78;11;33;39;19;3.40;4;2;1;55;0;4161919;403;0
11;19;78;11;33;41;93;3.60;4;2;1;58;0;4162193;251;0
11;19;78;11;33;43;24;4.80;4;2;1;57;0;4162324;108;0
11;19;78;11;33;44;85;3.60;4;2;1;58;0;4162485;130;0
11;19;78;11;33;46;68;3.60;4;2;1;61;0;4162668;160;0
11;19;78;11;33;49;28;3.20;1;1;1;59;0;4162928;1509;0
11;19;78;11;33;52;29;3.80;1;1;1;58;0;4163229;281;0
11;19;78;11;33;55;22;3.80;1;1;1;56;0;4163522;269;0
11;19;78;11;33;56;50;3.20;1;1;1;57;0;4163650;103;0
11;19;78;11;33;58;85;3.40;4;2;1;57;0;4163885;1195;0
11;19;78;11;34;4;83;3.60;4;2;1;62;0;4164483;576;0
11;19;78;11;34;6;81;3.00;1;1;1;59;0;4164681;1010;0
11;19;78;11;34;6;98;14.40;4;2;3;57;0;4164698;194;0
11;19;78;11;34;8;85;3.60;4;2;1;57;0;4164885;96;0
11;19;78;11;34;9;66;4.00;3;2;1;63;0;4164966;7357;0
11;19;78;11;34;11;28;3.40;3;2;1;63;0;4165128;139;0
11;19;78;11;34;11;32;11.00;4;2;2;60;0;4165132;224;0
11;19;78;11;34;12;53;3.20;3;2;1;64;0;4165253;105;0
11;19;78;11;34;13;23;3.40;4;2;1;60;0;4165323;125;0
11;19;78;11;34;13;95;3.80;3;2;1;63;0;4165395;124;0
11;19;78;11;34;15;61;9.40;3;2;2;63;0;4165561;144;4164966
11;19;78;11;34;17;22;10.60;4;2;2;57;0;4165722;378;0
11;19;78;11;34;20;6;4.20;3;2;1;58;0;4166006;391;0
11;19;78;11;34;20;60;3.60;4;2;1;58;0;4166060;271;0
11;19;78;11;34;21;71;5.60;3;2;1;59;0;4166171;138;0
11;19;78;11;34;22;45;3.80;4;2;1;58;0;4166245;162;0
11;19;78;11;34;23;29;5.00;3;2;1;58;0;4166329;123;0
11;19;78;11;34;24;91;3.80;3;2;1;57;0;4166491;130;0
11;19;78;11;34;25;9;3.60;4;2;1;56;0;4166509;240;0
11;19;78;11;34;25;83;3.60;2;1;1;57;0;4166583;6797;0
11;19;78;11;34;27;18;3.00;3;2;1;55;0;4166718;203;0
11;19;78;11;34;28;33;4.00;3;2;1;56;0;4166833;95;0
11;19;78;11;34;28;61;3.00;4;2;1;58;0;4166861;328;0
11;19;78;11;34;31;38;8.60;4;2;6;55;0;4167138;258;0
11;19;78;11;34;32;40;3.40;3;2;1;57;0;4167240;381;0
11;19;78;11;34;52;91;3.20;4;2;1;59;0;4169291;2096;0
11;19;78;11;34;56;68;12.80;1;1;3;49;0;4169668;4968;0
11;19;78;11;34;59;83;3.60;2;1;1;57;0;4169983;3377;0
11;19;78;11;35;1;59;3.40;2;1;1;56;0;4170159;153;0
11;19;78;11;35;2;72;3.60;1;1;1;54;0;4170272;509;0
11;19;78;11;35;3;93;3.80;2;1;1;56;0;4170393;212;0
11;19;78;11;35;4;64;13.40;1;1;4;51;0;4170464;168;0
11;19;78;11;35;5;53;3.80;2;1;1;57;0;4170553;135;0
11;19;78;11;35;6;28;3.80;4;2;1;58;0;4170628;1317;0
11;19;78;11;35;7;20;3.60;1;1;1;48;0;4170720;161;0
11;19;78;11;35;7;32;3.20;4;2;1;56;0;4170732;80;0
11;19;78;11;35;8;7;3.60;2;1;1;56;0;4170807;230;0
11;19;78;11;35;7;99;8.20;1;1;2;48;0;4170799;52;0
11;19;78;11;35;8;65;3.40;4;2;1;53;0;4170865;112;0
11;19;78;11;35;9;7;3.60;2;1;1;56;0;4170907;76;0
11;19;78;11;35;10;60;8.00;2;1;2;51;0;4171060;129;0
11;19;78;11;35;12;18;3.20;4;2;1;55;0;4171218;329;0
11;19;78;11;35;12;39;3.80;2;1;1;51;0;4171239;122;0
11;19;78;11;35;13;21;3.20;2;1;1;51;0;4171321;55;4170807
11;19;78;11;35;13;64;3.80;1;1;1;52;0;4171364;503;0
11;19;78;11;35;15;38;4.00;1;1;1;50;0;4171538;147;0
11;19;78;11;35;16;76;10.00;4;2;2;56;0;4171676;437;0
11;19;78;11;35;17;36;9.00;2;1;2;55;0;4171736;392;0
11;19;78;11;35;18;1;7.40;1;1;1;50;0;4171801;234;0
11;19;78;11;35;20;10;3.40;2;1;1;55;0;4172010;215;0
11;19;78;11;35;19;84;16.60;1;1;4;49;0;4171984;129;0
11;19;78;11;35;22;10;4.40;2;1;1;53;0;4172210;177;0
11;19;78;11;35;22;50;3.60;1;1;1;50;0;4172250;144;0
11;19;78;11;35;23;22;3.80;4;2;1;61;0;4172322;581;0
11;19;78;11;35;23;96;3.40;1;1;1;50;0;4172396;120;0
11;19;78;11;35;25;18;3.80;2;1;1;54;0;4172518;278;0
11;19;78;11;35;25;85;3.00;1;1;1;48;0;4172585;164;4171801
11;19;78;11;35;26;99;3.40;1;1;1;48;0;4172699;91;4171801
11;19;78;11;35;28;39;3.60;1;1;1;47;0;4172839;114;4171801
11;19;78;11;35;29;99;3.00;1;1;1;42;0;4172999;132;4171801
11;19;78;11;35;31;46;4.60;1;1;1;44;0;4173146;121;4171801
11;19;78;11;35;32;84;4.20;2;1;1;57;0;4173284;740;0
11;19;78;11;35;32;99;3.60;1;1;1;48;0;4173299;115;4171801
11;19;78;11;35;34;35;3.40;2;1;1;56;0;4173435;124;4171801
11;19;78;11;35;35;46;3.20;1;1;1;50;0;4173546;220;0
11;19;78;11;35;38;25;3.40;1;1;1;50;0;4173825;255;0
11;19;78;11;35;40;21;3.80;1;1;1;50;0;4174021;171;0
11;19;78;11;35;42;13;3.60;4;2;1;66;0;4174213;1868;0
11;19;78;11;35;42;32;4.80;1;1;1;46;0;4174232;183;0
11;19;78;11;35;43;86;3.60;1;1;1;46;0;4174386;116;0
11;19;78;11;35;44;86;3.60;1;1;1;48;0;4174486;71;4173825
11;19;78;11;35;45;17;3.40;3;2;1;61;0;4174517;7255;0
11;19;78;11;35;46;61;4.00;1;1;1;55;0;4174661;148;4173825
11;19;78;11;35;46;75;4.80;4;2;1;61;0;4174675;442;0
11;19;78;11;35;49;0;3.40;4;2;1;59;0;4174900;196;0
11;19;78;11;35;49;50;3.80;2;1;1;57;0;4174950;1493;0
11;19;78;11;35;49;50;3.80;1;1;1;50;0;4174950;262;0
11;19;78;11;35;50;51;3.20;3;2;1;64;0;4175051;513;0
11;19;78;11;35;50;70;3.40;4;2;1;59;0;4175070;149;0
11;19;78;11;35;50;40;24.40;1;1;5;49;0;4175040;62;0
11;19;78;11;35;52;26;3.80;3;2;1;60;0;4175226;157;0
11;19;78;11;35;54;72;3.40;4;2;1;59;0;4175472;381;0
11;19;78;11;35;55;12;3.40;3;2;1;59;0;4175512;263;0
11;19;78;11;35;56;72;5.20;3;2;1;61;0;4175672;139;0
11;19;78;11;35;57;73;3.40;4;2;1;58;0;4175773;280;0
11;19;78;11;35;58;33;4.00;3;2;1;58;0;4175833;130;0
11;19;78;11;36;0;15;4.20;3;2;1;58;0;4176015;157;0
11;19;78;11;36;1;10;3.60;4;2;1;56;0;4176110;315;0
11;19;78;11;36;2;5;3.60;3;2;1;57;0;4176205;163;4175512
11;19;78;11;36;2;60;3.00;4;2;1;56;0;4176260;126;4175512
11;19;78;11;36;4;14;3.20;4;2;1;55;0;4176414;134;4175512
11;19;78;11;36;4;64;3.60;3;2;1;59;0;4176464;236;0
11;19;78;11;36;6;9;3.80;3;2;1;59;0;4176609;123;0
11;19;78;11;36;7;30;3.60;4;2;1;59;0;4176730;295;0
11;19;78;11;36;7;80;3.80;3;2;1;56;0;4176780;147;0
11;19;78;11;36;8;51;3.20;4;2;1;59;0;4176851;99;0
11;19;78;11;36;9;72;3.60;3;2;1;64;0;4176972;167;0
11;19;78;11;36;10;35;3.60;4;2;1;59;0;4177035;164;0
11;19;78;11;36;10;68;3.20;3;2;1;62;0;4177068;75;4176464
11;19;78;11;36;14;69;3.40;4;2;1;58;0;4177469;412;0
11;19;78;11;36;16;14;3.40;1;1;1;63;0;4177614;2394;0
11;19;78;11;36;17;21;3.80;4;2;1;57;0;4177721;230;0
11;19;78;11;36;18;99;4.40;4;2;1;61;0;4177899;154;0
11;19;78;11;36;19;69;3.60;2;1;1;56;0;4177969;2995;0
11;19;78;11;36;24;71;3.20;4;2;1;59;0;4178471;546;0
11;19;78;11;36;31;99;3.60;1;1;1;47;0;4179199;1565;0
11;19;78;11;36;33;82;4.00;1;1;1;54;0;4179382;155;0
11;19;78;11;36;36;12;3.20;1;1;1;55;0;4179612;203;0
11;19;78;11;36;36;67;3.20;2;1;1;51;0;4179667;1674;0
11;19;78;11;36;37;82;3.40;2;1;1;54;0;4179782;92;0
11;19;78;11;36;39;16;3.40;1;1;1;53;0;4179916;283;0
11;19;78;11;36;38;27;19.80;4;2;5;53;0;4179827;1336;0
11;19;78;11;36;39;42;4.00;2;1;1;54;0;4179942;137;0
11;19;78;11;36;39;62;3.40;3;2;1;61;0;4179962;2875;0
11;19;78;11;36;39;98;3.80;1;1;1;54;0;4179998;58;0
11;19;78;11;36;40;80;4.80;1;1;1;53;0;4180080;56;0
11;19;78;11;36;43;1;4.40;3;2;1;63;0;4180301;318;0
11;19;78;11;36;43;13;3.80;4;2;1;61;0;4180313;351;0
11;19;78;11;36;44;25;3.60;2;1;1;53;0;4180425;456;0
11;19;78;11;36;45;37;3.80;4;2;1;58;0;4180537;201;0
11;19;78;11;36;46;56;3.40;2;1;1;49;0;4180656;206;0
11;19;78;11;36;48;16;3.60;3;2;1;57;0;4180816;489;0
11;19;78;11;36;48;48;3.20;1;1;1;53;0;4180848;735;0
11;19;78;11;36;49;30;3.80;2;1;1;52;0;4180930;249;0
11;19;78;11;36;50;27;3.60;2;1;1;51;0;4181027;70;0
11;19;78;11;36;50;94;3.40;1;1;1;46;0;4181094;224;0
11;19;78;11;36;51;67;3.60;1;1;1;45;0;4181167;46;0
11;19;78;11;36;52;21;3.20;3;2;1;59;0;4181221;382;0
11;19;78;11;36;52;58;3.60;2;1;1;49;0;4181258;205;0
11;19;78;11;36;53;29;4.60;1;1;1;46;0;4181329;133;0
11;19;78;11;36;54;21;3.40;2;1;1;47;0;4181421;136;0
11;19;78;11;36;55;29;3.20;1;1;1;42;0;4181529;164;0
11;19;78;11;36;55;82;3.00;2;1;1;48;0;4181582;134;0
11;19;78;11;36;56;31;3.40;1;1;1;42;0;4181631;74;4181094
11;19;78;11;36;57;45;3.40;1;1;1;39;0;4181745;84;4181094
11;19;78;11;36;57;95;3.00;4;2;1;50;0;4181795;1234;0
11;19;78;11;36;58;38;3.60;1;1;1;40;0;4181838;61;4181094
11;19;78;11;37;0;6;3.60;1;1;1;43;0;4182006;135;4181094
11;19;78;11;37;2;79;3.60;4;2;1;57;0;4182279;462;0
11;19;78;11;37;5;1;3.60;1;1;1;52;0;4182501;464;0
11;19;78;11;37;7;60;10.00;3;2;2;52;0;4182760;1519;0
11;19;78;11;37;8;48;4.40;1;1;1;48;0;4182848;322;0
11;19;78;11;37;9;49;3.40;1;1;1;48;0;4182949;68;0
11;19;78;11;37;10;44;3.00;4;2;1;61;0;4183044;742;0
11;19;78;11;37;11;69;3.20;4;2;1;57;0;4183169;107;0
11;19;78;11;37;12;56;3.60;2;1;1;54;0;4183256;1651;0
11;19;78;11;37;13;56;3.00;4;2;1;55;0;4183356;166;0
11;19;78;11;37;14;25;3.60;2;1;1;53;0;4183425;145;0
11;19;78;11;37;15;51;3.80;1;1;1;55;0;4183551;576;0
11;19;78;11;37;20;9;3.20;1;1;1;55;0;4184009;433;0
11;19;78;11;37;21;52;4.80;1;1;1;52;0;4184152;122;0
11;19;78;11;37;22;66;3.40;2;1;1;57;0;4184266;816;0
11;19;78;11;37;24;4;3.20;4;2;1;65;0;4184404;1028;0
11;19;78;11;37;25;83;3.80;1;1;1;53;0;4184583;397;0
11;19;78;11;37;27;71;3.60;2;1;1;56;0;4184771;483;0
11;19;78;11;37;27;35;4.40;1;2;1;10;0;4184735;911037;0
11;19;78;11;37;29;34;3.60;2;1;1;58;0;4184934;139;0
11;19;78;11;37;30;61;3.80;3;2;1;56;0;4185061;2231;0
11;19;78;11;37;31;30;3.20;4;2;1;63;0;4185130;708;0
11;19;78;11;37;32;67;3.80;4;2;1;58;0;4185267;118;0
11;19;78;11;37;34;70;6.40;3;2;1;63;0;4185470;384;0
11;19;78;11;37;35;35;3.40;4;2;1;59;0;4185535;244;0
11;19;78;11;37;36;68;3.00;3;2;1;64;0;4185668;161;0
11;19;78;11;37;37;49;5.00;3;2;1;65;0;4185749;64;0
11;19;78;11;37;38;27;3.80;4;2;1;54;0;4185827;271;0
11;19;78;11;37;40;59;3.80;4;2;1;49;0;4186059;206;0
11;19;78;11;37;42;1;4.80;4;2;1;50;0;4186201;114;0
11;19;78;11;37;42;31;4.40;3;2;1;57;0;4186231;454;0
11;19;78;11;37;43;59;3.40;3;2;1;56;0;4186359;100;0
11;19;78;11;37;44;41;3.20;4;2;1;51;0;4186441;205;0
11;19;78;11;37;45;20;3.60;3;2;1;58;0;4186520;139;0
11;19;78;11;37;45;29;3.80;4;2;1;51;0;4186529;65;0
11;19;78;11;37;46;55;3.20;3;2;1;61;0;4186655;112;0
11;19;78;11;37;49;48;4.00;1;1;1;60;0;4186948;2339;0
11;19;78;11;37;49;57;3.00;4;2;1;48;0;4186957;401;0
11;19;78;11;37;50;82;3.20;3;2;1;58;0;4187082;408;0
11;19;78;11;37;50;98;3.40;4;2;1;50;0;4187098;118;0
11;19;78;11;37;52;15;4.20;3;2;1;58;0;4187215;113;0
11;19;78;11;37;54;28;4.60;4;2;1;47;0;4187428;305;0
11;19;78;11;37;55;43;3.80;4;2;1;47;0;4187543;79;0
11;19;78;11;37;57;21;3.60;3;2;1;49;0;4187721;479;0
11;19;78;11;37;57;10;3.60;4;2;1;41;0;4187710;137;0
11;19;78;11;37;58;52;3.60;3;2;1;50;0;4187852;104;0
11;19;78;11;37;58;78;3.00;4;2;1;42;0;4187878;136;0
11;19;78;11;37;59;46;3.40;3;2;1;48;0;4187946;68;0
11;19;78;11;38;0;81;4.80;1;1;1;56;0;4188081;1109;0
11;19;78;11;38;1;49;3.60;3;2;1;53;0;4188149;177;0
11;19;78;11;38;1;57;12.60;4;2;3;44;0;4188157;253;0
11;19;78;11;38;2;66;3.80;3;2;1;53;0;4188266;92;4187721
11;19;78;11;38;3;65;3.60;4;2;1;43;0;4188365;104;4187721
11;19;78;11;38;4;35;3.40;1;1;1;55;0;4188435;323;0
11;19;78;11;38;4;65;3.40;3;2;1;56;0;4188465;173;4187721
11;19;78;11;38;4;81;4.40;4;2;1;43;0;4188481;85;4187721
11;19;78;11;38;6;38;3.20;4;2;1;43;0;4188638;120;4187721
11;19;78;11;38;8;37;3.40;2;1;1;52;0;4188837;3880;0
11;19;78;11;38;9;39;3.60;1;1;1;52;0;4188939;481;0
11;19;78;11;38;11;6;3.40;1;1;1;54;0;4189106;142;0
11;19;78;11;38;17;89;3.80;2;1;1;51;0;4189789;928;0
11;19;78;11;38;18;48;3.60;1;1;1;52;0;4189848;719;0
11;19;78;11;38;19;76;3.80;1;1;1;51;0;4189976;103;0
11;19;78;11;38;21;12;3.40;2;1;1;55;0;4190112;296;0
11;19;78;11;38;21;17;3.00;1;1;1;50;0;4190117;114;0
11;19;78;11;38;22;37;6.60;1;1;1;49;0;4190237;98;0
11;19;78;11;38;24;20;3.80;1;1;1;49;0;4190420;134;4189848
11;19;78;11;38;25;61;3.60;2;1;1;50;0;4190561;426;0
11;19;78;11;38;25;34;9.00;1;1;2;51;0;4190534;86;4189848
11;19;78;11;38;27;2;3.40;2;1;1;49;0;4190702;115;4189848
11;19;78;11;38;28;16;4.00;1;1;1;51;0;4190816;218;0
11;19;78;11;38;28;7;4.40;2;1;1;49;0;4190807;80;0
11;19;78;11;38;29;51;3.60;2;1;1;48;0;4190951;111;0
11;19;78;11;38;29;59;4.40;1;1;1;51;0;4190959;114;0
11;19;78;11;38;30;49;3.80;2;1;1;53;0;4191049;71;4190561
11;19;78;11;38;31;56;3.60;1;1;1;49;0;4191156;165;4190561
11;19;78;11;38;32;92;15.80;1;1;2;49;0;4191292;109;4190561
11;19;78;11;38;36;27;5.00;3;2;1;59;0;4191627;3140;0
11;19;78;11;38;36;58;4.40;4;2;1;74;0;4191658;2993;0
11;19;78;11;38;36;3;11.80;1;1;3;51;0;4191603;194;4190816
11;19;78;11;38;39;42;6.60;4;2;1;59;0;4191942;262;0
11;19;78;11;38;42;6;3.60;4;2;1;61;0;4192206;223;0
11;19;78;11;38;43;77;3.60;1;1;1;60;0;4192377;690;0
11;19;78;11;38;45;60;4.20;4;2;1;59;0;4192560;332;0
11;19;78;11;38;46;50;5.00;1;1;1;60;0;4192650;251;0
11;19;78;11;38;47;24;3.60;4;2;1;59;0;4192724;138;0
11;19;78;11;38;52;34;3.20;4;2;1;56;0;4193234;488;0
11;19;78;11;38;53;59;3.60;4;2;1;57;0;4193359;104;0
11;19;78;11;38;55;26;3.80;2;1;1;59;0;4193526;2451;0
11;19;78;11;38;57;0;3.60;2;1;1;57;0;4193700;150;0
11;19;78;11;38;57;22;4.20;1;1;1;60;0;4193722;1042;0
11;19;78;11;38;58;1;4.60;2;1;1;58;0;4193801;78;0
11;19;78;11;38;59;77;3.20;4;2;1;55;0;4193977;595;0
11;19;78;11;39;1;12;4.40;3;2;1;63;0;4194112;2454;0
11;19;78;11;39;2;55;3.40;1;1;1;53;0;4194255;507;0
11;19;78;11;39;4;7;3.80;1;1;1;53;0;4194407;128;0
11;19;78;11;39;5;16;3.60;3;2;1;60;0;4194516;378;0
11;19;78;11;39;6;4;3.00;1;1;1;54;0;4194604;171;0
11;19;78;11;39;6;97;4.00;4;2;1;63;0;4194697;699;0
11;19;78;11;39;7;9;3.20;2;1;1;53;0;4194709;879;0
11;19;78;11;39;7;17;3.80;3;2;1;58;0;4194717;179;0
11;19;78;11;39;8;55;4.20;2;1;1;52;0;4194855;124;0
11;19;78;11;39;9;2;3.40;3;2;1;62;0;4194902;161;0
11;19;78;11;39;9;20;3.60;1;1;1;52;0;4194920;296;0
11;19;78;11;39;9;76;4.00;2;1;1;49;0;4194976;91;0
11;19;78;11;39;10;71;3.00;3;2;1;62;0;4195071;149;0
11;19;78;11;39;10;68;4.00;1;1;1;51;0;4195068;123;0
11;19;78;11;39;13;7;3.40;3;2;1;64;0;4195307;218;0
11;19;78;11;39;13;23;3.60;1;1;1;54;0;4195323;226;0
11;19;78;11;39;13;34;3.60;4;2;1;51;0;4195334;614;0
11;19;78;11;39;15;12;3.60;3;2;1;58;0;4195512;185;0
11;19;78;11;39;15;29;3.60;4;2;1;52;0;4195529;169;0
11;19;78;11;39;16;80;3.40;3;2;1;59;0;4195680;145;0
11;19;78;11;39;16;97;5.60;4;2;2;55;0;4195697;143;0
11;19;78;11;39;19;7;3.80;4;2;1;55;0;4195907;173;0
11;19;78;11;39;20;49;4.20;4;2;1;55;0;4196049;117;4195334
11;19;78;11;39;22;18;3.00;4;2;1;56;0;4196218;141;4195334
11;19;78;11;39;23;52;4.00;3;2;1;64;0;4196352;651;0
11;19;78;11;39;24;39;10.60;4;2;2;48;0;4196439;201;0
11;19;78;11;39;25;16;3.40;3;2;1;61;0;4196516;141;0
11;19;78;11;39;26;42;3.80;3;2;1;61;0;4196642;105;0
11;19;78;11;39;26;43;5.40;4;2;1;52;0;4196643;124;0
11;19;78;11;39;28;30;3.60;4;2;1;53;0;4196830;149;0
11;19;78;11;39;29;84;4.00;4;2;1;52;0;4196984;129;0
11;19;78;11;39;30;84;3.80;3;2;1;56;0;4197084;419;0
11;19;78;11;39;31;11;3.60;4;2;1;54;0;4197111;99;4196439
11;19;78;11;39;31;54;3.60;3;2;1;57;0;4197154;45;4196439
11;19;78;11;39;32;82;3.20;4;2;1;53;0;4197282;147;4196439
11;19;78;11;39;34;25;4.00;3;2;1;55;0;4197425;248;0
11;19;78;11;39;35;62;3.60;3;2;1;54;0;4197562;110;0
11;19;78;11;39;35;57;10.20;4;2;2;54;0;4197557;253;0
11;19;78;11;39;36;99;4.20;3;2;1;55;0;4197699;113;0
11;19;78;11;39;38;91;3.00;3;2;1;55;0;4197891;164;0
11;19;78;11;39;39;29;3.60;4;2;1;52;0;4197929;304;0
11;19;78;11;39;39;90;3.40;3;2;1;55;0;4197990;79;4197425
11;19;78;11;39;41;6;4.40;4;2;1;48;0;4198106;152;4197425
11;19;78;11;39;42;1;8.40;1;1;1;56;0;4198201;2854;0
11;19;78;11;39;42;69;3.60;3;2;1;54;0;4198269;256;0
11;19;78;11;39;42;79;3.80;4;2;1;47;0;4198279;140;0
11;19;78;11;39;45;66;2.80;1;1;1;54;0;4198566;311;0
11;19;78;11;39;46;9;3.60;4;2;1;44;0;4198609;300;0
11;19;78;11;39;57;33;5.20;2;1;1;60;0;4199733;4727;0
11;19;78;11;39;57;74;3.40;3;2;1;56;0;4199774;1481;0
11;19;78;11;39;59;30;3.60;1;1;1;55;0;4199930;1345;0
11;19;78;11;39;59;45;3.20;4;2;1;58;0;4199945;1306;0
11;19;78;11;40;0;21;3.60;2;1;1;62;0;4200021;256;0
11;19;78;11;40;2;3;3.40;1;1;1;51;0;4200203;249;0
11;19;78;11;40;2;32;3.20;2;1;1;57;0;4200232;190;0
11;19;78;11;40;3;52;3.60;1;1;1;50;0;4200352;125;0
11;19;78;11;40;3;58;4.60;2;1;1;56;0;4200358;105;0
11;19;78;11;40;4;65;3.20;1;1;1;51;0;4200465;87;0
11;19;78;11;40;5;59;4.00;3;2;1;66;0;4200559;763;0
11;19;78;11;40;5;78;4.40;4;2;1;55;0;4200578;613;0
11;19;78;11;40;6;2;3.00;1;1;1;51;0;4200602;114;0
11;19;78;11;40;6;35;4.00;2;1;1;62;0;4200635;247;0
11;19;78;11;40;8;3;6.00;1;1;6;55;0;4200803;179;4200203
11;19;78;11;40;8;87;4.00;2;1;1;62;0;4200887;228;0
11;19;78;11;40;10;92;5.60;1;1;1;50;0;4201092;249;0
11;19;78;11;40;11;79;4.00;2;1;1;61;0;4201179;268;0
11;19;78;11;40;12;64;3.40;1;1;1;49;0;4201264;131;0
11;19;78;11;40;13;83;3.60;1;1;1;48;0;4201383;94;0
11;19;78;11;40;16;9;3.40;1;1;1;45;0;4201609;199;0
11;19;78;11;40;16;61;3.20;2;1;1;56;0;4201661;458;0
11;19;78;11;40;17;19;3.40;1;1;1;46;0;4201719;82;4201092
11;19;78;11;40;18;73;3.60;4;2;1;59;0;4201873;1266;0
11;19;78;11;40;18;83;3.60;1;1;1;44;0;4201883;137;4201092
11;19;78;11;40;19;59;3.60;3;2;1;65;0;4201959;1378;0
11;19;78;11;40;19;79;3.20;1;1;1;43;0;4201979;66;4201092
11;19;78;11;40;20;94;3.60;4;2;1;61;0;4202094;199;4201092
11;19;78;11;40;21;52;4.20;1;1;1;43;0;4202152;146;4201092
11;19;78;11;40;22;92;6.00;1;1;1;45;0;4202292;104;4201092
11;19;78;11;40;24;8;6.00;4;2;1;55;0;4202408;292;0
11;19;78;11;40;24;67;3.60;1;1;1;45;0;4202467;127;4201092
11;19;78;11;40;25;98;3.20;4;2;1;54;0;4202598;150;4201092
11;19;78;11;40;26;65;3.40;1;1;1;43;0;4202665;169;4201092
11;19;78;11;40;27;8;4.20;2;1;1;50;0;4202708;1026;0
11;19;78;11;40;27;44;3.20;4;2;1;49;0;4202744;124;0
11;19;78;11;40;27;58;10.60;1;1;2;40;0;4202758;64;4201092
11;19;78;11;40;29;9;3.60;4;2;1;50;0;4202909;141;4201092
11;19;78;11;40;29;8;3.60;2;1;1;48;0;4202908;169;4201092
11;19;78;11;40;30;26;5.00;2;1;1;48;0;4203026;91;4201092
11;19;78;11;40;29;95;3.60;1;1;1;44;0;4202995;141;4201092
11;19;78;11;40;31;72;8.00;1;1;2;39;0;4203172;147;4201092
11;19;78;11;40;32;79;3.40;4;2;1;51;0;4203279;344;0
11;19;78;11;40;35;97;3.20;1;1;1;48;0;4203597;351;0
11;19;78;11;40;37;8;3.60;1;1;1;53;0;4203708;87;0
11;19;78;11;40;40;40;3.20;1;1;1;56;0;4204040;307;0
11;19;78;11;40;44;60;4.20;3;2;1;59;0;4204460;2481;0
11;19;78;11;40;44;59;3.00;4;2;0;62;1;4204459;1156;0
11;19;78;11;40;48;21;2.80;4;2;1;57;0;4204821;1518;0
11;19;78;11;40;49;91;3.20;4;2;1;55;0;4204991;152;0
11;19;78;11;40;49;98;3.80;3;2;1;56;0;4204998;512;0
11;19;78;11;40;51;48;3.80;4;2;1;57;0;4205148;136;0
11;19;78;11;40;53;32;3.80;3;2;1;61;0;4205332;309;0
11;19;78;11;40;53;27;3.40;4;2;1;53;0;4205327;155;0
11;19;78;11;40;54;13;3.60;3;2;1;61;0;4205413;58;0
11;19;78;11;40;55;8;3.60;4;2;1;52;0;4205508;157;4204821
11;19;78;11;40;55;78;3.80;4;2;1;51;0;4205578;45;4204821
11;19;78;11;40;55;92;3.80;3;2;1;69;0;4205592;157;4204821
11;19;78;11;40;56;71;6.60;4;2;1;51;0;4205671;66;4204821
11;19;78;11;40;57;57;3.40;3;2;1;62;0;4205757;145;4204821
11;19;78;11;40;57;75;3.60;4;2;1;51;0;4205775;57;4204821
11;19;78;11;40;58;73;3.40;3;2;1;61;0;4205873;96;4205332
11;19;78;11;40;59;38;3.60;4;2;1;53;0;4205938;137;4204821
11;19;78;11;41;1;18;4.40;4;2;1;53;0;4206118;155;4204821
11;19;78;11;41;3;6;3.20;4;2;1;53;0;4206306;158;4204821
11;19;78;11;41;3;81;5.40;3;2;1;60;0;4206381;487;0
11;19;78;11;41;4;12;4.40;4;2;1;53;0;4206412;84;4204821
11;19;78;11;41;6;27;3.80;4;2;1;54;0;4206627;185;4204821
11;19;78;11;41;7;18;3.60;3;2;1;64;0;4206718;304;0
11;19;78;11;41;9;16;3.80;3;2;1;63;0;4206916;177;0
11;19;78;11;41;8;57;16.00;4;2;4;55;0;4206857;204;0
11;19;78;11;41;10;52;4.00;3;2;1;61;0;4207052;114;0
11;19;78;11;41;11;30;4.00;4;2;1;52;0;4207130;168;0
11;19;78;11;41;13;13;3.80;4;2;1;51;0;4207313;155;0
11;19;78;11;41;13;64;4.00;3;2;1;60;0;4207364;288;0
11;19;78;11;41;15;60;3.60;4;2;1;55;0;4207560;220;0
11;19;78;11;41;19;35;3.40;4;2;1;53;0;4207935;351;0
11;19;78;11;41;19;78;4.20;2;1;1;64;0;4207978;4914;0
11;19;78;11;41;21;19;4.80;1;1;1;53;0;4208119;4058;0
11;19;78;11;41;25;21;5.00;1;1;1;58;0;4208521;369;0
11;19;78;11;41;27;19;3.60;2;1;1;55;0;4208719;717;0
11;19;78;11;41;30;73;3.20;1;1;1;55;0;4209073;520;0
11;19;78;11;41;31;15;4.00;2;1;1;49;0;4209115;372;0
11;19;78;11;41;32;15;3.60;1;1;1;54;0;4209215;121;0
11;19;78;11;41;32;17;3.60;2;1;1;49;0;4209217;72;0
11;19;78;11;41;33;12;3.80;2;1;1;49;0;4209312;68;0
11;19;78;11;41;33;16;22.20;1;1;5;54;0;4209316;77;0
11;19;78;11;41;34;36;3.60;2;1;1;46;0;4209436;96;0
11;19;78;11;41;35;83;3.80;2;1;1;46;0;4209583;118;4209115
11;19;78;11;41;36;39;3.80;1;1;1;51;0;4209639;175;4209115
11;19;78;11;41;37;9;3.60;2;1;1;47;0;4209709;96;4209115
11;19;78;11;41;37;57;3.40;1;1;1;51;0;4209757;91;4209073
11;19;78;11;41;38;3;3.60;4;2;1;64;0;4209803;1844;0
11;19;78;11;41;39;48;3.60;4;2;1;61;0;4209948;124;0
11;19;78;11;41;39;20;3.80;1;1;1;49;0;4209920;139;4209073
11;19;78;11;41;40;86;3.80;4;2;1;63;0;4210086;116;4209073
11;19;78;11;41;41;41;3.60;1;1;1;50;0;4210141;193;4209073
11;19;78;11;41;44;60;11.80;1;1;2;50;0;4210460;293;0
11;19;78;11;41;45;32;3.60;4;2;1;62;0;4210532;424;0
11;19;78;11;41;46;37;3.60;2;1;1;50;0;4210637;900;0
11;19;78;11;41;48;7;5.60;1;1;1;48;0;4210807;262;0
11;19;78;11;41;48;61;4.20;2;1;1;57;0;4210861;198;0
11;19;78;11;41;51;38;3.20;1;1;1;51;0;4211138;289;0
11;19;78;11;41;51;68;3.40;2;1;1;54;0;4211168;280;0
11;19;78;11;41;52;73;3.80;3;2;1;68;0;4211273;3885;0
11;19;78;11;41;53;20;4.00;4;2;1;65;0;4211320;767;0
11;19;78;11;41;53;74;3.20;1;1;1;48;0;4211374;213;0
11;19;78;11;41;55;37;4.00;1;1;1;47;0;4211537;139;0
11;19;78;11;41;56;88;3.40;1;1;1;47;0;4211688;120;0
11;19;78;11;41;58;43;3.80;1;1;1;44;0;4211843;128;0
11;19;78;11;41;59;18;3.40;4;2;1;66;0;4211918;575;0
11;19;78;11;42;0;53;3.60;1;1;1;45;0;4212053;178;4211374
11;19;78;11;42;0;87;4.60;3;2;1;64;0;4212087;793;0
11;19;78;11;42;1;9;4.00;2;1;1;57;0;4212109;918;0
11;19;78;11;42;1;48;14.40;1;1;3;45;0;4212148;66;4211374
11;19;78;11;42;2;61;3.00;4;2;1;55;0;4212261;324;0
11;19;78;11;42;3;52;3.80;2;1;1;59;0;4212352;217;0
11;19;78;11;42;4;80;3.40;4;2;1;62;0;4212480;199;0
11;19;78;11;42;5;62;3.60;1;1;1;49;0;4212562;298;0
11;19;78;11;42;6;7;10.20;2;1;2;56;0;4212607;231;0
11;19;78;11;42;6;84;4.60;3;2;1;57;0;4212684;571;0
11;19;78;11;42;7;21;3.60;1;1;1;50;0;4212721;132;0
11;19;78;11;42;8;25;5.40;2;1;1;56;0;4212825;152;0
11;19;78;11;42;8;71;3.80;1;1;1;51;0;4212871;124;0
11;19;78;11;42;9;26;3.40;4;2;1;55;0;4212926;426;0
11;19;78;11;42;9;61;3.60;1;1;1;50;0;4212961;63;0
11;19;78;11;42;10;95;3.60;1;1;1;49;0;4213095;108;4212562
11;19;78;11;42;11;47;3.60;2;1;1;56;0;4213147;287;0
11;19;78;11;42;12;74;3.40;1;1;1;49;0;4213274;152;4212562
11;19;78;11;42;17;64;4.00;2;1;1;58;0;4213764;593;0
11;19;78;11;42;20;54;4.20;4;2;1;63;0;4214054;1105;0
11;19;78;11;42;20;85;4.40;2;1;1;56;0;4214085;296;0
11;19;78;11;42;21;87;3.60;1;1;1;61;0;4214187;888;0
11;19;78;11;42;22;48;3.20;2;1;1;58;0;4214248;134;0
11;19;78;11;42;22;89;3.80;3;2;1;66;0;4214289;1575;0
11;19;78;11;42;24;36;4.40;1;1;1;60;0;4214436;227;0
11;19;78;11;42;25;11;3.60;4;2;1;69;0;4214511;433;0
11;19;78;11;42;25;93;3.40;3;2;1;67;0;4214593;283;0
11;19;78;11;42;27;78;3.40;4;2;1;58;0;4214778;248;0
11;19;78;11;42;29;5;3.80;3;2;1;65;0;4214905;293;0
11;19;78;11;42;32;24;3.40;4;2;1;55;0;4215224;424;0
11;19;78;11;42;32;61;4.00;3;2;1;64;0;4215261;334;0
11;19;78;11;42;33;86;3.80;4;2;1;54;0;4215386;139;0
11;19;78;11;42;34;62;4.00;3;2;1;68;0;4215462;178;0
11;19;78;11;42;36;39;4.20;3;2;1;62;0;4215639;155;0
11;19;78;11;42;36;44;4.40;4;2;1;51;0;4215644;232;0
11;19;78;11;42;37;85;3.00;4;2;1;53;0;4215785;109;0
11;19;78;11;42;38;11;4.60;3;2;1;63;0;4215811;147;0
11;19;78;11;42;39;31;3.80;4;2;1;49;0;4215931;125;0
11;19;78;11;42;39;59;3.60;3;2;1;70;0;4215959;121;4215261
11;19;78;11;42;40;80;3.80;3;2;1;65;0;4216080;102;4215261
11;19;78;11;42;40;97;3.60;4;2;1;50;0;4216097;138;4215261
11;19;78;11;42;41;73;4.40;3;2;1;63;0;4216173;71;4215261
11;19;78;11;42;42;78;8.20;4;2;6;54;0;4216278;155;4215644
11;19;78;11;42;44;4;3.40;4;2;1;55;0;4216404;71;4215644
11;19;78;11;42;44;20;3.80;3;2;1;66;0;4216420;221;0
11;19;78;11;42;45;35;4.40;4;2;1;54;0;4216535;108;4215644
11;19;78;11;42;46;79;3.80;4;2;1;55;0;4216679;114;4215644
11;19;78;11;42;47;80;3.80;3;2;1;63;0;4216780;339;0
11;19;78;11;42;48;53;3.20;4;2;1;54;0;4216853;149;4215644
11;19;78;11;42;49;87;3.60;4;2;1;54;0;4216987;112;4215644
11;19;78;11;42;50;55;3.20;3;2;1;58;0;4217055;253;0
11;19;78;11;42;51;94;3.20;4;2;1;55;0;4217194;183;4215644
11;19;78;11;42;53;45;3.00;4;2;1;55;0;4217345;130;4215644
11;19;78;11;42;54;13;5.20;3;2;1;66;0;4217413;338;0
11;19;78;11;42;55;53;3.60;3;2;1;63;0;4217553;111;0
11;19;78;11;42;55;91;3.40;4;2;1;54;0;4217591;226;0
11;19;78;11;42;56;48;3.60;3;2;1;62;0;4217648;74;0
11;19;78;11;42;56;63;4.00;2;1;1;68;0;4217663;3395;0
11;19;78;11;42;57;88;3.80;4;2;1;57;0;4217788;174;0
11;19;78;11;42;58;48;5.00;1;1;1;53;0;4217848;3385;0
11;19;78;11;42;59;31;3.00;3;2;1;59;0;4217931;262;0
11;19;78;11;42;59;89;3.40;2;1;1;56;0;4217989;304;0
11;19;78;11;42;59;83;3.80;1;1;1;53;0;4217983;101;0
11;19;78;11;43;0;45;3.00;3;2;1;59;0;4218045;95;0
11;19;78;11;43;0;5;8.60;4;2;2;54;0;4218005;193;0
11;19;78;11;43;0;83;3.40;1;1;1;53;0;4218083;74;0
11;19;78;11;43;1;60;4.00;3;2;1;56;0;4218160;96;0
11;19;78;11;43;2;31;3.60;1;1;1;57;0;4218231;124;0
11;19;78;11;43;2;48;4.80;3;2;1;56;0;4218248;62;0
11;19;78;11;43;2;80;3.40;4;2;1;54;0;4218280;217;0
11;19;78;11;43;4;18;7.00;1;1;1;54;0;4218418;164;4217848
11;19;78;11;43;5;82;3.60;2;1;1;55;0;4218582;571;0
11;19;78;11;43;7;23;3.60;2;1;1;57;0;4218723;117;0
11;19;78;11;43;7;54;3.80;1;1;1;57;0;4218754;289;0
11;19;78;11;43;9;0;5.60;1;1;1;53;0;4218900;122;0
11;19;78;11;43;10;36;4.20;2;1;1;55;0;4219036;290;0
11;19;78;11;43;12;76;3.80;1;1;1;50;0;4219276;337;0
11;19;78;11;43;14;31;3.60;1;1;1;49;0;4219431;127;0
11;19;78;11;43;23;43;3.60;2;1;1;58;0;4220343;1279;0
11;19;78;11;43;25;50;3.00;1;1;1;49;0;4220550;1092;0
11;19;78;11;43;30;8;4.00;1;1;1;55;0;4221008;435;0
11;19;78;11;43;30;72;5.00;4;2;1;63;0;4221072;2769;0
11;19;78;11;43;32;57;3.40;4;2;1;63;0;4221257;156;0
11;19;78;11;43;35;51;3.40;2;1;1;55;0;4221551;1185;0
11;19;78;11;43;37;60;3.80;2;1;1;60;0;4221760;186;0
11;19;78;11;43;38;14;3.60;4;2;1;61;0;4221814;537;0
11;19;78;11;43;39;35;3.20;1;1;1;56;0;4221935;900;0
11;19;78;11;43;39;81;3.00;4;2;1;58;0;4221981;145;0
11;19;78;11;43;42;16;3.60;1;1;1;59;0;4222216;260;0
11;19;78;11;43;43;0;3.80;4;2;1;59;0;4222300;300;0
11;19;78;11;43;43;14;3.40;2;1;1;54;0;4222314;531;0
11;19;78;11;43;43;27;4.20;1;1;1;58;0;4222327;89;0
11;19;78;11;43;43;85;3.80;2;1;1;53;0;4222385;48;0
11;19;78;11;43;44;48;4.00;1;1;1;57;0;4222448;94;0
11;19;78;11;43;45;64;3.20;2;1;1;57;0;4222564;153;0
11;19;78;11;43;46;82;3.40;4;2;1;59;0;4222682;358;0
11;19;78;11;43;48;65;3.60;4;2;1;54;0;4222865;162;0
11;19;78;11;43;53;3;3.80;1;1;1;54;0;4223303;829;0
11;19;78;11;44;4;82;3.40;3;2;1;63;0;4224482;6203;0
11;19;78;11;44;5;67;3.60;4;2;1;58;0;4224567;1678;0
11;19;78;11;44;7;9;3.40;1;1;1;53;0;4224709;1380;0
11;19;78;11;44;8;86;3.40;4;2;1;58;0;4224886;296;0
11;19;78;11;44;9;6;3.20;3;2;1;60;0;4224906;404;0
11;19;78;11;44;9;82;3.00;3;2;1;59;0;4224982;56;0
11;19;78;11;44;10;91;3.60;3;2;1;61;0;4225091;90;0
11;19;78;11;44;11;97;3.80;4;2;1;59;0;4225197;289;0
11;19;78;11;44;12;38;4.00;3;2;1;59;0;4225238;125;0
11;19;78;11;44;13;28;3.80;3;2;1;58;0;4225328;65;4224906
11;19;78;11;44;14;41;3.40;3;2;1;57;0;4225441;89;4224906
11;19;78;11;44;16;24;3.60;3;2;1;60;0;4225624;161;4224906
11;19;78;11;44;16;97;3.40;4;2;1;59;0;4225697;476;0
11;19;78;11;44;17;65;3.20;3;2;1;61;0;4225765;119;4224906
11;19;78;11;44;18;63;3.40;4;2;1;57;0;4225863;145;4224906
11;19;78;11;44;19;37;3.00;3;2;1;62;0;4225937;153;4224906
11;19;78;11;44;20;43;8.60;4;2;2;59;0;4226043;158;4224906
11;19;78;11;44;20;76;3.40;3;2;1;60;0;4226076;121;4224906
11;19;78;11;44;22;38;3.40;4;2;1;58;0;4226238;142;4224906
11;19;78;11;44;24;30;3.20;4;2;1;58;0;4226430;170;4225697
11;19;78;11;44;25;2;7.60;4;2;2;62;0;4226502;52;4225697
11;19;78;11;44;25;86;3.80;3;2;1;57;0;4226586;489;0
11;19;78;11;44;27;40;5.20;3;2;1;55;0;4226740;130;0
11;19;78;11;44;27;91;3.40;4;2;1;56;0;4226791;244;0
11;19;78;11;44;28;62;3.40;3;2;1;54;0;4226862;87;0
11;19;78;11;44;30;6;3.20;4;2;1;53;0;4227006;193;0
11;19;78;11;44;31;13;3.80;1;1;1;56;0;4227113;2380;0
11;19;78;11;44;33;23;4.20;1;1;1;60;0;4227323;185;0
11;19;78;11;44;33;31;3.40;2;1;1;55;0;4227331;4746;0
11;19;78;11;44;35;34;3.80;2;1;1;60;0;4227534;180;0
11;19;78;11;44;35;89;3.60;1;1;1;57;0;4227589;240;0
11;19;78;11;44;39;48;3.20;1;1;1;52;0;4227948;336;0
11;19;78;11;44;39;76;3.80;2;1;1;60;0;4227976;419;0
11;19;78;11;44;41;51;5.00;1;1;1;53;0;4228151;180;0
11;19;78;11;44;41;76;3.40;2;1;1;57;0;4228176;177;0
11;19;78;11;44;42;92;4.00;2;1;1;55;0;4228292;94;0
11;19;78;11;44;43;40;3.40;1;1;1;53;0;4228340;155;0
11;19;78;11;44;44;5;3.60;2;1;1;55;0;4228405;86;0
11;19;78;11;44;44;81;3.80;1;1;1;52;0;4228481;117;0
11;19;78;11;44;45;2;3.40;2;1;1;52;0;4228502;73;4227976
11;19;78;11;44;46;76;2.60;1;1;1;50;0;4228676;168;4227948
11;19;78;11;44;48;33;3.20;2;1;1;55;0;4228833;307;0
11;19;78;11;44;50;88;3.00;2;1;1;54;0;4229088;234;0
11;19;78;11;44;53;45;4.80;4;2;1;61;0;4229345;2317;0
11;19;78;11;44;54;25;3.60;1;1;1;56;0;4229425;730;0
11;19;78;11;44;55;71;6.00;4;2;1;62;0;4229571;197;0
11;19;78;11;44;56;60;3.40;1;1;1;56;0;4229660;211;0
11;19;78;11;44;57;82;4.40;4;2;1;61;0;4229782;176;0
11;19;78;11;44;58;9;3.60;1;1;1;58;0;4229809;127;0
11;19;78;11;44;58;5;3.60;2;1;1;53;0;4229805;697;0
11;19;78;11;44;59;1;5.20;2;1;1;53;0;4229901;71;0
11;19;78;11;45;3;52;6.20;1;1;1;56;0;4230352;520;0
11;19;78;11;45;5;19;3.60;1;1;1;54;0;4230519;127;0
11;19;78;11;45;7;55;5.40;2;1;1;60;0;4230755;818;0
11;19;78;11;45;14;7;3.60;4;2;1;58;0;4231407;1599;0
11;19;78;11;45;15;77;3.40;3;2;1;59;0;4231577;4692;0
11;19;78;11;45;18;71;3.40;3;2;1;58;0;4231871;273;0
11;19;78;11;45;19;51;4.20;4;2;1;63;0;4231951;521;0
11;19;78;11;45;19;84;3.80;3;2;1;58;0;4231984;91;0
11;19;78;11;45;21;49;21.60;4;2;5;59;0;4232149;174;0
11;19;78;11;45;23;29;3.80;3;2;1;59;0;4232329;321;0
11;19;78;11;45;24;48;3.40;3;2;1;61;0;4232448;95;0
11;19;78;11;45;27;21;12.60;4;2;3;62;0;4232721;440;0
11;19;78;11;45;31;30;3.40;4;2;1;59;0;4233130;335;0
11;19;78;11;45;36;73;3.60;1;1;1;55;0;4233673;3130;0
11;19;78;11;45;44;26;4.00;4;2;1;61;0;4234426;1275;0
11;19;78;11;45;45;84;3.40;4;2;1;62;0;4234584;134;0
11;19;78;11;45;48;45;3.60;3;2;1;67;0;4234845;2376;0
11;19;78;11;45;51;0;3.40;4;2;1;54;0;4235100;496;0
11;19;78;11;45;52;47;3.20;4;2;1;53;0;4235247;124;0
11;19;78;11;45;52;75;3.40;3;2;1;58;0;4235275;410;0
11;19;78;11;45;53;92;5.00;4;2;1;54;0;4235392;123;0
11;19;78;11;45;54;24;3.60;3;2;1;58;0;4235424;127;0
11;19;78;11;45;55;40;3.40;4;2;1;55;0;4235540;114;0
11;19;78;11;45;55;80;3.40;3;2;1;59;0;4235580;133;0
11;19;78;11;45;57;20;3.60;4;2;1;54;0;4235720;157;4235100
11;19;78;11;45;58;18;3.80;3;2;1;58;0;4235818;217;0
11;19;78;11;45;58;87;8.40;4;2;2;58;0;4235887;143;4235100
11;19;78;11;45;59;28;4.00;3;2;1;60;0;4235928;86;4235100
11;19;78;11;46;0;49;3.60;3;2;1;59;0;4236049;97;4235100
11;19;78;11;46;1;99;3.80;3;2;1;57;0;4236199;128;4235100
11;19;78;11;46;2;91;4.20;3;2;1;55;0;4236291;68;4235818
11;19;78;11;46;3;39;6.60;4;2;1;58;0;4236339;399;0
11;19;78;11;46;3;89;4.20;3;2;1;55;0;4236389;70;4235818
11;19;78;11;46;5;77;3.00;3;2;1;58;0;4236577;160;4235818
11;19;78;11;46;8;55;3.80;3;2;1;58;0;4236855;259;0
11;19;78;11;46;9;95;4.20;2;1;1;60;0;4236995;6207;0
11;19;78;11;46;11;80;3.80;2;1;1;56;0;4237180;159;0
11;19;78;11;46;11;81;3.20;4;2;1;50;0;4237181;801;0
11;19;78;11;46;13;3;4.00;4;2;1;50;0;4237303;98;0
11;19;78;11;46;14;36;3.80;1;1;1;59;0;4237436;3739;0
11;19;78;11;46;16;32;4.40;2;1;1;58;0;4237632;427;0
11;19;78;11;46;16;98;3.60;1;1;1;59;0;4237698;238;0
11;19;78;11;46;17;14;3.80;2;1;1;57;0;4237714;54;0
11;19;78;11;46;19;50;3.60;2;1;1;57;0;4237950;212;0
11;19;78;11;46;20;44;3.00;2;1;1;59;0;4238044;71;0
11;19;78;11;46;22;30;3.80;2;1;1;56;0;4238230;167;0
11;19;78;11;46;22;97;3.60;1;1;1;57;0;4238297;577;0
11;19;78;11;46;23;51;8.60;2;1;2;59;0;4238351;96;0
11;19;78;11;46;23;99;3.20;1;1;1;57;0;4238399;79;0
11;19;78;11;46;25;32;3.60;1;1;1;55;0;4238532;112;0
11;19;78;11;46;26;64;3.00;2;1;1;58;0;4238664;260;0
11;19;78;11;46;26;83;3.80;1;1;1;54;0;4238683;127;0
11;19;78;11;46;29;59;3.60;2;1;1;57;0;4238959;276;0
11;19;78;11;46;30;56;3.40;1;1;1;51;0;4239056;347;0
11;19;78;11;46;30;60;3.60;2;1;1;54;0;4239060;78;0
11;19;78;11;46;32;8;3.80;1;1;1;50;0;4239208;128;0
11;19;78;11;46;32;48;9.60;4;2;2;61;0;4239248;1916;0
11;19;78;11;46;34;38;3.60;1;1;1;49;0;4239438;202;0
11;19;78;11;46;34;57;4.00;2;1;1;60;0;4239457;373;0
11;19;78;11;46;35;83;3.40;1;1;1;50;0;4239583;118;0
11;19;78;11;46;38;4;3.20;1;1;1;48;0;4239804;196;0
11;19;78;11;46;39;83;4.40;1;1;1;48;0;4239983;155;0
11;19;78;11;46;41;40;3.40;1;1;1;49;0;4240140;124;4239438
11;19;78;11;46;41;74;3.60;4;2;1;57;0;4240174;869;0
11;19;78;11;46;42;72;3.60;4;2;1;68;0;4240272;75;0
11;19;78;11;46;43;9;3.20;1;1;1;50;0;4240309;144;4239438
11;19;78;11;46;44;31;3.40;1;1;1;49;0;4240431;98;4239438
11;19;78;11;46;46;64;3.40;1;1;1;46;0;4240664;208;0
11;19;78;11;46;49;24;4.00;1;1;1;47;0;4240924;233;0
11;19;78;11;46;50;68;3.60;2;1;1;54;0;4241068;1587;0
11;19;78;11;46;50;74;7.20;4;2;1;59;0;4241074;782;0
11;19;78;11;46;51;99;4.80;2;1;1;53;0;4241199;107;0
11;19;78;11;46;53;63;3.80;4;2;1;59;0;4241363;245;0
11;19;78;11;46;55;57;4.60;4;2;1;58;0;4241557;170;0
11;19;78;11;47;0;38;3.80;4;2;1;61;0;4242038;452;0
11;19;78;11;47;1;72;3.60;2;1;1;51;0;4242172;940;0
11;19;78;11;47;2;48;3.00;1;1;1;47;0;4242248;1293;0
11;19;78;11;47;4;5;4.60;2;1;1;58;0;4242405;207;0
11;19;78;11;47;5;45;3.60;1;1;1;55;0;4242545;274;0
11;19;78;11;47;5;55;4.00;2;1;1;55;0;4242555;121;0
11;19;78;11;47;8;40;3.00;1;1;1;57;0;4242840;271;0
11;19;78;11;47;9;46;3.20;1;1;1;52;0;4242946;87;0
11;19;78;11;47;10;69;3.80;1;1;1;54;0;4243069;100;0
11;19;78;11;47;17;52;5.20;2;1;1;54;0;4243752;1170;0
11;19;78;11;47;19;11;3.40;1;1;1;57;0;4243911;816;0
11;19;78;11;47;25;39;3.60;4;2;1;59;0;4244539;2478;0
11;19;78;11;47;29;43;3.40;4;2;1;56;0;4244943;382;0
11;19;78;11;47;30;86;4.40;4;2;1;61;0;4245086;121;0
11;19;78;11;47;31;28;3.60;3;2;1;61;0;4245128;8249;0
11;19;78;11;47;32;12;3.80;1;1;1;57;0;4245212;1279;0
11;19;78;11;47;32;21;3.60;3;2;1;62;0;4245221;71;0
11;19;78;11;47;33;99;3.00;3;2;1;57;0;4245399;157;0
11;19;78;11;47;34;47;11.40;4;2;3;49;0;4245447;335;0
11;19;78;11;47;35;35;3.80;3;2;1;58;0;4245535;117;0
11;19;78;11;47;36;60;3.60;4;2;1;49;0;4245660;129;0
11;19;78;11;47;37;36;3.20;3;2;1;56;0;4245736;177;4245128
11;19;78;11;47;38;52;3.00;4;2;1;52;0;4245852;165;4245128
11;19;78;11;47;38;64;4.20;3;2;1;57;0;4245864;107;4245128
11;19;78;11;47;39;70;4.00;3;2;1;57;0;4245970;79;4245128
11;19;78;11;47;40;19;3.60;4;2;1;51;0;4246019;146;4245128
11;19;78;11;47;40;99;3.40;3;2;1;61;0;4246099;103;4245128
11;19;78;11;47;42;41;3.20;3;2;1;60;0;4246241;121;4245128
11;19;78;11;47;42;96;4.80;4;2;1;55;0;4246296;251;0
11;19;78;11;47;44;40;4.40;4;2;1;53;0;4246440;112;0
11;19;78;11;47;45;83;3.40;4;2;1;54;0;4246583;113;0
11;19;78;11;47;46;23;2.60;1;1;1;57;0;4246623;1387;0
11;19;78;11;47;46;78;3.20;3;2;1;57;0;4246678;417;0
11;19;78;11;47;47;15;6.80;4;2;1;57;0;4246715;109;0
11;19;78;11;47;48;59;4.60;3;2;1;59;0;4246859;160;0
11;19;78;11;47;50;75;3.40;3;2;1;52;0;4247075;187;0
11;19;78;11;47;50;99;4.40;4;2;1;54;0;4247099;341;0
11;19;78;11;47;53;23;3.00;4;2;1;53;0;4247323;194;0
11;19;78;11;47;55;6;14.20;4;2;4;55;0;4247506;162;0
11;19;78;11;47;56;39;13.00;1;1;3;56;0;4247639;999;0
11;19;78;11;47;58;9;3.60;3;2;1;63;0;4247809;710;0
11;19;78;11;47;59;17;4.00;2;1;1;51;0;4247917;4130;0
11;19;78;11;48;1;14;3.40;1;1;1;57;0;4248114;391;0
11;19;78;11;48;5;90;3.40;2;1;1;59;0;4248590;644;0
11;19;78;11;48;6;35;3.60;1;1;1;60;0;4248635;499;0
11;19;78;11;48;7;90;3.60;1;1;1;58;0;4248790;133;0
11;19;78;11;48;9;89;3.20;2;1;1;54;0;4248989;378;0
11;19;78;11;48;11;94;4.40;2;1;1;55;0;4249194;183;0
11;19;78;11;48;14;5;3.20;2;1;1;57;0;4249405;182;0
11;19;78;11;48;14;72;3.60;1;1;1;54;0;4249472;659;0
11;19;78;11;48;16;11;3.40;4;2;1;71;0;4249611;2012;0
11;19;78;11;48;16;68;3.60;2;1;1;54;0;4249668;242;0
11;19;78;11;48;17;43;3.20;1;1;1;54;0;4249743;247;0
11;19;78;11;48;17;75;3.40;2;1;1;53;0;4249775;83;0
11;19;78;11;48;18;58;3.40;1;1;1;53;0;4249858;93;0
11;19;78;11;48;18;82;4.20;2;1;1;52;0;4249882;83;0
11;19;78;11;48;19;62;3.00;1;1;1;53;0;4249962;80;0
11;19;78;11;48;20;58;3.40;2;1;1;54;0;4250058;146;0
11;19;78;11;48;21;69;4.60;2;1;1;53;0;4250169;88;4249668
11;19;78;11;48;22;28;3.40;1;1;1;50;0;4250228;245;0
11;19;78;11;48;23;20;3.60;2;1;1;54;0;4250320;119;4249668
11;19;78;11;48;26;20;3.40;3;2;1;68;0;4250620;2790;0
11;19;78;11;48;26;15;3.60;4;2;1;58;0;4250615;986;0
11;19;78;11;48;25;24;17.60;1;1;4;50;0;4250524;271;0
11;19;78;11;48;26;42;3.80;2;1;1;58;0;4250642;298;0
11;19;78;11;48;28;97;6.00;1;1;1;50;0;4250897;246;0
11;19;78;11;48;29;63;3.60;4;2;1;63;0;4250963;325;0
11;19;78;11;48;30;24;4.60;1;1;1;52;0;4251024;83;0
11;19;78;11;48;30;54;4.40;2;1;1;57;0;4251054;388;0
11;19;78;11;48;31;56;3.60;2;1;1;55;0;4251156;74;0
11;19;78;11;48;31;69;3.60;1;1;1;52;0;4251169;113;0
11;19;78;11;48;32;85;8.60;1;1;2;50;0;4251285;91;0
11;19;78;11;48;34;87;5.20;1;1;1;50;0;4251487;140;4250897
11;19;78;11;48;39;0;3.80;2;1;1;57;0;4251900;720;0
11;19;78;11;48;39;86;4.00;3;2;1;65;0;4251986;1348;0
11;19;78;11;48;39;91;3.60;4;2;1;56;0;4251991;1007;0
11;19;78;11;48;41;5;4.00;1;1;1;60;0;4252105;580;0
11;19;78;11;48;41;65;3.60;4;2;1;57;0;4252165;150;0
11;19;78;11;48;41;98;4.00;3;2;1;66;0;4252198;189;0
11;19;78;11;48;42;65;3.80;2;1;1;56;0;4252265;341;0
11;19;78;11;48;42;49;8.00;1;1;2;57;0;4252249;120;0
11;19;78;11;48;43;4;4.40;4;2;1;58;0;4252304;116;0
11;19;78;11;48;43;69;3.60;1;1;1;57;0;4252369;69;0
11;19;78;11;48;46;25;4.00;1;1;1;53;0;4252625;233;0
11;19;78;11;48;47;79;3.40;2;1;1;55;0;4252779;489;0
11;19;78;11;48;51;46;3.60;2;1;1;57;0;4253146;344;0
11;19;78;11;48;51;45;3.60;1;1;1;49;0;4253145;492;0
11;19;78;11;48;52;73;3.40;1;1;1;50;0;4253273;101;0
11;19;78;11;48;53;66;3.40;2;1;1;58;0;4253366;197;0
11;19;78;11;48;53;93;3.60;1;1;1;49;0;4253393;95;0
11;19;78;11;48;55;20;4.00;2;1;1;59;0;4253520;132;0
11;19;78;11;48;55;75;4.00;4;2;1;59;0;4253575;1243;0
11;19;78;11;48;59;99;12.80;1;1;3;55;0;4253999;579;0
11;19;78;11;49;1;16;3.80;3;2;1;73;0;4254116;1896;0
11;19;78;11;49;1;27;3.60;2;1;1;57;0;4254127;582;0
11;19;78;11;49;5;52;3.60;2;1;1;56;0;4254552;402;0
11;19;78;11;49;6;48;3.40;4;2;1;61;0;4254648;1048;0
11;19;78;11;49;6;98;3.80;1;1;1;57;0;4254698;615;0
11;19;78;11;49;7;97;4.00;3;2;1;60;0;4254797;662;0
11;19;78;11;49;8;1;3.60;4;2;1;57;0;4254801;132;0
11;19;78;11;49;8;52;3.40;1;1;1;63;0;4254852;130;0
11;19;78;11;49;9;25;3.00;4;2;1;54;0;4254925;101;0
11;19;78;11;49;11;55;3.20;3;2;1;57;0;4255155;334;0
11;19;78;11;49;11;46;3.60;1;1;1;59;0;4255146;274;0
11;19;78;11;49;12;36;5.20;3;2;1;57;0;4255236;60;0
11;19;78;11;49;12;47;3.80;4;2;1;55;0;4255247;302;0
11;19;78;11;49;13;4;3.60;1;1;1;53;0;4255304;136;0
11;19;78;11;49;14;47;3.40;4;2;1;56;0;4255447;175;0
11;19;78;11;49;15;70;3.40;4;2;1;56;0;4255570;101;0
11;19;78;11;49;16;27;3.20;2;1;1;55;0;4255627;1051;0
11;19;78;11;49;17;0;3.60;3;2;1;64;0;4255700;431;0
11;19;78;11;49;18;37;3.80;1;1;1;55;0;4255837;508;0
11;19;78;11;49;19;24;3.60;4;2;1;58;0;4255924;332;0
11;19;78;11;49;19;98;4.60;1;1;1;60;0;4255998;136;0
11;19;78;11;49;20;84;3.80;4;2;1;61;0;4256084;137;0
11;19;78;11;49;21;49;3.40;3;2;1;57;0;4256149;428;0
11;19;78;11;49;21;85;3.80;1;1;1;51;0;4256185;159;0
11;19;78;11;49;23;66;3.60;1;1;1;54;0;4256366;154;0
11;19;78;11;49;24;86;3.60;3;2;1;56;0;4256486;315;0
11;19;78;11;49;27;81;3.40;4;2;1;61;0;4256781;674;0
11;19;78;11;49;27;98;3.20;1;1;1;54;0;4256798;408;0
11;19;78;11;49;29;37;3.60;1;1;1;53;0;4256937;117;0
11;19;78;11;49;31;5;5.20;1;1;1;52;0;4257105;143;0
11;19;78;11;49;31;30;4.60;4;2;1;69;0;4257130;328;0
11;19;78;11;49;32;70;3.60;3;2;1;59;0;4257270;760;0
11;19;78;11;49;33;35;3.60;2;1;1;55;0;4257335;1687;0
11;19;78;11;49;33;43;3.60;1;1;1;48;0;4257343;202;0
11;19;78;11;49;34;66;3.20;1;1;1;46;0;4257466;96;0
11;19;78;11;49;35;55;3.20;2;1;1;56;0;4257555;196;0
11;19;78;11;49;35;60;5.00;3;2;1;62;0;4257560;268;0
11;19;78;11;49;36;50;3.80;1;1;1;43;0;4257650;158;0
11;19;78;11;49;37;26;3.20;2;1;1;47;0;4257726;150;0
11;19;78;11;49;38;51;3.40;1;1;1;43;0;4257851;169;0
11;19;78;11;49;39;84;5.20;1;1;1;43;0;4257984;104;4257343
11;19;78;11;49;42;0;3.00;1;1;1;44;0;4258200;172;4257343
11;19;78;11;49;44;32;4.20;2;1;1;60;0;4258432;681;0
11;19;78;11;49;45;13;3.20;1;1;1;46;0;4258513;288;0
11;19;78;11;49;46;52;3.80;1;1;1;45;0;4258652;113;0
11;19;78;11;49;48;3;4.00;1;1;1;50;0;4258803;120;0
11;19;78;11;49;47;97;3.20;2;1;0;51;1;4258797;339;0
11;19;78;11;49;55;68;3.60;4;2;1;67;0;4259568;2414;0
11;19;78;11;50;15;5;3.60;4;2;1;65;0;4261505;1917;0
11;19;78;11;50;17;12;3.00;4;2;1;60;0;4261712;187;0
11;19;78;11;50;18;50;3.00;4;2;1;57;0;4261850;120;0
11;19;78;11;50;20;5;3.20;4;2;1;56;0;4262005;136;0
11;19;78;11;50;20;13;3.00;1;1;1;60;0;4262013;3181;0
11;19;78;11;50;22;26;5.00;4;2;1;58;0;4262226;200;0
11;19;78;11;50;22;97;4.60;3;2;1;59;0;4262297;4707;0
11;19;78;11;50;25;88;4.80;1;1;1;60;0;4262588;557;0
11;19;78;11;50;26;12;3.80;4;2;1;56;0;4262612;354;0
11;19;78;11;50;31;30;10.00;1;1;2;61;0;4263130;513;0
11;19;78;11;50;31;95;3.40;2;1;1;58;0;4263195;4737;0
11;19;78;11;50;33;62;3.40;2;1;1;54;0;4263362;145;0
11;19;78;11;50;34;50;3.80;2;1;1;54;0;4263450;65;0
11;19;78;11;50;35;62;3.20;1;1;1;58;0;4263562;372;0
11;19;78;11;50;35;86;3.40;2;1;1;55;0;4263586;110;0
11;19;78;11;50;37;2;3.80;1;1;1;56;0;4263702;120;0
11;19;78;11;50;37;35;4.00;2;1;1;52;0;4263735;126;4263195
11;19;78;11;50;38;48;3.00;1;1;1;50;0;4263848;121;4263195
11;19;78;11;50;40;8;4.60;2;1;1;50;0;4264008;245;0
11;19;78;11;50;40;19;3.80;1;1;1;52;0;4264019;149;0
11;19;78;11;50;41;29;4.00;2;1;1;50;0;4264129;87;0
11;19;78;11;50;41;47;4.00;4;2;1;61;0;4264147;1510;0
11;19;78;11;50;42;0;3.60;1;1;1;53;0;4264200;154;4263562
11;19;78;11;50;42;78;3.60;2;1;1;52;0;4264278;120;4263562
11;19;78;11;50;43;67;3.80;4;2;1;62;0;4264367;196;4263562
11;19;78;11;50;43;81;3.80;2;1;1;51;0;4264381;78;4263562
11;19;78;11;50;44;74;3.80;2;1;1;51;0;4264474;66;4264008
11;19;78;11;50;44;41;11.80;1;1;7;52;0;4264441;216;0
11;19;78;11;50;45;79;3.20;2;1;1;52;0;4264579;78;4264008
11;19;78;11;50;46;28;3.00;1;1;1;55;0;4264628;105;4264008
11;19;78;11;50;47;6;3.60;3;2;1;58;0;4264706;2380;0
11;19;78;11;50;47;21;3.80;2;1;1;52;0;4264721;119;4264008
11;19;78;11;50;47;34;4.60;4;2;1;61;0;4264734;344;0
11;19;78;11;50;48;9;3.20;1;1;1;55;0;4264809;161;0
11;19;78;11;50;48;45;3.00;4;2;1;60;0;4264845;83;0
11;19;78;11;50;49;13;3.20;2;1;1;49;0;4264913;165;4264008
11;19;78;11;50;50;3;4.00;2;1;1;50;0;4265003;66;4264008
11;19;78;11;50;50;16;3.80;4;2;1;58;0;4265016;153;4264008
11;19;78;11;50;50;52;3.60;3;2;1;62;0;4265052;323;0
11;19;78;11;50;51;65;3.60;2;1;1;44;0;4265165;133;4264008
11;19;78;11;50;52;55;3.40;4;2;1;53;0;4265255;215;0
11;19;78;11;50;52;98;3.80;2;1;1;52;0;4265298;103;4264008
11;19;78;11;50;53;35;3.40;4;2;1;52;0;4265335;56;4264008
11;19;78;11;50;54;55;3.40;4;2;1;54;0;4265455;96;4264008
11;19;78;11;50;54;63;4.60;3;2;1;61;0;4265463;390;0
11;19;78;11;50;54;91;6.80;1;1;2;54;0;4265491;661;0
11;19;78;11;50;55;77;3.60;4;2;1;56;0;4265577;99;0
11;19;78;11;50;57;62;3.20;4;2;1;60;0;4265762;161;4265255
11;19;78;11;50;57;46;26.60;1;1;5;51;0;4265746;209;0
11;19;78;11;51;0;49;3.40;4;2;1;57;0;4266049;267;0
11;19;78;11;51;0;58;3.80;1;1;1;49;0;4266058;124;0
11;19;78;11;51;3;28;3.40;1;1;1;51;0;4266328;242;0
11;19;78;11;51;4;90;3.60;1;1;1;52;0;4266490;138;0
11;19;78;11;51;6;25;3.60;1;1;1;52;0;4266625;110;0
11;19;78;11;51;6;77;3.80;4;2;1;57;0;4266677;606;0
11;19;78;11;51;8;33;3.20;4;2;1;57;0;4266833;132;0
11;19;78;11;51;8;91;3.40;2;1;1;56;0;4266891;1566;0
11;19;78;11;51;9;64;3.60;4;2;1;57;0;4266964;110;0
11;19;78;11;51;10;43;3.80;2;1;1;55;0;4267043;130;0
11;19;78;11;51;11;36;3.80;4;2;1;56;0;4267136;149;0
11;19;78;11;51;13;55;12.40;4;2;7;60;0;4267355;194;4266677
11;19;78;11;51;16;49;3.60;4;2;1;57;0;4267649;219;0
11;19;78;11;51;17;53;3.20;2;1;1;56;0;4267753;685;0
11;19;78;11;51;19;97;19.80;1;1;4;51;0;4267997;1347;0
11;19;78;11;51;24;42;3.40;1;1;1;50;0;4268442;305;0
11;19;78;11;51;25;99;11.00;1;1;2;51;0;4268599;132;0
11;19;78;11;51;27;46;14.40;4;2;3;56;0;4268746;1074;0
11;19;78;11;51;29;79;3.80;3;2;1;57;0;4268979;3488;0
11;19;78;11;51;30;12;19.40;1;1;4;49;0;4269012;335;0
11;19;78;11;51;33;21;3.20;4;2;1;57;0;4269321;482;0
11;19;78;11;51;34;85;3.60;3;2;1;64;0;4269485;482;0
11;19;78;11;51;37;27;3.80;3;2;1;64;0;4269727;221;0
11;19;78;11;51;40;58;3.40;3;2;1;49;0;4270058;309;0
11;19;78;11;51;44;95;4.60;4;2;1;59;0;4270495;1153;0
11;19;78;11;51;49;56;3.40;4;2;1;57;0;4270956;432;0
11;19;78;11;51;55;8;3.80;3;2;1;56;0;4271508;1425;0
11;19;78;11;51;58;49;3.80;3;2;1;55;0;4271849;316;0
11;19;78;11;51;58;67;3.80;1;1;1;58;0;4271867;2712;0
11;19;78;11;52;0;63;4.00;1;1;1;58;0;4272063;172;0
11;19;78;11;52;0;99;3.40;2;1;1;57;0;4272099;4325;0
11;19;78;11;52;3;68;3.80;2;1;1;56;0;4272368;247;0
11;19;78;11;52;4;14;6.20;4;2;6;52;0;4272414;1436;0
11;19;78;11;52;5;0;4.20;2;1;1;55;0;4272500;107;0
11;19;78;11;52;5;42;3.60;1;1;1;60;0;4272542;454;0
11;19;78;11;52;5;91;3.40;2;1;1;60;0;4272591;63;0
11;19;78;11;52;8;20;4.80;4;2;1;56;0;4272820;363;0
11;19;78;11;52;10;51;4.80;1;1;1;50;0;4273051;487;0
11;19;78;11;52;11;16;4.00;2;1;1;57;0;4273116;504;0
11;19;78;11;52;12;34;3.20;2;1;1;53;0;4273234;92;0
11;19;78;11;52;12;82;3.40;1;1;1;49;0;4273282;196;0
11;19;78;11;52;13;45;3.40;2;1;1;55;0;4273345;89;0
11;19;78;11;52;14;26;3.20;1;1;1;55;0;4273426;119;0
11;19;78;11;52;16;66;3.80;1;1;1;56;0;4273666;219;0
11;19;78;11;52;18;40;3.60;1;1;1;55;0;4273840;149;0
11;19;78;11;52;19;79;3.60;1;1;1;59;0;4273979;115;0
11;19;78;11;52;21;25;5.40;1;1;1;52;0;4274125;124;0
11;19;78;11;52;23;33;3.80;2;1;1;54;0;4274333;965;0
11;19;78;11;52;22;88;7.00;1;1;1;37;0;4274288;125;4273666
11;19;78;11;52;23;68;3.60;4;2;1;63;0;4274368;1517;0
11;19;78;11;52;24;76;3.60;2;1;1;52;0;4274476;117;0
11;19;78;11;52;24;88;4.00;3;2;1;63;0;4274488;2614;0
11;19;78;11;52;25;47;3.40;1;1;1;49;0;4274547;190;4273666
11;19;78;11;52;26;5;4.20;4;2;1;59;0;4274605;216;0
11;19;78;11;52;26;16;3.60;2;1;1;50;0;4274616;115;0
11;19;78;11;52;26;40;3.80;1;1;1;47;0;4274640;68;4273666
11;19;78;11;52;27;6;3.80;3;2;1;60;0;4274706;195;4273666
11;19;78;11;52;27;49;5.00;2;1;1;57;0;4274749;107;4273666
11;19;78;11;52;28;31;7.60;3;2;2;59;0;4274831;102;4273666
11;19;78;11;52;28;15;10.20;1;1;2;45;0;4274815;145;4273666
11;19;78;11;52;30;31;3.60;4;2;1;62;0;4275031;400;0
11;19;78;11;52;30;93;4.60;1;1;1;47;0;4275093;196;4273666
11;19;78;11;52;32;61;4.20;4;2;1;60;0;4275261;209;0
11;19;78;11;52;33;89;3.80;3;2;1;59;0;4275389;511;0
11;19;78;11;52;35;14;4.60;3;2;1;59;0;4275514;101;0
11;19;78;11;52;35;34;5.20;4;2;1;59;0;4275534;247;0
11;19;78;11;52;37;9;2.80;3;2;1;59;0;4275709;166;0
11;19;78;11;52;38;40;3.20;3;2;1;59;0;4275840;113;0
11;19;78;11;52;38;66;3.00;4;2;1;57;0;4275866;300;0
11;19;78;11;52;39;76;8.00;4;2;2;59;0;4275976;91;0
11;19;78;11;52;40;49;8.40;3;2;2;61;0;4276049;189;4275389
11;19;78;11;52;41;93;4.40;3;2;1;60;0;4276193;94;4275389
11;19;78;11;52;43;70;3.40;4;2;1;56;0;4276370;345;0
11;19;78;11;52;45;17;3.20;4;2;1;55;0;4276517;125;0
11;19;78;11;52;46;53;3.40;3;2;1;61;0;4276653;433;0
11;19;78;11;52;46;53;3.00;4;2;1;57;0;4276653;115;0
11;19;78;11;52;47;19;4.00;2;1;1;57;0;4276719;1938;0
11;19;78;11;52;47;89;3.20;1;1;1;59;0;4276789;1660;0
11;19;78;11;52;48;4;3.40;4;2;1;58;0;4276804;132;0
11;19;78;11;52;48;35;3.80;3;2;1;60;0;4276835;161;0
11;19;78;11;52;49;19;4.20;1;1;1;62;0;4276919;110;0
11;19;78;11;52;50;53;3.60;4;2;1;58;0;4277053;227;0
11;19;78;11;52;51;56;4.20;2;1;1;51;0;4277156;411;0
11;19;78;11;52;52;50;3.00;3;2;1;54;0;4277250;392;0
11;19;78;11;52;53;28;5.20;2;1;1;51;0;4277328;142;0
11;19;78;11;52;54;95;4.40;4;2;1;57;0;4277495;419;0
11;19;78;11;52;56;75;3.40;1;1;1;60;0;4277675;731;0
11;19;78;11;52;57;90;3.60;1;1;1;59;0;4277790;94;0
11;19;78;11;52;59;41;9.80;1;1;2;60;0;4277941;129;0
11;19;78;11;53;18;30;3.60;4;2;1;57;0;4279830;2307;0
11;19;78;11;53;19;82;3.20;4;2;1;58;0;4279982;129;0
11;19;78;11;53;21;67;3.60;4;2;1;57;0;4280167;165;0
11;19;78;11;53;35;73;3.20;3;2;1;64;0;4281573;4303;0
11;19;78;11;53;36;68;3.40;1;1;1;52;0;4281668;3668;0
11;19;78;11;53;39;64;3.00;1;1;1;54;0;4281964;272;0
11;19;78;11;53;40;33;10.60;4;2;2;64;0;4282033;1843;0
11;19;78;11;53;40;86;3.40;3;2;1;68;0;4282086;495;0
11;19;78;11;53;44;17;3.60;4;2;1;61;0;4282417;324;0
11;19;78;11;53;49;63;3.00;4;2;1;59;0;4282963;524;0
11;19;78;11;53;50;13;3.60;1;1;1;55;0;4283013;1029;0
11;19;78;11;53;50;46;4.20;2;1;1;60;0;4283046;5681;0
11;19;78;11;53;51;37;3.60;1;1;1;56;0;4283137;100;0
11;19;78;11;53;52;21;3.60;2;1;1;64;0;4283221;149;0
11;19;78;11;53;52;58;3.60;1;1;1;56;0;4283258;97;0
11;19;78;11;53;54;26;3.40;1;1;1;58;0;4283426;144;0
11;19;78;11;53;55;24;2.80;4;2;1;54;0;4283524;542;0
11;19;78;11;53;55;76;3.60;2;1;1;64;0;4283576;334;0
11;19;78;11;53;57;30;3.60;2;1;1;60;0;4283730;133;0
11;19;78;11;53;58;71;3.60;2;1;1;58;0;4283871;119;0
11;19;78;11;53;59;65;4.60;1;1;1;58;0;4283965;517;0
11;19;78;11;54;1;38;3.80;2;1;1;55;0;4284138;244;0
11;19;78;11;54;2;10;3.60;4;2;1;68;0;4284210;667;0
11;19;78;11;54;2;14;3.20;1;1;1;55;0;4284214;220;0
11;19;78;11;54;2;63;3.80;2;1;1;57;0;4284263;100;0
11;19;78;11;54;3;16;4.60;1;1;1;55;0;4284316;81;0
11;19;78;11;54;4;30;3.20;1;1;1;54;0;4284430;83;0
11;19;78;11;54;5;23;4.00;3;2;1;67;0;4284523;2419;0
11;19;78;11;54;6;19;3.60;3;2;1;63;0;4284619;74;0
11;19;78;11;54;6;36;3.60;1;1;1;54;0;4284636;184;0
11;19;78;11;54;7;91;3.80;1;1;1;54;0;4284791;131;4284214
11;19;78;11;54;8;31;3.80;3;2;1;66;0;4284831;191;4284214
11;19;78;11;54;9;2;3.20;4;2;1;56;0;4284902;672;0
11;19;78;11;54;10;27;3.60;1;1;1;53;0;4285027;210;0
11;19;78;11;54;11;85;3.80;4;2;1;54;0;4285185;262;0
11;19;78;11;54;12;61;6.20;3;2;1;59;0;4285261;409;0
11;19;78;11;54;13;46;3.20;4;2;1;55;0;4285346;135;0
11;19;78;11;54;15;41;3.00;2;1;1;57;0;4285541;1254;0
11;19;78;11;54;15;82;3.60;4;2;1;56;0;4285582;215;0
11;19;78;11;54;16;46;3.40;3;2;1;58;0;4285646;347;0
11;19;78;11;54;17;52;3.80;4;2;1;55;0;4285752;146;0
11;19;78;11;54;19;29;5.00;3;2;1;58;0;4285929;261;0
11;19;78;11;54;19;39;3.80;4;2;1;54;0;4285939;162;0
11;19;78;11;54;20;79;3.60;3;2;1;57;0;4286079;118;0
11;19;78;11;54;20;88;3.40;4;2;1;56;0;4286088;123;0
11;19;78;11;54;22;36;3.40;1;1;1;44;0;4286236;1184;0
11;19;78;11;54;22;81;5.20;2;1;1;50;0;4286281;721;0
11;19;78;11;54;23;65;3.20;1;1;1;44;0;4286365;101;0
11;19;78;11;54;24;31;3.20;4;2;1;51;0;4286431;321;0
11;19;78;11;54;24;69;4.40;3;2;1;56;0;4286469;367;0
11;19;78;11;54;25;34;3.60;1;1;1;45;0;4286534;142;0
11;19;78;11;54;25;63;3.60;4;2;1;53;0;4286563;109;0
11;19;78;11;54;26;7;3.40;3;2;1;57;0;4286607;109;0
11;19;78;11;54;27;40;4.40;4;2;1;54;0;4286740;152;0
11;19;78;11;54;28;49;4.00;1;1;1;50;0;4286849;286;0
11;19;78;11;54;28;76;3.20;2;1;1;58;0;4286876;557;0
11;19;78;11;54;29;91;3.60;1;1;1;49;0;4286991;113;0
11;19;78;11;54;30;3;5.20;4;2;1;57;0;4287003;233;0
11;19;78;11;54;30;17;5.40;3;2;1;60;0;4287017;388;0
11;19;78;11;54;31;49;3.20;4;2;1;54;0;4287149;113;0
11;19;78;11;54;31;6;4.80;1;1;1;47;0;4287106;88;0
11;19;78;11;54;32;76;4.00;3;2;1;60;0;4287276;226;0
11;19;78;11;54;33;3;4.00;4;2;1;58;0;4287303;132;0
11;19;78;11;54;33;23;3.80;1;1;1;45;0;4287323;180;0
11;19;78;11;54;34;77;3.80;1;1;1;47;0;4287477;123;4286849
11;19;78;11;54;35;33;3.60;4;2;1;60;0;4287533;205;0
11;19;78;11;54;39;11;2.80;2;1;1;59;0;4287911;1015;0
11;19;78;11;54;39;16;3.60;1;1;1;52;0;4287916;409;0
11;19;78;11;54;40;0;9.80;2;1;2;58;0;4288000;71;0
11;19;78;11;54;40;93;4.20;1;1;1;55;0;4288093;152;0
11;19;78;11;54;40;95;3.20;4;2;1;56;0;4288095;540;0
11;19;78;11;54;41;49;3.60;2;1;1;55;0;4288149;88;0
11;19;78;11;54;41;64;3.80;3;2;1;51;0;4288164;864;0
11;19;78;11;54;41;83;14.20;1;1;4;53;0;4288183;62;0
11;19;78;11;54;45;14;3.80;4;2;1;53;0;4288514;398;0
11;19;78;11;54;46;5;8.20;1;1;1;56;0;4288605;325;0
11;19;78;11;54;53;5;3.40;4;2;1;56;0;4289305;765;0
11;19;78;11;54;54;62;3.60;4;2;1;59;0;4289462;135;0
11;19;78;11;54;55;23;4.00;1;1;1;60;0;4289523;865;0
11;19;78;11;54;57;6;3.40;1;1;1;59;0;4289706;159;0
11;19;78;11;55;2;69;5.20;4;2;1;61;0;4290269;785;0
11;19;78;11;55;8;16;4.00;4;2;1;57;0;4290816;516;0
11;19;78;11;55;12;8;3.80;4;2;1;59;0;4291208;366;0
11;19;78;11;55;12;30;3.20;3;2;1;64;0;4291230;3039;0
11;19;78;11;55;12;51;3.80;1;1;1;60;0;4291251;1524;0
11;19;78;11;55;14;11;6.20;3;2;1;59;0;4291411;163;0
11;19;78;11;55;14;85;3.80;1;1;1;55;0;4291485;211;0
11;19;78;11;55;15;23;3.40;3;2;1;60;0;4291523;74;0
11;19;78;11;55;17;5;3.60;4;2;1;64;0;4291705;473;0
11;19;78;11;55;18;71;4.00;4;2;1;58;0;4291871;145;0
11;19;78;11;55;22;83;4.00;1;1;1;58;0;4292283;773;0
11;19;78;11;55;26;10;9.80;4;2;2;59;0;4292610;714;0
11;19;78;11;55;29;88;3.40;4;2;1;57;0;4292988;318;0
11;19;78;11;55;30;44;4.00;2;1;1;62;0;4293044;4871;0
11;19;78;11;55;31;87;3.40;4;2;1;58;0;4293187;177;0
11;19;78;11;55;33;44;3.40;2;1;1;53;0;4293344;276;0
11;19;78;11;55;34;5;3.20;4;2;1;60;0;4293405;196;0
11;19;78;11;55;34;83;3.20;2;1;1;54;0;4293483;115;0
11;19;78;11;55;35;33;4.60;1;1;1;58;0;4293533;1225;0
11;19;78;11;55;36;60;3.80;4;2;1;62;0;4293660;235;0
11;19;78;11;55;36;69;10.20;1;1;2;59;0;4293669;107;0
11;19;78;11;55;37;57;3.00;2;1;1;55;0;4293757;252;0
11;19;78;11;55;38;26;3.60;2;1;1;53;0;4293826;49;0
11;19;78;11;55;39;25;5.00;1;1;1;56;0;4293925;193;0
11;19;78;11;55;45;93;3.60;4;2;1;64;0;4294593;910;0
11;19;78;11;55;46;4;3.80;1;1;1;53;0;4294604;646;0
11;19;78;11;55;48;63;3.60;1;1;1;51;0;4294863;233;0
11;19;78;11;55;48;84;3.80;3;2;1;65;0;4294884;3340;0
11;19;78;11;55;48;54;11.60;4;2;3;56;0;4294854;240;0
11;19;78;11;55;50;9;3.40;3;2;1;60;0;4295009;103;0
11;19;78;11;55;49;85;5.40;1;1;1;52;0;4294985;96;0
11;19;78;11;55;50;53;3.00;4;2;1;57;0;4295053;124;0
11;19;78;11;55;51;23;3.60;3;2;1;62;0;4295123;93;0
11;19;78;11;55;51;47;3.40;1;1;1;52;0;4295147;124;0
11;19;78;11;55;51;47;5.00;4;2;1;59;0;4295147;75;0
11;19;78;11;55;51;79;11.20;2;1;7;55;0;4295179;1328;0
11;19;78;11;55;52;32;4.40;3;2;1;59;0;4295232;88;0
11;19;78;11;55;53;16;4.20;1;1;1;50;0;4295316;145;0
11;19;78;11;55;53;72;3.20;3;2;1;58;0;4295372;113;4294884
11;19;78;11;55;53;30;9.80;4;2;6;58;0;4295330;152;4294884
11;19;78;11;55;53;73;3.20;2;1;1;55;0;4295373;120;4294884
11;19;78;11;55;54;55;4.00;1;1;1;53;0;4295455;108;4294863
11;19;78;11;55;54;96;3.60;3;2;1;59;0;4295496;104;4294884
11;19;78;11;55;55;38;3.40;2;1;1;55;0;4295538;144;4294884
11;19;78;11;55;55;92;3.40;1;1;1;51;0;4295592;109;4294863
11;19;78;11;55;56;54;3.60;2;1;1;53;0;4295654;93;4294863
11;19;78;11;55;56;88;3.20;3;2;1;56;0;4295688;170;4294884
11;19;78;11;55;57;57;3.60;4;2;1;57;0;4295757;366;0
11;19;78;11;55;57;67;3.80;2;1;1;57;0;4295767;88;4295179
11;19;78;11;55;58;16;4.40;1;1;1;47;0;4295816;200;0
11;19;78;11;55;59;58;3.40;1;1;1;46;0;4295958;108;0
11;19;78;11;56;0;18;3.40;4;2;1;54;0;4296018;238;0
11;19;78;11;56;1;15;4.20;2;1;1;58;0;4296115;324;0
11;19;78;11;56;1;38;3.40;1;1;1;44;0;4296138;153;0
11;19;78;11;56;2;81;3.60;3;2;1;59;0;4296281;572;0
11;19;78;11;56;2;72;3.60;1;1;1;41;0;4296272;106;0
11;19;78;11;56;3;10;3.60;4;2;1;53;0;4296310;269;0
11;19;78;11;56;4;14;3.60;1;1;1;38;0;4296414;110;4295816
11;19;78;11;56;5;47;3.80;1;1;1;41;0;4296547;98;4295816
11;19;78;11;56;5;75;3.20;4;2;1;51;0;4296575;240;0
11;19;78;11;56;6;53;3.80;2;1;1;56;0;4296653;511;0
11;19;78;11;56;7;20;3.40;4;2;1;52;0;4296720;122;0
11;19;78;11;56;7;9;10.00;1;1;2;45;0;4296709;128;4295816
11;19;78;11;56;8;12;4.00;3;2;1;63;0;4296812;509;0
11;19;78;11;56;8;29;3.60;4;2;1;52;0;4296829;85;0
11;19;78;11;56;8;67;3.20;1;1;1;44;0;4296867;78;4295816
11;19;78;11;56;9;83;3.40;3;2;1;63;0;4296983;148;4295816
11;19;78;11;56;9;93;3.80;1;1;1;45;0;4296993;99;4295816
11;19;78;11;56;10;56;3.60;4;2;1;54;0;4297056;202;0
11;19;78;11;56;11;0;3.00;3;2;1;60;0;4297100;97;0
11;19;78;11;56;12;35;3.60;3;2;1;59;0;4297235;117;0
11;19;78;11;56;12;82;6.80;1;1;2;46;0;4297282;258;0
11;19;78;11;56;15;8;3.40;2;1;1;48;0;4297508;830;0
11;19;78;11;56;15;37;4.20;1;1;1;44;0;4297537;201;0
11;19;78;11;56;17;11;4.20;2;1;1;44;0;4297711;177;0
11;19;78;11;56;17;61;4.20;1;1;1;40;0;4297761;189;0
11;19;78;11;56;19;91;3.40;2;1;1;45;0;4297991;245;0
11;19;78;11;56;19;84;5.20;1;1;1;41;0;4297984;185;0
11;19;78;11;56;20;96;6.20;2;1;1;45;0;4298096;77;0
11;19;78;11;56;21;28;3.80;1;1;1;40;0;4298128;98;0
11;19;78;11;56;22;75;8.40;1;1;2;42;0;4298275;112;4297537
11;19;78;11;56;24;88;4.00;2;1;1;61;0;4298488;342;0
11;19;78;11;56;24;69;3.80;1;1;1;40;0;4298469;122;4297537
11;19;78;11;56;25;73;3.40;1;1;1;37;0;4298573;69;4297537
11;19;78;11;56;29;35;3.00;2;1;1;54;0;4298935;423;0
11;19;78;11;56;33;19;3.80;3;2;1;65;0;4299319;2062;0
11;19;78;11;56;33;14;3.60;1;1;1;53;0;4299314;707;0
11;19;78;11;56;34;94;3.80;4;2;1;55;0;4299494;2414;0
11;19;78;11;56;36;85;3.40;2;1;1;58;0;4299685;730;0
11;19;78;11;56;37;96;3.00;4;2;1;60;0;4299796;277;0
11;19;78;11;56;38;10;4.40;1;1;1;57;0;4299810;471;0
11;19;78;11;56;39;49;3.40;1;1;1;58;0;4299949;111;0
11;19;78;11;56;43;50;17.20;1;1;4;56;0;4300350;379;0
11;19;78;11;56;46;65;3.80;4;2;1;55;0;4300665;851;0
11;19;78;11;56;46;98;3.00;3;2;1;56;0;4300698;1357;0
11;19;78;11;56;52;53;4.60;3;2;1;62;0;4301253;535;0
11;19;78;11;56;55;71;3.80;4;2;1;61;0;4301571;881;0
11;19;78;11;56;57;60;3.60;3;2;1;70;0;4301760;480;0
11;19;78;11;56;58;15;3.60;4;2;1;56;0;4301815;221;0
11;19;78;11;57;1;64;3.00;4;2;1;58;0;4302164;325;0
11;19;78;11;57;2;21;4.60;3;2;1;61;0;4302221;442;0
11;19;78;11;57;3;26;3.60;4;2;1;57;0;4302326;143;0
11;19;78;11;57;3;30;3.40;3;2;1;59;0;4302330;81;0
11;19;78;11;57;5;35;3.60;4;2;1;57;0;4302535;186;0
11;19;78;11;57;6;86;3.40;4;2;1;57;0;4302686;128;0
11;19;78;11;57;10;39;3.40;4;2;1;64;0;4303039;331;0
11;19;78;11;57;27;2;3.80;2;1;1;60;0;4304702;4995;0
11;19;78;11;57;27;66;3.60;1;1;1;59;0;4304766;4305;0
11;19;78;11;57;27;85;3.20;3;2;1;55;0;4304785;2434;0
11;19;78;11;57;28;1;3.80;4;2;1;72;0;4304801;1742;0
11;19;78;11;57;28;98;4.00;3;2;1;54;0;4304898;92;0
11;19;78;11;57;29;59;3.20;2;1;1;62;0;4304959;234;0
11;19;78;11;57;29;78;4.00;1;1;1;61;0;4304978;190;0
11;19;78;11;57;30;26;3.60;4;2;1;61;0;4305026;206;0
11;19;78;11;57;30;59;3.40;3;2;1;55;0;4305059;134;0
11;19;78;11;57;31;12;4.40;2;1;1;58;0;4305112;134;0
11;19;78;11;57;31;50;3.80;1;1;1;59;0;4305150;148;0
11;19;78;11;57;31;88;3.60;4;2;1;59;0;4305188;140;0
11;19;78;11;57;32;1;3.60;3;2;1;55;0;4305201;119;0
11;19;78;11;57;32;91;4.00;1;1;1;56;0;4305291;117;0
11;19;78;11;57;33;46;3.80;3;2;1;57;0;4305346;121;4304785
11;19;78;11;57;33;78;4.40;2;1;1;56;0;4305378;238;0
11;19;78;11;57;34;63;3.40;4;2;1;56;0;4305463;253;0
11;19;78;11;57;34;76;3.80;1;1;1;55;0;4305476;159;4304766
11;19;78;11;57;34;95;3.20;3;2;1;57;0;4305495;125;4304785
11;19;78;11;57;35;34;3.60;2;1;1;54;0;4305534;127;4304785
11;19;78;11;57;35;80;3.80;1;1;1;54;0;4305580;79;4304766
11;19;78;11;57;35;97;3.60;4;2;1;53;0;4305597;112;4304766
11;19;78;11;57;36;80;4.60;2;1;1;54;0;4305680;122;4304766
11;19;78;11;57;37;25;4.60;3;2;1;58;0;4305725;209;0
11;19;78;11;57;37;27;3.80;4;2;1;52;0;4305727;105;0
11;19;78;11;57;38;30;4.40;4;2;1;56;0;4305830;76;0
11;19;78;11;57;38;47;3.80;2;1;1;54;0;4305847;136;0
11;19;78;11;57;38;65;7.00;1;1;2;45;0;4305865;259;0
11;19;78;11;57;39;23;4.20;4;2;1;57;0;4305923;64;4305463
11;19;78;11;57;39;38;3.60;2;1;1;53;0;4305938;65;4305378
11;19;78;11;57;40;83;3.60;3;2;1;60;0;4306083;329;0
11;19;78;11;57;41;3;3.60;1;1;1;47;0;4306103;182;0
11;19;78;11;57;41;15;4.60;4;2;1;57;0;4306115;165;4305463
11;19;78;11;57;42;9;3.80;2;1;1;54;0;4306209;246;0
11;19;78;11;57;42;46;3.80;4;2;1;58;0;4306246;101;4305463
11;19;78;11;57;42;89;3.40;1;1;1;47;0;4306289;158;4305463
11;19;78;11;57;42;95;6.40;3;2;1;57;0;4306295;190;4305463
11;19;78;11;57;44;60;3.00;4;2;1;57;0;4306460;190;4305463
11;19;78;11;57;43;62;22.60;1;1;5;47;0;4306362;46;4305463
11;19;78;11;57;45;58;3.80;3;2;1;59;0;4306558;222;0
11;19;78;11;57;45;99;3.80;4;2;1;54;0;4306599;120;4305463
11;19;78;11;57;47;57;3.80;4;2;1;51;0;4306757;132;4305463
11;19;78;11;57;47;66;5.00;1;1;1;52;0;4306766;230;0
11;19;78;11;57;49;5;3.80;2;1;1;55;0;4306905;670;0
11;19;78;11;57;50;56;3.00;4;2;1;55;0;4307056;272;0
11;19;78;11;57;49;83;15.20;1;1;4;56;0;4306983;182;0
11;19;78;11;57;51;91;3.40;2;1;1;58;0;4307191;261;0
11;19;78;11;57;52;51;3.40;4;2;1;56;0;4307251;175;0
11;19;78;11;57;55;70;3.60;1;1;1;46;0;4307570;489;0
11;19;78;11;57;56;76;3.40;1;1;1;45;0;4307676;77;0
11;19;78;11;57;57;62;3.80;2;1;1;54;0;4307762;549;0
11;19;78;11;57;58;5;3.80;1;1;1;46;0;4307805;101;0
11;19;78;11;57;59;26;3.80;1;1;1;46;0;4307926;91;0
11;19;78;11;58;0;29;12.60;1;1;3;46;0;4308029;73;4307570
11;19;78;11;58;2;3;3.60;1;1;1;46;0;4308203;75;4307570
11;19;78;11;58;6;16;3.00;1;1;1;45;0;4308616;384;0
11;19;78;11;58;6;29;3.40;2;1;1;54;0;4308629;841;0
11;19;78;11;58;8;9;3.80;1;1;1;51;0;4308809;169;0
11;19;78;11;58;8;49;3.60;2;1;1;55;0;4308849;197;0
11;19;78;11;58;9;35;4.00;1;1;1;52;0;4308935;99;0
11;19;78;11;58;9;92;4.60;2;1;1;51;0;4308992;119;0
11;19;78;11;58;10;99;3.20;1;1;1;50;0;4309099;136;0
11;19;78;11;58;12;95;3.80;4;2;1;58;0;4309295;2022;0
11;19;78;11;58;14;5;3.00;4;2;1;54;0;4309405;86;0
11;19;78;11;58;14;95;3.60;1;1;1;55;0;4309495;372;0
11;19;78;11;58;16;61;3.40;2;1;1;59;0;4309661;636;0
11;19;78;11;58;19;4;3.60;4;2;1;67;0;4309904;479;0
11;19;78;11;58;19;35;5.80;2;1;2;60;0;4309935;253;0
11;19;78;11;58;22;20;3.60;3;2;1;65;0;4310220;3638;0
11;19;78;11;58;23;55;4.00;2;1;1;56;0;4310355;385;0
11;19;78;11;58;23;60;3.20;1;1;1;50;0;4310360;841;0
11;19;78;11;58;30;43;3.20;3;2;1;67;0;4311043;803;0
11;19;78;11;58;30;86;6.20;1;1;1;59;0;4311086;702;0
11;19;78;11;58;31;26;3.20;4;2;1;52;0;4311126;1202;0
11;19;78;11;58;32;44;4.00;4;2;1;52;0;4311244;95;0
11;19;78;11;58;33;78;3.20;4;2;1;54;0;4311378;106;0
11;19;78;11;58;35;30;4.20;2;1;1;56;0;4311530;1149;0
11;19;78;11;58;35;75;3.60;4;2;1;56;0;4311575;175;0
11;19;78;11;58;37;64;4.00;1;1;1;50;0;4311764;640;0
11;19;78;11;58;39;18;3.40;1;1;1;50;0;4311918;125;0
11;19;78;11;58;40;61;3.60;2;1;1;52;0;4312061;504;0
11;19;78;11;58;44;27;3.60;3;2;1;64;0;4312427;1366;0
11;19;78;11;58;54;14;4.20;1;1;1;59;0;4313414;1471;0
11;19;78;11;58;57;58;4.00;3;2;1;68;0;4313758;1310;0
11;19;78;11;59;1;42;3.60;2;1;1;54;0;4314142;2056;0
11;19;78;11;59;1;76;3.80;1;1;1;56;0;4314176;736;0
11;19;78;11;59;1;98;3.60;4;2;1;60;0;4314198;2599;0
11;19;78;11;59;2;55;3.80;3;2;1;65;0;4314255;475;0
11;19;78;11;59;3;24;4.20;2;1;1;58;0;4314324;158;0
11;19;78;11;59;4;40;3.60;4;2;1;56;0;4314440;220;0
11;19;78;11;59;4;57;4.00;1;1;1;63;0;4314457;256;0
11;19;78;11;59;4;96;3.60;2;1;1;57;0;4314496;145;0
11;19;78;11;59;6;16;3.60;2;1;1;54;0;4314616;97;0
11;19;78;11;59;6;81;3.80;3;2;1;60;0;4314681;404;0
11;19;78;11;59;6;47;15.40;1;1;4;61;0;4314647;167;0
11;19;78;11;59;7;28;3.60;2;1;1;55;0;4314728;88;4314142
11;19;78;11;59;7;53;3.40;4;2;1;59;0;4314753;289;0
11;19;78;11;59;8;19;6.40;3;2;1;59;0;4314819;115;0
11;19;78;11;59;9;16;4.60;1;1;1;61;0;4314916;178;0
11;19;78;11;59;11;24;3.20;4;2;1;58;0;4315124;350;0
11;19;78;11;59;10;94;3.00;1;1;1;58;0;4315094;150;0
11;19;78;11;59;12;5;3.60;1;1;1;50;0;4315205;92;4314457
11;19;78;11;59;12;72;9.40;4;2;2;58;0;4315272;128;4314457
11;19;78;11;59;14;5;3.60;1;1;1;51;0;4315405;174;4314457
11;19;78;11;59;14;67;3.40;2;1;1;55;0;4315467;715;0
11;19;78;11;59;15;12;3.80;1;1;1;52;0;4315512;81;4314457
11;19;78;11;59;16;10;3.40;4;2;1;50;0;4315610;279;0
11;19;78;11;59;16;54;3.40;1;1;1;53;0;4315654;115;4314457
11;19;78;11;59;17;15;3.60;4;2;1;47;0;4315715;80;4314457
11;19;78;11;59;17;33;3.40;3;2;1;56;0;4315733;874;0
11;19;78;11;59;17;81;3.80;1;1;1;55;0;4315781;103;4314457
11;19;78;11;59;19;21;4.60;3;2;1;52;0;4315921;166;4314457
11;19;78;11;59;20;5;3.60;4;2;1;51;0;4316005;262;0
11;19;78;11;59;20;10;4.40;1;1;1;54;0;4316010;204;0
11;19;78;11;59;20;34;3.80;3;2;1;52;0;4316034;81;0
11;19;78;11;59;21;5;3.80;4;2;1;53;0;4316105;74;0
11;19;78;11;59;21;28;3.80;3;2;1;51;0;4316128;67;0
11;19;78;11;59;21;49;3.80;1;1;1;53;0;4316149;109;0
11;19;78;11;59;22;15;3.80;2;1;1;59;0;4316215;725;0
11;19;78;11;59;22;22;5.40;3;2;1;49;0;4316222;67;4315733
11;19;78;11;59;23;41;5.20;4;2;1;55;0;4316341;210;0
11;19;78;11;59;23;63;3.60;3;2;1;48;0;4316363;101;4315733
11;19;78;11;59;25;35;3.60;4;2;1;56;0;4316535;159;4315733
11;19;78;11;59;27;7;5.40;3;2;2;52;0;4316707;317;0
11;19;78;11;59;27;21;3.80;4;2;1;62;0;4316721;162;0
11;19;78;11;59;29;77;3.80;4;2;1;55;0;4316977;233;0
11;19;78;11;59;31;53;4.20;1;1;1;57;0;4317153;978;0
11;19;78;11;59;37;43;3.60;2;1;1;58;0;4317743;1504;0
11;19;78;11;59;38;4;6.00;1;1;1;55;0;4317804;624;0
11;19;78;11;59;41;40;4.40;2;1;1;66;0;4318140;374;0
11;19;78;11;59;44;16;4.20;1;1;1;50;0;4318416;572;0
11;19;78;11;59;45;9;3.20;2;1;1;59;0;4318509;345;0
11;19;78;11;59;47;86;3.60;2;1;1;61;0;4318786;257;0
11;19;78;11;59;53;0;3.60;1;1;1;58;0;4319300;853;0
11;19;78;11;59;56;59;4.00;2;1;1;54;0;4319659;851;0
11;19;78;12;0;9;34;3.60;4;2;1;63;0;4320934;3932;0
11;19;78;12;0;13;3;3.80;3;2;1;56;0;4321303;4558;0
11;19;78;12;0;13;88;4.40;4;2;1;54;0;4321388;433;0
11;19;78;12;0;16;34;4.20;3;2;1;59;0;4321634;306;0
11;19;78;12;0;17;10;3.20;1;1;1;54;0;4321710;2387;0
11;19;78;12;0;18;8;3.40;4;2;1;56;0;4321808;390;0
11;19;78;12;0;31;24;3.60;1;1;1;62;0;4323124;1392;0
11;19;78;12;0;31;39;4.00;4;2;1;62;0;4323139;1309;0
11;19;78;12;0;31;98;3.60;2;1;1;60;0;4323198;3512;0
11;19;78;12;0;33;5;15.80;1;1;4;56;0;4323305;160;0
11;19;78;12;0;35;94;3.60;1;1;1;59;0;4323594;187;0
11;19;78;12;0;37;35;4.20;3;2;1;73;0;4323735;2075;0
11;19;78;12;0;37;46;4.20;1;1;1;56;0;4323746;130;0
11;19;78;12;0;40;0;3.20;1;1;1;56;0;4324000;227;0
11;19;78;12;0;42;87;3.80;2;1;1;61;0;4324287;1067;0
11;19;78;12;0;43;76;3.40;3;2;1;67;0;4324376;620;0
11;19;78;12;0;43;84;3.60;4;2;1;57;0;4324384;1221;0
11;19;78;12;0;44;4;3.60;1;1;1;56;0;4324404;383;0
11;19;78;12;0;45;37;3.80;3;2;1;64;0;4324537;142;0
11;19;78;12;0;45;57;3.60;4;2;1;57;0;4324557;150;0
11;19;78;12;0;46;25;3.40;1;1;1;57;0;4324625;197;0
11;19;78;12;0;46;82;3.40;4;2;1;56;0;4324682;102;0
11;19;78;12;0;48;58;3.60;2;1;1;57;0;4324858;548;0
11;19;78;12;0;48;74;3.60;3;2;1;63;0;4324874;315;0
11;19;78;12;0;49;62;3.60;1;1;1;54;0;4324962;315;0
11;19;78;12;0;50;96;4.00;2;1;1;58;0;4325096;215;0
11;19;78;12;0;51;17;3.80;4;2;1;59;0;4325117;413;0
11;19;78;12;0;52;98;3.60;1;1;1;62;0;4325298;312;0
11;19;78;12;0;53;98;3.00;4;2;1;54;0;4325398;257;0
11;19;78;12;0;54;14;3.80;2;1;1;59;0;4325414;293;0
11;19;78;12;0;54;60;4.00;3;2;1;73;0;4325460;565;0
11;19;78;12;0;54;96;6.20;4;2;1;54;0;4325496;78;0
11;19;78;12;0;55;31;4.80;2;1;1;58;0;4325531;93;0
11;19;78;12;0;55;30;4.20;1;1;1;55;0;4325530;211;0
11;19;78;12;0;55;98;4.40;3;2;1;65;0;4325598;118;0
11;19;78;12;0;57;50;4.00;4;2;1;54;0;4325750;212;0
11;19;78;12;0;57;52;4.00;1;1;1;55;0;4325752;194;0
11;19;78;12;0;58;0;3.00;3;2;1;64;0;4325800;177;0
11;19;78;12;0;59;5;3.40;1;1;1;55;0;4325905;126;0
11;19;78;12;0;59;47;3.80;4;2;1;53;0;4325947;170;0
11;19;78;12;1;0;70;4.00;1;1;1;52;0;4326070;142;0
11;19;78;12;1;1;46;9.00;4;2;2;55;0;4326146;173;0
11;19;78;12;1;2;20;5.00;2;1;1;56;0;4326220;659;0
11;19;78;12;1;3;11;3.80;4;2;1;58;0;4326311;106;0
11;19;78;12;1;4;17;3.80;3;2;1;60;0;4326417;600;0
11;19;78;12;1;4;29;5.40;2;1;1;56;0;4326429;176;0
11;19;78;12;1;5;11;4.40;4;2;1;59;0;4326511;176;4325750
11;19;78;12;1;5;61;3.80;3;2;1;61;0;4326561;121;4325750
11;19;78;12;1;8;99;3.40;1;1;1;51;0;4326899;801;0
11;19;78;12;1;9;63;3.40;4;2;1;55;0;4326963;425;0
11;19;78;12;1;12;59;3.20;1;1;1;61;0;4327259;336;0
11;19;78;12;1;12;87;5.40;4;2;1;53;0;4327287;301;0
11;19;78;12;1;13;50;3.60;2;1;1;57;0;4327350;886;0
11;19;78;12;1;14;62;3.40;1;1;1;55;0;4327462;184;0
11;19;78;12;1;17;90;10.00;1;1;2;61;0;4327790;305;0
11;19;78;12;1;35;75;4.00;1;1;1;59;0;4329575;1725;0
11;19;78;12;1;44;64;3.40;4;2;1;61;0;4330464;3140;0
11;19;78;12;1;44;69;3.60;2;1;1;51;0;4330469;3096;0
11;19;78;12;1;45;97;3.20;4;2;1;62;0;4330597;112;0
11;19;78;12;1;47;55;3.60;4;2;1;59;0;4330755;139;0
11;19;78;12;1;48;89;3.40;4;2;1;59;0;4330889;112;0
11;19;78;12;1;52;72;3.80;3;2;1;68;0;4331272;4688;0
11;19;78;12;1;52;86;3.40;4;2;1;64;0;4331286;376;0
11;19;78;12;1;53;97;6.00;4;2;1;63;0;4331397;91;0
11;19;78;12;1;55;21;3.40;2;1;1;58;0;4331521;1026;0
11;19;78;12;1;56;58;3.60;3;2;1;57;0;4331658;365;0
11;19;78;12;1;59;47;5.20;1;1;1;55;0;4331947;2347;0
11;19;78;12;2;1;17;3.80;1;1;1;56;0;4332117;135;0
11;19;78;12;2;1;97;3.60;2;1;1;54;0;4332197;654;0
11;19;78;12;2;3;1;6.80;1;1;1;58;0;4332301;159;0
11;19;78;12;2;3;30;5.00;2;1;1;55;0;4332330;109;0
11;19;78;12;2;7;9;3.80;1;1;1;54;0;4332709;365;0
11;19;78;12;2;8;14;4.60;1;1;1;53;0;4332814;79;0
11;19;78;12;2;9;21;4.00;1;1;1;53;0;4332921;75;0
11;19;78;12;2;11;6;3.20;1;1;1;55;0;4333106;157;0
11;19;78;12;2;11;24;2.80;2;1;1;55;0;4333124;761;0
11;19;78;12;2;12;79;5.00;4;2;1;58;0;4333279;1847;0
11;19;78;12;2;13;19;4.20;1;1;1;56;0;4333319;192;4332709
11;19;78;12;2;15;8;4.00;2;1;1;57;0;4333508;365;0
11;19;78;12;2;16;28;3.60;1;1;1;55;0;4333628;282;0
11;19;78;12;2;17;34;3.80;1;1;1;53;0;4333734;82;0
11;19;78;12;2;21;85;3.60;2;1;1;57;0;4334185;651;0
11;19;78;12;2;22;12;3.20;1;1;1;59;0;4334212;452;0
11;19;78;12;2;23;75;3.80;1;1;1;56;0;4334375;143;0
11;19;78;12;2;24;74;4.40;1;1;1;54;0;4334474;74;0
11;19;78;12;2;26;1;3.20;3;2;1;69;0;4334601;2920;0
11;19;78;12;2;27;8;4.40;3;2;1;62;0;4334708;90;0
11;19;78;12;2;27;16;5.80;4;2;1;60;0;4334716;1405;0
11;19;78;12;2;28;42;3.80;3;2;1;60;0;4334842;108;0
11;19;78;12;2;29;88;3.80;4;2;1;62;0;4334988;237;0
11;19;78;12;2;31;28;3.40;3;2;1;61;0;4335128;263;0
11;19;78;12;2;32;42;4.60;3;2;1;63;0;4335242;93;0
11;19;78;12;2;33;78;4.40;3;2;1;59;0;4335378;109;0
11;19;78;12;2;33;87;14.20;4;2;3;60;0;4335387;376;0
11;19;78;12;2;35;20;3.60;3;2;1;59;0;4335520;115;0
11;19;78;12;2;35;7;6.20;2;1;1;58;0;4335507;1299;0
11;19;78;12;2;37;1;3.40;4;2;1;57;0;4335701;228;0
11;19;78;12;2;37;1;3.80;1;1;1;49;0;4335701;1197;0
11;19;78;12;2;38;2;3.20;2;1;1;52;0;4335802;256;0
11;19;78;12;2;39;1;3.80;4;2;1;57;0;4335901;178;0
11;19;78;12;2;39;25;3.80;3;2;1;59;0;4335925;383;0
11;19;78;12;2;40;39;3.40;3;2;1;59;0;4336039;90;0
11;19;78;12;2;41;7;3.40;4;2;1;59;0;4336107;182;0
11;19;78;12;2;42;73;3.60;4;2;1;57;0;4336273;145;0
11;19;78;12;2;44;10;3.60;1;1;1;58;0;4336410;681;0
11;19;78;12;2;45;78;6.40;1;1;1;60;0;4336578;145;0
11;19;78;12;2;49;45;3.20;4;2;1;52;0;4336945;649;0
11;19;78;12;2;49;92;3.80;2;1;1;53;0;4336992;1167;0
11;19;78;12;2;50;91;3.20;4;2;1;49;0;4337091;123;0
11;19;78;12;2;51;2;3.20;2;1;1;54;0;4337102;84;0
11;19;78;12;2;50;99;3.60;1;1;1;48;0;4337099;482;0
11;19;78;12;2;54;26;12.20;4;2;3;49;0;4337426;311;0
11;19;78;12;2;55;99;4.60;1;1;1;59;0;4337599;473;0
11;19;78;12;2;57;89;4.00;1;1;1;58;0;4337789;161;0
11;19;78;12;2;59;87;5.20;3;2;1;60;0;4337987;1927;0
11;19;78;12;3;9;93;3.40;1;1;1;54;0;4338993;1179;0
11;19;78;12;3;24;88;3.60;1;1;1;56;0;4340488;1472;0
11;19;78;12;3;30;52;3.60;1;1;1;58;0;4341052;540;0
11;19;78;12;3;32;63;5.60;4;2;1;52;0;4341263;3747;0
11;19;78;12;3;34;85;3.00;4;2;1;57;0;4341485;183;0
11;19;78;12;3;34;91;3.20;2;1;1;52;0;4341491;4367;0
11;19;78;12;3;35;4;3.40;3;2;1;57;0;4341504;3485;0
11;19;78;12;3;35;76;5.00;2;1;1;52;0;4341576;62;0
11;19;78;12;3;36;69;4.80;1;1;1;57;0;4341669;594;0
11;19;78;12;3;37;15;3.40;2;1;1;53;0;4341715;104;0
11;19;78;12;3;38;89;3.60;1;1;1;56;0;4341889;189;0
11;19;78;12;3;38;54;12.80;2;1;7;51;0;4341854;115;0
11;19;78;12;3;40;2;3.60;2;1;1;53;0;4342002;57;4341491
11;19;78;12;3;40;20;3.20;4;2;1;63;0;4342020;516;0
11;19;78;12;3;40;26;5.00;3;2;1;58;0;4342026;500;0
11;19;78;12;3;41;31;3.80;4;2;1;58;0;4342131;92;0
11;19;78;12;3;41;19;9.60;1;1;6;55;0;4342119;206;0
11;19;78;12;3;41;47;3.80;2;1;1;54;0;4342147;120;4341491
11;19;78;12;3;43;0;3.40;4;2;1;56;0;4342300;145;4341491
11;19;78;12;3;43;29;3.60;1;1;1;55;0;4342329;147;4341491
11;19;78;12;3;45;27;3.80;4;2;1;54;0;4342527;205;0
11;19;78;12;3;45;30;3.20;2;1;1;56;0;4342530;357;0
11;19;78;12;3;45;88;4.80;1;1;1;53;0;4342588;235;0
11;19;78;12;3;47;57;3.80;2;1;1;53;0;4342757;206;0
11;19;78;12;3;47;64;5.20;4;2;1;57;0;4342764;211;0
11;19;78;12;3;48;9;3.60;1;1;1;51;0;4342809;188;0
11;19;78;12;3;49;85;3.40;1;1;1;51;0;4342985;150;0
11;19;78;12;3;49;93;3.60;2;1;1;53;0;4342993;210;0
11;19;78;12;3;51;17;3.80;1;1;1;51;0;4343117;108;0
11;19;78;12;3;52;35;3.60;2;1;1;55;0;4343235;217;0
11;19;78;12;3;52;61;3.60;1;1;1;49;0;4343261;117;4342588
11;19;78;12;3;53;77;4.40;4;2;1;60;0;4343377;580;0
11;19;78;12;3;54;13;4.00;1;1;1;50;0;4343413;125;4342588
11;19;78;12;3;54;91;3.60;2;1;1;52;0;4343491;232;0
11;19;78;12;3;56;32;3.60;1;1;1;51;0;4343632;190;4342588
11;19;78;12;3;56;50;4.00;2;1;1;49;0;4343650;134;4342588
11;19;78;12;3;57;64;3.60;4;2;1;70;0;4343764;360;0
11;19;78;12;3;58;16;3.80;1;1;1;50;0;4343816;158;4342588
11;19;78;12;4;0;13;3.60;1;1;1;49;0;4344013;169;4342588
11;19;78;12;4;1;86;3.00;2;1;1;54;0;4344186;506;0
11;19;78;12;4;2;42;3.60;4;2;1;66;0;4344242;459;0
11;19;78;12;4;3;31;4.80;1;1;1;52;0;4344331;291;0
11;19;78;12;4;5;15;3.60;3;2;1;58;0;4344515;2457;0
11;19;78;12;4;6;24;3.60;1;1;1;57;0;4344624;259;0
11;19;78;12;4;6;64;4.00;4;2;1;54;0;4344664;402;0
11;19;78;12;4;8;30;4.60;2;1;1;59;0;4344830;624;0
11;19;78;12;4;9;30;3.80;1;1;1;54;0;4344930;283;0
11;19;78;12;4;9;59;3.40;3;2;1;61;0;4344959;421;0
11;19;78;12;4;9;71;3.00;4;2;1;63;0;4344971;280;0
11;19;78;12;4;11;17;3.20;3;2;1;66;0;4345117;137;0
11;19;78;12;4;11;46;3.60;4;2;1;62;0;4345146;157;0
11;19;78;12;4;12;10;4.60;1;1;1;58;0;4345210;254;0
11;19;78;12;4;13;6;3.40;4;2;1;62;0;4345306;139;0
11;19;78;12;4;13;75;3.40;4;2;1;57;0;4345375;49;0
11;19;78;12;4;14;75;4.60;4;2;1;57;0;4345475;78;4344971
11;19;78;12;4;15;29;3.80;3;2;1;62;0;4345529;394;0
11;19;78;12;4;16;14;3.60;4;2;1;59;0;4345614;109;4344971
11;19;78;12;4;16;30;6.20;3;2;1;65;0;4345630;78;4344971
11;19;78;12;4;17;63;3.60;4;2;1;61;0;4345763;127;4344971
11;19;78;12;4;18;12;3.40;3;2;1;62;0;4345812;147;4344971
11;19;78;12;4;18;25;3.40;1;1;1;55;0;4345825;586;0
11;19;78;12;4;19;57;3.60;1;1;1;52;0;4345957;109;0
11;19;78;12;4;20;2;4.00;3;2;1;58;0;4346002;170;0
11;19;78;12;4;21;18;4.00;3;2;1;57;0;4346118;91;4345529
11;19;78;12;4;22;82;3.40;1;1;1;57;0;4346282;300;0
11;19;78;12;4;22;90;4.00;3;2;1;56;0;4346290;146;4345529
11;19;78;12;4;23;15;4.60;4;2;1;57;0;4346315;530;0
11;19;78;12;4;24;22;4.20;1;1;1;55;0;4346422;118;0
11;19;78;12;4;26;16;3.60;4;2;1;56;0;4346616;271;0
11;19;78;12;4;25;93;7.60;1;1;2;59;0;4346593;143;0
11;19;78;12;4;26;78;3.60;3;2;1;60;0;4346678;362;0
11;19;78;12;4;27;66;4.40;4;2;1;54;0;4346766;126;0
11;19;78;12;4;28;29;3.80;3;2;1;60;0;4346829;129;0
11;19;78;12;4;28;6;8.40;1;1;6;55;0;4346806;166;0
11;19;78;12;4;29;14;3.40;4;2;1;53;0;4346914;118;0
11;19;78;12;4;29;81;3.60;1;1;1;54;0;4346981;120;4346282
11;19;78;12;4;30;61;4.00;2;1;1;56;0;4347061;2202;0
11;19;78;12;4;30;81;3.40;1;1;1;55;0;4347081;76;4346282
11;19;78;12;4;31;85;3.00;4;2;1;54;0;4347185;247;0
11;19;78;12;4;33;43;3.20;4;2;1;53;0;4347343;138;0
11;19;78;12;4;34;23;3.80;1;1;1;53;0;4347423;319;0
11;19;78;12;4;34;59;3.60;4;2;1;50;0;4347459;94;0
11;19;78;12;4;34;81;4.40;3;2;1;59;0;4347481;629;0
11;19;78;12;4;35;54;5.00;1;1;1;54;0;4347554;105;0
11;19;78;12;4;36;92;3.80;4;2;1;52;0;4347692;207;0
11;19;78;12;4;41;33;3.20;4;2;1;50;0;4348133;414;0
11;19;78;12;4;55;73;3.00;4;2;1;49;0;4349573;1416;0
11;19;78;12;4;58;30;3.40;4;2;1;50;0;4349830;234;0
11;19;78;12;5;6;99;3.40;4;2;1;63;0;4350699;844;0
11;19;78;12;5;9;82;3.40;3;2;1;64;0;4350982;3474;0
11;19;78;12;5;11;64;3.40;4;2;1;56;0;4351164;445;0
11;19;78;12;5;12;2;3.60;1;1;1;61;0;4351202;3614;0
11;19;78;12;5;13;33;3.80;4;2;1;58;0;4351333;147;0
11;19;78;12;5;16;30;3.80;3;2;1;56;0;4351630;628;0
11;19;78;12;5;17;1;3.60;1;1;1;63;0;4351701;477;0
11;19;78;12;5;27;21;3.80;4;2;1;63;0;4352721;1364;0
11;19;78;12;5;30;25;3.20;4;2;1;57;0;4353025;282;0
11;19;78;12;5;31;47;6.60;1;1;1;57;0;4353147;1425;0
11;19;78;12;5;35;18;3.40;4;2;1;59;0;4353518;472;0
11;19;78;12;5;43;83;3.40;1;1;1;56;0;4354383;1194;0
11;19;78;12;5;45;17;3.20;2;1;1;58;0;4354517;7430;0
11;19;78;12;5;46;34;3.40;4;2;1;56;0;4354634;1095;0
11;19;78;12;5;46;47;3.80;1;1;1;53;0;4354647;242;0
11;19;78;12;5;46;92;4.40;2;1;1;55;0;4354692;155;0
11;19;78;12;5;47;52;5.20;4;2;1;57;0;4354752;96;0
11;19;78;12;5;48;0;3.20;1;1;1;53;0;4354800;127;0
11;19;78;12;5;48;67;3.40;2;1;1;57;0;4354867;146;0
11;19;78;12;5;49;1;3.80;1;1;1;54;0;4354901;79;0
11;19;78;12;5;50;14;3.60;2;1;1;57;0;4355014;125;0
11;19;78;12;5;50;4;3.00;3;2;1;62;0;4355004;3349;0
11;19;78;12;5;50;37;3.80;1;1;1;56;0;4355037;110;0
11;19;78;12;5;49;69;11.80;4;2;3;54;0;4354969;184;0
11;19;78;12;5;51;10;3.40;3;2;1;62;0;4355110;88;0
11;19;78;12;5;51;42;5.00;2;1;1;56;0;4355142;105;4354517
11;19;78;12;5;51;84;3.60;1;1;1;56;0;4355184;122;4354647
11;19;78;12;5;52;38;3.80;4;2;1;54;0;4355238;190;4354647
11;19;78;12;5;52;56;3.60;3;2;1;61;0;4355256;126;4354647
11;19;78;12;5;53;49;5.20;1;1;1;57;0;4355349;141;4354647
11;19;78;12;5;53;71;3.40;4;2;1;57;0;4355371;107;4354634
11;19;78;12;5;54;13;3.00;3;2;1;59;0;4355413;135;4354634
11;19;78;12;5;55;42;4.60;4;2;1;57;0;4355542;149;4354634
11;19;78;12;5;55;62;3.60;3;2;1;60;0;4355562;130;4355004
11;19;78;12;5;56;13;3.60;1;1;1;56;0;4355613;231;0
11;19;78;12;5;56;47;3.40;2;1;1;61;0;4355647;472;0
11;19;78;12;5;56;84;4.60;3;2;1;61;0;4355684;100;4355004
11;19;78;12;5;57;55;4.80;4;2;1;57;0;4355755;183;4354634
11;19;78;12;5;57;79;3.80;3;2;1;61;0;4355779;67;4355004
11;19;78;12;5;58;49;4.20;1;1;1;53;0;4355849;212;0
11;19;78;12;5;59;33;3.60;3;2;1;60;0;4355933;131;4355004
11;19;78;12;5;59;51;3.20;4;2;1;53;0;4355951;165;4354634
11;19;78;12;6;0;31;3.80;1;1;1;53;0;4356031;153;4354634
11;19;78;12;6;0;51;3.80;3;2;1;59;0;4356051;96;4355004
11;19;78;12;6;1;11;3.80;4;2;1;50;0;4356111;138;4354634
11;19;78;12;6;1;54;3.80;3;2;1;60;0;4356154;79;4355004
11;19;78;12;6;3;6;3.60;3;2;1;56;0;4356306;129;4355004
11;19;78;12;6;3;1;3.80;2;1;1;54;0;4356301;633;0
11;19;78;12;6;3;15;3.40;1;1;1;49;0;4356315;258;0
11;19;78;12;6;3;58;4.00;4;2;1;63;0;4356358;219;0
11;19;78;12;6;3;79;3.00;3;2;1;54;0;4356379;49;4355004
11;19;78;12;6;4;46;3.60;1;1;1;49;0;4356446;106;4355004
11;19;78;12;6;5;27;3.20;3;2;1;56;0;4356527;128;4355004
11;19;78;12;6;6;60;3.00;4;2;1;56;0;4356660;279;0
11;19;78;12;6;6;60;3.40;2;1;1;55;0;4356660;333;0
11;19;78;12;6;5;97;13.60;1;1;4;48;0;4356597;124;0
11;19;78;12;6;7;68;4.00;2;1;1;54;0;4356768;85;0
11;19;78;12;6;7;95;3.40;1;1;1;46;0;4356795;96;0
11;19;78;12;6;8;17;3.00;4;2;1;55;0;4356817;137;0
11;19;78;12;6;8;99;3.60;2;1;1;56;0;4356899;104;0
11;19;78;12;6;9;11;2.80;1;1;1;47;0;4356911;89;4356315
11;19;78;12;6;9;39;3.80;4;2;1;54;0;4356939;102;4356315
11;19;78;12;6;9;70;3.60;3;2;1;58;0;4356970;422;0
11;19;78;12;6;10;89;3.80;4;2;1;53;0;4357089;124;0
11;19;78;12;6;11;7;3.60;1;1;1;42;0;4357107;174;4356315
11;19;78;12;6;11;73;3.60;3;2;1;61;0;4357173;180;4356315
11;19;78;12;6;11;95;5.40;2;1;1;58;0;4357195;272;0
11;19;78;12;6;12;15;3.60;1;1;1;42;0;4357215;77;4356315
11;19;78;12;6;13;25;3.60;1;1;1;40;0;4357325;79;4356315
11;19;78;12;6;13;41;3.40;3;2;1;59;0;4357341;146;4356315
11;19;78;12;6;13;69;3.80;2;1;1;59;0;4357369;140;4356315
11;19;78;12;6;13;34;3.60;4;2;1;50;0;4357334;219;0
11;19;78;12;6;14;64;3.40;2;1;1;56;0;4357464;71;0
11;19;78;12;6;14;49;3.80;4;2;1;52;0;4357449;89;0
11;19;78;12;6;14;76;3.40;3;2;1;58;0;4357476;114;0
11;19;78;12;6;15;73;3.60;3;2;1;62;0;4357573;75;4356970
11;19;78;12;6;16;5;4.00;4;2;1;55;0;4357605;129;4356970
11;19;78;12;6;15;31;11.40;1;1;3;39;0;4357531;173;4356315
11;19;78;12;6;18;8;2.80;1;1;1;41;0;4357808;171;4356315
11;19;78;12;6;18;12;3.40;4;2;1;52;0;4357812;180;4356315
11;19;78;12;6;19;13;8.40;1;1;2;39;0;4357913;80;4356315
11;19;78;12;6;20;84;3.60;1;1;1;39;0;4358084;93;4356315
11;19;78;12;6;21;94;3.20;1;1;1;38;0;4358194;76;4356315
11;19;78;12;6;24;46;4.60;1;1;1;42;0;4358446;221;0
11;19;78;12;6;26;7;3.60;1;1;1;40;0;4358607;121;0
11;19;78;12;6;26;62;3.20;2;1;1;60;0;4358662;1176;0
11;19;78;12;6;27;24;3.60;1;1;1;44;0;4358724;84;0
11;19;78;12;6;31;51;3.00;3;2;1;66;0;4359151;1557;0
11;19;78;12;6;30;69;13.40;1;1;4;46;0;4359069;315;0
11;19;78;12;6;32;96;3.40;1;1;1;39;0;4359296;122;0
11;19;78;12;6;35;78;3.80;1;1;1;48;0;4359578;250;0
11;19;78;12;6;39;47;3.40;4;2;1;58;0;4359947;2111;0
11;19;78;12;6;42;65;3.60;4;2;1;57;0;4360265;296;0
11;19;78;12;6;43;11;4.60;1;1;1;59;0;4360311;704;0
11;19;78;12;6;44;63;4.60;4;2;1;59;0;4360463;175;0
11;19;78;12;6;48;82;3.60;4;2;1;56;0;4360882;390;0
11;19;78;12;7;1;53;3.20;3;2;1;56;0;4362153;2985;0
11;19;78;12;7;3;7;8.80;4;2;6;57;0;4362307;1401;0
11;19;78;12;7;4;86;3.20;4;2;1;54;0;4362486;123;0
11;19;78;12;7;5;74;3.40;1;1;1;57;0;4362574;2234;0
11;19;78;12;7;6;19;3.60;2;1;1;55;0;4362619;3937;0
11;19;78;12;7;6;39;4.40;4;2;1;53;0;4362639;131;0
11;19;78;12;7;8;10;3.40;4;2;1;56;0;4362810;141;0
11;19;78;12;7;11;27;7.00;4;2;1;54;0;4363127;295;0
11;19;78;12;7;18;12;4.80;1;1;1;46;0;4363812;1216;0
11;19;78;12;7;20;21;3.60;1;1;1;45;0;4364021;171;0
11;19;78;12;7;21;8;3.60;2;1;1;49;0;4364108;1465;0
11;19;78;12;7;21;68;3.20;1;1;1;45;0;4364168;118;0
11;19;78;12;7;22;97;3.60;2;1;1;49;0;4364297;162;0
11;19;78;12;7;23;47;3.20;1;1;1;44;0;4364347;153;0
11;19;78;12;7;23;97;4.80;2;1;1;49;0;4364397;73;0
11;19;78;12;7;24;31;3.60;1;1;1;46;0;4364431;57;4363812
11;19;78;12;7;24;86;4.20;2;1;1;48;0;4364486;53;4363812
11;19;78;12;7;25;10;3.60;1;1;1;48;0;4364510;50;4363812
11;19;78;12;7;26;0;4.60;2;1;1;47;0;4364600;82;4364108
11;19;78;12;7;27;13;4.00;2;1;1;48;0;4364713;77;4364108
11;19;78;12;7;27;58;3.20;4;2;1;60;0;4364758;1584;0
11;19;78;12;7;29;12;3.80;4;2;1;59;0;4364912;134;0
11;19;78;12;7;29;78;3.60;1;1;1;50;0;4364978;441;0
11;19;78;12;7;30;70;3.20;1;1;1;50;0;4365070;66;0
11;19;78;12;7;30;52;5.60;2;1;1;45;0;4365052;309;0
11;19;78;12;7;32;23;3.20;1;1;1;45;0;4365223;129;0
11;19;78;12;7;33;6;3.40;3;2;1;65;0;4365306;3132;0
11;19;78;12;7;33;93;3.60;1;1;1;46;0;4365393;144;0
11;19;78;12;7;34;92;3.60;2;1;1;46;0;4365492;395;0
11;19;78;12;7;35;22;4.40;1;1;1;47;0;4365522;100;4364978
11;19;78;12;7;35;42;3.60;3;2;1;56;0;4365542;217;0
11;19;78;12;7;35;74;3.80;4;2;1;57;0;4365574;638;0
11;19;78;12;7;36;20;9.40;3;2;2;58;0;4365620;54;0
11;19;78;12;7;36;49;4.00;2;1;1;44;0;4365649;128;0
11;19;78;12;7;37;24;4.20;1;1;1;48;0;4365724;168;4364978
11;19;78;12;7;37;90;3.60;2;1;1;45;0;4365790;108;4364978
11;19;78;12;7;38;11;4.20;4;2;1;53;0;4365811;213;0
11;19;78;12;7;39;42;3.00;3;2;1;57;0;4365942;263;0
11;19;78;12;7;39;55;3.60;2;1;1;46;0;4365955;136;0
11;19;78;12;7;39;96;4.00;1;1;1;54;0;4365996;240;0
11;19;78;12;7;40;62;3.80;4;2;1;54;0;4366062;222;0
11;19;78;12;7;40;62;3.60;2;1;1;42;0;4366062;78;4365492
11;19;78;12;7;41;2;3.80;3;2;1;57;0;4366102;141;4365492
11;19;78;12;7;41;79;3.60;1;1;1;50;0;4366179;156;4365492
11;19;78;12;7;42;9;3.40;4;2;1;52;0;4366209;121;4365492
11;19;78;12;7;42;95;3.20;1;1;1;47;0;4366295;90;4365492
11;19;78;12;7;43;4;3.40;2;1;1;51;0;4366304;211;0
11;19;78;12;7;43;40;4.20;4;2;1;53;0;4366340;107;0
11;19;78;12;7;44;18;3.60;1;1;1;45;0;4366418;98;0
11;19;78;12;7;45;0;3.60;4;2;1;54;0;4366500;131;0
11;19;78;12;7;46;68;5.00;2;1;1;52;0;4366668;340;0
11;19;78;12;7;47;67;3.60;2;1;1;52;0;4366767;64;0
11;19;78;12;7;47;71;3.40;4;2;1;55;0;4366771;247;0
11;19;78;12;7;47;5;11.20;1;1;7;43;0;4366705;258;0
11;19;78;12;7;49;36;4.00;2;1;1;54;0;4366936;144;0
11;19;78;12;7;49;35;8.80;4;2;2;55;0;4366935;141;0
11;19;78;12;7;51;63;4.20;1;1;1;48;0;4367163;364;0
11;19;78;12;7;52;28;3.80;4;2;1;55;0;4367228;235;0
11;19;78;12;7;52;60;4.00;3;2;1;64;0;4367260;1134;0
11;19;78;12;7;53;19;3.20;1;1;1;47;0;4367319;124;0
11;19;78;12;7;54;6;4.80;4;2;1;53;0;4367406;153;0
11;19;78;12;7;54;74;3.20;2;1;1;60;0;4367474;511;0
11;19;78;12;7;55;6;7.80;1;1;2;46;0;4367506;162;0
11;19;78;12;7;55;73;4.00;4;2;1;55;0;4367573;134;0
11;19;78;12;7;56;44;3.80;1;1;1;49;0;4367644;76;0
11;19;78;12;7;58;58;3.80;1;1;1;48;0;4367858;186;4367163
11;19;78;12;7;59;58;3.80;1;1;1;48;0;4367958;71;4367163
11;19;78;12;8;2;13;4.60;1;1;1;52;0;4368213;226;0
11;19;78;12;8;13;51;3.00;2;1;1;60;0;4369351;1857;0
11;19;78;12;8;14;68;4.00;2;1;1;60;0;4369468;99;0
11;19;78;12;8;15;94;5.20;1;1;1;53;0;4369594;1349;0
11;19;78;12;8;15;93;3.40;2;1;0;53;1;4369593;101;0
11;19;78;12;8;18;0;3.80;1;1;1;57;0;4369800;170;0
11;19;78;12;8;21;36;3.80;1;1;1;53;0;4370136;312;0
11;19;78;12;8;22;93;3.80;4;2;1;54;0;4370293;2693;0
11;19;78;12;8;45;91;3.60;3;2;1;63;0;4372591;5308;0
11;19;78;12;8;45;95;3.60;4;2;1;55;0;4372595;2276;0
11;19;78;12;8;46;72;7.20;4;2;2;53;0;4372672;53;0
11;19;78;12;8;46;98;5.00;3;2;1;60;0;4372698;86;0
11;19;78;12;8;48;15;6.00;4;2;1;54;0;4372815;94;0
11;19;78;12;8;48;51;3.80;3;2;1;62;0;4372851;123;0
11;19;78;12;8;50;71;3.60;4;2;1;54;0;4373071;216;0
11;19;78;12;8;51;87;3.60;4;2;1;53;0;4373187;92;0
11;19;78;12;8;53;99;3.00;1;1;1;61;0;4373399;3237;0
11;19;78;12;8;54;6;4.40;4;2;1;53;0;4373406;194;0
11;19;78;12;9;1;52;3.80;3;2;1;79;0;4374152;1278;0
11;19;78;12;9;1;94;4.60;4;2;1;54;0;4374194;758;0
11;19;78;12;9;3;27;3.80;1;1;1;56;0;4374327;910;0
11;19;78;12;9;4;46;3.80;1;1;1;56;0;4374446;94;0
11;19;78;12;9;5;18;3.60;3;2;1;68;0;4374518;348;0
11;19;78;12;9;5;11;5.00;2;1;1;59;0;4374511;5019;0
11;19;78;12;9;6;92;3.80;4;2;1;68;0;4374692;467;0
11;19;78;12;9;6;78;3.60;1;1;1;55;0;4374678;207;0
11;19;78;12;9;7;25;4.40;3;2;1;67;0;4374725;187;0
11;19;78;12;9;7;29;3.40;2;1;1;59;0;4374729;187;0
11;19;78;12;9;7;95;4.00;1;1;1;55;0;4374795;93;0
11;19;78;12;9;8;55;3.80;4;2;1;61;0;4374855;142;0
11;19;78;12;9;9;71;3.40;2;1;1;56;0;4374971;221;0
11;19;78;12;9;11;14;3.60;2;1;1;58;0;4375114;121;0
11;19;78;12;9;11;19;3.40;4;2;1;56;0;4375119;241;0
11;19;78;12;9;12;27;4.20;2;1;1;58;0;4375227;90;0
11;19;78;12;9;12;65;3.40;4;2;1;57;0;4375265;124;0
11;19;78;12;9;13;94;3.60;1;1;1;53;0;4375394;572;0
11;19;78;12;9;14;3;3.60;3;2;1;67;0;4375403;654;0
11;19;78;12;9;14;41;4.20;4;2;1;57;0;4375441;154;0
11;19;78;12;9;14;81;3.80;3;2;1;62;0;4375481;58;0
11;19;78;12;9;15;32;3.80;1;1;1;53;0;4375532;113;0
11;19;78;12;9;16;3;3.40;4;2;1;59;0;4375603;135;0
11;19;78;12;9;17;74;3.60;1;1;1;52;0;4375774;216;0
11;19;78;12;9;17;70;5.40;3;2;1;58;0;4375770;266;0
11;19;78;12;9;18;17;4.40;4;2;1;58;0;4375817;193;4375119
11;19;78;12;9;18;79;4.00;1;1;1;51;0;4375879;80;4375119
11;19;78;12;9;19;60;4.40;4;2;1;55;0;4375960;115;4375119
11;19;78;12;9;20;14;3.00;1;1;1;51;0;4376014;106;4375119
11;19;78;12;9;21;64;4.00;4;2;1;56;0;4376164;175;4375119
11;19;78;12;9;21;67;3.80;2;1;1;50;0;4376167;913;0
11;19;78;12;9;22;5;5.20;3;2;1;57;0;4376205;401;0
11;19;78;12;9;22;17;3.80;1;1;1;49;0;4376217;181;0
11;19;78;12;9;23;31;3.80;1;1;1;48;0;4376331;86;4375774
11;19;78;12;9;23;62;3.60;3;2;1;57;0;4376362;124;4375774
11;19;78;12;9;24;3;3.80;2;1;1;53;0;4376403;208;0
11;19;78;12;9;25;1;4.20;3;2;1;58;0;4376501;116;0
11;19;78;12;9;25;63;4.00;1;1;1;47;0;4376563;203;0
11;19;78;12;9;26;22;4.40;4;2;1;56;0;4376622;432;0
11;19;78;12;9;26;90;3.60;3;2;1;64;0;4376690;162;0
11;19;78;12;9;27;9;3.40;1;1;1;46;0;4376709;115;0
11;19;78;12;9;27;78;4.60;4;2;1;56;0;4376778;127;0
11;19;78;12;9;28;5;3.60;3;2;1;62;0;4376805;94;4376205
11;19;78;12;9;28;74;3.40;1;1;1;46;0;4376874;138;4376205
11;19;78;12;9;29;67;3.40;1;1;1;44;0;4376967;66;4376205
11;19;78;12;9;30;21;3.00;4;2;1;59;0;4377021;213;0
11;19;78;12;9;30;57;3.40;1;1;1;44;0;4377057;62;4376563
11;19;78;12;9;32;9;3.40;1;1;1;42;0;4377209;124;4376563
11;19;78;12;9;32;43;4.00;3;2;1;61;0;4377243;417;0
11;19;78;12;9;33;43;4.00;1;1;1;41;0;4377343;104;4376563
11;19;78;12;9;35;65;3.60;1;1;1;39;0;4377565;186;4376563
11;19;78;12;9;37;38;4.00;1;1;1;39;0;4377738;139;4376563
11;19;78;12;9;38;69;3.40;1;1;1;39;0;4377869;94;4376563
11;19;78;12;9;40;75;7.00;1;1;1;39;0;4378075;174;4376563
11;19;78;12;9;43;88;3.40;1;1;1;37;0;4378388;248;0
11;19;78;12;9;44;28;3.60;2;1;1;63;0;4378428;1999;0
11;19;78;12;9;45;48;3.40;2;1;1;55;0;4378548;99;0
11;19;78;12;9;45;28;3.20;1;1;1;37;0;4378528;106;0
11;19;78;12;9;47;56;5.40;1;1;1;45;0;4378756;196;0
11;19;78;12;9;53;81;3.20;2;1;1;53;0;4379381;810;0
11;19;78;12;9;55;62;3.40;1;1;1;53;0;4379562;762;0
11;19;78;12;9;56;98;5.40;1;1;1;54;0;4379698;112;0
11;19;78;12;9;58;23;3.60;4;2;1;59;0;4379823;2783;0
11;19;78;12;10;1;30;3.40;3;2;1;59;0;4380130;2863;0
11;19;78;12;10;4;61;4.40;4;2;1;64;0;4380461;616;0
11;19;78;12;10;14;25;3.60;4;2;1;62;0;4381425;939;0
11;19;78;12;10;14;97;3.40;4;2;1;60;0;4381497;51;0
11;19;78;12;10;16;52;5.00;3;2;1;62;0;4381652;1501;0
11;19;78;12;10;18;18;4.00;3;2;1;65;0;4381818;136;0
11;19;78;12;10;23;33;3.40;3;2;1;57;0;4382333;492;0
11;19;78;12;10;24;52;3.60;4;2;1;53;0;4382452;934;0
11;19;78;12;10;25;64;3.60;4;2;1;53;0;4382564;87;0
11;19;78;12;10;26;92;3.60;4;2;1;52;0;4382692;103;0
11;19;78;12;10;34;50;3.20;4;2;1;52;0;4383450;733;0
11;19;78;12;10;34;99;3.60;2;1;1;57;0;4383499;4096;0
11;19;78;12;10;35;27;4.40;1;1;1;58;0;4383527;3793;0
11;19;78;12;10;36;46;4.20;2;1;1;59;0;4383646;124;0
11;19;78;12;10;37;19;3.80;1;1;1;59;0;4383719;164;0
11;19;78;12;10;38;30;3.20;1;1;1;57;0;4383830;87;0
11;19;78;12;10;40;28;3.80;2;1;1;58;0;4384028;356;0
11;19;78;12;10;41;52;4.00;2;1;1;57;0;4384152;100;0
11;19;78;12;10;41;76;4.00;1;1;1;54;0;4384176;325;0
11;19;78;12;10;42;58;4.60;2;1;1;53;0;4384258;80;0
11;19;78;12;10;43;80;14.60;1;1;4;55;0;4384380;177;0
11;19;78;12;10;46;35;4.00;1;1;1;57;0;4384635;159;0
11;19;78;12;10;46;69;4.00;2;1;1;53;0;4384669;379;0
11;19;78;12;10;47;21;2.80;4;2;1;66;0;4384721;1248;0
11;19;78;12;10;47;28;3.60;3;2;1;67;0;4384728;2373;0
11;19;78;12;10;49;73;2.80;4;2;1;63;0;4384973;236;0
11;19;78;12;10;50;43;3.00;3;2;1;67;0;4385043;295;0
11;19;78;12;10;51;72;3.80;1;1;1;54;0;4385172;511;0
11;19;78;12;10;52;87;3.40;3;2;1;63;0;4385287;227;0
11;19;78;12;10;53;24;3.80;4;2;1;58;0;4385324;335;0
11;19;78;12;10;53;80;5.00;3;2;1;60;0;4385380;73;0
11;19;78;12;10;54;68;3.00;4;2;1;57;0;4385468;120;0
11;19;78;12;10;56;3;4.00;3;2;1;68;0;4385603;193;0
11;19;78;12;10;56;77;4.60;1;1;1;51;0;4385677;479;0
11;19;78;12;10;57;29;3.20;4;2;1;55;0;4385729;242;0
11;19;78;12;10;58;16;3.80;1;1;1;47;0;4385816;106;0
11;19;78;12;10;58;10;6.20;4;2;1;56;0;4385810;60;0
11;19;78;12;10;59;95;3.60;1;1;1;49;0;4385995;149;0
11;19;78;12;11;0;39;3.80;3;2;1;58;0;4386039;414;0
11;19;78;12;11;0;77;4.60;4;2;1;57;0;4386077;227;0
11;19;78;12;11;1;12;3.60;1;1;1;52;0;4386112;90;0
11;19;78;12;11;1;63;3.80;3;2;1;58;0;4386163;100;0
11;19;78;12;11;1;78;4.60;4;2;1;56;0;4386178;71;0
11;19;78;12;11;3;48;3.40;2;1;1;58;0;4386348;1651;0
11;19;78;12;11;3;55;3.40;3;2;1;61;0;4386355;168;0
11;19;78;12;11;6;33;3.60;2;1;1;54;0;4386633;263;0
11;19;78;12;11;7;36;3.80;3;2;1;64;0;4386736;360;0
11;19;78;12;11;7;63;3.60;1;1;1;57;0;4386763;626;0
11;19;78;12;11;7;22;18.60;4;2;4;57;0;4386722;514;0
11;19;78;12;11;11;7;3.40;4;2;1;54;0;4387107;267;0
11;19;78;12;11;11;14;3.20;1;1;1;56;0;4387114;328;0
11;19;78;12;11;11;13;3.60;2;1;1;54;0;4387113;456;0
11;19;78;12;11;12;57;3.20;4;2;1;53;0;4387257;127;0
11;19;78;12;11;12;69;3.20;1;1;1;53;0;4387269;134;0
11;19;78;12;11;14;15;3.40;1;1;1;51;0;4387415;124;0
11;19;78;12;11;14;15;7.40;4;2;2;55;0;4387415;136;0
11;19;78;12;11;15;10;4.00;3;2;1;53;0;4387510;752;0
11;19;78;12;11;15;43;3.60;1;1;1;51;0;4387543;104;0
11;19;78;12;11;15;99;3.80;4;2;1;55;0;4387599;135;0
11;19;78;12;11;16;33;3.80;3;2;1;54;0;4387633;95;0
11;19;78;12;11;17;96;3.80;4;2;1;55;0;4387796;172;4387107
11;19;78;12;11;23;21;3.40;1;1;1;66;0;4388321;752;0
11;19;78;12;11;33;11;3.40;1;1;1;57;0;4389311;971;0
11;19;78;12;11;37;87;3.40;1;1;1;57;0;4389787;454;0
11;19;78;12;11;39;52;3.20;4;2;1;57;0;4389952;2131;0
11;19;78;12;11;39;50;3.60;1;1;1;58;0;4389950;141;0
11;19;78;12;11;41;37;4.60;1;1;1;55;0;4390137;164;0
11;19;78;12;11;41;89;5.00;2;1;1;61;0;4390189;3052;0
11;19;78;12;11;44;9;3.20;1;1;1;59;0;4390409;241;0
11;19;78;12;11;45;66;3.80;1;1;1;56;0;4390566;137;0
11;19;78;12;11;54;92;5.00;4;2;1;67;0;4391492;1519;0
11;19;78;12;11;57;26;3.60;4;2;1;61;0;4391726;207;0
11;19;78;12;12;0;24;4.40;4;2;1;63;0;4392024;276;0
11;19;78;12;12;1;24;3.60;3;2;1;62;0;4392124;4465;0
11;19;78;12;12;3;1;3.80;3;2;1;61;0;4392301;156;0
11;19;78;12;12;5;55;3.80;3;2;1;65;0;4392555;231;0
11;19;78;12;12;6;81;3.60;4;2;1;56;0;4392681;631;0
11;19;78;12;12;8;44;3.40;4;2;1;55;0;4392844;139;0
11;19;78;12;12;11;77;3.60;4;2;1;58;0;4393177;310;0
11;19;78;12;12;13;50;3.40;1;1;1;63;0;4393350;2759;0
11;19;78;12;12;23;83;3.80;1;1;1;62;0;4394383;1013;0
11;19;78;12;12;24;51;3.60;3;2;1;69;0;4394451;1874;0
11;19;78;12;12;25;70;3.80;4;2;1;64;0;4394570;1370;0
11;19;78;12;12;28;20;6.60;3;2;1;67;0;4394820;350;0
11;19;78;12;12;29;27;3.60;4;2;1;62;0;4394927;335;0
11;19;78;12;12;30;28;3.80;4;2;1;62;0;4395028;80;0
11;19;78;12;12;30;36;5.20;3;2;1;67;0;4395036;180;0
11;19;78;12;12;32;70;3.20;4;2;1;60;0;4395270;219;0
11;19;78;12;12;34;55;3.20;3;2;1;62;0;4395455;391;0
11;19;78;12;12;34;80;3.60;4;2;1;59;0;4395480;190;0
11;19;78;12;12;34;99;3.60;1;1;1;61;0;4395499;1093;0
11;19;78;12;12;35;50;7.20;3;2;1;61;0;4395550;76;0
11;19;78;12;12;36;66;3.80;4;2;1;64;0;4395666;164;0
11;19;78;12;12;37;48;3.00;3;2;1;62;0;4395748;155;0
11;19;78;12;12;40;84;4.00;4;2;1;82;0;4396084;396;0
11;19;78;12;12;41;34;4.40;3;2;1;64;0;4396134;368;0
11;19;78;12;12;41;45;3.40;1;1;1;54;0;4396145;624;0
11;19;78;12;12;42;40;3.20;3;2;1;68;0;4396240;81;0
11;19;78;12;12;43;19;5.80;2;1;1;73;0;4396319;6100;0
11;19;78;12;12;43;62;7.20;4;2;2;59;0;4396362;260;0
11;19;78;12;12;45;19;3.80;4;2;1;58;0;4396519;113;0
11;19;78;12;12;45;67;3.60;3;2;1;64;0;4396567;310;0
11;19;78;12;12;46;12;3.40;2;1;1;61;0;4396612;264;0
11;19;78;12;12;46;63;3.60;3;2;1;62;0;4396663;75;0
11;19;78;12;12;47;18;3.20;4;2;1;59;0;4396718;175;0
11;19;78;12;12;47;81;5.80;3;2;1;62;0;4396781;97;0
11;19;78;12;12;48;59;6.40;4;2;1;60;0;4396859;121;0
11;19;78;12;12;48;68;9.60;2;1;6;56;0;4396868;235;0
11;19;78;12;12;50;35;3.00;3;2;1;60;0;4397035;220;0
11;19;78;12;12;50;40;6.40;1;1;1;55;0;4397040;872;0
11;19;78;12;12;50;73;3.20;4;2;1;59;0;4397073;175;4396362
11;19;78;12;12;52;49;3.60;1;1;1;52;0;4397249;167;4396362
11;19;78;12;12;52;78;5.20;3;2;1;59;0;4397278;225;0
11;19;78;12;12;53;21;3.80;4;2;1;57;0;4397321;228;0
11;19;78;12;12;54;6;4.00;1;1;1;50;0;4397406;132;0
11;19;78;12;12;56;20;4.00;4;2;1;52;0;4397620;275;0
11;19;78;12;12;56;96;3.60;2;1;1;53;0;4397696;766;0
11;19;78;12;12;58;8;3.20;4;2;1;52;0;4397808;160;0
11;19;78;12;12;58;54;7.80;1;1;1;56;0;4397854;419;0
11;19;78;12;12;58;81;3.60;2;1;1;51;0;4397881;160;0
11;19;78;12;13;0;28;3.60;1;1;1;56;0;4398028;123;0
11;19;78;12;13;0;44;3.20;2;1;1;53;0;4398044;137;0
11;19;78;12;13;1;90;3.80;2;1;1;54;0;4398190;124;0
11;19;78;12;13;3;49;4.00;2;1;1;53;0;4398349;133;4397696
11;19;78;12;13;4;24;3.80;1;1;1;51;0;4398424;372;0
11;19;78;12;13;4;75;3.20;2;1;1;55;0;4398475;98;4397696
11;19;78;12;13;5;45;3.60;1;1;1;50;0;4398545;94;4397696
11;19;78;12;13;5;84;3.40;2;1;1;51;0;4398584;88;4397696
11;19;78;12;13;7;16;3.20;1;1;1;48;0;4398716;145;4397696
11;19;78;12;13;7;84;3.60;2;1;1;51;0;4398784;176;4397696
11;19;78;12;13;8;56;3.60;4;2;1;65;0;4398856;1025;0
11;19;78;12;13;8;46;3.80;1;1;1;48;0;4398846;106;0
11;19;78;12;13;9;30;4.00;2;1;1;49;0;4398930;120;4397696
11;19;78;12;13;9;94;12.40;1;1;3;50;0;4398994;119;4398424
11;19;78;12;13;10;66;3.60;2;1;1;49;0;4399066;106;4397696
11;19;78;12;13;12;99;3.80;1;1;1;51;0;4399299;215;0
11;19;78;12;13;13;12;7.80;2;1;1;47;0;4399312;219;0
11;19;78;12;13;14;14;3.20;1;1;1;46;0;4399414;88;0
11;19;78;12;13;15;56;3.20;1;1;1;47;0;4399556;116;0
11;19;78;12;13;17;91;3.20;1;1;1;50;0;4399791;210;0
11;19;78;12;13;18;96;3.20;4;2;1;57;0;4399896;1020;0
11;19;78;12;13;20;59;12.60;1;1;3;47;0;4400059;244;0
11;19;78;12;13;23;32;3.00;1;1;1;45;0;4400332;176;0
11;19;78;12;13;24;70;8.00;1;1;2;49;0;4400470;114;0
11;19;78;12;13;30;5;3.60;1;1;1;53;0;4401005;476;0
11;19;78;12;13;31;83;3.40;4;2;1;62;0;4401183;1266;0
11;19;78;12;13;32;72;6.40;4;2;1;66;0;4401272;69;0
11;19;78;12;13;32;96;4.20;3;2;1;75;0;4401296;3986;0
11;19;78;12;13;33;27;5.40;1;1;1;57;0;4401327;297;0
11;19;78;12;13;34;10;3.40;3;2;1;70;0;4401410;93;0
11;19;78;12;13;36;53;3.40;3;2;1;70;0;4401653;225;0
11;19;78;12;13;36;38;3.80;1;1;1;53;0;4401638;276;0
11;19;78;12;13;36;87;3.40;4;2;1;61;0;4401687;380;0
11;19;78;12;13;38;89;3.60;4;2;1;63;0;4401889;181;0
11;19;78;12;13;39;13;4.60;3;2;1;65;0;4401913;242;0
11;19;78;12;13;40;65;3.60;4;2;1;62;0;4402065;155;0
11;19;78;12;13;42;47;3.60;4;2;1;62;0;4402247;161;0
11;19;78;12;13;44;27;4.00;4;2;1;56;0;4402427;159;4401687
11;19;78;12;13;44;97;3.60;3;2;1;61;0;4402497;558;0
11;19;78;12;14;0;2;3.40;4;2;1;57;0;4404002;1549;0
11;19;78;12;14;6;3;3.60;3;2;1;66;0;4404603;2084;0
11;19;78;12;14;6;8;3.80;4;2;1;61;0;4404608;584;0
11;19;78;12;14;8;82;3.80;4;2;1;62;0;4404882;251;0
11;19;78;12;14;9;52;3.20;3;2;1;64;0;4404952;329;0
11;19;78;12;14;11;2;3.00;4;2;1;61;0;4405102;197;0
11;19;78;12;14;12;43;3.20;3;2;1;66;0;4405243;273;0
11;19;78;12;14;13;65;3.60;3;2;1;64;0;4405365;104;0
11;19;78;12;14;13;12;12.60;4;2;3;56;0;4405312;192;0
11;19;78;12;14;14;62;3.80;3;2;1;64;0;4405462;76;0
11;19;78;12;14;15;68;3.20;4;2;1;55;0;4405568;175;0
11;19;78;12;14;16;67;5.20;3;2;1;61;0;4405667;183;0
11;19;78;12;14;18;18;3.60;4;2;1;55;0;4405818;229;0
11;19;78;12;14;18;65;4.40;3;2;1;59;0;4405865;167;4405243
11;19;78;12;14;19;86;3.60;4;2;1;55;0;4405986;144;4405243
11;19;78;12;14;19;94;3.80;3;2;1;59;0;4405994;102;4405243
11;19;78;12;14;21;10;3.80;4;2;1;54;0;4406110;100;4405243
11;19;78;12;14;21;17;4.40;3;2;1;58;0;4406117;99;4405243
11;19;78;12;14;22;24;5.00;3;2;1;58;0;4406224;79;4405243
11;19;78;12;14;22;82;4.40;4;2;1;57;0;4406282;146;4405243
11;19;78;12;14;24;57;11.60;4;2;2;56;0;4406457;147;4405818
11;19;78;12;14;25;53;3.40;2;1;1;55;0;4406553;7181;0
11;19;78;12;14;26;14;3.80;4;2;1;53;0;4406614;82;4405818
11;19;78;12;14;27;43;2.80;4;2;1;49;0;4406743;103;4405818
11;19;78;12;14;27;43;3.60;1;1;1;57;0;4406743;5079;0
11;19;78;12;14;27;67;3.40;3;2;1;60;0;4406767;511;0
11;19;78;12;14;29;21;3.60;4;2;1;51;0;4406921;157;4405818
11;19;78;12;14;28;82;6.20;1;1;1;57;0;4406882;116;4405818
11;19;78;12;14;30;25;3.40;1;1;1;57;0;4407025;103;4405818
11;19;78;12;14;31;12;3.60;2;1;1;57;0;4407112;536;0
11;19;78;12;14;32;23;4.20;2;1;1;58;0;4407223;88;0
11;19;78;12;14;32;35;3.40;3;2;1;61;0;4407235;447;0
11;19;78;12;14;31;52;24.40;4;2;5;57;0;4407152;205;0
11;19;78;12;14;33;13;3.80;1;1;1;57;0;4407313;266;0
11;19;78;12;14;33;57;4.60;2;1;1;61;0;4407357;107;0
11;19;78;12;14;34;48;3.60;3;2;1;62;0;4407448;192;0
11;19;78;12;14;34;64;4.80;4;2;1;55;0;4407464;157;0
11;19;78;12;14;34;89;5.20;2;1;1;62;0;4407489;104;0
11;19;78;12;14;36;19;3.60;1;1;1;55;0;4407619;282;0
11;19;78;12;14;36;10;3.20;3;2;1;60;0;4407610;141;0
11;19;78;12;14;35;96;9.00;4;2;2;56;0;4407596;100;0
11;19;78;12;14;36;97;3.80;2;1;1;64;0;4407697;177;4407112
11;19;78;12;14;37;29;3.80;3;2;1;57;0;4407729;99;4407112
11;19;78;12;14;38;45;4.20;4;2;1;58;0;4407845;191;4407112
11;19;78;12;14;38;89;3.80;2;1;1;56;0;4407889;170;4407112
11;19;78;12;14;39;73;3.40;1;1;1;54;0;4407973;330;0
11;19;78;12;14;40;18;3.80;2;1;1;56;0;4408018;104;4407112
11;19;78;12;14;41;42;3.40;3;2;1;61;0;4408142;389;0
11;19;78;12;14;41;40;3.80;1;1;1;52;0;4408140;144;0
11;19;78;12;14;43;31;3.40;1;1;1;49;0;4408331;164;0
11;19;78;12;14;45;81;9.00;2;1;2;62;0;4408581;538;0
11;19;78;12;14;46;32;5.40;1;1;1;51;0;4408632;276;0
11;19;78;12;14;46;16;9.00;4;2;2;58;0;4408616;744;0
11;19;78;12;14;48;14;3.40;1;1;1;47;0;4408814;143;0
11;19;78;12;14;48;94;4.20;1;1;1;48;0;4408894;53;0
11;19;78;12;14;49;20;7.00;4;2;1;61;0;4408920;248;0
11;19;78;12;14;50;26;3.40;1;1;1;47;0;4409026;100;0
11;19;78;12;14;52;9;3.80;2;1;1;54;0;4409209;575;0
11;19;78;12;14;54;2;9.40;1;1;2;51;0;4409402;349;0
11;19;78;12;14;56;61;3.60;1;1;1;50;0;4409661;192;0
11;19;78;12;14;58;91;3.60;2;1;1;60;0;4409891;656;0
11;19;78;12;15;0;8;3.20;1;1;1;53;0;4410008;321;0
11;19;78;12;15;0;79;4.00;1;1;1;52;0;4410079;49;0
11;19;78;12;15;4;72;4.00;2;1;1;54;0;4410472;559;0
11;19;78;12;15;6;34;3.40;3;2;1;60;0;4410634;2471;0
11;19;78;12;15;8;77;3.40;4;2;1;61;0;4410877;1915;0
11;19;78;12;15;8;79;3.80;1;1;1;61;0;4410879;772;0
11;19;78;12;15;9;33;4.80;2;1;1;59;0;4410933;434;0
11;19;78;12;15;10;13;3.80;2;1;1;57;0;4411013;50;0
11;19;78;12;15;10;90;3.40;4;2;1;60;0;4411090;192;0
11;19;78;12;15;10;91;8.00;1;1;1;59;0;4411091;189;0
11;19;78;12;15;13;23;4.60;2;1;1;59;0;4411323;286;0
11;19;78;12;15;15;42;3.60;3;2;1;72;0;4411542;887;0
11;19;78;12;15;16;40;4.00;1;1;1;58;0;4411640;500;0
11;19;78;12;15;16;57;4.20;4;2;1;68;0;4411657;546;0
11;19;78;12;15;18;55;3.60;1;1;1;58;0;4411855;190;0
11;19;78;12;15;21;40;3.60;4;2;1;59;0;4412140;460;0
11;19;78;12;15;22;53;3.80;2;1;1;50;0;4412253;901;0
11;19;78;12;15;22;65;3.60;4;2;1;59;0;4412265;103;0
11;19;78;12;15;23;12;4.60;3;2;1;60;0;4412312;752;0
11;19;78;12;15;24;72;4.80;1;1;1;53;0;4412472;594;0
11;19;78;12;15;25;22;4.20;4;2;1;57;0;4412522;235;0
11;19;78;12;15;26;50;4.20;4;2;1;56;0;4412650;101;0
11;19;78;12;15;29;65;3.60;1;1;1;50;0;4412965;460;0
11;19;78;12;15;30;17;3.80;3;2;1;63;0;4413017;677;0
11;19;78;12;15;31;10;3.60;1;1;1;49;0;4413110;119;0
11;19;78;12;15;32;48;3.60;1;1;1;49;0;4413248;111;0
11;19;78;12;15;36;69;3.80;4;2;1;54;0;4413669;992;0
11;19;78;12;15;38;87;4.80;1;1;1;49;0;4413887;612;0
11;19;78;12;15;43;91;3.20;3;2;1;64;0;4414391;1352;0
11;19;78;12;15;45;81;4.00;4;2;1;61;0;4414581;886;0
11;19;78;12;15;45;81;3.20;3;2;0;61;1;4414581;172;0
11;19;78;12;15;47;94;3.60;3;2;1;61;0;4414794;385;0
11;19;78;12;15;47;98;11.20;4;2;3;48;0;4414798;193;0
11;19;78;12;15;51;77;4.00;3;2;1;61;0;4415177;361;0
11;19;78;12;15;52;71;3.40;4;2;1;54;0;4415271;389;0
11;19;78;12;15;53;68;4.80;1;1;1;60;0;4415368;1445;0
11;19;78;12;15;53;91;3.60;4;2;1;53;0;4415391;97;0
11;19;78;12;15;55;32;3.20;2;1;1;58;0;4415532;3251;0
11;19;78;12;15;55;93;4.20;4;2;1;55;0;4415593;177;0
11;19;78;12;15;56;32;3.20;2;1;1;56;0;4415632;80;0
11;19;78;12;15;57;75;3.40;4;2;1;55;0;4415775;154;0
11;19;78;12;15;58;77;3.60;3;2;1;53;0;4415877;676;0
11;19;78;12;15;58;83;6.20;4;2;1;55;0;4415883;85;4415271
11;19;78;12;15;59;37;3.40;2;1;1;61;0;4415937;284;0
11;19;78;12;15;59;74;6.20;3;2;1;50;0;4415974;72;0
11;19;78;12;16;0;8;5.00;4;2;1;53;0;4416008;84;4415271
11;19;78;12;16;0;37;3.40;1;1;1;56;0;4416037;640;0
11;19;78;12;16;1;7;4.60;3;2;1;51;0;4416107;88;0
11;19;78;12;16;1;38;3.60;4;2;1;55;0;4416138;96;4415271
11;19;78;12;16;1;39;12.00;2;1;7;56;0;4416139;181;4415271
11;19;78;12;16;2;25;4.00;3;2;1;53;0;4416225;85;4415271
11;19;78;12;16;2;93;5.80;2;1;1;57;0;4416293;76;4415271
11;19;78;12;16;3;61;3.80;3;2;1;53;0;4416361;108;4415877
11;19;78;12;16;4;85;4.00;2;1;1;53;0;4416485;155;4415877
11;19;78;12;16;4;95;4.00;3;2;1;51;0;4416495;108;4415877
11;19;78;12;16;5;33;3.40;4;2;1;57;0;4416533;371;0
11;19;78;12;16;5;82;5.00;3;2;1;51;0;4416582;58;4415877
11;19;78;12;16;6;16;4.20;2;1;1;55;0;4416616;103;4415937
11;19;78;12;16;7;1;3.80;3;2;1;49;0;4416701;83;4415877
11;19;78;12;16;7;31;6.20;1;1;2;57;0;4416731;672;0
11;19;78;12;16;7;97;4.00;4;2;1;54;0;4416797;242;0
11;19;78;12;16;7;91;10.00;2;1;2;56;0;4416791;147;4415937
11;19;78;12;16;8;26;3.80;3;2;1;51;0;4416826;97;4415877
11;19;78;12;16;9;62;4.80;2;1;1;56;0;4416962;106;4415937
11;19;78;12;16;10;22;3.00;4;2;1;54;0;4417022;198;4415937
11;19;78;12;16;10;35;3.20;3;2;1;56;0;4417035;182;4415877
11;19;78;12;16;10;77;4.60;2;1;1;56;0;4417077;84;4415937
11;19;78;12;16;11;59;3.80;1;1;1;52;0;4417159;388;0
11;19;78;12;16;12;79;3.20;3;2;1;59;0;4417279;223;0
11;19;78;12;16;13;44;3.20;4;2;1;56;0;4417344;302;0
11;19;78;12;16;13;75;3.40;1;1;1;50;0;4417375;189;0
11;19;78;12;16;13;99;3.80;3;2;1;59;0;4417399;100;0
11;19;78;12;16;13;91;7.20;2;1;2;52;0;4417391;284;0
11;19;78;12;16;14;65;3.80;4;2;1;55;0;4417465;100;0
11;19;78;12;16;14;79;3.60;1;1;1;48;0;4417479;79;0
11;19;78;12;16;15;19;4.40;2;1;1;50;0;4417519;78;0
11;19;78;12;16;16;75;3.60;2;1;1;48;0;4417675;124;0
11;19;78;12;16;16;92;3.60;4;2;1;56;0;4417692;202;0
11;19;78;12;16;16;97;3.60;1;1;1;50;0;4417697;191;0
11;19;78;12;16;17;82;3.80;2;1;1;48;0;4417782;80;0
11;19;78;12;16;20;13;3.80;1;1;1;49;0;4418013;290;0
11;19;78;12;16;21;46;4.20;2;1;1;61;0;4418146;335;0
11;19;78;12;16;22;37;4.00;1;1;1;52;0;4418237;196;0
11;19;78;12;16;26;37;3.60;1;1;1;56;0;4418637;372;0
11;19;78;12;16;28;61;3.60;2;1;1;59;0;4418861;690;0
11;19;78;12;16;33;8;3.60;1;1;1;56;0;4419308;647;0
11;19;78;12;16;38;95;4.60;1;1;1;54;0;4419895;563;0
11;19;78;12;16;39;92;3.20;3;2;1;62;0;4419992;2569;0
11;19;78;12;16;40;34;3.80;4;2;1;58;0;4420034;2318;0
11;19;78;12;16;40;67;4.00;2;1;1;55;0;4420067;1184;0
11;19;78;12;16;40;87;3.60;1;1;1;55;0;4420087;161;0
11;19;78;12;16;50;23;3.60;1;1;1;57;0;4421023;912;0
11;19;78;12;16;50;62;3.60;3;2;1;60;0;4421062;1051;0
11;19;78;12;16;52;53;3.20;1;1;1;60;0;4421253;207;0
11;19;78;12;16;52;72;3.60;4;2;1;58;0;4421272;1214;0
11;19;78;12;16;55;54;3.80;1;1;1;56;0;4421554;281;0
11;19;78;12;16;55;90;3.80;4;2;1;62;0;4421590;295;0
11;19;78;12;16;56;41;3.40;3;2;1;58;0;4421641;557;0
11;19;78;12;16;58;19;3.20;1;1;1;54;0;4421819;240;0
11;19;78;12;16;58;89;3.80;4;2;1;59;0;4421889;276;0
11;19;78;12;16;59;31;3.40;1;1;1;53;0;4421931;90;0
11;19;78;12;17;0;48;3.60;3;2;1;65;0;4422048;385;0
11;19;78;12;17;1;45;4.00;1;1;1;52;0;4422145;190;0
11;19;78;12;17;4;14;3.40;1;1;1;50;0;4422414;241;0
11;19;78;12;17;5;6;6.60;2;1;1;55;0;4422506;2412;0
11;19;78;12;17;9;16;3.60;1;1;1;56;0;4422916;477;0
11;19;78;12;17;10;86;4.60;1;1;1;52;0;4423086;146;0
11;19;78;12;17;11;25;5.60;3;2;1;51;0;4423125;1057;0
11;19;78;12;17;14;64;3.80;1;1;1;57;0;4423464;346;0
11;19;78;12;17;16;30;3.60;1;1;1;55;0;4423630;142;0
11;19;78;12;17;16;56;3.20;4;2;1;56;0;4423656;1743;0
11;19;78;12;17;18;1;4.00;2;1;1;60;0;4423801;1251;0
11;19;78;12;17;19;97;4.80;1;1;1;61;0;4423997;343;0
11;19;78;12;17;21;92;3.00;2;1;1;49;0;4424192;367;0
11;19;78;12;17;23;47;3.40;4;2;1;64;0;4424347;670;0
11;19;78;12;17;24;49;3.60;3;2;1;65;0;4424449;1284;0
11;19;78;12;17;25;92;3.80;3;2;1;66;0;4424592;123;0
11;19;78;12;17;27;18;3.40;3;2;1;69;0;4424718;105;0
11;19;78;12;17;27;61;14.40;4;2;3;56;0;4424761;394;0
11;19;78;12;17;30;16;3.80;4;2;1;57;0;4425016;162;0
11;19;78;12;17;30;23;3.60;2;1;1;52;0;4425023;808;0
11;19;78;12;17;31;2;5.00;3;2;1;61;0;4425102;366;0
11;19;78;12;17;32;42;3.40;3;2;1;59;0;4425242;110;0
11;19;78;12;17;32;73;6.60;4;2;2;58;0;4425273;233;0
11;19;78;12;17;34;41;3.60;4;2;1;59;0;4425441;127;0
11;19;78;12;17;35;77;3.60;3;2;1;58;0;4425577;314;0
11;19;78;12;17;37;19;3.40;3;2;1;60;0;4425719;119;0
11;19;78;12;17;39;10;9.80;4;2;2;60;0;4425910;447;0
11;19;78;12;17;40;21;3.80;1;1;1;56;0;4426021;1995;0
11;19;78;12;17;40;39;4.20;4;2;1;58;0;4426039;70;0
11;19;78;12;17;41;66;4.20;3;2;1;70;0;4426166;426;0
11;19;78;12;17;42;35;3.00;4;2;1;57;0;4426235;169;0
11;19;78;12;17;42;92;4.00;3;2;1;64;0;4426292;104;0
11;19;78;12;17;43;60;4.00;4;2;1;59;0;4426360;106;0
11;19;78;12;17;43;93;3.80;3;2;1;66;0;4426393;78;0
11;19;78;12;17;45;15;3.60;4;2;1;59;0;4426515;130;4425910
11;19;78;12;17;47;20;3.60;4;2;1;62;0;4426720;183;4425910
11;19;78;12;17;47;41;3.80;3;2;1;61;0;4426741;327;0
11;19;78;12;17;48;23;3.40;3;2;1;61;0;4426823;59;0
11;19;78;12;17;49;65;3.80;4;2;1;59;0;4426965;224;0
11;19;78;12;17;49;79;3.20;3;2;1;63;0;4426979;135;0
11;19;78;12;17;51;63;4.00;4;2;1;57;0;4427163;174;0
11;19;78;12;17;51;74;3.60;3;2;1;60;0;4427174;176;0
11;19;78;12;17;53;8;3.40;3;2;1;60;0;4427308;112;4426741
11;19;78;12;17;53;49;4.00;4;2;1;58;0;4427349;160;4426741
11;19;78;12;17;56;65;3.40;3;2;1;61;0;4427665;336;0
11;19;78;12;17;58;53;4.20;3;2;1;59;0;4427853;167;0
11;19;78;12;18;6;42;3.40;2;1;1;58;0;4428642;3594;0
11;19;78;12;18;6;78;3.80;1;1;1;60;0;4428678;2632;0
11;19;78;12;18;8;24;3.40;1;1;1;58;0;4428824;123;0
11;19;78;12;18;14;67;3.80;2;1;1;64;0;4429467;803;0
11;19;78;12;18;16;18;3.60;1;1;1;61;0;4429618;772;0
11;19;78;12;18;17;15;3.20;2;1;1;67;0;4429715;226;0
11;19;78;12;18;17;33;3.80;1;1;1;63;0;4429733;93;0
11;19;78;12;18;18;68;3.80;1;1;1;63;0;4429868;113;0
11;19;78;12;18;19;59;4.00;4;2;1;59;0;4429959;2585;0
11;19;78;12;18;20;10;3.60;2;1;1;61;0;4430010;277;0
11;19;78;12;18;21;3;3.60;1;1;1;60;0;4430103;213;0
11;19;78;12;18;20;97;3.80;2;1;1;60;0;4430097;65;0
11;19;78;12;18;22;66;3.60;2;1;1;56;0;4430266;146;0
11;19;78;12;18;22;98;3.60;1;1;1;57;0;4430298;173;0
11;19;78;12;18;25;99;3.60;2;1;1;50;0;4430599;309;0
11;19;78;12;18;27;56;3.40;2;1;1;52;0;4430756;131;0
11;19;78;12;18;28;63;5.60;1;1;1;54;0;4430863;542;0
11;19;78;12;18;30;16;3.60;2;1;1;54;0;4431016;236;0
11;19;78;12;18;31;97;3.40;2;1;1;50;0;4431197;157;0
11;19;78;12;18;33;9;4.40;2;1;1;51;0;4431309;87;0
11;19;78;12;18;33;65;3.80;4;2;1;60;0;4431365;1381;0
11;19;78;12;18;34;15;11.40;1;1;3;53;0;4431415;514;0
11;19;78;12;18;35;9;4.00;2;1;1;54;0;4431509;168;0
11;19;78;12;18;36;51;4.80;1;1;1;51;0;4431651;158;0
11;19;78;12;18;36;94;3.40;2;1;1;51;0;4431694;158;4431016
11;19;78;12;18;37;56;4.80;1;1;1;50;0;4431756;71;4431016
11;19;78;12;18;38;30;3.60;2;1;1;54;0;4431830;112;4431016
11;19;78;12;18;38;50;4.80;1;1;1;52;0;4431850;59;4431016
11;19;78;12;18;39;77;3.80;1;1;1;59;0;4431977;93;4431415
11;19;78;12;18;41;4;3.20;1;1;1;50;0;4432104;103;4431415
11;19;78;12;18;41;54;12.20;4;2;3;60;0;4432154;766;0
11;19;78;12;18;43;84;3.40;1;1;1;50;0;4432384;256;0
11;19;78;12;18;46;62;3.40;1;1;1;47;0;4432662;253;0
11;19;78;12;18;47;22;3.60;2;1;1;52;0;4432722;868;0
11;19;78;12;18;48;17;3.40;1;1;1;46;0;4432817;128;0
11;19;78;12;18;50;0;3.60;1;1;1;44;0;4433000;156;0
11;19;78;12;18;51;85;3.80;1;1;1;46;0;4433185;155;0
11;19;78;12;18;52;13;3.60;2;1;1;54;0;4433213;466;0
11;19;78;12;18;54;77;3.40;2;1;1;57;0;4433477;240;0
11;19;78;12;18;54;87;3.80;1;1;1;51;0;4433487;272;0
11;19;78;12;18;56;57;3.60;2;1;1;56;0;4433657;158;0
11;19;78;12;18;56;96;3.80;1;1;1;50;0;4433696;182;0
11;19;78;12;19;0;45;3.40;1;1;1;50;0;4434045;321;0
11;19;78;12;19;0;82;3.80;2;1;1;61;0;4434082;401;0
11;19;78;12;19;2;37;3.80;2;1;1;59;0;4434237;132;0
11;19;78;12;19;2;66;3.40;1;1;1;47;0;4434266;196;0
11;19;78;12;19;5;32;2.80;1;1;1;42;0;4434532;239;0
11;19;78;12;19;5;99;3.60;3;2;1;61;0;4434599;6720;0
11;19;78;12;19;6;46;3.20;2;1;1;61;0;4434646;385;0
11;19;78;12;19;6;65;3.80;1;1;1;43;0;4434665;109;0
11;19;78;12;19;7;64;7.00;1;1;1;43;0;4434764;67;0
11;19;78;12;19;8;58;9.80;2;1;2;55;0;4434858;193;0
11;19;78;12;19;10;4;3.40;1;1;1;41;0;4435004;181;0
11;19;78;12;19;10;19;4.20;4;2;1;58;0;4435019;2791;0
11;19;78;12;19;10;49;4.00;3;2;1;65;0;4435049;428;0
11;19;78;12;19;12;6;3.20;4;2;1;57;0;4435206;160;0
11;19;78;12;19;11;53;9.20;1;1;2;41;0;4435153;119;4434532
11;19;78;12;19;12;75;3.80;3;2;1;62;0;4435275;203;0
11;19;78;12;19;13;14;3.60;4;2;1;58;0;4435314;87;0
11;19;78;12;19;14;51;3.60;3;2;1;63;0;4435451;153;0
11;19;78;12;19;14;41;3.60;4;2;1;58;0;4435441;104;0
11;19;78;12;19;15;39;3.60;4;2;1;58;0;4435539;75;4435019
11;19;78;12;19;15;60;3.60;1;1;1;51;0;4435560;326;0
11;19;78;12;19;16;63;3.80;4;2;1;59;0;4435663;101;4435019
11;19;78;12;19;17;55;4.00;3;2;1;57;0;4435755;283;0
11;19;78;12;19;17;58;5.00;4;2;1;54;0;4435758;71;4435019
11;19;78;12;19;18;77;3.40;3;2;1;57;0;4435877;96;4435019
11;19;78;12;19;19;48;3.00;4;2;1;55;0;4435948;156;4435019
11;19;78;12;19;20;72;3.20;3;2;1;57;0;4436072;173;4435019
11;19;78;12;19;21;62;3.40;4;2;1;57;0;4436162;194;4435019
11;19;78;12;19;22;49;5.00;3;2;1;60;0;4436249;156;4435019
11;19;78;12;19;25;59;3.60;4;2;1;51;0;4436559;375;0
11;19;78;12;19;25;98;6.40;3;2;1;55;0;4436598;319;0
11;19;78;12;19;26;49;3.40;4;2;1;52;0;4436649;64;0
11;19;78;12;19;27;46;3.60;3;2;1;55;0;4436746;106;0
11;19;78;12;19;27;38;3.00;4;2;1;51;0;4436738;65;0
11;19;78;12;19;28;55;8.20;4;2;2;56;0;4436855;95;0
11;19;78;12;19;28;98;4.60;3;2;1;58;0;4436898;128;0
11;19;78;12;19;30;29;3.80;3;2;1;58;0;4437029;102;0
11;19;78;12;19;31;10;3.80;3;2;1;58;0;4437110;57;4436598
11;19;78;12;19;31;9;6.20;4;2;1;56;0;4437109;201;0
11;19;78;12;19;32;6;3.00;3;2;1;56;0;4437206;72;4436598
11;19;78;12;19;32;44;3.40;4;2;1;56;0;4437244;95;4436598
11;19;78;12;19;34;16;3.60;3;2;1;60;0;4437416;190;4436598
11;19;78;12;19;41;4;3.40;1;1;1;56;0;4438104;2518;0
11;19;78;12;19;46;62;3.20;1;1;1;53;0;4438662;536;0
11;19;78;12;19;47;31;3.40;1;1;1;51;0;4438731;47;0
11;19;78;12;19;47;85;3.00;2;1;1;54;0;4438785;3862;0
11;19;78;12;19;49;45;4.40;2;1;1;55;0;4438945;140;0
11;19;78;12;19;49;89;6.60;1;1;1;53;0;4438989;234;0
11;19;78;12;19;51;1;6.80;1;1;1;51;0;4439101;67;0
11;19;78;12;19;53;28;3.20;1;1;1;54;0;4439328;179;0
11;19;78;12;19;54;47;4.20;2;1;1;57;0;4439447;473;0
11;19;78;12;19;56;20;3.60;1;1;1;51;0;4439620;270;0
11;19;78;12;19;57;86;3.60;1;1;1;52;0;4439786;140;0
11;19;78;12;19;58;81;3.40;4;2;1;59;0;4439881;2615;0
11;19;78;12;19;59;1;3.80;1;1;1;51;0;4439901;90;0
11;19;78;12;20;1;8;4.00;1;1;1;53;0;4440108;180;0
11;19;78;12;20;3;8;4.00;1;1;1;53;0;4440308;172;4439620
11;19;78;12;20;5;2;3.80;1;1;1;51;0;4440502;166;4439620
11;19;78;12;20;6;63;8.00;1;1;2;54;0;4440663;134;4439620
11;19;78;12;20;10;22;3.80;1;1;1;55;0;4441022;305;0
11;19;78;12;20;11;38;3.20;2;1;1;55;0;4441138;1664;0
11;19;78;12;20;12;51;3.80;2;1;1;56;0;4441251;92;0
11;19;78;12;20;12;83;3.40;1;1;1;55;0;4441283;236;0
11;19;78;12;20;14;61;3.60;4;2;1;62;0;4441461;1559;0
11;19;78;12;20;14;80;4.60;2;1;1;60;0;4441480;204;0
11;19;78;12;20;16;22;3.60;1;1;1;56;0;4441622;316;0
11;19;78;12;20;16;47;3.80;4;2;1;64;0;4441647;165;0
11;19;78;12;20;17;21;5.20;1;1;1;56;0;4441721;75;0
11;19;78;12;20;17;38;4.40;2;1;1;63;0;4441738;230;0
11;19;78;12;20;18;60;3.80;2;1;1;62;0;4441860;96;0
11;19;78;12;20;18;96;4.80;1;1;1;55;0;4441896;141;0
11;19;78;12;20;20;2;3.40;1;1;1;55;0;4442002;74;0
11;19;78;12;20;24;33;4.60;4;2;1;56;0;4442433;764;0
11;19;78;12;20;24;71;4.00;3;2;1;51;0;4442471;5033;0
11;19;78;12;20;26;14;3.60;3;2;1;53;0;4442614;114;0
11;19;78;12;20;26;33;4.60;4;2;1;54;0;4442633;170;0
11;19;78;12;20;27;61;3.20;1;1;1;54;0;4442761;736;0
11;19;78;12;20;28;45;4.00;1;1;1;54;0;4442845;62;0
11;19;78;12;20;29;24;4.60;4;2;1;58;0;4442924;260;0
11;19;78;12;20;30;29;3.60;1;1;1;55;0;4443029;157;0
11;19;78;12;20;31;12;3.80;1;1;1;54;0;4443112;59;0
11;19;78;12;20;31;43;4.60;3;2;1;54;0;4443143;504;0
11;19;78;12;20;33;21;3.40;3;2;1;53;0;4443321;147;0
11;19;78;12;20;33;72;3.60;1;1;1;53;0;4443372;234;0
11;19;78;12;20;35;0;3.60;1;1;1;53;0;4443500;103;0
11;19;78;12;20;35;32;3.80;3;2;1;52;0;4443532;187;0
11;19;78;12;20;36;17;3.00;1;1;1;54;0;4443617;92;0
11;19;78;12;20;37;37;10.40;1;1;2;53;0;4443737;100;0
11;19;78;12;20;39;40;3.80;2;1;1;58;0;4443940;2057;0
11;19;78;12;20;39;55;3.00;1;1;1;56;0;4443955;147;4443372
11;19;78;12;20;40;41;4.00;2;1;1;59;0;4444041;77;4443372
11;19;78;12;20;41;71;3.60;1;1;1;61;0;4444171;196;4443372
11;19;78;12;20;46;82;4.40;4;2;1;59;0;4444682;1729;0
11;19;78;12;20;46;79;5.20;1;1;1;53;0;4444679;486;0
11;19;78;12;20;50;20;3.40;4;2;1;58;0;4445020;311;0
11;19;78;12;20;50;73;4.40;3;2;1;58;0;4445073;1514;0
11;19;78;12;20;52;7;3.00;1;1;1;51;0;4445207;492;0
11;19;78;12;20;53;83;6.20;1;1;1;52;0;4445383;154;0
11;19;78;12;20;54;15;3.00;2;1;1;53;0;4445415;1349;0
11;19;78;12;20;54;25;3.40;4;2;1;55;0;4445425;383;0
11;19;78;12;20;56;50;4.80;3;2;1;60;0;4445650;549;0
11;19;78;12;20;59;76;3.20;3;2;1;59;0;4445976;297;0
11;19;78;12;21;1;13;3.60;3;2;1;65;0;4446113;117;0
11;19;78;12;21;2;79;3.80;3;2;1;59;0;4446279;146;0
11;19;78;12;21;3;40;3.00;4;2;1;50;0;4446340;892;0
11;19;78;12;21;4;12;3.40;4;2;1;51;0;4446412;50;0
11;19;78;12;21;4;60;3.20;3;2;1;60;0;4446460;157;0
11;19;78;12;21;6;15;3.40;4;2;1;52;0;4446615;179;0
11;19;78;12;21;7;56;3.20;4;2;1;53;0;4446756;117;0
11;19;78;12;21;9;41;3.40;4;2;1;53;0;4446941;163;4446340
11;19;78;12;21;10;76;7.00;4;2;1;51;0;4447076;111;4446340
11;19;78;12;21;11;87;3.00;2;1;1;57;0;4447187;1751;0
11;19;78;12;21;12;44;5.00;4;2;1;50;0;4447244;118;4446340
11;19;78;12;21;13;89;6.20;4;2;1;50;0;4447389;109;4446340
11;19;78;12;21;15;57;3.80;4;2;1;53;0;4447557;123;4446340
11;19;78;12;21;15;74;3.60;3;2;1;54;0;4447574;1094;0
11;19;78;12;21;16;77;3.60;4;2;1;53;0;4447677;94;4446340
11;19;78;12;21;17;2;4.00;3;2;1;51;0;4447702;104;4446340
11;19;78;12;21;17;76;6.20;4;2;1;53;0;4447776;74;4446340
11;19;78;12;21;17;97;4.80;3;2;1;52;0;4447797;66;4446340
11;19;78;12;21;19;45;3.80;3;2;1;51;0;4447945;114;4446340
11;19;78;12;21;19;68;3.60;4;2;1;52;0;4447968;149;4446340
11;19;78;12;21;20;2;5.00;1;1;1;58;0;4448002;2576;0
11;19;78;12;21;20;16;4.00;2;1;1;59;0;4448016;810;0
11;19;78;12;21;21;29;3.40;4;2;1;53;0;4448129;136;4446340
11;19;78;12;21;21;38;3.00;3;2;1;52;0;4448138;166;4447574
11;19;78;12;21;22;41;6.00;4;2;1;54;0;4448241;88;4446340
11;19;78;12;21;22;78;3.60;2;1;1;60;0;4448278;237;0
11;19;78;12;21;23;26;4.00;1;1;1;53;0;4448326;292;0
11;19;78;12;21;23;39;3.20;3;2;1;52;0;4448339;180;4447574
11;19;78;12;21;25;22;3.40;2;1;1;55;0;4448522;222;0
11;19;78;12;21;28;98;5.00;2;1;1;60;0;4448898;353;0
11;19;78;12;21;30;5;3.60;1;1;1;52;0;4449005;651;0
11;19;78;12;21;30;57;9.80;2;1;6;57;0;4449057;129;0
11;19;78;12;21;32;17;3.60;1;1;1;57;0;4449217;187;0
11;19;78;12;21;32;26;4.00;2;1;1;58;0;4449226;107;0
11;19;78;12;21;33;58;4.20;1;1;1;57;0;4449358;118;0
11;19;78;12;21;34;27;4.00;2;1;1;56;0;4449427;176;0
11;19;78;12;21;36;10;3.20;2;1;1;53;0;4449610;157;4448898
11;19;78;12;21;37;2;3.40;1;1;1;57;0;4449702;317;0
11;19;78;12;21;38;43;3.80;1;1;1;55;0;4449843;119;0
11;19;78;12;21;41;0;3.80;1;1;1;56;0;4450100;232;0
11;19;78;12;21;43;30;3.20;4;2;1;52;0;4450330;2049;0
11;19;78;12;21;44;56;3.80;1;1;1;58;0;4450456;331;0
11;19;78;12;21;47;14;3.40;2;1;1;57;0;4450714;1082;0
11;19;78;12;21;48;47;3.20;1;1;1;55;0;4450847;367;0
11;19;78;12;21;51;23;3.60;1;1;1;59;0;4451123;255;0
11;19;78;12;21;52;45;3.40;2;1;1;56;0;4451245;509;0
11;19;78;12;21;53;0;3.60;3;2;1;63;0;4451300;2938;0
11;19;78;12;21;53;75;3.80;1;1;1;62;0;4451375;230;0
11;19;78;12;21;53;95;4.00;4;2;1;60;0;4451395;1042;0
11;19;78;12;21;55;7;3.60;3;2;1;62;0;4451507;186;0
11;19;78;12;21;55;36;3.20;4;2;1;56;0;4451536;117;0
11;19;78;12;21;57;62;3.80;3;2;1;61;0;4451762;234;0
11;19;78;12;21;58;12;3.60;4;2;1;62;0;4451812;255;0
11;19;78;12;22;0;48;3.20;1;1;1;55;0;4452048;650;0
11;19;78;12;22;0;47;4.60;4;2;1;54;0;4452047;214;0
11;19;78;12;22;1;64;3.40;2;1;1;51;0;4452164;897;0
11;19;78;12;22;3;4;3.60;4;2;1;53;0;4452304;226;0
11;19;78;12;22;3;38;3.40;2;1;1;49;0;4452338;150;0
11;19;78;12;22;4;1;4.00;1;1;1;54;0;4452401;332;0
11;19;78;12;22;6;68;3.80;1;1;1;61;0;4452668;240;0
11;19;78;12;22;9;41;3.40;4;2;1;61;0;4452941;612;0
11;19;78;12;22;9;44;3.80;2;1;1;56;0;4452944;581;0
11;19;78;12;22;15;7;3.40;1;1;1;56;0;4453507;816;0
11;19;78;12;22;25;41;3.20;3;2;1;69;0;4454541;2756;0
11;19;78;12;22;25;70;3.40;4;2;1;60;0;4454570;1608;0
11;19;78;12;22;26;13;3.20;1;1;1;61;0;4454613;1084;0
11;19;78;12;22;26;80;3.80;3;2;1;65;0;4454680;122;0
11;19;78;12;22;27;4;3.60;4;2;1;61;0;4454704;113;0
11;19;78;12;22;28;0;3.80;3;2;1;64;0;4454800;98;0
11;19;78;12;22;30;87;3.40;4;2;1;61;0;4455087;361;0
11;19;78;12;22;32;17;3.60;4;2;1;59;0;4455217;109;0
11;19;78;12;22;32;26;3.00;3;2;1;65;0;4455226;404;0
11;19;78;12;22;33;47;3.60;4;2;1;63;0;4455347;108;0
11;19;78;12;22;33;64;3.60;3;2;1;63;0;4455364;121;0
11;19;78;12;22;34;50;6.00;4;2;1;64;0;4455450;82;0
11;19;78;12;22;36;1;3.20;3;2;1;62;0;4455601;216;0
11;19;78;12;22;37;79;3.80;1;1;1;62;0;4455779;1147;0
11;19;78;12;22;37;84;3.60;3;2;1;63;0;4455784;164;0
11;19;78;12;22;38;43;15.40;4;2;4;65;0;4455843;359;0
11;19;78;12;22;39;46;3.80;1;1;1;56;0;4455946;144;0
11;19;78;12;22;41;27;3.60;1;1;1;57;0;4456127;156;0
11;19;78;12;22;41;92;3.00;4;2;1;55;0;4456192;263;0
11;19;78;12;22;42;34;3.60;3;2;1;66;0;4456234;429;0
11;19;78;12;22;43;63;4.00;3;2;1;66;0;4456363;109;0
11;19;78;12;22;44;31;9.00;4;2;2;62;0;4456431;219;0
11;19;78;12;22;45;92;3.60;1;1;1;49;0;4456592;442;0
11;19;78;12;22;46;16;3.80;4;2;1;58;0;4456616;132;0
11;19;78;12;22;47;14;8.60;3;2;2;68;0;4456714;329;0
11;19;78;12;22;48;91;3.60;4;2;1;55;0;4456891;251;0
11;19;78;12;22;50;17;3.00;4;2;1;57;0;4457017;102;0
11;19;78;12;22;50;68;3.60;3;2;1;60;0;4457068;308;0
11;19;78;12;22;53;53;3.60;3;2;1;63;0;4457353;263;0
11;19;78;12;22;54;41;4.00;3;2;1;64;0;4457441;67;0
11;19;78;12;22;55;46;3.60;4;2;1;56;0;4457546;510;0
11;19;78;12;22;55;70;3.80;3;2;1;63;0;4457570;106;0
11;19;78;12;22;58;25;4.00;4;2;1;55;0;4457825;255;0
11;19;78;12;23;0;64;3.40;4;2;1;54;0;4458064;212;0
11;19;78;12;23;2;76;3.20;4;2;1;53;0;4458276;189;0
11;19;78;12;23;3;69;3.60;1;1;1;54;0;4458369;1750;0
11;19;78;12;23;4;70;4.00;4;2;1;53;0;4458470;172;0
11;19;78;12;23;9;63;3.00;2;1;1;59;0;4458963;5994;0
11;19;78;12;23;11;6;3.40;1;1;1;55;0;4459106;713;0
11;19;78;12;23;12;18;3.60;2;1;1;59;0;4459218;236;0
11;19;78;12;23;13;61;4.00;2;1;1;58;0;4459361;121;0
11;19;78;12;23;14;20;4.20;1;1;1;58;0;4459420;291;0
11;19;78;12;23;15;41;3.20;1;1;1;56;0;4459541;94;0
11;19;78;12;23;16;34;3.80;2;1;1;59;0;4459634;248;0
11;19;78;12;23;16;74;5.00;4;2;1;61;0;4459674;1176;0
11;19;78;12;23;18;77;3.20;4;2;1;59;0;4459877;173;0
11;19;78;12;23;20;82;3.60;1;1;1;56;0;4460082;520;0
11;19;78;12;23;21;7;3.20;2;1;1;55;0;4460107;449;0
11;19;78;12;23;22;34;4.00;2;1;1;53;0;4460234;106;0
11;19;78;12;23;22;77;3.40;1;1;1;58;0;4460277;171;0
11;19;78;12;23;23;24;3.40;4;2;1;58;0;4460324;427;0
11;19;78;12;23;23;93;2.80;1;1;1;57;0;4460393;94;0
11;19;78;12;23;25;60;3.00;1;1;1;53;0;4460560;149;0
11;19;78;12;23;26;91;3.80;1;1;1;50;0;4460691;110;4460082
11;19;78;12;23;27;81;4.40;1;1;1;49;0;4460781;62;4460082
11;19;78;12;23;28;41;3.60;2;1;1;56;0;4460841;579;0
11;19;78;12;23;29;63;3.60;3;2;1;70;0;4460963;3371;0
11;19;78;12;23;31;18;3.20;1;1;1;52;0;4461118;304;0
11;19;78;12;23;33;50;3.60;1;1;1;52;0;4461350;209;0
11;19;78;12;23;35;55;3.40;3;2;1;62;0;4461555;573;0
11;19;78;12;23;35;57;3.40;1;1;1;52;0;4461557;182;0
11;19;78;12;23;35;95;3.40;4;2;1;60;0;4461595;1249;0
11;19;78;12;23;36;75;6.00;4;2;1;59;0;4461675;59;0
11;19;78;12;23;37;12;3.60;3;2;1;65;0;4461712;137;0
11;19;78;12;23;37;28;3.80;2;1;1;59;0;4461728;863;0
11;19;78;12;23;38;27;3.80;1;1;1;54;0;4461827;246;0
11;19;78;12;23;39;11;3.40;4;2;1;58;0;4461911;199;0
11;19;78;12;23;40;25;3.60;4;2;1;55;0;4462025;92;0
11;19;78;12;23;40;58;3.00;1;1;1;53;0;4462058;205;0
11;19;78;12;23;43;13;5.00;1;1;1;52;0;4462313;234;0
11;19;78;12;23;45;36;3.40;1;1;1;51;0;4462536;188;0
11;19;78;12;23;46;72;5.00;2;1;1;59;0;4462672;920;0
11;19;78;12;23;47;41;3.40;1;1;1;48;0;4462741;181;0
11;19;78;12;23;48;72;3.20;1;1;1;48;0;4462872;105;0
11;19;78;12;23;51;15;4.60;1;1;1;49;0;4463115;219;0
11;19;78;12;23;52;99;5.80;1;1;1;52;0;4463299;150;0
11;19;78;12;23;56;76;3.20;4;2;1;60;0;4463676;1627;0
11;19;78;12;24;2;88;3.40;1;1;1;51;0;4464288;948;0
11;19;78;12;24;6;56;3.00;2;1;1;55;0;4464656;1953;0
11;19;78;12;24;6;92;3.20;4;2;1;58;0;4464692;996;0
11;19;78;12;24;7;64;3.80;4;2;1;56;0;4464764;52;0
11;19;78;12;24;10;46;3.60;4;2;1;60;0;4465046;257;0
11;19;78;12;24;12;8;3.80;4;2;1;56;0;4465208;140;0
11;19;78;12;24;12;30;5.80;1;1;1;104;0;4465230;918;0
11;19;78;12;24;11;33;2.20;3;1;1;10;0;4465133;1369710;0
11;19;78;12;24;13;43;7.80;4;2;1;56;0;4465343;110;0
11;19;78;12;24;13;69;1.80;3;1;1;27;0;4465369;156;0
11;19;78;12;24;14;98;3.60;4;2;1;58;0;4465498;104;0
11;19;78;12;24;16;34;4.00;3;2;1;54;0;4465634;3902;0
11;19;78;12;24;16;72;4.60;4;2;1;60;0;4465672;151;4465046
11;19;78;12;24;17;87;3.80;3;2;1;56;0;4465787;126;4465046
11;19;78;12;24;19;0;3.40;3;2;1;54;0;4465900;88;4465046
11;19;78;12;24;19;8;3.20;4;2;1;61;0;4465908;208;0
11;19;78;12;24;20;14;4.00;3;2;1;55;0;4466014;91;0
11;19;78;12;24;21;60;7.80;4;2;2;57;0;4466160;233;0
11;19;78;12;24;22;35;3.60;3;2;1;59;0;4466235;194;4465634
11;19;78;12;24;23;42;3.60;4;2;1;57;0;4466342;132;4465634
11;19;78;12;24;25;15;3.20;3;2;1;59;0;4466515;258;0
11;19;78;12;24;25;18;3.20;4;2;1;56;0;4466518;153;0
11;19;78;12;24;26;98;4.20;4;2;1;55;0;4466698;159;0
11;19;78;12;24;27;64;3.80;1;1;1;61;0;4466764;1513;0
11;19;78;12;24;28;16;4.20;3;2;1;60;0;4466816;281;0
11;19;78;12;24;28;39;5.00;4;2;1;55;0;4466839;113;4466160
11;19;78;12;24;29;26;3.80;3;2;1;59;0;4466926;84;4466160
11;19;78;12;24;29;78;6.80;4;2;1;56;0;4466978;106;4466160
11;19;78;12;24;30;57;3.40;3;2;1;58;0;4467057;107;4466160
11;19;78;12;24;31;63;5.40;4;2;1;52;0;4467163;141;4466160
11;19;78;12;24;32;49;5.60;3;2;1;58;0;4467249;170;4466160
11;19;78;12;24;33;9;3.40;4;2;1;53;0;4467309;108;4466160
11;19;78;12;24;40;17;3.40;1;1;1;59;0;4468017;1230;0
11;19;78;12;24;41;20;3.80;1;1;1;59;0;4468120;82;0
11;19;78;12;24;42;50;3.80;1;1;1;59;0;4468250;106;0
11;19;78;12;24;44;34;3.80;1;1;1;61;0;4468434;160;0
11;19;78;12;24;45;5;3.40;2;1;1;50;0;4468505;3829;0
11;19;78;12;24;45;58;3.60;1;1;1;62;0;4468558;101;4468017
11;19;78;12;24;46;12;3.80;2;1;1;51;0;4468612;82;4468017
11;19;78;12;24;47;2;3.80;2;1;1;51;0;4468702;63;4468017
11;19;78;12;24;48;35;3.40;2;1;1;51;0;4468835;106;4468017
11;19;78;12;24;48;85;4.00;1;1;1;54;0;4468885;306;0
11;19;78;12;24;49;42;3.20;4;2;1;60;0;4468942;1609;0
11;19;78;12;24;51;8;5.00;2;1;1;58;0;4469108;249;0
11;19;78;12;24;51;74;4.40;1;1;1;59;0;4469174;262;0
11;19;78;12;24;52;79;4.80;1;1;1;57;0;4469279;78;0
11;19;78;12;24;54;1;4.00;1;1;1;59;0;4469401;91;0
11;19;78;12;24;56;57;4.00;1;1;1;60;0;4469657;231;0
11;19;78;12;24;57;25;3.40;4;2;1;61;0;4469725;763;0
11;19;78;12;24;57;78;4.20;2;1;1;61;0;4469778;638;0
11;19;78;12;24;57;79;8.20;1;1;2;60;0;4469779;98;0
11;19;78;12;24;58;67;4.60;3;2;1;58;0;4469867;2583;0
11;19;78;12;24;58;92;4.00;2;1;1;61;0;4469892;89;0
11;19;78;12;24;58;99;3.00;4;2;1;63;0;4469899;153;0
11;19;78;12;25;2;98;3.20;4;2;1;60;0;4470298;381;0
11;19;78;12;25;5;92;3.60;2;1;1;69;0;4470592;676;0
11;19;78;12;25;7;63;3.80;1;1;1;58;0;4470763;934;0
11;19;78;12;25;11;0;13.20;1;1;3;41;0;4471100;313;0
11;19;78;12;25;17;41;3.40;3;2;1;61;0;4471741;1845;0
11;19;78;12;25;18;48;4.00;3;2;1;63;0;4471848;86;0
11;19;78;12;25;19;13;7.80;4;2;2;62;0;4471913;1595;0
11;19;78;12;25;19;79;3.20;3;2;1;60;0;4471979;108;0
11;19;78;12;25;20;82;3.00;4;2;1;61;0;4472082;123;0
11;19;78;12;25;21;83;3.40;2;1;1;59;0;4472183;1572;0
11;19;78;12;25;26;2;3.20;4;2;1;62;0;4472602;502;0
11;19;78;12;25;29;74;3.60;1;1;1;52;0;4472974;1758;0
11;19;78;12;25;33;95;3.80;4;2;1;47;0;4473395;774;0
11;19;78;12;25;35;11;4.00;4;2;1;48;0;4473511;86;0
11;19;78;12;25;38;58;4.20;3;2;1;72;0;4473858;1859;0
11;19;78;12;25;39;97;3.60;1;1;1;58;0;4473997;998;0
11;19;78;12;25;40;41;4.20;3;2;1;64;0;4474041;162;0
11;19;78;12;25;41;70;3.40;3;2;1;63;0;4474170;105;0
11;19;78;12;25;41;82;3.40;4;2;1;56;0;4474182;641;0
11;19;78;12;25;42;93;4.60;1;1;1;55;0;4474293;273;0
11;19;78;12;25;43;71;3.80;4;2;1;59;0;4474371;167;0
11;19;78;12;25;45;86;4.00;3;2;1;65;0;4474586;396;0
11;19;78;12;25;46;18;3.20;1;1;1;53;0;4474618;294;0
11;19;78;12;25;46;66;3.60;4;2;1;62;0;4474666;271;0
11;19;78;12;25;47;57;3.40;1;1;1;54;0;4474757;117;0
11;19;78;12;25;47;67;7.20;3;2;2;66;0;4474767;158;0
11;19;78;12;25;48;83;3.80;1;1;1;51;0;4474883;103;0
11;19;78;12;25;50;16;3.60;1;1;1;51;0;4475016;106;0
11;19;78;12;25;51;34;3.20;1;1;1;52;0;4475134;92;4474618
11;19;78;12;25;51;95;3.60;2;1;1;62;0;4475195;2991;0
11;19;78;12;25;52;76;3.60;1;1;1;51;0;4475276;119;4474618
11;19;78;12;25;54;31;3.40;3;2;1;59;0;4475431;624;0
11;19;78;12;25;54;27;4.60;2;1;1;59;0;4475427;211;0
11;19;78;12;25;54;74;5.20;4;2;1;68;0;4475474;787;0
11;19;78;12;25;54;66;3.20;1;1;1;45;0;4475466;164;4474618
11;19;78;12;25;55;38;3.60;2;1;1;60;0;4475538;82;4474618
11;19;78;12;25;55;46;3.40;3;2;1;63;0;4475546;94;4474618
11;19;78;12;25;56;1;3.80;1;1;1;43;0;4475601;109;4474618
11;19;78;12;25;57;48;3.80;3;2;1;60;0;4475748;182;4474618
11;19;78;12;25;57;47;4.00;1;1;1;44;0;4475747;114;4474618
11;19;78;12;25;59;10;3.20;3;2;1;65;0;4475910;139;4474618
11;19;78;12;25;59;80;3.40;2;1;1;55;0;4475980;420;0
11;19;78;12;26;0;43;4.00;3;2;1;63;0;4476043;115;4475431
11;19;78;12;26;1;38;3.80;3;2;1;64;0;4476138;72;4475431
11;19;78;12;26;2;92;3.80;1;1;1;53;0;4476292;512;0
11;19;78;12;26;2;36;12.40;4;2;3;48;0;4476236;734;0
11;19;78;12;26;3;59;4.40;3;2;1;65;0;4476359;199;4475431
11;19;78;12;26;4;72;3.40;4;2;1;47;0;4476472;143;4475431
11;19;78;12;26;6;36;9.60;4;2;6;48;0;4476636;137;4475431
11;19;78;12;26;7;79;3.40;3;2;1;58;0;4476779;395;0
11;19;78;12;26;7;91;8.20;4;2;6;50;0;4476791;83;0
11;19;78;12;26;9;59;4.60;4;2;1;51;0;4476959;108;4476236
11;19;78;12;26;10;90;3.60;3;2;1;55;0;4477090;289;0
11;19;78;12;26;11;34;4.00;4;2;1;54;0;4477134;142;4476236
11;19;78;12;26;11;86;3.00;3;2;1;56;0;4477186;72;4476236
11;19;78;12;26;13;23;4.60;3;2;1;55;0;4477323;117;4476236
11;19;78;12;26;14;25;3.60;3;2;1;55;0;4477425;71;4476236
11;19;78;12;26;14;79;6.00;4;2;1;51;0;4477479;318;0
11;19;78;12;26;16;15;3.60;4;2;1;49;0;4477615;93;0
11;19;78;12;26;16;83;3.60;3;2;1;56;0;4477683;234;0
11;19;78;12;26;17;27;3.60;4;2;1;49;0;4477727;85;0
11;19;78;12;26;18;38;3.40;1;1;1;54;0;4477838;1520;0
11;19;78;12;26;18;69;3.20;3;2;1;56;0;4477869;162;0
11;19;78;12;26;19;35;3.60;4;2;1;51;0;4477935;181;0
11;19;78;12;26;21;35;3.60;4;2;1;49;0;4478135;174;4477479
11;19;78;12;26;35;47;3.40;1;1;1;57;0;4479547;1686;0
11;19;78;12;26;37;92;3.80;1;1;1;57;0;4479792;223;0
11;19;78;12;26;39;72;3.60;3;2;1;60;0;4479972;2082;0
11;19;78;12;26;44;23;3.60;4;2;1;61;0;4480423;2261;0
11;19;78;12;26;45;0;3.60;2;1;1;62;0;4480500;4497;0
11;19;78;12;26;45;51;3.60;3;2;1;60;0;4480551;557;0
11;19;78;12;26;47;78;3.60;2;1;1;61;0;4480778;257;0
11;19;78;12;26;48;11;3.80;1;1;1;59;0;4480811;995;0
11;19;78;12;26;49;93;4.00;2;1;1;63;0;4480993;193;0
11;19;78;12;26;52;77;3.60;4;2;1;65;0;4481277;832;0
11;19;78;12;26;53;56;3.60;1;1;1;60;0;4481356;521;0
11;19;78;12;26;56;23;3.00;1;1;1;51;0;4481623;245;0
11;19;78;12;26;56;71;3.40;2;1;1;53;0;4481671;655;0
11;19;78;12;26;57;68;3.60;1;1;1;53;0;4481768;123;0
11;19;78;12;26;58;6;4.60;2;1;1;52;0;4481806;111;0
11;19;78;12;26;59;1;3.40;2;1;1;54;0;4481901;63;0
11;19;78;12;26;59;36;4.80;1;1;1;51;0;4481936;143;0
11;19;78;12;27;0;87;3.40;1;1;1;52;0;4482087;117;0
11;19;78;12;27;1;11;3.60;3;2;1;68;0;4482111;1538;0
11;19;78;12;27;2;28;3.60;2;1;1;56;0;4482228;304;0
11;19;78;12;27;2;82;5.20;1;1;1;52;0;4482282;171;4481623
11;19;78;12;27;3;51;3.60;4;2;1;59;0;4482351;1054;0
11;19;78;12;27;3;54;3.80;2;1;1;56;0;4482354;102;0
11;19;78;12;27;4;32;3.60;3;2;1;59;0;4482432;301;0
11;19;78;12;27;4;40;3.80;4;2;1;57;0;4482440;67;0
11;19;78;12;27;5;69;3.60;4;2;1;58;0;4482569;105;0
11;19;78;12;27;6;56;3.60;2;1;1;60;0;4482656;277;0
11;19;78;12;27;7;52;3.80;4;2;1;56;0;4482752;160;0
11;19;78;12;27;8;69;3.80;4;2;1;55;0;4482869;92;4482351
11;19;78;12;27;7;87;14.40;1;1;4;49;0;4482787;469;0
11;19;78;12;27;9;47;3.20;2;1;1;54;0;4482947;269;0
11;19;78;12;27;10;16;3.20;3;2;1;56;0;4483016;562;0
11;19;78;12;27;11;65;3.60;2;1;1;55;0;4483165;196;0
11;19;78;12;27;11;89;3.60;1;1;1;49;0;4483189;296;0
11;19;78;12;27;14;27;4.00;1;1;1;50;0;4483427;211;0
11;19;78;12;27;15;55;4.20;1;1;1;49;0;4483555;99;0
11;19;78;12;27;16;92;3.80;1;1;1;48;0;4483692;106;0
11;19;78;12;27;18;21;3.40;1;1;1;48;0;4483821;100;0
11;19;78;12;27;19;28;3.60;1;1;1;49;0;4483928;81;4483427
11;19;78;12;27;20;83;3.00;2;1;1;56;0;4484083;894;0
11;19;78;12;27;26;51;4.20;3;2;1;62;0;4484651;1614;0
11;19;78;12;27;26;47;3.60;1;1;1;46;0;4484647;692;0
11;19;78;12;27;27;64;4.00;3;2;1;65;0;4484764;88;0
11;19;78;12;27;28;18;4.40;4;2;1;58;0;4484818;1924;0
11;19;78;12;27;28;44;3.80;1;1;1;46;0;4484844;168;0
11;19;78;12;27;29;98;3.60;4;2;1;62;0;4484998;152;0
11;19;78;12;27;32;47;4.20;4;2;1;58;0;4485247;228;0
11;19;78;12;27;33;62;3.80;4;2;1;60;0;4485362;88;0
11;19;78;12;27;33;72;3.20;1;1;1;55;0;4485372;498;0
11;19;78;12;27;34;74;3.40;2;1;1;60;0;4485474;1371;0
11;19;78;12;27;35;11;3.60;1;1;1;54;0;4485511;118;0
11;19;78;12;27;36;0;3.00;3;2;1;57;0;4485600;813;0
11;19;78;12;27;36;48;3.40;1;1;1;54;0;4485648;113;0
11;19;78;12;27;36;81;2.80;3;2;1;58;0;4485681;62;0
11;19;78;12;27;37;74;3.80;1;1;1;52;0;4485774;103;0
11;19;78;12;27;37;72;3.60;3;2;1;59;0;4485772;73;0
11;19;78;12;27;37;67;3.40;4;2;1;56;0;4485767;382;0
11;19;78;12;27;38;98;3.60;1;1;1;50;0;4485898;97;4485372
11;19;78;12;27;39;14;3.20;3;2;1;57;0;4485914;120;4485372
11;19;78;12;27;39;24;4.00;4;2;1;55;0;4485924;135;4485372
11;19;78;12;27;40;44;3.60;4;2;1;54;0;4486044;93;4485372
11;19;78;12;27;41;93;3.40;1;1;1;52;0;4486193;269;0
11;19;78;12;27;42;1;3.60;3;2;1;57;0;4486201;266;0
11;19;78;12;27;42;4;4.20;4;2;1;53;0;4486204;136;0
11;19;78;12;27;43;10;3.60;3;2;1;62;0;4486310;86;0
11;19;78;12;27;43;36;3.20;4;2;1;55;0;4486336;103;4485767
11;19;78;12;27;43;61;12.40;1;1;3;51;0;4486361;144;4485767
11;19;78;12;27;44;51;3.60;4;2;1;57;0;4486451;94;4485767
11;19;78;12;27;45;88;5.20;3;2;1;64;0;4486588;257;0
11;19;78;12;27;45;85;8.00;4;2;2;58;0;4486585;111;4485767
11;19;78;12;27;47;21;4.40;3;2;1;62;0;4486721;103;4485767
11;19;78;12;27;47;68;4.80;1;1;1;48;0;4486768;319;0
11;19;78;12;27;48;4;3.80;4;2;1;60;0;4486804;169;4485767
11;19;78;12;27;49;5;4.80;3;2;1;59;0;4486905;158;4485767
11;19;78;12;27;50;80;3.20;2;1;1;51;0;4487080;1585;0
11;19;78;12;27;51;0;4.60;4;2;1;57;0;4487100;273;0
11;19;78;12;27;52;26;3.60;4;2;1;55;0;4487226;96;0
11;19;78;12;27;52;67;3.20;1;1;1;51;0;4487267;463;0
11;19;78;12;27;55;28;3.80;4;2;1;55;0;4487528;278;0
11;19;78;12;27;55;38;3.60;2;1;1;53;0;4487538;435;0
11;19;78;12;27;55;61;4.00;3;2;1;59;0;4487561;626;0
11;19;78;12;28;1;96;3.60;4;2;1;53;0;4488196;643;0
11;19;78;12;28;22;97;3.60;1;1;1;53;0;4490297;3007;0
11;19;78;12;28;23;60;4.00;2;1;1;58;0;4490360;2797;0
11;19;78;12;28;29;9;6.20;1;1;1;62;0;4490909;587;0
11;19;78;12;28;30;42;3.80;3;2;1;62;0;4491042;3456;0
11;19;78;12;28;30;87;3.60;4;2;1;58;0;4491087;2866;0
11;19;78;12;28;31;66;3.40;2;1;1;60;0;4491166;781;0
11;19;78;12;28;31;73;3.40;3;2;1;61;0;4491173;108;0
11;19;78;12;28;31;84;3.00;1;1;1;56;0;4491184;239;0
11;19;78;12;28;32;94;3.80;1;1;1;55;0;4491294;90;0
11;19;78;12;28;33;17;3.80;2;1;1;62;0;4491317;130;0
11;19;78;12;28;34;52;3.60;2;1;1;61;0;4491452;112;0
11;19;78;12;28;35;41;3.60;4;2;1;62;0;4491541;431;0
11;19;78;12;28;35;68;4.40;3;2;1;66;0;4491568;374;0
11;19;78;12;28;36;22;6.80;1;1;1;59;0;4491622;303;0
11;19;78;12;28;37;43;4.80;1;1;1;59;0;4491743;79;0
11;19;78;12;28;38;8;3.60;4;2;1;61;0;4491808;246;0
11;19;78;12;28;39;86;3.20;4;2;1;57;0;4491986;156;0
11;19;78;12;28;41;93;4.40;1;1;1;57;0;4492193;420;0
11;19;78;12;28;43;57;3.60;1;1;1;57;0;4492357;136;0
11;19;78;12;28;45;18;3.40;2;1;1;61;0;4492518;1044;0
11;19;78;12;28;47;26;3.80;2;1;1;62;0;4492726;187;0
11;19;78;12;28;47;65;3.20;1;1;1;56;0;4492765;385;0
11;19;78;12;28;50;61;3.40;4;2;1;68;0;4493061;1054;0
11;19;78;12;28;58;54;3.80;4;2;1;60;0;4493854;775;0
11;19;78;12;29;3;0;4.00;3;2;1;72;0;4494300;2708;0
11;19;78;12;29;3;89;3.20;1;1;1;60;0;4494389;1603;0
11;19;78;12;29;5;30;3.60;4;2;1;64;0;4494530;653;0
11;19;78;12;29;7;42;4.00;1;1;1;61;0;4494742;333;0
11;19;78;12;29;7;60;3.80;4;2;1;62;0;4494760;209;0
11;19;78;12;29;9;86;3.80;2;1;1;61;0;4494986;2237;0
11;19;78;12;29;10;58;3.60;4;2;1;62;0;4495058;275;0
11;19;78;12;29;10;63;3.20;1;1;1;56;0;4495063;297;0
11;19;78;12;29;11;76;3.20;4;2;1;64;0;4495176;97;0
11;19;78;12;29;11;98;3.60;3;2;1;60;0;4495198;878;0
11;19;78;12;29;12;26;3.40;1;1;1;56;0;4495226;142;0
11;19;78;12;29;12;83;3.80;3;2;1;61;0;4495283;63;0
11;19;78;12;29;13;22;3.40;2;1;1;60;0;4495322;313;0
11;19;78;12;29;13;49;3.60;4;2;1;59;0;4495349;155;0
11;19;78;12;29;14;41;4.20;3;2;1;62;0;4495441;135;0
11;19;78;12;29;14;88;3.20;4;2;1;61;0;4495488;117;0
11;19;78;12;29;16;15;3.60;1;1;1;61;0;4495615;367;0
11;19;78;12;29;17;13;7.80;4;2;2;60;0;4495713;206;0
11;19;78;12;29;17;97;8.40;1;1;2;60;0;4495797;160;0
11;19;78;12;29;18;76;6.20;2;1;1;55;0;4495876;533;0
11;19;78;12;29;19;62;3.80;4;2;1;55;0;4495962;202;0
11;19;78;12;29;20;77;3.60;1;1;1;58;0;4496077;229;0
11;19;78;12;29;20;98;5.20;3;2;1;62;0;4496098;632;0
11;19;78;12;29;22;90;3.80;3;2;1;62;0;4496290;161;0
11;19;78;12;29;22;77;16.20;4;2;4;60;0;4496277;290;0
11;19;78;12;29;25;80;3.20;3;2;1;61;0;4496580;267;0
11;19;78;12;29;26;11;3.40;4;2;1;56;0;4496611;236;0
11;19;78;12;29;28;6;3.20;4;2;1;57;0;4496806;173;0
11;19;78;12;29;28;28;3.40;3;2;1;62;0;4496828;229;0
11;19;78;12;29;29;45;3.80;3;2;1;63;0;4496945;97;0
11;19;78;12;29;30;5;4.00;4;2;1;60;0;4497005;178;0
11;19;78;12;29;31;94;3.40;3;2;1;61;0;4497194;227;0
11;19;78;12;29;32;29;3.40;4;2;1;59;0;4497229;200;0
11;19;78;12;29;34;69;3.40;4;2;1;60;0;4497469;219;0
11;19;78;12;29;35;7;3.60;1;1;1;40;0;4497507;1407;0
11;19;78;12;29;36;30;3.00;4;2;1;71;0;4497630;140;0
11;19;78;12;29;42;10;3.20;4;2;1;64;0;4498210;564;0
11;19;78;12;29;44;74;15.20;1;1;2;52;0;4498474;934;0
11;19;78;12;29;47;13;4.60;1;1;1;52;0;4498713;133;0
11;19;78;12;29;47;83;3.00;4;2;1;57;0;4498783;555;0
11;19;78;12;30;3;61;6.40;2;1;1;63;0;4500361;4444;0
11;19;78;12;30;5;31;3.60;1;1;1;64;0;4500531;1786;0
11;19;78;12;30;5;77;3.80;4;2;1;70;0;4500577;1775;0
11;19;78;12;30;8;53;3.40;4;2;1;63;0;4500853;256;0
11;19;78;12;30;8;76;3.60;1;1;1;58;0;4500876;324;0
11;19;78;12;30;10;16;5.40;2;1;1;51;0;4501016;618;0
11;19;78;12;30;10;47;3.20;1;1;1;55;0;4501047;148;0
11;19;78;12;30;12;0;3.20;2;1;1;50;0;4501200;145;0
11;19;78;12;30;12;65;3.80;1;1;1;51;0;4501265;197;0
11;19;78;12;30;13;98;4.00;1;1;1;50;0;4501398;106;0
11;19;78;12;30;15;6;3.60;1;1;1;52;0;4501506;79;4500876
11;19;78;12;30;16;57;14.40;1;1;3;50;0;4501657;126;4500876
11;19;78;12;30;18;77;3.60;2;1;1;53;0;4501877;653;0
11;19;78;12;30;18;89;3.80;1;1;1;51;0;4501889;128;4500876
11;19;78;12;30;20;86;3.40;1;1;1;50;0;4502086;170;4500876
11;19;78;12;30;21;35;3.80;4;2;1;58;0;4502135;1262;0
11;19;78;12;30;22;27;4.00;3;2;1;58;0;4502227;5012;0
11;19;78;12;30;22;51;4.60;2;1;1;71;0;4502251;349;0
11;19;78;12;30;23;30;3.40;1;1;1;47;0;4502330;219;0
11;19;78;12;30;23;61;3.60;4;2;1;60;0;4502361;202;0
11;19;78;12;30;24;68;3.40;1;1;1;40;0;4502468;111;0
11;19;78;12;30;25;25;4.40;2;1;1;53;0;4502525;250;0
11;19;78;12;30;28;8;3.20;4;2;1;53;0;4502808;425;0
11;19;78;12;30;30;52;4.00;4;2;1;53;0;4503052;222;0
11;19;78;12;30;33;14;3.60;2;1;1;47;0;4503314;759;0
11;19;78;12;30;34;22;3.20;2;1;1;43;0;4503422;80;0
11;19;78;12;30;34;13;4.80;1;1;1;51;0;4503413;914;0
11;19;78;12;30;35;11;5.20;2;1;1;45;0;4503511;62;0
11;19;78;12;30;35;43;3.80;1;1;1;51;0;4503543;96;0
11;19;78;12;30;36;37;3.60;1;1;1;51;0;4503637;67;0
11;19;78;12;30;37;23;3.60;2;1;1;52;0;4503723;170;0
11;19;78;12;30;37;92;3.60;1;1;1;52;0;4503792;129;0
11;19;78;12;30;38;67;7.60;4;2;2;61;0;4503867;787;0
11;19;78;12;30;42;4;3.00;2;1;1;61;0;4504204;456;0
11;19;78;12;30;44;80;3.00;3;2;1;67;0;4504480;2228;0
11;19;78;12;30;46;26;3.40;4;2;1;54;0;4504626;714;0
11;19;78;12;30;48;42;4.00;4;2;1;50;0;4504842;193;0
11;19;78;12;30;49;31;3.80;4;2;1;52;0;4504931;60;0
11;19;78;12;30;52;97;3.00;3;2;1;57;0;4505297;800;0
11;19;78;12;30;52;97;3.00;1;1;1;58;0;4505297;1480;0
11;19;78;12;30;54;0;3.40;3;2;1;56;0;4505400;84;0
11;19;78;12;30;54;42;3.20;4;2;1;56;0;4505442;484;0
11;19;78;12;30;54;39;20.40;1;1;5;56;0;4505439;123;0
11;19;78;12;30;55;49;3.80;3;2;1;56;0;4505549;127;0
11;19;78;12;30;56;39;5.80;3;2;1;56;0;4505639;65;0
11;19;78;12;30;56;46;4.40;2;1;1;59;0;4505646;1424;0
11;19;78;12;30;57;51;3.80;3;2;1;56;0;4505751;74;4505297
11;19;78;12;30;58;1;3.80;4;2;1;53;0;4505801;338;0
11;19;78;12;30;59;64;3.20;4;2;1;52;0;4505964;137;0
11;19;78;12;30;59;79;3.40;3;2;1;60;0;4505979;203;0
11;19;78;12;31;0;20;3.80;2;1;1;64;0;4506020;347;0
11;19;78;12;31;0;20;5.40;1;1;1;56;0;4506020;449;0
11;19;78;12;31;0;79;3.80;3;2;1;61;0;4506079;79;0
11;19;78;12;31;1;25;3.80;4;2;1;55;0;4506125;138;0
11;19;78;12;31;2;13;2.80;1;1;1;58;0;4506213;158;0
11;19;78;12;31;5;30;17.00;4;2;4;62;0;4506530;380;0
11;19;78;12;31;6;8;5.00;3;2;1;68;0;4506608;506;0
11;19;78;12;31;8;17;3.20;4;2;1;60;0;4506817;188;0
11;19;78;12;31;10;8;9.20;4;2;2;57;0;4507008;171;0
11;19;78;12;31;26;35;3.60;1;1;1;59;0;4508635;2404;0
11;19;78;12;31;40;25;3.60;2;1;1;53;0;4510025;3983;0
11;19;78;12;31;49;45;3.00;2;1;1;60;0;4510945;895;0
11;19;78;12;31;50;21;3.80;2;1;1;58;0;4511021;58;0
11;19;78;12;31;51;42;3.60;1;1;1;51;0;4511142;2485;0
11;19;78;12;31;52;92;4.60;1;1;1;51;0;4511292;124;0
11;19;78;12;31;53;89;4.60;2;1;1;61;0;4511389;344;0
11;19;78;12;31;54;95;4.60;1;1;1;55;0;4511495;170;0
11;19;78;12;31;55;52;4.60;2;1;1;58;0;4511552;135;0
11;19;78;12;31;56;8;3.80;1;1;1;55;0;4511608;82;0
11;19;78;12;31;59;39;3.60;4;2;1;57;0;4511939;4872;0
11;19;78;12;31;59;84;3.80;3;2;1;56;0;4511984;5349;0
11;19;78;12;32;0;93;3.60;4;2;1;57;0;4512093;131;0
11;19;78;12;32;0;59;13.00;1;1;2;55;0;4512059;426;0
11;19;78;12;32;2;41;3.00;1;1;1;55;0;4512241;96;0
11;19;78;12;32;4;15;4.20;1;1;1;54;0;4512415;154;0
11;19;78;12;32;5;35;4.00;1;1;1;53;0;4512535;92;0
11;19;78;12;32;5;69;4.40;2;1;1;60;0;4512569;988;0
11;19;78;12;32;6;60;3.80;1;1;1;51;0;4512660;97;4512059
11;19;78;12;32;7;64;12.00;1;1;2;49;0;4512764;77;4512059
11;19;78;12;32;11;79;3.60;1;1;1;52;0;4513179;326;0
11;19;78;12;32;12;67;4.00;2;1;1;49;0;4513267;671;0
11;19;78;12;32;13;45;3.40;1;1;1;53;0;4513345;141;0
11;19;78;12;32;14;19;3.20;2;1;1;50;0;4513419;122;0
11;19;78;12;32;16;29;4.40;1;1;1;57;0;4513629;260;0
11;19;78;12;32;17;42;4.00;2;1;1;50;0;4513742;299;0
11;19;78;12;32;18;93;8.40;2;1;2;53;0;4513893;122;0
11;19;78;12;32;19;39;3.60;1;1;1;52;0;4513939;282;0
11;19;78;12;32;22;43;3.60;1;1;1;53;0;4514243;279;0
11;19;78;12;32;24;30;3.60;1;1;1;51;0;4514430;162;0
11;19;78;12;32;26;47;3.20;1;1;1;51;0;4514647;191;0
11;19;78;12;32;28;93;3.40;4;2;1;59;0;4514893;2777;0
11;19;78;12;32;29;1;4.40;1;1;1;50;0;4514901;231;0
11;19;78;12;32;30;32;4.00;3;2;1;61;0;4515032;3023;0
11;19;78;12;32;30;98;4.40;4;2;1;61;0;4515098;184;0
11;19;78;12;32;30;86;3.80;1;1;1;47;0;4515086;153;0
11;19;78;12;32;32;36;3.40;3;2;1;59;0;4515236;180;0
11;19;78;12;32;32;90;3.60;1;1;1;50;0;4515290;174;0
11;19;78;12;32;34;4;3.60;3;2;1;57;0;4515404;147;0
11;19;78;12;32;34;62;3.40;4;2;1;61;0;4515462;338;0
11;19;78;12;32;35;88;3.60;3;2;1;59;0;4515588;161;0
11;19;78;12;32;37;22;4.00;4;2;1;59;0;4515722;239;0
11;19;78;12;32;38;18;3.40;1;1;1;50;0;4515818;502;0
11;19;78;12;32;38;87;9.60;4;2;6;57;0;4515887;140;0
11;19;78;12;32;39;41;3.40;3;2;1;54;0;4515941;331;0
11;19;78;12;32;40;12;6.40;3;2;1;57;0;4516012;48;0
11;19;78;12;32;41;5;3.20;4;2;1;55;0;4516105;157;0
11;19;78;12;32;42;12;3.60;4;2;1;56;0;4516212;86;0
11;19;78;12;32;43;55;4.80;4;2;1;54;0;4516355;119;4515722
11;19;78;12;32;43;95;3.40;1;1;1;57;0;4516395;552;0
11;19;78;12;32;44;39;3.40;3;2;1;56;0;4516439;386;0
11;19;78;12;32;45;20;3.60;4;2;1;55;0;4516520;133;4515722
11;19;78;12;32;45;25;3.40;3;2;1;56;0;4516525;64;4515722
11;19;78;12;32;46;57;3.80;3;2;1;57;0;4516657;110;4515722
11;19;78;12;32;48;56;3.60;3;2;1;53;0;4516856;175;4515722
11;19;78;12;32;49;10;3.20;4;2;1;54;0;4516910;366;0
11;19;78;12;32;49;39;5.00;3;2;1;53;0;4516939;58;4516439
11;19;78;12;32;50;1;3.60;4;2;1;53;0;4517001;69;4516439
11;19;78;12;32;50;44;3.60;3;2;1;52;0;4517044;71;4516439
11;19;78;12;32;51;86;3.40;3;2;1;55;0;4517186;117;4516439
11;19;78;12;32;53;23;4.00;3;2;1;57;0;4517323;114;4516439
11;19;78;12;32;53;42;14.20;4;2;3;57;0;4517342;316;0
11;19;78;12;32;56;55;3.40;4;2;1;53;0;4517655;223;0
11;19;78;12;32;58;65;3.40;4;2;1;52;0;4517865;186;0
11;19;78;12;32;59;5;4.00;1;1;1;56;0;4517905;1488;0
11;19;78;12;33;3;30;3.80;1;1;1;58;0;4518330;399;0
11;19;78;12;33;13;65;4.20;4;2;1;63;0;4519365;1476;0
11;19;78;12;33;30;33;3.60;1;1;1;64;0;4521033;2679;0
11;19;78;12;33;32;80;3.40;1;1;1;61;0;4521280;226;0
11;19;78;12;33;32;33;13.40;2;1;3;62;0;4521233;7282;0
11;19;78;12;33;33;86;3.80;1;1;1;60;0;4521386;85;0
11;19;78;12;33;34;53;3.40;3;2;1;61;0;4521453;4104;0
11;19;78;12;33;34;69;3.40;2;1;1;62;0;4521469;158;0
11;19;78;12;33;35;51;3.20;1;1;1;59;0;4521551;142;0
11;19;78;12;33;36;34;4.00;2;1;1;57;0;4521634;145;0
11;19;78;12;33;36;90;3.20;4;2;1;55;0;4521690;2301;0
11;19;78;12;33;37;97;4.20;1;1;1;55;0;4521797;226;0
11;19;78;12;33;38;16;3.40;2;1;1;57;0;4521816;156;0
11;19;78;12;33;38;31;3.20;4;2;1;58;0;4521831;120;0
11;19;78;12;33;38;25;4.80;3;2;1;59;0;4521825;351;0
11;19;78;12;33;40;31;3.40;2;1;1;55;0;4522031;193;4521233
11;19;78;12;33;40;82;3.60;1;1;1;56;0;4522082;257;0
11;19;78;12;33;42;33;3.20;4;2;1;59;0;4522233;382;0
11;19;78;12;33;42;32;3.80;1;1;1;57;0;4522232;126;0
11;19;78;12;33;42;94;3.40;2;1;1;53;0;4522294;240;0
11;19;78;12;33;43;20;3.00;3;2;1;54;0;4522320;465;0
11;19;78;12;33;51;61;4.00;1;1;1;60;0;4523161;905;0
11;19;78;12;33;52;40;3.40;2;1;1;71;0;4523240;922;0
11;19;78;12;33;53;80;12.80;1;1;3;49;0;4523380;195;0
11;19;78;12;34;0;57;3.80;1;1;1;56;0;4524057;582;0
11;19;78;12;34;0;86;3.80;2;1;1;60;0;4524086;828;0
11;19;78;12;34;1;95;3.80;1;1;1;56;0;4524195;113;0
11;19;78;12;34;2;28;3.60;2;1;1;57;0;4524228;119;0
11;19;78;12;34;5;3;3.40;3;2;1;64;0;4524503;2163;0
11;19;78;12;34;5;3;4.60;1;1;1;52;0;4524503;283;0
11;19;78;12;34;6;8;3.60;2;1;1;58;0;4524608;357;0
11;19;78;12;34;6;32;3.00;4;2;1;59;0;4524632;2379;0
11;19;78;12;34;6;66;4.00;1;1;1;54;0;4524666;131;0
11;19;78;12;34;6;74;3.80;3;2;1;62;0;4524674;151;0
11;19;78;12;34;7;9;3.80;2;1;1;58;0;4524709;78;0
11;19;78;12;34;9;35;3.40;2;1;1;54;0;4524935;202;0
11;19;78;12;34;9;98;3.60;3;2;1;65;0;4524998;301;0
11;19;78;12;34;10;98;3.80;4;2;1;75;0;4525098;447;0
11;19;78;12;34;12;66;3.60;1;1;1;53;0;4525266;573;0
11;19;78;12;34;12;60;3.80;4;2;1;48;0;4525260;143;0
11;19;78;12;34;13;55;3.20;2;1;1;53;0;4525355;397;0
11;19;78;12;34;13;59;3.60;1;1;1;52;0;4525359;68;0
11;19;78;12;34;13;73;3.80;3;2;1;68;0;4525373;355;0
11;19;78;12;34;13;97;3.60;4;2;1;49;0;4525397;108;0
11;19;78;12;34;14;93;3.60;3;2;1;64;0;4525493;99;0
11;19;78;12;34;15;17;3.80;2;1;1;54;0;4525517;140;0
11;19;78;12;34;15;14;3.40;4;2;1;49;0;4525514;90;0
11;19;78;12;34;15;15;3.80;1;1;1;52;0;4525515;131;0
11;19;78;12;34;16;33;4.20;2;1;1;52;0;4525633;90;0
11;19;78;12;34;16;68;3.60;3;2;1;64;0;4525668;154;0
11;19;78;12;34;16;72;3.80;1;1;1;52;0;4525672;130;0
11;19;78;12;34;17;53;3.60;4;2;1;54;0;4525753;214;0
11;19;78;12;34;17;76;3.80;1;1;1;51;0;4525776;77;4525266
11;19;78;12;34;19;19;3.60;4;2;1;57;0;4525919;142;4525266
11;19;78;12;34;20;21;3.20;3;2;1;60;0;4526021;332;0
11;19;78;12;34;20;70;3.20;1;1;1;53;0;4526070;267;0
11;19;78;12;34;20;87;3.00;4;2;1;57;0;4526087;145;0
11;19;78;12;34;21;46;3.60;3;2;1;59;0;4526146;105;0
11;19;78;12;34;21;61;3.80;2;1;1;55;0;4526161;498;0
11;19;78;12;34;22;78;10.40;4;2;2;55;0;4526278;172;0
11;19;78;12;34;24;4;3.60;3;2;1;60;0;4526404;236;0
11;19;78;12;34;25;1;3.20;3;2;1;61;0;4526501;75;0
11;19;78;12;34;25;11;3.40;4;2;1;55;0;4526511;164;4525753
11;19;78;12;34;25;55;3.80;2;1;1;54;0;4526555;369;0
11;19;78;12;34;26;82;4.00;3;2;1;60;0;4526682;162;0
11;19;78;12;34;26;91;3.40;4;2;1;56;0;4526691;157;4525753
11;19;78;12;34;28;66;3.40;4;2;1;54;0;4526866;153;4525753
11;19;78;12;34;30;33;3.40;3;2;1;57;0;4527033;327;0
11;19;78;12;34;30;51;3.60;4;2;1;54;0;4527051;162;4525753
11;19;78;12;34;31;88;3.80;4;2;1;54;0;4527188;113;4525753
11;19;78;12;34;33;31;3.00;4;2;1;53;0;4527331;117;4525753
11;19;78;12;34;33;62;4.40;3;2;1;56;0;4527362;307;0
11;19;78;12;34;34;44;3.40;4;2;1;54;0;4527444;92;4525753
11;19;78;12;34;35;80;5.00;3;2;1;58;0;4527580;189;4525753
11;19;78;12;34;36;10;8.60;4;2;2;54;0;4527610;143;4525753
11;19;78;12;34;37;46;3.80;3;2;1;61;0;4527746;134;4525753
11;19;78;12;34;38;33;3.60;4;2;1;53;0;4527833;165;4525753
11;19;78;12;34;39;13;3.20;3;2;1;60;0;4527913;144;4525753
11;19;78;12;34;40;66;3.00;3;2;1;59;0;4528066;133;4527362
11;19;78;12;34;40;88;3.60;4;2;1;49;0;4528088;230;0
11;19;78;12;34;41;93;3.00;3;2;1;60;0;4528193;108;4527362
11;19;78;12;34;42;46;3.60;4;2;1;51;0;4528246;131;4527362
11;19;78;12;34;43;20;3.80;3;2;1;59;0;4528320;109;4527362
11;19;78;12;34;44;11;4.40;4;2;1;53;0;4528411;139;4527362
11;19;78;12;34;58;21;3.80;4;2;1;56;0;4529821;1380;0
11;19;78;12;34;59;92;3.60;1;1;1;58;0;4529992;3900;0
11;19;78;12;35;0;19;3.20;4;2;1;60;0;4530019;173;0
11;19;78;12;35;1;75;3.00;1;1;1;57;0;4530175;160;0
11;19;78;12;35;2;17;3.40;2;1;1;57;0;4530217;3636;0
11;19;78;12;35;2;80;3.20;1;1;1;57;0;4530280;86;0
11;19;78;12;35;5;6;4.00;1;1;1;57;0;4530506;205;0
11;19;78;12;35;8;21;3.60;2;1;1;61;0;4530821;582;0
11;19;78;12;35;8;41;3.20;1;1;1;53;0;4530841;309;0
11;19;78;12;35;10;63;3.60;2;1;1;52;0;4531063;220;0
11;19;78;12;35;11;83;3.60;2;1;1;52;0;4531183;95;0
11;19;78;12;35;12;61;4.00;1;1;1;52;0;4531261;398;0
11;19;78;12;35;13;77;3.40;2;1;1;53;0;4531377;169;0
11;19;78;12;35;13;90;10.40;1;1;2;57;0;4531390;101;0
11;19;78;12;35;15;6;3.60;2;1;1;50;0;4531506;105;0
11;19;78;12;35;15;65;13.60;1;1;4;56;0;4531565;109;0
11;19;78;12;35;16;35;3.60;4;2;1;59;0;4531635;1596;0
11;19;78;12;35;17;14;3.40;1;1;1;53;0;4531714;61;0
11;19;78;12;35;17;98;3.20;3;2;1;59;0;4531798;3454;0
11;19;78;12;35;18;23;3.20;2;1;1;57;0;4531823;291;0
11;19;78;12;35;18;24;3.60;4;2;1;58;0;4531824;167;0
11;19;78;12;35;18;57;4.00;1;1;1;52;0;4531857;119;4531261
11;19;78;12;35;19;42;3.80;1;1;1;51;0;4531942;57;4531261
11;19;78;12;35;19;93;3.00;4;2;1;57;0;4531993;146;4531261
11;19;78;12;35;20;14;4.40;2;1;1;59;0;4532014;170;4531261
11;19;78;12;35;21;58;3.60;3;2;1;53;0;4532158;340;0
11;19;78;12;35;21;88;3.60;4;2;1;57;0;4532188;176;0
11;19;78;12;35;21;37;4.80;1;1;1;16;0;4532137;168;4531261
11;19;78;12;35;23;25;3.00;2;1;1;64;0;4532325;284;0
11;19;78;12;35;23;43;7.40;1;1;2;50;0;4532343;97;4531261
11;19;78;12;35;26;52;8.20;4;2;2;59;0;4532652;441;0
11;19;78;12;35;27;18;3.80;1;1;1;49;0;4532718;321;0
11;19;78;12;35;29;17;3.40;2;1;1;59;0;4532917;575;0
11;19;78;12;35;29;92;3.60;1;1;1;48;0;4532992;246;0
11;19;78;12;35;30;96;4.60;2;1;1;56;0;4533096;158;0
11;19;78;12;35;31;11;3.00;1;1;1;48;0;4533111;92;0
11;19;78;12;35;32;64;4.00;2;1;1;58;0;4533264;138;0
11;19;78;12;35;33;15;3.40;1;1;1;47;0;4533315;181;0
11;19;78;12;35;36;6;3.20;2;1;1;59;0;4533606;317;0
11;19;78;12;35;40;42;3.60;1;1;1;53;0;4534042;700;0
11;19;78;12;35;45;82;4.40;1;1;1;62;0;4534582;515;0
11;19;78;12;35;46;62;5.20;2;1;1;59;0;4534662;1036;0
11;19;78;12;35;47;63;3.80;4;2;1;61;0;4534763;2060;0
11;19;78;12;35;47;63;4.40;3;2;1;59;0;4534763;2580;0
11;19;78;12;35;49;90;3.60;2;1;1;73;0;4534990;296;0
11;19;78;12;35;51;5;3.60;4;2;1;64;0;4535105;319;0
11;19;78;12;35;52;90;3.20;3;2;1;63;0;4535290;500;0
11;19;78;12;35;53;91;3.80;4;2;1;58;0;4535391;265;0
11;19;78;12;35;54;18;3.80;3;2;1;67;0;4535418;109;0
11;19;78;12;35;54;70;3.60;4;2;1;58;0;4535470;55;0
11;19;78;12;35;55;96;3.60;3;2;1;67;0;4535596;157;0
11;19;78;12;35;55;76;8.20;4;2;2;58;0;4535576;83;0
11;19;78;12;35;57;9;3.20;1;1;1;59;0;4535709;1101;0
11;19;78;12;35;57;69;6.00;3;2;1;62;0;4535769;153;0
11;19;78;12;35;58;54;3.20;4;2;1;60;0;4535854;227;0
11;19;78;12;35;59;4;3.40;1;1;1;57;0;4535904;175;0
11;19;78;12;35;59;15;3.20;3;2;1;65;0;4535915;111;4535290
11;19;78;12;36;0;37;4.00;4;2;1;57;0;4536037;163;4535290
11;19;78;12;36;0;69;3.40;3;2;1;61;0;4536069;136;4535290
11;19;78;12;36;1;82;9.60;4;2;2;59;0;4536182;119;4535290
11;19;78;12;36;2;34;3.80;3;2;1;62;0;4536234;144;4535290
11;19;78;12;36;3;61;3.60;3;2;1;62;0;4536361;104;4535290
11;19;78;12;36;3;96;9.60;4;2;2;60;0;4536396;155;4535290
11;19;78;12;36;5;25;5.40;3;2;1;60;0;4536525;143;4535290
11;19;78;12;36;6;5;4.20;4;2;1;64;0;4536605;151;4535854
11;19;78;12;36;7;74;6.80;3;2;1;62;0;4536774;216;0
11;19;78;12;36;8;54;3.80;4;2;1;60;0;4536854;225;0
11;19;78;12;36;11;25;5.00;4;2;1;59;0;4537125;248;0
11;19;78;12;36;14;60;5.00;4;2;1;54;0;4537460;304;0
11;19;78;12;36;16;18;3.60;4;2;1;56;0;4537618;124;0
11;19;78;12;36;32;45;3.80;2;1;1;60;0;4539245;4237;0
11;19;78;12;36;34;18;3.80;2;1;1;60;0;4539418;150;0
11;19;78;12;36;34;76;3.40;4;2;1;58;0;4539476;1834;0
11;19;78;12;36;35;45;3.60;1;1;1;65;0;4539545;3619;0
11;19;78;12;36;39;90;4.20;2;1;1;59;0;4539990;549;0
11;19;78;12;36;40;84;3.60;1;1;1;55;0;4540084;519;0
11;19;78;12;36;41;12;5.00;2;1;1;61;0;4540112;96;0
11;19;78;12;36;42;10;4.00;1;1;1;53;0;4540210;102;0
11;19;78;12;36;43;39;6.20;2;1;1;59;0;4540339;197;0
11;19;78;12;36;44;78;3.20;1;1;1;55;0;4540478;240;0
11;19;78;12;36;46;88;3.40;4;2;1;64;0;4540688;1190;0
11;19;78;12;36;47;26;3.60;1;1;1;55;0;4540726;227;0
11;19;78;12;36;47;92;3.00;2;1;1;55;0;4540792;415;0
11;19;78;12;36;48;64;3.60;3;2;1;66;0;4540864;4050;0
11;19;78;12;36;49;13;4.40;1;1;1;55;0;4540913;163;0
11;19;78;12;36;49;83;4.80;4;2;1;64;0;4540983;275;0
11;19;78;12;36;50;93;3.40;2;1;1;55;0;4541093;281;0
11;19;78;12;36;51;20;3.60;1;1;1;53;0;4541120;178;0
11;19;78;12;36;52;18;3.20;1;1;1;58;0;4541218;73;0
11;19;78;12;36;53;41;4.60;1;1;1;52;0;4541341;103;4540726
11;19;78;12;36;53;54;4.40;2;1;1;54;0;4541354;238;0
11;19;78;12;36;56;45;3.40;2;1;1;49;0;4541645;261;0
11;19;78;12;36;57;72;5.80;4;2;1;60;0;4541772;762;0
11;19;78;12;36;58;49;3.60;1;1;1;56;0;4541849;476;0
11;19;78;12;36;58;53;3.20;2;1;1;49;0;4541853;183;0
11;19;78;12;36;59;50;4.60;2;1;1;52;0;4541950;73;0
11;19;78;12;37;0;46;4.00;1;1;1;53;0;4542046;173;0
11;19;78;12;37;0;68;3.40;2;1;1;58;0;4542068;86;0
11;19;78;12;37;1;75;9.40;4;2;2;63;0;4542175;368;0
11;19;78;12;37;2;33;3.20;1;1;1;48;0;4542233;159;0
11;19;78;12;37;3;82;24.80;1;1;5;48;0;4542382;125;0
11;19;78;12;37;5;69;3.40;4;2;1;57;0;4542569;340;0
11;19;78;12;37;6;13;3.20;2;1;1;61;0;4542613;523;0
11;19;78;12;37;6;81;3.00;1;1;1;48;0;4542681;113;4541849
11;19;78;12;37;8;26;3.40;1;1;1;46;0;4542826;122;4541849
11;19;78;12;37;8;61;3.60;4;2;1;57;0;4542861;270;0
11;19;78;12;37;9;49;3.40;1;1;1;46;0;4542949;96;4541849
11;19;78;12;37;10;22;3.80;2;1;1;55;0;4543022;390;0
11;19;78;12;37;10;76;3.40;1;1;1;45;0;4543076;100;4541849
11;19;78;12;37;12;37;3.60;1;1;1;45;0;4543237;133;4541849
11;19;78;12;37;19;82;3.00;3;2;1;65;0;4543982;3098;0
11;19;78;12;37;21;24;3.60;4;2;1;60;0;4544124;1240;0
11;19;78;12;37;24;37;3.80;1;1;1;58;0;4544437;1171;0
11;19;78;12;37;24;62;3.60;3;2;1;75;0;4544462;463;0
11;19;78;12;37;24;80;3.60;4;2;1;68;0;4544480;334;0
11;19;78;12;37;30;40;12.00;4;2;2;61;0;4545040;540;0
11;19;78;12;37;33;18;3.40;3;2;1;62;0;4545318;838;0
11;19;78;12;37;34;19;3.80;1;1;1;55;0;4545419;958;0
11;19;78;12;37;34;42;4.00;3;2;1;62;0;4545442;104;0
11;19;78;12;37;35;7;12.60;4;2;3;53;0;4545507;396;0
11;19;78;12;37;35;90;3.40;3;2;1;60;0;4545590;124;0
11;19;78;12;37;37;24;3.00;4;2;1;50;0;4545724;131;0
11;19;78;12;37;37;94;3.60;3;2;1;64;0;4545794;183;0
11;19;78;12;37;39;39;3.60;4;2;1;54;0;4545939;193;0
11;19;78;12;37;40;38;3.60;4;2;1;52;0;4546038;75;0
11;19;78;12;37;40;77;3.20;3;2;1;68;0;4546077;262;0
11;19;78;12;37;41;25;3.60;4;2;1;50;0;4546125;62;4545507
11;19;78;12;37;42;19;8.80;4;2;2;52;0;4546219;68;4545507
11;19;78;12;37;42;95;3.80;3;2;1;56;0;4546295;201;0
11;19;78;12;37;43;94;3.00;4;2;1;53;0;4546394;114;4545507
11;19;78;12;37;45;72;4.60;3;2;1;62;0;4546572;252;0
11;19;78;12;37;46;94;3.40;4;2;1;53;0;4546694;279;0
11;19;78;12;37;50;3;3.40;3;2;1;56;0;4547003;404;0
11;19;78;12;37;50;6;8.60;4;2;2;56;0;4547006;288;0
11;19;78;12;37;51;78;3.60;4;2;1;56;0;4547178;116;0
11;19;78;12;37;53;31;3.80;3;2;1;58;0;4547331;306;0
11;19;78;12;37;53;26;5.00;4;2;1;55;0;4547326;124;0
11;19;78;12;37;54;5;3.20;3;2;1;58;0;4547405;50;0
11;19;78;12;37;54;34;3.60;4;2;1;55;0;4547434;75;0
11;19;78;12;37;56;37;3.80;4;2;1;55;0;4547637;179;4547006
11;19;78;12;37;57;84;3.60;4;2;1;55;0;4547784;122;4547006
11;19;78;12;37;58;40;4.20;2;1;1;57;0;4547840;4793;0
11;19;78;12;37;59;37;4.00;1;1;1;57;0;4547937;2493;0
11;19;78;12;37;59;88;3.60;3;2;1;59;0;4547988;563;0
11;19;78;12;38;0;61;4.00;2;1;1;56;0;4548061;194;0
11;19;78;12;38;1;14;3.00;4;2;1;50;0;4548114;306;0
11;19;78;12;38;1;91;3.00;1;1;1;59;0;4548191;228;0
11;19;78;12;38;2;57;3.40;4;2;1;47;0;4548257;121;0
11;19;78;12;38;2;94;3.00;2;1;1;55;0;4548294;207;0
11;19;78;12;38;3;70;3.40;1;1;1;58;0;4548370;160;0
11;19;78;12;38;3;59;3.60;2;1;1;53;0;4548359;45;0
11;19;78;12;38;4;69;3.40;4;2;1;49;0;4548469;185;0
11;19;78;12;38;5;20;3.20;1;1;1;59;0;4548520;128;0
11;19;78;12;38;6;19;3.80;1;1;1;59;0;4548619;79;0
11;19;78;12;38;6;21;3.40;4;2;1;50;0;4548621;127;0
11;19;78;12;38;7;82;3.00;4;2;1;47;0;4548782;136;4548114
11;19;78;12;38;9;37;14.20;1;1;4;55;0;4548937;294;0
11;19;78;12;38;10;28;4.60;2;1;1;60;0;4549028;644;0
11;19;78;12;38;15;30;3.20;1;1;1;54;0;4549530;500;0
11;19;78;12;38;16;17;3.60;4;2;1;58;0;4549617;812;0
11;19;78;12;38;16;24;3.60;1;1;1;53;0;4549624;72;0
11;19;78;12;38;16;50;4.00;2;1;1;54;0;4549650;594;0
11;19;78;12;38;17;95;3.60;1;1;1;57;0;4549795;146;0
11;19;78;12;38;21;46;3.60;2;1;1;52;0;4550146;469;0
11;19;78;12;38;22;78;3.60;1;1;1;57;0;4550278;460;0
11;19;78;12;38;23;98;3.60;1;1;1;56;0;4550398;97;0
11;19;78;12;38;25;63;3.40;1;1;1;57;0;4550563;141;0
11;19;78;12;38;25;91;3.60;4;2;1;52;0;4550591;951;0
11;19;78;12;38;28;22;3.20;1;1;1;61;0;4550822;237;0
11;19;78;12;38;31;19;3.60;1;1;1;57;0;4551119;278;0
11;19;78;12;38;32;53;3.80;1;1;1;55;0;4551253;111;0
11;19;78;12;38;34;34;3.60;3;2;1;68;0;4551434;3424;0
11;19;78;12;38;34;91;3.40;1;1;1;54;0;4551491;213;0
11;19;78;12;38;35;13;3.40;4;2;1;68;0;4551513;897;0
11;19;78;12;38;37;18;3.40;4;2;1;61;0;4551718;187;0
11;19;78;12;38;37;16;4.40;1;1;1;58;0;4551716;202;0
11;19;78;12;38;38;41;3.80;3;2;1;64;0;4551841;387;0
11;19;78;12;38;38;56;3.80;4;2;1;58;0;4551856;117;0
11;19;78;12;38;40;31;3.40;4;2;1;60;0;4552031;151;0
11;19;78;12;38;40;72;3.80;2;1;1;59;0;4552072;1901;0
11;19;78;12;38;41;63;9.80;3;2;2;62;0;4552163;300;0
11;19;78;12;38;42;97;3.20;4;2;1;60;0;4552297;245;0
11;19;78;12;38;44;52;4.60;4;2;1;60;0;4552452;135;0
11;19;78;12;38;46;5;3.40;4;2;1;66;0;4552605;125;0
11;19;78;12;38;46;58;4.00;1;1;1;58;0;4552658;914;0
11;19;78;12;39;2;96;3.60;1;1;1;58;0;4554296;1613;0
11;19;78;12;39;9;67;3.60;4;2;1;57;0;4554967;2343;0
11;19;78;12;39;14;30;3.60;3;2;1;59;0;4555430;3210;0
11;19;78;12;39;14;97;3.20;4;2;1;53;0;4555497;507;0
11;19;78;12;39;15;63;3.80;3;2;1;59;0;4555563;111;0
11;19;78;12;39;16;22;3.40;4;2;1;57;0;4555622;103;0
11;19;78;12;39;16;60;3.40;2;1;1;60;0;4555660;3564;0
11;19;78;12;39;16;77;3.40;3;2;1;58;0;4555677;90;0
11;19;78;12;39;17;72;3.40;4;2;1;54;0;4555772;128;0
11;19;78;12;39;17;69;4.40;3;2;1;59;0;4555769;70;0
11;19;78;12;39;19;81;3.60;3;2;1;54;0;4555981;185;4555430
11;19;78;12;39;19;90;4.00;4;2;1;57;0;4555990;195;4555430
11;19;78;12;39;21;6;3.40;4;2;1;57;0;4556106;90;4555497
11;19;78;12;39;21;91;3.60;4;2;1;57;0;4556191;63;4555497
11;19;78;12;39;22;84;3.40;2;1;1;58;0;4556284;603;0
11;19;78;12;39;23;12;4.20;4;2;1;56;0;4556312;98;4555497
11;19;78;12;39;23;82;4.80;3;2;1;58;0;4556382;377;0
11;19;78;12;39;24;11;3.40;1;1;1;59;0;4556411;2092;0
11;19;78;12;39;24;53;3.60;4;2;1;57;0;4556453;114;4555497
11;19;78;12;39;25;17;3.60;3;2;1;59;0;4556517;105;4555497
11;19;78;12;39;26;24;4.60;4;2;1;55;0;4556624;148;4555497
11;19;78;12;39;27;18;3.20;3;2;1;59;0;4556718;179;4555497
11;19;78;12;39;27;72;3.40;4;2;1;53;0;4556772;117;4555497
11;19;78;12;39;28;29;4.00;2;1;1;61;0;4556829;523;0
11;19;78;12;39;28;28;5.20;3;2;1;60;0;4556828;90;0
11;19;78;12;39;28;46;5.20;1;1;1;56;0;4556846;414;0
11;19;78;12;39;28;72;3.60;4;2;1;55;0;4556872;76;4555497
11;19;78;12;39;29;80;3.40;3;2;1;59;0;4556980;120;4556382
11;19;78;12;39;30;10;4.80;2;1;1;59;0;4557010;157;4556382
11;19;78;12;39;30;31;4.00;4;2;1;57;0;4557031;135;4555497
11;19;78;12;39;31;32;4.00;3;2;1;60;0;4557132;131;4556382
11;19;78;12;39;31;80;3.80;4;2;1;57;0;4557180;123;4555497
11;19;78;12;39;31;76;8.00;2;1;2;61;0;4557176;136;4555497
11;19;78;12;39;33;20;3.40;1;1;1;54;0;4557320;440;0
11;19;78;12;39;33;84;9.60;4;2;2;59;0;4557384;180;4555497
11;19;78;12;39;34;35;3.20;3;2;1;59;0;4557435;279;0
11;19;78;12;39;34;99;4.60;2;1;1;62;0;4557499;275;0
11;19;78;12;39;36;19;3.60;1;1;1;55;0;4557619;276;0
11;19;78;12;39;36;13;3.60;4;2;1;58;0;4557613;170;4555497
11;19;78;12;39;36;17;3.20;3;2;1;60;0;4557617;162;4555497
11;19;78;12;39;37;50;3.80;3;2;1;60;0;4557750;113;4555497
11;19;78;12;39;37;79;3.40;1;1;1;55;0;4557779;136;4555497
11;19;78;12;39;39;39;3.80;4;2;1;62;0;4557939;303;0
11;19;78;12;39;39;51;3.60;3;2;1;61;0;4557951;178;0
11;19;78;12;39;39;83;3.40;1;1;1;54;0;4557983;181;0
11;19;78;12;39;42;10;3.80;1;1;1;57;0;4558210;204;0
11;19;78;12;39;43;44;3.80;1;1;1;55;0;4558344;110;0
11;19;78;12;39;44;64;5.60;1;1;1;55;0;4558464;95;0
11;19;78;12;39;46;76;4.80;2;1;1;53;0;4558676;1150;0
11;19;78;12;39;47;13;25.00;1;1;5;53;0;4558713;212;0
11;19;78;12;39;49;98;5.60;1;1;1;51;0;4558998;115;0
11;19;78;12;39;52;75;3.40;2;1;1;62;0;4559275;566;0
11;19;78;12;39;52;92;5.60;1;1;1;51;0;4559292;254;0
11;19;78;12;39;54;30;3.60;1;1;1;50;0;4559430;98;0
11;19;78;12;39;55;77;5.60;1;1;1;53;0;4559577;121;0
11;19;78;12;39;56;15;4.00;2;1;1;56;0;4559615;320;0
11;19;78;12;39;56;50;3.80;3;2;1;60;0;4559650;1677;0
11;19;78;12;39;56;50;2.20;4;2;0;60;1;4559650;1688;0
11;19;78;12;39;56;78;5.20;1;1;1;49;0;4559678;62;0
11;19;78;12;39;58;84;3.40;1;1;1;52;0;4559884;167;4559292
11;19;78;12;39;59;67;6.00;2;1;1;55;0;4559967;326;0
11;19;78;12;40;0;47;19.80;1;1;5;60;0;4560047;139;4559292
11;19;78;12;40;10;98;4.00;1;1;1;58;0;4561098;932;0
11;19;78;12;40;14;85;4.20;2;1;1;65;0;4561485;1478;0
11;19;78;12;40;17;55;3.80;1;1;1;61;0;4561755;632;0
11;19;78;12;40;17;92;4.20;4;2;1;62;0;4561792;3830;0
11;19;78;12;40;20;22;3.00;4;2;1;57;0;4562022;205;0
11;19;78;12;40;20;18;3.40;3;2;1;60;0;4562018;2345;0
11;19;78;12;40;22;17;3.40;4;2;1;62;0;4562217;176;0
11;19;78;12;40;23;86;3.00;4;2;1;58;0;4562386;149;0
11;19;78;12;40;25;6;3.20;2;1;1;51;0;4562506;997;0
11;19;78;12;40;27;0;4.60;2;1;1;50;0;4562700;171;0
11;19;78;12;40;34;90;3.80;3;2;1;60;0;4563490;1451;0
11;19;78;12;40;38;55;3.20;4;2;1;58;0;4563855;1450;0
11;19;78;12;40;40;37;3.60;4;2;1;59;0;4564037;162;0
11;19;78;12;40;43;47;4.60;1;1;1;53;0;4564347;2569;0
11;19;78;12;40;45;93;3.60;4;2;1;64;0;4564593;534;0
11;19;78;12;40;50;14;3.40;4;2;1;65;0;4565014;400;0
11;19;78;12;40;50;58;3.60;3;2;1;62;0;4565058;1545;0
11;19;78;12;40;52;15;3.40;3;2;1;62;0;4565215;136;0
11;19;78;12;40;53;70;3.40;4;2;1;57;0;4565370;337;0
11;19;78;12;40;53;74;4.60;3;2;1;64;0;4565374;139;0
11;19;78;12;40;55;33;7.80;4;2;2;58;0;4565533;141;0
11;19;78;12;40;56;88;3.40;3;2;1;62;0;4565688;288;0
11;19;78;12;40;57;77;4.00;4;2;1;56;0;4565777;195;0
11;19;78;12;40;58;94;4.80;3;2;1;61;0;4565894;186;0
11;19;78;12;40;59;60;6.60;4;2;1;59;0;4565960;157;0
11;19;78;12;41;0;14;3.80;3;2;1;61;0;4566014;91;0
11;19;78;12;41;1;51;3.20;4;2;1;61;0;4566151;150;4565370
11;19;78;12;41;1;93;3.60;3;2;1;59;0;4566193;156;4565370
11;19;78;12;41;2;85;3.60;3;2;1;58;0;4566285;70;4565688
11;19;78;12;41;3;43;3.80;4;2;1;58;0;4566343;173;4565370
11;19;78;12;41;5;18;3.60;3;2;1;63;0;4566518;210;0
11;19;78;12;41;6;46;5.20;4;2;1;58;0;4566646;279;0
11;19;78;12;41;6;70;7.20;3;2;1;63;0;4566670;131;0
11;19;78;12;41;7;42;4.00;4;2;1;60;0;4566742;63;0
11;19;78;12;41;8;64;4.00;1;1;1;53;0;4566864;2485;0
11;19;78;12;41;11;91;3.80;3;2;1;57;0;4567191;479;0
11;19;78;12;41;12;24;4.00;4;2;1;64;0;4567224;458;0
11;19;78;12;41;13;36;3.60;3;2;1;56;0;4567336;121;0
11;19;78;12;41;15;4;3.20;2;1;1;57;0;4567504;4770;0
11;19;78;12;41;15;29;2.80;3;2;1;57;0;4567529;169;0
11;19;78;12;41;15;70;4.20;4;2;1;56;0;4567570;323;0
11;19;78;12;41;16;46;3.20;1;1;1;58;0;4567646;754;0
11;19;78;12;41;16;53;3.80;2;1;1;56;0;4567653;128;0
11;19;78;12;41;16;61;3.20;3;2;1;57;0;4567661;114;0
11;19;78;12;41;17;31;3.20;4;2;1;57;0;4567731;134;0
11;19;78;12;41;17;48;3.60;3;2;1;56;0;4567748;66;4567191
11;19;78;12;41;17;70;3.80;1;1;1;57;0;4567770;104;4567191
11;19;78;12;41;17;82;3.00;2;1;1;54;0;4567782;104;4567191
11;19;78;12;41;17;96;3.40;4;2;1;56;0;4567796;44;4567191
11;19;78;12;41;18;70;3.20;3;2;1;58;0;4567870;98;4567191
11;19;78;12;41;20;81;3.20;3;2;1;59;0;4568081;191;4567191
11;19;78;12;41;21;30;3.60;2;1;1;57;0;4568130;328;0
11;19;78;12;41;21;77;3.20;1;1;1;51;0;4568177;383;0
11;19;78;12;41;22;14;4.00;2;1;1;57;0;4568214;61;0
11;19;78;12;41;23;5;3.60;2;1;1;57;0;4568305;65;0
11;19;78;12;41;23;3;3.00;1;1;1;47;0;4568303;103;0
11;19;78;12;41;23;78;8.40;1;1;2;46;0;4568378;52;0
11;19;78;12;41;24;46;5.20;2;1;1;56;0;4568446;118;0
11;19;78;12;41;24;64;3.80;3;2;1;58;0;4568464;363;0
11;19;78;12;41;26;35;5.00;1;1;1;51;0;4568635;191;0
11;19;78;12;41;27;69;3.80;2;1;1;57;0;4568769;289;0
11;19;78;12;41;28;52;3.80;1;1;1;49;0;4568852;181;4568177
11;19;78;12;41;29;56;3.60;2;1;1;54;0;4568956;163;4568177
11;19;78;12;41;30;42;3.60;1;1;1;49;0;4569042;162;4568177
11;19;78;12;41;31;59;3.40;2;1;1;52;0;4569159;179;4568177
11;19;78;12;41;32;97;3.80;2;1;1;54;0;4569297;114;4568177
11;19;78;12;41;33;39;3.20;1;1;1;48;0;4569339;270;0
11;19;78;12;41;34;19;7.80;1;1;2;47;0;4569419;56;0
11;19;78;12;41;35;18;3.40;2;1;1;54;0;4569518;195;4568769
11;19;78;12;41;36;11;3.40;1;1;1;50;0;4569611;132;4568769
11;19;78;12;41;36;61;3.60;2;1;1;56;0;4569661;120;4568769
11;19;78;12;41;37;66;3.60;2;1;1;58;0;4569766;81;4568769
11;19;78;12;41;38;42;3.40;1;1;1;46;0;4569842;206;0
11;19;78;12;41;39;66;3.40;1;1;1;47;0;4569966;97;0
11;19;78;12;41;40;35;3.80;2;1;1;52;0;4570035;246;0
11;19;78;12;41;40;97;3.40;1;1;1;49;0;4570097;104;0
11;19;78;12;41;42;79;3.20;2;1;1;51;0;4570279;217;0
11;19;78;12;41;42;79;3.40;1;1;1;49;0;4570279;157;0
11;19;78;12;41;43;87;3.80;2;1;1;52;0;4570387;85;0
11;19;78;12;41;44;41;3.60;1;1;1;49;0;4570441;137;4569842
11;19;78;12;41;45;37;3.20;1;1;1;48;0;4570537;69;4569842
11;19;78;12;41;46;28;3.00;2;1;1;52;0;4570628;214;0
11;19;78;12;41;47;24;3.80;1;1;1;53;0;4570724;163;4569842
11;19;78;12;41;48;47;4.00;1;1;1;56;0;4570847;97;4569842
11;19;78;12;41;48;49;5.40;2;1;1;49;0;4570849;200;0
11;19;78;12;41;49;54;3.80;1;1;1;55;0;4570954;81;4569842
11;19;78;12;41;53;1;3.60;2;1;1;53;0;4571301;412;0
11;19;78;12;41;52;43;12.80;1;1;3;50;0;4571243;264;0
11;19;78;12;41;55;14;3.80;2;1;1;52;0;4571514;188;0
11;19;78;12;41;56;18;3.60;1;1;1;46;0;4571618;282;0
11;19;78;12;41;56;60;3.40;2;1;1;51;0;4571660;119;0
11;19;78;12;41;58;81;3.80;2;1;1;47;0;4571881;197;0
11;19;78;12;42;0;35;3.60;1;1;1;45;0;4572035;388;0
11;19;78;12;42;0;61;3.60;2;1;1;45;0;4572061;150;4571301
11;19;78;12;42;1;70;3.80;4;2;1;57;0;4572170;4352;0
11;19;78;12;42;1;99;3.40;1;1;1;43;0;4572199;135;0
11;19;78;12;42;4;9;4.80;1;1;1;41;0;4572409;181;0
11;19;78;12;42;5;8;3.40;4;2;1;54;0;4572508;314;0
11;19;78;12;42;6;2;3.60;3;2;1;59;0;4572602;4114;0
11;19;78;12;42;6;36;3.60;4;2;1;55;0;4572636;105;0
11;19;78;12;42;6;23;3.60;1;1;1;41;0;4572623;171;0
11;19;78;12;42;8;40;3.20;1;1;1;41;0;4572840;185;4572035
11;19;78;12;42;9;50;3.80;4;2;1;52;0;4572950;290;0
11;19;78;12;42;10;5;3.20;2;1;1;58;0;4573005;915;0
11;19;78;12;42;10;55;3.60;1;1;1;43;0;4573055;186;4572035
11;19;78;12;42;11;97;4.60;4;2;1;54;0;4573197;220;0
11;19;78;12;42;12;75;3.00;1;1;1;40;0;4573275;189;4572035
11;19;78;12;42;15;16;3.60;1;1;1;36;0;4573516;214;0
11;19;78;12;42;17;75;3.60;4;2;1;62;0;4573775;547;0
11;19;78;12;42;19;56;3.20;4;2;1;61;0;4573956;160;0
11;19;78;12;42;23;37;3.80;3;2;1;63;0;4574337;1713;0
11;19;78;12;42;23;36;3.80;4;2;1;56;0;4574336;361;0
11;19;78;12;42;25;24;3.60;4;2;1;60;0;4574524;163;0
11;19;78;12;42;25;34;3.60;3;2;1;68;0;4574534;175;0
11;19;78;12;42;27;33;3.60;4;2;1;62;0;4574733;187;0
11;19;78;12;42;27;49;3.00;1;1;1;53;0;4574749;1197;0
11;19;78;12;42;27;71;4.40;3;2;1;64;0;4574771;217;0
11;19;78;12;42;31;7;4.60;4;2;1;62;0;4575107;353;0
11;19;78;12;42;31;74;3.60;3;2;1;61;0;4575174;378;0
11;19;78;12;42;32;84;3.60;3;2;1;62;0;4575284;88;0
11;19;78;12;42;34;10;3.60;4;2;1;60;0;4575410;276;0
11;19;78;12;42;34;54;3.80;3;2;1;60;0;4575454;149;0
11;19;78;12;42;35;79;3.80;3;2;1;60;0;4575579;102;0
11;19;78;12;42;36;67;4.00;3;2;1;61;0;4575667;65;4575174
11;19;78;12;42;37;23;3.40;4;2;1;58;0;4575723;291;0
11;19;78;12;42;38;45;5.40;4;2;1;55;0;4575845;100;0
11;19;78;12;42;40;66;3.20;3;2;1;58;0;4576066;375;0
11;19;78;12;42;41;18;4.60;4;2;1;58;0;4576118;237;0
11;19;78;12;42;43;7;3.40;4;2;1;60;0;4576307;160;0
11;19;78;12;42;43;8;3.20;2;1;1;52;0;4576308;3283;0
11;19;78;12;42;44;4;3.80;3;2;1;61;0;4576404;318;0
11;19;78;12;42;46;10;3.80;3;2;1;58;0;4576610;183;0
11;19;78;12;42;46;97;3.40;4;2;1;60;0;4576697;369;0
11;19;78;12;42;49;6;3.20;4;2;1;57;0;4576906;188;0
11;19;78;12;42;50;19;3.60;4;2;1;57;0;4577019;92;0
11;19;78;12;42;51;3;3.80;3;2;1;56;0;4577103;469;0
11;19;78;12;42;51;17;3.60;4;2;1;57;0;4577117;75;0
11;19;78;12;42;52;61;3.60;3;2;1;55;0;4577261;133;0
11;19;78;12;42;54;23;4.80;3;2;1;56;0;4577423;138;0
11;19;78;12;42;55;21;3.40;4;2;1;52;0;4577521;381;0
11;19;78;12;42;56;39;3.40;3;2;1;56;0;4577639;185;0
11;19;78;12;42;57;46;3.40;4;2;1;54;0;4577746;201;0
11;19;78;12;42;58;62;3.40;1;1;1;50;0;4577862;3092;0
11;19;78;12;43;0;21;3.40;1;1;1;47;0;4578021;134;0
11;19;78;12;43;1;71;3.00;1;1;1;47;0;4578171;123;0
11;19;78;12;43;2;4;3.40;2;1;1;50;0;4578204;1873;0
11;19;78;12;43;3;49;5.40;2;1;1;51;0;4578349;120;0
11;19;78;12;43;3;66;3.60;1;1;1;45;0;4578366;172;0
11;19;78;12;43;5;12;3.60;1;1;1;47;0;4578512;117;4577862
11;19;78;12;43;5;26;3.60;2;1;1;51;0;4578526;138;4577862
11;19;78;12;43;7;33;3.00;2;1;1;51;0;4578733;181;4577862
11;19;78;12;43;7;65;14.60;1;1;3;54;0;4578765;225;0
11;19;78;12;43;8;42;3.40;2;1;1;52;0;4578842;87;4578204
11;19;78;12;43;10;47;3.80;2;1;1;55;0;4579047;181;4578204
11;19;78;12;43;11;53;3.80;1;1;1;48;0;4579153;290;0
11;19;78;12;43;12;12;3.80;2;1;1;57;0;4579212;140;4578204
11;19;78;12;43;13;24;3.80;2;1;1;56;0;4579324;88;4578204
11;19;78;12;43;13;43;3.60;1;1;1;51;0;4579343;161;4578204
11;19;78;12;43;14;66;3.60;4;2;1;60;0;4579466;1697;0
11;19;78;12;43;14;92;3.60;1;1;1;53;0;4579492;123;0
11;19;78;12;43;16;15;4.00;1;1;1;53;0;4579615;98;0
11;19;78;12;43;16;87;3.80;2;1;1;54;0;4579687;338;0
11;19;78;12;43;17;34;4.00;4;2;1;58;0;4579734;246;0
11;19;78;12;43;17;65;3.80;1;1;1;54;0;4579765;122;4579153
11;19;78;12;43;19;85;3.20;1;1;1;52;0;4579985;194;4579153
11;19;78;12;43;19;74;7.60;2;1;2;59;0;4579974;261;0
11;19;78;12;43;21;27;3.80;1;1;1;54;0;4580127;119;4579153
11;19;78;12;43;22;94;3.80;1;1;1;50;0;4580294;141;4579153
11;19;78;12;43;23;39;4.60;2;1;1;60;0;4580339;318;0
11;19;78;12;43;25;49;3.20;3;2;1;51;0;4580549;2888;0
11;19;78;12;43;26;70;3.80;1;1;1;51;0;4580670;348;0
11;19;78;12;43;28;67;3.20;2;1;1;56;0;4580867;500;0
11;19;78;12;43;30;51;3.40;2;1;1;53;0;4581051;163;0
11;19;78;12;43;30;78;4.00;1;1;1;56;0;4581078;381;0
11;19;78;12;43;37;68;3.80;4;2;1;60;0;4581768;2009;0
11;19;78;12;43;38;36;4.00;2;1;1;51;0;4581836;761;0
11;19;78;12;43;38;71;3.20;1;1;1;62;0;4581871;767;0
11;19;78;12;43;44;25;3.00;4;2;1;52;0;4582425;634;0
11;19;78;12;43;45;4;3.60;3;2;1;62;0;4582504;1932;0
11;19;78;12;43;45;75;4.00;4;2;1;52;0;4582575;129;0
11;19;78;12;43;46;72;3.20;3;2;1;54;0;4582672;147;0
11;19;78;12;43;47;20;3.40;4;2;1;54;0;4582720;117;0
11;19;78;12;43;47;50;3.20;1;1;1;55;0;4582750;860;0
11;19;78;12;43;48;8;3.60;3;2;1;60;0;4582808;114;0
11;19;78;12;43;48;59;3.80;1;1;1;57;0;4582859;88;0
11;19;78;12;43;49;41;5.00;1;1;1;56;0;4582941;58;0
11;19;78;12;43;49;50;3.80;4;2;1;52;0;4582950;207;0
11;19;78;12;43;51;13;3.80;3;2;1;56;0;4583113;283;0
11;19;78;12;43;51;23;3.40;4;2;1;50;0;4583123;146;0
11;19;78;12;44;7;17;3.80;4;2;1;63;0;4584717;1569;0
11;19;78;12;44;10;89;3.60;3;2;1;60;0;4585089;1951;0
11;19;78;12;44;11;21;12.40;4;2;3;60;0;4585121;382;0
11;19;78;12;44;11;80;4.00;3;2;1;60;0;4585180;69;0
11;19;78;12;44;12;48;3.60;2;1;1;59;0;4585248;3383;0
11;19;78;12;44;12;97;3.60;3;2;1;61;0;4585297;93;0
11;19;78;12;44;13;84;3.60;4;2;1;58;0;4585384;188;0
11;19;78;12;44;14;43;4.00;3;2;1;61;0;4585443;124;0
11;19;78;12;44;15;12;3.80;4;2;1;58;0;4585512;105;0
11;19;78;12;44;15;82;5.00;3;2;1;58;0;4585582;115;4585089
11;19;78;12;44;17;7;3.60;4;2;1;55;0;4585707;171;4585089
11;19;78;12;44;17;57;4.00;3;2;1;66;0;4585757;143;4585089
11;19;78;12;44;18;10;3.80;4;2;1;58;0;4585810;79;4585121
11;19;78;12;44;19;99;3.00;4;2;1;57;0;4585999;165;4585121
11;19;78;12;44;20;27;3.20;3;2;1;62;0;4586027;248;0
11;19;78;12;44;21;52;3.80;4;2;1;57;0;4586152;134;4585121
11;19;78;12;44;22;4;7.60;3;2;2;63;0;4586204;158;4585121
11;19;78;12;44;23;56;3.80;4;2;1;56;0;4586356;180;4585121
11;19;78;12;44;23;80;4.60;3;2;1;62;0;4586380;132;4585121
11;19;78;12;44;24;90;3.80;4;2;1;55;0;4586490;109;4585121
11;19;78;12;44;25;38;3.40;3;2;1;67;0;4586538;131;4585121
11;19;78;12;44;26;34;3.80;4;2;1;55;0;4586634;119;4585121
11;19;78;12;44;28;90;3.60;3;2;1;57;0;4586890;333;0
11;19;78;12;44;29;78;9.60;4;2;2;61;0;4586978;319;0
11;19;78;12;44;30;25;3.40;3;2;1;56;0;4587025;112;0
11;19;78;12;44;31;71;3.20;1;1;1;53;0;4587171;4197;0
11;19;78;12;44;31;99;3.40;3;2;1;59;0;4587199;152;0
11;19;78;12;44;33;13;6.20;3;2;1;58;0;4587313;93;0
11;19;78;12;44;35;52;3.40;1;1;1;53;0;4587552;359;0
11;19;78;12;44;35;84;3.20;4;2;1;57;0;4587584;549;0
11;19;78;12;44;37;46;3.80;3;2;1;60;0;4587746;394;0
11;19;78;12;44;38;13;4.00;4;2;1;56;0;4587813;208;0
11;19;78;12;44;40;83;4.00;2;1;1;56;0;4588083;2813;0
11;19;78;12;44;41;30;3.20;4;2;1;57;0;4588130;291;0
11;19;78;12;44;42;1;3.80;2;1;1;59;0;4588201;92;0
11;19;78;12;44;42;28;3.20;4;2;1;57;0;4588228;77;0
11;19;78;12;44;42;12;6.20;1;1;1;58;0;4588212;636;0
11;19;78;12;44;43;48;3.60;1;1;1;60;0;4588348;97;0
11;19;78;12;44;43;79;3.60;4;2;1;57;0;4588379;130;0
11;19;78;12;44;45;19;5.80;1;1;1;53;0;4588519;149;0
11;19;78;12;44;47;10;3.00;2;1;1;59;0;4588710;485;0
11;19;78;12;44;47;71;3.60;1;1;1;54;0;4588771;212;0
11;19;78;12;44;48;50;4.00;2;1;1;54;0;4588850;121;0
11;19;78;12;44;48;55;4.80;1;1;1;56;0;4588855;60;0
11;19;78;12;44;49;83;4.60;1;1;1;56;0;4588983;97;0
11;19;78;12;44;52;55;3.20;2;1;1;58;0;4589255;378;0
11;19;78;12;44;54;15;3.60;2;1;1;59;0;4589415;140;0
11;19;78;12;44;54;29;3.20;1;1;1;55;0;4589429;416;0
11;19;78;12;44;54;29;3.40;4;2;1;59;0;4589429;1027;0
11;19;78;12;44;56;10;4.00;4;2;1;62;0;4589610;160;0
11;19;78;12;44;56;34;3.60;1;1;1;52;0;4589634;184;0
11;19;78;12;44;57;31;4.20;1;1;1;51;0;4589731;72;0
11;19;78;12;44;58;75;3.60;4;2;1;65;0;4589875;241;0
11;19;78;12;44;59;50;3.20;1;1;1;51;0;4589950;189;0
11;19;78;12;45;0;67;3.20;1;1;1;51;0;4590067;94;4589429
11;19;78;12;45;2;22;5.00;1;1;1;51;0;4590222;132;4589429
11;19;78;12;45;3;48;3.80;2;1;1;49;0;4590348;911;0
11;19;78;12;45;3;90;3.80;1;1;1;51;0;4590390;132;4589429
11;19;78;12;45;5;20;3.80;1;1;1;52;0;4590520;103;4589429
11;19;78;12;45;6;54;3.80;1;1;1;47;0;4590654;107;4589429
11;19;78;12;45;8;92;4.80;1;1;1;43;0;4590892;208;0
11;19;78;12;45;10;72;3.80;2;1;1;55;0;4591072;696;0
11;19;78;12;45;11;14;3.60;1;1;1;44;0;4591114;181;0
11;19;78;12;45;12;71;3.80;1;1;1;45;0;4591271;127;0
11;19;78;12;45;14;14;3.80;4;2;1;60;0;4591414;1519;0
11;19;78;12;45;14;40;3.40;1;1;1;43;0;4591440;138;0
11;19;78;12;45;14;77;3.60;3;2;1;62;0;4591477;3708;0
11;19;78;12;45;15;89;3.60;4;2;1;60;0;4591589;152;0
11;19;78;12;45;16;28;3.60;3;2;1;60;0;4591628;130;0
11;19;78;12;45;17;28;3.60;4;2;1;57;0;4591728;117;0
11;19;78;12;45;17;54;9.60;1;1;2;46;0;4591754;285;0
11;19;78;12;45;19;4;3.60;3;2;1;63;0;4591904;254;0
11;19;78;12;45;20;27;3.60;4;2;1;57;0;4592027;276;0
11;19;78;12;45;21;51;5.80;1;1;1;51;0;4592151;321;0
11;19;78;12;45;23;20;3.80;4;2;1;58;0;4592320;270;0
11;19;78;12;45;23;28;3.20;1;1;1;52;0;4592328;136;0
11;19;78;12;45;25;37;3.20;2;1;1;58;0;4592537;1440;0
11;19;78;12;45;25;38;3.80;4;2;1;57;0;4592538;194;0
11;19;78;12;45;25;77;3.20;1;1;1;51;0;4592577;226;0
11;19;78;12;45;27;30;3.60;1;1;1;51;0;4592730;130;0
11;19;78;12;45;28;35;3.60;2;1;1;49;0;4592835;278;0
11;19;78;12;45;29;92;4.60;1;1;1;45;0;4592992;236;0
11;19;78;12;45;30;49;3.60;2;1;1;51;0;4593049;187;0
11;19;78;12;45;31;61;3.60;1;1;1;43;0;4593161;132;0
11;19;78;12;45;33;88;3.60;3;2;1;61;0;4593388;1463;0
11;19;78;12;45;34;10;3.40;4;2;1;55;0;4593410;848;0
11;19;78;12;45;34;17;3.60;1;1;1;41;0;4593417;225;0
11;19;78;12;45;34;60;3.60;2;1;1;46;0;4593460;385;0
11;19;78;12;45;35;60;4.60;1;1;1;46;0;4593560;111;0
11;19;78;12;45;36;18;3.40;4;2;1;54;0;4593618;185;0
11;19;78;12;45;36;83;3.40;2;1;1;56;0;4593683;194;0
11;19;78;12;45;37;71;3.20;1;1;1;53;0;4593771;175;0
11;19;78;12;45;39;79;3.60;2;1;1;58;0;4593979;274;0
11;19;78;12;45;46;73;3.80;3;2;1;62;0;4594673;1263;0
11;19;78;12;45;49;6;3.40;4;2;1;59;0;4594906;1265;0
11;19;78;12;45;49;35;4.00;3;2;1;65;0;4594935;239;0
11;19;78;12;45;50;17;3.80;4;2;1;60;0;4595017;90;0
11;19;78;12;45;52;6;3.80;3;2;1;60;0;4595206;248;0
11;19;78;12;45;53;55;3.00;4;2;1;58;0;4595355;315;0
11;19;78;12;45;53;85;3.80;3;2;1;59;0;4595385;156;0
11;19;78;12;45;55;88;2.80;3;2;1;57;0;4595588;179;0
11;19;78;12;45;56;61;3.80;3;2;1;57;0;4595661;55;0
11;19;78;12;45;56;73;3.40;4;2;1;57;0;4595673;299;0
11;19;78;12;45;57;81;3.60;3;2;1;60;0;4595781;96;4595206
11;19;78;12;45;57;99;3.20;4;2;1;56;0;4595799;104;4595206
11;19;78;12;45;58;73;3.60;3;2;1;59;0;4595873;70;4595206
11;19;78;12;45;59;24;3.60;4;2;1;56;0;4595924;104;4595206
11;19;78;12;46;0;26;4.60;4;2;1;54;0;4596026;78;4595206
11;19;78;12;46;0;42;3.80;3;2;1;57;0;4596042;147;4595206
11;19;78;12;46;1;86;3.40;3;2;1;57;0;4596186;120;4595206
11;19;78;12;46;3;85;3.60;3;2;1;62;0;4596385;177;4595206
11;19;78;12;46;4;62;3.80;4;2;1;58;0;4596462;405;0
11;19;78;12;46;5;13;3.80;3;2;1;62;0;4596513;107;4595206
11;19;78;12;46;6;32;3.00;4;2;1;56;0;4596632;146;4595206
11;19;78;12;46;6;62;4.60;3;2;1;62;0;4596662;126;4595206
11;19;78;12;46;8;36;5.60;3;2;1;61;0;4596836;147;4595206
11;19;78;12;46;8;98;3.40;4;2;1;55;0;4596898;246;0
11;19;78;12;46;9;74;4.00;1;1;1;54;0;4596974;3181;0
11;19;78;12;46;9;96;3.60;2;1;1;59;0;4596996;2994;0
11;19;78;12;46;10;20;4.00;4;2;1;56;0;4597020;99;0
11;19;78;12;46;11;12;4.40;3;2;1;63;0;4597112;242;0
11;19;78;12;46;11;32;5.20;2;1;1;57;0;4597132;114;0
11;19;78;12;46;11;66;3.80;1;1;1;55;0;4597166;165;0
11;19;78;12;46;12;70;5.20;1;1;1;59;0;4597270;79;0
11;19;78;12;46;12;84;5.00;4;2;1;58;0;4597284;238;0
11;19;78;12;46;14;70;4.20;3;2;1;62;0;4597470;332;0
11;19;78;12;46;15;6;4.40;2;1;1;61;0;4597506;341;0
11;19;78;12;46;15;27;3.60;1;1;1;58;0;4597527;225;0
11;19;78;12;46;16;1;3.20;4;2;1;59;0;4597601;285;0
11;19;78;12;46;17;14;3.40;1;1;1;62;0;4597714;164;0
11;19;78;12;46;17;59;3.60;2;1;1;63;0;4597759;227;0
11;19;78;12;46;17;90;4.40;4;2;1;61;0;4597790;169;0
11;19;78;12;46;18;28;3.20;3;2;1;53;0;4597828;333;0
11;19;78;12;46;18;82;4.00;1;1;1;59;0;4597882;148;0
11;19;78;12;46;20;69;3.60;3;2;1;59;0;4598069;219;0
11;19;78;12;46;21;39;3.40;1;1;1;58;0;4598139;232;0
11;19;78;12;46;21;96;4.00;4;2;1;56;0;4598196;380;0
11;19;78;12;46;21;99;4.60;2;1;1;60;0;4598199;419;0
11;19;78;12;46;22;24;5.20;1;1;1;58;0;4598224;63;0
11;19;78;12;46;23;30;3.00;4;2;1;54;0;4598330;108;0
11;19;78;12;46;23;58;3.60;1;1;1;57;0;4598358;101;0
11;19;78;12;46;24;63;4.00;4;2;1;56;0;4598463;113;0
11;19;78;12;46;25;78;3.20;3;2;1;73;0;4598578;487;0
11;19;78;12;46;26;59;3.40;4;2;1;54;0;4598659;170;0
11;19;78;12;46;27;3;3.60;1;1;1;54;0;4598703;322;0
11;19;78;12;46;27;17;3.20;2;1;1;57;0;4598717;490;0
11;19;78;12;46;27;76;3.60;4;2;1;54;0;4598776;94;4598196
11;19;78;12;46;27;97;4.40;2;1;1;56;0;4598797;59;4598196
11;19;78;12;46;29;48;3.60;1;1;1;57;0;4598948;221;0
11;19;78;12;46;30;81;3.40;1;1;1;55;0;4599081;110;0
11;19;78;12;46;31;19;3.80;3;2;1;61;0;4599119;525;0
11;19;78;12;46;32;73;4.80;1;1;1;54;0;4599273;169;0
11;19;78;12;46;33;80;3.80;1;1;1;54;0;4599380;75;0
11;19;78;12;46;33;87;3.40;2;1;1;59;0;4599387;561;0
11;19;78;12;46;34;84;4.00;1;1;1;55;0;4599484;78;4598948
11;19;78;12;46;36;63;3.40;1;1;1;54;0;4599663;152;4598948
11;19;78;12;46;38;7;20.60;1;1;5;48;0;4599807;121;4598948
11;19;78;12;46;41;7;3.40;2;1;1;61;0;4600107;699;0
11;19;78;12;46;41;27;3.40;1;1;1;45;0;4600127;165;4598948
11;19;78;12;46;42;26;3.60;2;1;1;60;0;4600226;98;4598948
11;19;78;12;46;42;20;6.40;1;1;1;43;0;4600220;65;4598948
11;19;78;12;46;46;15;3.40;1;1;1;54;0;4600615;341;0
11;19;78;12;46;46;76;3.80;4;2;1;62;0;4600676;1876;0
11;19;78;12;46;48;15;3.20;1;1;1;53;0;4600815;177;0
11;19;78;12;46;48;90;3.80;1;1;1;49;0;4600890;53;0
11;19;78;12;46;49;88;5.00;2;1;1;52;0;4600988;740;0
11;19;78;12;46;50;6;3.80;1;1;1;47;0;4601006;88;0
11;19;78;12;46;51;56;3.60;2;1;1;53;0;4601156;133;0
11;19;78;12;46;52;8;3.80;1;1;1;50;0;4601208;172;4600615
11;19;78;12;46;52;9;5.00;3;2;1;59;0;4601209;2067;0
11;19;78;12;46;58;12;3.20;4;2;1;56;0;4601812;1113;0
11;19;78;12;46;59;64;3.60;1;1;1;50;0;4601964;728;0
11;19;78;12;46;59;90;4.80;2;1;1;56;0;4601990;809;0
11;19;78;12;47;0;97;3.80;4;2;1;58;0;4602097;264;0
11;19;78;12;47;1;21;3.40;2;1;1;56;0;4602121;100;0
11;19;78;12;47;2;51;3.60;4;2;1;58;0;4602251;130;0
11;19;78;12;47;4;95;3.20;4;2;1;61;0;4602495;221;0
11;19;78;12;47;6;92;3.40;4;2;1;58;0;4602692;178;0
11;19;78;12;47;8;11;3.40;3;2;1;61;0;4602811;1571;0
11;19;78;12;47;8;38;3.20;4;2;1;57;0;4602838;124;0
11;19;78;12;47;9;34;3.40;3;2;1;53;0;4602934;102;0
11;19;78;12;47;9;71;3.00;4;2;1;55;0;4602971;112;0
11;19;78;12;47;11;29;3.60;4;2;1;54;0;4603129;138;4602495
11;19;78;12;47;21;77;3.20;1;1;1;59;0;4604177;2187;0
11;19;78;12;47;27;12;6.20;4;2;1;60;0;4604712;1559;0
11;19;78;12;47;28;82;3.80;3;2;1;65;0;4604882;1924;0
11;19;78;12;47;30;3;4.20;3;2;1;64;0;4605003;99;0
11;19;78;12;47;31;31;4.00;3;2;1;62;0;4605131;104;0
11;19;78;12;47;34;3;3.80;3;2;1;64;0;4605403;248;0
11;19;78;12;47;34;10;3.80;4;2;1;57;0;4605410;660;0
11;19;78;12;47;35;97;3.60;4;2;1;59;0;4605597;163;0
11;19;78;12;47;36;37;3.80;3;2;1;61;0;4605637;212;0
11;19;78;12;47;37;84;3.80;4;2;1;56;0;4605784;165;0
11;19;78;12;47;38;18;3.40;3;2;1;60;0;4605818;158;0
11;19;78;12;47;39;51;3.80;3;2;1;58;0;4605951;112;0
11;19;78;12;47;39;94;3.60;4;2;1;54;0;4605994;185;0
11;19;78;12;47;41;51;4.20;4;2;1;53;0;4606151;133;4605410
11;19;78;12;47;54;96;3.60;4;2;1;63;0;4607496;1316;0
11;19;78;12;47;55;22;3.00;3;2;1;53;0;4607522;1547;0
11;19;78;12;47;56;53;3.20;4;2;1;59;0;4607653;136;0
11;19;78;12;47;57;86;3.80;4;2;1;57;0;4607786;113;0
11;19;78;12;47;58;43;3.80;1;1;1;60;0;4607843;3646;0
11;19;78;12;47;58;51;3.80;3;2;1;62;0;4607851;308;0
11;19;78;12;47;59;52;4.80;4;2;1;52;0;4607952;142;0
11;19;78;12;47;59;89;3.80;3;2;1;62;0;4607989;115;0
11;19;78;12;48;0;91;6.20;4;2;1;56;0;4608091;105;4607496
11;19;78;12;48;1;39;3.20;3;2;1;64;0;4608139;127;4607496
11;19;78;12;48;1;51;3.20;2;1;1;56;0;4608151;6008;0
11;19;78;12;48;1;94;3.40;1;1;1;56;0;4608194;328;0
11;19;78;12;48;2;78;5.00;4;2;1;54;0;4608278;147;4607496
11;19;78;12;48;3;6;3.60;2;1;1;58;0;4608306;134;4607496
11;19;78;12;48;3;38;3.80;3;2;1;66;0;4608338;181;4607496
11;19;78;12;48;4;13;10.00;2;1;2;58;0;4608413;84;4607496
11;19;78;12;48;5;1;3.40;1;1;1;57;0;4608501;285;0
11;19;78;12;48;4;71;6.20;4;2;1;52;0;4608471;159;4607496
11;19;78;12;48;5;54;8.60;3;2;2;62;0;4608554;195;4607851
11;19;78;12;48;6;24;3.80;1;1;1;57;0;4608624;101;4607851
11;19;78;12;48;6;34;3.80;4;2;1;54;0;4608634;120;4607496
11;19;78;12;48;7;53;3.00;3;2;1;59;0;4608753;149;4607851
11;19;78;12;48;8;9;8.80;4;2;2;54;0;4608809;149;4607496
11;19;78;12;48;8;88;4.40;2;1;1;54;0;4608888;412;0
11;19;78;12;48;9;76;3.20;3;2;1;58;0;4608976;204;0
11;19;78;12;48;9;67;13.00;1;1;3;56;0;4608967;319;0
11;19;78;12;48;10;83;3.40;4;2;1;54;0;4609083;215;0
11;19;78;12;48;11;63;4.20;3;2;1;59;0;4609163;167;0
11;19;78;12;48;12;2;3.80;1;1;1;49;0;4609202;151;0
11;19;78;12;48;12;27;4.00;2;1;1;59;0;4609227;309;0
11;19;78;12;48;13;8;3.80;1;1;1;50;0;4609308;78;0
11;19;78;12;48;14;73;3.80;1;1;1;52;0;4609473;137;0
11;19;78;12;48;14;79;5.00;4;2;1;61;0;4609479;373;0
11;19;78;12;48;16;96;3.80;2;1;1;57;0;4609696;444;0
11;19;78;12;48;19;33;11.20;1;1;3;48;0;4609933;433;0
11;19;78;12;48;19;33;11.20;4;2;3;44;0;4609933;424;0
11;19;78;12;48;20;66;3.40;2;1;1;57;0;4610066;346;0
11;19;78;12;48;21;49;21.40;4;2;5;44;0;4610149;124;0
11;19;78;12;48;24;26;3.40;4;2;1;44;0;4610426;101;0
11;19;78;12;48;25;82;2.80;4;2;1;42;0;4610582;128;0
11;19;78;12;48;26;76;3.20;3;2;1;55;0;4610676;1487;0
11;19;78;12;48;26;67;4.00;1;1;1;47;0;4610667;650;0
11;19;78;12;48;28;80;3.40;4;2;1;56;0;4610880;274;0
11;19;78;12;48;28;77;4.60;2;1;1;53;0;4610877;789;0
11;19;78;12;48;29;24;3.60;1;1;1;45;0;4610924;226;0
11;19;78;12;48;30;30;3.80;2;1;1;56;0;4611030;121;0
11;19;78;12;48;31;1;3.60;1;1;1;45;0;4611101;148;0
11;19;78;12;48;32;21;3.00;2;1;1;57;0;4611221;166;0
11;19;78;12;48;32;12;4.40;1;1;1;44;0;4611212;82;0
11;19;78;12;48;33;70;9.60;1;1;2;45;0;4611370;122;0
11;19;78;12;48;35;70;3.60;1;1;1;47;0;4611570;123;4610924
11;19;78;12;48;35;96;3.40;2;1;1;54;0;4611596;356;0
11;19;78;12;48;36;79;3.60;4;2;1;63;0;4611679;777;0
11;19;78;12;48;37;14;3.20;1;1;1;48;0;4611714;116;4610924
11;19;78;12;48;37;29;3.40;2;1;1;54;0;4611729;110;4610924
11;19;78;12;48;38;57;3.60;1;1;1;48;0;4611857;119;4610924
11;19;78;12;48;39;15;4.80;2;1;1;56;0;4611915;163;4610924
11;19;78;12;48;40;75;3.20;1;1;1;49;0;4612075;191;4610924
11;19;78;12;48;42;12;3.40;2;1;1;54;0;4612212;266;0
11;19;78;12;48;43;90;3.60;4;2;1;61;0;4612390;690;0
11;19;78;12;48;44;20;3.20;2;1;1;55;0;4612420;185;0
11;19;78;12;48;45;4;5.40;4;2;1;59;0;4612504;92;0
11;19;78;12;48;46;21;4.00;1;1;1;62;0;4612621;522;0
11;19;78;12;48;50;12;3.80;1;1;1;56;0;4613012;367;0
11;19;78;12;48;49;77;14.40;4;2;4;57;0;4612977;440;0
11;19;78;12;48;52;50;3.20;1;1;1;61;0;4613250;213;0
11;19;78;12;48;54;83;4.20;1;1;1;59;0;4613483;214;0
11;19;78;12;49;0;52;3.00;4;2;1;54;0;4614052;984;0
11;19;78;12;49;3;77;3.20;2;1;1;60;0;4614377;1936;0
11;19;78;12;49;4;14;5.00;4;2;1;50;0;4614414;342;0
11;19;78;12;49;6;47;3.00;3;2;1;64;0;4614647;3950;0
11;19;78;12;49;9;34;3.40;3;2;1;62;0;4614934;270;0
11;19;78;12;49;9;91;3.60;4;2;1;60;0;4614991;541;0
11;19;78;12;49;11;62;3.80;4;2;1;60;0;4615162;149;0
11;19;78;12;49;12;81;3.20;1;1;1;54;0;4615281;1772;0
11;19;78;12;49;13;13;3.80;3;2;1;78;0;4615313;359;0
11;19;78;12;49;13;47;3.40;4;2;1;59;0;4615347;162;0
11;19;78;12;49;13;48;3.20;2;1;1;55;0;4615348;951;0
11;19;78;12;49;13;91;3.40;1;1;1;55;0;4615391;88;0
11;19;78;12;49;15;54;3.60;4;2;1;62;0;4615554;186;0
11;19;78;12;49;16;7;3.80;3;2;1;60;0;4615607;276;0
11;19;78;12;49;17;20;4.00;4;2;1;58;0;4615720;145;4614991
11;19;78;12;49;18;41;5.00;3;2;1;66;0;4615841;211;0
11;19;78;12;49;19;26;3.20;4;2;1;58;0;4615926;181;4614991
11;19;78;12;49;19;89;3.60;3;2;1;62;0;4615989;120;4614991
11;19;78;12;49;22;51;4.00;3;2;1;62;0;4616251;241;0
11;19;78;12;49;23;9;4.00;4;2;1;57;0;4616309;363;0
11;19;78;12;49;23;77;3.40;3;2;1;60;0;4616377;102;0
11;19;78;12;49;26;20;4.40;3;2;1;62;0;4616620;222;0
11;19;78;12;49;26;75;5.80;4;2;1;56;0;4616675;340;0
11;19;78;12;49;28;2;4.40;3;2;1;63;0;4616802;156;0
11;19;78;12;49;28;23;3.80;4;2;1;56;0;4616823;110;0
11;19;78;12;49;30;4;4.40;4;2;1;57;0;4617004;156;0
11;19;78;12;49;32;15;3.40;3;2;1;65;0;4617215;387;0
11;19;78;12;49;32;15;3.80;4;2;1;53;0;4617215;183;0
11;19;78;12;49;33;69;3.80;4;2;1;52;0;4617369;128;4616675
11;19;78;12;49;35;67;3.20;1;1;1;55;0;4617567;2153;0
11;19;78;12;49;35;63;7.80;4;2;2;53;0;4617563;167;4616675
11;19;78;12;49;36;59;3.20;3;2;1;59;0;4617659;425;0
11;19;78;12;49;38;27;3.60;4;2;1;53;0;4617827;211;0
11;19;78;12;49;39;49;3.20;3;2;1;62;0;4617949;270;0
11;19;78;12;49;39;90;3.20;4;2;1;53;0;4617990;138;0
11;19;78;12;49;41;25;3.20;3;2;1;55;0;4618125;157;0
11;19;78;12;49;43;73;4.60;3;2;1;55;0;4618373;227;0
11;19;78;12;49;45;3;5.20;3;2;1;57;0;4618503;99;0
11;19;78;12;49;55;60;3.40;1;1;1;49;0;4619560;1972;0
11;19;78;12;49;56;58;3.80;4;2;1;64;0;4619658;1646;0
11;19;78;12;49;58;82;3.40;4;2;1;63;0;4619882;202;0
11;19;78;12;49;59;82;3.20;1;1;1;55;0;4619982;397;0
11;19;78;12;50;3;75;3.60;4;2;1;61;0;4620375;473;0
11;19;78;12;50;4;1;3.20;2;1;1;58;0;4620401;5032;0
11;19;78;12;50;5;97;4.60;2;1;1;61;0;4620597;176;0
11;19;78;12;50;7;83;3.80;1;1;1;53;0;4620783;780;0
11;19;78;12;50;7;95;12.80;2;1;7;60;0;4620795;170;0
11;19;78;12;50;9;73;3.40;1;1;1;53;0;4620973;164;0
11;19;78;12;50;9;71;10.00;2;1;2;56;0;4620971;99;0
11;19;78;12;50;11;76;3.40;1;1;1;57;0;4621176;179;0
11;19;78;12;50;13;51;3.20;2;1;1;52;0;4621351;315;0
11;19;78;12;50;14;43;4.00;1;1;1;58;0;4621443;245;0
11;19;78;12;50;14;93;4.60;2;1;1;54;0;4621493;119;0
11;19;78;12;50;16;9;3.80;3;2;1;61;0;4621609;3073;0
11;19;78;12;50;16;54;5.00;1;1;1;53;0;4621654;186;0
11;19;78;12;50;16;77;3.80;4;2;1;63;0;4621677;1280;0
11;19;78;12;50;16;96;3.60;2;1;1;56;0;4621696;172;0
11;19;78;12;50;17;7;3.80;3;2;1;59;0;4621707;75;0
11;19;78;12;50;18;49;3.80;2;1;1;60;0;4621849;129;0
11;19;78;12;50;18;70;11.20;1;1;2;55;0;4621870;182;0
11;19;78;12;50;23;7;3.60;1;1;1;57;0;4622307;363;0
11;19;78;12;50;23;75;3.20;4;2;1;56;0;4622375;676;0
11;19;78;12;50;24;19;3.80;2;1;1;62;0;4622419;547;0
11;19;78;12;50;24;79;3.20;1;1;1;54;0;4622479;149;0
11;19;78;12;50;26;43;3.60;1;1;1;50;0;4622643;142;0
11;19;78;12;50;27;68;4.40;1;1;1;49;0;4622768;99;0
11;19;78;12;50;28;15;3.60;4;2;1;59;0;4622815;419;0
11;19;78;12;50;28;72;3.80;1;1;1;48;0;4622872;71;4622307
11;19;78;12;50;29;26;3.40;2;1;1;59;0;4622926;484;0
11;19;78;12;50;30;96;3.40;2;1;1;64;0;4623096;149;0
11;19;78;12;50;30;98;5.00;1;1;1;52;0;4623098;197;4622307
11;19;78;12;50;32;58;4.00;1;1;1;52;0;4623258;125;4622307
11;19;78;12;50;34;13;3.20;4;2;1;56;0;4623413;576;0
11;19;78;12;50;34;44;3.80;1;1;1;52;0;4623444;158;4622307
11;19;78;12;50;37;31;3.60;1;1;1;47;0;4623731;260;0
11;19;78;12;50;37;74;3.20;2;1;1;63;0;4623774;658;0
11;19;78;12;50;39;24;3.00;3;2;1;59;0;4623924;2193;0
11;19;78;12;50;39;68;3.40;1;1;1;46;0;4623968;209;0
11;19;78;12;50;40;25;3.60;2;1;1;58;0;4624025;232;0
11;19;78;12;50;41;78;3.20;1;1;1;57;0;4624178;183;0
11;19;78;12;50;43;9;3.80;2;1;1;57;0;4624309;261;0
11;19;78;12;50;43;17;3.00;1;1;1;50;0;4624317;118;0
11;19;78;12;50;43;30;5.60;3;2;1;66;0;4624330;387;0
11;19;78;12;50;43;20;12.20;4;2;3;61;0;4624320;886;0
11;19;78;12;50;44;71;3.60;1;1;1;44;0;4624471;132;0
11;19;78;12;50;46;8;4.20;2;1;1;49;0;4624608;275;0
11;19;78;12;50;46;78;3.40;1;1;1;52;0;4624678;177;4623968
11;19;78;12;50;47;47;3.00;3;2;1;61;0;4624747;386;0
11;19;78;12;50;48;1;4.80;4;2;1;59;0;4624801;409;0
11;19;78;12;50;47;98;3.60;2;1;1;50;0;4624798;159;0
11;19;78;12;50;49;22;3.20;1;1;1;54;0;4624922;220;0
11;19;78;12;50;50;27;2.60;3;2;1;69;0;4625027;262;0
11;19;78;12;50;51;20;3.40;4;2;1;60;0;4625120;289;0
11;19;78;12;50;53;5;3.80;2;1;1;56;0;4625305;481;0
11;19;78;12;50;54;16;3.60;2;1;1;58;0;4625416;86;0
11;19;78;12;50;54;35;3.20;1;1;1;50;0;4625435;491;0
11;19;78;12;50;54;90;3.40;3;2;1;66;0;4625490;449;0
11;19;78;12;50;55;20;3.60;2;1;1;54;0;4625520;81;0
11;19;78;12;50;55;79;3.60;4;2;1;57;0;4625579;438;0
11;19;78;12;50;56;55;4.00;2;1;1;53;0;4625655;111;0
11;19;78;12;50;58;7;3.60;1;1;1;61;0;4625807;348;0
11;19;78;12;50;57;83;7.00;4;2;2;59;0;4625783;181;0
11;19;78;12;50;59;20;3.60;3;2;1;61;0;4625920;411;0
11;19;78;12;50;59;59;3.20;4;2;1;58;0;4625959;133;0
11;19;78;12;51;0;31;4.80;1;1;1;62;0;4626031;202;0
11;19;78;12;51;0;98;5.00;3;2;1;65;0;4626098;156;0
11;19;78;12;51;2;48;4.00;4;2;1;59;0;4626248;269;0
11;19;78;12;51;2;82;3.60;3;2;1;62;0;4626282;156;0
11;19;78;12;51;4;38;3.40;3;2;1;61;0;4626438;135;0
11;19;78;12;51;5;51;9.60;4;2;2;56;0;4626551;278;0
11;19;78;12;51;7;59;3.60;4;2;1;57;0;4626759;146;0
11;19;78;12;51;8;99;6.80;4;2;1;57;0;4626899;117;0
11;19;78;12;51;9;32;3.20;3;2;1;62;0;4626932;473;0
11;19;78;12;51;10;25;3.80;3;2;1;62;0;4627025;74;0
11;19;78;12;51;12;38;3.80;4;2;1;56;0;4627238;296;0
11;19;78;12;51;12;68;3.40;3;2;1;59;0;4627268;220;0
11;19;78;12;51;13;66;3.20;4;2;1;57;0;4627366;103;0
11;19;78;12;51;15;31;4.60;4;2;1;57;0;4627531;144;0
11;19;78;12;51;17;54;3.20;4;2;1;56;0;4627754;193;0
11;19;78;12;51;19;9;3.00;3;2;1;53;0;4627909;620;0
11;19;78;12;51;19;68;3.60;4;2;1;52;0;4627968;193;4627238
11;19;78;12;51;41;93;2.80;4;2;1;54;0;4630193;2200;0
11;19;78;12;51;44;85;3.20;1;1;1;53;0;4630485;4426;0
11;19;78;12;51;45;51;4.20;4;2;1;55;0;4630551;339;0
11;19;78;12;51;45;85;2.80;3;2;1;65;0;4630585;2655;0
11;19;78;12;51;47;94;3.20;3;2;1;64;0;4630794;193;0
11;19;78;12;51;49;91;3.40;3;2;1;69;0;4630991;179;0
11;19;78;12;51;49;88;3.60;4;2;1;65;0;4630988;409;0
11;19;78;12;51;51;38;4.60;4;2;1;61;0;4631138;130;0
11;19;78;12;51;51;45;4.00;2;1;1;60;0;4631145;5462;0
11;19;78;12;51;52;53;3.80;1;1;1;55;0;4631253;746;0
11;19;78;12;51;53;13;3.80;2;1;1;57;0;4631313;144;0
11;19;78;12;51;54;59;3.60;1;1;1;54;0;4631459;181;0
11;19;78;12;51;55;67;3.60;2;1;1;55;0;4631567;230;0
11;19;78;12;51;55;75;4.00;4;2;1;62;0;4631575;409;0
11;19;78;12;51;56;37;3.20;1;1;1;54;0;4631637;154;0
11;19;78;12;51;57;18;5.00;1;1;1;53;0;4631718;59;0
11;19;78;12;51;57;11;2.00;2;2;1;10;0;4631711;-2;0
11;19;78;12;52;0;39;3.00;4;2;1;60;0;4632039;440;0
11;19;78;12;52;1;12;3.20;1;1;1;54;0;4632112;360;0
11;19;78;12;52;2;33;3.40;1;1;1;55;0;4632233;99;0
11;19;78;12;52;3;81;4.40;2;1;1;58;0;4632381;790;0
11;19;78;12;52;4;62;3.40;4;2;1;54;0;4632462;405;0
11;19;78;12;52;5;31;3.40;1;1;1;54;0;4632531;275;0
11;19;78;12;52;6;37;3.20;2;1;1;57;0;4632637;228;0
11;19;78;12;52;6;67;3.40;1;1;1;58;0;4632667;113;0
11;19;78;12;52;7;30;3.60;2;1;1;53;0;4632730;72;0
11;19;78;12;52;7;87;3.80;1;1;1;55;0;4632787;98;0
11;19;78;12;52;9;15;3.20;2;1;1;60;0;4632915;160;0
11;19;78;12;52;10;3;3.20;1;1;1;54;0;4633003;191;0
11;19;78;12;52;11;81;3.40;1;1;1;53;0;4633181;156;4632531
11;19;78;12;52;12;85;3.80;2;1;1;53;0;4633285;350;0
11;19;78;12;52;14;28;6.80;1;1;1;51;0;4633428;223;0
11;19;78;12;52;14;89;3.00;4;2;1;57;0;4633489;1004;0
11;19;78;12;52;15;36;4.60;2;1;1;64;0;4633536;225;0
11;19;78;12;52;16;9;3.60;1;1;1;51;0;4633609;133;0
11;19;78;12;52;17;42;4.00;1;1;1;51;0;4633742;107;0
11;19;78;12;52;18;62;3.60;1;1;1;51;0;4633862;91;0
11;19;78;12;52;19;61;3.20;4;2;1;57;0;4633961;453;0
11;19;78;12;52;20;91;3.40;4;2;1;57;0;4634091;109;0
11;19;78;12;52;22;28;3.60;2;1;1;59;0;4634228;666;0
11;19;78;12;52;23;78;3.80;1;1;1;51;0;4634378;490;0
11;19;78;12;52;24;50;3.60;2;1;1;56;0;4634450;200;0
11;19;78;12;52;25;97;3.40;3;2;1;62;0;4634597;3588;0
11;19;78;12;52;26;29;3.40;1;1;1;53;0;4634629;224;0
11;19;78;12;52;28;7;3.20;1;1;1;53;0;4634807;154;0
11;19;78;12;52;28;92;3.80;4;2;1;62;0;4634892;779;0
11;19;78;12;52;30;8;3.40;1;1;1;54;0;4635008;179;0
11;19;78;12;52;30;91;3.80;4;2;1;62;0;4635091;176;0
11;19;78;12;52;31;43;3.80;1;1;1;51;0;4635143;112;0
11;19;78;12;52;31;50;4.40;3;2;1;66;0;4635150;533;0
11;19;78;12;52;33;6;4.40;3;2;1;70;0;4635306;132;0
11;19;78;12;52;33;33;4.20;4;2;1;61;0;4635333;219;0
11;19;78;12;52;35;7;3.80;3;2;1;63;0;4635507;178;0
11;19;78;12;52;35;69;3.00;1;1;1;49;0;4635569;399;0
11;19;78;12;52;36;32;3.00;3;2;1;64;0;4635632;103;0
11;19;78;12;52;36;60;3.60;1;1;1;49;0;4635660;68;0
11;19;78;12;52;36;89;4.60;4;2;1;63;0;4635689;331;0
11;19;78;12;52;38;71;3.80;2;1;1;56;0;4635871;1397;0
11;19;78;12;52;38;90;3.80;4;2;1;59;0;4635890;174;0
11;19;78;12;52;38;95;4.00;1;1;1;52;0;4635895;208;0
11;19;78;12;52;39;76;3.60;2;1;1;57;0;4635976;80;0
11;19;78;12;52;40;40;3.80;4;2;1;58;0;4636040;126;0
11;19;78;12;52;41;42;3.80;3;2;1;62;0;4636142;493;0
11;19;78;12;52;42;45;3.00;2;1;1;60;0;4636245;246;0
11;19;78;12;52;42;68;3.80;1;1;1;58;0;4636268;345;0
11;19;78;12;52;43;19;3.60;3;2;1;57;0;4636319;154;0
11;19;78;12;52;43;76;4.40;4;2;1;57;0;4636376;312;0
11;19;78;12;52;46;15;3.00;4;2;1;60;0;4636615;211;0
11;19;78;12;52;47;7;3.20;4;2;1;59;0;4636707;74;0
11;19;78;12;52;49;14;3.40;4;2;1;52;0;4636914;187;0
11;19;78;12;52;50;12;3.80;3;2;1;56;0;4637012;670;0
11;19;78;12;52;51;17;3.60;4;2;1;53;0;4637117;179;0
11;19;78;12;52;53;45;3.80;4;2;1;52;0;4637345;203;0
11;19;78;12;52;53;59;3.40;3;2;1;53;0;4637359;322;0
11;19;78;12;53;2;52;3.40;1;1;1;50;0;4638252;1960;0
11;19;78;12;53;14;2;3.40;1;1;1;48;0;4639402;1125;0
11;19;78;12;53;16;59;3.60;3;2;1;62;0;4639659;2276;0
11;19;78;12;53;20;55;3.40;4;2;1;55;0;4640055;2683;0
11;19;78;12;53;25;89;3.60;2;1;1;57;0;4640589;4326;0
11;19;78;12;53;29;52;5.20;2;1;1;54;0;4640952;340;0
11;19;78;12;53;32;74;3.80;2;1;1;56;0;4641274;287;0
11;19;78;12;53;32;89;3.60;1;1;1;56;0;4641289;1861;0
11;19;78;12;53;33;96;3.60;2;1;1;58;0;4641396;97;0
11;19;78;12;53;34;0;3.60;1;1;1;55;0;4641400;87;0
11;19;78;12;53;34;77;3.20;3;2;1;66;0;4641477;1797;0
11;19;78;12;53;34;73;3.20;4;2;1;49;0;4641473;1395;0
11;19;78;12;53;35;87;3.20;1;1;1;54;0;4641587;163;0
11;19;78;12;53;36;50;4.00;2;1;1;54;0;4641650;231;0
11;19;78;12;53;36;69;3.80;4;2;1;53;0;4641669;172;0
11;19;78;12;53;36;79;3.60;3;2;1;59;0;4641679;184;0
11;19;78;12;53;37;64;3.60;1;1;1;53;0;4641764;155;0
11;19;78;12;53;38;11;3.40;3;2;1;55;0;4641811;110;0
11;19;78;12;53;39;28;5.00;3;2;1;57;0;4641928;94;0
11;19;78;12;53;39;80;3.20;1;1;1;53;0;4641980;191;4641289
11;19;78;12;53;40;92;4.00;4;2;1;54;0;4642092;397;0
11;19;78;12;53;40;95;3.20;1;1;1;53;0;4642095;93;4641289
11;19;78;12;53;42;12;3.60;4;2;1;52;0;4642212;93;4641289
11;19;78;12;53;42;33;3.20;1;1;1;51;0;4642233;116;4641289
11;19;78;12;53;44;92;3.60;1;1;1;52;0;4642492;236;0
11;19;78;12;53;44;17;16.40;2;1;4;54;0;4642417;740;0
11;19;78;12;53;46;56;3.60;1;1;1;54;0;4642656;139;0
11;19;78;12;53;48;3;3.80;1;1;1;49;0;4642803;123;0
11;19;78;12;53;49;18;4.40;1;1;1;49;0;4642918;87;0
11;19;78;12;53;50;84;3.80;1;1;1;51;0;4643084;133;4642492
11;19;78;12;53;51;39;5.20;2;1;1;52;0;4643139;612;0
11;19;78;12;53;52;84;3.40;1;1;1;53;0;4643284;173;4642492
11;19;78;12;53;53;29;3.40;2;1;1;52;0;4643329;154;4642492
11;19;78;12;53;54;2;3.60;4;2;1;60;0;4643402;1165;0
11;19;78;12;53;54;0;3.80;1;1;1;53;0;4643400;92;4642492
11;19;78;12;53;54;35;3.60;2;1;1;54;0;4643435;82;4642492
11;19;78;12;53;56;0;4.00;2;1;1;59;0;4643600;141;4642492
11;19;78;12;53;56;80;6.00;1;1;1;56;0;4643680;254;0
11;19;78;12;53;59;3;3.80;1;1;1;55;0;4643903;184;0
11;19;78;12;54;0;43;3.40;2;1;1;53;0;4644043;418;0
11;19;78;12;54;1;29;3.80;1;1;1;52;0;4644129;201;0
11;19;78;12;54;3;8;10.00;1;1;2;49;0;4644308;152;0
11;19;78;12;54;4;85;3.80;2;1;1;53;0;4644485;418;0
11;19;78;12;54;5;32;4.00;3;2;1;70;0;4644532;2572;0
11;19;78;12;54;5;99;3.60;1;1;1;46;0;4644599;217;0
11;19;78;12;54;7;34;4.60;1;1;1;42;0;4644734;106;0
11;19;78;12;54;9;8;3.00;1;1;1;41;0;4644908;134;0
11;19;78;12;54;10;2;3.60;4;2;1;57;0;4645002;1578;0
11;19;78;12;54;10;23;3.80;1;1;1;42;0;4645023;88;0
11;19;78;12;54;11;10;3.20;2;1;1;54;0;4645110;599;0
11;19;78;12;54;11;38;3.40;4;2;1;57;0;4645138;113;0
11;19;78;12;54;11;57;3.80;1;1;1;37;0;4645157;101;4644599
11;19;78;12;54;12;50;4.40;4;2;1;57;0;4645250;90;4644599
11;19;78;12;54;13;18;3.40;1;1;1;36;0;4645318;124;4644599
11;19;78;12;54;14;33;4.00;4;2;1;58;0;4645433;155;4644599
11;19;78;12;54;16;81;3.60;3;2;1;59;0;4645681;1128;0
11;19;78;12;54;16;49;3.60;1;1;1;46;0;4645649;297;0
11;19;78;12;54;17;37;16.40;4;2;7;62;0;4645737;279;0
11;19;78;12;54;17;94;3.80;1;1;1;50;0;4645794;116;0
11;19;78;12;54;18;89;3.60;2;1;1;55;0;4645889;757;0
11;19;78;12;54;19;34;4.60;3;2;1;60;0;4645934;231;0
11;19;78;12;54;21;10;3.80;3;2;1;58;0;4646110;148;0
11;19;78;12;54;20;86;7.60;4;2;2;59;0;4646086;253;0
11;19;78;12;54;21;24;3.40;1;1;1;55;0;4646124;302;0
11;19;78;12;54;22;54;3.80;3;2;1;66;0;4646254;120;0
11;19;78;12;54;23;60;3.80;1;1;1;57;0;4646360;213;0
11;19;78;12;54;24;6;5.00;4;2;1;59;0;4646406;273;0
11;19;78;12;54;25;42;3.40;3;2;1;69;0;4646542;267;0
11;19;78;12;54;27;60;3.20;4;2;1;66;0;4646760;323;0
11;19;78;12;54;29;74;3.60;4;2;1;56;0;4646974;196;0
11;19;78;12;54;30;41;4.00;3;2;1;59;0;4647041;481;0
11;19;78;12;54;31;93;3.40;4;2;1;53;0;4647193;195;0
11;19;78;12;54;32;16;3.40;3;2;1;59;0;4647216;150;0
11;19;78;12;54;33;17;3.80;1;1;1;57;0;4647317;933;0
11;19;78;12;54;33;66;3.00;3;2;1;60;0;4647366;129;0
11;19;78;12;54;39;42;3.40;1;1;1;53;0;4647942;601;0
11;19;78;12;54;50;29;3.60;1;1;1;56;0;4649029;1063;0
11;19;78;12;54;53;37;4.00;4;2;1;61;0;4649337;2120;0
11;19;78;12;54;58;88;3.60;2;1;1;50;0;4649888;3975;0
11;19;78;12;55;1;97;3.60;1;1;1;51;0;4650197;1144;0
11;19;78;12;55;3;53;3.40;1;1;1;53;0;4650353;130;0
11;19;78;12;55;5;60;4.40;1;1;1;59;0;4650560;183;0
11;19;78;12;55;6;65;3.60;3;2;1;68;0;4650665;3281;0
11;19;78;12;55;8;57;4.60;3;2;1;64;0;4650857;172;0
11;19;78;12;55;9;6;3.60;4;2;1;61;0;4650906;1545;0
11;19;78;12;55;11;11;3.20;4;2;1;57;0;4651111;183;0
11;19;78;12;55;11;53;4.60;1;1;1;65;0;4651153;566;0
11;19;78;12;55;12;19;3.20;2;1;1;61;0;4651219;1305;0
11;19;78;12;55;12;47;3.60;4;2;1;58;0;4651247;115;0
11;19;78;12;55;12;57;3.80;3;2;1;67;0;4651257;374;0
11;19;78;12;55;12;64;3.20;1;1;1;60;0;4651264;85;0
11;19;78;12;55;14;51;3.80;1;1;1;62;0;4651451;167;0
11;19;78;12;55;15;19;4.00;4;2;1;61;0;4651519;249;0
11;19;78;12;55;15;25;5.40;2;1;1;68;0;4651525;287;0
11;19;78;12;55;16;32;3.60;1;1;1;54;0;4651632;158;0
11;19;78;12;55;18;29;9.40;4;2;2;63;0;4651829;286;0
11;19;78;12;55;19;71;4.80;2;1;1;57;0;4651971;417;0
11;19;78;12;55;20;21;3.40;3;2;1;62;0;4652021;743;0
11;19;78;12;55;20;98;3.60;1;1;1;52;0;4652098;442;0
11;19;78;12;55;21;9;4.00;2;1;1;56;0;4652109;107;0
11;19;78;12;55;21;98;3.80;3;2;1;64;0;4652198;157;0
11;19;78;12;55;22;98;3.60;1;1;1;51;0;4652298;175;0
11;19;78;12;55;23;8;3.40;4;2;1;57;0;4652308;425;0
11;19;78;12;55;24;24;5.20;1;1;1;49;0;4652424;100;0
11;19;78;12;55;25;13;3.40;4;2;1;55;0;4652513;183;0
11;19;78;12;55;28;20;9.40;1;1;2;50;0;4652820;357;0
11;19;78;12;55;28;87;2.80;4;2;1;60;0;4652887;351;0
11;19;78;12;55;30;4;3.40;1;1;1;50;0;4653004;116;0
11;19;78;12;55;30;68;3.60;2;1;1;55;0;4653068;933;0
11;19;78;12;55;32;27;3.60;2;1;1;54;0;4653227;135;0
11;19;78;12;55;32;72;4.00;1;1;1;48;0;4653272;243;0
11;19;78;12;55;33;87;3.60;3;2;1;71;0;4653387;1167;0
11;19;78;12;55;33;80;10.60;1;1;2;46;0;4653380;78;0
11;19;78;12;55;34;88;3.60;4;2;1;50;0;4653488;584;0
11;19;78;12;55;36;68;3.80;1;1;1;47;0;4653668;205;0
11;19;78;12;55;36;75;4.00;3;2;1;57;0;4653675;269;0
11;19;78;12;55;36;76;4.00;4;2;1;55;0;4653676;162;0
11;19;78;12;55;38;28;3.80;2;1;1;59;0;4653828;577;0
11;19;78;12;55;41;2;3.60;2;1;1;55;0;4654102;250;0
11;19;78;12;55;42;10;2.80;2;1;1;55;0;4654210;84;0
11;19;78;12;55;42;80;4.60;2;1;1;56;0;4654280;51;0
11;19;78;12;55;43;23;3.20;3;2;1;66;0;4654323;622;0
11;19;78;12;55;42;98;4.60;1;1;1;41;0;4654298;600;0
11;19;78;12;55;44;15;3.60;1;1;1;41;0;4654415;76;0
11;19;78;12;55;45;2;3.60;3;2;1;68;0;4654502;161;0
11;19;78;12;55;45;50;4.40;1;1;1;40;0;4654550;103;0
11;19;78;12;55;45;35;12.60;4;2;3;58;0;4654535;832;0
11;19;78;12;55;46;25;3.60;3;2;1;61;0;4654625;103;0
11;19;78;12;55;46;85;3.60;1;1;1;40;0;4654685;95;0
11;19;78;12;55;47;52;3.20;2;1;1;57;0;4654752;442;0
11;19;78;12;55;48;11;3.80;1;1;1;39;0;4654811;93;4654298
11;19;78;12;55;48;86;3.60;4;2;1;56;0;4654886;272;0
11;19;78;12;55;51;63;3.40;3;2;1;56;0;4655163;516;0
11;19;78;12;55;52;35;3.20;3;2;1;56;0;4655235;50;0
11;19;78;12;55;52;28;3.60;1;1;1;47;0;4655228;381;0
11;19;78;12;55;54;81;3.40;4;2;1;58;0;4655481;571;0
11;19;78;12;55;54;92;3.80;1;1;1;60;0;4655492;236;0
11;19;78;12;55;56;47;3.40;4;2;1;55;0;4655647;144;0
11;19;78;12;55;59;58;3.20;4;2;1;55;0;4655958;288;0
11;19;78;12;56;0;4;3.60;2;1;1;56;0;4656004;1231;0
11;19;78;12;56;0;5;3.80;3;2;1;58;0;4656005;749;0
11;19;78;12;56;1;37;3.80;4;2;1;55;0;4656137;158;0
11;19;78;12;56;1;75;3.80;3;2;1;59;0;4656175;146;0
11;19;78;12;56;2;73;3.20;4;2;1;54;0;4656273;111;0
11;19;78;12;56;3;61;3.80;3;2;1;57;0;4656361;162;0
11;19;78;12;56;5;19;3.60;3;2;1;57;0;4656519;134;0
11;19;78;12;56;5;26;4.00;1;1;1;56;0;4656526;1011;0
11;19;78;12;56;6;8;3.40;3;2;1;56;0;4656608;66;4656005
11;19;78;12;56;7;16;3.40;3;2;1;56;0;4656716;86;4656005
11;19;78;12;56;7;44;4.20;1;1;1;58;0;4656744;192;4656005
11;19;78;12;56;8;20;3.60;3;2;1;55;0;4656820;82;4656005
11;19;78;12;56;8;28;10.20;4;2;2;54;0;4656828;533;0
11;19;78;12;56;10;3;3.80;4;2;1;55;0;4657003;107;0
11;19;78;12;56;10;33;3.00;3;2;1;54;0;4657033;189;4656005
11;19;78;12;56;12;62;3.60;3;2;1;54;0;4657262;209;0
11;19;78;12;56;13;18;3.20;4;2;1;57;0;4657318;290;0
11;19;78;12;56;14;57;3.20;3;2;1;52;0;4657457;171;0
11;19;78;12;56;15;78;3.80;3;2;1;54;0;4657578;98;0
11;19;78;12;56;16;82;3.60;4;2;1;57;0;4657682;343;0
11;19;78;12;56;18;25;3.40;3;2;1;54;0;4657825;221;0
11;19;78;12;56;18;34;3.00;4;2;1;57;0;4657834;129;0
11;19;78;12;56;20;29;3.40;4;2;1;57;0;4658029;176;0
11;19;78;12;56;21;43;3.80;3;2;1;56;0;4658143;295;0
11;19;78;12;56;22;71;3.60;4;2;1;56;0;4658271;220;0
11;19;78;12;56;41;30;5.00;1;1;1;55;0;4660130;3359;0
11;19;78;12;56;42;63;3.20;4;2;1;60;0;4660263;1968;0
11;19;78;12;56;48;77;4.00;3;2;1;61;0;4660877;2709;0
11;19;78;12;56;51;11;3.60;3;2;1;60;0;4661111;210;0
11;19;78;12;56;52;15;3.60;3;2;1;62;0;4661215;82;0
11;19;78;12;56;53;4;3.20;1;1;1;50;0;4661304;1141;0
11;19;78;12;56;56;45;3.60;1;1;1;56;0;4661645;317;0
11;19;78;12;56;57;80;3.80;3;2;1;56;0;4661780;544;0
11;19;78;12;56;58;60;4.00;4;2;1;61;0;4661860;1577;0
11;19;78;12;57;0;47;3.60;1;1;1;56;0;4662047;378;0
11;19;78;12;57;1;91;4.00;1;1;1;58;0;4662191;120;0
11;19;78;12;57;2;37;3.60;2;1;1;57;0;4662237;6209;0
11;19;78;12;57;3;29;3.80;1;1;1;57;0;4662329;113;0
11;19;78;12;57;4;37;3.40;2;1;1;56;0;4662437;177;0
11;19;78;12;57;4;81;3.00;1;1;1;56;0;4662481;128;0
11;19;78;12;57;6;91;3.60;2;1;1;57;0;4662691;232;0
11;19;78;12;57;7;26;4.80;1;1;1;53;0;4662726;225;0
11;19;78;12;57;7;88;5.00;2;1;1;55;0;4662788;74;0
11;19;78;12;57;8;32;3.60;1;1;1;54;0;4662832;73;0
11;19;78;12;57;9;5;4.20;1;1;1;55;0;4662905;49;0
11;19;78;12;57;10;2;4.00;2;1;1;57;0;4663002;181;0
11;19;78;12;57;11;9;3.00;1;1;1;56;0;4663109;176;0
11;19;78;12;57;12;0;3.80;1;1;1;56;0;4663200;71;4662726
11;19;78;12;57;15;58;6.60;1;1;1;47;0;4663558;333;0
11;19;78;12;57;15;98;3.80;3;2;1;56;0;4663598;1793;0
11;19;78;12;57;16;50;6.00;2;1;1;57;0;4663650;622;0
11;19;78;12;57;17;10;4.00;1;1;1;52;0;4663710;101;0
11;19;78;12;57;17;65;3.60;2;1;1;55;0;4663765;77;0
11;19;78;12;57;19;27;3.80;1;1;1;51;0;4663927;189;0
11;19;78;12;57;20;82;3.60;1;1;1;48;0;4664082;128;0
11;19;78;12;57;21;29;3.40;2;1;1;51;0;4664129;340;0
11;19;78;12;57;22;11;4.20;1;1;1;46;0;4664211;102;4663558
11;19;78;12;57;22;97;3.60;2;1;1;50;0;4664297;144;4663558
11;19;78;12;57;23;94;14.40;1;1;4;46;0;4664394;150;4663558
11;19;78;12;57;24;92;3.60;2;1;1;48;0;4664492;169;4663558
11;19;78;12;57;25;92;3.00;4;2;1;61;0;4664592;2708;0
11;19;78;12;57;26;57;3.80;3;2;1;61;0;4664657;1034;0
11;19;78;12;57;26;75;3.40;1;1;1;46;0;4664675;168;4663558
11;19;78;12;57;27;92;3.80;1;1;1;42;0;4664792;90;4663558
11;19;78;12;57;28;12;3.80;4;2;1;57;0;4664812;202;0
11;19;78;12;57;28;76;3.80;3;2;1;61;0;4664876;196;0
11;19;78;12;57;28;78;3.60;2;1;1;51;0;4664878;359;0
11;19;78;12;57;29;29;3.40;4;2;1;57;0;4664929;93;0
11;19;78;12;57;29;99;3.20;3;2;1;60;0;4664999;100;0
11;19;78;12;57;29;54;7.60;1;1;2;41;0;4664954;129;4663558
11;19;78;12;57;30;23;4.00;2;1;1;48;0;4665023;119;4663558
11;19;78;12;57;31;15;3.20;4;2;1;59;0;4665115;164;4663558
11;19;78;12;57;31;30;3.20;3;2;1;60;0;4665130;111;4663558
11;19;78;12;57;31;90;3.60;1;1;1;40;0;4665190;169;4663558
11;19;78;12;57;32;95;3.40;3;2;1;58;0;4665295;145;4664657
11;19;78;12;57;33;13;3.60;4;2;1;59;0;4665313;178;4664657
11;19;78;12;57;33;53;4.60;1;1;1;39;0;4665353;130;4663558
11;19;78;12;57;33;77;5.00;2;1;1;53;0;4665377;324;0
11;19;78;12;57;34;45;3.40;4;2;1;58;0;4665445;110;4664812
11;19;78;12;57;34;57;4.60;3;2;1;59;0;4665457;140;4664657
11;19;78;12;57;34;78;5.20;1;1;1;38;0;4665478;82;4663558
11;19;78;12;57;35;83;4.00;3;2;1;63;0;4665583;97;4664657
11;19;78;12;57;36;13;3.80;4;2;1;62;0;4665613;146;4664812
11;19;78;12;57;35;99;5.20;2;1;1;48;0;4665599;188;4664812
11;19;78;12;57;37;35;3.40;2;1;1;46;0;4665735;97;4664812
11;19;78;12;57;38;39;3.60;4;2;1;63;0;4665839;203;0
11;19;78;12;57;38;53;2.80;3;2;1;64;0;4665853;247;0
11;19;78;12;57;39;28;4.80;1;1;1;56;0;4665928;400;0
11;19;78;12;57;39;80;3.80;3;2;1;62;0;4665980;111;0
11;19;78;12;57;41;12;3.60;2;1;1;57;0;4666112;350;0
11;19;78;12;57;41;21;3.40;4;2;1;61;0;4666121;261;0
11;19;78;12;57;42;40;4.40;4;2;1;61;0;4666240;98;0
11;19;78;12;57;42;73;3.40;1;1;1;55;0;4666273;314;0
11;19;78;12;57;43;32;4.20;4;2;1;59;0;4666332;66;0
11;19;78;12;57;44;3;3.80;3;2;1;61;0;4666403;400;0
11;19;78;12;57;45;83;3.80;3;2;1;60;0;4666583;157;0
11;19;78;12;57;46;76;5.20;4;2;1;63;0;4666676;318;0
11;19;78;12;57;46;87;3.80;3;2;1;62;0;4666687;81;0
11;19;78;12;57;48;7;3.80;3;2;1;59;0;4666807;97;0
11;19;78;12;57;50;81;3.40;1;1;1;54;0;4667081;785;0
11;19;78;12;57;54;69;3.60;4;2;1;56;0;4667469;763;0
11;19;78;12;58;15;54;3.80;4;2;1;61;0;4669554;2061;0
11;19;78;12;58;19;24;3.40;4;2;1;60;0;4669924;347;0
11;19;78;12;58;28;29;4.60;1;1;1;56;0;4670829;3725;0
11;19;78;12;58;29;5;3.80;2;1;1;56;0;4670905;4770;0
11;19;78;12;58;29;66;3.60;4;2;1;65;0;4670966;1021;0
11;19;78;12;58;30;32;3.40;1;1;1;55;0;4671032;173;0
11;19;78;12;58;32;27;3.60;3;2;1;65;0;4671227;4396;0
11;19;78;12;58;32;35;4.00;1;1;1;55;0;4671235;180;0
11;19;78;12;58;32;69;3.60;2;1;1;57;0;4671269;339;0
11;19;78;12;58;34;10;3.80;3;2;1;59;0;4671410;163;0
11;19;78;12;58;34;64;5.20;2;1;1;54;0;4671464;172;0
11;19;78;12;58;35;54;3.20;4;2;1;58;0;4671554;568;0
11;19;78;12;58;35;91;3.80;2;1;1;52;0;4671591;92;0
11;19;78;12;58;36;35;4.20;1;1;1;50;0;4671635;373;0
11;19;78;12;58;36;78;5.20;4;2;1;60;0;4671678;104;0
11;19;78;12;58;37;7;3.00;2;1;1;51;0;4671707;89;0
11;19;78;12;58;39;18;3.60;1;1;1;53;0;4671918;252;0
11;19;78;12;58;42;5;4.00;1;1;1;52;0;4672205;262;0
11;19;78;12;58;43;3;13.40;2;1;4;56;0;4672303;574;0
11;19;78;12;58;44;5;3.80;1;1;1;54;0;4672405;172;0
11;19;78;12;58;45;37;3.60;1;1;1;52;0;4672537;106;0
11;19;78;12;58;46;32;4.20;1;1;1;50;0;4672632;70;0
11;19;78;12;58;47;44;3.40;2;1;1;56;0;4672744;354;0
11;19;78;12;58;47;97;3.80;1;1;1;49;0;4672797;134;4672205
11;19;78;12;58;49;3;3.40;2;1;1;53;0;4672903;137;4672205
11;19;78;12;58;51;15;3.60;2;1;1;50;0;4673115;188;4672205
11;19;78;12;58;51;51;3.40;1;1;1;48;0;4673151;326;0
11;19;78;12;58;53;26;3.40;4;2;1;67;0;4673326;1616;0
11;19;78;12;58;52;95;3.40;2;1;1;51;0;4673295;154;0
11;19;78;12;58;52;87;5.20;1;1;1;47;0;4673287;110;0
11;19;78;12;58;54;30;4.00;1;1;1;47;0;4673430;103;0
11;19;78;12;59;0;11;4.00;1;1;1;56;0;4674011;550;0
11;19;78;12;59;1;75;4.00;1;1;1;59;0;4674175;138;0
11;19;78;12;59;3;15;3.80;1;1;1;55;0;4674315;115;0
11;19;78;12;59;4;3;3.60;3;2;1;67;0;4674403;2969;0
11;19;78;12;59;9;72;4.40;4;2;1;59;0;4674972;1627;0
11;19;78;12;59;11;3;3.80;4;2;1;60;0;4675103;104;0
11;19;78;12;59;12;11;5.40;4;2;1;60;0;4675211;85;0
11;19;78;12;59;13;14;5.20;3;2;1;60;0;4675314;891;0
11;19;78;12;59;14;28;3.60;4;2;1;60;0;4675428;184;0
11;19;78;12;59;14;31;4.20;3;2;1;57;0;4675431;85;0
11;19;78;12;59;15;71;4.20;3;2;1;57;0;4675571;113;0
11;19;78;12;59;17;90;4.00;4;2;1;62;0;4675790;340;0
11;19;78;12;59;19;3;3.80;3;2;1;57;0;4675903;305;0
11;19;78;12;59;19;39;3.80;4;2;1;61;0;4675939;125;0
11;19;78;12;59;20;45;3.60;3;2;1;60;0;4676045;118;0
11;19;78;12;59;20;87;4.00;4;2;1;62;0;4676087;125;0
11;19;78;12;59;22;88;4.00;3;2;1;64;0;4676288;221;0
11;19;78;12;59;24;6;3.60;4;2;1;57;0;4676406;295;0
11;19;78;12;59;24;26;4.40;1;1;1;57;0;4676426;2086;0
11;19;78;12;59;25;18;3.40;4;2;1;59;0;4676518;89;0
11;19;78;12;59;25;57;3.80;3;2;1;64;0;4676557;246;0
11;19;78;12;59;27;32;3.80;4;2;1;56;0;4676732;193;0
11;19;78;12;59;27;83;4.40;3;2;1;60;0;4676783;204;0
11;19;78;12;59;28;99;17.60;4;2;4;53;0;4676899;142;0
11;19;78;12;59;31;24;4.40;4;2;1;54;0;4677124;105;4676406
11;19;78;12;59;31;84;3.40;3;2;1;62;0;4677184;374;0
11;19;78;12;59;32;84;3.80;4;2;1;54;0;4677284;130;4676406
11;19;78;12;59;34;49;3.00;2;1;1;54;0;4677449;4130;0
11;19;78;12;59;35;50;3.60;4;2;1;53;0;4677550;240;0
11;19;78;12;59;37;67;3.80;4;2;1;51;0;4677767;192;0
11;19;78;12;59;43;42;3.20;1;1;1;55;0;4678342;1888;0
11;19;78;12;59;43;40;8.00;2;1;6;56;0;4678340;871;0
11;19;78;12;59;44;82;3.60;1;1;1;52;0;4678482;119;0
11;19;78;12;59;45;1;3.60;2;1;1;55;0;4678501;109;0
11;19;78;12;59;46;87;3.40;1;1;1;49;0;4678687;180;0
11;19;78;12;59;48;83;3.40;2;1;1;60;0;4678883;358;0
11;19;78;12;59;48;81;3.80;1;1;1;52;0;4678881;169;0
11;19;78;12;59;50;29;3.60;1;1;1;51;0;4679029;121;4678342
11;19;78;12;59;50;74;9.40;2;1;2;61;0;4679074;170;4678342
11;19;78;12;59;54;95;11.80;1;1;3;50;0;4679495;440;0
11;19;78;12;59;56;69;3.00;4;2;1;57;0;4679669;1875;0
11;19;78;12;59;58;44;3.80;1;1;1;48;0;4679844;264;0
11;19;78;12;59;59;13;3.40;4;2;1;54;0;4679913;225;0
11;19;78;12;59;59;22;3.80;2;1;1;56;0;4679922;792;0
11;19;78;12;59;59;50;3.80;1;1;1;47;0;4679950;77;0
11;19;78;13;0;0;62;4.40;1;1;1;46;0;4680062;82;0
11;19;78;13;0;1;15;3.80;2;1;1;57;0;4680115;168;0
11;19;78;13;0;2;85;3.80;2;1;1;60;0;4680285;146;0
11;19;78;13;0;3;19;11.20;1;1;7;45;0;4680319;222;0
11;19;78;13;0;5;63;3.00;1;1;1;45;0;4680563;154;0
11;19;78;13;0;5;96;3.60;2;1;1;60;0;4680596;288;0
11;19;78;13;0;6;92;3.40;1;1;1;45;0;4680692;105;0
11;19;78;13;0;12;1;3.60;1;1;1;58;0;4681201;481;0
11;19;78;13;0;12;94;3.60;4;2;1;59;0;4681294;1358;0
11;19;78;13;0;14;64;3.80;3;2;1;60;0;4681464;4260;0
11;19;78;13;0;15;15;3.20;4;2;1;57;0;4681515;199;0
11;19;78;13;0;15;90;9.60;4;2;2;57;0;4681590;54;0
11;19;78;13;0;17;53;3.60;3;2;1;60;0;4681753;266;0
11;19;78;13;0;18;44;3.60;1;1;1;56;0;4681844;620;0
11;19;78;13;0;18;68;3.00;3;2;1;58;0;4681868;93;0
11;19;78;13;0;20;26;3.20;3;2;1;61;0;4682026;139;0
11;19;78;13;0;21;11;3.40;4;2;1;57;0;4682111;460;0
11;19;78;13;0;25;98;3.20;2;1;1;54;0;4682598;1980;0
11;19;78;13;0;28;83;3.60;2;1;1;55;0;4682883;263;0
11;19;78;13;0;30;14;3.60;1;1;1;48;0;4683014;1146;0
11;19;78;13;0;32;1;3.40;1;1;1;50;0;4683201;160;0
11;19;78;13;0;33;10;7.60;1;1;6;49;0;4683310;84;0
11;19;78;13;0;33;79;3.80;4;2;1;63;0;4683379;1246;0
11;19;78;13;0;35;20;3.60;1;1;1;48;0;4683520;154;0
11;19;78;13;0;38;17;4.00;4;2;1;57;0;4683817;416;0
11;19;78;13;0;43;1;3.80;3;2;1;72;0;4684301;2256;0
11;19;78;13;0;43;36;3.20;4;2;1;68;0;4684336;493;0
11;19;78;13;0;45;67;3.40;4;2;1;65;0;4684567;214;0
11;19;78;13;0;47;7;4.00;3;2;1;66;0;4684707;387;0
11;19;78;13;0;48;22;3.40;3;2;1;64;0;4684822;93;0
11;19;78;13;0;49;3;3.80;4;2;1;64;0;4684903;317;0
11;19;78;13;0;50;3;3.60;3;2;1;67;0;4685003;161;0
11;19;78;13;0;50;22;3.60;4;2;1;63;0;4685022;97;0
11;19;78;13;0;52;62;3.80;4;2;1;55;0;4685262;219;0
11;19;78;13;0;53;63;3.20;3;2;1;57;0;4685363;340;0
11;19;78;13;0;55;33;3.60;4;2;1;58;0;4685533;246;0
11;19;78;13;0;58;58;3.60;3;2;1;63;0;4685858;474;0
11;19;78;13;0;58;87;3.40;4;2;1;57;0;4685887;331;0
11;19;78;13;0;59;69;3.40;1;1;1;51;0;4685969;2422;0
11;19;78;13;0;59;81;3.60;2;1;1;56;0;4685981;3074;0
11;19;78;13;1;0;1;3.60;4;2;1;59;0;4686001;92;0
11;19;78;13;1;1;36;3.60;3;2;1;63;0;4686136;257;0
11;19;78;13;1;1;90;4.40;4;2;1;62;0;4686190;167;0
11;19;78;13;1;4;0;3.80;4;2;1;61;0;4686400;184;0
11;19;78;13;1;4;79;3.40;3;2;1;59;0;4686479;322;0
11;19;78;13;1;4;69;5.40;1;1;1;56;0;4686469;476;0
11;19;78;13;1;5;45;3.60;4;2;1;60;0;4686545;122;4685887
11;19;78;13;1;5;73;3.80;3;2;1;59;0;4686573;73;4685887
11;19;78;13;1;7;18;3.20;3;2;1;58;0;4686718;121;4685887
11;19;78;13;1;9;16;3.40;3;2;1;56;0;4686916;178;4685887
11;19;78;13;1;8;98;5.20;4;2;1;56;0;4686898;331;0
11;19;78;13;1;11;31;3.60;3;2;1;59;0;4687131;193;4686479
11;19;78;13;1;11;16;5.80;4;2;1;57;0;4687116;184;4686479
11;19;78;13;1;12;68;3.60;4;2;1;55;0;4687268;115;4686479
11;19;78;13;1;16;43;3.60;2;1;1;59;0;4687643;1638;0
11;19;78;13;1;27;83;3.00;2;1;1;58;0;4688783;1118;0
11;19;78;13;1;27;89;4.00;1;1;1;57;0;4688789;2285;0
11;19;78;13;1;28;84;3.40;2;1;1;56;0;4688884;82;0
11;19;78;13;1;29;32;5.40;1;1;1;57;0;4688932;117;0
11;19;78;13;1;32;21;3.80;1;1;1;57;0;4689221;254;0
11;19;78;13;1;32;52;3.40;2;1;1;60;0;4689252;346;0
11;19;78;13;1;35;3;3.20;1;1;1;53;0;4689503;258;0
11;19;78;13;1;36;17;3.00;1;1;1;50;0;4689617;92;0
11;19;78;13;1;36;90;12.60;1;1;7;47;0;4689690;51;0
11;19;78;13;1;38;39;3.60;2;1;1;51;0;4689839;566;0
11;19;78;13;1;38;96;3.60;1;1;1;47;0;4689896;109;0
11;19;78;13;1;40;37;8.60;1;1;6;50;0;4690037;113;4689503
11;19;78;13;1;42;22;3.20;1;1;1;46;0;4690222;123;4689503
11;19;78;13;1;43;57;3.60;1;1;1;47;0;4690357;109;4689503
11;19;78;13;1;46;88;3.80;4;2;1;56;0;4690688;3396;0
11;19;78;13;1;51;19;3.20;4;2;1;60;0;4691119;406;0
11;19;78;13;1;52;96;3.60;4;2;1;61;0;4691296;157;0
11;19;78;13;1;54;75;3.60;4;2;1;61;0;4691475;157;0
11;19;78;13;1;55;19;3.80;3;2;1;59;0;4691519;4366;0
11;19;78;13;1;57;94;3.60;1;1;1;55;0;4691794;1409;0
11;19;78;13;1;58;28;3.80;3;2;1;66;0;4691828;285;0
11;19;78;13;1;58;44;3.80;2;1;1;57;0;4691844;1979;0
11;19;78;13;1;59;81;3.20;1;1;1;50;0;4691981;163;0
11;19;78;13;2;0;23;3.60;4;2;1;55;0;4692023;526;0
11;19;78;13;2;1;4;3.80;2;1;1;55;0;4692104;236;0
11;19;78;13;2;1;64;4.00;1;1;1;56;0;4692164;159;0
11;19;78;13;2;9;2;4.00;1;1;1;52;0;4692902;712;0
11;19;78;13;2;10;45;3.40;1;1;1;52;0;4693045;115;0
11;19;78;13;2;12;6;3.60;4;2;1;53;0;4693206;1159;0
11;19;78;13;2;12;81;3.80;1;1;1;55;0;4693281;212;0
11;19;78;13;2;14;21;4.80;2;1;1;61;0;4693421;1292;0
11;19;78;13;2;17;2;4.00;1;1;1;55;0;4693702;396;0
11;19;78;13;2;20;6;3.60;1;1;1;56;0;4694006;277;0
11;19;78;13;2;24;9;12.40;4;2;3;58;0;4694409;1178;0
11;19;78;13;2;24;78;3.40;3;2;1;70;0;4694478;2629;0
11;19;78;13;2;26;37;3.40;3;2;1;64;0;4694637;141;0
11;19;78;13;2;27;54;3.40;4;2;1;62;0;4694754;268;0
11;19;78;13;2;29;47;3.60;4;2;1;63;0;4694947;173;0
11;19;78;13;2;30;0;4.40;3;2;1;61;0;4695000;343;0
11;19;78;13;2;31;41;8.20;4;2;2;62;0;4695141;173;0
11;19;78;13;2;34;9;3.00;4;2;1;63;0;4695409;220;0
11;19;78;13;2;35;37;3.40;3;2;1;54;0;4695537;511;0
11;19;78;13;2;35;93;3.80;4;2;1;63;0;4695593;166;0
11;19;78;13;2;36;91;3.60;3;2;1;62;0;4695691;131;0
11;19;78;13;2;37;78;3.60;4;2;1;57;0;4695778;163;0
11;19;78;13;2;39;7;3.80;3;2;1;62;0;4695907;195;0
11;19;78;13;2;40;0;3.60;4;2;1;55;0;4696000;199;0
11;19;78;13;2;40;74;4.00;3;2;1;61;0;4696074;144;0
11;19;78;13;2;41;81;3.40;4;2;1;57;0;4696181;157;4695409
11;19;78;13;2;41;99;4.40;3;2;1;63;0;4696199;101;4695537
11;19;78;13;2;44;85;3.40;4;2;1;54;0;4696485;282;0
11;19;78;13;2;46;4;3.80;3;2;1;60;0;4696604;379;0
11;19;78;13;2;47;5;3.60;3;2;1;61;0;4696705;78;0
11;19;78;13;2;46;59;11.40;4;2;2;55;0;4696659;151;0
11;19;78;13;2;48;72;3.60;4;2;1;56;0;4696872;138;0
11;19;78;13;2;50;7;3.80;3;2;1;55;0;4697007;280;0
11;19;78;13;2;50;25;5.60;4;2;1;55;0;4697025;129;0
11;19;78;13;2;51;16;3.40;3;2;1;56;0;4697116;84;0
11;19;78;13;2;51;65;5.20;4;2;1;55;0;4697165;103;4696485
11;19;78;13;2;53;39;3.60;4;2;1;57;0;4697339;139;4696485
11;19;78;13;2;53;59;3.60;3;2;1;54;0;4697359;221;0
11;19;78;13;2;54;93;3.40;3;2;1;53;0;4697493;110;0
11;19;78;13;2;56;13;3.20;3;2;1;51;0;4697613;96;0
11;19;78;13;2;56;49;3.60;4;2;1;54;0;4697649;287;0
11;19;78;13;2;56;91;4.00;3;2;1;50;0;4697691;55;0
11;19;78;13;2;58;46;3.40;3;2;1;50;0;4697846;126;4697359
11;19;78;13;3;0;1;3.80;3;2;1;50;0;4698001;130;4697359
11;19;78;13;3;0;19;12.40;1;1;3;55;0;4698019;3989;0
11;19;78;13;3;1;5;3.00;4;2;1;59;0;4698105;432;0
11;19;78;13;3;4;11;3.20;2;1;1;60;0;4698411;4961;0
11;19;78;13;3;5;37;3.80;2;1;1;65;0;4698537;106;0
11;19;78;13;3;6;71;3.40;1;1;1;59;0;4698671;570;0
11;19;78;13;3;8;23;3.60;1;1;1;57;0;4698823;131;0
11;19;78;13;3;10;13;3.80;1;1;1;56;0;4699013;167;0
11;19;78;13;3;12;35;5.20;1;1;1;69;0;4699235;197;0
11;19;78;13;3;19;14;3.40;1;1;1;61;0;4699914;651;0
11;19;78;13;3;21;58;3.20;2;1;1;53;0;4700158;1599;0
11;19;78;13;3;21;74;5.00;1;1;1;53;0;4700174;239;0
11;19;78;13;3;23;6;4.00;1;1;1;53;0;4700306;98;0
11;19;78;13;3;23;31;4.00;2;1;1;52;0;4700331;151;0
11;19;78;13;3;24;32;3.80;2;1;1;51;0;4700432;73;0
11;19;78;13;3;24;90;4.80;1;1;1;54;0;4700490;156;0
11;19;78;13;3;27;51;3.60;4;2;1;59;0;4700751;2627;0
11;19;78;13;3;29;81;3.80;1;1;1;52;0;4700981;459;0
11;19;78;13;3;31;74;3.40;1;1;1;46;0;4701174;166;0
11;19;78;13;3;31;89;3.40;2;1;1;55;0;4701189;730;0
11;19;78;13;3;32;23;3.40;4;2;1;58;0;4701223;450;0
11;19;78;13;3;33;55;3.00;1;1;1;44;0;4701355;154;0
11;19;78;13;3;33;94;4.60;2;1;1;55;0;4701394;182;0
11;19;78;13;3;35;16;3.60;4;2;1;60;0;4701516;271;0
11;19;78;13;3;35;24;12.00;1;1;7;44;0;4701524;144;0
11;19;78;13;3;36;77;4.00;2;1;1;61;0;4701677;252;0
11;19;78;13;3;37;49;3.80;4;2;1;59;0;4701749;211;0
11;19;78;13;3;37;71;3.00;3;2;1;66;0;4701771;3742;0
11;19;78;13;3;37;55;3.60;1;1;1;39;0;4701755;132;4700981
11;19;78;13;3;39;20;3.20;1;1;1;41;0;4701920;131;4700981
11;19;78;13;3;40;1;4.40;3;2;1;58;0;4702001;213;0
11;19;78;13;3;40;39;3.40;1;1;1;43;0;4702039;90;4700981
11;19;78;13;3;41;55;3.80;1;1;1;43;0;4702155;87;4700981
11;19;78;13;3;42;39;3.40;3;2;1;59;0;4702239;210;0
11;19;78;13;3;42;94;3.80;1;1;1;43;0;4702294;107;4700981
11;19;78;13;3;43;92;3.20;4;2;1;57;0;4702392;619;0
11;19;78;13;3;44;14;3.60;1;1;1;43;0;4702414;88;4700981
11;19;78;13;3;44;46;3.80;3;2;1;64;0;4702446;186;4700981
11;19;78;13;3;45;23;5.20;3;2;1;59;0;4702523;55;4700981
11;19;78;13;3;46;29;4.80;1;1;1;44;0;4702629;184;4700981
11;19;78;13;3;46;76;6.00;3;2;1;56;0;4702676;121;4700981
11;19;78;13;3;47;74;3.60;1;1;1;44;0;4702774;105;4700981
11;19;78;13;3;49;15;3.60;4;2;1;59;0;4702915;502;0
11;19;78;13;3;49;50;3.20;3;2;1;57;0;4702950;235;0
11;19;78;13;3;49;37;5.20;1;1;1;40;0;4702937;133;4700981
11;19;78;13;3;51;6;3.60;1;1;1;39;0;4703106;122;4700981
11;19;78;13;3;51;58;3.60;2;1;1;53;0;4703158;1457;0
11;19;78;13;3;53;66;3.00;1;1;1;44;0;4703366;226;0
11;19;78;13;3;55;35;3.40;1;1;1;51;0;4703535;144;0
11;19;78;13;3;56;90;3.60;1;1;1;50;0;4703690;131;0
11;19;78;13;4;4;33;2.60;3;2;1;55;0;4704433;1462;0
11;19;78;13;4;6;46;5.20;4;2;1;62;0;4704646;1709;0
11;19;78;13;4;8;20;3.40;1;1;1;56;0;4704820;1104;0
11;19;78;13;4;8;61;3.60;4;2;1;63;0;4704861;184;0
11;19;78;13;4;10;30;3.20;3;2;1;56;0;4705030;579;0
11;19;78;13;4;12;84;3.60;4;2;1;62;0;4705284;402;0
11;19;78;13;4;13;69;8.60;3;2;2;68;0;4705369;318;0
11;19;78;13;4;15;83;3.40;4;2;1;60;0;4705583;278;0
11;19;78;13;4;17;26;3.60;3;2;1;65;0;4705726;311;0
11;19;78;13;4;17;14;4.00;4;2;1;55;0;4705714;110;0
11;19;78;13;4;18;65;4.00;3;2;1;61;0;4705865;119;0
11;19;78;13;4;20;64;3.00;3;2;1;61;0;4706064;175;0
11;19;78;13;4;21;51;3.20;3;2;1;59;0;4706151;69;0
11;19;78;13;4;22;90;4.00;3;2;1;62;0;4706290;119;4705726
11;19;78;13;4;23;79;5.20;4;2;1;55;0;4706379;638;0
11;19;78;13;4;24;40;3.40;3;2;1;57;0;4706440;126;4705726
11;19;78;13;4;24;69;3.60;4;2;1;54;0;4706469;55;4705726
11;19;78;13;4;26;83;3.40;3;2;1;58;0;4706683;221;0
11;19;78;13;4;26;96;3.60;4;2;1;57;0;4706696;203;0
11;19;78;13;4;27;92;3.80;4;2;1;55;0;4706792;73;0
11;19;78;13;4;28;11;4.20;3;2;1;59;0;4706811;106;0
11;19;78;13;4;29;43;3.40;3;2;1;58;0;4706943;106;0
11;19;78;13;4;30;75;3.60;3;2;1;66;0;4707075;110;0
11;19;78;13;4;30;82;14.40;4;2;3;60;0;4707082;265;0
11;19;78;13;4;32;81;4.80;4;2;1;62;0;4707281;112;0
11;19;78;13;4;33;3;3.20;3;2;1;64;0;4707303;208;0
11;19;78;13;4;34;47;4.00;2;1;1;59;0;4707447;4264;0
11;19;78;13;4;35;20;3.40;4;2;1;62;0;4707520;211;0
11;19;78;13;4;36;1;3.40;3;2;1;60;0;4707601;280;0
11;19;78;13;4;36;10;3.40;1;1;1;57;0;4707610;2768;0
11;19;78;13;4;37;35;3.60;1;1;1;56;0;4707735;103;0
11;19;78;13;4;38;38;3.20;1;1;1;56;0;4707838;79;0
11;19;78;13;4;38;97;3.60;4;2;1;59;0;4707897;357;0
11;19;78;13;4;39;12;3.60;1;1;1;54;0;4707912;53;0
11;19;78;13;4;42;77;3.20;4;2;1;57;0;4708277;358;0
11;19;78;13;4;44;76;3.60;1;1;1;58;0;4708476;540;0
11;19;78;13;4;45;39;3.00;4;2;1;53;0;4708539;241;0
11;19;78;13;4;46;72;3.60;1;1;1;48;0;4708672;173;0
11;19;78;13;4;47;49;3.60;4;2;1;50;0;4708749;189;0
11;19;78;13;4;51;55;5.20;2;1;1;62;0;4709155;1683;0
11;19;78;13;4;52;61;3.60;1;1;1;54;0;4709261;562;0
11;19;78;13;4;54;25;4.60;1;1;1;56;0;4709425;140;0
11;19;78;13;4;57;30;3.40;4;2;1;60;0;4709730;955;0
11;19;78;13;4;57;61;3.80;2;1;1;68;0;4709761;575;0
11;19;78;13;4;57;94;3.80;1;1;1;59;0;4709794;339;0
11;19;78;13;5;4;10;3.20;2;1;1;57;0;4710410;628;0
11;19;78;13;5;4;6;3.60;1;1;1;57;0;4710406;588;0
11;19;78;13;5;5;2;3.80;1;1;1;55;0;4710502;73;0
11;19;78;13;5;6;16;3.00;2;1;1;55;0;4710616;185;0
11;19;78;13;5;6;11;4.20;1;1;1;53;0;4710611;84;0
11;19;78;13;5;9;20;3.80;4;2;1;63;0;4710920;1169;0
11;19;78;13;5;10;21;3.60;1;1;1;51;0;4711021;381;0
11;19;78;13;5;11;12;4.60;1;1;1;52;0;4711112;65;0
11;19;78;13;5;13;36;4.40;2;1;1;61;0;4711336;700;0
11;19;78;13;5;14;62;3.80;1;1;1;56;0;4711462;318;0
11;19;78;13;5;15;43;5.00;4;2;1;55;0;4711543;601;0
11;19;78;13;5;16;99;3.80;4;2;1;53;0;4711699;123;0
11;19;78;13;5;17;25;4.00;3;2;1;62;0;4711725;4103;0
11;19;78;13;5;18;25;3.20;3;2;1;63;0;4711825;76;0
11;19;78;13;5;19;19;3.40;2;1;1;51;0;4711919;557;0
11;19;78;13;5;19;26;4.40;3;2;1;62;0;4711926;82;0
11;19;78;13;5;19;53;3.80;4;2;1;54;0;4711953;228;0
11;19;78;13;5;21;0;5.20;2;1;1;55;0;4712100;157;0
11;19;78;13;5;21;14;3.40;4;2;1;56;0;4712114;135;0
11;19;78;13;5;21;81;3.80;1;1;1;57;0;4712181;694;0
11;19;78;13;5;27;8;4.00;2;1;1;56;0;4712708;573;0
11;19;78;13;5;28;13;5.20;3;2;1;61;0;4712813;861;0
11;19;78;13;5;28;37;3.40;4;2;1;54;0;4712837;701;0
11;19;78;13;5;28;58;3.20;2;1;1;55;0;4712858;124;0
11;19;78;13;5;29;52;3.60;3;2;1;61;0;4712952;108;0
11;19;78;13;5;29;60;3.40;4;2;1;54;0;4712960;100;0
11;19;78;13;5;30;48;3.40;2;1;1;53;0;4713048;169;0
11;19;78;13;5;31;58;3.40;3;2;1;57;0;4713158;184;0
11;19;78;13;5;31;84;3.60;1;1;1;58;0;4713184;979;0
11;19;78;13;5;33;29;3.80;3;2;1;60;0;4713329;149;0
11;19;78;13;5;33;79;3.80;1;1;1;53;0;4713379;172;0
11;19;78;13;5;33;72;12.60;4;2;3;57;0;4713372;389;0
11;19;78;13;5;44;37;4.00;4;2;1;61;0;4714437;985;0
11;19;78;13;5;46;70;3.80;4;2;1;62;0;4714670;209;0
11;19;78;13;5;49;2;3.20;4;2;1;61;0;4714902;209;0
11;19;78;13;5;49;5;5.40;3;2;1;51;0;4714905;1553;0
11;19;78;13;5;50;70;3.80;3;2;1;51;0;4715070;126;0
11;19;78;13;5;51;90;4.60;3;2;1;58;0;4715190;93;0
11;19;78;13;5;52;55;4.00;4;2;1;54;0;4715255;334;0
11;19;78;13;5;53;43;9.40;3;2;2;64;0;4715343;124;0
11;19;78;13;5;54;48;3.40;4;2;1;57;0;4715448;166;0
11;19;78;13;5;55;27;3.60;4;2;1;56;0;4715527;57;0
11;19;78;13;5;57;8;4.80;4;2;1;59;0;4715708;157;0
11;19;78;13;5;59;18;4.00;3;2;1;63;0;4715918;522;0
11;19;78;13;5;59;79;3.60;4;2;1;51;0;4715979;241;0
11;19;78;13;6;0;64;3.80;3;2;1;58;0;4716064;123;0
11;19;78;13;6;0;87;3.60;4;2;1;53;0;4716087;82;0
11;19;78;13;6;1;96;4.60;3;2;1;57;0;4716196;108;0
11;19;78;13;6;2;96;3.40;4;2;1;55;0;4716296;184;0
11;19;78;13;6;4;94;3.80;3;2;1;60;0;4716494;268;0
11;19;78;13;6;5;35;3.00;4;2;1;54;0;4716535;216;0
11;19;78;13;6;6;14;3.00;3;2;1;61;0;4716614;97;0
11;19;78;13;6;6;39;3.80;4;2;1;56;0;4716639;84;0
11;19;78;13;6;6;92;3.80;3;2;1;60;0;4716692;60;0
11;19;78;13;6;8;23;3.80;1;1;1;59;0;4716823;3418;0
11;19;78;13;6;8;98;3.20;4;2;1;63;0;4716898;234;0
11;19;78;13;6;9;1;3.40;3;2;1;57;0;4716901;186;0
11;19;78;13;6;9;83;4.00;4;2;1;58;0;4716983;66;0
11;19;78;13;6;10;99;3.60;3;2;1;62;0;4717099;176;4716494
11;19;78;13;6;11;46;3.60;4;2;1;58;0;4717146;138;4716494
11;19;78;13;6;12;56;3.20;3;2;1;59;0;4717256;136;4716494
11;19;78;13;6;12;76;5.20;4;2;1;57;0;4717276;107;4716494
11;19;78;13;6;14;55;3.60;3;2;1;60;0;4717455;179;4716494
11;19;78;13;6;14;54;3.60;4;2;1;58;0;4717454;145;4716898
11;19;78;13;6;16;17;3.20;4;2;1;55;0;4717617;140;4716898
11;19;78;13;6;16;96;3.80;3;2;1;60;0;4717696;219;0
11;19;78;13;6;18;3;3.40;1;1;1;52;0;4717803;956;0
11;19;78;13;6;18;68;3.20;4;2;1;57;0;4717868;230;0
11;19;78;13;6;20;82;6.40;4;2;1;58;0;4718082;193;0
11;19;78;13;6;21;23;3.80;1;1;1;61;0;4718123;296;0
11;19;78;13;6;23;35;4.20;1;1;1;54;0;4718335;189;0
11;19;78;13;6;24;11;4.20;2;1;1;59;0;4718411;5339;0
11;19;78;13;6;26;53;9.00;1;1;2;55;0;4718653;290;0
11;19;78;13;6;28;91;3.20;2;1;1;53;0;4718891;454;0
11;19;78;13;6;29;26;3.00;1;1;1;53;0;4718926;214;0
11;19;78;13;6;29;78;3.60;2;1;1;54;0;4718978;65;0
11;19;78;13;6;31;24;3.60;1;1;1;53;0;4719124;177;0
11;19;78;13;6;32;80;3.60;1;1;1;55;0;4719280;131;0
11;19;78;13;6;34;22;5.20;1;1;1;54;0;4719422;118;0
11;19;78;13;6;34;97;3.40;4;2;1;58;0;4719497;1375;0
11;19;78;13;6;35;31;4.20;2;1;1;56;0;4719531;529;0
11;19;78;13;6;35;92;4.40;1;1;1;54;0;4719592;135;4718926
11;19;78;13;6;37;4;3.60;2;1;1;52;0;4719704;146;4718926
11;19;78;13;6;37;35;3.80;3;2;1;56;0;4719735;2016;0
11;19;78;13;6;37;52;4.60;1;1;1;55;0;4719752;130;4718926
11;19;78;13;6;38;7;3.60;4;2;1;61;0;4719807;288;0
11;19;78;13;6;39;36;4.80;2;1;1;50;0;4719936;207;0
11;19;78;13;6;40;63;4.00;4;2;1;58;0;4720063;234;0
11;19;78;13;6;41;38;3.40;1;1;1;55;0;4720138;355;0
11;19;78;13;6;42;40;3.80;1;1;1;53;0;4720240;79;0
11;19;78;13;6;43;7;3.20;2;1;1;64;0;4720307;336;0
11;19;78;13;6;44;21;3.00;4;2;1;66;0;4720421;333;0
11;19;78;13;6;44;73;3.00;1;1;1;51;0;4720473;207;0
11;19;78;13;6;46;1;4.20;1;1;1;48;0;4720601;106;0
11;19;78;13;6;47;51;7.00;1;1;1;46;0;4720751;118;0
11;19;78;13;6;49;47;3.60;1;1;1;47;0;4720947;141;0
11;19;78;13;6;51;47;4.80;1;1;1;46;0;4721147;172;4720473
11;19;78;13;6;51;80;3.20;2;1;1;57;0;4721180;855;0
11;19;78;13;6;52;65;3.80;1;1;1;45;0;4721265;80;4720473
11;19;78;13;6;53;96;3.80;1;1;1;48;0;4721396;100;4720473
11;19;78;13;6;55;31;3.20;1;1;1;48;0;4721531;106;4720473
11;19;78;13;6;56;27;3.20;1;1;1;49;0;4721627;72;4720473
11;19;78;13;6;58;89;6.80;1;1;2;56;0;4721889;238;0
11;19;78;13;7;1;17;3.80;4;2;1;59;0;4722117;1679;0
11;19;78;13;7;1;81;5.80;1;1;1;55;0;4722181;248;0
11;19;78;13;7;3;8;9.60;1;1;6;54;0;4722308;89;0
11;19;78;13;7;4;50;3.60;3;2;1;64;0;4722450;2690;0
11;19;78;13;7;5;22;7.80;1;1;1;52;0;4722522;150;0
11;19;78;13;7;6;21;3.60;4;2;1;61;0;4722621;480;0
11;19;78;13;7;6;31;3.20;3;2;1;59;0;4722631;160;0
11;19;78;13;7;7;94;4.00;4;2;1;57;0;4722794;151;0
11;19;78;13;7;8;37;4.60;3;2;1;60;0;4722837;186;0
11;19;78;13;7;10;24;11.80;1;1;3;57;0;4723024;448;0
11;19;78;13;7;10;83;3.20;4;2;1;56;0;4723083;263;0
11;19;78;13;7;13;71;4.00;2;1;1;64;0;4723371;2170;0
11;19;78;13;7;15;42;3.80;1;1;1;54;0;4723542;443;0
11;19;78;13;7;16;67;3.60;2;1;1;57;0;4723667;273;0
11;19;78;13;7;16;64;3.60;1;1;1;54;0;4723664;96;0
11;19;78;13;7;29;21;3.40;3;2;1;59;0;4724921;2056;0
11;19;78;13;7;30;18;3.60;1;1;1;53;0;4725018;1330;0
11;19;78;13;7;30;55;4.00;3;2;1;58;0;4725055;113;0
11;19;78;13;7;31;97;3.60;3;2;1;62;0;4725197;117;0
11;19;78;13;7;32;18;3.80;4;2;1;56;0;4725218;2114;0
11;19;78;13;7;33;1;5.60;3;2;1;65;0;4725301;83;0
11;19;78;13;7;33;74;3.60;4;2;1;58;0;4725374;131;0
11;19;78;13;7;34;39;5.20;3;2;1;65;0;4725439;106;4724921
11;19;78;13;7;35;42;3.60;3;2;1;62;0;4725542;74;4724921
11;19;78;13;7;36;21;3.40;4;2;1;60;0;4725621;224;0
11;19;78;13;7;37;25;3.40;4;2;1;58;0;4725725;83;0
11;19;78;13;7;37;98;4.00;3;2;1;62;0;4725798;235;0
11;19;78;13;7;38;36;6.60;4;2;1;57;0;4725836;89;0
11;19;78;13;7;39;13;6.40;3;2;1;61;0;4725913;91;0
11;19;78;13;7;40;73;3.60;4;2;1;56;0;4726073;195;0
11;19;78;13;7;42;18;3.20;3;2;1;62;0;4726218;267;0
11;19;78;13;7;42;60;9.80;4;2;2;57;0;4726260;163;4725621
11;19;78;13;7;45;51;11.20;4;2;2;56;0;4726551;229;0
11;19;78;13;7;47;17;4.60;3;2;1;62;0;4726717;480;0
11;19;78;13;7;48;80;3.60;3;2;1;63;0;4726880;136;0
11;19;78;13;7;50;17;3.80;1;1;1;61;0;4727017;1974;0
11;19;78;13;7;51;37;3.60;4;2;1;58;0;4727137;514;0
11;19;78;13;7;52;25;3.60;3;2;1;62;0;4727225;324;0
11;19;78;13;7;53;1;4.20;3;2;1;59;0;4727301;55;0
11;19;78;13;7;53;24;3.60;4;2;1;57;0;4727324;164;0
11;19;78;13;7;53;71;5.20;1;1;1;56;0;4727371;331;0
11;19;78;13;7;55;11;3.40;3;2;1;60;0;4727511;184;0
11;19;78;13;7;55;56;4.40;4;2;1;53;0;4727556;209;0
11;19;78;13;7;56;70;5.80;4;2;1;54;0;4727670;84;0
11;19;78;13;7;57;22;3.60;3;2;1;64;0;4727722;190;0
11;19;78;13;7;57;59;3.60;2;1;1;70;0;4727759;4069;0
11;19;78;13;7;58;31;3.40;1;1;1;69;0;4727831;426;0
11;19;78;13;7;58;12;8.40;4;2;2;54;0;4727812;103;0
11;19;78;13;7;58;87;3.40;3;2;1;61;0;4727887;144;4727225
11;19;78;13;8;0;9;4.40;3;2;1;62;0;4728009;101;4727225
11;19;78;13;8;0;62;4.00;2;1;1;57;0;4728062;284;0
11;19;78;13;8;0;96;5.00;4;2;1;56;0;4728096;228;0
11;19;78;13;8;1;67;4.40;1;1;1;58;0;4728167;318;0
11;19;78;13;8;2;72;5.20;3;2;1;66;0;4728272;237;0
11;19;78;13;8;2;92;3.20;4;2;1;57;0;4728292;163;0
11;19;78;13;8;3;0;4.60;2;1;1;52;0;4728300;212;0
11;19;78;13;8;4;55;3.80;3;2;1;63;0;4728455;154;0
11;19;78;13;8;5;63;3.60;2;1;1;56;0;4728563;231;0
11;19;78;13;8;5;83;4.80;4;2;1;55;0;4728583;270;0
11;19;78;13;8;5;87;11.20;1;1;2;50;0;4728587;392;0
11;19;78;13;8;6;81;3.40;3;2;1;57;0;4728681;204;0
11;19;78;13;8;7;64;3.60;1;1;1;50;0;4728764;96;0
11;19;78;13;8;7;82;3.40;2;1;1;55;0;4728782;195;0
11;19;78;13;8;7;96;3.60;3;2;1;56;0;4728796;93;0
11;19;78;13;8;8;9;3.60;4;2;1;56;0;4728809;194;0
11;19;78;13;8;9;47;3.20;1;1;1;53;0;4728947;157;0
11;19;78;13;8;10;68;3.20;2;1;1;57;0;4729068;263;0
11;19;78;13;8;10;99;3.60;1;1;1;52;0;4729099;130;0
11;19;78;13;8;11;75;3.00;4;2;1;58;0;4729175;342;0
11;19;78;13;8;12;34;3.40;1;1;1;52;0;4729234;110;4728587
11;19;78;13;8;13;37;3.40;1;1;1;49;0;4729337;79;4728587
11;19;78;13;8;14;52;3.20;1;1;1;49;0;4729452;90;4728587
11;19;78;13;8;14;92;3.80;2;1;1;56;0;4729492;403;0
11;19;78;13;8;16;50;3.60;1;1;1;51;0;4729650;174;4728587
11;19;78;13;8;17;21;3.80;2;1;1;52;0;4729721;204;0
11;19;78;13;8;17;87;3.60;1;1;1;52;0;4729787;111;4728587
11;19;78;13;8;18;36;3.40;2;1;1;52;0;4729836;88;4728587
11;19;78;13;8;19;59;3.80;2;1;1;51;0;4729959;99;4728587
11;19;78;13;8;19;77;4.40;1;1;1;55;0;4729977;165;4728587
11;19;78;13;8;20;59;3.80;2;1;1;52;0;4730059;73;4728587
11;19;78;13;8;21;57;3.60;1;1;1;50;0;4730157;151;4728587
11;19;78;13;8;23;64;3.60;2;1;1;56;0;4730364;278;0
11;19;78;13;8;23;71;3.80;1;1;1;49;0;4730371;188;4728587
11;19;78;13;8;25;43;3.60;1;1;1;47;0;4730543;144;4728587
11;19;78;13;8;26;60;4.00;2;1;1;50;0;4730660;272;0
11;19;78;13;8;26;92;3.80;1;1;1;48;0;4730692;121;4728587
11;19;78;13;8;28;18;4.00;1;1;1;48;0;4730818;97;4728587
11;19;78;13;8;28;86;3.80;2;1;1;52;0;4730886;197;4728587
11;19;78;13;8;32;46;4.00;1;1;1;54;0;4731246;398;0
11;19;78;13;8;33;81;4.20;1;1;1;53;0;4731381;108;0
11;19;78;13;8;37;42;3.80;4;2;1;70;0;4731742;2548;0
11;19;78;13;8;37;62;3.00;2;1;1;63;0;4731762;849;0
11;19;78;13;8;40;75;3.40;4;2;1;62;0;4732075;313;0
11;19;78;13;8;42;49;3.00;1;1;1;60;0;4732249;839;0
11;19;78;13;8;43;45;4.00;4;2;1;60;0;4732345;250;0
11;19;78;13;8;44;33;4.20;1;1;1;56;0;4732433;166;0
11;19;78;13;8;45;23;3.40;2;1;1;57;0;4732523;743;0
11;19;78;13;8;45;38;3.80;4;2;1;56;0;4732538;169;0
11;19;78;13;8;45;98;4.60;1;1;1;53;0;4732598;138;0
11;19;78;13;8;47;39;3.20;4;2;1;61;0;4732739;176;0
11;19;78;13;8;47;38;4.00;1;1;1;52;0;4732738;108;0
11;19;78;13;8;47;75;3.60;2;1;1;57;0;4732775;230;0
11;19;78;13;8;48;50;3.80;2;1;1;55;0;4732850;52;0
11;19;78;13;8;49;26;3.20;1;1;1;52;0;4732926;160;4732249
11;19;78;13;8;49;74;4.60;2;1;1;54;0;4732974;99;4732249
11;19;78;13;8;50;64;3.60;1;1;1;52;0;4733064;115;4732249
11;19;78;13;8;50;74;3.40;2;1;1;54;0;4733074;69;4732249
11;19;78;13;8;52;38;3.60;1;1;1;54;0;4733238;149;4732249
11;19;78;13;8;52;91;3.60;2;1;1;52;0;4733291;194;4732775
11;19;78;13;8;53;69;3.80;2;1;1;51;0;4733369;53;4732775
11;19;78;13;8;54;53;8.20;1;1;1;59;0;4733453;191;4732249
11;19;78;13;8;55;90;3.40;4;2;1;51;0;4733590;832;0
11;19;78;13;8;56;55;3.40;1;1;1;56;0;4733655;151;4732249
11;19;78;13;9;0;9;4.80;1;1;1;58;0;4734009;332;0
11;19;78;13;9;1;74;3.80;3;2;1;58;0;4734174;5354;0
11;19;78;13;9;2;77;3.80;4;2;1;55;0;4734277;663;0
11;19;78;13;9;3;94;3.40;3;2;1;54;0;4734394;196;0
11;19;78;13;9;4;54;3.60;1;1;1;58;0;4734454;415;0
11;19;78;13;9;6;67;3.80;4;2;1;64;0;4734667;365;0
11;19;78;13;9;8;86;4.40;4;2;1;70;0;4734886;197;0
11;19;78;13;9;9;1;3.00;3;2;1;59;0;4734901;484;0
11;19;78;13;9;10;0;3.40;3;2;1;55;0;4735000;80;0
11;19;78;13;9;11;84;3.60;4;2;1;58;0;4735184;275;0
11;19;78;13;9;12;22;3.40;3;2;1;59;0;4735222;199;0
11;19;78;13;9;14;9;3.60;4;2;1;58;0;4735409;202;0
11;19;78;13;9;14;31;3.80;3;2;1;59;0;4735431;188;0
11;19;78;13;9;17;30;4.00;3;2;1;60;0;4735730;275;0
11;19;78;13;9;19;11;9.40;4;2;2;59;0;4735911;479;0
11;19;78;13;9;19;55;3.40;3;2;1;61;0;4735955;201;0
11;19;78;13;9;21;50;3.60;4;2;1;60;0;4736150;181;0
11;19;78;13;9;21;74;11.40;1;1;2;61;0;4736174;1697;0
11;19;78;13;9;22;99;3.40;4;2;1;59;0;4736299;127;0
11;19;78;13;9;23;55;16.20;3;2;4;64;0;4736355;379;0
11;19;78;13;9;26;94;3.60;4;2;1;60;0;4736694;374;0
11;19;78;13;9;29;97;12.00;3;2;7;54;0;4736997;550;0
11;19;78;13;9;30;75;3.20;4;2;1;61;0;4737075;359;0
11;19;78;13;9;31;73;3.40;4;2;1;60;0;4737173;79;0
11;19;78;13;9;31;92;3.60;1;1;1;58;0;4737192;950;0
11;19;78;13;9;32;1;4.00;3;2;1;58;0;4737201;124;0
11;19;78;13;9;32;97;3.00;4;2;1;59;0;4737297;103;0
11;19;78;13;9;34;38;4.80;4;2;1;57;0;4737438;122;0
11;19;78;13;9;34;87;3.80;3;2;1;57;0;4737487;261;0
11;19;78;13;9;34;99;5.20;1;1;1;58;0;4737499;284;0
11;19;78;13;9;36;26;3.40;3;2;1;59;0;4737626;115;0
11;19;78;13;9;36;50;3.60;4;2;1;53;0;4737650;181;4737075
11;19;78;13;9;38;88;4.60;2;1;1;54;0;4737888;4492;0
11;19;78;13;9;39;26;3.20;3;2;1;56;0;4737926;279;0
11;19;78;13;9;40;2;3.60;3;2;1;56;0;4738002;55;0
11;19;78;13;9;41;79;3.40;3;2;1;62;0;4738179;153;0
11;19;78;13;9;43;56;3.60;3;2;1;59;0;4738356;157;0
11;19;78;13;9;43;31;24.80;4;2;5;57;0;4738331;656;0
11;19;78;13;9;45;55;3.60;1;1;1;56;0;4738555;1023;0
11;19;78;13;9;46;49;3.20;2;1;1;60;0;4738649;730;0
11;19;78;13;9;46;85;3.40;1;1;1;56;0;4738685;106;0
11;19;78;13;9;47;40;4.80;3;2;1;53;0;4738740;362;0
11;19;78;13;9;48;17;4.40;2;1;1;61;0;4738817;148;0
11;19;78;13;9;49;13;3.00;3;2;1;53;0;4738913;140;0
11;19;78;13;9;49;69;4.00;2;1;1;60;0;4738969;126;0
11;19;78;13;9;50;38;3.80;1;1;1;58;0;4739038;331;0
11;19;78;13;9;51;84;3.40;2;1;1;56;0;4739184;191;0
11;19;78;13;9;51;87;8.80;1;1;2;58;0;4739187;125;0
11;19;78;13;9;52;71;3.40;2;1;1;55;0;4739271;65;4738649
11;19;78;13;9;55;1;4.40;1;1;1;59;0;4739501;259;0
11;19;78;13;9;56;87;4.80;1;1;1;59;0;4739687;159;0
11;19;78;13;9;57;47;3.60;4;2;1;64;0;4739747;1259;0
11;19;78;13;9;58;5;3.80;1;1;1;60;0;4739805;88;0
11;19;78;13;9;59;36;3.80;1;1;1;61;0;4739936;108;0
11;19;78;13;10;0;97;3.40;1;1;1;56;0;4740097;138;4739501
11;19;78;13;10;2;80;3.60;1;1;1;55;0;4740280;161;4739501
11;19;78;13;10;4;3;3.80;1;1;1;54;0;4740403;99;4739501
11;19;78;13;10;4;9;3.40;3;2;1;62;0;4740409;1475;0
11;19;78;13;10;4;19;4.00;2;1;1;64;0;4740419;1125;0
11;19;78;13;10;5;58;3.60;2;1;1;62;0;4740558;116;0
11;19;78;13;10;5;88;5.00;1;1;1;55;0;4740588;159;4739501
11;19;78;13;10;6;41;6.20;4;2;2;55;0;4740641;873;0
11;19;78;13;10;8;14;3.80;2;1;1;68;0;4740814;235;0
11;19;78;13;10;8;87;3.80;1;1;1;56;0;4740887;266;0
11;19;78;13;10;10;61;9.20;1;1;2;53;0;4741061;149;0
11;19;78;13;10;11;73;4.20;4;2;1;55;0;4741173;491;0
11;19;78;13;10;13;65;3.20;2;1;1;57;0;4741365;530;0
11;19;78;13;10;14;98;3.80;2;1;1;55;0;4741498;112;0
11;19;78;13;10;17;85;3.80;1;1;1;52;0;4741785;661;0
11;19;78;13;10;19;86;3.20;1;1;1;53;0;4741986;174;0
11;19;78;13;10;20;89;3.40;1;1;1;53;0;4742089;81;0
11;19;78;13;10;21;73;3.80;2;1;1;58;0;4742173;650;0
11;19;78;13;10;22;21;3.00;1;1;1;50;0;4742221;108;0
11;19;78;13;10;23;31;3.60;3;2;1;61;0;4742331;1902;0
11;19;78;13;10;23;60;3.40;4;2;1;59;0;4742360;1159;0
11;19;78;13;10;24;59;3.80;3;2;1;60;0;4742459;106;0
11;19;78;13;10;25;17;3.40;4;2;1;55;0;4742517;136;0
11;19;78;13;10;26;31;3.60;1;1;1;60;0;4742631;388;0
11;19;78;13;10;26;31;4.80;3;2;1;62;0;4742631;149;0
11;19;78;13;10;26;58;4.00;4;2;1;57;0;4742658;118;0
11;19;78;13;10;26;87;3.80;2;1;1;61;0;4742687;490;0
11;19;78;13;10;29;33;3.00;4;2;1;58;0;4742933;249;0
11;19;78;13;10;31;56;3.60;1;1;1;58;0;4743156;503;0
11;19;78;13;10;33;64;3.60;2;1;1;67;0;4743364;654;0
11;19;78;13;10;34;51;3.40;1;1;1;63;0;4743451;272;0
11;19;78;13;10;37;28;3.20;1;1;1;57;0;4743728;257;0
11;19;78;13;10;39;32;10.00;4;2;2;55;0;4743932;980;0
11;19;78;13;10;40;16;9.00;1;1;2;58;0;4744016;267;0
11;19;78;13;10;42;24;4.00;1;1;1;61;0;4744224;152;0
11;19;78;13;10;42;86;3.60;4;2;1;60;0;4744286;288;0
11;19;78;13;10;44;45;4.00;3;2;1;59;0;4744445;1786;0
11;19;78;13;10;45;73;4.00;3;2;1;60;0;4744573;103;0
11;19;78;13;10;46;63;3.60;3;2;1;57;0;4744663;66;0
11;19;78;13;10;47;45;4.00;3;2;1;55;0;4744745;59;0
11;19;78;13;10;50;21;3.20;4;2;1;64;0;4745021;713;0
11;19;78;13;10;53;4;4.00;3;2;1;64;0;4745304;532;0
11;19;78;13;10;53;28;3.80;4;2;1;61;0;4745328;289;0
11;19;78;13;10;54;86;3.60;3;2;1;57;0;4745486;159;0
11;19;78;13;10;55;86;3.00;4;2;1;54;0;4745586;235;0
11;19;78;13;10;55;95;4.00;3;2;1;58;0;4745595;86;0
11;19;78;13;10;57;2;3.40;3;2;1;58;0;4745702;82;0
11;19;78;13;10;57;0;4.00;4;2;1;54;0;4745700;94;0
11;19;78;13;10;57;82;4.40;2;1;1;55;0;4745782;2398;0
11;19;78;13;11;0;2;4.60;3;2;1;57;0;4746002;278;0
11;19;78;13;11;1;20;3.60;3;2;1;60;0;4746120;88;0
11;19;78;13;11;1;44;11.00;4;2;2;57;0;4746144;417;0
11;19;78;13;11;2;60;4.00;3;2;1;60;0;4746260;118;0
11;19;78;13;11;3;63;3.40;4;2;1;61;0;4746363;149;0
11;19;78;13;11;5;63;3.60;4;2;1;54;0;4746563;179;0
11;19;78;13;11;5;94;3.20;3;2;1;61;0;4746594;310;0
11;19;78;13;11;7;22;3.60;3;2;1;67;0;4746722;109;0
11;19;78;13;11;7;42;3.60;4;2;1;54;0;4746742;155;0
11;19;78;13;11;8;75;4.00;3;2;1;62;0;4746875;133;0
11;19;78;13;11;8;95;3.20;4;2;1;52;0;4746895;129;4746144
11;19;78;13;11;8;95;3.40;2;1;1;55;0;4746895;1084;0
11;19;78;13;11;9;97;3.60;3;2;1;60;0;4746997;98;0
11;19;78;13;11;10;97;3.20;2;1;1;51;0;4747097;179;0
11;19;78;13;11;11;3;3.40;4;2;1;53;0;4747103;185;4746144
11;19;78;13;11;12;40;8.20;4;2;2;56;0;4747240;113;4746144
11;19;78;13;11;16;56;3.60;4;2;1;54;0;4747656;363;0
11;19;78;13;11;18;28;3.60;4;2;1;58;0;4747828;148;0
11;19;78;13;11;32;46;4.60;2;1;1;60;0;4749246;2126;0
11;19;78;13;11;33;89;3.40;1;1;1;61;0;4749389;5141;0
11;19;78;13;11;35;54;3.20;2;1;1;61;0;4749554;280;0
11;19;78;13;11;36;14;3.80;1;1;1;60;0;4749614;204;0
11;19;78;13;11;37;42;4.00;2;1;1;54;0;4749742;169;0
11;19;78;13;11;38;67;3.60;2;1;1;55;0;4749867;98;0
11;19;78;13;11;40;83;4.00;1;1;1;51;0;4750083;446;0
11;19;78;13;11;41;68;3.80;2;1;1;60;0;4750168;277;0
11;19;78;13;11;42;6;3.40;1;1;1;51;0;4750206;94;0
11;19;78;13;11;43;2;3.60;1;1;1;53;0;4750302;72;0
11;19;78;13;11;44;29;3.80;2;1;1;59;0;4750429;238;0
11;19;78;13;11;44;51;8.00;1;1;2;53;0;4750451;124;0
11;19;78;13;11;45;58;3.40;4;2;1;55;0;4750558;2707;0
11;19;78;13;11;45;60;4.20;2;1;1;57;0;4750560;107;0
11;19;78;13;11;46;67;3.40;3;2;1;58;0;4750667;3648;0
11;19;78;13;11;46;87;3.80;4;2;1;59;0;4750687;106;0
11;19;78;13;11;48;7;4.80;2;1;1;59;0;4750807;220;0
11;19;78;13;11;49;36;3.60;1;1;1;51;0;4750936;430;0
11;19;78;13;11;50;32;4.60;2;1;1;48;0;4751032;195;0
11;19;78;13;11;51;45;4.60;1;1;1;53;0;4751145;183;0
11;19;78;13;11;53;83;3.20;2;1;1;55;0;4751383;316;0
11;19;78;13;11;53;83;4.20;1;1;1;54;0;4751383;206;0
11;19;78;13;11;55;87;3.60;1;1;1;54;0;4751587;176;0
11;19;78;13;11;57;32;3.60;3;2;1;68;0;4751732;1043;0
11;19;78;13;11;57;62;4.20;1;1;1;51;0;4751762;151;0
11;19;78;13;11;58;99;3.60;2;1;1;58;0;4751899;495;0
11;19;78;13;11;59;24;3.60;1;1;1;51;0;4751924;132;0
11;19;78;13;12;0;54;3.40;2;1;1;57;0;4752054;132;0
11;19;78;13;12;1;62;3.80;2;1;1;56;0;4752162;86;0
11;19;78;13;12;4;22;3.20;4;2;1;59;0;4752422;1711;0
11;19;78;13;12;5;31;3.40;1;1;1;47;0;4752531;581;0
11;19;78;13;12;6;4;3.00;4;2;1;60;0;4752604;162;0
11;19;78;13;12;6;47;3.00;3;2;1;60;0;4752647;895;0
11;19;78;13;12;8;25;3.40;4;2;1;60;0;4752825;203;0
11;19;78;13;12;7;39;19.80;1;1;4;46;0;4752739;181;0
11;19;78;13;12;9;86;4.00;1;1;1;45;0;4752986;92;0
11;19;78;13;12;10;12;3.60;2;1;1;54;0;4753012;825;0
11;19;78;13;12;13;21;3.60;2;1;1;59;0;4753321;285;0
11;19;78;13;12;15;29;3.80;1;1;1;56;0;4753529;511;0
11;19;78;13;12;18;12;3.80;2;1;1;61;0;4753812;469;0
11;19;78;13;12;20;74;3.40;1;1;1;50;0;4754074;520;0
11;19;78;13;12;21;52;3.60;4;2;1;58;0;4754152;1306;0
11;19;78;13;12;21;78;5.00;1;1;1;48;0;4754178;79;0
11;19;78;13;12;23;74;3.20;2;1;1;54;0;4754374;539;0
11;19;78;13;12;23;94;3.20;1;1;1;45;0;4754394;178;0
11;19;78;13;12;25;2;3.60;1;1;1;48;0;4754502;82;0
11;19;78;13;12;26;13;4.40;1;1;1;47;0;4754613;84;4754074
11;19;78;13;12;31;2;14.60;1;1;3;58;0;4755102;455;0
11;19;78;13;12;34;33;3.40;4;2;1;58;0;4755433;1258;0
11;19;78;13;12;35;50;3.80;1;1;1;47;0;4755550;357;0
11;19;78;13;12;36;9;3.40;3;2;1;55;0;4755609;2944;0
11;19;78;13;12;36;87;3.60;3;2;1;53;0;4755687;55;0
11;19;78;13;12;37;94;3.20;4;2;1;56;0;4755794;339;0
11;19;78;13;12;39;29;3.60;3;2;1;54;0;4755929;217;0
11;19;78;13;12;40;0;4.00;4;2;1;55;0;4756000;185;0
11;19;78;13;12;40;90;3.60;3;2;1;54;0;4756090;137;0
11;19;78;13;12;41;25;4.00;4;2;1;54;0;4756125;98;0
11;19;78;13;12;42;46;3.60;3;2;1;56;0;4756246;132;0
11;19;78;13;12;42;46;3.80;4;2;1;54;0;4756246;94;0
11;19;78;13;12;43;64;3.00;4;2;1;56;0;4756364;92;4755794
11;19;78;13;12;44;21;4.60;3;2;1;58;0;4756421;151;4755794
11;19;78;13;12;45;27;6.60;4;2;1;54;0;4756527;143;4755794
11;19;78;13;12;46;73;3.80;4;2;1;54;0;4756673;102;4755794
11;19;78;13;12;46;89;5.20;3;2;1;61;0;4756689;239;0
11;19;78;13;12;47;97;3.80;4;2;1;55;0;4756797;98;4755794
11;19;78;13;12;49;81;4.40;4;2;1;57;0;4756981;159;4755794
11;19;78;13;12;50;89;3.20;3;2;1;64;0;4757089;369;0
11;19;78;13;12;51;9;3.40;4;2;1;57;0;4757109;100;4755794
11;19;78;13;12;52;80;3.60;3;2;1;64;0;4757280;173;4755794
11;19;78;13;12;53;91;4.00;4;2;1;61;0;4757391;260;0
11;19;78;13;12;54;39;8.00;3;2;1;62;0;4757439;138;0
11;19;78;13;12;55;22;9.60;4;2;2;58;0;4757522;107;0
11;19;78;13;12;57;13;5.00;4;2;1;57;0;4757713;131;0
11;19;78;13;12;57;41;3.80;1;1;1;63;0;4757741;2161;0
11;19;78;13;12;58;66;5.00;4;2;1;56;0;4757866;121;0
11;19;78;13;12;59;42;3.80;3;2;1;57;0;4757942;456;0
11;19;78;13;13;1;29;3.20;3;2;1;60;0;4758129;163;0
11;19;78;13;13;2;30;3.80;3;2;1;58;0;4758230;81;0
11;19;78;13;13;2;29;3.60;4;2;1;53;0;4758229;330;0
11;19;78;13;13;3;47;3.60;4;2;1;54;0;4758347;93;0
11;19;78;13;13;4;56;4.60;3;2;1;57;0;4758456;202;0
11;19;78;13;13;4;78;4.80;4;2;1;53;0;4758478;107;0
11;19;78;13;13;5;0;3.80;1;1;1;59;0;4758500;737;0
11;19;78;13;13;7;51;3.40;3;2;1;54;0;4758751;265;0
11;19;78;13;13;8;83;4.00;1;1;1;62;0;4758883;359;0
11;19;78;13;13;9;5;3.20;4;2;1;52;0;4758905;394;0
11;19;78;13;13;9;97;5.20;4;2;1;52;0;4758997;69;0
11;19;78;13;13;11;66;2.80;4;2;1;53;0;4759166;133;0
11;19;78;13;13;12;33;11.00;2;1;2;60;0;4759233;4837;0
11;19;78;13;13;13;19;3.60;4;2;1;56;0;4759319;133;0
11;19;78;13;13;13;76;3.20;1;1;1;57;0;4759376;469;0
11;19;78;13;13;14;98;3.20;1;1;1;53;0;4759498;101;0
11;19;78;13;13;16;30;3.00;1;1;1;52;0;4759630;110;0
11;19;78;13;13;16;43;4.20;2;1;1;58;0;4759643;344;0
11;19;78;13;13;17;58;9.40;2;1;2;54;0;4759758;88;0
11;19;78;13;13;18;81;7.00;1;1;1;56;0;4759881;230;0
11;19;78;13;13;19;30;3.60;2;1;1;50;0;4759930;109;0
11;19;78;13;13;20;92;3.00;1;1;1;54;0;4760092;166;0
11;19;78;13;13;22;47;3.80;1;1;1;53;0;4760247;135;0
11;19;78;13;13;24;27;3.20;1;1;1;54;0;4760427;154;0
11;19;78;13;13;25;12;3.40;2;1;1;52;0;4760512;556;0
11;19;78;13;13;26;8;3.80;4;2;1;64;0;4760608;1265;0
11;19;78;13;13;27;83;3.40;1;1;1;51;0;4760783;334;0
11;19;78;13;13;28;7;3.60;2;1;1;56;0;4760807;271;0
11;19;78;13;13;28;92;4.60;1;1;1;51;0;4760892;85;0
11;19;78;13;13;30;23;3.60;1;1;1;49;0;4761023;98;0
11;19;78;13;13;32;90;3.60;2;1;1;56;0;4761290;459;0
11;19;78;13;13;33;79;3.80;1;1;1;49;0;4761379;329;0
11;19;78;13;13;35;4;3.40;1;1;1;49;0;4761504;97;0
11;19;78;13;13;36;65;3.20;1;1;1;53;0;4761665;136;0
11;19;78;13;13;38;93;4.00;3;2;1;60;0;4761893;3119;0
11;19;78;13;13;39;7;3.00;2;1;1;62;0;4761907;593;0
11;19;78;13;13;39;44;3.40;1;1;1;58;0;4761944;257;0
11;19;78;13;13;40;91;3.80;1;1;1;58;0;4762091;125;0
11;19;78;13;13;41;65;3.20;3;2;1;59;0;4762165;248;0
11;19;78;13;13;42;54;3.80;3;2;1;64;0;4762254;69;0
11;19;78;13;13;48;46;3.20;1;1;1;56;0;4762846;731;0
11;19;78;13;13;49;63;4.00;2;1;1;58;0;4762963;1038;0
11;19;78;13;13;49;79;3.20;1;1;1;56;0;4762979;112;0
11;19;78;13;13;57;72;3.40;1;1;1;54;0;4763772;772;0
11;19;78;13;14;1;17;4.40;1;1;1;57;0;4764117;322;0
11;19;78;13;14;2;69;3.40;1;1;1;53;0;4764269;124;0
11;19;78;13;14;4;20;3.40;1;1;1;50;0;4764420;127;0
11;19;78;13;14;7;58;3.20;4;2;1;68;0;4764758;4128;0
11;19;78;13;14;8;46;3.00;2;1;1;55;0;4764846;1858;0
11;19;78;13;14;8;50;3.80;4;2;1;63;0;4764850;75;0
11;19;78;13;14;9;14;3.40;1;1;1;51;0;4764914;469;0
11;19;78;13;14;9;90;4.00;2;1;1;54;0;4764990;124;0
11;19;78;13;14;10;72;2.80;4;2;1;61;0;4765072;200;0
11;19;78;13;14;12;26;3.40;4;2;1;53;0;4765226;137;0
11;19;78;13;14;12;48;3.80;3;2;1;68;0;4765248;2972;0
11;19;78;13;14;13;48;3.40;3;2;1;64;0;4765348;79;0
11;19;78;13;14;14;9;3.40;4;2;1;55;0;4765409;159;0
11;19;78;13;14;15;77;3.40;4;2;1;59;0;4765577;145;0
11;19;78;13;14;17;23;4.40;3;2;1;65;0;4765723;355;0
11;19;78;13;14;19;26;3.80;3;2;1;64;0;4765926;178;0
11;19;78;13;14;21;9;3.60;4;2;1;51;0;4766109;511;0
11;19;78;13;14;22;83;4.80;4;2;1;54;0;4766283;148;0
11;19;78;13;14;24;51;3.40;4;2;1;53;0;4766451;136;0
11;19;78;13;14;25;66;3.40;4;2;1;53;0;4766566;91;0
11;19;78;13;14;27;45;4.40;3;2;1;58;0;4766745;797;0
11;19;78;13;14;28;9;3.60;4;2;1;52;0;4766809;219;0
11;19;78;13;14;29;1;3.60;3;2;1;57;0;4766901;128;0
11;19;78;13;14;29;71;3.20;4;2;1;51;0;4766971;137;0
11;19;78;13;14;31;41;3.60;3;2;1;54;0;4767141;217;0
11;19;78;13;14;31;67;4.60;4;2;1;50;0;4767167;173;0
11;19;78;13;14;32;16;3.60;3;2;1;54;0;4767216;51;0
11;19;78;13;14;32;69;3.60;4;2;1;50;0;4767269;68;0
11;19;78;13;14;33;32;3.60;3;2;1;57;0;4767332;92;0
11;19;78;13;14;34;33;3.20;4;2;1;51;0;4767433;138;4766809
11;19;78;13;14;35;63;3.20;4;2;1;49;0;4767563;107;4766809
11;19;78;13;14;35;75;3.20;3;2;1;48;0;4767575;220;0
11;19;78;13;14;37;58;3.60;2;1;1;56;0;4767758;2741;0
11;19;78;13;14;38;97;3.60;3;2;1;51;0;4767897;298;0
11;19;78;13;14;48;55;3.40;4;2;1;66;0;4768855;1268;0
11;19;78;13;14;50;19;3.80;2;1;1;56;0;4769019;1237;0
11;19;78;13;14;52;41;3.40;3;2;1;64;0;4769241;1318;0
11;19;78;13;14;55;44;3.80;1;1;1;58;0;4769544;4606;0
11;19;78;13;14;58;66;4.00;1;1;1;52;0;4769866;298;0
11;19;78;13;15;3;56;3.60;2;1;1;55;0;4770356;1312;0
11;19;78;13;15;5;70;4.40;2;1;1;62;0;4770570;190;0
11;19;78;13;15;6;14;3.20;4;2;1;61;0;4770614;1740;0
11;19;78;13;15;7;13;3.20;2;1;1;60;0;4770713;117;0
11;19;78;13;15;7;78;4.40;1;1;1;59;0;4770778;884;0
11;19;78;13;15;8;2;3.60;4;2;1;61;0;4770802;169;0
11;19;78;13;15;9;42;3.20;1;1;1;57;0;4770942;137;0
11;19;78;13;15;10;42;3.20;2;1;1;57;0;4771042;309;0
11;19;78;13;15;10;94;3.80;1;1;1;58;0;4771094;131;0
11;19;78;13;15;11;83;3.80;1;1;1;57;0;4771183;65;0
11;19;78;13;15;13;24;3.40;1;1;1;58;0;4771324;117;4770778
11;19;78;13;15;13;45;3.60;2;1;1;64;0;4771345;282;0
11;19;78;13;15;15;75;4.20;2;1;1;58;0;4771575;209;0
11;19;78;13;15;16;0;3.00;1;1;1;59;0;4771600;254;0
11;19;78;13;15;17;18;3.40;1;1;1;59;0;4771718;99;0
11;19;78;13;15;17;53;3.20;4;2;1;65;0;4771753;929;0
11;19;78;13;15;17;70;3.60;3;2;1;73;0;4771770;2509;0
11;19;78;13;15;17;58;4.20;2;1;1;56;0;4771758;156;0
11;19;78;13;15;19;15;3.80;2;1;1;54;0;4771915;130;0
11;19;78;13;15;20;98;3.40;4;2;1;64;0;4772098;327;0
11;19;78;13;15;20;93;3.60;1;1;1;53;0;4772093;354;0
11;19;78;13;15;22;82;3.80;1;1;1;53;0;4772282;164;0
11;19;78;13;15;24;51;3.60;1;1;1;51;0;4772451;143;0
11;19;78;13;15;25;54;3.40;4;2;1;53;0;4772554;436;0
11;19;78;13;15;26;34;3.80;1;1;1;51;0;4772634;157;0
11;19;78;13;15;26;63;3.40;3;2;1;58;0;4772663;875;0
11;19;78;13;15;27;84;3.20;3;2;1;58;0;4772784;99;0
11;19;78;13;15;28;6;3.00;1;1;1;50;0;4772806;145;4772093
11;19;78;13;15;29;12;4.40;4;2;1;53;0;4772912;334;0
11;19;78;13;15;30;51;3.40;4;2;1;54;0;4773051;109;0
11;19;78;13;15;30;66;3.40;1;1;1;52;0;4773066;238;0
11;19;78;13;15;30;70;4.20;2;1;1;58;0;4773070;1129;0
11;19;78;13;15;32;27;3.40;1;1;1;50;0;4773227;137;0
11;19;78;13;15;33;35;3.60;1;1;1;51;0;4773335;83;0
11;19;78;13;15;34;80;4.60;1;1;1;52;0;4773480;119;0
11;19;78;13;15;35;83;9.00;4;2;2;62;0;4773583;509;0
11;19;78;13;15;36;4;5.60;1;1;1;52;0;4773604;92;4773066
11;19;78;13;15;37;89;3.60;2;1;1;53;0;4773789;692;0
11;19;78;13;15;39;13;3.80;1;1;1;49;0;4773913;270;0
11;19;78;13;15;39;27;3.60;2;1;1;58;0;4773927;113;0
11;19;78;13;15;40;81;3.80;3;2;1;60;0;4774081;1277;0
11;19;78;13;15;43;43;3.00;1;1;1;50;0;4774343;402;0
11;19;78;13;15;48;29;3.60;3;2;1;68;0;4774829;725;0
11;19;78;13;15;49;58;3.60;1;1;1;57;0;4774958;593;0
11;19;78;13;15;49;97;3.80;3;2;1;67;0;4774997;148;0
11;19;78;13;15;50;77;5.00;4;2;1;64;0;4775077;1441;0
11;19;78;13;15;51;27;3.80;1;1;1;54;0;4775127;146;0
11;19;78;13;15;52;52;3.60;4;2;1;61;0;4775252;146;0
11;19;78;13;15;52;73;3.80;3;2;1;64;0;4775273;255;0
11;19;78;13;15;53;71;3.60;3;2;1;64;0;4775371;76;0
11;19;78;13;15;53;88;3.40;4;2;1;61;0;4775388;114;0
11;19;78;13;15;55;55;4.00;4;2;1;60;0;4775555;146;0
11;19;78;13;15;55;86;3.00;3;2;1;66;0;4775586;194;0
11;19;78;13;15;56;67;3.60;1;1;1;57;0;4775667;514;0
11;19;78;13;15;56;91;3.20;4;2;1;61;0;4775691;112;4775077
11;19;78;13;15;57;83;3.00;1;1;1;55;0;4775783;93;4775077
11;19;78;13;15;59;9;3.60;1;1;1;55;0;4775909;106;4775077
11;19;78;13;16;0;30;3.00;4;2;1;60;0;4776030;320;0
11;19;78;13;16;0;69;3.60;1;1;1;56;0;4776069;136;0
11;19;78;13;16;1;58;6.40;3;2;1;62;0;4776158;555;0
11;19;78;13;16;1;91;5.20;4;2;1;61;0;4776191;143;0
11;19;78;13;16;4;38;3.80;3;2;1;62;0;4776438;242;0
11;19;78;13;16;7;50;9.40;4;2;6;62;0;4776750;528;0
11;19;78;13;16;16;77;3.80;4;2;1;59;0;4777677;872;0
11;19;78;13;16;18;0;3.40;4;2;1;59;0;4777800;99;0
11;19;78;13;16;18;32;3.60;1;1;1;53;0;4777832;1739;0
11;19;78;13;16;19;78;3.40;3;2;1;62;0;4777978;1517;0
11;19;78;13;16;19;82;23.80;4;2;5;59;0;4777982;161;0
11;19;78;13;16;22;35;3.20;2;1;1;55;0;4778235;4285;0
11;19;78;13;16;22;36;3.20;3;2;1;57;0;4778236;238;0
11;19;78;13;16;23;6;3.60;3;2;1;53;0;4778306;49;0
11;19;78;13;16;23;82;3.40;4;2;1;57;0;4778382;254;0
11;19;78;13;16;24;52;3.80;3;2;1;52;0;4778452;121;0
11;19;78;13;16;25;84;3.80;4;2;1;55;0;4778584;180;0
11;19;78;13;16;26;0;3.20;3;2;1;54;0;4778600;121;0
11;19;78;13;16;27;33;3.80;3;2;1;54;0;4778733;111;4778236
11;19;78;13;16;28;88;12.40;4;2;3;54;0;4778888;279;0
11;19;78;13;16;31;9;3.60;4;2;1;54;0;4779109;138;0
11;19;78;13;16;34;44;3.80;4;2;1;55;0;4779444;311;0
11;19;78;13;16;39;16;3.20;1;1;1;54;0;4779916;2059;0
11;19;78;13;16;45;29;3.20;3;2;1;56;0;4780529;1770;0
11;19;78;13;16;46;30;3.80;4;2;1;58;0;4780630;1161;0
11;19;78;13;16;45;87;11.20;1;1;3;50;0;4780587;649;0
11;19;78;13;16;48;8;3.60;3;2;1;59;0;4780808;258;0
11;19;78;13;16;48;51;3.40;4;2;1;58;0;4780851;197;0
11;19;78;13;16;50;18;3.40;1;1;1;60;0;4781018;350;0
11;19;78;13;16;51;91;4.00;3;2;1;66;0;4781191;361;0
11;19;78;13;16;53;79;3.40;2;1;1;60;0;4781379;3123;0
11;19;78;13;16;54;85;3.20;3;2;1;73;0;4781485;272;0
11;19;78;13;16;55;5;3.60;2;1;1;58;0;4781505;105;0
11;19;78;13;16;55;73;3.80;1;1;1;54;0;4781573;534;0
11;19;78;13;16;56;1;3.60;2;1;1;60;0;4781601;73;0
11;19;78;13;16;56;97;3.40;2;1;1;58;0;4781697;74;0
11;19;78;13;16;58;1;3.80;2;1;1;56;0;4781801;82;4781379
11;19;78;13;16;58;48;3.40;1;1;1;48;0;4781848;249;0
11;19;78;13;16;59;11;3.80;2;1;1;55;0;4781911;85;4781379
11;19;78;13;16;59;59;3.60;1;1;1;47;0;4781959;85;4781379
11;19;78;13;17;0;67;3.80;1;1;1;54;0;4782067;80;4781379
11;19;78;13;17;0;98;3.60;2;1;1;55;0;4782098;162;4781379
11;19;78;13;17;1;93;3.60;1;1;1;50;0;4782193;100;4781379
11;19;78;13;17;2;81;3.80;2;1;1;56;0;4782281;159;4781379
11;19;78;13;17;4;38;3.60;1;1;1;51;0;4782438;219;0
11;19;78;13;17;4;94;5.40;2;1;1;55;0;4782494;188;4781379
11;19;78;13;17;5;76;3.60;1;1;1;50;0;4782576;112;4781379
11;19;78;13;17;6;62;3.20;2;1;1;52;0;4782662;132;4781379
11;19;78;13;17;7;2;4.00;1;1;1;52;0;4782702;100;4781379
11;19;78;13;17;8;11;3.40;2;1;1;56;0;4782811;126;4781379
11;19;78;13;17;9;46;3.20;1;1;1;48;0;4782946;216;0
11;19;78;13;17;10;11;4.20;2;1;1;59;0;4783011;178;4781379
11;19;78;13;17;10;55;5.00;1;1;1;49;0;4783055;85;4781379
11;19;78;13;17;11;67;3.20;1;1;1;51;0;4783167;75;4781379
11;19;78;13;17;13;11;4.40;1;1;1;50;0;4783311;121;4781379
11;19;78;13;17;15;19;3.00;4;2;1;62;0;4783519;2646;0
11;19;78;13;17;15;94;3.00;2;1;1;56;0;4783594;557;0
11;19;78;13;17;16;20;3.80;1;1;1;52;0;4783620;277;0
11;19;78;13;17;17;86;3.40;1;1;1;50;0;4783786;139;0
11;19;78;13;17;19;35;3.80;1;1;1;48;0;4783935;124;0
11;19;78;13;17;20;18;3.60;4;2;1;57;0;4784018;481;0
11;19;78;13;17;21;2;3.00;1;1;1;49;0;4784102;138;0
11;19;78;13;17;22;40;4.60;1;1;1;46;0;4784240;115;4783620
11;19;78;13;17;23;8;3.20;3;2;1;54;0;4784308;2807;0
11;19;78;13;17;24;8;5.00;3;2;1;56;0;4784408;78;0
11;19;78;13;17;24;56;3.40;1;1;1;48;0;4784456;180;4783620
11;19;78;13;17;27;76;3.40;3;2;1;61;0;4784776;335;0
11;19;78;13;17;27;55;9.60;1;1;2;47;0;4784755;273;0
11;19;78;13;17;30;62;3.40;4;2;1;48;0;4785062;1021;0
11;19;78;13;17;31;10;3.40;1;1;1;53;0;4785110;281;0
11;19;78;13;17;31;64;3.80;3;2;1;62;0;4785164;367;0
11;19;78;13;17;32;1;6.40;4;2;6;51;0;4785201;113;0
11;19;78;13;17;33;25;6.00;2;1;1;59;0;4785325;1711;0
11;19;78;13;17;34;21;3.80;3;2;1;68;0;4785421;234;0
11;19;78;13;17;34;35;6.60;4;2;1;62;0;4785435;188;0
11;19;78;13;17;35;81;3.40;1;1;1;54;0;4785581;447;0
11;19;78;13;17;37;93;3.60;1;1;1;54;0;4785793;189;0
11;19;78;13;17;38;62;3.80;3;2;1;62;0;4785862;420;0
11;19;78;13;17;39;11;3.80;1;1;1;51;0;4785911;94;0
11;19;78;13;17;41;3;3.80;2;1;1;62;0;4786103;741;0
11;19;78;13;17;40;70;12.60;1;1;3;57;0;4786070;132;0
11;19;78;13;17;40;94;11.60;4;2;3;53;0;4786094;620;0
11;19;78;13;17;42;88;3.80;4;2;1;54;0;4786288;115;0
11;19;78;13;17;42;88;5.00;1;1;1;57;0;4786288;138;4785581
11;19;78;13;17;43;50;4.20;3;2;1;53;0;4786350;465;0
11;19;78;13;17;44;45;4.60;4;2;1;54;0;4786445;131;0
11;19;78;13;17;45;14;3.20;2;1;1;52;0;4786514;388;0
11;19;78;13;17;45;94;3.80;3;2;1;55;0;4786594;215;0
11;19;78;13;17;46;17;3.20;2;1;1;51;0;4786617;80;0
11;19;78;13;17;47;15;3.40;4;2;1;52;0;4786715;239;0
11;19;78;13;17;47;47;3.80;3;2;1;52;0;4786747;128;0
11;19;78;13;17;49;21;5.40;3;2;1;47;0;4786921;147;0
11;19;78;13;17;51;36;3.40;1;1;1;51;0;4787136;816;0
11;19;78;13;17;50;51;24.60;4;2;5;50;0;4787051;312;0
11;19;78;13;17;53;72;3.20;3;2;1;65;0;4787372;409;0
11;19;78;13;17;54;47;3.80;4;2;1;51;0;4787447;218;0
11;19;78;13;17;55;36;3.00;3;2;1;64;0;4787536;146;0
11;19;78;13;17;55;84;4.00;4;2;1;54;0;4787584;110;0
11;19;78;13;17;56;82;3.80;3;2;1;62;0;4787682;129;0
11;19;78;13;17;58;69;3.60;3;2;1;61;0;4787869;164;0
11;19;78;13;17;58;64;3.80;4;2;1;50;0;4787864;253;0
11;19;78;13;18;1;45;3.40;4;2;1;52;0;4788145;253;0
11;19;78;13;18;1;69;6.80;3;2;6;64;0;4788169;278;0
11;19;78;13;18;2;66;3.20;4;2;1;50;0;4788266;97;0
11;19;78;13;18;2;78;3.20;3;2;1;61;0;4788278;70;0
11;19;78;13;18;4;24;3.60;4;2;1;50;0;4788424;134;0
11;19;78;13;18;4;80;4.40;3;2;1;64;0;4788480;183;0
11;19;78;13;18;6;26;3.60;4;2;1;49;0;4788626;176;0
11;19;78;13;18;7;52;3.80;4;2;1;48;0;4788752;99;4788145
11;19;78;13;18;9;14;9.80;4;2;2;47;0;4788914;133;4788145
11;19;78;13;18;10;72;3.60;4;2;1;48;0;4789072;82;4788145
11;19;78;13;18;22;58;3.80;3;2;1;63;0;4790258;1753;0
11;19;78;13;18;22;93;3.00;4;2;1;60;0;4790293;1194;0
11;19;78;13;18;26;72;3.80;1;1;1;58;0;4790672;3512;0
11;19;78;13;18;27;36;4.00;2;1;1;56;0;4790736;4096;0
11;19;78;13;18;28;78;3.00;1;1;1;60;0;4790878;182;0
11;19;78;13;18;29;72;4.00;2;1;1;61;0;4790972;210;0
11;19;78;13;18;31;82;5.00;1;1;1;55;0;4791182;286;0
11;19;78;13;18;32;37;3.80;2;1;1;60;0;4791237;241;0
11;19;78;13;18;33;74;4.60;2;1;1;59;0;4791374;114;0
11;19;78;13;18;34;36;3.00;1;1;1;50;0;4791436;221;0
11;19;78;13;18;34;79;3.80;2;1;1;56;0;4791479;76;0
11;19;78;13;18;35;26;15.80;1;1;4;53;0;4791526;68;0
11;19;78;13;18;36;55;4.80;2;1;1;60;0;4791655;151;0
11;19;78;13;18;37;71;3.40;1;1;1;53;0;4791771;137;0
11;19;78;13;18;37;97;3.60;4;2;1;64;0;4791797;1486;0
11;19;78;13;18;38;49;3.60;3;2;1;63;0;4791849;1569;0
11;19;78;13;18;39;78;3.40;3;2;1;61;0;4791978;108;0
11;19;78;13;18;40;50;3.80;1;1;1;55;0;4792050;255;0
11;19;78;13;18;41;20;5.80;2;1;1;55;0;4792120;436;0
11;19;78;13;18;42;35;3.20;4;2;1;65;0;4792235;417;0
11;19;78;13;18;42;42;3.60;2;1;1;54;0;4792242;84;0
11;19;78;13;18;41;98;15.40;1;1;4;56;0;4792198;123;0
11;19;78;13;18;45;28;3.60;2;1;1;49;0;4792528;262;0
11;19;78;13;18;45;63;3.60;4;2;1;64;0;4792563;310;0
11;19;78;13;18;45;57;17.00;1;1;4;60;0;4792557;260;0
11;19;78;13;18;47;49;3.80;4;2;1;66;0;4792749;165;0
11;19;78;13;18;48;49;3.80;1;1;1;60;0;4792849;190;0
11;19;78;13;18;49;16;3.20;2;1;1;61;0;4792916;361;0
11;19;78;13;18;50;88;16.00;1;1;4;57;0;4793088;216;0
11;19;78;13;18;54;43;20.80;1;1;5;57;0;4793443;253;0
11;19;78;13;18;58;31;3.80;1;1;1;58;0;4793831;256;0
11;19;78;13;19;1;23;4.00;4;2;1;63;0;4794123;1353;0
11;19;78;13;19;2;20;4.60;3;2;1;59;0;4794220;2221;0
11;19;78;13;19;5;13;4.60;2;1;1;61;0;4794513;1578;0
11;19;78;13;19;5;44;3.40;1;1;1;57;0;4794544;689;0
11;19;78;13;19;6;86;3.20;3;2;1;52;0;4794686;437;0
11;19;78;13;19;8;37;5.40;1;1;1;52;0;4794837;271;0
11;19;78;13;19;10;14;3.60;4;2;1;64;0;4795014;868;0
11;19;78;13;19;11;4;3.40;3;2;1;63;0;4795104;395;0
11;19;78;13;19;11;8;3.60;1;1;1;53;0;4795108;233;0
11;19;78;13;19;12;67;3.40;4;2;1;58;0;4795267;232;0
11;19;78;13;19;12;43;7.60;1;1;6;56;0;4795243;110;0
11;19;78;13;19;13;17;3.60;3;2;1;67;0;4795317;193;0
11;19;78;13;19;14;32;3.60;3;2;1;63;0;4795432;95;0
11;19;78;13;19;14;49;3.40;1;1;1;56;0;4795449;157;0
11;19;78;13;19;17;92;3.80;1;1;1;51;0;4795792;321;0
11;19;78;13;19;18;77;3.60;1;1;1;52;0;4795877;58;0
11;19;78;13;19;19;96;3.60;1;1;1;52;0;4795996;94;0
11;19;78;13;19;21;46;3.00;3;2;1;56;0;4796146;693;0
11;19;78;13;19;22;18;3.60;4;2;1;58;0;4796218;929;0
11;19;78;13;19;22;71;3.40;3;2;1;53;0;4796271;105;0
11;19;78;13;19;23;27;8.00;4;2;2;57;0;4796327;86;0
11;19;78;13;19;23;56;3.80;3;2;1;53;0;4796356;61;0
11;19;78;13;19;25;27;3.60;4;2;1;60;0;4796527;149;0
11;19;78;13;19;26;72;4.60;3;2;1;50;0;4796672;290;0
11;19;78;13;19;27;12;3.40;4;2;1;57;0;4796712;163;0
11;19;78;13;19;28;18;3.80;3;2;1;50;0;4796818;112;0
11;19;78;13;19;28;68;3.60;4;2;1;55;0;4796868;134;4796218
11;19;78;13;19;29;88;3.60;3;2;1;51;0;4796988;142;4796218
11;19;78;13;19;30;12;4.00;4;2;1;56;0;4797012;120;4796218
11;19;78;13;19;31;43;3.60;4;2;1;56;0;4797143;105;4796218
11;19;78;13;19;33;48;3.40;3;2;1;54;0;4797348;334;0
11;19;78;13;19;33;76;14.20;4;2;2;59;0;4797376;209;0
11;19;78;13;19;37;35;4.80;4;2;1;57;0;4797735;272;0
11;19;78;13;19;39;34;3.80;3;2;1;54;0;4797934;563;0
11;19;78;13;19;40;16;3.40;4;2;1;54;0;4798016;250;0
11;19;78;13;19;40;65;3.60;3;2;1;52;0;4798065;105;0
11;19;78;13;19;41;54;3.40;3;2;1;52;0;4798154;64;0
11;19;78;13;19;42;79;3.40;4;2;1;54;0;4798279;240;0
11;19;78;13;19;52;43;3.80;4;2;1;59;0;4799243;941;0
11;19;78;13;19;55;65;3.60;3;2;1;63;0;4799565;1387;0
11;19;78;13;19;55;66;4.20;4;2;1;67;0;4799566;299;0
11;19;78;13;20;4;85;4.20;1;1;1;65;0;4800485;4464;0
11;19;78;13;20;5;0;3.60;2;1;1;58;0;4800500;5959;0
11;19;78;13;20;7;65;3.60;2;1;1;59;0;4800765;242;0
11;19;78;13;20;9;27;3.60;2;1;1;57;0;4800927;140;0
11;19;78;13;20;9;79;5.20;1;1;1;49;0;4800979;470;0
11;19;78;13;20;11;76;3.60;1;1;1;52;0;4801176;158;0
11;19;78;13;20;12;99;3.60;1;1;1;52;0;4801299;98;0
11;19;78;13;20;14;4;3.60;2;1;1;54;0;4801404;454;0
11;19;78;13;20;14;40;3.80;1;1;1;51;0;4801440;116;0
11;19;78;13;20;15;73;3.40;1;1;1;52;0;4801573;106;4800979
11;19;78;13;20;16;27;4.80;2;1;1;53;0;4801627;199;4800979
11;19;78;13;20;17;51;3.60;1;1;1;54;0;4801751;154;4800979
11;19;78;13;20;17;80;3.60;2;1;1;53;0;4801780;120;4800979
11;19;78;13;20;18;97;3.40;1;1;1;54;0;4801897;122;4800979
11;19;78;13;20;19;78;3.60;2;1;1;55;0;4801978;173;4800979
11;19;78;13;20;20;82;3.60;1;1;1;51;0;4802082;162;4800979
11;19;78;13;20;21;79;3.60;1;1;1;52;0;4802179;71;4800979
11;19;78;13;20;22;62;5.20;1;1;1;52;0;4802262;58;4800979
11;19;78;13;20;23;73;3.80;1;1;1;51;0;4802373;75;4800979
11;19;78;13;20;23;90;3.60;4;2;1;61;0;4802390;2801;0
11;19;78;13;20;25;16;3.80;1;1;1;51;0;4802516;116;4800979
11;19;78;13;20;26;50;3.60;1;1;1;49;0;4802650;107;4800979
11;19;78;13;20;26;66;4.00;2;1;1;58;0;4802666;664;0
11;19;78;13;20;29;21;3.20;1;1;1;46;0;4802921;244;0
11;19;78;13;20;30;91;3.80;1;1;1;42;0;4803091;144;0
11;19;78;13;20;32;1;3.60;2;1;1;47;0;4803201;510;0
11;19;78;13;20;32;6;4.40;1;1;1;42;0;4803206;82;0
11;19;78;13;20;32;84;9.40;2;1;2;46;0;4803284;55;0
11;19;78;13;20;33;85;6.00;1;1;1;43;0;4803385;141;0
11;19;78;13;20;35;45;3.80;4;2;1;60;0;4803545;1133;0
11;19;78;13;20;35;44;5.00;2;1;1;47;0;4803544;186;0
11;19;78;13;20;36;68;3.40;1;1;1;43;0;4803668;232;0
11;19;78;13;20;38;26;3.80;1;1;1;45;0;4803826;129;0
11;19;78;13;20;38;91;4.60;2;1;1;48;0;4803891;308;0
11;19;78;13;20;41;29;3.80;1;1;1;51;0;4804129;272;0
11;19;78;13;20;42;52;4.00;2;1;1;48;0;4804252;326;0
11;19;78;13;20;44;46;3.80;2;1;1;53;0;4804446;164;0
11;19;78;13;20;46;75;3.80;2;1;1;53;0;4804675;203;0
11;19;78;13;20;46;72;3.60;1;1;1;50;0;4804672;516;0
11;19;78;13;20;48;23;3.20;2;1;1;49;0;4804823;122;0
11;19;78;13;20;48;47;3.40;4;2;1;66;0;4804847;1279;0
11;19;78;13;20;49;5;4.40;1;1;1;59;0;4804905;207;0
11;19;78;13;20;49;47;3.20;2;1;1;49;0;4804947;100;0
11;19;78;13;20;50;41;3.80;2;1;1;56;0;4805041;70;0
11;19;78;13;20;51;13;3.60;1;1;1;56;0;4805113;181;0
11;19;78;13;20;52;10;3.60;2;1;1;56;0;4805210;144;4804675
11;19;78;13;20;52;95;3.40;1;1;1;55;0;4805295;158;4804675
11;19;78;13;20;54;55;3.20;3;2;1;57;0;4805455;5869;0
11;19;78;13;20;56;0;7.40;1;1;1;50;0;4805600;282;0
11;19;78;13;20;56;87;3.60;4;2;1;58;0;4805687;821;0
11;19;78;13;20;57;97;3.20;3;2;1;58;0;4805797;321;0
11;19;78;13;20;58;48;4.20;1;1;1;50;0;4805848;194;0
11;19;78;13;20;59;7;4.00;4;2;1;56;0;4805907;197;0
11;19;78;13;20;59;55;3.60;1;1;1;50;0;4805955;76;0
11;19;78;13;20;59;91;3.60;3;2;1;54;0;4805991;174;0
11;19;78;13;21;0;11;4.00;2;1;1;54;0;4806011;777;0
11;19;78;13;21;1;6;3.40;3;2;1;56;0;4806106;91;0
11;19;78;13;21;1;15;5.20;1;1;1;52;0;4806115;134;0
11;19;78;13;21;1;60;3.60;4;2;1;55;0;4806160;227;0
11;19;78;13;21;2;37;3.80;3;2;1;53;0;4806237;109;0
11;19;78;13;21;3;21;3.40;4;2;1;58;0;4806321;137;0
11;19;78;13;21;4;29;4.40;4;2;1;58;0;4806429;86;0
11;19;78;13;21;5;86;3.60;4;2;1;57;0;4806586;129;0
11;19;78;13;21;7;19;13.00;3;2;7;60;0;4806719;456;0
11;19;78;13;21;7;92;23.00;4;2;5;56;0;4806792;183;4806160
11;19;78;13;21;9;30;3.20;3;2;1;62;0;4806930;133;4806160
11;19;78;13;21;10;38;3.80;3;2;1;62;0;4807038;89;4806160
11;19;78;13;21;11;41;3.40;4;2;1;54;0;4807141;201;0
11;19;78;13;21;11;80;3.80;3;2;1;61;0;4807180;119;0
11;19;78;13;21;13;4;3.60;4;2;1;53;0;4807304;140;0
11;19;78;13;21;14;80;3.60;4;2;1;51;0;4807480;151;0
11;19;78;13;21;14;98;5.20;3;2;1;59;0;4807498;295;0
11;19;78;13;21;16;26;3.20;4;2;1;52;0;4807626;120;0
11;19;78;13;21;16;39;4.40;3;2;1;57;0;4807639;109;0
11;19;78;13;21;17;40;4.00;3;2;1;57;0;4807740;73;0
11;19;78;13;21;17;49;3.20;4;2;1;51;0;4807749;100;4807141
11;19;78;13;21;19;34;3.20;4;2;1;50;0;4807934;162;4807141
11;19;78;13;21;20;15;3.40;3;2;1;57;0;4808015;249;0
11;19;78;13;21;21;92;3.40;3;2;1;54;0;4808192;155;0
11;19;78;13;21;39;22;12.80;1;1;7;55;0;4809922;3771;0
11;19;78;13;21;41;29;3.20;4;2;1;56;0;4810129;2171;0
11;19;78;13;21;42;83;3.40;2;1;1;52;0;4810283;4245;0
11;19;78;13;21;43;36;3.40;1;1;1;54;0;4810336;330;0
11;19;78;13;21;43;62;3.20;4;2;1;59;0;4810362;212;0
11;19;78;13;21;43;70;3.80;2;1;1;51;0;4810370;63;0
11;19;78;13;21;44;46;4.20;1;1;1;54;0;4810446;87;0
11;19;78;13;21;44;91;3.20;2;1;1;49;0;4810491;94;0
11;19;78;13;21;45;22;4.20;1;1;1;52;0;4810522;48;0
11;19;78;13;21;46;27;3.60;2;1;1;50;0;4810627;112;0
11;19;78;13;21;47;51;3.40;1;1;1;48;0;4810751;199;0
11;19;78;13;21;48;66;3.60;2;1;1;56;0;4810866;213;0
11;19;78;13;21;49;83;4.00;2;1;1;58;0;4810983;93;0
11;19;78;13;21;50;35;4.00;3;2;1;66;0;4811035;2820;0
11;19;78;13;21;51;58;3.80;4;2;1;59;0;4811158;776;0
11;19;78;13;21;52;71;3.60;2;1;1;59;0;4811271;263;0
11;19;78;13;21;53;35;3.80;3;2;1;67;0;4811335;278;0
11;19;78;13;21;53;9;4.20;1;1;1;45;0;4811309;532;0
11;19;78;13;21;53;98;3.60;4;2;1;58;0;4811398;216;0
11;19;78;13;21;54;19;3.80;1;1;1;45;0;4811419;76;0
11;19;78;13;21;55;70;3.40;3;2;1;65;0;4811570;214;0
11;19;78;13;21;55;46;6.40;1;1;1;42;0;4811546;96;0
11;19;78;13;21;56;60;3.60;1;1;1;42;0;4811660;59;0
11;19;78;13;21;57;50;3.80;3;2;1;67;0;4811750;161;0
11;19;78;13;21;57;62;3.80;4;2;1;57;0;4811762;341;0
11;19;78;13;21;57;69;4.60;1;1;1;42;0;4811769;78;4811309
11;19;78;13;21;58;35;3.20;2;1;1;55;0;4811835;542;0
11;19;78;13;21;59;12;3.80;1;1;1;43;0;4811912;103;4811309
11;19;78;13;21;59;40;3.80;2;1;1;53;0;4811940;84;4811309
11;19;78;13;22;0;3;3.80;1;1;1;48;0;4812003;59;4811309
11;19;78;13;22;1;76;6.20;1;1;2;50;0;4812176;144;4811309
11;19;78;13;22;2;20;3.60;2;1;1;56;0;4812220;254;0
11;19;78;13;22;2;91;3.20;4;2;1;58;0;4812291;505;0
11;19;78;13;22;3;83;4.00;1;1;1;54;0;4812383;162;4811309
11;19;78;13;22;7;40;3.20;2;1;1;54;0;4812740;496;0
11;19;78;13;22;8;44;3.40;4;2;1;55;0;4812844;533;0
11;19;78;13;22;11;29;4.80;1;1;1;60;0;4813129;719;0
11;19;78;13;22;12;77;3.40;1;1;1;60;0;4813277;119;0
11;19;78;13;22;16;33;3.80;2;1;1;60;0;4813633;871;0
11;19;78;13;22;17;24;3.40;1;1;1;59;0;4813724;426;0
11;19;78;13;22;18;88;3.60;1;1;1;56;0;4813888;143;0
11;19;78;13;22;19;14;6.20;4;2;1;63;0;4813914;1047;0
11;19;78;13;22;19;78;3.20;1;1;1;54;0;4813978;66;0
11;19;78;13;22;20;42;3.40;4;2;1;64;0;4814042;92;0
11;19;78;13;22;20;35;3.60;2;1;1;60;0;4814035;379;0
11;19;78;13;22;22;88;3.80;2;1;1;56;0;4814288;231;0
11;19;78;13;22;26;26;3.80;1;1;1;57;0;4814626;626;0
11;19;78;13;22;27;89;3.40;1;1;1;58;0;4814789;139;0
11;19;78;13;22;28;60;3.80;4;2;1;62;0;4814860;798;0
11;19;78;13;22;29;62;3.40;1;1;1;54;0;4814962;151;0
11;19;78;13;22;30;17;3.60;3;2;1;63;0;4815017;3246;0
11;19;78;13;22;30;58;3.20;2;1;1;57;0;4815058;745;0
11;19;78;13;22;35;52;4.20;3;2;1;65;0;4815552;514;0
11;19;78;13;22;36;72;3.40;3;2;1;62;0;4815672;96;0
11;19;78;13;22;36;75;3.40;4;2;1;58;0;4815675;792;0
11;19;78;13;22;38;77;4.00;4;2;1;57;0;4815877;180;0
11;19;78;13;22;40;67;3.40;4;2;1;57;0;4816067;164;0
11;19;78;13;22;41;76;3.60;4;2;1;56;0;4816176;87;0
11;19;78;13;22;42;55;4.60;4;2;1;56;0;4816255;55;4815675
11;19;78;13;22;42;78;4.00;3;2;1;57;0;4816278;586;0
11;19;78;13;22;43;94;4.00;3;2;1;55;0;4816394;90;0
11;19;78;13;22;44;34;7.80;4;2;2;57;0;4816434;149;4815675
11;19;78;13;22;44;62;3.60;2;1;1;43;0;4816462;1383;0
11;19;78;13;22;45;9;3.60;3;2;1;54;0;4816509;88;0
11;19;78;13;22;46;16;4.40;3;2;1;52;0;4816616;83;0
11;19;78;13;22;46;67;3.20;4;2;1;54;0;4816667;183;4815675
11;19;78;13;22;47;19;3.80;3;2;1;51;0;4816719;72;4816278
11;19;78;13;22;48;3;3.80;4;2;1;56;0;4816803;114;4815675
11;19;78;13;22;48;16;3.20;3;2;1;51;0;4816816;70;4816278
11;19;78;13;22;49;14;3.80;3;2;1;53;0;4816914;75;4816278
11;19;78;13;22;50;49;3.80;3;2;1;53;0;4817049;109;4816278
11;19;78;13;22;51;10;3.40;4;2;1;54;0;4817110;282;0
11;19;78;13;22;51;47;4.00;3;2;1;53;0;4817147;72;4816278
11;19;78;13;22;52;68;3.80;4;2;1;56;0;4817268;135;4816278
11;19;78;13;22;53;13;3.40;3;2;1;53;0;4817313;138;4816278
11;19;78;13;22;53;56;10.40;4;2;2;54;0;4817356;63;4816278
11;19;78;13;22;56;8;3.00;4;2;1;54;0;4817608;182;4816278
11;19;78;13;22;58;63;5.00;1;1;1;57;0;4817863;2878;0
11;19;78;13;23;4;43;3.20;4;2;1;61;0;4818443;815;0
11;19;78;13;23;6;12;5.00;4;2;1;59;0;4818612;150;0
11;19;78;13;23;10;90;5.20;1;1;1;63;0;4819090;1195;0
11;19;78;13;23;12;12;3.20;1;1;1;57;0;4819212;92;0
11;19;78;13;23;12;54;3.40;2;1;1;55;0;4819254;2761;0
11;19;78;13;23;13;64;3.20;1;1;1;56;0;4819364;131;0
11;19;78;13;23;14;32;3.80;2;1;1;57;0;4819432;155;0
11;19;78;13;23;14;57;5.60;1;1;2;58;0;4819457;72;0
11;19;78;13;23;15;49;4.20;1;1;1;54;0;4819549;57;4819090
11;19;78;13;23;16;97;3.80;1;1;1;53;0;4819697;120;4819090
11;19;78;13;23;18;57;3.80;2;1;1;65;0;4819857;401;0
11;19;78;13;23;20;68;4.80;2;1;1;62;0;4820068;189;0
11;19;78;13;23;21;45;3.60;1;1;1;56;0;4820145;422;0
11;19;78;13;23;22;22;8.00;2;1;2;58;0;4820222;126;0
11;19;78;13;23;24;1;3.20;2;1;1;61;0;4820401;129;0
11;19;78;13;23;25;85;3.60;1;1;1;56;0;4820585;416;0
11;19;78;13;23;27;71;3.60;2;1;1;55;0;4820771;351;0
11;19;78;13;23;27;99;4.80;1;1;1;55;0;4820799;190;0
11;19;78;13;23;29;90;3.00;1;1;1;56;0;4820990;159;0
11;19;78;13;23;31;87;3.40;1;1;1;57;0;4821187;177;0
11;19;78;13;23;32;67;3.40;2;1;1;54;0;4821267;472;0
11;19;78;13;23;36;99;3.80;1;1;1;55;0;4821699;490;0
11;19;78;13;23;38;62;3.60;1;1;1;52;0;4821862;138;0
11;19;78;13;23;40;16;3.60;4;2;1;48;0;4822016;3373;0
11;19;78;13;23;42;44;3.40;4;2;1;57;0;4822244;201;0
11;19;78;13;23;46;55;3.60;3;2;1;60;0;4822655;5318;0
11;19;78;13;23;47;46;4.20;3;2;1;60;0;4822746;69;0
11;19;78;13;23;48;14;2.80;4;2;1;57;0;4822814;548;0
11;19;78;13;23;48;93;3.20;3;2;1;57;0;4822893;121;0
11;19;78;13;23;49;34;3.40;1;1;1;64;0;4822934;1047;0
11;19;78;13;23;49;44;3.00;4;2;1;57;0;4822944;112;0
11;19;78;13;23;50;26;3.80;1;1;1;61;0;4823026;72;0
11;19;78;13;23;50;65;3.40;2;1;1;50;0;4823065;1775;0
11;19;78;13;23;52;9;3.80;1;1;1;60;0;4823209;160;0
11;19;78;13;23;54;12;3.60;2;1;1;56;0;4823412;322;0
11;19;78;13;23;54;28;4.60;4;2;1;58;0;4823428;465;0
11;19;78;13;23;57;24;3.80;2;1;1;60;0;4823724;288;0
11;19;78;13;23;59;10;3.60;1;1;1;60;0;4823910;678;0
11;19;78;13;24;0;1;3.80;2;1;1;59;0;4824001;254;0
11;19;78;13;23;59;98;14.40;1;1;4;53;0;4823998;66;0
11;19;78;13;24;3;45;3.80;2;1;1;57;0;4824345;320;0
11;19;78;13;24;4;79;3.80;4;2;1;66;0;4824479;1022;0
11;19;78;13;24;6;42;3.60;4;2;1;70;0;4824642;142;0
11;19;78;13;24;7;4;3.40;2;1;1;59;0;4824704;335;0
11;19;78;13;24;9;11;5.40;4;2;1;66;0;4824911;250;0
11;19;78;13;24;10;85;3.40;3;2;1;68;0;4825085;2171;0
11;19;78;13;24;11;26;3.40;4;2;1;62;0;4825126;185;0
11;19;78;13;24;12;44;4.00;1;1;1;58;0;4825244;1148;0
11;19;78;13;24;14;89;3.60;4;2;1;65;0;4825489;343;0
11;19;78;13;24;15;95;4.00;4;2;1;64;0;4825595;86;0
11;19;78;13;24;16;57;4.80;3;2;1;58;0;4825657;554;0
11;19;78;13;24;17;34;3.60;1;1;1;53;0;4825734;465;0
11;19;78;13;24;17;66;3.80;3;2;1;60;0;4825766;79;0
11;19;78;13;24;17;96;4.00;4;2;1;60;0;4825796;178;0
11;19;78;13;24;18;99;3.80;4;2;1;58;0;4825899;79;0
11;19;78;13;24;20;31;4.20;3;2;1;64;0;4826031;242;0
11;19;78;13;24;20;83;5.40;4;2;1;57;0;4826083;160;4825489
11;19;78;13;24;22;48;4.40;3;2;1;60;0;4826248;193;4825489
11;19;78;13;24;23;98;3.60;3;2;1;63;0;4826398;123;4825489
11;19;78;13;24;26;23;4.00;3;2;1;60;0;4826623;204;0
11;19;78;13;24;26;84;3.40;4;2;1;61;0;4826684;566;0
11;19;78;13;24;28;43;3.20;2;1;1;56;0;4826843;2118;0
11;19;78;13;24;30;46;4.00;4;2;1;51;0;4827046;341;0
11;19;78;13;24;32;1;3.60;3;2;1;54;0;4827201;554;0
11;19;78;13;24;32;58;3.60;4;2;1;52;0;4827258;183;0
11;19;78;13;24;33;67;3.40;3;2;1;57;0;4827367;142;0
11;19;78;13;24;33;85;3.80;4;2;1;51;0;4827385;102;0
11;19;78;13;24;35;8;3.80;3;2;1;53;0;4827508;119;0
11;19;78;13;24;36;42;3.20;3;2;1;52;0;4827642;108;0
11;19;78;13;24;37;13;5.20;3;2;1;54;0;4827713;48;4827201
11;19;78;13;24;38;14;3.80;2;1;1;58;0;4827814;950;0
11;19;78;13;24;38;38;3.60;1;1;1;57;0;4827838;2079;0
11;19;78;13;24;39;23;3.60;3;2;1;59;0;4827923;175;4827201
11;19;78;13;24;40;41;4.60;4;2;1;52;0;4828041;629;0
11;19;78;13;24;41;15;3.40;2;1;1;54;0;4828115;277;0
11;19;78;13;24;41;72;3.20;3;2;1;57;0;4828172;227;0
11;19;78;13;24;41;98;4.20;4;2;1;51;0;4828198;125;0
11;19;78;13;24;42;15;3.60;1;1;1;59;0;4828215;354;0
11;19;78;13;24;43;16;3.60;4;2;1;50;0;4828316;88;0
11;19;78;13;24;43;39;3.40;3;2;1;56;0;4828339;146;0
11;19;78;13;24;43;50;3.60;2;1;1;51;0;4828350;212;0
11;19;78;13;24;44;72;7.00;2;1;2;58;0;4828472;96;0
11;19;78;13;24;46;29;3.60;1;1;1;57;0;4828629;392;0
11;19;78;13;24;47;33;3.80;2;1;1;57;0;4828733;217;0
11;19;78;13;24;49;42;11.80;4;2;2;49;0;4828942;600;0
11;19;78;13;24;50;71;3.80;1;1;1;47;0;4829071;419;0
11;19;78;13;24;52;5;6.80;1;1;2;48;0;4829205;104;0
11;19;78;13;24;55;42;5.00;1;1;1;51;0;4829542;286;0
11;19;78;13;24;57;47;3.60;1;1;1;54;0;4829747;169;0
11;19;78;13;24;58;25;3.60;4;2;1;63;0;4829825;796;0
11;19;78;13;24;59;24;6.00;2;1;1;58;0;4829924;1167;0
11;19;78;13;24;59;99;3.40;1;1;1;46;0;4829999;228;0
11;19;78;13;25;0;20;3.60;4;2;1;62;0;4830020;174;0
11;19;78;13;25;1;82;3.00;1;1;1;49;0;4830182;156;0
11;19;78;13;25;3;31;3.60;1;1;1;48;0;4830331;126;0
11;19;78;13;25;3;44;4.00;2;1;1;57;0;4830344;382;0
11;19;78;13;25;4;40;4.00;2;1;1;57;0;4830440;70;0
11;19;78;13;25;4;94;3.60;1;1;1;44;0;4830494;136;0
11;19;78;13;25;6;25;6.40;1;1;2;42;0;4830625;101;4829999
11;19;78;13;25;7;51;3.60;4;2;1;57;0;4830751;710;0
11;19;78;13;25;8;44;3.60;2;1;1;55;0;4830844;378;0
11;19;78;13;25;7;97;7.80;1;1;2;41;0;4830797;117;4829999
11;19;78;13;25;9;71;3.20;1;1;1;39;0;4830971;105;4829999
11;19;78;13;25;10;24;4.40;2;1;1;57;0;4831024;156;4829999
11;19;78;13;25;11;21;2.80;1;1;1;37;0;4831121;120;4829999
11;19;78;13;25;12;78;4.60;1;1;1;45;0;4831278;129;4829999
11;19;78;13;25;13;74;3.80;2;1;1;56;0;4831374;322;0
11;19;78;13;25;14;5;3.80;4;2;1;60;0;4831405;631;0
11;19;78;13;25;21;12;3.80;1;1;1;51;0;4832112;797;0
11;19;78;13;25;22;3;3.80;2;1;1;61;0;4832203;804;0
11;19;78;13;25;22;22;4.80;4;2;1;63;0;4832222;794;0
11;19;78;13;25;23;8;3.40;3;2;1;55;0;4832308;3947;0
11;19;78;13;25;24;17;5.80;3;2;1;59;0;4832417;86;0
11;19;78;13;25;24;48;3.40;4;2;1;57;0;4832448;198;0
11;19;78;13;25;24;36;4.20;1;1;1;50;0;4832436;297;0
11;19;78;13;25;25;32;3.40;1;1;1;50;0;4832532;65;0
11;19;78;13;25;27;40;3.40;4;2;1;56;0;4832740;270;0
11;19;78;13;25;27;55;19.80;3;2;5;61;0;4832755;302;0
11;19;78;13;25;29;84;3.60;2;1;1;58;0;4832984;758;0
11;19;78;13;25;30;68;4.00;3;2;1;61;0;4833068;196;0
11;19;78;13;25;29;98;18.80;4;2;5;61;0;4832998;236;0
11;19;78;13;25;32;68;3.60;1;1;1;52;0;4833268;711;0
11;19;78;13;25;37;91;5.40;4;2;1;65;0;4833791;682;0
11;19;78;13;25;43;92;3.80;4;2;1;69;0;4834392;571;0
11;19;78;13;25;52;32;3.60;4;2;1;63;0;4835232;820;0
11;19;78;13;25;53;14;3.80;1;1;1;59;0;4835314;2021;0
11;19;78;13;25;53;18;3.60;3;2;1;66;0;4835318;2226;0
11;19;78;13;25;53;38;3.00;4;2;1;58;0;4835338;85;0
11;19;78;13;25;54;85;3.60;3;2;1;62;0;4835485;147;0
11;19;78;13;25;56;11;3.40;3;2;1;62;0;4835611;105;0
11;19;78;13;25;58;9;3.20;4;2;1;62;0;4835809;452;0
11;19;78;13;25;58;81;5.20;3;2;1;60;0;4835881;250;0
11;19;78;13;25;59;77;3.40;3;2;1;59;0;4835977;64;0
11;19;78;13;26;0;17;3.60;4;2;1;60;0;4836017;189;0
11;19;78;13;26;1;19;4.20;4;2;1;57;0;4836119;80;0
11;19;78;13;26;1;76;4.00;3;2;1;64;0;4836176;178;0
11;19;78;13;26;3;40;3.80;4;2;1;59;0;4836340;194;0
11;19;78;13;26;4;5;3.40;3;2;1;69;0;4836405;206;0
11;19;78;13;26;5;45;4.00;3;2;1;65;0;4836545;122;0
11;19;78;13;26;5;56;3.80;4;2;1;60;0;4836556;192;4835809
11;19;78;13;26;6;21;3.00;1;1;1;59;0;4836621;1283;0
11;19;78;13;26;7;30;3.60;4;2;1;60;0;4836730;151;4835809
11;19;78;13;26;9;15;3.40;3;2;1;62;0;4836915;347;0
11;19;78;13;26;9;28;9.40;4;2;6;62;0;4836928;176;4835809
11;19;78;13;26;10;72;3.20;3;2;1;61;0;4837072;137;4835809
11;19;78;13;26;11;77;3.40;4;2;1;61;0;4837177;194;4835809
11;19;78;13;26;12;0;4.00;3;2;1;60;0;4837200;109;4835809
11;19;78;13;26;13;7;4.00;3;2;1;60;0;4837307;83;4835809
11;19;78;13;26;14;6;3.40;4;2;1;59;0;4837406;208;0
11;19;78;13;26;14;67;3.00;1;1;1;56;0;4837467;827;0
11;19;78;13;26;14;69;3.80;3;2;1;61;0;4837469;138;4836915
11;19;78;13;26;15;70;3.80;3;2;1;59;0;4837570;78;4836915
11;19;78;13;26;17;13;4.00;3;2;1;59;0;4837713;119;4836915
11;19;78;13;26;18;57;3.60;1;1;1;57;0;4837857;370;0
11;19;78;13;26;18;63;3.60;3;2;1;61;0;4837863;125;4836915
11;19;78;13;26;18;99;3.40;2;1;0;52;1;4837899;4892;0
11;19;78;13;26;28;97;3.60;2;1;1;52;0;4838897;5890;0
11;19;78;13;26;29;41;3.40;1;1;1;55;0;4838941;1061;0
11;19;78;13;26;33;1;3.00;1;1;1;61;0;4839301;337;0
11;19;78;13;26;34;79;3.60;1;1;1;57;0;4839479;160;0
11;19;78;13;26;35;34;3.40;2;1;1;55;0;4839534;612;0
11;19;78;13;26;36;5;3.60;2;1;1;57;0;4839605;48;0
11;19;78;13;26;37;64;3.60;2;1;1;54;0;4839764;136;0
11;19;78;13;26;38;11;4.40;1;1;1;50;0;4839811;309;0
11;19;78;13;26;39;71;5.20;1;1;1;50;0;4839971;128;0
11;19;78;13;26;40;33;3.60;2;1;1;52;0;4840033;245;0
11;19;78;13;26;41;29;3.80;1;1;1;50;0;4840129;120;0
11;19;78;13;26;42;49;3.00;1;1;1;49;0;4840249;92;0
11;19;78;13;26;43;50;3.80;1;1;1;48;0;4840350;78;4839811
11;19;78;13;26;43;67;3.60;2;1;1;49;0;4840367;309;0
11;19;78;13;26;44;76;3.40;1;1;1;47;0;4840476;97;4839811
11;19;78;13;26;45;10;3.40;3;2;1;61;0;4840510;2625;0
11;19;78;13;26;45;34;3.80;2;1;1;44;0;4840534;140;0
11;19;78;13;26;46;14;3.20;4;2;1;57;0;4840614;3187;0
11;19;78;13;26;46;29;3.60;1;1;1;42;0;4840629;126;4839811
11;19;78;13;26;47;35;3.20;2;1;1;52;0;4840735;169;4839811
11;19;78;13;26;48;56;3.20;4;2;1;60;0;4840856;221;0
11;19;78;13;26;48;42;4.00;2;1;1;48;0;4840842;84;0
11;19;78;13;26;49;76;3.40;2;2;1;43;0;4840976;209193;0
11;19;78;13;26;51;51;5.40;2;1;1;44;0;4841151;279;0
11;19;78;13;26;50;97;12.40;1;1;7;45;0;4841097;437;0
11;19;78;13;26;52;41;3.00;1;1;1;39;0;4841241;44;0
11;19;78;13;26;53;90;5.00;1;1;1;35;0;4841390;121;0
11;19;78;13;26;55;12;3.40;2;1;1;41;0;4841512;316;0
11;19;78;13;26;55;50;3.80;1;1;1;32;0;4841550;108;0
11;19;78;13;26;57;43;3.20;2;1;1;42;0;4841743;201;0
11;19;78;13;26;57;40;4.40;1;1;1;35;0;4841740;147;4841097
11;19;78;13;26;58;47;3.40;1;1;1;33;0;4841847;61;4841097
11;19;78;13;26;59;50;3.80;3;2;1;63;0;4841950;1419;0
11;19;78;13;26;59;62;3.60;2;1;1;34;0;4841962;191;0
11;19;78;13;27;0;33;3.40;4;2;1;60;0;4842033;1157;0
11;19;78;13;27;0;10;4.20;1;1;1;32;0;4842010;125;4841097
11;19;78;13;27;0;93;3.60;2;1;1;33;0;4842093;92;4841097
11;19;78;13;27;1;91;3.00;2;1;1;33;0;4842191;58;4841097
11;19;78;13;27;3;43;3.20;2;1;1;36;0;4842343;119;4841743
11;19;78;13;27;3;93;4.00;1;1;1;37;0;4842393;335;0
11;19;78;13;27;5;21;3.00;1;1;1;34;0;4842521;89;0
11;19;78;13;27;7;1;3.60;1;1;1;33;0;4842701;148;0
11;19;78;13;27;8;41;3.80;1;1;1;31;0;4842841;100;0
11;19;78;13;27;9;4;3.80;2;1;1;53;0;4842904;529;0
11;19;78;13;27;9;59;3.40;3;2;1;69;0;4842959;987;0
11;19;78;13;27;11;22;5.20;4;2;1;56;0;4843122;1068;0
11;19;78;13;27;12;28;3.60;1;1;1;36;0;4843228;342;0
11;19;78;13;27;13;11;3.60;3;2;1;56;0;4843311;334;0
11;19;78;13;27;14;10;3.00;1;1;1;47;0;4843410;146;0
11;19;78;13;27;14;75;3.80;3;2;1;58;0;4843475;140;0
11;19;78;13;27;15;50;3.60;4;2;1;51;0;4843550;394;0
11;19;78;13;27;16;24;3.20;3;2;1;57;0;4843624;125;0
11;19;78;13;27;18;26;3.80;4;2;1;55;0;4843826;250;0
11;19;78;13;27;20;92;3.40;1;1;1;56;0;4844092;659;0
11;19;78;13;27;22;32;3.60;1;1;1;53;0;4844232;118;0
11;19;78;13;27;23;60;3.40;2;1;1;57;0;4844360;1430;0
11;19;78;13;27;29;1;4.40;1;1;1;58;0;4844901;644;0
11;19;78;13;27;34;67;3.80;3;2;1;55;0;4845467;1822;0
11;19;78;13;27;36;3;3.80;3;2;1;60;0;4845603;111;0
11;19;78;13;27;36;88;3.80;4;2;1;53;0;4845688;1837;0
11;19;78;13;27;37;80;3.60;3;2;1;57;0;4845780;154;0
11;19;78;13;27;38;20;3.20;4;2;1;56;0;4845820;106;0
11;19;78;13;27;39;38;3.40;4;2;1;54;0;4845938;97;0
11;19;78;13;27;40;72;3.40;3;2;1;51;0;4846072;269;0
11;19;78;13;27;40;95;7.60;4;2;1;54;0;4846095;134;0
11;19;78;13;27;41;96;3.60;3;2;1;57;0;4846196;100;0
11;19;78;13;27;42;47;5.00;4;2;1;55;0;4846247;101;4845688
11;19;78;13;27;43;29;3.60;3;2;1;57;0;4846329;110;4845688
11;19;78;13;27;44;20;3.60;3;2;1;57;0;4846420;68;4845688
11;19;78;13;27;44;28;4.60;4;2;1;57;0;4846428;148;4845688
11;19;78;13;27;45;59;7.80;4;2;6;55;0;4846559;101;4845688
11;19;78;13;27;45;98;3.40;3;2;1;55;0;4846598;155;4846072
11;19;78;13;27;47;11;3.40;3;2;1;58;0;4846711;90;4846072
11;19;78;13;27;47;12;3.60;4;2;1;55;0;4846712;101;4845688
11;19;78;13;27;48;62;3.20;4;2;1;53;0;4846862;126;4845688
11;19;78;13;27;49;28;9.60;3;2;2;60;0;4846928;195;4846072
11;19;78;13;27;50;37;3.20;4;2;1;56;0;4847037;153;4845688
11;19;78;13;27;51;39;3.80;1;1;1;59;0;4847139;2210;0
11;19;78;13;27;52;94;4.40;2;1;1;61;0;4847294;2912;0
11;19;78;13;27;53;28;4.80;4;2;1;57;0;4847328;270;0
11;19;78;13;27;55;84;3.60;4;2;1;56;0;4847584;225;0
11;19;78;13;27;57;94;3.80;1;1;1;57;0;4847794;631;0
11;19;78;13;27;58;20;14.00;4;2;2;56;0;4847820;212;0
11;19;78;13;27;59;0;5.60;3;2;1;66;0;4847900;914;0
11;19;78;13;28;0;49;6.20;2;1;1;53;0;4848049;729;0
11;19;78;13;28;0;65;5.80;4;2;1;57;0;4848065;155;0
11;19;78;13;28;3;91;3.00;4;2;1;62;0;4848391;289;0
11;19;78;13;28;3;51;9.60;1;1;2;59;0;4848351;533;0
11;19;78;13;28;4;35;4.20;2;1;1;55;0;4848435;343;0
11;19;78;13;28;5;20;10.00;1;1;2;56;0;4848520;110;0
11;19;78;13;28;6;4;4.60;2;1;1;51;0;4848604;141;0
11;19;78;13;28;7;20;3.40;1;1;1;58;0;4848720;135;0
11;19;78;13;28;9;3;13.00;1;1;3;57;0;4848903;161;0
11;19;78;13;28;11;87;3.80;1;1;1;56;0;4849187;201;0
11;19;78;13;28;13;79;4.40;1;1;1;51;0;4849379;167;0
11;19;78;13;28;15;99;4.00;1;1;1;51;0;4849599;188;0
11;19;78;13;28;16;74;3.20;2;1;1;54;0;4849674;1037;0
11;19;78;13;28;18;25;8.80;2;1;6;54;0;4849825;129;0
11;19;78;13;28;18;71;3.80;1;1;1;54;0;4849871;243;0
11;19;78;13;28;19;0;3.40;4;2;1;64;0;4849900;1491;0
11;19;78;13;28;21;0;8.00;2;1;2;61;0;4850100;216;0
11;19;78;13;28;22;62;3.60;1;1;1;51;0;4850262;365;0
11;19;78;13;28;24;32;5.60;1;1;1;53;0;4850432;144;0
11;19;78;13;28;26;39;9.80;1;1;2;51;0;4850639;168;0
11;19;78;13;28;27;98;4.00;4;2;1;63;0;4850798;878;0
11;19;78;13;28;30;44;6.40;2;1;1;60;0;4851044;896;0
11;19;78;13;28;30;71;3.60;4;2;1;62;0;4851071;250;0
11;19;78;13;28;35;74;3.60;1;1;1;54;0;4851574;865;0
11;19;78;13;28;37;31;4.00;1;1;1;43;0;4851731;133;0
11;19;78;13;28;42;46;4.00;4;2;1;61;0;4852246;1154;0
11;19;78;13;28;43;50;3.80;4;2;1;61;0;4852350;80;0
11;19;78;13;28;45;36;3.60;2;1;1;57;0;4852536;1453;0
11;19;78;13;28;46;9;3.60;4;2;1;57;0;4852609;236;0
11;19;78;13;28;46;48;3.20;3;2;1;58;0;4852648;4717;0
11;19;78;13;28;46;79;3.20;1;1;1;60;0;4852679;914;0
11;19;78;13;28;47;27;3.20;3;2;1;57;0;4852727;59;0
11;19;78;13;28;48;14;11.20;4;2;3;56;0;4852814;182;0
11;19;78;13;28;48;71;3.80;3;2;1;57;0;4852871;123;0
11;19;78;13;28;50;89;3.60;4;2;1;56;0;4853089;203;0
11;19;78;13;28;51;48;3.40;1;1;1;56;0;4853148;449;0
11;19;78;13;28;52;10;4.00;3;2;1;62;0;4853210;315;0
11;19;78;13;28;52;84;3.60;4;2;1;55;0;4853284;171;0
11;19;78;13;28;54;15;3.60;2;1;1;57;0;4853415;856;0
11;19;78;13;28;54;29;3.80;4;2;1;54;0;4853429;121;0
11;19;78;13;28;56;92;3.40;4;2;1;50;0;4853692;237;0
11;19;78;13;29;0;23;3.20;3;2;1;63;0;4854023;789;0
11;19;78;13;29;6;10;3.40;3;2;1;66;0;4854610;568;0
11;19;78;13;29;6;36;3.80;4;2;1;74;0;4854636;919;0
11;19;78;13;29;8;64;3.80;4;2;1;57;0;4854864;209;0
11;19;78;13;29;9;80;3.60;4;2;1;55;0;4854980;92;0
11;19;78;13;29;10;60;3.80;3;2;1;69;0;4855060;431;0
11;19;78;13;29;10;77;3.20;4;2;1;55;0;4855077;73;0
11;19;78;13;29;12;54;3.60;4;2;1;56;0;4855254;156;0
11;19;78;13;29;12;87;3.80;3;2;1;59;0;4855287;207;0
11;19;78;13;29;13;42;3.20;4;2;1;56;0;4855342;64;4854864
11;19;78;13;29;13;82;3.60;3;2;1;57;0;4855382;71;4854864
11;19;78;13;29;14;41;3.40;4;2;1;56;0;4855441;78;4854864
11;19;78;13;29;15;6;3.40;1;1;1;58;0;4855506;2336;0
11;19;78;13;29;15;31;3.40;3;2;1;60;0;4855531;126;0
11;19;78;13;29;17;2;3.20;3;2;1;66;0;4855702;150;0
11;19;78;13;29;18;3;4.60;3;2;1;70;0;4855803;83;4855287
11;19;78;13;29;19;6;3.80;4;2;1;57;0;4855906;443;0
11;19;78;13;29;19;41;3.60;3;2;1;62;0;4855941;114;4855287
11;19;78;13;29;20;98;3.60;3;2;1;62;0;4856098;136;4855287
11;19;78;13;29;21;56;3.40;2;1;1;56;0;4856156;2718;0
11;19;78;13;29;22;24;3.80;4;2;1;55;0;4856224;294;0
11;19;78;13;29;22;63;4.40;1;1;1;58;0;4856263;735;0
11;19;78;13;29;23;49;3.20;4;2;1;53;0;4856349;100;0
11;19;78;13;29;23;98;3.60;3;2;1;62;0;4856398;279;0
11;19;78;13;29;24;68;3.20;4;2;1;52;0;4856468;97;0
11;19;78;13;29;25;57;4.80;4;2;1;52;0;4856557;66;0
11;19;78;13;29;26;7;3.60;3;2;1;64;0;4856607;188;0
11;19;78;13;29;27;47;3.60;4;2;1;51;0;4856747;156;4856224
11;19;78;13;29;28;86;3.20;4;2;1;50;0;4856886;113;4856224
11;19;78;13;29;29;99;3.40;4;2;1;53;0;4856999;89;4856224
11;19;78;13;29;31;54;4.60;3;2;1;57;0;4857154;526;0
11;19;78;13;29;35;58;3.40;3;2;1;55;0;4857558;374;0
11;19;78;13;29;35;84;9.20;4;2;2;54;0;4857584;561;0
11;19;78;13;29;37;7;3.60;1;1;1;58;0;4857707;1416;0
11;19;78;13;29;37;76;3.60;4;2;1;53;0;4857776;130;0
11;19;78;13;29;37;97;3.60;3;2;1;65;0;4857797;216;0
11;19;78;13;29;39;35;3.00;3;2;1;60;0;4857935;118;0
11;19;78;13;29;39;95;3.00;4;2;1;51;0;4857995;194;0
11;19;78;13;29;40;38;3.20;3;2;1;58;0;4858038;85;0
11;19;78;13;29;40;22;3.60;1;1;1;53;0;4858022;292;0
11;19;78;13;29;41;9;3.60;4;2;1;53;0;4858109;92;0
11;19;78;13;29;41;56;3.40;3;2;1;56;0;4858156;98;0
11;19;78;13;29;42;16;3.60;1;1;1;57;0;4858216;169;0
11;19;78;13;29;43;4;4.00;4;2;1;56;0;4858304;170;4857584
11;19;78;13;29;43;34;3.40;3;2;1;56;0;4858334;156;4857797
11;19;78;13;29;44;18;4.20;3;2;1;55;0;4858418;62;4857797
11;19;78;13;29;44;46;4.40;4;2;1;55;0;4858446;116;4857584
11;19;78;13;29;45;80;3.40;3;2;1;55;0;4858580;134;4857797
11;19;78;13;29;46;15;3.40;4;2;1;56;0;4858615;140;4857584
11;19;78;13;29;46;82;3.20;2;1;1;55;0;4858682;2504;0
11;19;78;13;29;47;35;3.60;1;1;1;56;0;4858735;496;0
11;19;78;13;29;48;10;4.40;4;2;1;53;0;4858810;173;4857584
11;19;78;13;29;48;53;3.80;2;1;1;60;0;4858853;150;4857584
11;19;78;13;29;49;41;3.40;4;2;1;53;0;4858941;101;4857584
11;19;78;13;29;49;44;4.60;1;1;1;50;0;4858944;185;4857584
11;19;78;13;29;50;40;3.60;1;1;1;50;0;4859040;62;4857584
11;19;78;13;29;51;81;3.60;1;1;1;52;0;4859181;115;4857584
11;19;78;13;29;52;7;3.40;2;1;1;55;0;4859207;331;0
11;19;78;13;29;53;44;3.60;1;1;1;54;0;4859344;138;4858735
11;19;78;13;29;53;39;5.40;2;1;1;56;0;4859339;109;4858735
11;19;78;13;29;54;64;4.60;2;1;1;56;0;4859464;90;4858735
11;19;78;13;29;54;74;3.40;1;1;1;56;0;4859474;106;4858735
11;19;78;13;29;55;79;3.40;2;1;1;55;0;4859579;85;4858735
11;19;78;13;29;58;85;3.60;1;1;1;62;0;4859885;389;0
11;19;78;13;29;59;16;3.60;2;1;1;60;0;4859916;314;0
11;19;78;13;29;59;83;3.20;2;1;1;59;0;4859983;45;0
11;19;78;13;30;2;2;3.40;1;1;1;59;0;4860202;296;0
11;19;78;13;30;2;73;4.00;1;1;1;53;0;4860273;50;0
11;19;78;13;30;4;24;3.80;4;2;1;58;0;4860424;1459;0
11;19;78;13;30;3;84;9.60;2;1;2;55;0;4860384;381;0
11;19;78;13;30;5;58;3.80;1;1;1;56;0;4860558;257;0
11;19;78;13;30;5;57;5.40;2;1;1;55;0;4860557;110;0
11;19;78;13;30;7;48;3.20;2;1;1;53;0;4860748;155;0
11;19;78;13;30;7;95;4.80;1;1;1;53;0;4860795;212;0
11;19;78;13;30;9;27;3.80;2;1;1;55;0;4860927;157;0
11;19;78;13;30;9;54;3.60;1;1;1;50;0;4860954;126;0
11;19;78;13;30;11;16;3.60;4;2;1;55;0;4861116;668;0
11;19;78;13;30;11;21;3.60;1;1;1;46;0;4861121;141;0
11;19;78;13;30;12;29;3.80;1;1;1;44;0;4861229;79;0
11;19;78;13;30;13;47;3.80;4;2;1;66;0;4861347;207;0
11;19;78;13;30;13;60;3.60;1;1;1;46;0;4861360;99;4860795
11;19;78;13;30;14;26;3.20;2;1;1;56;0;4861426;474;0
11;19;78;13;30;15;17;3.60;1;1;1;49;0;4861517;128;4860795
11;19;78;13;30;17;0;3.60;2;1;1;60;0;4861700;253;0
11;19;78;13;30;17;93;3.60;1;1;1;49;0;4861793;249;0
11;19;78;13;30;18;39;4.20;4;2;1;66;0;4861839;471;0
11;19;78;13;30;18;60;3.60;3;2;1;62;0;4861860;3257;0
11;19;78;13;30;19;76;3.20;4;2;1;64;0;4861976;114;0
11;19;78;13;30;20;63;5.20;1;1;1;54;0;4862063;243;0
11;19;78;13;30;22;30;3.80;1;1;1;59;0;4862230;132;0
11;19;78;13;30;24;10;3.60;1;1;1;54;0;4862410;156;0
11;19;78;13;30;25;49;3.60;3;2;1;58;0;4862549;668;0
11;19;78;13;30;25;74;3.20;1;1;1;53;0;4862574;140;0
11;19;78;13;30;26;61;3.00;4;2;1;60;0;4862661;667;0
11;19;78;13;30;27;89;3.60;4;2;1;59;0;4862789;110;0
11;19;78;13;30;28;81;3.80;1;1;1;58;0;4862881;285;0
11;19;78;13;30;32;9;3.20;2;1;1;60;0;4863209;1487;0
11;19;78;13;30;33;90;3.00;4;2;1;55;0;4863390;579;0
11;19;78;13;30;35;61;3.40;4;2;1;52;0;4863561;151;0
11;19;78;13;30;52;59;3.80;3;2;1;59;0;4865259;2687;0
11;19;78;13;30;53;45;4.00;3;2;1;61;0;4865345;62;0
11;19;78;13;30;54;77;3.40;3;2;1;68;0;4865477;108;0
11;19;78;13;30;54;84;3.80;4;2;1;60;0;4865484;1899;0
11;19;78;13;30;56;12;3.80;3;2;1;65;0;4865612;117;0
11;19;78;13;30;56;11;4.80;4;2;1;58;0;4865611;104;0
11;19;78;13;30;57;54;3.80;3;2;1;66;0;4865754;120;4865259
11;19;78;13;30;57;68;3.60;4;2;1;59;0;4865768;127;4865259
11;19;78;13;30;59;34;3.80;3;2;1;67;0;4865934;159;4865259
11;19;78;13;30;59;76;3.20;4;2;1;57;0;4865976;186;4865259
11;19;78;13;31;0;94;4.60;4;2;1;58;0;4866094;97;4865484
11;19;78;13;31;3;1;3.60;4;2;1;55;0;4866301;178;4865484
11;19;78;13;31;4;44;3.60;4;2;1;51;0;4866444;119;4865484
11;19;78;13;31;5;24;3.40;3;2;1;60;0;4866524;569;0
11;19;78;13;31;5;96;3.60;3;2;1;62;0;4866596;51;0
11;19;78;13;31;6;27;6.40;4;2;1;53;0;4866627;157;4865484
11;19;78;13;31;7;56;3.60;3;2;1;59;0;4866756;139;4865484
11;19;78;13;31;8;86;4.00;4;2;1;57;0;4866886;215;0
11;19;78;13;31;9;54;3.60;3;2;1;57;0;4866954;176;0
11;19;78;13;31;10;42;4.20;4;2;1;58;0;4867042;130;0
11;19;78;13;31;12;22;3.60;4;2;1;57;0;4867222;153;0
11;19;78;13;31;13;42;3.00;4;2;1;58;0;4867342;97;0
11;19;78;13;31;15;0;3.60;4;2;1;59;0;4867500;139;4866886
11;19;78;13;31;15;7;7.20;3;2;1;57;0;4867507;530;0
11;19;78;13;31;16;89;3.40;4;2;1;59;0;4867689;167;4866886
11;19;78;13;31;18;3;3.80;4;2;1;57;0;4867803;93;4866886
11;19;78;13;31;18;4;3.40;3;2;1;55;0;4867804;251;0
11;19;78;13;31;19;81;6.20;3;2;1;56;0;4867981;154;0
11;19;78;13;31;20;8;3.40;4;2;1;56;0;4868008;181;4866886
11;19;78;13;31;20;83;3.60;2;1;1;58;0;4868083;4854;0
11;19;78;13;31;21;11;3.20;3;2;1;57;0;4868111;90;0
11;19;78;13;31;21;48;3.20;1;1;1;59;0;4868148;5243;0
11;19;78;13;31;21;67;3.60;4;2;1;56;0;4868167;137;4866886
11;19;78;13;31;22;74;5.20;2;1;1;56;0;4868274;168;4866886
11;19;78;13;31;23;13;5.00;1;1;1;56;0;4868313;145;4866886
11;19;78;13;31;24;15;5.20;2;1;1;54;0;4868415;107;4866886
11;19;78;13;31;24;35;3.60;1;1;1;55;0;4868435;89;4866886
11;19;78;13;31;25;37;3.80;1;1;1;54;0;4868537;78;4866886
11;19;78;13;31;26;38;9.40;1;1;2;57;0;4868638;75;4868148
11;19;78;13;31;27;98;3.40;4;2;1;52;0;4868798;607;0
11;19;78;13;31;28;29;3.40;1;1;1;56;0;4868829;131;4868148
11;19;78;13;31;29;82;3.40;1;1;1;56;0;4868982;131;4868148
11;19;78;13;31;30;7;3.80;2;1;1;56;0;4869007;557;0
11;19;78;13;31;31;0;3.60;1;1;1;56;0;4869100;96;4868148
11;19;78;13;31;32;81;4.00;1;1;1;57;0;4869281;157;4868148
11;19;78;13;31;35;89;3.40;2;1;1;57;0;4869589;557;0
11;19;78;13;31;36;60;5.20;1;1;1;53;0;4869660;353;0
11;19;78;13;31;39;5;3.60;1;1;1;52;0;4869905;209;0
11;19;78;13;31;40;37;3.60;4;2;1;56;0;4870037;1215;0
11;19;78;13;31;40;45;3.60;1;1;1;52;0;4870045;115;0
11;19;78;13;31;42;92;3.20;1;1;1;46;0;4870292;222;0
11;19;78;13;31;45;39;3.60;1;1;1;51;0;4870539;221;0
11;19;78;13;31;46;58;3.60;2;1;1;59;0;4870658;1047;0
11;19;78;13;31;48;55;3.40;4;2;1;63;0;4870855;794;0
11;19;78;13;31;48;96;3.00;1;1;1;50;0;4870896;331;0
11;19;78;13;31;50;62;3.40;1;1;1;50;0;4871062;144;0
11;19;78;13;31;51;98;3.80;1;1;1;49;0;4871198;111;0
11;19;78;13;31;52;71;3.80;3;2;1;61;0;4871271;3139;0
11;19;78;13;31;53;15;3.60;1;1;1;50;0;4871315;89;0
11;19;78;13;31;54;86;3.40;2;1;1;45;0;4871486;806;0
11;19;78;13;31;54;47;14.80;1;1;3;47;0;4871447;106;4870896
11;19;78;13;31;57;53;3.80;4;2;1;57;0;4871753;878;0
11;19;78;13;31;57;64;3.80;1;1;1;48;0;4871764;203;0
11;19;78;13;31;58;0;6.40;2;1;2;55;0;4871800;286;0
11;19;78;13;31;59;27;4.20;3;2;1;60;0;4871927;633;0
11;19;78;13;31;59;94;3.60;4;2;1;55;0;4871994;217;0
11;19;78;13;32;0;80;3.60;3;2;1;58;0;4872080;127;0
11;19;78;13;32;1;31;3.60;4;2;1;57;0;4872131;113;0
11;19;78;13;32;1;72;3.40;3;2;1;58;0;4872172;69;0
11;19;78;13;32;2;65;3.80;1;1;1;59;0;4872265;472;0
11;19;78;13;32;3;18;3.20;4;2;1;56;0;4872318;164;0
11;19;78;13;32;6;36;3.80;4;2;1;55;0;4872636;297;0
11;19;78;13;32;8;38;3.60;4;2;1;57;0;4872838;177;0
11;19;78;13;32;10;89;3.40;1;1;1;49;0;4873089;800;0
11;19;78;13;32;16;97;3.20;1;1;1;54;0;4873697;583;0
11;19;78;13;32;17;55;3.60;2;1;1;51;0;4873755;1913;0
11;19;78;13;32;17;74;4.60;4;2;1;66;0;4873774;913;0
11;19;78;13;32;18;52;3.60;2;1;1;50;0;4873852;71;0
11;19;78;13;32;18;81;3.80;1;1;1;52;0;4873881;162;0
11;19;78;13;32;20;53;3.60;1;1;1;51;0;4874053;145;0
11;19;78;13;32;25;33;5.00;3;2;1;68;0;4874533;2339;0
11;19;78;13;32;27;97;3.60;3;2;1;65;0;4874797;237;0
11;19;78;13;32;28;37;4.00;1;1;1;55;0;4874837;758;0
11;19;78;13;32;29;74;6.60;3;2;1;51;0;4874974;157;0
11;19;78;13;32;33;42;4.60;3;2;1;64;0;4875342;321;0
11;19;78;13;32;34;90;3.80;4;2;1;58;0;4875490;1690;0
11;19;78;13;32;35;38;3.20;3;2;1;60;0;4875538;170;0
11;19;78;13;32;36;54;3.40;3;2;1;60;0;4875654;96;0
11;19;78;13;32;36;97;3.60;4;2;1;57;0;4875697;183;0
11;19;78;13;32;37;89;4.40;4;2;1;59;0;4875789;69;0
11;19;78;13;32;39;73;5.20;3;2;1;58;0;4875973;298;0
11;19;78;13;32;40;90;3.40;3;2;1;57;0;4876090;84;0
11;19;78;13;32;46;53;3.00;3;2;1;57;0;4876653;541;0
11;19;78;13;32;46;87;5.80;4;2;1;59;0;4876687;871;0
11;19;78;13;32;50;21;3.20;3;2;1;58;0;4877021;349;0
11;19;78;13;32;50;51;6.00;4;2;1;59;0;4877051;328;0
11;19;78;13;32;51;56;3.60;3;2;1;59;0;4877156;115;0
11;19;78;13;32;53;36;3.60;1;1;1;59;0;4877336;2472;0
11;19;78;13;32;54;3;3.80;4;2;1;57;0;4877403;315;0
11;19;78;13;32;54;53;3.40;1;1;1;58;0;4877453;95;0
11;19;78;13;32;54;70;3.60;3;2;1;56;0;4877470;292;0
11;19;78;13;32;55;41;3.20;4;2;1;57;0;4877541;114;0
11;19;78;13;32;55;56;5.00;3;2;1;56;0;4877556;62;0
11;19;78;13;32;55;96;3.20;1;1;1;64;0;4877596;121;0
11;19;78;13;32;56;48;3.40;3;2;1;57;0;4877648;59;0
11;19;78;13;32;57;7;3.60;4;2;1;56;0;4877707;145;0
11;19;78;13;32;58;1;3.60;1;1;1;57;0;4877801;187;0
11;19;78;13;32;58;27;3.60;2;1;1;57;0;4877827;3949;0
11;19;78;13;32;58;49;3.20;3;2;1;54;0;4877849;179;0
11;19;78;13;32;58;72;4.00;4;2;1;54;0;4877872;141;0
11;19;78;13;32;59;25;3.80;1;1;1;59;0;4877925;101;4877336
11;19;78;13;32;59;81;3.40;3;2;1;55;0;4877981;110;4877470
11;19;78;13;33;0;71;3.20;1;1;1;58;0;4878071;122;4877336
11;19;78;13;33;1;36;4.00;3;2;1;55;0;4878136;132;4877470
11;19;78;13;33;1;96;3.80;2;1;1;62;0;4878196;346;0
11;19;78;13;33;2;0;3.80;1;1;1;57;0;4878200;109;4877336
11;19;78;13;33;2;93;3.80;3;2;1;56;0;4878293;130;4877470
11;19;78;13;33;2;60;12.60;4;2;3;53;0;4878260;361;0
11;19;78;13;33;5;41;3.60;4;2;1;50;0;4878541;195;0
11;19;78;13;33;5;22;3.40;1;1;1;57;0;4878522;298;0
11;19;78;13;33;6;46;3.80;1;1;1;56;0;4878646;102;0
11;19;78;13;33;8;45;3.40;1;1;1;56;0;4878845;174;0
11;19;78;13;33;8;31;14.20;4;2;4;54;0;4878831;264;0
11;19;78;13;33;9;94;4.80;4;2;1;53;0;4878994;68;0
11;19;78;13;33;10;82;3.80;1;1;1;53;0;4879082;215;0
11;19;78;13;33;12;47;2.80;1;1;1;52;0;4879247;139;0
11;19;78;13;33;13;49;3.80;1;1;1;53;0;4879349;82;0
11;19;78;13;33;14;47;3.60;1;1;1;50;0;4879447;72;0
11;19;78;13;33;14;96;4.80;3;2;1;61;0;4879496;1178;0
11;19;78;13;33;17;47;3.60;3;2;1;60;0;4879747;222;0
11;19;78;13;33;17;4;11.40;4;2;3;49;0;4879704;677;0
11;19;78;13;33;20;17;3.20;1;1;1;61;0;4880017;544;0
11;19;78;13;33;20;79;3.60;4;2;1;55;0;4880079;291;0
11;19;78;13;33;21;51;4.00;1;1;1;61;0;4880151;115;0
11;19;78;13;33;23;41;3.60;1;1;1;52;0;4880341;166;0
11;19;78;13;33;26;8;4.00;2;1;1;57;0;4880608;2389;0
11;19;78;13;33;29;93;8.40;1;1;2;62;0;4880993;627;0
11;19;78;13;33;31;78;4.00;1;1;1;63;0;4881178;136;0
11;19;78;13;33;34;11;3.60;1;1;1;58;0;4881411;210;0
11;19;78;13;33;34;8;3.40;4;2;1;57;0;4881408;1305;0
11;19;78;13;33;35;66;3.60;3;2;1;60;0;4881566;1797;0
11;19;78;13;33;36;87;3.40;2;1;1;59;0;4881687;1053;0
11;19;78;13;33;36;94;3.60;1;1;1;59;0;4881694;260;0
11;19;78;13;33;36;96;4.00;3;2;1;62;0;4881696;108;0
11;19;78;13;33;38;41;4.00;4;2;1;57;0;4881841;411;0
11;19;78;13;33;38;58;3.20;2;1;1;59;0;4881858;150;0
11;19;78;13;33;38;51;3.80;3;2;1;62;0;4881851;131;0
11;19;78;13;33;38;71;3.80;1;1;1;61;0;4881871;155;0
11;19;78;13;33;39;81;4.80;1;1;1;59;0;4881981;87;0
11;19;78;13;33;40;37;3.80;4;2;1;56;0;4882037;170;0
11;19;78;13;33;42;13;3.60;4;2;1;55;0;4882213;151;0
11;19;78;13;33;48;7;3.60;1;1;1;55;0;4882807;796;0
11;19;78;13;33;51;49;3.40;4;2;1;53;0;4883149;912;0
11;19;78;13;33;55;10;5.60;4;2;1;50;0;4883510;337;0
11;19;78;13;33;56;83;3.60;4;2;1;51;0;4883683;132;0
11;19;78;13;33;58;72;3.80;2;1;1;55;0;4883872;1994;0
11;19;78;13;34;3;41;3.60;4;2;1;64;0;4884341;632;0
11;19;78;13;34;7;21;3.60;4;2;1;62;0;4884721;359;0
11;19;78;13;34;9;62;4.00;4;2;1;61;0;4884962;220;0
11;19;78;13;34;11;15;4.80;4;2;1;60;0;4885115;129;0
11;19;78;13;34;12;51;5.20;4;2;1;61;0;4885251;107;0
11;19;78;13;34;14;12;4.20;3;2;1;64;0;4885412;3538;0
11;19;78;13;34;14;86;3.40;3;2;1;64;0;4885486;50;0
11;19;78;13;34;15;14;3.60;4;2;1;58;0;4885514;232;0
11;19;78;13;34;16;25;3.60;4;2;1;65;0;4885625;88;0
11;19;78;13;34;18;38;4.40;3;2;1;55;0;4885838;332;0
11;19;78;13;34;19;56;3.80;4;2;1;57;0;4885956;311;0
11;19;78;13;34;19;73;3.40;3;2;1;55;0;4885973;106;0
11;19;78;13;34;21;5;3.40;3;2;1;53;0;4886105;109;0
11;19;78;13;34;21;25;3.60;4;2;1;56;0;4886125;145;0
11;19;78;13;34;22;98;4.20;4;2;1;57;0;4886298;149;0
11;19;78;13;34;24;4;3.40;4;2;1;53;0;4886404;79;0
11;19;78;13;34;24;50;5.00;3;2;1;62;0;4886450;321;0
11;19;78;13;34;25;77;3.40;3;2;1;64;0;4886577;97;0
11;19;78;13;34;27;61;3.00;3;2;1;59;0;4886761;164;0
11;19;78;13;34;28;55;3.60;4;2;1;55;0;4886855;427;0
11;19;78;13;34;29;82;3.80;3;2;1;54;0;4886982;202;0
11;19;78;13;34;30;62;4.60;4;2;1;54;0;4887062;183;0
11;19;78;13;34;30;73;3.20;3;2;1;56;0;4887073;65;0
11;19;78;13;34;34;17;3.40;3;2;1;61;0;4887417;323;0
11;19;78;13;34;35;69;3.60;3;2;1;63;0;4887569;131;0
11;19;78;13;34;36;26;6.40;4;2;1;64;0;4887626;533;0
11;19;78;13;34;37;38;4.40;4;2;1;54;0;4887738;76;0
11;19;78;13;34;38;76;4.80;3;2;1;60;0;4887876;286;0
11;19;78;13;34;39;23;3.60;4;2;1;57;0;4887923;155;0
11;19;78;13;34;40;88;3.20;3;2;1;60;0;4888088;183;0
11;19;78;13;34;40;90;8.40;4;2;2;55;0;4888090;144;0
11;19;78;13;34;41;99;6.40;1;1;2;52;0;4888199;5368;0
11;19;78;13;34;46;76;12.40;1;1;3;57;0;4888676;432;0
11;19;78;13;34;50;13;3.60;2;1;1;55;0;4889013;5116;0
11;19;78;13;34;51;53;4.00;2;1;1;57;0;4889153;116;0
11;19;78;13;34;51;98;9.20;1;1;2;58;0;4889198;443;0
11;19;78;13;34;53;67;3.80;2;1;1;58;0;4889367;188;0
11;19;78;13;34;56;74;4.60;2;1;1;59;0;4889674;283;0
11;19;78;13;34;58;10;3.80;2;1;1;60;0;4889810;107;0
11;19;78;13;34;59;77;3.80;4;2;1;58;0;4889977;1832;0
11;19;78;13;35;0;20;4.00;2;1;1;58;0;4890020;187;0
11;19;78;13;35;0;69;4.40;1;1;1;61;0;4890069;813;0
11;19;78;13;35;5;15;3.80;2;1;1;58;0;4890515;470;0
11;19;78;13;35;5;11;5.00;1;1;1;48;0;4890511;416;0
11;19;78;13;35;6;13;4.00;2;1;1;58;0;4890613;74;0
11;19;78;13;35;6;68;3.80;4;2;1;57;0;4890668;667;0
11;19;78;13;35;7;32;3.60;1;1;1;48;0;4890732;183;0
11;19;78;13;35;8;46;3.20;1;1;1;47;0;4890846;87;0
11;19;78;13;35;8;91;3.80;2;1;1;57;0;4890891;253;0
11;19;78;13;35;9;90;3.60;1;1;1;46;0;4890990;119;0
11;19;78;13;35;11;4;3.20;1;1;1;47;0;4891104;85;4890511
11;19;78;13;35;11;75;3.60;4;2;1;56;0;4891175;483;0
11;19;78;13;35;11;95;4.40;1;1;1;47;0;4891195;66;4890511
11;19;78;13;35;13;53;3.20;1;1;1;48;0;4891353;124;4890511
11;19;78;13;35;13;80;3.80;2;1;1;61;0;4891380;465;0
11;19;78;13;35;14;96;3.20;4;2;1;51;0;4891496;297;0
11;19;78;13;35;15;1;5.20;1;1;1;48;0;4891501;124;4890511
11;19;78;13;35;16;48;3.40;1;1;1;49;0;4891648;108;4890511
11;19;78;13;35;17;42;3.60;3;2;1;73;0;4891742;3634;0
11;19;78;13;35;17;93;3.00;1;1;1;51;0;4891793;120;4890511
11;19;78;13;35;20;19;5.40;1;1;1;54;0;4892019;204;0
11;19;78;13;35;21;36;3.60;4;2;1;53;0;4892136;617;0
11;19;78;13;35;21;22;5.00;1;1;1;55;0;4892122;67;0
11;19;78;13;35;21;82;3.80;3;2;1;58;0;4892182;422;0
11;19;78;13;35;22;82;3.40;3;2;1;60;0;4892282;76;0
11;19;78;13;35;23;24;4.00;4;2;1;53;0;4892324;163;0
11;19;78;13;35;23;25;3.60;2;1;1;58;0;4892325;922;0
11;19;78;13;35;24;62;4.00;2;1;1;55;0;4892462;114;0
11;19;78;13;35;26;87;3.40;1;1;1;61;0;4892687;532;0
11;19;78;13;35;28;77;3.80;4;2;1;61;0;4892877;525;0
11;19;78;13;35;29;63;6.80;2;1;1;58;0;4892963;474;0
11;19;78;13;35;30;72;2.80;4;2;1;62;0;4893072;172;0
11;19;78;13;35;32;48;3.80;1;1;1;55;0;4893248;540;0
11;19;78;13;35;32;13;20.40;3;2;5;61;0;4893213;910;0
11;19;78;13;35;33;43;3.60;1;1;1;53;0;4893343;70;0
11;19;78;13;35;34;59;3.20;4;2;1;59;0;4893459;370;0
11;19;78;13;35;36;87;3.40;1;1;1;56;0;4893687;319;0
11;19;78;13;35;42;89;4.60;4;2;1;58;0;4894289;810;0
11;19;78;13;35;43;18;3.80;2;1;1;57;0;4894318;1312;0
11;19;78;13;35;44;13;3.00;1;1;1;53;0;4894413;704;0
11;19;78;13;35;44;78;3.60;4;2;1;57;0;4894478;160;0
11;19;78;13;35;45;36;4.60;1;1;1;54;0;4894536;102;0
11;19;78;13;35;46;15;3.60;4;2;1;58;0;4894615;114;0
11;19;78;13;35;47;1;3.60;1;1;1;48;0;4894701;134;0
11;19;78;13;35;48;72;3.80;4;2;1;62;0;4894872;234;0
11;19;78;13;35;49;61;6.20;2;1;1;57;0;4894961;619;0
11;19;78;13;35;51;73;3.80;3;2;1;63;0;4895173;1839;0
11;19;78;13;35;53;29;3.40;3;2;1;62;0;4895329;134;0
11;19;78;13;35;54;33;3.00;4;2;1;60;0;4895433;538;0
11;19;78;13;35;55;63;3.40;4;2;1;60;0;4895563;112;0
11;19;78;13;35;57;15;3.00;3;2;1;65;0;4895715;366;0
11;19;78;13;35;57;29;3.60;4;2;1;61;0;4895729;145;0
11;19;78;13;35;58;11;3.80;3;2;1;61;0;4895811;79;0
11;19;78;13;35;58;76;6.00;4;2;1;60;0;4895876;125;0
11;19;78;13;35;59;7;3.00;3;2;1;59;0;4895907;73;0
11;19;78;13;36;0;31;3.20;3;2;1;60;0;4896031;105;0
11;19;78;13;36;0;52;3.80;4;2;1;61;0;4896052;140;4895433
11;19;78;13;36;1;49;5.20;4;2;1;60;0;4896149;74;4895433
11;19;78;13;36;2;73;7.80;4;2;2;59;0;4896273;92;4895433
11;19;78;13;36;4;48;3.60;3;2;1;63;0;4896448;397;0
11;19;78;13;36;5;81;6.60;4;2;1;62;0;4896581;260;0
11;19;78;13;36;7;56;3.20;2;1;1;54;0;4896756;1755;0
11;19;78;13;36;7;89;4.60;3;2;1;63;0;4896789;320;0
11;19;78;13;36;9;70;3.80;1;1;1;56;0;4896970;2242;0
11;19;78;13;36;10;24;4.40;3;2;1;62;0;4897024;208;0
11;19;78;13;36;9;93;19.60;4;2;4;58;0;4896993;373;0
11;19;78;13;36;11;40;5.40;3;2;1;60;0;4897140;90;0
11;19;78;13;36;12;14;3.60;1;1;1;55;0;4897214;219;0
11;19;78;13;36;12;97;4.00;2;1;1;58;0;4897297;519;0
11;19;78;13;36;13;32;4.40;3;2;1;62;0;4897332;159;0
11;19;78;13;36;14;14;19.60;4;2;4;55;0;4897414;299;0
11;19;78;13;36;15;21;6.00;3;2;1;62;0;4897521;163;0
11;19;78;13;36;16;79;3.20;2;1;1;57;0;4897679;357;0
11;19;78;13;36;17;25;3.40;3;2;1;61;0;4897725;169;4897024
11;19;78;13;36;17;41;3.60;4;2;1;55;0;4897741;198;4897024
11;19;78;13;36;17;56;4.20;2;1;1;56;0;4897756;56;4897024
11;19;78;13;36;18;22;3.00;1;1;1;56;0;4897822;584;0
11;19;78;13;36;18;68;3.80;3;2;1;63;0;4897868;122;4897024
11;19;78;13;36;18;95;3.60;4;2;1;57;0;4897895;130;4897024
11;19;78;13;36;19;25;4.40;2;1;1;57;0;4897925;142;4897024
11;19;78;13;36;19;24;4.80;1;1;1;59;0;4897924;82;4897024
11;19;78;13;36;20;32;3.80;1;1;1;54;0;4898032;78;4897024
11;19;78;13;36;21;13;3.60;3;2;1;56;0;4898113;223;0
11;19;78;13;36;22;68;3.20;1;1;1;54;0;4898268;210;0
11;19;78;13;36;22;90;3.00;2;1;1;54;0;4898290;337;0
11;19;78;13;36;23;86;3.80;2;1;1;52;0;4898386;76;0
11;19;78;13;36;23;98;3.80;4;2;1;59;0;4898398;480;0
11;19;78;13;36;24;96;3.60;1;1;1;55;0;4898496;206;0
11;19;78;13;36;25;16;3.60;2;1;1;52;0;4898516;103;0
11;19;78;13;36;26;5;3.80;2;1;1;55;0;4898605;64;0
11;19;78;13;36;26;52;3.80;1;1;1;53;0;4898652;132;0
11;19;78;13;36;28;24;4.00;1;1;1;52;0;4898824;146;0
11;19;78;13;36;29;48;3.20;2;1;1;56;0;4898948;318;0
11;19;78;13;36;30;92;3.60;1;1;1;51;0;4899092;240;0
11;19;78;13;36;33;9;3.20;1;1;1;52;0;4899309;191;0
11;19;78;13;36;33;75;5.00;2;1;1;58;0;4899375;406;0
11;19;78;13;36;34;72;3.00;1;1;1;53;0;4899472;140;0
11;19;78;13;36;39;49;3.20;1;1;1;49;0;4899949;456;0
11;19;78;13;36;40;75;3.60;2;1;1;52;0;4900075;668;0
11;19;78;13;36;42;7;3.80;1;1;1;50;0;4900207;234;0
11;19;78;13;36;43;11;5.20;1;1;1;47;0;4900311;76;0
11;19;78;13;36;45;98;3.20;1;1;1;49;0;4900598;247;0
11;19;78;13;36;47;72;3.20;1;1;1;44;0;4900772;150;0
11;19;78;13;36;50;56;3.80;1;1;1;51;0;4901056;257;0
11;19;78;13;36;54;32;3.40;4;2;1;58;0;4901432;3010;0
11;19;78;13;37;2;93;3.20;3;2;1;58;0;4902293;4156;0
11;19;78;13;37;3;42;3.20;4;2;1;55;0;4902342;888;0
11;19;78;13;37;4;57;8.20;2;1;6;62;0;4902457;2357;0
11;19;78;13;37;5;71;3.60;3;2;1;62;0;4902571;258;0
11;19;78;13;37;4;51;12.80;1;1;3;37;0;4902451;1368;0
11;19;78;13;37;7;49;3.60;4;2;1;53;0;4902749;386;0
11;19;78;13;37;6;77;10.00;1;1;2;35;0;4902677;101;0
11;19;78;13;37;9;20;3.20;4;2;1;53;0;4902920;146;0
11;19;78;13;37;9;38;3.60;3;2;1;59;0;4902938;346;0
11;19;78;13;37;10;35;3.80;4;2;1;56;0;4903035;93;0
11;19;78;13;37;10;92;3.60;3;2;1;57;0;4903092;132;0
11;19;78;13;37;11;74;4.00;1;1;1;43;0;4903174;394;0
11;19;78;13;37;14;59;3.60;4;2;1;53;0;4903459;399;0
11;19;78;13;37;16;9;3.40;1;1;1;53;0;4903609;401;0
11;19;78;13;37;21;78;3.60;1;1;1;60;0;4904178;545;0
11;19;78;13;37;23;33;5.00;4;2;1;58;0;4904333;849;0
11;19;78;13;37;30;26;3.40;1;1;1;55;0;4905026;826;0
11;19;78;13;37;32;27;4.40;4;2;1;65;0;4905227;862;0
11;19;78;13;37;35;67;3.80;3;2;1;60;0;4905567;2452;0
11;19;78;13;37;37;30;3.60;4;2;1;56;0;4905730;478;0
11;19;78;13;37;37;41;3.80;3;2;1;62;0;4905741;151;0
11;19;78;13;37;38;76;3.60;3;2;1;60;0;4905876;112;0
11;19;78;13;37;39;16;3.80;4;2;1;56;0;4905916;162;0
11;19;78;13;37;40;25;3.60;3;2;1;60;0;4906025;127;0
11;19;78;13;37;40;95;3.60;4;2;1;55;0;4906095;154;0
11;19;78;13;37;41;82;3.40;4;2;1;55;0;4906182;63;0
11;19;78;13;37;41;82;3.60;3;2;1;57;0;4906182;135;4905567
11;19;78;13;37;42;90;3.40;4;2;1;57;0;4906290;85;4905730
11;19;78;13;37;43;10;3.40;3;2;1;61;0;4906310;105;4905567
11;19;78;13;37;44;52;3.20;4;2;1;59;0;4906452;140;4905730
11;19;78;13;37;45;89;3.40;3;2;1;59;0;4906589;258;0
11;19;78;13;37;46;30;3.60;4;2;1;58;0;4906630;158;4905730
11;19;78;13;37;47;33;3.60;3;2;1;62;0;4906733;123;4905730
11;19;78;13;37;47;84;3.60;4;2;1;57;0;4906784;131;4905730
11;19;78;13;37;48;47;3.80;3;2;1;61;0;4906847;93;4905730
11;19;78;13;37;49;19;3.00;2;1;1;54;0;4906919;4414;0
11;19;78;13;37;49;16;3.80;4;2;1;58;0;4906916;109;4905730
11;19;78;13;37;49;70;5.40;3;2;1;61;0;4906970;100;4905730
11;19;78;13;37;50;93;8.40;4;2;2;60;0;4907093;153;4905730
11;19;78;13;37;51;76;3.00;3;2;1;59;0;4907176;174;4906589
11;19;78;13;37;53;82;3.20;4;2;1;57;0;4907382;238;0
11;19;78;13;37;54;81;3.60;1;1;1;55;0;4907481;2432;0
11;19;78;13;37;55;23;3.60;4;2;1;57;0;4907523;120;0
11;19;78;13;37;58;8;3.40;3;2;1;52;0;4907808;613;0
11;19;78;13;37;59;6;3.80;1;1;1;60;0;4907906;401;0
11;19;78;13;37;59;21;4.00;3;2;1;49;0;4907921;89;0
11;19;78;13;37;59;51;3.20;4;2;1;53;0;4907951;405;0
11;19;78;13;38;1;1;3.40;4;2;1;53;0;4908101;128;0
11;19;78;13;38;1;85;3.60;3;2;1;52;0;4908185;234;0
11;19;78;13;38;2;18;3.40;2;1;1;62;0;4908218;1279;0
11;19;78;13;38;2;50;3.20;1;1;1;51;0;4908250;321;0
11;19;78;13;38;3;36;3.20;1;1;1;49;0;4908336;63;0
11;19;78;13;38;3;45;3.60;4;2;1;54;0;4908345;220;0
11;19;78;13;38;4;8;3.80;3;2;1;54;0;4908408;198;0
11;19;78;13;38;4;82;3.80;1;1;1;51;0;4908482;122;0
11;19;78;13;38;4;88;3.60;4;2;1;55;0;4908488;119;0
11;19;78;13;38;5;31;3.20;2;1;1;52;0;4908531;293;0
11;19;78;13;38;5;74;3.20;3;2;1;55;0;4908574;140;0
11;19;78;13;38;6;57;3.80;4;2;1;52;0;4908657;145;0
11;19;78;13;38;7;1;3.80;3;2;1;55;0;4908701;106;0
11;19;78;13;38;7;26;3.60;2;1;1;58;0;4908726;172;0
11;19;78;13;38;7;68;3.60;4;2;1;53;0;4908768;84;0
11;19;78;13;38;8;11;3.40;1;1;1;57;0;4908811;302;0
11;19;78;13;38;8;20;4.20;2;1;1;56;0;4908820;71;0
11;19;78;13;38;8;87;3.60;4;2;1;55;0;4908887;94;4908345
11;19;78;13;38;9;32;3.20;3;2;1;54;0;4908932;206;0
11;19;78;13;38;9;56;3.60;1;1;1;54;0;4908956;123;0
11;19;78;13;38;9;41;8.20;2;1;2;57;0;4908941;94;0
11;19;78;13;38;10;35;3.80;3;2;1;55;0;4909035;81;0
11;19;78;13;38;11;2;3.80;1;1;1;53;0;4909102;122;0
11;19;78;13;38;11;25;3.00;3;2;1;57;0;4909125;65;0
11;19;78;13;38;11;27;3.60;4;2;1;53;0;4909127;216;0
11;19;78;13;38;12;32;4.20;2;1;1;56;0;4909232;239;0
11;19;78;13;38;12;78;3.60;4;2;1;56;0;4909278;126;0
11;19;78;13;38;13;30;3.60;3;2;1;56;0;4909330;186;0
11;19;78;13;38;13;84;3.60;1;1;1;58;0;4909384;256;0
11;19;78;13;38;14;33;5.00;4;2;1;57;0;4909433;131;0
11;19;78;13;38;15;56;4.80;3;2;1;56;0;4909556;202;0
11;19;78;13;38;15;89;4.20;1;1;1;61;0;4909589;182;0
11;19;78;13;38;16;98;3.80;3;2;1;55;0;4909698;111;0
11;19;78;13;38;17;47;3.20;4;2;1;54;0;4909747;282;0
11;19;78;13;38;18;32;3.40;1;1;1;57;0;4909832;218;0
11;19;78;13;38;19;91;3.80;4;2;1;55;0;4909991;222;0
11;19;78;13;38;21;16;4.20;4;2;1;55;0;4910116;100;0
11;19;78;13;38;22;7;3.40;1;1;1;57;0;4910207;353;0
11;19;78;13;38;22;43;3.40;2;1;1;60;0;4910243;984;0
11;19;78;13;38;24;10;3.20;1;1;1;52;0;4910410;181;0
11;19;78;13;38;25;46;3.40;1;1;1;52;0;4910546;113;0
11;19;78;13;38;25;73;4.40;2;1;1;57;0;4910573;309;0
11;19;78;13;38;26;98;3.20;1;1;1;52;0;4910698;128;0
11;19;78;13;38;27;44;3.40;2;1;1;54;0;4910744;143;0
11;19;78;13;38;28;14;3.40;1;1;1;51;0;4910814;93;4910207
11;19;78;13;38;28;64;4.00;2;1;1;52;0;4910864;97;4910207
11;19;78;13;38;29;58;3.80;1;1;1;49;0;4910958;120;4910207
11;19;78;13;38;31;27;3.60;1;1;1;51;0;4911127;141;4910207
11;19;78;13;38;32;80;3.80;1;1;1;50;0;4911280;127;4910207
11;19;78;13;38;34;47;3.80;1;1;1;53;0;4911447;139;4910207
11;19;78;13;38;37;26;3.40;1;1;1;49;0;4911726;253;0
11;19;78;13;38;39;28;3.60;2;1;1;60;0;4911928;1036;0
11;19;78;13;38;39;46;3.60;4;2;1;68;0;4911946;1802;0
11;19;78;13;38;39;55;5.00;3;2;1;60;0;4911955;2232;0
11;19;78;13;38;40;85;4.60;1;1;1;58;0;4912085;334;0
11;19;78;13;38;41;35;4.00;2;1;1;60;0;4912135;185;0
11;19;78;13;38;42;91;3.60;3;2;1;69;0;4912291;306;0
11;19;78;13;38;43;60;3.40;1;1;1;50;0;4912360;246;0
11;19;78;13;38;44;21;3.80;3;2;1;70;0;4912421;111;0
11;19;78;13;38;44;87;4.40;1;1;1;50;0;4912487;102;0
11;19;78;13;38;46;92;3.20;2;1;1;58;0;4912692;533;0
11;19;78;13;38;47;44;4.00;3;2;1;65;0;4912744;303;0
11;19;78;13;38;48;7;3.20;2;1;1;57;0;4912807;95;0
11;19;78;13;38;48;19;3.60;4;2;1;56;0;4912819;853;0
11;19;78;13;38;48;65;3.60;1;1;1;52;0;4912865;346;0
11;19;78;13;38;50;5;3.60;3;2;1;61;0;4913005;238;0
11;19;78;13;38;50;48;3.60;4;2;1;58;0;4913048;205;0
11;19;78;13;38;51;3;3.60;1;1;1;54;0;4913103;213;0
11;19;78;13;38;51;83;3.60;1;1;1;57;0;4913183;56;0
11;19;78;13;38;55;82;5.20;1;1;1;55;0;4913582;376;0
11;19;78;13;38;57;50;5.20;1;1;1;53;0;4913750;133;0
11;19;78;13;38;57;82;3.80;4;2;1;68;0;4913782;711;0
11;19;78;13;39;1;42;3.60;2;1;1;59;0;4914142;1314;0
11;19;78;13;39;1;74;4.60;1;1;1;62;0;4914174;388;0
11;19;78;13;39;3;8;3.20;1;1;1;57;0;4914308;107;0
11;19;78;13;39;4;70;6.00;1;1;1;56;0;4914470;141;0
11;19;78;13;39;6;50;3.00;2;1;1;56;0;4914650;486;0
11;19;78;13;39;9;36;4.00;4;2;1;62;0;4914936;1133;0
11;19;78;13;39;11;79;3.40;4;2;1;60;0;4915179;219;0
11;19;78;13;39;11;56;8.20;3;2;6;66;0;4915156;2129;0
11;19;78;13;39;13;98;3.80;4;2;1;64;0;4915398;198;0
11;19;78;13;39;14;70;3.20;3;2;1;71;0;4915470;269;0
11;19;78;13;39;16;31;4.00;3;2;1;72;0;4915631;144;0
11;19;78;13;39;18;32;4.00;3;2;1;70;0;4915832;181;0
11;19;78;13;39;17;82;12.60;4;2;3;54;0;4915782;362;0
11;19;78;13;39;20;53;3.60;4;2;1;55;0;4916053;187;0
11;19;78;13;39;21;61;3.40;4;2;1;54;0;4916161;84;0
11;19;78;13;39;23;75;3.20;3;2;1;63;0;4916375;522;0
11;19;78;13;39;23;84;3.00;4;2;1;53;0;4916384;200;0
11;19;78;13;39;24;74;3.60;4;2;1;54;0;4916474;69;0
11;19;78;13;39;24;82;3.60;3;2;1;61;0;4916482;88;0
11;19;78;13;39;27;31;3.40;3;2;1;60;0;4916731;227;0
11;19;78;13;39;29;21;3.60;3;2;1;57;0;4916921;169;0
11;19;78;13;39;31;24;3.20;3;2;1;63;0;4917124;180;0
11;19;78;13;39;32;4;3.00;4;2;1;46;0;4917204;706;0
11;19;78;13;39;32;20;3.60;3;2;1;62;0;4917220;77;0
11;19;78;13;39;32;88;4.60;4;2;1;45;0;4917288;60;0
11;19;78;13;39;33;92;3.60;3;2;1;58;0;4917392;151;4916731
11;19;78;13;39;35;3;3.00;3;2;1;57;0;4917503;88;4916731
11;19;78;13;39;35;20;5.00;4;2;1;46;0;4917520;195;4916731
11;19;78;13;39;36;50;3.20;4;2;1;46;0;4917650;90;4916731
11;19;78;13;39;36;40;8.40;3;2;2;58;0;4917640;118;4916731
11;19;78;13;39;37;79;4.80;4;2;1;46;0;4917779;103;4917204
11;19;78;13;39;39;32;4.20;4;2;1;45;0;4917932;115;4917204
11;19;78;13;39;40;26;3.80;2;1;1;57;0;4918026;3356;0
11;19;78;13;39;40;51;3.80;4;2;1;44;0;4918051;85;4917204
11;19;78;13;39;41;38;4.00;3;2;1;54;0;4918138;445;0
11;19;78;13;39;42;40;3.00;4;2;1;43;0;4918240;157;4917204
11;19;78;13;39;42;86;3.60;3;2;1;52;0;4918286;121;4917204
11;19;78;13;39;42;72;3.40;2;1;1;54;0;4918272;222;0
11;19;78;13;39;42;71;4.40;1;1;1;51;0;4918271;3762;0
11;19;78;13;39;43;74;3.40;4;2;1;43;0;4918374;108;4917204
11;19;78;13;39;44;31;4.80;3;2;1;54;0;4918431;120;4917204
11;19;78;13;39;44;77;3.60;1;1;1;50;0;4918477;174;4917204
11;19;78;13;39;45;0;3.40;4;2;1;40;0;4918500;97;4917204
11;19;78;13;39;45;98;3.40;2;1;1;51;0;4918598;303;0
11;19;78;13;39;46;87;3.80;4;2;1;50;0;4918687;156;4917204
11;19;78;13;39;46;85;3.20;3;2;0;52;1;4918685;222;0
11;19;78;13;39;47;95;3.60;2;1;1;56;0;4918795;173;0
11;19;78;13;39;48;29;3.20;1;1;1;56;0;4918829;326;0
11;19;78;13;39;48;19;3.80;4;2;1;48;0;4918819;104;4917204
11;19;78;13;39;48;74;4.40;2;1;1;56;0;4918874;55;4917204
11;19;78;13;39;48;97;3.80;3;2;1;52;0;4918897;434;0
11;19;78;13;39;50;12;3.20;1;1;1;52;0;4919012;162;0
11;19;78;13;39;51;71;12.40;1;1;2;54;0;4919171;136;0
11;19;78;13;39;54;39;3.40;1;1;1;58;0;4919439;185;0
11;19;78;13;39;55;30;4.00;1;1;1;57;0;4919530;69;4918829
11;19;78;13;39;56;24;3.60;1;1;1;54;0;4919624;68;4918829
11;19;78;13;39;57;78;3.40;1;1;1;54;0;4919778;130;4918829
11;19;78;13;39;58;84;3.80;1;1;1;53;0;4919884;83;4918829
11;19;78;13;39;59;33;3.80;4;2;1;62;0;4919933;1085;0
11;19;78;13;40;0;4;4.60;1;1;1;54;0;4920004;94;4918829
11;19;78;13;40;2;49;3.80;1;1;1;51;0;4920249;214;0
11;19;78;13;40;4;5;3.40;4;2;1;60;0;4920405;449;0
11;19;78;13;40;5;23;4.20;1;1;1;54;0;4920523;247;0
11;19;78;13;40;6;71;7.40;1;1;6;55;0;4920671;120;0
11;19;78;13;40;7;8;3.00;4;2;1;56;0;4920708;282;0
11;19;78;13;40;8;56;3.80;1;1;1;55;0;4920856;136;0
11;19;78;13;40;9;18;4.60;2;1;1;55;0;4920918;2015;0
11;19;78;13;40;10;66;3.80;1;1;1;53;0;4921066;185;0
11;19;78;13;40;11;34;3.60;2;1;1;53;0;4921134;185;0
11;19;78;13;40;14;78;3.80;2;1;1;60;0;4921478;319;0
11;19;78;13;40;17;74;3.60;2;1;1;53;0;4921774;273;0
11;19;78;13;40;19;97;3.40;4;2;1;62;0;4921997;1269;0
11;19;78;13;40;20;7;3.20;3;2;1;58;0;4922007;3083;0
11;19;78;13;40;20;34;3.60;1;1;1;53;0;4922034;942;0
11;19;78;13;40;20;94;5.00;2;1;1;60;0;4922094;295;0
11;19;78;13;40;21;7;3.60;1;1;1;55;0;4922107;48;0
11;19;78;13;40;23;27;3.60;1;1;1;56;0;4922327;196;0
11;19;78;13;40;25;35;3.60;1;1;1;56;0;4922535;184;0
11;19;78;13;40;27;21;3.20;1;1;1;55;0;4922721;162;4922034
11;19;78;13;40;28;78;4.40;1;1;1;54;0;4922878;136;4922034
11;19;78;13;40;31;68;3.80;1;1;1;52;0;4923168;260;0
11;19;78;13;40;32;24;3.80;2;1;1;52;0;4923224;1100;0
11;19;78;13;40;32;98;3.40;1;1;1;51;0;4923298;103;0
11;19;78;13;40;33;22;3.20;2;1;1;52;0;4923322;71;0
11;19;78;13;40;34;53;5.40;1;1;1;52;0;4923453;131;0
11;19;78;13;40;35;86;10.20;2;1;2;57;0;4923586;241;0
11;19;78;13;40;37;8;3.40;2;1;1;54;0;4923708;57;0
11;19;78;13;40;39;49;4.80;4;2;1;68;0;4923949;1932;0
11;19;78;13;40;40;55;3.40;2;1;1;54;0;4924055;324;0
11;19;78;13;40;42;73;3.80;4;2;1;59;0;4924273;298;0
11;19;78;13;40;43;58;3.20;3;2;1;68;0;4924358;2331;0
11;19;78;13;40;45;89;5.20;4;2;1;69;0;4924589;292;0
11;19;78;13;40;49;33;3.60;4;2;1;62;0;4924933;316;0
11;19;78;13;40;49;75;5.00;3;2;1;63;0;4924975;600;0
11;19;78;13;40;51;90;3.80;3;2;1;63;0;4925190;186;0
11;19;78;13;40;52;84;3.60;3;2;1;62;0;4925284;72;0
11;19;78;13;40;53;34;3.00;4;2;1;56;0;4925334;380;0
11;19;78;13;40;53;80;4.60;3;2;1;60;0;4925380;75;0
11;19;78;13;40;54;76;3.40;4;2;1;55;0;4925476;122;0
11;19;78;13;40;56;26;3.80;4;2;1;55;0;4925626;127;0
11;19;78;13;40;57;19;3.40;3;2;1;56;0;4925719;311;0
11;19;78;13;40;58;23;3.40;3;2;1;60;0;4925823;82;0
11;19;78;13;40;59;26;4.40;4;2;1;55;0;4925926;275;0
11;19;78;13;41;0;32;4.00;3;2;1;60;0;4926032;188;0
11;19;78;13;41;0;98;3.60;4;2;1;54;0;4926098;143;0
11;19;78;13;41;1;50;3.80;3;2;1;60;0;4926150;94;0
11;19;78;13;41;2;70;9.20;4;2;2;53;0;4926270;148;0
11;19;78;13;41;3;90;3.80;3;2;1;54;0;4926390;217;0
11;19;78;13;41;4;39;3.00;4;2;1;52;0;4926439;106;0
11;19;78;13;41;5;91;10.40;4;2;2;50;0;4926591;131;4925926
11;19;78;13;41;8;67;8.00;4;2;1;48;0;4926867;201;0
11;19;78;13;41;9;79;3.60;2;1;1;50;0;4926979;2901;0
11;19;78;13;41;10;97;10.00;4;2;2;52;0;4927097;170;0
11;19;78;13;41;11;78;3.60;2;1;1;52;0;4927178;173;0
11;19;78;13;41;13;59;4.00;4;2;1;57;0;4927359;192;0
11;19;78;13;41;16;47;3.80;3;2;1;53;0;4927647;1231;0
11;19;78;13;41;17;25;3.40;4;2;1;53;0;4927725;340;0
11;19;78;13;41;17;71;3.60;3;2;1;53;0;4927771;98;0
11;19;78;13;41;19;9;3.20;4;2;1;53;0;4927909;160;0
11;19;78;13;41;19;16;3.00;3;2;1;52;0;4927916;120;0
11;19;78;13;41;19;39;3.80;1;1;1;51;0;4927939;4448;0
11;19;78;13;41;20;56;4.20;3;2;1;51;0;4928056;119;0
11;19;78;13;41;20;72;5.00;4;2;1;53;0;4928072;141;0
11;19;78;13;41;20;20;13.00;1;1;7;53;0;4928020;54;0
11;19;78;13;41;21;63;4.80;2;1;1;59;0;4928163;960;0
11;19;78;13;41;22;25;3.60;3;2;1;52;0;4928225;139;4927647
11;19;78;13;41;23;19;3.40;1;1;1;55;0;4928319;210;0
11;19;78;13;41;24;63;3.80;2;1;1;59;0;4928463;270;0
11;19;78;13;41;25;20;3.40;4;2;1;51;0;4928520;414;0
11;19;78;13;41;26;73;3.00;1;1;1;48;0;4928673;331;0
11;19;78;13;41;27;57;4.20;2;1;1;63;0;4928757;270;0
11;19;78;13;41;28;57;3.60;1;1;1;57;0;4928857;161;0
11;19;78;13;41;32;57;4.00;2;1;1;48;0;4929257;476;0
11;19;78;13;41;33;72;3.00;2;1;1;49;0;4929372;85;0
11;19;78;13;41;33;94;3.40;1;1;1;51;0;4929394;514;0
11;19;78;13;41;35;58;3.40;1;1;1;51;0;4929558;140;0
11;19;78;13;41;36;29;4.80;1;1;1;51;0;4929629;47;0
11;19;78;13;41;37;1;3.20;2;1;1;53;0;4929701;306;0
11;19;78;13;41;37;91;5.20;1;1;1;50;0;4929791;128;0
11;19;78;13;41;38;58;5.00;2;1;1;54;0;4929858;135;0
11;19;78;13;41;39;53;3.80;1;1;1;50;0;4929953;124;4929394
11;19;78;13;41;40;21;3.60;2;1;1;53;0;4930021;129;4929394
11;19;78;13;41;41;26;3.60;1;1;1;49;0;4930126;145;4929394
11;19;78;13;41;42;39;4.60;1;1;1;47;0;4930239;86;4929394
11;19;78;13;41;42;71;3.60;4;2;1;57;0;4930271;1727;0
11;19;78;13;41;42;96;3.80;2;1;1;55;0;4930296;250;0
11;19;78;13;41;43;85;3.40;1;1;1;47;0;4930385;110;4929394
11;19;78;13;41;44;55;4.60;2;1;1;55;0;4930455;134;4929394
11;19;78;13;41;45;39;6.00;1;1;1;45;0;4930539;127;4929394
11;19;78;13;41;46;91;3.60;1;1;1;45;0;4930691;104;4929394
11;19;78;13;41;49;43;3.80;1;1;1;44;0;4930943;223;0
11;19;78;13;41;50;78;3.20;1;1;1;42;0;4931078;103;0
11;19;78;13;41;52;56;3.60;4;2;1;59;0;4931256;962;0
11;19;78;13;41;52;61;4.80;1;1;1;40;0;4931261;155;0
11;19;78;13;41;53;6;3.80;3;2;1;70;0;4931306;3056;0
11;19;78;13;41;54;45;4.40;2;1;1;60;0;4931445;959;0
11;19;78;13;41;57;23;3.20;2;1;1;64;0;4931723;251;0
11;19;78;13;41;59;1;3.20;2;1;1;56;0;4931901;160;0
11;19;78;13;42;0;22;3.80;2;1;1;51;0;4932022;100;0
11;19;78;13;42;1;25;3.60;4;2;1;60;0;4932125;847;0
11;19;78;13;42;1;48;11.60;1;1;7;62;0;4932148;843;0
11;19;78;13;42;2;98;3.40;3;2;1;62;0;4932298;972;0
11;19;78;13;42;2;85;4.60;4;2;1;57;0;4932285;138;0
11;19;78;13;42;4;88;5.00;2;1;1;64;0;4932488;439;0
11;19;78;13;42;8;97;3.80;4;2;1;56;0;4932897;582;0
11;19;78;13;42;10;5;3.80;3;2;1;54;0;4933005;687;0
11;19;78;13;42;10;94;4.00;3;2;1;53;0;4933094;63;0
11;19;78;13;42;11;15;3.20;4;2;1;54;0;4933115;193;0
11;19;78;13;42;11;94;3.60;1;1;1;56;0;4933194;978;0
11;19;78;13;42;14;14;3.20;2;1;1;51;0;4933414;897;0
11;19;78;13;42;14;45;6.40;4;2;1;55;0;4933445;308;0
11;19;78;13;42;15;82;7.00;4;2;1;56;0;4933582;95;0
11;19;78;13;42;17;53;3.00;4;2;1;62;0;4933753;126;0
11;19;78;13;42;19;82;5.00;4;2;1;57;0;4933982;211;0
11;19;78;13;42;23;32;3.80;3;2;1;73;0;4934332;1210;0
11;19;78;13;42;29;13;3.20;3;2;1;59;0;4934913;562;0
11;19;78;13;42;31;37;3.40;3;2;1;59;0;4935137;204;0
11;19;78;13;42;31;92;3.40;1;1;1;51;0;4935192;1974;0
11;19;78;13;42;32;28;3.40;3;2;1;59;0;4935228;70;0
11;19;78;13;42;33;25;14.20;4;2;4;57;0;4935325;1311;0
11;19;78;13;42;34;43;3.40;3;2;1;64;0;4935443;194;0
11;19;78;13;42;35;67;3.60;3;2;1;62;0;4935567;104;0
11;19;78;13;42;36;45;4.40;4;2;1;49;0;4935645;230;0
11;19;78;13;42;38;35;3.40;4;2;1;47;0;4935835;157;0
11;19;78;13;42;39;58;3.60;3;2;1;63;0;4935958;370;0
11;19;78;13;42;39;46;3.80;4;2;1;46;0;4935946;84;0
11;19;78;13;42;42;31;3.80;3;2;1;59;0;4936231;252;0
11;19;78;13;42;41;54;12.80;4;2;7;48;0;4936154;178;0
11;19;78;13;42;43;92;3.80;3;2;1;56;0;4936392;137;0
11;19;78;13;42;44;19;3.40;4;2;1;51;0;4936419;169;4935645
11;19;78;13;42;45;64;3.60;3;2;1;55;0;4936564;147;4935645
11;19;78;13;42;46;57;3.60;4;2;1;50;0;4936657;214;0
11;19;78;13;42;47;9;3.80;3;2;1;55;0;4936709;121;0
11;19;78;13;42;48;34;5.00;3;2;1;59;0;4936834;100;4936231
11;19;78;13;42;48;48;3.60;4;2;1;52;0;4936848;165;4936231
11;19;78;13;42;49;78;3.80;4;2;1;52;0;4936978;105;4936231
11;19;78;13;42;50;70;3.20;2;1;1;64;0;4937070;3633;0
11;19;78;13;42;50;88;3.60;1;1;1;51;0;4937088;1872;0
11;19;78;13;42;51;30;4.20;4;2;1;53;0;4937130;125;0
11;19;78;13;42;51;75;3.00;3;2;1;57;0;4937175;310;0
11;19;78;13;42;53;42;3.40;4;2;1;53;0;4937342;183;4936657
11;19;78;13;42;53;67;2.80;3;2;1;58;0;4937367;173;4936657
11;19;78;13;42;55;6;3.40;2;1;1;62;0;4937506;418;0
11;19;78;13;42;55;32;6.80;3;2;1;55;0;4937532;147;0
11;19;78;13;42;54;86;24.80;4;2;5;54;0;4937486;120;4936657
11;19;78;13;42;56;67;3.20;3;2;1;57;0;4937667;90;4936657
11;19;78;13;42;58;28;3.00;3;2;1;56;0;4937828;140;4937175
11;19;78;13;42;58;88;3.60;1;1;1;64;0;4937888;774;0
11;19;78;13;42;58;70;24.80;4;2;5;55;0;4937870;218;0
11;19;78;13;43;0;38;3.20;3;2;1;55;0;4938038;190;4937175
11;19;78;13;43;1;45;3.40;3;2;1;54;0;4938145;86;4937175
11;19;78;13;43;1;84;3.60;4;2;1;54;0;4938184;151;4937175
11;19;78;13;43;3;0;3.80;1;1;1;60;0;4938300;391;0
11;19;78;13;43;4;47;3.40;4;2;1;52;0;4938447;239;0
11;19;78;13;43;6;5;5.60;4;2;1;54;0;4938605;134;0
11;19;78;13;43;7;17;4.00;1;1;1;57;0;4938717;394;0
11;19;78;13;43;12;68;4.00;2;1;1;59;0;4939268;1742;0
11;19;78;13;43;14;21;4.00;2;1;1;58;0;4939421;128;0
11;19;78;13;43;16;16;4.20;2;1;1;57;0;4939616;170;0
11;19;78;13;43;17;80;6.00;1;1;1;53;0;4939780;1037;0
11;19;78;13;43;18;35;3.80;2;1;1;57;0;4939835;192;0
11;19;78;13;43;19;18;3.60;1;1;1;52;0;4939918;97;0
11;19;78;13;43;19;99;3.40;1;1;1;53;0;4939999;56;0
11;19;78;13;43;21;2;3.80;2;1;1;57;0;4940102;243;0
11;19;78;13;43;21;21;5.20;1;1;1;54;0;4940121;98;0
11;19;78;13;43;22;49;3.80;2;1;1;55;0;4940249;123;0
11;19;78;13;43;22;76;3.20;1;1;1;55;0;4940276;120;4939780
11;19;78;13;43;23;57;4.00;1;1;1;53;0;4940357;60;4939780
11;19;78;13;43;23;61;4.20;2;1;1;55;0;4940361;87;4939780
11;19;78;13;43;25;41;3.60;1;1;1;56;0;4940541;156;4939780
11;19;78;13;43;27;35;4.80;1;1;1;55;0;4940735;170;4939780
11;19;78;13;43;27;69;3.60;2;1;1;59;0;4940769;380;0
11;19;78;13;43;29;24;3.20;4;2;1;61;0;4940924;2281;0
11;19;78;13;43;29;68;3.40;1;1;1;53;0;4940968;201;0
11;19;78;13;43;29;90;3.80;2;1;1;54;0;4940990;199;0
11;19;78;13;43;31;47;3.20;1;1;1;51;0;4941147;155;0
11;19;78;13;43;31;70;3.80;2;1;1;56;0;4941170;154;0
11;19;78;13;43;31;81;3.60;4;2;1;57;0;4941181;238;0
11;19;78;13;43;32;48;3.80;1;1;1;51;0;4941248;78;0
11;19;78;13;43;33;50;3.60;2;1;1;54;0;4941350;155;0
11;19;78;13;43;33;80;3.20;4;2;1;59;0;4941380;176;0
11;19;78;13;43;33;94;3.40;1;1;1;51;0;4941394;119;0
11;19;78;13;43;35;2;3.20;2;1;1;53;0;4941502;128;4940769
11;19;78;13;43;35;26;3.40;3;2;1;62;0;4941526;3358;0
11;19;78;13;43;36;45;4.80;1;1;1;51;0;4941645;227;0
11;19;78;13;43;36;83;3.00;2;1;1;51;0;4941683;159;4940769
11;19;78;13;43;36;80;4.20;4;2;1;53;0;4941680;280;0
11;19;78;13;43;37;97;3.60;2;1;1;51;0;4941797;92;4940769
11;19;78;13;43;38;77;4.20;1;1;1;51;0;4941877;198;4940769
11;19;78;13;43;39;61;4.60;1;1;1;50;0;4941961;54;4940769
11;19;78;13;43;40;29;5.40;2;1;1;57;0;4942029;206;0
11;19;78;13;43;40;58;3.60;1;1;1;50;0;4942058;63;0
11;19;78;13;43;42;56;3.60;1;1;1;50;0;4942256;172;4941645
11;19;78;13;43;44;14;3.60;4;2;1;61;0;4942414;705;0
11;19;78;13;43;44;3;5.20;1;1;1;50;0;4942403;121;4941645
11;19;78;13;43;45;42;3.80;3;2;1;65;0;4942542;996;0
11;19;78;13;43;45;51;4.60;4;2;1;61;0;4942551;115;0
11;19;78;13;43;46;56;3.80;2;1;1;55;0;4942656;592;0
11;19;78;13;43;47;19;3.60;4;2;1;65;0;4942719;140;0
11;19;78;13;43;47;19;3.60;3;2;1;59;0;4942719;155;0
11;19;78;13;43;47;92;3.40;1;1;1;53;0;4942792;351;0
11;19;78;13;43;48;10;3.80;3;2;1;59;0;4942810;69;0
11;19;78;13;43;48;14;3.80;2;1;1;57;0;4942814;133;0
11;19;78;13;43;49;6;4.00;1;1;1;52;0;4942906;90;0
11;19;78;13;43;50;84;3.60;1;1;1;50;0;4943084;150;0
11;19;78;13;43;51;91;3.20;2;1;1;57;0;4943191;353;0
11;19;78;13;43;52;20;3.60;1;1;1;49;0;4943220;110;0
11;19;78;13;43;53;46;4.00;2;1;1;54;0;4943346;134;0
11;19;78;13;43;53;57;4.40;4;2;1;55;0;4943357;618;0
11;19;78;13;43;55;25;10.20;4;2;2;52;0;4943525;139;0
11;19;78;13;43;55;84;3.60;3;2;1;58;0;4943584;750;0
11;19;78;13;43;56;13;3.80;2;1;1;50;0;4943613;240;0
11;19;78;13;43;57;57;3.80;2;1;1;53;0;4943757;116;0
11;19;78;13;43;58;89;3.60;1;1;1;57;0;4943889;642;0
11;19;78;13;43;59;8;3.40;2;1;1;62;0;4943908;125;0
11;19;78;13;44;0;51;3.00;1;1;1;55;0;4944051;139;0
11;19;78;13;44;2;44;4.40;1;1;1;55;0;4944244;173;0
11;19;78;13;44;6;59;3.40;4;2;1;60;0;4944659;1063;0
11;19;78;13;44;8;78;3.40;3;2;1;59;0;4944878;1271;0
11;19;78;13;44;9;34;3.40;2;1;1;55;0;4944934;1006;0
11;19;78;13;44;9;96;3.60;4;2;1;55;0;4944996;316;0
11;19;78;13;44;11;79;3.60;1;1;1;55;0;4945179;906;0
11;19;78;13;44;11;94;4.00;3;2;1;58;0;4945194;295;0
11;19;78;13;44;12;29;3.40;4;2;1;62;0;4945229;209;0
11;19;78;13;44;13;13;3.60;3;2;1;58;0;4945313;94;0
11;19;78;13;44;15;89;3.20;1;1;1;56;0;4945589;386;0
11;19;78;13;44;16;84;3.40;4;2;1;58;0;4945684;435;0
11;19;78;13;44;17;16;3.60;3;2;1;59;0;4945716;380;0
11;19;78;13;44;19;52;4.00;4;2;1;58;0;4945952;246;0
11;19;78;13;44;19;92;3.40;3;2;1;59;0;4945992;254;0
11;19;78;13;44;21;32;3.60;4;2;1;57;0;4946132;155;0
11;19;78;13;44;22;43;3.00;4;2;1;56;0;4946243;88;0
11;19;78;13;44;22;62;3.20;3;2;1;62;0;4946262;249;0
11;19;78;13;44;24;7;4.00;3;2;1;66;0;4946407;126;0
11;19;78;13;44;24;82;5.00;4;2;1;55;0;4946482;219;0
11;19;78;13;44;25;9;3.40;3;2;1;64;0;4946509;80;0
11;19;78;13;44;27;44;3.40;3;2;1;60;0;4946744;215;0
11;19;78;13;44;29;59;3.00;4;2;1;61;0;4946959;444;0
11;19;78;13;44;29;60;3.40;3;2;1;57;0;4946960;195;0
11;19;78;13;44;30;67;4.00;4;2;1;60;0;4947067;90;0
11;19;78;13;44;31;34;3.40;3;2;1;58;0;4947134;152;0
11;19;78;13;44;31;78;4.60;4;2;1;60;0;4947178;87;0
11;19;78;13;44;33;24;3.40;3;2;1;60;0;4947324;168;0
11;19;78;13;44;33;33;6.60;4;2;1;57;0;4947333;127;0
11;19;78;13;44;35;13;3.60;4;2;1;54;0;4947513;138;4946959
11;19;78;13;44;35;61;3.60;3;2;1;63;0;4947561;216;0
11;19;78;13;44;38;41;3.20;4;2;1;61;0;4947841;304;0
11;19;78;13;44;39;47;3.20;3;2;1;51;0;4947947;365;0
11;19;78;13;44;40;41;3.80;3;2;1;53;0;4948041;71;0
11;19;78;13;44;40;58;4.00;4;2;1;56;0;4948058;198;0
11;19;78;13;44;48;67;3.80;1;1;1;62;0;4948867;3257;0
11;19;78;13;44;50;68;3.80;2;1;1;59;0;4949068;4111;0
11;19;78;13;44;52;92;3.40;2;1;1;58;0;4949292;200;0
11;19;78;13;44;54;88;3.60;1;1;1;53;0;4949488;598;0
11;19;78;13;44;55;78;3.80;2;1;1;58;0;4949578;264;0
11;19;78;13;44;56;77;3.20;1;1;1;54;0;4949677;164;0
11;19;78;13;44;57;22;3.60;2;1;1;57;0;4949722;120;0
11;19;78;13;44;57;93;3.80;1;1;1;55;0;4949793;94;0
11;19;78;13;45;2;5;3.40;4;2;1;67;0;4950205;2121;0
11;19;78;13;45;2;20;3.60;2;1;1;57;0;4950220;475;0
11;19;78;13;45;2;74;7.60;1;1;2;58;0;4950274;456;0
11;19;78;13;45;4;30;3.60;2;1;1;58;0;4950430;187;0
11;19;78;13;45;5;24;3.40;1;1;1;53;0;4950524;202;0
11;19;78;13;45;6;42;4.60;1;1;1;52;0;4950642;94;0
11;19;78;13;45;8;23;3.60;3;2;1;65;0;4950823;2756;0
11;19;78;13;45;8;57;3.40;1;1;1;57;0;4950857;183;0
11;19;78;13;45;11;55;3.40;1;1;1;52;0;4951155;276;0
11;19;78;13;45;12;45;3.60;4;2;1;57;0;4951245;1021;0
11;19;78;13;45;13;8;4.80;1;1;1;51;0;4951308;129;0
11;19;78;13;45;14;67;3.80;1;1;1;50;0;4951467;125;0
11;19;78;13;45;15;58;5.20;1;1;1;49;0;4951558;63;0
11;19;78;13;45;16;37;3.20;1;1;1;48;0;4951637;40;4951155
11;19;78;13;45;19;12;4.00;4;2;1;70;0;4951912;644;0
11;19;78;13;45;20;83;6.20;1;1;1;53;0;4952083;422;0
11;19;78;13;45;21;9;4.40;3;2;1;65;0;4952109;1266;0
11;19;78;13;45;21;88;3.40;2;1;1;55;0;4952188;1735;0
11;19;78;13;45;21;98;3.20;1;1;1;53;0;4952198;72;0
11;19;78;13;45;22;59;3.80;3;2;1;65;0;4952259;125;0
11;19;78;13;45;28;52;4.60;3;2;1;64;0;4952852;571;0
11;19;78;13;45;30;42;3.80;4;2;1;53;0;4953042;1109;0
11;19;78;13;45;31;36;4.00;1;1;1;57;0;4953136;916;0
11;19;78;13;45;31;99;3.60;3;2;1;57;0;4953199;321;0
11;19;78;13;45;32;6;3.20;4;2;1;53;0;4953206;138;0
11;19;78;13;45;33;21;3.00;4;2;1;59;0;4953321;93;0
11;19;78;13;45;33;44;3.40;2;1;1;58;0;4953344;1133;0
11;19;78;13;45;34;0;3.60;1;1;1;56;0;4953400;238;0
11;19;78;13;45;34;97;3.60;1;1;1;57;0;4953497;73;0
11;19;78;13;45;35;18;3.00;4;2;1;51;0;4953518;178;0
11;19;78;13;45;35;94;3.60;4;2;1;52;0;4953594;54;4953042
11;19;78;13;45;37;94;3.60;4;2;1;55;0;4953794;175;4953042
11;19;78;13;45;46;49;4.00;3;2;1;70;0;4954649;1427;0
11;19;78;13;45;47;88;4.00;4;2;1;62;0;4954788;970;0
11;19;78;13;45;50;34;3.40;1;1;1;53;0;4955034;1514;0
11;19;78;13;45;50;98;3.80;4;2;1;65;0;4955098;286;0
11;19;78;13;45;51;58;3.80;3;2;1;67;0;4955158;488;0
11;19;78;13;45;52;33;3.60;3;2;1;62;0;4955233;54;0
11;19;78;13;45;53;43;3.60;4;2;1;62;0;4955343;223;0
11;19;78;13;45;54;63;4.00;4;2;1;62;0;4955463;99;0
11;19;78;13;45;55;57;3.80;1;1;1;58;0;4955557;499;0
11;19;78;13;45;56;6;3.60;3;2;1;59;0;4955606;352;0
11;19;78;13;45;57;39;3.00;3;2;1;61;0;4955739;111;0
11;19;78;13;46;5;68;3.60;3;2;1;74;0;4956568;811;0
11;19;78;13;46;6;56;3.60;4;2;1;66;0;4956656;1169;0
11;19;78;13;46;7;7;3.80;3;2;1;65;0;4956707;121;0
11;19;78;13;46;8;42;3.40;1;1;1;54;0;4956842;1261;0
11;19;78;13;46;10;10;3.40;3;2;1;64;0;4957010;281;0
11;19;78;13;46;11;89;3.40;3;2;1;59;0;4957189;159;0
11;19;78;13;46;13;16;3.60;3;2;1;62;0;4957316;106;0
11;19;78;13;46;14;3;4.40;1;1;1;68;0;4957403;538;0
11;19;78;13;46;13;15;21.20;4;2;5;59;0;4957315;639;0
11;19;78;13;46;16;7;3.20;4;2;1;57;0;4957607;162;0
11;19;78;13;46;16;38;5.20;3;2;1;65;0;4957638;301;0
11;19;78;13;46;18;16;3.80;4;2;1;57;0;4957816;188;0
11;19;78;13;46;18;23;3.40;3;2;1;60;0;4957823;156;0
11;19;78;13;46;20;9;5.00;3;2;1;60;0;4958009;165;0
11;19;78;13;46;20;55;5.20;4;2;1;57;0;4958055;215;0
11;19;78;13;46;21;26;3.80;3;2;1;59;0;4958126;87;0
11;19;78;13;46;21;96;3.40;4;2;1;58;0;4958196;108;0
11;19;78;13;46;22;84;3.40;3;2;1;56;0;4958284;134;4957638
11;19;78;13;46;23;17;3.00;1;1;1;54;0;4958317;890;0
11;19;78;13;46;23;55;3.40;4;2;1;55;0;4958355;137;0
11;19;78;13;46;25;28;3.00;3;2;1;57;0;4958528;222;0
11;19;78;13;46;27;46;3.80;3;2;1;55;0;4958746;199;0
11;19;78;13;46;28;79;3.60;1;1;1;52;0;4958879;542;0
11;19;78;13;46;28;97;1.20;3;2;0;54;1;4958897;126;0
11;19;78;13;46;31;95;11.20;4;2;3;47;0;4959195;817;0
11;19;78;13;46;34;11;3.60;3;2;1;53;0;4959411;640;0
11;19;78;13;46;34;18;5.00;4;2;1;47;0;4959418;137;0
11;19;78;13;46;35;82;3.60;4;2;1;47;0;4959582;125;0
11;19;78;13;46;36;7;3.60;2;1;1;53;0;4959607;6241;0
11;19;78;13;46;40;38;4.00;2;1;1;60;0;4960038;406;0
11;19;78;13;46;40;39;3.60;1;1;1;58;0;4960039;1135;0
11;19;78;13;46;41;38;3.80;2;1;1;58;0;4960138;76;0
11;19;78;13;46;41;63;3.40;4;2;1;61;0;4960163;553;0
11;19;78;13;46;43;52;3.00;1;1;1;63;0;4960352;290;0
11;19;78;13;46;44;70;3.40;4;2;1;59;0;4960470;286;0
11;19;78;13;46;46;24;6.60;2;1;1;56;0;4960624;462;0
11;19;78;13;46;46;34;3.40;3;2;1;60;0;4960634;1198;0
11;19;78;13;46;46;81;4.60;1;1;1;55;0;4960681;311;0
11;19;78;13;46;47;42;3.40;2;1;1;54;0;4960742;75;0
11;19;78;13;46;47;94;3.80;1;1;1;53;0;4960794;82;0
11;19;78;13;46;49;24;3.80;2;1;1;60;0;4960924;159;0
11;19;78;13;46;50;31;3.80;1;1;1;53;0;4961031;211;0
11;19;78;13;46;52;1;3.60;1;1;1;56;0;4961201;144;0
11;19;78;13;46;52;14;3.60;2;1;1;57;0;4961214;267;0
11;19;78;13;46;53;20;5.40;2;1;1;57;0;4961320;83;0
11;19;78;13;46;54;88;3.00;2;1;1;53;0;4961488;133;0
11;19;78;13;46;55;44;3.60;1;1;1;57;0;4961544;319;0
11;19;78;13;46;56;64;3.60;4;2;1;70;0;4961664;1173;0
11;19;78;13;46;56;91;3.80;1;1;1;55;0;4961691;124;0
11;19;78;13;46;58;28;3.60;4;2;1;61;0;4961828;145;0
11;19;78;13;46;58;91;3.20;1;1;1;51;0;4961891;175;0
11;19;78;13;46;59;73;3.40;4;2;1;71;0;4961973;123;0
11;19;78;13;46;59;92;4.00;2;1;1;56;0;4961992;483;0
11;19;78;13;47;3;16;4.60;2;1;1;54;0;4962316;298;0
11;19;78;13;47;4;20;3.60;4;2;1;59;0;4962420;429;0
11;19;78;13;47;4;26;3.80;2;1;1;53;0;4962426;79;0
11;19;78;13;47;4;67;12.60;1;1;3;49;0;4962467;553;0
11;19;78;13;47;6;28;3.20;3;2;1;54;0;4962628;1973;0
11;19;78;13;47;7;48;3.40;1;1;1;50;0;4962748;188;0
11;19;78;13;47;9;31;5.20;1;1;1;49;0;4962931;158;0
11;19;78;13;47;9;78;3.60;4;2;1;57;0;4962978;536;0
11;19;78;13;47;10;55;3.20;1;1;1;48;0;4963055;85;0
11;19;78;13;47;11;30;3.80;3;2;1;58;0;4963130;480;0
11;19;78;13;47;11;66;3.00;2;1;1;51;0;4963166;714;0
11;19;78;13;47;11;95;3.80;1;1;1;47;0;4963195;116;4962467
11;19;78;13;47;12;43;3.20;4;2;1;56;0;4963243;242;0
11;19;78;13;47;12;55;9.60;2;1;2;53;0;4963255;67;0
11;19;78;13;47;13;18;3.40;3;2;1;58;0;4963318;164;0
11;19;78;13;47;13;25;3.80;1;1;1;46;0;4963325;100;4962467
11;19;78;13;47;14;66;3.60;1;1;1;49;0;4963466;111;4962467
11;19;78;13;47;15;43;3.20;4;2;1;56;0;4963543;279;0
11;19;78;13;47;16;32;3.20;1;1;1;52;0;4963632;139;4962467
11;19;78;13;47;16;56;3.40;4;2;1;56;0;4963656;92;4962467
11;19;78;13;47;17;98;4.40;1;1;1;50;0;4963798;143;4962467
11;19;78;13;47;21;11;3.40;4;2;1;57;0;4964111;433;0
11;19;78;13;47;21;55;5.00;3;2;1;66;0;4964155;815;0
11;19;78;13;47;23;46;3.40;1;1;1;56;0;4964346;516;0
11;19;78;13;47;25;6;3.80;2;1;1;55;0;4964506;1185;0
11;19;78;13;47;27;82;6.80;4;2;1;61;0;4964782;649;0
11;19;78;13;47;30;20;3.60;3;2;1;64;0;4965020;837;0
11;19;78;13;47;31;12;3.60;3;2;1;61;0;4965112;71;0
11;19;78;13;47;32;9;3.20;1;1;1;49;0;4965209;841;0
11;19;78;13;47;33;11;4.00;1;1;1;47;0;4965311;78;0
11;19;78;13;47;33;72;3.60;2;1;1;52;0;4965372;841;0
11;19;78;13;47;33;73;3.80;3;2;1;61;0;4965373;239;0
11;19;78;13;47;35;19;3.80;2;1;1;51;0;4965519;122;0
11;19;78;13;47;36;70;4.20;3;2;1;67;0;4965670;274;0
11;19;78;13;47;38;79;3.00;3;2;1;60;0;4965879;186;0
11;19;78;13;47;40;49;3.80;4;2;1;57;0;4966049;1226;0
11;19;78;13;47;41;41;3.80;3;2;1;63;0;4966141;244;0
11;19;78;13;47;42;27;3.40;4;2;1;56;0;4966227;154;0
11;19;78;13;47;42;70;4.00;3;2;1;64;0;4966270;107;0
11;19;78;13;47;43;89;3.60;4;2;1;54;0;4966389;140;0
11;19;78;13;47;45;27;3.00;3;2;1;56;0;4966527;234;0
11;19;78;13;47;46;55;3.20;4;2;1;49;0;4966655;242;0
11;19;78;13;47;47;45;4.00;3;2;1;57;0;4966745;198;0
11;19;78;13;47;47;82;3.80;2;1;1;57;0;4966782;1236;0
11;19;78;13;47;48;20;3.80;4;2;1;48;0;4966820;141;0
11;19;78;13;47;49;70;3.80;3;2;1;57;0;4966970;199;0
11;19;78;13;47;50;3;3.00;4;2;1;47;0;4967003;154;0
11;19;78;13;47;51;33;4.80;3;2;1;58;0;4967133;139;0
11;19;78;13;47;51;36;3.00;4;2;1;47;0;4967136;110;0
11;19;78;13;47;52;38;3.40;4;2;1;49;0;4967238;79;4966655
11;19;78;13;47;53;23;3.60;3;2;1;61;0;4967323;160;4966527
11;19;78;13;47;53;43;6.80;4;2;1;53;0;4967343;80;4966655
11;19;78;13;47;54;89;3.60;3;2;1;59;0;4967489;144;4966527
11;19;78;13;47;55;6;3.40;4;2;1;55;0;4967506;116;4966655
11;19;78;13;47;56;16;3.20;1;1;1;51;0;4967616;2274;0
11;19;78;13;47;56;6;4.80;2;1;1;61;0;4967606;800;0
11;19;78;13;47;56;39;3.80;3;2;1;58;0;4967639;128;4966527
11;19;78;13;47;57;79;3.60;3;2;1;59;0;4967779;116;4966527
11;19;78;13;47;59;31;3.60;3;2;1;59;0;4967931;130;4966527
11;19;78;13;48;0;57;4.80;3;2;1;58;0;4968057;104;4966527
11;19;78;13;48;2;36;3.80;1;1;1;49;0;4968236;597;0
11;19;78;13;48;3;3;3.60;3;2;1;65;0;4968303;216;0
11;19;78;13;48;4;84;12.60;4;2;3;50;0;4968484;955;0
11;19;78;13;48;7;12;5.60;4;2;1;50;0;4968712;137;0
11;19;78;13;48;7;50;4.40;3;2;1;62;0;4968750;427;0
11;19;78;13;48;9;23;3.60;4;2;1;52;0;4968923;170;0
11;19;78;13;48;11;66;3.20;4;2;1;49;0;4969166;218;0
11;19;78;13;48;16;92;2.80;3;2;1;59;0;4969692;916;0
11;19;78;13;48;19;47;3.40;4;2;1;55;0;4969947;757;0
11;19;78;13;48;20;8;3.20;2;1;1;61;0;4970008;2373;0
11;19;78;13;48;20;65;3.40;1;1;1;50;0;4970065;1801;0
11;19;78;13;48;20;74;3.80;4;2;1;59;0;4970074;104;0
11;19;78;13;48;20;99;4.60;2;1;1;59;0;4970099;72;0
11;19;78;13;48;22;30;3.80;1;1;1;56;0;4970230;140;0
11;19;78;13;48;22;66;3.60;4;2;1;62;0;4970266;168;0
11;19;78;13;48;23;96;3.40;1;1;1;59;0;4970396;141;0
11;19;78;13;48;27;28;3.00;1;1;1;56;0;4970728;311;0
11;19;78;13;48;28;68;4.60;2;1;1;61;0;4970868;740;0
11;19;78;13;48;29;37;5.00;1;1;1;58;0;4970937;189;0
11;19;78;13;48;30;29;3.60;4;2;1;63;0;4971029;742;0
11;19;78;13;48;31;47;3.60;2;1;1;63;0;4971147;251;0
11;19;78;13;48;32;1;3.80;1;1;1;56;0;4971201;232;0
11;19;78;13;48;33;78;3.40;1;1;1;54;0;4971378;152;0
11;19;78;13;48;35;6;4.60;1;1;1;52;0;4971506;105;0
11;19;78;13;48;35;19;4.60;2;1;1;57;0;4971519;351;0
11;19;78;13;48;36;27;3.80;2;1;1;56;0;4971627;78;0
11;19;78;13;48;36;62;3.40;1;1;1;52;0;4971662;124;0
11;19;78;13;48;37;57;3.60;1;1;1;52;0;4971757;71;4971201
11;19;78;13;48;38;29;3.40;2;1;1;58;0;4971829;177;4971201
11;19;78;13;48;39;2;3.40;3;2;1;58;0;4971902;2192;0
11;19;78;13;48;38;93;3.80;1;1;1;49;0;4971893;111;4971201
11;19;78;13;48;40;18;3.40;1;1;1;45;0;4972018;97;4971201
11;19;78;13;48;40;88;3.40;3;2;1;59;0;4972088;164;4971201
11;19;78;13;48;42;1;3.60;1;1;1;44;0;4972201;155;4971201
11;19;78;13;48;42;34;3.60;3;2;1;61;0;4972234;125;4971201
11;19;78;13;48;43;10;3.80;4;2;1;57;0;4972310;1260;0
11;19;78;13;48;44;2;3.00;2;1;1;54;0;4972402;551;0
11;19;78;13;48;44;48;3.60;1;1;1;47;0;4972448;217;0
11;19;78;13;48;45;17;3.00;3;2;1;59;0;4972517;261;0
11;19;78;13;48;46;40;3.80;1;1;1;51;0;4972640;164;0
11;19;78;13;48;46;98;3.80;4;2;1;51;0;4972698;364;0
11;19;78;13;48;48;1;3.40;1;1;1;56;0;4972801;134;0
11;19;78;13;48;48;9;3.00;4;2;1;53;0;4972809;84;0
11;19;78;13;48;48;31;3.60;3;2;1;59;0;4972831;295;0
11;19;78;13;48;49;15;3.80;4;2;1;55;0;4972915;85;0
11;19;78;13;48;49;84;3.60;3;2;1;60;0;4972984;131;0
11;19;78;13;48;50;42;3.80;1;1;1;56;0;4973042;219;0
11;19;78;13;48;54;24;3.00;1;1;1;59;0;4973424;357;0
11;19;78;13;48;56;12;3.20;3;2;1;68;0;4973612;606;0
11;19;78;13;48;56;19;3.20;4;2;1;57;0;4973619;679;0
11;19;78;13;48;57;78;3.60;1;1;1;51;0;4973778;335;0
11;19;78;13;48;59;15;3.80;4;2;1;53;0;4973915;275;0
11;19;78;13;48;59;26;4.60;1;1;1;49;0;4973926;122;0
11;19;78;13;49;0;90;3.60;1;1;1;47;0;4974090;130;0
11;19;78;13;49;1;21;3.60;4;2;1;53;0;4974121;180;0
11;19;78;13;49;1;17;3.80;2;1;1;48;0;4974117;1695;0
11;19;78;13;49;2;50;3.80;2;1;1;49;0;4974250;104;0
11;19;78;13;49;3;47;3.20;1;1;1;51;0;4974347;229;0
11;19;78;13;49;3;68;3.80;2;1;1;46;0;4974368;90;0
11;19;78;13;49;5;60;3.60;4;2;1;71;0;4974560;414;0
11;19;78;13;49;5;99;10.00;1;1;2;48;0;4974599;229;0
11;19;78;13;49;6;58;3.80;2;1;1;52;0;4974658;260;0
11;19;78;13;49;7;60;4.40;3;2;1;62;0;4974760;1131;0
11;19;78;13;49;9;20;3.60;1;1;1;47;0;4974920;246;0
11;19;78;13;49;9;70;4.60;4;2;1;64;0;4974970;391;0
11;19;78;13;49;10;54;3.60;3;2;1;60;0;4975054;268;0
11;19;78;13;49;10;96;3.00;1;1;1;49;0;4975096;148;0
11;19;78;13;49;11;72;4.80;2;1;1;54;0;4975172;487;0
11;19;78;13;49;12;24;3.80;1;1;1;50;0;4975224;105;0
11;19;78;13;49;12;67;3.00;4;2;1;60;0;4975267;271;0
11;19;78;13;49;14;16;4.60;1;1;1;48;0;4975416;164;0
11;19;78;13;49;14;60;3.40;3;2;1;59;0;4975460;384;0
11;19;78;13;49;15;5;3.80;2;1;1;56;0;4975505;301;0
11;19;78;13;49;15;57;3.40;4;2;1;59;0;4975557;272;0
11;19;78;13;49;16;91;4.60;2;1;1;55;0;4975691;161;0
11;19;78;13;49;17;26;5.20;4;2;1;61;0;4975726;148;0
11;19;78;13;49;18;77;3.20;2;1;1;54;0;4975877;155;0
11;19;78;13;49;19;45;3.40;3;2;1;58;0;4975945;464;0
11;19;78;13;49;19;65;3.40;4;2;1;59;0;4975965;208;0
11;19;78;13;49;19;78;3.20;1;1;1;47;0;4975978;527;0
11;19;78;13;49;20;33;3.40;2;1;1;53;0;4976033;134;0
11;19;78;13;49;20;96;3.00;1;1;1;48;0;4976096;93;0
11;19;78;13;49;21;34;3.80;3;2;1;59;0;4976134;167;0
11;19;78;13;49;22;24;3.80;4;2;1;56;0;4976224;238;0
11;19;78;13;49;22;92;5.20;3;2;1;59;0;4976292;134;0
11;19;78;13;49;22;98;3.60;1;1;1;52;0;4976298;179;0
11;19;78;13;49;25;37;3.40;3;2;1;61;0;4976537;213;0
11;19;78;13;49;25;20;11.20;4;2;7;56;0;4976520;271;0
11;19;78;13;49;27;61;4.60;4;2;1;57;0;4976761;169;0
11;19;78;13;49;27;81;4.20;3;2;1;63;0;4976781;223;0
11;19;78;13;49;28;44;4.00;4;2;1;57;0;4976844;53;0
11;19;78;13;49;29;23;4.00;3;2;1;58;0;4976923;118;0
11;19;78;13;49;30;29;3.40;3;2;1;59;0;4977029;81;0
11;19;78;13;49;30;37;3.80;4;2;1;59;0;4977037;167;0
11;19;78;13;49;31;47;3.40;3;2;1;62;0;4977147;97;0
11;19;78;13;49;31;68;3.00;4;2;1;60;0;4977168;107;4976520
11;19;78;13;49;32;98;3.40;3;2;1;65;0;4977298;131;4976781
11;19;78;13;49;33;6;3.60;4;2;1;61;0;4977306;120;4976520
11;19;78;13;49;33;73;3.60;3;2;1;62;0;4977373;56;4976781
11;19;78;13;49;34;18;3.40;4;2;1;60;0;4977418;90;4976520
11;19;78;13;49;34;99;3.00;3;2;1;64;0;4977499;105;4976781
11;19;78;13;49;36;66;3.40;3;2;1;61;0;4977666;150;4976781
11;19;78;13;49;38;22;3.20;1;1;1;54;0;4977822;1499;0
11;19;78;13;49;38;12;3.60;3;2;1;61;0;4977812;125;4976781
11;19;78;13;49;38;15;3.40;4;2;1;59;0;4977815;376;0
11;19;78;13;49;41;58;3.80;4;2;1;58;0;4978158;322;0
11;19;78;13;49;51;71;3.60;4;2;1;55;0;4979171;989;0
11;19;78;13;49;56;10;3.20;2;1;1;56;0;4979610;3553;0
11;19;78;13;50;4;69;3.80;1;1;1;59;0;4980469;2625;0
11;19;78;13;50;6;16;3.40;2;1;1;55;0;4980616;985;0
11;19;78;13;50;6;87;3.60;1;1;1;63;0;4980687;194;0
11;19;78;13;50;7;46;4.40;2;1;1;59;0;4980746;107;0
11;19;78;13;50;9;45;3.40;1;1;1;57;0;4980945;237;0
11;19;78;13;50;10;34;3.20;1;1;1;57;0;4981034;67;0
11;19;78;13;50;10;42;3.60;4;2;1;65;0;4981042;1847;0
11;19;78;13;50;11;0;3.20;2;1;1;61;0;4981100;327;0
11;19;78;13;50;11;63;3.80;3;2;1;69;0;4981163;3329;0
11;19;78;13;50;11;68;3.20;1;1;1;60;0;4981168;113;0
11;19;78;13;50;12;85;3.80;1;1;1;55;0;4981285;97;0
11;19;78;13;50;13;24;3.20;2;1;1;57;0;4981324;205;0
11;19;78;13;50;14;58;3.80;1;1;1;56;0;4981458;148;4980945
11;19;78;13;50;16;2;3.80;4;2;1;53;0;4981602;540;0
11;19;78;13;50;16;76;5.20;1;1;1;54;0;4981676;193;4980945
11;19;78;13;50;17;69;3.40;4;2;1;53;0;4981769;141;4980945
11;19;78;13;50;17;92;3.80;1;1;1;55;0;4981792;81;4980945
11;19;78;13;50;20;26;3.60;4;2;1;55;0;4982026;233;0
11;19;78;13;50;20;32;4.00;1;1;1;55;0;4982032;215;0
11;19;78;13;50;22;15;5.40;2;1;1;61;0;4982215;870;0
11;19;78;13;50;22;13;6.80;1;1;2;53;0;4982213;154;0
11;19;78;13;50;23;23;4.20;2;1;1;61;0;4982323;76;0
11;19;78;13;50;24;42;3.60;2;1;1;56;0;4982442;94;0
11;19;78;13;50;26;0;3.60;1;1;1;51;0;4982600;340;0
11;19;78;13;50;27;55;3.20;1;1;1;49;0;4982755;129;0
11;19;78;13;50;29;31;3.60;1;1;1;48;0;4982931;152;0
11;19;78;13;50;30;45;3.80;1;1;1;49;0;4983045;87;0
11;19;78;13;50;31;16;3.40;2;1;1;59;0;4983116;650;0
11;19;78;13;50;31;92;24.60;1;1;5;50;0;4983192;119;4982600
11;19;78;13;50;34;16;3.80;2;1;1;55;0;4983416;279;0
11;19;78;13;50;35;91;3.80;1;1;1;49;0;4983591;221;0
11;19;78;13;50;37;44;5.20;4;2;1;60;0;4983744;1694;0
11;19;78;13;50;37;79;3.60;1;1;1;49;0;4983779;160;0
11;19;78;13;50;39;8;8.80;1;1;2;47;0;4983908;102;0
11;19;78;13;50;40;95;6.00;1;1;1;47;0;4984095;119;0
11;19;78;13;50;42;97;3.60;3;2;1;71;0;4984297;3114;0
11;19;78;13;50;46;53;4.40;3;2;1;62;0;4984653;337;0
11;19;78;13;50;46;85;3.60;4;2;1;58;0;4984685;909;0
11;19;78;13;50;48;75;3.60;4;2;1;57;0;4984875;167;0
11;19;78;13;50;50;56;3.40;4;2;1;57;0;4985056;158;0
11;19;78;13;50;51;54;4.00;3;2;1;62;0;4985154;475;0
11;19;78;13;50;51;30;8.40;4;2;2;58;0;4985130;52;0
11;19;78;13;50;52;89;3.60;3;2;1;62;0;4985289;111;0
11;19;78;13;50;55;38;3.80;4;2;1;56;0;4985538;355;0
11;19;78;13;50;55;76;3.20;3;2;1;61;0;4985576;266;0
11;19;78;13;50;57;11;3.00;1;1;1;57;0;4985711;1570;0
11;19;78;13;50;58;8;4.00;4;2;1;54;0;4985808;245;0
11;19;78;13;50;58;40;3.60;3;2;1;60;0;4985840;245;0
11;19;78;13;51;0;34;3.40;3;2;1;54;0;4986034;172;0
11;19;78;13;51;0;61;3.60;4;2;1;57;0;4986061;226;0
11;19;78;13;51;2;77;3.80;4;2;1;56;0;4986277;193;0
11;19;78;13;51;4;2;3.20;3;2;1;59;0;4986402;345;0
11;19;78;13;51;4;55;9.60;4;2;2;60;0;4986455;153;0
11;19;78;13;51;5;1;3.20;3;2;1;59;0;4986501;79;0
11;19;78;13;51;5;95;3.80;3;2;1;62;0;4986595;74;0
11;19;78;13;51;6;35;4.20;4;2;1;61;0;4986635;122;0
11;19;78;13;51;7;5;3.00;3;2;1;60;0;4986705;87;0
11;19;78;13;51;7;58;3.80;4;2;1;62;0;4986758;98;4986061
11;19;78;13;51;7;70;3.00;3;2;1;58;0;4986770;47;4986402
11;19;78;13;51;8;76;3.40;3;2;1;59;0;4986876;87;4986402
11;19;78;13;51;9;26;10.20;4;2;2;59;0;4986926;145;4986061
11;19;78;13;51;10;87;4.00;3;2;1;61;0;4987087;190;4986402
11;19;78;13;51;12;36;4.40;3;2;1;64;0;4987236;125;4986402
11;19;78;13;51;13;30;3.20;4;2;1;57;0;4987330;341;0
11;19;78;13;51;15;31;3.00;3;2;1;60;0;4987531;270;0
11;19;78;13;51;15;92;4.60;4;2;1;63;0;4987592;241;0
11;19;78;13;51;19;21;4.40;1;1;1;59;0;4987921;2191;0
11;19;78;13;51;20;61;3.60;2;1;1;59;0;4988061;4620;0
11;19;78;13;51;21;86;3.00;1;1;1;61;0;4988186;238;0
11;19;78;13;51;26;86;4.00;1;1;1;62;0;4988686;482;0
11;19;78;13;51;35;90;3.00;1;1;1;58;0;4989590;880;0
11;19;78;13;51;37;23;3.20;2;1;1;61;0;4989723;1640;0
11;19;78;13;51;39;18;3.60;1;1;1;58;0;4989918;309;0
11;19;78;13;51;40;19;3.60;2;1;1;51;0;4990019;277;0
11;19;78;13;51;40;89;3.00;4;2;1;54;0;4990089;2470;0
11;19;78;13;51;41;21;3.80;2;1;1;52;0;4990121;76;0
11;19;78;13;51;41;64;3.40;1;1;1;57;0;4990164;223;0
11;19;78;13;51;42;80;3.20;1;1;1;56;0;4990280;94;0
11;19;78;13;51;43;48;3.40;2;1;1;53;0;4990348;200;0
11;19;78;13;51;44;45;3.60;2;1;1;52;0;4990445;73;0
11;19;78;13;51;44;50;3.60;1;1;1;53;0;4990450;149;0
11;19;78;13;51;45;65;3.80;1;1;1;53;0;4990565;90;0
11;19;78;13;51;46;1;4.00;2;1;1;51;0;4990601;131;0
11;19;78;13;51;47;38;3.80;2;1;1;52;0;4990738;108;0
11;19;78;13;51;50;13;3.60;2;1;1;61;0;4991013;248;0
11;19;78;13;51;50;18;3.40;4;2;1;64;0;4991018;909;0
11;19;78;13;51;50;25;5.00;1;1;1;55;0;4991025;434;0
11;19;78;13;51;52;39;4.20;1;1;1;52;0;4991239;181;0
11;19;78;13;51;53;23;3.80;2;1;1;57;0;4991323;288;0
11;19;78;13;51;54;58;4.00;1;1;1;59;0;4991458;189;0
11;19;78;13;51;55;92;3.40;2;1;1;57;0;4991592;245;0
11;19;78;13;51;57;21;4.00;2;1;1;58;0;4991721;107;0
11;19;78;13;51;58;5;3.00;1;1;1;55;0;4991805;322;0
11;19;78;13;51;58;10;3.60;4;2;1;57;0;4991810;772;0
11;19;78;13;51;58;93;3.80;1;1;1;54;0;4991893;68;0
11;19;78;13;51;59;43;3.60;2;1;1;54;0;4991943;197;0
11;19;78;13;51;59;97;3.60;1;1;1;54;0;4991997;78;0
11;19;78;13;52;1;24;4.60;1;1;1;52;0;4992124;103;0
11;19;78;13;52;1;87;3.80;2;1;1;55;0;4992187;220;0
11;19;78;13;52;2;78;3.40;1;1;1;50;0;4992278;122;4991805
11;19;78;13;52;3;42;3.40;2;1;1;57;0;4992342;130;4991805
11;19;78;13;52;3;51;14.60;4;2;3;63;0;4992351;518;0
11;19;78;13;52;4;13;3.60;1;1;1;50;0;4992413;110;4991805
11;19;78;13;52;5;35;4.00;1;1;1;50;0;4992535;96;4991805
11;19;78;13;52;5;40;8.60;2;1;2;56;0;4992540;176;4991805
11;19;78;13;52;7;17;3.40;1;1;1;52;0;4992717;153;4991805
11;19;78;13;52;7;9;9.60;4;2;2;57;0;4992709;274;0
11;19;78;13;52;9;86;3.60;2;1;1;60;0;4992986;390;0
11;19;78;13;52;10;66;3.00;1;1;1;57;0;4993066;325;0
11;19;78;13;52;12;83;3.60;2;1;1;58;0;4993283;275;0
11;19;78;13;52;13;28;3.40;4;2;1;59;0;4993328;558;0
11;19;78;13;52;16;26;3.60;2;1;1;58;0;4993626;320;0
11;19;78;13;52;17;19;14.40;1;1;3;52;0;4993719;634;0
11;19;78;13;52;19;57;14.40;1;1;4;50;0;4993957;138;0
11;19;78;13;52;20;72;3.40;2;1;1;54;0;4994072;423;0
11;19;78;13;52;21;83;3.40;2;1;1;55;0;4994183;88;0
11;19;78;13;52;22;56;3.60;1;1;1;49;0;4994256;195;0
11;19;78;13;52;24;14;3.60;1;1;1;51;0;4994414;131;0
11;19;78;13;52;24;12;6.40;2;1;1;55;0;4994412;206;0
11;19;78;13;52;25;93;3.40;2;1;1;62;0;4994593;139;0
11;19;78;13;52;26;4;4.80;1;1;1;50;0;4994604;164;4993719
11;19;78;13;52;27;74;3.40;2;1;1;60;0;4994774;161;4993719
11;19;78;13;52;27;85;3.60;4;2;1;62;0;4994785;1436;0
11;19;78;13;52;28;8;5.00;1;1;1;48;0;4994808;169;4993719
11;19;78;13;52;30;36;3.80;4;2;1;59;0;4995036;230;0
11;19;78;13;52;30;75;9.00;3;2;6;60;0;4995075;7526;0
11;19;78;13;52;31;17;4.00;2;1;1;62;0;4995117;322;0
11;19;78;13;52;31;55;3.80;4;2;1;61;0;4995155;95;0
11;19;78;13;52;31;85;3.60;1;1;1;44;0;4995185;339;0
11;19;78;13;52;32;77;3.80;3;2;1;63;0;4995277;148;0
11;19;78;13;52;33;46;3.80;1;1;1;42;0;4995346;131;0
11;19;78;13;52;34;60;3.80;3;2;1;63;0;4995460;161;0
11;19;78;13;52;34;91;3.80;1;1;1;44;0;4995491;112;0
11;19;78;13;52;36;33;4.80;3;2;1;62;0;4995633;151;0
11;19;78;13;52;36;30;6.00;2;1;1;58;0;4995630;489;0
11;19;78;13;52;36;71;5.00;4;2;1;57;0;4995671;493;0
11;19;78;13;52;36;31;3.20;1;1;1;42;0;4995631;108;0
11;19;78;13;52;37;58;3.80;2;1;1;57;0;4995758;90;0
11;19;78;13;52;37;71;5.40;4;2;1;58;0;4995771;68;0
11;19;78;13;52;37;92;3.00;1;1;1;41;0;4995792;133;4995185
11;19;78;13;52;39;31;4.40;4;2;1;57;0;4995931;126;4995185
11;19;78;13;52;40;77;3.80;3;2;1;61;0;4996077;416;0
11;19;78;13;52;41;51;3.60;4;2;1;56;0;4996151;192;0
11;19;78;13;52;42;74;3.40;3;2;1;66;0;4996274;174;0
11;19;78;13;52;44;45;3.40;4;2;1;57;0;4996445;270;0
11;19;78;13;52;44;76;3.00;3;2;1;59;0;4996476;183;0
11;19;78;13;52;46;60;3.60;4;2;1;57;0;4996660;193;0
11;19;78;13;52;47;92;3.80;4;2;1;53;0;4996792;109;0
11;19;78;13;52;48;2;3.80;3;2;1;58;0;4996802;307;0
11;19;78;13;52;50;3;3.80;3;2;1;57;0;4997003;177;0
11;19;78;13;52;49;70;16.60;4;2;4;55;0;4996970;152;0
11;19;78;13;52;50;97;3.40;3;2;1;56;0;4997097;70;0
11;19;78;13;52;52;14;3.60;4;2;1;57;0;4997214;135;4996445
11;19;78;13;52;52;33;3.20;3;2;1;58;0;4997233;114;4996445
11;19;78;13;52;54;9;3.20;4;2;1;57;0;4997409;172;4996445
11;19;78;13;52;55;88;3.00;4;2;1;57;0;4997588;158;4996445
11;19;78;13;52;57;39;3.00;4;2;1;58;0;4997739;132;4996445
11;19;78;13;52;58;3;3.80;3;2;1;55;0;4997803;550;0
11;19;78;13;53;5;46;3.60;1;1;1;49;0;4998546;2727;0
11;19;78;13;53;7;6;3.40;2;1;1;53;0;4998706;2924;0
11;19;78;13;53;12;13;3.60;1;1;1;60;0;4999213;640;0
11;19;78;13;53;13;46;5.00;2;1;1;54;0;4999346;616;0
11;19;78;13;53;14;27;3.40;1;1;1;58;0;4999427;192;0
11;19;78;13;53;16;75;3.80;2;1;1;53;0;4999675;295;0
11;19;78;13;53;17;81;3.20;3;2;1;65;0;4999781;1953;0
11;19;78;13;53;17;76;3.40;2;1;1;54;0;4999776;75;0
11;19;78;13;53;18;39;3.80;1;1;1;58;0;4999839;390;0
11;19;78;13;53;18;80;9.40;2;1;6;54;0;4999880;81;0
11;19;78;13;53;19;56;4.00;1;1;1;58;0;4999956;93;0
11;19;78;13;53;21;35;3.40;1;1;1;53;0;5000135;154;0
11;19;78;13;53;22;45;3.00;4;2;1;55;0;5000245;2487;0
11;19;78;13;53;22;63;4.20;2;1;1;60;0;5000263;320;0
11;19;78;13;53;22;71;9.80;1;1;2;55;0;5000271;112;0
11;19;78;13;53;25;20;3.00;1;1;1;58;0;5000520;184;4999839
11;19;78;13;53;25;25;3.80;2;1;1;57;0;5000525;236;0
11;19;78;13;53;26;67;3.40;2;1;1;53;0;5000667;118;0
11;19;78;13;53;27;30;3.40;1;1;1;57;0;5000730;191;4999839
11;19;78;13;53;27;55;3.00;4;2;1;54;0;5000755;490;0
11;19;78;13;53;30;92;11.80;1;1;3;52;0;5001092;340;0
11;19;78;13;53;32;99;3.20;1;1;1;51;0;5001299;125;0
11;19;78;13;53;34;0;3.40;1;1;1;53;0;5001400;78;0
11;19;78;13;53;35;52;4.00;1;1;1;53;0;5001552;128;0
11;19;78;13;53;38;75;3.60;4;2;1;62;0;5001875;1100;0
11;19;78;13;53;39;19;4.00;1;1;1;55;0;5001919;339;0
11;19;78;13;53;40;31;3.60;2;1;1;57;0;5002031;1340;0
11;19;78;13;53;40;44;3.80;4;2;1;60;0;5002044;148;0
11;19;78;13;53;40;72;3.40;1;1;1;55;0;5002072;126;0
11;19;78;13;53;42;35;3.40;1;1;1;55;0;5002235;140;0
11;19;78;13;53;44;14;3.80;1;1;1;55;0;5002414;156;0
11;19;78;13;53;44;1;5.00;2;1;1;53;0;5002401;347;0
11;19;78;13;53;45;52;3.60;1;1;1;52;0;5002552;113;5001919
11;19;78;13;53;45;54;3.80;4;2;1;53;0;5002554;487;0
11;19;78;13;53;46;14;3.40;3;2;1;57;0;5002614;2815;0
11;19;78;13;53;47;75;3.80;2;1;1;59;0;5002775;340;0
11;19;78;13;53;48;38;3.60;4;2;1;53;0;5002838;258;0
11;19;78;13;53;49;59;3.40;3;2;1;68;0;5002959;323;0
11;19;78;13;53;49;61;3.40;4;2;1;53;0;5002961;98;0
11;19;78;13;53;50;51;3.80;4;2;1;57;0;5003051;66;0
11;19;78;13;53;51;94;6.00;4;2;1;57;0;5003194;119;0
11;19;78;13;53;53;53;3.20;4;2;1;56;0;5003353;121;5002838
11;19;78;13;53;56;44;4.40;4;2;1;53;0;5003644;270;0
11;19;78;13;53;58;47;4.00;1;1;1;58;0;5003847;1270;0
11;19;78;13;54;6;36;3.40;1;1;1;59;0;5004636;764;0
11;19;78;13;54;7;60;3.40;4;2;1;64;0;5004760;1086;0
11;19;78;13;54;9;92;3.80;3;2;1;63;0;5004992;2015;0
11;19;78;13;54;11;53;3.60;3;2;1;63;0;5005153;139;0
11;19;78;13;54;12;59;4.00;3;2;1;63;0;5005259;85;0
11;19;78;13;54;16;34;3.40;3;2;1;63;0;5005634;352;0
11;19;78;13;54;17;34;4.80;3;2;1;62;0;5005734;80;0
11;19;78;13;54;18;67;4.60;3;2;1;63;0;5005867;105;0
11;19;78;13;54;20;7;3.20;3;2;1;63;0;5006007;113;0
11;19;78;13;54;21;19;4.40;3;2;1;60;0;5006119;93;5005634
11;19;78;13;54;21;18;12.60;4;2;3;39;0;5006118;1338;0
11;19;78;13;54;22;69;3.00;3;2;1;61;0;5006269;123;5005634
11;19;78;13;54;23;51;3.60;4;2;1;39;0;5006351;116;5005634
11;19;78;13;54;24;14;3.80;3;2;1;56;0;5006414;127;5005634
11;19;78;13;54;24;77;3.60;1;1;1;58;0;5006477;1820;0
11;19;78;13;54;24;66;3.80;4;2;1;39;0;5006466;81;0
11;19;78;13;54;26;7;3.60;3;2;1;53;0;5006607;168;5005634
11;19;78;13;54;26;51;4.40;4;2;1;43;0;5006651;149;5005634
11;19;78;13;54;27;49;3.80;3;2;1;51;0;5006749;117;5005634
11;19;78;13;54;27;42;12.40;1;1;3;61;0;5006742;242;0
11;19;78;13;54;28;0;4.00;4;2;1;44;0;5006800;112;5006118
11;19;78;13;54;28;29;3.40;2;1;1;55;0;5006829;4030;0
11;19;78;13;54;28;54;5.40;3;2;2;58;0;5006854;78;5005634
11;19;78;13;54;29;9;3.80;1;1;1;62;0;5006909;93;5005634
11;19;78;13;54;29;3;4.00;2;1;1;51;0;5006903;51;5005634
11;19;78;13;54;29;46;3.80;4;2;1;44;0;5006946;113;5006118
11;19;78;13;54;30;18;3.60;2;1;1;51;0;5007018;86;5006118
11;19;78;13;54;30;87;3.60;1;1;1;68;0;5007087;155;5006118
11;19;78;13;54;30;84;3.80;3;2;1;58;0;5007084;196;5005634
11;19;78;13;54;30;83;3.00;4;2;1;45;0;5007083;105;5006118
11;19;78;13;54;31;52;4.20;1;1;1;58;0;5007152;45;5006118
11;19;78;13;54;32;24;3.20;3;2;1;60;0;5007224;116;5005634
11;19;78;13;54;32;75;3.40;2;1;1;58;0;5007275;231;0
11;19;78;13;54;32;88;3.60;1;1;1;60;0;5007288;109;5006742
11;19;78;13;54;32;82;4.20;4;2;1;50;0;5007282;175;5006118
11;19;78;13;54;34;67;3.60;4;2;1;53;0;5007467;154;5006118
11;19;78;13;54;35;36;3.60;2;1;1;59;0;5007536;239;0
11;19;78;13;54;36;8;3.40;1;1;1;56;0;5007608;298;0
11;19;78;13;54;36;48;3.40;2;1;1;56;0;5007648;90;0
11;19;78;13;54;37;57;3.60;2;1;1;57;0;5007757;87;0
11;19;78;13;54;38;15;4.00;1;1;1;56;0;5007815;185;0
11;19;78;13;54;38;92;3.40;4;2;1;57;0;5007892;400;0
11;19;78;13;54;39;3;4.00;3;2;1;64;0;5007903;659;0
11;19;78;13;54;40;59;4.40;4;2;1;52;0;5008059;145;0
11;19;78;13;54;41;88;5.20;1;1;1;51;0;5008188;347;0
11;19;78;13;54;42;81;5.60;1;1;1;51;0;5008281;56;0
11;19;78;13;54;43;61;4.00;2;1;1;59;0;5008361;581;0
11;19;78;13;54;44;8;3.60;4;2;1;54;0;5008408;318;0
11;19;78;13;54;44;28;4.40;1;1;1;50;0;5008428;107;0
11;19;78;13;54;44;60;4.40;2;1;1;58;0;5008460;74;0
11;19;78;13;54;45;67;3.60;1;1;1;49;0;5008567;107;0
11;19;78;13;54;47;55;3.20;1;1;1;49;0;5008755;161;5008188
11;19;78;13;54;49;19;4.00;1;1;1;49;0;5008919;140;5008188
11;19;78;13;54;50;21;3.80;1;1;1;49;0;5009021;72;5008188
11;19;78;13;54;51;76;3.40;1;1;1;45;0;5009176;127;5008188
11;19;78;13;54;53;69;3.60;2;1;1;58;0;5009369;881;0
11;19;78;13;54;53;0;19.60;4;2;5;53;0;5009300;868;0
11;19;78;13;54;54;87;3.60;2;1;1;55;0;5009487;95;0
11;19;78;13;54;55;68;3.20;4;2;1;53;0;5009568;134;0
11;19;78;13;54;56;23;3.80;2;1;1;55;0;5009623;112;0
11;19;78;13;54;58;69;3.60;1;1;1;58;0;5009869;665;0
11;19;78;13;55;1;56;3.00;1;1;1;59;0;5010156;264;0
11;19;78;13;55;2;68;4.60;1;1;1;59;0;5010268;93;0
11;19;78;13;55;4;46;3.80;1;1;1;59;0;5010446;149;0
11;19;78;13;55;7;24;3.60;4;2;1;68;0;5010724;1134;0
11;19;78;13;55;7;92;3.20;2;1;1;65;0;5010792;1144;0
11;19;78;13;55;7;84;3.80;1;1;1;62;0;5010784;314;0
11;19;78;13;55;9;15;3.00;1;1;1;62;0;5010915;108;0
11;19;78;13;55;12;15;4.00;2;1;1;58;0;5011215;405;0
11;19;78;13;55;12;28;11.80;1;1;2;58;0;5011228;295;0
11;19;78;13;55;16;26;5.20;1;1;1;57;0;5011626;324;0
11;19;78;13;55;17;21;3.80;2;1;1;57;0;5011721;481;0
11;19;78;13;55;18;22;3.40;4;2;1;56;0;5011822;1078;0
11;19;78;13;55;18;61;3.20;1;1;1;54;0;5011861;202;0
11;19;78;13;55;19;46;4.00;4;2;1;56;0;5011946;102;0
11;19;78;13;55;20;25;3.20;3;2;1;58;0;5012025;4099;0
11;19;78;13;55;20;64;3.60;1;1;1;53;0;5012064;181;0
11;19;78;13;55;21;40;3.60;3;2;1;59;0;5012140;95;0
11;19;78;13;55;22;77;3.80;2;1;1;58;0;5012277;532;0
11;19;78;13;55;23;58;3.00;3;2;1;57;0;5012358;196;0
11;19;78;13;55;24;77;3.80;4;2;1;58;0;5012477;505;0
11;19;78;13;55;25;45;3.60;3;2;1;56;0;5012545;168;0
11;19;78;13;55;26;11;3.20;1;1;1;50;0;5012611;522;0
11;19;78;13;55;26;64;3.60;4;2;1;57;0;5012664;163;0
11;19;78;13;55;27;17;3.20;3;2;1;56;0;5012717;148;5012025
11;19;78;13;55;28;17;3.20;4;2;1;57;0;5012817;130;5012025
11;19;78;13;55;29;36;3.00;1;1;1;61;0;5012936;301;0
11;19;78;13;55;35;57;6.00;3;2;1;62;0;5013557;819;0
11;19;78;13;55;37;15;3.20;4;2;1;57;0;5013715;877;0
11;19;78;13;55;48;23;3.40;3;2;1;65;0;5014823;1231;0
11;19;78;13;55;48;94;3.60;4;2;1;59;0;5014894;1158;0
11;19;78;13;55;51;75;3.40;4;2;1;61;0;5015175;259;0
11;19;78;13;55;52;59;3.80;4;2;1;58;0;5015259;63;0
11;19;78;13;55;57;51;3.40;3;2;1;59;0;5015751;909;0
11;19;78;13;55;58;41;3.40;3;2;1;59;0;5015841;69;0
11;19;78;13;55;58;43;3.20;4;2;1;54;0;5015843;560;0
11;19;78;13;55;59;50;4.80;3;2;1;59;0;5015950;88;0
11;19;78;13;55;59;46;3.60;4;2;1;52;0;5015946;81;0
11;19;78;13;56;0;56;3.60;4;2;1;53;0;5016056;85;0
11;19;78;13;56;1;29;4.00;3;2;1;59;0;5016129;149;0
11;19;78;13;56;2;13;3.20;3;2;1;56;0;5016213;59;5015751
11;19;78;13;56;1;94;6.40;4;2;1;53;0;5016194;113;5015751
11;19;78;13;56;3;47;3.80;3;2;1;54;0;5016347;113;5015751
11;19;78;13;56;4;52;3.60;1;1;1;57;0;5016452;3498;0
11;19;78;13;56;4;31;7.00;4;2;1;53;0;5016431;193;5015843
11;19;78;13;56;4;83;3.40;3;2;1;55;0;5016483;110;5015751
11;19;78;13;56;6;12;4.00;2;1;1;56;0;5016612;4311;0
11;19;78;13;56;6;27;4.60;3;2;1;59;0;5016627;121;5015751
11;19;78;13;56;6;54;3.60;4;2;1;54;0;5016654;175;5015843
11;19;78;13;56;6;93;3.40;1;1;1;55;0;5016693;218;0
11;19;78;13;56;7;82;4.60;2;1;1;55;0;5016782;144;0
11;19;78;13;56;8;9;3.20;3;2;1;59;0;5016809;153;5015751
11;19;78;13;56;8;20;3.40;4;2;1;55;0;5016820;142;5015843
11;19;78;13;56;9;71;3.60;4;2;1;55;0;5016971;128;5015843
11;19;78;13;56;9;81;3.40;1;1;1;63;0;5016981;265;0
11;19;78;13;56;10;6;4.20;2;1;1;54;0;5017006;193;0
11;19;78;13;56;10;66;4.00;3;2;1;58;0;5017066;237;0
11;19;78;13;56;11;22;3.40;1;1;1;60;0;5017122;121;0
11;19;78;13;56;11;57;8.60;2;1;2;57;0;5017157;123;0
11;19;78;13;56;12;10;3.20;4;2;1;57;0;5017210;215;0
11;19;78;13;56;12;19;3.40;3;2;1;60;0;5017219;128;0
11;19;78;13;56;13;27;3.80;1;1;1;58;0;5017327;184;0
11;19;78;13;56;14;2;3.20;2;1;1;55;0;5017402;190;5016612
11;19;78;13;56;14;28;3.60;4;2;1;54;0;5017428;197;5016612
11;19;78;13;56;15;48;4.00;2;1;1;53;0;5017548;125;5016612
11;19;78;13;56;15;63;3.40;1;1;1;56;0;5017563;212;0
11;19;78;13;56;15;95;3.60;4;2;1;57;0;5017595;143;0
11;19;78;13;56;17;14;3.40;1;1;1;54;0;5017714;129;0
11;19;78;13;56;18;20;3.80;1;1;1;55;0;5017820;83;0
11;19;78;13;56;19;31;8.40;4;2;2;55;0;5017931;313;0
11;19;78;13;56;19;78;3.20;1;1;1;55;0;5017978;133;0
11;19;78;13;56;23;11;2.80;1;1;1;50;0;5018311;312;0
11;19;78;13;56;24;20;4.00;1;1;1;49;0;5018420;88;0
11;19;78;13;56;26;32;3.40;1;1;1;50;0;5018632;182;0
11;19;78;13;56;27;66;3.20;2;1;1;56;0;5018766;1190;0
11;19;78;13;56;27;71;3.40;1;1;1;48;0;5018771;114;0
11;19;78;13;56;28;63;3.40;2;1;1;55;0;5018863;76;0
11;19;78;13;56;29;27;3.40;1;1;1;47;0;5018927;130;5018311
11;19;78;13;56;29;99;4.00;2;1;1;54;0;5018999;113;5018311
11;19;78;13;56;31;91;3.80;4;2;1;66;0;5019191;1205;0
11;19;78;13;56;33;36;3.60;2;1;1;52;0;5019336;310;0
11;19;78;13;56;34;54;4.00;1;1;1;52;0;5019454;500;0
11;19;78;13;56;35;76;3.20;2;1;1;57;0;5019576;215;0
11;19;78;13;56;36;50;14.20;1;1;3;58;0;5019650;168;0
11;19;78;13;56;37;60;4.80;2;1;1;59;0;5019760;163;0
11;19;78;13;56;39;36;4.20;1;1;1;55;0;5019936;197;0
11;19;78;13;56;40;44;3.60;2;1;1;60;0;5020044;254;0
11;19;78;13;56;40;64;9.80;1;1;2;57;0;5020064;100;0
11;19;78;13;56;41;21;3.40;2;1;1;63;0;5020121;55;0
11;19;78;13;56;45;12;6.00;1;1;1;54;0;5020512;386;0
11;19;78;13;56;49;55;12.40;1;1;3;49;0;5020955;403;0
11;19;78;13;56;53;46;3.00;1;1;1;52;0;5021346;299;0
11;19;78;13;56;55;17;3.80;2;1;1;56;0;5021517;1376;0
11;19;78;13;56;55;51;3.60;4;2;1;59;0;5021551;2339;0
11;19;78;13;56;56;42;3.60;1;1;1;54;0;5021642;275;0
11;19;78;13;56;57;28;3.60;3;2;1;70;0;5021728;4488;0
11;19;78;13;56;57;66;3.40;4;2;1;66;0;5021766;193;0
11;19;78;13;56;58;49;3.60;3;2;1;62;0;5021849;102;0
11;19;78;13;56;58;83;3.40;2;1;1;61;0;5021883;341;0
11;19;78;13;57;1;57;6.60;4;2;2;60;0;5022157;372;0
11;19;78;13;57;2;17;3.20;1;1;1;57;0;5022217;551;0
11;19;78;13;57;2;40;3.60;3;2;1;63;0;5022240;370;0
11;19;78;13;57;4;7;4.60;1;1;1;55;0;5022407;169;0
11;19;78;13;57;7;63;3.60;1;1;1;55;0;5022763;325;0
11;19;78;13;57;8;66;3.80;4;2;1;51;0;5022866;669;0
11;19;78;13;57;10;78;3.40;4;2;1;49;0;5023078;185;0
11;19;78;13;57;13;90;4.00;3;2;1;64;0;5023390;1129;0
11;19;78;13;57;14;11;3.80;4;2;1;57;0;5023411;308;0
11;19;78;13;57;17;48;3.60;4;2;1;58;0;5023748;313;0
11;19;78;13;57;25;10;3.60;3;2;1;68;0;5024510;1097;0
11;19;78;13;57;25;33;4.80;4;2;1;63;0;5024533;762;0
11;19;78;13;57;26;16;4.00;3;2;1;61;0;5024616;86;0
11;19;78;13;57;26;72;3.60;4;2;1;61;0;5024672;111;0
11;19;78;13;57;30;50;3.80;4;2;1;61;0;5025050;356;0
11;19;78;13;57;30;60;5.20;3;2;1;67;0;5025060;420;0
11;19;78;13;57;32;29;3.80;3;2;1;59;0;5025229;141;0
11;19;78;13;57;33;17;3.60;4;2;1;57;0;5025317;244;0
11;19;78;13;57;33;30;3.80;3;2;1;59;0;5025330;77;0
11;19;78;13;57;34;61;3.60;4;2;1;56;0;5025461;121;0
11;19;78;13;57;36;99;3.20;4;2;1;53;0;5025699;214;0
11;19;78;13;57;37;84;5.00;3;2;1;66;0;5025784;430;0
11;19;78;13;57;38;9;3.20;4;2;1;52;0;5025809;88;0
11;19;78;13;57;39;27;4.00;4;2;1;54;0;5025927;95;0
11;19;78;13;57;40;65;2.80;4;2;1;55;0;5026065;111;0
11;19;78;13;57;41;66;3.80;3;2;1;62;0;5026166;354;0
11;19;78;13;57;41;92;3.80;4;2;1;57;0;5026192;108;5025699
11;19;78;13;57;43;14;3.40;1;1;1;62;0;5026314;3527;0
11;19;78;13;57;43;15;3.80;4;2;1;56;0;5026315;99;5025699
11;19;78;13;57;43;54;5.20;3;2;1;57;0;5026354;165;5025699
11;19;78;13;57;44;51;4.00;1;1;1;60;0;5026451;117;5025699
11;19;78;13;57;44;85;5.00;4;2;1;56;0;5026485;145;5025699
11;19;78;13;57;46;8;3.40;1;1;1;57;0;5026608;133;5025699
11;19;78;13;57;46;7;4.20;3;2;1;58;0;5026607;220;0
11;19;78;13;57;46;53;3.60;4;2;1;54;0;5026653;135;5025699
11;19;78;13;57;48;28;3.40;4;2;1;56;0;5026828;151;5025699
11;19;78;13;57;48;38;3.40;3;2;1;57;0;5026838;204;0
11;19;78;13;57;49;89;3.80;3;2;1;60;0;5026989;129;0
11;19;78;13;57;50;31;3.40;4;2;1;55;0;5027031;181;5025699
11;19;78;13;57;51;45;3.80;4;2;1;56;0;5027145;91;5025699
11;19;78;13;57;51;86;3.20;3;2;1;61;0;5027186;174;5025699
11;19;78;13;57;53;16;4.00;4;2;1;59;0;5027316;146;5025699
11;19;78;13;57;53;63;3.40;3;2;1;59;0;5027363;158;5025699
11;19;78;13;57;54;92;6.00;3;2;1;57;0;5027492;108;5026838
11;19;78;13;57;56;16;3.60;1;1;1;59;0;5027616;986;0
11;19;78;13;57;56;44;3.60;2;1;1;57;0;5027644;5740;0
11;19;78;13;57;56;90;4.80;4;2;1;53;0;5027690;349;0
11;19;78;13;57;57;94;4.40;4;2;1;53;0;5027794;71;0
11;19;78;13;57;58;10;4.20;3;2;1;57;0;5027810;280;0
11;19;78;13;57;58;49;3.60;1;1;1;57;0;5027849;211;0
11;19;78;13;57;59;66;3.60;1;1;1;53;0;5027966;94;0
11;19;78;13;57;59;94;3.80;4;2;1;55;0;5027994;170;0
11;19;78;13;57;59;92;3.60;2;1;1;59;0;5027992;325;0
11;19;78;13;58;0;27;4.60;3;2;1;52;0;5028027;190;0
11;19;78;13;58;0;91;3.80;1;1;1;55;0;5028091;100;0
11;19;78;13;58;1;94;4.40;2;1;1;57;0;5028194;180;0
11;19;78;13;58;2;53;3.60;3;2;1;54;0;5028253;194;0
11;19;78;13;58;2;74;3.40;1;1;1;55;0;5028274;158;0
11;19;78;13;58;3;12;3.80;2;1;1;54;0;5028312;90;0
11;19;78;13;58;3;54;3.40;4;2;1;53;0;5028354;335;0
11;19;78;13;58;3;92;4.60;2;1;1;53;0;5028392;54;0
11;19;78;13;58;4;22;4.20;1;1;1;55;0;5028422;125;5027849
11;19;78;13;58;7;95;3.20;1;1;1;52;0;5028795;345;0
11;19;78;13;58;9;0;5.00;1;1;1;51;0;5028900;82;0
11;19;78;13;58;9;60;3.40;2;1;1;50;0;5028960;536;0
11;19;78;13;58;10;52;3.60;2;1;1;48;0;5029052;67;0
11;19;78;13;58;11;0;3.80;1;1;1;51;0;5029100;164;0
11;19;78;13;58;11;98;3.80;2;1;1;49;0;5029198;119;0
11;19;78;13;58;13;34;3.60;1;1;1;49;0;5029334;207;0
11;19;78;13;58;13;82;3.20;2;1;1;50;0;5029382;156;0
11;19;78;13;58;15;40;3.60;1;1;1;46;0;5029540;179;0
11;19;78;13;58;15;61;3.80;2;1;1;49;0;5029561;155;5028960
11;19;78;13;58;19;8;4.20;2;1;1;50;0;5029908;319;0
11;19;78;13;58;19;36;3.60;1;1;1;51;0;5029936;367;0
11;19;78;13;58;20;26;3.80;2;1;1;55;0;5030026;87;0
11;19;78;13;58;20;48;3.80;4;2;1;60;0;5030048;1670;0
11;19;78;13;58;20;52;3.80;1;1;1;49;0;5030052;90;0
11;19;78;13;58;22;25;3.40;1;1;1;48;0;5030225;145;0
11;19;78;13;58;22;30;3.60;2;1;1;51;0;5030230;179;0
11;19;78;13;58;24;24;3.00;1;1;1;46;0;5030424;173;0
11;19;78;13;58;24;50;3.80;4;2;1;64;0;5030450;379;0
11;19;78;13;58;25;12;3.60;2;1;1;48;0;5030512;256;0
11;19;78;13;58;25;51;3.80;1;1;1;42;0;5030551;103;5029936
11;19;78;13;58;27;5;3.60;2;1;1;44;0;5030705;166;5029936
11;19;78;13;58;27;9;3.60;1;1;1;42;0;5030709;125;5029936
11;19;78;13;58;28;23;3.20;2;1;1;46;0;5030823;88;5029936
11;19;78;13;58;28;24;3.80;1;1;1;41;0;5030824;84;5029936
11;19;78;13;58;29;47;4.00;2;1;1;50;0;5030947;98;5029936
11;19;78;13;58;30;86;9.20;2;1;2;47;0;5031086;110;5030512
11;19;78;13;58;32;29;3.40;1;1;1;47;0;5031229;371;0
11;19;78;13;58;32;48;3.60;2;1;1;45;0;5031248;91;5030512
11;19;78;13;58;33;66;3.40;2;1;1;46;0;5031366;89;5030512
11;19;78;13;58;35;70;3.40;2;1;1;46;0;5031570;177;5030512
11;19;78;13;58;36;8;3.00;1;1;1;44;0;5031608;352;0
11;19;78;13;58;37;41;3.20;1;1;1;44;0;5031741;108;0
11;19;78;13;58;39;20;3.60;1;1;1;44;0;5031920;152;0
11;19;78;13;58;40;90;3.00;4;2;1;57;0;5032090;1618;0
11;19;78;13;58;42;26;3.80;1;1;1;50;0;5032226;276;0
11;19;78;13;58;44;40;3.40;3;2;1;64;0;5032440;4163;0
11;19;78;13;58;45;59;3.80;4;2;1;57;0;5032559;450;0
11;19;78;13;58;46;2;3.60;3;2;1;58;0;5032602;142;0
11;19;78;13;58;47;25;4.00;1;1;1;51;0;5032725;471;0
11;19;78;13;58;47;42;3.40;3;2;1;58;0;5032742;117;0
11;19;78;13;58;48;75;4.60;3;2;1;55;0;5032875;111;0
11;19;78;13;58;49;47;3.20;4;2;1;55;0;5032947;364;0
11;19;78;13;58;49;68;3.60;1;1;1;42;0;5032968;214;0
11;19;78;13;58;49;87;3.80;3;2;1;56;0;5032987;81;5032440
11;19;78;13;58;51;21;3.40;3;2;1;56;0;5033121;109;5032440
11;19;78;13;58;51;38;5.00;1;1;1;43;0;5033138;139;5032440
11;19;78;13;58;52;49;3.80;4;2;1;57;0;5033249;281;0
11;19;78;13;58;54;37;3.40;4;2;1;52;0;5033437;164;0
11;19;78;13;58;54;86;3.60;3;2;1;50;0;5033486;343;0
11;19;78;13;59;0;10;3.20;4;2;1;57;0;5034010;549;0
11;19;78;13;59;2;30;3.60;4;2;1;59;0;5034230;199;0
11;19;78;13;59;7;16;4.00;4;2;1;65;0;5034716;464;0
11;19;78;13;59;7;49;4.40;3;2;1;71;0;5034749;1237;0
11;19;78;13;59;8;87;3.80;3;2;1;64;0;5034887;115;0
11;19;78;13;59;10;61;3.60;4;2;1;60;0;5035061;322;0
11;19;78;13;59;13;21;6.20;4;2;1;59;0;5035321;238;0
11;19;78;13;59;14;55;3.80;3;2;1;61;0;5035455;546;0
11;19;78;13;59;15;16;3.40;4;2;1;55;0;5035516;157;0
11;19;78;13;59;15;92;4.00;3;2;1;60;0;5035592;114;0
11;19;78;13;59;17;1;3.60;4;2;1;54;0;5035701;162;0
11;19;78;13;59;18;50;5.20;4;2;1;56;0;5035850;125;0
11;19;78;13;59;20;12;3.80;4;2;1;57;0;5036012;128;5035321
11;19;78;13;59;22;18;3.80;4;2;1;57;0;5036218;182;5035321
11;19;78;13;59;22;52;4.00;3;2;1;55;0;5036252;636;0
11;19;78;13;59;23;64;3.20;4;2;1;55;0;5036364;122;5035321
11;19;78;13;59;25;9;3.40;4;2;1;57;0;5036509;124;5035321
11;19;78;13;59;24;44;15.60;3;2;4;54;0;5036444;165;5035321
11;19;78;13;59;26;93;3.80;4;2;1;56;0;5036693;162;5035321
11;19;78;13;59;28;30;3.60;3;2;1;53;0;5036830;282;0
11;19;78;13;59;28;88;10.00;4;2;2;55;0;5036888;170;5035321
11;19;78;13;59;30;81;3.60;3;2;1;56;0;5037081;226;0
11;19;78;13;59;31;40;4.00;4;2;1;52;0;5037140;186;5035321
11;19;78;13;59;32;7;3.80;3;2;1;56;0;5037207;102;5035321
11;19;78;13;59;32;95;3.20;2;1;1;52;0;5037295;5698;0
11;19;78;13;59;33;79;3.20;4;2;1;55;0;5037379;211;0
11;19;78;13;59;34;30;4.80;3;2;1;57;0;5037430;198;0
11;19;78;13;59;35;81;3.60;3;2;1;52;0;5037581;120;0
11;19;78;13;59;35;98;4.00;2;1;1;57;0;5037598;280;0
11;19;78;13;59;36;23;3.80;4;2;1;49;0;5037623;223;0
11;19;78;13;59;36;92;4.00;3;2;1;56;0;5037692;86;5037081
11;19;78;13;59;37;74;3.60;2;1;1;52;0;5037774;150;5037081
11;19;78;13;59;38;27;3.20;4;2;1;49;0;5037827;176;5037081
11;19;78;13;59;38;34;3.60;3;2;1;57;0;5037834;116;5037081
11;19;78;13;59;38;95;3.80;2;1;1;50;0;5037895;96;5037081
11;19;78;13;59;39;2;3.60;1;1;1;59;0;5037902;4722;0
11;19;78;13;59;39;46;8.20;4;2;2;53;0;5037946;95;0
11;19;78;13;59;39;91;3.80;1;1;1;56;0;5037991;67;0
11;19;78;13;59;41;18;3.00;1;1;1;52;0;5038118;102;0
11;19;78;13;59;41;27;3.60;2;1;1;55;0;5038127;204;0
11;19;78;13;59;42;40;3.20;3;2;1;59;0;5038240;383;0
11;19;78;13;59;42;83;3.80;2;1;1;57;0;5038283;132;0
11;19;78;13;59;43;11;3.00;1;1;1;49;0;5038311;172;0
11;19;78;13;59;44;4;3.80;2;1;1;53;0;5038404;97;0
11;19;78;13;59;45;24;3.80;2;1;1;54;0;5038524;94;0
11;19;78;13;59;45;52;3.20;4;2;1;52;0;5038552;550;0
11;19;78;13;59;44;58;18.80;1;1;4;51;0;5038458;124;5037902
11;19;78;13;59;46;98;3.80;1;1;1;51;0;5038698;107;5037902
11;19;78;13;59;47;26;3.20;4;2;1;49;0;5038726;151;5037902
11;19;78;13;59;47;28;4.40;2;1;1;53;0;5038728;178;5038127
11;19;78;13;59;50;3;5.00;2;1;1;57;0;5039003;245;0
11;19;78;13;59;50;60;3.00;1;1;1;53;0;5039060;335;0
11;19;78;13;59;52;23;3.60;1;1;1;51;0;5039223;142;0
11;19;78;13;59;53;29;3.60;1;1;1;51;0;5039329;80;0
11;19;78;13;59;53;71;3.80;2;1;1;59;0;5039371;336;0
11;19;78;13;59;56;24;3.20;1;1;1;50;0;5039624;269;0
11;19;78;13;59;58;17;4.60;1;1;1;51;0;5039817;169;0
11;19;78;13;59;58;13;3.20;2;1;0;50;1;5039813;418;0
11;19;78;14;0;0;44;3.60;2;1;1;63;0;5040044;649;0
11;19;78;14;0;0;75;3.20;1;1;1;50;0;5040075;225;0
11;19;78;14;0;1;85;3.60;1;1;1;50;0;5040185;86;0
11;19;78;14;0;1;94;3.40;4;2;1;59;0;5040194;1444;0
11;19;78;14;0;3;52;4.60;1;1;1;47;0;5040352;141;0
11;19;78;14;0;4;5;3.80;4;2;1;63;0;5040405;190;0
11;19;78;14;0;6;97;3.40;2;1;1;58;0;5040697;632;0
11;19;78;14;0;10;36;4.00;2;1;1;57;0;5041036;317;0
11;19;78;14;0;11;89;3.40;2;1;1;55;0;5041189;127;0
11;19;78;14;0;12;65;3.40;2;1;1;53;0;5041265;53;0
11;19;78;14;0;14;25;3.20;4;2;1;64;0;5041425;998;0
11;19;78;14;0;18;85;3.60;4;2;1;62;0;5041885;442;0
11;19;78;14;0;19;45;3.60;3;2;1;64;0;5041945;3685;0
11;19;78;14;0;20;16;3.80;1;1;1;56;0;5042016;1628;0
11;19;78;14;0;20;38;3.20;4;2;1;61;0;5042038;132;0
11;19;78;14;0;22;13;3.80;3;2;1;64;0;5042213;247;0
11;19;78;14;0;22;93;3.60;2;1;1;55;0;5042293;1004;0
11;19;78;14;0;25;83;3.20;2;1;1;58;0;5042583;266;0
11;19;78;14;0;26;27;6.60;1;1;1;64;0;5042627;586;0
11;19;78;14;0;26;55;3.20;3;2;1;59;0;5042655;420;0
11;19;78;14;0;29;37;3.80;1;1;1;59;0;5042937;272;0
11;19;78;14;0;29;93;3.80;3;2;1;60;0;5042993;318;0
11;19;78;14;0;31;29;3.80;4;2;1;58;0;5043129;1072;0
11;19;78;14;0;46;3;3.40;4;2;1;59;0;5044603;1450;0
11;19;78;14;0;49;13;3.40;4;2;1;59;0;5044913;289;0
11;19;78;14;0;49;22;3.40;3;2;1;62;0;5044922;1906;0
11;19;78;14;0;50;81;3.00;3;2;1;61;0;5045081;139;0
11;19;78;14;0;50;77;3.40;4;2;1;58;0;5045077;143;0
11;19;78;14;0;51;93;3.40;3;2;1;60;0;5045193;94;0
11;19;78;14;0;52;65;3.60;4;2;1;59;0;5045265;166;0
11;19;78;14;0;53;60;3.60;3;2;1;59;0;5045360;146;0
11;19;78;14;0;54;26;3.60;2;1;1;51;0;5045426;2823;0
11;19;78;14;0;54;53;3.20;4;2;1;54;0;5045453;166;0
11;19;78;14;0;55;20;4.60;3;2;1;58;0;5045520;138;5044922
11;19;78;14;0;56;55;3.80;4;2;1;55;0;5045655;180;5044913
11;19;78;14;0;57;61;3.40;4;2;1;57;0;5045761;81;5044913
11;19;78;14;0;58;82;4.00;3;2;1;61;0;5045882;333;0
11;19;78;14;0;58;96;3.80;4;2;1;56;0;5045896;113;5044913
11;19;78;14;1;0;90;3.60;3;2;1;55;0;5046090;184;5044913
11;19;78;14;1;1;95;3.40;4;2;1;51;0;5046195;274;0
11;19;78;14;1;4;4;4.20;4;2;1;58;0;5046404;185;0
11;19;78;14;1;4;55;3.80;1;1;1;60;0;5046455;3494;0
11;19;78;14;1;5;30;3.80;3;2;1;57;0;5046530;416;0
11;19;78;14;1;5;77;3.40;1;1;1;57;0;5046577;99;0
11;19;78;14;1;6;58;5.00;4;2;1;56;0;5046658;227;0
11;19;78;14;1;6;68;6.60;3;2;1;57;0;5046668;114;0
11;19;78;14;1;7;51;3.20;1;1;1;57;0;5046751;152;0
11;19;78;14;1;8;7;3.80;3;2;1;57;0;5046807;97;0
11;19;78;14;1;8;56;4.20;4;2;1;56;0;5046856;165;0
11;19;78;14;1;9;74;3.60;3;2;1;55;0;5046974;143;0
11;19;78;14;1;9;68;3.60;1;1;1;56;0;5046968;196;0
11;19;78;14;1;11;1;3.60;3;2;1;54;0;5047101;103;5046530
11;19;78;14;1;13;8;5.20;3;2;1;64;0;5047308;183;5046530
11;19;78;14;1;13;56;3.00;4;2;1;55;0;5047356;473;0
11;19;78;14;1;14;26;9.60;1;1;2;53;0;5047426;434;0
11;19;78;14;1;16;3;6.60;2;1;1;57;0;5047603;2151;0
11;19;78;14;1;16;61;3.40;3;2;1;57;0;5047661;323;0
11;19;78;14;1;16;69;4.40;1;1;1;54;0;5047669;177;0
11;19;78;14;1;17;61;3.80;2;1;1;56;0;5047761;116;0
11;19;78;14;1;18;79;4.80;3;2;1;55;0;5047879;196;0
11;19;78;14;1;19;33;3.60;2;1;1;62;0;5047933;147;0
11;19;78;14;1;19;54;5.00;4;2;1;65;0;5047954;578;0
11;19;78;14;1;20;39;3.60;3;2;1;59;0;5048039;128;0
11;19;78;14;1;22;25;4.40;3;2;1;57;0;5048225;164;0
11;19;78;14;1;23;9;3.60;1;1;1;57;0;5048309;610;0
11;19;78;14;1;23;1;10.40;4;2;2;57;0;5048301;319;0
11;19;78;14;1;23;57;3.60;3;2;1;59;0;5048357;104;5047661
11;19;78;14;1;25;7;3.40;3;2;1;57;0;5048507;128;5047661
11;19;78;14;1;26;54;3.80;1;1;1;58;0;5048654;322;0
11;19;78;14;1;26;66;16.20;4;2;4;51;0;5048666;299;0
11;19;78;14;1;27;88;3.80;1;1;1;56;0;5048788;110;0
11;19;78;14;1;28;55;3.40;3;2;1;49;0;5048855;326;0
11;19;78;14;1;29;33;8.40;4;2;2;51;0;5048933;152;0
11;19;78;14;1;31;8;4.20;1;1;1;66;0;5049108;295;0
11;19;78;14;1;32;6;5.20;4;2;1;52;0;5049206;213;0
11;19;78;14;1;34;88;3.20;4;2;1;51;0;5049488;246;0
11;19;78;14;1;38;80;2.80;1;1;1;57;0;5049880;749;0
11;19;78;14;1;39;31;11.20;4;2;3;49;0;5049931;420;0
11;19;78;14;1;41;35;3.40;2;1;1;59;0;5050135;2181;0
11;19;78;14;1;44;20;14.40;1;1;4;54;0;5050420;522;0
11;19;78;14;1;46;36;3.60;2;1;1;55;0;5050636;480;0
11;19;78;14;1;50;39;3.00;2;1;1;45;0;5051039;379;0
11;19;78;14;1;50;77;3.80;1;1;1;53;0;5051077;561;0
11;19;78;14;1;52;62;3.20;2;1;1;51;0;5051262;199;0
11;19;78;14;1;53;86;3.20;3;2;1;65;0;5051386;2506;0
11;19;78;14;1;57;28;4.00;3;2;1;59;0;5051728;324;0
11;19;78;14;1;59;28;3.40;1;1;1;55;0;5051928;825;0
11;19;78;14;2;1;16;8.80;4;2;6;38;0;5052116;2102;0
11;19;78;14;2;2;5;3.80;2;1;1;55;0;5052205;920;0
11;19;78;14;2;4;61;7.20;3;2;1;57;0;5052461;708;0
11;19;78;14;2;9;90;3.20;3;2;1;68;0;5052990;483;0
11;19;78;14;2;10;2;5.80;1;1;1;58;0;5053002;1051;0
11;19;78;14;2;15;6;3.60;4;2;1;59;0;5053506;1306;0
11;19;78;14;2;18;65;3.00;3;2;1;59;0;5053865;858;0
11;19;78;14;2;18;65;8.20;4;2;2;60;0;5053865;337;0
11;19;78;14;2;22;57;3.80;4;2;1;57;0;5054257;342;0
11;19;78;14;2;33;80;12.60;4;2;3;53;0;5055380;1099;0
11;19;78;14;2;40;61;14.20;4;2;2;57;0;5056061;595;0
11;19;78;14;2;42;74;3.60;1;1;1;59;0;5056274;3236;0
11;19;78;14;2;43;40;3.80;2;1;1;53;0;5056340;4110;0
11;19;78;14;2;44;62;4.20;2;1;1;51;0;5056462;96;0
11;19;78;14;2;44;90;3.80;4;2;1;54;0;5056490;339;0
11;19;78;14;2;45;14;3.60;3;2;1;63;0;5056514;2630;0
11;19;78;14;2;46;55;3.60;4;2;1;52;0;5056655;139;0
11;19;78;14;2;47;34;3.80;3;2;1;61;0;5056734;199;0
11;19;78;14;2;48;74;3.80;2;1;1;53;0;5056874;382;0
11;19;78;14;2;49;55;4.00;4;2;1;60;0;5056955;275;0
11;19;78;14;2;49;73;4.00;3;2;1;60;0;5056973;216;0
11;19;78;14;2;50;41;3.20;2;1;1;53;0;5057041;141;0
11;19;78;14;2;50;33;6.20;1;1;1;60;0;5057033;737;0
11;19;78;14;2;50;70;3.40;3;2;1;57;0;5057070;73;0
11;19;78;14;2;51;86;4.80;2;1;1;53;0;5057186;123;0
11;19;78;14;2;52;54;3.60;4;2;1;57;0;5057254;275;0
11;19;78;14;2;53;19;3.20;2;1;1;51;0;5057319;100;0
11;19;78;14;2;53;95;3.40;3;2;1;60;0;5057395;303;0
11;19;78;14;2;54;30;3.20;4;2;1;58;0;5057430;153;0
11;19;78;14;2;54;42;3.60;1;1;1;50;0;5057442;371;0
11;19;78;14;2;55;69;3.80;3;2;1;58;0;5057569;153;0
11;19;78;14;2;55;78;3.20;1;1;1;48;0;5057578;110;0
11;19;78;14;2;56;78;3.80;4;2;1;55;0;5057678;228;0
11;19;78;14;2;57;67;3.60;1;1;1;50;0;5057767;165;0
11;19;78;14;2;58;5;3.60;3;2;1;57;0;5057805;212;0
11;19;78;14;2;58;12;4.60;4;2;1;54;0;5057812;109;0
11;19;78;14;3;0;15;3.80;4;2;1;53;0;5058015;172;0
11;19;78;14;3;2;71;3.80;3;2;1;53;0;5058271;443;0
11;19;78;14;3;2;68;5.00;4;2;1;55;0;5058268;227;0
11;19;78;14;3;3;88;3.80;3;2;1;53;0;5058388;91;0
11;19;78;14;3;4;17;4.20;4;2;1;52;0;5058417;116;0
11;19;78;14;3;5;67;3.80;1;1;1;51;0;5058567;774;0
11;19;78;14;3;5;78;3.60;3;2;1;53;0;5058578;164;0
11;19;78;14;3;6;91;3.80;3;2;1;56;0;5058691;88;0
11;19;78;14;3;7;55;4.20;4;2;1;57;0;5058755;308;0
11;19;78;14;3;8;8;4.40;3;2;1;56;0;5058808;92;5058271
11;19;78;14;3;8;62;3.40;4;2;1;58;0;5058862;80;5058271
11;19;78;14;3;9;26;3.20;1;1;1;68;0;5058926;332;0
11;19;78;14;3;9;18;3.60;3;2;1;56;0;5058918;81;5058271
11;19;78;14;3;10;45;4.60;3;2;1;57;0;5059045;103;5058271
11;19;78;14;3;11;7;3.60;4;2;1;58;0;5059107;223;0
11;19;78;14;3;11;79;3.40;3;2;1;57;0;5059179;104;5058271
11;19;78;14;3;12;18;3.20;1;1;1;48;0;5059218;275;0
11;19;78;14;3;12;85;3.60;2;1;1;58;0;5059285;1943;0
11;19;78;14;3;13;9;3.60;3;2;1;56;0;5059309;108;5058271
11;19;78;14;3;13;47;3.00;1;1;1;46;0;5059347;105;5058271
11;19;78;14;3;14;47;3.80;3;2;1;55;0;5059447;114;5058271
11;19;78;14;3;14;58;4.40;4;2;1;55;0;5059458;328;0
11;19;78;14;3;15;46;3.20;1;1;1;48;0;5059546;175;0
11;19;78;14;3;16;71;3.60;2;1;1;58;0;5059671;363;0
11;19;78;14;3;17;14;3.60;3;2;1;60;0;5059714;242;0
11;19;78;14;3;17;55;3.20;1;1;1;49;0;5059755;185;0
11;19;78;14;3;19;50;3.60;3;2;1;55;0;5059950;214;0
11;19;78;14;3;22;33;3.20;2;1;1;60;0;5060233;539;0
11;19;78;14;3;22;68;3.40;4;2;1;52;0;5060268;781;0
11;19;78;14;3;23;2;3.60;3;2;1;55;0;5060302;328;0
11;19;78;14;3;24;0;3.80;3;2;1;54;0;5060400;74;0
11;19;78;14;3;25;9;3.20;4;2;1;51;0;5060509;217;0
11;19;78;14;3;24;71;3.60;1;1;1;19;0;5060471;692;0
11;19;78;14;3;26;43;4.60;4;2;1;49;0;5060643;111;0
11;19;78;14;3;28;27;4.40;4;2;1;46;0;5060827;150;0
11;19;78;14;3;28;49;3.00;1;1;1;49;0;5060849;309;0
11;19;78;14;3;30;14;3.40;1;1;1;51;0;5061014;142;0
11;19;78;14;3;31;13;3.20;2;1;1;58;0;5061113;860;0
11;19;78;14;3;31;35;3.60;4;2;1;46;0;5061135;273;0
11;19;78;14;3;31;73;3.80;1;1;1;51;0;5061173;135;0
11;19;78;14;3;32;86;4.20;4;2;1;44;0;5061286;122;0
11;19;78;14;3;35;84;4.00;2;1;1;63;0;5061584;451;0
11;19;78;14;3;36;38;3.20;1;1;1;57;0;5061638;438;0
11;19;78;14;3;37;84;3.60;1;1;1;54;0;5061784;125;0
11;19;78;14;3;39;51;3.40;1;1;1;50;0;5061951;143;0
11;19;78;14;3;54;1;4.00;4;2;1;55;0;5063401;2080;0
11;19;78;14;3;59;55;3.80;4;2;1;61;0;5063955;527;0
11;19;78;14;4;2;39;4.00;4;2;1;62;0;5064239;261;0
11;19;78;14;4;2;50;4.00;1;1;1;55;0;5064250;2274;0
11;19;78;14;4;3;42;3.20;1;1;1;53;0;5064342;65;0
11;19;78;14;4;3;68;3.20;3;2;1;59;0;5064368;3942;0
11;19;78;14;4;5;53;3.60;3;2;1;60;0;5064553;165;0
11;19;78;14;4;6;56;4.40;4;2;1;58;0;5064656;393;0
11;19;78;14;4;7;38;4.80;1;1;1;63;0;5064738;374;0
11;19;78;14;4;8;8;3.60;3;2;1;56;0;5064808;233;0
11;19;78;14;4;8;80;3.80;4;2;1;61;0;5064880;196;0
11;19;78;14;4;10;2;3.60;2;1;1;60;0;5065002;3395;0
11;19;78;14;4;10;51;4.00;1;1;1;57;0;5065051;285;0
11;19;78;14;4;11;89;5.20;2;1;1;60;0;5065189;165;0
11;19;78;14;4;13;43;3.60;1;1;1;59;0;5065343;266;0
11;19;78;14;4;13;91;3.40;4;2;1;57;0;5065391;488;0
11;19;78;14;4;15;1;4.80;1;1;1;57;0;5065501;136;0
11;19;78;14;4;17;2;3.20;1;1;1;54;0;5065702;170;0
11;19;78;14;4;17;51;3.40;2;1;1;55;0;5065751;530;0
11;19;78;14;4;18;1;3.60;1;1;1;56;0;5065801;77;0
11;19;78;14;4;21;61;3.80;1;1;1;46;0;5066161;336;0
11;19;78;14;4;23;48;3.60;1;1;1;43;0;5066348;157;0
11;19;78;14;4;24;51;3.60;1;1;1;42;0;5066451;72;0
11;19;78;14;4;24;90;3.40;3;2;1;74;0;5066490;1658;0
11;19;78;14;4;24;91;3.80;4;2;1;71;0;5066491;1078;0
11;19;78;14;4;26;15;2.80;1;1;1;41;0;5066615;133;0
11;19;78;14;4;27;63;4.40;1;1;1;45;0;5066763;123;5066161
11;19;78;14;4;29;4;4.60;1;1;1;46;0;5066904;105;5066161
11;19;78;14;4;30;42;3.40;4;2;1;60;0;5067042;531;0
11;19;78;14;4;30;65;3.80;1;1;1;50;0;5067065;125;5066161
11;19;78;14;4;31;51;4.60;2;1;1;59;0;5067151;1377;0
11;19;78;14;4;31;95;3.60;1;1;1;52;0;5067195;102;5066161
11;19;78;14;4;32;93;3.40;3;2;1;64;0;5067293;786;0
11;19;78;14;4;33;87;3.40;4;2;1;57;0;5067387;324;0
11;19;78;14;4;34;56;3.80;2;1;1;56;0;5067456;276;0
11;19;78;14;4;34;70;5.20;1;1;1;47;0;5067470;250;0
11;19;78;14;4;34;99;3.80;4;2;1;55;0;5067499;90;0
11;19;78;14;4;35;19;3.80;3;2;1;61;0;5067519;206;0
11;19;78;14;4;35;89;3.80;4;2;1;56;0;5067589;65;0
11;19;78;14;4;36;37;3.60;1;1;1;42;0;5067637;127;0
11;19;78;14;4;37;91;3.20;4;2;1;57;0;5067791;177;0
11;19;78;14;4;38;22;3.00;1;1;1;41;0;5067822;154;0
11;19;78;14;4;39;23;3.60;3;2;1;54;0;5067923;381;0
11;19;78;14;4;39;44;3.60;1;1;1;41;0;5067944;95;0
11;19;78;14;4;39;70;4.80;4;2;1;56;0;5067970;158;5067387
11;19;78;14;4;40;50;4.40;3;2;1;55;0;5068050;103;5067387
11;19;78;14;4;40;50;3.40;1;1;1;38;0;5068050;74;5067470
11;19;78;14;4;41;98;3.80;3;2;1;56;0;5068198;119;5067470
11;19;78;14;4;42;16;3.60;1;1;1;38;0;5068216;133;5067470
11;19;78;14;4;42;53;4.00;4;2;1;59;0;5068253;252;0
11;19;78;14;4;43;54;3.40;2;1;1;61;0;5068354;873;0
11;19;78;14;4;44;42;3.60;1;1;1;43;0;5068442;191;5067470
11;19;78;14;4;45;0;3.80;3;2;1;58;0;5068500;277;0
11;19;78;14;4;46;60;3.80;2;1;1;60;0;5068660;285;0
11;19;78;14;4;47;50;3.40;3;2;1;62;0;5068750;226;0
11;19;78;14;4;48;3;5.20;4;2;1;52;0;5068803;525;0
11;19;78;14;4;48;31;3.20;3;2;1;60;0;5068831;61;0
11;19;78;14;4;48;37;3.60;1;1;1;50;0;5068837;364;0
11;19;78;14;4;49;25;3.40;4;2;1;52;0;5068925;86;0
11;19;78;14;4;49;44;4.60;3;2;1;62;0;5068944;93;0
11;19;78;14;4;50;20;3.60;1;1;1;52;0;5069020;157;0
11;19;78;14;4;50;36;3.00;4;2;1;52;0;5069036;87;0
11;19;78;14;4;51;58;3.40;4;2;1;51;0;5069158;101;0
11;19;78;14;4;51;87;3.80;1;1;1;53;0;5069187;142;0
11;19;78;14;4;52;36;4.80;3;2;1;59;0;5069236;265;0
11;19;78;14;4;52;37;3.40;4;2;1;48;0;5069237;55;5068803
11;19;78;14;4;53;98;4.60;2;1;1;58;0;5069398;715;0
11;19;78;14;4;54;28;3.60;3;2;1;61;0;5069428;162;0
11;19;78;14;4;54;68;4.00;1;1;1;60;0;5069468;255;0
11;19;78;14;4;54;83;4.00;4;2;1;52;0;5069483;220;0
11;19;78;14;4;55;73;3.80;3;2;1;61;0;5069573;123;0
11;19;78;14;4;55;90;3.80;1;1;1;58;0;5069590;98;0
11;19;78;14;4;56;70;4.20;3;2;1;61;0;5069670;74;0
11;19;78;14;4;57;17;4.20;4;2;1;53;0;5069717;206;0
11;19;78;14;4;57;75;4.00;1;1;1;54;0;5069775;161;0
11;19;78;14;4;58;72;5.00;4;2;1;53;0;5069872;126;0
11;19;78;14;5;0;60;3.60;4;2;1;53;0;5070060;154;0
11;19;78;14;5;2;90;3.60;4;2;1;52;0;5070290;205;0
11;19;78;14;5;4;36;4.40;3;2;1;51;0;5070436;741;0
11;19;78;14;5;4;63;3.20;4;2;1;48;0;5070463;148;0
11;19;78;14;5;6;1;3.80;3;2;1;52;0;5070601;133;0
11;19;78;14;5;5;98;3.20;4;2;1;48;0;5070598;111;0
11;19;78;14;5;7;29;4.40;3;2;1;52;0;5070729;101;0
11;19;78;14;5;8;28;3.80;4;2;1;48;0;5070828;206;0
11;19;78;14;5;8;35;3.80;3;2;1;50;0;5070835;75;0
11;19;78;14;5;9;95;3.20;4;2;1;48;0;5070995;138;0
11;19;78;14;5;11;4;3.80;3;2;1;49;0;5071104;241;0
11;19;78;14;5;12;56;3.40;1;1;1;64;0;5071256;1454;0
11;19;78;14;5;13;32;8.80;4;2;2;50;0;5071332;313;0
11;19;78;14;5;26;86;4.80;4;2;1;55;0;5072686;1290;0
11;19;78;14;5;28;34;3.40;4;2;1;55;0;5072834;116;0
11;19;78;14;5;30;56;3.60;4;2;1;57;0;5073056;199;0
11;19;78;14;5;30;95;3.80;3;2;1;62;0;5073095;1963;0
11;19;78;14;5;32;51;3.20;1;1;1;75;0;5073251;1975;0
11;19;78;14;5;40;45;3.60;1;1;1;59;0;5074045;778;0
11;19;78;14;5;43;84;3.40;3;2;1;56;0;5074384;1266;0
11;19;78;14;5;45;72;4.00;1;1;1;56;0;5074572;505;0
11;19;78;14;5;47;2;4.80;2;1;1;61;0;5074702;5275;0
11;19;78;14;5;47;0;5.20;4;2;1;60;0;5074700;1621;0
11;19;78;14;5;48;32;3.20;3;2;1;61;0;5074832;426;0
11;19;78;14;5;49;6;3.20;4;2;1;59;0;5074906;174;0
11;19;78;14;5;49;13;3.20;1;1;1;49;0;5074913;315;0
11;19;78;14;5;50;14;4.20;2;1;1;54;0;5075014;283;0
11;19;78;14;5;49;91;8.80;1;1;2;49;0;5074991;54;0
11;19;78;14;5;52;32;3.80;4;2;1;62;0;5075232;306;0
11;19;78;14;5;53;8;3.80;1;1;1;54;0;5075308;252;0
11;19;78;14;5;56;85;8.20;2;1;6;55;0;5075685;643;0
11;19;78;14;5;58;0;5.40;2;1;1;60;0;5075800;61;0
11;19;78;14;5;58;79;5.00;1;1;1;47;0;5075879;545;0
11;19;78;14;6;1;6;3.40;2;1;1;55;0;5076106;273;0
11;19;78;14;6;2;28;3.40;1;1;1;46;0;5076228;310;0
11;19;78;14;6;3;13;3.60;2;1;1;54;0;5076313;184;0
11;19;78;14;6;3;59;3.40;1;1;1;45;0;5076359;104;0
11;19;78;14;6;4;85;3.60;2;1;1;53;0;5076485;148;0
11;19;78;14;6;4;99;3.80;1;1;1;44;0;5076499;112;0
11;19;78;14;6;6;8;3.20;2;1;1;50;0;5076608;98;0
11;19;78;14;6;6;77;3.80;4;2;1;66;0;5076677;1422;0
11;19;78;14;6;6;77;3.80;1;1;1;44;0;5076677;146;0
11;19;78;14;6;8;2;3.60;1;1;1;44;0;5076802;93;5076228
11;19;78;14;6;8;14;4.40;2;1;1;47;0;5076814;182;5076106
11;19;78;14;6;9;41;8.20;1;1;2;41;0;5076941;109;5076228
11;19;78;14;6;10;88;3.20;1;1;1;42;0;5077088;75;5076228
11;19;78;14;6;11;72;3.20;4;2;1;64;0;5077172;474;0
11;19;78;14;6;12;34;3.20;2;1;1;50;0;5077234;386;0
11;19;78;14;6;12;55;3.00;3;2;1;63;0;5077255;2404;0
11;19;78;14;6;13;9;3.40;4;2;1;62;0;5077309;119;0
11;19;78;14;6;13;38;3.80;3;2;1;63;0;5077338;65;0
11;19;78;14;6;14;4;3.20;1;1;1;37;0;5077404;288;0
11;19;78;14;6;14;73;3.60;2;1;1;46;0;5077473;215;0
11;19;78;14;6;15;43;5.20;3;2;1;59;0;5077543;183;0
11;19;78;14;6;16;20;3.00;4;2;1;58;0;5077620;291;0
11;19;78;14;6;16;30;4.00;2;1;1;44;0;5077630;128;0
11;19;78;14;6;17;11;5.60;1;1;1;34;0;5077711;275;0
11;19;78;14;6;17;79;3.60;3;2;1;58;0;5077779;204;0
11;19;78;14;6;17;81;3.40;4;2;1;56;0;5077781;142;0
11;19;78;14;6;18;60;3.60;2;1;1;44;0;5077860;197;0
11;19;78;14;6;19;39;3.60;3;2;1;59;0;5077939;137;0
11;19;78;14;6;19;2;3.80;1;1;1;33;0;5077902;131;0
11;19;78;14;6;20;19;3.80;2;1;1;41;0;5078019;129;0
11;19;78;14;6;20;70;3.20;4;2;1;53;0;5078070;267;0
11;19;78;14;6;20;99;4.60;1;1;1;33;0;5078099;155;0
11;19;78;14;6;21;66;4.80;3;2;1;60;0;5078166;205;0
11;19;78;14;6;22;14;3.40;4;2;1;52;0;5078214;122;0
11;19;78;14;6;22;12;4.00;2;1;1;42;0;5078212;159;5077473
11;19;78;14;6;22;40;3.60;1;1;1;33;0;5078240;90;5077473
11;19;78;14;6;23;72;3.60;4;2;1;53;0;5078372;134;5077473
11;19;78;14;6;24;10;3.60;3;2;1;61;0;5078410;215;0
11;19;78;14;6;23;87;4.40;2;1;1;42;0;5078387;140;5077473
11;19;78;14;6;23;93;3.40;1;1;1;33;0;5078393;113;5077711
11;19;78;14;6;25;57;5.00;4;2;1;53;0;5078557;160;5077711
11;19;78;14;6;25;78;3.00;3;2;1;60;0;5078578;146;5077711
11;19;78;14;6;25;21;3.20;1;1;1;31;0;5078521;90;5077711
11;19;78;14;6;26;41;3.80;2;1;1;40;0;5078641;216;0
11;19;78;14;6;26;85;3.80;1;1;1;32;0;5078685;126;5077711
11;19;78;14;6;27;75;5.00;4;2;1;53;0;5078775;184;5078070
11;19;78;14;6;27;56;6.40;2;1;1;40;0;5078756;80;5078070
11;19;78;14;6;28;66;3.80;3;2;1;59;0;5078866;270;0
11;19;78;14;6;29;22;5.20;4;2;1;51;0;5078922;113;5078070
11;19;78;14;6;29;76;4.40;3;2;1;59;0;5078976;86;5078070
11;19;78;14;6;29;45;3.60;2;1;1;40;0;5078945;131;5078070
11;19;78;14;6;29;42;3.80;1;1;1;32;0;5078942;214;0
11;19;78;14;6;30;80;4.60;4;2;1;51;0;5079080;121;5078070
11;19;78;14;6;31;28;3.40;1;1;1;36;0;5079128;143;5078070
11;19;78;14;6;32;89;3.60;1;1;1;35;0;5079289;127;5078070
11;19;78;14;6;33;3;3.40;3;2;1;56;0;5079303;300;0
11;19;78;14;6;33;2;3.20;4;2;1;53;0;5079302;189;5078070
11;19;78;14;6;35;29;4.00;3;2;1;56;0;5079529;204;0
11;19;78;14;6;35;24;3.60;4;2;1;53;0;5079524;200;0
11;19;78;14;6;35;73;3.40;1;1;1;31;0;5079573;246;0
11;19;78;14;6;37;37;3.60;3;2;1;57;0;5079737;182;0
11;19;78;14;6;37;44;3.00;4;2;1;55;0;5079744;195;0
11;19;78;14;6;37;70;6.00;1;1;1;31;0;5079770;157;0
11;19;78;14;6;38;92;3.00;3;2;1;60;0;5079892;132;0
11;19;78;14;6;39;76;3.60;4;2;1;51;0;5079976;212;0
11;19;78;14;6;39;72;5.40;1;1;1;35;0;5079972;132;0
11;19;78;14;6;41;90;3.60;3;2;1;56;0;5080190;280;0
11;19;78;14;6;44;26;3.60;4;2;1;49;0;5080426;424;0
11;19;78;14;6;43;91;4.20;1;1;1;33;0;5080391;363;0
11;19;78;14;6;42;96;26.00;2;1;5;53;0;5080296;1318;0
11;19;78;14;6;44;97;3.60;1;1;1;33;0;5080497;60;0
11;19;78;14;6;45;37;3.60;4;2;1;49;0;5080537;84;0
11;19;78;14;6;45;91;4.20;3;2;1;54;0;5080591;377;0
11;19;78;14;6;47;42;2.60;3;2;1;53;0;5080742;123;0
11;19;78;14;6;48;74;3.60;3;2;1;52;0;5080874;114;0
11;19;78;14;6;48;82;3.20;4;2;1;48;0;5080882;318;0
11;19;78;14;6;50;50;4.00;4;2;1;50;0;5081050;144;0
11;19;78;14;6;50;85;8.20;3;2;2;47;0;5081085;186;0
11;19;78;14;6;52;53;3.40;3;2;1;46;0;5081253;105;5080591
11;19;78;14;6;53;70;4.60;4;2;1;49;0;5081370;291;0
11;19;78;14;6;54;62;4.20;3;2;1;50;0;5081462;182;5080591
11;19;78;14;6;55;66;4.40;4;2;1;48;0;5081566;162;5080591
11;19;78;14;6;56;31;3.60;3;2;1;52;0;5081631;138;5080591
11;19;78;14;6;57;80;3.00;4;2;1;49;0;5081780;181;5080591
11;19;78;14;6;59;28;3.80;4;2;1;50;0;5081928;125;5080591
11;19;78;14;7;2;88;4.80;3;2;1;62;0;5082288;632;0
11;19;78;14;7;2;73;7.00;4;2;2;50;0;5082273;317;0
11;19;78;14;7;3;71;3.60;1;1;1;57;0;5082371;1834;0
11;19;78;14;7;10;2;3.80;4;2;1;64;0;5083002;678;0
11;19;78;14;7;16;61;4.00;1;1;1;59;0;5083661;1267;0
11;19;78;14;7;20;92;4.40;3;2;1;64;0;5084092;1776;0
11;19;78;14;7;22;62;3.40;4;2;1;56;0;5084262;1238;0
11;19;78;14;7;24;32;3.40;4;2;1;60;0;5084432;148;0
11;19;78;14;7;26;56;11.40;1;1;3;50;0;5084656;970;0
11;19;78;14;7;27;41;4.60;4;2;1;57;0;5084741;288;0
11;19;78;14;7;28;43;5.00;4;2;1;57;0;5084843;72;0
11;19;78;14;7;29;73;3.40;1;1;1;47;0;5084973;234;0
11;19;78;14;7;32;54;3.40;4;2;1;56;0;5085254;379;0
11;19;78;14;7;34;71;4.40;4;2;1;53;0;5085471;195;0
11;19;78;14;7;35;1;3.60;2;1;1;56;0;5085501;5028;0
11;19;78;14;7;35;88;12.00;1;1;7;52;0;5085588;588;0
11;19;78;14;7;36;76;4.00;2;1;1;58;0;5085676;151;0
11;19;78;14;7;38;10;3.60;2;1;1;56;0;5085810;109;0
11;19;78;14;7;39;12;6.40;2;1;1;61;0;5085912;78;0
11;19;78;14;7;40;68;12.80;1;1;3;52;0;5086068;396;0
11;19;78;14;7;42;40;3.80;2;1;1;55;0;5086240;290;0
11;19;78;14;7;43;43;3.40;2;1;1;56;0;5086343;78;0
11;19;78;14;7;43;63;3.60;1;1;1;51;0;5086363;206;0
11;19;78;14;7;45;72;3.80;2;1;1;56;0;5086572;207;0
11;19;78;14;7;45;71;4.80;1;1;1;50;0;5086571;182;0
11;19;78;14;7;47;38;3.20;3;2;1;60;0;5086738;2621;0
11;19;78;14;7;48;55;3.20;3;2;1;59;0;5086855;97;0
11;19;78;14;7;48;68;3.40;1;1;1;47;0;5086868;262;0
11;19;78;14;7;49;97;4.20;1;1;1;45;0;5086997;102;0
11;19;78;14;7;50;38;3.40;4;2;1;63;0;5087038;1537;0
11;19;78;14;7;50;62;3.00;3;2;1;61;0;5087062;187;0
11;19;78;14;7;51;17;3.40;2;1;1;56;0;5087117;520;0
11;19;78;14;7;52;59;3.20;4;2;1;63;0;5087259;201;0
11;19;78;14;7;52;72;3.80;3;2;1;62;0;5087272;192;0
11;19;78;14;7;54;20;3.40;4;2;1;60;0;5087420;142;0
11;19;78;14;7;54;29;4.40;3;2;1;66;0;5087429;134;5086738
11;19;78;14;7;56;21;4.00;3;2;1;66;0;5087621;168;5086738
11;19;78;14;7;56;37;3.40;4;2;1;62;0;5087637;196;5086738
11;19;78;14;8;0;70;3.80;3;2;1;65;0;5088070;427;0
11;19;78;14;8;1;51;3.20;1;1;1;49;0;5088151;1120;0
11;19;78;14;8;1;93;4.00;4;2;1;53;0;5088193;536;0
11;19;78;14;8;2;0;3.60;3;2;1;61;0;5088200;108;0
11;19;78;14;8;3;32;3.40;4;2;1;56;0;5088332;111;0
11;19;78;14;8;4;33;3.60;3;2;1;60;0;5088433;211;0
11;19;78;14;8;5;12;4.40;4;2;1;56;0;5088512;158;0
11;19;78;14;8;5;22;3.80;1;1;1;46;0;5088522;347;0
11;19;78;14;8;6;64;3.80;2;1;1;46;0;5088664;1525;0
11;19;78;14;8;6;91;4.40;3;2;1;64;0;5088691;236;0
11;19;78;14;8;7;43;4.40;1;1;1;47;0;5088743;191;0
11;19;78;14;8;9;80;3.40;1;1;1;48;0;5088980;203;0
11;19;78;14;8;11;23;4.40;3;2;1;60;0;5089123;407;0
11;19;78;14;8;12;27;4.80;1;1;1;52;0;5089227;221;0
11;19;78;14;8;12;35;3.60;3;2;1;58;0;5089235;85;0
11;19;78;14;8;12;97;3.60;2;1;1;58;0;5089297;603;0
11;19;78;14;8;13;30;4.60;3;2;1;59;0;5089330;72;0
11;19;78;14;8;14;88;4.40;3;2;1;56;0;5089488;129;0
11;19;78;14;8;15;22;3.60;2;1;1;54;0;5089522;202;0
11;19;78;14;8;16;1;4.60;2;1;1;50;0;5089601;55;0
11;19;78;14;8;15;41;17.60;4;2;4;61;0;5089541;1000;0
11;19;78;14;8;16;87;4.20;2;1;1;47;0;5089687;52;0
11;19;78;14;8;17;95;3.20;1;1;1;52;0;5089795;534;0
11;19;78;14;8;17;95;4.40;3;2;1;58;0;5089795;278;0
11;19;78;14;8;18;89;3.60;4;2;1;59;0;5089889;244;0
11;19;78;14;8;19;71;3.20;1;1;1;51;0;5089971;153;0
11;19;78;14;8;20;52;5.20;4;2;1;57;0;5090052;141;0
11;19;78;14;8;21;32;3.60;2;1;1;52;0;5090132;412;0
11;19;78;14;8;21;95;3.60;3;2;1;57;0;5090195;372;0
11;19;78;14;8;23;21;3.00;4;2;1;54;0;5090321;236;0
11;19;78;14;8;23;75;3.20;3;2;1;56;0;5090375;157;0
11;19;78;14;8;25;27;3.80;3;2;1;56;0;5090527;131;0
11;19;78;14;8;25;97;3.00;4;2;1;53;0;5090597;256;0
11;19;78;14;8;26;79;3.80;3;2;1;60;0;5090679;127;0
11;19;78;14;8;27;81;3.60;4;2;1;51;0;5090781;163;0
11;19;78;14;8;28;79;3.40;3;2;1;60;0;5090879;177;5090195
11;19;78;14;8;29;53;3.80;3;2;1;54;0;5090953;53;5090195
11;19;78;14;8;29;51;3.00;4;2;0;53;1;5090951;144;5090195
11;19;78;14;8;30;98;3.40;3;2;1;57;0;5091098;119;5090195
11;19;78;14;8;34;44;12.20;4;2;3;54;0;5091444;637;0
11;19;78;14;8;36;9;4.80;3;2;1;58;0;5091609;489;0
11;19;78;14;8;36;98;3.20;1;1;1;63;0;5091698;1704;0
11;19;78;14;8;36;97;3.80;4;2;1;50;0;5091697;171;0
11;19;78;14;8;39;36;3.20;4;2;1;48;0;5091936;211;0
11;19;78;14;8;41;68;3.80;4;2;1;46;0;5092168;208;0
11;19;78;14;8;45;26;3.40;4;2;1;45;0;5092526;328;0
11;19;78;14;8;52;10;2.80;4;2;1;53;0;5093210;656;0
11;19;78;14;8;56;11;3.80;4;2;1;50;0;5093611;381;0
11;19;78;14;8;58;73;3.00;3;2;1;65;0;5093873;2234;0
11;19;78;14;8;58;85;3.60;4;2;1;56;0;5093885;246;0
11;19;78;14;8;58;94;5.20;1;1;1;55;0;5093894;2177;0
11;19;78;14;9;5;61;3.60;3;2;1;64;0;5094561;671;0
11;19;78;14;9;7;84;3.40;3;2;1;57;0;5094784;202;0
11;19;78;14;9;8;64;3.40;4;2;1;57;0;5094864;955;0
11;19;78;14;9;8;98;3.60;3;2;1;59;0;5094898;92;0
11;19;78;14;9;9;79;3.40;1;1;1;58;0;5094979;1050;0
11;19;78;14;9;10;40;3.20;4;2;1;56;0;5095040;154;0
11;19;78;14;9;13;18;3.80;4;2;1;59;0;5095318;257;0
11;19;78;14;9;14;94;3.80;1;1;1;64;0;5095494;493;0
11;19;78;14;9;15;73;3.60;4;2;1;58;0;5095573;231;0
11;19;78;14;9;16;92;4.20;1;1;1;59;0;5095692;176;0
11;19;78;14;9;18;49;3.60;2;1;1;62;0;5095849;5692;0
11;19;78;14;9;20;65;3.60;1;1;1;55;0;5096065;347;0
11;19;78;14;9;21;68;3.60;1;1;1;53;0;5096168;79;0
11;19;78;14;9;21;79;4.00;2;1;1;61;0;5096179;309;0
11;19;78;14;9;24;59;3.20;3;2;1;67;0;5096459;1539;0
11;19;78;14;9;24;74;3.80;1;1;1;50;0;5096474;281;0
11;19;78;14;9;24;92;3.40;4;2;1;54;0;5096492;896;0
11;19;78;14;9;25;92;3.80;2;1;1;58;0;5096592;389;0
11;19;78;14;9;25;93;5.00;3;2;1;57;0;5096593;116;0
11;19;78;14;9;26;78;3.60;1;1;1;49;0;5096678;176;0
11;19;78;14;9;27;44;9.20;2;1;2;54;0;5096744;128;0
11;19;78;14;9;27;55;9.60;4;2;2;53;0;5096755;240;0
11;19;78;14;9;29;21;3.40;2;1;1;53;0;5096921;115;0
11;19;78;14;9;29;56;8.80;1;1;2;55;0;5096956;251;0
11;19;78;14;9;30;22;3.60;4;2;1;53;0;5097022;201;0
11;19;78;14;9;30;49;6.00;3;2;1;61;0;5097049;424;0
11;19;78;14;9;31;11;4.80;4;2;1;57;0;5097111;64;0
11;19;78;14;9;31;34;3.60;2;1;1;55;0;5097134;189;0
11;19;78;14;9;31;74;3.20;3;2;1;61;0;5097174;89;0
11;19;78;14;9;32;79;3.60;2;1;1;54;0;5097279;121;5096592
11;19;78;14;9;33;92;4.40;3;2;1;65;0;5097392;199;5096592
11;19;78;14;9;34;58;3.80;1;1;1;45;0;5097458;444;0
11;19;78;14;9;35;2;3.60;2;1;1;53;0;5097502;199;5096592
11;19;78;14;9;35;97;5.00;3;2;1;65;0;5097597;180;5096592
11;19;78;14;9;36;31;3.40;1;1;1;46;0;5097631;142;5096592
11;19;78;14;9;36;59;3.40;4;2;1;59;0;5097659;517;0
11;19;78;14;9;37;30;3.40;3;2;1;64;0;5097730;105;5097049
11;19;78;14;9;38;38;3.60;2;1;1;53;0;5097838;311;0
11;19;78;14;9;38;87;3.40;4;2;1;57;0;5097887;207;0
11;19;78;14;9;38;40;3.80;1;1;1;46;0;5097840;182;0
11;19;78;14;9;38;93;4.60;3;2;1;62;0;5097893;143;5097049
11;19;78;14;9;40;1;2.80;2;1;1;52;0;5098001;138;5097049
11;19;78;14;9;40;52;3.20;4;2;1;60;0;5098052;143;5097049
11;19;78;14;9;40;16;5.40;1;1;1;45;0;5098016;146;5097049
11;19;78;14;9;40;82;3.20;3;2;1;62;0;5098082;162;5097049
11;19;78;14;9;40;96;3.00;2;1;1;52;0;5098096;75;5097049
11;19;78;14;9;41;41;4.60;4;2;1;61;0;5098141;69;5097049
11;19;78;14;9;41;75;3.60;1;1;1;45;0;5098175;115;5097458
11;19;78;14;9;42;50;3.80;2;1;1;52;0;5098250;133;5097458
11;19;78;14;9;42;95;4.40;3;2;1;64;0;5098295;194;5097049
11;19;78;14;9;43;39;4.60;4;2;1;57;0;5098339;170;5097049
11;19;78;14;9;44;13;3.80;1;1;1;44;0;5098413;209;0
11;19;78;14;9;44;66;3.80;2;1;1;50;0;5098466;189;5097838
11;19;78;14;9;44;87;4.40;4;2;1;56;0;5098487;118;5097887
11;19;78;14;9;45;9;4.00;3;2;1;61;0;5098509;189;5097049
11;19;78;14;9;46;11;3.40;1;1;1;45;0;5098611;166;5097049
11;19;78;14;9;46;34;3.60;2;1;1;50;0;5098634;140;5097838
11;19;78;14;9;46;59;6.20;4;2;1;57;0;5098659;143;5097887
11;19;78;14;9;47;57;4.80;3;2;1;57;0;5098757;224;0
11;19;78;14;9;47;80;3.60;1;1;1;45;0;5098780;141;0
11;19;78;14;9;47;96;3.60;2;1;1;48;0;5098796;136;5097838
11;19;78;14;9;48;53;3.40;4;2;1;55;0;5098853;154;5097887
11;19;78;14;9;49;65;3.80;2;1;1;49;0;5098965;142;5097838
11;19;78;14;9;50;14;3.40;4;2;1;54;0;5099014;138;5097887
11;19;78;14;9;50;13;3.20;1;1;1;44;0;5099013;204;0
11;19;78;14;9;50;65;3.40;3;2;1;60;0;5099065;277;0
11;19;78;14;9;51;65;4.00;3;2;1;60;0;5099165;79;0
11;19;78;14;9;52;0;6.00;4;2;1;57;0;5099200;163;5097887
11;19;78;14;9;52;13;3.60;2;1;1;47;0;5099213;220;0
11;19;78;14;9;52;13;3.00;1;1;1;44;0;5099213;173;0
11;19;78;14;9;52;84;4.20;3;2;1;60;0;5099284;95;0
11;19;78;14;9;53;46;3.60;2;1;1;45;0;5099346;105;0
11;19;78;14;9;53;74;3.60;4;2;1;56;0;5099374;136;5097887
11;19;78;14;9;54;27;3.40;1;1;1;43;0;5099427;189;5097887
11;19;78;14;9;55;94;4.40;1;1;1;39;0;5099594;138;5097887
11;19;78;14;9;56;25;7.20;4;2;2;55;0;5099625;227;0
11;19;78;14;9;57;40;3.40;1;1;1;38;0;5099740;105;5099013
11;19;78;14;9;57;69;3.40;4;2;1;53;0;5099769;96;5099013
11;19;78;14;9;59;5;4.60;1;1;1;38;0;5099905;132;5099013
11;19;78;14;10;0;55;3.60;4;2;1;59;0;5100055;262;0
11;19;78;14;10;0;84;4.60;1;1;1;39;0;5100084;135;5099013
11;19;78;14;10;2;37;3.20;3;2;1;57;0;5100237;927;0
11;19;78;14;10;2;70;4.00;1;1;1;40;0;5100270;143;5099013
11;19;78;14;10;3;28;6.60;4;2;1;58;0;5100328;251;0
11;19;78;14;10;3;56;6.60;3;2;1;59;0;5100356;98;0
11;19;78;14;10;5;27;3.00;3;2;1;59;0;5100527;130;0
11;19;78;14;10;5;34;3.80;1;1;1;38;0;5100534;228;0
11;19;78;14;10;7;26;10.00;4;2;2;53;0;5100726;357;0
11;19;78;14;10;8;8;4.80;3;2;1;60;0;5100808;262;0
11;19;78;14;10;8;70;3.40;1;1;1;37;0;5100870;300;0
11;19;78;14;10;9;23;3.20;4;2;1;54;0;5100923;129;0
11;19;78;14;10;10;43;2.80;3;2;1;63;0;5101043;206;0
11;19;78;14;10;10;45;3.40;1;1;1;36;0;5101045;141;0
11;19;78;14;10;14;11;3.40;4;2;1;49;0;5101411;466;0
11;19;78;14;10;16;15;3.40;3;2;1;62;0;5101615;556;0
11;19;78;14;10;17;36;3.60;4;2;1;47;0;5101736;300;0
11;19;78;14;10;19;49;4.80;4;2;1;46;0;5101949;185;0
11;19;78;14;10;25;51;3.80;1;1;1;51;0;5102551;1472;0
11;19;78;14;10;27;51;3.60;3;2;1;58;0;5102751;1116;0
11;19;78;14;10;28;34;3.60;4;2;1;61;0;5102834;847;0
11;19;78;14;10;30;49;4.40;4;2;1;60;0;5103049;193;0
11;19;78;14;10;33;15;3.60;4;2;1;59;0;5103315;239;0
11;19;78;14;10;37;70;4.80;4;2;1;57;0;5103770;433;0
11;19;78;14;10;39;46;5.20;3;2;1;59;0;5103946;1172;0
11;19;78;14;10;40;90;3.20;3;2;1;61;0;5104090;112;0
11;19;78;14;10;41;22;3.80;4;2;1;57;0;5104122;321;0
11;19;78;14;10;43;12;4.40;4;2;1;57;0;5104312;166;0
11;19;78;14;10;45;45;3.40;3;2;1;59;0;5104545;436;0
11;19;78;14;10;48;9;3.60;4;2;1;53;0;5104809;469;0
11;19;78;14;10;48;52;3.60;1;1;1;57;0;5104852;2274;0
11;19;78;14;10;50;30;3.60;2;1;1;60;0;5105030;5655;0
11;19;78;14;10;50;24;3.80;4;2;1;53;0;5105024;190;0
11;19;78;14;10;51;41;3.20;3;2;1;62;0;5105141;575;0
11;19;78;14;10;51;65;5.00;1;1;1;59;0;5105165;290;0
11;19;78;14;10;51;91;4.20;4;2;1;54;0;5105191;141;0
11;19;78;14;10;53;34;3.80;1;1;1;58;0;5105334;138;0
11;19;78;14;10;53;92;4.00;2;1;1;59;0;5105392;340;0
11;19;78;14;10;54;11;3.80;4;2;1;52;0;5105411;192;0
11;19;78;14;10;54;82;5.80;1;1;2;60;0;5105482;124;0
11;19;78;14;10;55;91;3.40;2;1;1;56;0;5105591;174;0
11;19;78;14;10;56;33;3.80;1;1;1;58;0;5105633;116;0
11;19;78;14;10;56;33;3.40;4;2;1;53;0;5105633;195;5104809
11;19;78;14;10;57;98;3.60;3;2;1;59;0;5105798;638;0
11;19;78;14;10;59;31;3.40;2;1;1;50;0;5105931;318;0
11;19;78;14;10;59;61;3.20;1;1;1;50;0;5105961;304;0
11;19;78;14;11;1;27;3.80;1;1;1;49;0;5106127;142;0
11;19;78;14;11;2;60;4.20;1;1;1;48;0;5106260;105;0
11;19;78;14;11;4;6;3.00;4;2;1;59;0;5106406;749;0
11;19;78;14;11;3;95;4.00;1;1;1;45;0;5106395;103;0
11;19;78;14;11;5;28;3.60;1;1;1;50;0;5106528;101;5105961
11;19;78;14;11;6;60;4.00;2;1;1;61;0;5106660;704;0
11;19;78;14;11;7;3;4.00;1;1;1;46;0;5106703;149;5105961
11;19;78;14;11;8;42;3.20;1;1;1;45;0;5106842;107;5105961
11;19;78;14;11;9;86;3.20;1;1;1;44;0;5106986;118;5105961
11;19;78;14;11;11;5;4.00;2;1;1;50;0;5107105;421;0
11;19;78;14;11;11;77;3.40;4;2;1;60;0;5107177;752;0
11;19;78;14;11;12;3;3.80;1;1;1;48;0;5107203;190;5105961
11;19;78;14;11;12;36;3.80;3;2;1;68;0;5107236;1416;0
11;19;78;14;11;13;65;3.60;1;1;1;50;0;5107365;133;5105961
11;19;78;14;11;14;1;3.20;4;2;1;57;0;5107401;203;0
11;19;78;14;11;14;3;5.20;3;2;1;60;0;5107403;146;0
11;19;78;14;11;16;44;3.60;3;2;1;56;0;5107644;209;0
11;19;78;14;11;16;55;3.00;4;2;1;52;0;5107655;233;0
11;19;78;14;11;16;90;4.00;2;1;1;68;0;5107690;556;0
11;19;78;14;11;17;36;3.60;3;2;1;56;0;5107736;68;0
11;19;78;14;11;18;10;4.40;3;2;1;56;0;5107810;50;0
11;19;78;14;11;19;17;3.60;3;2;1;56;0;5107917;78;0
11;19;78;14;11;19;45;3.60;4;2;1;60;0;5107945;269;0
11;19;78;14;11;20;85;4.00;4;2;1;62;0;5108085;118;0
11;19;78;14;11;21;20;3.60;3;2;1;58;0;5108120;179;5107644
11;19;78;14;11;22;46;4.40;3;2;1;56;0;5108246;103;5107644
11;19;78;14;11;23;50;3.20;4;2;1;60;0;5108350;241;0
11;19;78;14;11;23;56;3.40;3;2;1;55;0;5108356;81;5107644
11;19;78;14;11;24;48;3.60;2;1;1;59;0;5108448;736;0
11;19;78;14;11;24;59;3.80;3;2;1;56;0;5108459;80;5107644
11;19;78;14;11;25;39;3.60;4;2;1;57;0;5108539;169;5107644
11;19;78;14;11;25;58;3.60;3;2;1;54;0;5108558;74;5107644
11;19;78;14;11;25;78;3.20;2;1;1;57;0;5108578;108;5107644
11;19;78;14;11;26;65;3.80;4;2;1;57;0;5108665;103;5107644
11;19;78;14;11;27;26;3.20;2;1;1;52;0;5108726;127;5107644
11;19;78;14;11;27;97;3.20;3;2;1;64;0;5108797;215;0
11;19;78;14;11;28;12;3.20;4;2;1;53;0;5108812;123;0
11;19;78;14;11;29;44;3.80;4;2;1;54;0;5108944;110;5108350
11;19;78;14;11;29;57;4.40;3;2;1;60;0;5108957;142;5108350
11;19;78;14;11;32;3;3.80;3;2;1;57;0;5109203;219;0
11;19;78;14;11;32;26;4.00;4;2;1;50;0;5109226;256;0
11;19;78;14;11;33;43;3.00;3;2;1;52;0;5109343;116;0
11;19;78;14;11;34;31;3.80;4;2;1;54;0;5109431;176;0
11;19;78;14;11;35;79;3.40;4;2;1;54;0;5109579;122;0
11;19;78;14;11;36;7;3.40;1;1;1;53;0;5109607;2216;0
11;19;78;14;11;37;52;3.60;4;2;1;54;0;5109752;150;0
11;19;78;14;11;37;77;4.00;2;1;1;61;0;5109777;1028;0
11;19;78;14;11;38;63;3.40;2;1;1;61;0;5109863;62;0
11;19;78;14;11;39;52;3.00;4;2;1;55;0;5109952;176;5109226
11;19;78;14;11;40;87;4.00;3;2;1;55;0;5110087;723;0
11;19;78;14;11;41;72;3.60;4;2;1;57;0;5110172;200;0
11;19;78;14;11;41;77;3.60;2;1;1;62;0;5110177;293;0
11;19;78;14;11;42;58;3.20;3;2;1;54;0;5110258;144;0
11;19;78;14;11;43;35;4.40;4;2;1;59;0;5110335;140;0
11;19;78;14;11;44;30;3.40;3;2;1;60;0;5110430;150;0
11;19;78;14;11;44;49;3.60;2;1;1;56;0;5110449;251;0
11;19;78;14;11;44;50;4.40;4;2;1;58;0;5110450;88;0
11;19;78;14;11;46;3;3.80;1;1;1;56;0;5110603;972;0
11;19;78;14;11;46;49;3.00;3;2;1;53;0;5110649;198;0
11;19;78;14;11;46;88;3.60;4;2;1;56;0;5110688;210;0
11;19;78;14;11;48;95;3.40;1;1;1;58;0;5110895;267;0
11;19;78;14;11;49;49;3.60;4;2;1;56;0;5110949;237;0
11;19;78;14;11;50;27;3.20;3;2;1;57;0;5111027;357;0
11;19;78;14;11;51;12;3.20;4;2;1;55;0;5111112;139;0
11;19;78;14;11;51;29;4.00;1;1;1;58;0;5111129;212;0
11;19;78;14;11;52;72;5.00;1;1;1;56;0;5111272;118;0
11;19;78;14;11;53;84;3.80;3;2;1;57;0;5111384;336;0
11;19;78;14;11;54;37;4.40;1;1;1;55;0;5111437;132;0
11;19;78;14;12;3;8;3.80;1;1;1;85;0;5112308;842;0
11;19;78;14;12;3;89;3.60;4;2;1;54;0;5112389;1256;0
11;19;78;14;12;6;4;3.40;4;2;1;49;0;5112604;191;0
11;19;78;14;12;8;14;3.40;2;1;1;57;0;5112814;2341;0
11;19;78;14;12;10;51;3.60;2;1;1;55;0;5113051;215;0
11;19;78;14;12;18;23;3.60;3;2;1;59;0;5113823;2415;0
11;19;78;14;12;19;49;3.40;2;1;1;53;0;5113949;874;0
11;19;78;14;12;20;35;10.80;4;2;2;64;0;5114035;1406;0
11;19;78;14;12;23;30;3.20;3;2;1;61;0;5114330;485;0
11;19;78;14;12;24;42;3.20;3;2;1;62;0;5114442;93;0
11;19;78;14;12;25;31;4.20;4;2;1;58;0;5114531;435;0
11;19;78;14;12;28;59;3.80;2;1;1;60;0;5114859;886;0
11;19;78;14;12;29;50;3.60;4;2;1;61;0;5114950;392;0
11;19;78;14;12;29;49;4.00;2;1;1;57;0;5114949;67;0
11;19;78;14;12;32;92;3.60;1;1;1;59;0;5115292;2967;0
11;19;78;14;12;33;1;11.20;4;2;3;59;0;5115301;329;0
11;19;78;14;12;34;2;4.40;2;1;1;60;0;5115402;427;0
11;19;78;14;12;34;35;3.00;1;1;1;58;0;5115435;121;0
11;19;78;14;12;36;9;4.60;1;1;1;58;0;5115609;155;0
11;19;78;14;12;36;79;3.60;2;1;1;58;0;5115679;250;0
11;19;78;14;12;38;2;3.60;1;1;1;64;0;5115802;164;0
11;19;78;14;12;38;43;2.80;4;2;1;63;0;5115843;473;0
11;19;78;14;12;39;41;4.20;1;1;1;60;0;5115941;118;5115292
11;19;78;14;12;40;71;3.80;4;2;1;70;0;5116071;212;0
11;19;78;14;12;41;23;3.60;1;1;1;55;0;5116123;156;5115292
11;19;78;14;12;42;83;3.20;1;1;1;53;0;5116283;136;5115292
11;19;78;14;12;43;46;5.00;2;1;1;51;0;5116346;644;0
11;19;78;14;12;43;81;3.60;1;1;1;53;0;5116381;76;5115292
11;19;78;14;12;44;52;3.60;2;1;1;50;0;5116452;70;5115292
11;19;78;14;12;44;87;7.40;1;1;2;52;0;5116487;81;5115292
11;19;78;14;12;46;26;4.20;2;1;1;52;0;5116626;148;5115292
11;19;78;14;12;47;83;3.80;3;2;1;71;0;5116783;2322;0
11;19;78;14;12;47;68;4.20;1;1;1;56;0;5116768;229;0
11;19;78;14;12;48;23;4.00;4;2;1;72;0;5116823;732;0
11;19;78;14;12;48;82;12.40;1;1;3;53;0;5116882;87;0
11;19;78;14;12;52;17;3.60;3;2;1;70;0;5117217;414;0
11;19;78;14;12;52;17;3.20;4;2;1;59;0;5117217;374;0
11;19;78;14;12;52;49;6.60;1;1;1;51;0;5117249;282;0
11;19;78;14;12;53;86;3.40;1;1;1;51;0;5117386;90;0
11;19;78;14;12;54;89;4.20;3;2;1;67;0;5117489;253;0
11;19;78;14;12;55;40;3.80;4;2;1;57;0;5117540;303;0
11;19;78;14;12;55;62;3.00;1;1;1;52;0;5117562;152;0
11;19;78;14;12;56;17;3.60;3;2;1;63;0;5117617;105;0
11;19;78;14;12;56;49;4.60;4;2;1;57;0;5117649;85;0
11;19;78;14;12;57;98;4.00;3;2;1;59;0;5117798;160;0
11;19;78;14;12;59;3;3.40;1;1;1;57;0;5117903;320;0
11;19;78;14;13;1;69;3.60;4;2;1;57;0;5118169;490;0
11;19;78;14;13;1;88;3.60;3;2;1;61;0;5118188;365;0
11;19;78;14;13;3;14;3.60;1;1;1;54;0;5118314;389;0
11;19;78;14;13;3;44;3.80;3;2;1;61;0;5118344;134;0
11;19;78;14;13;3;20;14.20;4;2;4;57;0;5118320;128;0
11;19;78;14;13;5;68;4.20;4;2;1;62;0;5118568;158;0
11;19;78;14;13;5;96;3.60;1;1;1;48;0;5118596;258;0
11;19;78;14;13;6;38;3.60;3;2;1;60;0;5118638;271;0
11;19;78;14;13;7;35;3.00;4;2;1;58;0;5118735;142;0
11;19;78;14;13;7;54;3.80;3;2;1;59;0;5118754;94;0
11;19;78;14;13;8;9;3.60;1;1;1;51;0;5118809;186;0
11;19;78;14;13;10;45;16.40;1;1;4;57;0;5119045;210;0
11;19;78;14;13;11;48;4.40;3;2;1;58;0;5119148;370;0
11;19;78;14;13;11;51;8.40;4;2;2;58;0;5119151;397;0
11;19;78;14;13;12;77;4.00;2;1;1;61;0;5119277;2621;0
11;19;78;14;13;14;48;3.20;4;2;1;58;0;5119448;244;0
11;19;78;14;13;14;75;4.80;3;2;1;60;0;5119475;299;0
11;19;78;14;13;15;82;4.20;2;1;1;57;0;5119582;281;0
11;19;78;14;13;16;20;3.60;3;2;1;60;0;5119620;116;0
11;19;78;14;13;16;66;4.20;4;2;1;55;0;5119666;198;0
11;19;78;14;13;17;5;4.00;3;2;1;57;0;5119705;63;0
11;19;78;14;13;17;4;3.80;1;1;1;54;0;5119704;555;0
11;19;78;14;13;16;99;3.20;2;1;0;52;1;5119699;90;0
11;19;78;14;13;17;82;4.80;4;2;1;54;0;5119782;88;0
11;19;78;14;13;18;39;3.80;3;2;1;58;0;5119839;108;0
11;19;78;14;13;19;45;4.20;1;1;1;57;0;5119945;215;0
11;19;78;14;13;19;50;3.40;4;2;1;53;0;5119950;136;0
11;19;78;14;13;20;59;3.20;3;2;1;58;0;5120059;196;5119475
11;19;78;14;13;20;80;4.20;1;1;1;61;0;5120080;108;5119475
11;19;78;14;13;22;71;3.80;3;2;1;57;0;5120271;192;5119475
11;19;78;14;13;22;83;3.40;1;1;1;59;0;5120283;178;5119475
11;19;78;14;13;23;63;4.40;3;2;1;58;0;5120363;68;5119475
11;19;78;14;13;23;89;8.60;4;2;2;59;0;5120389;415;0
11;19;78;14;13;33;28;4.00;2;1;1;55;0;5121328;1719;0
11;19;78;14;13;48;63;3.80;4;2;1;64;0;5122863;2421;0
11;19;78;14;13;50;41;3.40;1;1;1;58;0;5123041;2737;0
11;19;78;14;13;55;12;3.60;4;2;1;63;0;5123512;627;0
11;19;78;14;13;56;67;4.60;3;2;1;63;0;5123667;3276;0
11;19;78;14;14;1;19;4.40;3;2;1;63;0;5124119;425;0
11;19;78;14;14;1;34;4.00;4;2;1;61;0;5124134;601;0
11;19;78;14;14;3;63;4.40;3;2;1;62;0;5124363;218;0
11;19;78;14;14;6;46;3.40;4;2;1;59;0;5124646;488;0
11;19;78;14;14;8;47;3.60;4;2;1;58;0;5124847;180;0
11;19;78;14;14;10;68;4.00;3;2;1;67;0;5125068;679;0
11;19;78;14;14;12;9;3.00;4;2;1;52;0;5125209;339;0
11;19;78;14;14;13;27;4.40;3;2;1;60;0;5125327;237;0
11;19;78;14;14;14;33;3.20;4;2;1;42;0;5125433;203;0
11;19;78;14;14;17;65;3.80;1;1;1;56;0;5125765;2702;0
11;19;78;14;14;19;19;4.00;1;1;1;55;0;5125919;129;0
11;19;78;14;14;19;76;3.80;4;2;1;52;0;5125976;515;0
11;19;78;14;14;20;55;4.60;1;1;1;56;0;5126055;109;0
11;19;78;14;14;21;38;3.40;4;2;1;51;0;5126138;135;0
11;19;78;14;14;23;15;4.00;1;1;1;59;0;5126315;230;0
11;19;78;14;14;29;15;3.60;4;2;1;60;0;5126915;753;0
11;19;78;14;14;31;43;3.80;3;2;1;66;0;5127143;1789;0
11;19;78;14;14;32;87;3.20;2;1;1;57;0;5127287;5932;0
11;19;78;14;14;33;36;5.00;3;2;1;61;0;5127336;172;0
11;19;78;14;14;33;50;3.60;4;2;1;56;0;5127350;413;0
11;19;78;14;14;34;20;3.60;2;1;1;57;0;5127420;112;0
11;19;78;14;14;34;81;3.80;3;2;1;60;0;5127481;115;0
11;19;78;14;14;35;0;3.80;4;2;1;56;0;5127500;126;0
11;19;78;14;14;35;82;10.00;2;1;2;62;0;5127582;139;0
11;19;78;14;14;36;26;3.40;1;1;1;58;0;5127626;1286;0
11;19;78;14;14;37;9;4.40;3;2;1;53;0;5127709;205;0
11;19;78;14;14;37;75;3.60;4;2;1;53;0;5127775;250;0
11;19;78;14;14;38;57;3.00;2;1;1;54;0;5127857;216;0
11;19;78;14;14;38;87;3.00;1;1;1;54;0;5127887;239;0
11;19;78;14;14;38;77;4.40;3;2;1;52;0;5127877;138;0
11;19;78;14;14;39;43;3.60;4;2;1;55;0;5127943;143;0
11;19;78;14;14;40;33;3.20;3;2;1;54;0;5128033;125;0
11;19;78;14;14;40;31;6.80;1;1;1;55;0;5128031;124;0
11;19;78;14;14;40;71;4.00;2;1;1;55;0;5128071;194;0
11;19;78;14;14;41;53;3.80;1;1;1;55;0;5128153;77;0
11;19;78;14;14;41;77;3.60;4;2;1;56;0;5128177;210;0
11;19;78;14;14;41;85;3.40;3;2;1;51;0;5128185;130;0
11;19;78;14;14;42;43;3.40;2;1;1;54;0;5128243;145;0
11;19;78;14;14;43;28;3.80;3;2;1;47;0;5128328;119;5127709
11;19;78;14;14;43;80;3.40;2;1;1;58;0;5128380;114;5127709
11;19;78;14;14;44;41;3.80;1;1;1;58;0;5128441;263;0
11;19;78;14;14;44;56;3.40;4;2;1;53;0;5128456;255;0
11;19;78;14;14;45;80;3.60;1;1;1;55;0;5128580;115;0
11;19;78;14;14;45;63;9.00;2;1;6;64;0;5128563;161;5127857
11;19;78;14;14;46;38;3.60;4;2;1;55;0;5128638;158;5127857
11;19;78;14;14;46;45;3.60;3;2;1;58;0;5128645;287;0
11;19;78;14;14;47;46;3.60;4;2;1;56;0;5128746;84;0
11;19;78;14;14;47;90;3.60;3;2;1;59;0;5128790;122;0
11;19;78;14;14;49;10;3.80;4;2;1;57;0;5128910;140;0
11;19;78;14;14;49;45;3.80;3;2;1;60;0;5128945;133;0
11;19;78;14;14;49;81;3.60;1;1;1;53;0;5128981;377;0
11;19;78;14;14;50;29;3.40;2;1;1;57;0;5129029;415;0
11;19;78;14;14;50;91;3.80;4;2;1;59;0;5129091;157;5128456
11;19;78;14;14;51;93;3.80;1;1;1;54;0;5129193;187;5128456
11;19;78;14;14;52;3;3.40;3;2;1;61;0;5129203;235;0
11;19;78;14;14;52;89;3.40;3;2;1;59;0;5129289;65;0
11;19;78;14;14;53;84;5.20;3;2;1;64;0;5129384;74;0
11;19;78;14;14;53;84;5.20;4;2;1;57;0;5129384;269;0
11;19;78;14;14;54;93;9.60;2;1;2;59;0;5129493;442;0
11;19;78;14;14;55;43;3.40;1;1;1;46;0;5129543;324;0
11;19;78;14;14;55;70;3.80;4;2;1;59;0;5129570;153;0
11;19;78;14;14;56;27;3.20;3;2;1;64;0;5129627;213;0
11;19;78;14;14;56;86;3.60;2;1;1;58;0;5129686;134;0
11;19;78;14;14;57;46;3.80;1;1;1;44;0;5129746;176;0
11;19;78;14;14;57;97;3.60;2;1;1;56;0;5129797;88;0
11;19;78;14;14;59;32;3.20;1;1;1;45;0;5129932;154;0
11;19;78;14;15;0;12;3.80;2;1;1;51;0;5130012;191;0
11;19;78;14;15;0;84;3.80;1;1;1;46;0;5130084;126;0
11;19;78;14;15;0;41;15.40;4;2;4;53;0;5130041;447;0
11;19;78;14;15;2;4;3.80;1;1;1;47;0;5130204;90;5129543
11;19;78;14;15;2;49;3.60;4;2;1;55;0;5130249;103;5129543
11;19;78;14;15;3;23;3.80;2;1;1;50;0;5130323;284;0
11;19;78;14;15;3;13;5.20;1;1;1;46;0;5130313;79;5129543
11;19;78;14;15;4;44;3.00;4;2;1;53;0;5130444;171;5129543
11;19;78;14;15;4;66;4.00;2;1;1;49;0;5130466;115;5129543
11;19;78;14;15;4;66;4.00;1;1;1;46;0;5130466;112;5129543
11;19;78;14;15;5;77;4.00;1;1;1;46;0;5130577;79;5129543
11;19;78;14;15;7;31;3.00;2;1;1;56;0;5130731;235;0
11;19;78;14;15;7;23;4.40;1;1;1;44;0;5130723;114;5129543
11;19;78;14;15;9;6;12.80;1;1;3;42;0;5130906;147;5129543
11;19;78;14;15;10;46;3.40;2;1;1;51;0;5131046;295;0
11;19;78;14;15;11;66;3.40;2;1;1;51;0;5131166;96;0
11;19;78;14;15;11;97;3.60;1;1;1;42;0;5131197;181;5129543
11;19;78;14;15;13;30;6.40;1;1;1;39;0;5131330;102;5129543
11;19;78;14;15;13;76;3.80;2;1;1;48;0;5131376;186;5129543
11;19;78;14;15;14;82;3.40;2;1;1;45;0;5131482;77;5129543
11;19;78;14;15;16;47;4.20;2;1;1;47;0;5131647;137;5131046
11;19;78;14;15;17;14;3.40;1;1;1;44;0;5131714;324;0
11;19;78;14;15;17;92;3.40;2;1;1;43;0;5131792;112;5131046
11;19;78;14;15;18;77;3.40;2;1;1;40;0;5131877;56;5131046
11;19;78;14;15;19;36;5.00;1;1;1;42;0;5131936;194;5131046
11;19;78;14;15;20;7;3.60;2;1;1;41;0;5132007;99;5131046
11;19;78;14;15;20;65;3.40;1;1;1;41;0;5132065;86;5131046
11;19;78;14;15;22;45;14.40;1;1;4;41;0;5132245;150;5131046
11;19;78;14;15;23;64;3.60;4;2;1;57;0;5132364;1899;0
11;19;78;14;15;24;27;4.60;2;1;1;49;0;5132427;388;0
11;19;78;14;15;25;44;3.60;4;2;1;60;0;5132544;157;0
11;19;78;14;15;25;16;5.00;1;1;1;41;0;5132516;144;5131714
11;19;78;14;15;25;76;3.80;2;1;1;47;0;5132576;115;5131714
11;19;78;14;15;27;42;3.60;1;1;1;38;0;5132742;182;5131714
11;19;78;14;15;28;70;3.00;2;1;1;48;0;5132870;264;0
11;19;78;14;15;28;86;3.80;1;1;1;37;0;5132886;109;5131714
11;19;78;14;15;30;72;3.80;4;2;1;57;0;5133072;506;0
11;19;78;14;15;30;67;3.60;1;1;1;35;0;5133067;144;5131714
11;19;78;14;15;31;12;3.20;2;1;1;44;0;5133112;219;0
11;19;78;14;15;32;4;3.20;1;1;1;31;0;5133204;99;5131714
11;19;78;14;15;34;60;3.80;1;1;1;32;0;5133460;218;0
11;19;78;14;15;35;34;4.60;2;1;1;42;0;5133534;395;0
11;19;78;14;15;36;19;3.60;4;2;1;62;0;5133619;523;0
11;19;78;14;15;36;55;3.80;3;2;1;59;0;5133655;4010;0
11;19;78;14;15;37;7;3.20;1;1;1;26;0;5133707;204;0
11;19;78;14;15;40;59;3.80;3;2;1;64;0;5134059;380;0
11;19;78;14;15;40;82;2.80;4;2;1;59;0;5134082;442;0
11;19;78;14;15;40;22;3.80;1;1;1;26;0;5134022;270;0
11;19;78;14;15;43;96;7.80;3;2;2;68;0;5134396;315;0
11;19;78;14;15;44;41;3.60;4;2;1;57;0;5134441;341;0
11;19;78;14;15;47;28;3.80;4;2;1;55;0;5134728;264;0
11;19;78;14;15;47;58;3.60;3;2;1;59;0;5134758;320;0
11;19;78;14;15;49;36;4.00;4;2;1;56;0;5134936;183;0
11;19;78;14;15;49;65;3.60;3;2;1;61;0;5134965;185;0
11;19;78;14;15;51;48;3.60;1;1;1;58;0;5135148;1073;0
11;19;78;14;15;59;43;5.00;4;2;1;53;0;5135943;981;0
11;19;78;14;16;1;13;3.60;4;2;1;55;0;5136113;136;0
11;19;78;14;16;4;54;3.80;2;1;1;60;0;5136454;2880;0
11;19;78;14;16;5;65;6.60;1;1;1;56;0;5136565;1394;0
11;19;78;14;16;6;41;3.80;2;1;1;62;0;5136641;164;0
11;19;78;14;16;7;39;3.40;3;2;1;67;0;5136739;1752;0
11;19;78;14;16;8;32;3.60;1;1;1;55;0;5136832;224;0
11;19;78;14;16;9;92;3.20;2;1;1;64;0;5136992;328;0
11;19;78;14;16;9;92;3.80;1;1;1;58;0;5136992;136;0
11;19;78;14;16;11;18;4.60;1;1;1;56;0;5137118;102;0
11;19;78;14;16;11;69;3.60;2;1;1;61;0;5137169;159;0
11;19;78;14;16;13;33;3.20;2;1;1;58;0;5137333;142;0
11;19;78;14;16;14;68;3.60;1;1;1;57;0;5137468;320;0
11;19;78;14;16;15;17;3.60;2;1;1;53;0;5137517;164;0
11;19;78;14;16;17;1;3.80;1;1;1;56;0;5137701;210;0
11;19;78;14;16;17;8;4.00;2;1;1;53;0;5137708;166;5136992
11;19;78;14;16;18;6;3.40;1;1;1;57;0;5137806;80;5136992
11;19;78;14;16;20;24;4.60;1;1;1;51;0;5138024;196;5136992
11;19;78;14;16;20;77;4.00;2;1;1;57;0;5138077;341;0
11;19;78;14;16;21;31;3.60;4;2;1;57;0;5138131;1994;0
11;19;78;14;16;21;64;3.80;3;2;1;60;0;5138164;1406;0
11;19;78;14;16;21;55;7.80;1;1;6;50;0;5138155;98;0
11;19;78;14;16;22;34;3.60;2;1;1;55;0;5138234;131;0
11;19;78;14;16;22;60;3.20;4;2;1;55;0;5138260;106;0
11;19;78;14;16;23;36;3.60;3;2;1;60;0;5138336;149;0
11;19;78;14;16;23;73;4.00;2;1;1;53;0;5138373;115;0
11;19;78;14;16;24;60;3.40;1;1;1;52;0;5138460;248;0
11;19;78;14;16;25;16;3.60;2;1;1;54;0;5138516;115;0
11;19;78;14;16;25;5;3.80;3;2;1;60;0;5138505;147;0
11;19;78;14;16;25;7;3.40;4;2;1;53;0;5138507;226;0
11;19;78;14;16;26;18;3.80;1;1;1;54;0;5138618;134;0
11;19;78;14;16;26;33;4.00;4;2;1;53;0;5138633;102;0
11;19;78;14;16;27;82;3.00;4;2;1;55;0;5138782;121;0
11;19;78;14;16;28;11;3.80;1;1;1;52;0;5138811;167;0
11;19;78;14;16;28;19;4.20;3;2;1;59;0;5138819;291;0
11;19;78;14;16;29;56;3.80;4;2;1;54;0;5138956;154;0
11;19;78;14;16;29;53;3.60;2;1;1;50;0;5138953;413;0
11;19;78;14;16;29;98;5.20;3;2;1;56;0;5138998;153;0
11;19;78;14;16;30;20;3.60;1;1;1;49;0;5139020;182;0
11;19;78;14;16;30;30;3.80;2;1;1;48;0;5139030;51;0
11;19;78;14;16;30;89;3.60;4;2;1;55;0;5139089;107;5138507
11;19;78;14;16;31;19;5.40;2;1;1;46;0;5139119;60;5138507
11;19;78;14;16;31;70;3.80;3;2;1;55;0;5139170;138;5138507
11;19;78;14;16;31;74;3.60;1;1;1;50;0;5139174;127;5138460
11;19;78;14;16;32;42;3.80;2;1;1;47;0;5139242;80;5138460
11;19;78;14;16;33;36;3.60;4;2;1;50;0;5139336;223;0
11;19;78;14;16;33;53;3.80;1;1;1;46;0;5139353;153;5138460
11;19;78;14;16;34;16;3.80;4;2;1;51;0;5139416;54;5138460
11;19;78;14;16;33;87;8.80;3;2;2;57;0;5139387;192;5138460
11;19;78;14;16;34;97;4.60;4;2;1;51;0;5139497;54;5138460
11;19;78;14;16;35;19;3.60;1;1;1;43;0;5139519;136;5138460
11;19;78;14;16;36;3;3.80;3;2;1;55;0;5139603;160;5138819
11;19;78;14;16;36;13;3.00;4;2;1;52;0;5139613;83;5138819
11;19;78;14;16;35;89;10.00;2;1;6;45;0;5139589;317;0
11;19;78;14;16;36;48;3.00;1;1;1;41;0;5139648;98;5138460
11;19;78;14;16;37;0;3.40;3;2;1;54;0;5139700;72;5138819
11;19;78;14;16;37;34;3.60;4;2;1;52;0;5139734;100;5139336
11;19;78;14;16;38;30;6.00;2;1;1;43;0;5139830;161;5139336
11;19;78;14;16;38;85;3.60;3;2;1;55;0;5139885;162;5138819
11;19;78;14;16;39;42;3.40;4;2;1;51;0;5139942;183;5139336
11;19;78;14;16;40;14;2.80;2;1;1;46;0;5140014;133;5139336
11;19;78;14;16;40;49;3.20;3;2;1;55;0;5140049;140;5138819
11;19;78;14;16;40;89;3.20;1;1;1;52;0;5140089;414;0
11;19;78;14;16;41;46;3.00;3;2;1;54;0;5140146;76;5138819
11;19;78;14;16;41;65;12.20;4;2;3;49;0;5140165;199;5139336
11;19;78;14;16;43;71;3.60;2;1;1;56;0;5140371;335;0
11;19;78;14;16;43;96;3.80;4;2;1;49;0;5140396;141;5139336
11;19;78;14;16;44;13;3.60;1;1;1;53;0;5140413;301;0
11;19;78;14;16;44;54;4.40;3;2;1;65;0;5140454;288;0
11;19;78;14;16;45;46;4.20;4;2;1;52;0;5140546;122;5139336
11;19;78;14;16;48;8;4.00;4;2;1;52;0;5140808;232;0
11;19;78;14;16;48;74;3.60;1;1;1;57;0;5140874;436;0
11;19;78;14;16;49;65;3.20;3;2;1;58;0;5140965;486;0
11;19;78;14;16;50;91;3.20;3;2;1;57;0;5141091;106;0
11;19;78;14;16;52;20;4.80;3;2;1;55;0;5141220;108;0
11;19;78;14;16;52;45;3.80;4;2;1;46;0;5141245;409;0
11;19;78;14;16;54;34;3.60;1;1;1;50;0;5141434;537;0
11;19;78;14;16;54;57;3.20;4;2;1;46;0;5141457;182;0
11;19;78;14;16;56;3;3.20;1;1;1;49;0;5141603;143;0
11;19;78;14;16;56;13;3.40;4;2;1;46;0;5141613;130;0
11;19;78;14;16;57;27;3.80;1;1;1;49;0;5141727;100;0
11;19;78;14;16;57;40;3.80;2;1;1;59;0;5141740;1345;0
11;19;78;14;16;58;39;4.80;2;1;1;58;0;5141839;75;0
11;19;78;14;16;59;41;3.40;1;1;1;48;0;5141941;186;0
11;19;78;14;17;2;1;3.80;4;2;1;57;0;5142201;561;0
11;19;78;14;17;5;27;3.40;4;2;1;57;0;5142527;302;0
11;19;78;14;17;7;29;3.00;2;1;1;62;0;5142729;860;0
11;19;78;14;17;15;19;4.60;4;2;1;59;0;5143519;970;0
11;19;78;14;17;17;20;3.40;4;2;1;64;0;5143720;172;0
11;19;78;14;17;17;63;3.00;3;2;1;72;0;5143763;2511;0
11;19;78;14;17;20;78;3.60;4;2;1;58;0;5144078;338;0
11;19;78;14;17;22;62;3.80;3;2;1;57;0;5144262;484;0
11;19;78;14;17;22;80;3.60;4;2;1;56;0;5144280;179;0
11;19;78;14;17;24;78;3.80;4;2;1;54;0;5144478;174;0
11;19;78;14;17;29;63;3.80;4;2;1;54;0;5144963;459;0
11;19;78;14;17;31;59;3.40;4;2;1;51;0;5145159;170;0
11;19;78;14;17;35;18;3.80;4;2;1;52;0;5145518;335;0
11;19;78;14;17;37;75;4.60;1;1;1;55;0;5145775;3808;0
11;19;78;14;17;37;97;4.80;4;2;1;59;0;5145797;252;0
11;19;78;14;17;38;33;3.20;3;2;1;57;0;5145833;1547;0
11;19;78;14;17;41;52;3.40;1;1;1;56;0;5146152;346;0
11;19;78;14;17;42;61;3.80;1;1;1;58;0;5146261;87;0
11;19;78;14;17;44;20;3.20;4;2;1;52;0;5146420;593;0
11;19;78;14;17;47;64;3.80;2;1;1;56;0;5146764;4017;0
11;19;78;14;17;48;97;3.40;1;1;1;53;0;5146897;612;0
11;19;78;14;17;49;81;4.20;2;1;1;57;0;5146981;192;0
11;19;78;14;17;51;25;4.00;2;1;1;56;0;5147125;117;0
11;19;78;14;17;51;81;3.20;1;1;1;50;0;5147181;260;0
11;19;78;14;17;53;0;3.40;3;2;1;68;0;5147300;1446;0
11;19;78;14;17;53;3;4.00;1;1;1;48;0;5147303;98;0
11;19;78;14;17;53;50;4.20;2;1;1;56;0;5147350;199;0
11;19;78;14;17;53;99;3.60;1;1;1;47;0;5147399;66;0
11;19;78;14;17;54;16;4.00;3;2;1;68;0;5147416;98;0
11;19;78;14;17;54;43;3.60;4;2;1;55;0;5147443;1000;0
11;19;78;14;17;55;22;3.40;2;1;1;55;0;5147522;145;5146764
11;19;78;14;17;55;91;3.80;4;2;1;56;0;5147591;124;5146764
11;19;78;14;17;55;90;3.60;1;1;1;49;0;5147590;163;5146764
11;19;78;14;17;56;32;3.80;2;1;1;55;0;5147632;87;5146764
11;19;78;14;17;57;54;3.40;3;2;1;63;0;5147754;316;0
11;19;78;14;17;58;41;3.80;2;1;1;54;0;5147841;184;5146764
11;19;78;14;17;59;36;3.20;1;1;1;53;0;5147936;319;0
11;19;78;14;17;59;81;3.20;2;1;1;57;0;5147981;114;5146764
11;19;78;14;18;0;31;3.80;4;2;1;57;0;5148031;415;0
11;19;78;14;18;2;18;3.60;3;2;1;63;0;5148218;444;0
11;19;78;14;18;2;28;3.40;1;1;1;51;0;5148228;270;0
11;19;78;14;18;3;5;3.60;2;1;1;63;0;5148305;303;0
11;19;78;14;18;3;73;3.60;3;2;1;63;0;5148373;134;0
11;19;78;14;18;5;10;4.00;3;2;1;63;0;5148510;116;0
11;19;78;14;18;5;36;4.00;1;1;1;49;0;5148536;284;0
11;19;78;14;18;5;66;3.60;4;2;1;60;0;5148566;511;0
11;19;78;14;18;6;43;3.60;3;2;1;62;0;5148643;110;0
11;19;78;14;18;6;92;3.60;1;1;1;50;0;5148692;126;0
11;19;78;14;18;7;58;3.40;4;2;1;56;0;5148758;170;0
11;19;78;14;18;7;86;3.40;3;2;1;61;0;5148786;122;5148218
11;19;78;14;18;9;12;4.00;4;2;1;55;0;5148912;132;5148218
11;19;78;14;18;9;40;7.40;2;1;2;57;0;5148940;614;0
11;19;78;14;18;9;54;3.60;1;1;1;46;0;5148954;236;0
11;19;78;14;18;10;27;3.60;3;2;1;61;0;5149027;220;0
11;19;78;14;18;10;65;3.20;1;1;1;43;0;5149065;82;0
11;19;78;14;18;10;76;3.20;4;2;1;55;0;5149076;137;0
11;19;78;14;18;11;41;4.60;3;2;1;58;0;5149141;92;0
11;19;78;14;18;12;0;4.00;1;1;1;43;0;5149200;108;0
11;19;78;14;18;12;39;3.80;4;2;1;54;0;5149239;142;5148566
11;19;78;14;18;12;61;3.80;3;2;1;57;0;5149261;91;5148566
11;19;78;14;18;13;36;9.20;4;2;2;54;0;5149336;71;5148566
11;19;78;14;18;14;41;3.20;3;2;1;58;0;5149441;156;5148566
11;19;78;14;18;15;7;3.60;4;2;1;55;0;5149507;109;5148566
11;19;78;14;18;15;76;3.00;1;1;1;43;0;5149576;342;0
11;19;78;14;18;16;40;3.80;3;2;1;58;0;5149640;179;5149027
11;19;78;14;18;16;47;3.40;2;1;1;53;0;5149647;660;0
11;19;78;14;18;16;74;3.60;4;2;1;53;0;5149674;143;5148566
11;19;78;14;18;16;65;4.40;1;1;1;43;0;5149665;63;5148566
11;19;78;14;18;17;81;3.60;2;1;1;52;0;5149781;110;5148566
11;19;78;14;18;18;70;4.00;2;1;1;50;0;5149870;64;5148566
11;19;78;14;18;18;76;3.80;3;2;1;55;0;5149876;212;0
11;19;78;14;18;19;17;3.40;4;2;1;51;0;5149917;218;0
11;19;78;14;18;18;74;15.60;1;1;4;42;0;5149874;172;0
11;19;78;14;18;20;43;3.60;3;2;1;55;0;5150043;142;0
11;19;78;14;18;21;86;3.40;3;2;1;53;0;5150186;119;0
11;19;78;14;18;21;89;3.00;1;1;1;46;0;5150189;181;0
11;19;78;14;18;23;9;4.00;1;1;1;48;0;5150309;96;5149576
11;19;78;14;18;23;34;3.00;3;2;1;53;0;5150334;124;5149576
11;19;78;14;18;23;56;11.80;4;2;2;45;0;5150356;415;0
11;19;78;14;18;24;56;3.60;2;1;1;57;0;5150456;557;0
11;19;78;14;18;24;73;3.60;3;2;1;52;0;5150473;118;5149876
11;19;78;14;18;25;79;3.40;3;2;1;51;0;5150579;81;5149876
11;19;78;14;18;26;18;3.40;4;2;1;45;0;5150618;167;5149876
11;19;78;14;18;27;57;5.20;3;2;1;57;0;5150757;154;5149876
11;19;78;14;18;27;97;7.40;4;2;2;47;0;5150797;151;5149876
11;19;78;14;18;29;46;3.20;2;1;1;58;0;5150946;467;0
11;19;78;14;18;30;2;3.80;4;2;1;46;0;5151002;148;0
11;19;78;14;18;30;91;9.60;1;1;6;61;0;5151091;752;0
11;19;78;14;18;32;98;5.20;3;2;1;64;0;5151298;508;0
11;19;78;14;18;33;63;3.60;1;1;1;55;0;5151363;215;0
11;19;78;14;18;33;83;3.00;4;2;1;44;0;5151383;351;0
11;19;78;14;18;39;11;3.80;1;1;1;56;0;5151911;524;0
11;19;78;14;18;46;73;3.20;1;1;1;61;0;5152673;737;0
11;19;78;14;18;54;93;3.60;3;2;1;59;0;5153493;2165;0
11;19;78;14;18;57;4;3.60;4;2;1;64;0;5153704;2296;0
11;19;78;14;18;59;17;3.80;4;2;1;65;0;5153917;192;0
11;19;78;14;18;59;84;4.40;3;2;1;58;0;5153984;469;0
11;19;78;14;19;7;67;5.20;3;2;1;62;0;5154767;755;0
11;19;78;14;19;9;15;3.60;3;2;1;58;0;5154915;117;0
11;19;78;14;19;9;25;3.40;4;2;1;54;0;5154925;986;0
11;19;78;14;19;11;20;3.60;4;2;1;54;0;5155120;172;0
11;19;78;14;19;12;45;3.60;3;2;1;52;0;5155245;307;0
11;19;78;14;19;13;24;3.20;4;2;1;53;0;5155324;180;0
11;19;78;14;19;14;48;3.40;4;2;1;49;0;5155448;102;0
11;19;78;14;19;14;23;12.20;3;2;3;58;0;5155423;153;0
11;19;78;14;19;17;57;4.40;4;2;1;56;0;5155757;284;0
11;19;78;14;19;19;23;3.60;4;2;1;58;0;5155923;137;0
11;19;78;14;19;21;87;3.20;4;2;1;58;0;5156187;241;0
11;19;78;14;19;25;18;3.40;4;2;1;64;0;5156518;311;0
11;19;78;14;19;27;30;3.80;4;2;1;62;0;5156730;192;0
11;19;78;14;19;29;22;3.80;3;2;1;65;0;5156922;1423;0
11;19;78;14;19;30;35;3.60;4;2;1;58;0;5157035;282;0
11;19;78;14;19;32;69;3.60;3;2;1;58;0;5157269;325;0
11;19;78;14;19;35;15;3.80;4;2;1;62;0;5157515;457;0
11;19;78;14;19;37;13;3.60;2;1;1;58;0;5157713;6747;0
11;19;78;14;19;36;55;11.40;1;1;3;47;0;5157655;4963;0
11;19;78;14;19;38;32;3.40;3;2;1;57;0;5157832;540;0
11;19;78;14;19;39;5;3.80;3;2;1;54;0;5157905;51;0
11;19;78;14;19;39;25;3.80;1;1;1;47;0;5157925;182;0
11;19;78;14;19;41;11;3.60;1;1;1;48;0;5158111;156;0
11;19;78;14;19;41;22;3.00;4;2;1;50;0;5158122;584;0
11;19;78;14;19;41;92;3.20;2;1;1;52;0;5158192;456;0
11;19;78;14;19;42;17;3.40;4;2;1;50;0;5158217;73;0
11;19;78;14;19;42;61;7.60;2;1;2;53;0;5158261;46;0
11;19;78;14;19;44;59;4.40;2;1;1;57;0;5158459;146;0
11;19;78;14;19;45;26;5.20;1;1;1;47;0;5158526;388;0
11;19;78;14;19;45;60;3.40;3;2;1;57;0;5158560;629;0
11;19;78;14;19;46;55;3.80;2;1;1;52;0;5158655;168;0
11;19;78;14;19;46;69;3.60;3;2;1;55;0;5158669;87;0
11;19;78;14;19;46;60;3.80;1;1;1;49;0;5158660;94;0
11;19;78;14;19;46;81;6.60;4;2;1;52;0;5158681;439;0
11;19;78;14;19;47;82;3.40;3;2;1;59;0;5158782;89;0
11;19;78;14;19;48;83;4.40;4;2;1;49;0;5158883;156;0
11;19;78;14;19;49;7;3.60;1;1;1;48;0;5158907;219;0
11;19;78;14;19;49;16;4.40;3;2;1;58;0;5158916;113;0
11;19;78;14;19;49;44;3.60;2;1;1;48;0;5158944;262;0
11;19;78;14;19;50;32;3.80;4;2;1;54;0;5159032;116;0
11;19;78;14;19;51;17;5.00;1;1;1;46;0;5159117;183;0
11;19;78;14;19;51;48;3.80;2;1;1;44;0;5159148;177;0
11;19;78;14;19;52;56;3.60;3;2;1;57;0;5159256;312;0
11;19;78;14;19;52;62;5.00;4;2;1;49;0;5159262;204;0
11;19;78;14;19;52;96;3.80;2;1;1;53;0;5159296;116;0
11;19;78;14;19;53;26;3.60;1;1;1;46;0;5159326;169;0
11;19;78;14;19;53;98;4.40;3;2;1;54;0;5159398;119;0
11;19;78;14;19;54;66;10.00;4;2;2;49;0;5159466;167;0
11;19;78;14;19;55;2;3.00;2;1;1;53;0;5159502;180;0
11;19;78;14;19;55;2;3.40;1;1;1;44;0;5159502;147;0
11;19;78;14;19;55;80;4.40;3;2;1;52;0;5159580;152;0
11;19;78;14;19;56;52;4.00;4;2;1;50;0;5159652;112;0
11;19;78;14;19;57;42;3.20;3;2;1;51;0;5159742;131;0
11;19;78;14;19;57;39;3.60;1;1;1;48;0;5159739;209;0
11;19;78;14;19;57;43;3.80;2;1;1;53;0;5159743;220;0
11;19;78;14;19;57;87;3.60;4;2;1;48;0;5159787;106;0
11;19;78;14;19;58;16;4.00;3;2;1;49;0;5159816;51;5159256
11;19;78;14;19;58;41;3.80;2;1;1;52;0;5159841;72;5159256
11;19;78;14;19;58;75;3.20;4;2;1;51;0;5159875;61;5159262
11;19;78;14;19;59;32;4.60;3;2;1;48;0;5159932;86;5159256
11;19;78;14;19;59;88;4.00;1;1;1;46;0;5159988;222;0
11;19;78;14;20;1;31;3.80;2;1;1;51;0;5160131;263;0
11;19;78;14;20;1;49;3.60;4;2;1;58;0;5160149;251;0
11;19;78;14;20;1;69;3.60;1;1;1;43;0;5160169;149;0
11;19;78;14;20;1;76;3.80;3;2;1;51;0;5160176;209;0
11;19;78;14;20;2;67;3.60;1;1;1;43;0;5160267;67;0
11;19;78;14;20;2;96;3.60;2;1;1;47;0;5160296;138;0
11;19;78;14;20;3;84;3.80;3;2;1;52;0;5160384;181;0
11;19;78;14;20;3;80;3.60;1;1;1;40;0;5160380;82;0
11;19;78;14;20;4;13;3.20;4;2;1;59;0;5160413;241;0
11;19;78;14;20;5;77;3.40;3;2;1;56;0;5160577;166;0
11;19;78;14;20;5;77;3.80;1;1;1;43;0;5160577;164;5159988
11;19;78;14;20;6;56;3.60;2;1;1;49;0;5160656;332;0
11;19;78;14;20;7;10;3.60;3;2;1;58;0;5160710;111;0
11;19;78;14;20;7;23;4.60;4;2;1;56;0;5160723;290;0
11;19;78;14;20;7;78;3.40;1;1;1;44;0;5160778;169;5159988
11;19;78;14;20;8;69;3.60;4;2;1;55;0;5160869;116;5159988
11;19;78;14;20;9;41;3.60;1;1;1;45;0;5160941;135;5159988
11;19;78;14;20;9;58;3.60;2;1;1;53;0;5160958;275;0
11;19;78;14;20;10;80;3.80;2;1;1;54;0;5161080;97;0
11;19;78;14;20;10;78;4.00;1;1;1;41;0;5161078;108;5159988
11;19;78;14;20;11;26;3.20;4;2;1;53;0;5161126;233;0
11;19;78;14;20;12;28;3.60;1;1;1;44;0;5161228;114;5159988
11;19;78;14;20;13;88;9.40;2;1;2;55;0;5161388;282;0
11;19;78;14;20;14;53;16.80;1;1;4;44;0;5161453;195;5159988
11;19;78;14;20;17;2;3.20;1;1;1;42;0;5161702;111;5159988
11;19;78;14;20;18;5;3.80;1;1;1;43;0;5161805;75;5159988
11;19;78;14;20;19;91;3.60;1;1;1;40;0;5161991;154;5159988
11;19;78;14;20;20;91;3.80;2;1;1;56;0;5162091;641;0
11;19;78;14;20;21;81;3.40;1;1;1;40;0;5162181;157;5159988
11;19;78;14;20;22;36;3.40;2;1;1;58;0;5162236;120;5159988
11;19;78;14;20;23;89;4.00;1;1;1;40;0;5162389;177;5159988
11;19;78;14;20;26;39;3.20;4;2;1;58;0;5162639;1491;0
11;19;78;14;20;26;5;4.00;1;1;1;39;0;5162605;180;5159988
11;19;78;14;20;27;90;3.60;1;1;1;38;0;5162790;148;5159988
11;19;78;14;20;29;71;3.60;1;1;1;38;0;5162971;146;5159988
11;19;78;14;20;31;82;3.60;1;1;1;39;0;5163182;176;5159988
11;19;78;14;20;33;89;3.40;1;1;1;38;0;5163389;173;5159988
11;19;78;14;20;35;72;3.00;1;1;1;38;0;5163572;150;5159988
11;19;78;14;20;37;42;3.20;1;1;1;38;0;5163742;141;5159988
11;19;78;14;20;40;23;4.00;4;2;1;60;0;5164023;1364;0
11;19;78;14;20;40;9;3.80;1;1;1;34;0;5164009;236;0
11;19;78;14;20;41;90;3.40;3;2;1;72;0;5164190;3457;0
11;19;78;14;20;41;60;3.80;1;1;1;32;0;5164160;110;0
11;19;78;14;20;42;24;4.00;4;2;1;58;0;5164224;177;0
11;19;78;14;20;43;74;3.80;4;2;1;60;0;5164374;125;0
11;19;78;14;20;44;33;3.60;3;2;1;63;0;5164433;226;0
11;19;78;14;20;44;89;6.20;1;1;1;33;0;5164489;286;0
11;19;78;14;20;49;34;3.60;4;2;1;50;0;5164934;537;0
11;19;78;14;20;51;33;3.40;4;2;1;45;0;5165133;173;0
11;19;78;14;20;54;35;3.80;4;2;1;69;0;5165435;274;0
11;19;78;14;20;55;28;3.80;3;2;1;55;0;5165528;1074;0
11;19;78;14;20;56;8;3.00;3;2;1;53;0;5165608;55;0
11;19;78;14;20;56;82;4.40;2;1;1;51;0;5165682;3424;0
11;19;78;14;21;0;87;3.20;3;2;1;57;0;5166087;458;0
11;19;78;14;21;2;37;3.40;1;1;1;54;0;5166237;1680;0
11;19;78;14;21;2;50;3.20;4;2;1;53;0;5166250;795;0
11;19;78;14;21;4;35;3.00;4;2;1;51;0;5166435;163;0
11;19;78;14;21;5;72;3.20;4;2;1;67;0;5166572;115;0
11;19;78;14;21;9;23;3.80;3;2;1;61;0;5166923;815;0
11;19;78;14;21;9;62;3.80;4;2;1;61;0;5166962;372;0
11;19;78;14;21;11;94;3.80;3;2;1;58;0;5167194;248;0
11;19;78;14;21;12;51;3.20;4;2;1;60;0;5167251;266;0
11;19;78;14;21;13;2;3.80;3;2;1;57;0;5167302;84;0
11;19;78;14;21;15;15;3.20;3;2;1;57;0;5167515;189;0
11;19;78;14;21;16;6;4.60;3;2;1;54;0;5167606;70;0
11;19;78;14;21;17;58;3.60;3;2;1;54;0;5167758;121;5167194
11;19;78;14;21;20;22;3.40;3;2;1;55;0;5168022;240;0
11;19;78;14;21;20;42;3.80;2;1;1;53;0;5168042;2328;0
11;19;78;14;21;20;92;3.00;4;2;1;49;0;5168092;821;0
11;19;78;14;21;21;69;3.60;3;2;1;57;0;5168169;124;0
11;19;78;14;21;22;33;3.80;4;2;1;49;0;5168233;118;0
11;19;78;14;21;23;4;3.60;3;2;1;57;0;5168304;112;0
11;19;78;14;21;23;22;7.80;4;2;2;48;0;5168322;61;0
11;19;78;14;21;24;93;3.60;3;2;1;59;0;5168493;166;0
11;19;78;14;21;25;14;3.20;1;1;1;67;0;5168514;2254;0
11;19;78;14;21;25;68;3.60;4;2;1;49;0;5168568;187;0
11;19;78;14;21;26;62;3.60;3;2;1;55;0;5168662;147;5168022
11;19;78;14;21;27;99;3.00;3;2;1;56;0;5168799;113;5168022
11;19;78;14;21;27;76;3.20;1;1;1;63;0;5168776;244;0
11;19;78;14;21;27;73;3.40;2;1;1;56;0;5168773;705;0
11;19;78;14;21;28;41;3.80;4;2;1;52;0;5168841;246;0
11;19;78;14;21;28;93;3.80;1;1;1;61;0;5168893;98;0
11;19;78;14;21;29;22;3.80;3;2;1;53;0;5168922;103;5168022
11;19;78;14;21;29;55;3.40;2;1;1;53;0;5168955;160;5168022
11;19;78;14;21;30;27;3.80;4;2;1;52;0;5169027;159;5168022
11;19;78;14;21;30;41;3.20;3;2;1;55;0;5169041;93;5168022
11;19;78;14;21;31;29;4.60;2;1;1;56;0;5169129;150;5168022
11;19;78;14;21;31;65;3.60;1;1;1;56;0;5169165;249;0
11;19;78;14;21;31;58;4.40;4;2;1;52;0;5169158;104;0
11;19;78;14;21;31;87;3.60;3;2;1;52;0;5169187;125;5168022
11;19;78;14;21;33;14;3.60;3;2;1;53;0;5169314;102;5168022
11;19;78;14;21;33;29;3.60;4;2;1;51;0;5169329;140;5168022
11;19;78;14;21;33;36;4.00;1;1;1;55;0;5169336;147;5168022
11;19;78;14;21;34;47;3.00;4;2;1;53;0;5169447;92;5168841
11;19;78;14;21;34;43;3.00;2;1;1;51;0;5169443;284;0
11;19;78;14;21;35;42;3.00;4;2;1;52;0;5169542;74;5168841
11;19;78;14;21;35;55;3.40;3;2;1;57;0;5169555;216;0
11;19;78;14;21;35;62;3.80;1;1;1;50;0;5169562;199;0
11;19;78;14;21;35;63;3.80;2;1;1;52;0;5169563;98;0
11;19;78;14;21;36;76;3.20;2;1;1;52;0;5169676;86;0
11;19;78;14;21;37;46;4.20;3;2;1;60;0;5169746;169;0
11;19;78;14;21;37;57;3.80;1;1;1;51;0;5169757;167;0
11;19;78;14;21;38;58;3.20;1;1;1;51;0;5169858;74;5169165
11;19;78;14;21;39;21;4.20;2;1;1;61;0;5169921;222;0
11;19;78;14;21;39;46;3.40;3;2;1;67;0;5169946;174;0
11;19;78;14;21;39;41;4.60;1;1;1;49;0;5169941;60;5169165
11;19;78;14;21;39;55;3.00;4;2;1;54;0;5169955;392;0
11;19;78;14;21;40;44;3.60;4;2;1;62;0;5170044;69;0
11;19;78;14;21;41;41;3.80;1;1;1;50;0;5170141;166;5169165
11;19;78;14;21;43;48;3.40;3;2;1;59;0;5170348;383;0
11;19;78;14;21;43;51;3.20;1;1;1;50;0;5170351;182;5169165
11;19;78;14;21;44;26;3.80;2;1;1;59;0;5170426;480;0
11;19;78;14;21;44;79;4.20;3;2;1;58;0;5170479;110;0
11;19;78;14;21;45;1;3.20;1;1;1;50;0;5170501;126;5169165
11;19;78;14;21;45;63;3.20;2;1;1;56;0;5170563;113;5169165
11;19;78;14;21;46;74;3.60;3;2;1;54;0;5170674;168;5169165
11;19;78;14;21;47;36;3.60;2;1;1;56;0;5170736;152;5169165
11;19;78;14;21;47;81;3.40;4;2;1;49;0;5170781;716;0
11;19;78;14;21;49;4;3.60;4;2;1;50;0;5170904;98;0
11;19;78;14;21;49;87;3.00;3;2;1;52;0;5170987;289;0
11;19;78;14;21;50;20;3.80;1;1;1;51;0;5171020;495;0
11;19;78;14;21;50;86;3.40;4;2;1;50;0;5171086;156;0
11;19;78;14;21;51;91;4.00;3;2;1;53;0;5171191;183;0
11;19;78;14;21;52;34;4.00;4;2;1;50;0;5171234;123;0
11;19;78;14;21;52;17;12.40;1;1;7;51;0;5171217;170;0
11;19;78;14;21;53;92;3.40;3;2;1;51;0;5171392;173;0
11;19;78;14;21;53;88;4.80;1;1;1;51;0;5171388;83;0
11;19;78;14;21;54;25;3.00;4;2;1;50;0;5171425;162;5170781
11;19;78;14;21;54;58;4.00;2;1;1;58;0;5171458;698;0
11;19;78;14;21;55;28;3.20;4;2;1;50;0;5171528;81;5170781
11;19;78;14;21;55;36;3.80;3;2;1;50;0;5171536;120;5170781
11;19;78;14;21;55;48;3.80;1;1;1;49;0;5171548;126;5170781
11;19;78;14;21;56;87;3.20;4;2;1;50;0;5171687;135;5170781
11;19;78;14;21;59;20;3.60;1;1;1;51;0;5171920;344;0
11;19;78;14;22;0;62;5.20;1;1;1;48;0;5172062;116;0
11;19;78;14;22;2;30;3.80;2;1;1;52;0;5172230;747;0
11;19;78;14;22;2;56;3.20;1;1;1;50;0;5172256;155;0
11;19;78;14;22;2;90;3.40;4;2;1;63;0;5172290;579;0
11;19;78;14;22;4;52;3.60;1;1;1;52;0;5172452;172;0
11;19;78;14;22;6;33;3.80;1;1;1;47;0;5172633;156;5171920
11;19;78;14;22;9;19;4.00;2;1;1;50;0;5172919;662;0
11;19;78;14;22;11;19;3.80;2;1;1;54;0;5173119;171;0
11;19;78;14;22;15;1;3.60;2;1;1;58;0;5173501;356;0
11;19;78;14;22;17;77;3.40;1;1;1;58;0;5173777;1114;0
11;19;78;14;22;19;6;3.80;2;1;1;60;0;5173906;382;0
11;19;78;14;22;19;54;3.60;3;2;1;59;0;5173954;2390;0
11;19;78;14;22;20;78;4.40;1;1;1;58;0;5174078;279;0
11;19;78;14;22;22;3;3.60;4;2;1;57;0;5174203;1893;0
11;19;78;14;22;22;17;3.80;3;2;1;60;0;5174217;241;0
11;19;78;14;22;24;24;3.40;3;2;1;59;0;5174424;184;0
11;19;78;14;22;24;18;6.00;4;2;1;55;0;5174418;192;0
11;19;78;14;22;26;17;3.60;3;2;1;59;0;5174617;172;0
11;19;78;14;22;31;38;3.80;4;2;1;56;0;5175138;680;0
11;19;78;14;22;34;68;4.00;4;2;1;54;0;5175468;305;0
11;19;78;14;22;36;68;3.60;1;1;1;52;0;5175668;1562;0
11;19;78;14;22;36;80;3.20;4;2;1;53;0;5175680;185;0
11;19;78;14;22;42;3;3.80;4;2;1;63;0;5176203;501;0
11;19;78;14;22;46;84;3.80;3;2;1;63;0;5176684;2045;0
11;19;78;14;22;47;28;3.40;4;2;1;62;0;5176728;503;0
11;19;78;14;22;47;90;3.40;3;2;1;65;0;5176790;84;0
11;19;78;14;22;49;45;3.40;4;2;1;63;0;5176945;197;0
11;19;78;14;22;51;32;3.60;4;2;1;64;0;5177132;167;0
11;19;78;14;22;52;60;3.40;3;2;1;64;0;5177260;451;0
11;19;78;14;22;56;21;3.20;3;2;1;60;0;5177621;341;0
11;19;78;14;22;56;45;3.60;4;2;1;64;0;5177645;492;0
11;19;78;14;22;58;34;3.60;4;2;1;56;0;5177834;168;0
11;19;78;14;22;59;10;3.80;3;2;1;63;0;5177910;269;0
11;19;78;14;22;59;60;3.80;4;2;1;56;0;5177960;102;0
11;19;78;14;23;0;52;3.80;3;2;1;59;0;5178052;120;0
11;19;78;14;23;1;59;5.20;3;2;1;57;0;5178159;83;0
11;19;78;14;23;3;70;3.00;4;2;1;56;0;5178370;385;0
11;19;78;14;23;4;89;3.40;3;2;1;60;0;5178489;297;0
11;19;78;14;23;5;88;3.40;4;2;1;55;0;5178588;198;0
11;19;78;14;23;6;39;3.40;3;2;1;61;0;5178639;129;0
11;19;78;14;23;7;26;3.80;4;2;1;56;0;5178726;115;0
11;19;78;14;23;8;47;3.60;3;2;1;63;0;5178847;187;0
11;19;78;14;23;9;21;4.40;4;2;1;56;0;5178921;170;0
11;19;78;14;23;9;43;4.60;3;2;1;62;0;5178943;75;0
11;19;78;14;23;11;7;3.60;3;2;1;59;0;5179107;137;5178489
11;19;78;14;23;16;94;3.40;3;2;1;60;0;5179694;565;0
11;19;78;14;23;17;65;12.40;4;2;3;54;0;5179765;815;0
11;19;78;14;23;19;71;3.40;4;2;1;55;0;5179971;123;0
11;19;78;14;23;22;25;3.60;3;2;1;58;0;5180225;510;0
11;19;78;14;23;24;9;4.40;3;2;1;58;0;5180409;161;0
11;19;78;14;23;25;54;3.60;4;2;1;52;0;5180554;560;0
11;19;78;14;23;25;66;3.20;3;2;1;59;0;5180566;129;0
11;19;78;14;23;26;59;4.40;3;2;1;60;0;5180659;73;0
11;19;78;14;23;27;47;3.60;4;2;1;49;0;5180747;168;0
11;19;78;14;23;28;18;3.80;3;2;1;59;0;5180818;132;5180225
11;19;78;14;23;28;0;5.60;1;1;1;53;0;5180800;5107;0
11;19;78;14;23;28;47;4.40;4;2;1;48;0;5180847;73;0
11;19;78;14;23;29;76;6.00;4;2;1;45;0;5180976;96;0
11;19;78;14;23;30;57;3.60;3;2;1;58;0;5181057;215;0
11;19;78;14;23;31;44;3.80;3;2;1;58;0;5181144;64;0
11;19;78;14;23;31;41;3.80;4;2;1;44;0;5181141;117;5180554
11;19;78;14;23;32;0;4.00;1;1;1;62;0;5181200;361;0
11;19;78;14;23;32;71;3.80;2;1;1;59;0;5181271;7342;0
11;19;78;14;23;33;82;3.60;3;2;1;58;0;5181382;214;0
11;19;78;14;23;33;83;3.60;1;1;1;55;0;5181383;159;0
11;19;78;14;23;34;74;5.20;2;1;1;60;0;5181474;179;0
11;19;78;14;23;34;60;14.20;4;2;4;47;0;5181460;287;0
11;19;78;14;23;35;80;3.60;3;2;1;59;0;5181580;175;0
11;19;78;14;23;36;44;3.60;4;2;1;48;0;5181644;75;0
11;19;78;14;23;36;51;6.40;1;1;1;56;0;5181651;244;0
11;19;78;14;23;37;76;3.40;4;2;1;48;0;5181776;105;0
11;19;78;14;23;38;81;3.40;1;1;1;54;0;5181881;188;0
11;19;78;14;23;40;14;3.20;1;1;1;57;0;5182014;110;0
11;19;78;14;23;40;61;3.60;4;2;1;48;0;5182061;259;0
11;19;78;14;23;41;45;3.40;3;2;1;55;0;5182145;543;0
11;19;78;14;23;42;29;3.40;4;2;1;46;0;5182229;141;0
11;19;78;14;23;42;43;3.40;2;1;1;54;0;5182243;737;0
11;19;78;14;23;44;18;3.60;2;1;1;54;0;5182418;152;0
11;19;78;14;23;45;2;4.40;4;2;1;54;0;5182502;246;0
11;19;78;14;23;45;79;3.60;2;1;1;54;0;5182579;137;0
11;19;78;14;23;45;83;12.80;1;1;3;52;0;5182583;548;0
11;19;78;14;23;46;66;3.80;4;2;1;53;0;5182666;134;0
11;19;78;14;23;47;57;3.00;2;1;1;54;0;5182757;154;0
11;19;78;14;23;48;33;5.00;1;1;1;51;0;5182833;161;0
11;19;78;14;23;48;54;3.00;2;1;1;52;0;5182854;77;5182243
11;19;78;14;23;50;58;4.60;1;1;1;49;0;5183058;189;5182243
11;19;78;14;23;51;14;3.60;2;1;1;50;0;5183114;239;0
11;19;78;14;23;51;73;3.60;4;2;1;52;0;5183173;481;0
11;19;78;14;23;52;91;4.80;1;1;1;49;0;5183291;199;0
11;19;78;14;23;53;87;3.40;1;1;1;45;0;5183387;60;5182583
11;19;78;14;23;54;21;3.80;4;2;1;54;0;5183421;223;0
11;19;78;14;23;54;94;3.80;2;1;1;53;0;5183494;354;0
11;19;78;14;23;55;57;3.80;1;1;1;49;0;5183557;142;5182583
11;19;78;14;23;56;95;3.60;2;1;1;48;0;5183695;175;5182583
11;19;78;14;23;57;86;3.20;1;1;1;49;0;5183786;201;0
11;19;78;14;23;59;29;3.60;1;1;1;48;0;5183929;119;0
11;19;78;14;23;59;35;4.40;2;1;1;49;0;5183935;213;0
11;19;78;14;24;1;11;4.80;1;1;1;46;0;5184111;155;0
11;19;78;14;24;1;97;4.20;2;1;1;49;0;5184197;229;0
11;19;78;14;24;3;16;4.00;2;1;1;49;0;5184316;88;0
11;19;78;14;24;4;13;3.40;4;2;1;51;0;5184413;966;0
11;19;78;14;24;4;44;3.60;1;1;1;48;0;5184444;295;0
11;19;78;14;24;4;59;3.80;2;1;1;50;0;5184459;113;0
11;19;78;14;24;6;10;3.20;1;1;1;47;0;5184610;139;0
11;19;78;14;24;6;3;3.60;2;1;1;45;0;5184603;116;0
11;19;78;14;24;6;74;3.60;3;2;1;58;0;5184674;2506;0
11;19;78;14;24;6;26;11.00;4;2;2;51;0;5184626;189;0
11;19;78;14;24;7;25;3.60;2;1;1;52;0;5184725;93;5184197
11;19;78;14;24;8;26;4.80;3;2;1;56;0;5184826;129;5184197
11;19;78;14;24;8;65;3.00;2;1;1;52;0;5184865;115;5184197
11;19;78;14;24;8;25;8.40;1;1;2;44;0;5184825;190;5184197
11;19;78;14;24;9;73;3.60;1;1;1;44;0;5184973;79;5184197
11;19;78;14;24;10;70;4.00;2;1;1;50;0;5185070;184;5184197
11;19;78;14;24;10;93;3.40;4;2;1;52;0;5185093;389;0
11;19;78;14;24;11;90;3.40;1;1;1;45;0;5185190;187;5184444
11;19;78;14;24;12;8;3.60;2;1;1;52;0;5185208;109;5184197
11;19;78;14;24;13;1;3.60;1;1;1;46;0;5185301;83;5184444
11;19;78;14;24;13;85;3.20;4;2;1;51;0;5185385;268;0
11;19;78;14;24;14;48;2.80;3;2;1;61;0;5185448;591;0
11;19;78;14;24;15;9;6.80;1;1;2;40;0;5185509;179;5184444
11;19;78;14;24;15;66;3.20;2;1;1;51;0;5185566;333;0
11;19;78;14;24;16;79;3.60;2;1;1;51;0;5185679;90;0
11;19;78;14;24;19;85;3.60;2;1;1;53;0;5185985;280;0
11;19;78;14;24;20;69;3.80;1;1;1;48;0;5186069;498;0
11;19;78;14;24;22;40;5.40;2;1;1;47;0;5186240;230;0
11;19;78;14;24;27;41;4.00;3;2;1;67;0;5186741;1276;0
11;19;78;14;24;30;51;3.40;3;2;1;60;0;5187051;288;0
11;19;78;14;24;30;64;4.20;1;1;1;54;0;5187064;966;0
11;19;78;14;24;31;41;3.80;3;2;1;61;0;5187141;69;0
11;19;78;14;24;32;34;3.60;4;2;1;59;0;5187234;1826;0
11;19;78;14;24;33;43;3.20;2;1;1;53;0;5187343;1061;0
11;19;78;14;24;33;38;3.00;1;1;1;44;0;5187338;246;0
11;19;78;14;24;36;53;3.20;4;2;1;57;0;5187653;397;0
11;19;78;14;24;37;67;3.60;4;2;1;57;0;5187767;93;0
11;19;78;14;24;39;79;3.20;4;2;1;56;0;5187979;189;0
11;19;78;14;24;41;94;4.60;4;2;1;55;0;5188194;194;0
11;19;78;14;24;44;16;3.60;3;2;1;67;0;5188416;1252;0
11;19;78;14;24;44;12;4.80;4;2;1;56;0;5188412;187;5187653
11;19;78;14;24;44;52;3.60;2;1;1;57;0;5188452;1087;0
11;19;78;14;24;45;17;4.60;3;2;1;62;0;5188517;81;0
11;19;78;14;24;45;86;4.40;4;2;1;56;0;5188586;143;5187653
11;19;78;14;24;47;67;3.60;3;2;1;57;0;5188767;223;0
11;19;78;14;24;47;81;14.60;1;1;4;59;0;5188781;1418;0
11;19;78;14;24;49;4;3.00;4;2;1;54;0;5188904;289;0
11;19;78;14;24;50;4;3.20;4;2;1;53;0;5189004;80;0
11;19;78;14;24;50;95;3.60;3;2;1;58;0;5189095;305;0
11;19;78;14;24;52;37;3.80;4;2;1;53;0;5189237;211;0
11;19;78;14;24;52;59;3.60;2;1;1;54;0;5189259;784;0
11;19;78;14;24;52;77;4.60;3;2;1;63;0;5189277;159;0
11;19;78;14;24;54;79;3.60;4;2;1;52;0;5189479;216;0
11;19;78;14;24;57;60;5.40;4;2;1;52;0;5189760;256;0
11;19;78;14;24;59;29;3.40;3;2;1;57;0;5189929;625;0
11;19;78;14;25;1;43;3.60;3;2;1;55;0;5190143;192;0
11;19;78;14;25;13;25;4.60;1;1;1;59;0;5191325;2454;0
11;19;78;14;25;18;99;3.80;2;1;1;57;0;5191899;2616;0
11;19;78;14;25;20;4;3.60;1;1;1;47;0;5192004;650;0
11;19;78;14;25;25;75;3.60;2;1;1;60;0;5192575;652;0
11;19;78;14;25;26;10;3.60;3;2;1;66;0;5192610;2443;0
11;19;78;14;25;27;0;3.60;1;1;1;51;0;5192700;668;0
11;19;78;14;25;27;65;4.00;2;1;1;54;0;5192765;168;0
11;19;78;14;25;28;42;3.20;3;2;1;68;0;5192842;212;0
11;19;78;14;25;31;21;3.40;4;2;1;57;0;5193121;3323;0
11;19;78;14;25;31;51;3.20;2;1;1;58;0;5193151;359;0
11;19;78;14;25;32;88;3.40;1;1;1;57;0;5193288;562;0
11;19;78;14;25;33;90;14.80;2;1;4;54;0;5193390;219;0
11;19;78;14;25;35;3;3.60;4;2;1;62;0;5193503;360;0
11;19;78;14;25;35;56;3.80;2;1;1;54;0;5193556;67;0
11;19;78;14;25;36;20;11.60;1;1;3;54;0;5193620;310;0
11;19;78;14;25;38;12;3.80;4;2;1;65;0;5193812;288;0
11;19;78;14;25;38;64;3.40;1;1;1;54;0;5193864;166;0
11;19;78;14;25;39;91;3.60;3;2;1;72;0;5193991;1132;0
11;19;78;14;25;40;2;3.60;2;1;1;58;0;5194002;420;0
11;19;78;14;25;40;82;4.60;4;2;1;57;0;5194082;248;0
11;19;78;14;25;41;31;3.60;1;1;1;51;0;5194131;244;0
11;19;78;14;25;41;13;9.40;2;1;2;56;0;5194113;88;0
11;19;78;14;25;42;11;5.00;3;2;1;62;0;5194211;202;0
11;19;78;14;25;42;69;3.80;2;1;1;54;0;5194269;95;0
11;19;78;14;25;42;74;4.80;4;2;1;58;0;5194274;162;0
11;19;78;14;25;42;48;11.40;1;1;3;53;0;5194248;91;0
11;19;78;14;25;44;16;4.00;2;1;1;52;0;5194416;121;0
11;19;78;14;25;45;19;3.80;3;2;1;68;0;5194519;278;0
11;19;78;14;25;45;57;3.60;4;2;1;55;0;5194557;253;0
11;19;78;14;25;46;50;4.00;2;1;1;53;0;5194650;206;0
11;19;78;14;25;46;29;9.40;1;1;2;50;0;5194629;303;0
11;19;78;14;25;47;70;3.80;2;1;1;52;0;5194770;92;0
11;19;78;14;25;47;96;3.60;4;2;1;55;0;5194796;215;0
11;19;78;14;25;48;35;4.80;1;1;1;50;0;5194835;138;0
11;19;78;14;25;49;5;3.20;4;2;1;59;0;5194905;85;0
11;19;78;14;25;49;4;4.40;2;1;1;51;0;5194904;107;0
11;19;78;14;25;49;27;3.40;3;2;1;62;0;5194927;387;0
11;19;78;14;25;50;9;3.80;1;1;1;49;0;5195009;139;0
11;19;78;14;25;51;36;3.40;2;1;1;54;0;5195136;200;0
11;19;78;14;25;52;65;5.20;1;1;1;50;0;5195265;228;0
11;19;78;14;25;54;21;3.40;1;1;1;50;0;5195421;118;0
11;19;78;14;25;56;12;3.40;1;1;1;48;0;5195612;166;0
11;19;78;14;25;56;48;3.80;3;2;1;59;0;5195648;701;0
11;19;78;14;25;56;94;10.40;2;1;2;56;0;5195694;535;0
11;19;78;14;25;58;6;4.00;1;1;1;47;0;5195806;168;0
11;19;78;14;25;58;43;3.60;2;1;1;55;0;5195843;82;0
11;19;78;14;25;59;55;4.80;1;1;1;44;0;5195955;118;5195265
11;19;78;14;26;1;2;3.60;4;2;1;57;0;5196102;1177;0
11;19;78;14;26;1;2;3.60;1;1;1;44;0;5196102;107;5195265
11;19;78;14;26;1;85;3.60;2;1;1;48;0;5196185;318;0
11;19;78;14;26;2;15;3.40;1;1;1;44;0;5196215;83;5195265
11;19;78;14;26;3;45;3.00;4;2;1;54;0;5196345;220;0
11;19;78;14;26;3;98;4.40;1;1;1;38;0;5196398;155;5195265
11;19;78;14;26;4;61;3.20;2;1;1;48;0;5196461;249;0
11;19;78;14;26;5;40;3.40;4;2;1;59;0;5196540;175;0
11;19;78;14;26;5;97;3.80;2;1;1;45;0;5196597;112;0
11;19;78;14;26;7;5;3.80;1;1;1;42;0;5196705;265;0
11;19;78;14;26;8;72;3.60;4;2;1;57;0;5196872;311;0
11;19;78;14;26;8;88;3.60;2;1;1;46;0;5196888;260;0
11;19;78;14;26;9;32;3.20;1;1;1;41;0;5196932;194;0
11;19;78;14;26;10;34;3.20;3;2;1;64;0;5197034;1362;0
11;19;78;14;26;10;54;3.80;2;1;1;45;0;5197054;137;0
11;19;78;14;26;11;23;4.20;3;2;1;62;0;5197123;71;0
11;19;78;14;26;11;32;9.60;1;1;1;45;0;5197132;171;0
11;19;78;14;26;12;12;4.60;2;1;1;46;0;5197212;127;0
11;19;78;14;26;13;13;3.60;4;2;1;57;0;5197313;418;0
11;19;78;14;26;13;35;3.60;2;1;1;45;0;5197335;87;0
11;19;78;14;26;14;63;4.40;4;2;1;56;0;5197463;127;0
11;19;78;14;26;14;53;3.80;2;1;1;43;0;5197453;89;5196888
11;19;78;14;26;14;82;3.40;1;1;1;45;0;5197482;273;0
11;19;78;14;26;15;94;3.40;1;1;1;45;0;5197594;84;0
11;19;78;14;26;16;65;3.40;4;2;1;58;0;5197665;173;0
11;19;78;14;26;16;76;3.00;3;2;1;58;0;5197676;528;0
11;19;78;14;26;16;94;3.20;2;1;1;45;0;5197694;209;0
11;19;78;14;26;17;94;3.60;1;1;1;48;0;5197794;172;0
11;19;78;14;26;18;48;3.40;3;2;1;57;0;5197848;153;0
11;19;78;14;26;19;7;3.40;2;1;1;50;0;5197907;187;0
11;19;78;14;26;19;74;3.40;1;1;1;50;0;5197974;153;0
11;19;78;14;26;19;75;3.80;3;2;1;59;0;5197975;105;0
11;19;78;14;26;20;11;3.40;2;1;1;48;0;5198011;79;0
11;19;78;14;26;20;38;3.20;4;2;1;57;0;5198038;351;0
11;19;78;14;26;21;73;3.40;4;2;1;58;0;5198173;114;0
11;19;78;14;26;21;95;3.80;1;1;1;42;0;5198195;196;5197482
11;19;78;14;26;22;32;3.40;3;2;1;59;0;5198232;233;0
11;19;78;14;26;23;4;3.80;4;2;1;57;0;5198304;109;0
11;19;78;14;26;24;37;3.80;3;2;1;64;0;5198437;184;0
11;19;78;14;26;25;9;3.40;4;2;1;57;0;5198509;181;0
11;19;78;14;26;26;39;3.80;3;2;1;61;0;5198639;180;0
11;19;78;14;26;26;73;3.40;4;2;1;57;0;5198673;142;5198038
11;19;78;14;26;27;61;4.20;3;2;1;57;0;5198761;99;5198038
11;19;78;14;26;28;84;3.60;3;2;1;55;0;5198884;96;5198232
11;19;78;14;26;30;19;3.40;4;2;1;53;0;5199019;324;0
11;19;78;14;26;31;8;4.20;3;2;1;53;0;5199108;200;0
11;19;78;14;26;31;46;3.60;4;2;1;51;0;5199146;103;0
11;19;78;14;26;32;81;3.60;3;2;1;56;0;5199281;144;0
11;19;78;14;26;33;21;4.60;4;2;1;50;0;5199321;149;0
11;19;78;14;26;34;91;3.60;3;2;1;60;0;5199491;186;0
11;19;78;14;26;35;64;3.60;4;2;1;51;0;5199564;209;0
11;19;78;14;26;38;21;8.20;4;2;2;51;0;5199821;231;0
11;19;78;14;26;39;28;3.40;3;2;1;53;0;5199928;415;0
11;19;78;14;26;40;29;3.80;4;2;1;49;0;5200029;150;0
11;19;78;14;26;42;19;3.60;3;2;1;60;0;5200219;267;0
11;19;78;14;26;42;67;3.80;1;1;1;60;0;5200267;2039;0
11;19;78;14;26;43;31;3.80;4;2;1;53;0;5200331;274;0
11;19;78;14;26;43;59;4.40;3;2;1;57;0;5200359;118;0
11;19;78;14;26;44;93;4.20;3;2;1;58;0;5200493;106;0
11;19;78;14;26;46;78;8.40;4;2;2;56;0;5200678;321;0
11;19;78;14;26;47;60;3.00;3;2;1;53;0;5200760;240;0
11;19;78;14;26;50;1;5.00;3;2;1;54;0;5201001;220;0
11;19;78;14;26;51;74;3.20;3;2;1;53;0;5201174;139;0
11;19;78;14;26;58;46;3.80;4;2;1;64;0;5201846;1114;0
11;19;78;14;27;6;14;3.20;3;2;1;68;0;5202614;1418;0
11;19;78;14;27;7;90;3.60;1;1;1;61;0;5202790;2500;0
11;19;78;14;27;7;96;3.00;3;2;1;57;0;5202796;165;0
11;19;78;14;27;9;8;3.60;1;1;1;60;0;5202908;96;0
11;19;78;14;27;9;68;3.40;4;2;1;57;0;5202968;1100;0
11;19;78;14;27;10;52;3.60;3;2;1;55;0;5203052;237;0
11;19;78;14;27;11;77;3.80;2;1;1;60;0;5203177;5140;0
11;19;78;14;27;13;90;3.20;2;1;1;59;0;5203390;190;0
11;19;78;14;27;14;88;3.20;1;1;1;57;0;5203488;558;0
11;19;78;14;27;16;48;5.00;1;1;1;58;0;5203648;139;0
11;19;78;14;27;17;94;4.00;1;1;1;60;0;5203794;114;0
11;19;78;14;27;18;0;6.00;2;1;1;63;0;5203800;390;0
11;19;78;14;27;20;61;3.60;2;1;1;59;0;5204061;226;0
11;19;78;14;27;20;82;4.00;1;1;1;55;0;5204082;264;0
11;19;78;14;27;21;26;3.40;4;2;1;62;0;5204126;1136;0
11;19;78;14;27;22;64;3.60;2;1;1;59;0;5204264;181;0
11;19;78;14;27;22;92;3.40;4;2;1;60;0;5204292;146;0
11;19;78;14;27;23;12;6.00;1;1;1;55;0;5204312;203;0
11;19;78;14;27;24;33;5.00;1;1;1;56;0;5204433;81;0
11;19;78;14;27;24;75;4.00;4;2;1;60;0;5204475;162;0
11;19;78;14;27;25;89;3.20;2;1;1;56;0;5204589;303;0
11;19;78;14;27;26;38;3.20;1;1;1;57;0;5204638;172;0
11;19;78;14;27;26;34;3.80;3;2;1;55;0;5204634;1558;0
11;19;78;14;27;26;59;3.80;4;2;1;64;0;5204659;160;0
11;19;78;14;27;27;36;3.60;2;1;1;56;0;5204736;126;0
11;19;78;14;27;28;34;4.00;2;1;1;53;0;5204834;74;0
11;19;78;14;27;28;99;3.80;1;1;1;59;0;5204899;240;0
11;19;78;14;27;30;68;3.60;4;2;1;59;0;5205068;387;0
11;19;78;14;27;30;82;3.20;1;1;1;59;0;5205082;159;0
11;19;78;14;27;30;78;3.20;2;1;1;54;0;5205078;216;0
11;19;78;14;27;31;7;5.00;3;2;1;53;0;5205107;448;0
11;19;78;14;27;32;34;3.40;3;2;1;50;0;5205234;93;0
11;19;78;14;27;32;73;3.80;4;2;1;55;0;5205273;183;0
11;19;78;14;27;34;73;4.40;4;2;1;51;0;5205473;175;0
11;19;78;14;27;38;59;5.80;2;1;1;47;0;5205859;759;0
11;19;78;14;27;39;19;3.20;1;1;1;53;0;5205919;817;0
11;19;78;14;27;40;55;8.60;1;1;2;51;0;5206055;114;0
11;19;78;14;27;42;46;3.40;2;1;1;45;0;5206246;342;0
11;19;78;14;27;44;79;3.60;2;1;1;43;0;5206479;205;0
11;19;78;14;27;46;28;3.40;2;1;1;40;0;5206628;118;0
11;19;78;14;27;46;79;3.40;1;1;1;50;0;5206679;563;0
11;19;78;14;27;48;62;3.20;1;1;1;53;0;5206862;158;0
11;19;78;14;27;47;65;12.60;2;1;7;39;0;5206765;106;0
11;19;78;14;27;48;83;3.20;3;2;1;62;0;5206883;1624;0
11;19;78;14;27;49;14;3.20;4;2;1;59;0;5206914;1409;0
11;19;78;14;27;50;25;3.60;1;1;1;50;0;5207025;141;0
11;19;78;14;27;51;59;3.20;4;2;1;58;0;5207159;225;0
11;19;78;14;27;52;61;4.20;3;2;1;66;0;5207261;359;0
11;19;78;14;27;52;85;3.60;1;1;1;48;0;5207285;234;0
11;19;78;14;27;53;3;3.00;2;1;1;49;0;5207303;421;0
11;19;78;14;27;54;29;3.60;3;2;1;65;0;5207429;145;0
11;19;78;14;27;54;66;3.20;1;1;1;48;0;5207466;154;0
11;19;78;14;27;54;99;3.40;4;2;1;59;0;5207499;320;0
11;19;78;14;27;55;39;3.60;2;1;1;49;0;5207539;213;0
11;19;78;14;27;56;42;3.60;3;2;1;59;0;5207642;193;0
11;19;78;14;27;56;80;3.80;2;1;1;49;0;5207680;114;0
11;19;78;14;27;57;4;3.60;1;1;1;41;0;5207704;214;0
11;19;78;14;27;57;75;4.40;3;2;1;57;0;5207775;111;0
11;19;78;14;27;58;47;3.00;1;1;1;41;0;5207847;111;0
11;19;78;14;28;0;26;3.40;1;1;1;41;0;5208026;152;0
11;19;78;14;28;0;76;3.40;2;1;1;55;0;5208076;368;0
11;19;78;14;28;0;48;8.60;3;2;2;55;0;5208048;245;0
11;19;78;14;28;1;74;3.20;1;1;1;40;0;5208174;118;0
11;19;78;14;28;3;68;3.20;3;2;1;59;0;5208368;263;0
11;19;78;14;28;3;35;5.00;2;1;1;40;0;5208335;236;0
11;19;78;14;28;5;17;3.20;2;1;1;44;0;5208517;137;0
11;19;78;14;28;5;50;3.20;4;2;1;54;0;5208550;1030;0
11;19;78;14;28;5;64;3.80;3;2;1;58;0;5208564;176;0
11;19;78;14;28;5;87;3.60;1;1;1;37;0;5208587;384;0
11;19;78;14;28;6;25;4.60;2;1;1;44;0;5208625;81;0
11;19;78;14;28;7;29;4.40;3;2;1;56;0;5208729;141;0
11;19;78;14;28;7;90;3.00;1;1;1;40;0;5208790;167;0
11;19;78;14;28;9;24;3.40;4;2;1;55;0;5208924;352;0
11;19;78;14;28;9;39;3.40;1;1;1;39;0;5208939;122;0
11;19;78;14;28;9;92;3.60;2;1;1;48;0;5208992;329;0
11;19;78;14;28;10;41;3.60;3;2;1;57;0;5209041;283;0
11;19;78;14;28;11;53;4.00;3;2;1;56;0;5209153;89;0
11;19;78;14;28;11;63;2.80;2;1;1;45;0;5209163;144;0
11;19;78;14;28;11;82;4.80;4;2;1;53;0;5209182;235;0
11;19;78;14;28;11;72;4.40;1;1;1;40;0;5209172;201;0
11;19;78;14;28;12;96;4.00;3;2;1;52;0;5209296;117;0
11;19;78;14;28;13;28;4.40;1;1;1;39;0;5209328;116;0
11;19;78;14;28;14;53;3.60;4;2;1;49;0;5209453;238;0
11;19;78;14;28;14;92;3.80;1;1;1;39;0;5209492;123;0
11;19;78;14;28;16;85;4.00;3;2;1;58;0;5209685;361;0
11;19;78;14;28;16;63;8.60;4;2;2;51;0;5209663;183;0
11;19;78;14;28;17;73;3.60;2;1;1;47;0;5209773;587;0
11;19;78;14;28;18;36;3.20;3;2;1;57;0;5209836;126;0
11;19;78;14;28;18;53;3.80;1;1;1;33;0;5209853;325;0
11;19;78;14;28;18;81;16.00;4;2;4;50;0;5209881;157;0
11;19;78;14;28;20;2;3.20;1;1;1;31;0;5210002;107;0
11;19;78;14;28;20;91;9.00;3;2;6;60;0;5210091;234;0
11;19;78;14;28;21;33;3.40;4;2;1;47;0;5210133;136;0
11;19;78;14;28;21;62;3.60;2;1;1;45;0;5210162;361;0
11;19;78;14;28;21;39;3.80;1;1;1;28;0;5210139;99;0
11;19;78;14;28;22;8;4.60;4;2;1;46;0;5210208;48;5209453
11;19;78;14;28;22;65;3.40;3;2;1;57;0;5210265;120;5209453
11;19;78;14;28;23;17;4.60;2;1;1;52;0;5210317;126;5209453
11;19;78;14;28;23;40;3.20;4;2;1;44;0;5210340;96;5209453
11;19;78;14;28;23;79;3.40;3;2;1;56;0;5210379;92;5209453
11;19;78;14;28;24;94;3.80;3;2;1;58;0;5210494;93;5209453
11;19;78;14;28;24;83;5.60;4;2;1;49;0;5210483;116;5209453
11;19;78;14;28;25;49;4.60;1;1;1;45;0;5210549;361;0
11;19;78;14;28;26;15;5.20;3;2;1;57;0;5210615;97;5210091
11;19;78;14;28;26;73;3.40;4;2;1;47;0;5210673;148;5209453
11;19;78;14;28;27;23;3.80;1;1;1;47;0;5210723;137;5209453
11;19;78;14;28;27;43;3.00;3;2;1;59;0;5210743;95;5210091
11;19;78;14;28;27;84;9.20;4;2;2;50;0;5210784;84;5209453
11;19;78;14;28;28;83;3.80;3;2;1;57;0;5210883;121;5210091
11;19;78;14;28;29;47;3.60;4;2;1;51;0;5210947;96;5209453
11;19;78;14;28;29;95;3.80;1;1;1;49;0;5210995;242;0
11;19;78;14;28;31;39;3.80;4;2;1;54;0;5211139;166;5209453
11;19;78;14;28;31;32;3.60;1;1;1;49;0;5211132;109;5209453
11;19;78;14;28;31;78;3.40;3;2;1;53;0;5211178;271;0
11;19;78;14;28;33;28;3.20;3;2;1;55;0;5211328;126;0
11;19;78;14;28;33;38;3.60;1;1;1;50;0;5211338;179;0
11;19;78;14;28;33;84;3.00;4;2;1;57;0;5211384;219;0
11;19;78;14;28;34;4;4.00;2;1;1;59;0;5211404;1055;0
11;19;78;14;28;35;29;9.20;1;1;2;44;0;5211529;165;0
11;19;78;14;28;36;3;3.60;4;2;1;53;0;5211603;200;0
11;19;78;14;28;37;42;4.20;2;1;1;58;0;5211742;313;0
11;19;78;14;28;38;2;3.60;1;1;1;38;0;5211802;197;5210995
11;19;78;14;28;42;18;3.20;1;1;1;54;0;5212218;381;0
11;19;78;14;28;46;87;3.60;3;2;1;60;0;5212687;1338;0
11;19;78;14;28;48;90;3.40;3;2;1;56;0;5212890;181;0
11;19;78;14;28;55;92;3.20;2;1;1;59;0;5213592;1823;0
11;19;78;14;28;55;99;4.60;3;2;1;56;0;5213599;687;0
11;19;78;14;28;58;12;3.60;4;2;1;59;0;5213812;2184;0
11;19;78;14;28;58;37;3.20;2;1;1;57;0;5213837;225;0
11;19;78;14;28;59;46;3.60;4;2;1;57;0;5213946;112;0
11;19;78;14;29;0;49;3.60;2;1;1;55;0;5214049;191;0
11;19;78;14;29;1;47;3.60;2;1;1;53;0;5214147;74;0
11;19;78;14;29;4;53;4.00;4;2;1;59;0;5214453;484;0
11;19;78;14;29;6;33;3.20;4;2;1;58;0;5214633;155;0
11;19;78;14;29;8;8;3.40;4;2;1;55;0;5214808;155;0
11;19;78;14;29;10;12;3.40;2;1;1;55;0;5215012;840;0
11;19;78;14;29;10;29;3.80;4;2;1;58;0;5215029;198;0
11;19;78;14;29;16;98;3.60;2;1;1;50;0;5215698;663;0
11;19;78;14;29;17;49;3.40;3;2;1;57;0;5215749;2120;0
11;19;78;14;29;19;1;3.60;2;1;1;51;0;5215901;177;0
11;19;78;14;29;20;60;3.40;1;1;1;52;0;5216060;3820;0
11;19;78;14;29;23;79;4.20;2;1;1;61;0;5216379;452;0
11;19;78;14;29;25;78;3.60;1;1;1;61;0;5216578;494;0
11;19;78;14;29;26;24;4.80;2;1;1;64;0;5216624;220;0
11;19;78;14;29;27;59;3.60;2;1;1;62;0;5216759;108;0
11;19;78;14;29;27;90;3.60;1;1;1;59;0;5216790;190;0
11;19;78;14;29;28;90;5.00;2;1;1;62;0;5216890;110;0
11;19;78;14;29;29;9;3.80;1;1;1;60;0;5216909;97;0
11;19;78;14;29;30;33;4.00;2;1;1;62;0;5217033;113;0
11;19;78;14;29;30;49;3.60;4;2;1;66;0;5217049;1996;0
11;19;78;14;29;31;49;3.40;1;1;1;58;0;5217149;217;0
11;19;78;14;29;32;2;3.40;3;2;1;64;0;5217202;1431;0
11;19;78;14;29;33;79;3.60;3;2;1;61;0;5217379;157;0
11;19;78;14;29;36;6;3.60;3;2;1;62;0;5217606;205;0
11;19;78;14;29;35;42;12.60;4;2;3;52;0;5217542;473;0
11;19;78;14;29;37;48;3.80;3;2;1;62;0;5217748;121;0
11;19;78;14;29;38;52;3.40;4;2;1;51;0;5217852;222;0
11;19;78;14;29;39;10;3.60;3;2;1;62;0;5217910;139;0
11;19;78;14;29;39;17;3.80;2;1;1;56;0;5217917;860;0
11;19;78;14;29;39;47;3.60;4;2;1;51;0;5217947;71;0
11;19;78;14;29;40;10;4.20;3;2;1;60;0;5218010;79;0
11;19;78;14;29;40;23;3.60;1;1;1;59;0;5218023;852;0
11;19;78;14;29;41;30;4.00;1;1;1;61;0;5218130;85;0
11;19;78;14;29;41;92;3.60;3;2;1;60;0;5218192;156;5217606
11;19;78;14;29;42;14;3.40;4;2;1;55;0;5218214;241;0
11;19;78;14;29;43;57;3.60;1;1;1;44;0;5218357;203;0
11;19;78;14;29;43;59;5.00;3;2;1;58;0;5218359;145;5217606
11;19;78;14;29;45;78;3.80;4;2;1;53;0;5218578;341;0
11;19;78;14;29;46;5;3.60;3;2;1;57;0;5218605;214;0
11;19;78;14;29;47;58;3.20;4;2;1;53;0;5218758;154;0
11;19;78;14;29;49;46;5.20;3;2;1;57;0;5218946;318;0
11;19;78;14;29;51;79;3.80;4;2;1;50;0;5219179;399;0
11;19;78;14;29;51;91;3.80;3;2;1;54;0;5219191;212;0
11;19;78;14;29;52;27;4.00;1;1;1;42;0;5219227;840;0
11;19;78;14;29;53;30;3.20;1;1;1;42;0;5219330;68;0
11;19;78;14;29;53;51;3.60;4;2;1;48;0;5219351;144;0
11;19;78;14;29;54;18;3.40;3;2;1;57;0;5219418;201;0
11;19;78;14;29;54;72;2.80;1;1;1;40;0;5219472;114;0
11;19;78;14;29;55;21;3.20;4;2;1;48;0;5219521;143;0
11;19;78;14;29;55;62;3.60;2;1;1;54;0;5219562;1620;0
11;19;78;14;29;56;20;4.00;3;2;1;55;0;5219620;180;0
11;19;78;14;29;56;12;3.80;1;1;1;41;0;5219612;114;0
11;19;78;14;29;56;51;3.40;4;2;1;48;0;5219651;106;0
11;19;78;14;29;57;55;3.60;1;1;1;41;0;5219755;109;5219227
11;19;78;14;29;58;5;3.40;4;2;1;46;0;5219805;128;5219179
11;19;78;14;29;58;75;3.20;3;2;1;53;0;5219875;228;0
11;19;78;14;29;59;20;3.80;1;1;1;41;0;5219920;133;5219227
11;19;78;14;29;59;76;3.80;4;2;1;49;0;5219976;144;5219179
11;19;78;14;30;0;4;3.60;2;1;1;55;0;5220004;418;0
11;19;78;14;30;0;10;3.60;3;2;1;53;0;5220010;113;0
11;19;78;14;30;1;4;4.60;1;1;1;46;0;5220104;150;5219227
11;19;78;14;30;1;46;3.60;3;2;1;52;0;5220146;111;5219227
11;19;78;14;30;2;19;3.80;3;2;1;52;0;5220219;48;5219227
11;19;78;14;30;2;30;8.20;4;2;2;52;0;5220230;226;0
11;19;78;14;30;3;99;3.80;3;2;1;53;0;5220399;153;5219875
11;19;78;14;30;5;35;3.20;3;2;1;54;0;5220535;110;5219875
11;19;78;14;30;6;93;3.60;3;2;1;52;0;5220693;136;5219875
11;19;78;14;30;8;30;3.80;3;2;1;51;0;5220830;112;5219875
11;19;78;14;30;9;29;2.80;4;2;1;52;0;5220929;642;0
11;19;78;14;30;9;53;3.60;2;1;1;60;0;5220953;925;0
11;19;78;14;30;9;90;4.80;3;2;1;48;0;5220990;133;5219875
11;19;78;14;30;11;0;3.20;2;1;1;61;0;5221100;125;5219875
11;19;78;14;30;11;12;3.20;3;2;1;43;0;5221112;86;5219875
11;19;78;14;30;11;21;5.00;4;2;1;50;0;5221121;172;5219875
11;19;78;14;30;12;42;3.60;1;1;1;62;0;5221242;1102;0
11;19;78;14;30;15;78;3.40;2;1;1;57;0;5221578;459;0
11;19;78;14;30;18;14;3.00;1;1;1;55;0;5221814;551;0
11;19;78;14;30;19;65;4.00;2;1;1;60;0;5221965;365;0
11;19;78;14;30;19;81;4.00;1;1;1;57;0;5221981;147;0
11;19;78;14;30;25;42;5.60;2;1;1;50;0;5222542;553;0
11;19;78;14;30;25;97;3.20;1;1;1;57;0;5222597;590;0
11;19;78;14;30;26;72;3.40;4;2;1;56;0;5222672;1515;0
11;19;78;14;30;27;80;3.60;1;1;1;55;0;5222780;162;0
11;19;78;14;30;29;93;3.60;1;1;1;52;0;5222993;189;0
11;19;78;14;30;39;33;3.60;4;2;1;61;0;5223933;1239;0
11;19;78;14;30;40;92;3.60;1;1;1;55;0;5224092;1074;0
11;19;78;14;30;42;50;3.60;4;2;1;63;0;5224250;295;0
11;19;78;14;30;43;53;3.80;3;2;1;70;0;5224353;3214;0
11;19;78;14;30;44;70;4.80;4;2;1;58;0;5224470;199;0
11;19;78;14;30;46;92;3.40;4;2;1;56;0;5224692;192;0
11;19;78;14;30;49;7;3.20;2;1;1;58;0;5224907;2324;0
11;19;78;14;30;49;79;4.00;4;2;1;53;0;5224979;265;0
11;19;78;14;30;52;43;3.60;4;2;1;54;0;5225243;236;0
11;19;78;14;30;53;37;3.60;2;1;1;58;0;5225337;410;0
11;19;78;14;30;58;36;3.60;1;1;1;56;0;5225836;1720;0
11;19;78;14;30;59;79;3.00;2;1;1;57;0;5225979;619;0
11;19;78;14;30;59;85;6.00;4;2;1;59;0;5225985;718;0
11;19;78;14;31;1;58;3.60;2;1;1;56;0;5226158;160;0
11;19;78;14;31;1;73;4.20;4;2;1;55;0;5226173;151;0
11;19;78;14;31;1;96;3.60;1;1;1;57;0;5226196;336;0
11;19;78;14;31;3;99;3.40;2;1;1;56;0;5226399;217;0
11;19;78;14;31;4;29;3.60;1;1;1;56;0;5226429;210;0
11;19;78;14;31;5;31;4.00;4;2;1;54;0;5226531;330;0
11;19;78;14;31;6;22;3.60;1;1;1;55;0;5226622;169;0
11;19;78;14;31;6;92;3.80;4;2;1;54;0;5226692;134;0
11;19;78;14;31;7;8;6.80;1;1;2;54;0;5226708;62;0
11;19;78;14;31;7;86;3.60;3;2;1;71;0;5226786;2413;0
11;19;78;14;31;9;48;3.60;3;2;1;66;0;5226948;143;0
11;19;78;14;31;9;54;3.40;4;2;1;59;0;5226954;236;0
11;19;78;14;31;10;13;3.20;2;1;1;60;0;5227013;592;0
11;19;78;14;31;10;90;3.80;3;2;1;66;0;5227090;122;0
11;19;78;14;31;11;12;4.20;1;1;1;64;0;5227112;358;0
11;19;78;14;31;11;46;3.60;2;1;1;61;0;5227146;113;0
11;19;78;14;31;12;90;3.40;3;2;1;64;0;5227290;179;0
11;19;78;14;31;14;88;4.00;1;1;1;58;0;5227488;352;0
11;19;78;14;31;15;17;3.40;2;1;1;54;0;5227517;349;0
11;19;78;14;31;16;14;4.40;3;2;1;62;0;5227614;304;0
11;19;78;14;31;17;41;4.20;2;1;1;53;0;5227741;201;0
11;19;78;14;31;20;1;4.20;1;1;1;49;0;5228001;488;0
11;19;78;14;31;20;15;3.80;4;2;1;52;0;5228015;1040;0
11;19;78;14;31;21;42;4.60;1;1;1;48;0;5228142;110;0
11;19;78;14;31;21;97;3.20;4;2;1;51;0;5228197;155;0
11;19;78;14;31;23;40;3.60;4;2;1;54;0;5228340;120;0
11;19;78;14;31;24;8;3.20;2;1;1;49;0;5228408;638;0
11;19;78;14;31;24;19;5.00;1;1;1;55;0;5228419;242;0
11;19;78;14;31;24;28;7.20;3;2;2;62;0;5228428;788;0
11;19;78;14;31;25;4;3.80;4;2;1;53;0;5228504;140;0
11;19;78;14;31;26;20;5.80;3;2;1;60;0;5228620;150;0
11;19;78;14;31;26;82;3.60;1;1;1;56;0;5228682;230;0
11;19;78;14;31;27;55;3.80;2;1;1;51;0;5228755;323;0
11;19;78;14;31;27;90;3.40;4;2;1;55;0;5228790;260;0
11;19;78;14;31;28;4;3.80;3;2;1;59;0;5228804;149;0
11;19;78;14;31;28;91;3.60;1;1;1;57;0;5228891;185;0
11;19;78;14;31;29;56;4.00;4;2;1;55;0;5228956;143;0
11;19;78;14;31;30;35;3.00;4;2;1;53;0;5229035;52;0
11;19;78;14;31;31;46;4.40;4;2;1;55;0;5229146;90;0
11;19;78;14;31;32;28;4.60;3;2;1;67;0;5229228;400;0
11;19;78;14;31;32;20;3.60;1;1;1;51;0;5229220;306;0
11;19;78;14;31;33;23;15.60;4;2;4;50;0;5229323;148;5228790
11;19;78;14;31;34;21;3.60;1;1;1;50;0;5229421;175;5228790
11;19;78;14;31;34;66;3.80;3;2;1;61;0;5229466;213;0
11;19;78;14;31;35;41;3.40;1;1;1;50;0;5229541;94;0
11;19;78;14;31;36;88;3.60;3;2;1;62;0;5229688;199;0
11;19;78;14;31;37;51;3.40;4;2;1;50;0;5229751;315;0
11;19;78;14;31;38;34;6.20;4;2;1;48;0;5229834;58;0
11;19;78;14;31;38;60;3.80;3;2;1;57;0;5229860;151;0
11;19;78;14;31;39;35;5.60;2;1;2;64;0;5229935;1153;0
11;19;78;14;31;40;7;3.60;3;2;1;57;0;5230007;123;0
11;19;78;14;31;41;6;3.40;2;1;1;64;0;5230106;139;0
11;19;78;14;31;41;10;5.20;4;2;1;48;0;5230110;229;0
11;19;78;14;31;41;18;11.60;1;1;3;51;0;5230118;552;0
11;19;78;14;31;42;52;3.60;4;2;1;48;0;5230252;103;0
11;19;78;14;31;43;54;3.00;1;1;1;48;0;5230354;154;0
11;19;78;14;31;43;69;3.60;3;2;1;59;0;5230369;339;0
11;19;78;14;31;44;81;3.20;3;2;1;59;0;5230481;90;0
11;19;78;14;31;45;42;3.40;4;2;1;47;0;5230542;263;0
11;19;78;14;31;45;42;3.80;1;1;1;56;0;5230542;165;0
11;19;78;14;31;47;19;3.60;1;1;1;54;0;5230719;152;0
11;19;78;14;31;47;24;4.20;4;2;1;49;0;5230724;155;0
11;19;78;14;31;47;58;2.80;3;2;1;60;0;5230758;257;0
11;19;78;14;31;48;48;3.80;1;1;1;56;0;5230848;105;5230118
11;19;78;14;31;48;78;3.60;2;1;1;55;0;5230878;752;0
11;19;78;14;31;49;54;3.60;3;2;1;58;0;5230954;179;0
11;19;78;14;31;50;68;3.80;1;1;1;50;0;5231068;195;5230118
11;19;78;14;31;51;22;3.20;2;1;1;52;0;5231122;220;0
11;19;78;14;31;52;37;4.20;1;1;1;53;0;5231237;141;5230118
11;19;78;14;31;54;39;3.40;2;1;1;63;0;5231439;294;0
11;19;78;14;31;54;41;16.20;1;1;4;50;0;5231441;175;5230118
11;19;78;14;31;56;66;3.80;4;2;1;66;0;5231666;911;0
11;19;78;14;31;56;84;5.40;1;1;1;55;0;5231684;126;5230118
11;19;78;14;31;59;9;3.60;1;1;1;53;0;5231909;189;5230118
11;19;78;14;31;59;82;9.20;2;1;2;57;0;5231982;523;0
11;19;78;14;32;0;26;3.60;1;1;1;53;0;5232026;92;5230118
11;19;78;14;32;4;6;3.60;1;1;1;49;0;5232406;355;0
11;19;78;14;32;5;44;4.00;1;1;1;50;0;5232544;111;0
11;19;78;14;32;7;84;4.00;1;1;1;50;0;5232784;211;0
11;19;78;14;32;16;58;3.60;3;2;1;69;0;5233658;2681;0
11;19;78;14;32;17;92;3.60;3;2;1;62;0;5233792;115;0
11;19;78;14;32;20;28;3.80;1;1;1;54;0;5234028;1215;0
11;19;78;14;32;22;29;3.80;4;2;1;58;0;5234229;2542;0
11;19;78;14;32;23;57;3.60;4;2;1;55;0;5234357;104;0
11;19;78;14;32;24;99;3.20;3;2;1;61;0;5234499;686;0
11;19;78;14;32;26;61;3.80;4;2;1;58;0;5234661;280;0
11;19;78;14;32;27;98;6.20;4;2;1;59;0;5234798;113;0
11;19;78;14;32;30;1;3.60;4;2;1;58;0;5235001;165;0
11;19;78;14;32;36;81;3.60;4;2;1;60;0;5235681;657;0
11;19;78;14;32;38;66;3.80;4;2;1;58;0;5235866;163;0
11;19;78;14;32;38;84;4.40;3;2;1;60;0;5235884;1366;0
11;19;78;14;32;44;20;3.80;1;1;1;53;0;5236420;2366;0
11;19;78;14;32;45;42;4.20;2;1;1;57;0;5236542;4501;0
11;19;78;14;32;47;87;3.80;2;1;1;58;0;5236787;218;0
11;19;78;14;32;52;40;3.60;3;2;1;68;0;5237240;1329;0
11;19;78;14;32;52;68;3.60;1;1;1;52;0;5237268;822;0
11;19;78;14;32;53;63;3.20;3;2;1;63;0;5237363;103;0
11;19;78;14;32;54;28;11.20;4;2;3;51;0;5237428;1538;0
11;19;78;14;32;55;34;3.60;3;2;1;58;0;5237534;152;0
11;19;78;14;32;56;50;3.20;4;2;1;53;0;5237650;142;0
11;19;78;14;32;56;99;3.80;3;2;1;59;0;5237699;142;0
11;19;78;14;32;57;38;3.20;4;2;1;50;0;5237738;66;0
11;19;78;14;32;57;90;3.60;3;2;1;60;0;5237790;67;5237240
11;19;78;14;32;59;0;3.80;4;2;1;53;0;5237900;138;5237240
11;19;78;14;32;59;34;3.20;3;2;1;61;0;5237934;122;5237240
11;19;78;14;33;1;71;4.40;2;1;1;56;0;5238171;1360;0
11;19;78;14;33;1;96;3.60;1;1;1;59;0;5238196;903;0
11;19;78;14;33;2;96;3.40;2;1;1;55;0;5238296;96;0
11;19;78;14;33;2;92;4.40;4;2;1;52;0;5238292;366;0
11;19;78;14;33;5;4;3.20;4;2;1;52;0;5238504;181;0
11;19;78;14;33;4;63;10.00;3;2;2;54;0;5238463;510;0
11;19;78;14;33;5;22;3.20;1;1;1;57;0;5238522;304;0
11;19;78;14;33;6;55;3.60;4;2;1;54;0;5238655;128;0
11;19;78;14;33;6;82;3.60;1;1;1;57;0;5238682;139;0
11;19;78;14;33;7;4;3.80;2;1;1;61;0;5238704;385;0
11;19;78;14;33;7;48;4.60;4;2;1;52;0;5238748;69;0
11;19;78;14;33;8;29;4.60;4;2;1;50;0;5238829;49;5238292
11;19;78;14;33;8;50;3.40;1;1;1;55;0;5238850;145;5238292
11;19;78;14;33;10;6;3.40;4;2;1;50;0;5239006;143;5238292
11;19;78;14;33;10;61;3.80;2;1;1;60;0;5239061;334;0
11;19;78;14;33;10;65;3.60;1;1;1;53;0;5239065;192;0
11;19;78;14;33;11;89;3.60;1;1;1;52;0;5239189;99;5238522
11;19;78;14;33;12;6;3.80;2;1;1;60;0;5239206;122;5238522
11;19;78;14;33;12;41;3.60;3;2;1;55;0;5239241;711;0
11;19;78;14;33;12;4;14.40;4;2;4;53;0;5239204;173;5238292
11;19;78;14;33;13;18;4.20;2;1;1;59;0;5239318;89;5238292
11;19;78;14;33;13;14;4.60;1;1;1;53;0;5239314;100;5238522
11;19;78;14;33;14;56;3.60;1;1;1;54;0;5239456;110;5238522
11;19;78;14;33;14;60;3.80;3;2;1;57;0;5239460;195;5238522
11;19;78;14;33;14;83;2.80;4;2;1;51;0;5239483;181;5238292
11;19;78;14;33;15;77;3.80;2;1;1;57;0;5239577;233;0
11;19;78;14;33;15;90;3.40;3;2;1;58;0;5239590;106;0
11;19;78;14;33;16;15;3.20;4;2;1;50;0;5239615;112;5238292
11;19;78;14;33;17;89;4.40;3;2;1;55;0;5239789;177;5238292
11;19;78;14;33;18;50;3.20;4;2;1;50;0;5239850;211;0
11;19;78;14;33;19;7;3.60;3;2;1;54;0;5239907;89;5239241
11;19;78;14;33;20;40;4.20;2;1;1;51;0;5240040;439;0
11;19;78;14;33;20;55;3.60;4;2;1;50;0;5240055;181;0
11;19;78;14;33;20;93;3.60;3;2;1;53;0;5240093;162;5239241
11;19;78;14;33;20;87;11.40;1;1;3;54;0;5240087;607;0
11;19;78;14;33;21;80;3.60;2;1;1;49;0;5240180;110;0
11;19;78;14;33;22;83;4.40;1;1;1;52;0;5240283;120;0
11;19;78;14;33;22;91;8.60;4;2;2;50;0;5240291;210;0
11;19;78;14;33;23;61;3.40;3;2;1;56;0;5240361;243;0
11;19;78;14;33;23;73;3.20;2;1;1;49;0;5240373;166;0
11;19;78;14;33;24;66;3.40;3;2;1;57;0;5240466;83;0
11;19;78;14;33;24;87;3.80;2;1;1;48;0;5240487;90;0
11;19;78;14;33;25;35;3.40;1;1;1;49;0;5240535;221;0
11;19;78;14;33;25;64;3.60;4;2;1;49;0;5240564;211;0
11;19;78;14;33;26;48;3.20;3;2;1;53;0;5240648;160;0
11;19;78;14;33;26;40;4.00;2;1;1;45;0;5240640;124;5240040
11;19;78;14;33;27;14;3.20;4;2;1;48;0;5240714;123;5240040
11;19;78;14;33;28;5;3.80;3;2;1;52;0;5240805;135;5240040
11;19;78;14;33;27;81;5.80;1;1;1;45;0;5240781;221;0
11;19;78;14;33;28;90;3.60;2;1;1;44;0;5240890;218;0
11;19;78;14;33;29;51;3.80;3;2;1;51;0;5240951;119;5240361
11;19;78;14;33;29;70;3.60;1;1;1;44;0;5240970;142;5240361
11;19;78;14;33;30;77;3.00;4;2;1;49;0;5241077;339;0
11;19;78;14;33;30;90;3.40;1;1;1;44;0;5241090;90;0
11;19;78;14;33;31;16;3.40;3;2;1;54;0;5241116;138;5240361
11;19;78;14;33;31;86;4.20;4;2;1;50;0;5241186;86;5240361
11;19;78;14;33;32;37;3.40;2;1;1;49;0;5241237;317;0
11;19;78;14;33;32;19;4.60;1;1;1;40;0;5241219;101;0
11;19;78;14;33;33;50;3.60;1;1;1;40;0;5241350;89;5240781
11;19;78;14;33;34;74;3.40;2;1;1;45;0;5241474;212;0
11;19;78;14;33;35;7;3.60;4;2;1;45;0;5241507;290;0
11;19;78;14;33;35;9;3.80;1;1;1;40;0;5241509;126;5240781
11;19;78;14;33;36;41;3.80;2;1;1;45;0;5241641;139;5240781
11;19;78;14;33;37;92;4.00;2;1;1;45;0;5241792;120;5240781
11;19;78;14;33;37;29;14.40;1;1;4;36;0;5241729;185;5240781
11;19;78;14;33;39;38;4.20;2;1;1;44;0;5241938;114;5240781
11;19;78;14;33;41;2;3.40;1;1;1;34;0;5242102;229;0
11;19;78;14;33;42;0;5.20;2;1;1;46;0;5242200;227;0
11;19;78;14;33;42;39;12.20;1;1;7;33;0;5242239;101;0
11;19;78;14;33;43;55;7.80;2;1;2;47;0;5242355;114;0
11;19;78;14;33;45;40;3.80;1;1;1;34;0;5242540;167;0
11;19;78;14;33;46;37;3.20;2;1;1;50;0;5242637;222;0
11;19;78;14;33;47;8;3.40;1;1;1;34;0;5242708;127;0
11;19;78;14;33;48;97;4.00;4;2;1;67;0;5242897;1361;0
11;19;78;14;33;49;47;3.60;1;1;1;38;0;5242947;203;0
11;19;78;14;33;51;27;3.60;3;2;1;58;0;5243127;1988;0
11;19;78;14;33;51;50;3.20;1;1;1;36;0;5243150;168;0
11;19;78;14;33;52;84;3.60;2;1;1;54;0;5243284;623;0
11;19;78;14;33;53;33;3.60;1;1;1;33;0;5243333;151;0
11;19;78;14;33;54;13;3.60;4;2;1;59;0;5243413;494;0
11;19;78;14;33;55;29;3.60;1;1;1;35;0;5243529;156;0
11;19;78;14;33;56;33;4.60;2;1;1;51;0;5243633;325;0
11;19;78;14;33;57;50;3.40;4;2;1;68;0;5243750;315;0
11;19;78;14;33;57;85;3.80;1;1;1;45;0;5243785;218;0
11;19;78;14;33;59;98;3.60;1;1;1;43;0;5243998;182;0
11;19;78;14;34;0;66;3.80;4;2;1;66;0;5244066;298;0
11;19;78;14;34;1;29;3.40;1;1;1;43;0;5244129;100;0
11;19;78;14;34;1;74;3.80;4;2;1;66;0;5244174;87;0
11;19;78;14;34;2;21;3.80;3;2;1;60;0;5244221;1071;0
11;19;78;14;34;7;12;4.40;4;2;1;61;0;5244712;517;0
11;19;78;14;34;9;32;3.60;4;2;1;56;0;5244932;194;0
11;19;78;14;34;10;44;3.40;4;2;1;57;0;5245044;88;0
11;19;78;14;34;11;83;3.80;4;2;1;54;0;5245183;117;0
11;19;78;14;34;13;98;5.60;3;2;1;50;0;5245398;1154;0
11;19;78;14;34;15;18;3.40;4;2;1;54;0;5245518;309;0
11;19;78;14;34;15;26;4.80;3;2;1;53;0;5245526;87;0
11;19;78;14;34;17;77;3.60;3;2;1;60;0;5245777;218;0
11;19;78;14;34;20;74;3.00;3;2;1;64;0;5246074;275;0
11;19;78;14;34;21;4;3.80;4;2;1;59;0;5246104;563;0
11;19;78;14;34;23;88;3.60;4;2;1;60;0;5246388;260;0
11;19;78;14;34;29;92;3.40;4;2;1;60;0;5246992;582;0
11;19;78;14;34;31;21;3.60;4;2;1;59;0;5247121;108;0
11;19;78;14;34;31;51;3.40;3;2;1;58;0;5247151;1060;0
11;19;78;14;34;34;14;3.20;3;2;1;60;0;5247414;241;0
11;19;78;14;34;35;41;3.60;3;2;1;58;0;5247541;107;0
11;19;78;14;34;36;81;3.60;3;2;1;61;0;5247681;117;0
11;19;78;14;34;38;24;3.80;3;2;1;61;0;5247824;121;0
11;19;78;14;34;39;11;3.60;4;2;1;58;0;5247911;768;0
11;19;78;14;34;39;58;4.00;1;1;1;54;0;5247958;3800;0
11;19;78;14;34;40;15;4.00;3;2;1;63;0;5248015;168;5247414
11;19;78;14;34;43;13;3.60;3;2;1;66;0;5248313;275;0
11;19;78;14;34;42;94;8.20;4;2;2;60;0;5248294;360;0
11;19;78;14;34;45;30;4.20;4;2;1;64;0;5248530;186;0
11;19;78;14;34;46;69;3.80;1;1;1;57;0;5248669;684;0
11;19;78;14;34;47;89;3.40;1;1;1;60;0;5248789;96;0
11;19;78;14;34;47;74;8.20;4;2;2;62;0;5248774;220;0
11;19;78;14;34;48;13;3.60;3;2;1;61;0;5248813;480;0
11;19;78;14;34;49;56;5.20;3;2;1;64;0;5248956;121;0
11;19;78;14;34;50;10;3.80;4;2;1;61;0;5249010;188;0
11;19;78;14;34;50;91;3.60;1;1;1;53;0;5249091;281;0
11;19;78;14;34;51;11;3.60;2;1;1;61;0;5249111;5445;0
11;19;78;14;34;51;47;3.60;3;2;1;59;0;5249147;161;0
11;19;78;14;34;51;51;4.00;4;2;1;59;0;5249151;118;0
11;19;78;14;34;52;59;3.60;3;2;1;56;0;5249259;90;0
11;19;78;14;34;52;60;4.40;4;2;1;54;0;5249260;84;0
11;19;78;14;34;53;75;4.00;2;1;1;59;0;5249375;242;0
11;19;78;14;34;54;13;3.20;3;2;1;58;0;5249413;130;5248813
11;19;78;14;34;54;22;3.80;1;1;1;54;0;5249422;306;0
11;19;78;14;34;55;35;3.60;3;2;1;58;0;5249535;102;5248813
11;19;78;14;34;55;39;5.60;1;1;1;56;0;5249539;91;5248813
11;19;78;14;34;55;52;10.60;4;2;7;55;0;5249552;262;0
11;19;78;14;34;56;99;3.60;3;2;1;61;0;5249699;141;5248813
11;19;78;14;34;56;90;5.20;1;1;1;55;0;5249690;115;5248813
11;19;78;14;34;58;29;3.60;2;1;1;50;0;5249829;429;0
11;19;78;14;34;58;44;4.60;4;2;1;54;0;5249844;222;0
11;19;78;14;34;58;76;3.80;1;1;1;52;0;5249876;151;0
11;19;78;14;34;59;34;3.80;2;1;1;49;0;5249934;79;0
11;19;78;14;35;0;32;3.60;2;1;1;48;0;5250032;70;0
11;19;78;14;35;0;55;5.20;3;2;1;60;0;5250055;334;0
11;19;78;14;35;1;35;3.60;1;1;1;50;0;5250135;232;0
11;19;78;14;35;1;67;3.80;3;2;1;53;0;5250167;80;0
11;19;78;14;35;2;96;3.00;3;2;1;52;0;5250296;103;0
11;19;78;14;35;2;85;4.00;2;1;1;53;0;5250285;226;0
11;19;78;14;35;3;12;3.60;4;2;1;58;0;5250312;437;0
11;19;78;14;35;4;25;3.80;1;1;1;47;0;5250425;264;0
11;19;78;14;35;4;72;5.00;3;2;1;51;0;5250472;155;0
11;19;78;14;35;5;43;3.80;2;1;1;50;0;5250543;230;0
11;19;78;14;35;5;41;3.60;1;1;1;44;0;5250541;86;0
11;19;78;14;35;6;29;4.60;3;2;1;52;0;5250629;121;5250055
11;19;78;14;35;6;43;3.60;1;1;1;45;0;5250643;72;5250055
11;19;78;14;35;6;56;3.00;4;2;1;52;0;5250656;321;0
11;19;78;14;35;8;0;3.20;1;1;1;43;0;5250800;128;0
11;19;78;14;35;8;52;4.20;3;2;1;51;0;5250852;191;5250055
11;19;78;14;35;8;96;3.60;4;2;1;54;0;5250896;219;0
11;19;78;14;35;9;53;3.60;2;1;1;47;0;5250953;382;0
11;19;78;14;35;9;64;3.40;1;1;1;41;0;5250964;137;5250425
11;19;78;14;35;10;12;3.40;4;2;1;53;0;5251012;92;5250425
11;19;78;14;35;11;25;3.20;4;2;1;52;0;5251125;89;5250425
11;19;78;14;35;12;52;4.60;2;1;1;52;0;5251252;271;0
11;19;78;14;35;12;54;4.60;4;2;1;52;0;5251254;106;0
11;19;78;14;35;12;72;3.60;1;1;1;48;0;5251272;278;0
11;19;78;14;35;12;54;8.60;3;2;2;58;0;5251254;372;0
11;19;78;14;35;14;8;3.20;1;1;1;47;0;5251408;109;0
11;19;78;14;35;14;29;3.40;4;2;1;51;0;5251429;143;5250896
11;19;78;14;35;15;7;3.20;1;1;1;46;0;5251507;74;5250896
11;19;78;14;35;16;27;9.60;4;2;2;52;0;5251627;174;5250896
11;19;78;14;35;17;94;3.60;4;2;1;50;0;5251794;100;5250896
11;19;78;14;35;19;46;9.40;1;1;2;57;0;5251946;413;0
11;19;78;14;35;20;33;3.20;4;2;1;49;0;5252033;213;0
11;19;78;14;35;21;66;5.20;1;1;1;56;0;5252166;160;0
11;19;78;14;35;22;35;3.80;3;2;1;68;0;5252235;927;0
11;19;78;14;35;23;6;3.80;1;1;1;50;0;5252306;106;0
11;19;78;14;35;26;0;3.40;3;2;1;65;0;5252600;344;0
11;19;78;14;35;26;83;3.40;1;1;1;60;0;5252683;349;0
11;19;78;14;35;27;34;5.20;4;2;1;57;0;5252734;677;0
11;19;78;14;35;29;68;6.00;2;1;1;56;0;5252968;1684;0
11;19;78;14;35;30;87;5.00;1;1;1;59;0;5253087;383;0
11;19;78;14;35;32;11;3.80;4;2;1;57;0;5253211;444;0
11;19;78;14;35;33;22;3.20;2;1;1;59;0;5253322;315;0
11;19;78;14;35;33;29;3.00;1;1;1;53;0;5253329;211;0
11;19;78;14;35;36;2;8.80;2;1;2;54;0;5253602;260;0
11;19;78;14;35;37;67;12.40;1;1;3;52;0;5253767;417;0
11;19;78;14;35;40;5;3.60;4;2;1;58;0;5254005;770;0
11;19;78;14;35;41;30;4.00;3;2;1;63;0;5254130;1511;0
11;19;78;14;35;41;35;3.80;2;1;1;59;0;5254135;474;0
11;19;78;14;35;42;0;3.80;1;1;1;55;0;5254200;347;0
11;19;78;14;35;42;34;3.60;3;2;1;59;0;5254234;81;0
11;19;78;14;35;43;96;3.80;4;2;1;57;0;5254396;368;0
11;19;78;14;35;44;28;3.20;3;2;1;60;0;5254428;172;0
11;19;78;14;35;44;99;3.60;4;2;1;55;0;5254499;79;0
11;19;78;14;35;46;49;3.80;4;2;1;53;0;5254649;126;0
11;19;78;14;35;47;89;3.80;1;1;1;52;0;5254789;564;0
11;19;78;14;35;49;26;3.40;3;2;1;58;0;5254926;478;0
11;19;78;14;35;49;35;3.40;1;1;1;50;0;5254935;119;0
11;19;78;14;35;50;42;3.80;3;2;1;56;0;5255042;94;0
11;19;78;14;35;52;39;3.60;4;2;1;57;0;5255239;564;0
11;19;78;14;35;55;45;3.60;4;2;1;63;0;5255545;283;0
11;19;78;14;35;57;36;3.60;4;2;1;63;0;5255736;170;0
11;19;78;14;36;3;95;4.40;3;2;1;73;0;5256395;1328;0
11;19;78;14;36;5;74;3.60;4;2;1;64;0;5256574;817;0
11;19;78;14;36;7;55;2.80;4;2;1;64;0;5256755;160;0
11;19;78;14;36;9;0;4.00;4;2;1;60;0;5256900;129;0
11;19;78;14;36;10;1;3.20;4;2;1;58;0;5257001;77;0
11;19;78;14;36;10;73;5.60;2;1;1;53;0;5257073;2914;0
11;19;78;14;36;12;36;3.40;4;2;1;54;0;5257236;215;0
11;19;78;14;36;12;57;3.60;1;1;1;45;0;5257257;2297;0
11;19;78;14;36;15;80;3.60;4;2;1;58;0;5257580;321;0
11;19;78;14;36;18;32;3.40;3;2;1;56;0;5257832;1415;0
11;19;78;14;36;18;84;3.40;4;2;1;54;0;5257884;281;0
11;19;78;14;36;19;68;3.80;3;2;1;55;0;5257968;114;0
11;19;78;14;36;20;27;4.60;4;2;1;53;0;5258027;120;0
11;19;78;14;36;20;94;2.80;3;2;1;54;0;5258094;101;0
11;19;78;14;36;22;30;3.20;3;2;1;56;0;5258230;117;0
11;19;78;14;36;22;48;3.40;4;2;1;53;0;5258248;189;0
11;19;78;14;36;23;6;4.40;3;2;1;55;0;5258306;55;5257832
11;19;78;14;36;24;14;3.80;4;2;1;54;0;5258414;142;5257832
11;19;78;14;36;24;53;3.60;3;2;1;56;0;5258453;118;5257832
11;19;78;14;36;25;75;4.00;3;2;1;54;0;5258575;98;5257832
11;19;78;14;36;26;63;3.20;1;1;1;61;0;5258663;1377;0
11;19;78;14;36;27;35;3.60;3;2;1;60;0;5258735;133;5257832
11;19;78;14;36;28;2;5.20;4;2;1;51;0;5258802;362;0
11;19;78;14;36;29;7;3.80;3;2;1;61;0;5258907;150;5257832
11;19;78;14;36;29;97;4.60;1;1;1;61;0;5258997;315;0
11;19;78;14;36;30;57;3.00;4;2;1;54;0;5259057;218;0
11;19;78;14;36;31;75;4.40;3;2;1;62;0;5259175;245;0
11;19;78;14;36;31;67;4.60;2;1;1;58;0;5259167;2055;0
11;19;78;14;36;32;41;3.40;4;2;1;54;0;5259241;164;0
11;19;78;14;36;33;2;3.80;3;2;1;62;0;5259302;101;0
11;19;78;14;36;33;97;4.00;4;2;1;57;0;5259397;133;0
11;19;78;14;36;34;35;3.40;1;1;1;56;0;5259435;410;0
11;19;78;14;36;34;66;3.80;3;2;1;63;0;5259466;141;0
11;19;78;14;36;35;55;3.40;1;1;1;54;0;5259555;98;0
11;19;78;14;36;35;60;3.20;4;2;1;57;0;5259560;137;0
11;19;78;14;36;36;9;3.60;3;2;1;59;0;5259609;121;0
11;19;78;14;36;36;36;4.40;2;1;1;54;0;5259636;440;0
11;19;78;14;36;37;19;3.40;3;2;1;60;0;5259719;88;5259175
11;19;78;14;36;37;50;4.80;2;1;1;53;0;5259750;84;5259175
11;19;78;14;36;38;82;4.00;4;2;1;58;0;5259882;301;0
11;19;78;14;36;39;44;3.40;2;1;1;58;0;5259944;161;0
11;19;78;14;36;40;87;3.60;3;2;1;55;0;5260087;347;0
11;19;78;14;36;41;7;4.60;2;1;1;56;0;5260107;141;0
11;19;78;14;36;41;47;3.00;4;2;1;52;0;5260147;240;0
11;19;78;14;36;41;62;5.20;1;1;1;58;0;5260162;584;0
11;19;78;14;36;41;83;3.80;3;2;1;56;0;5260183;72;0
11;19;78;14;36;42;77;4.60;2;1;1;54;0;5260277;140;5259636
11;19;78;14;36;43;28;3.80;3;2;1;54;0;5260328;120;5259636
11;19;78;14;36;43;69;3.80;1;1;1;53;0;5260369;174;5259636
11;19;78;14;36;44;1;3.80;4;2;1;56;0;5260401;233;0
11;19;78;14;36;44;74;4.40;1;1;1;55;0;5260474;79;0
11;19;78;14;36;44;75;3.60;3;2;1;53;0;5260475;121;0
11;19;78;14;36;45;37;3.80;4;2;1;55;0;5260537;111;0
11;19;78;14;36;45;79;3.40;3;2;1;53;0;5260579;79;5260087
11;19;78;14;36;46;61;3.80;4;2;1;57;0;5260661;99;5260087
11;19;78;14;36;47;69;3.40;3;2;1;53;0;5260769;166;5260087
11;19;78;14;36;48;52;2.80;2;1;1;52;0;5260852;544;0
11;19;78;14;36;48;65;3.60;4;2;1;53;0;5260865;180;0
11;19;78;14;36;49;8;3.60;3;2;1;50;0;5260908;115;5260087
11;19;78;14;36;51;28;3.40;3;2;1;50;0;5261128;194;5260087
11;19;78;14;36;51;52;3.40;1;1;1;48;0;5261152;649;0
11;19;78;14;36;50;86;2.40;2;2;1;14;0;5261086;420081;0
11;19;78;14;36;52;26;3.80;4;2;1;53;0;5261226;336;0
11;19;78;14;36;53;33;4.60;1;1;1;44;0;5261333;155;0
11;19;78;14;36;54;86;3.60;1;1;1;46;0;5261486;115;0
11;19;78;14;36;56;24;3.60;1;1;1;46;0;5261624;109;0
11;19;78;14;36;58;3;4.40;1;1;1;42;0;5261803;150;5261152
11;19;78;14;37;1;2;5.20;1;1;1;42;0;5262102;261;0
11;19;78;14;37;1;64;3.00;2;1;1;48;0;5262164;1292;0
11;19;78;14;37;1;93;3.40;4;2;1;64;0;5262193;941;0
11;19;78;14;37;2;66;3.20;1;1;1;38;0;5262266;119;0
11;19;78;14;37;3;77;3.60;1;1;1;37;0;5262377;80;0
11;19;78;14;37;3;86;5.00;2;1;1;46;0;5262386;199;0
11;19;78;14;37;5;24;3.20;1;1;1;37;0;5262524;111;0
11;19;78;14;37;6;23;3.20;2;1;1;53;0;5262623;197;0
11;19;78;14;37;6;86;3.00;1;1;1;39;0;5262686;130;5262102
11;19;78;14;37;8;53;3.20;2;1;1;50;0;5262853;208;0
11;19;78;14;37;8;80;3.80;4;2;1;64;0;5262880;667;0
11;19;78;14;37;9;30;3.40;1;1;1;37;0;5262930;216;0
11;19;78;14;37;9;84;4.20;2;1;1;48;0;5262984;107;0
11;19;78;14;37;10;82;3.60;1;1;1;36;0;5263082;118;0
11;19;78;14;37;11;19;3.60;2;1;1;45;0;5263119;103;0
11;19;78;14;37;12;5;3.80;1;1;1;36;0;5263205;87;0
11;19;78;14;37;13;23;3.00;2;1;1;42;0;5263323;175;0
11;19;78;14;37;13;51;3.60;1;1;1;38;0;5263351;108;0
11;19;78;14;37;14;6;2.80;4;2;1;68;0;5263406;504;0
11;19;78;14;37;14;65;4.00;1;1;1;38;0;5263465;79;5262930
11;19;78;14;37;15;81;3.80;4;2;1;61;0;5263581;160;5262930
11;19;78;14;37;16;49;4.00;3;2;1;69;0;5263649;2496;0
11;19;78;14;37;18;57;3.80;4;2;1;63;0;5263857;253;0
11;19;78;14;37;18;83;3.80;1;1;1;44;0;5263883;380;0
11;19;78;14;37;19;88;4.00;1;1;1;43;0;5263988;73;0
11;19;78;14;37;20;26;3.80;4;2;1;62;0;5264026;147;0
11;19;78;14;37;23;64;3.40;4;2;1;57;0;5264364;315;0
11;19;78;14;37;24;86;3.00;3;2;1;66;0;5264486;816;0
11;19;78;14;37;25;5;3.20;4;2;1;53;0;5264505;119;0
11;19;78;14;37;26;51;3.20;4;2;1;53;0;5264651;124;0
11;19;78;14;37;28;39;3.00;4;2;1;54;0;5264839;166;0
11;19;78;14;37;30;94;8.60;3;2;2;66;0;5265094;591;0
11;19;78;14;37;31;79;3.80;4;2;1;62;0;5265179;320;0
11;19;78;14;37;35;56;3.40;4;2;1;70;0;5265556;354;0
11;19;78;14;37;41;3;4.00;3;2;1;70;0;5266103;962;0
11;19;78;14;37;41;2;3.60;4;2;1;59;0;5266102;528;0
11;19;78;14;37;47;88;3.20;4;2;1;61;0;5266788;664;0
11;19;78;14;37;48;23;3.80;3;2;1;63;0;5266823;699;0
11;19;78;14;37;49;12;3.00;1;1;1;52;0;5266912;2890;0
11;19;78;14;37;49;66;3.80;3;2;1;63;0;5266966;121;0
11;19;78;14;37;50;32;3.80;4;2;1;60;0;5267032;225;0
11;19;78;14;37;51;8;3.00;3;2;1;60;0;5267108;120;0
11;19;78;14;37;52;10;3.60;4;2;1;61;0;5267210;155;0
11;19;78;14;37;53;28;6.60;3;2;1;58;0;5267328;202;0
11;19;78;14;37;54;33;3.80;3;2;1;63;0;5267433;64;0
11;19;78;14;37;54;50;3.80;4;2;1;62;0;5267450;218;0
11;19;78;14;37;55;27;10.20;4;2;2;57;0;5267527;54;0
11;19;78;14;37;56;31;4.60;3;2;1;64;0;5267631;176;0
11;19;78;14;37;57;50;3.60;4;2;1;57;0;5267750;158;0
11;19;78;14;38;0;6;3.80;4;2;1;57;0;5268006;233;0
11;19;78;14;38;1;38;3.40;4;2;1;58;0;5268138;108;0
11;19;78;14;38;2;26;5.20;3;2;1;69;0;5268226;569;0
11;19;78;14;38;2;41;9.40;4;2;2;57;0;5268241;81;0
11;19;78;14;38;4;83;3.20;4;2;1;56;0;5268483;182;0
11;19;78;14;38;5;39;3.80;3;2;1;62;0;5268539;285;0
11;19;78;14;38;7;13;3.60;3;2;1;56;0;5268713;151;0
11;19;78;14;38;8;68;3.40;4;2;1;62;0;5268868;364;0
11;19;78;14;38;9;71;4.00;3;2;1;67;0;5268971;234;0
11;19;78;14;38;11;46;3.80;3;2;1;70;0;5269146;153;0
11;19;78;14;38;11;85;3.80;4;2;1;64;0;5269185;297;0
11;19;78;14;38;14;53;4.60;3;2;1;64;0;5269453;287;0
11;19;78;14;38;15;55;3.80;4;2;1;58;0;5269555;348;0
11;19;78;14;38;15;31;3.40;1;1;1;44;0;5269531;2598;0
11;19;78;14;38;17;57;3.80;4;2;1;60;0;5269757;178;0
11;19;78;14;38;17;63;3.80;1;1;1;48;0;5269763;204;0
11;19;78;14;38;18;45;5.00;3;2;1;61;0;5269845;366;0
11;19;78;14;38;19;11;4.20;4;2;1;62;0;5269911;131;0
11;19;78;14;38;19;79;4.60;1;1;1;54;0;5269979;187;0
11;19;78;14;38;20;74;3.40;4;2;1;58;0;5270074;138;0
11;19;78;14;38;20;78;3.00;3;2;1;56;0;5270078;203;0
11;19;78;14;38;23;22;3.80;1;1;1;58;0;5270322;312;0
11;19;78;14;38;23;20;3.20;4;2;1;52;0;5270320;224;0
11;19;78;14;38;23;93;3.40;2;1;1;55;0;5270393;7044;0
11;19;78;14;38;24;7;3.60;3;2;1;56;0;5270407;309;0
11;19;78;14;38;25;12;3.80;2;1;1;54;0;5270512;96;0
11;19;78;14;38;25;44;3.40;4;2;1;51;0;5270544;201;0
11;19;78;14;38;26;41;4.60;2;1;1;53;0;5270641;103;0
11;19;78;14;38;26;69;3.60;1;1;1;55;0;5270669;323;0
11;19;78;14;38;27;16;3.40;4;2;1;51;0;5270716;148;0
11;19;78;14;38;27;93;3.60;3;2;1;61;0;5270793;362;0
11;19;78;14;38;27;93;3.40;1;1;1;54;0;5270793;100;0
11;19;78;14;38;28;87;3.20;1;1;1;51;0;5270887;71;0
11;19;78;14;38;29;48;4.60;2;1;1;56;0;5270948;275;0
11;19;78;14;38;29;54;3.80;3;2;1;57;0;5270954;139;0
11;19;78;14;38;31;6;3.60;2;1;1;56;0;5271106;128;0
11;19;78;14;38;31;27;3.60;1;1;1;55;0;5271127;217;0
11;19;78;14;38;31;78;9.40;3;2;2;64;0;5271178;200;0
11;19;78;14;38;33;2;3.20;2;1;1;55;0;5271302;172;0
11;19;78;14;38;33;26;3.20;1;1;1;54;0;5271326;175;0
11;19;78;14;38;33;15;12.60;4;2;3;56;0;5271315;575;0
11;19;78;14;38;33;86;2.80;2;1;1;54;0;5271386;63;0
11;19;78;14;38;34;55;4.40;1;1;1;53;0;5271455;107;0
11;19;78;14;38;35;34;4.40;4;2;1;55;0;5271534;138;0
11;19;78;14;38;36;1;3.20;1;1;1;52;0;5271601;116;0
11;19;78;14;38;36;7;3.40;2;1;1;52;0;5271607;202;0
11;19;78;14;38;37;20;3.60;2;1;1;51;0;5271720;89;0
11;19;78;14;38;37;35;3.40;1;1;1;53;0;5271735;111;5271127
11;19;78;14;38;39;86;3.20;1;1;1;56;0;5271986;227;0
11;19;78;14;38;40;72;5.80;2;1;1;55;0;5272072;326;0
11;19;78;14;38;41;18;4.20;1;1;1;55;0;5272118;111;0
11;19;78;14;38;42;62;3.60;2;1;1;56;0;5272262;152;0
11;19;78;14;38;43;65;3.60;1;1;1;56;0;5272365;219;0
11;19;78;14;38;44;30;3.00;2;1;1;54;0;5272430;144;0
11;19;78;14;38;46;9;3.60;1;1;1;52;0;5272609;220;0
11;19;78;14;38;47;51;3.60;1;1;1;51;0;5272751;117;0
11;19;78;14;38;48;0;5.80;2;1;1;59;0;5272800;350;0
11;19;78;14;38;48;92;4.00;1;1;1;51;0;5272892;115;0
11;19;78;14;38;50;54;3.20;1;1;1;53;0;5273054;133;0
11;19;78;14;38;51;94;3.20;2;1;1;58;0;5273194;358;0
11;19;78;14;38;52;25;3.80;4;2;1;67;0;5273225;1662;0
11;19;78;14;38;52;30;3.60;1;1;1;54;0;5273230;154;5272609
11;19;78;14;38;52;63;3.60;3;2;1;68;0;5273263;2032;0
11;19;78;14;38;53;92;4.00;2;1;1;57;0;5273392;178;0
11;19;78;14;38;54;99;3.80;1;1;1;49;0;5273499;245;0
11;19;78;14;38;55;72;3.60;4;2;1;61;0;5273572;326;0
11;19;78;14;38;56;7;5.20;2;1;1;53;0;5273607;189;0
11;19;78;14;38;56;57;4.80;1;1;1;51;0;5273657;130;0
11;19;78;14;38;57;48;4.00;2;1;1;56;0;5273748;105;0
11;19;78;14;38;57;69;3.40;1;1;1;51;0;5273769;78;0
11;19;78;14;38;59;12;4.00;1;1;1;51;0;5273912;119;0
11;19;78;14;38;59;64;8.20;4;2;2;68;0;5273964;370;0
11;19;78;14;39;0;9;3.60;3;2;1;64;0;5274009;726;0
11;19;78;14;39;1;7;4.20;1;1;1;46;0;5274107;166;5273499
11;19;78;14;39;2;15;3.00;3;2;1;65;0;5274215;185;5273499
11;19;78;14;39;2;55;4.00;4;2;1;67;0;5274255;247;0
11;19;78;14;39;3;81;3.40;2;1;1;63;0;5274381;607;0
11;19;78;14;39;3;76;3.20;1;1;1;50;0;5274376;236;0
11;19;78;14;39;7;40;8.40;4;2;2;57;0;5274740;463;0
11;19;78;14;39;8;92;4.60;1;1;1;65;0;5274892;492;0
11;19;78;14;39;9;40;3.20;4;2;1;58;0;5274940;146;0
11;19;78;14;39;12;49;3.60;4;2;1;55;0;5275249;289;0
11;19;78;14;39;12;67;3.60;2;1;1;62;0;5275267;866;0
11;19;78;14;39;13;21;3.80;1;1;1;61;0;5275321;403;0
11;19;78;14;39;13;62;3.60;4;2;1;59;0;5275362;89;0
11;19;78;14;39;15;95;3.60;3;2;1;66;0;5275595;1363;0
11;19;78;14;39;15;98;3.40;1;1;1;56;0;5275598;254;0
11;19;78;14;39;17;38;8.40;3;2;2;64;0;5275738;123;0
11;19;78;14;39;16;93;10.20;1;1;2;57;0;5275693;73;0
11;19;78;14;39;24;74;4.60;3;2;1;71;0;5276474;688;0
11;19;78;14;39;25;77;3.40;1;1;1;49;0;5276577;819;0
11;19;78;14;39;28;36;3.80;3;2;1;59;0;5276836;338;0
11;19;78;14;39;31;64;3.00;4;2;1;60;0;5277164;1780;0
11;19;78;14;39;32;58;3.80;3;2;1;61;0;5277258;398;0
11;19;78;14;39;33;27;7.40;1;1;2;62;0;5277327;725;0
11;19;78;14;39;35;21;3.20;3;2;1;58;0;5277521;240;0
11;19;78;14;39;35;70;4.60;4;2;1;63;0;5277570;388;0
11;19;78;14;39;38;22;3.00;4;2;1;59;0;5277822;225;0
11;19;78;14;39;38;35;3.60;3;2;1;62;0;5277835;294;0
11;19;78;14;39;39;15;3.60;4;2;1;59;0;5277915;74;0
11;19;78;14;39;40;11;3.80;3;2;1;59;0;5278011;155;0
11;19;78;14;39;40;58;3.60;4;2;1;58;0;5278058;121;0
11;19;78;14;39;41;59;3.60;3;2;1;58;0;5278159;124;0
11;19;78;14;39;42;77;3.80;3;2;1;58;0;5278277;95;0
11;19;78;14;39;44;81;3.60;3;2;1;62;0;5278481;180;5277835
11;19;78;14;39;45;24;7.60;4;2;2;61;0;5278524;443;0
11;19;78;14;39;46;26;3.00;3;2;1;64;0;5278626;124;5277835
11;19;78;14;39;47;82;3.60;3;2;1;65;0;5278782;139;5277835
11;19;78;14;39;48;41;4.20;4;2;1;60;0;5278841;272;0
11;19;78;14;39;49;84;3.40;4;2;1;59;0;5278984;117;0
11;19;78;14;39;50;1;3.80;3;2;1;64;0;5279001;199;5277835
11;19;78;14;39;51;44;4.40;4;2;1;56;0;5279144;139;5277835
11;19;78;14;39;53;64;3.00;4;2;1;53;0;5279364;191;5277835
11;19;78;14;39;53;72;2.80;3;2;1;60;0;5279372;349;0
11;19;78;14;39;55;19;4.00;3;2;1;60;0;5279519;130;0
11;19;78;14;39;56;22;3.80;4;2;1;54;0;5279622;237;0
11;19;78;14;39;56;23;3.40;1;1;1;59;0;5279623;2253;0
11;19;78;14;39;56;62;4.40;3;2;1;56;0;5279662;119;0
11;19;78;14;39;57;66;3.80;4;2;1;54;0;5279766;118;0
11;19;78;14;39;57;85;3.40;3;2;1;57;0;5279785;94;0
11;19;78;14;40;0;15;3.60;4;2;1;52;0;5280015;223;0
11;19;78;14;40;1;40;4.60;4;2;1;51;0;5280140;100;0
11;19;78;14;40;2;36;4.40;3;2;1;60;0;5280236;429;0
11;19;78;14;40;3;77;3.40;4;2;1;55;0;5280377;204;0
11;19;78;14;40;4;51;3.60;3;2;1;56;0;5280451;188;0
11;19;78;14;40;5;77;3.40;3;2;1;56;0;5280577;102;0
11;19;78;14;40;6;49;3.60;4;2;1;53;0;5280649;249;0
11;19;78;14;40;7;96;5.20;3;2;1;55;0;5280796;197;0
11;19;78;14;40;8;38;9.20;4;2;2;52;0;5280838;164;0
11;19;78;14;40;9;42;4.40;3;2;1;56;0;5280942;111;5280236
11;19;78;14;40;10;42;3.80;4;2;1;52;0;5281042;140;5280236
11;19;78;14;40;12;11;3.80;1;1;1;59;0;5281211;1567;0
11;19;78;14;40;12;14;3.00;4;2;1;49;0;5281214;145;0
11;19;78;14;40;12;31;3.40;3;2;1;58;0;5281231;260;0
11;19;78;14;40;13;65;3.60;4;2;1;50;0;5281365;128;5280649
11;19;78;14;40;13;87;3.40;2;1;1;57;0;5281387;6099;0
11;19;78;14;40;14;5;3.80;3;2;1;55;0;5281405;152;0
11;19;78;14;40;14;95;3.40;3;2;1;58;0;5281495;65;0
11;19;78;14;40;15;19;5.00;1;1;1;54;0;5281519;284;0
11;19;78;14;40;15;54;3.60;4;2;1;49;0;5281554;163;5280649
11;19;78;14;40;16;53;3.40;3;2;1;62;0;5281653;136;5280649
11;19;78;14;40;17;61;3.60;1;1;1;62;0;5281761;208;0
11;19;78;14;40;17;90;9.40;4;2;2;53;0;5281790;209;0
11;19;78;14;40;22;34;3.80;1;1;1;58;0;5282234;452;0
11;19;78;14;40;23;80;4.20;4;2;1;70;0;5282380;526;0
11;19;78;14;40;24;11;3.60;2;1;1;53;0;5282411;1002;0
11;19;78;14;40;24;81;7.00;1;1;1;57;0;5282481;223;0
11;19;78;14;40;25;83;3.40;2;1;1;50;0;5282583;147;0
11;19;78;14;40;27;57;4.00;3;2;1;62;0;5282757;1084;0
11;19;78;14;40;29;20;3.00;1;1;1;49;0;5282920;394;0
11;19;78;14;40;30;53;3.60;1;1;1;48;0;5283053;110;0
11;19;78;14;40;30;88;4.00;2;1;1;56;0;5283088;480;0
11;19;78;14;40;32;20;3.80;1;1;1;48;0;5283220;140;0
11;19;78;14;40;32;71;3.60;2;1;1;56;0;5283271;157;0
11;19;78;14;40;33;26;3.60;3;2;1;62;0;5283326;545;0
11;19;78;14;40;33;51;3.20;1;1;1;50;0;5283351;102;0
11;19;78;14;40;34;47;3.60;2;1;1;56;0;5283447;152;0
11;19;78;14;40;34;85;3.60;1;1;1;51;0;5283485;110;5282920
11;19;78;14;40;35;26;3.80;4;2;1;62;0;5283526;1124;0
11;19;78;14;40;37;45;4.00;2;1;1;53;0;5283745;274;0
11;19;78;14;40;37;57;3.40;1;1;1;51;0;5283757;246;0
11;19;78;14;40;39;19;3.60;4;2;1;61;0;5283919;370;0
11;19;78;14;40;39;25;3.40;2;1;1;51;0;5283925;152;0
11;19;78;14;40;39;45;3.80;1;1;1;52;0;5283945;164;0
11;19;78;14;40;40;24;4.40;2;1;1;52;0;5284024;75;0
11;19;78;14;40;41;25;3.20;4;2;1;60;0;5284125;184;0
11;19;78;14;40;41;19;3.20;1;1;1;52;0;5284119;147;0
11;19;78;14;40;42;11;3.40;2;1;1;52;0;5284211;156;0
11;19;78;14;40;42;15;3.80;1;1;1;50;0;5284215;73;0
11;19;78;14;40;43;8;3.20;1;1;1;51;0;5284308;65;5283757
11;19;78;14;40;43;66;3.80;2;1;1;53;0;5284366;131;5283745
11;19;78;14;40;43;95;4.60;1;1;1;51;0;5284395;64;5283757
11;19;78;14;40;44;48;3.40;3;2;1;62;0;5284448;1101;0
11;19;78;14;40;45;85;6.40;2;1;6;51;0;5284585;193;5283745
11;19;78;14;40;46;33;3.80;1;1;1;57;0;5284633;205;0
11;19;78;14;40;46;64;3.60;4;2;1;54;0;5284664;519;0
11;19;78;14;40;47;40;3.60;1;1;1;49;0;5284740;83;0
11;19;78;14;40;47;82;3.00;4;2;1;54;0;5284782;94;0
11;19;78;14;40;48;46;3.80;2;1;1;52;0;5284846;215;0
11;19;78;14;40;49;96;4.60;2;1;1;46;0;5284996;123;0
11;19;78;14;40;49;45;11.80;1;1;7;47;0;5284945;178;0
11;19;78;14;40;51;23;3.20;1;1;1;44;0;5285123;87;0
11;19;78;14;40;52;13;3.40;2;1;1;59;0;5285213;181;0
11;19;78;14;40;52;86;3.80;1;1;1;38;0;5285286;136;5284633
11;19;78;14;40;54;6;3.40;4;2;1;56;0;5285406;604;0
11;19;78;14;40;55;4;3.80;1;1;1;40;0;5285504;182;5284633
11;19;78;14;40;56;16;4.00;1;1;1;40;0;5285616;77;5284633
11;19;78;14;40;57;55;3.20;2;1;1;56;0;5285755;521;0
11;19;78;14;40;57;33;3.40;1;1;1;40;0;5285733;81;5284633
11;19;78;14;40;57;79;3.40;3;2;1;55;0;5285779;1311;0
11;19;78;14;40;59;0;4.00;2;1;1;54;0;5285900;124;0
11;19;78;14;40;59;47;3.40;1;1;1;40;0;5285947;183;5284633
11;19;78;14;41;0;89;4.60;2;1;1;52;0;5286089;162;5284633
11;19;78;14;41;1;60;3.80;1;1;1;41;0;5286160;182;5284633
11;19;78;14;41;3;6;3.40;1;1;1;40;0;5286306;112;5284633
11;19;78;14;41;3;46;3.40;2;1;1;54;0;5286346;225;0
11;19;78;14;41;4;30;3.60;4;2;1;55;0;5286430;1002;0
11;19;78;14;41;4;44;4.80;1;1;1;43;0;5286444;107;5284633
11;19;78;14;41;6;39;3.80;4;2;1;54;0;5286639;185;5284633
11;19;78;14;41;6;47;3.40;1;1;1;42;0;5286647;162;5284633
11;19;78;14;41;6;97;4.20;3;2;1;68;0;5286697;895;0
11;19;78;14;41;7;98;3.80;1;1;1;41;0;5286798;121;5284633
11;19;78;14;41;8;84;3.00;3;2;1;64;0;5286884;164;5284633
11;19;78;14;41;9;57;3.00;4;2;1;63;0;5286957;292;0
11;19;78;14;41;10;68;4.80;1;1;1;41;0;5287068;236;0
11;19;78;14;41;12;24;3.00;4;2;1;56;0;5287224;249;0
11;19;78;14;41;12;36;3.40;2;1;1;50;0;5287236;867;0
11;19;78;14;41;14;54;3.20;2;1;1;50;0;5287454;193;0
11;19;78;14;41;14;22;4.40;1;1;1;36;0;5287422;311;0
11;19;78;14;41;15;86;3.40;4;2;1;63;0;5287586;342;0
11;19;78;14;41;15;91;3.60;1;1;1;38;0;5287591;125;0
11;19;78;14;41;16;60;3.80;2;1;1;49;0;5287660;182;0
11;19;78;14;41;17;17;3.40;1;1;1;40;0;5287717;91;0
11;19;78;14;41;17;87;3.80;4;2;1;64;0;5287787;181;0
11;19;78;14;41;18;56;3.20;3;2;1;58;0;5287856;955;0
11;19;78;14;41;18;71;3.60;4;2;1;66;0;5287871;62;0
11;19;78;14;41;18;79;3.80;1;1;1;42;0;5287879;131;0
11;19;78;14;41;19;87;3.60;4;2;1;61;0;5287987;96;0
11;19;78;14;41;20;33;3.60;3;2;1;63;0;5288033;157;0
11;19;78;14;41;20;33;3.60;1;1;1;41;0;5288033;121;5287422
11;19;78;14;41;20;96;3.40;4;2;1;61;0;5288096;87;5287586
11;19;78;14;41;21;45;6.80;1;1;1;43;0;5288145;80;5287422
11;19;78;14;41;22;52;3.60;3;2;1;59;0;5288252;198;5287422
11;19;78;14;41;23;92;3.60;4;2;1;57;0;5288392;275;0
11;19;78;14;41;24;31;3.40;3;2;1;61;0;5288431;157;0
11;19;78;14;41;25;41;4.60;3;2;1;62;0;5288541;89;5287856
11;19;78;14;41;25;88;3.20;4;2;1;60;0;5288588;173;5287856
11;19;78;14;41;26;17;4.00;3;2;1;63;0;5288617;49;5287856
11;19;78;14;41;27;31;3.40;3;2;1;62;0;5288731;91;5287856
11;19;78;14;41;27;80;5.40;4;2;1;59;0;5288780;172;5287856
11;19;78;14;41;28;36;3.80;1;1;1;61;0;5288836;634;0
11;19;78;14;41;29;12;3.80;3;2;1;64;0;5288912;161;5287856
11;19;78;14;41;29;46;3.40;4;2;1;59;0;5288946;133;5287856
11;19;78;14;41;30;18;4.20;3;2;1;65;0;5289018;84;5287856
11;19;78;14;41;31;23;4.40;3;2;1;62;0;5289123;81;5287856
11;19;78;14;41;31;40;3.20;4;2;1;58;0;5289140;173;5288392
11;19;78;14;41;32;61;3.40;4;2;1;57;0;5289261;101;5288392
11;19;78;14;41;32;63;4.00;3;2;1;60;0;5289263;114;5287856
11;19;78;14;41;34;1;4.00;3;2;1;58;0;5289401;114;5287856
11;19;78;14;41;34;19;3.40;4;2;1;59;0;5289419;136;5288392
11;19;78;14;41;38;84;11.20;4;2;2;58;0;5289884;444;0
11;19;78;14;41;39;57;6.20;3;2;1;64;0;5289957;531;0
11;19;78;14;41;40;65;3.40;4;2;1;58;0;5290065;111;0
11;19;78;14;41;41;24;3.20;3;2;1;63;0;5290124;132;0
11;19;78;14;41;42;54;3.40;4;2;1;57;0;5290254;167;0
11;19;78;14;41;43;3;3.60;3;2;1;64;0;5290303;160;0
11;19;78;14;41;45;14;3.60;4;2;1;58;0;5290514;238;0
11;19;78;14;41;45;65;3.40;3;2;1;64;0;5290565;241;0
11;19;78;14;41;47;97;3.80;3;2;1;63;0;5290797;212;0
11;19;78;14;41;48;47;3.00;4;2;1;52;0;5290847;310;0
11;19;78;14;41;48;76;4.00;3;2;1;63;0;5290876;57;0
11;19;78;14;41;49;79;5.00;3;2;1;59;0;5290979;80;0
11;19;78;14;41;50;27;5.20;4;2;1;57;0;5291027;159;0
11;19;78;14;41;51;21;4.60;3;2;1;60;0;5291121;111;0
11;19;78;14;41;52;73;3.40;4;2;1;56;0;5291273;213;0
11;19;78;14;41;52;88;4.40;3;2;1;59;0;5291288;139;5290797
11;19;78;14;41;54;30;2.60;1;1;1;49;0;5291430;2571;0
11;19;78;14;41;57;20;3.20;4;2;1;55;0;5291720;425;0
11;19;78;14;41;59;60;3.60;2;1;1;53;0;5291960;4272;0
11;19;78;14;41;59;85;3.20;4;2;1;54;0;5291985;244;0
11;19;78;14;42;2;7;3.40;4;2;1;60;0;5292207;200;0
11;19;78;14;42;4;86;3.40;1;1;1;58;0;5292486;1036;0
11;19;78;14;42;6;43;4.00;1;1;1;60;0;5292643;135;0
11;19;78;14;42;6;52;3.40;2;1;1;59;0;5292652;667;0
11;19;78;14;42;7;88;3.20;1;1;1;59;0;5292788;121;0
11;19;78;14;42;9;48;3.80;1;1;1;62;0;5292948;140;0
11;19;78;14;42;10;62;3.60;3;2;1;55;0;5293062;1747;0
11;19;78;14;42;10;76;4.00;2;1;1;60;0;5293076;403;0
11;19;78;14;42;11;57;8.40;4;2;6;57;0;5293157;929;0
11;19;78;14;42;11;96;3.40;3;2;1;57;0;5293196;110;0
11;19;78;14;42;12;51;3.80;2;1;1;61;0;5293251;151;0
11;19;78;14;42;14;76;3.40;1;1;1;56;0;5293476;505;0
11;19;78;14;42;15;22;3.20;2;1;1;59;0;5293522;248;0
11;19;78;14;42;16;69;3.80;3;2;1;61;0;5293669;451;0
11;19;78;14;42;16;79;3.80;1;1;1;56;0;5293679;181;0
11;19;78;14;42;16;83;4.00;2;1;1;61;0;5293683;141;0
11;19;78;14;42;18;28;3.60;4;2;1;60;0;5293828;617;0
11;19;78;14;42;19;71;3.60;1;1;1;56;0;5293971;267;0
11;19;78;14;42;20;27;3.40;2;1;1;54;0;5294027;320;0
11;19;78;14;42;20;94;3.60;1;1;1;57;0;5294094;99;0
11;19;78;14;42;21;6;3.40;4;2;1;61;0;5294106;256;0
11;19;78;14;42;21;98;3.60;2;1;1;56;0;5294198;148;0
11;19;78;14;42;23;18;4.00;1;1;1;55;0;5294318;201;0
11;19;78;14;42;23;38;3.60;4;2;1;62;0;5294338;211;0
11;19;78;14;42;23;59;3.00;3;2;1;66;0;5294359;667;0
11;19;78;14;42;24;11;4.60;1;1;1;51;0;5294411;66;0
11;19;78;14;42;24;52;5.40;2;1;1;56;0;5294452;230;0
11;19;78;14;42;24;96;3.80;1;1;1;49;0;5294496;52;0
11;19;78;14;42;25;0;5.00;3;2;1;68;0;5294500;124;0
11;19;78;14;42;25;9;3.80;4;2;1;59;0;5294509;150;0
11;19;78;14;42;27;42;3.20;4;2;1;62;0;5294742;209;0
11;19;78;14;42;27;58;3.80;1;1;1;54;0;5294758;234;0
11;19;78;14;42;28;5;4.00;3;2;1;61;0;5294805;278;0
11;19;78;14;42;31;31;4.00;3;2;1;60;0;5295131;302;0
11;19;78;14;42;31;31;4.80;1;1;1;53;0;5295131;347;0
11;19;78;14;42;33;32;3.80;1;1;1;51;0;5295332;168;0
11;19;78;14;42;33;68;4.00;3;2;1;58;0;5295368;213;0
11;19;78;14;42;35;1;3.20;1;1;1;54;0;5295501;142;0
11;19;78;14;42;35;85;4.00;2;1;1;55;0;5295585;1098;0
11;19;78;14;42;37;14;4.00;1;1;1;54;0;5295714;191;0
11;19;78;14;42;37;95;3.80;2;1;1;61;0;5295795;183;0
11;19;78;14;42;38;38;3.40;1;1;1;52;0;5295838;97;5295131
11;19;78;14;42;39;3;3.40;4;2;1;59;0;5295903;1142;0
11;19;78;14;42;39;52;3.80;1;1;1;51;0;5295952;90;5295131
11;19;78;14;42;40;70;3.60;1;1;1;51;0;5296070;91;5295131
11;19;78;14;42;41;90;4.80;1;1;1;51;0;5296190;94;5295131
11;19;78;14;42;42;65;3.80;2;1;1;61;0;5296265;447;0
11;19;78;14;42;43;34;3.20;1;1;1;53;0;5296334;110;5295131
11;19;78;14;42;44;2;3.20;3;2;1;70;0;5296402;1009;0
11;19;78;14;42;43;87;10.00;2;1;2;62;0;5296387;99;0
11;19;78;14;42;47;38;3.40;1;1;1;52;0;5296738;382;0
11;19;78;14;42;47;42;4.40;4;2;1;67;0;5296742;818;0
11;19;78;14;42;49;52;2.80;2;1;1;61;0;5296952;506;0
11;19;78;14;42;49;85;3.00;3;2;1;62;0;5296985;566;0
11;19;78;14;42;50;40;3.40;1;1;1;55;0;5297040;278;0
11;19;78;14;42;52;87;4.40;2;1;1;60;0;5297287;318;0
11;19;78;14;42;53;12;3.40;4;2;1;57;0;5297312;546;0
11;19;78;14;42;53;56;3.80;1;1;1;55;0;5297356;293;0
11;19;78;14;42;53;75;3.80;3;2;1;71;0;5297375;372;0
11;19;78;14;42;55;74;3.80;1;1;1;52;0;5297574;193;0
11;19;78;14;42;56;83;8.20;3;2;2;58;0;5297683;288;0
11;19;78;14;42;57;21;3.80;1;1;1;47;0;5297721;120;0
11;19;78;14;42;57;60;3.40;2;1;1;57;0;5297760;446;0
11;19;78;14;42;58;60;3.60;2;1;1;56;0;5297860;78;0
11;19;78;14;42;59;15;3.80;3;2;1;62;0;5297915;181;0
11;19;78;14;42;59;79;4.60;4;2;1;59;0;5297979;645;0
11;19;78;14;43;0;32;3.80;3;2;1;61;0;5298032;94;0
11;19;78;14;43;1;10;3.00;4;2;1;60;0;5298110;102;0
11;19;78;14;43;2;29;4.40;4;2;1;56;0;5298229;101;0
11;19;78;14;43;3;81;3.60;3;2;1;67;0;5298381;326;0
11;19;78;14;43;5;25;3.20;1;1;1;55;0;5298525;774;0
11;19;78;14;43;5;23;3.60;3;2;1;60;0;5298523;122;0
11;19;78;14;43;5;74;3.00;4;2;1;58;0;5298574;316;0
11;19;78;14;43;5;79;3.40;2;1;1;58;0;5298579;695;0
11;19;78;14;43;6;98;3.80;4;2;1;57;0;5298698;105;0
11;19;78;14;43;7;45;4.80;3;2;1;61;0;5298745;200;0
11;19;78;14;43;8;83;4.40;4;2;1;59;0;5298883;161;0
11;19;78;14;43;8;97;4.00;3;2;1;59;0;5298897;123;0
11;19;78;14;43;10;52;3.80;3;2;1;58;0;5299052;130;0
11;19;78;14;43;11;53;2.80;3;2;1;53;0;5299153;77;0
11;19;78;14;43;12;57;3.80;3;2;1;56;0;5299257;84;5298745
11;19;78;14;43;13;37;3.80;4;2;1;57;0;5299337;427;0
11;19;78;14;43;14;24;4.60;3;2;1;56;0;5299424;142;5298745
11;19;78;14;43;15;92;3.20;3;2;1;56;0;5299592;138;5298745
11;19;78;14;43;15;91;5.20;1;1;1;56;0;5299591;1045;0
11;19;78;14;43;16;68;4.00;4;2;1;60;0;5299668;307;0
11;19;78;14;43;17;45;3.80;1;1;1;64;0;5299745;120;0
11;19;78;14;43;20;32;4.00;3;2;1;59;0;5300032;419;0
11;19;78;14;43;22;30;3.80;1;1;1;56;0;5300230;463;0
11;19;78;14;43;22;69;14.20;4;2;4;55;0;5300269;577;0
11;19;78;14;43;24;12;3.80;3;2;1;69;0;5300412;355;0
11;19;78;14;43;25;34;8.00;4;2;2;51;0;5300534;172;0
11;19;78;14;43;27;16;3.80;4;2;1;51;0;5300716;125;0
11;19;78;14;43;29;55;3.60;4;2;1;54;0;5300955;212;0
11;19;78;14;43;30;92;3.20;3;2;1;54;0;5301092;660;0
11;19;78;14;43;31;29;3.20;4;2;1;54;0;5301129;150;0
11;19;78;14;43;32;23;3.60;3;2;1;54;0;5301223;109;0
11;19;78;14;43;33;61;3.80;4;2;1;52;0;5301361;210;0
11;19;78;14;43;34;35;3.20;1;1;1;61;0;5301435;1180;0
11;19;78;14;43;34;81;3.40;3;2;1;49;0;5301481;234;0
11;19;78;14;43;35;49;4.40;4;2;1;49;0;5301549;161;0
11;19;78;14;43;36;57;3.40;3;2;1;49;0;5301657;151;0
11;19;78;14;43;37;76;3.60;4;2;1;50;0;5301776;194;0
11;19;78;14;43;38;66;4.20;3;2;1;52;0;5301866;184;0
11;19;78;14;43;40;14;3.60;4;2;1;48;0;5302014;212;0
11;19;78;14;43;41;58;3.80;2;1;1;56;0;5302158;3557;0
11;19;78;14;43;42;24;3.80;1;1;1;58;0;5302224;770;0
11;19;78;14;43;42;64;4.00;2;1;1;57;0;5302264;81;0
11;19;78;14;43;42;63;3.20;4;2;1;48;0;5302263;222;0
11;19;78;14;43;42;92;4.60;3;2;1;56;0;5302292;396;0
11;19;78;14;43;43;32;3.60;1;1;1;55;0;5302332;84;0
11;19;78;14;43;44;39;3.00;2;1;1;58;0;5302439;149;0
11;19;78;14;43;44;34;3.60;3;2;1;54;0;5302434;112;0
11;19;78;14;43;45;71;3.60;1;1;1;62;0;5302571;215;0
11;19;78;14;43;46;71;3.60;1;1;1;58;0;5302671;79;0
11;19;78;14;43;46;99;4.00;2;1;1;64;0;5302699;241;0
11;19;78;14;43;46;89;3.40;4;2;1;48;0;5302689;402;0
11;19;78;14;43;47;11;3.00;3;2;1;46;0;5302711;253;0
11;19;78;14;43;48;46;3.40;1;1;1;61;0;5302846;152;0
11;19;78;14;43;48;36;3.20;3;2;1;46;0;5302836;101;0
11;19;78;14;43;49;58;3.40;4;2;1;48;0;5302958;243;0
11;19;78;14;43;50;27;3.40;1;1;1;58;0;5303027;160;0
11;19;78;14;43;50;20;3.60;3;2;1;45;0;5303020;158;0
11;19;78;14;43;51;5;3.20;2;1;1;58;0;5303105;383;0
11;19;78;14;43;52;19;3.20;1;1;1;54;0;5303219;170;5302571
11;19;78;14;43;53;53;3.40;3;2;1;57;0;5303353;304;0
11;19;78;14;43;53;57;3.60;1;1;1;54;0;5303357;116;5302571
11;19;78;14;43;54;46;4.80;1;1;1;54;0;5303446;65;5302571
11;19;78;14;43;55;17;3.80;2;1;1;55;0;5303517;392;0
11;19;78;14;43;56;83;4.40;2;1;1;52;0;5303683;141;0
11;19;78;14;43;57;27;3.40;1;1;1;55;0;5303727;249;0
11;19;78;14;43;58;30;4.00;1;1;1;55;0;5303830;80;0
11;19;78;14;43;58;59;4.20;2;1;1;51;0;5303859;145;0
11;19;78;14;43;59;17;3.60;4;2;1;62;0;5303917;933;0
11;19;78;14;44;0;96;3.60;1;1;1;54;0;5304096;239;0
11;19;78;14;44;0;69;16.80;2;1;4;53;0;5304069;180;0
11;19;78;14;44;1;68;3.80;4;2;1;61;0;5304168;230;0
11;19;78;14;44;2;40;3.80;3;2;1;62;0;5304240;865;0
11;19;78;14;44;2;69;3.80;1;1;1;52;0;5304269;149;0
11;19;78;14;44;2;85;3.00;2;1;1;53;0;5304285;101;5303517
11;19;78;14;44;3;19;3.60;4;2;1;60;0;5304319;128;5303517
11;19;78;14;44;3;65;4.00;3;2;1;62;0;5304365;102;5303517
11;19;78;14;44;4;15;3.60;1;1;1;55;0;5304415;119;5303517
11;19;78;14;44;6;12;3.60;2;1;1;64;0;5304612;306;0
11;19;78;14;44;6;22;3.60;3;2;1;59;0;5304622;233;0
11;19;78;14;44;7;51;3.80;4;2;1;54;0;5304751;410;0
11;19;78;14;44;7;43;14.60;1;1;3;52;0;5304743;304;0
11;19;78;14;44;9;32;3.20;2;1;1;55;0;5304932;299;0
11;19;78;14;44;10;55;3.60;3;2;1;55;0;5305055;411;0
11;19;78;14;44;10;95;3.40;4;2;1;54;0;5305095;318;0
11;19;78;14;44;11;33;3.60;1;1;1;49;0;5305133;288;0
11;19;78;14;44;14;15;3.80;1;1;1;49;0;5305415;255;0
11;19;78;14;44;14;31;3.60;2;1;1;64;0;5305431;478;0
11;19;78;14;44;15;43;3.40;1;1;1;49;0;5305543;100;0
11;19;78;14;44;16;78;3.40;1;1;1;46;0;5305678;110;0
11;19;78;14;44;17;53;4.00;2;1;1;58;0;5305753;301;0
11;19;78;14;44;17;50;7.40;4;2;1;63;0;5305750;632;0
11;19;78;14;44;18;39;3.40;1;1;1;43;0;5305839;134;0
11;19;78;14;44;19;49;4.20;2;1;1;54;0;5305949;171;0
11;19;78;14;44;20;81;3.20;1;1;1;39;0;5306081;213;0
11;19;78;14;44;21;33;3.60;2;1;1;55;0;5306133;156;0
11;19;78;14;44;21;78;3.80;1;1;1;39;0;5306178;67;0
11;19;78;14;44;23;45;4.20;2;1;1;55;0;5306345;188;0
11;19;78;14;44;23;87;3.60;1;1;1;43;0;5306387;173;0
11;19;78;14;44;24;98;3.40;2;1;1;54;0;5306498;125;5305753
11;19;78;14;44;25;79;3.00;1;1;1;37;0;5306579;161;5305753
11;19;78;14;44;27;74;3.20;2;1;1;54;0;5306774;253;0
11;19;78;14;44;28;4;3.80;1;1;1;43;0;5306804;195;5306081
11;19;78;14;44;30;25;4.00;1;1;1;50;0;5307025;189;5306081
11;19;78;14;44;30;77;4.60;3;2;1;65;0;5307077;1998;0
11;19;78;14;44;31;68;4.40;4;2;1;57;0;5307168;1375;0
11;19;78;14;44;32;23;4.20;3;2;1;60;0;5307223;120;0
11;19;78;14;44;32;75;4.00;4;2;1;57;0;5307275;79;0
11;19;78;14;44;33;96;3.60;1;1;1;48;0;5307396;342;0
11;19;78;14;44;34;46;4.20;3;2;1;57;0;5307446;197;0
11;19;78;14;44;35;2;3.60;4;2;1;58;0;5307502;201;0
11;19;78;14;44;35;47;3.60;3;2;1;58;0;5307547;74;0
11;19;78;14;44;41;35;3.60;4;2;1;56;0;5308135;610;0
11;19;78;14;44;42;0;3.40;3;2;1;63;0;5308200;630;0
11;19;78;14;44;43;43;3.80;3;2;1;62;0;5308343;123;0
11;19;78;14;44;44;74;3.40;3;2;1;62;0;5308474;108;0
11;19;78;14;44;47;16;4.00;3;2;1;62;0;5308716;222;0
11;19;78;14;44;48;31;5.00;3;2;1;67;0;5308831;91;0
11;19;78;14;44;48;75;3.40;2;1;1;56;0;5308875;2079;0
11;19;78;14;44;49;3;3.80;4;2;1;57;0;5308903;744;0
11;19;78;14;44;50;7;7.40;4;2;2;59;0;5309007;80;0
11;19;78;14;44;51;14;4.20;3;2;1;63;0;5309114;256;0
11;19;78;14;44;52;19;3.40;4;2;1;60;0;5309219;166;0
11;19;78;14;44;53;34;3.80;3;2;1;64;0;5309334;196;0
11;19;78;14;44;53;85;3.60;4;2;1;62;0;5309385;145;0
11;19;78;14;44;54;61;6.40;3;2;1;65;0;5309461;105;0
11;19;78;14;44;55;69;3.80;4;2;1;58;0;5309569;163;5308903
11;19;78;14;44;56;1;6.80;3;2;1;66;0;5309601;104;5308903
11;19;78;14;44;57;96;3.80;4;2;1;57;0;5309796;203;0
11;19;78;14;44;58;57;3.40;3;2;1;67;0;5309857;218;0
11;19;78;14;45;0;16;3.60;3;2;1;60;0;5310016;140;0
11;19;78;14;45;0;32;3.80;4;2;1;58;0;5310032;212;0
11;19;78;14;45;1;20;3.60;3;2;1;61;0;5310120;82;0
11;19;78;14;45;2;70;4.80;4;2;1;59;0;5310270;214;0
11;19;78;14;45;3;33;3.40;3;2;1;61;0;5310333;191;0
11;19;78;14;45;5;66;3.80;4;2;1;50;0;5310566;266;0
11;19;78;14;45;6;23;3.80;3;2;1;60;0;5310623;269;0
11;19;78;14;45;6;73;3.80;4;2;1;49;0;5310673;79;0
11;19;78;14;45;7;39;3.60;3;2;1;62;0;5310739;93;0
11;19;78;14;45;10;99;3.20;2;1;1;56;0;5311099;2202;0
11;19;78;14;45;10;92;3.60;3;2;1;52;0;5311092;332;0
11;19;78;14;45;13;10;4.60;3;2;1;55;0;5311310;193;0
11;19;78;14;45;13;32;11.40;4;2;3;48;0;5311332;631;0
11;19;78;14;45;14;43;3.80;3;2;1;58;0;5311443;102;0
11;19;78;14;45;15;42;3.40;1;1;1;56;0;5311542;4119;0
11;19;78;14;45;16;15;12.40;4;2;7;47;0;5311615;197;0
11;19;78;14;45;17;6;3.40;2;1;1;55;0;5311706;586;0
11;19;78;14;45;17;80;3.40;4;2;1;46;0;5311780;70;0
11;19;78;14;45;18;4;3.60;3;2;1;58;0;5311804;337;0
11;19;78;14;45;18;48;3.00;2;1;1;55;0;5311848;119;0
11;19;78;14;45;18;83;3.60;4;2;1;48;0;5311883;76;0
11;19;78;14;45;18;91;3.80;1;1;1;57;0;5311891;327;0
11;19;78;14;45;19;72;3.60;3;2;1;60;0;5311972;145;0
11;19;78;14;45;20;1;3.80;2;1;1;55;0;5312001;133;0
11;19;78;14;45;20;76;2.80;4;2;1;49;0;5312076;166;5311332
11;19;78;14;45;21;5;3.40;1;1;1;53;0;5312105;190;5311332
11;19;78;14;45;21;38;3.80;2;1;1;54;0;5312138;112;5311332
11;19;78;14;45;22;36;3.60;1;1;1;57;0;5312236;107;5311332
11;19;78;14;45;22;87;4.20;2;1;1;55;0;5312287;123;5311706
11;19;78;14;45;24;55;3.20;4;2;1;45;0;5312455;358;0
11;19;78;14;45;26;24;3.80;4;2;1;45;0;5312624;143;0
11;19;78;14;45;26;45;3.80;2;1;1;61;0;5312645;330;0
11;19;78;14;45;26;78;3.60;3;2;1;61;0;5312678;684;0
11;19;78;14;45;27;79;3.00;1;1;1;52;0;5312779;520;0
11;19;78;14;45;28;31;3.20;4;2;1;48;0;5312831;176;0
11;19;78;14;45;29;1;3.00;3;2;1;59;0;5312901;201;0
11;19;78;14;45;31;6;6.80;2;1;2;60;0;5313106;438;0
11;19;78;14;45;32;66;3.80;4;2;1;50;0;5313266;411;0
11;19;78;14;45;33;5;3.60;3;2;1;57;0;5313305;385;0
11;19;78;14;45;33;15;3.80;2;1;1;59;0;5313315;168;0
11;19;78;14;45;35;94;3.20;4;2;1;58;0;5313594;300;0
11;19;78;14;45;36;62;5.40;1;1;1;53;0;5313662;862;0
11;19;78;14;45;36;57;1.80;2;2;1;25;0;5313657;52509;0
11;19;78;14;45;38;29;3.60;3;2;1;62;0;5313829;501;0
11;19;78;14;45;38;66;3.80;1;1;1;53;0;5313866;167;0
11;19;78;14;45;39;1;3.20;4;2;1;62;0;5313901;287;0
11;19;78;14;45;39;2;3.80;2;1;1;52;0;5313902;563;0
11;19;78;14;45;39;71;3.20;3;2;1;60;0;5313971;121;0
11;19;78;14;45;39;83;4.20;1;1;1;53;0;5313983;91;0
11;19;78;14;45;40;99;3.80;1;1;1;49;0;5314099;87;0
11;19;78;14;45;40;61;9.80;2;1;2;53;0;5314061;132;0
11;19;78;14;45;41;25;5.00;3;2;1;57;0;5314125;134;0
11;19;78;14;45;42;41;4.40;2;1;1;52;0;5314241;113;0
11;19;78;14;45;42;59;10.00;1;1;2;48;0;5314259;132;5313662
11;19;78;14;45;43;41;3.00;4;2;1;56;0;5314341;421;0
11;19;78;14;45;44;66;3.60;2;1;1;51;0;5314466;194;0
11;19;78;14;45;45;36;3.60;4;2;1;59;0;5314536;175;0
11;19;78;14;45;46;79;3.60;1;1;1;51;0;5314679;345;0
11;19;78;14;45;47;63;3.60;2;1;1;51;0;5314763;271;0
11;19;78;14;45;48;27;3.40;1;1;1;56;0;5314827;122;0
11;19;78;14;45;49;66;3.00;4;2;1;52;0;5314966;408;0
11;19;78;14;45;49;66;3.60;2;1;1;56;0;5314966;177;0
11;19;78;14;45;51;41;4.40;2;1;1;55;0;5315141;151;0
11;19;78;14;45;51;81;3.20;4;2;1;52;0;5315181;194;0
11;19;78;14;45;53;29;3.40;2;1;1;53;0;5315329;159;0
11;19;78;14;45;56;14;4.60;2;1;1;58;0;5315614;261;0
11;19;78;14;45;55;85;12.60;1;1;3;47;0;5315585;736;0
11;19;78;14;45;57;11;3.60;2;1;1;57;0;5315711;68;0
11;19;78;14;45;58;95;3.60;4;2;1;47;0;5315895;691;0
11;19;78;14;45;59;18;4.80;2;1;1;56;0;5315918;184;0
11;19;78;14;45;59;82;3.40;1;1;1;40;0;5315982;300;0
11;19;78;14;45;59;97;9.40;4;2;6;47;0;5315997;74;0
11;19;78;14;46;0;47;3.60;2;1;1;55;0;5316047;98;0
11;19;78;14;46;1;68;6.40;1;1;1;41;0;5316168;155;0
11;19;78;14;46;4;23;4.00;1;1;1;40;0;5316423;198;0
11;19;78;14;46;5;32;12.00;1;1;3;37;0;5316532;73;0
11;19;78;14;46;7;78;3.40;2;1;1;53;0;5316778;707;0
11;19;78;14;46;7;54;9.40;1;1;2;37;0;5316754;105;5315982
11;19;78;14;46;9;59;3.00;1;1;1;38;0;5316959;113;5315982
11;19;78;14;46;10;39;3.60;3;2;1;64;0;5317039;2882;0
11;19;78;14;46;10;81;3.60;4;2;1;65;0;5317081;1012;0
11;19;78;14;46;11;38;3.80;2;1;1;61;0;5317138;336;0
11;19;78;14;46;12;12;3.60;1;1;1;41;0;5317212;224;0
11;19;78;14;46;12;74;5.00;4;2;1;62;0;5317274;173;0
11;19;78;14;46;13;60;3.60;1;1;1;41;0;5317360;116;0
11;19;78;14;46;14;28;3.60;3;2;1;65;0;5317428;368;0
11;19;78;14;46;14;99;3.20;4;2;1;57;0;5317499;195;0
11;19;78;14;46;15;4;3.40;1;1;1;41;0;5317504;112;0
11;19;78;14;46;16;18;2.80;4;2;1;56;0;5317618;98;0
11;19;78;14;46;17;35;3.40;3;2;1;64;0;5317735;287;0
11;19;78;14;46;17;40;3.20;4;2;1;57;0;5317740;104;5317081
11;19;78;14;46;17;93;3.60;1;1;1;40;0;5317793;259;0
11;19;78;14;46;18;81;3.60;2;1;1;62;0;5317881;720;0
11;19;78;14;46;18;93;3.60;1;1;1;41;0;5317893;67;0
11;19;78;14;46;20;45;5.00;4;2;1;64;0;5318045;284;0
11;19;78;14;46;20;74;3.80;3;2;1;62;0;5318074;319;0
11;19;78;14;46;22;25;3.80;3;2;1;59;0;5318225;128;0
11;19;78;14;46;26;51;3.80;4;2;1;51;0;5318651;577;0
11;19;78;14;46;27;47;3.00;4;2;1;50;0;5318747;69;0
11;19;78;14;46;28;11;3.60;3;2;1;63;0;5318811;562;0
11;19;78;14;46;29;24;3.60;3;2;1;60;0;5318924;92;0
11;19;78;14;46;29;21;3.60;4;2;1;51;0;5318921;152;0
11;19;78;14;46;30;40;3.60;3;2;1;55;0;5319040;94;0
11;19;78;14;46;30;72;3.60;4;2;1;48;0;5319072;125;0
11;19;78;14;46;31;58;3.40;3;2;1;53;0;5319158;94;0
11;19;78;14;46;31;57;5.00;4;2;1;46;0;5319157;58;5318651
11;19;78;14;46;32;92;3.40;4;2;1;46;0;5319292;95;5318651
11;19;78;14;46;33;4;3.60;3;2;1;51;0;5319304;122;5318811
11;19;78;14;46;34;39;2.80;3;2;1;51;0;5319439;109;5318811
11;19;78;14;46;34;93;3.40;4;2;1;48;0;5319493;174;5318651
11;19;78;14;46;35;82;6.60;3;2;1;55;0;5319582;123;5318811
11;19;78;14;46;37;6;4.20;4;2;1;49;0;5319706;187;5318651
11;19;78;14;46;38;2;3.80;3;2;1;55;0;5319802;176;5318811
11;19;78;14;46;38;19;4.20;4;2;1;47;0;5319819;82;5318651
11;19;78;14;46;39;58;3.60;3;2;1;54;0;5319958;131;5318811
11;19;78;14;46;39;76;3.40;4;2;1;48;0;5319976;124;5318651
11;19;78;14;46;40;73;4.80;3;2;1;55;0;5320073;91;5318811
11;19;78;14;46;41;41;3.40;4;2;1;53;0;5320141;139;5318651
11;19;78;14;46;43;4;3.20;3;2;1;58;0;5320304;199;5318811
11;19;78;14;46;43;43;5.20;4;2;1;50;0;5320343;178;5318651
11;19;78;14;46;44;87;3.80;1;1;1;49;0;5320487;2562;0
11;19;78;14;46;44;99;4.00;3;2;1;57;0;5320499;175;5318811
11;19;78;14;46;45;34;3.60;4;2;1;51;0;5320534;153;5318651
11;19;78;14;46;46;83;4.00;3;2;1;56;0;5320683;158;5318811
11;19;78;14;46;47;4;3.40;4;2;1;49;0;5320704;144;5318651
11;19;78;14;46;47;53;5.20;1;1;1;57;0;5320753;238;0
11;19;78;14;46;48;74;4.00;3;2;1;55;0;5320874;165;5318811
11;19;78;14;46;48;73;3.60;4;2;1;51;0;5320873;144;5318651
11;19;78;14;46;50;56;4.60;4;2;1;49;0;5321056;157;5318651
11;19;78;14;46;50;68;3.60;3;2;1;52;0;5321068;167;5318811
11;19;78;14;46;51;81;3.00;4;2;1;49;0;5321181;91;5318651
11;19;78;14;46;52;23;3.20;3;2;1;49;0;5321223;130;5318811
11;19;78;14;46;53;32;3.20;3;2;1;50;0;5321332;85;5318811
11;19;78;14;46;53;37;8.20;4;2;2;44;0;5321337;133;5318651
11;19;78;14;46;56;26;3.60;4;2;1;39;0;5321626;221;0
11;19;78;14;46;58;42;3.60;4;2;1;41;0;5321842;182;0
11;19;78;14;47;0;7;12.20;1;1;2;57;0;5322007;1221;0
11;19;78;14;47;1;93;3.40;3;2;1;67;0;5322193;837;0
11;19;78;14;47;1;92;3.40;1;1;1;56;0;5322192;107;0
11;19;78;14;47;6;35;3.00;1;1;1;60;0;5322635;421;0
11;19;78;14;47;6;28;3.80;4;2;1;59;0;5322628;754;0
11;19;78;14;47;7;86;3.80;2;1;1;61;0;5322786;4884;0
11;19;78;14;47;9;76;3.80;2;1;1;58;0;5322976;167;0
11;19;78;14;47;10;94;3.40;1;1;1;59;0;5323094;441;0
11;19;78;14;47;12;38;3.60;1;1;1;60;0;5323238;123;0
11;19;78;14;47;12;37;3.40;4;2;1;70;0;5323237;585;0
11;19;78;14;47;13;9;3.80;2;1;1;57;0;5323309;309;0
11;19;78;14;47;14;94;3.80;2;1;1;57;0;5323494;161;0
11;19;78;14;47;15;61;3.40;1;1;1;61;0;5323561;301;0
11;19;78;14;47;17;40;3.20;1;1;1;57;0;5323740;158;0
11;19;78;14;47;19;49;3.40;3;2;1;57;0;5323949;1737;0
11;19;78;14;47;19;61;3.80;2;1;1;56;0;5323961;443;0
11;19;78;14;47;20;49;3.40;1;1;1;56;0;5324049;288;0
11;19;78;14;47;20;78;3.60;3;2;1;56;0;5324078;107;0
11;19;78;14;47;21;30;3.60;2;1;1;53;0;5324130;144;0
11;19;78;14;47;21;44;3.20;4;2;1;57;0;5324144;889;0
11;19;78;14;47;21;78;3.60;1;1;1;55;0;5324178;107;0
11;19;78;14;47;22;54;3.80;3;2;1;53;0;5324254;152;0
11;19;78;14;47;22;90;4.60;1;1;1;54;0;5324290;88;0
11;19;78;14;47;23;10;3.60;4;2;1;54;0;5324310;145;0
11;19;78;14;47;23;16;5.20;2;1;1;53;0;5324316;161;0
11;19;78;14;47;23;59;3.60;3;2;1;53;0;5324359;79;0
11;19;78;14;47;25;6;3.60;3;2;1;57;0;5324506;122;5323949
11;19;78;14;47;25;7;4.40;2;1;1;53;0;5324507;155;5323949
11;19;78;14;47;25;82;3.60;4;2;1;59;0;5324582;248;0
11;19;78;14;47;26;20;3.60;2;1;1;55;0;5324620;83;5323961
11;19;78;14;47;28;18;3.20;4;2;1;57;0;5324818;214;0
11;19;78;14;47;26;89;24.60;1;1;5;53;0;5324689;368;0
11;19;78;14;47;29;43;3.40;1;1;1;52;0;5324943;86;0
11;19;78;14;47;29;88;3.80;2;1;1;58;0;5324988;344;0
11;19;78;14;47;30;94;3.80;2;1;1;57;0;5325094;82;0
11;19;78;14;47;30;95;7.00;1;1;1;51;0;5325095;128;0
11;19;78;14;47;32;42;4.00;2;1;1;55;0;5325242;124;0
11;19;78;14;47;33;42;9.60;1;1;2;46;0;5325342;197;0
11;19;78;14;47;36;30;3.20;1;1;1;49;0;5325630;212;0
11;19;78;14;47;38;18;3.40;1;1;1;46;0;5325818;164;0
11;19;78;14;47;39;48;3.40;2;1;1;46;0;5325948;679;0
11;19;78;14;47;40;48;3.40;2;1;1;45;0;5326048;73;0
11;19;78;14;47;41;87;8.20;2;1;2;48;0;5326187;111;0
11;19;78;14;47;42;34;3.40;1;1;1;46;0;5326234;389;0
11;19;78;14;47;43;91;4.00;3;2;1;70;0;5326391;1862;0
11;19;78;14;47;44;18;3.80;2;1;1;50;0;5326418;169;0
11;19;78;14;47;44;26;5.00;1;1;1;47;0;5326426;165;0
11;19;78;14;47;45;60;3.20;1;1;1;47;0;5326560;95;0
11;19;78;14;47;46;68;3.60;1;1;1;47;0;5326668;83;0
11;19;78;14;47;48;99;3.00;2;1;1;56;0;5326899;453;0
11;19;78;14;47;49;59;3.60;4;2;1;65;0;5326959;2120;0
11;19;78;14;47;50;12;3.80;1;1;1;45;0;5327012;316;0
11;19;78;14;47;50;79;3.20;2;1;1;56;0;5327079;160;0
11;19;78;14;47;51;90;3.60;1;1;1;44;0;5327190;147;0
11;19;78;14;47;52;64;3.80;3;2;1;62;0;5327264;852;0
11;19;78;14;47;54;57;4.60;1;1;1;43;0;5327457;237;0
11;19;78;14;47;55;12;3.40;4;2;1;70;0;5327512;533;0
11;19;78;14;47;56;48;4.60;3;2;1;66;0;5327648;361;0
11;19;78;14;47;57;74;4.60;3;2;1;65;0;5327774;100;0
11;19;78;14;47;57;83;3.60;2;1;1;55;0;5327783;683;0
11;19;78;14;47;58;44;2.80;1;1;1;43;0;5327844;348;0
11;19;78;14;47;59;3;3.60;4;2;1;62;0;5327903;373;0
11;19;78;14;47;59;83;3.80;4;2;1;68;0;5327983;59;0
11;19;78;14;48;0;13;3.60;1;1;1;42;0;5328013;145;0
11;19;78;14;48;0;85;3.80;2;1;1;55;0;5328085;278;0
11;19;78;14;48;1;78;3.60;1;1;1;39;0;5328178;134;0
11;19;78;14;48;2;87;3.60;1;1;1;38;0;5328287;75;0
11;19;78;14;48;3;86;3.40;4;2;1;51;0;5328386;382;0
11;19;78;14;48;4;15;3.40;3;2;1;59;0;5328415;615;0
11;19;78;14;48;4;37;3.40;1;1;1;36;0;5328437;115;5327844
11;19;78;14;48;4;67;3.20;2;1;1;49;0;5328467;357;0
11;19;78;14;48;5;5;2.20;4;2;1;52;0;5328505;95;0
11;19;78;14;48;5;73;4.00;3;2;1;60;0;5328573;137;0
11;19;78;14;48;5;61;4.20;1;1;1;34;0;5328561;90;5327844
11;19;78;14;48;6;59;3.40;4;2;1;53;0;5328659;138;5327844
11;19;78;14;48;8;29;3.20;4;2;1;54;0;5328829;146;5327844
11;19;78;14;48;9;25;3.20;4;2;1;55;0;5328925;74;5328386
11;19;78;14;48;9;25;5.20;3;2;1;63;0;5328925;328;0
11;19;78;14;48;10;12;3.40;1;1;1;44;0;5329012;406;0
11;19;78;14;48;10;20;4.40;3;2;1;62;0;5329020;65;0
11;19;78;14;48;10;57;5.40;4;2;1;54;0;5329057;111;5328386
11;19;78;14;48;12;45;4.60;4;2;1;57;0;5329245;152;5328386
11;19;78;14;48;13;25;4.40;3;2;1;60;0;5329325;279;0
11;19;78;14;48;14;8;3.40;4;2;1;57;0;5329408;133;5328386
11;19;78;14;48;14;79;3.20;1;1;1;45;0;5329479;439;0
11;19;78;14;48;15;29;3.60;3;2;1;63;0;5329529;177;0
11;19;78;14;48;17;24;3.20;3;2;1;66;0;5329724;174;0
11;19;78;14;48;20;21;3.60;3;2;1;60;0;5330021;279;0
11;19;78;14;48;20;70;11.60;4;2;3;51;0;5330070;640;0
11;19;78;14;48;22;0;5.40;3;2;1;60;0;5330200;157;0
11;19;78;14;48;23;37;5.20;4;2;1;49;0;5330337;185;0
11;19;78;14;48;23;57;4.00;3;2;1;60;0;5330357;124;0
11;19;78;14;48;25;9;5.40;4;2;1;52;0;5330509;133;0
11;19;78;14;48;25;68;3.20;3;2;1;62;0;5330568;187;0
11;19;78;14;48;27;32;3.80;3;2;1;61;0;5330732;145;5330021
11;19;78;14;48;28;23;3.80;4;2;1;48;0;5330823;276;0
11;19;78;14;48;29;25;3.60;3;2;1;55;0;5330925;170;5330021
11;19;78;14;48;29;59;6.60;4;2;1;48;0;5330959;107;5330021
11;19;78;14;48;30;80;3.40;3;2;1;54;0;5331080;131;5330021
11;19;78;14;48;32;20;3.80;3;2;1;56;0;5331220;117;5330021
11;19;78;14;48;32;54;3.60;4;2;1;48;0;5331254;245;0
11;19;78;14;48;32;71;3.60;1;1;1;50;0;5331271;1766;0
11;19;78;14;48;34;7;3.40;3;2;1;55;0;5331407;162;5330021
11;19;78;14;48;34;38;5.00;4;2;1;49;0;5331438;157;5330021
11;19;78;14;48;35;87;3.60;3;2;1;52;0;5331587;157;5330021
11;19;78;14;48;38;62;3.60;3;2;1;54;0;5331862;250;0
11;19;78;14;48;43;7;3.40;1;1;1;49;0;5332307;1010;0
11;19;78;14;48;44;28;3.60;1;1;1;54;0;5332428;96;0
11;19;78;14;48;47;63;3.80;3;2;1;63;0;5332763;877;0
11;19;78;14;48;48;9;3.60;4;2;1;53;0;5332809;1334;0
11;19;78;14;48;50;23;3.60;1;1;1;50;0;5333023;571;0
11;19;78;14;48;52;96;3.80;1;1;1;56;0;5333296;247;0
11;19;78;14;48;55;15;3.20;3;2;1;63;0;5333515;730;0
11;19;78;14;48;56;40;3.60;4;2;1;63;0;5333640;806;0
11;19;78;14;48;59;24;3.60;1;1;1;56;0;5333924;603;0
11;19;78;14;48;59;65;3.20;4;2;1;61;0;5333965;304;0
11;19;78;14;49;0;39;3.20;2;1;1;58;0;5334039;5548;0
11;19;78;14;49;0;81;3.40;4;2;1;62;0;5334081;97;0
11;19;78;14;49;3;31;3.80;3;2;1;62;0;5334331;797;0
11;19;78;14;49;3;73;2.80;4;2;1;63;0;5334373;272;0
11;19;78;14;49;5;4;3.60;3;2;1;62;0;5334504;150;0
11;19;78;14;49;4;91;3.40;2;1;1;54;0;5334491;432;0
11;19;78;14;49;4;86;5.00;1;1;1;53;0;5334486;538;0
11;19;78;14;49;5;90;3.60;2;1;1;54;0;5334590;76;0
11;19;78;14;49;6;23;4.00;4;2;1;62;0;5334623;234;0
11;19;78;14;49;6;31;4.00;1;1;1;54;0;5334631;111;0
11;19;78;14;49;7;33;3.00;2;1;1;53;0;5334733;119;0
11;19;78;14;49;7;89;3.20;1;1;1;55;0;5334789;131;0
11;19;78;14;49;8;8;3.40;2;1;1;52;0;5334808;54;0
11;19;78;14;49;9;7;3.20;2;1;1;52;0;5334907;75;5334491
11;19;78;14;49;9;50;3.60;1;1;1;56;0;5334950;140;5334491
11;19;78;14;49;10;27;3.80;4;2;1;58;0;5335027;380;0
11;19;78;14;49;10;65;4.00;2;1;1;55;0;5335065;135;5334491
11;19;78;14;49;13;35;3.60;2;1;1;58;0;5335335;243;0
11;19;78;14;49;13;48;3.80;1;1;1;57;0;5335348;374;0
11;19;78;14;49;13;59;3.20;4;2;1;59;0;5335359;308;0
11;19;78;14;49;16;13;3.80;2;1;1;56;0;5335613;255;0
11;19;78;14;49;16;30;3.40;1;1;1;57;0;5335630;258;0
11;19;78;14;49;17;31;3.80;2;1;1;55;0;5335731;93;0
11;19;78;14;49;18;10;3.40;1;1;1;58;0;5335810;158;0
11;19;78;14;49;18;54;3.40;3;2;1;59;0;5335854;1329;0
11;19;78;14;49;19;63;4.80;1;1;1;58;0;5335963;131;0
11;19;78;14;49;20;36;3.20;2;1;1;59;0;5336036;280;0
11;19;78;14;49;21;14;3.20;4;2;1;62;0;5336114;735;0
11;19;78;14;49;21;47;3.60;2;1;1;60;0;5336147;91;0
11;19;78;14;49;23;1;3.60;1;1;1;59;0;5336301;308;0
11;19;78;14;49;23;56;3.80;4;2;1;61;0;5336356;223;0
11;19;78;14;49;24;89;3.60;1;1;1;57;0;5336489;166;0
11;19;78;14;49;26;43;9.80;1;1;2;57;0;5336643;131;0
11;19;78;14;49;28;16;3.60;4;2;1;64;0;5336816;437;0
11;19;78;14;49;28;70;3.60;2;1;1;54;0;5336870;701;0
11;19;78;14;49;28;49;10.00;1;1;2;58;0;5336849;144;0
11;19;78;14;49;29;78;11.20;1;1;7;56;0;5336978;66;5336301
11;19;78;14;49;31;86;3.80;3;2;1;58;0;5337186;1311;0
11;19;78;14;49;32;14;3.00;4;2;1;59;0;5337214;377;0
11;19;78;14;49;32;53;3.60;1;1;1;54;0;5337253;203;0
11;19;78;14;49;33;67;3.40;4;2;1;62;0;5337367;134;0
11;19;78;14;49;34;9;3.60;1;1;1;52;0;5337409;132;0
11;19;78;14;49;34;97;3.80;3;2;1;57;0;5337497;287;0
11;19;78;14;49;35;70;3.40;4;2;1;59;0;5337570;183;0
11;19;78;14;49;35;95;3.60;3;2;1;58;0;5337595;74;0
11;19;78;14;49;35;80;6.20;2;1;1;57;0;5337580;686;0
11;19;78;14;49;36;4;3.80;1;1;1;50;0;5337604;170;0
11;19;78;14;49;37;98;3.80;3;2;1;61;0;5337798;180;0
11;19;78;14;49;38;56;4.00;1;1;1;54;0;5337856;224;0
11;19;78;14;49;41;48;3.40;4;2;1;55;0;5338148;557;0
11;19;78;14;49;42;20;3.60;3;2;1;63;0;5338220;399;0
11;19;78;14;49;43;46;3.60;3;2;1;59;0;5338346;105;0
11;19;78;14;49;43;48;3.60;4;2;1;53;0;5338348;177;0
11;19;78;14;49;43;96;12.60;1;1;3;49;0;5338396;513;0
11;19;78;14;49;45;3;3.40;3;2;1;59;0;5338503;135;0
11;19;78;14;49;45;72;7.20;4;2;1;54;0;5338572;199;0
11;19;78;14;49;46;21;3.60;2;1;1;48;0;5338621;1001;0
11;19;78;14;49;46;43;3.80;1;1;1;49;0;5338643;154;0
11;19;78;14;49;46;94;3.80;3;2;1;58;0;5338694;170;0
11;19;78;14;49;47;93;3.80;2;1;1;48;0;5338793;145;0
11;19;78;14;49;48;40;4.20;3;2;1;56;0;5338840;122;5338220
11;19;78;14;49;48;53;3.20;1;1;1;47;0;5338853;182;5338220
11;19;78;14;49;49;60;3.60;4;2;1;53;0;5338960;340;0
11;19;78;14;49;50;22;3.40;3;2;1;55;0;5339022;155;5338220
11;19;78;14;49;50;21;3.80;2;1;1;50;0;5339021;199;5338220
11;19;78;14;49;51;19;3.40;4;2;1;55;0;5339119;134;5338220
11;19;78;14;49;51;36;3.20;1;1;1;45;0;5339136;258;0
11;19;78;14;49;51;76;3.60;3;2;1;55;0;5339176;131;5338220
11;19;78;14;49;52;7;4.00;2;1;1;50;0;5339207;158;5338220
11;19;78;14;49;52;48;4.40;4;2;1;56;0;5339248;106;5338220
11;19;78;14;49;52;95;4.00;3;2;1;56;0;5339295;95;5338220
11;19;78;14;49;53;38;3.60;1;1;1;43;0;5339338;176;5338220
11;19;78;14;49;54;27;3.60;4;2;1;55;0;5339427;150;5338220
11;19;78;14;49;55;58;2.80;3;2;1;59;0;5339558;237;0
11;19;78;14;49;54;90;9.00;1;1;6;41;0;5339490;121;0
11;19;78;14;49;56;53;2.80;1;1;1;41;0;5339653;83;0
11;19;78;14;49;56;79;3.40;3;2;1;58;0;5339679;103;0
11;19;78;14;49;57;65;3.80;2;1;1;58;0;5339765;529;0
11;19;78;14;49;57;85;3.80;3;2;1;59;0;5339785;84;0
11;19;78;14;49;57;70;3.40;1;1;1;42;0;5339770;92;5339136
11;19;78;14;49;57;93;3.60;4;2;1;52;0;5339793;342;0
11;19;78;14;49;59;57;3.60;1;1;1;39;0;5339957;157;5339136
11;19;78;14;50;0;2;4.60;3;2;1;56;0;5340002;193;5339136
11;19;78;14;50;0;93;5.00;1;1;1;43;0;5340093;102;5339136
11;19;78;14;50;2;16;3.60;4;2;1;54;0;5340216;398;0
11;19;78;14;50;2;45;3.40;3;2;1;55;0;5340245;213;0
11;19;78;14;50;3;42;3.60;1;1;1;39;0;5340342;207;0
11;19;78;14;50;4;20;6.20;4;2;1;51;0;5340420;180;0
11;19;78;14;50;5;8;4.00;1;1;1;40;0;5340508;132;0
11;19;78;14;50;6;19;3.20;4;2;1;52;0;5340619;155;0
11;19;78;14;50;14;60;3.60;1;1;1;56;0;5341460;916;0
11;19;78;14;50;32;21;3.40;4;2;1;66;0;5343221;2579;0
11;19;78;14;50;38;5;3.40;4;2;1;60;0;5343805;565;0
11;19;78;14;50;38;11;3.60;3;2;1;62;0;5343811;3543;0
11;19;78;14;50;40;65;3.00;4;2;1;59;0;5344065;239;0
11;19;78;14;50;40;35;3.40;1;1;1;53;0;5344035;2551;0
11;19;78;14;50;43;77;3.00;3;2;1;59;0;5344377;545;0
11;19;78;14;50;44;41;3.80;4;2;1;57;0;5344441;357;0
11;19;78;14;50;48;25;3.20;1;1;1;59;0;5344825;766;0
11;19;78;14;50;49;46;4.00;1;1;1;58;0;5344946;101;0
11;19;78;14;50;51;10;3.00;4;2;1;61;0;5345110;645;0
11;19;78;14;50;54;7;3.60;4;2;1;58;0;5345407;279;0
11;19;78;14;50;54;36;3.80;3;2;1;61;0;5345436;1040;0
11;19;78;14;50;55;80;3.60;4;2;1;59;0;5345580;150;0
11;19;78;14;50;59;60;3.60;2;1;1;58;0;5345960;6171;0
11;19;78;14;51;2;29;3.80;2;1;1;55;0;5346229;246;0
11;19;78;14;51;2;69;3.60;4;2;1;55;0;5346269;667;0
11;19;78;14;51;3;51;3.60;2;1;1;56;0;5346351;97;0
11;19;78;14;51;4;75;3.40;2;1;1;55;0;5346475;100;0
11;19;78;14;51;5;25;3.60;3;2;1;60;0;5346525;1066;0
11;19;78;14;51;5;78;3.80;1;1;1;56;0;5346578;1607;0
11;19;78;14;51;6;86;3.20;2;1;1;55;0;5346686;188;0
11;19;78;14;51;7;53;3.40;1;1;1;49;0;5346753;150;0
11;19;78;14;51;7;83;3.40;3;2;1;63;0;5346783;236;0
11;19;78;14;51;7;86;3.80;2;1;1;56;0;5346786;79;5346229
11;19;78;14;51;7;57;12.40;4;2;3;64;0;5346757;464;0
11;19;78;14;51;8;78;3.00;3;2;1;63;0;5346878;75;0
11;19;78;14;51;9;53;3.80;1;1;1;51;0;5346953;175;0
11;19;78;14;51;11;85;4.00;1;1;1;51;0;5347185;205;0
11;19;78;14;51;12;65;3.40;3;2;1;58;0;5347265;369;0
11;19;78;14;51;12;77;3.60;2;1;1;55;0;5347277;466;0
11;19;78;14;51;13;59;3.60;1;1;1;50;0;5347359;145;0
11;19;78;14;51;14;6;3.60;3;2;1;62;0;5347406;119;0
11;19;78;14;51;14;31;3.80;2;1;1;54;0;5347431;130;0
11;19;78;14;51;14;8;3.40;4;2;1;55;0;5347408;581;0
11;19;78;14;51;15;56;3.60;3;2;1;65;0;5347556;129;0
11;19;78;14;51;15;45;3.60;1;1;1;50;0;5347545;160;0
11;19;78;14;51;15;79;3.40;4;2;1;48;0;5347579;148;0
11;19;78;14;51;15;76;3.80;2;1;1;54;0;5347576;119;0
11;19;78;14;51;16;83;3.40;4;2;1;47;0;5347683;78;0
11;19;78;14;51;17;31;3.80;3;2;1;63;0;5347731;155;0
11;19;78;14;51;17;27;3.40;1;1;1;49;0;5347727;156;0
11;19;78;14;51;18;36;3.60;3;2;1;54;0;5347836;83;5347265
11;19;78;14;51;19;65;3.40;3;2;1;58;0;5347965;105;5347265
11;19;78;14;51;19;61;5.20;2;1;1;53;0;5347961;359;0
11;19;78;14;51;19;77;3.60;4;2;1;55;0;5347977;267;0
11;19;78;14;51;19;83;3.20;1;1;1;48;0;5347983;231;0
11;19;78;14;51;21;1;5.20;2;1;1;49;0;5348101;104;0
11;19;78;14;51;21;26;3.60;3;2;1;58;0;5348126;139;5347265
11;19;78;14;51;22;14;3.60;4;2;1;56;0;5348214;213;0
11;19;78;14;51;22;10;4.00;1;1;1;47;0;5348210;203;0
11;19;78;14;51;22;55;3.60;2;1;1;49;0;5348255;115;0
11;19;78;14;51;22;92;3.60;3;2;1;62;0;5348292;143;5347265
11;19;78;14;51;23;18;3.60;1;1;1;46;0;5348318;77;5347265
11;19;78;14;51;23;73;3.20;2;1;1;50;0;5348373;91;5347265
11;19;78;14;51;23;93;3.40;4;2;1;55;0;5348393;155;5347265
11;19;78;14;51;24;75;3.00;1;1;1;45;0;5348475;128;5347265
11;19;78;14;51;24;99;3.60;3;2;1;59;0;5348499;186;5347265
11;19;78;14;51;26;23;4.00;3;2;1;62;0;5348623;102;5347265
11;19;78;14;51;26;23;3.00;1;1;1;45;0;5348623;124;5347265
11;19;78;14;51;26;48;3.40;4;2;1;53;0;5348648;232;0
11;19;78;14;51;27;59;3.80;3;2;1;59;0;5348759;112;5347265
11;19;78;14;51;27;63;3.60;2;1;1;50;0;5348763;366;0
11;19;78;14;51;27;81;3.40;4;2;1;57;0;5348781;109;0
11;19;78;14;51;27;93;3.80;1;1;1;47;0;5348793;146;5348210
11;19;78;14;51;28;77;3.20;3;2;1;57;0;5348877;94;5347265
11;19;78;14;51;29;72;4.80;2;1;1;55;0;5348972;183;5347265
11;19;78;14;51;30;70;5.20;1;1;1;44;0;5349070;247;0
11;19;78;14;51;31;17;7.60;4;2;2;51;0;5349117;314;0
11;19;78;14;51;31;60;3.40;3;2;1;59;0;5349160;262;0
11;19;78;14;51;32;48;3.80;1;1;1;43;0;5349248;135;0
11;19;78;14;51;33;5;3.80;4;2;1;51;0;5349305;134;0
11;19;78;14;51;33;65;3.40;3;2;1;59;0;5349365;184;0
11;19;78;14;51;34;6;4.60;1;1;1;41;0;5349406;126;0
11;19;78;14;51;34;94;4.60;3;2;1;57;0;5349494;108;0
11;19;78;14;51;35;29;3.40;1;1;1;40;0;5349529;82;0
11;19;78;14;51;36;4;4.40;3;2;1;56;0;5349604;80;0
11;19;78;14;51;36;9;13.80;4;2;2;59;0;5349609;277;0
11;19;78;14;51;37;64;4.20;1;1;1;40;0;5349764;204;0
11;19;78;14;51;38;27;4.80;4;2;1;58;0;5349827;133;0
11;19;78;14;51;38;51;4.00;3;2;1;65;0;5349851;218;0
11;19;78;14;51;38;83;3.20;1;1;1;41;0;5349883;81;0
11;19;78;14;51;39;43;3.60;2;1;1;59;0;5349943;939;0
11;19;78;14;51;40;15;3.00;4;2;1;56;0;5350015;158;0
11;19;78;14;51;40;61;3.20;3;2;1;62;0;5350061;187;0
11;19;78;14;51;40;54;4.20;2;1;1;58;0;5350054;89;0
11;19;78;14;51;40;66;3.80;1;1;1;42;0;5350066;154;0
11;19;78;14;51;43;28;3.80;1;1;1;44;0;5350328;229;0
11;19;78;14;51;43;57;3.80;4;2;1;57;0;5350357;322;0
11;19;78;14;51;43;82;4.40;3;2;1;62;0;5350382;302;0
11;19;78;14;51;46;41;3.20;3;2;1;62;0;5350641;233;0
11;19;78;14;51;46;47;3.60;4;2;1;54;0;5350647;266;0
11;19;78;14;51;47;17;4.20;1;1;1;47;0;5350717;357;0
11;19;78;14;51;48;36;3.60;2;1;1;50;0;5350836;755;0
11;19;78;14;51;48;63;3.80;4;2;1;54;0;5350863;192;0
11;19;78;14;51;49;27;4.40;3;2;1;59;0;5350927;267;0
11;19;78;14;51;49;84;3.00;1;1;1;48;0;5350984;234;0
11;19;78;14;51;50;6;3.20;4;2;1;52;0;5351006;117;0
11;19;78;14;51;50;30;3.40;3;2;1;59;0;5351030;76;0
11;19;78;14;51;51;56;3.20;4;2;1;51;0;5351156;127;0
11;19;78;14;51;51;68;4.40;3;2;1;61;0;5351168;117;0
11;19;78;14;51;52;27;3.60;2;1;1;52;0;5351227;365;0
11;19;78;14;51;52;60;2.80;1;1;1;48;0;5351260;253;0
11;19;78;14;51;52;82;3.60;4;2;1;52;0;5351282;103;5350647
11;19;78;14;51;53;90;4.40;2;1;1;52;0;5351390;138;5350647
11;19;78;14;51;55;20;3.20;4;2;1;50;0;5351520;213;0
11;19;78;14;51;55;16;3.20;1;1;1;48;0;5351516;235;0
11;19;78;14;51;57;16;3.40;1;1;1;47;0;5351716;176;0
11;19;78;14;51;57;43;5.00;3;2;1;54;0;5351743;549;0
11;19;78;14;51;57;57;3.40;4;2;1;48;0;5351757;213;0
11;19;78;14;52;8;17;8.00;4;2;6;59;0;5352817;1034;0
11;19;78;14;52;10;19;4.20;3;2;1;61;0;5353019;1242;0
11;19;78;14;52;10;65;3.60;1;1;1;48;0;5353065;1322;0
11;19;78;14;52;12;44;4.20;3;2;1;60;0;5353244;200;0
11;19;78;14;52;19;95;3.60;3;2;1;64;0;5353995;725;0
11;19;78;14;52;20;20;3.80;4;2;1;62;0;5354020;1154;0
11;19;78;14;52;22;11;3.80;3;2;1;63;0;5354211;195;0
11;19;78;14;52;22;23;3.80;2;1;1;58;0;5354223;2802;0
11;19;78;14;52;23;94;3.40;4;2;1;55;0;5354394;351;0
11;19;78;14;52;24;8;3.20;3;2;1;62;0;5354408;175;0
11;19;78;14;52;26;25;3.20;4;2;1;54;0;5354625;208;0
11;19;78;14;52;27;66;3.20;3;2;1;63;0;5354766;339;0
11;19;78;14;52;30;31;3.80;4;2;1;57;0;5355031;384;0
11;19;78;14;52;32;88;3.20;4;2;1;57;0;5355288;233;0
11;19;78;14;52;34;25;3.20;2;1;1;58;0;5355425;1178;0
11;19;78;14;52;36;6;3.40;2;1;1;56;0;5355606;161;0
11;19;78;14;52;38;0;4.00;2;1;1;55;0;5355800;172;0
11;19;78;14;52;38;38;3.00;1;1;1;53;0;5355838;2746;0
11;19;78;14;52;40;1;4.00;1;1;1;52;0;5356001;142;0
11;19;78;14;52;40;84;3.20;2;1;1;55;0;5356084;257;0
11;19;78;14;52;41;38;4.80;1;1;1;55;0;5356138;109;0
11;19;78;14;52;42;93;3.40;1;1;1;57;0;5356293;123;0
11;19;78;14;52;43;36;3.80;2;1;1;47;0;5356336;231;0
11;19;78;14;52;44;59;3.80;2;1;1;46;0;5356459;93;0
11;19;78;14;52;45;19;4.80;1;1;1;56;0;5356519;204;0
11;19;78;14;52;47;38;3.60;1;1;1;54;0;5356738;188;0
11;19;78;14;52;48;55;3.20;4;2;1;62;0;5356855;1546;0
11;19;78;14;52;48;63;3.40;1;1;1;57;0;5356863;101;0
11;19;78;14;52;48;58;3.60;2;1;1;53;0;5356858;369;0
11;19;78;14;52;49;82;5.00;3;2;1;68;0;5356982;2197;0
11;19;78;14;52;49;91;3.60;2;1;1;51;0;5356991;108;0
11;19;78;14;52;50;69;8.40;1;1;6;51;0;5357069;184;0
11;19;78;14;52;51;20;3.20;4;2;1;68;0;5357120;246;0
11;19;78;14;52;51;25;3.80;3;2;1;64;0;5357125;116;0
11;19;78;14;52;52;12;3.60;4;2;1;65;0;5357212;75;0
11;19;78;14;52;52;17;3.60;1;1;1;49;0;5357217;88;5356519
11;19;78;14;52;52;24;3.60;2;1;1;50;0;5357224;207;0
11;19;78;14;52;53;72;3.80;4;2;1;62;0;5357372;140;0
11;19;78;14;52;53;52;5.00;1;1;1;46;0;5357352;108;5356519
11;19;78;14;52;53;89;4.80;2;1;1;51;0;5357389;139;5356519
11;19;78;14;52;55;29;3.40;3;2;1;70;0;5357529;382;0
11;19;78;14;52;55;40;4.60;4;2;1;58;0;5357540;145;0
11;19;78;14;52;55;41;3.80;1;1;1;48;0;5357541;149;5356519
11;19;78;14;52;55;64;3.60;2;1;1;49;0;5357564;141;5356519
11;19;78;14;52;57;35;4.20;1;1;1;51;0;5357735;165;5356519
11;19;78;14;52;58;68;5.00;3;2;1;61;0;5357868;321;0
11;19;78;14;52;58;61;5.20;2;1;1;46;0;5357861;270;0
11;19;78;14;52;59;27;9.40;1;1;2;48;0;5357927;162;5356519
11;19;78;14;53;1;15;3.40;1;1;1;48;0;5358115;117;5356519
11;19;78;14;53;1;51;14.40;4;2;2;61;0;5358151;582;0
11;19;78;14;53;4;25;4.40;3;2;1;65;0;5358425;527;0
11;19;78;14;53;5;70;3.20;3;2;1;61;0;5358570;120;0
11;19;78;14;53;6;33;4.00;1;1;1;63;0;5358633;492;0
11;19;78;14;53;6;46;3.80;4;2;1;61;0;5358646;410;0
11;19;78;14;53;7;41;2.80;3;2;1;64;0;5358741;152;0
11;19;78;14;53;9;12;3.20;3;2;1;66;0;5358912;155;0
11;19;78;14;53;10;21;3.60;1;1;1;59;0;5359021;365;0
11;19;78;14;53;10;64;3.20;2;1;1;57;0;5359064;1162;0
11;19;78;14;53;11;17;5.60;3;2;1;63;0;5359117;187;5358425
11;19;78;14;53;12;33;3.40;2;1;1;55;0;5359233;148;5358425
11;19;78;14;53;12;52;4.00;4;2;1;63;0;5359252;583;0
11;19;78;14;53;13;30;4.00;2;1;1;56;0;5359330;74;0
11;19;78;14;53;14;49;3.80;1;1;1;54;0;5359449;406;0
11;19;78;14;53;14;84;3.80;4;2;1;62;0;5359484;209;0
11;19;78;14;53;16;43;3.40;3;2;1;60;0;5359643;494;0
11;19;78;14;53;18;34;3.20;3;2;1;61;0;5359834;170;0
11;19;78;14;53;18;77;3.40;4;2;1;55;0;5359877;370;0
11;19;78;14;53;19;30;3.80;3;2;1;62;0;5359930;77;0
11;19;78;14;53;21;3;3.60;3;2;1;65;0;5360103;150;0
11;19;78;14;53;21;18;3.00;4;2;1;49;0;5360118;218;0
11;19;78;14;53;20;85;14.60;1;1;4;54;0;5360085;610;0
11;19;78;14;53;21;70;3.60;2;1;1;55;0;5360170;814;0
11;19;78;14;53;23;26;3.20;1;1;1;52;0;5360326;143;0
11;19;78;14;53;23;79;3.60;4;2;1;49;0;5360379;238;0
11;19;78;14;53;24;8;5.40;3;2;1;59;0;5360408;285;0
11;19;78;14;53;25;61;4.20;3;2;1;62;0;5360561;120;0
11;19;78;14;53;26;17;3.20;1;1;1;53;0;5360617;268;0
11;19;78;14;53;25;48;15.40;4;2;4;46;0;5360548;142;0
11;19;78;14;53;27;72;3.40;3;2;1;62;0;5360772;186;0
11;19;78;14;53;28;78;3.40;2;1;1;53;0;5360878;684;0
11;19;78;14;53;28;98;4.40;3;2;1;60;0;5360898;106;0
11;19;78;14;53;29;22;4.60;4;2;1;53;0;5360922;253;0
11;19;78;14;53;30;36;3.40;3;2;1;64;0;5361036;111;5360408
11;19;78;14;53;31;88;3.60;4;2;1;53;0;5361188;234;0
11;19;78;14;53;33;7;3.60;3;2;1;51;0;5361307;251;0
11;19;78;14;53;34;98;3.40;4;2;1;53;0;5361498;285;0
11;19;78;14;53;35;24;3.00;3;2;1;51;0;5361524;191;0
11;19;78;14;53;38;74;11.20;4;2;3;40;0;5361874;352;0
11;19;78;14;53;41;5;3.60;2;1;1;53;0;5362105;1203;0
11;19;78;14;53;41;20;3.60;3;2;1;59;0;5362120;574;0
11;19;78;14;53;41;56;3.20;4;2;1;41;0;5362156;181;0
11;19;78;14;53;43;60;5.00;4;2;1;57;0;5362360;175;0
11;19;78;14;53;45;85;3.20;4;2;1;56;0;5362585;193;0
11;19;78;14;53;49;61;3.60;4;2;1;57;0;5362961;355;0
11;19;78;14;53;49;71;3.60;3;2;1;66;0;5362971;829;0
11;19;78;14;53;58;19;3.40;3;2;1;57;0;5363819;828;0
11;19;78;14;54;0;56;4.00;3;2;1;58;0;5364056;215;0
11;19;78;14;54;2;3;3.20;4;2;1;58;0;5364203;1219;0
11;19;78;14;54;3;23;3.60;4;2;1;55;0;5364323;100;0
11;19;78;14;54;5;43;3.20;4;2;1;56;0;5364543;196;0
11;19;78;14;54;6;69;3.40;4;2;1;56;0;5364669;105;0
11;19;78;14;54;7;93;3.80;3;2;1;62;0;5364793;712;0
11;19;78;14;54;9;48;5.20;2;1;1;48;0;5364948;2818;0
11;19;78;14;54;10;86;4.40;2;1;1;46;0;5365086;99;0
11;19;78;14;54;12;49;3.40;2;1;1;49;0;5365249;128;0
11;19;78;14;54;12;87;4.00;1;1;1;54;0;5365287;4648;0
11;19;78;14;54;12;99;5.40;3;2;1;53;0;5365299;483;0
11;19;78;14;54;14;7;3.60;1;1;1;57;0;5365407;93;0
11;19;78;14;54;14;80;3.60;2;1;1;57;0;5365480;206;0
11;19;78;14;54;15;93;3.40;1;1;1;59;0;5365593;163;0
11;19;78;14;54;16;43;3.40;4;2;1;59;0;5365643;952;0
11;19;78;14;54;17;2;3.60;1;1;1;57;0;5365702;88;0
11;19;78;14;54;17;78;4.60;2;1;1;48;0;5365778;275;0
11;19;78;14;54;18;11;3.40;1;1;1;54;0;5365811;86;5365287
11;19;78;14;54;20;14;3.00;1;1;1;57;0;5366014;180;5365287
11;19;78;14;54;22;4;3.60;1;1;1;59;0;5366204;171;5365287
11;19;78;14;54;26;13;3.40;1;1;1;61;0;5366613;387;0
11;19;78;14;54;27;32;4.40;3;2;1;63;0;5366732;1396;0
11;19;78;14;54;27;54;5.20;4;2;1;59;0;5366754;1090;0
11;19;78;14;54;30;66;3.80;4;2;1;61;0;5367066;280;0
11;19;78;14;54;32;39;3.60;3;2;1;56;0;5367239;481;0
11;19;78;14;54;33;21;3.40;2;1;1;59;0;5367321;1508;0
11;19;78;14;54;33;39;3.40;3;2;1;57;0;5367339;76;0
11;19;78;14;54;34;94;3.20;4;2;1;59;0;5367494;405;0
11;19;78;14;54;34;91;5.00;3;2;1;62;0;5367491;130;0
11;19;78;14;54;36;8;3.80;3;2;1;62;0;5367608;87;0
11;19;78;14;54;37;15;3.00;1;1;1;58;0;5367715;1081;0
11;19;78;14;54;37;28;4.40;3;2;1;62;0;5367728;97;5367239
11;19;78;14;54;37;75;3.00;4;2;1;54;0;5367775;261;0
11;19;78;14;54;38;27;3.20;1;1;1;56;0;5367827;93;0
11;19;78;14;54;39;31;3.20;4;2;1;56;0;5367931;136;0
11;19;78;14;54;41;29;3.40;4;2;1;64;0;5368129;177;0
11;19;78;14;54;41;59;4.40;3;2;1;62;0;5368159;405;0
11;19;78;14;54;41;76;4.00;1;1;1;54;0;5368176;328;0
11;19;78;14;54;42;64;3.40;3;2;1;64;0;5368264;79;0
11;19;78;14;54;42;81;3.60;4;2;1;57;0;5368281;132;0
11;19;78;14;54;43;2;3.80;2;1;1;58;0;5368302;960;0
11;19;78;14;54;43;83;3.00;3;2;1;60;0;5368383;99;0
11;19;78;14;54;44;38;3.80;4;2;1;55;0;5368438;134;5367775
11;19;78;14;54;44;90;5.20;3;2;1;59;0;5368490;89;5367775
11;19;78;14;54;45;24;4.20;4;2;1;56;0;5368524;61;5367775
11;19;78;14;54;45;33;4.40;1;1;1;56;0;5368533;330;0
11;19;78;14;54;46;13;3.40;3;2;1;61;0;5368613;91;5368159
11;19;78;14;54;46;35;3.60;1;1;1;56;0;5368635;73;5368159
11;19;78;14;54;46;84;3.40;2;1;1;61;0;5368684;358;0
11;19;78;14;54;47;12;3.40;4;2;1;55;0;5368712;161;5367775
11;19;78;14;54;47;30;4.00;3;2;1;62;0;5368730;96;5368159
11;19;78;14;54;47;75;3.80;1;1;1;55;0;5368775;116;5368159
11;19;78;14;54;48;35;4.40;4;2;1;53;0;5368835;100;5367775
11;19;78;14;54;48;77;3.40;1;1;1;56;0;5368877;77;5367775
11;19;78;14;54;49;64;4.00;3;2;1;64;0;5368964;210;0
11;19;78;14;54;49;69;3.80;1;1;1;57;0;5368969;70;5368533
11;19;78;14;54;49;84;3.40;4;2;1;51;0;5368984;119;5367775
11;19;78;14;54;50;54;4.00;2;1;1;58;0;5369054;349;0
11;19;78;14;54;51;85;4.60;2;1;1;57;0;5369185;106;0
11;19;78;14;54;52;7;3.40;1;1;1;56;0;5369207;214;0
11;19;78;14;54;52;6;4.80;4;2;1;51;0;5369206;198;5367775
11;19;78;14;54;53;3;3.80;2;1;1;57;0;5369303;88;5367775
11;19;78;14;54;53;51;3.40;4;2;1;50;0;5369351;111;5367775
11;19;78;14;54;54;23;4.40;2;1;1;58;0;5369423;96;5367775
11;19;78;14;54;54;53;3.60;3;2;1;62;0;5369453;466;0
11;19;78;14;54;55;11;10.20;1;1;2;59;0;5369511;282;0
11;19;78;14;54;55;28;8.20;4;2;1;53;0;5369528;152;5367775
11;19;78;14;54;56;50;3.80;3;2;1;70;0;5369650;176;5367775
11;19;78;14;54;56;65;3.40;4;2;1;54;0;5369665;81;5367775
11;19;78;14;54;57;84;3.60;2;1;1;55;0;5369784;333;0
11;19;78;14;54;58;10;3.60;4;2;1;56;0;5369810;122;5367775
11;19;78;14;54;59;29;3.80;3;2;1;74;0;5369929;259;0
11;19;78;14;54;59;31;3.40;1;1;1;52;0;5369931;357;0
11;19;78;14;54;59;38;3.60;4;2;1;56;0;5369938;104;5367775
11;19;78;14;55;0;37;3.80;1;1;1;50;0;5370037;82;5367775
11;19;78;14;55;1;17;4.20;4;2;1;57;0;5370117;155;5367775
11;19;78;14;55;2;21;3.60;1;1;1;51;0;5370221;156;5367775
11;19;78;14;55;3;22;3.40;3;2;1;59;0;5370322;374;0
11;19;78;14;55;4;87;3.80;3;2;1;59;0;5370487;144;0
11;19;78;14;55;5;57;3.00;4;2;1;51;0;5370557;413;0
11;19;78;14;55;5;19;20.60;1;1;5;57;0;5370519;272;0
11;19;78;14;55;6;78;3.40;4;2;1;54;0;5370678;99;0
11;19;78;14;55;7;3;3.60;3;2;1;58;0;5370703;192;0
11;19;78;14;55;8;72;4.00;4;2;1;53;0;5370872;171;0
11;19;78;14;55;10;53;4.60;4;2;1;53;0;5371053;153;0
11;19;78;14;55;11;4;5.80;3;2;1;51;0;5371104;378;0
11;19;78;14;55;13;82;3.60;4;2;1;51;0;5371382;297;0
11;19;78;14;55;24;23;14.00;4;2;2;46;0;5372423;1015;0
11;19;78;14;55;32;22;3.80;4;2;1;55;0;5373222;689;0
11;19;78;14;55;34;72;3.60;3;2;1;57;0;5373472;2327;0
11;19;78;14;55;35;20;3.40;4;2;1;57;0;5373520;273;0
11;19;78;14;55;38;80;3.40;4;2;1;55;0;5373880;338;0
11;19;78;14;55;41;14;4.00;4;2;1;59;0;5374114;211;0
11;19;78;14;55;41;54;3.40;3;2;1;57;0;5374154;659;0
11;19;78;14;55;43;22;4.80;4;2;1;56;0;5374322;183;0
11;19;78;14;55;44;3;3.60;3;2;1;67;0;5374403;227;0
11;19;78;14;55;44;28;3.60;2;1;1;55;0;5374428;4620;0
11;19;78;14;55;45;29;3.40;3;2;1;59;0;5374529;106;0
11;19;78;14;55;45;57;3.20;4;2;1;64;0;5374557;204;0
11;19;78;14;55;49;42;3.40;1;1;1;56;0;5374942;4292;0
11;19;78;14;55;52;69;14.20;4;2;4;57;0;5375269;694;0
11;19;78;14;55;53;37;5.40;2;1;1;56;0;5375337;885;0
11;19;78;14;55;53;89;4.20;1;1;1;57;0;5375389;425;0
11;19;78;14;55;55;90;3.00;1;1;1;58;0;5375590;174;0
11;19;78;14;55;56;10;3.80;4;2;1;57;0;5375610;251;0
11;19;78;14;55;57;20;3.40;3;2;1;61;0;5375720;1170;0
11;19;78;14;55;57;74;3.60;1;1;1;60;0;5375774;165;0
11;19;78;14;55;58;1;3.80;4;2;1;54;0;5375801;167;0
11;19;78;14;55;58;95;3.40;3;2;1;57;0;5375895;154;0
11;19;78;14;55;59;39;4.00;2;1;1;56;0;5375939;567;0
11;19;78;14;55;59;57;3.20;4;2;1;55;0;5375957;130;0
11;19;78;14;56;0;13;3.60;1;1;1;59;0;5376013;217;0
11;19;78;14;56;0;37;4.00;2;1;1;56;0;5376037;72;0
11;19;78;14;56;2;21;3.60;1;1;1;57;0;5376221;186;0
11;19;78;14;56;2;30;3.60;2;1;1;56;0;5376230;167;0
11;19;78;14;56;3;41;3.20;2;1;1;57;0;5376341;87;0
11;19;78;14;56;5;24;3.80;4;2;1;58;0;5376524;546;0
11;19;78;14;56;6;95;3.20;2;1;1;51;0;5376695;333;0
11;19;78;14;56;7;69;3.60;3;2;1;60;0;5376769;852;0
11;19;78;14;56;8;55;3.80;2;1;1;48;0;5376855;137;0
11;19;78;14;56;9;44;3.60;4;2;1;57;0;5376944;396;0
11;19;78;14;56;9;58;6.60;1;1;2;51;0;5376958;714;0
11;19;78;14;56;10;4;3.80;2;1;1;50;0;5377004;120;0
11;19;78;14;56;10;94;4.00;3;2;1;59;0;5377094;303;0
11;19;78;14;56;11;16;3.80;1;1;1;50;0;5377116;111;0
11;19;78;14;56;11;39;3.40;2;1;1;49;0;5377139;107;0
11;19;78;14;56;12;50;3.80;1;1;1;47;0;5377250;106;0
11;19;78;14;56;12;82;3.60;3;2;1;58;0;5377282;163;0
11;19;78;14;56;13;72;3.40;2;1;1;53;0;5377372;208;0
11;19;78;14;56;13;61;5.60;4;2;1;53;0;5377361;394;0
11;19;78;14;56;13;84;3.80;3;2;1;60;0;5377384;79;0
11;19;78;14;56;14;38;3.80;1;1;1;48;0;5377438;158;0
11;19;78;14;56;15;23;3.60;1;1;1;48;0;5377523;56;5376958
11;19;78;14;56;15;30;3.40;3;2;1;58;0;5377530;123;5376958
11;19;78;14;56;15;52;3.20;4;2;1;53;0;5377552;152;5376958
11;19;78;14;56;15;53;3.60;2;1;1;48;0;5377553;157;5376958
11;19;78;14;56;16;66;4.40;4;2;1;55;0;5377666;92;5376958
11;19;78;14;56;16;83;4.60;1;1;1;49;0;5377683;133;5376958
11;19;78;14;56;18;65;4.00;3;2;1;58;0;5377865;313;0
11;19;78;14;56;18;59;4.60;4;2;1;54;0;5377859;164;0
11;19;78;14;56;18;83;3.40;2;1;1;50;0;5377883;303;0
11;19;78;14;56;19;12;9.80;1;1;2;49;0;5377912;195;5376958
11;19;78;14;56;19;76;3.80;2;1;1;48;0;5377976;68;5376958
11;19;78;14;56;20;9;4.00;3;2;1;58;0;5378009;119;5376958
11;19;78;14;56;20;93;3.60;2;1;1;46;0;5378093;88;5376958
11;19;78;14;56;21;84;5.20;1;1;1;48;0;5378184;200;0
11;19;78;14;56;24;11;3.60;1;1;1;42;0;5378411;188;0
11;19;78;14;56;24;65;3.80;3;2;1;67;0;5378465;431;0
11;19;78;14;56;25;41;2.80;1;1;1;41;0;5378541;99;0
11;19;78;14;56;25;88;3.80;2;1;1;45;0;5378588;466;0
11;19;78;14;56;26;7;3.20;4;2;1;49;0;5378607;717;0
11;19;78;14;56;26;75;3.40;1;1;1;42;0;5378675;109;0
11;19;78;14;56;26;85;4.60;3;2;1;60;0;5378685;199;0
11;19;78;14;56;27;12;3.60;2;1;1;47;0;5378712;93;0
11;19;78;14;56;27;71;4.20;4;2;1;54;0;5378771;140;0
11;19;78;14;56;28;2;4.80;2;1;1;47;0;5378802;62;0
11;19;78;14;56;28;31;3.80;1;1;1;46;0;5378831;126;5378184
11;19;78;14;56;28;70;3.80;3;2;1;59;0;5378870;157;5378184
11;19;78;14;56;29;73;3.60;4;2;1;56;0;5378973;174;5378184
11;19;78;14;56;29;88;3.00;3;2;1;58;0;5378988;94;5378184
11;19;78;14;56;29;86;3.80;1;1;1;48;0;5378986;125;5378184
11;19;78;14;56;30;0;3.60;2;1;1;49;0;5379000;161;5378184
11;19;78;14;56;31;0;3.80;4;2;1;56;0;5379100;103;5378184
11;19;78;14;56;31;64;4.20;3;2;1;55;0;5379164;157;5378465
11;19;78;14;56;32;11;3.40;1;1;1;46;0;5379211;196;5378184
11;19;78;14;56;32;71;3.20;4;2;1;52;0;5379271;146;5378607
11;19;78;14;56;32;80;3.80;2;1;1;51;0;5379280;253;0
11;19;78;14;56;33;96;3.60;3;2;1;57;0;5379396;204;0
11;19;78;14;56;33;90;3.80;1;1;1;45;0;5379390;152;5378184
11;19;78;14;56;35;9;3.80;4;2;1;55;0;5379509;215;0
11;19;78;14;56;35;71;6.00;1;1;1;43;0;5379571;150;5378184
11;19;78;14;56;36;30;3.60;3;2;1;55;0;5379630;211;0
11;19;78;14;56;36;32;4.40;4;2;1;53;0;5379632;98;0
11;19;78;14;56;37;24;3.80;3;2;1;55;0;5379724;70;0
11;19;78;14;56;37;42;5.00;2;1;1;52;0;5379742;435;0
11;19;78;14;56;37;60;4.40;4;2;1;52;0;5379760;98;0
11;19;78;14;56;38;58;3.40;3;2;1;57;0;5379858;109;0
11;19;78;14;56;39;5;5.00;4;2;1;53;0;5379905;114;0
11;19;78;14;56;39;56;3.60;2;1;1;50;0;5379956;179;0
11;19;78;14;56;38;28;16.20;1;1;4;39;0;5379828;206;0
11;19;78;14;56;39;95;3.20;3;2;1;57;0;5379995;115;0
11;19;78;14;56;40;83;3.60;3;2;1;56;0;5380083;67;5379630
11;19;78;14;56;41;37;3.60;4;2;1;49;0;5380137;198;5379509
11;19;78;14;56;42;1;3.80;2;1;1;47;0;5380201;219;0
11;19;78;14;56;42;49;3.80;3;2;1;56;0;5380249;142;5379630
11;19;78;14;56;42;80;5.00;4;2;1;48;0;5380280;116;5379509
11;19;78;14;56;43;71;3.60;3;2;1;60;0;5380371;97;5379630
11;19;78;14;56;44;17;4.20;4;2;1;49;0;5380417;99;5379509
11;19;78;14;56;45;11;5.20;3;2;1;60;0;5380511;118;5379630
11;19;78;14;56;45;75;4.60;4;2;1;52;0;5380575;127;5379509
11;19;78;14;56;47;5;3.60;3;2;1;60;0;5380705;162;5379630
11;19;78;14;56;47;64;3.60;1;1;1;56;0;5380764;786;0
11;19;78;14;56;48;78;4.00;4;2;1;55;0;5380878;271;0
11;19;78;14;56;49;94;4.00;2;1;1;52;0;5380994;763;0
11;19;78;14;56;51;71;3.60;2;1;1;51;0;5381171;149;0
11;19;78;14;56;52;6;3.60;1;1;1;50;0;5381206;418;0
11;19;78;14;57;3;68;7.20;3;2;2;62;0;5382368;1641;0
11;19;78;14;57;10;67;3.40;2;1;1;58;0;5383067;1870;0
11;19;78;14;57;17;5;3.40;4;2;1;62;0;5383705;2800;0
11;19;78;14;57;17;17;3.80;3;2;1;60;0;5383717;1307;0
11;19;78;14;57;18;53;3.20;1;1;1;57;0;5383853;2621;0
11;19;78;14;57;18;67;3.20;3;2;1;61;0;5383867;127;0
11;19;78;14;57;19;40;3.60;4;2;1;63;0;5383940;215;0
11;19;78;14;57;20;67;3.40;3;2;1;57;0;5384067;181;0
11;19;78;14;57;22;20;3.60;3;2;1;55;0;5384220;131;0
11;19;78;14;57;24;60;4.00;3;2;1;58;0;5384460;216;0
11;19;78;14;57;25;29;4.00;4;2;1;52;0;5384529;568;0
11;19;78;14;57;26;47;3.60;3;2;1;59;0;5384647;162;0
11;19;78;14;57;26;50;3.60;4;2;1;53;0;5384650;93;0
11;19;78;14;57;27;24;4.20;2;1;1;53;0;5384724;1635;0
11;19;78;14;57;27;39;12.80;1;1;3;47;0;5384739;865;0
11;19;78;14;57;29;33;4.60;4;2;1;59;0;5384933;258;0
11;19;78;14;57;29;50;3.80;2;1;1;56;0;5384950;197;0
11;19;78;14;57;31;6;3.60;1;1;1;53;0;5385106;268;0
11;19;78;14;57;32;70;3.00;2;1;1;54;0;5385270;295;0
11;19;78;14;57;33;32;3.20;4;2;1;59;0;5385332;370;0
11;19;78;14;57;33;67;3.40;2;1;1;54;0;5385367;77;0
11;19;78;14;57;34;29;3.40;1;1;1;53;0;5385429;298;0
11;19;78;14;57;36;38;3.80;2;1;1;55;0;5385638;248;0
11;19;78;14;57;36;70;3.20;4;2;1;50;0;5385670;318;0
11;19;78;14;57;36;91;3.60;1;1;1;50;0;5385691;238;0
11;19;78;14;57;37;2;3.40;3;2;1;57;0;5385702;1033;0
11;19;78;14;57;38;9;3.80;4;2;1;58;0;5385809;115;0
11;19;78;14;57;39;0;3.40;2;1;1;49;0;5385900;237;0
11;19;78;14;57;39;53;3.20;1;1;1;47;0;5385953;236;0
11;19;78;14;57;40;11;3.60;4;2;1;59;0;5386011;178;0
11;19;78;14;57;40;74;3.60;2;1;1;49;0;5386074;149;0
11;19;78;14;57;42;38;3.60;1;1;1;46;0;5386238;260;0
11;19;78;14;57;43;52;3.60;2;1;1;53;0;5386352;251;0
11;19;78;14;57;43;78;3.60;3;2;1;70;0;5386378;654;0
11;19;78;14;57;46;22;3.20;3;2;1;64;0;5386622;225;0
11;19;78;14;57;46;31;3.60;1;1;1;45;0;5386631;364;0
11;19;78;14;57;46;92;3.40;4;2;1;56;0;5386692;659;0
11;19;78;14;57;47;66;3.40;2;1;1;48;0;5386766;389;0
11;19;78;14;57;47;97;3.80;3;2;1;65;0;5386797;157;0
11;19;78;14;57;48;14;3.00;1;1;1;45;0;5386814;154;0
11;19;78;14;57;48;94;6.20;2;1;1;49;0;5386894;102;0
11;19;78;14;57;49;94;6.80;3;2;1;66;0;5386994;175;0
11;19;78;14;57;50;68;3.60;1;1;1;46;0;5387068;230;0
11;19;78;14;57;50;95;3.40;4;2;1;61;0;5387095;381;0
11;19;78;14;57;51;15;3.80;2;1;1;49;0;5387115;175;0
11;19;78;14;57;52;7;3.20;4;2;1;60;0;5387207;91;0
11;19;78;14;57;52;25;3.00;1;1;1;47;0;5387225;128;0
11;19;78;14;57;54;6;5.20;3;2;1;61;0;5387406;374;0
11;19;78;14;57;54;56;5.40;1;1;1;52;0;5387456;208;0
11;19;78;14;57;55;55;4.00;3;2;1;62;0;5387555;118;0
11;19;78;14;57;55;60;3.20;4;2;1;59;0;5387560;333;0
11;19;78;14;57;56;67;3.40;3;2;1;62;0;5387667;88;0
11;19;78;14;57;56;95;4.00;1;1;1;46;0;5387695;201;0
11;19;78;14;57;57;16;5.00;2;1;1;57;0;5387716;573;0
11;19;78;14;57;57;90;6.20;4;2;1;57;0;5387790;210;0
11;19;78;14;57;58;52;3.60;2;1;1;55;0;5387852;104;0
11;19;78;14;57;58;56;3.80;3;2;1;65;0;5387856;169;0
11;19;78;14;57;59;71;3.40;1;1;1;43;0;5387971;244;0
11;19;78;14;58;0;9;3.20;4;2;1;59;0;5388009;179;0
11;19;78;14;58;0;11;5.40;3;2;1;65;0;5388011;133;5387406
11;19;78;14;58;0;69;3.60;2;1;1;57;0;5388069;193;5387406
11;19;78;14;58;2;6;3.60;3;2;1;66;0;5388206;165;5387406
11;19;78;14;58;2;58;3.60;1;1;1;39;0;5388258;258;0
11;19;78;14;58;2;97;4.60;3;2;1;59;0;5388297;71;5387406
11;19;78;14;58;3;47;4.20;4;2;1;54;0;5388347;318;0
11;19;78;14;58;3;67;3.00;2;1;1;52;0;5388367;275;0
11;19;78;14;58;4;45;4.40;1;1;1;38;0;5388445;153;0
11;19;78;14;58;5;12;3.40;3;2;1;58;0;5388512;186;5387406
11;19;78;14;58;5;20;3.60;4;2;1;57;0;5388520;145;5387406
11;19;78;14;58;5;95;3.20;2;1;1;54;0;5388595;207;0
11;19;78;14;58;5;87;3.40;1;1;1;39;0;5388587;100;0
11;19;78;14;58;6;94;4.40;3;2;1;60;0;5388694;160;5387406
11;19;78;14;58;7;3;3.60;4;2;1;54;0;5388703;160;5387406
11;19;78;14;58;8;38;4.00;4;2;1;54;0;5388838;111;5387406
11;19;78;14;58;7;67;12.20;1;1;7;40;0;5388767;148;5387406
11;19;78;14;58;9;59;3.80;4;2;1;53;0;5388959;94;5388347
11;19;78;14;58;9;94;3.80;3;2;1;62;0;5388994;273;0
11;19;78;14;58;10;26;3.40;1;1;1;38;0;5389026;149;5388258
11;19;78;14;58;10;81;3.80;2;1;1;52;0;5389081;464;0
11;19;78;14;58;11;46;4.40;3;2;1;61;0;5389146;129;0
11;19;78;14;58;11;56;3.80;4;2;1;53;0;5389156;171;5388347
11;19;78;14;58;11;52;3.40;1;1;1;38;0;5389152;93;5388258
11;19;78;14;58;12;54;3.80;2;1;1;50;0;5389254;146;5388258
11;19;78;14;58;13;37;3.40;4;2;1;55;0;5389337;155;5388347
11;19;78;14;58;13;37;3.40;1;1;1;38;0;5389337;152;5388258
11;19;78;14;58;15;6;3.80;1;1;1;39;0;5389506;136;5388258
11;19;78;14;58;15;52;3.00;4;2;1;52;0;5389552;192;5388347
11;19;78;14;58;16;32;4.00;4;2;1;52;0;5389632;59;5388347
11;19;78;14;58;16;50;3.40;3;2;1;58;0;5389650;478;0
11;19;78;14;58;17;12;3.40;2;1;1;52;0;5389712;430;0
11;19;78;14;58;16;96;3.60;1;1;1;38;0;5389696;154;5388258
11;19;78;14;58;18;38;3.00;4;2;1;50;0;5389838;178;5388347
11;19;78;14;58;19;2;3.40;2;1;1;53;0;5389902;166;5388347
11;19;78;14;58;19;51;3.40;3;2;1;61;0;5389951;279;0
11;19;78;14;58;19;62;3.20;4;2;1;52;0;5389962;102;5388347
11;19;78;14;58;19;45;3.80;1;1;1;37;0;5389945;214;0
11;19;78;14;58;20;48;5.20;2;1;1;50;0;5390048;122;0
11;19;78;14;58;21;83;3.60;3;2;1;58;0;5390183;211;0
11;19;78;14;58;21;94;3.40;1;1;1;34;0;5390194;212;0
11;19;78;14;58;23;15;3.80;3;2;1;58;0;5390315;109;0
11;19;78;14;58;23;60;3.40;4;2;1;54;0;5390360;375;0
11;19;78;14;58;23;12;4.20;2;1;1;44;0;5390312;226;0
11;19;78;14;58;25;52;3.80;1;1;1;39;0;5390552;322;0
11;19;78;14;58;25;81;3.80;3;2;1;55;0;5390581;242;0
11;19;78;14;58;25;91;4.60;4;2;1;55;0;5390591;208;0
11;19;78;14;58;26;97;3.60;1;1;1;39;0;5390697;109;0
11;19;78;14;58;27;98;3.60;3;2;1;56;0;5390798;192;0
11;19;78;14;58;28;44;3.60;1;1;1;39;0;5390844;113;0
11;19;78;14;58;30;40;3.60;3;2;1;54;0;5391040;218;0
11;19;78;14;58;45;55;3.80;3;2;1;64;0;5392555;1491;0
11;19;78;14;58;45;78;3.60;4;2;1;53;0;5392578;1956;0
11;19;78;14;58;46;98;3.80;4;2;1;54;0;5392698;95;0
11;19;78;14;58;48;93;4.60;4;2;1;64;0;5392893;169;0
11;19;78;14;58;52;27;2.80;4;2;1;61;0;5393227;308;0
11;19;78;14;58;57;9;3.00;3;2;1;61;0;5393709;1132;0
11;19;78;14;58;58;57;3.60;3;2;1;62;0;5393857;130;0
11;19;78;14;59;2;43;3.00;2;1;1;57;0;5394243;3896;0
11;19;78;14;59;3;18;4.00;2;1;1;56;0;5394318;56;0
11;19;78;14;59;4;69;3.00;4;2;1;52;0;5394469;1225;0
11;19;78;14;59;4;88;3.00;3;2;1;58;0;5394488;610;0
11;19;78;14;59;5;0;3.80;2;1;1;59;0;5394500;156;0
11;19;78;14;59;5;94;3.60;3;2;1;58;0;5394594;87;0
11;19;78;14;59;6;53;3.80;2;1;1;59;0;5394653;129;0
11;19;78;14;59;7;79;3.60;1;1;1;55;0;5394779;3901;0
11;19;78;14;59;8;4;3.00;3;2;1;56;0;5394804;187;0
11;19;78;14;59;8;45;3.60;4;2;1;50;0;5394845;355;0
11;19;78;14;59;9;1;3.60;1;1;1;51;0;5394901;98;0
11;19;78;14;59;9;2;5.00;3;2;1;54;0;5394902;78;0
11;19;78;14;59;9;93;3.40;4;2;1;53;0;5394993;122;0
11;19;78;14;59;10;93;3.00;1;1;1;50;0;5395093;166;0
11;19;78;14;59;11;42;3.20;2;1;1;51;0;5395142;465;0
11;19;78;14;59;12;23;3.60;1;1;1;52;0;5395223;108;0
11;19;78;14;59;13;5;3.40;3;2;1;66;0;5395305;369;0
11;19;78;14;59;13;50;3.80;4;2;1;54;0;5395350;333;0
11;19;78;14;59;13;94;3.80;1;1;1;52;0;5395394;146;5394779
11;19;78;14;59;14;35;6.20;2;1;2;57;0;5395435;270;0
11;19;78;14;59;15;11;3.60;4;2;1;57;0;5395511;135;0
11;19;78;14;59;15;54;3.20;2;1;1;56;0;5395554;79;0
11;19;78;14;59;15;61;4.00;1;1;1;52;0;5395561;140;5394779
11;19;78;14;59;17;66;3.60;4;2;1;56;0;5395766;232;0
11;19;78;14;59;18;73;3.80;1;1;1;52;0;5395873;284;0
11;19;78;14;59;19;18;3.20;4;2;1;54;0;5395918;128;0
11;19;78;14;59;19;62;3.00;2;1;1;61;0;5395962;387;0
11;19;78;14;59;20;43;3.60;2;1;1;62;0;5396043;63;0
11;19;78;14;59;20;63;3.60;1;1;1;52;0;5396063;163;0
11;19;78;14;59;22;24;3.40;1;1;1;52;0;5396224;136;0
11;19;78;14;59;22;99;4.00;1;1;1;52;0;5396299;51;0
11;19;78;14;59;24;15;3.40;2;1;1;52;0;5396415;351;0
11;19;78;14;59;24;90;3.20;1;1;1;53;0;5396490;163;5395873
11;19;78;14;59;25;4;3.60;4;2;1;62;0;5396504;564;0
11;19;78;14;59;26;54;12.80;1;1;3;49;0;5396654;142;5395873
11;19;78;14;59;28;98;4.80;1;1;1;45;0;5396898;149;5395873
11;19;78;14;59;29;90;3.60;2;1;1;49;0;5396990;551;0
11;19;78;14;59;30;76;3.80;2;1;1;49;0;5397076;59;0
11;19;78;14;59;31;11;4.60;3;2;1;66;0;5397111;1787;0
11;19;78;14;59;32;1;3.80;4;2;1;57;0;5397201;676;0
11;19;78;14;59;31;96;3.60;1;1;1;44;0;5397196;259;0
11;19;78;14;59;32;8;5.40;2;1;1;49;0;5397208;104;0
11;19;78;14;59;32;49;3.80;3;2;1;62;0;5397249;112;0
11;19;78;14;59;33;36;3.40;4;2;1;56;0;5397336;111;0
11;19;78;14;59;33;38;4.00;1;1;1;43;0;5397338;112;0
11;19;78;14;59;33;89;3.20;3;2;1;60;0;5397389;117;0
11;19;78;14;59;35;28;3.80;3;2;1;60;0;5397528;119;0
11;19;78;14;59;35;18;3.80;1;1;1;44;0;5397518;146;0
11;19;78;14;59;36;42;4.00;1;1;1;42;0;5397642;92;0
11;19;78;14;59;37;24;3.40;4;2;1;56;0;5397724;366;0
11;19;78;14;59;38;0;3.60;3;2;1;57;0;5397800;249;0
11;19;78;14;59;38;72;3.20;4;2;1;57;0;5397872;126;0
11;19;78;14;59;40;51;3.60;2;1;1;59;0;5398051;803;0
11;19;78;14;59;40;53;3.80;4;2;1;54;0;5398053;160;0
11;19;78;14;59;40;87;4.00;3;2;1;57;0;5398087;264;0
11;19;78;14;59;41;52;5.00;1;1;1;54;0;5398152;475;0
11;19;78;14;59;41;93;4.00;3;2;1;58;0;5398193;80;0
11;19;78;14;59;42;86;3.80;3;2;1;59;0;5398286;68;0
11;19;78;14;59;42;98;3.60;1;1;1;53;0;5398298;112;0
11;19;78;14;59;43;11;4.00;4;2;1;58;0;5398311;232;0
11;19;78;14;59;44;20;3.80;3;2;1;62;0;5398420;110;0
11;19;78;14;59;45;1;3.60;2;1;1;54;0;5398501;428;0
11;19;78;14;59;45;63;3.80;3;2;1;66;0;5398563;120;5398087
11;19;78;14;59;45;77;3.80;1;1;1;52;0;5398577;254;0
11;19;78;14;59;46;40;3.40;4;2;1;57;0;5398640;304;0
11;19;78;14;59;46;72;3.80;3;2;1;64;0;5398672;88;5398087
11;19;78;14;59;48;3;3.60;4;2;1;55;0;5398803;141;5398087
11;19;78;14;59;48;52;3.60;3;2;1;61;0;5398852;158;5398087
11;19;78;14;59;49;8;3.40;1;1;1;54;0;5398908;304;0
11;19;78;14;59;49;48;4.80;3;2;1;58;0;5398948;74;5398087
11;19;78;14;59;50;73;3.80;4;2;1;52;0;5399073;246;0
11;19;78;14;59;52;1;3.40;1;1;1;57;0;5399201;270;0
11;19;78;14;59;52;93;3.40;3;2;1;62;0;5399293;315;0
11;19;78;14;59;53;65;4.00;4;2;1;51;0;5399365;265;0
11;19;78;14;59;54;82;3.80;1;1;1;56;0;5399482;259;0
11;19;78;14;59;55;17;3.20;4;2;1;51;0;5399517;123;0
11;19;78;14;59;55;44;4.00;3;2;1;60;0;5399544;231;0
11;19;78;14;59;56;25;7.00;4;2;2;54;0;5399625;85;0
11;19;78;14;59;57;27;3.60;1;1;1;55;0;5399727;220;0
11;19;78;14;59;57;94;4.20;3;2;1;58;0;5399794;226;0
11;19;78;14;59;59;33;3.20;4;2;1;51;0;5399933;261;0
11;19;78;15;0;1;52;5.00;3;2;1;58;0;5400152;331;0
11;19;78;15;0;0;63;16.60;4;2;4;51;0;5400063;107;0
11;19;78;15;0;3;15;5.20;4;2;1;53;0;5400315;134;0
11;19;78;15;0;4;48;3.60;3;2;1;60;0;5400448;264;0
11;19;78;15;0;5;4;3.80;4;2;1;51;0;5400504;153;0
11;19;78;15;0;6;4;4.00;3;2;1;59;0;5400604;134;0
11;19;78;15;0;8;31;3.60;4;2;1;50;0;5400831;300;0
11;19;78;15;0;10;33;3.40;1;1;1;57;0;5401033;1282;0
11;19;78;15;0;11;49;4.60;4;2;1;45;0;5401149;292;0
11;19;78;15;0;11;84;3.40;1;1;1;60;0;5401184;129;0
11;19;78;15;0;14;37;3.40;4;2;1;46;0;5401437;251;0
11;19;78;15;0;19;7;3.20;4;2;1;45;0;5401907;443;0
11;19;78;15;0;21;71;3.40;4;2;1;55;0;5402171;238;0
11;19;78;15;0;28;11;3.40;4;2;1;62;0;5402811;617;0
11;19;78;15;0;30;46;3.40;4;2;1;61;0;5403046;215;0
11;19;78;15;0;33;97;3.40;3;2;1;59;0;5403397;2768;0
11;19;78;15;0;35;44;3.80;4;2;1;66;0;5403544;477;0
11;19;78;15;0;35;88;4.60;2;1;1;59;0;5403588;5063;0
11;19;78;15;0;36;85;3.80;1;1;1;63;0;5403685;2480;0
11;19;78;15;0;37;36;3.20;2;1;1;59;0;5403736;119;0
11;19;78;15;0;38;12;3.40;1;1;1;59;0;5403812;105;0
11;19;78;15;0;38;63;3.80;2;1;1;60;0;5403863;107;0
11;19;78;15;0;39;94;3.80;2;1;1;59;0;5403994;108;0
11;19;78;15;0;40;9;3.20;3;2;1;59;0;5404009;591;0
11;19;78;15;0;40;16;3.80;1;1;1;63;0;5404016;183;0
11;19;78;15;0;41;32;3.60;4;2;1;67;0;5404132;567;0
11;19;78;15;0;41;89;3.40;3;2;1;59;0;5404189;160;0
11;19;78;15;0;43;5;3.60;3;2;1;60;0;5404305;95;0
11;19;78;15;0;43;22;3.80;4;2;1;62;0;5404322;170;0
11;19;78;15;0;43;24;3.80;1;1;1;57;0;5404324;286;0
11;19;78;15;0;44;15;3.00;2;1;1;63;0;5404415;397;0
11;19;78;15;0;45;6;3.60;1;1;1;62;0;5404506;158;0
11;19;78;15;0;45;36;3.60;2;1;1;62;0;5404536;103;0
11;19;78;15;0;46;73;3.80;2;1;1;62;0;5404673;116;0
11;19;78;15;0;48;81;4.00;1;1;1;60;0;5404881;354;0
11;19;78;15;0;49;98;3.80;1;1;1;58;0;5404998;93;0
11;19;78;15;0;51;25;3.60;2;1;1;53;0;5405125;429;0
11;19;78;15;0;52;21;3.20;2;1;1;59;0;5405221;71;0
11;19;78;15;0;53;65;3.60;1;1;1;56;0;5405365;343;0
11;19;78;15;0;53;92;4.20;4;2;1;57;0;5405392;1047;0
11;19;78;15;0;54;65;2.00;2;2;1;27;0;5405465;91782;0
11;19;78;15;0;55;65;5.00;1;1;1;50;0;5405565;176;0
11;19;78;15;0;56;88;3.80;4;2;1;57;0;5405688;269;0
11;19;78;15;0;57;23;3.60;1;1;1;52;0;5405723;122;0
11;19;78;15;0;57;89;3.80;4;2;1;54;0;5405789;77;0
11;19;78;15;0;58;17;3.80;2;1;1;55;0;5405817;576;0
11;19;78;15;0;59;1;4.20;1;1;1;54;0;5405901;153;0
11;19;78;15;0;59;70;3.40;4;2;1;59;0;5405970;155;0
11;19;78;15;1;3;94;4.00;1;1;1;59;0;5406394;465;0
11;19;78;15;1;3;89;3.40;2;1;1;52;0;5406389;547;0
11;19;78;15;1;6;13;3.80;1;1;1;54;0;5406613;194;0
11;19;78;15;1;6;24;3.80;2;1;1;60;0;5406624;211;0
11;19;78;15;1;7;29;3.80;1;1;1;55;0;5406729;90;0
11;19;78;15;1;7;55;3.60;4;2;1;61;0;5406755;764;0
11;19;78;15;1;7;65;4.00;2;1;1;61;0;5406765;118;0
11;19;78;15;1;8;64;3.60;4;2;1;63;0;5406864;87;0
11;19;78;15;1;10;65;3.80;2;1;1;51;0;5407065;276;0
11;19;78;15;1;10;90;3.60;3;2;1;57;0;5407090;2763;0
11;19;78;15;1;12;38;3.00;4;2;1;59;0;5407238;353;0
11;19;78;15;1;12;56;3.00;3;2;1;55;0;5407256;143;0
11;19;78;15;1;13;88;3.60;1;1;1;55;0;5407388;634;0
11;19;78;15;1;14;55;3.80;3;2;1;61;0;5407455;179;0
11;19;78;15;1;14;46;4.00;4;2;1;59;0;5407446;189;0
11;19;78;15;1;15;62;3.40;1;1;1;54;0;5407562;150;0
11;19;78;15;1;16;71;3.60;1;1;1;55;0;5407671;86;0
11;19;78;15;1;17;3;5.60;3;2;1;64;0;5407703;225;0
11;19;78;15;1;17;58;3.20;4;2;1;64;0;5407758;287;0
11;19;78;15;1;19;10;3.40;2;1;1;44;0;5407910;818;0
11;19;78;15;1;19;15;5.20;3;2;1;65;0;5407915;180;0
11;19;78;15;1;20;4;5.20;2;1;1;44;0;5408004;66;0
11;19;78;15;1;21;41;3.80;4;2;1;62;0;5408141;365;0
11;19;78;15;1;21;83;3.60;3;2;1;68;0;5408183;239;0
11;19;78;15;1;22;14;3.40;1;1;1;64;0;5408214;519;0
11;19;78;15;1;24;42;3.00;4;2;1;63;0;5408442;278;0
11;19;78;15;1;24;98;6.60;3;2;1;70;0;5408498;295;0
11;19;78;15;1;26;19;3.20;2;1;1;54;0;5408619;572;0
11;19;78;15;1;26;16;9.40;4;2;2;61;0;5408616;156;0
11;19;78;15;1;26;81;3.60;3;2;1;66;0;5408681;149;0
11;19;78;15;1;27;31;5.20;2;1;1;54;0;5408731;90;0
11;19;78;15;1;28;82;4.20;2;1;1;53;0;5408882;116;0
11;19;78;15;1;29;12;3.40;4;2;1;58;0;5408912;240;0
11;19;78;15;1;29;85;5.80;2;1;1;54;0;5408985;74;0
11;19;78;15;1;30;47;3.80;4;2;1;57;0;5409047;113;0
11;19;78;15;1;30;83;3.60;3;2;1;56;0;5409083;382;0
11;19;78;15;1;32;37;3.40;4;2;1;54;0;5409237;166;0
11;19;78;15;1;32;84;3.40;3;2;1;60;0;5409284;177;0
11;19;78;15;1;34;48;16.20;4;2;4;54;0;5409448;188;0
11;19;78;15;1;35;61;3.20;3;2;1;58;0;5409561;256;0
11;19;78;15;1;36;82;3.80;2;1;1;58;0;5409682;658;0
11;19;78;15;1;37;29;7.40;4;2;2;54;0;5409729;173;5408912
11;19;78;15;1;37;95;3.80;3;2;1;60;0;5409795;214;0
11;19;78;15;1;39;43;4.20;4;2;1;55;0;5409943;164;5408912
11;19;78;15;1;39;82;3.20;3;2;1;59;0;5409982;164;5408912
11;19;78;15;1;40;90;4.00;4;2;1;54;0;5410090;119;5408912
11;19;78;15;1;40;68;9.40;3;2;2;56;0;5410068;66;5408912
11;19;78;15;1;42;41;3.60;4;2;1;54;0;5410241;124;5408912
11;19;78;15;1;42;50;3.60;3;2;1;56;0;5410250;121;5408912
11;19;78;15;1;44;28;4.20;3;2;1;54;0;5410428;154;5409795
11;19;78;15;1;46;29;5.40;3;2;1;57;0;5410629;173;5409795
11;19;78;15;1;48;23;3.80;3;2;1;56;0;5410823;159;5409795
11;19;78;15;1;48;74;4.40;4;2;1;76;0;5410874;609;0
11;19;78;15;1;49;47;3.80;3;2;1;57;0;5410947;99;5409795
11;19;78;15;1;52;1;3.00;3;2;1;58;0;5411201;230;0
11;19;78;15;1;54;5;12.60;4;2;3;46;0;5411405;510;0
11;19;78;15;1;56;46;3.00;4;2;1;46;0;5411646;142;0
11;19;78;15;1;58;46;3.00;4;2;1;46;0;5411846;176;0
11;19;78;15;2;1;57;3.80;4;2;1;52;0;5412157;287;0
11;19;78;15;2;3;77;3.60;4;2;1;58;0;5412377;193;0
11;19;78;15;2;4;42;3.20;1;1;1;61;0;5412442;4208;0
11;19;78;15;2;7;21;3.60;4;2;1;64;0;5412721;321;0
11;19;78;15;2;9;41;4.00;2;1;1;59;0;5412941;3235;0
11;19;78;15;2;11;1;3.80;4;2;1;60;0;5413101;359;0
11;19;78;15;2;14;9;4.00;4;2;1;66;0;5413409;285;0
11;19;78;15;2;18;29;6.60;4;2;2;58;0;5413829;398;0
11;19;78;15;2;18;50;5.20;3;2;1;63;0;5413850;2630;0
11;19;78;15;2;21;73;3.60;2;1;1;57;0;5414173;1207;0
11;19;78;15;2;22;87;3.40;1;1;1;58;0;5414287;1826;0
11;19;78;15;2;22;86;3.60;4;2;1;57;0;5414286;416;0
11;19;78;15;2;23;79;3.20;1;1;1;59;0;5414379;70;0
11;19;78;15;2;23;71;6.00;2;1;1;57;0;5414371;175;0
11;19;78;15;2;25;3;3.80;4;2;1;56;0;5414503;194;0
11;19;78;15;2;25;43;3.80;3;2;1;67;0;5414543;663;0
11;19;78;15;2;25;76;3.60;2;1;1;57;0;5414576;167;0
11;19;78;15;2;26;66;4.60;1;1;1;54;0;5414666;267;0
11;19;78;15;2;26;85;3.20;4;2;1;54;0;5414685;157;0
11;19;78;15;2;27;32;3.60;3;2;1;61;0;5414732;168;0
11;19;78;15;2;28;81;3.60;1;1;1;55;0;5414881;184;0
11;19;78;15;2;30;26;3.40;1;1;1;52;0;5415026;121;0
11;19;78;15;2;30;85;3.60;2;1;1;52;0;5415085;486;0
11;19;78;15;2;31;70;4.60;1;1;1;54;0;5415170;120;0
11;19;78;15;2;32;29;3.80;2;1;1;51;0;5415229;119;0
11;19;78;15;2;33;48;3.80;2;1;1;53;0;5415348;92;0
11;19;78;15;2;33;52;7.00;4;2;1;50;0;5415352;645;0
11;19;78;15;2;33;81;3.40;1;1;1;52;0;5415381;180;5414666
11;19;78;15;2;34;80;3.40;3;2;1;64;0;5415480;726;0
11;19;78;15;2;35;24;3.60;2;1;1;56;0;5415524;150;0
11;19;78;15;2;36;92;3.80;2;1;1;51;0;5415692;144;5415085
11;19;78;15;2;37;39;3.40;4;2;1;64;0;5415739;336;0
11;19;78;15;2;37;83;3.80;1;1;1;57;0;5415783;378;0
11;19;78;15;2;39;35;4.20;1;1;1;58;0;5415935;128;0
11;19;78;15;2;39;88;6.40;2;1;1;52;0;5415988;269;0
11;19;78;15;2;40;88;5.40;1;1;1;55;0;5416088;126;0
11;19;78;15;2;41;18;3.60;4;2;1;62;0;5416118;359;0
11;19;78;15;2;41;14;3.60;2;1;1;50;0;5416114;81;0
11;19;78;15;2;42;58;3.80;4;2;1;62;0;5416258;119;0
11;19;78;15;2;42;69;3.80;3;2;1;68;0;5416269;769;0
11;19;78;15;2;42;66;3.20;2;1;1;50;0;5416266;126;0
11;19;78;15;2;42;92;3.60;1;1;1;52;0;5416292;168;0
11;19;78;15;2;43;83;4.80;1;1;1;51;0;5416383;66;5415783
11;19;78;15;2;44;76;3.60;2;1;1;58;0;5416476;186;5415783
11;19;78;15;2;45;76;3.60;1;1;1;47;0;5416576;159;5415783
11;19;78;15;2;46;23;3.60;2;1;1;57;0;5416623;124;5415988
11;19;78;15;2;47;13;3.00;1;1;1;46;0;5416713;109;5415783
11;19;78;15;2;48;39;3.60;1;1;1;50;0;5416839;102;5415783
11;19;78;15;2;48;60;3.40;4;2;1;58;0;5416860;579;0
11;19;78;15;2;49;8;3.40;2;1;1;47;0;5416908;262;0
11;19;78;15;2;49;29;4.00;1;1;1;51;0;5416929;64;5415783
11;19;78;15;2;49;88;3.00;3;2;1;67;0;5416988;698;0
11;19;78;15;2;50;47;2.60;4;2;1;60;0;5417047;165;0
11;19;78;15;2;50;51;3.60;2;1;1;48;0;5417051;116;0
11;19;78;15;2;51;0;3.60;3;2;1;63;0;5417100;95;0
11;19;78;15;2;51;96;3.60;3;2;1;64;0;5417196;75;0
11;19;78;15;2;52;32;3.80;1;1;1;48;0;5417232;274;0
11;19;78;15;2;53;69;3.80;3;2;1;61;0;5417369;152;0
11;19;78;15;2;53;35;14.20;4;2;3;55;0;5417335;272;0
11;19;78;15;2;54;36;4.60;3;2;1;58;0;5417436;44;5416988
11;19;78;15;2;55;60;3.80;3;2;1;57;0;5417560;95;5416988
11;19;78;15;2;55;84;3.60;1;1;1;53;0;5417584;323;0
11;19;78;15;2;56;21;4.40;4;2;1;54;0;5417621;193;0
11;19;78;15;2;56;95;4.00;3;2;1;59;0;5417695;111;5416988
11;19;78;15;2;58;15;3.40;1;1;1;49;0;5417815;206;0
11;19;78;15;2;58;43;3.80;3;2;1;62;0;5417843;123;5416988
11;19;78;15;2;58;81;3.60;4;2;1;54;0;5417881;230;0
11;19;78;15;2;59;30;3.60;1;1;1;50;0;5417930;90;0
11;19;78;15;2;59;75;4.60;3;2;1;64;0;5417975;109;5416988
11;19;78;15;3;1;8;3.40;3;2;1;64;0;5418108;107;5416988
11;19;78;15;3;2;35;3.80;4;2;1;57;0;5418235;330;0
11;19;78;15;3;2;49;3.00;1;1;1;52;0;5418249;293;0
11;19;78;15;3;3;16;3.80;3;2;1;62;0;5418316;188;5416988
11;19;78;15;3;4;79;3.60;3;2;1;63;0;5418479;140;5416988
11;19;78;15;3;4;88;3.20;4;2;1;57;0;5418488;229;0
11;19;78;15;3;5;95;3.80;3;2;1;60;0;5418595;95;5416988
11;19;78;15;3;6;32;4.00;2;1;1;60;0;5418632;1554;0
11;19;78;15;3;6;60;3.80;4;2;1;54;0;5418660;151;0
11;19;78;15;3;6;78;3.40;1;1;1;56;0;5418678;408;0
11;19;78;15;3;7;96;5.60;1;1;1;54;0;5418796;96;0
11;19;78;15;3;8;22;3.80;3;2;1;58;0;5418822;204;0
11;19;78;15;3;8;33;3.20;2;1;1;61;0;5418833;177;0
11;19;78;15;3;8;84;3.40;4;2;1;53;0;5418884;198;0
11;19;78;15;3;10;57;4.00;3;2;1;61;0;5419057;211;0
11;19;78;15;3;10;71;3.60;1;1;1;59;0;5419071;237;0
11;19;78;15;3;11;68;3.40;4;2;1;62;0;5419168;260;0
11;19;78;15;3;12;82;3.80;3;2;1;59;0;5419282;201;0
11;19;78;15;3;13;57;4.80;1;1;1;60;0;5419357;264;0
11;19;78;15;3;13;99;4.40;3;2;1;58;0;5419399;93;0
11;19;78;15;3;15;29;6.60;1;1;1;59;0;5419529;143;0
11;19;78;15;3;16;63;3.00;1;1;1;56;0;5419663;93;0
11;19;78;15;3;16;97;4.40;4;2;1;65;0;5419697;509;0
11;19;78;15;3;19;35;3.60;4;2;1;57;0;5419935;213;0
11;19;78;15;3;19;33;3.60;1;1;1;56;0;5419933;250;0
11;19;78;15;3;19;44;3.40;3;2;1;57;0;5419944;517;0
11;19;78;15;3;20;56;4.00;4;2;1;54;0;5420056;98;0
11;19;78;15;3;21;20;3.60;3;2;1;54;0;5420120;154;0
11;19;78;15;3;21;41;3.80;2;1;1;58;0;5420141;1289;0
11;19;78;15;3;22;22;4.60;3;2;1;54;0;5420222;78;0
11;19;78;15;3;22;31;3.40;4;2;1;53;0;5420231;148;0
11;19;78;15;3;24;19;4.40;3;2;1;54;0;5420419;166;0
11;19;78;15;3;24;86;3.40;4;2;1;55;0;5420486;231;0
11;19;78;15;3;26;30;3.40;3;2;1;57;0;5420630;181;5419944
11;19;78;15;3;27;2;3.80;4;2;1;51;0;5420702;193;5419944
11;19;78;15;3;27;46;3.80;3;2;1;56;0;5420746;94;5419944
11;19;78;15;3;28;15;3.40;4;2;1;50;0;5420815;86;5419944
11;19;78;15;3;28;60;3.60;3;2;1;55;0;5420860;89;5419944
11;19;78;15;3;29;26;3.40;4;2;1;50;0;5420926;86;5419944
11;19;78;15;3;29;58;5.00;3;2;1;58;0;5420958;74;5419944
11;19;78;15;3;30;70;4.40;4;2;1;51;0;5421070;119;5420486
11;19;78;15;3;31;11;3.80;3;2;1;57;0;5421111;121;5419944
11;19;78;15;3;32;79;3.20;4;2;1;51;0;5421279;177;5420486
11;19;78;15;3;32;97;3.60;3;2;1;56;0;5421297;162;5419944
11;19;78;15;3;35;37;3.80;3;2;1;54;0;5421537;216;0
11;19;78;15;3;37;69;3.60;3;2;1;60;0;5421769;206;0
11;19;78;15;3;39;40;3.60;3;2;1;58;0;5421940;149;0
11;19;78;15;3;40;57;11.20;4;2;3;46;0;5422057;755;0
11;19;78;15;3;44;32;3.20;4;2;1;53;0;5422432;287;0
11;19;78;15;3;47;7;3.20;3;2;1;53;0;5422707;744;0
11;19;78;15;3;55;33;3.60;1;1;1;59;0;5423533;3576;0
11;19;78;15;3;56;99;3.20;3;2;1;56;0;5423699;970;0
11;19;78;15;4;3;12;3.60;3;2;1;58;0;5424312;592;0
11;19;78;15;4;5;92;3.40;4;2;1;54;0;5424592;2138;0
11;19;78;15;4;8;16;3.00;4;2;1;50;0;5424816;201;0
11;19;78;15;4;9;28;3.20;4;2;1;49;0;5424928;90;0
11;19;78;15;4;9;82;3.00;3;2;1;57;0;5424982;647;0
11;19;78;15;4;10;86;3.00;4;2;1;53;0;5425086;134;0
11;19;78;15;4;14;5;3.40;4;2;1;55;0;5425405;298;0
11;19;78;15;4;16;27;3.80;4;2;1;54;0;5425627;199;0
11;19;78;15;4;18;1;4.00;1;1;1;57;0;5425801;2246;0
11;19;78;15;4;19;24;4.60;1;1;1;57;0;5425924;97;0
11;19;78;15;4;22;68;3.40;1;1;1;53;0;5426268;314;0
11;19;78;15;4;22;92;3.40;2;1;1;60;0;5426292;6127;0
11;19;78;15;4;26;65;3.40;2;1;1;57;0;5426665;352;0
11;19;78;15;4;28;12;4.00;4;2;1;60;0;5426812;1159;0
11;19;78;15;4;27;95;8.60;1;1;6;57;0;5426795;503;0
11;19;78;15;4;29;37;3.60;1;1;1;55;0;5426937;87;0
11;19;78;15;4;29;47;3.20;3;2;1;64;0;5426947;1946;0
11;19;78;15;4;29;90;3.00;2;1;1;59;0;5426990;303;0
11;19;78;15;4;31;39;3.40;2;1;1;57;0;5427139;130;0
11;19;78;15;4;31;44;3.60;3;2;1;61;0;5427144;179;0
11;19;78;15;4;32;34;3.40;3;2;1;61;0;5427234;68;0
11;19;78;15;4;32;65;3.00;4;2;1;56;0;5427265;429;0
11;19;78;15;4;33;3;4.00;2;1;1;59;0;5427303;142;0
11;19;78;15;4;33;32;3.40;3;2;1;60;0;5427332;77;0
11;19;78;15;4;33;57;3.20;4;2;1;56;0;5427357;72;0
11;19;78;15;4;35;12;3.80;4;2;1;56;0;5427512;134;0
11;19;78;15;4;35;15;3.80;2;1;1;56;0;5427515;187;0
11;19;78;15;4;36;41;4.20;3;2;1;57;0;5427641;288;0
11;19;78;15;4;36;82;3.60;2;1;1;54;0;5427682;142;5426990
11;19;78;15;4;37;3;4.00;4;2;1;57;0;5427703;166;5426990
11;19;78;15;4;39;11;4.00;2;1;1;56;0;5427911;205;0
11;19;78;15;4;40;27;3.20;4;2;1;56;0;5428027;298;0
11;19;78;15;4;40;89;4.40;2;1;1;62;0;5428089;152;0
11;19;78;15;4;40;78;11.40;1;1;3;51;0;5428078;1117;0
11;19;78;15;4;41;45;3.40;4;2;1;57;0;5428145;97;0
11;19;78;15;4;42;51;3.80;1;1;1;50;0;5428251;92;0
11;19;78;15;4;43;1;3.40;2;1;1;56;0;5428301;186;0
11;19;78;15;4;43;50;7.00;4;2;1;60;0;5428350;183;0
11;19;78;15;4;43;62;3.80;1;1;1;49;0;5428362;83;0
11;19;78;15;4;44;45;5.20;2;1;1;57;0;5428445;122;0
11;19;78;15;4;44;90;7.20;3;2;1;56;0;5428490;822;0
11;19;78;15;4;46;10;3.20;2;1;1;56;0;5428610;132;5427911
11;19;78;15;4;46;30;4.40;4;2;1;56;0;5428630;238;0
11;19;78;15;4;46;6;3.80;1;1;1;45;0;5428606;216;0
11;19;78;15;4;46;65;4.40;3;2;1;62;0;5428665;128;0
11;19;78;15;4;47;76;3.60;2;1;1;56;0;5428776;145;5427911
11;19;78;15;4;47;74;3.60;1;1;1;44;0;5428774;137;5427911
11;19;78;15;4;48;42;3.00;3;2;1;58;0;5428842;151;5427911
11;19;78;15;4;48;60;3.60;4;2;1;59;0;5428860;201;0
11;19;78;15;4;49;64;4.60;3;2;1;54;0;5428964;103;0
11;19;78;15;4;50;18;2.80;4;2;1;56;0;5429018;136;0
11;19;78;15;4;49;75;3.80;2;1;1;52;0;5428975;175;5427911
11;19;78;15;4;49;65;4.80;1;1;1;43;0;5428965;161;5427911
11;19;78;15;4;50;76;3.40;3;2;1;58;0;5429076;81;5428490
11;19;78;15;4;50;76;4.60;2;1;1;51;0;5429076;74;5427911
11;19;78;15;4;51;4;3.80;1;1;1;45;0;5429104;98;5427911
11;19;78;15;4;51;58;4.20;4;2;1;56;0;5429158;122;5427911
11;19;78;15;4;52;16;4.60;3;2;1;59;0;5429216;118;5428490
11;19;78;15;4;52;45;3.40;1;1;1;42;0;5429245;110;5428606
11;19;78;15;4;52;93;3.20;2;1;1;47;0;5429293;184;5427911
11;19;78;15;4;53;50;3.40;3;2;1;58;0;5429350;105;5428490
11;19;78;15;4;53;95;3.40;1;1;1;41;0;5429395;120;5428606
11;19;78;15;4;54;83;3.40;2;1;1;49;0;5429483;165;5427911
11;19;78;15;4;55;62;4.60;3;2;1;57;0;5429562;190;5428490
11;19;78;15;4;56;57;3.60;2;1;1;48;0;5429657;149;5427911
11;19;78;15;4;56;91;5.20;4;2;1;53;0;5429691;506;0
11;19;78;15;4;55;96;14.60;1;1;4;40;0;5429596;171;5428606
11;19;78;15;4;57;30;3.00;3;2;1;59;0;5429730;138;5428490
11;19;78;15;4;57;51;3.40;2;1;1;46;0;5429751;67;5427911
11;19;78;15;4;58;42;3.40;1;1;1;38;0;5429842;114;5428606
11;19;78;15;4;58;66;3.80;3;2;1;60;0;5429866;117;5428490
11;19;78;15;4;58;69;3.80;2;1;1;48;0;5429869;91;5427911
11;19;78;15;4;59;8;3.40;4;2;1;52;0;5429908;181;5427911
11;19;78;15;4;59;82;3.80;2;1;1;46;0;5429982;84;5427911
11;19;78;15;4;59;89;3.60;1;1;1;38;0;5429989;114;5428606
11;19;78;15;5;0;22;3.60;3;2;1;60;0;5430022;133;5428490
11;19;78;15;5;1;25;4.40;4;2;1;54;0;5430125;193;5428490
11;19;78;15;5;1;35;4.40;3;2;1;59;0;5430135;91;5428490
11;19;78;15;5;1;36;5.40;2;1;1;45;0;5430136;124;5427911
11;19;78;15;5;1;63;3.20;1;1;1;38;0;5430163;139;5428606
11;19;78;15;5;2;61;3.40;3;2;1;58;0;5430261;99;5428490
11;19;78;15;5;3;29;2.40;2;1;1;46;0;5430329;149;5427911
11;19;78;15;5;3;35;4.40;4;2;1;56;0;5430335;180;5427911
11;19;78;15;5;3;60;5.20;3;2;1;59;0;5430360;77;5428490
11;19;78;15;5;3;70;3.40;1;1;1;40;0;5430370;176;5428606
11;19;78;15;5;4;48;3.60;4;2;1;56;0;5430448;84;5429691
11;19;78;15;5;5;22;3.80;3;2;1;57;0;5430522;130;5428490
11;19;78;15;5;5;10;3.40;1;1;1;40;0;5430510;109;5428606
11;19;78;15;5;6;11;3.40;2;1;1;48;0;5430611;263;0
11;19;78;15;5;6;91;3.80;4;2;1;58;0;5430691;219;0
11;19;78;15;5;6;96;3.00;1;1;1;39;0;5430696;155;5428606
11;19;78;15;5;7;47;3.20;3;2;1;60;0;5430747;201;0
11;19;78;15;5;8;22;4.40;4;2;1;58;0;5430822;107;0
11;19;78;15;5;8;96;4.00;1;1;1;40;0;5430896;172;5428606
11;19;78;15;5;9;79;3.80;2;1;1;50;0;5430979;342;0
11;19;78;15;5;10;8;3.40;1;1;1;38;0;5431008;76;5428606
11;19;78;15;5;11;77;4.20;3;2;1;54;0;5431177;410;0
11;19;78;15;5;11;75;3.60;2;1;1;46;0;5431175;168;0
11;19;78;15;5;12;83;3.40;3;2;1;51;0;5431283;78;0
11;19;78;15;5;13;83;3.40;2;1;1;45;0;5431383;179;0
11;19;78;15;5;13;56;9.60;4;2;2;52;0;5431356;506;0
11;19;78;15;5;14;56;3.20;1;1;1;39;0;5431456;415;0
11;19;78;15;5;15;1;4.00;3;2;1;53;0;5431501;194;0
11;19;78;15;5;15;46;4.60;4;2;1;52;0;5431546;123;0
11;19;78;15;5;15;59;3.80;2;1;1;49;0;5431559;148;0
11;19;78;15;5;17;30;3.40;1;1;1;39;0;5431730;244;0
11;19;78;15;5;19;96;6.60;1;1;1;38;0;5431996;234;0
11;19;78;15;5;21;26;3.80;2;1;1;56;0;5432126;539;0
11;19;78;15;5;21;72;3.20;1;1;1;38;0;5432172;113;0
11;19;78;15;5;22;16;3.00;2;1;1;55;0;5432216;65;0
11;19;78;15;5;23;79;3.60;4;2;1;56;0;5432379;801;0
11;19;78;15;5;23;75;4.00;1;1;1;38;0;5432375;172;0
11;19;78;15;5;26;28;3.20;1;1;1;35;0;5432628;215;0
11;19;78;15;5;28;83;4.60;1;1;1;31;0;5432883;222;0
11;19;78;15;5;31;38;3.40;4;2;1;52;0;5433138;735;0
11;19;78;15;5;31;71;3.40;1;1;1;30;0;5433171;234;0
11;19;78;15;5;32;92;3.00;3;2;1;61;0;5433292;1763;0
11;19;78;15;5;33;64;3.60;1;1;1;29;0;5433364;152;0
11;19;78;15;5;36;9;3.60;3;2;1;59;0;5433609;299;0
11;19;78;15;5;37;86;4.20;3;2;1;60;0;5433786;155;0
11;19;78;15;5;40;86;3.60;4;2;1;58;0;5434086;924;0
11;19;78;15;5;41;26;3.60;3;2;1;64;0;5434126;314;0
11;19;78;15;5;42;39;3.40;3;2;1;61;0;5434239;92;0
11;19;78;15;5;46;7;5.00;4;2;1;52;0;5434607;498;0
11;19;78;15;5;47;62;3.80;4;2;1;50;0;5434762;120;0
11;19;78;15;5;48;45;5.00;3;2;1;60;0;5434845;585;0
11;19;78;15;5;49;11;3.20;4;2;1;51;0;5434911;121;0
11;19;78;15;5;50;87;3.60;4;2;1;52;0;5435087;153;0
11;19;78;15;5;52;51;3.60;4;2;1;53;0;5435251;139;5434607
11;19;78;15;5;54;72;3.80;4;2;1;59;0;5435472;196;5434607
11;19;78;15;5;57;75;3.40;4;2;1;58;0;5435775;279;0
11;19;78;15;5;58;8;4.00;1;1;1;60;0;5435808;2399;0
11;19;78;15;5;59;60;3.80;4;2;1;59;0;5435960;163;0
11;19;78;15;6;1;14;3.20;2;1;1;58;0;5436114;3878;0
11;19;78;15;6;1;30;3.80;1;1;1;61;0;5436130;298;0
11;19;78;15;6;1;86;3.60;2;1;1;55;0;5436186;52;0
11;19;78;15;6;2;75;3.00;1;1;1;61;0;5436275;122;0
11;19;78;15;6;3;49;3.40;2;1;1;58;0;5436349;139;0
11;19;78;15;6;4;54;3.20;1;1;1;61;0;5436454;161;0
11;19;78;15;6;5;50;3.80;3;2;1;66;0;5436550;1675;0
11;19;78;15;6;6;8;4.60;1;1;1;58;0;5436608;135;0
11;19;78;15;6;6;55;3.80;2;1;1;66;0;5436655;284;0
11;19;78;15;6;7;40;3.00;3;2;1;65;0;5436740;169;0
11;19;78;15;6;7;80;3.60;1;1;1;59;0;5436780;143;5436130
11;19;78;15;6;7;93;3.60;4;2;1;57;0;5436793;809;0
11;19;78;15;6;9;13;3.20;1;1;1;59;0;5436913;111;5436130
11;19;78;15;6;9;51;3.60;4;2;1;57;0;5436951;135;5436130
11;19;78;15;6;10;77;3.40;4;2;1;55;0;5437077;103;5436130
11;19;78;15;6;11;86;3.40;1;1;1;59;0;5437186;253;0
11;19;78;15;6;12;18;4.20;2;1;1;67;0;5437218;542;0
11;19;78;15;6;12;44;3.60;3;2;1;59;0;5437244;487;0
11;19;78;15;6;12;68;3.20;4;2;1;55;0;5437268;168;0
11;19;78;15;6;12;77;3.40;1;1;1;60;0;5437277;70;0
11;19;78;15;6;15;11;3.40;2;1;1;63;0;5437511;270;0
11;19;78;15;6;15;12;3.60;4;2;1;53;0;5437512;223;0
11;19;78;15;6;15;60;3.60;1;1;1;55;0;5437560;262;0
11;19;78;15;6;16;26;3.80;4;2;1;53;0;5437626;89;0
11;19;78;15;6;16;62;3.20;1;1;1;54;0;5437662;78;0
11;19;78;15;6;16;80;3.80;2;1;1;57;0;5437680;149;0
11;19;78;15;6;18;86;3.20;1;1;1;53;0;5437886;202;0
11;19;78;15;6;19;7;3.40;3;2;1;59;0;5437907;641;0
11;19;78;15;6;19;55;4.00;2;1;1;53;0;5437955;251;0
11;19;78;15;6;20;42;3.40;4;2;1;59;0;5438042;390;0
11;19;78;15;6;20;45;3.40;3;2;1;56;0;5438045;117;0
11;19;78;15;6;20;72;3.60;1;1;1;54;0;5438072;164;0
11;19;78;15;6;21;93;3.00;3;2;1;56;0;5438193;126;0
11;19;78;15;6;22;16;3.40;2;1;1;52;0;5438216;233;0
11;19;78;15;6;22;23;3.60;4;2;1;55;0;5438223;160;0
11;19;78;15;6;22;46;3.80;1;1;1;56;0;5438246;150;0
11;19;78;15;6;22;81;4.20;3;2;1;56;0;5438281;68;0
11;19;78;15;6;24;42;3.80;4;2;1;54;0;5438442;195;0
11;19;78;15;6;25;56;3.20;3;2;1;57;0;5438556;248;0
11;19;78;15;6;26;47;3.20;3;2;1;57;0;5438647;70;0
11;19;78;15;6;26;95;3.80;1;1;1;52;0;5438695;424;0
11;19;78;15;6;26;99;3.60;4;2;1;53;0;5438699;231;0
11;19;78;15;6;28;40;3.40;2;1;1;56;0;5438840;600;0
11;19;78;15;6;28;77;9.60;4;2;2;53;0;5438877;153;0
11;19;78;15;6;29;45;3.60;2;1;1;55;0;5438945;83;0
11;19;78;15;6;29;41;4.20;1;1;1;48;0;5438941;219;0
11;19;78;15;6;30;69;3.00;1;1;1;49;0;5439069;96;0
11;19;78;15;6;31;58;3.20;1;1;1;47;0;5439158;66;0
11;19;78;15;6;31;75;4.80;4;2;1;52;0;5439175;232;0
11;19;78;15;6;33;41;3.20;2;1;1;51;0;5439341;372;0
11;19;78;15;6;34;70;3.40;4;2;1;54;0;5439470;261;0
11;19;78;15;6;34;74;3.60;2;1;1;52;0;5439474;110;0
11;19;78;15;6;35;80;3.40;3;2;1;54;0;5439580;912;0
11;19;78;15;6;37;91;4.00;3;2;1;53;0;5439791;188;0
11;19;78;15;6;37;98;3.60;4;2;1;53;0;5439798;305;0
11;19;78;15;6;38;49;3.40;2;1;1;58;0;5439849;350;0
11;19;78;15;6;39;3;3.60;3;2;1;53;0;5439903;84;0
11;19;78;15;6;39;66;3.80;1;1;1;61;0;5439966;783;0
11;19;78;15;6;40;4;3.20;3;2;1;53;0;5440004;76;0
11;19;78;15;6;40;43;3.60;4;2;1;55;0;5440043;220;0
11;19;78;15;6;40;48;3.80;1;1;1;59;0;5440048;59;0
11;19;78;15;6;41;22;3.80;3;2;1;55;0;5440122;96;5439580
11;19;78;15;6;42;59;4.60;4;2;1;51;0;5440259;192;5439580
11;19;78;15;6;42;83;3.60;3;2;1;57;0;5440283;136;5439580
11;19;78;15;6;44;2;3.80;3;2;1;55;0;5440402;96;5439580
11;19;78;15;6;44;15;3.60;4;2;1;51;0;5440415;123;5439580
11;19;78;15;6;45;19;3.80;3;2;1;54;0;5440519;92;5439580
11;19;78;15;6;45;27;4.00;2;1;1;59;0;5440527;656;0
11;19;78;15;6;46;52;3.40;4;2;1;54;0;5440652;211;0
11;19;78;15;6;47;12;4.00;1;1;1;62;0;5440712;640;0
11;19;78;15;6;48;4;3.00;3;2;1;60;0;5440804;259;0
11;19;78;15;6;48;1;3.80;4;2;1;55;0;5440801;126;0
11;19;78;15;6;48;17;4.40;1;1;1;61;0;5440817;81;0
11;19;78;15;6;48;74;3.80;3;2;1;59;0;5440874;52;0
11;19;78;15;6;49;14;4.40;4;2;1;55;0;5440914;88;0
11;19;78;15;6;50;34;3.00;2;1;1;64;0;5441034;482;0
11;19;78;15;6;50;35;3.60;3;2;1;55;0;5441035;137;0
11;19;78;15;6;50;59;3.60;1;1;1;60;0;5441059;216;0
11;19;78;15;6;51;2;3.60;4;2;1;54;0;5441102;159;0
11;19;78;15;6;51;74;3.40;2;1;1;66;0;5441174;123;0
11;19;78;15;6;51;86;3.40;3;2;1;55;0;5441186;127;0
11;19;78;15;6;52;66;3.40;1;1;1;59;0;5441266;185;0
11;19;78;15;6;52;78;3.80;4;2;1;53;0;5441278;152;5440652
11;19;78;15;6;52;83;4.60;3;2;1;53;0;5441283;74;5440804
11;19;78;15;6;53;69;3.80;2;1;1;67;0;5441369;176;5440804
11;19;78;15;6;54;20;3.80;4;2;1;53;0;5441420;116;5440652
11;19;78;15;6;55;50;4.00;1;1;1;58;0;5441550;263;0
11;19;78;15;6;56;47;3.40;4;2;1;53;0;5441647;201;0
11;19;78;15;6;57;67;3.20;1;1;1;55;0;5441767;192;0
11;19;78;15;6;58;94;3.00;1;1;1;55;0;5441894;106;0
11;19;78;15;7;4;88;3.00;4;2;1;56;0;5442488;817;0
11;19;78;15;7;5;53;5.20;3;2;1;64;0;5442553;1238;0
11;19;78;15;7;9;27;3.40;4;2;1;52;0;5442927;419;0
11;19;78;15;7;9;55;4.80;3;2;1;57;0;5442955;372;0
11;19;78;15;7;15;64;3.60;4;2;1;57;0;5443564;613;0
11;19;78;15;7;20;53;5.20;3;2;1;60;0;5444053;1067;0
11;19;78;15;7;22;15;4.00;3;2;1;59;0;5444215;130;0
11;19;78;15;7;23;75;3.60;4;2;1;52;0;5444375;788;0
11;19;78;15;7;25;48;3.80;4;2;1;51;0;5444548;148;0
11;19;78;15;7;27;76;3.20;4;2;1;54;0;5444776;201;0
11;19;78;15;7;31;16;3.20;4;2;1;54;0;5445116;318;0
11;19;78;15;7;33;32;3.40;4;2;1;56;0;5445332;194;0
11;19;78;15;7;38;99;3.60;1;1;1;58;0;5445899;3985;0
11;19;78;15;7;43;35;3.20;1;1;1;64;0;5446335;413;0
11;19;78;15;7;45;18;3.60;3;2;1;65;0;5446518;2278;0
11;19;78;15;7;46;33;3.40;1;1;1;61;0;5446633;280;0
11;19;78;15;7;47;65;3.80;4;2;1;65;0;5446765;1411;0
11;19;78;15;7;47;47;3.60;1;1;1;60;0;5446747;93;0
11;19;78;15;7;48;45;8.00;1;1;6;58;0;5446845;76;0
11;19;78;15;7;49;22;4.40;3;2;1;62;0;5446922;384;0
11;19;78;15;7;51;13;3.80;2;1;1;56;0;5447113;5723;0
11;19;78;15;7;51;49;6.00;4;2;1;56;0;5447149;362;0
11;19;78;15;7;52;35;3.60;3;2;1;61;0;5447235;287;0
11;19;78;15;7;52;31;4.60;1;1;1;60;0;5447231;336;0
11;19;78;15;7;53;43;3.80;2;1;1;57;0;5447343;205;0
11;19;78;15;7;54;30;3.60;1;1;1;54;0;5447430;171;0
11;19;78;15;7;54;44;3.00;4;2;1;55;0;5447444;256;0
11;19;78;15;7;55;9;3.60;3;2;1;60;0;5447509;252;0
11;19;78;15;7;55;82;3.20;2;1;1;56;0;5447582;215;0
11;19;78;15;7;55;86;3.80;4;2;1;58;0;5447586;122;0
11;19;78;15;7;56;31;3.40;1;1;1;51;0;5447631;177;0
11;19;78;15;7;57;67;3.80;4;2;1;53;0;5447767;157;0
11;19;78;15;7;57;86;3.40;2;1;1;55;0;5447786;183;0
11;19;78;15;7;57;97;3.20;3;2;1;64;0;5447797;266;0
11;19;78;15;7;58;64;3.60;3;2;1;61;0;5447864;49;0
11;19;78;15;7;57;93;12.40;1;1;3;52;0;5447793;138;0
11;19;78;15;7;58;72;5.00;2;1;1;54;0;5447872;63;0
11;19;78;15;7;59;52;3.80;3;2;1;58;0;5447952;66;0
11;19;78;15;8;0;40;3.40;2;1;1;58;0;5448040;134;0
11;19;78;15;8;0;96;4.00;3;2;1;60;0;5448096;120;0
11;19;78;15;8;1;37;3.60;1;1;1;55;0;5448137;258;0
11;19;78;15;8;0;73;9.60;4;2;2;57;0;5448073;280;0
11;19;78;15;8;1;75;3.60;2;1;1;55;0;5448175;113;5447582
11;19;78;15;8;2;27;3.60;3;2;1;61;0;5448227;107;5447797
11;19;78;15;8;3;23;3.40;3;2;1;62;0;5448323;74;5447797
11;19;78;15;8;3;82;3.80;4;2;1;59;0;5448382;248;0
11;19;78;15;8;4;15;3.00;1;1;1;59;0;5448415;254;0
11;19;78;15;8;4;29;3.60;3;2;1;59;0;5448429;86;5447797
11;19;78;15;8;4;80;3.40;2;1;1;57;0;5448480;281;0
11;19;78;15;8;6;68;3.60;3;2;1;59;0;5448668;217;0
11;19;78;15;8;6;84;3.60;1;1;1;54;0;5448684;250;0
11;19;78;15;8;6;81;10.20;4;2;2;58;0;5448681;275;0
11;19;78;15;8;7;48;4.00;2;1;1;59;0;5448748;246;0
11;19;78;15;8;8;59;3.60;3;2;1;66;0;5448859;169;0
11;19;78;15;8;9;36;3.80;2;1;1;56;0;5448936;163;0
11;19;78;15;8;9;66;3.60;4;2;1;55;0;5448966;221;0
11;19;78;15;8;9;69;3.40;1;1;1;49;0;5448969;261;0
11;19;78;15;8;10;4;4.80;3;2;1;64;0;5449004;125;0
11;19;78;15;8;11;22;3.80;1;1;1;52;0;5449122;128;0
11;19;78;15;8;11;50;3.80;4;2;1;57;0;5449150;160;0
11;19;78;15;8;11;66;6.00;2;1;1;55;0;5449166;205;0
11;19;78;15;8;12;22;3.60;3;2;1;62;0;5449222;191;0
11;19;78;15;8;13;44;4.00;3;2;1;62;0;5449344;101;5448668
11;19;78;15;8;13;50;3.40;1;1;1;50;0;5449350;201;0
11;19;78;15;8;14;54;3.80;2;1;1;53;0;5449454;248;0
11;19;78;15;8;14;55;3.60;3;2;1;57;0;5449455;87;5448668
11;19;78;15;8;14;57;3.60;4;2;1;55;0;5449457;283;0
11;19;78;15;8;15;0;4.80;1;1;1;48;0;5449500;125;0
11;19;78;15;8;15;86;3.80;3;2;1;59;0;5449586;108;5448668
11;19;78;15;8;16;58;4.40;4;2;1;57;0;5449658;177;5448668
11;19;78;15;8;16;92;3.80;2;1;1;52;0;5449692;212;0
11;19;78;15;8;18;31;3.00;2;1;1;52;0;5449831;112;0
11;19;78;15;8;18;67;3.40;1;1;1;48;0;5449867;331;0
11;19;78;15;8;18;89;3.60;3;2;1;60;0;5449889;279;0
11;19;78;15;8;19;3;3.60;2;1;1;52;0;5449903;51;0
11;19;78;15;8;19;16;4.20;4;2;1;57;0;5449916;230;0
11;19;78;15;8;19;90;3.00;1;1;1;47;0;5449990;97;0
11;19;78;15;8;20;41;3.60;2;1;1;49;0;5450041;113;0
11;19;78;15;8;20;92;3.00;3;2;1;63;0;5450092;181;0
11;19;78;15;8;21;59;3.60;2;1;1;51;0;5450159;91;5449692
11;19;78;15;8;22;59;3.80;3;2;1;59;0;5450259;149;5449692
11;19;78;15;8;22;54;4.60;4;2;1;56;0;5450254;311;0
11;19;78;15;8;22;74;3.40;2;1;1;54;0;5450274;89;5449692
11;19;78;15;8;22;56;6.80;1;1;1;50;0;5450256;243;0
11;19;78;15;8;23;51;4.60;3;2;1;58;0;5450351;68;0
11;19;78;15;8;24;77;5.20;3;2;1;59;0;5450477;97;5449889
11;19;78;15;8;26;57;3.00;3;2;1;58;0;5450657;148;5449889
11;19;78;15;8;27;70;3.80;3;2;1;59;0;5450770;94;5449889
11;19;78;15;8;28;39;3.60;2;1;1;59;0;5450839;542;0
11;19;78;15;8;28;65;3.80;4;2;1;55;0;5450865;581;0
11;19;78;15;8;28;68;3.40;1;1;1;50;0;5450868;563;0
11;19;78;15;8;30;1;3.40;3;2;1;59;0;5451001;207;0
11;19;78;15;8;30;1;3.60;2;1;1;57;0;5451001;140;0
11;19;78;15;8;31;55;3.80;3;2;1;57;0;5451155;133;0
11;19;78;15;8;31;55;4.00;1;1;1;54;0;5451155;262;0
11;19;78;15;8;33;19;3.80;3;2;1;54;0;5451319;140;0
11;19;78;15;8;33;36;3.40;4;2;1;50;0;5451336;446;0
11;19;78;15;8;33;48;3.20;2;1;1;52;0;5451348;324;0
11;19;78;15;8;34;29;3.80;1;1;1;51;0;5451429;247;0
11;19;78;15;8;35;18;3.80;2;1;1;53;0;5451518;147;0
11;19;78;15;8;35;75;3.20;1;1;1;52;0;5451575;119;0
11;19;78;15;8;38;2;3.60;1;1;1;47;0;5451802;204;0
11;19;78;15;8;38;89;3.80;1;1;1;44;0;5451889;59;0
11;19;78;15;8;40;11;3.20;1;1;1;45;0;5452011;90;0
11;19;78;15;8;41;16;4.00;1;1;1;46;0;5452116;79;0
11;19;78;15;8;46;97;3.40;4;2;1;70;0;5452697;1336;0
11;19;78;15;8;53;93;3.60;4;2;1;66;0;5453393;678;0
11;19;78;15;8;54;8;3.40;3;2;1;60;0;5453408;2063;0
11;19;78;15;8;58;92;5.00;4;2;1;65;0;5453892;479;0
11;19;78;15;8;59;3;4.20;3;2;1;65;0;5453903;474;0
11;19;78;15;9;0;43;3.60;4;2;1;63;0;5454043;123;0
11;19;78;15;9;0;90;3.60;3;2;1;66;0;5454090;163;0
11;19;78;15;9;2;17;4.20;3;2;1;59;0;5454217;107;0
11;19;78;15;9;8;28;3.00;1;1;1;51;0;5454828;2680;0
11;19;78;15;9;13;42;3.80;3;2;1;59;0;5455342;1099;0
11;19;78;15;9;21;70;3.60;2;1;1;61;0;5456170;4626;0
11;19;78;15;9;23;0;3.40;3;2;1;67;0;5456300;934;0
11;19;78;15;9;23;48;4.00;4;2;1;65;0;5456348;2284;0
11;19;78;15;9;23;89;3.80;2;1;1;60;0;5456389;197;0
11;19;78;15;9;25;56;3.40;1;1;1;56;0;5456556;1706;0
11;19;78;15;9;27;37;4.00;3;2;1;77;0;5456737;418;0
11;19;78;15;9;28;93;3.20;4;2;1;62;0;5456893;522;0
11;19;78;15;9;28;1;15.00;2;1;4;50;0;5456801;389;0
11;19;78;15;9;29;88;3.40;1;1;1;51;0;5456988;410;0
11;19;78;15;9;30;65;4.80;1;1;1;54;0;5457065;53;0
11;19;78;15;9;31;33;3.60;2;1;1;58;0;5457133;224;0
11;19;78;15;9;31;97;6.00;3;2;1;64;0;5457197;441;0
11;19;78;15;9;32;98;3.00;4;2;1;57;0;5457298;386;0
11;19;78;15;9;32;66;5.00;2;1;1;57;0;5457266;110;0
11;19;78;15;9;34;6;5.00;2;1;1;53;0;5457406;108;0
11;19;78;15;9;34;22;4.00;1;1;1;62;0;5457422;325;0
11;19;78;15;9;35;30;4.00;1;1;1;58;0;5457530;84;0
11;19;78;15;9;36;35;3.40;2;1;1;58;0;5457635;195;0
11;19;78;15;9;36;76;3.40;1;1;1;57;0;5457676;121;0
11;19;78;15;9;38;58;3.80;2;1;1;55;0;5457858;201;0
11;19;78;15;9;38;85;3.20;3;2;1;55;0;5457885;654;0
11;19;78;15;9;39;24;4.00;1;1;1;53;0;5457924;226;0
11;19;78;15;9;39;60;3.20;4;2;1;66;0;5457960;643;0
11;19;78;15;9;39;60;4.40;2;1;1;55;0;5457960;77;0
11;19;78;15;9;40;72;3.60;2;1;1;54;0;5458072;83;0
11;19;78;15;9;40;76;3.80;4;2;1;61;0;5458076;98;0
11;19;78;15;9;41;67;5.20;3;2;1;68;0;5458167;261;0
11;19;78;15;9;42;0;4.20;2;1;1;51;0;5458200;104;0
11;19;78;15;9;43;1;3.60;3;2;1;69;0;5458301;106;0
11;19;78;15;9;43;13;3.80;2;1;1;50;0;5458313;83;5457858
11;19;78;15;9;43;93;3.80;3;2;1;65;0;5458393;73;5457858
11;19;78;15;9;44;44;3.60;1;1;1;44;0;5458444;492;0
11;19;78;15;9;44;94;3.80;2;1;1;51;0;5458494;153;5457858
11;19;78;15;9;45;45;3.80;3;2;1;66;0;5458545;130;5457858
11;19;78;15;9;46;27;3.60;1;1;1;49;0;5458627;153;5457858
11;19;78;15;9;46;37;5.20;4;2;1;53;0;5458637;538;0
11;19;78;15;9;47;24;4.20;3;2;1;62;0;5458724;158;5458167
11;19;78;15;9;47;68;3.40;4;2;1;53;0;5458768;95;5458167
11;19;78;15;9;48;12;3.40;1;1;1;46;0;5458812;158;5458167
11;19;78;15;9;48;89;4.40;2;1;1;53;0;5458889;368;0
11;19;78;15;9;49;13;3.20;4;2;1;49;0;5458913;121;0
11;19;78;15;9;49;58;3.80;1;1;1;47;0;5458958;119;0
11;19;78;15;9;50;17;3.60;3;2;1;60;0;5459017;268;0
11;19;78;15;9;51;9;3.80;1;1;1;50;0;5459109;121;5458444
11;19;78;15;9;51;39;2.80;4;2;1;55;0;5459139;202;0
11;19;78;15;9;52;57;3.60;3;2;1;57;0;5459257;218;0
11;19;78;15;9;52;91;3.40;1;1;1;46;0;5459291;154;5458444
11;19;78;15;9;53;70;10.40;4;2;2;50;0;5459370;212;0
11;19;78;15;9;54;18;3.40;3;2;1;57;0;5459418;138;0
11;19;78;15;9;54;77;3.60;1;1;1;48;0;5459477;159;5458444
11;19;78;15;9;55;37;3.40;3;2;1;55;0;5459537;97;5458444
11;19;78;15;9;55;76;4.00;2;1;1;57;0;5459576;657;0
11;19;78;15;9;56;73;3.40;1;1;1;46;0;5459673;169;5458444
11;19;78;15;9;56;98;3.60;3;2;1;57;0;5459698;138;5458444
11;19;78;15;9;57;55;3.60;4;2;1;52;0;5459755;310;0
11;19;78;15;9;57;58;3.60;1;1;1;44;0;5459758;58;5458444
11;19;78;15;9;58;77;3.00;4;2;1;52;0;5459877;97;5458444
11;19;78;15;9;58;86;3.60;3;2;1;56;0;5459886;165;5459257
11;19;78;15;10;0;25;3.60;4;2;1;52;0;5460025;127;5459257
11;19;78;15;10;0;47;3.60;1;1;1;48;0;5460047;259;0
11;19;78;15;10;0;53;3.40;3;2;1;54;0;5460053;143;5459257
11;19;78;15;10;2;51;3.60;1;1;1;49;0;5460251;177;5459257
11;19;78;15;10;3;4;3.20;3;2;1;55;0;5460304;228;0
11;19;78;15;10;3;29;4.40;2;1;1;58;0;5460329;727;0
11;19;78;15;10;3;60;3.00;1;1;1;50;0;5460360;82;0
11;19;78;15;10;3;58;3.60;4;2;1;56;0;5460358;308;0
11;19;78;15;10;5;23;3.40;3;2;1;57;0;5460523;198;0
11;19;78;15;10;5;25;3.20;1;1;1;46;0;5460525;143;0
11;19;78;15;10;6;35;3.80;1;1;1;45;0;5460635;84;5460047
11;19;78;15;10;6;90;3.40;3;2;1;57;0;5460690;145;5460047
11;19;78;15;10;7;92;3.20;3;2;1;59;0;5460792;80;5460047
11;19;78;15;10;7;40;12.60;4;2;3;50;0;5460740;358;0
11;19;78;15;10;9;66;4.00;3;2;1;56;0;5460966;154;5460304
11;19;78;15;10;9;78;3.80;4;2;1;51;0;5460978;147;5460304
11;19;78;15;10;9;90;3.80;1;1;1;54;0;5460990;324;0
11;19;78;15;10;10;93;3.60;3;2;1;60;0;5461093;101;5460304
11;19;78;15;10;11;4;3.20;2;1;1;63;0;5461104;747;0
11;19;78;15;10;11;27;3.60;1;1;1;55;0;5461127;111;0
11;19;78;15;10;11;56;3.60;4;2;1;51;0;5461156;151;0
11;19;78;15;10;12;27;4.40;3;2;1;56;0;5461227;112;5460304
11;19;78;15;10;13;6;3.80;1;1;1;55;0;5461306;155;5460304
11;19;78;15;10;13;12;3.60;4;2;1;48;0;5461312;130;5460304
11;19;78;15;10;15;33;3.60;1;1;1;51;0;5461533;202;0
11;19;78;15;10;15;57;3.40;3;2;1;50;0;5461557;301;0
11;19;78;15;10;16;17;3.60;4;2;1;48;0;5461617;278;0
11;19;78;15;10;17;5;4.60;1;1;1;52;0;5461705;146;0
11;19;78;15;10;16;81;8.40;3;2;2;50;0;5461681;99;0
11;19;78;15;10;17;29;3.80;2;1;1;63;0;5461729;606;0
11;19;78;15;10;17;56;4.00;4;2;1;46;0;5461756;112;0
11;19;78;15;10;18;90;3.60;3;2;1;51;0;5461890;148;0
11;19;78;15;10;19;7;3.20;2;1;1;58;0;5461907;156;0
11;19;78;15;10;19;31;5.40;1;1;1;48;0;5461931;194;0
11;19;78;15;10;20;17;3.60;4;2;1;46;0;5462017;229;0
11;19;78;15;10;20;40;4.00;3;2;1;53;0;5462040;124;0
11;19;78;15;10;20;65;3.60;1;1;1;51;0;5462065;93;0
11;19;78;15;10;22;33;3.60;4;2;1;47;0;5462233;187;0
11;19;78;15;10;22;88;3.40;2;1;1;56;0;5462288;361;0
11;19;78;15;10;23;49;11.40;1;1;7;51;0;5462349;258;0
11;19;78;15;10;27;16;5.80;4;2;1;55;0;5462716;455;0
11;19;78;15;10;30;58;2.80;3;2;1;56;0;5463058;990;0
11;19;78;15;10;31;74;3.80;4;2;1;61;0;5463174;420;0
11;19;78;15;10;37;46;3.80;3;2;1;65;0;5463746;670;0
11;19;78;15;10;37;48;3.60;4;2;1;55;0;5463748;551;0
11;19;78;15;10;38;12;3.60;1;1;1;53;0;5463812;1382;0
11;19;78;15;10;39;14;3.60;3;2;1;60;0;5463914;146;0
11;19;78;15;10;40;14;3.20;4;2;1;50;0;5464014;242;0
11;19;78;15;10;41;19;3.00;4;2;1;49;0;5464119;81;0
11;19;78;15;10;44;19;3.80;4;2;1;56;0;5464419;277;0
11;19;78;15;10;44;50;3.20;3;2;1;50;0;5464450;514;0
11;19;78;15;10;46;68;3.80;3;2;1;52;0;5464668;194;0
11;19;78;15;10;47;81;3.80;3;2;1;56;0;5464781;86;0
11;19;78;15;10;50;78;3.80;3;2;1;57;0;5465078;272;0
11;19;78;15;10;52;5;3.00;4;2;1;50;0;5465205;761;0
11;19;78;15;10;52;50;3.40;3;2;1;54;0;5465250;148;0
11;19;78;15;10;55;42;3.60;4;2;1;44;0;5465542;315;0
11;19;78;15;10;57;0;3.40;4;2;1;43;0;5465700;128;0
11;19;78;15;10;57;39;3.60;3;2;1;54;0;5465739;466;0
11;19;78;15;10;58;25;3.20;4;2;1;46;0;5465825;96;0
11;19;78;15;11;2;66;4.00;4;2;1;54;0;5466266;415;0
11;19;78;15;11;4;2;3.60;4;2;1;54;0;5466402;109;0
11;19;78;15;11;4;88;3.80;3;2;1;58;0;5466488;725;0
11;19;78;15;11;7;40;3.60;1;1;1;57;0;5466740;2903;0
11;19;78;15;11;8;99;3.20;3;2;1;63;0;5466899;387;0
11;19;78;15;11;9;23;3.80;1;1;1;59;0;5466923;160;0
11;19;78;15;11;10;45;3.80;4;2;1;51;0;5467045;619;0
11;19;78;15;11;11;64;3.60;1;1;1;57;0;5467164;217;0
11;19;78;15;11;11;87;3.80;3;2;1;57;0;5467187;269;0
11;19;78;15;11;12;86;3.60;3;2;1;59;0;5467286;75;0
11;19;78;15;11;13;1;3.40;4;2;1;50;0;5467301;229;0
11;19;78;15;11;14;23;3.80;4;2;1;53;0;5467423;97;0
11;19;78;15;11;15;32;3.40;3;2;1;60;0;5467532;224;0
11;19;78;15;11;17;48;3.20;3;2;1;59;0;5467748;195;0
11;19;78;15;11;17;53;3.60;1;1;1;59;0;5467753;566;0
11;19;78;15;11;17;66;4.80;2;1;1;59;0;5467766;5456;0
11;19;78;15;11;18;31;4.00;3;2;1;62;0;5467831;63;0
11;19;78;15;11;18;60;5.00;1;1;1;55;0;5467860;85;0
11;19;78;15;11;18;49;11.20;4;2;3;56;0;5467849;400;0
11;19;78;15;11;19;57;4.00;1;1;1;56;0;5467957;64;0
11;19;78;15;11;20;43;3.60;3;2;1;58;0;5468043;188;0
11;19;78;15;11;21;57;3.60;4;2;1;55;0;5468157;236;0
11;19;78;15;11;21;72;3.80;3;2;1;57;0;5468172;106;5467532
11;19;78;15;11;21;58;8.40;2;1;2;60;0;5468158;362;0
11;19;78;15;11;23;21;3.60;3;2;1;56;0;5468321;125;5467532
11;19;78;15;11;23;36;3.60;2;1;1;61;0;5468336;127;5467532
11;19;78;15;11;22;88;13.20;1;1;2;58;0;5468288;305;0
11;19;78;15;11;23;26;9.80;4;2;2;54;0;5468326;145;0
11;19;78;15;11;24;23;3.80;3;2;1;57;0;5468423;78;5467532
11;19;78;15;11;24;76;4.00;4;2;1;57;0;5468476;84;5467532
11;19;78;15;11;25;34;3.80;1;1;1;57;0;5468534;164;5467532
11;19;78;15;11;26;10;4.00;2;1;1;59;0;5468610;252;0
11;19;78;15;11;26;96;4.60;4;2;1;58;0;5468696;194;0
11;19;78;15;11;27;21;3.80;3;2;1;59;0;5468721;274;0
11;19;78;15;11;27;37;3.80;2;1;1;56;0;5468737;102;0
11;19;78;15;11;27;63;24.40;1;1;5;59;0;5468763;205;0
11;19;78;15;11;29;33;4.00;2;1;1;59;0;5468933;171;0
11;19;78;15;11;29;90;3.80;3;2;1;70;0;5468990;245;0
11;19;78;15;11;30;77;3.80;1;1;1;58;0;5469077;165;0
11;19;78;15;11;30;90;3.40;2;1;1;61;0;5469090;132;0
11;19;78;15;11;31;22;5.40;4;2;1;52;0;5469122;397;0
11;19;78;15;11;31;96;3.80;3;2;1;66;0;5469196;186;0
11;19;78;15;11;32;76;3.60;4;2;1;51;0;5469276;116;0
11;19;78;15;11;33;17;5.60;2;1;1;62;0;5469317;206;0
11;19;78;15;11;33;71;3.20;1;1;1;56;0;5469371;270;0
11;19;78;15;11;34;52;3.80;3;2;1;60;0;5469452;235;0
11;19;78;15;11;34;93;3.40;4;2;1;51;0;5469493;191;0
11;19;78;15;11;35;10;3.60;1;1;1;55;0;5469510;118;0
11;19;78;15;11;35;31;3.60;2;1;1;62;0;5469531;181;0
11;19;78;15;11;35;61;3.40;3;2;1;59;0;5469561;86;0
11;19;78;15;11;36;4;3.40;4;2;1;49;0;5469604;87;0
11;19;78;15;11;36;99;3.80;3;2;1;59;0;5469699;117;0
11;19;78;15;11;36;92;4.40;1;1;1;51;0;5469692;158;0
11;19;78;15;11;37;16;4.60;2;1;1;58;0;5469716;164;0
11;19;78;15;11;37;53;4.20;4;2;1;49;0;5469753;124;5469122
11;19;78;15;11;38;63;3.40;3;2;1;59;0;5469863;140;5469122
11;19;78;15;11;39;67;3.20;2;1;1;59;0;5469967;222;0
11;19;78;15;11;39;92;3.20;3;2;1;58;0;5469992;108;5469452
11;19;78;15;11;39;81;3.60;4;2;1;48;0;5469981;197;5469122
11;19;78;15;11;40;12;4.60;1;1;1;52;0;5470012;288;0
11;19;78;15;11;40;69;3.60;2;1;1;59;0;5470069;82;0
11;19;78;15;11;41;8;3.60;4;2;1;48;0;5470108;100;5469122
11;19;78;15;11;41;39;3.80;3;2;1;55;0;5470139;127;5469452
11;19;78;15;11;41;55;3.60;1;1;1;52;0;5470155;111;5469452
11;19;78;15;11;42;21;3.40;4;2;1;52;0;5470221;86;5469122
11;19;78;15;11;43;3;3.40;3;2;1;62;0;5470303;139;5469452
11;19;78;15;11;43;46;3.60;1;1;1;53;0;5470346;166;5469452
11;19;78;15;11;44;4;3.60;4;2;1;52;0;5470404;159;5469122
11;19;78;15;11;44;13;4.00;2;1;1;57;0;5470413;322;0
11;19;78;15;11;44;54;3.60;3;2;1;63;0;5470454;131;5469452
11;19;78;15;11;45;29;3.00;1;1;1;53;0;5470529;158;5469452
11;19;78;15;11;45;31;3.80;4;2;1;52;0;5470531;102;5469122
11;19;78;15;11;45;71;3.20;3;2;1;61;0;5470571;96;5469452
11;19;78;15;11;47;59;3.80;1;1;1;52;0;5470759;209;0
11;19;78;15;11;47;63;4.60;4;2;1;50;0;5470763;205;0
11;19;78;15;11;49;33;3.80;4;2;1;51;0;5470933;136;0
11;19;78;15;11;50;41;4.00;3;2;1;62;0;5471041;451;0
11;19;78;15;11;50;61;3.20;2;1;1;59;0;5471061;622;0
11;19;78;15;11;50;65;4.20;1;1;1;54;0;5471065;279;0
11;19;78;15;11;52;9;4.60;1;1;1;53;0;5471209;116;0
11;19;78;15;11;52;33;3.60;2;1;1;57;0;5471233;152;0
11;19;78;15;11;52;85;3.60;4;2;1;51;0;5471285;325;0
11;19;78;15;11;53;72;4.20;4;2;1;51;0;5471372;61;0
11;19;78;15;11;53;63;3.80;2;1;1;55;0;5471363;107;0
11;19;78;15;11;53;65;3.00;1;1;1;50;0;5471365;124;0
11;19;78;15;11;56;24;3.80;4;2;1;49;0;5471624;222;0
11;19;78;15;11;56;67;3.40;1;1;1;48;0;5471667;280;0
11;19;78;15;11;57;49;3.40;2;1;1;60;0;5471749;361;0
11;19;78;15;11;57;58;4.40;1;1;1;48;0;5471758;65;0
11;19;78;15;11;59;27;3.60;2;1;1;61;0;5471927;157;0
11;19;78;15;11;59;82;4.60;1;1;1;44;0;5471982;191;0
11;19;78;15;12;1;28;3.60;4;2;1;59;0;5472128;476;0
11;19;78;15;12;1;53;3.80;1;1;1;43;0;5472153;133;0
11;19;78;15;12;2;77;4.60;1;1;1;42;0;5472277;92;5471667
11;19;78;15;12;3;36;3.40;2;1;1;58;0;5472336;387;0
11;19;78;15;12;4;61;3.60;3;2;1;63;0;5472461;1396;0
11;19;78;15;12;5;59;3.40;4;2;1;55;0;5472559;409;0
11;19;78;15;12;6;0;3.60;3;2;1;61;0;5472600;118;0
11;19;78;15;12;7;3;3.80;1;1;1;43;0;5472703;386;0
11;19;78;15;12;8;85;3.40;1;1;1;45;0;5472885;150;0
11;19;78;15;12;10;40;3.60;3;2;1;58;0;5473040;418;0
11;19;78;15;12;10;13;4.80;1;1;1;42;0;5473013;100;0
11;19;78;15;12;11;19;3.60;4;2;1;57;0;5473119;537;0
11;19;78;15;12;11;97;4.00;3;2;1;65;0;5473197;134;0
11;19;78;15;12;16;48;3.20;1;1;1;50;0;5473648;593;0
11;19;78;15;12;17;28;3.40;2;1;1;56;0;5473728;1370;0
11;19;78;15;12;19;12;5.00;4;2;1;60;0;5473912;770;0
11;19;78;15;12;20;43;3.20;3;2;1;63;0;5474043;823;0
11;19;78;15;12;20;98;3.60;4;2;1;57;0;5474098;156;0
11;19;78;15;12;23;2;3.60;3;2;1;57;0;5474302;240;0
11;19;78;15;12;23;61;3.20;4;2;1;55;0;5474361;240;0
11;19;78;15;12;24;21;4.00;3;2;1;58;0;5474421;96;0
11;19;78;15;12;25;60;3.00;4;2;1;59;0;5474560;178;0
11;19;78;15;12;25;86;3.40;2;1;1;57;0;5474586;836;0
11;19;78;15;12;26;39;3.40;3;2;1;60;0;5474639;193;0
11;19;78;15;12;27;59;3.20;4;2;1;56;0;5474759;180;0
11;19;78;15;12;32;92;3.00;3;2;1;59;0;5475292;632;0
11;19;78;15;12;33;13;3.00;4;2;1;56;0;5475313;533;0
11;19;78;15;12;34;40;3.40;2;1;1;61;0;5475440;832;0
11;19;78;15;12;36;68;4.00;3;2;1;59;0;5475668;357;0
11;19;78;15;12;37;0;14.20;4;2;4;56;0;5475700;367;0
11;19;78;15;12;39;17;3.80;1;1;1;57;0;5475917;2245;0
11;19;78;15;12;41;21;3.40;4;2;1;52;0;5476121;329;0
11;19;78;15;12;45;23;3.20;4;2;1;53;0;5476523;378;0
11;19;78;15;12;45;44;5.40;3;2;1;61;0;5476544;851;0
11;19;78;15;12;52;47;3.80;4;2;1;55;0;5477247;702;0
11;19;78;15;12;52;92;11.80;3;2;7;51;0;5477292;716;0
11;19;78;15;12;54;9;3.60;4;2;1;54;0;5477409;137;0
11;19;78;15;12;54;81;3.40;3;2;1;52;0;5477481;105;0
11;19;78;15;12;56;14;3.60;3;2;1;52;0;5477614;109;0
11;19;78;15;12;56;5;5.00;4;2;1;54;0;5477605;172;0
11;19;78;15;12;56;98;3.20;1;1;1;62;0;5477698;1757;0
11;19;78;15;12;58;86;6.40;3;2;1;61;0;5477886;247;0
11;19;78;15;13;0;9;3.40;4;2;1;53;0;5478009;370;0
11;19;78;15;13;0;92;3.60;3;2;1;61;0;5478092;168;0
11;19;78;15;13;1;82;3.80;4;2;1;49;0;5478182;149;0
11;19;78;15;13;3;54;3.60;4;2;1;47;0;5478354;144;0
11;19;78;15;13;3;82;4.00;2;1;1;58;0;5478382;2921;0
11;19;78;15;13;3;91;3.20;1;1;1;57;0;5478391;674;0
11;19;78;15;13;4;85;3.80;1;1;1;56;0;5478485;73;0
11;19;78;15;13;5;56;3.40;2;1;1;54;0;5478556;149;0
11;19;78;15;13;5;76;3.80;3;2;1;59;0;5478576;462;0
11;19;78;15;13;5;72;3.60;4;2;1;48;0;5478572;190;0
11;19;78;15;13;8;26;3.60;2;1;1;52;0;5478826;247;0
11;19;78;15;13;8;86;3.80;3;2;1;56;0;5478886;286;0
11;19;78;15;13;7;63;2.00;4;1;1;11;0;5478763;-2;0
11;19;78;15;13;9;46;3.60;1;1;1;55;0;5478946;436;0
11;19;78;15;13;10;34;3.80;2;1;1;56;0;5479034;183;0
11;19;78;15;13;10;0;2.20;4;1;1;25;0;5479000;171;0
11;19;78;15;13;10;64;3.60;1;1;1;54;0;5479064;94;0
11;19;78;15;13;10;91;3.00;3;2;1;57;0;5479091;180;0
11;19;78;15;13;11;30;2.40;4;1;1;33;0;5479130;98;0
11;19;78;15;13;11;70;3.60;2;1;1;55;0;5479170;111;0
11;19;78;15;13;11;79;3.80;1;1;1;54;0;5479179;91;0
11;19;78;15;13;12;55;3.80;3;2;1;57;0;5479255;145;0
11;19;78;15;13;13;39;3.40;4;2;1;43;0;5479339;740;0
11;19;78;15;13;13;88;3.00;2;1;1;56;0;5479388;194;0
11;19;78;15;13;14;68;3.60;3;2;1;55;0;5479468;189;0
11;19;78;15;13;14;98;3.60;4;2;1;42;0;5479498;130;0
11;19;78;15;13;15;12;5.20;1;1;1;55;0;5479512;307;0
11;19;78;15;13;15;88;4.40;3;2;1;54;0;5479588;96;5478886
11;19;78;15;13;16;6;4.40;4;2;1;41;0;5479606;77;5478886
11;19;78;15;13;16;48;3.80;1;1;1;55;0;5479648;101;5478886
11;19;78;15;13;17;3;3.80;2;1;1;54;0;5479703;295;0
11;19;78;15;13;17;9;3.60;3;2;1;51;0;5479709;91;5478886
11;19;78;15;13;16;96;3.40;4;2;1;38;0;5479696;51;5478886
11;19;78;15;13;18;22;3.80;1;1;1;57;0;5479822;149;5478886
11;19;78;15;13;18;38;3.60;3;2;1;52;0;5479838;103;5478886
11;19;78;15;13;18;22;3.60;4;2;1;37;0;5479822;93;5479339
11;19;78;15;13;19;48;3.60;1;1;1;54;0;5479948;102;5479339
11;19;78;15;13;19;90;4.40;4;2;1;40;0;5479990;132;5479339
11;19;78;15;13;20;35;3.40;3;2;1;53;0;5480035;172;5478886
11;19;78;15;13;20;53;3.40;2;1;1;54;0;5480053;324;0
11;19;78;15;13;21;41;3.60;3;2;1;53;0;5480141;82;5478886
11;19;78;15;13;21;23;3.00;4;2;1;38;0;5480123;93;5479339
11;19;78;15;13;22;18;4.00;2;1;1;54;0;5480218;142;5479339
11;19;78;15;13;22;44;3.60;1;1;1;55;0;5480244;272;0
11;19;78;15;13;22;86;3.40;4;2;1;38;0;5480286;134;5479339
11;19;78;15;13;23;80;3.80;4;2;1;39;0;5480380;61;5479339
11;19;78;15;13;24;70;9.40;3;2;2;50;0;5480470;304;0
11;19;78;15;13;25;21;4.00;2;1;1;56;0;5480521;276;0
11;19;78;15;13;25;33;4.00;4;2;1;36;0;5480533;117;5479339
11;19;78;15;13;26;32;4.00;3;2;1;49;0;5480632;94;5479339
11;19;78;15;13;26;46;5.00;2;1;1;55;0;5480646;99;5479339
11;19;78;15;13;28;11;3.60;4;2;1;41;0;5480811;238;0
11;19;78;15;13;28;81;3.60;3;2;1;49;0;5480881;219;0
11;19;78;15;13;28;82;7.40;2;1;2;58;0;5480882;203;0
11;19;78;15;13;29;97;3.00;2;1;1;57;0;5480997;69;0
11;19;78;15;13;30;1;3.60;3;2;1;46;0;5481001;93;0
11;19;78;15;13;30;87;3.40;3;2;1;42;0;5481087;57;0
11;19;78;15;13;31;12;8.60;2;1;2;59;0;5481112;96;0
11;19;78;15;13;32;44;3.60;1;1;1;45;0;5481244;976;0
11;19;78;15;13;32;73;5.00;4;2;1;40;0;5481273;430;0
11;19;78;15;13;33;49;3.20;3;2;1;41;0;5481349;232;0
11;19;78;15;13;33;57;3.80;1;1;1;45;0;5481357;84;0
11;19;78;15;13;33;94;3.00;2;1;1;56;0;5481394;229;0
11;19;78;15;13;34;39;3.60;4;2;1;38;0;5481439;121;0
11;19;78;15;13;34;65;3.20;1;1;1;44;0;5481465;77;0
11;19;78;15;13;35;8;3.80;3;2;1;43;0;5481508;130;0
11;19;78;15;13;35;41;3.60;2;1;1;53;0;5481541;127;0
11;19;78;15;13;35;45;4.40;1;1;1;44;0;5481545;53;0
11;19;78;15;13;35;93;5.00;4;2;1;42;0;5481593;119;0
11;19;78;15;13;36;77;6.20;2;1;1;50;0;5481677;111;0
11;19;78;15;13;37;81;4.80;1;1;1;47;0;5481781;200;0
11;19;78;15;13;38;5;13.00;2;1;7;49;0;5481805;83;0
11;19;78;15;13;40;92;3.60;2;1;1;47;0;5482092;191;5481394
11;19;78;15;13;41;86;3.80;1;1;1;51;0;5482186;368;0
11;19;78;15;13;41;79;4.60;2;1;1;45;0;5482179;59;5481394
11;19;78;15;13;43;3;3.40;2;1;1;44;0;5482303;87;5481394
11;19;78;15;13;43;13;3.80;1;1;1;54;0;5482313;100;5481394
11;19;78;15;13;44;17;4.60;2;1;1;45;0;5482417;86;5481394
11;19;78;15;13;45;1;3.20;4;2;1;56;0;5482501;865;0
11;19;78;15;13;45;61;4.60;1;1;1;61;0;5482561;222;0
11;19;78;15;13;48;31;4.40;2;1;1;57;0;5482831;377;0
11;19;78;15;13;47;97;14.40;1;1;4;49;0;5482797;208;0
11;19;78;15;13;50;89;12.80;1;1;3;47;0;5483089;186;0
11;19;78;15;13;53;20;3.60;1;1;1;49;0;5483320;132;0
11;19;78;15;13;54;41;5.00;4;2;1;53;0;5483441;919;0
11;19;78;15;13;54;51;3.60;1;1;1;47;0;5483451;104;0
11;19;78;15;13;54;70;4.00;3;2;1;59;0;5483470;1930;0
11;19;78;15;13;55;96;3.60;3;2;1;57;0;5483596;101;0
11;19;78;15;13;57;8;3.80;3;2;1;56;0;5483708;89;0
11;19;78;15;13;57;33;4.00;1;1;1;43;0;5483733;254;0
11;19;78;15;13;57;79;3.40;4;2;1;57;0;5483779;304;0
11;19;78;15;13;59;18;3.20;1;1;1;42;0;5483918;151;0
11;19;78;15;14;2;75;3.60;3;2;1;62;0;5484275;542;0
11;19;78;15;14;3;52;3.60;4;2;1;56;0;5484352;551;0
11;19;78;15;14;4;94;3.40;4;2;1;56;0;5484494;118;0
11;19;78;15;14;5;3;4.20;3;2;1;60;0;5484503;207;0
11;19;78;15;14;6;22;3.80;3;2;1;58;0;5484622;93;0
11;19;78;15;14;6;85;6.20;4;2;1;56;0;5484685;169;0
11;19;78;15;14;7;70;3.80;3;2;1;54;0;5484770;124;0
11;19;78;15;14;9;40;3.80;4;2;1;55;0;5484940;215;0
11;19;78;15;14;12;95;3.60;4;2;1;51;0;5485295;330;0
11;19;78;15;14;13;31;4.00;2;1;1;59;0;5485331;2472;0
11;19;78;15;14;16;51;3.20;4;2;1;49;0;5485651;330;0
11;19;78;15;14;18;78;3.20;4;2;1;48;0;5485878;203;0
11;19;78;15;14;19;47;5.20;3;2;1;64;0;5485947;1151;0
11;19;78;15;14;19;73;4.00;2;1;1;58;0;5485973;617;0
11;19;78;15;14;19;95;4.00;4;2;1;47;0;5485995;93;0
11;19;78;15;14;20;98;3.40;4;2;1;46;0;5486098;72;0
11;19;78;15;14;22;37;3.60;3;2;1;62;0;5486237;260;0
11;19;78;15;14;24;63;5.40;4;2;1;52;0;5486463;338;0
11;19;78;15;14;29;78;3.60;4;2;1;56;0;5486978;477;0
11;19;78;15;14;30;12;3.40;3;2;1;63;0;5487012;754;0
11;19;78;15;14;30;80;7.20;4;2;1;58;0;5487080;78;0
11;19;78;15;14;31;15;4.00;1;1;1;59;0;5487115;3169;0
11;19;78;15;14;33;76;12.60;4;2;3;54;0;5487376;251;0
11;19;78;15;14;34;81;3.60;2;1;1;63;0;5487481;1483;0
11;19;78;15;14;34;73;5.00;3;2;1;64;0;5487473;441;0
11;19;78;15;14;35;51;3.60;1;1;1;59;0;5487551;411;0
11;19;78;15;14;36;15;3.60;2;1;1;65;0;5487615;113;0
11;19;78;15;14;36;88;3.40;4;2;1;54;0;5487688;228;0
11;19;78;15;14;37;88;3.60;2;1;1;64;0;5487788;153;0
11;19;78;15;14;39;34;3.60;1;1;1;58;0;5487934;361;0
11;19;78;15;14;39;47;3.20;4;2;1;54;0;5487947;236;0
11;19;78;15;14;39;38;3.80;3;2;1;54;0;5487938;436;0
11;19;78;15;14;40;72;3.80;3;2;1;53;0;5488072;108;0
11;19;78;15;14;40;78;3.20;4;2;1;53;0;5488078;109;0
11;19;78;15;14;41;51;3.80;1;1;1;58;0;5488151;194;0
11;19;78;15;14;42;2;5.20;3;2;1;50;0;5488202;104;0
11;19;78;15;14;43;50;3.20;3;2;1;51;0;5488350;110;0
11;19;78;15;14;43;75;3.80;1;1;1;58;0;5488375;200;0
11;19;78;15;14;43;77;3.80;4;2;1;53;0;5488377;277;0
11;19;78;15;14;44;37;3.40;2;1;1;59;0;5488437;628;0
11;19;78;15;14;45;31;3.60;4;2;1;51;0;5488531;128;0
11;19;78;15;14;45;90;4.00;3;2;1;50;0;5488590;217;0
11;19;78;15;14;46;41;3.60;1;1;1;54;0;5488641;242;0
11;19;78;15;14;46;48;3.60;4;2;1;51;0;5488648;91;0
11;19;78;15;14;46;80;3.60;3;2;1;51;0;5488680;61;0
11;19;78;15;14;47;65;3.60;4;2;1;51;0;5488765;91;0
11;19;78;15;14;47;87;4.60;1;1;1;56;0;5488787;122;0
11;19;78;15;14;49;53;3.40;3;2;1;51;0;5488953;247;0
11;19;78;15;14;49;60;3.20;2;1;1;52;0;5488960;502;0
11;19;78;15;14;49;77;3.40;1;1;1;57;0;5488977;160;0
11;19;78;15;14;50;2;3.80;4;2;1;49;0;5489002;211;0
11;19;78;15;14;50;78;3.20;2;1;1;53;0;5489078;95;0
11;19;78;15;14;50;85;3.20;3;2;1;51;0;5489085;108;0
11;19;78;15;14;51;29;3.40;4;2;1;49;0;5489129;99;0
11;19;78;15;14;52;14;3.80;3;2;1;51;0;5489214;106;0
11;19;78;15;14;52;69;7.20;1;1;1;52;0;5489269;270;0
11;19;78;15;14;53;37;3.00;2;1;1;55;0;5489337;237;0
11;19;78;15;14;53;87;3.80;3;2;1;49;0;5489387;146;0
11;19;78;15;14;54;30;3.40;1;1;1;52;0;5489430;111;0
11;19;78;15;14;54;25;8.60;4;2;2;48;0;5489425;271;0
11;19;78;15;14;55;34;3.60;3;2;1;47;0;5489534;119;5488953
11;19;78;15;14;56;75;3.80;1;1;1;53;0;5489675;221;0
11;19;78;15;14;56;84;3.80;2;1;1;54;0;5489684;327;0
11;19;78;15;14;56;99;4.00;3;2;1;49;0;5489699;137;5488953
11;19;78;15;14;58;25;3.80;3;2;1;49;0;5489825;96;5488953
11;19;78;15;14;58;93;3.20;2;1;1;54;0;5489893;183;5488953
11;19;78;15;14;59;40;3.40;3;2;1;49;0;5489940;87;5488953
11;19;78;15;15;0;7;3.60;2;1;1;52;0;5490007;92;5488953
11;19;78;15;14;59;32;19.60;4;2;5;48;0;5489932;442;0
11;19;78;15;15;0;68;3.80;1;1;1;49;0;5490068;367;0
11;19;78;15;15;0;84;3.60;3;2;1;48;0;5490084;119;5488953
11;19;78;15;15;1;66;3.60;2;1;1;52;0;5490166;134;5488953
11;19;78;15;15;1;91;3.20;1;1;1;49;0;5490191;95;5488953
11;19;78;15;15;2;8;3.60;3;2;1;51;0;5490208;97;5488953
11;19;78;15;15;2;19;3.60;4;2;1;46;0;5490219;140;5488953
11;19;78;15;15;3;19;3.60;3;2;1;51;0;5490319;85;5488953
11;19;78;15;15;3;23;4.40;1;1;1;49;0;5490323;108;5488953
11;19;78;15;15;4;4;3.80;2;1;1;52;0;5490404;213;0
11;19;78;15;15;4;23;3.40;4;2;1;43;0;5490423;175;0
11;19;78;15;15;4;36;3.60;3;2;1;52;0;5490436;91;5488953
11;19;78;15;15;5;81;2.80;4;2;1;47;0;5490581;129;5488953
11;19;78;15;15;6;16;3.80;3;2;1;50;0;5490616;155;5488953
11;19;78;15;15;7;57;3.60;4;2;1;48;0;5490757;154;5489932
11;19;78;15;15;8;0;3.80;3;2;1;51;0;5490800;156;5488953
11;19;78;15;15;8;47;5.00;1;1;1;56;0;5490847;491;0
11;19;78;15;15;9;6;3.60;4;2;1;45;0;5490906;122;5489932
11;19;78;15;15;9;50;4.20;3;2;1;49;0;5490950;123;5488953
11;19;78;15;15;10;95;3.20;3;2;1;50;0;5491095;114;5488953
11;19;78;15;15;11;11;3.00;1;1;1;56;0;5491111;231;0
11;19;78;15;15;11;48;3.80;4;2;1;43;0;5491148;213;0
11;19;78;15;15;12;91;2.80;4;2;1;45;0;5491291;111;0
11;19;78;15;15;13;74;3.80;1;1;1;57;0;5491374;243;0
11;19;78;15;15;13;98;3.80;2;1;1;55;0;5491398;967;0
11;19;78;15;15;13;93;4.40;3;2;1;51;0;5491393;274;0
11;19;78;15;15;14;83;3.20;4;2;1;45;0;5491483;169;0
11;19;78;15;15;14;93;4.00;2;1;1;55;0;5491493;70;0
11;19;78;15;15;16;14;3.60;1;1;1;55;0;5491614;216;0
11;19;78;15;15;16;54;3.80;4;2;1;46;0;5491654;145;0
11;19;78;15;15;17;25;3.60;1;1;1;50;0;5491725;87;0
11;19;78;15;15;17;29;5.00;2;1;1;57;0;5491729;209;0
11;19;78;15;15;18;5;3.60;4;2;1;47;0;5491805;121;5491148
11;19;78;15;15;18;26;3.60;1;1;1;49;0;5491826;75;5491148
11;19;78;15;15;19;48;3.80;2;1;1;58;0;5491948;187;5491148
11;19;78;15;15;20;95;2.80;2;1;1;57;0;5492095;123;5491148
11;19;78;15;15;22;65;3.80;1;1;1;61;0;5492265;412;0
11;19;78;15;15;23;90;3.80;2;1;1;54;0;5492390;277;0
11;19;78;15;15;24;36;3.20;1;1;1;60;0;5492436;148;0
11;19;78;15;15;25;74;3.20;2;1;1;52;0;5492574;158;0
11;19;78;15;15;26;57;5.20;1;1;1;59;0;5492657;201;0
11;19;78;15;15;26;83;3.40;2;1;1;51;0;5492683;86;0
11;19;78;15;15;29;8;3.40;1;1;1;55;0;5492908;219;0
11;19;78;15;15;30;36;2.80;3;2;1;55;0;5493036;1611;0
11;19;78;15;15;32;49;3.40;2;1;1;51;0;5493249;542;0
11;19;78;15;15;33;96;3.60;3;2;1;60;0;5493396;341;0
11;19;78;15;15;37;0;4.00;4;2;1;47;0;5493700;1867;0
11;19;78;15;15;38;64;3.80;1;1;1;60;0;5493864;933;0
11;19;78;15;15;38;52;3.60;4;2;1;45;0;5493852;121;0
11;19;78;15;15;39;29;3.60;3;2;1;56;0;5493929;511;0
11;19;78;15;15;42;32;3.80;4;2;1;51;0;5494232;351;0
11;19;78;15;15;42;43;3.40;3;2;1;53;0;5494243;290;0
11;19;78;15;15;43;37;3.60;3;2;1;54;0;5494337;70;0
11;19;78;15;15;44;2;3.80;4;2;1;52;0;5494402;143;0
11;19;78;15;15;44;54;3.60;3;2;1;55;0;5494454;93;0
11;19;78;15;15;45;47;4.00;3;2;1;55;0;5494547;69;0
11;19;78;15;15;47;37;3.40;3;2;1;57;0;5494737;163;5494243
11;19;78;15;15;47;54;3.40;4;2;1;55;0;5494754;325;0
11;19;78;15;15;49;35;3.40;4;2;1;54;0;5494935;158;0
11;19;78;15;15;50;47;3.80;4;2;1;53;0;5495047;89;0
11;19;78;15;15;52;46;3.80;4;2;1;56;0;5495246;173;0
11;19;78;15;15;53;69;4.00;3;2;1;58;0;5495369;610;0
11;19;78;15;15;57;6;3.00;4;2;1;51;0;5495706;435;0
11;19;78;15;16;2;81;3.80;3;2;1;56;0;5496281;887;0
11;19;78;15;16;2;86;3.40;4;2;1;43;0;5496286;558;0
11;19;78;15;16;6;36;3.40;4;2;1;57;0;5496636;321;0
11;19;78;15;16;8;13;4.00;3;2;1;57;0;5496813;507;0
11;19;78;15;16;10;20;5.40;4;2;1;52;0;5497020;362;0
11;19;78;15;16;11;53;3.20;4;2;1;52;0;5497153;95;0
11;19;78;15;16;13;56;3.40;3;2;1;57;0;5497356;517;0
11;19;78;15;16;13;73;3.40;4;2;1;53;0;5497373;197;0
11;19;78;15;16;14;22;3.20;1;1;1;48;0;5497422;3535;0
11;19;78;15;16;15;38;3.80;4;2;1;58;0;5497538;141;0
11;19;78;15;16;15;50;6.00;3;2;1;56;0;5497550;172;0
11;19;78;15;16;17;4;3.40;3;2;1;56;0;5497704;115;0
11;19;78;15;16;17;77;3.40;2;1;1;52;0;5497777;4504;0
11;19;78;15;16;18;26;4.40;3;2;1;50;0;5497826;100;0
11;19;78;15;16;19;72;3.80;3;2;1;46;0;5497972;114;5497356
11;19;78;15;16;20;78;3.60;3;2;1;47;0;5498078;76;5497356
11;19;78;15;16;21;22;3.40;4;2;1;51;0;5498122;560;0
11;19;78;15;16;22;8;3.60;3;2;1;47;0;5498208;102;5497356
11;19;78;15;16;22;67;4.00;2;1;1;60;0;5498267;466;0
11;19;78;15;16;22;85;3.60;4;2;1;49;0;5498285;139;0
11;19;78;15;16;25;37;4.00;4;2;1;48;0;5498537;225;0
11;19;78;15;16;25;38;5.00;1;1;1;55;0;5498538;1092;0
11;19;78;15;16;25;97;3.60;3;2;1;44;0;5498597;361;0
11;19;78;15;16;26;44;3.40;4;2;1;46;0;5498644;77;0
11;19;78;15;16;27;28;3.80;3;2;1;45;0;5498728;101;0
11;19;78;15;16;27;47;5.00;2;1;1;53;0;5498747;456;0
11;19;78;15;16;27;67;4.00;4;2;1;44;0;5498767;96;0
11;19;78;15;16;27;84;3.60;1;1;1;54;0;5498784;213;0
11;19;78;15;16;28;35;3.40;3;2;1;47;0;5498835;76;0
11;19;78;15;16;28;54;3.80;2;1;1;52;0;5498854;73;0
11;19;78;15;16;29;57;3.40;2;1;1;54;0;5498957;76;0
11;19;78;15;16;29;65;4.00;1;1;1;55;0;5498965;157;0
11;19;78;15;16;30;70;3.60;4;2;1;46;0;5499070;270;0
11;19;78;15;16;30;98;5.00;1;1;1;54;0;5499098;106;0
11;19;78;15;16;31;84;3.40;4;2;1;45;0;5499184;85;0
11;19;78;15;16;32;21;3.60;1;1;1;52;0;5499221;89;0
11;19;78;15;16;32;26;4.60;2;1;1;56;0;5499226;246;0
11;19;78;15;16;32;49;3.80;3;2;1;54;0;5499249;387;0
11;19;78;15;16;32;91;3.60;4;2;1;41;0;5499291;79;0
11;19;78;15;16;34;25;3.40;2;1;1;58;0;5499425;169;0
11;19;78;15;16;34;86;3.40;1;1;1;54;0;5499486;240;0
11;19;78;15;16;35;15;3.20;3;2;1;53;0;5499515;240;0
11;19;78;15;16;35;0;4.20;4;2;1;41;0;5499500;177;0
11;19;78;15;16;35;97;3.40;4;2;1;38;0;5499597;60;5499070
11;19;78;15;16;36;51;3.20;1;1;1;54;0;5499651;142;5499070
11;19;78;15;16;37;23;4.20;2;1;1;58;0;5499723;276;0
11;19;78;15;16;37;56;3.40;3;2;1;51;0;5499756;219;0
11;19;78;15;16;37;64;3.80;4;2;1;34;0;5499764;134;5499070
11;19;78;15;16;38;87;3.80;2;1;1;56;0;5499887;137;5499070
11;19;78;15;16;40;5;4.60;3;2;1;49;0;5500005;225;0
11;19;78;15;16;40;37;4.80;1;1;1;52;0;5500037;364;0
11;19;78;15;16;40;75;3.60;2;1;1;52;0;5500075;163;0
11;19;78;15;16;38;98;23.80;4;2;5;36;0;5499898;93;5499070
11;19;78;15;16;41;70;4.20;3;2;1;47;0;5500170;131;5499070
11;19;78;15;16;41;80;4.40;1;1;1;53;0;5500180;109;5499070
11;19;78;15;16;42;2;3.60;2;1;1;51;0;5500202;102;5499070
11;19;78;15;16;42;17;7.60;4;2;6;34;0;5500217;81;5499070
11;19;78;15;16;43;33;3.60;3;2;1;46;0;5500333;130;5499070
11;19;78;15;16;43;57;4.20;2;1;1;51;0;5500357;129;5499723
11;19;78;15;16;44;87;3.40;1;1;1;53;0;5500487;277;0
11;19;78;15;16;45;19;3.00;4;2;1;31;0;5500519;221;0
11;19;78;15;16;45;78;3.80;1;1;1;49;0;5500578;67;0
11;19;78;15;16;48;10;4.00;4;2;1;31;0;5500810;256;0
11;19;78;15;16;49;15;3.60;3;2;1;48;0;5500915;553;0
11;19;78;15;16;49;30;4.00;1;1;1;45;0;5500930;324;0
11;19;78;15;16;50;4;3.80;4;2;1;31;0;5501004;147;0
11;19;78;15;16;50;66;3.60;2;1;1;56;0;5501066;679;0
11;19;78;15;16;50;83;3.80;1;1;1;47;0;5501083;121;0
11;19;78;15;16;50;90;3.60;3;2;1;46;0;5501090;148;0
11;19;78;15;16;51;88;3.40;1;1;1;49;0;5501188;75;0
11;19;78;15;16;52;24;3.20;2;1;1;51;0;5501224;134;0
11;19;78;15;16;53;36;3.60;1;1;1;50;0;5501336;123;0
11;19;78;15;16;53;48;5.80;3;2;1;42;0;5501348;229;0
11;19;78;15;16;54;91;3.40;2;1;1;54;0;5501491;244;0
11;19;78;15;16;54;78;3.60;3;2;1;43;0;5501478;80;0
11;19;78;15;16;54;55;3.80;4;2;1;30;0;5501455;406;0
11;19;78;15;16;56;29;3.40;3;2;1;42;0;5501629;120;0
11;19;78;15;16;56;98;3.40;4;2;1;30;0;5501698;197;0
11;19;78;15;16;58;56;3.60;1;1;1;46;0;5501856;494;0
11;19;78;15;16;59;98;3.20;4;2;1;35;0;5501998;259;0
11;19;78;15;17;0;85;4.00;2;1;1;57;0;5502085;571;0
11;19;78;15;17;0;87;3.80;1;1;1;45;0;5502087;202;0
11;19;78;15;17;2;23;3.80;1;1;1;45;0;5502223;105;0
11;19;78;15;17;3;52;3.40;3;2;1;57;0;5502352;693;0
11;19;78;15;17;3;36;3.60;4;2;1;42;0;5502336;305;0
11;19;78;15;17;4;47;3.00;2;1;1;53;0;5502447;336;0
11;19;78;15;17;5;54;3.40;2;1;1;54;0;5502554;86;0
11;19;78;15;17;4;86;10.20;1;1;2;41;0;5502486;232;0
11;19;78;15;17;8;25;3.60;2;1;1;51;0;5502825;248;0
11;19;78;15;17;8;60;3.80;1;1;1;37;0;5502860;284;0
11;19;78;15;17;9;31;3.60;2;1;1;49;0;5502931;80;0
11;19;78;15;17;10;81;3.40;1;1;1;38;0;5503081;184;0
11;19;78;15;17;11;29;3.80;2;1;1;53;0;5503129;171;0
11;19;78;15;17;11;66;3.60;4;2;1;50;0;5503166;799;0
11;19;78;15;17;12;60;4.00;3;2;1;62;0;5503260;886;0
11;19;78;15;17;12;40;3.20;1;1;1;37;0;5503240;126;0
11;19;78;15;17;14;2;3.40;1;1;1;38;0;5503402;130;0
11;19;78;15;17;14;69;3.60;2;1;1;51;0;5503469;314;0
11;19;78;15;17;16;3;4.00;2;1;1;48;0;5503603;108;0
11;19;78;15;17;16;50;3.60;4;2;1;47;0;5503650;458;0
11;19;78;15;17;17;4;3.80;3;2;1;57;0;5503704;420;0
11;19;78;15;17;16;45;5.20;1;1;1;32;0;5503645;210;0
11;19;78;15;17;17;11;3.60;2;1;1;49;0;5503711;78;0
11;19;78;15;17;18;43;3.00;4;2;1;46;0;5503843;165;0
11;19;78;15;17;18;7;3.80;1;1;1;31;0;5503807;103;0
11;19;78;15;17;19;96;3.20;4;2;1;48;0;5503996;129;0
11;19;78;15;17;20;3;3.60;2;1;1;49;0;5504003;265;0
11;19;78;15;17;20;0;3.20;1;1;1;29;0;5504000;148;0
11;19;78;15;17;20;94;3.40;3;2;1;53;0;5504094;366;0
11;19;78;15;17;21;42;3.60;4;2;1;48;0;5504142;122;0
11;19;78;15;17;22;13;3.60;3;2;1;51;0;5504213;95;0
11;19;78;15;17;21;79;3.60;2;1;1;49;0;5504179;149;0
11;19;78;15;17;21;62;3.60;1;1;1;31;0;5504162;122;0
11;19;78;15;17;23;10;4.00;2;1;1;48;0;5504310;104;0
11;19;78;15;17;23;43;4.00;4;2;1;51;0;5504343;174;5503650
11;19;78;15;17;23;43;3.60;1;1;1;30;0;5504343;139;5503645
11;19;78;15;17;25;7;3.40;3;2;1;53;0;5504507;268;0
11;19;78;15;17;24;71;3.80;1;1;1;31;0;5504471;84;5503645
11;19;78;15;17;25;53;3.60;2;1;1;47;0;5504553;213;0
11;19;78;15;17;26;32;3.40;4;2;1;50;0;5504632;260;0
11;19;78;15;17;26;44;6.80;3;2;1;50;0;5504644;113;0
11;19;78;15;17;26;46;3.20;1;1;1;29;0;5504646;130;5503645
11;19;78;15;17;28;62;3.40;4;2;1;49;0;5504862;205;0
11;19;78;15;17;28;6;4.00;1;1;1;30;0;5504806;120;5503645
11;19;78;15;17;30;34;3.40;4;2;1;51;0;5505034;147;5503645
11;19;78;15;17;29;95;4.40;1;1;1;31;0;5504995;141;5503645
11;19;78;15;17;33;34;4.60;4;2;1;50;0;5505334;276;0
11;19;78;15;17;36;90;3.20;4;2;1;55;0;5505690;322;0
11;19;78;15;17;46;84;3.60;4;2;1;64;0;5506684;973;0
11;19;78;15;17;47;89;3.60;3;2;1;61;0;5506789;2096;0
11;19;78;15;17;49;20;3.40;3;2;1;64;0;5506920;109;0
11;19;78;15;17;51;46;4.00;4;2;1;51;0;5507146;441;0
11;19;78;15;17;51;59;3.80;3;2;1;57;0;5507159;219;0
11;19;78;15;17;54;9;3.60;3;2;1;53;0;5507409;226;0
11;19;78;15;17;54;59;3.60;4;2;1;48;0;5507459;284;0
11;19;78;15;17;55;35;4.00;3;2;1;52;0;5507535;101;0
11;19;78;15;17;55;80;3.60;4;2;1;48;0;5507580;94;0
11;19;78;15;17;57;29;3.20;3;2;1;55;0;5507729;166;0
11;19;78;15;17;56;88;9.20;4;2;2;48;0;5507688;81;0
11;19;78;15;17;58;78;3.20;3;2;1;56;0;5507878;128;0
11;19;78;15;17;58;82;3.60;4;2;1;54;0;5507882;125;0
11;19;78;15;18;0;55;3.80;3;2;1;55;0;5508055;156;5507409
11;19;78;15;18;1;72;3.80;3;2;1;53;0;5508172;92;5507409
11;19;78;15;18;1;79;3.40;4;2;1;46;0;5508179;273;0
11;19;78;15;18;3;33;3.20;3;2;1;49;0;5508333;135;5507409
11;19;78;15;18;4;15;5.40;4;2;1;46;0;5508415;209;0
11;19;78;15;18;5;0;3.40;3;2;1;50;0;5508500;143;5507409
11;19;78;15;18;6;20;3.80;3;2;1;52;0;5508620;95;5507409
11;19;78;15;18;7;31;3.80;4;2;1;46;0;5508731;273;0
11;19;78;15;18;8;38;3.60;3;2;1;51;0;5508838;191;5507409
11;19;78;15;18;9;37;3.60;1;1;1;58;0;5508937;3890;0
11;19;78;15;18;9;92;4.40;3;2;1;48;0;5508992;128;5507409
11;19;78;15;18;10;90;3.20;4;2;1;41;0;5509090;329;0
11;19;78;15;18;12;11;3.40;4;2;1;40;0;5509211;92;0
11;19;78;15;18;12;22;5.20;3;2;1;46;0;5509222;197;5507409
11;19;78;15;18;13;30;3.60;3;2;1;46;0;5509330;67;5507409
11;19;78;15;18;13;65;3.80;4;2;1;39;0;5509365;123;5507409
11;19;78;15;18;14;36;4.20;3;2;1;43;0;5509436;77;5507409
11;19;78;15;18;15;37;3.40;4;2;1;40;0;5509537;136;5507409
11;19;78;15;18;16;52;4.20;3;2;1;44;0;5509652;180;5507409
11;19;78;15;18;17;57;4.40;4;2;1;38;0;5509757;189;5509090
11;19;78;15;18;17;73;3.20;3;2;1;40;0;5509773;86;5507409
11;19;78;15;18;19;13;3.80;3;2;1;37;0;5509913;111;5507409
11;19;78;15;18;20;82;3.60;3;2;1;36;0;5510082;132;5507409
11;19;78;15;18;19;25;24.60;4;2;5;31;0;5509925;126;5509090
11;19;78;15;18;22;16;3.40;3;2;1;35;0;5510216;98;5507409
11;19;78;15;18;23;44;3.80;1;1;1;55;0;5510344;1384;0
11;19;78;15;18;23;37;3.40;4;2;1;29;0;5510337;126;5509090
11;19;78;15;18;24;58;3.20;1;1;1;56;0;5510458;89;5509090
11;19;78;15;18;24;93;4.80;3;2;1;35;0;5510493;242;0
11;19;78;15;18;25;52;3.80;2;1;1;57;0;5510552;5971;0
11;19;78;15;18;26;87;3.80;2;1;1;55;0;5510687;111;0
11;19;78;15;18;26;51;3.60;3;2;1;32;0;5510651;108;0
11;19;78;15;18;27;82;3.00;4;2;1;29;0;5510782;402;0
11;19;78;15;18;29;1;4.00;2;1;1;56;0;5510901;189;0
11;19;78;15;18;28;56;3.80;3;2;1;28;0;5510856;164;0
11;19;78;15;18;29;38;3.40;1;1;1;50;0;5510938;459;0
11;19;78;15;18;29;84;3.40;3;2;1;23;0;5510984;79;0
11;19;78;15;18;31;5;4.60;1;1;1;54;0;5511105;142;0
11;19;78;15;18;30;55;3.80;4;2;1;26;0;5511055;235;0
11;19;78;15;18;32;63;3.40;1;1;1;53;0;5511263;127;0
11;19;78;15;18;32;25;3.60;4;2;1;27;0;5511225;117;0
11;19;78;15;18;32;23;3.20;3;2;1;22;0;5511223;185;5510493
11;19;78;15;18;33;97;3.60;1;1;1;54;0;5511397;110;5510493
11;19;78;15;18;34;25;3.60;2;1;1;59;0;5511425;498;0
11;19;78;15;18;35;57;3.20;2;1;1;57;0;5511557;110;0
11;19;78;15;18;34;57;4.00;4;2;1;25;0;5511457;184;0
11;19;78;15;18;36;5;4.60;4;2;1;25;0;5511605;90;0
11;19;78;15;18;37;18;3.40;2;1;1;53;0;5511718;140;0
11;19;78;15;18;36;83;3.20;3;2;1;24;0;5511683;407;0
11;19;78;15;18;37;76;3.40;1;1;1;56;0;5511776;355;0
11;19;78;15;18;38;85;3.60;2;1;1;52;0;5511885;143;0
11;19;78;15;18;38;8;2.80;4;2;1;23;0;5511808;136;5511055
11;19;78;15;18;39;64;3.80;1;1;1;54;0;5511964;166;5511055
11;19;78;15;18;39;95;3.60;2;1;1;50;0;5511995;85;5511425
11;19;78;15;18;41;25;3.40;2;1;1;50;0;5512125;104;5511425
11;19;78;15;18;43;4;3.20;2;1;1;50;0;5512304;154;5511425
11;19;78;15;18;43;64;3.40;1;1;1;59;0;5512364;374;0
11;19;78;15;18;43;72;3.40;4;2;1;22;0;5512372;520;0
11;19;78;15;18;45;55;4.00;2;1;1;59;0;5512555;227;0
11;19;78;15;18;46;51;3.40;2;1;1;59;0;5512651;71;0
11;19;78;15;18;46;37;11.20;1;1;3;39;0;5512637;252;0
11;19;78;15;18;48;38;3.40;1;1;1;39;0;5512838;97;0
11;19;78;15;18;48;65;3.20;2;1;1;55;0;5512865;193;0
11;19;78;15;18;49;72;3.20;1;1;1;40;0;5512972;102;0
11;19;78;15;18;50;44;4.00;2;1;1;50;0;5513044;158;0
11;19;78;15;18;51;95;3.40;1;1;1;42;0;5513195;194;0
11;19;78;15;18;53;53;3.60;2;1;1;49;0;5513353;280;0
11;19;78;15;18;53;75;3.20;4;2;1;43;0;5513375;947;0
11;19;78;15;18;53;83;3.80;1;1;1;42;0;5513383;158;5512637
11;19;78;15;18;55;32;3.60;1;1;1;42;0;5513532;116;5512637
11;19;78;15;18;55;46;3.20;4;2;1;43;0;5513546;144;5512637
11;19;78;15;18;56;45;3.20;3;2;1;21;0;5513645;1914;0
11;19;78;15;18;57;52;3.60;1;1;1;38;0;5513752;189;5512637
11;19;78;15;18;59;19;3.40;1;1;1;37;0;5513919;132;5512637
11;19;78;15;18;58;75;3.60;3;2;1;25;0;5513875;175;5512637
11;19;78;15;19;0;17;4.40;4;2;1;48;0;5514017;444;0
11;19;78;15;19;1;13;3.20;1;1;1;38;0;5514113;160;5512637
11;19;78;15;19;3;35;3.00;1;1;1;36;0;5514335;191;5512637
11;19;78;15;19;4;69;3.60;1;1;1;36;0;5514469;104;5512637
11;19;78;15;19;5;15;3.60;3;2;1;48;0;5514515;588;0
11;19;78;15;19;5;60;3.20;4;2;1;45;0;5514560;510;0
11;19;78;15;19;7;2;3.40;3;2;1;50;0;5514702;160;0
11;19;78;15;19;7;42;3.40;1;1;1;36;0;5514742;237;0
11;19;78;15;19;7;86;5.20;2;1;1;56;0;5514786;1406;0
11;19;78;15;19;7;96;5.60;4;2;1;45;0;5514796;210;0
11;19;78;15;19;8;99;3.80;3;2;1;56;0;5514899;172;0
11;19;78;15;19;8;89;3.00;1;1;1;35;0;5514889;113;0
11;19;78;15;19;10;30;4.00;1;1;1;36;0;5515030;110;0
11;19;78;15;19;11;57;4.60;1;1;1;39;0;5515157;87;0
11;19;78;15;19;12;78;3.80;3;2;1;54;0;5515278;354;0
11;19;78;15;19;14;53;3.60;2;1;1;56;0;5515453;633;0
11;19;78;15;19;15;56;3.80;1;1;1;46;0;5515556;356;0
11;19;78;15;19;17;50;3.00;1;1;1;45;0;5515750;164;0
11;19;78;15;19;17;67;3.40;4;2;1;61;0;5515767;926;0
11;19;78;15;19;18;13;3.60;2;1;1;54;0;5515813;336;0
11;19;78;15;19;19;63;3.80;2;1;1;49;0;5515963;126;0
11;19;78;15;19;21;28;3.60;1;1;1;55;0;5516128;354;0
11;19;78;15;19;22;75;3.60;1;1;1;54;0;5516275;123;0
11;19;78;15;19;24;22;5.20;1;1;1;52;0;5516422;123;0
11;19;78;15;19;24;70;3.40;3;2;1;64;0;5516470;1166;0
11;19;78;15;19;26;26;3.60;2;1;1;55;0;5516626;635;0
11;19;78;15;19;27;3;3.80;4;2;1;62;0;5516703;915;0
11;19;78;15;19;29;4;3.00;3;2;1;60;0;5516904;414;0
11;19;78;15;19;29;6;4.20;4;2;1;58;0;5516906;180;0
11;19;78;15;19;29;99;3.40;3;2;1;21;0;5516999;77;0
11;19;78;15;19;30;81;3.60;4;2;1;57;0;5517081;148;0
11;19;78;15;19;33;17;3.40;3;2;1;56;0;5517317;259;0
11;19;78;15;19;34;65;4.00;4;2;1;57;0;5517465;361;0
11;19;78;15;19;35;72;3.40;3;2;1;56;0;5517572;233;0
11;19;78;15;19;35;85;3.20;4;2;1;57;0;5517585;94;0
11;19;78;15;19;38;0;3.80;4;2;1;58;0;5517800;194;0
11;19;78;15;19;38;61;3.60;3;2;1;54;0;5517861;267;0
11;19;78;15;19;39;74;3.60;3;2;1;56;0;5517974;89;0
11;19;78;15;19;41;19;3.00;3;2;1;57;0;5518119;121;0
11;19;78;15;19;41;77;3.60;4;2;1;53;0;5518177;353;0
11;19;78;15;19;43;60;3.80;3;2;1;55;0;5518360;222;0
11;19;78;15;19;43;96;4.00;4;2;1;48;0;5518396;194;0
11;19;78;15;19;45;91;5.00;3;2;1;57;0;5518591;206;0
11;19;78;15;19;46;70;3.60;4;2;1;47;0;5518670;244;0
11;19;78;15;19;47;78;3.60;3;2;1;55;0;5518778;155;0
11;19;78;15;19;48;69;3.60;4;2;1;49;0;5518869;171;0
11;19;78;15;19;49;24;3.60;3;2;1;53;0;5518924;122;0
11;19;78;15;19;50;96;3.40;4;2;1;48;0;5519096;200;0
11;19;78;15;19;51;42;3.80;3;2;1;49;0;5519142;193;0
11;19;78;15;19;52;61;3.60;1;1;1;66;0;5519261;2803;0
11;19;78;15;19;52;51;3.60;4;2;1;49;0;5519251;129;0
11;19;78;15;19;52;87;3.60;3;2;1;46;0;5519287;117;5518591
11;19;78;15;19;54;4;3.40;4;2;1;48;0;5519404;126;5518591
11;19;78;15;19;54;72;3.40;3;2;1;45;0;5519472;156;5518591
11;19;78;15;19;55;55;10.20;4;2;2;47;0;5519555;125;5518591
11;19;78;15;19;56;26;3.80;3;2;1;45;0;5519626;126;5518591
11;19;78;15;19;57;92;4.40;3;2;1;51;0;5519792;135;5518591
11;19;78;15;19;58;0;3.60;4;2;1;44;0;5519800;166;5519096
11;19;78;15;19;59;40;3.40;1;1;1;63;0;5519940;659;0
11;19;78;15;19;59;50;3.60;4;2;1;43;0;5519950;120;5519096
11;19;78;15;20;1;48;3.80;4;2;1;45;0;5520148;167;5519096
11;19;78;15;20;1;92;4.20;3;2;1;45;0;5520192;368;0
11;19;78;15;20;2;66;3.60;1;1;1;51;0;5520266;306;0
11;19;78;15;20;3;50;3.20;3;2;1;48;0;5520350;124;0
11;19;78;15;20;3;66;4.60;4;2;1;43;0;5520366;187;5519096
11;19;78;15;20;4;31;3.60;2;1;1;52;0;5520431;3781;0
11;19;78;15;20;5;12;3.80;2;1;1;52;0;5520512;56;0
11;19;78;15;20;5;58;4.40;4;2;1;42;0;5520558;153;5519096
11;19;78;15;20;5;96;4.00;3;2;1;54;0;5520596;222;0
11;19;78;15;20;6;99;3.60;1;1;1;50;0;5520699;407;0
11;19;78;15;20;7;13;4.00;2;1;1;51;0;5520713;174;0
11;19;78;15;20;8;20;3.20;3;2;1;54;0;5520820;197;0
11;19;78;15;20;8;42;4.40;2;1;1;53;0;5520842;100;0
11;19;78;15;20;8;61;3.40;1;1;1;50;0;5520861;136;0
11;19;78;15;20;7;67;16.80;4;2;4;41;0;5520767;171;5519096
11;19;78;15;20;9;41;4.00;2;1;1;55;0;5520941;69;5520431
11;19;78;15;20;10;5;3.20;3;2;1;51;0;5521005;163;5520431
11;19;78;15;20;10;14;3.80;1;1;1;52;0;5521014;128;5520431
11;19;78;15;20;11;92;4.20;1;1;1;52;0;5521192;151;5520431
11;19;78;15;20;12;3;5.20;2;1;1;53;0;5521203;235;0
11;19;78;15;20;12;23;3.60;3;2;1;52;0;5521223;195;0
11;19;78;15;20;12;28;3.00;4;2;1;42;0;5521228;313;0
11;19;78;15;20;14;0;3.60;4;2;1;40;0;5521400;146;0
11;19;78;15;20;14;32;3.40;2;1;1;51;0;5521432;193;0
11;19;78;15;20;14;63;3.40;1;1;1;54;0;5521463;241;0
11;19;78;15;20;16;16;3.60;1;1;1;53;0;5521616;130;0
11;19;78;15;20;16;56;3.40;4;2;1;41;0;5521656;223;0
11;19;78;15;20;17;50;3.80;2;1;1;58;0;5521750;294;0
11;19;78;15;20;17;65;4.00;1;1;1;50;0;5521765;124;0
11;19;78;15;20;18;82;4.00;2;1;1;56;0;5521882;108;0
11;19;78;15;20;19;29;3.60;1;1;1;50;0;5521929;135;0
11;19;78;15;20;21;19;3.80;1;1;1;48;0;5522119;164;5521463
11;19;78;15;20;21;59;3.40;2;1;1;51;0;5522159;251;0
11;19;78;15;20;23;35;3.60;2;1;1;50;0;5522335;152;0
11;19;78;15;20;23;42;3.80;3;2;1;48;0;5522342;1094;0
11;19;78;15;20;24;50;4.40;1;1;1;49;0;5522450;302;0
11;19;78;15;20;25;19;4.20;2;1;1;48;0;5522519;158;0
11;19;78;15;20;26;69;5.40;1;1;1;45;0;5522669;186;0
11;19;78;15;20;27;92;4.00;2;1;1;54;0;5522792;241;0
11;19;78;15;20;28;18;3.20;1;1;1;45;0;5522818;105;0
11;19;78;15;20;29;28;3.60;1;1;1;44;0;5522928;84;0
11;19;78;15;20;29;87;3.00;4;2;1;42;0;5522987;1301;0
11;19;78;15;20;31;97;3.20;1;1;1;44;0;5523197;239;0
11;19;78;15;20;33;22;3.20;2;1;1;54;0;5523322;503;0
11;19;78;15;20;33;36;3.40;4;2;1;52;0;5523336;323;0
11;19;78;15;20;33;43;3.80;1;1;1;45;0;5523343;119;0
11;19;78;15;20;34;59;3.60;4;2;1;52;0;5523459;99;0
11;19;78;15;20;35;72;3.60;1;1;1;43;0;5523572;198;0
11;19;78;15;20;36;95;3.20;1;1;1;46;0;5523695;92;0
11;19;78;15;20;37;13;3.60;4;2;1;58;0;5523713;229;0
11;19;78;15;20;37;24;3.80;3;2;1;60;0;5523724;1353;0
11;19;78;15;20;37;59;4.00;2;1;1;60;0;5523759;415;0
11;19;78;15;20;38;95;3.60;3;2;1;58;0;5523895;148;0
11;19;78;15;20;39;91;4.00;1;1;1;46;0;5523991;270;0
11;19;78;15;20;41;17;3.40;2;1;1;59;0;5524117;334;0
11;19;78;15;20;41;45;3.20;1;1;1;46;0;5524145;122;0
11;19;78;15;20;43;7;5.40;3;2;1;68;0;5524307;389;0
11;19;78;15;20;43;37;3.80;4;2;1;56;0;5524337;601;0
11;19;78;15;20;43;41;3.80;2;1;1;56;0;5524341;203;0
11;19;78;15;20;44;39;3.40;1;1;1;43;0;5524439;268;0
11;19;78;15;20;44;71;3.80;2;1;1;56;0;5524471;105;0
11;19;78;15;20;46;3;3.60;4;2;1;51;0;5524603;241;0
11;19;78;15;20;46;86;5.00;4;2;1;51;0;5524686;57;0
11;19;78;15;20;48;10;5.20;1;1;1;52;0;5524810;342;0
11;19;78;15;20;51;40;4.40;1;1;1;57;0;5525140;294;0
11;19;78;15;20;57;20;3.60;4;2;1;53;0;5525720;998;0
11;19;78;15;21;2;45;3.60;4;2;1;57;0;5526245;500;0
11;19;78;15;21;3;56;3.80;4;2;1;60;0;5526356;88;0
11;19;78;15;21;7;1;3.80;3;2;1;63;0;5526701;2365;0
11;19;78;15;21;8;29;3.60;3;2;1;57;0;5526829;106;0
11;19;78;15;21;10;57;3.40;3;2;1;55;0;5527057;205;0
11;19;78;15;21;10;72;3.60;4;2;1;61;0;5527072;693;0
11;19;78;15;21;13;0;3.60;4;2;1;64;0;5527300;206;0
11;19;78;15;21;13;9;3.60;3;2;1;59;0;5527309;229;0
11;19;78;15;21;14;44;3.60;4;2;1;60;0;5527444;123;0
11;19;78;15;21;15;60;3.40;3;2;1;58;0;5527560;229;0
11;19;78;15;21;16;29;3.40;4;2;1;60;0;5527629;163;0
11;19;78;15;21;17;61;3.60;4;2;1;59;0;5527761;111;0
11;19;78;15;21;17;97;4.00;3;2;1;56;0;5527797;215;0
11;19;78;15;21;19;79;3.60;3;2;1;54;0;5527979;156;0
11;19;78;15;21;20;64;4.00;3;2;1;55;0;5528064;61;0
11;19;78;15;21;23;68;5.20;3;2;1;58;0;5528368;277;0
11;19;78;15;21;27;40;5.00;3;2;1;61;0;5528740;339;0
11;19;78;15;21;28;15;3.80;4;2;1;56;0;5528815;1032;0
11;19;78;15;21;30;76;3.80;3;2;1;57;0;5529076;306;0
11;19;78;15;21;31;95;3.40;3;2;1;56;0;5529195;95;0
11;19;78;15;21;32;3;3.80;4;2;1;49;0;5529203;363;0
11;19;78;15;21;33;9;3.00;3;2;1;55;0;5529309;92;0
11;19;78;15;21;33;78;3.60;4;2;1;47;0;5529378;147;0
11;19;78;15;21;34;8;4.40;3;2;1;50;0;5529408;79;0
11;19;78;15;21;34;71;3.40;4;2;1;46;0;5529471;65;0
11;19;78;15;21;35;97;3.80;3;2;1;50;0;5529597;157;5529076
11;19;78;15;21;35;96;3.40;4;2;1;46;0;5529596;98;5529076
11;19;78;15;21;37;61;3.60;3;2;1;49;0;5529761;136;5529076
11;19;78;15;21;37;54;3.80;4;2;1;46;0;5529754;131;5529203
11;19;78;15;21;38;72;4.40;4;2;1;44;0;5529872;88;5529203
11;19;78;15;21;39;48;3.80;3;2;1;53;0;5529948;160;5529076
11;19;78;15;21;40;35;3.60;4;2;1;44;0;5530035;127;5529203
11;19;78;15;21;41;68;3.60;4;2;1;43;0;5530168;103;5529203
11;19;78;15;21;41;88;3.60;3;2;1;51;0;5530188;214;0
11;19;78;15;21;43;36;3.60;4;2;1;43;0;5530336;137;5529203
11;19;78;15;21;44;7;3.20;3;2;1;51;0;5530407;193;5529203
11;19;78;15;21;45;23;3.40;3;2;1;52;0;5530523;93;5529203
11;19;78;15;21;45;25;3.60;4;2;1;44;0;5530525;158;5529203
11;19;78;15;21;46;54;3.20;3;2;1;52;0;5530654;107;5529203
11;19;78;15;21;46;80;5.20;2;1;1;56;0;5530680;6184;0
11;19;78;15;21;46;55;3.60;4;2;1;45;0;5530655;100;5529203
11;19;78;15;21;47;93;4.00;4;2;1;48;0;5530793;109;5529203
11;19;78;15;21;50;17;3.60;3;2;1;54;0;5531017;340;0
11;19;78;15;21;51;12;11.60;4;2;3;49;0;5531112;289;0
11;19;78;15;21;52;37;4.20;1;1;1;58;0;5531237;6069;0
11;19;78;15;21;52;76;3.20;4;2;1;49;0;5531276;78;0
11;19;78;15;21;52;88;3.60;3;2;1;53;0;5531288;247;0
11;19;78;15;21;53;72;3.80;2;1;1;50;0;5531372;658;0
11;19;78;15;21;55;80;3.60;1;1;1;54;0;5531580;316;0
11;19;78;15;21;57;55;3.60;3;2;1;58;0;5531755;442;0
11;19;78;15;21;56;87;11.80;4;2;3;50;0;5531687;387;0
11;19;78;15;22;0;44;3.80;4;2;1;46;0;5532044;272;0
11;19;78;15;22;2;59;3.60;4;2;1;44;0;5532259;185;0
11;19;78;15;22;2;85;3.60;2;1;1;68;0;5532285;885;0
11;19;78;15;22;5;33;3.20;1;1;1;61;0;5532533;929;0
11;19;78;15;22;7;92;3.40;4;2;1;56;0;5532792;503;0
11;19;78;15;22;9;8;3.80;2;1;1;54;0;5532908;603;0
11;19;78;15;22;9;25;4.20;1;1;1;58;0;5532925;373;0
11;19;78;15;22;11;73;3.80;2;1;1;55;0;5533173;239;0
11;19;78;15;22;11;79;5.00;4;2;1;56;0;5533179;365;0
11;19;78;15;22;11;96;5.00;1;1;1;53;0;5533196;244;0
11;19;78;15;22;13;1;4.00;2;1;1;55;0;5533301;103;0
11;19;78;15;22;14;82;3.40;1;1;1;47;0;5533482;252;0
11;19;78;15;22;15;17;3.80;2;1;1;52;0;5533517;189;0
11;19;78;15;22;16;55;4.60;1;1;1;51;0;5533655;146;0
11;19;78;15;22;16;83;3.40;2;1;1;54;0;5533683;139;0
11;19;78;15;22;17;87;3.20;4;2;1;54;0;5533787;575;0
11;19;78;15;22;18;95;4.80;2;1;1;53;0;5533895;189;5533173
11;19;78;15;22;19;5;3.60;1;1;1;48;0;5533905;217;0
11;19;78;15;22;19;58;3.00;4;2;1;54;0;5533958;149;0
11;19;78;15;22;19;95;3.60;2;1;1;54;0;5533995;67;5533173
11;19;78;15;22;21;50;3.60;1;1;1;50;0;5534150;218;0
11;19;78;15;22;22;51;3.60;3;2;1;55;0;5534251;2473;0
11;19;78;15;22;22;75;3.40;4;2;1;59;0;5534275;297;0
11;19;78;15;22;22;99;4.00;1;1;1;55;0;5534299;123;0
11;19;78;15;22;23;71;3.60;3;2;1;54;0;5534371;96;0
11;19;78;15;22;23;80;4.00;2;1;1;51;0;5534380;361;0
11;19;78;15;22;24;30;3.60;1;1;1;53;0;5534430;104;0
11;19;78;15;22;24;37;3.40;4;2;1;54;0;5534437;141;0
11;19;78;15;22;25;82;3.80;2;1;1;51;0;5534582;173;0
11;19;78;15;22;25;83;5.00;3;2;1;54;0;5534583;188;0
11;19;78;15;22;27;1;3.20;2;1;1;51;0;5534701;92;0
11;19;78;15;22;27;24;4.20;1;1;1;47;0;5534724;269;0
11;19;78;15;22;28;88;3.60;2;1;1;49;0;5534888;164;0
11;19;78;15;22;28;91;4.60;1;1;1;47;0;5534891;134;0
11;19;78;15;22;30;1;3.60;1;1;1;47;0;5535001;74;0
11;19;78;15;22;30;39;3.60;4;2;1;60;0;5535039;579;0
11;19;78;15;22;30;58;3.80;2;1;1;46;0;5535058;143;5534380
11;19;78;15;22;31;95;4.20;1;1;1;44;0;5535195;166;5534380
11;19;78;15;22;32;23;3.60;2;1;1;46;0;5535223;135;5534380
11;19;78;15;22;33;10;4.20;1;1;1;42;0;5535310;80;5534724
11;19;78;15;22;33;33;11.20;4;2;3;53;0;5535333;272;0
11;19;78;15;22;34;29;3.20;3;2;1;59;0;5535429;812;0
11;19;78;15;22;34;43;3.60;2;1;1;48;0;5535443;191;5534380
11;19;78;15;22;35;21;3.60;1;1;1;46;0;5535521;175;5534724
11;19;78;15;22;35;41;3.80;3;2;1;58;0;5535541;92;5534724
11;19;78;15;22;36;9;3.80;2;1;1;46;0;5535609;139;5534380
11;19;78;15;22;36;37;3.40;4;2;1;51;0;5535637;227;0
11;19;78;15;22;38;34;3.40;2;1;1;48;0;5535834;195;5534380
11;19;78;15;22;38;58;3.00;4;2;1;50;0;5535858;197;5534380
11;19;78;15;22;38;40;10.00;1;1;2;44;0;5535840;290;0
11;19;78;15;22;39;66;4.20;2;1;1;52;0;5535966;106;5534380
11;19;78;15;22;40;58;3.00;1;1;1;46;0;5536058;136;5534380
11;19;78;15;22;41;4;3.20;3;2;1;68;0;5536104;539;0
11;19;78;15;22;41;85;3.40;1;1;1;43;0;5536185;103;0
11;19;78;15;22;42;26;3.40;2;1;1;50;0;5536226;230;0
11;19;78;15;22;43;3;3.80;1;1;1;41;0;5536303;89;0
11;19;78;15;22;44;2;3.60;2;1;1;51;0;5536402;151;0
11;19;78;15;22;44;21;3.00;1;1;1;42;0;5536421;84;5535840
11;19;78;15;22;45;14;3.60;2;1;1;50;0;5536514;86;5535840
11;19;78;15;22;45;65;3.80;1;1;1;43;0;5536565;118;5535840
11;19;78;15;22;45;80;4.00;4;2;1;57;0;5536580;700;0
11;19;78;15;22;46;54;3.80;2;1;1;52;0;5536654;114;0
11;19;78;15;22;47;14;3.60;1;1;1;39;0;5536714;117;5535840
11;19;78;15;22;47;87;3.60;4;2;1;58;0;5536787;181;5535840
11;19;78;15;22;48;20;3.80;3;2;1;59;0;5536820;699;0
11;19;78;15;22;48;80;4.00;1;1;1;41;0;5536880;132;5535840
11;19;78;15;22;49;75;3.40;2;1;1;53;0;5536975;294;0
11;19;78;15;22;49;97;3.60;3;2;1;62;0;5536997;153;0
11;19;78;15;22;50;16;3.20;4;2;1;59;0;5537016;206;0
11;19;78;15;22;50;72;4.40;1;1;1;40;0;5537072;156;5535840
11;19;78;15;22;51;50;3.80;2;1;1;48;0;5537150;151;5535840
11;19;78;15;22;51;91;3.80;4;2;1;58;0;5537191;155;5535840
11;19;78;15;22;52;58;4.40;2;1;1;49;0;5537258;79;5535840
11;19;78;15;22;53;90;3.60;4;2;1;55;0;5537390;175;5535840
11;19;78;15;22;54;27;3.00;1;1;1;44;0;5537427;315;0
11;19;78;15;22;55;92;3.40;2;1;1;54;0;5537592;301;0
11;19;78;15;22;56;7;4.00;3;2;1;61;0;5537607;589;0
11;19;78;15;22;57;70;3.40;4;2;1;56;0;5537770;356;0
11;19;78;15;22;57;73;3.60;2;1;1;49;0;5537773;158;0
11;19;78;15;22;58;18;4.80;3;2;1;57;0;5537818;187;0
11;19;78;15;22;59;10;3.60;1;1;1;48;0;5537910;458;0
11;19;78;15;23;1;8;3.00;4;2;1;64;0;5538108;316;0
11;19;78;15;23;1;75;3.00;3;2;1;57;0;5538175;326;0
11;19;78;15;23;2;65;6.40;2;1;1;49;0;5538265;465;0
11;19;78;15;23;3;90;3.20;3;2;1;56;0;5538390;196;0
11;19;78;15;23;4;57;3.80;4;2;1;54;0;5538457;332;0
11;19;78;15;23;4;64;4.80;2;1;1;43;0;5538464;151;0
11;19;78;15;23;4;66;3.00;1;1;0;41;1;5538466;529;0
11;19;78;15;23;5;52;3.80;3;2;1;53;0;5538552;141;0
11;19;78;15;23;6;58;4.00;3;2;1;48;0;5538658;80;0
11;19;78;15;23;7;64;3.00;4;2;1;55;0;5538764;281;0
11;19;78;15;23;8;78;3.60;3;2;1;54;0;5538878;190;5538175
11;19;78;15;23;9;37;3.00;4;2;1;53;0;5538937;153;5538175
11;19;78;15;23;10;90;3.60;4;2;1;52;0;5539090;132;5538175
11;19;78;15;23;10;99;3.20;2;1;1;45;0;5539099;594;0
11;19;78;15;23;11;27;3.40;3;2;1;54;0;5539127;225;0
11;19;78;15;23;12;3;4.60;4;2;1;53;0;5539203;88;0
11;19;78;15;23;12;23;3.60;3;2;1;54;0;5539223;73;0
11;19;78;15;23;13;12;3.80;4;2;1;53;0;5539312;77;5538764
11;19;78;15;23;13;89;3.60;3;2;1;55;0;5539389;142;5538764
11;19;78;15;23;15;35;3.40;3;2;1;55;0;5539535;122;5538764
11;19;78;15;23;15;27;5.20;4;2;1;54;0;5539527;189;5538764
11;19;78;15;23;16;26;3.20;3;2;1;55;0;5539626;68;5539127
11;19;78;15;23;16;95;3.60;4;2;1;56;0;5539695;133;5538764
11;19;78;15;23;17;68;4.60;3;2;1;57;0;5539768;121;5539127
11;19;78;15;23;18;35;3.80;4;2;1;55;0;5539835;116;5538764
11;19;78;15;23;19;83;3.60;4;2;1;55;0;5539983;123;5538764
11;19;78;15;23;21;37;3.40;3;2;1;61;0;5540137;339;0
11;19;78;15;23;22;74;5.20;3;2;1;60;0;5540274;116;0
11;19;78;15;23;23;12;3.20;4;2;1;53;0;5540312;305;0
11;19;78;15;23;24;64;3.20;3;2;1;57;0;5540464;158;0
11;19;78;15;23;24;78;3.60;4;2;1;56;0;5540478;144;0
11;19;78;15;23;26;70;3.40;4;2;1;48;0;5540670;168;0
11;19;78;15;23;27;5;3.80;3;2;1;53;0;5540705;220;0
11;19;78;15;23;28;59;3.60;3;2;1;52;0;5540859;128;0
11;19;78;15;23;29;1;3.40;4;2;1;49;0;5540901;205;0
11;19;78;15;23;30;68;3.60;4;2;1;49;0;5541068;142;0
11;19;78;15;23;31;18;4.00;3;2;1;46;0;5541118;234;0
11;19;78;15;23;44;62;4.20;2;1;1;55;0;5542462;3337;0
11;19;78;15;23;44;99;3.80;4;2;1;60;0;5542499;1404;0
11;19;78;15;23;50;14;3.60;4;2;1;66;0;5543014;492;0
11;19;78;15;23;53;7;3.20;1;1;1;59;0;5543307;5370;0
11;19;78;15;23;53;58;4.20;2;1;1;60;0;5543358;868;0
11;19;78;15;23;56;69;4.20;4;2;1;56;0;5543669;635;0
11;19;78;15;23;56;98;4.60;2;1;1;57;0;5543698;314;0
11;19;78;15;23;57;95;4.20;2;1;1;55;0;5543795;67;0
11;19;78;15;23;58;8;3.80;3;2;1;65;0;5543808;2658;0
11;19;78;15;23;58;26;11.40;1;1;3;45;0;5543826;499;0
11;19;78;15;23;59;31;4.40;3;2;1;65;0;5543931;101;0
11;19;78;15;24;0;79;3.40;4;2;1;54;0;5544079;383;0
11;19;78;15;24;0;79;4.60;1;1;1;46;0;5544079;161;0
11;19;78;15;24;1;99;3.60;1;1;1;47;0;5544199;84;0
11;19;78;15;24;2;34;3.60;3;2;1;62;0;5544234;278;0
11;19;78;15;24;3;13;3.20;1;1;1;47;0;5544313;86;0
11;19;78;15;24;3;75;3.20;2;1;1;51;0;5544375;552;0
11;19;78;15;24;4;25;3.60;4;2;1;51;0;5544425;323;0
11;19;78;15;24;5;5;3.80;1;1;1;48;0;5544505;167;5543826
11;19;78;15;24;5;44;3.80;4;2;1;62;0;5544544;93;5543826
11;19;78;15;24;5;2;14.80;2;1;4;51;0;5544502;104;5543826
11;19;78;15;24;6;57;3.40;1;1;1;49;0;5544657;123;5543826
11;19;78;15;24;6;96;4.60;4;2;1;57;0;5544696;129;5543826
11;19;78;15;24;7;10;4.40;2;1;1;51;0;5544710;103;5543826
11;19;78;15;24;8;20;3.60;1;1;1;48;0;5544820;138;5543826
11;19;78;15;24;8;96;3.60;2;1;1;49;0;5544896;154;5543826
11;19;78;15;24;9;98;3.60;4;2;1;53;0;5544998;272;0
11;19;78;15;24;10;41;3.20;2;1;1;52;0;5545041;118;5544375
11;19;78;15;24;10;95;3.40;1;1;1;49;0;5545095;248;0
11;19;78;15;24;11;85;3.40;1;1;1;49;0;5545185;65;0
11;19;78;15;24;12;47;5.20;2;1;1;51;0;5545247;183;5544375
11;19;78;15;24;13;24;3.80;1;1;1;49;0;5545324;114;5544375
11;19;78;15;24;13;20;3.40;3;2;1;58;0;5545320;1065;0
11;19;78;15;24;13;21;5.00;4;2;1;52;0;5545321;298;0
11;19;78;15;24;14;27;3.60;2;1;1;51;0;5545427;143;5544375
11;19;78;15;24;14;98;4.40;1;1;1;50;0;5545498;146;5544375
11;19;78;15;24;16;3;3.20;2;1;1;54;0;5545603;150;5544375
11;19;78;15;24;16;64;3.80;3;2;1;62;0;5545664;322;0
11;19;78;15;24;17;10;3.20;1;1;1;51;0;5545710;180;5545095
11;19;78;15;24;17;21;3.60;2;1;1;52;0;5545721;96;5544375
11;19;78;15;24;17;41;3.20;4;2;1;59;0;5545741;385;0
11;19;78;15;24;18;62;3.60;1;1;1;47;0;5545862;129;5545095
11;19;78;15;24;18;65;4.20;2;1;1;49;0;5545865;119;5544375
11;19;78;15;24;19;84;3.40;2;1;1;50;0;5545984;88;5544375
11;19;78;15;24;20;53;3.80;1;1;1;45;0;5546053;163;5545095
11;19;78;15;24;20;82;4.20;4;2;1;61;0;5546082;321;0
11;19;78;15;24;21;26;3.40;2;1;1;48;0;5546126;117;5544375
11;19;78;15;24;23;8;3.60;4;2;1;63;0;5546308;201;0
11;19;78;15;24;23;83;3.80;2;1;1;50;0;5546383;231;0
11;19;78;15;24;24;10;3.60;1;1;1;44;0;5546410;326;0
11;19;78;15;24;25;13;3.60;1;1;1;41;0;5546513;73;0
11;19;78;15;24;25;59;3.80;2;1;1;51;0;5546559;148;0
11;19;78;15;24;27;15;3.60;1;1;1;41;0;5546715;170;0
11;19;78;15;24;28;35;5.60;1;1;1;45;0;5546835;88;0
11;19;78;15;24;28;58;3.80;2;1;1;49;0;5546858;272;0
11;19;78;15;24;29;83;3.20;4;2;1;57;0;5546983;654;0
11;19;78;15;24;30;7;3.80;3;2;1;67;0;5547007;1320;0
11;19;78;15;24;30;23;3.20;1;1;1;49;0;5547023;143;5546410
11;19;78;15;24;30;95;14.40;4;2;4;56;0;5547095;91;5546410
11;19;78;15;24;31;52;3.60;2;1;1;48;0;5547152;266;0
11;19;78;15;24;31;99;4.40;3;2;1;58;0;5547199;171;0
11;19;78;15;24;32;73;4.00;1;1;1;48;0;5547273;226;0
11;19;78;15;24;32;91;3.80;4;2;1;55;0;5547291;103;0
11;19;78;15;24;32;88;3.60;2;1;1;44;0;5547288;109;0
11;19;78;15;24;33;77;3.00;3;2;1;57;0;5547377;150;0
11;19;78;15;24;34;38;3.60;1;1;1;47;0;5547438;135;0
11;19;78;15;24;35;50;3.40;3;2;1;56;0;5547550;154;0
11;19;78;15;24;35;54;3.40;2;1;1;44;0;5547554;236;0
11;19;78;15;24;36;41;3.60;1;1;1;45;0;5547641;175;0
11;19;78;15;24;37;8;3.60;3;2;1;60;0;5547708;136;5547007
11;19;78;15;24;37;39;3.60;2;1;1;44;0;5547739;157;5547007
11;19;78;15;24;37;45;4.80;4;2;1;54;0;5547745;429;0
11;19;78;15;24;38;66;3.40;1;1;1;45;0;5547866;196;0
11;19;78;15;24;38;75;3.60;2;1;1;44;0;5547875;106;0
11;19;78;15;24;39;4;3.20;3;2;1;58;0;5547904;174;5547007
11;19;78;15;24;39;38;4.20;4;2;1;53;0;5547938;161;5547007
11;19;78;15;24;40;23;3.80;3;2;1;55;0;5548023;99;5547007
11;19;78;15;24;40;43;3.60;1;1;1;45;0;5548043;149;5547273
11;19;78;15;24;40;64;3.60;2;1;1;44;0;5548064;159;5547273
11;19;78;15;24;41;44;3.80;4;2;1;54;0;5548144;177;5547273
11;19;78;15;24;42;87;3.00;3;2;1;54;0;5548287;239;0
11;19;78;15;24;43;20;3.00;2;1;1;46;0;5548320;226;0
11;19;78;15;24;43;33;4.40;4;2;1;57;0;5548333;163;0
11;19;78;15;24;44;37;3.20;3;2;1;50;0;5548437;130;0
11;19;78;15;24;44;47;3.60;2;1;1;44;0;5548447;103;0
11;19;78;15;24;44;33;5.00;1;1;1;42;0;5548433;361;0
11;19;78;15;24;45;30;3.20;3;2;1;50;0;5548530;69;0
11;19;78;15;24;45;89;3.80;4;2;1;53;0;5548589;228;0
11;19;78;15;24;45;66;11.60;1;1;7;43;0;5548566;90;0
11;19;78;15;24;47;38;3.80;3;2;1;55;0;5548738;184;0
11;19;78;15;24;47;35;3.80;2;1;1;48;0;5548735;258;0
11;19;78;15;24;47;49;3.40;1;1;1;39;0;5548749;85;0
11;19;78;15;24;48;32;3.20;4;2;1;52;0;5548832;217;0
11;19;78;15;24;48;72;4.00;3;2;1;55;0;5548872;109;5548287
11;19;78;15;24;48;90;3.60;2;1;1;45;0;5548890;126;5548287
11;19;78;15;24;49;54;3.20;1;1;1;38;0;5548954;173;5548287
11;19;78;15;24;49;88;3.60;4;2;1;51;0;5548988;133;5548287
11;19;78;15;24;50;26;3.80;2;1;1;43;0;5549026;107;5548287
11;19;78;15;24;50;97;4.20;3;2;1;56;0;5549097;198;5548287
11;19;78;15;24;50;85;3.40;1;1;1;39;0;5549085;100;5548433
11;19;78;15;24;51;55;3.80;2;1;1;43;0;5549155;97;5548433
11;19;78;15;24;51;97;3.60;4;2;1;48;0;5549197;183;5548433
11;19;78;15;24;52;26;3.40;1;1;1;41;0;5549226;109;5548433
11;19;78;15;24;52;66;3.40;3;2;1;55;0;5549266;142;5548287
11;19;78;15;24;53;50;3.60;4;2;1;48;0;5549350;126;5548287
11;19;78;15;24;54;36;3.60;3;2;1;53;0;5549436;147;5548287
11;19;78;15;24;53;66;19.80;1;1;5;40;0;5549366;110;5548433
11;19;78;15;24;55;24;8.40;4;2;2;48;0;5549524;147;5548832
11;19;78;15;24;56;31;3.80;3;2;1;54;0;5549631;170;5548287
11;19;78;15;24;56;44;3.20;1;1;1;38;0;5549644;99;5548433
11;19;78;15;24;56;84;4.60;4;2;1;50;0;5549684;97;5548832
11;19;78;15;24;57;47;5.00;3;2;1;57;0;5549747;90;5548287
11;19;78;15;24;58;92;3.60;4;2;1;51;0;5549892;174;5548832
11;19;78;15;24;59;67;3.40;3;2;1;56;0;5549967;188;5548287
11;19;78;15;25;0;19;3.20;4;2;1;50;0;5550019;101;5548832
11;19;78;15;25;0;97;3.40;3;2;1;59;0;5550097;108;5548287
11;19;78;15;25;2;18;3.80;4;2;1;50;0;5550218;175;5548832
11;19;78;15;25;2;76;13.00;1;1;3;44;0;5550276;601;0
11;19;78;15;25;4;80;3.60;4;2;1;49;0;5550480;234;0
11;19;78;15;25;6;79;3.80;4;2;1;49;0;5550679;172;0
11;19;78;15;25;7;54;3.60;3;2;1;51;0;5550754;636;0
11;19;78;15;25;8;61;4.80;4;2;1;46;0;5550861;154;0
11;19;78;15;25;10;28;3.60;4;2;1;47;0;5551028;129;0
11;19;78;15;25;13;30;6.60;4;2;1;50;0;5551330;274;0
11;19;78;15;25;14;89;3.40;4;2;1;49;0;5551489;111;0
11;19;78;15;25;18;27;4.00;4;2;1;57;0;5551827;313;0
11;19;78;15;25;18;75;4.80;2;1;1;117;0;5551875;2688;0
11;19;78;15;25;19;57;3.80;1;1;1;53;0;5551957;1574;0
11;19;78;15;25;23;19;3.40;1;1;1;51;0;5552319;336;0
11;19;78;15;25;24;97;4.00;3;2;1;61;0;5552497;1717;0
11;19;78;15;25;31;71;3.40;4;2;1;48;0;5553171;1318;0
11;19;78;15;25;33;26;4.40;4;2;1;43;0;5553326;129;0
11;19;78;15;25;35;57;3.80;3;2;1;58;0;5553557;1036;0
11;19;78;15;25;36;66;3.40;1;1;1;53;0;5553666;1323;0
11;19;78;15;25;40;10;3.00;4;2;1;65;0;5554010;647;0
11;19;78;15;25;40;59;2.80;3;2;1;53;0;5554059;478;0
11;19;78;15;25;42;56;3.40;1;1;1;60;0;5554256;566;0
11;19;78;15;25;45;24;3.60;3;2;1;63;0;5554524;445;0
11;19;78;15;25;46;98;3.20;1;1;1;62;0;5554698;421;0
11;19;78;15;25;47;4;3.80;3;2;1;59;0;5554704;159;0
11;19;78;15;25;47;20;9.60;4;2;2;61;0;5554720;693;0
11;19;78;15;25;48;12;3.20;3;2;1;55;0;5554812;84;0
11;19;78;15;25;49;36;3.80;3;2;1;57;0;5554936;103;0
11;19;78;15;25;49;52;3.40;2;1;1;63;0;5554952;3062;0
11;19;78;15;25;50;77;3.60;4;2;1;57;0;5555077;300;0
11;19;78;15;25;51;66;9.00;2;1;2;60;0;5555166;194;0
11;19;78;15;25;52;12;3.80;1;1;1;59;0;5555212;495;0
11;19;78;15;25;53;92;4.60;4;2;1;55;0;5555392;292;0
11;19;78;15;25;54;58;4.20;2;1;1;57;0;5555458;238;0
11;19;78;15;25;55;38;3.00;1;1;1;53;0;5555538;302;0
11;19;78;15;25;55;41;3.40;3;2;1;58;0;5555541;581;0
11;19;78;15;25;55;98;3.80;2;1;1;55;0;5555598;113;0
11;19;78;15;25;56;54;3.40;1;1;1;54;0;5555654;95;0
11;19;78;15;25;56;63;3.20;4;2;1;53;0;5555663;240;0
11;19;78;15;25;57;76;3.60;2;1;1;54;0;5555776;153;0
11;19;78;15;25;59;16;3.40;2;1;1;52;0;5555916;116;0
11;19;78;15;25;59;27;3.80;4;2;1;52;0;5555927;242;0
11;19;78;15;25;59;70;3.60;3;2;1;58;0;5555970;407;0
11;19;78;15;25;59;68;3.40;1;1;1;52;0;5555968;291;0
11;19;78;15;26;1;21;3.80;2;1;1;53;0;5556121;181;5555458
11;19;78;15;26;1;85;3.80;4;2;1;60;0;5556185;231;0
11;19;78;15;26;2;24;3.80;3;2;1;59;0;5556224;231;0
11;19;78;15;26;2;27;4.40;1;1;1;55;0;5556227;235;0
11;19;78;15;26;3;59;3.20;2;1;1;54;0;5556359;212;0
11;19;78;15;26;3;81;4.60;4;2;1;63;0;5556381;173;0
11;19;78;15;26;4;63;3.00;1;1;1;54;0;5556463;207;0
11;19;78;15;26;6;37;3.80;1;1;1;53;0;5556637;154;0
11;19;78;15;26;6;63;3.20;4;2;1;64;0;5556663;255;0
11;19;78;15;26;6;81;3.40;2;1;1;52;0;5556681;300;0
11;19;78;15;26;7;57;4.00;1;1;1;51;0;5556757;94;0
11;19;78;15;26;8;59;4.00;2;1;1;51;0;5556859;154;0
11;19;78;15;26;9;41;3.40;3;2;1;72;0;5556941;693;0
11;19;78;15;26;10;28;3.80;4;2;1;59;0;5557028;347;0
11;19;78;15;26;10;48;3.40;3;2;1;70;0;5557048;90;0
11;19;78;15;26;11;84;3.60;3;2;1;66;0;5557184;118;0
11;19;78;15;26;12;38;3.40;1;1;1;52;0;5557238;452;0
11;19;78;15;26;12;63;3.60;2;1;1;48;0;5557263;375;0
11;19;78;15;26;13;92;3.60;1;1;1;49;0;5557392;130;0
11;19;78;15;26;14;55;3.40;3;2;1;61;0;5557455;251;0
11;19;78;15;26;15;27;3.60;2;1;1;51;0;5557527;237;0
11;19;78;15;26;15;99;3.60;3;2;1;61;0;5557599;123;0
11;19;78;15;26;16;5;3.40;1;1;1;46;0;5557605;186;0
11;19;78;15;26;16;93;3.60;2;1;1;50;0;5557693;140;0
11;19;78;15;26;17;0;3.20;1;1;1;44;0;5557700;68;0
11;19;78;15;26;17;7;4.40;3;2;1;60;0;5557707;86;0
11;19;78;15;26;17;96;3.00;3;2;1;60;0;5557796;62;0
11;19;78;15;26;17;84;3.60;1;1;1;42;0;5557784;57;5557238
11;19;78;15;26;18;74;3.20;2;1;1;51;0;5557874;155;5557238
11;19;78;15;26;18;27;24.60;4;2;5;62;0;5557827;775;0
11;19;78;15;26;20;53;3.60;2;1;1;50;0;5558053;156;0
11;19;78;15;26;20;86;3.00;1;1;1;54;0;5558086;271;0
11;19;78;15;26;20;93;3.60;3;2;1;59;0;5558093;279;0
11;19;78;15;26;22;10;3.40;4;2;1;59;0;5558210;240;0
11;19;78;15;26;22;29;3.40;3;2;1;61;0;5558229;114;0
11;19;78;15;26;22;44;3.60;2;1;1;51;0;5558244;165;5557527
11;19;78;15;26;23;24;3.80;4;2;1;58;0;5558324;93;5557527
11;19;78;15;26;23;31;3.80;1;1;1;51;0;5558331;225;0
11;19;78;15;26;24;23;3.00;2;1;1;45;0;5558423;153;5557527
11;19;78;15;26;25;11;3.60;3;2;1;60;0;5558511;261;0
11;19;78;15;26;25;35;3.40;4;2;1;56;0;5558535;187;0
11;19;78;15;26;25;99;4.40;1;1;1;53;0;5558599;241;0
11;19;78;15;26;26;96;4.20;3;2;1;63;0;5558696;163;0
11;19;78;15;26;27;22;5.60;4;2;1;53;0;5558722;165;0
11;19;78;15;26;28;20;4.20;1;1;1;46;0;5558820;191;0
11;19;78;15;26;28;41;12.00;2;1;2;49;0;5558841;394;0
11;19;78;15;26;29;58;3.20;4;2;1;55;0;5558958;197;5558210
11;19;78;15;26;29;67;4.00;3;2;1;62;0;5558967;247;0
11;19;78;15;26;29;91;3.40;2;1;1;48;0;5558991;61;0
11;19;78;15;26;30;2;3.60;1;1;1;45;0;5559002;149;0
11;19;78;15;26;30;53;4.80;4;2;1;55;0;5559053;74;5558210
11;19;78;15;26;31;27;3.00;1;1;1;45;0;5559127;96;5558210
11;19;78;15;26;31;69;5.60;3;2;1;64;0;5559169;178;5558210
11;19;78;15;26;32;60;3.80;4;2;1;54;0;5559260;175;5558210
11;19;78;15;26;32;65;3.60;1;1;1;42;0;5559265;114;5558599
11;19;78;15;26;33;29;3.40;2;1;1;53;0;5559329;312;0
11;19;78;15;26;34;48;3.20;3;2;1;59;0;5559448;247;0
11;19;78;15;26;34;74;3.00;1;1;1;39;0;5559474;178;5558599
11;19;78;15;26;35;21;3.80;2;1;1;52;0;5559521;168;5558599
11;19;78;15;26;35;43;3.60;3;2;1;61;0;5559543;75;5558599
11;19;78;15;26;35;69;3.80;4;2;1;52;0;5559569;283;0
11;19;78;15;26;37;12;3.60;2;1;1;49;0;5559712;164;0
11;19;78;15;26;37;30;3.40;4;2;1;51;0;5559730;134;0
11;19;78;15;26;37;57;3.20;3;2;1;61;0;5559757;192;0
11;19;78;15;26;38;52;3.80;3;2;1;60;0;5559852;76;0
11;19;78;15;26;39;8;3.20;2;1;1;48;0;5559908;169;0
11;19;78;15;26;39;16;3.60;4;2;1;52;0;5559916;162;0
11;19;78;15;26;38;24;14.40;1;1;4;44;0;5559824;322;0
11;19;78;15;26;40;16;3.80;3;2;1;59;0;5560016;141;5559448
11;19;78;15;26;40;82;3.40;4;2;1;54;0;5560082;141;5559448
11;19;78;15;26;40;86;4.00;2;1;1;47;0;5560086;154;5559329
11;19;78;15;26;41;6;3.80;1;1;1;45;0;5560106;164;5559329
11;19;78;15;26;41;50;4.80;3;2;1;58;0;5560150;110;5559448
11;19;78;15;26;42;37;3.40;4;2;1;53;0;5560237;132;5559569
11;19;78;15;26;42;60;4.40;2;1;1;44;0;5560260;143;5559329
11;19;78;15;26;43;36;3.40;1;1;1;45;0;5560336;199;5559329
11;19;78;15;26;43;87;3.60;3;2;1;59;0;5560387;207;0
11;19;78;15;26;44;19;3.60;4;2;1;52;0;5560419;158;5559569
11;19;78;15;26;44;32;3.40;2;1;1;41;0;5560432;136;5559329
11;19;78;15;26;45;7;3.80;3;2;1;57;0;5560507;98;5559329
11;19;78;15;26;45;4;3.00;1;1;1;44;0;5560504;140;5559329
11;19;78;15;26;45;59;3.80;4;2;1;50;0;5560559;115;5559569
11;19;78;15;26;47;54;3.60;3;2;1;59;0;5560754;223;0
11;19;78;15;26;47;65;3.60;4;2;1;49;0;5560765;178;5559569
11;19;78;15;26;47;77;3.40;1;1;1;35;0;5560777;248;0
11;19;78;15;26;48;98;3.60;4;2;1;49;0;5560898;106;5559569
11;19;78;15;26;49;85;3.80;1;1;1;35;0;5560985;173;5559569
11;19;78;15;26;50;29;3.60;3;2;1;63;0;5561029;253;0
11;19;78;15;26;50;74;5.60;2;1;1;43;0;5561074;612;0
11;19;78;15;26;51;25;3.60;4;2;1;54;0;5561125;200;0
11;19;78;15;26;51;34;3.20;1;1;1;35;0;5561134;109;0
11;19;78;15;26;52;66;3.20;1;1;1;35;0;5561266;99;0
11;19;78;15;26;54;34;3.20;3;2;1;57;0;5561434;384;0
11;19;78;15;26;55;14;3.20;1;1;1;34;0;5561514;215;0
11;19;78;15;26;56;14;3.20;3;2;1;56;0;5561614;159;0
11;19;78;15;26;56;81;4.00;2;1;1;58;0;5561681;560;0
11;19;78;15;26;56;67;3.40;1;1;1;36;0;5561667;119;0
11;19;78;15;26;59;20;4.00;1;1;1;38;0;5561920;219;0
11;19;78;15;27;1;41;4.00;3;2;1;60;0;5562141;506;0
11;19;78;15;27;1;55;3.40;1;1;1;38;0;5562155;197;0
11;19;78;15;27;8;53;3.20;4;2;1;58;0;5562853;1704;0
11;19;78;15;27;10;83;3.20;2;1;1;54;0;5563083;1377;0
11;19;78;15;27;10;78;3.80;4;2;1;54;0;5563078;205;0
11;19;78;15;27;12;18;4.00;3;2;1;59;0;5563218;1053;0
11;19;78;15;27;15;22;3.60;4;2;1;54;0;5563522;418;0
11;19;78;15;27;20;23;3.60;3;2;1;59;0;5564023;780;0
11;19;78;15;27;21;8;3.80;3;2;1;59;0;5564108;63;0
11;19;78;15;27;22;51;3.60;3;2;1;57;0;5564251;119;0
11;19;78;15;27;24;60;3.40;4;2;1;54;0;5564460;914;0
11;19;78;15;27;27;20;3.80;3;2;1;53;0;5564720;446;0
11;19;78;15;27;27;15;3.60;4;2;1;47;0;5564715;232;0
11;19;78;15;27;29;7;4.40;3;2;1;50;0;5564907;161;0
11;19;78;15;27;29;45;3.80;4;2;1;49;0;5564945;202;0
11;19;78;15;27;29;97;3.40;1;1;1;57;0;5564997;2809;0
11;19;78;15;27;30;15;3.40;3;2;1;48;0;5565015;76;0
11;19;78;15;27;30;53;3.40;4;2;1;48;0;5565053;80;0
11;19;78;15;27;32;38;4.60;4;2;1;57;0;5565238;159;0
11;19;78;15;27;33;20;3.20;1;1;1;60;0;5565320;301;0
11;19;78;15;27;34;66;5.20;2;1;1;62;0;5565466;2361;0
11;19;78;15;27;35;0;4.20;1;1;1;57;0;5565500;160;0
11;19;78;15;27;35;82;4.20;2;1;1;62;0;5565582;85;0
11;19;78;15;27;35;99;3.80;1;1;1;57;0;5565599;72;0
11;19;78;15;27;37;17;3.20;1;1;1;57;0;5565717;94;0
11;19;78;15;27;38;99;3.00;2;1;1;58;0;5565899;292;0
11;19;78;15;27;39;18;3.00;1;1;1;56;0;5565918;180;5565320
11;19;78;15;27;39;85;3.60;4;2;1;57;0;5565985;717;0
11;19;78;15;27;40;20;7.20;2;1;1;57;0;5566020;102;0
11;19;78;15;27;41;98;3.40;2;1;1;56;0;5566198;132;0
11;19;78;15;27;42;37;3.60;3;2;1;64;0;5566237;1196;0
11;19;78;15;27;43;22;3.00;4;2;1;48;0;5566322;314;0
11;19;78;15;27;43;57;3.80;2;1;1;56;0;5566357;137;0
11;19;78;15;27;45;23;3.80;2;1;1;55;0;5566523;141;5565899
11;19;78;15;27;45;45;3.60;3;2;1;57;0;5566545;287;0
11;19;78;15;27;46;29;5.00;1;1;1;48;0;5566629;691;0
11;19;78;15;27;47;53;3.40;2;1;1;65;0;5566753;205;0
11;19;78;15;27;47;82;3.60;4;2;1;59;0;5566782;437;0
11;19;78;15;27;48;16;4.00;2;1;1;56;0;5566816;44;0
11;19;78;15;27;49;26;3.40;1;1;1;54;0;5566926;259;0
11;19;78;15;27;50;8;3.20;3;2;1;63;0;5567008;440;0
11;19;78;15;27;50;52;3.20;4;2;1;53;0;5567052;248;0
11;19;78;15;27;50;51;5.60;1;1;1;53;0;5567051;102;0
11;19;78;15;27;51;72;3.40;4;2;1;52;0;5567172;98;0
11;19;78;15;27;52;41;8.00;1;1;6;55;0;5567241;151;0
11;19;78;15;27;53;22;3.40;3;2;1;54;0;5567322;295;0
11;19;78;15;27;53;27;3.40;2;1;1;51;0;5567327;485;0
11;19;78;15;27;53;81;3.20;4;2;1;51;0;5567381;185;0
11;19;78;15;27;54;66;3.60;1;1;1;56;0;5567466;172;0
11;19;78;15;27;54;86;3.60;3;2;1;56;0;5567486;141;0
11;19;78;15;27;55;4;4.20;2;1;1;51;0;5567504;153;0
11;19;78;15;27;55;26;3.40;4;2;1;51;0;5567526;122;0
11;19;78;15;27;56;32;3.80;2;1;1;51;0;5567632;98;0
11;19;78;15;27;56;52;4.80;1;1;1;53;0;5567652;162;5566926
11;19;78;15;27;57;36;4.40;4;2;1;46;0;5567736;186;5567052
11;19;78;15;27;57;67;3.60;3;2;1;58;0;5567767;257;0
11;19;78;15;27;57;61;3.80;2;1;1;52;0;5567761;102;0
11;19;78;15;27;58;22;3.20;1;1;1;52;0;5567822;137;5566926
11;19;78;15;27;58;51;3.80;3;2;1;57;0;5567851;61;5566926
11;19;78;15;27;59;34;3.80;4;2;1;47;0;5567934;163;5567052
11;19;78;15;27;59;68;3.40;1;1;1;46;0;5567968;123;5566926
11;19;78;15;27;59;91;4.20;3;2;1;57;0;5567991;116;5566926
11;19;78;15;28;0;75;3.60;2;1;1;50;0;5568075;287;0
11;19;78;15;28;1;87;3.60;3;2;1;56;0;5568187;169;0
11;19;78;15;28;2;53;3.80;1;1;1;49;0;5568253;258;0
11;19;78;15;28;2;47;3.60;4;2;1;45;0;5568247;283;0
11;19;78;15;28;4;1;3.60;2;1;1;53;0;5568401;300;0
11;19;78;15;28;4;47;3.80;4;2;1;47;0;5568447;171;0
11;19;78;15;28;4;83;9.40;3;2;2;53;0;5568483;272;0
11;19;78;15;28;5;30;3.00;1;1;1;49;0;5568530;249;0
11;19;78;15;28;5;91;4.00;4;2;1;46;0;5568591;114;0
11;19;78;15;28;6;11;3.00;2;1;1;54;0;5568611;185;0
11;19;78;15;28;6;7;3.40;3;2;1;51;0;5568607;60;0
11;19;78;15;28;6;96;3.40;1;1;1;47;0;5568696;143;0
11;19;78;15;28;7;28;3.40;2;1;1;53;0;5568728;97;0
11;19;78;15;28;7;55;3.60;4;2;1;47;0;5568755;132;0
11;19;78;15;28;8;18;3.40;3;2;1;61;0;5568818;187;0
11;19;78;15;28;8;38;3.20;1;1;1;47;0;5568838;115;0
11;19;78;15;28;8;90;3.40;4;2;1;44;0;5568890;107;5568247
11;19;78;15;28;9;64;3.40;2;1;1;48;0;5568964;212;0
11;19;78;15;28;9;97;3.00;3;2;1;57;0;5568997;158;0
11;19;78;15;28;10;37;3.00;4;2;1;45;0;5569037;119;5568247
11;19;78;15;28;9;62;3.00;1;1;1;17;0;5568962;99;5568247
11;19;78;15;28;11;20;5.00;2;1;1;49;0;5569120;130;5568247
11;19;78;15;28;11;46;3.20;4;2;1;45;0;5569146;85;5568247
11;19;78;15;28;11;96;3.40;1;1;1;45;0;5569196;170;5568530
11;19;78;15;28;12;8;3.60;3;2;1;53;0;5569208;192;5568483
11;19;78;15;28;12;98;3.60;1;1;1;44;0;5569298;74;5568530
11;19;78;15;28;13;11;3.80;2;1;1;50;0;5569311;154;5568530
11;19;78;15;28;13;14;4.00;4;2;1;38;0;5569314;142;5568247
11;19;78;15;28;13;65;3.60;3;2;1;53;0;5569365;132;5568483
11;19;78;15;28;14;45;3.80;2;1;1;50;0;5569445;106;5568483
11;19;78;15;28;14;45;3.80;1;1;1;42;0;5569445;117;5568530
11;19;78;15;28;15;2;3.20;4;2;1;37;0;5569502;150;5568247
11;19;78;15;28;15;83;3.60;2;1;1;48;0;5569583;110;5568964
11;19;78;15;28;15;95;3.80;3;2;1;51;0;5569595;205;0
11;19;78;15;28;15;94;3.60;1;1;1;40;0;5569594;116;5568530
11;19;78;15;28;16;45;3.60;4;2;1;37;0;5569645;111;5568247
11;19;78;15;28;16;97;3.60;3;2;1;49;0;5569697;75;5568247
11;19;78;15;28;17;42;3.60;2;1;1;48;0;5569742;132;5568964
11;19;78;15;28;17;92;3.40;1;1;1;45;0;5569792;165;5568530
11;19;78;15;28;17;99;3.40;3;2;1;51;0;5569799;75;5568530
11;19;78;15;28;17;81;3.60;4;2;1;36;0;5569781;100;5568247
11;19;78;15;28;19;36;5.00;2;1;1;46;0;5569936;167;5568964
11;19;78;15;28;20;84;4.80;2;1;1;45;0;5570084;108;5568964
11;19;78;15;28;20;97;3.40;1;1;1;44;0;5570097;277;0
11;19;78;15;28;21;59;3.80;3;2;1;50;0;5570159;336;0
11;19;78;15;28;21;88;3.60;4;2;1;34;0;5570188;371;0
11;19;78;15;28;22;37;4.60;2;1;1;47;0;5570237;114;5568964
11;19;78;15;28;22;76;3.80;1;1;1;46;0;5570276;151;5568964
11;19;78;15;28;23;47;3.60;3;2;1;49;0;5570347;160;5568964
11;19;78;15;28;23;20;2.80;4;2;1;34;0;5570320;93;5568964
11;19;78;15;28;23;97;3.20;1;1;1;44;0;5570397;91;5568964
11;19;78;15;28;24;13;3.80;2;1;1;48;0;5570413;140;5568964
11;19;78;15;28;24;60;3.20;4;2;1;34;0;5570460;110;5568964
11;19;78;15;28;25;28;3.20;3;2;1;46;0;5570528;154;5568964
11;19;78;15;28;25;40;3.60;1;1;1;45;0;5570540;116;5568964
11;19;78;15;28;25;53;3.80;4;2;1;31;0;5570553;59;5568964
11;19;78;15;28;26;74;4.60;3;2;1;46;0;5570674;120;5568964
11;19;78;15;28;27;1;3.20;1;1;1;45;0;5570701;132;5570097
11;19;78;15;28;26;97;3.60;4;2;1;30;0;5570697;99;5570188
11;19;78;15;28;27;86;3.40;2;1;1;47;0;5570786;344;0
11;19;78;15;28;28;69;3.00;3;2;1;48;0;5570869;159;5570159
11;19;78;15;28;28;36;3.40;4;2;1;28;0;5570836;95;5570188
11;19;78;15;28;29;51;3.40;2;1;1;47;0;5570951;138;5570188
11;19;78;15;28;30;5;3.40;1;1;1;52;0;5571005;278;0
11;19;78;15;28;31;19;3.80;3;2;1;40;0;5571119;227;0
11;19;78;15;28;31;86;3.60;2;1;1;50;0;5571186;208;0
11;19;78;15;28;31;1;4.00;4;2;1;25;0;5571101;221;0
11;19;78;15;28;32;75;3.60;1;1;1;57;0;5571275;246;0
11;19;78;15;28;32;55;3.60;4;2;1;25;0;5571255;96;0
11;19;78;15;28;33;46;3.60;2;1;1;49;0;5571346;134;0
11;19;78;15;28;33;63;3.20;3;2;1;42;0;5571363;209;0
11;19;78;15;28;33;60;14.80;1;1;4;53;0;5571360;62;0
11;19;78;15;28;35;4;3.80;2;1;1;51;0;5571504;131;0
11;19;78;15;28;34;44;3.20;4;2;1;27;0;5571444;137;0
11;19;78;15;28;35;29;3.00;3;2;1;41;0;5571529;138;0
11;19;78;15;28;42;15;3.20;3;2;1;54;0;5572215;659;0
11;19;78;15;28;43;55;3.60;1;1;1;65;0;5572355;894;0
11;19;78;15;28;45;60;3.40;1;1;1;60;0;5572560;185;0
11;19;78;15;28;51;32;3.40;1;1;1;53;0;5573132;551;0
11;19;78;15;28;51;30;3.60;2;1;1;58;0;5573130;1599;0
11;19;78;15;28;51;71;6.40;4;2;2;46;0;5573171;1684;0
11;19;78;15;28;52;91;7.00;3;2;1;54;0;5573291;1054;0
11;19;78;15;28;53;91;3.40;4;2;1;45;0;5573391;169;0
11;19;78;15;28;55;47;3.00;4;2;1;45;0;5573547;128;0
11;19;78;15;28;56;98;3.60;3;2;1;59;0;5573698;360;0
11;19;78;15;28;58;14;3.40;4;2;1;42;0;5573814;243;0
11;19;78;15;28;59;82;6.00;4;2;1;40;0;5573982;138;0
11;19;78;15;29;2;0;3.40;3;2;1;58;0;5574200;480;0
11;19;78;15;29;3;37;3.20;4;2;1;48;0;5574337;301;0
11;19;78;15;29;4;19;3.40;4;2;1;47;0;5574419;58;0
11;19;78;15;29;5;56;3.80;4;2;1;52;0;5574556;110;0
11;19;78;15;29;6;80;3.60;4;2;1;52;0;5574680;97;0
11;19;78;15;29;10;17;3.20;4;2;1;51;0;5575017;312;0
11;19;78;15;29;12;56;3.60;1;1;1;59;0;5575256;2100;0
11;19;78;15;29;18;57;3.60;3;2;1;60;0;5575857;1635;0
11;19;78;15;29;19;73;3.60;4;2;1;51;0;5575973;933;0
11;19;78;15;29;20;92;3.40;4;2;1;53;0;5576092;93;0
11;19;78;15;29;22;31;3.60;3;2;1;54;0;5576231;352;0
11;19;78;15;29;23;16;5.20;2;1;1;58;0;5576316;3163;0
11;19;78;15;29;23;65;4.40;1;1;1;57;0;5576365;1087;0
11;19;78;15;29;24;30;4.40;2;1;1;56;0;5576430;81;0
11;19;78;15;29;25;59;3.20;2;1;1;58;0;5576559;100;0
11;19;78;15;29;26;14;3.60;1;1;1;56;0;5576614;221;0
11;19;78;15;29;27;63;3.60;3;2;1;58;0;5576763;508;0
11;19;78;15;29;27;64;3.20;2;1;1;58;0;5576764;185;0
11;19;78;15;29;28;68;3.60;1;1;1;54;0;5576868;230;0
11;19;78;15;29;29;46;3.60;4;2;1;59;0;5576946;830;0
11;19;78;15;29;30;17;2.80;3;2;1;62;0;5577017;231;0
11;19;78;15;29;30;83;3.60;2;1;1;57;0;5577083;299;0
11;19;78;15;29;31;16;3.80;4;2;1;58;0;5577116;148;0
11;19;78;15;29;31;90;4.60;2;1;1;57;0;5577190;84;0
11;19;78;15;29;32;71;3.20;3;2;1;62;0;5577271;237;0
11;19;78;15;29;33;73;4.20;3;2;1;62;0;5577373;83;0
11;19;78;15;29;33;70;4.00;4;2;1;55;0;5577370;230;0
11;19;78;15;29;35;9;3.60;4;2;1;55;0;5577509;112;0
11;19;78;15;29;35;25;3.80;2;1;1;59;0;5577525;305;0
11;19;78;15;29;36;61;3.40;3;2;1;60;0;5577661;263;0
11;19;78;15;29;36;33;9.80;1;1;2;54;0;5577633;741;0
11;19;78;15;29;37;45;3.80;2;1;1;55;0;5577745;196;0
11;19;78;15;29;38;20;3.60;1;1;1;55;0;5577820;121;0
11;19;78;15;29;38;38;9.40;2;1;2;55;0;5577838;68;0
11;19;78;15;29;39;3;3.60;3;2;1;53;0;5577903;221;0
11;19;78;15;29;38;92;6.40;4;2;1;51;0;5577892;359;0
11;19;78;15;29;39;29;3.60;1;1;1;55;0;5577929;85;0
11;19;78;15;29;40;9;3.20;2;1;1;53;0;5578009;109;0
11;19;78;15;29;40;43;3.60;3;2;1;49;0;5578043;115;0
11;19;78;15;29;41;91;3.60;3;2;1;48;0;5578191;121;0
11;19;78;15;29;42;25;3.20;2;1;1;56;0;5578225;194;5577525
11;19;78;15;29;42;52;3.60;4;2;1;47;0;5578252;314;0
11;19;78;15;29;42;80;3.60;3;2;1;45;0;5578280;62;0
11;19;78;15;29;43;12;3.20;1;1;1;52;0;5578312;359;0
11;19;78;15;29;43;51;3.40;4;2;1;45;0;5578351;71;0
11;19;78;15;29;43;95;3.00;2;1;1;52;0;5578395;149;5577525
11;19;78;15;29;43;93;3.80;1;1;1;51;0;5578393;58;5577525
11;19;78;15;29;44;17;3.40;3;2;1;47;0;5578417;108;5577903
11;19;78;15;29;44;37;3.20;4;2;1;43;0;5578437;58;5577903
11;19;78;15;29;45;56;3.60;3;2;1;48;0;5578556;112;5577903
11;19;78;15;29;45;41;3.60;1;1;1;50;0;5578541;121;5577903
11;19;78;15;29;45;40;3.20;2;1;1;52;0;5578540;124;5577525
11;19;78;15;29;46;83;6.80;4;2;1;48;0;5578683;219;0
11;19;78;15;29;47;28;3.20;2;1;1;50;0;5578728;165;5577525
11;19;78;15;29;47;47;4.20;3;2;1;51;0;5578747;164;5577903
11;19;78;15;29;48;21;3.80;2;1;1;49;0;5578821;69;5577525
11;19;78;15;29;48;82;3.80;1;1;1;48;0;5578882;315;0
11;19;78;15;29;49;17;3.80;3;2;1;51;0;5578917;140;5577903
11;19;78;15;29;49;63;3.80;2;1;1;47;0;5578963;114;5577525
11;19;78;15;29;50;65;3.20;1;1;1;47;0;5579065;154;5577525
11;19;78;15;29;50;84;3.00;4;2;1;52;0;5579084;350;0
11;19;78;15;29;51;5;4.60;2;1;1;45;0;5579105;112;5577525
11;19;78;15;29;51;18;4.00;3;2;1;50;0;5579118;174;5577903
11;19;78;15;29;52;32;4.60;3;2;1;52;0;5579232;85;5577903
11;19;78;15;29;52;84;3.60;2;1;1;45;0;5579284;142;5577525
11;19;78;15;29;53;3;4.00;4;2;1;53;0;5579303;198;5577525
11;19;78;15;29;53;24;2.80;1;1;1;44;0;5579324;234;0
11;19;78;15;29;53;43;3.40;3;2;1;56;0;5579343;79;5577903
11;19;78;15;29;54;99;3.60;1;1;1;45;0;5579499;152;5577903
11;19;78;15;29;55;16;5.00;4;2;1;59;0;5579516;185;5577903
11;19;78;15;29;54;91;12.40;2;1;7;41;0;5579491;178;5577525
11;19;78;15;29;55;95;4.20;3;2;1;57;0;5579595;230;0
11;19;78;15;29;56;94;3.20;2;1;1;46;0;5579694;94;5577525
11;19;78;15;29;56;80;3.40;1;1;1;38;0;5579680;152;5577525
11;19;78;15;29;57;94;3.20;1;1;1;41;0;5579794;81;5577525
11;19;78;15;29;58;38;3.40;3;2;1;56;0;5579838;216;0
11;19;78;15;29;59;25;3.40;1;1;1;40;0;5579925;102;5579324
11;19;78;15;29;59;82;4.40;3;2;1;57;0;5579982;122;5579324
11;19;78;15;30;0;29;4.40;4;2;1;59;0;5580029;482;0
11;19;78;15;30;1;35;3.60;1;1;1;41;0;5580135;179;5579324
11;19;78;15;30;2;57;3.40;3;2;1;62;0;5580257;247;0
11;19;78;15;30;2;71;3.80;2;1;1;49;0;5580271;551;0
11;19;78;15;30;2;89;3.40;4;2;1;60;0;5580289;233;0
11;19;78;15;30;4;14;3.20;1;1;1;35;0;5580414;247;0
11;19;78;15;30;5;52;3.60;3;2;1;61;0;5580552;275;0
11;19;78;15;30;6;18;3.20;1;1;1;36;0;5580618;171;0
11;19;78;15;30;7;61;3.20;1;1;1;35;0;5580761;111;0
11;19;78;15;30;8;18;3.80;2;1;1;52;0;5580818;519;0
11;19;78;15;30;9;21;3.40;1;1;1;35;0;5580921;127;0
11;19;78;15;30;10;23;4.80;2;1;1;48;0;5581023;178;0
11;19;78;15;30;10;53;3.60;3;2;1;52;0;5581053;479;0
11;19;78;15;30;11;37;3.40;1;1;1;35;0;5581137;181;5580414
11;19;78;15;30;11;1;19.80;4;2;5;50;0;5581101;791;0
11;19;78;15;30;12;51;3.20;2;1;1;46;0;5581251;192;0
11;19;78;15;30;12;84;4.00;1;1;1;34;0;5581284;112;5580414
11;19;78;15;30;14;32;4.00;4;2;1;48;0;5581432;188;5580414
11;19;78;15;30;14;95;3.40;3;2;1;50;0;5581495;417;0
11;19;78;15;30;15;23;3.60;2;1;1;48;0;5581523;246;0
11;19;78;15;30;15;63;4.40;4;2;1;48;0;5581563;101;0
11;19;78;15;30;15;30;4.40;1;1;1;34;0;5581530;203;0
11;19;78;15;30;16;24;5.20;3;2;1;52;0;5581624;104;0
11;19;78;15;30;16;89;2.80;2;1;1;48;0;5581689;139;0
11;19;78;15;30;17;83;3.60;2;1;1;46;0;5581783;73;0
11;19;78;15;30;18;1;3.80;4;2;1;47;0;5581801;205;0
11;19;78;15;30;18;24;3.20;3;2;1;50;0;5581824;164;0
11;19;78;15;30;18;0;8.60;1;1;6;29;0;5581800;223;0
11;19;78;15;30;19;77;4.40;2;1;1;45;0;5581977;165;0
11;19;78;15;30;20;41;4.00;3;2;1;47;0;5582041;193;0
11;19;78;15;30;21;17;4.00;4;2;1;50;0;5582117;286;0
11;19;78;15;30;21;13;3.60;2;1;1;42;0;5582113;100;5581523
11;19;78;15;30;21;34;3.60;1;1;1;42;0;5582134;227;0
11;19;78;15;30;22;50;4.40;4;2;1;51;0;5582250;104;0
11;19;78;15;30;23;30;4.40;2;1;1;41;0;5582330;186;5581523
11;19;78;15;30;23;37;3.60;1;1;1;39;0;5582337;172;5581523
11;19;78;15;30;23;93;3.60;3;2;1;47;0;5582393;321;0
11;19;78;15;30;26;40;4.00;4;2;1;57;0;5582640;358;0
11;19;78;15;30;37;49;3.80;4;2;1;57;0;5583749;1083;0
11;19;78;15;30;37;59;3.60;3;2;1;60;0;5583759;1338;0
11;19;78;15;30;38;42;3.80;3;2;1;60;0;5583842;61;0
11;19;78;15;30;38;65;3.60;4;2;1;55;0;5583865;92;0
11;19;78;15;30;39;33;3.40;3;2;1;60;0;5583933;68;0
11;19;78;15;30;40;81;3.60;4;2;1;54;0;5584081;192;0
11;19;78;15;30;41;46;3.60;3;2;1;55;0;5584146;192;0
11;19;78;15;30;42;46;4.00;3;2;1;54;0;5584246;76;5583759
11;19;78;15;30;42;76;3.40;4;2;1;56;0;5584276;171;5583759
11;19;78;15;30;45;16;4.00;4;2;1;58;0;5584516;218;0
11;19;78;15;30;49;78;3.40;3;2;1;52;0;5584978;705;0
11;19;78;15;30;52;18;4.60;4;2;1;57;0;5585218;677;0
11;19;78;15;30;54;40;4.00;1;1;1;59;0;5585440;3069;0
11;19;78;15;30;54;96;4.00;3;2;1;63;0;5585496;494;0
11;19;78;15;30;57;74;3.60;4;2;1;64;0;5585774;526;0
11;19;78;15;30;58;10;3.60;1;1;1;55;0;5585810;345;0
11;19;78;15;31;2;5;3.80;3;2;1;63;0;5586205;686;0
11;19;78;15;31;3;49;3.80;4;2;1;58;0;5586349;554;0
11;19;78;15;31;4;2;6.00;2;1;1;58;0;5586402;4033;0
11;19;78;15;31;4;63;3.60;3;2;1;59;0;5586463;236;0
11;19;78;15;31;6;2;3.80;3;2;1;62;0;5586602;117;0
11;19;78;15;31;6;86;3.40;4;2;1;58;0;5586686;313;0
11;19;78;15;31;8;28;3.80;4;2;1;60;0;5586828;120;0
11;19;78;15;31;8;38;3.60;1;1;1;57;0;5586838;1004;0
11;19;78;15;31;10;9;3.20;2;1;1;59;0;5587009;569;0
11;19;78;15;31;10;7;3.60;1;1;1;57;0;5587007;146;0
11;19;78;15;31;10;50;3.40;3;2;1;57;0;5587050;425;0
11;19;78;15;31;10;62;3.80;4;2;1;58;0;5587062;211;0
11;19;78;15;31;11;60;3.20;1;1;1;54;0;5587160;130;0
11;19;78;15;31;12;65;3.60;2;1;1;55;0;5587265;236;0
11;19;78;15;31;13;32;4.00;1;1;1;54;0;5587332;150;0
11;19;78;15;31;13;61;4.40;3;2;1;56;0;5587361;289;0
11;19;78;15;31;15;37;3.80;1;1;1;55;0;5587537;178;5586838
11;19;78;15;31;15;86;3.40;2;1;1;56;0;5587586;297;0
11;19;78;15;31;16;22;3.00;3;2;1;56;0;5587622;232;0
11;19;78;15;31;17;20;3.60;3;2;1;54;0;5587720;78;0
11;19;78;15;31;17;49;3.80;2;1;1;51;0;5587749;141;0
11;19;78;15;31;18;32;3.60;1;1;1;51;0;5587832;270;0
11;19;78;15;31;18;37;6.00;3;2;1;54;0;5587837;93;0
11;19;78;15;31;19;51;3.60;3;2;1;51;0;5587951;74;0
11;19;78;15;31;19;75;3.60;1;1;1;51;0;5587975;117;0
11;19;78;15;31;20;77;3.60;1;1;1;51;0;5588077;76;0
11;19;78;15;31;21;31;3.80;3;2;1;52;0;5588131;154;5587622
11;19;78;15;31;22;77;3.60;1;1;1;48;0;5588277;174;5587622
11;19;78;15;31;22;81;3.60;3;2;1;56;0;5588281;123;5587622
11;19;78;15;31;23;5;4.80;4;2;1;60;0;5588305;1219;0
11;19;78;15;31;24;36;4.00;3;2;1;57;0;5588436;131;5587622
11;19;78;15;31;24;58;3.60;4;2;1;57;0;5588458;124;5587622
11;19;78;15;31;24;76;3.60;1;1;1;47;0;5588476;172;5587832
11;19;78;15;31;25;36;3.00;2;1;1;53;0;5588536;760;0
11;19;78;15;31;25;97;4.60;1;1;1;47;0;5588597;93;5587832
11;19;78;15;31;26;70;3.20;3;2;1;57;0;5588670;208;0
11;19;78;15;31;27;3;3.80;2;1;1;48;0;5588703;146;0
11;19;78;15;31;27;63;3.60;4;2;1;53;0;5588763;282;0
11;19;78;15;31;28;36;3.80;3;2;1;57;0;5588836;145;0
11;19;78;15;31;28;89;5.00;2;1;1;49;0;5588889;157;0
11;19;78;15;31;29;67;3.40;4;2;1;52;0;5588967;179;0
11;19;78;15;31;30;53;4.40;3;2;1;62;0;5589053;193;0
11;19;78;15;31;30;45;3.20;1;1;1;51;0;5589045;412;0
11;19;78;15;31;30;35;4.00;2;1;1;45;0;5589035;109;0
11;19;78;15;31;32;53;3.60;2;1;1;47;0;5589253;186;5588536
11;19;78;15;31;32;93;3.20;1;1;1;51;0;5589293;225;0
11;19;78;15;31;34;41;3.40;1;1;1;52;0;5589441;125;0
11;19;78;15;31;34;52;3.00;2;1;1;46;0;5589452;171;5588536
11;19;78;15;31;35;46;4.40;3;2;1;57;0;5589546;467;0
11;19;78;15;31;35;46;3.80;4;2;1;50;0;5589546;555;0
11;19;78;15;31;36;6;4.40;2;1;1;47;0;5589606;130;5588536
11;19;78;15;31;36;64;3.80;4;2;1;50;0;5589664;90;5588536
11;19;78;15;31;36;83;3.60;3;2;1;57;0;5589683;109;5588536
11;19;78;15;31;36;80;5.20;1;1;1;50;0;5589680;215;0
11;19;78;15;31;37;93;3.80;2;1;1;49;0;5589793;153;5588536
11;19;78;15;31;38;4;3.80;3;2;1;58;0;5589804;98;5588536
11;19;78;15;31;38;0;3.40;4;2;1;49;0;5589800;108;5588536
11;19;78;15;31;39;90;3.80;1;1;1;47;0;5589990;272;0
11;19;78;15;31;40;83;3.40;2;1;1;46;0;5590083;262;0
11;19;78;15;31;40;96;3.20;3;2;1;58;0;5590096;268;0
11;19;78;15;31;42;32;3.20;3;2;1;56;0;5590232;116;0
11;19;78;15;31;42;38;4.00;2;1;1;46;0;5590238;128;0
11;19;78;15;31;42;69;3.40;1;1;1;46;0;5590269;249;0
11;19;78;15;31;43;88;12.60;4;2;3;46;0;5590388;563;0
11;19;78;15;31;44;83;4.60;3;2;1;55;0;5590483;230;0
11;19;78;15;31;44;90;4.80;1;1;1;46;0;5590490;194;0
11;19;78;15;31;45;82;3.00;4;2;1;49;0;5590582;95;0
11;19;78;15;31;46;85;3.00;3;2;1;58;0;5590685;171;0
11;19;78;15;31;47;70;3.60;4;2;1;45;0;5590770;165;0
11;19;78;15;31;47;21;3.80;1;1;1;42;0;5590721;193;0
11;19;78;15;31;48;29;3.20;1;1;1;42;0;5590829;75;0
11;19;78;15;31;48;85;3.40;3;2;1;52;0;5590885;181;0
11;19;78;15;31;49;11;3.60;4;2;1;44;0;5590911;112;0
11;19;78;15;31;49;15;3.40;2;1;1;41;0;5590915;645;0
11;19;78;15;31;50;34;4.00;2;1;1;44;0;5591034;89;0
11;19;78;15;31;50;65;3.60;1;1;1;38;0;5591065;208;0
11;19;78;15;31;51;4;3.20;4;2;1;42;0;5591104;163;5590388
11;19;78;15;31;52;36;3.40;1;1;1;40;0;5591236;136;5590388
11;19;78;15;31;53;52;3.80;4;2;1;39;0;5591352;220;0
11;19;78;15;31;54;21;3.00;2;1;1;47;0;5591421;354;0
11;19;78;15;31;53;93;5.20;1;1;1;39;0;5591393;126;0
11;19;78;15;31;54;66;2.40;3;2;0;47;1;5591466;557;0
11;19;78;15;31;55;22;3.60;1;1;1;38;0;5591522;81;0
11;19;78;15;31;56;59;3.60;2;1;1;57;0;5591659;215;0
11;19;78;15;31;56;72;5.00;4;2;1;44;0;5591672;284;0
11;19;78;15;31;57;0;3.80;1;1;1;37;0;5591700;143;5591065
11;19;78;15;31;58;47;3.60;1;1;1;36;0;5591847;110;5591065
11;19;78;15;31;58;80;3.60;4;2;1;45;0;5591880;167;5591065
11;19;78;15;31;59;51;3.80;2;1;1;54;0;5591951;269;0
11;19;78;15;32;0;31;3.80;4;2;1;42;0;5592031;122;0
11;19;78;15;32;0;39;3.00;1;1;1;32;0;5592039;156;5591065
11;19;78;15;32;1;22;3.80;2;1;1;52;0;5592122;145;5591065
11;19;78;15;32;2;63;3.20;1;1;1;34;0;5592263;190;5591065
11;19;78;15;32;3;45;3.80;2;1;1;41;0;5592345;196;5591065
11;19;78;15;32;5;44;3.20;1;1;1;40;0;5592544;247;0
11;19;78;15;32;7;0;3.20;1;1;1;40;0;5592700;127;0
11;19;78;15;32;9;91;8.60;1;1;2;40;0;5592991;262;0
11;19;78;15;32;11;57;3.60;3;2;1;65;0;5593157;2248;0
11;19;78;15;32;12;21;4.00;1;1;1;40;0;5593221;152;0
11;19;78;15;32;13;65;3.60;4;2;1;63;0;5593365;1301;0
11;19;78;15;32;14;57;3.60;1;1;1;37;0;5593457;200;0
11;19;78;15;32;19;27;3.60;4;2;1;51;0;5593927;541;0
11;19;78;15;32;21;3;3.60;4;2;1;52;0;5594103;150;0
11;19;78;15;32;21;25;3.40;3;2;1;59;0;5594125;948;0
11;19;78;15;32;23;25;5.00;3;2;1;52;0;5594325;179;0
11;19;78;15;32;23;96;5.60;4;2;1;46;0;5594396;268;0
11;19;78;15;32;25;20;3.80;3;2;1;51;0;5594520;160;0
11;19;78;15;32;25;76;3.40;4;2;1;46;0;5594576;136;0
11;19;78;15;32;26;61;3.00;4;2;1;45;0;5594661;58;0
11;19;78;15;32;28;63;3.40;3;2;1;54;0;5594863;316;0
11;19;78;15;32;28;78;3.40;4;2;1;50;0;5594878;193;0
11;19;78;15;32;30;60;3.40;3;2;1;50;0;5595060;174;0
11;19;78;15;32;34;24;3.80;4;2;1;51;0;5595424;521;0
11;19;78;15;32;36;56;3.20;4;2;1;50;0;5595656;205;0
11;19;78;15;32;39;84;3.80;4;2;1;51;0;5595984;304;0
11;19;78;15;32;40;60;4.40;3;2;1;61;0;5596060;975;0
11;19;78;15;32;41;66;3.60;4;2;1;46;0;5596166;155;0
11;19;78;15;32;45;42;3.40;3;2;1;54;0;5596542;456;0
11;19;78;15;32;46;12;3.80;4;2;1;57;0;5596612;417;0
11;19;78;15;32;46;27;3.60;2;1;1;54;0;5596627;4248;0
11;19;78;15;32;47;59;3.00;4;2;1;56;0;5596759;123;0
11;19;78;15;32;50;47;3.80;1;1;1;62;0;5597047;3554;0
11;19;78;15;32;51;27;3.20;3;2;1;59;0;5597127;562;0
11;19;78;15;32;52;34;3.20;1;1;1;59;0;5597234;164;0
11;19;78;15;32;53;8;3.40;3;2;1;57;0;5597308;161;0
11;19;78;15;32;53;32;3.80;2;1;1;63;0;5597332;681;0
11;19;78;15;32;53;50;3.80;4;2;1;56;0;5597350;571;0
11;19;78;15;32;54;77;4.40;2;1;1;53;0;5597477;123;0
11;19;78;15;32;54;91;3.40;3;2;1;51;0;5597491;161;0
11;19;78;15;32;57;29;4.00;3;2;1;52;0;5597729;214;0
11;19;78;15;32;57;82;3.40;2;1;1;56;0;5597782;275;0
11;19;78;15;32;58;16;11.60;4;2;3;51;0;5597816;441;0
11;19;78;15;32;58;78;3.60;3;2;1;50;0;5597878;121;0
11;19;78;15;33;0;43;3.40;3;2;1;54;0;5598043;139;0
11;19;78;15;33;0;40;3.60;2;1;1;57;0;5598040;236;0
11;19;78;15;33;1;14;3.00;1;1;1;54;0;5598114;860;0
11;19;78;15;33;1;29;3.60;4;2;1;49;0;5598129;231;0
11;19;78;15;33;1;46;3.20;3;2;1;57;0;5598146;80;0
11;19;78;15;33;1;47;4.60;2;1;1;56;0;5598147;84;0
11;19;78;15;33;2;38;3.40;1;1;1;54;0;5598238;104;0
11;19;78;15;33;3;39;3.00;4;2;1;51;0;5598339;183;0
11;19;78;15;33;3;48;3.80;2;1;1;55;0;5598348;171;0
11;19;78;15;33;4;51;3.20;1;1;1;52;0;5598451;190;0
11;19;78;15;33;4;74;3.00;4;2;1;50;0;5598474;113;0
11;19;78;15;33;5;35;3.00;3;2;1;59;0;5598535;368;0
11;19;78;15;33;5;54;3.20;1;1;1;49;0;5598554;80;0
11;19;78;15;33;6;11;4.00;3;2;1;56;0;5598611;57;0
11;19;78;15;33;6;13;4.80;2;1;1;59;0;5598613;240;0
11;19;78;15;33;6;84;3.40;1;1;1;50;0;5598684;106;5598114
11;19;78;15;33;8;16;3.60;2;1;1;60;0;5598816;173;5598114
11;19;78;15;33;8;33;3.80;3;2;1;54;0;5598833;196;5598114
11;19;78;15;33;8;31;4.60;1;1;1;53;0;5598831;122;5598114
11;19;78;15;33;9;27;3.40;3;2;1;51;0;5598927;68;5598114
11;19;78;15;33;9;97;3.40;2;1;1;53;0;5598997;159;5598114
11;19;78;15;33;10;4;3.80;4;2;1;55;0;5599004;508;0
11;19;78;15;33;10;51;3.60;1;1;1;54;0;5599051;188;5598114
11;19;78;15;33;11;72;3.80;1;1;1;52;0;5599172;97;5598114
11;19;78;15;33;12;19;3.80;2;1;1;54;0;5599219;198;5598114
11;19;78;15;33;12;15;4.60;3;2;1;56;0;5599215;264;0
11;19;78;15;33;12;27;14.20;4;2;4;50;0;5599227;198;0
11;19;78;15;33;13;3;4.60;1;1;1;49;0;5599303;104;5598114
11;19;78;15;33;13;44;3.80;2;1;1;53;0;5599344;99;5598613
11;19;78;15;33;13;57;3.60;3;2;1;56;0;5599357;112;5598613
11;19;78;15;33;14;37;3.20;1;1;1;50;0;5599437;100;5598114
11;19;78;15;33;15;11;3.40;2;1;1;53;0;5599511;141;5598613
11;19;78;15;33;15;73;3.20;3;2;1;59;0;5599573;192;5598613
11;19;78;15;33;15;89;3.60;4;2;1;48;0;5599589;259;0
11;19;78;15;33;16;41;3.00;2;1;1;52;0;5599641;106;5598613
11;19;78;15;33;16;56;3.00;1;1;1;50;0;5599656;195;5598114
11;19;78;15;33;17;27;3.40;4;2;1;46;0;5599727;111;5598114
11;19;78;15;33;17;63;3.80;3;2;1;60;0;5599763;170;5598114
11;19;78;15;33;19;16;3.80;4;2;1;48;0;5599916;162;5598114
11;19;78;15;33;19;27;4.60;1;1;1;49;0;5599927;249;0
11;19;78;15;33;19;92;3.20;3;2;1;56;0;5599992;206;0
11;19;78;15;33;20;55;3.80;2;1;1;52;0;5600055;393;0
11;19;78;15;33;20;59;3.20;1;1;1;47;0;5600059;98;0
11;19;78;15;33;21;23;4.20;3;2;1;52;0;5600123;110;0
11;19;78;15;33;21;24;3.40;4;2;1;45;0;5600124;179;0
11;19;78;15;33;21;99;3.40;1;1;1;47;0;5600199;115;0
11;19;78;15;33;22;5;3.80;2;1;1;50;0;5600205;123;0
11;19;78;15;33;22;30;3.60;3;2;1;54;0;5600230;77;0
11;19;78;15;33;23;28;4.00;4;2;1;43;0;5600328;176;5599589
11;19;78;15;33;23;48;4.60;2;1;1;48;0;5600348;115;5599589
11;19;78;15;33;24;50;4.80;1;1;1;53;0;5600450;224;0
11;19;78;15;33;24;70;5.00;3;2;1;57;0;5600470;216;0
11;19;78;15;33;25;27;3.80;4;2;1;43;0;5600527;165;5599589
11;19;78;15;33;25;94;5.00;2;1;1;44;0;5600594;211;0
11;19;78;15;33;26;42;3.00;3;2;1;52;0;5600642;140;0
11;19;78;15;33;26;53;3.80;1;1;1;49;0;5600653;170;0
11;19;78;15;33;26;87;3.40;4;2;1;43;0;5600687;128;5599589
11;19;78;15;33;27;28;3.60;2;1;1;43;0;5600728;93;5599589
11;19;78;15;33;27;57;3.40;3;2;1;53;0;5600757;94;5599589
11;19;78;15;33;28;72;3.60;2;1;1;44;0;5600872;113;5599589
11;19;78;15;33;28;89;3.80;4;2;1;40;0;5600889;173;5599589
11;19;78;15;33;29;13;3.60;3;2;1;54;0;5600913;132;5599589
11;19;78;15;33;29;10;3.60;1;1;1;48;0;5600910;229;0
11;19;78;15;33;30;45;3.20;3;2;1;53;0;5601045;108;5600470
11;19;78;15;33;30;32;3.80;2;1;1;43;0;5601032;130;5600470
11;19;78;15;33;30;47;3.80;4;2;1;39;0;5601047;123;5599589
11;19;78;15;33;31;95;3.80;4;2;1;37;0;5601195;112;5599589
11;19;78;15;33;32;21;3.60;2;1;1;46;0;5601221;157;5600594
11;19;78;15;33;32;44;3.80;1;1;1;51;0;5601244;307;0
11;19;78;15;33;32;37;4.40;3;2;1;47;0;5601237;170;5600470
11;19;78;15;33;33;82;3.20;1;1;1;53;0;5601382;111;5600470
11;19;78;15;33;35;31;4.20;3;2;1;47;0;5601531;260;0
11;19;78;15;33;36;20;3.20;4;2;1;41;0;5601620;388;0
11;19;78;15;33;35;62;14.40;1;1;3;52;0;5601562;158;0
11;19;78;15;33;37;20;3.00;3;2;1;43;0;5601720;156;0
11;19;78;15;33;38;48;3.40;4;2;1;39;0;5601848;199;0
11;19;78;15;33;39;22;6.00;1;1;1;52;0;5601922;260;0
11;19;78;15;33;39;78;3.80;3;2;1;44;0;5601978;232;0
11;19;78;15;33;39;82;3.40;4;2;1;38;0;5601982;102;0
11;19;78;15;33;40;66;3.60;1;1;1;51;0;5602066;102;0
11;19;78;15;33;41;16;3.60;3;2;1;45;0;5602116;106;0
11;19;78;15;33;41;41;3.80;4;2;1;37;0;5602141;126;0
11;19;78;15;33;42;57;3.60;2;1;1;60;0;5602257;1007;0
11;19;78;15;33;42;42;3.60;3;2;1;46;0;5602242;97;0
11;19;78;15;33;43;17;3.80;4;2;1;36;0;5602317;139;5601620
11;19;78;15;33;43;75;3.40;1;1;1;56;0;5602375;283;0
11;19;78;15;33;44;74;5.60;1;1;1;50;0;5602474;77;0
11;19;78;15;33;44;91;3.40;3;2;1;46;0;5602491;220;0
11;19;78;15;33;45;74;3.60;2;1;1;58;0;5602574;295;0
11;19;78;15;33;45;95;3.80;4;2;1;40;0;5602595;240;0
11;19;78;15;33;46;86;3.40;3;2;1;46;0;5602686;168;0
11;19;78;15;33;47;79;3.80;2;1;1;54;0;5602779;182;0
11;19;78;15;33;47;61;3.60;4;2;1;41;0;5602761;131;0
11;19;78;15;33;49;22;3.40;2;1;1;53;0;5602922;117;0
11;19;78;15;33;49;83;3.80;1;1;1;58;0;5602983;468;0
11;19;78;15;33;51;57;3.40;2;1;1;49;0;5603157;211;0
11;19;78;15;33;52;7;3.80;4;2;1;56;0;5603207;414;0
11;19;78;15;33;53;3;3.60;1;1;1;55;0;5603303;296;0
11;19;78;15;33;54;79;12.60;1;1;3;49;0;5603479;152;0
11;19;78;15;33;55;97;3.60;2;1;1;56;0;5603597;415;0
11;19;78;15;33;56;31;4.20;4;2;1;56;0;5603631;399;0
11;19;78;15;33;56;69;3.40;3;2;1;59;0;5603669;956;0
11;19;78;15;33;56;78;14.60;1;1;3;49;0;5603678;106;0
11;19;78;15;33;58;23;3.60;3;2;1;56;0;5603823;133;0
11;19;78;15;33;58;50;4.60;2;1;1;54;0;5603850;229;0
11;19;78;15;33;59;45;3.60;3;2;1;57;0;5603945;98;0
11;19;78;15;34;0;12;3.60;1;1;1;51;0;5604012;226;0
11;19;78;15;34;1;63;3.60;3;2;1;59;0;5604163;195;0
11;19;78;15;34;1;90;3.60;4;2;1;54;0;5604190;532;0
11;19;78;15;34;3;90;3.80;3;2;1;56;0;5604390;205;0
11;19;78;15;34;4;12;3.80;4;2;1;52;0;5604412;198;0
11;19;78;15;34;4;55;3.60;1;1;1;53;0;5604455;417;0
11;19;78;15;34;5;66;3.60;4;2;1;54;0;5604566;127;0
11;19;78;15;34;6;70;3.00;1;1;1;49;0;5604670;190;0
11;19;78;15;34;7;89;3.20;3;2;1;46;0;5604789;374;0
11;19;78;15;34;8;1;4.00;4;2;1;54;0;5604801;211;0
11;19;78;15;34;11;11;3.80;4;2;1;58;0;5605111;283;0
11;19;78;15;34;19;50;13.40;1;1;4;60;0;5605950;1257;0
11;19;78;15;34;24;82;4.40;3;2;1;59;0;5606482;1667;0
11;19;78;15;34;25;50;3.60;4;2;1;56;0;5606550;1415;0
11;19;78;15;34;26;33;3.20;3;2;1;66;0;5606633;124;0
11;19;78;15;34;27;52;3.80;3;2;1;60;0;5606752;101;0
11;19;78;15;34;29;25;3.40;1;1;1;58;0;5606925;894;0
11;19;78;15;34;31;27;3.80;4;2;1;56;0;5607127;553;0
11;19;78;15;34;33;38;3.60;4;2;1;52;0;5607338;186;0
11;19;78;15;34;34;83;3.80;3;2;1;56;0;5607483;708;0
11;19;78;15;34;34;95;3.40;4;2;1;48;0;5607495;132;0
11;19;78;15;34;36;72;3.60;4;2;1;46;0;5607672;151;0
11;19;78;15;34;37;22;3.80;3;2;1;51;0;5607722;214;0
11;19;78;15;34;38;49;3.00;4;2;1;44;0;5607849;148;5607127
11;19;78;15;34;39;25;3.80;3;2;1;49;0;5607925;176;5607127
11;19;78;15;34;42;6;3.80;4;2;1;43;0;5608206;332;0
11;19;78;15;34;42;30;3.80;3;2;1;53;0;5608230;277;0
11;19;78;15;34;42;87;4.20;1;1;1;58;0;5608287;1340;0
11;19;78;15;34;43;65;3.20;4;2;1;45;0;5608365;127;0
11;19;78;15;34;44;4;3.80;2;1;1;54;0;5608404;4523;0
11;19;78;15;34;44;71;3.20;3;2;1;47;0;5608471;215;0
11;19;78;15;34;45;11;3.60;2;1;1;53;0;5608511;81;0
11;19;78;15;34;45;53;3.20;4;2;1;49;0;5608553;162;0
11;19;78;15;34;46;9;3.60;1;1;1;56;0;5608609;295;0
11;19;78;15;34;46;36;3.60;2;1;1;55;0;5608636;100;0
11;19;78;15;34;46;36;3.40;3;2;1;48;0;5608636;140;0
11;19;78;15;34;47;25;3.60;4;2;1;48;0;5608725;148;0
11;19;78;15;34;47;18;6.20;3;2;1;49;0;5608718;56;0
11;19;78;15;34;47;80;5.00;2;1;1;56;0;5608780;120;0
11;19;78;15;34;48;54;3.40;1;1;1;53;0;5608854;221;0
11;19;78;15;34;48;73;3.80;4;2;1;47;0;5608873;121;5608206
11;19;78;15;34;49;4;3.40;3;2;1;50;0;5608904;140;5608206
11;19;78;15;34;49;80;3.80;4;2;1;46;0;5608980;77;5608206
11;19;78;15;34;49;91;3.60;2;1;1;56;0;5608991;178;5608404
11;19;78;15;34;49;48;11.40;1;1;3;52;0;5608948;70;5608404
11;19;78;15;34;50;91;3.40;4;2;1;49;0;5609091;81;5608206
11;19;78;15;34;51;18;3.60;3;2;1;50;0;5609118;189;5608471
11;19;78;15;34;51;96;3.80;1;1;1;52;0;5609196;169;5608471
11;19;78;15;34;52;19;3.80;4;2;1;49;0;5609219;103;5608206
11;19;78;15;34;52;41;3.60;2;1;1;59;0;5609241;226;0
11;19;78;15;34;52;87;3.40;3;2;1;49;0;5609287;143;5608471
11;19;78;15;34;53;65;4.60;1;1;1;52;0;5609365;142;5608471
11;19;78;15;34;53;81;5.20;2;1;1;56;0;5609381;118;5608471
11;19;78;15;34;54;44;3.80;4;2;1;49;0;5609444;197;5608206
11;19;78;15;34;54;66;3.60;3;2;1;49;0;5609466;154;5608471
11;19;78;15;34;55;16;3.80;1;1;1;54;0;5609516;119;5608854
11;19;78;15;34;55;32;4.00;2;1;1;56;0;5609532;117;5608854
11;19;78;15;34;56;80;3.20;1;1;1;54;0;5609680;138;5608854
11;19;78;15;34;57;2;3.40;2;1;1;55;0;5609702;144;5608854
11;19;78;15;34;57;52;3.40;4;2;1;42;0;5609752;280;0
11;19;78;15;34;58;10;3.80;3;2;1;51;0;5609810;317;0
11;19;78;15;34;58;35;5.00;1;1;1;53;0;5609835;133;5608854
11;19;78;15;34;58;88;3.80;4;2;1;44;0;5609888;106;5608854
11;19;78;15;34;59;50;3.60;2;1;1;53;0;5609950;225;0
11;19;78;15;34;59;84;3.80;3;2;1;56;0;5609984;147;0
11;19;78;15;34;59;91;3.20;1;1;1;52;0;5609991;122;5608854
11;19;78;15;35;0;90;3.60;2;1;1;54;0;5610090;115;5608854
11;19;78;15;35;1;23;3.40;4;2;1;48;0;5610123;203;0
11;19;78;15;35;2;29;3.40;3;2;1;51;0;5610229;220;0
11;19;78;15;35;3;50;4.20;4;2;1;45;0;5610350;201;0
11;19;78;15;35;3;58;4.00;2;1;1;49;0;5610358;244;0
11;19;78;15;35;3;72;3.80;3;2;1;49;0;5610372;119;0
11;19;78;15;35;3;68;3.80;1;1;1;48;0;5610368;354;0
11;19;78;15;35;5;17;3.80;4;2;1;42;0;5610517;133;0
11;19;78;15;35;5;0;3.40;1;1;1;49;0;5610500;103;0
11;19;78;15;35;6;70;3.60;4;2;1;44;0;5610670;120;0
11;19;78;15;35;7;68;3.40;3;2;1;47;0;5610768;368;0
11;19;78;15;35;7;76;3.60;2;1;1;54;0;5610776;388;0
11;19;78;15;35;8;4;3.60;1;1;1;49;0;5610804;279;0
11;19;78;15;35;8;52;4.20;3;2;1;47;0;5610852;57;0
11;19;78;15;35;9;23;3.60;2;1;1;53;0;5610923;123;0
11;19;78;15;35;8;70;10.00;4;2;2;44;0;5610870;170;0
11;19;78;15;35;9;37;3.60;1;1;1;53;0;5610937;106;0
11;19;78;15;35;10;63;3.20;3;2;1;44;0;5611063;178;0
11;19;78;15;35;10;73;3.00;1;1;1;49;0;5611073;111;0
11;19;78;15;35;11;8;3.80;2;1;1;54;0;5611108;160;0
11;19;78;15;35;11;68;3.00;3;2;1;45;0;5611168;78;0
11;19;78;15;35;12;9;3.60;4;2;1;45;0;5611209;257;0
11;19;78;15;35;12;38;3.40;1;1;1;51;0;5611238;142;0
11;19;78;15;35;13;10;3.20;2;1;1;52;0;5611310;176;0
11;19;78;15;35;14;3;3.20;1;1;1;52;0;5611403;141;5610804
11;19;78;15;35;14;58;3.60;3;2;1;50;0;5611458;266;0
11;19;78;15;35;14;93;3.40;2;1;1;55;0;5611493;160;5610776
11;19;78;15;35;15;33;3.40;1;1;1;51;0;5611533;107;5610804
11;19;78;15;35;16;95;4.00;3;2;1;53;0;5611695;211;0
11;19;78;15;35;17;52;4.00;2;1;1;52;0;5611752;236;0
11;19;78;15;35;17;76;3.40;1;1;1;53;0;5611776;219;0
11;19;78;15;35;18;82;3.80;1;1;1;51;0;5611882;82;0
11;19;78;15;35;19;75;4.00;1;1;1;50;0;5611975;66;0
11;19;78;15;35;21;30;3.60;1;1;1;49;0;5612130;126;0
11;19;78;15;35;21;44;3.60;4;2;1;54;0;5612144;906;0
11;19;78;15;35;22;84;3.20;1;1;1;49;0;5612284;127;5611776
11;19;78;15;35;24;9;3.60;1;1;1;49;0;5612409;101;5611776
11;19;78;15;35;25;22;3.60;3;2;1;55;0;5612522;799;0
11;19;78;15;35;25;48;3.40;1;1;1;51;0;5612548;112;5611776
11;19;78;15;35;26;79;3.80;2;1;1;56;0;5612679;899;0
11;19;78;15;35;27;40;3.80;1;1;1;49;0;5612740;168;5611776
11;19;78;15;35;27;99;3.80;4;2;1;54;0;5612799;631;0
11;19;78;15;35;29;28;3.00;1;1;1;48;0;5612928;160;5611776
11;19;78;15;35;33;33;3.60;4;2;1;61;0;5613333;508;0
11;19;78;15;35;33;92;4.00;2;1;1;61;0;5613392;688;0
11;19;78;15;35;34;14;3.80;1;1;1;59;0;5613414;463;0
11;19;78;15;35;35;58;3.40;1;1;1;56;0;5613558;120;0
11;19;78;15;35;36;65;3.80;3;2;1;63;0;5613665;1119;0
11;19;78;15;35;36;86;3.80;4;2;1;63;0;5613686;331;0
11;19;78;15;35;38;26;3.60;3;2;1;59;0;5613826;139;0
11;19;78;15;35;39;40;3.80;4;2;1;57;0;5613940;232;0
11;19;78;15;35;41;6;3.40;4;2;1;52;0;5614106;142;0
11;19;78;15;35;41;42;3.40;3;2;1;61;0;5614142;294;0
11;19;78;15;35;43;49;3.00;3;2;1;55;0;5614349;186;0
11;19;78;15;35;44;91;3.20;4;2;1;53;0;5614491;361;0
11;19;78;15;35;49;23;3.80;4;2;1;51;0;5614923;410;0
11;19;78;15;35;51;27;3.60;2;1;1;52;0;5615127;1711;0
11;19;78;15;36;0;25;3.20;3;2;1;67;0;5616025;1656;0
11;19;78;15;36;0;5;11.80;4;2;3;59;0;5616005;1055;0
11;19;78;15;36;2;13;3.60;1;1;1;56;0;5616213;2633;0
11;19;78;15;36;2;30;3.60;2;1;1;53;0;5616230;1078;0
11;19;78;15;36;2;58;3.40;3;2;1;66;0;5616258;215;0
11;19;78;15;36;3;76;3.60;3;2;1;62;0;5616376;99;0
11;19;78;15;36;4;47;3.80;4;2;1;57;0;5616447;370;0
11;19;78;15;36;6;55;3.20;1;1;1;61;0;5616655;418;0
11;19;78;15;36;8;60;5.80;3;2;1;67;0;5616860;463;0
11;19;78;15;36;9;24;3.00;4;2;1;54;0;5616924;453;0
11;19;78;15;36;10;49;3.80;4;2;1;57;0;5617049;105;0
11;19;78;15;36;12;57;3.40;3;2;1;62;0;5617257;365;0
11;19;78;15;36;14;36;4.80;4;2;1;50;0;5617436;363;0
11;19;78;15;36;15;44;3.00;3;2;1;63;0;5617544;267;0
11;19;78;15;36;15;73;3.80;4;2;1;50;0;5617573;102;0
11;19;78;15;36;17;13;3.80;3;2;1;56;0;5617713;151;0
11;19;78;15;36;17;26;3.60;4;2;1;50;0;5617726;125;0
11;19;78;15;36;19;0;3.20;4;2;1;49;0;5617900;148;0
11;19;78;15;36;18;49;13.20;3;2;7;57;0;5617849;111;0
11;19;78;15;36;19;95;4.00;1;1;1;54;0;5617995;1321;0
11;19;78;15;36;21;91;4.80;4;2;1;53;0;5618191;267;0
11;19;78;15;36;23;38;3.60;3;2;1;56;0;5618338;405;0
11;19;78;15;36;24;19;3.20;4;2;1;51;0;5618419;195;0
11;19;78;15;36;24;83;3.40;3;2;1;55;0;5618483;121;0
11;19;78;15;36;25;31;3.80;4;2;1;51;0;5618531;89;0
11;19;78;15;36;26;69;3.80;3;2;1;54;0;5618669;163;0
11;19;78;15;36;27;64;3.80;4;2;1;50;0;5618764;206;0
11;19;78;15;36;28;24;3.60;3;2;1;50;0;5618824;129;0
11;19;78;15;36;30;3;4.20;3;2;1;51;0;5619003;153;5618338
11;19;78;15;36;31;5;3.80;4;2;1;51;0;5619105;313;0
11;19;78;15;36;31;51;4.20;3;2;1;52;0;5619151;118;5618338
11;19;78;15;36;32;21;3.00;4;2;1;50;0;5619221;89;5618338
11;19;78;15;36;32;89;4.60;3;2;1;49;0;5619289;108;5618338
11;19;78;15;36;33;6;4.40;4;2;1;49;0;5619306;63;5618338
11;19;78;15;36;35;42;3.40;3;2;1;49;0;5619542;219;0
11;19;78;15;36;35;59;3.80;4;2;1;45;0;5619559;220;0
11;19;78;15;36;37;3;3.60;4;2;1;45;0;5619703;113;0
11;19;78;15;36;37;52;3.00;3;2;1;49;0;5619752;185;0
11;19;78;15;36;37;64;5.40;2;1;1;62;0;5619764;3509;0
11;19;78;15;36;39;9;3.60;3;2;1;49;0;5619909;134;0
11;19;78;15;36;39;74;3.60;1;1;1;59;0;5619974;1952;0
11;19;78;15;36;39;89;3.80;4;2;1;52;0;5619989;257;0
11;19;78;15;36;40;7;3.80;2;1;1;57;0;5620007;211;0
11;19;78;15;36;40;92;3.80;4;2;1;49;0;5620092;76;0
11;19;78;15;36;41;10;3.60;3;2;1;47;0;5620110;174;0
11;19;78;15;36;42;20;3.60;1;1;1;59;0;5620220;224;0
11;19;78;15;36;42;74;3.20;4;2;1;49;0;5620274;154;0
11;19;78;15;36;42;60;3.60;3;2;1;42;0;5620260;122;5619542
11;19;78;15;36;43;5;3.60;2;1;1;56;0;5620305;274;0
11;19;78;15;36;43;66;4.00;1;1;1;57;0;5620366;124;0
11;19;78;15;36;44;90;3.20;3;2;1;44;0;5620490;199;5619542
11;19;78;15;36;45;15;3.20;4;2;1;45;0;5620515;217;0
11;19;78;15;36;45;47;3.80;2;1;1;57;0;5620547;218;0
11;19;78;15;36;46;34;3.60;3;2;1;45;0;5620634;117;5619542
11;19;78;15;36;46;90;4.00;1;1;1;57;0;5620690;298;0
11;19;78;15;36;47;47;3.00;4;2;1;40;0;5620747;206;0
11;19;78;15;36;48;42;3.80;1;1;1;54;0;5620842;126;0
11;19;78;15;36;48;35;3.40;3;2;1;43;0;5620835;172;5619542
11;19;78;15;36;49;18;3.40;4;2;1;36;0;5620918;144;5619542
11;19;78;15;36;50;46;3.40;4;2;1;37;0;5621046;94;5619542
11;19;78;15;36;50;67;3.20;2;1;1;54;0;5621067;496;0
11;19;78;15;36;50;60;3.60;1;1;1;52;0;5621060;192;0
11;19;78;15;36;51;78;3.60;1;1;1;50;0;5621178;93;0
11;19;78;15;36;52;40;4.60;2;1;1;55;0;5621240;151;0
11;19;78;15;36;52;57;3.60;4;2;1;35;0;5621257;177;0
11;19;78;15;36;52;92;4.60;1;1;1;53;0;5621292;88;5620690
11;19;78;15;36;52;69;4.20;3;2;1;38;0;5621269;405;0
11;19;78;15;36;53;70;4.20;2;1;1;54;0;5621370;99;0
11;19;78;15;36;54;58;3.40;4;2;1;34;0;5621458;163;5620747
11;19;78;15;36;55;55;3.20;2;1;1;53;0;5621555;157;5620747
11;19;78;15;36;56;86;3.40;1;1;1;55;0;5621686;362;0
11;19;78;15;36;57;17;3.40;4;2;1;33;0;5621717;223;0
11;19;78;15;36;59;86;11.40;1;1;3;48;0;5621986;277;0
11;19;78;15;37;0;65;3.80;2;1;1;51;0;5622065;488;0
11;19;78;15;37;2;15;3.40;2;1;1;48;0;5622215;123;0
11;19;78;15;37;2;37;4.40;1;1;1;44;0;5622237;165;0
11;19;78;15;37;4;23;5.60;2;1;1;45;0;5622423;182;0
11;19;78;15;37;4;41;3.40;1;1;1;41;0;5622441;168;0
11;19;78;15;37;6;24;3.80;3;2;1;62;0;5622624;1315;0
11;19;78;15;37;6;19;3.80;4;2;1;57;0;5622619;864;0
11;19;78;15;37;6;4;3.20;2;1;1;44;0;5622604;136;0
11;19;78;15;37;6;4;3.00;1;1;1;42;0;5622604;133;0
11;19;78;15;37;7;19;3.80;1;1;1;39;0;5622719;89;5621986
11;19;78;15;37;7;37;3.60;2;1;1;44;0;5622737;106;5622065
11;19;78;15;37;8;61;3.80;4;2;1;51;0;5622861;218;0
11;19;78;15;37;8;64;3.20;1;1;1;39;0;5622864;109;5621986
11;19;78;15;37;8;83;3.60;2;1;1;47;0;5622883;116;5622065
11;19;78;15;37;10;11;3.00;2;1;1;46;0;5623011;100;5622065
11;19;78;15;37;10;18;3.40;1;1;1;40;0;5623018;124;5621986
11;19;78;15;37;11;62;4.00;2;1;1;47;0;5623162;127;5622065
11;19;78;15;37;12;21;3.60;3;2;1;59;0;5623221;574;0
11;19;78;15;37;12;87;4.20;2;1;1;46;0;5623287;94;5622065
11;19;78;15;37;13;61;3.80;4;2;1;39;0;5623361;473;0
11;19;78;15;37;14;79;3.60;2;1;1;43;0;5623479;159;5622065
11;19;78;15;37;14;97;3.60;1;1;1;42;0;5623497;448;0
11;19;78;15;37;16;7;3.40;2;1;1;42;0;5623607;97;5622065
11;19;78;15;37;16;61;3.80;1;1;1;41;0;5623661;133;5622065
11;19;78;15;37;17;27;4.80;3;2;1;59;0;5623727;484;0
11;19;78;15;37;17;41;3.40;4;2;1;47;0;5623741;344;0
11;19;78;15;37;18;90;3.40;3;2;1;59;0;5623890;133;0
11;19;78;15;37;18;58;3.40;2;1;1;44;0;5623858;221;0
11;19;78;15;37;19;69;3.60;1;1;1;40;0;5623969;274;0
11;19;78;15;37;20;87;3.80;2;1;1;44;0;5624087;201;0
11;19;78;15;37;21;71;3.80;1;1;1;39;0;5624171;169;0
11;19;78;15;37;22;5;3.60;3;2;1;55;0;5624205;294;0
11;19;78;15;37;22;36;3.00;2;1;1;43;0;5624236;117;0
11;19;78;15;37;23;80;3.40;1;1;1;38;0;5624380;173;0
11;19;78;15;37;24;38;4.20;2;1;1;43;0;5624438;176;0
11;19;78;15;37;24;59;9.60;4;2;2;54;0;5624459;691;0
11;19;78;15;37;25;45;3.40;1;1;1;39;0;5624545;132;0
11;19;78;15;37;25;96;3.80;2;1;1;41;0;5624596;122;0
11;19;78;15;37;26;85;4.40;1;1;1;38;0;5624685;108;5623969
11;19;78;15;37;28;78;3.40;2;1;1;41;0;5624878;248;0
11;19;78;15;37;29;48;3.80;1;1;1;37;0;5624948;221;0
11;19;78;15;37;30;19;3.20;4;2;1;52;0;5625019;496;0
11;19;78;15;37;30;48;4.60;2;1;1;42;0;5625048;140;0
11;19;78;15;37;31;4;3.40;1;1;1;36;0;5625104;119;0
11;19;78;15;37;34;6;3.40;4;2;1;53;0;5625406;364;0
11;19;78;15;37;32;69;12.20;1;1;7;35;0;5625269;131;0
11;19;78;15;37;34;88;3.00;3;2;1;60;0;5625488;1259;0
11;19;78;15;37;36;32;3.00;3;2;1;61;0;5625632;126;0
11;19;78;15;37;35;89;3.40;1;1;1;32;0;5625589;194;0
11;19;78;15;37;36;50;3.60;4;2;1;53;0;5625650;220;0
11;19;78;15;37;37;19;3.60;2;1;1;56;0;5625719;631;0
11;19;78;15;37;38;68;3.60;1;1;1;32;0;5625868;240;0
11;19;78;15;37;39;86;3.60;3;2;1;57;0;5625986;336;0
11;19;78;15;37;40;66;5.40;2;1;1;54;0;5626066;323;0
11;19;78;15;37;40;69;3.80;1;1;1;32;0;5626069;160;0
11;19;78;15;37;41;82;3.00;4;2;1;55;0;5626182;507;0
11;19;78;15;37;42;46;3.80;3;2;1;59;0;5626246;237;0
11;19;78;15;37;44;22;3.40;4;2;1;58;0;5626422;220;0
11;19;78;15;37;44;67;4.00;3;2;1;59;0;5626467;197;0
11;19;78;15;37;45;51;4.40;1;1;1;36;0;5626551;439;0
11;19;78;15;37;47;62;3.40;4;2;1;59;0;5626762;318;0
11;19;78;15;37;47;70;3.40;3;2;1;57;0;5626770;278;0
11;19;78;15;37;47;66;3.80;1;1;1;37;0;5626766;171;0
11;19;78;15;37;49;4;4.00;3;2;1;57;0;5626904;112;0
11;19;78;15;37;49;61;3.80;4;2;1;61;0;5626961;178;0
11;19;78;15;37;49;47;3.80;1;1;1;38;0;5626947;144;0
11;19;78;15;37;50;20;3.80;3;2;1;59;0;5627020;90;0
11;19;78;15;37;50;93;4.60;4;2;1;55;0;5627093;109;0
11;19;78;15;37;51;79;3.40;3;2;1;58;0;5627179;135;0
11;19;78;15;37;52;31;3.80;4;2;1;60;0;5627231;107;0
11;19;78;15;37;52;49;3.40;1;1;1;36;0;5627249;266;0
11;19;78;15;37;52;81;4.60;3;2;1;58;0;5627281;80;5626770
11;19;78;15;37;53;70;3.80;1;1;1;36;0;5627370;87;5626770
11;19;78;15;37;54;17;3.60;4;2;1;55;0;5627417;163;5626762
11;19;78;15;37;54;96;3.80;3;2;1;57;0;5627496;186;5626770
11;19;78;15;37;56;9;3.60;4;2;1;54;0;5627609;168;5626762
11;19;78;15;37;56;40;3.60;3;2;1;59;0;5627640;120;5626770
11;19;78;15;37;58;95;3.00;3;2;1;57;0;5627895;233;0
11;19;78;15;37;59;79;3.60;4;2;1;55;0;5627979;346;0
11;19;78;15;38;1;71;3.00;3;2;1;52;0;5628171;257;0
11;19;78;15;38;2;94;3.80;3;2;1;50;0;5628294;102;0
11;19;78;15;38;3;14;3.40;4;2;1;54;0;5628314;311;0
11;19;78;15;38;4;91;3.60;4;2;1;48;0;5628491;154;0
11;19;78;15;38;5;68;3.00;3;2;1;46;0;5628568;246;0
11;19;78;15;38;7;25;3.40;3;2;1;47;0;5628725;133;0
11;19;78;15;38;8;28;3.60;3;2;1;46;0;5628828;76;0
11;19;78;15;38;8;40;3.00;4;2;1;51;0;5628840;322;0
11;19;78;15;38;9;52;3.20;3;2;1;45;0;5628952;95;0
11;19;78;15;38;10;45;3.60;4;2;1;50;0;5629045;183;0
11;19;78;15;38;11;13;3.80;3;2;1;48;0;5629113;135;5628568
11;19;78;15;38;11;98;3.40;4;2;1;49;0;5629198;127;5628568
11;19;78;15;38;12;80;2.80;3;2;1;49;0;5629280;138;5628568
11;19;78;15;38;13;85;3.80;3;2;1;46;0;5629385;84;5628568
11;19;78;15;38;13;92;3.80;4;2;1;48;0;5629392;169;5628568
11;19;78;15;38;15;18;4.40;3;2;1;44;0;5629518;103;5628568
11;19;78;15;38;15;50;3.80;4;2;1;45;0;5629550;129;5628840
11;19;78;15;38;16;48;3.20;4;2;1;47;0;5629648;67;5628840
11;19;78;15;38;16;51;3.60;3;2;1;45;0;5629651;97;5628568
11;19;78;15;38;17;33;4.40;3;2;1;40;0;5629733;53;5628568
11;19;78;15;38;17;71;3.80;4;2;1;46;0;5629771;98;5628840
11;19;78;15;38;20;70;3.60;4;2;1;43;0;5630070;269;0
11;19;78;15;38;20;12;3.80;3;2;1;44;0;5630012;239;0
11;19;78;15;38;21;79;3.40;3;2;1;39;0;5630179;135;0
11;19;78;15;38;21;95;3.80;4;2;1;41;0;5630195;94;0
11;19;78;15;38;23;10;4.00;3;2;1;41;0;5630310;99;0
11;19;78;15;38;23;30;3.20;4;2;1;41;0;5630330;101;0
11;19;78;15;38;24;51;3.60;4;2;1;40;0;5630451;92;0
11;19;78;15;38;25;1;3.60;1;1;1;53;0;5630501;3093;0
11;19;78;15;38;25;67;3.00;3;2;1;37;0;5630567;221;0
11;19;78;15;38;25;85;3.20;4;2;1;38;0;5630585;101;5630070
11;19;78;15;38;26;64;3.60;3;2;1;33;0;5630664;67;5630070
11;19;78;15;38;27;1;3.20;4;2;1;36;0;5630701;85;5630070
11;19;78;15;38;28;77;4.00;1;1;1;57;0;5630877;351;0
11;19;78;15;38;28;21;3.00;4;2;1;35;0;5630821;88;5630070
11;19;78;15;38;28;22;3.00;3;2;1;26;0;5630822;118;5630070
11;19;78;15;38;29;10;3.80;2;1;1;54;0;5630910;4808;0
11;19;78;15;38;30;38;4.40;1;1;1;54;0;5631038;135;0
11;19;78;15;38;30;79;3.60;2;1;1;56;0;5631079;143;0
11;19;78;15;38;30;67;3.80;4;2;1;33;0;5631067;215;0
11;19;78;15;38;30;33;3.80;3;2;1;23;0;5631033;169;0
11;19;78;15;38;31;61;4.80;1;1;1;50;0;5631161;93;0
11;19;78;15;38;33;0;4.60;1;1;1;49;0;5631300;104;0
11;19;78;15;38;33;72;3.80;4;2;1;37;0;5631372;263;0
11;19;78;15;38;34;23;4.40;2;1;1;57;0;5631423;320;0
11;19;78;15;38;34;55;3.00;3;2;1;31;0;5631455;362;0
11;19;78;15;38;34;81;9.20;1;1;2;53;0;5631481;147;5630877
11;19;78;15;38;37;19;3.80;1;1;1;55;0;5631719;175;5630877
11;19;78;15;38;37;33;3.60;2;1;1;56;0;5631733;282;0
11;19;78;15;38;38;80;3.80;1;1;1;54;0;5631880;136;5630877
11;19;78;15;38;39;89;4.40;1;1;1;55;0;5631989;83;5630877
11;19;78;15;38;40;53;3.40;2;1;1;57;0;5632053;296;0
11;19;78;15;38;41;33;3.60;3;2;1;37;0;5632133;643;0
11;19;78;15;38;41;72;3.60;1;1;1;54;0;5632172;154;5630877
11;19;78;15;38;43;73;3.80;1;1;1;54;0;5632373;177;5630877
11;19;78;15;38;43;95;3.80;2;1;1;53;0;5632395;320;0
11;19;78;15;38;44;98;3.40;1;1;1;57;0;5632498;99;5630877
11;19;78;15;38;45;40;4.00;2;1;1;55;0;5632540;119;5630877
11;19;78;15;38;45;29;3.80;3;2;1;37;0;5632529;360;0
11;19;78;15;38;45;60;3.80;4;2;1;54;0;5632560;1151;0
11;19;78;15;38;46;56;3.60;2;1;1;55;0;5632656;89;0
11;19;78;15;38;47;41;4.00;1;1;1;58;0;5632741;221;0
11;19;78;15;38;47;97;4.00;2;1;1;57;0;5632797;117;0
11;19;78;15;38;49;11;4.00;1;1;1;56;0;5632911;145;0
11;19;78;15;38;49;52;3.80;3;2;1;49;0;5632952;386;0
11;19;78;15;38;51;35;3.60;4;2;1;45;0;5633135;549;0
11;19;78;15;38;52;4;3.20;2;1;1;53;0;5633204;381;0
11;19;78;15;38;53;27;3.60;1;1;1;45;0;5633327;390;0
11;19;78;15;38;53;84;3.80;2;1;1;51;0;5633384;158;0
11;19;78;15;38;54;99;3.40;1;1;1;44;0;5633499;143;0
11;19;78;15;38;56;45;4.00;1;1;1;45;0;5633645;118;0
11;19;78;15;38;57;68;3.80;4;2;1;53;0;5633768;604;0
11;19;78;15;38;57;81;3.60;3;2;1;52;0;5633781;801;0
11;19;78;15;38;58;8;3.40;1;1;1;46;0;5633808;131;0
11;19;78;15;38;59;0;4.00;1;1;1;47;0;5633900;65;5633327
11;19;78;15;38;59;46;3.40;2;1;1;47;0;5633946;535;0
11;19;78;15;39;0;18;3.20;1;1;1;44;0;5634018;87;5633327
11;19;78;15;39;0;61;3.60;2;1;1;46;0;5634061;88;5633327
11;19;78;15;39;1;72;3.40;2;1;1;44;0;5634172;82;5633327
11;19;78;15;39;2;66;3.60;1;1;1;46;0;5634266;221;0
11;19;78;15;39;3;44;3.40;4;2;1;43;0;5634344;550;0
11;19;78;15;39;3;91;3.80;3;2;1;52;0;5634391;585;0
11;19;78;15;39;4;11;3.80;2;1;1;53;0;5634411;211;0
11;19;78;15;39;4;69;4.60;1;1;1;43;0;5634469;174;0
11;19;78;15;39;5;8;5.00;3;2;1;52;0;5634508;90;0
11;19;78;15;39;5;23;5.00;2;1;1;52;0;5634523;86;0
11;19;78;15;39;5;41;3.40;4;2;1;41;0;5634541;168;0
11;19;78;15;39;6;33;3.60;3;2;1;53;0;5634633;90;0
11;19;78;15;39;7;14;3.40;1;1;1;45;0;5634714;206;0
11;19;78;15;39;7;53;3.80;4;2;1;41;0;5634753;182;0
11;19;78;15;39;7;86;3.60;3;2;1;50;0;5634786;128;0
11;19;78;15;39;8;42;3.60;1;1;1;44;0;5634842;100;0
11;19;78;15;39;8;97;4.20;4;2;1;47;0;5634897;110;0
11;19;78;15;39;9;93;3.80;1;1;1;43;0;5634993;121;0
11;19;78;15;39;10;18;3.60;2;1;1;61;0;5635018;460;0
11;19;78;15;39;10;59;3.20;4;2;1;51;0;5635059;129;5634344
11;19;78;15;39;14;36;3.00;4;2;1;56;0;5635436;354;0
11;19;78;15;39;14;76;3.20;1;1;1;53;0;5635476;451;0
11;19;78;15;39;16;54;3.20;2;1;1;56;0;5635654;614;0
11;19;78;15;39;17;55;3.60;1;1;1;54;0;5635755;257;0
11;19;78;15;39;22;59;3.40;2;1;1;52;0;5636259;584;0
11;19;78;15;39;23;13;4.00;1;1;1;53;0;5636313;534;0
11;19;78;15;39;25;24;3.60;4;2;1;60;0;5636524;1068;0
11;19;78;15;39;25;71;6.40;3;2;1;61;0;5636571;1759;0
11;19;78;15;39;26;95;3.60;4;2;1;60;0;5636695;149;0
11;19;78;15;39;27;6;3.80;3;2;1;61;0;5636706;97;0
11;19;78;15;39;28;35;4.00;3;2;1;59;0;5636835;106;0
11;19;78;15;39;28;31;3.80;4;2;1;56;0;5636831;114;0
11;19;78;15;39;29;76;5.20;3;2;1;68;0;5636976;116;0
11;19;78;15;39;31;92;3.20;3;2;1;60;0;5637192;188;5636571
11;19;78;15;39;33;9;3.60;3;2;1;60;0;5637309;97;5636571
11;19;78;15;39;34;27;3.40;4;2;1;57;0;5637427;571;0
11;19;78;15;39;35;30;3.40;3;2;1;55;0;5637530;199;5636571
11;19;78;15;39;35;55;3.60;4;2;1;55;0;5637555;106;5636571
11;19;78;15;39;36;92;3.20;3;2;1;53;0;5637692;139;5636571
11;19;78;15;39;37;39;3.40;4;2;1;55;0;5637739;160;5636571
11;19;78;15;39;38;7;3.60;3;2;1;53;0;5637807;93;5636571
11;19;78;15;39;39;20;3.60;3;2;1;56;0;5637920;88;5636571
11;19;78;15;39;41;9;3.60;3;2;1;59;0;5638109;165;5636571
11;19;78;15;39;40;76;12.60;4;2;3;52;0;5638076;314;0
11;19;78;15;39;42;4;3.80;1;1;1;62;0;5638204;1863;0
11;19;78;15;39;43;88;3.40;4;2;1;53;0;5638388;224;0
11;19;78;15;39;44;14;3.60;3;2;1;60;0;5638414;283;0
11;19;78;15;39;45;57;4.20;3;2;1;53;0;5638557;121;0
11;19;78;15;39;45;66;5.60;4;2;1;51;0;5638566;154;0
11;19;78;15;39;46;93;3.60;4;2;1;50;0;5638693;87;0
11;19;78;15;39;47;31;3.60;3;2;1;56;0;5638731;145;0
11;19;78;15;39;48;47;5.40;4;2;1;48;0;5638847;128;0
11;19;78;15;39;50;12;4.40;4;2;1;45;0;5639012;124;5638388
11;19;78;15;39;50;69;3.40;3;2;1;54;0;5639069;314;0
11;19;78;15;39;52;97;3.40;4;2;1;45;0;5639297;249;0
11;19;78;15;39;54;18;3.60;3;2;1;51;0;5639418;326;0
11;19;78;15;39;56;10;3.40;3;2;1;53;0;5639610;166;0
11;19;78;15;39;56;60;3.40;4;2;1;43;0;5639660;335;0
11;19;78;15;39;57;83;3.20;3;2;1;50;0;5639783;149;0
11;19;78;15;39;58;40;3.40;4;2;1;43;0;5639840;151;0
11;19;78;15;39;59;42;3.60;3;2;1;50;0;5639942;135;0
11;19;78;15;40;0;22;2.40;4;2;1;44;0;5640022;153;0
11;19;78;15;40;1;56;3.80;3;2;1;49;0;5640156;188;5639418
11;19;78;15;40;2;42;4.00;4;2;1;45;0;5640242;200;0
11;19;78;15;40;4;7;3.40;4;2;1;44;0;5640407;133;0
11;19;78;15;40;4;91;3.00;3;2;1;46;0;5640491;307;0
11;19;78;15;40;5;77;3.60;4;2;1;43;0;5640577;142;0
11;19;78;15;40;6;8;3.60;3;2;1;47;0;5640608;93;0
11;19;78;15;40;7;18;4.60;3;2;1;46;0;5640718;82;0
11;19;78;15;40;7;75;3.80;4;2;1;43;0;5640775;167;0
11;19;78;15;40;9;22;3.40;3;2;1;46;0;5640922;168;0
11;19;78;15;40;9;91;2.80;4;2;1;46;0;5640991;184;5640242
11;19;78;15;40;11;13;3.60;3;2;1;45;0;5641113;164;5640491
11;19;78;15;40;12;15;3.60;4;2;1;40;0;5641215;202;0
11;19;78;15;40;13;0;8.00;3;2;6;43;0;5641300;158;5640491
11;19;78;15;40;13;55;3.40;4;2;1;41;0;5641355;107;5640491
11;19;78;15;40;13;71;3.60;1;1;1;58;0;5641371;3144;0
11;19;78;15;40;15;35;3.40;2;1;1;58;0;5641535;5252;0
11;19;78;15;40;15;29;4.20;3;2;1;39;0;5641529;162;5640491
11;19;78;15;40;15;96;3.40;4;2;1;39;0;5641596;211;0
11;19;78;15;40;18;16;3.00;4;2;1;35;0;5641816;188;0
11;19;78;15;40;18;73;3.60;1;1;1;55;0;5641873;479;0
11;19;78;15;40;19;48;4.00;4;2;1;35;0;5641948;101;0
11;19;78;15;40;25;66;4.00;3;2;1;50;0;5642566;998;0
11;19;78;15;40;26;23;3.60;1;1;1;57;0;5642623;726;0
11;19;78;15;40;27;43;3.60;2;1;1;55;0;5642743;1186;0
11;19;78;15;40;27;90;3.60;1;1;1;56;0;5642790;144;0
11;19;78;15;40;28;99;3.20;2;1;1;55;0;5642899;132;0
11;19;78;15;40;30;44;3.00;2;1;1;56;0;5643044;124;0
11;19;78;15;40;30;54;3.60;4;2;1;38;0;5643054;1064;0
11;19;78;15;40;31;19;4.00;1;1;1;63;0;5643119;305;0
11;19;78;15;40;32;11;3.20;2;1;1;56;0;5643211;147;0
11;19;78;15;40;33;77;3.40;2;1;1;53;0;5643377;145;5642743
11;19;78;15;40;33;86;3.60;1;1;1;55;0;5643386;244;0
11;19;78;15;40;34;72;3.40;2;1;1;54;0;5643472;71;5642743
11;19;78;15;40;35;60;3.80;1;1;1;55;0;5643560;150;5642743
11;19;78;15;40;36;18;3.20;2;1;1;53;0;5643618;123;5642743
11;19;78;15;40;36;13;3.40;3;2;1;49;0;5643613;1018;0
11;19;78;15;40;36;67;3.20;1;1;1;55;0;5643667;82;0
11;19;78;15;40;38;1;3.40;4;2;1;53;0;5643801;712;0
11;19;78;15;40;38;6;3.40;3;2;1;49;0;5643806;168;0
11;19;78;15;40;38;21;7.00;2;1;1;54;0;5643821;181;5642743
11;19;78;15;40;39;31;3.40;1;1;1;51;0;5643931;243;0
11;19;78;15;40;40;4;3.20;2;1;1;55;0;5644004;136;5642743
11;19;78;15;40;40;71;3.20;1;1;1;49;0;5644071;116;5642743
11;19;78;15;40;41;41;3.40;2;1;1;55;0;5644141;116;5642743
11;19;78;15;40;41;45;2.80;4;2;1;40;0;5644145;320;0
11;19;78;15;40;41;80;3.80;1;1;1;51;0;5644180;85;0
11;19;78;15;40;42;56;3.20;2;1;1;54;0;5644256;92;5642743
11;19;78;15;40;43;17;3.40;3;2;1;47;0;5644317;486;0
11;19;78;15;40;43;75;3.40;2;1;1;52;0;5644375;97;5642743
11;19;78;15;40;43;62;3.60;4;2;1;41;0;5644362;191;5642743
11;19;78;15;40;44;78;3.80;1;1;1;52;0;5644478;271;0
11;19;78;15;40;45;5;3.00;2;1;1;48;0;5644505;106;5642743
11;19;78;15;40;45;6;3.20;4;2;1;41;0;5644506;112;5642743
11;19;78;15;40;46;91;3.60;1;1;1;53;0;5644691;186;5642743
11;19;78;15;40;47;62;3.60;4;2;1;45;0;5644762;227;0
11;19;78;15;40;47;88;3.60;2;1;1;45;0;5644788;260;0
11;19;78;15;40;48;54;2.80;1;1;1;51;0;5644854;138;0
11;19;78;15;40;49;2;3.40;4;2;1;47;0;5644902;111;0
11;19;78;15;40;49;61;3.60;1;1;1;48;0;5644961;87;0
11;19;78;15;40;49;76;3.60;2;1;1;49;0;5644976;159;0
11;19;78;15;40;51;6;3.80;2;1;1;49;0;5645106;103;0
11;19;78;15;40;51;33;3.20;1;1;1;47;0;5645133;145;5644478
11;19;78;15;40;52;50;3.60;2;1;1;51;0;5645250;116;5644478
11;19;78;15;40;53;11;3.40;1;1;1;43;0;5645311;153;5644478
11;19;78;15;40;53;87;6.20;4;2;1;55;0;5645387;458;0
11;19;78;15;40;54;11;3.80;1;1;1;42;0;5645411;71;5644478
11;19;78;15;40;54;31;3.80;2;1;1;54;0;5645431;155;5644788
11;19;78;15;40;54;99;3.60;1;1;1;39;0;5645499;55;5644478
11;19;78;15;40;55;57;3.40;2;1;1;53;0;5645557;100;5644788
11;19;78;15;40;56;43;3.80;1;1;1;40;0;5645643;110;5644478
11;19;78;15;40;56;69;3.80;2;1;1;54;0;5645669;88;5644788
11;19;78;15;40;57;80;3.40;1;1;1;40;0;5645780;102;5644478
11;19;78;15;40;58;36;3.60;3;2;1;66;0;5645836;1492;0
11;19;78;15;40;59;1;4.60;2;1;1;52;0;5645901;206;0
11;19;78;15;40;59;31;4.20;1;1;1;39;0;5645931;120;5644478
11;19;78;15;41;0;43;3.80;2;1;1;48;0;5646043;110;5644478
11;19;78;15;41;0;78;6.60;4;2;1;56;0;5646078;650;0
11;19;78;15;41;1;0;3.40;1;1;1;41;0;5646100;130;5644478
11;19;78;15;41;1;47;3.60;3;2;1;66;0;5646147;291;0
11;19;78;15;41;1;70;3.40;2;1;1;47;0;5646170;98;0
11;19;78;15;41;2;65;3.00;1;1;1;42;0;5646265;135;5644478
11;19;78;15;41;3;30;4.20;3;2;1;60;0;5646330;163;5644478
11;19;78;15;41;3;40;3.40;4;2;1;59;0;5646340;219;0
11;19;78;15;41;3;28;4.60;2;1;1;45;0;5646328;131;0
11;19;78;15;41;4;58;3.00;2;1;1;42;0;5646458;93;5645901
11;19;78;15;41;5;8;3.80;3;2;1;64;0;5646508;152;5645901
11;19;78;15;41;5;43;3.60;4;2;1;60;0;5646543;182;5645901
11;19;78;15;41;6;8;3.40;2;1;1;39;0;5646608;124;5645901
11;19;78;15;41;7;28;4.00;4;2;1;59;0;5646728;163;5645901
11;19;78;15;41;7;48;3.40;1;1;1;44;0;5646748;457;0
11;19;78;15;41;7;92;3.20;3;2;1;67;0;5646792;262;0
11;19;78;15;41;7;73;3.20;2;1;1;37;0;5646773;133;5645901
11;19;78;15;41;9;15;3.80;1;1;1;48;0;5646915;139;5645901
11;19;78;15;41;9;35;3.40;2;1;1;34;0;5646935;130;5645901
11;19;78;15;41;10;4;3.40;4;2;1;58;0;5647004;251;0
11;19;78;15;41;10;33;3.60;3;2;1;61;0;5647033;223;0
11;19;78;15;41;10;97;3.20;1;1;1;43;0;5647097;153;0
11;19;78;15;41;11;11;3.60;2;1;1;35;0;5647111;140;5645901
11;19;78;15;41;11;93;3.00;3;2;1;60;0;5647193;138;5645901
11;19;78;15;41;12;63;4.00;1;1;1;44;0;5647263;139;5645901
11;19;78;15;41;13;72;4.00;4;2;1;56;0;5647372;346;0
11;19;78;15;41;14;31;3.00;3;2;1;57;0;5647431;220;0
11;19;78;15;41;13;90;3.40;2;1;1;34;0;5647390;241;0
11;19;78;15;41;14;55;3.60;1;1;1;42;0;5647455;159;5646748
11;19;78;15;41;14;88;3.00;4;2;1;57;0;5647488;90;5646748
11;19;78;15;41;16;7;3.00;3;2;1;57;0;5647607;157;5646748
11;19;78;15;41;16;6;3.60;4;2;1;56;0;5647606;99;5646748
11;19;78;15;41;16;23;3.80;1;1;1;43;0;5647623;137;5646748
11;19;78;15;41;16;97;3.60;3;2;1;57;0;5647697;71;5646748
11;19;78;15;41;17;86;3.60;2;1;1;38;0;5647786;360;0
11;19;78;15;41;17;93;4.80;1;1;1;43;0;5647793;138;5646748
11;19;78;15;41;18;39;3.80;3;2;1;53;0;5647839;119;5646748
11;19;78;15;41;18;74;3.40;4;2;1;54;0;5647874;244;0
11;19;78;15;41;20;8;3.40;1;1;1;42;0;5648008;174;5646748
11;19;78;15;41;20;74;3.80;3;2;1;55;0;5648074;209;0
11;19;78;15;41;21;97;4.20;3;2;1;58;0;5648197;98;0
11;19;78;15;41;22;36;3.80;2;1;1;50;0;5648236;415;0
11;19;78;15;41;23;27;3.40;1;1;1;49;0;5648327;289;0
11;19;78;15;41;23;87;3.80;3;2;1;59;0;5648387;163;0
11;19;78;15;41;24;65;3.20;2;1;1;49;0;5648465;201;0
11;19;78;15;41;25;31;3.60;1;1;1;48;0;5648531;179;0
11;19;78;15;41;26;50;3.20;4;2;1;55;0;5648650;753;0
11;19;78;15;41;27;12;3.60;3;2;1;59;0;5648712;301;0
11;19;78;15;41;28;26;3.40;4;2;1;53;0;5648826;155;0
11;19;78;15;41;28;19;4.60;2;1;1;52;0;5648819;330;0
11;19;78;15;41;30;40;3.40;4;2;1;51;0;5649040;190;0
11;19;78;15;41;31;74;4.00;3;2;1;55;0;5649174;440;0
11;19;78;15;41;33;69;3.40;4;2;1;51;0;5649369;305;0
11;19;78;15;41;35;43;5.00;4;2;1;49;0;5649543;150;0
11;19;78;15;41;35;90;3.60;3;2;1;50;0;5649590;389;0
11;19;78;15;41;37;15;3.80;3;2;1;47;0;5649715;99;0
11;19;78;15;41;37;42;3.20;4;2;1;46;0;5649742;162;0
11;19;78;15;41;39;0;3.60;3;2;1;47;0;5649900;155;0
11;19;78;15;41;40;38;3.40;3;2;1;46;0;5650038;110;0
11;19;78;15;41;40;53;3.80;4;2;1;44;0;5650053;285;0
11;19;78;15;41;41;97;3.60;3;2;1;44;0;5650197;132;5649590
11;19;78;15;41;42;68;3.80;4;2;1;42;0;5650268;183;5649590
11;19;78;15;41;43;64;3.40;3;2;1;46;0;5650364;137;5649590
11;19;78;15;41;44;35;3.00;4;2;1;43;0;5650435;134;5649590
11;19;78;15;41;44;99;3.60;3;2;1;44;0;5650499;108;5649590
11;19;78;15;41;46;5;3.80;4;2;1;43;0;5650605;144;5649590
11;19;78;15;41;47;2;4.00;3;2;1;54;0;5650702;173;5649590
11;19;78;15;41;47;2;3.80;4;2;1;41;0;5650702;65;5650053
11;19;78;15;41;48;96;3.40;4;2;1;43;0;5650896;160;5650053
11;19;78;15;41;49;74;3.40;3;2;1;53;0;5650974;245;0
11;19;78;15;41;50;44;3.80;4;2;1;43;0;5651044;119;5650053
11;19;78;15;41;52;25;4.00;4;2;1;44;0;5651225;149;5650053
11;19;78;15;41;57;44;3.20;4;2;1;52;0;5651744;486;0
11;19;78;15;41;58;65;3.80;3;2;1;58;0;5651865;867;0
11;19;78;15;42;0;46;4.00;4;2;1;55;0;5652046;279;0
11;19;78;15;42;3;83;3.80;4;2;1;53;0;5652383;310;0
11;19;78;15;42;9;79;3.40;3;2;1;49;0;5652979;1090;0
11;19;78;15;42;9;87;3.80;1;1;1;49;0;5652987;4429;0
11;19;78;15;42;10;27;5.00;2;1;1;53;0;5653027;4176;0
11;19;78;15;42;10;52;3.80;4;2;1;54;0;5653052;643;0
11;19;78;15;42;12;17;5.20;1;1;1;52;0;5653217;202;0
11;19;78;15;42;16;26;3.20;4;2;1;52;0;5653626;548;0
11;19;78;15;42;16;38;4.00;1;1;1;52;0;5653638;385;0
11;19;78;15;42;17;1;3.60;3;2;1;60;0;5653701;697;0
11;19;78;15;42;18;25;3.40;4;2;1;51;0;5653825;176;0
11;19;78;15;42;19;38;3.80;1;1;1;54;0;5653938;272;0
11;19;78;15;42;21;52;3.80;4;2;1;50;0;5654152;303;0
11;19;78;15;42;24;66;3.80;3;2;1;57;0;5654466;743;0
11;19;78;15;42;25;75;4.80;4;2;1;43;0;5654575;395;0
11;19;78;15;42;27;4;3.40;4;2;1;42;0;5654704;88;0
11;19;78;15;42;27;18;3.40;3;2;1;57;0;5654718;228;0
11;19;78;15;42;27;68;3.20;2;1;1;60;0;5654768;1707;0
11;19;78;15;42;28;12;3.80;1;1;1;55;0;5654812;848;0
11;19;78;15;42;28;89;4.20;2;1;1;57;0;5654889;101;0
11;19;78;15;42;29;5;3.20;4;2;1;42;0;5654905;171;0
11;19;78;15;42;29;77;3.00;1;1;1;55;0;5654977;140;0
11;19;78;15;42;31;63;3.60;2;1;1;54;0;5655163;247;0
11;19;78;15;42;31;99;3.40;1;1;1;53;0;5655199;202;0
11;19;78;15;42;32;77;3.80;2;1;1;55;0;5655277;90;0
11;19;78;15;42;33;7;3.20;1;1;1;50;0;5655307;84;0
11;19;78;15;42;34;81;3.60;1;1;1;49;0;5655481;150;0
11;19;78;15;42;35;86;3.40;1;1;1;50;0;5655586;78;0
11;19;78;15;42;36;52;3.60;2;1;1;53;0;5655652;350;0
11;19;78;15;42;38;3;3.60;2;1;1;51;0;5655803;126;0
11;19;78;15;42;38;12;4.00;1;1;1;47;0;5655812;201;0
11;19;78;15;42;39;44;3.40;4;2;1;54;0;5655944;1011;0
11;19;78;15;42;39;55;3.80;2;1;1;52;0;5655955;126;0
11;19;78;15;42;39;88;3.20;1;1;1;49;0;5655988;145;0
11;19;78;15;42;41;14;3.80;2;1;1;51;0;5656114;132;0
11;19;78;15;42;42;5;3.80;4;2;1;51;0;5656205;238;0
11;19;78;15;42;40;93;20.60;1;1;4;50;0;5656093;81;0
11;19;78;15;42;42;42;3.60;2;1;1;52;0;5656242;101;5655652
11;19;78;15;42;44;11;3.60;1;1;1;50;0;5656411;169;5655652
11;19;78;15;42;44;56;2.80;4;2;1;46;0;5656456;224;0
11;19;78;15;42;45;45;3.60;1;1;1;48;0;5656545;108;5655812
11;19;78;15;42;46;20;3.80;2;1;1;55;0;5656620;353;0
11;19;78;15;42;46;26;3.80;4;2;1;48;0;5656626;148;0
11;19;78;15;42;46;61;3.60;1;1;1;47;0;5656661;89;5655812
11;19;78;15;42;47;76;3.60;4;2;1;48;0;5656776;121;5655812
11;19;78;15;42;48;19;3.80;3;2;1;59;0;5656819;2079;0
11;19;78;15;42;48;14;3.80;1;1;1;46;0;5656814;125;5655812
11;19;78;15;42;48;32;3.60;2;1;1;54;0;5656832;187;5655812
11;19;78;15;42;49;15;3.00;3;2;1;55;0;5656915;72;5655812
11;19;78;15;42;49;96;3.40;1;1;1;48;0;5656996;152;5655812
11;19;78;15;42;49;87;5.20;2;1;1;53;0;5656987;131;5655812
11;19;78;15;42;50;93;3.40;3;2;1;53;0;5657093;158;5655812
11;19;78;15;42;51;27;3.60;1;1;1;48;0;5657127;105;5655812
11;19;78;15;42;51;45;3.60;2;1;1;53;0;5657145;122;5655812
11;19;78;15;42;51;55;3.40;4;2;1;53;0;5657155;352;0
11;19;78;15;42;51;95;3.00;3;2;1;53;0;5657195;78;0
11;19;78;15;42;52;57;3.60;1;1;1;47;0;5657257;103;5655812
11;19;78;15;42;53;48;4.20;2;1;1;50;0;5657348;178;5656620
11;19;78;15;42;53;96;3.60;1;1;1;44;0;5657396;111;5655812
11;19;78;15;42;54;29;4.20;3;2;1;55;0;5657429;213;0
11;19;78;15;42;54;54;11.20;4;2;2;49;0;5657454;275;0
11;19;78;15;42;55;53;3.60;3;2;1;57;0;5657553;96;0
11;19;78;15;42;55;31;3.80;2;1;1;48;0;5657531;152;5656620
11;19;78;15;42;55;35;3.80;1;1;1;43;0;5657535;109;5655812
11;19;78;15;42;56;69;3.60;2;1;1;46;0;5657669;109;5656620
11;19;78;15;42;57;41;3.40;3;2;1;57;0;5657741;165;5656620
11;19;78;15;42;57;75;4.20;4;2;1;54;0;5657775;238;0
11;19;78;15;42;58;28;3.80;2;1;1;45;0;5657828;130;5656620
11;19;78;15;42;58;58;3.60;3;2;1;57;0;5657858;95;5656620
11;19;78;15;42;58;46;9.60;1;1;6;45;0;5657846;279;0
11;19;78;15;43;0;2;3.80;1;1;1;41;0;5658002;79;0
11;19;78;15;43;0;24;3.40;4;2;1;50;0;5658024;221;0
11;19;78;15;43;1;21;3.20;3;2;1;55;0;5658121;240;0
11;19;78;15;43;0;99;3.60;2;1;1;52;0;5658099;240;0
11;19;78;15;43;1;1;3.20;1;1;1;40;0;5658101;65;0
11;19;78;15;43;2;76;3.60;4;2;1;53;0;5658276;227;0
11;19;78;15;43;2;73;3.60;2;1;1;45;0;5658273;149;0
11;19;78;15;43;3;95;3.60;2;1;1;45;0;5658395;93;0
11;19;78;15;43;5;2;3.60;4;2;1;50;0;5658502;201;0
11;19;78;15;43;4;90;1.40;1;1;0;40;1;5658490;360;0
11;19;78;15;43;5;53;3.20;3;2;1;56;0;5658553;411;0
11;19;78;15;43;5;41;3.00;2;2;1;36;0;5658541;253049;0
11;19;78;15;43;7;9;4.20;3;2;1;59;0;5658709;135;0
11;19;78;15;43;7;12;4.20;4;2;1;51;0;5658712;184;0
11;19;78;15;43;6;48;20.20;1;1;5;52;0;5658648;518;0
11;19;78;15;43;7;92;5.00;2;1;1;41;0;5658792;368;0
11;19;78;15;43;9;29;3.60;3;2;1;57;0;5658929;194;0
11;19;78;15;43;9;37;3.20;4;2;1;52;0;5658937;195;0
11;19;78;15;43;10;21;3.60;2;1;1;44;0;5659021;185;0
11;19;78;15;43;10;87;4.20;3;2;1;56;0;5659087;135;0
11;19;78;15;43;11;25;3.00;1;1;1;53;0;5659125;337;0
11;19;78;15;43;11;39;3.40;4;2;1;52;0;5659139;179;0
11;19;78;15;43;11;96;3.60;2;1;1;43;0;5659196;145;0
11;19;78;15;43;12;5;4.40;3;2;1;55;0;5659205;91;5658553
11;19;78;15;43;12;70;3.80;4;2;1;53;0;5659270;107;5658502
11;19;78;15;43;13;40;3.80;3;2;1;53;0;5659340;106;5658553
11;19;78;15;43;14;17;3.20;4;2;1;51;0;5659417;121;5658502
11;19;78;15;43;14;54;3.20;2;1;1;46;0;5659454;227;0
11;19;78;15;43;15;27;3.80;3;2;1;53;0;5659527;161;5658553
11;19;78;15;43;15;60;3.40;1;1;1;58;0;5659560;414;0
11;19;78;15;43;16;51;3.80;4;2;1;48;0;5659651;211;0
11;19;78;15;43;17;79;3.60;3;2;1;53;0;5659779;226;0
11;19;78;15;43;18;58;3.60;1;1;1;57;0;5659858;276;0
11;19;78;15;43;18;50;3.80;4;2;1;45;0;5659850;170;0
11;19;78;15;43;19;28;3.40;3;2;1;54;0;5659928;124;0
11;19;78;15;43;20;59;3.40;2;1;1;59;0;5660059;579;0
11;19;78;15;43;20;82;4.20;3;2;1;54;0;5660082;131;0
11;19;78;15;43;21;98;4.00;4;2;1;44;0;5660198;317;0
11;19;78;15;43;22;67;3.00;3;2;1;53;0;5660267;157;0
11;19;78;15;43;22;82;3.60;4;2;1;42;0;5660282;51;0
11;19;78;15;43;23;79;3.80;3;2;1;54;0;5660379;91;5659779
11;19;78;15;43;25;0;4.00;4;2;1;47;0;5660500;187;5659779
11;19;78;15;43;25;62;3.80;3;2;1;53;0;5660562;157;5659779
11;19;78;15;43;26;40;3.40;4;2;1;42;0;5660640;109;5659779
11;19;78;15;43;27;12;2.80;3;2;1;49;0;5660712;124;5659779
11;19;78;15;43;27;33;4.00;4;2;1;42;0;5660733;63;5660198
11;19;78;15;43;28;43;3.80;4;2;1;43;0;5660843;75;5660198
11;19;78;15;43;29;18;3.40;3;2;1;47;0;5660918;185;5659779
11;19;78;15;43;30;93;3.40;4;2;1;41;0;5661093;218;0
11;19;78;15;43;34;68;3.60;2;1;1;53;0;5661468;1388;0
11;19;78;15;43;40;98;13.00;1;1;3;54;0;5662098;2217;0
11;19;78;15;43;43;6;3.80;3;2;1;67;0;5662306;1361;0
11;19;78;15;43;43;30;2.80;4;2;1;59;0;5662330;1207;0
11;19;78;15;43;47;87;3.40;4;2;1;51;0;5662787;439;0
11;19;78;15;43;53;54;3.80;3;2;1;56;0;5663354;1027;0
11;19;78;15;43;54;75;3.80;3;2;1;57;0;5663475;96;0
11;19;78;15;43;55;59;3.60;4;2;1;59;0;5663559;748;0
11;19;78;15;44;3;89;6.40;4;2;1;53;0;5664389;808;0
11;19;78;15;44;7;19;3.40;3;2;1;52;0;5664719;1220;0
11;19;78;15;44;7;72;11.40;1;1;3;51;0;5664772;2587;0
11;19;78;15;44;9;7;3.60;4;2;1;50;0;5664907;474;0
11;19;78;15;44;10;39;3.60;4;2;1;49;0;5665039;106;0
11;19;78;15;44;10;84;3.60;3;2;1;53;0;5665084;341;0
11;19;78;15;44;11;38;4.00;2;1;1;58;0;5665138;3645;0
11;19;78;15;44;11;86;3.80;3;2;1;53;0;5665186;77;0
11;19;78;15;44;12;44;3.40;4;2;1;50;0;5665244;178;0
11;19;78;15;44;12;57;4.00;1;1;1;60;0;5665257;404;0
11;19;78;15;44;13;3;3.20;3;2;1;51;0;5665303;91;0
11;19;78;15;44;13;23;3.00;2;1;1;57;0;5665323;160;0
11;19;78;15;44;14;25;3.60;3;2;1;51;0;5665425;99;0
11;19;78;15;44;14;58;3.60;1;1;1;59;0;5665458;177;0
11;19;78;15;44;15;58;3.80;4;2;1;52;0;5665558;289;0
11;19;78;15;44;16;4;4.20;3;2;1;54;0;5665604;153;5665084
11;19;78;15;44;16;58;3.80;1;1;1;58;0;5665658;178;5665084
11;19;78;15;44;17;33;4.20;3;2;1;51;0;5665733;101;5665084
11;19;78;15;44;17;78;4.80;4;2;1;56;0;5665778;193;5665084
11;19;78;15;44;18;13;14.40;1;1;4;55;0;5665813;131;5665084
11;19;78;15;44;19;66;3.00;3;2;1;62;0;5665966;203;0
11;19;78;15;44;21;31;4.00;1;1;1;54;0;5666131;223;0
11;19;78;15;44;23;63;3.60;4;2;1;62;0;5666363;554;0
11;19;78;15;44;23;62;3.40;2;1;1;52;0;5666362;1020;0
11;19;78;15;44;25;34;3.60;2;1;1;50;0;5666534;148;0
11;19;78;15;44;26;20;3.60;3;2;1;55;0;5666620;636;0
11;19;78;15;44;26;79;4.00;2;1;1;50;0;5666679;119;0
11;19;78;15;44;27;31;3.60;1;1;1;46;0;5666731;573;0
11;19;78;15;44;27;45;4.40;3;2;1;54;0;5666745;101;0
11;19;78;15;44;28;15;3.80;2;1;1;52;0;5666815;107;0
11;19;78;15;44;28;37;3.80;4;2;1;57;0;5666837;453;0
11;19;78;15;44;28;95;3.20;1;1;1;48;0;5666895;135;0
11;19;78;15;44;29;74;3.00;2;1;1;49;0;5666974;132;5666362
11;19;78;15;44;30;23;3.20;3;2;1;52;0;5667023;248;0
11;19;78;15;44;30;91;4.00;1;1;1;50;0;5667091;172;0
11;19;78;15;44;31;6;4.80;4;2;1;55;0;5667106;245;0
11;19;78;15;44;31;30;3.80;3;2;1;54;0;5667130;84;0
11;19;78;15;44;31;86;3.40;1;1;1;48;0;5667186;66;0
11;19;78;15;44;32;72;3.40;2;1;1;52;0;5667272;275;0
11;19;78;15;44;33;3;3.40;1;1;1;48;0;5667303;91;5666731
11;19;78;15;44;33;42;13.20;3;2;7;51;0;5667342;186;5666731
11;19;78;15;44;34;22;3.80;2;1;1;51;0;5667422;126;5666731
11;19;78;15;44;34;88;3.40;1;1;1;49;0;5667488;159;5666731
11;19;78;15;44;35;25;3.40;3;2;1;54;0;5667525;89;5666731
11;19;78;15;44;34;84;12.20;4;2;3;50;0;5667484;346;0
11;19;78;15;44;36;22;3.60;2;1;1;47;0;5667622;173;0
11;19;78;15;44;36;30;3.60;1;1;1;47;0;5667630;117;5666731
11;19;78;15;44;37;78;4.00;2;1;1;46;0;5667778;128;5666731
11;19;78;15;44;38;42;3.00;4;2;1;51;0;5667842;270;0
11;19;78;15;44;38;86;3.80;2;1;1;45;0;5667886;76;5667272
11;19;78;15;44;39;5;3.80;3;2;1;53;0;5667905;357;0
11;19;78;15;44;40;13;3.20;4;2;1;48;0;5668013;149;0
11;19;78;15;44;39;83;11.20;1;1;7;45;0;5667983;325;0
11;19;78;15;44;41;14;3.80;3;2;1;55;0;5668114;183;0
11;19;78;15;44;41;15;3.00;4;2;0;55;1;5668115;78;0
11;19;78;15;44;41;55;3.60;1;1;1;41;0;5668155;82;0
11;19;78;15;44;43;30;3.00;4;2;1;49;0;5668330;293;0
11;19;78;15;44;43;69;3.80;3;2;1;52;0;5668369;230;0
11;19;78;15;44;44;42;4.00;1;1;1;42;0;5668442;255;0
11;19;78;15;44;44;67;3.60;2;1;1;51;0;5668467;550;0
11;19;78;15;44;45;51;3.60;4;2;1;45;0;5668551;198;0
11;19;78;15;44;45;64;5.00;3;2;1;52;0;5668564;168;0
11;19;78;15;44;46;23;3.00;1;1;1;42;0;5668623;146;0
11;19;78;15;44;46;25;3.80;2;1;1;54;0;5668625;132;0
11;19;78;15;44;46;88;3.40;3;2;1;54;0;5668688;89;0
11;19;78;15;44;47;84;3.40;1;1;1;42;0;5668784;135;0
11;19;78;15;44;47;92;3.40;4;2;1;46;0;5668792;212;0
11;19;78;15;44;48;67;3.80;3;2;1;53;0;5668867;156;0
11;19;78;15;44;48;38;10.60;2;1;2;53;0;5668838;187;0
11;19;78;15;44;49;16;3.20;1;1;1;40;0;5668916;102;0
11;19;78;15;44;49;42;3.00;4;2;1;46;0;5668942;123;0
11;19;78;15;44;49;77;3.60;3;2;1;53;0;5668977;84;5668369
11;19;78;15;44;50;55;3.00;4;2;1;47;0;5669055;89;5668369
11;19;78;15;44;50;97;3.40;1;1;1;35;0;5669097;152;5668442
11;19;78;15;44;52;19;3.20;4;2;1;46;0;5669219;141;5668442
11;19;78;15;44;52;58;4.00;1;1;1;33;0;5669258;126;5668442
11;19;78;15;44;53;82;3.00;4;2;1;42;0;5669382;137;5668792
11;19;78;15;44;54;59;3.40;3;2;1;52;0;5669459;457;0
11;19;78;15;44;54;25;3.60;1;1;1;30;0;5669425;123;5668442
11;19;78;15;44;55;25;3.40;2;1;1;42;0;5669525;615;0
11;19;78;15;44;55;23;4.00;4;2;1;42;0;5669523;115;5668792
11;19;78;15;44;55;92;3.60;3;2;1;54;0;5669592;109;5668792
11;19;78;15;44;56;91;3.20;4;2;1;44;0;5669691;133;5668792
11;19;78;15;44;57;11;3.20;1;1;1;33;0;5669711;242;0
11;19;78;15;44;57;55;3.80;3;2;1;50;0;5669755;139;0
11;19;78;15;44;57;81;3.40;2;1;1;54;0;5669781;226;0
11;19;78;15;44;58;42;3.40;4;2;1;43;0;5669842;124;5668792
11;19;78;15;44;59;6;3.20;3;2;1;53;0;5669906;123;5668792
11;19;78;15;45;0;34;3.60;4;2;1;48;0;5670034;163;5668792
11;19;78;15;45;0;29;5.00;1;1;1;35;0;5670029;283;0
11;19;78;15;45;0;92;3.60;2;1;1;51;0;5670092;288;0
11;19;78;15;45;2;12;4.20;3;2;1;51;0;5670212;284;0
11;19;78;15;45;2;3;3.80;2;1;1;49;0;5670203;85;0
11;19;78;15;45;1;95;3.80;1;1;1;35;0;5670195;114;0
11;19;78;15;45;2;97;3.60;4;2;1;52;0;5670297;236;0
11;19;78;15;45;3;74;3.60;3;2;1;50;0;5670374;132;0
11;19;78;15;45;5;46;5.60;2;1;1;56;0;5670546;315;0
11;19;78;15;45;5;96;3.60;4;2;1;51;0;5670596;274;0
11;19;78;15;45;6;47;3.60;1;1;1;43;0;5670647;412;0
11;19;78;15;45;7;42;3.40;4;2;1;52;0;5670742;120;0
11;19;78;15;45;7;52;4.20;3;2;1;55;0;5670752;352;0
11;19;78;15;45;7;94;3.80;1;1;1;43;0;5670794;116;0
11;19;78;15;45;9;8;3.40;4;2;1;51;0;5670908;142;0
11;19;78;15;45;9;37;3.60;3;2;1;53;0;5670937;157;0
11;19;78;15;45;9;87;3.40;1;1;1;43;0;5670987;161;0
11;19;78;15;45;10;59;3.20;3;2;1;47;0;5671059;97;0
11;19;78;15;45;11;88;3.20;4;2;1;48;0;5671188;256;0
11;19;78;15;45;11;89;3.60;1;1;1;40;0;5671189;173;0
11;19;78;15;45;13;34;3.20;1;1;1;39;0;5671334;112;5670647
11;19;78;15;45;15;9;3.40;1;1;1;36;0;5671509;145;5670647
11;19;78;15;45;16;64;3.60;1;1;1;37;0;5671664;121;5670647
11;19;78;15;45;17;98;3.80;1;1;1;37;0;5671798;98;5670647
11;19;78;15;45;23;84;3.60;4;2;1;55;0;5672384;1172;0
11;19;78;15;45;27;67;3.80;3;2;1;66;0;5672767;1683;0
11;19;78;15;45;30;92;4.40;4;2;1;56;0;5673092;684;0
11;19;78;15;45;31;45;3.60;3;2;1;62;0;5673145;357;0
11;19;78;15;45;35;12;3.60;4;2;1;49;0;5673512;391;0
11;19;78;15;45;35;30;3.40;3;2;1;58;0;5673530;364;0
11;19;78;15;45;38;45;3.00;3;2;1;53;0;5673845;293;0
11;19;78;15;45;40;81;3.60;3;2;1;60;0;5674081;215;0
11;19;78;15;45;43;66;4.00;3;2;1;53;0;5674366;263;0
11;19;78;15;45;44;41;3.40;4;2;1;52;0;5674441;902;0
11;19;78;15;45;45;9;3.40;3;2;1;51;0;5674509;115;0
11;19;78;15;45;46;16;3.60;3;2;1;48;0;5674616;83;0
11;19;78;15;45;47;27;3.20;4;2;1;48;0;5674727;262;0
11;19;78;15;45;48;48;3.80;3;2;1;49;0;5674848;205;0
11;19;78;15;45;48;95;3.20;2;1;1;57;0;5674895;4313;0
11;19;78;15;45;52;82;3.80;4;2;1;49;0;5675282;531;0
11;19;78;15;45;53;9;3.80;3;2;1;58;0;5675309;433;0
11;19;78;15;45;54;10;3.00;1;1;1;65;0;5675410;3575;0
11;19;78;15;45;54;59;3.60;4;2;1;56;0;5675459;149;0
11;19;78;15;45;59;44;3.60;3;2;1;58;0;5675944;611;0
11;19;78;15;45;59;96;3.80;1;1;1;54;0;5675996;569;0
11;19;78;15;46;0;15;4.40;4;2;1;54;0;5676015;532;0
11;19;78;15;46;3;31;3.60;2;1;1;69;0;5676331;1415;0
11;19;78;15;46;5;26;3.60;4;2;1;54;0;5676526;481;0
11;19;78;15;46;5;59;3.20;1;1;1;57;0;5676559;537;0
11;19;78;15;46;6;54;3.20;3;2;1;57;0;5676654;687;0
11;19;78;15;46;7;67;3.60;3;2;1;54;0;5676767;92;0
11;19;78;15;46;7;98;4.80;4;2;1;50;0;5676798;248;0
11;19;78;15;46;8;63;3.40;1;1;1;55;0;5676863;283;0
11;19;78;15;46;9;69;3.20;3;2;1;53;0;5676969;178;0
11;19;78;15;46;9;72;3.40;2;1;1;56;0;5676972;622;0
11;19;78;15;46;10;12;3.60;4;2;1;55;0;5677012;179;0
11;19;78;15;46;10;67;3.40;1;1;1;54;0;5677067;181;0
11;19;78;15;46;11;67;3.60;3;2;1;54;0;5677167;176;0
11;19;78;15;46;12;26;3.40;1;1;1;53;0;5677226;136;0
11;19;78;15;46;12;87;3.20;2;1;1;56;0;5677287;293;0
11;19;78;15;46;13;83;3.80;1;1;1;53;0;5677383;133;0
11;19;78;15;46;14;17;4.40;2;1;1;57;0;5677417;109;0
11;19;78;15;46;13;50;3.60;3;2;1;19;0;5677350;159;5676654
11;19;78;15;46;15;30;3.40;1;1;1;54;0;5677530;121;5676863
11;19;78;15;46;15;78;4.60;2;1;1;57;0;5677578;133;5676863
11;19;78;15;46;16;12;3.60;3;2;1;49;0;5677612;193;5676654
11;19;78;15;46;16;59;3.20;1;1;1;51;0;5677659;106;5676863
11;19;78;15;46;17;91;4.00;1;1;1;54;0;5677791;109;5676863
11;19;78;15;46;18;2;4.80;4;2;1;66;0;5677802;766;0
11;19;78;15;46;19;36;3.80;3;2;1;58;0;5677936;297;0
11;19;78;15;46;19;39;3.60;1;1;1;49;0;5677939;121;5676863
11;19;78;15;46;20;12;3.80;3;2;1;57;0;5678012;52;5676863
11;19;78;15;46;19;62;14.20;4;2;2;56;0;5677962;133;5676863
11;19;78;15;46;20;76;3.40;2;1;1;55;0;5678076;468;0
11;19;78;15;46;21;57;3.60;4;2;1;56;0;5678157;103;0
11;19;78;15;46;21;66;3.60;1;1;1;46;0;5678166;200;0
11;19;78;15;46;23;41;4.40;4;2;1;54;0;5678341;160;0
11;19;78;15;46;25;16;3.00;1;1;1;44;0;5678516;321;0
11;19;78;15;46;25;25;3.20;3;2;1;57;0;5678525;489;0
11;19;78;15;46;25;96;4.20;1;1;1;43;0;5678596;55;0
11;19;78;15;46;26;39;3.60;2;1;1;50;0;5678639;540;0
11;19;78;15;46;26;45;4.60;3;2;1;59;0;5678645;99;0
11;19;78;15;46;27;28;3.60;1;1;1;44;0;5678728;96;0
11;19;78;15;46;28;3;3.80;2;1;1;48;0;5678803;138;0
11;19;78;15;46;28;49;3.60;4;2;1;52;0;5678849;478;0
11;19;78;15;46;28;91;3.80;1;1;1;43;0;5678891;133;0
11;19;78;15;46;29;5;3.60;2;1;1;48;0;5678905;73;0
11;19;78;15;46;29;50;3.60;3;2;1;66;0;5678950;276;0
11;19;78;15;46;30;14;3.40;1;1;1;44;0;5679014;91;5678516
11;19;78;15;46;30;68;5.00;2;1;1;48;0;5679068;136;5678516
11;19;78;15;46;30;86;4.40;3;2;1;60;0;5679086;116;5678516
11;19;78;15;46;30;99;3.20;4;2;1;51;0;5679099;225;0
11;19;78;15;46;31;62;3.60;2;1;1;48;0;5679162;56;5678639
11;19;78;15;46;31;98;3.60;1;1;1;45;0;5679198;156;5678516
11;19;78;15;46;32;72;3.80;4;2;1;52;0;5679272;150;5678516
11;19;78;15;46;33;38;3.00;1;1;1;43;0;5679338;111;5678516
11;19;78;15;46;34;5;3.20;3;2;1;57;0;5679405;292;0
11;19;78;15;46;34;71;3.00;4;2;1;51;0;5679471;172;0
11;19;78;15;46;34;61;3.20;1;1;1;42;0;5679461;97;5678516
11;19;78;15;46;34;92;4.00;2;1;1;48;0;5679492;303;0
11;19;78;15;46;35;91;4.60;3;2;1;57;0;5679591;165;0
11;19;78;15;46;35;97;3.60;4;2;1;50;0;5679597;104;0
11;19;78;15;46;37;21;3.60;2;1;1;47;0;5679721;199;0
11;19;78;15;46;37;13;3.40;1;1;1;41;0;5679713;224;0
11;19;78;15;46;37;88;3.40;4;2;1;50;0;5679788;165;5679099
11;19;78;15;46;38;16;3.60;3;2;1;54;0;5679816;195;5679099
11;19;78;15;46;38;20;3.40;2;1;1;46;0;5679820;71;5679099
11;19;78;15;46;38;46;3.40;1;1;1;40;0;5679846;103;5679099
11;19;78;15;46;39;10;3.40;4;2;1;49;0;5679910;97;5679099
11;19;78;15;46;39;57;4.60;2;1;1;45;0;5679957;110;5679099
11;19;78;15;46;40;16;3.60;3;2;1;49;0;5680016;176;5679099
11;19;78;15;46;40;80;3.60;1;1;1;39;0;5680080;203;0
11;19;78;15;46;41;0;4.40;4;2;1;48;0;5680100;165;5679099
11;19;78;15;46;41;17;4.60;3;2;1;53;0;5680117;74;5679405
11;19;78;15;46;41;18;3.60;2;1;1;44;0;5680118;124;5679492
11;19;78;15;46;42;12;3.00;1;1;1;38;0;5680212;98;5679492
11;19;78;15;46;42;40;3.60;4;2;1;46;0;5680240;107;5679099
11;19;78;15;46;42;71;3.60;2;1;1;42;0;5680271;123;5679492
11;19;78;15;46;43;6;3.80;3;2;1;51;0;5680306;157;5679405
11;19;78;15;46;42;95;3.40;1;1;1;37;0;5680295;54;5679405
11;19;78;15;46;43;93;3.60;4;2;1;45;0;5680393;124;5679099
11;19;78;15;46;43;97;3.60;2;1;1;41;0;5680397;95;5679492
11;19;78;15;46;44;5;3.20;1;1;1;35;0;5680405;76;5679492
11;19;78;15;46;44;35;3.40;3;2;1;52;0;5680435;102;5679405
11;19;78;15;46;45;0;3.60;2;1;1;41;0;5680500;71;5679492
11;19;78;15;46;45;85;3.60;3;2;1;51;0;5680585;126;5679405
11;19;78;15;46;45;64;3.80;1;1;1;36;0;5680564;126;5680080
11;19;78;15;46;46;19;3.40;4;2;1;42;0;5680619;197;5679099
11;19;78;15;46;46;78;3.40;2;1;1;39;0;5680678;146;5679492
11;19;78;15;46;46;91;4.80;3;2;1;51;0;5680691;80;5679405
11;19;78;15;46;47;81;3.00;4;2;1;43;0;5680781;132;5679099
11;19;78;15;46;47;80;3.40;1;1;1;36;0;5680780;178;5680080
11;19;78;15;46;48;54;3.60;2;1;1;39;0;5680854;144;5679492
11;19;78;15;46;48;74;3.20;1;1;1;35;0;5680874;60;5680080
11;19;78;15;46;49;4;3.60;3;2;1;52;0;5680904;179;5679405
11;19;78;15;46;49;7;4.00;4;2;1;43;0;5680907;100;5679099
11;19;78;15;46;50;14;3.80;4;2;1;43;0;5681014;73;5679099
11;19;78;15;46;50;24;3.80;2;1;1;38;0;5681024;136;5679492
11;19;78;15;46;50;35;3.60;1;1;1;35;0;5681035;128;5680080
11;19;78;15;46;51;22;3.80;3;2;1;53;0;5681122;193;5679405
11;19;78;15;46;51;99;3.40;1;1;1;37;0;5681199;126;5680080
11;19;78;15;46;52;17;3.40;2;1;1;45;0;5681217;157;5679492
11;19;78;15;46;52;59;3.40;4;2;1;42;0;5681259;213;0
11;19;78;15;46;53;13;3.60;3;2;1;53;0;5681313;165;5679405
11;19;78;15;46;53;47;3.40;4;2;1;44;0;5681347;58;5679405
11;19;78;15;46;53;39;3.80;1;1;1;37;0;5681339;106;5680080
11;19;78;15;46;54;31;3.40;3;2;1;48;0;5681431;93;5679405
11;19;78;15;46;54;41;3.80;2;1;1;43;0;5681441;196;5679492
11;19;78;15;46;54;79;3.60;4;2;1;46;0;5681479;104;5679492
11;19;78;15;46;55;1;3.40;1;1;1;36;0;5681501;125;5680080
11;19;78;15;46;55;98;3.40;2;1;1;42;0;5681598;125;5679492
11;19;78;15;46;56;6;4.60;3;2;1;51;0;5681606;149;5679405
11;19;78;15;46;57;5;3.60;1;1;1;34;0;5681705;170;5680080
11;19;78;15;46;57;98;3.60;2;1;1;40;0;5681798;170;5679492
11;19;78;15;46;58;38;3.40;4;2;1;54;0;5681838;330;0
11;19;78;15;46;58;71;3.60;1;1;1;30;0;5681871;127;5680080
11;19;78;15;47;0;9;4.40;2;1;1;42;0;5682009;178;5679492
11;19;78;15;47;1;11;3.60;3;2;1;54;0;5682111;472;0
11;19;78;15;47;1;63;4.00;2;1;1;40;0;5682163;116;5679492
11;19;78;15;47;1;69;3.80;1;1;1;33;0;5682169;254;0
11;19;78;15;47;3;15;3.00;4;2;1;49;0;5682315;454;0
11;19;78;15;47;3;68;3.60;1;1;1;31;0;5682368;157;0
11;19;78;15;47;4;6;3.20;2;1;1;38;0;5682406;207;0
11;19;78;15;47;5;4;3.40;4;2;1;50;0;5682504;166;0
11;19;78;15;47;4;80;4.00;1;1;1;32;0;5682480;70;0
11;19;78;15;47;7;48;4.00;1;1;1;30;0;5682748;223;0
11;19;78;15;47;8;88;3.80;2;1;1;49;0;5682888;451;0
11;19;78;15;47;9;9;3.40;4;2;1;50;0;5682909;380;0
11;19;78;15;47;9;15;3.40;1;1;1;33;0;5682915;119;0
11;19;78;15;47;12;68;3.80;4;2;1;57;0;5683268;334;0
11;19;78;15;47;14;2;3.60;3;2;1;63;0;5683402;1267;0
11;19;78;15;47;14;58;3.40;4;2;1;60;0;5683458;166;0
11;19;78;15;47;15;24;3.20;3;2;1;60;0;5683524;101;0
11;19;78;15;47;17;1;3.80;3;2;1;61;0;5683701;157;0
11;19;78;15;47;22;6;3.20;4;2;1;52;0;5684206;727;0
11;19;78;15;47;24;48;3.80;4;2;1;50;0;5684448;219;0
11;19;78;15;47;24;90;3.80;3;2;1;46;0;5684490;766;0
11;19;78;15;47;25;63;3.80;4;2;1;48;0;5684563;87;0
11;19;78;15;47;27;97;4.00;3;2;1;54;0;5684797;277;0
11;19;78;15;47;28;0;3.60;4;2;1;43;0;5684800;208;0
11;19;78;15;47;29;2;3.60;3;2;1;51;0;5684902;78;0
11;19;78;15;47;31;21;3.60;3;2;1;55;0;5685121;193;0
11;19;78;15;47;31;77;11.00;4;2;2;45;0;5685177;346;0
11;19;78;15;47;34;46;3.60;4;2;1;47;0;5685446;181;0
11;19;78;15;47;36;30;3.20;4;2;1;49;0;5685630;156;0
11;19;78;15;47;38;59;4.00;4;2;1;49;0;5685859;205;0
11;19;78;15;47;39;49;3.40;3;2;1;54;0;5685949;804;0
11;19;78;15;47;40;55;3.60;4;2;1;47;0;5686055;166;0
11;19;78;15;47;41;94;3.40;3;2;1;55;0;5686194;222;0
11;19;78;15;47;43;29;4.20;3;2;1;51;0;5686329;112;0
11;19;78;15;47;45;12;3.80;3;2;1;53;0;5686512;153;0
11;19;78;15;47;46;72;3.80;3;2;1;46;0;5686672;134;0
11;19;78;15;47;48;34;3.60;3;2;1;46;0;5686834;132;5686194
11;19;78;15;47;49;36;3.40;4;2;1;54;0;5686936;853;0
11;19;78;15;47;49;78;4.80;1;1;1;59;0;5686978;4025;0
11;19;78;15;47;49;88;3.80;3;2;1;49;0;5686988;125;5686194
11;19;78;15;47;50;74;3.60;3;2;1;48;0;5687074;58;5686194
11;19;78;15;47;50;87;3.40;4;2;1;49;0;5687087;128;5686194
11;19;78;15;47;52;0;3.60;4;2;1;48;0;5687200;88;5686194
11;19;78;15;47;52;58;4.00;3;2;1;49;0;5687258;157;5686194
11;19;78;15;47;53;45;3.80;4;2;1;48;0;5687345;118;5686194
11;19;78;15;47;53;29;3.80;1;1;1;54;0;5687329;321;0
11;19;78;15;47;53;31;2.20;2;1;0;52;1;5687331;4415;0
11;19;78;15;47;53;98;3.60;3;2;1;47;0;5687398;110;5686194
11;19;78;15;47;55;66;4.40;4;2;1;45;0;5687566;192;5686936
11;19;78;15;47;57;19;2.80;3;2;1;55;0;5687719;293;0
11;19;78;15;47;57;40;3.40;2;1;1;56;0;5687740;4824;0
11;19;78;15;47;57;78;3.20;4;2;1;46;0;5687778;176;5686936
11;19;78;15;47;58;28;3.00;3;2;1;56;0;5687828;90;5686936
11;19;78;15;47;58;96;4.00;1;1;1;61;0;5687896;541;0
11;19;78;15;48;0;34;3.20;1;1;1;61;0;5688034;114;0
11;19;78;15;48;0;55;5.20;2;1;1;64;0;5688055;293;0
11;19;78;15;48;2;50;3.60;4;2;1;46;0;5688250;446;0
11;19;78;15;48;2;72;4.20;1;1;1;59;0;5688272;219;0
11;19;78;15;48;2;71;6.20;3;2;1;50;0;5688271;423;0
11;19;78;15;48;3;30;3.60;2;1;1;59;0;5688330;245;0
11;19;78;15;48;3;96;3.60;4;2;1;44;0;5688396;117;0
11;19;78;15;48;4;47;5.40;3;2;1;50;0;5688447;131;0
11;19;78;15;48;4;93;3.40;1;1;1;58;0;5688493;195;0
11;19;78;15;48;5;85;3.80;2;1;1;59;0;5688585;233;0
11;19;78;15;48;5;80;4.00;4;2;1;44;0;5688580;154;0
11;19;78;15;48;7;3;3.40;3;2;1;49;0;5688703;217;0
11;19;78;15;48;7;90;3.60;1;1;1;54;0;5688790;275;0
11;19;78;15;48;7;66;10.20;2;1;2;61;0;5688766;157;0
11;19;78;15;48;9;7;3.00;1;1;1;55;0;5688907;93;0
11;19;78;15;48;10;22;4.00;2;1;1;57;0;5689022;195;0
11;19;78;15;48;10;61;3.40;1;1;1;56;0;5689061;134;0
11;19;78;15;48;10;93;3.00;4;2;1;47;0;5689093;480;0
11;19;78;15;48;11;42;3.40;2;1;1;56;0;5689142;94;0
11;19;78;15;48;12;1;3.80;1;1;1;58;0;5689201;118;0
11;19;78;15;48;12;48;3.20;3;2;1;51;0;5689248;520;0
11;19;78;15;48;12;75;4.00;2;1;1;56;0;5689275;111;5688585
11;19;78;15;48;13;29;3.40;4;2;1;40;0;5689329;213;0
11;19;78;15;48;15;9;3.00;4;2;1;35;0;5689509;149;0
11;19;78;15;48;16;14;3.60;3;2;1;52;0;5689614;343;0
11;19;78;15;48;16;26;3.60;2;1;1;59;0;5689626;325;0
11;19;78;15;48;17;21;3.80;4;2;1;35;0;5689721;181;0
11;19;78;15;48;18;14;3.40;1;1;1;60;0;5689814;589;0
11;19;78;15;48;18;13;3.60;3;2;1;48;0;5689813;174;0
11;19;78;15;48;18;69;3.40;4;2;1;34;0;5689869;108;0
11;19;78;15;48;19;36;3.20;3;2;1;47;0;5689936;96;0
11;19;78;15;48;20;32;6.80;1;1;1;50;0;5690032;197;0
11;19;78;15;48;20;88;3.40;4;2;1;35;0;5690088;183;5689329
11;19;78;15;48;21;46;3.60;2;1;1;55;0;5690146;498;0
11;19;78;15;48;21;49;3.00;3;2;1;41;0;5690149;188;0
11;19;78;15;48;22;52;3.80;3;2;1;41;0;5690252;76;5689614
11;19;78;15;48;23;63;3.60;4;2;1;40;0;5690363;240;0
11;19;78;15;48;23;91;3.80;1;1;1;48;0;5690391;310;0
11;19;78;15;48;24;39;4.00;3;2;1;45;0;5690439;153;5689614
11;19;78;15;48;24;40;5.00;2;1;1;51;0;5690440;270;0
11;19;78;15;48;24;99;4.20;4;2;1;41;0;5690499;103;0
11;19;78;15;48;25;59;3.20;1;1;1;50;0;5690559;139;0
11;19;78;15;48;26;20;3.80;2;1;1;53;0;5690620;144;0
11;19;78;15;48;26;20;3.80;3;2;1;42;0;5690620;149;5689614
11;19;78;15;48;26;93;3.20;1;1;1;50;0;5690693;110;5689614
11;19;78;15;48;27;70;3.20;2;1;1;51;0;5690770;124;5689614
11;19;78;15;48;28;5;3.80;1;1;1;50;0;5690805;88;5689614
11;19;78;15;48;28;17;3.40;3;2;1;39;0;5690817;164;5689614
11;19;78;15;48;28;24;3.20;4;2;1;39;0;5690824;288;0
11;19;78;15;48;29;52;3.00;2;1;1;53;0;5690952;159;0
11;19;78;15;48;30;42;3.40;1;1;1;51;0;5691042;209;0
11;19;78;15;48;31;83;3.20;1;1;1;52;0;5691183;117;0
11;19;78;15;48;32;93;3.80;1;1;1;50;0;5691293;87;0
11;19;78;15;48;30;56;3.20;4;1;1;10;0;5691056;211899;0
11;19;78;15;48;33;21;4.40;2;1;1;57;0;5691321;348;0
11;19;78;15;48;34;49;3.40;1;1;1;48;0;5691449;128;0
11;19;78;15;48;35;16;3.20;2;1;1;56;0;5691516;167;0
11;19;78;15;48;35;54;3.60;1;1;1;48;0;5691554;79;5691042
11;19;78;15;48;37;0;3.60;1;1;1;49;0;5691700;119;5691042
11;19;78;15;48;37;11;3.80;2;1;1;53;0;5691711;174;5691042
11;19;78;15;48;38;17;3.80;2;1;1;51;0;5691817;80;5691042
11;19;78;15;48;38;31;3.60;1;1;1;48;0;5691831;104;5691042
11;19;78;15;48;39;60;3.80;2;1;1;55;0;5691960;116;5691321
11;19;78;15;48;39;70;3.60;1;1;1;47;0;5691970;112;5691042
11;19;78;15;48;41;63;4.00;2;1;1;51;0;5692163;178;5691321
11;19;78;15;48;43;63;4.00;2;1;1;50;0;5692363;171;5691321
11;19;78;15;48;42;29;3.00;4;2;1;13;0;5692229;1375;0
11;19;78;15;48;43;37;23.00;1;1;5;48;0;5692337;339;0
11;19;78;15;48;45;73;4.40;1;1;1;45;0;5692573;63;0
11;19;78;15;48;46;19;3.60;2;1;1;55;0;5692619;227;0
11;19;78;15;48;47;0;3.20;1;1;1;47;0;5692700;91;0
11;19;78;15;48;47;20;5.20;2;1;1;49;0;5692720;77;0
11;19;78;15;48;48;84;3.80;2;1;1;45;0;5692884;125;0
11;19;78;15;48;49;40;3.40;1;1;1;49;0;5692940;215;0
11;19;78;15;48;49;59;3.80;4;2;1;43;0;5692959;646;0
11;19;78;15;48;50;81;3.80;1;1;1;44;0;5693081;116;0
11;19;78;15;48;51;36;3.40;4;2;1;48;0;5693136;145;0
11;19;78;15;48;51;92;4.80;3;2;1;58;0;5693192;2343;0
11;19;78;15;48;51;98;3.20;1;1;1;45;0;5693198;85;0
11;19;78;15;48;52;74;3.20;4;2;1;50;0;5693274;112;0
11;19;78;15;48;53;5;3.80;2;1;1;38;0;5693305;390;0
11;19;78;15;48;53;89;3.80;3;2;1;55;0;5693389;167;0
11;19;78;15;48;54;6;3.60;1;1;1;46;0;5693406;182;0
11;19;78;15;48;54;28;3.60;2;1;1;45;0;5693428;87;0
11;19;78;15;48;55;81;3.80;1;1;1;49;0;5693581;146;5692940
11;19;78;15;48;56;17;3.60;4;2;1;46;0;5693617;319;0
11;19;78;15;48;56;19;3.80;2;1;1;46;0;5693619;162;0
11;19;78;15;48;57;0;3.80;3;2;1;59;0;5693700;286;0
11;19;78;15;48;57;27;4.00;4;2;1;45;0;5693727;81;0
11;19;78;15;48;57;75;3.40;2;1;1;44;0;5693775;126;0
11;19;78;15;48;58;22;3.20;1;1;1;49;0;5693822;213;0
11;19;78;15;48;58;26;3.80;4;2;1;46;0;5693826;67;0
11;19;78;15;49;0;86;3.60;2;1;1;46;0;5694086;283;0
11;19;78;15;49;3;47;3.80;3;2;1;55;0;5694347;623;0
11;19;78;15;49;5;45;3.40;3;2;1;54;0;5694545;173;0
11;19;78;15;49;6;22;3.80;4;2;1;47;0;5694622;766;0
11;19;78;15;49;6;93;3.60;3;2;1;51;0;5694693;125;0
11;19;78;15;49;7;85;3.80;4;2;1;43;0;5694785;133;0
11;19;78;15;49;10;66;3.80;3;2;1;42;0;5695066;347;0
11;19;78;15;49;13;14;3.60;1;1;1;51;0;5695314;1468;0
11;19;78;15;49;16;27;4.00;4;2;1;45;0;5695627;810;0
11;19;78;15;49;16;36;4.20;3;2;1;51;0;5695636;537;0
11;19;78;15;49;17;31;4.00;4;2;1;44;0;5695731;72;0
11;19;78;15;49;17;98;3.40;3;2;1;53;0;5695798;132;0
11;19;78;15;49;18;52;3.40;4;2;1;41;0;5695852;88;0
11;19;78;15;49;20;76;3.80;4;2;1;39;0;5696076;194;0
11;19;78;15;49;23;68;3.80;3;2;1;57;0;5696368;546;0
11;19;78;15;49;24;51;3.80;4;2;1;53;0;5696451;339;0
11;19;78;15;49;28;2;3.60;4;2;1;46;0;5696802;325;0
11;19;78;15;49;28;31;3.20;3;2;1;53;0;5696831;439;0
11;19;78;15;49;29;32;3.20;4;2;1;46;0;5696932;101;0
11;19;78;15;49;29;69;3.40;3;2;1;52;0;5696969;116;0
11;19;78;15;49;31;2;3.60;4;2;1;46;0;5697102;144;0
11;19;78;15;49;31;17;3.80;3;2;1;48;0;5697117;124;0
11;19;78;15;49;32;76;5.00;4;2;1;46;0;5697276;145;0
11;19;78;15;49;34;54;3.60;4;2;1;46;0;5697454;138;5696802
11;19;78;15;49;35;28;3.60;3;2;1;52;0;5697528;382;0
11;19;78;15;49;36;43;10.80;4;2;7;46;0;5697643;160;5696802
11;19;78;15;49;37;64;4.60;3;2;1;51;0;5697764;211;0
11;19;78;15;49;38;97;3.40;4;2;1;38;0;5697897;169;5696802
11;19;78;15;49;41;8;3.40;4;2;1;35;0;5698108;178;5696802
11;19;78;15;49;41;80;3.60;3;2;1;49;0;5698180;383;0
11;19;78;15;49;43;26;4.20;3;2;1;48;0;5698326;119;0
11;19;78;15;49;44;87;3.00;3;2;1;45;0;5698487;129;0
11;19;78;15;49;46;5;4.00;3;2;1;40;0;5698605;94;0
11;19;78;15;49;47;28;3.60;3;2;1;37;0;5698728;87;5698180
11;19;78;15;49;48;46;3.20;4;2;1;37;0;5698846;703;0
11;19;78;15;49;49;79;4.00;3;2;1;36;0;5698979;215;0
11;19;78;15;49;51;4;3.60;4;2;1;34;0;5699104;226;0
11;19;78;15;49;51;90;4.00;2;1;1;58;0;5699190;5075;0
11;19;78;15;49;52;38;3.40;1;1;1;56;0;5699238;3898;0
11;19;78;15;49;52;76;3.40;2;1;1;60;0;5699276;61;0
11;19;78;15;49;52;57;3.80;4;2;1;31;0;5699257;114;0
11;19;78;15;49;54;14;3.20;4;2;1;29;0;5699414;112;0
11;19;78;15;49;54;98;3.60;3;2;1;48;0;5699498;479;0
11;19;78;15;49;56;31;3.80;1;1;1;60;0;5699631;371;0
11;19;78;15;49;56;73;4.40;3;2;1;50;0;5699673;148;0
11;19;78;15;49;57;98;3.80;3;2;1;50;0;5699798;93;0
11;19;78;15;49;58;46;3.20;2;1;1;62;0;5699846;549;0
11;19;78;15;49;58;55;3.60;1;1;1;54;0;5699855;201;0
11;19;78;15;49;59;8;3.60;4;2;1;27;0;5699908;454;0
11;19;78;15;49;59;78;3.60;3;2;1;51;0;5699978;152;0
11;19;78;15;50;1;2;3.20;3;2;1;50;0;5700102;98;5699498
11;19;78;15;50;1;45;6.20;1;1;1;58;0;5700145;266;0
11;19;78;15;50;1;11;3.60;4;2;1;27;0;5700111;155;0
11;19;78;15;50;2;18;4.40;3;2;1;46;0;5700218;92;5699498
11;19;78;15;50;2;63;3.80;2;1;1;57;0;5700263;398;0
11;19;78;15;50;2;90;4.40;4;2;1;28;0;5700290;131;0
11;19;78;15;50;4;30;3.40;3;2;1;40;0;5700430;177;5699498
11;19;78;15;50;5;47;3.40;1;1;1;57;0;5700547;363;0
11;19;78;15;50;6;48;3.40;4;2;1;30;0;5700648;301;0
11;19;78;15;50;7;46;3.40;2;1;1;58;0;5700746;459;0
11;19;78;15;50;7;20;4.40;3;2;1;34;0;5700720;259;0
11;19;78;15;50;7;98;3.60;1;1;1;54;0;5700798;229;0
11;19;78;15;50;8;73;3.00;4;2;1;29;0;5700873;184;0
11;19;78;15;50;9;73;3.40;1;1;1;51;0;5700973;151;0
11;19;78;15;50;9;52;3.60;3;2;1;34;0;5700952;185;0
11;19;78;15;50;10;67;3.60;2;1;1;56;0;5701067;299;0
11;19;78;15;50;11;22;3.40;4;2;1;27;0;5701122;211;0
11;19;78;15;50;12;21;4.00;2;1;1;52;0;5701221;130;0
11;19;78;15;50;13;85;3.80;2;1;1;52;0;5701385;136;0
11;19;78;15;50;14;20;3.80;1;1;1;52;0;5701420;423;0
11;19;78;15;50;14;27;4.60;4;2;1;27;0;5701427;259;0
11;19;78;15;50;15;71;3.80;2;1;1;54;0;5701571;159;0
11;19;78;15;50;15;44;3.60;3;2;1;30;0;5701544;553;0
11;19;78;15;50;15;95;3.60;1;1;1;48;0;5701595;148;0
11;19;78;15;50;17;7;3.40;2;1;1;51;0;5701707;110;5701067
11;19;78;15;50;17;3;4.00;1;1;1;47;0;5701703;81;5701067
11;19;78;15;50;18;31;3.60;2;1;1;48;0;5701831;100;5701067
11;19;78;15;50;19;32;3.20;1;1;1;49;0;5701932;198;5701067
11;19;78;15;50;20;38;3.40;2;1;1;51;0;5702038;180;5701067
11;19;78;15;50;22;10;3.60;1;1;1;50;0;5702210;254;0
11;19;78;15;50;22;71;3.60;2;1;1;53;0;5702271;209;0
11;19;78;15;50;23;77;3.80;1;1;1;47;0;5702377;141;0
11;19;78;15;50;24;79;3.80;2;1;1;54;0;5702479;183;0
11;19;78;15;50;24;79;3.60;3;2;1;35;0;5702479;891;0
11;19;78;15;50;25;27;4.00;1;1;1;46;0;5702527;120;0
11;19;78;15;50;26;78;3.80;1;1;1;45;0;5702678;119;0
11;19;78;15;50;26;33;3.80;4;2;1;24;0;5702633;1144;0
11;19;78;15;50;28;21;3.60;2;1;1;50;0;5702821;316;0
11;19;78;15;50;28;31;3.40;1;1;1;44;0;5702831;122;5702210
11;19;78;15;50;29;56;3.00;2;1;1;47;0;5702956;109;5702210
11;19;78;15;50;30;61;3.80;1;1;1;43;0;5703061;202;0
11;19;78;15;50;30;76;3.80;2;1;1;44;0;5703076;97;0
11;19;78;15;50;31;75;3.80;1;1;1;42;0;5703175;82;0
11;19;78;15;50;32;98;3.80;1;1;1;40;0;5703298;90;0
11;19;78;15;50;33;46;3.80;2;1;1;52;0;5703346;238;0
11;19;78;15;50;33;93;4.00;4;2;1;30;0;5703393;703;0
11;19;78;15;50;35;8;6.40;2;1;1;48;0;5703508;135;0
11;19;78;15;50;36;82;3.40;2;1;1;49;0;5703682;126;0
11;19;78;15;50;38;67;3.60;2;1;1;51;0;5703867;160;0
11;19;78;15;50;39;12;3.60;1;1;1;48;0;5703912;579;0
11;19;78;15;50;39;42;4.40;4;2;1;54;0;5703942;501;0
11;19;78;15;50;41;6;4.00;2;1;1;48;0;5704106;213;0
11;19;78;15;50;41;47;2.80;1;1;1;50;0;5704147;208;0
11;19;78;15;50;43;15;3.60;2;1;1;45;0;5704315;179;0
11;19;78;15;50;43;44;3.80;3;2;1;50;0;5704344;1827;0
11;19;78;15;50;43;49;3.40;1;1;1;46;0;5704349;181;0
11;19;78;15;50;43;89;3.60;4;2;1;50;0;5704389;417;0
11;19;78;15;50;44;92;3.80;2;1;1;45;0;5704492;148;0
11;19;78;15;50;45;36;3.40;1;1;1;45;0;5704536;160;0
11;19;78;15;50;45;62;3.20;3;2;1;45;0;5704562;190;0
11;19;78;15;50;46;66;3.60;2;1;1;42;0;5704666;143;0
11;19;78;15;50;46;85;3.60;3;2;1;46;0;5704685;97;0
11;19;78;15;50;47;2;3.40;1;1;1;42;0;5704702;138;0
11;19;78;15;50;47;44;3.00;4;2;1;48;0;5704744;329;0
11;19;78;15;50;47;89;3.60;2;1;1;42;0;5704789;92;5704106
11;19;78;15;50;48;56;3.40;4;2;1;49;0;5704856;89;5704106
11;19;78;15;50;48;51;5.20;1;1;1;42;0;5704851;119;5704147
11;19;78;15;50;48;81;3.80;3;2;1;49;0;5704881;167;5704147
11;19;78;15;50;49;20;4.00;2;1;1;40;0;5704920;100;5704106
11;19;78;15;50;49;81;3.20;4;2;1;49;0;5704981;100;5704106
11;19;78;15;50;49;85;3.80;1;1;1;42;0;5704985;89;5704147
11;19;78;15;50;50;8;3.20;3;2;1;49;0;5705008;99;5704344
11;19;78;15;50;50;72;3.80;2;1;1;40;0;5705072;116;5704106
11;19;78;15;50;51;54;3.60;1;1;1;40;0;5705154;136;5704147
11;19;78;15;50;53;0;3.80;1;1;1;41;0;5705300;113;5704147
11;19;78;15;50;53;81;3.80;2;1;1;44;0;5705381;274;0
11;19;78;15;50;54;45;3.40;1;1;1;42;0;5705445;111;5704147
11;19;78;15;50;55;67;3.80;4;2;1;53;0;5705567;562;0
11;19;78;15;50;55;79;3.40;2;1;1;45;0;5705579;166;0
11;19;78;15;50;56;20;3.80;1;1;1;41;0;5705620;145;5704147
11;19;78;15;50;56;83;3.00;4;2;1;53;0;5705683;90;5704147
11;19;78;15;50;57;26;3.80;3;2;1;65;0;5705726;694;0
11;19;78;15;50;57;40;3.60;2;1;1;44;0;5705740;133;0
11;19;78;15;50;58;17;3.60;1;1;1;42;0;5705817;163;5704147
11;19;78;15;50;59;74;4.40;4;2;1;55;0;5705974;270;0
11;19;78;15;50;59;87;3.40;1;1;1;37;0;5705987;139;5704147
11;19;78;15;51;2;30;3.60;3;2;1;64;0;5706230;482;0
11;19;78;15;51;4;88;4.20;3;2;1;55;0;5706488;237;0
11;19;78;15;51;6;29;3.20;4;2;1;57;0;5706629;626;0
11;19;78;15;51;6;26;3.40;3;2;1;54;0;5706626;110;0
11;19;78;15;51;7;59;3.60;3;2;1;55;0;5706759;110;0
11;19;78;15;51;8;50;3.60;4;2;1;54;0;5706850;200;0
11;19;78;15;51;10;32;3.80;3;2;1;60;0;5707032;249;0
11;19;78;15;51;11;25;3.40;4;2;1;54;0;5707125;251;0
11;19;78;15;51;12;11;3.40;3;2;1;54;0;5707211;156;0
11;19;78;15;51;12;59;3.80;4;2;1;51;0;5707259;111;0
11;19;78;15;51;14;0;3.40;4;2;1;48;0;5707400;114;0
11;19;78;15;51;14;16;3.80;3;2;1;52;0;5707416;182;0
11;19;78;15;51;15;80;3.60;3;2;1;51;0;5707580;137;0
11;19;78;15;51;17;23;3.80;3;2;1;51;0;5707723;117;5707032
11;19;78;15;51;18;70;3.60;4;2;1;52;0;5707870;444;0
11;19;78;15;51;20;32;3.60;4;2;1;52;0;5708032;137;0
11;19;78;15;51;19;88;2.80;3;2;1;17;0;5707988;238;0
11;19;78;15;51;21;91;3.20;3;2;1;45;0;5708191;143;0
11;19;78;15;51;23;24;3.20;4;2;1;47;0;5708324;267;0
11;19;78;15;51;23;54;3.40;3;2;1;43;0;5708354;137;0
11;19;78;15;51;24;78;3.40;4;2;1;47;0;5708478;129;0
11;19;78;15;51;24;97;3.20;3;2;1;37;0;5708497;114;0
11;19;78;15;51;26;1;3.00;4;2;1;46;0;5708601;96;0
11;19;78;15;51;26;71;4.00;3;2;1;39;0;5708671;142;5707988
11;19;78;15;51;27;80;3.60;4;2;1;45;0;5708780;155;5707988
11;19;78;15;51;28;56;3.20;3;2;1;41;0;5708856;148;5707988
11;19;78;15;51;29;17;3.80;4;2;1;42;0;5708917;108;5708324
11;19;78;15;51;30;31;3.20;3;2;1;41;0;5709031;146;5707988
11;19;78;15;51;31;34;3.60;4;2;1;43;0;5709134;184;5708324
11;19;78;15;51;31;89;3.80;3;2;1;39;0;5709189;129;5707988
11;19;78;15;51;33;40;3.80;4;2;1;46;0;5709340;175;5708324
11;19;78;15;51;33;40;3.60;3;2;1;39;0;5709340;115;5707988
11;19;78;15;51;36;68;3.40;4;2;1;46;0;5709668;298;0
11;19;78;15;51;38;12;3.80;4;2;1;46;0;5709812;117;0
11;19;78;15;51;38;4;3.40;3;2;1;40;0;5709804;430;0
11;19;78;15;51;39;39;3.40;2;1;1;55;0;5709939;4169;0
11;19;78;15;51;39;80;3.80;4;2;1;47;0;5709980;138;0
11;19;78;15;51;42;70;3.20;3;2;1;46;0;5710270;435;0
11;19;78;15;51;42;77;4.20;4;2;1;44;0;5710277;267;0
11;19;78;15;51;44;22;4.60;4;2;1;43;0;5710422;110;0
11;19;78;15;51;45;19;3.00;3;2;1;48;0;5710519;223;0
11;19;78;15;51;46;24;3.60;1;1;1;58;0;5710624;4603;0
11;19;78;15;51;46;36;3.60;4;2;1;41;0;5710636;175;0
11;19;78;15;51;47;13;3.80;2;1;1;59;0;5710713;751;0
11;19;78;15;51;47;24;4.60;3;2;1;45;0;5710724;182;0
11;19;78;15;51;47;99;3.00;1;1;1;58;0;5710799;152;0
11;19;78;15;51;48;12;3.60;2;1;1;59;0;5710812;75;0
11;19;78;15;51;48;31;3.60;3;2;1;44;0;5710831;70;0
11;19;78;15;51;48;26;3.60;4;2;1;38;0;5710826;158;0
11;19;78;15;51;49;82;3.40;2;1;1;53;0;5710982;148;0
11;19;78;15;51;50;32;4.00;3;2;1;41;0;5711032;171;0
11;19;78;15;51;50;99;3.60;1;1;1;57;0;5711099;281;0
11;19;78;15;51;52;6;3.80;2;1;1;55;0;5711206;200;0
11;19;78;15;51;52;26;3.80;1;1;1;57;0;5711226;104;0
11;19;78;15;51;52;8;3.80;3;2;1;39;0;5711208;140;5710519
11;19;78;15;51;53;48;3.80;4;2;1;39;0;5711348;487;0
11;19;78;15;51;53;79;4.60;1;1;1;55;0;5711379;129;0
11;19;78;15;51;53;97;4.00;2;1;1;53;0;5711397;166;0
11;19;78;15;51;53;78;3.80;3;2;1;35;0;5711378;134;5710519
11;19;78;15;51;56;8;3.40;4;2;1;35;0;5711608;224;0
11;19;78;15;51;56;67;3.80;2;1;1;59;0;5711667;242;0
11;19;78;15;51;56;67;3.80;1;1;1;53;0;5711667;257;0
11;19;78;15;51;58;7;4.00;2;1;1;57;0;5711807;116;0
11;19;78;15;51;58;76;4.60;1;1;1;50;0;5711876;183;0
11;19;78;15;52;2;59;3.60;2;1;1;51;0;5712259;426;0
11;19;78;15;52;3;80;3.80;1;1;1;53;0;5712380;470;0
11;19;78;15;52;4;36;3.20;2;1;1;47;0;5712436;151;0
11;19;78;15;52;5;63;3.60;2;1;1;45;0;5712563;102;0
11;19;78;15;52;5;95;3.00;1;1;1;51;0;5712595;189;0
11;19;78;15;52;7;36;3.40;1;1;1;52;0;5712736;119;0
11;19;78;15;52;7;56;3.80;2;1;1;49;0;5712756;164;0
11;19;78;15;52;8;82;3.40;3;2;1;51;0;5712882;1464;0
11;19;78;15;52;8;74;4.00;1;1;1;52;0;5712874;114;0
11;19;78;15;52;8;69;5.20;4;2;1;43;0;5712869;1226;0
11;19;78;15;52;9;10;3.80;2;1;1;50;0;5712910;126;5712259
11;19;78;15;52;10;24;3.20;1;1;1;53;0;5713024;122;5712380
11;19;78;15;52;10;93;3.40;2;1;1;49;0;5713093;155;5712259
11;19;78;15;52;11;29;3.20;1;1;1;52;0;5713129;83;5712380
11;19;78;15;52;11;49;3.40;3;2;1;53;0;5713149;243;0
11;19;78;15;52;11;67;3.20;2;1;1;47;0;5713167;49;5712259
11;19;78;15;52;13;5;3.60;2;1;1;47;0;5713305;113;5712259
11;19;78;15;52;13;27;4.00;1;1;1;46;0;5713327;175;5712380
11;19;78;15;52;13;76;3.80;3;2;1;46;0;5713376;203;0
11;19;78;15;52;15;18;3.20;1;1;1;45;0;5713518;159;5712380
11;19;78;15;52;15;21;3.20;3;2;1;47;0;5713521;115;5712380
11;19;78;15;52;15;28;3.60;4;2;1;44;0;5713528;615;0
11;19;78;15;52;16;46;3.40;2;1;1;49;0;5713646;313;0
11;19;78;15;52;16;93;3.60;4;2;1;45;0;5713693;135;0
11;19;78;15;52;17;31;3.80;3;2;1;51;0;5713731;185;0
11;19;78;15;52;17;49;3.80;1;1;1;42;0;5713749;205;0
11;19;78;15;52;17;86;3.20;2;1;1;43;0;5713786;115;0
11;19;78;15;52;18;94;5.20;2;1;1;43;0;5713894;81;0
11;19;78;15;52;19;34;3.20;4;2;1;38;0;5713934;212;0
11;19;78;15;52;19;70;3.80;1;1;1;43;0;5713970;188;0
11;19;78;15;52;20;12;3.60;3;2;1;52;0;5714012;254;0
11;19;78;15;52;20;56;3.60;2;1;1;43;0;5714056;118;0
11;19;78;15;52;22;19;3.60;2;1;1;42;0;5714219;132;5713646
11;19;78;15;52;20;96;20.60;1;1;5;44;0;5714096;94;5713646
11;19;78;15;52;23;42;3.80;3;2;1;51;0;5714342;305;0
11;19;78;15;52;23;55;3.60;1;1;1;43;0;5714355;90;0
11;19;78;15;52;23;75;3.40;2;1;1;43;0;5714375;125;5713646
11;19;78;15;52;24;30;3.80;4;2;1;45;0;5714430;465;0
11;19;78;15;52;24;51;5.00;3;2;1;51;0;5714451;82;0
11;19;78;15;52;25;91;3.60;2;1;1;44;0;5714591;187;5713646
11;19;78;15;52;26;9;12.40;1;1;7;45;0;5714609;223;0
11;19;78;15;52;28;61;3.40;4;2;1;46;0;5714861;400;0
11;19;78;15;52;28;69;3.00;1;1;1;44;0;5714869;160;0
11;19;78;15;52;29;36;3.40;2;1;1;53;0;5714936;315;0
11;19;78;15;52;29;84;3.40;4;2;1;46;0;5714984;96;0
11;19;78;15;52;30;16;3.60;1;1;1;41;0;5715016;122;0
11;19;78;15;52;31;16;3.20;2;1;1;45;0;5715116;156;0
11;19;78;15;52;31;59;3.00;1;1;1;43;0;5715159;111;0
11;19;78;15;52;32;17;3.60;4;2;1;48;0;5715217;206;0
11;19;78;15;52;32;68;5.20;3;2;1;62;0;5715268;781;0
11;19;78;15;52;34;3;3.20;4;2;1;51;0;5715403;159;0
11;19;78;15;52;34;28;3.40;1;1;1;47;0;5715428;243;0
11;19;78;15;52;34;53;3.60;2;1;1;47;0;5715453;311;0
11;19;78;15;52;36;15;3.60;1;1;1;39;0;5715615;160;0
11;19;78;15;52;36;37;3.20;2;1;1;45;0;5715637;156;0
11;19;78;15;52;36;64;4.00;3;2;1;61;0;5715664;365;0
11;19;78;15;52;37;93;3.20;1;1;1;39;0;5715793;144;0
11;19;78;15;52;38;29;3.60;4;2;1;50;0;5715829;403;0
11;19;78;15;52;38;84;3.40;2;1;1;52;0;5715884;221;0
11;19;78;15;52;39;88;3.80;1;1;1;39;0;5715988;165;0
11;19;78;15;52;40;5;3.80;4;2;1;47;0;5716005;150;0
11;19;78;15;52;41;94;4.80;3;2;1;65;0;5716194;506;0
11;19;78;15;52;42;23;3.60;1;1;1;37;0;5716223;199;5715428
11;19;78;15;52;42;87;3.80;4;2;1;46;0;5716287;252;0
11;19;78;15;52;43;58;3.00;1;1;1;32;0;5716358;99;5715428
11;19;78;15;52;43;92;4.00;2;1;1;52;0;5716392;484;0
11;19;78;15;52;45;21;3.60;3;2;1;63;0;5716521;300;0
11;19;78;15;52;45;64;3.20;1;1;1;32;0;5716564;172;5715428
11;19;78;15;52;47;37;3.60;1;1;1;33;0;5716737;137;5715428
11;19;78;15;52;50;17;3.60;3;2;1;61;0;5717017;475;0
11;19;78;15;52;50;20;3.60;1;1;1;29;0;5717020;243;0
11;19;78;15;52;51;82;3.60;3;2;1;58;0;5717182;143;0
11;19;78;15;52;51;96;3.00;1;1;1;27;0;5717196;131;0
11;19;78;15;52;53;45;4.00;3;2;1;58;0;5717345;140;0
11;19;78;15;52;55;47;3.80;3;2;1;53;0;5717547;177;0
11;19;78;15;52;57;21;3.20;4;2;1;52;0;5717721;1404;0
11;19;78;15;52;58;8;4.00;3;2;1;54;0;5717808;235;0
11;19;78;15;52;58;20;12.40;1;1;3;49;0;5717820;584;0
11;19;78;15;52;59;34;3.60;3;2;1;52;0;5717934;99;0
11;19;78;15;53;0;23;4.60;4;2;1;57;0;5718023;279;0
11;19;78;15;53;1;57;3.00;4;2;1;55;0;5718157;104;0
11;19;78;15;53;3;51;3.80;4;2;1;53;0;5718351;174;0
11;19;78;15;53;4;84;4.00;3;2;1;54;0;5718484;525;0
11;19;78;15;53;5;4;3.60;4;2;1;55;0;5718504;127;0
11;19;78;15;53;6;41;4.60;4;2;1;49;0;5718641;113;5718023
11;19;78;15;53;8;32;3.40;3;2;1;56;0;5718832;321;0
11;19;78;15;53;9;82;3.80;3;2;1;56;0;5718982;128;0
11;19;78;15;53;11;25;3.40;3;2;1;54;0;5719125;118;0
11;19;78;15;53;13;20;3.80;3;2;1;55;0;5719320;172;0
11;19;78;15;53;17;19;3.60;4;2;1;53;0;5719719;1044;0
11;19;78;15;53;19;99;3.80;3;2;1;51;0;5719999;654;0
11;19;78;15;53;20;84;3.40;1;1;1;58;0;5720084;2172;0
11;19;78;15;53;21;8;3.80;3;2;1;51;0;5720108;82;0
11;19;78;15;53;22;23;11.20;4;2;2;50;0;5720223;479;0
11;19;78;15;53;22;89;3.00;3;2;1;50;0;5720289;154;0
11;19;78;15;53;23;19;3.60;1;1;1;64;0;5720319;213;0
11;19;78;15;53;24;38;3.60;3;2;1;51;0;5720438;127;0
11;19;78;15;53;24;18;14.20;4;2;3;49;0;5720418;114;0
11;19;78;15;53;26;16;3.60;3;2;1;52;0;5720616;152;5719999
11;19;78;15;53;27;20;3.60;4;2;1;46;0;5720720;197;5719999
11;19;78;15;53;27;88;3.60;3;2;1;54;0;5720788;147;5719999
11;19;78;15;53;28;87;3.20;4;2;1;44;0;5720887;138;5719999
11;19;78;15;53;29;30;3.60;3;2;1;63;0;5720930;118;5719999
11;19;78;15;53;30;79;3.60;3;2;1;59;0;5721079;128;5719999
11;19;78;15;53;30;76;3.40;4;2;1;42;0;5721076;162;5720223
11;19;78;15;53;32;38;3.20;4;2;1;42;0;5721238;132;5720223
11;19;78;15;53;32;72;3.80;3;2;1;56;0;5721272;171;5719999
11;19;78;15;53;33;65;3.40;4;2;1;42;0;5721365;99;5720223
11;19;78;15;53;34;31;4.00;3;2;1;55;0;5721431;134;5719999
11;19;78;15;53;35;69;3.80;4;2;1;39;0;5721569;174;5720223
11;19;78;15;53;37;28;4.00;3;2;1;54;0;5721728;270;0
11;19;78;15;53;37;63;3.40;4;2;1;39;0;5721763;158;5720223
11;19;78;15;53;38;92;3.40;3;2;1;54;0;5721892;137;5720223
11;19;78;15;53;39;68;3.20;4;2;1;39;0;5721968;173;5720223
11;19;78;15;53;39;97;5.00;1;1;1;57;0;5721997;1657;0
11;19;78;15;53;41;10;3.60;4;2;1;36;0;5722110;112;5720223
11;19;78;15;53;41;47;3.80;3;2;1;46;0;5722147;232;0
11;19;78;15;53;42;46;11.20;1;1;3;50;0;5722246;217;0
11;19;78;15;53;42;89;3.40;4;2;1;34;0;5722289;143;5720223
11;19;78;15;53;44;63;5.20;4;2;1;31;0;5722463;138;5720223
11;19;78;15;53;45;36;4.00;2;1;1;60;0;5722536;6116;0
11;19;78;15;53;45;33;3.20;1;1;1;51;0;5722533;206;0
11;19;78;15;53;46;4;3.40;3;2;1;53;0;5722604;427;0
11;19;78;15;53;46;27;3.60;2;1;1;61;0;5722627;67;0
11;19;78;15;53;46;27;3.40;4;2;1;31;0;5722627;103;5720223
11;19;78;15;53;46;79;3.80;1;1;1;51;0;5722679;123;5720223
11;19;78;15;53;47;84;4.00;2;1;1;57;0;5722784;135;5720223
11;19;78;15;53;48;38;4.00;1;1;1;52;0;5722838;132;5720223
11;19;78;15;53;48;37;3.80;3;2;1;53;0;5722837;209;0
11;19;78;15;53;48;23;3.00;4;2;1;30;0;5722823;156;5720223
11;19;78;15;53;50;31;3.60;2;1;1;57;0;5723031;221;0
11;19;78;15;53;50;44;3.20;1;1;1;52;0;5723044;178;0
11;19;78;15;53;50;16;2.80;4;2;1;33;0;5723016;157;5720223
11;19;78;15;53;51;67;3.80;1;1;1;49;0;5723167;100;5722533
11;19;78;15;53;51;92;4.40;4;2;1;28;0;5723192;145;5720223
11;19;78;15;53;52;98;3.80;1;1;1;58;0;5723298;103;5722533
11;19;78;15;53;54;30;3.40;4;2;1;28;0;5723430;181;5720223
11;19;78;15;53;55;24;3.80;1;1;1;54;0;5723524;202;0
11;19;78;15;53;55;43;3.60;2;1;1;50;0;5723543;489;0
11;19;78;15;53;56;55;3.60;2;1;1;51;0;5723655;86;0
11;19;78;15;53;56;42;3.80;4;2;1;31;0;5723642;168;5720223
11;19;78;15;53;57;33;3.40;3;2;1;52;0;5723733;870;0
11;19;78;15;53;57;91;3.20;2;1;1;53;0;5723791;110;0
11;19;78;15;53;58;7;3.80;1;1;1;53;0;5723807;257;0
11;19;78;15;53;58;67;3.60;2;1;1;54;0;5723867;54;0
11;19;78;15;53;59;14;3.60;4;2;1;24;0;5723914;227;0
11;19;78;15;54;0;0;3.60;3;2;1;45;0;5724000;243;0
11;19;78;15;54;0;14;3.60;2;1;1;53;0;5724014;123;5723543
11;19;78;15;54;1;46;3.60;3;2;1;43;0;5724146;117;5723543
11;19;78;15;54;2;37;4.00;2;1;1;53;0;5724237;198;5723543
11;19;78;15;54;1;80;3.60;4;2;1;23;0;5724180;212;0
11;19;78;15;54;3;2;3.60;3;2;1;35;0;5724302;125;0
11;19;78;15;54;3;51;3.60;1;1;1;53;0;5724351;518;0
11;19;78;15;54;4;10;3.20;2;1;1;53;0;5724410;145;5723543
11;19;78;15;54;4;58;3.80;3;2;1;38;0;5724458;118;5723543
11;19;78;15;54;5;51;3.80;2;1;1;51;0;5724551;119;5723543
11;19;78;15;54;5;72;3.20;1;1;1;49;0;5724572;196;5723543
11;19;78;15;54;6;73;3.60;2;1;1;50;0;5724673;95;5723543
11;19;78;15;54;6;27;3.40;4;2;1;31;0;5724627;390;0
11;19;78;15;54;6;50;3.60;3;2;1;37;0;5724650;156;5724000
11;19;78;15;54;7;29;3.60;1;1;1;54;0;5724729;133;5724000
11;19;78;15;54;7;82;3.20;2;1;1;49;0;5724782;83;5723543
11;19;78;15;54;7;39;3.40;4;2;1;29;0;5724739;72;5723543
11;19;78;15;54;8;66;3.00;1;1;1;51;0;5724866;113;5723543
11;19;78;15;54;8;97;3.20;2;1;1;51;0;5724897;91;5723543
11;19;78;15;54;9;76;3.60;1;1;1;50;0;5724976;88;5724351
11;19;78;15;54;9;80;3.60;3;2;1;31;0;5724980;294;0
11;19;78;15;54;11;21;3.00;2;1;1;49;0;5725121;201;0
11;19;78;15;54;11;50;3.20;1;1;1;52;0;5725150;148;5724351
11;19;78;15;54;12;12;3.80;2;1;1;49;0;5725212;68;5724351
11;19;78;15;54;12;24;4.00;3;2;1;32;0;5725224;202;0
11;19;78;15;54;13;14;3.60;2;1;1;49;0;5725314;74;0
11;19;78;15;54;13;26;3.40;1;1;1;54;0;5725326;153;5724351
11;19;78;15;54;14;12;3.20;1;1;1;56;0;5725412;63;5724351
11;19;78;15;54;14;15;3.00;2;1;1;46;0;5725415;74;5724351
11;19;78;15;54;15;4;4.00;1;1;1;55;0;5725504;71;5724351
11;19;78;15;54;15;14;3.40;2;1;1;47;0;5725514;75;5725121
11;19;78;15;54;15;67;4.40;4;2;1;40;0;5725567;785;0
11;19;78;15;54;17;9;3.40;1;1;1;52;0;5725709;178;5724351
11;19;78;15;54;17;59;3.00;2;1;1;53;0;5725759;218;0
11;19;78;15;54;17;74;3.60;3;2;1;50;0;5725774;505;0
11;19;78;15;54;18;19;3.20;4;2;1;47;0;5725819;212;0
11;19;78;15;54;21;3;3.20;1;1;1;49;0;5726103;370;0
11;19;78;15;54;22;39;4.00;2;1;1;62;0;5726239;459;0
11;19;78;15;54;22;46;3.80;1;1;1;49;0;5726246;119;0
11;19;78;15;54;22;55;3.40;3;2;1;58;0;5726255;455;0
11;19;78;15;54;23;96;3.00;4;2;1;50;0;5726396;552;0
11;19;78;15;54;24;23;3.40;1;1;1;48;0;5726423;149;0
11;19;78;15;54;25;17;3.60;1;1;1;53;0;5726517;68;0
11;19;78;15;54;26;11;3.60;4;2;1;48;0;5726611;193;0
11;19;78;15;54;27;38;3.80;1;1;1;57;0;5726738;196;5726103
11;19;78;15;54;27;84;3.00;3;2;1;55;0;5726784;507;0
11;19;78;15;54;27;83;3.00;4;2;1;48;0;5726783;145;0
11;19;78;15;54;30;37;3.40;4;2;1;54;0;5727037;231;0
11;19;78;15;54;31;36;3.60;3;2;1;55;0;5727136;332;0
11;19;78;15;54;32;2;3.60;2;1;1;62;0;5727202;939;0
11;19;78;15;54;32;34;3.80;1;1;1;54;0;5727234;472;0
11;19;78;15;54;32;87;3.00;4;2;1;53;0;5727287;227;0
11;19;78;15;54;33;55;3.40;1;1;1;53;0;5727355;95;0
11;19;78;15;54;32;84;13.80;3;2;4;52;0;5727284;124;0
11;19;78;15;54;34;39;3.40;4;2;1;52;0;5727439;131;0
11;19;78;15;54;34;83;3.60;3;2;1;56;0;5727483;103;0
11;19;78;15;54;35;12;3.20;1;1;1;52;0;5727512;133;0
11;19;78;15;54;36;12;4.00;2;1;1;57;0;5727612;389;0
11;19;78;15;54;38;4;3.60;1;1;1;55;0;5727804;269;0
11;19;78;15;54;39;99;3.20;1;1;1;55;0;5727999;171;0
11;19;78;15;54;41;51;3.80;1;1;1;47;0;5728151;131;0
11;19;78;15;54;41;16;12.60;4;2;3;47;0;5728116;653;0
11;19;78;15;54;43;21;3.40;1;1;1;48;0;5728321;140;0
11;19;78;15;54;43;77;3.00;2;1;1;52;0;5728377;739;0
11;19;78;15;54;43;75;3.80;4;2;1;47;0;5728375;162;0
11;19;78;15;54;44;24;3.20;1;1;1;50;0;5728424;77;5727804
11;19;78;15;54;44;87;3.40;4;2;1;48;0;5728487;82;5727804
11;19;78;15;54;45;21;3.00;3;2;1;43;0;5728521;1014;0
11;19;78;15;54;45;45;3.80;1;1;1;49;0;5728545;97;5727804
11;19;78;15;54;46;58;3.40;4;2;1;41;0;5728658;145;5727804
11;19;78;15;54;46;96;3.60;3;2;1;47;0;5728696;149;5727804
11;19;78;15;54;48;41;4.20;3;2;1;46;0;5728841;117;5727804
11;19;78;15;54;48;63;3.20;4;2;1;41;0;5728863;175;5728116
11;19;78;15;54;49;45;3.80;3;2;1;47;0;5728945;71;5728116
11;19;78;15;54;49;91;3.40;1;1;1;54;0;5728991;418;0
11;19;78;15;54;50;22;4.40;4;2;1;43;0;5729022;130;5728116
11;19;78;15;54;50;74;3.80;3;2;1;50;0;5729074;99;5728521
11;19;78;15;54;52;2;4.20;4;2;1;42;0;5729202;143;5728116
11;19;78;15;54;52;60;3.60;3;2;1;49;0;5729260;158;5728521
11;19;78;15;54;53;72;3.40;4;2;1;47;0;5729372;134;5728116
11;19;78;15;54;54;52;3.40;3;2;1;51;0;5729452;165;5728521
11;19;78;15;54;55;82;3.20;3;2;1;52;0;5729582;106;5728521
11;19;78;15;54;56;83;3.20;4;2;1;42;0;5729683;284;0
11;19;78;15;54;57;49;3.00;3;2;1;52;0;5729749;144;5728521
11;19;78;15;54;57;86;5.20;4;2;1;42;0;5729786;75;5728521
11;19;78;15;55;0;11;3.60;4;2;1;41;0;5730011;180;5728521
11;19;78;15;55;0;95;3.40;3;2;1;50;0;5730095;325;0
11;19;78;15;55;2;61;3.60;3;2;1;53;0;5730261;141;0
11;19;78;15;55;3;31;3.20;4;2;1;52;0;5730331;288;0
11;19;78;15;55;4;83;3.40;4;2;1;51;0;5730483;129;0
11;19;78;15;55;5;43;6.00;3;2;1;43;0;5730543;257;0
11;19;78;15;55;7;27;3.00;1;1;1;56;0;5730727;1713;0
11;19;78;15;55;7;38;3.40;3;2;1;42;0;5730738;144;0
11;19;78;15;55;8;66;4.60;4;2;1;41;0;5730866;359;0
11;19;78;15;55;9;17;3.40;3;2;1;40;0;5730917;149;0
11;19;78;15;55;10;81;3.20;4;2;1;39;0;5731081;174;0
11;19;78;15;55;12;1;8.40;3;2;6;44;0;5731201;253;0
11;19;78;15;55;12;80;5.20;4;2;1;39;0;5731280;169;0
11;19;78;15;55;14;22;3.40;4;2;1;39;0;5731422;94;0
11;19;78;15;55;14;73;3.40;3;2;1;45;0;5731473;203;0
11;19;78;15;55;15;74;3.40;4;2;1;37;0;5731574;120;5730866
11;19;78;15;55;18;2;3.20;3;2;1;43;0;5731802;301;0
11;19;78;15;55;19;49;3.00;3;2;1;39;0;5731949;120;0
11;19;78;15;55;20;80;3.80;4;2;1;46;0;5732080;472;0
11;19;78;15;55;22;87;4.00;3;2;1;41;0;5732287;310;0
11;19;78;15;55;22;83;3.40;4;2;1;35;0;5732283;173;0
11;19;78;15;55;24;95;4.00;4;2;1;35;0;5732495;177;0
11;19;78;15;55;26;69;3.80;3;2;1;37;0;5732669;346;0
11;19;78;15;55;27;19;3.40;2;1;1;54;0;5732719;4321;0
11;19;78;15;55;27;44;3.60;4;2;1;36;0;5732744;207;0
11;19;78;15;55;30;50;3.40;3;2;1;36;0;5733050;344;0
11;19;78;15;55;30;42;3.60;4;2;1;34;0;5733042;262;0
11;19;78;15;55;32;58;3.20;3;2;1;35;0;5733258;174;0
11;19;78;15;55;33;53;3.80;4;2;1;32;0;5733353;272;0
11;19;78;15;55;35;97;3.60;2;1;1;56;0;5733597;855;0
11;19;78;15;55;36;42;4.40;3;2;1;41;0;5733642;351;0
11;19;78;15;55;37;30;3.20;4;2;1;36;0;5733730;334;0
11;19;78;15;55;37;58;3.80;1;1;1;55;0;5733758;3011;0
11;19;78;15;55;39;45;3.60;2;1;1;61;0;5733945;324;0
11;19;78;15;55;39;29;3.80;4;2;1;33;0;5733929;167;0
11;19;78;15;55;41;8;3.80;2;1;1;65;0;5734108;141;0
11;19;78;15;55;41;15;3.20;3;2;1;43;0;5734115;434;0
11;19;78;15;55;41;48;3.60;1;1;1;48;0;5734148;365;0
11;19;78;15;55;42;60;3.20;1;1;1;49;0;5734260;85;0
11;19;78;15;55;42;32;3.80;3;2;1;41;0;5734232;90;0
11;19;78;15;55;42;24;3.00;4;2;1;31;0;5734224;253;0
11;19;78;15;55;43;22;3.60;2;1;1;58;0;5734322;192;0
11;19;78;15;55;43;56;3.00;4;2;1;29;0;5734356;97;0
11;19;78;15;55;44;21;3.40;3;2;1;42;0;5734421;155;0
11;19;78;15;55;44;73;3.40;2;1;1;58;0;5734473;128;0
11;19;78;15;55;45;54;3.80;2;1;1;53;0;5734554;59;5733945
11;19;78;15;55;46;36;4.20;1;1;1;57;0;5734636;352;0
11;19;78;15;55;47;31;6.40;2;1;1;50;0;5734731;151;5733945
11;19;78;15;55;49;31;3.40;2;1;1;51;0;5734931;153;5733945
11;19;78;15;55;48;12;10.00;3;2;6;27;0;5734812;361;0
11;19;78;15;55;49;85;3.40;1;1;1;52;0;5734985;322;0
11;19;78;15;55;51;31;3.60;2;1;1;53;0;5735131;176;5733945
11;19;78;15;55;51;65;3.20;1;1;1;49;0;5735165;156;5733945
11;19;78;15;55;51;7;3.60;3;2;1;23;0;5735107;161;5733945
11;19;78;15;55;51;94;4.40;4;2;1;35;0;5735194;800;0
11;19;78;15;55;52;90;4.60;2;1;1;53;0;5735290;134;5733945
11;19;78;15;55;53;58;5.60;1;1;1;51;0;5735358;169;5733945
11;19;78;15;55;53;68;3.80;4;2;1;33;0;5735368;128;5733945
11;19;78;15;55;54;93;3.60;2;1;1;52;0;5735493;171;5733945
11;19;78;15;55;55;9;3.60;1;1;1;49;0;5735509;111;5733945
11;19;78;15;55;56;44;3.40;1;1;1;49;0;5735644;108;5734985
11;19;78;15;55;56;55;3.20;2;1;1;53;0;5735655;137;5733945
11;19;78;15;55;56;1;3.40;3;2;1;21;0;5735601;437;0
11;19;78;15;55;57;30;3.00;4;2;1;31;0;5735730;320;0
11;19;78;15;55;58;49;3.20;1;1;1;49;0;5735849;180;5734985
11;19;78;15;55;58;68;3.40;2;1;1;51;0;5735868;191;5733945
11;19;78;15;55;58;85;3.40;3;2;1;24;0;5735885;225;0
11;19;78;15;56;0;32;3.60;2;1;1;48;0;5736032;140;5733945
11;19;78;15;56;0;14;13.40;1;1;4;48;0;5736014;141;5734985
11;19;78;15;56;0;76;3.80;4;2;1;31;0;5736076;311;0
11;19;78;15;56;1;74;4.40;2;1;1;47;0;5736174;115;5733945
11;19;78;15;56;2;52;3.80;1;1;1;45;0;5736252;137;5734985
11;19;78;15;56;4;18;4.60;1;1;1;40;0;5736418;135;5734985
11;19;78;15;56;3;61;3.80;4;2;1;27;0;5736361;240;0
11;19;78;15;56;4;51;5.20;2;1;1;46;0;5736451;243;0
11;19;78;15;56;6;29;3.80;1;1;1;42;0;5736629;169;5734985
11;19;78;15;56;6;46;3.60;2;1;1;46;0;5736646;154;5734985
11;19;78;15;56;8;25;3.20;1;1;1;41;0;5736825;163;5734985
11;19;78;15;56;8;55;3.80;2;1;1;45;0;5736855;180;5734985
11;19;78;15;56;8;28;3.20;3;2;1;33;0;5736828;892;0
11;19;78;15;56;9;39;3.60;1;1;1;40;0;5736939;85;5734985
11;19;78;15;56;11;16;3.00;1;1;1;38;0;5737116;144;5734985
11;19;78;15;56;12;9;3.60;1;1;1;38;0;5737209;64;5734985
11;19;78;15;56;12;58;3.80;2;1;1;45;0;5737258;372;0
11;19;78;15;56;12;40;3.00;4;2;1;29;0;5737240;828;0
11;19;78;15;56;14;42;4.00;2;1;1;44;0;5737442;153;0
11;19;78;15;56;14;32;3.00;3;2;1;31;0;5737432;569;0
11;19;78;15;56;14;70;3.80;4;2;1;27;0;5737470;192;0
11;19;78;15;56;15;94;4.20;2;1;1;44;0;5737594;119;0
11;19;78;15;56;16;87;3.60;1;1;1;48;0;5737687;443;0
11;19;78;15;56;16;78;4.60;3;2;1;32;0;5737678;211;0
11;19;78;15;56;18;37;3.20;2;1;1;44;0;5737837;208;0
11;19;78;15;56;18;18;4.40;3;2;1;32;0;5737818;88;0
11;19;78;15;56;18;78;3.00;1;1;1;46;0;5737878;164;0
11;19;78;15;56;19;42;3.20;2;1;1;43;0;5737942;78;0
11;19;78;15;56;19;90;3.80;1;1;1;46;0;5737990;88;0
11;19;78;15;56;20;40;3.60;2;1;1;45;0;5738040;71;0
11;19;78;15;56;20;66;3.60;3;2;1;29;0;5738066;198;0
11;19;78;15;56;21;70;4.00;1;1;1;44;0;5738170;150;0
11;19;78;15;56;22;26;3.60;3;2;1;27;0;5738226;115;0
11;19;78;15;56;23;44;4.60;1;1;1;42;0;5738344;141;5737687
11;19;78;15;56;24;44;3.80;2;1;1;47;0;5738444;375;0
11;19;78;15;56;23;22;2.40;4;1;1;14;0;5738322;47150;0
11;19;78;15;56;24;60;3.00;3;2;1;26;0;5738460;186;5737678
11;19;78;15;56;25;60;4.00;1;1;1;45;0;5738560;176;5737687
11;19;78;15;56;26;55;3.40;3;2;1;25;0;5738655;153;5737678
11;19;78;15;56;27;99;3.00;1;1;1;49;0;5738799;207;0
11;19;78;15;56;28;24;3.80;4;2;1;18;0;5738824;1303;0
11;19;78;15;56;29;44;3.80;2;1;1;56;0;5738944;470;0
11;19;78;15;56;28;67;3.80;3;2;1;22;0;5738867;163;5737678
11;19;78;15;56;29;80;3.20;1;1;1;39;0;5738980;158;5737678
11;19;78;15;56;29;66;3.60;4;2;1;17;0;5738966;66;5737678
11;19;78;15;56;31;1;3.80;1;1;1;39;0;5739101;91;5737678
11;19;78;15;56;30;82;3.80;3;2;1;22;0;5739082;152;5737678
11;19;78;15;56;33;62;3.40;1;1;1;41;0;5739362;225;0
11;19;78;15;56;32;98;3.20;3;2;1;23;0;5739298;153;5737678
11;19;78;15;56;32;76;3.60;4;2;1;20;0;5739276;233;0
11;19;78;15;56;35;38;3.00;3;2;1;25;0;5739538;189;5737678
11;19;78;15;56;35;38;3.80;4;2;1;22;0;5739538;197;5737678
11;19;78;15;56;37;46;3.60;1;1;1;41;0;5739746;354;0
11;19;78;15;56;37;48;3.60;3;2;1;26;0;5739748;166;5737678
11;19;78;15;56;37;63;4.60;4;2;1;17;0;5739763;162;5737678
11;19;78;15;56;40;13;3.00;1;1;1;41;0;5740013;235;0
11;19;78;15;56;39;97;3.60;4;2;1;17;0;5739997;136;0
11;19;78;15;56;41;23;3.80;3;2;1;23;0;5740123;325;0
11;19;78;15;56;43;54;4.20;3;2;1;23;0;5740354;171;0
11;19;78;15;56;45;69;3.60;3;2;1;23;0;5740569;149;0
11;19;78;15;56;45;95;5.00;4;1;1;26;0;5740595;2211;0
11;19;78;15;56;47;81;3.20;3;2;1;25;0;5740781;155;0
11;19;78;15;56;49;11;3.80;4;2;1;19;0;5740911;837;0
11;19;78;15;56;50;81;3.40;3;2;1;23;0;5741081;253;0
11;19;78;15;56;51;53;5.00;4;2;1;19;0;5741153;170;0
11;19;78;15;56;52;76;3.00;3;2;1;25;0;5741276;141;0
11;19;78;15;56;55;13;5.20;3;2;1;18;0;5741513;193;0
11;19;78;15;56;55;6;4.80;4;2;1;17;0;5741506;258;0
11;19;78;15;56;59;96;11.60;3;1;2;40;0;5741996;1276603;0
11;19;78;15;57;0;75;3.60;4;2;1;14;0;5742075;467;0
11;19;78;15;57;1;97;6.40;3;1;2;22;0;5742197;96;0
11;19;78;15;57;3;60;5.00;4;2;1;14;0;5742360;192;0
11;19;78;15;57;6;13;3.80;3;2;1;15;0;5742613;996;0
11;19;78;15;57;8;64;3.20;3;2;1;14;0;5742864;159;0
11;19;78;15;57;9;3;4.20;4;2;1;18;0;5742903;414;0
11;19;78;15;57;11;66;4.00;3;2;1;16;0;5743166;219;0
11;19;78;15;57;13;94;3.20;1;1;1;56;0;5743394;3354;0
11;19;78;15;57;15;5;3.60;3;2;1;18;0;5743505;249;0
11;19;78;15;57;17;63;4.60;3;2;1;21;0;5743763;186;0
11;19;78;15;57;23;53;3.80;2;1;1;63;0;5744353;5384;0
11;19;78;15;57;24;86;3.60;2;1;1;61;0;5744486;111;0
11;19;78;15;57;25;61;2.80;3;2;1;11;0;5744561;719;0
11;19;78;15;57;28;10;3.40;2;1;1;56;0;5744810;302;0
11;19;78;15;57;28;87;3.20;1;1;1;56;0;5744887;1472;0
11;19;78;15;57;29;61;3.60;2;1;1;53;0;5744961;129;0
11;19;78;15;57;28;69;3.80;3;2;1;15;0;5744869;216;0
11;19;78;15;57;31;37;3.60;1;1;1;56;0;5745137;229;0
11;19;78;15;57;31;71;4.60;2;1;1;53;0;5745171;185;0
11;19;78;15;57;30;48;4.40;4;2;1;16;0;5745048;2061;0
11;19;78;15;57;31;56;3.60;3;2;1;21;0;5745156;195;0
11;19;78;15;57;34;24;3.80;1;1;1;55;0;5745424;263;0
11;19;78;15;57;34;73;3.40;3;2;1;30;0;5745473;255;0
11;19;78;15;57;35;71;3.60;2;1;1;53;0;5745571;368;0
11;19;78;15;57;37;59;3.60;2;1;1;52;0;5745759;163;0
11;19;78;15;57;37;80;3.80;1;1;1;51;0;5745780;331;0
11;19;78;15;57;39;49;3.80;2;1;1;50;0;5745949;165;0
11;19;78;15;57;40;86;3.40;2;1;1;46;0;5746086;109;0
11;19;78;15;57;40;74;8.40;1;1;2;59;0;5746074;267;0
11;19;78;15;57;42;27;4.00;1;1;1;57;0;5746227;101;0
11;19;78;15;57;42;34;4.00;2;1;1;48;0;5746234;121;5745571
11;19;78;15;57;43;86;3.60;1;1;1;54;0;5746386;133;5745571
11;19;78;15;57;43;67;16.60;4;2;4;38;0;5746367;1220;0
11;19;78;15;57;45;26;3.20;1;1;1;53;0;5746526;116;0
11;19;78;15;57;45;37;3.60;2;1;1;47;0;5746537;273;0
11;19;78;15;57;46;46;3.40;1;1;1;49;0;5746646;98;5746074
11;19;78;15;57;46;42;3.20;4;2;1;36;0;5746642;117;5746074
11;19;78;15;57;47;22;3.60;2;1;1;51;0;5746722;157;5746074
11;19;78;15;57;47;82;4.00;1;1;1;52;0;5746782;111;5746074
11;19;78;15;57;48;69;3.20;1;1;1;54;0;5746869;59;5746074
11;19;78;15;57;48;57;3.00;2;1;0;55;1;5746857;109;5746074
11;19;78;15;57;48;60;3.80;4;2;1;34;0;5746860;186;5746074
11;19;78;15;57;49;49;3.80;3;2;1;46;0;5746949;1435;0
11;19;78;15;57;49;80;14.60;1;1;3;49;0;5746980;89;5746074
11;19;78;15;57;51;4;3.60;2;1;1;55;0;5747104;356;0
11;19;78;15;57;51;74;3.60;3;2;1;38;0;5747174;195;0
11;19;78;15;57;52;53;3.60;1;1;1;49;0;5747253;165;5746074
11;19;78;15;57;51;74;3.60;4;2;1;24;0;5747174;273;0
11;19;78;15;57;52;73;3.40;3;2;1;38;0;5747273;64;0
11;19;78;15;57;53;83;3.40;1;1;1;50;0;5747383;103;5746074
11;19;78;15;57;54;23;4.00;2;1;1;53;0;5747423;295;0
11;19;78;15;57;55;43;3.20;1;1;1;46;0;5747543;135;5746074
11;19;78;15;57;55;20;3.80;3;2;1;33;0;5747520;214;0
11;19;78;15;57;55;70;5.20;2;1;1;48;0;5747570;119;0
11;19;78;15;57;56;69;3.40;3;2;1;27;0;5747669;107;0
11;19;78;15;57;57;68;3.80;1;1;1;43;0;5747768;199;5746074
11;19;78;15;57;58;12;4.60;2;1;1;47;0;5747812;203;0
11;19;78;15;57;59;60;3.00;1;1;1;42;0;5747960;160;5746074
11;19;78;15;57;58;97;3.80;3;2;1;22;0;5747897;182;5746074
11;19;78;15;58;0;36;3.80;2;1;1;45;0;5748036;188;5746074
11;19;78;15;58;1;21;3.60;1;1;1;41;0;5748121;135;5746074
11;19;78;15;58;0;73;3.60;3;2;1;20;0;5748073;113;5746074
11;19;78;15;58;2;54;3.60;1;1;1;41;0;5748254;101;5746074
11;19;78;15;58;2;98;3.60;2;1;1;44;0;5748298;231;0
11;19;78;15;58;2;67;3.60;3;2;1;20;0;5748267;129;5747520
11;19;78;15;58;4;31;3.80;1;1;1;41;0;5748431;145;5746074
11;19;78;15;58;4;78;3.40;2;1;1;41;0;5748478;150;5746074
11;19;78;15;58;6;56;4.40;1;1;1;39;0;5748656;191;5746074
11;19;78;15;58;5;57;3.80;3;2;1;20;0;5748557;225;0
11;19;78;15;58;6;26;12.60;4;1;2;54;0;5748626;7961;0
11;19;78;15;58;8;55;3.20;2;1;1;41;0;5748855;347;0
11;19;78;15;58;7;81;3.00;3;2;1;17;0;5748781;155;0
11;19;78;15;58;9;45;3.20;1;1;1;40;0;5748945;248;0
11;19;78;15;58;7;88;2.60;4;1;1;14;0;5748788;78;0
11;19;78;15;58;10;95;3.40;2;1;1;40;0;5749095;211;0
11;19;78;15;58;9;70;3.20;3;2;1;15;0;5748970;125;0
11;19;78;15;58;10;64;5.40;4;1;1;28;0;5749064;209;0
11;19;78;15;58;12;67;3.40;2;1;1;40;0;5749267;141;0
11;19;78;15;58;12;92;5.00;1;1;1;39;0;5749292;318;0
11;19;78;15;58;12;3;3.40;3;2;1;18;0;5749203;156;0
11;19;78;15;58;12;52;4.60;4;1;1;25;0;5749252;118;0
11;19;78;15;58;14;17;3.40;2;1;1;39;0;5749417;119;0
11;19;78;15;58;14;54;3.60;1;1;1;35;0;5749454;115;0
11;19;78;15;58;15;73;3.40;2;1;1;43;0;5749573;124;0
11;19;78;15;58;16;2;3.60;1;1;1;35;0;5749602;110;0
11;19;78;15;58;15;46;4.20;3;2;1;24;0;5749546;275;0
11;19;78;15;58;15;87;4.60;4;2;1;21;0;5749587;2359;0
11;19;78;15;58;17;33;3.40;3;2;1;24;0;5749733;124;0
11;19;78;15;58;18;4;3.40;4;2;1;23;0;5749804;138;0
11;19;78;15;58;19;59;3.20;1;1;1;35;0;5749959;319;0
11;19;78;15;58;20;2;3.60;4;2;1;20;0;5750002;144;0
11;19;78;15;58;20;90;3.80;3;2;1;25;0;5750090;306;0
11;19;78;15;58;21;60;3.60;1;1;1;35;0;5750160;168;0
11;19;78;15;58;21;69;4.00;4;2;1;19;0;5750169;102;0
11;19;78;15;58;22;74;3.60;3;2;1;30;0;5750274;129;0
11;19;78;15;58;23;13;3.40;1;1;1;35;0;5750313;115;0
11;19;78;15;58;24;59;3.20;3;2;1;34;0;5750459;141;0
11;19;78;15;58;25;42;3.40;1;1;1;36;0;5750542;194;0
11;19;78;15;58;24;60;4.60;4;2;1;20;0;5750460;215;0
11;19;78;15;58;26;31;4.20;3;2;1;35;0;5750631;138;0
11;19;78;15;58;27;4;3.00;4;2;1;22;0;5750704;161;0
11;19;78;15;58;27;88;4.80;1;1;1;35;0;5750788;212;0
11;19;78;15;58;28;78;4.00;3;2;1;30;0;5750878;203;0
11;19;78;15;58;29;86;5.00;4;2;1;25;0;5750986;232;0
11;19;78;15;58;30;64;3.60;3;2;1;33;0;5751064;138;0
11;19;78;15;58;32;40;4.80;1;1;1;48;0;5751240;402;0
11;19;78;15;58;32;48;3.60;3;2;1;35;0;5751248;144;0
11;19;78;15;58;33;35;3.40;4;2;1;31;0;5751335;277;0
11;19;78;15;58;33;85;5.40;3;2;1;36;0;5751385;99;0
11;19;78;15;58;34;55;3.80;4;2;1;32;0;5751455;80;0
11;19;78;15;58;37;15;3.80;3;2;1;37;0;5751715;276;0
11;19;78;15;58;37;22;3.80;4;2;1;30;0;5751722;224;0
11;19;78;15;58;39;47;3.80;3;2;1;39;0;5751947;195;0
11;19;78;15;58;39;74;3.60;4;2;1;28;0;5751974;206;0
11;19;78;15;58;41;25;3.60;4;2;1;29;0;5752125;104;0
11;19;78;15;58;43;22;3.40;3;2;1;33;0;5752322;339;0
11;19;78;15;58;43;72;3.80;4;2;1;31;0;5752372;202;0
11;19;78;15;58;45;95;3.60;3;2;1;32;0;5752595;235;0
11;19;78;15;58;47;18;5.00;4;2;1;34;0;5752718;301;0
11;19;78;15;58;47;59;3.20;3;2;1;32;0;5752759;123;0
11;19;78;15;58;50;66;3.40;3;2;1;33;0;5753066;271;0
11;19;78;15;58;51;5;3.60;4;2;1;36;0;5753105;334;0
11;19;78;15;58;52;99;3.60;3;2;1;32;0;5753299;195;0
11;19;78;15;58;53;47;3.40;4;2;1;32;0;5753347;206;0
11;19;78;15;58;56;5;4.60;3;2;1;35;0;5753605;265;0
11;19;78;15;58;58;77;3.20;3;2;1;35;0;5753877;224;0
11;19;78;15;58;58;78;7.20;4;2;1;38;0;5753878;492;0
11;19;78;15;59;0;93;3.60;3;2;1;32;0;5754093;183;0
11;19;78;15;59;1;88;3.20;4;2;1;38;0;5754188;241;0
11;19;78;15;59;2;93;3.20;1;1;1;56;0;5754293;3017;0
11;19;78;15;59;2;46;3.20;3;2;1;30;0;5754246;112;0
11;19;78;15;59;4;80;3.60;2;1;1;55;0;5754480;4878;0
11;19;78;15;59;5;3;3.40;4;2;1;38;0;5754503;284;0
11;19;78;15;59;9;98;4.00;1;1;1;52;0;5754998;684;0
11;19;78;15;59;9;97;3.40;3;2;1;41;0;5754997;712;0
11;19;78;15;59;10;50;3.60;2;1;1;53;0;5755050;546;0
11;19;78;15;59;10;55;3.40;4;2;1;33;0;5755055;519;0
11;19;78;15;59;12;37;3.40;2;1;1;56;0;5755237;162;0
11;19;78;15;59;12;48;4.00;3;2;1;38;0;5755248;221;0
11;19;78;15;59;12;93;5.20;1;1;1;57;0;5755293;267;0
11;19;78;15;59;14;37;3.40;1;1;1;57;0;5755437;111;0
11;19;78;15;59;14;12;3.60;3;2;1;38;0;5755412;126;0
11;19;78;15;59;15;22;3.80;2;1;1;54;0;5755522;263;0
11;19;78;15;59;16;77;3.60;2;1;1;55;0;5755677;129;0
11;19;78;15;59;17;17;3.80;4;2;1;43;0;5755717;624;0
11;19;78;15;59;17;33;3.60;3;2;1;32;0;5755733;286;0
11;19;78;15;59;18;50;3.60;2;1;1;53;0;5755850;149;0
11;19;78;15;59;18;33;3.40;3;2;1;30;0;5755833;59;0
11;19;78;15;59;18;86;4.80;1;1;1;53;0;5755886;427;0
11;19;78;15;59;19;85;3.80;3;2;1;28;0;5755985;111;0
11;19;78;15;59;20;47;4.40;2;1;1;50;0;5756047;172;0
11;19;78;15;59;20;96;3.40;1;1;1;51;0;5756096;177;0
11;19;78;15;59;21;88;4.00;1;1;1;50;0;5756188;68;0
11;19;78;15;59;22;27;3.60;2;1;1;57;0;5756227;148;5755522
11;19;78;15;59;21;85;3.80;3;2;1;27;0;5756185;151;5755522
11;19;78;15;59;23;16;3.40;1;1;1;49;0;5756316;99;5755522
11;19;78;15;59;24;44;3.60;3;2;1;25;0;5756444;208;0
11;19;78;15;59;25;21;3.80;2;1;1;55;0;5756521;271;0
11;19;78;15;59;25;11;3.80;4;2;1;40;0;5756511;762;0
11;19;78;15;59;25;82;5.40;1;1;1;50;0;5756582;241;0
11;19;78;15;59;26;77;3.20;2;1;1;52;0;5756677;131;0
11;19;78;15;59;28;44;3.40;1;1;1;47;0;5756844;223;0
11;19;78;15;59;29;14;3.40;2;1;1;51;0;5756914;214;0
11;19;78;15;59;28;50;3.60;3;2;1;26;0;5756850;354;0
11;19;78;15;59;28;98;3.40;4;2;1;35;0;5756898;352;0
11;19;78;15;59;30;28;3.60;1;1;1;46;0;5757028;157;0
11;19;78;15;59;30;69;3.20;2;1;1;51;0;5757069;131;0
11;19;78;15;59;29;91;3.40;3;2;1;24;0;5756991;91;0
11;19;78;15;59;31;63;3.80;1;1;1;44;0;5757163;106;0
11;19;78;15;59;32;13;3.20;2;1;1;49;0;5757213;121;0
11;19;78;15;59;31;54;3.60;3;2;1;22;0;5757154;112;0
11;19;78;15;59;32;51;3.40;4;2;1;36;0;5757251;318;0
11;19;78;15;59;33;55;3.40;1;1;1;45;0;5757355;160;0
11;19;78;15;59;34;56;4.60;2;1;1;48;0;5757456;219;0
11;19;78;15;59;34;24;3.40;3;2;1;22;0;5757424;211;0
11;19;78;15;59;35;35;3.80;1;1;1;55;0;5757535;152;5756844
11;19;78;15;59;37;7;3.80;2;1;1;53;0;5757707;216;0
11;19;78;15;59;36;88;3.00;4;2;1;36;0;5757688;403;0
11;19;78;15;59;36;1;3.20;3;2;1;21;0;5757601;121;0
11;19;78;15;59;37;22;4.00;1;1;1;43;0;5757722;162;5756844
11;19;78;15;59;39;4;3.60;2;1;1;52;0;5757904;171;5756844
11;19;78;15;59;37;73;3.80;3;2;1;18;0;5757773;117;5756844
11;19;78;15;59;39;7;3.60;1;1;1;42;0;5757907;151;5756844
11;19;78;15;59;40;29;3.80;1;1;1;43;0;5758029;91;5756844
11;19;78;15;59;41;91;3.60;1;1;1;45;0;5758191;130;5756844
11;19;78;15;59;42;10;3.40;2;1;1;48;0;5758210;281;0
11;19;78;15;59;42;74;3.60;1;1;1;47;0;5758274;54;5756844
11;19;78;15;59;44;40;3.80;2;1;1;45;0;5758440;204;0
11;19;78;15;59;43;15;13.40;4;2;3;33;0;5758315;597;0
11;19;78;15;59;44;90;3.60;1;1;1;44;0;5758490;188;5756844
11;19;78;15;59;46;7;4.00;1;1;1;43;0;5758607;87;5756844
11;19;78;15;59;46;65;3.00;2;1;1;41;0;5758665;194;5756844
11;19;78;15;59;47;61;4.00;2;1;1;41;0;5758761;69;5756844
11;19;78;15;59;48;10;3.40;1;1;1;40;0;5758810;169;5756844
11;19;78;15;59;49;71;3.20;1;1;1;38;0;5758971;130;5756844
11;19;78;15;59;49;72;9.60;2;1;2;41;0;5758972;175;5756844
11;19;78;15;59;49;52;3.40;4;2;1;18;0;5758952;490;0
11;19;78;15;59;50;97;3.80;1;1;1;36;0;5759097;95;5756844
11;19;78;15;59;52;41;3.00;1;1;1;35;0;5759241;106;5756844
11;19;78;15;59;52;41;3.20;4;2;1;19;0;5759241;221;0
11;19;78;15;59;53;81;3.60;1;1;1;36;0;5759381;109;5756844
11;19;78;15;59;53;75;4.00;3;1;1;18;0;5759375;17073;0
11;19;78;15;59;54;84;3.20;4;2;1;20;0;5759484;182;0
11;19;78;15;59;55;91;3.60;1;1;1;35;0;5759591;174;5756844
11;19;78;15;59;57;44;4.00;1;1;1;36;0;5759744;115;5756844
11;19;78;15;59;57;25;3.60;4;2;1;19;0;5759725;183;5756844
11;19;78;15;59;58;31;3.40;3;2;1;23;0;5759831;1982;0
11;19;78;15;59;59;58;3.60;2;1;1;53;0;5759958;901;0
11;19;78;15;59;59;41;3.60;1;1;1;37;0;5759941;157;5756844
11;19;78;16;0;0;69;3.40;1;1;1;37;0;5760069;92;5756844
11;19;78;15;59;59;91;3.20;4;2;1;22;0;5759991;197;5756844
11;19;78;16;0;0;11;3.40;3;2;1;23;0;5760011;126;5756844
11;19;78;16;0;2;34;3.20;2;1;1;51;0;5760234;251;0
11;19;78;16;0;2;30;3.60;4;2;1;23;0;5760230;186;5759241
11;19;78;16;0;2;82;3.20;3;2;1;29;0;5760282;217;0
11;19;78;16;0;4;29;3.80;4;2;1;23;0;5760429;142;5759241
11;19;78;16;0;5;15;3.80;3;2;1;29;0;5760515;193;5759241
11;19;78;16;0;6;69;3.40;1;1;1;52;0;5760669;566;0
11;19;78;16;0;6;63;3.00;4;2;1;25;0;5760663;174;5759241
11;19;78;16;0;8;15;3.60;3;2;1;35;0;5760815;252;0
11;19;78;16;0;7;81;3.40;4;2;1;26;0;5760781;74;5759241
11;19;78;16;0;9;14;3.60;1;1;1;44;0;5760914;221;0
11;19;78;16;0;10;7;3.20;3;2;1;36;0;5761007;154;0
11;19;78;16;0;12;12;3.20;3;2;1;38;0;5761212;173;0
11;19;78;16;0;12;91;4.40;4;2;1;28;0;5761291;462;0
11;19;78;16;0;14;2;3.80;3;2;1;38;0;5761402;159;0
11;19;78;16;0;14;89;3.40;4;2;1;25;0;5761489;141;0
11;19;78;16;0;16;81;3.60;3;2;1;38;0;5761681;243;0
11;19;78;16;0;17;63;3.60;1;1;1;54;0;5761763;819;0
11;19;78;16;0;17;54;4.40;4;2;1;27;0;5761754;216;0
11;19;78;16;0;18;84;4.20;3;2;1;33;0;5761884;168;0
11;19;78;16;0;19;67;4.00;4;2;1;28;0;5761967;154;0
11;19;78;16;0;20;50;4.60;3;2;1;32;0;5762050;120;0
11;19;78;16;0;21;97;3.60;4;2;1;29;0;5762197;178;0
11;19;78;16;0;22;88;3.60;3;2;1;32;0;5762288;186;0
11;19;78;16;0;25;91;3.60;3;2;1;32;0;5762591;262;0
11;19;78;16;0;26;65;3.40;4;2;1;28;0;5762665;423;0
11;19;78;16;0;27;99;3.40;3;2;1;29;0;5762799;167;0
11;19;78;16;0;31;9;3.60;4;2;1;31;0;5763109;400;0
11;19;78;16;0;32;26;3.60;4;2;1;30;0;5763226;75;0
11;19;78;16;0;34;61;3.80;4;2;1;31;0;5763461;191;0
11;19;78;16;0;35;62;3.80;3;2;1;51;0;5763562;720;0
11;19;78;16;0;37;11;3.60;3;2;1;49;0;5763711;122;0
11;19;78;16;0;37;48;4.00;4;2;1;33;0;5763748;242;0
11;19;78;16;0;38;38;3.80;2;1;1;60;0;5763838;3581;0
11;19;78;16;0;39;40;3.40;3;2;1;50;0;5763940;202;0
11;19;78;16;0;40;2;3.40;4;2;1;35;0;5764002;210;0
11;19;78;16;0;41;89;3.40;4;2;1;33;0;5764189;152;0
11;19;78;16;0;42;31;3.60;3;2;1;53;0;5764231;266;0
11;19;78;16;0;44;6;3.60;3;2;1;52;0;5764406;150;0
11;19;78;16;0;44;95;3.00;4;2;1;33;0;5764495;268;0
11;19;78;16;0;45;34;4.00;3;2;1;53;0;5764534;103;0
11;19;78;16;0;46;24;3.20;4;2;1;34;0;5764624;96;0
11;19;78;16;0;48;27;3.00;4;2;1;34;0;5764827;169;0
11;19;78;16;0;49;25;3.20;3;2;1;40;0;5764925;363;0
11;19;78;16;0;50;72;4.00;4;2;1;35;0;5765072;213;0
11;19;78;16;0;55;65;3.80;1;1;1;56;0;5765565;3778;0
11;19;78;16;0;57;71;3.60;3;2;1;48;0;5765771;817;0
11;19;78;16;0;57;75;11.40;4;2;3;36;0;5765775;661;0
11;19;78;16;0;58;90;6.40;1;1;1;60;0;5765890;300;0
11;19;78;16;0;59;36;3.20;3;2;1;44;0;5765936;138;0
11;19;78;16;1;0;66;3.40;3;2;1;40;0;5766066;103;0
11;19;78;16;1;0;79;3.60;4;2;1;33;0;5766079;190;0
11;19;78;16;1;1;67;3.80;1;1;1;60;0;5766167;238;0
11;19;78;16;1;1;96;3.60;2;1;1;63;0;5766196;2335;0
11;19;78;16;1;2;26;3.40;3;2;1;36;0;5766226;129;0
11;19;78;16;1;5;1;3.60;2;1;1;60;0;5766501;284;0
11;19;78;16;1;6;91;3.60;1;1;1;57;0;5766691;501;0
11;19;78;16;1;7;66;3.80;3;2;1;46;0;5766766;506;0
11;19;78;16;1;7;75;3.80;4;2;1;34;0;5766775;656;0
11;19;78;16;1;9;31;3.60;3;2;1;49;0;5766931;135;0
11;19;78;16;1;9;61;3.20;2;1;1;53;0;5766961;438;0
11;19;78;16;1;9;75;4.00;1;1;1;58;0;5766975;261;0
11;19;78;16;1;10;82;3.60;3;2;1;46;0;5767082;124;0
11;19;78;16;1;11;53;3.60;4;2;1;36;0;5767153;337;0
11;19;78;16;1;13;62;3.40;1;1;1;59;0;5767362;362;0
11;19;78;16;1;13;55;3.40;3;2;1;38;0;5767355;244;0
11;19;78;16;1;13;71;3.20;4;2;1;33;0;5767371;182;0
11;19;78;16;1;14;30;3.80;2;1;1;58;0;5767430;447;0
11;19;78;16;1;15;1;3.40;4;2;1;32;0;5767501;95;0
11;19;78;16;1;15;52;3.80;1;1;1;56;0;5767552;169;0
11;19;78;16;1;16;11;3.80;2;1;1;57;0;5767611;157;0
11;19;78;16;1;16;23;3.80;3;2;1;39;0;5767623;235;0
11;19;78;16;1;16;54;3.00;4;2;1;28;0;5767654;114;0
11;19;78;16;1;18;6;3.60;2;1;1;53;0;5767806;171;0
11;19;78;16;1;18;41;3.20;1;1;1;52;0;5767841;264;0
11;19;78;16;1;18;76;3.40;3;2;1;35;0;5767876;217;0
11;19;78;16;1;19;22;3.80;2;1;1;54;0;5767922;91;0
11;19;78;16;1;18;38;3.80;4;2;1;28;0;5767838;145;5767153
11;19;78;16;1;19;69;4.00;1;1;1;50;0;5767969;105;5767153
11;19;78;16;1;20;44;3.60;3;2;1;37;0;5768044;133;5767153
11;19;78;16;1;20;77;4.00;1;1;1;51;0;5768077;79;5767153
11;19;78;16;1;20;54;3.00;4;2;1;21;0;5768054;167;5767153
11;19;78;16;1;22;7;3.20;2;1;1;53;0;5768207;259;0
11;19;78;16;1;22;31;3.80;1;1;1;53;0;5768231;125;0
11;19;78;16;1;23;0;3.60;3;2;1;38;0;5768300;220;0
11;19;78;16;1;24;31;3.00;2;1;1;52;0;5768431;202;0
11;19;78;16;1;24;49;4.00;3;2;1;33;0;5768449;114;0
11;19;78;16;1;25;97;3.60;3;2;1;28;0;5768597;104;0
11;19;78;16;1;26;54;3.80;1;1;1;53;0;5768654;397;0
11;19;78;16;1;28;81;3.40;1;1;1;50;0;5768881;201;0
11;19;78;16;1;30;62;4.00;1;1;1;56;0;5769062;156;0
11;19;78;16;1;31;58;5.00;1;1;1;48;0;5769158;70;0
11;19;78;16;1;32;65;3.60;2;1;1;54;0;5769265;813;0
11;19;78;16;1;30;51;4.20;4;2;1;13;0;5769051;945;0
11;19;78;16;1;33;83;3.60;1;1;1;46;0;5769383;187;0
11;19;78;16;1;33;29;8.60;3;1;1;44;0;5769329;9874;0
11;19;78;16;1;35;15;3.80;1;1;1;44;0;5769515;103;5768881
11;19;78;16;1;35;76;3.80;2;1;1;56;0;5769576;287;0
11;19;78;16;1;37;45;3.80;1;1;1;43;0;5769745;198;5768881
11;19;78;16;1;37;64;3.80;2;1;1;53;0;5769764;163;5768881
11;19;78;16;1;38;72;3.80;1;1;1;42;0;5769872;95;5768881
11;19;78;16;1;39;52;3.60;2;1;1;51;0;5769952;162;5768881
11;19;78;16;1;40;23;3.20;1;1;1;42;0;5770023;118;5768881
11;19;78;16;1;41;2;3.60;2;1;1;47;0;5770102;124;5768881
11;19;78;16;1;41;80;3.60;1;1;1;40;0;5770180;129;5768881
11;19;78;16;1;43;91;3.80;2;1;1;49;0;5770391;261;0
11;19;78;16;1;44;15;3.60;1;1;1;40;0;5770415;202;0
11;19;78;16;1;45;73;4.40;2;1;1;48;0;5770573;154;0
11;19;78;16;1;45;74;3.40;1;1;1;39;0;5770574;126;0
11;19;78;16;1;47;59;3.80;2;1;1;46;0;5770759;153;0
11;19;78;16;1;47;70;3.80;1;1;1;39;0;5770770;164;0
11;19;78;16;1;48;57;4.00;1;1;1;38;0;5770857;51;0
11;19;78;16;1;47;90;4.00;4;2;1;20;0;5770790;1622;0
11;19;78;16;1;46;94;2.80;3;2;1;10;0;5770694;2050;0
11;19;78;16;1;49;30;3.40;2;1;1;43;0;5770930;141;0
11;19;78;16;1;50;63;3.40;2;1;1;44;0;5771063;104;5770391
11;19;78;16;1;50;98;3.20;1;1;1;41;0;5771098;203;0
11;19;78;16;1;51;99;3.60;2;1;1;45;0;5771199;108;5770391
11;19;78;16;1;51;42;4.00;4;2;1;21;0;5771142;280;0
11;19;78;16;1;51;37;4.00;3;2;1;19;0;5771137;342;0
11;19;78;16;1;52;70;11.40;1;1;7;39;0;5771270;143;0
11;19;78;16;1;53;61;3.40;3;2;1;22;0;5771361;148;0
11;19;78;16;1;54;52;3.20;1;1;1;35;0;5771452;76;0
11;19;78;16;1;55;51;3.80;2;1;1;40;0;5771551;323;0
11;19;78;16;1;55;34;3.20;4;2;1;23;0;5771534;323;0
11;19;78;16;1;55;57;3.00;3;2;1;19;0;5771557;140;0
11;19;78;16;1;56;67;3.60;1;1;1;34;0;5771667;182;0
11;19;78;16;1;57;98;3.60;2;1;1;39;0;5771798;212;0
11;19;78;16;1;57;38;3.40;4;2;1;24;0;5771738;153;0
11;19;78;16;1;58;26;4.60;1;1;1;31;0;5771826;120;5771098
11;19;78;16;1;58;53;4.00;3;2;1;24;0;5771853;239;0
11;19;78;16;1;59;40;4.00;1;1;1;32;0;5771940;60;5771098
11;19;78;16;1;59;63;2.80;2;1;1;27;0;5771963;131;5771098
11;19;78;16;2;0;33;3.00;4;2;1;23;0;5772033;244;0
11;19;78;16;2;0;44;3.60;3;2;1;24;0;5772044;131;0
11;19;78;16;2;1;43;3.80;1;1;1;29;0;5772143;158;5771098
11;19;78;16;2;1;58;3.20;2;1;1;27;0;5772158;157;5771098
11;19;78;16;2;2;61;3.40;4;2;1;25;0;5772261;181;5771098
11;19;78;16;2;2;85;3.40;2;1;1;27;0;5772285;84;5771098
11;19;78;16;2;3;25;3.40;1;1;1;30;0;5772325;134;5771098
11;19;78;16;2;3;12;3.80;3;2;1;27;0;5772312;214;0
11;19;78;16;2;4;68;3.00;4;2;1;26;0;5772468;158;0
11;19;78;16;2;5;9;3.60;3;2;1;28;0;5772509;146;0
11;19;78;16;2;6;41;3.60;3;2;1;27;0;5772641;85;0
11;19;78;16;2;6;79;3.80;1;1;1;29;0;5772679;313;0
11;19;78;16;2;7;60;3.60;4;2;1;23;0;5772760;250;0
11;19;78;16;2;7;96;3.60;3;2;1;28;0;5772796;107;0
11;19;78;16;2;8;8;3.20;1;1;1;27;0;5772808;81;0
11;19;78;16;2;9;33;3.80;1;1;1;26;0;5772933;82;0
11;19;78;16;2;9;38;3.80;4;2;1;22;0;5772938;121;0
11;19;78;16;2;10;66;3.00;2;1;1;44;0;5773066;735;0
11;19;78;16;2;10;75;4.60;3;2;1;30;0;5773075;232;0
11;19;78;16;2;11;49;4.00;2;1;1;42;0;5773149;58;0
11;19;78;16;2;11;16;3.20;1;1;1;26;0;5773116;130;0
11;19;78;16;2;11;70;4.40;4;2;1;23;0;5773170;169;0
11;19;78;16;2;13;7;3.60;3;2;1;28;0;5773307;176;0
11;19;78;16;2;12;59;10.60;1;1;2;27;0;5773259;98;5772679
11;19;78;16;2;13;63;2.80;4;2;1;24;0;5773363;124;5772679
11;19;78;16;2;15;6;3.60;1;1;1;28;0;5773506;105;5772679
11;19;78;16;2;17;47;3.00;3;2;1;27;0;5773747;393;0
11;19;78;16;2;17;58;3.40;4;2;1;26;0;5773758;353;0
11;19;78;16;2;16;54;14.60;1;1;4;29;0;5773654;101;5772679
11;19;78;16;2;20;96;4.80;1;1;1;33;0;5774096;260;0
11;19;78;16;2;22;58;3.00;4;2;1;24;0;5774258;452;0
11;19;78;16;2;25;64;9.00;3;1;2;19;0;5774564;5164;0
11;19;78;16;2;30;74;3.60;4;2;1;16;0;5775074;771;0
11;19;78;16;2;30;57;3.00;3;2;1;12;0;5775057;1270;0
11;19;78;16;2;33;68;4.80;1;1;1;53;0;5775368;1219;0
11;19;78;16;2;33;68;3.60;3;2;1;22;0;5775368;221;0
11;19;78;16;2;36;32;4.80;3;2;1;22;0;5775632;205;0
11;19;78;16;2;37;71;3.40;4;2;1;18;0;5775771;616;0
11;19;78;16;2;38;82;3.20;3;2;1;21;0;5775882;171;0
11;19;78;16;2;42;45;3.60;1;1;1;56;0;5776245;844;0
11;19;78;16;2;41;21;3.40;4;2;1;18;0;5776121;282;0
11;19;78;16;2;42;19;3.60;3;2;1;23;0;5776219;282;0
11;19;78;16;2;43;91;3.60;2;1;1;59;0;5776391;3207;0
11;19;78;16;2;44;53;3.60;3;2;1;24;0;5776453;177;0
11;19;78;16;2;46;11;3.20;2;1;1;59;0;5776611;198;0
11;19;78;16;2;46;28;3.80;1;1;1;61;0;5776628;359;0
11;19;78;16;2;45;86;3.80;4;2;1;31;0;5776586;397;0
11;19;78;16;2;47;90;3.60;3;2;1;28;0;5776790;283;0
11;19;78;16;2;49;66;3.60;1;1;1;59;0;5776966;315;0
11;19;78;16;2;49;52;3.40;4;2;1;29;0;5776952;321;0
11;19;78;16;2;50;33;3.80;2;1;1;58;0;5777033;402;0
11;19;78;16;2;49;67;3.60;3;2;1;26;0;5776967;130;0
11;19;78;16;2;51;16;3.60;1;1;1;58;0;5777116;128;0
11;19;78;16;2;52;20;3.20;2;1;1;56;0;5777220;163;0
11;19;78;16;2;51;45;3.80;3;2;1;24;0;5777145;128;0
11;19;78;16;2;51;97;3.40;4;2;1;26;0;5777197;202;0
11;19;78;16;2;52;78;3.80;1;1;1;56;0;5777278;139;0
11;19;78;16;2;53;49;3.80;2;1;1;56;0;5777349;108;0
11;19;78;16;2;53;52;3.40;3;2;1;21;0;5777352;150;0
11;19;78;16;2;54;36;3.40;4;2;1;23;0;5777436;191;0
11;19;78;16;2;55;49;3.00;2;1;1;54;0;5777549;175;0
11;19;78;16;2;56;36;3.80;1;1;1;51;0;5777636;333;0
11;19;78;16;2;56;71;3.60;2;1;1;55;0;5777671;102;5777033
11;19;78;16;2;55;39;4.20;3;2;1;20;0;5777539;128;5776790
11;19;78;16;2;57;91;3.40;1;1;1;50;0;5777791;128;5776790
11;19;78;16;2;57;0;3.00;3;2;1;19;0;5777700;85;5776790
11;19;78;16;2;58;86;3.80;2;1;1;53;0;5777886;191;5777033
11;19;78;16;2;58;8;3.40;4;2;1;25;0;5777808;318;0
11;19;78;16;2;59;61;3.80;1;1;1;48;0;5777961;145;0
11;19;78;16;3;0;65;3.40;2;1;1;54;0;5778065;153;5777033
11;19;78;16;2;59;74;3.80;3;2;1;19;0;5777974;217;0
11;19;78;16;3;0;20;3.80;4;2;1;22;0;5778020;163;0
11;19;78;16;3;1;37;3.60;1;1;1;51;0;5778137;147;0
11;19;78;16;3;2;46;3.60;1;1;1;50;0;5778246;83;5777636
11;19;78;16;3;2;33;3.20;3;2;1;18;0;5778233;187;5777636
11;19;78;16;3;4;59;5.80;2;1;1;55;0;5778459;371;0
11;19;78;16;3;4;92;11.80;1;1;3;50;0;5778492;220;0
11;19;78;16;3;5;12;3.40;4;2;1;27;0;5778512;429;0
11;19;78;16;3;4;33;3.80;3;2;1;15;0;5778433;136;0
11;19;78;16;3;6;66;3.80;2;1;1;56;0;5778666;169;0
11;19;78;16;3;6;83;3.20;1;1;1;50;0;5778683;106;0
11;19;78;16;3;7;81;3.60;1;1;1;50;0;5778781;74;0
11;19;78;16;3;8;97;4.00;2;1;1;53;0;5778897;206;0
11;19;78;16;3;9;22;3.60;1;1;1;50;0;5778922;115;0
11;19;78;16;3;10;79;3.60;1;1;1;51;0;5779079;131;5778492
11;19;78;16;3;10;96;3.40;2;1;1;54;0;5779096;171;5778492
11;19;78;16;3;10;93;7.00;4;2;2;27;0;5779093;535;0
11;19;78;16;3;12;38;3.80;1;1;1;51;0;5779238;133;5778492
11;19;78;16;3;13;81;3.80;2;1;1;60;0;5779381;262;0
11;19;78;16;3;13;39;4.00;4;2;1;25;0;5779339;152;0
11;19;78;16;3;14;35;3.60;1;1;1;53;0;5779435;170;5778492
11;19;78;16;3;15;81;3.40;1;1;1;54;0;5779581;121;5778492
11;19;78;16;3;14;95;3.20;4;2;1;23;0;5779495;98;5778492
11;19;78;16;3;16;55;3.00;4;2;1;21;0;5779655;109;5778492
11;19;78;16;3;17;80;5.00;1;1;1;51;0;5779780;176;5778492
11;19;78;16;3;18;32;3.00;4;2;1;20;0;5779832;125;5779093
11;19;78;16;3;20;3;3.60;1;1;1;49;0;5780003;187;5778492
11;19;78;16;3;21;41;3.20;1;1;1;48;0;5780141;111;5778492
11;19;78;16;3;20;10;3.40;4;2;1;18;0;5780010;124;5779093
11;19;78;16;3;22;91;2.80;1;1;1;47;0;5780291;126;5778492
11;19;78;16;3;24;0;3.20;1;1;1;48;0;5780400;87;5778492
11;19;78;16;3;25;5;4.20;2;1;1;64;0;5780505;1101;0
11;19;78;16;3;27;21;11.20;1;1;2;46;0;5780721;297;0
11;19;78;16;3;27;18;6.20;3;1;1;16;0;5780718;5983;0
11;19;78;16;3;30;7;4.00;2;1;1;61;0;5781007;478;0
11;19;78;16;3;30;70;3.60;1;1;1;49;0;5781070;261;0
11;19;78;16;3;30;7;3.80;3;1;1;16;0;5781007;149;0
11;19;78;16;3;32;0;3.20;2;1;1;56;0;5781200;169;0
11;19;78;16;3;31;95;4.00;1;1;1;48;0;5781195;98;0
11;19;78;16;3;33;25;3.60;1;1;1;48;0;5781325;100;0
11;19;78;16;3;32;16;4.80;4;1;1;13;0;5781216;31897;0
11;19;78;16;3;34;23;3.20;3;2;1;24;0;5781423;2898;0
11;19;78;16;3;36;9;4.20;1;1;1;52;0;5781609;257;0
11;19;78;16;3;36;90;4.00;2;1;1;59;0;5781690;469;0
11;19;78;16;3;37;10;4.00;3;2;1;28;0;5781710;239;0
11;19;78;16;3;39;1;3.60;2;1;1;60;0;5781901;186;0
11;19;78;16;3;39;9;3.80;1;1;1;59;0;5781909;270;0
11;19;78;16;3;37;10;12.20;4;2;3;19;0;5781710;1632;0
11;19;78;16;3;40;7;3.80;1;1;1;54;0;5782007;74;0
11;19;78;16;3;39;80;3.60;3;2;1;30;0;5781980;218;0
11;19;78;16;3;40;96;4.60;4;2;1;26;0;5782096;154;0
11;19;78;16;3;41;55;3.60;3;2;1;32;0;5782155;131;0
11;19;78;16;3;45;36;4.20;3;2;1;36;0;5782536;340;0
11;19;78;16;3;44;37;14.00;4;2;4;29;0;5782437;277;0
11;19;78;16;3;46;85;3.60;3;2;1;37;0;5782685;107;0
11;19;78;16;3;47;32;4.60;4;2;1;34;0;5782732;121;0
11;19;78;16;3;49;5;5.40;3;2;1;39;0;5782905;184;0
11;19;78;16;3;49;61;3.40;4;2;1;31;0;5782961;180;0
11;19;78;16;3;50;68;3.40;3;2;1;42;0;5783068;113;0
11;19;78;16;3;52;2;3.20;4;2;1;32;0;5783202;201;0
11;19;78;16;3;52;87;3.60;3;2;1;38;0;5783287;189;5782536
11;19;78;16;3;54;58;3.40;3;2;1;37;0;5783458;136;5782536
11;19;78;16;3;54;42;3.60;4;2;1;32;0;5783442;204;0
11;19;78;16;3;57;68;6.00;4;2;1;34;0;5783768;285;0
11;19;78;16;3;58;96;3.00;3;2;1;26;0;5783896;404;0
11;19;78;16;3;59;36;3.80;4;2;1;33;0;5783936;104;0
11;19;78;16;4;0;69;3.60;4;2;1;33;0;5784069;91;0
11;19;78;16;4;0;57;3.40;3;2;1;26;0;5784057;119;0
11;19;78;16;4;1;95;3.60;3;2;1;26;0;5784195;90;0
11;19;78;16;4;2;38;3.40;4;2;1;34;0;5784238;129;0
11;19;78;16;4;4;69;3.40;4;2;1;32;0;5784469;195;5783768
11;19;78;16;4;4;49;3.60;3;2;1;26;0;5784449;204;0
11;19;78;16;4;6;37;3.60;3;2;1;26;0;5784637;138;0
11;19;78;16;4;6;79;3.20;4;2;1;30;0;5784679;171;5783768
11;19;78;16;4;8;85;3.60;4;2;1;28;0;5784885;167;5783768
11;19;78;16;4;9;7;3.80;3;2;1;26;0;5784907;220;0
11;19;78;16;4;11;30;3.00;4;2;1;27;0;5785130;198;5783768
11;19;78;16;4;11;78;3.60;3;2;1;25;0;5785178;218;0
11;19;78;16;4;14;94;3.20;4;2;1;34;0;5785494;324;0
11;19;78;16;4;14;95;3.60;3;2;1;27;0;5785495;265;0
11;19;78;16;4;16;16;3.80;4;2;1;31;0;5785616;88;0
11;19;78;16;4;22;99;3.80;3;2;1;52;0;5786299;756;0
11;19;78;16;4;22;90;4.00;4;2;1;38;0;5786290;629;0
11;19;78;16;4;24;27;3.40;4;2;1;36;0;5786427;99;0
11;19;78;16;4;24;70;3.40;3;2;1;53;0;5786470;144;0
11;19;78;16;4;28;55;3.20;4;2;1;38;0;5786855;394;0
11;19;78;16;4;31;18;3.60;3;2;1;53;0;5787118;624;0
11;19;78;16;4;32;59;3.60;3;2;1;49;0;5787259;116;0
11;19;78;16;4;33;8;3.20;4;2;1;41;0;5787308;422;0
11;19;78;16;4;34;75;3.20;4;2;1;37;0;5787475;138;0
11;19;78;16;4;34;87;4.20;3;2;1;42;0;5787487;201;0
11;19;78;16;4;35;17;3.60;2;1;1;56;0;5787517;5594;0
11;19;78;16;4;35;60;3.40;1;1;1;56;0;5787560;5527;0
11;19;78;16;4;36;93;3.80;4;2;1;37;0;5787693;186;0
11;19;78;16;4;36;99;3.80;3;2;1;40;0;5787699;176;0
11;19;78;16;4;39;30;4.60;3;2;1;34;0;5787930;196;0
11;19;78;16;4;41;95;3.80;4;2;1;32;0;5788195;465;0
11;19;78;16;4;43;36;12.00;1;1;3;57;0;5788336;754;0
11;19;78;16;4;43;37;3.20;4;2;1;29;0;5788337;99;0
11;19;78;16;4;44;25;3.40;3;2;1;35;0;5788425;446;0
11;19;78;16;4;46;30;3.80;3;2;1;36;0;5788630;170;0
11;19;78;16;4;47;72;3.20;2;1;1;53;0;5788772;1231;0
11;19;78;16;4;48;14;3.20;1;1;1;52;0;5788814;402;0
11;19;78;16;4;48;69;3.80;2;1;1;53;0;5788869;75;0
11;19;78;16;4;48;20;3.20;4;2;1;27;0;5788820;443;0
11;19;78;16;4;49;14;3.40;3;2;1;34;0;5788914;246;0
11;19;78;16;4;49;61;3.80;1;1;1;51;0;5788961;124;0
11;19;78;16;4;50;15;3.60;2;1;1;50;0;5789015;120;0
11;19;78;16;4;50;29;4.00;3;2;1;30;0;5789029;79;0
11;19;78;16;4;51;46;3.80;1;1;1;49;0;5789146;158;0
11;19;78;16;4;50;26;3.40;4;2;1;23;0;5789026;163;0
11;19;78;16;4;51;63;4.20;3;2;1;28;0;5789163;86;0
11;19;78;16;4;52;61;3.60;2;1;1;53;0;5789261;220;0
11;19;78;16;4;52;74;5.80;1;1;1;51;0;5789274;100;0
11;19;78;16;4;53;77;3.40;2;1;1;51;0;5789377;91;0
11;19;78;16;4;53;34;3.40;3;2;1;21;0;5789334;117;0
11;19;78;16;4;53;24;3.60;4;2;1;20;0;5789324;244;0
11;19;78;16;4;55;11;3.80;1;1;1;55;0;5789511;196;5788814
11;19;78;16;4;56;75;3.60;1;1;1;49;0;5789675;139;5788814
11;19;78;16;4;56;90;3.60;2;1;1;55;0;5789690;289;0
11;19;78;16;4;55;62;3.80;3;2;1;19;0;5789562;169;5788914
11;19;78;16;4;56;67;4.20;4;1;1;18;0;5789667;8318;0
11;19;78;16;4;58;97;3.80;1;1;1;52;0;5789897;195;5788814
11;19;78;16;4;59;29;3.80;2;1;1;54;0;5789929;215;0
11;19;78;16;4;58;46;3.60;3;2;1;17;0;5789846;212;0
11;19;78;16;5;1;4;3.60;2;1;1;51;0;5790104;149;0
11;19;78;16;4;59;30;6.80;4;1;1;21;0;5789930;179;0
11;19;78;16;5;1;46;3.60;1;1;1;50;0;5790146;222;0
11;19;78;16;5;0;45;3.80;3;2;1;16;0;5790045;122;0
11;19;78;16;5;2;89;3.60;2;1;1;50;0;5790289;159;0
11;19;78;16;5;4;40;3.40;1;1;1;52;0;5790440;268;0
11;19;78;16;5;5;83;3.80;1;1;1;52;0;5790583;119;0
11;19;78;16;5;6;10;6.00;2;1;1;61;0;5790610;295;0
11;19;78;16;5;4;92;10.20;4;1;2;25;0;5790492;445;0
11;19;78;16;5;8;12;4.00;1;1;1;57;0;5790812;202;0
11;19;78;16;5;9;0;3.00;2;1;1;46;0;5790900;254;0
11;19;78;16;5;6;65;5.40;3;1;1;12;0;5790665;9572;0
11;19;78;16;5;10;42;3.80;1;1;1;57;0;5791042;204;0
11;19;78;16;5;10;62;3.40;2;1;1;43;0;5791062;138;0
11;19;78;16;5;11;81;3.60;2;1;1;43;0;5791181;90;0
11;19;78;16;5;13;5;3.80;1;1;1;48;0;5791305;239;0
11;19;78;16;5;13;77;3.60;2;1;1;39;0;5791377;165;0
11;19;78;16;5;14;60;4.80;1;1;1;47;0;5791460;126;0
11;19;78;16;5;14;82;5.00;2;1;1;38;0;5791482;71;5790900
11;19;78;16;5;16;6;4.20;2;1;1;35;0;5791606;76;5790900
11;19;78;16;5;16;69;3.40;1;1;1;46;0;5791669;172;5790900
11;19;78;16;5;18;61;3.40;1;1;1;44;0;5791861;165;5790900
11;19;78;16;5;18;52;3.60;2;1;1;37;0;5791852;202;0
11;19;78;16;5;19;92;4.40;2;1;1;35;0;5791992;104;0
11;19;78;16;5;20;36;3.40;1;1;1;43;0;5792036;147;5791305
11;19;78;16;5;17;19;5.00;3;2;1;10;0;5791719;1588;0
11;19;78;16;5;22;94;3.20;2;1;1;39;0;5792294;256;0
11;19;78;16;5;23;38;3.20;1;1;1;40;0;5792338;273;0
11;19;78;16;5;21;92;5.40;4;1;1;16;0;5792192;1553;0
11;19;78;16;5;24;48;3.60;2;1;1;41;0;5792448;124;0
11;19;78;16;5;24;96;11.60;1;1;7;39;0;5792496;129;0
11;19;78;16;5;26;44;3.40;2;1;1;38;0;5792644;164;0
11;19;78;16;5;27;44;3.80;1;1;1;47;0;5792744;140;0
11;19;78;16;5;26;61;3.80;4;2;1;21;0;5792661;3272;0
11;19;78;16;5;27;66;3.80;2;1;1;35;0;5792766;89;0
11;19;78;16;5;29;62;3.80;1;1;1;45;0;5792962;188;0
11;19;78;16;5;29;69;3.60;4;2;1;25;0;5792969;242;0
11;19;78;16;5;31;52;2.80;1;1;1;47;0;5793152;159;5792338
11;19;78;16;5;32;16;3.00;2;1;1;44;0;5793216;410;0
11;19;78;16;5;32;50;4.00;4;2;1;31;0;5793250;229;0
11;19;78;16;5;33;33;3.20;1;1;1;48;0;5793333;159;5792338
11;19;78;16;5;33;84;3.20;2;1;1;44;0;5793384;143;5792338
11;19;78;16;5;31;89;4.60;3;1;1;16;0;5793189;2362;0
11;19;78;16;5;34;45;3.40;4;2;1;30;0;5793445;148;0
11;19;78;16;5;35;18;3.60;1;1;1;42;0;5793518;161;5792338
11;19;78;16;5;35;41;3.60;2;1;1;42;0;5793541;130;5792338
11;19;78;16;5;36;22;3.80;3;2;1;19;0;5793622;1723;0
11;19;78;16;5;36;87;4.60;4;2;1;32;0;5793687;201;0
11;19;78;16;5;38;6;3.20;1;1;1;42;0;5793806;257;0
11;19;78;16;5;38;43;4.80;2;1;1;42;0;5793843;271;0
11;19;78;16;5;38;68;3.40;4;2;1;35;0;5793868;129;0
11;19;78;16;5;38;23;3.40;3;2;1;24;0;5793823;129;0
11;19;78;16;5;39;35;3.20;1;1;1;42;0;5793935;101;0
11;19;78;16;5;39;48;3.60;3;2;1;25;0;5793948;74;0
11;19;78;16;5;40;13;3.60;4;2;1;36;0;5794013;110;0
11;19;78;16;5;41;3;3.80;2;1;1;43;0;5794103;218;0
11;19;78;16;5;41;61;3.00;1;1;1;41;0;5794161;198;0
11;19;78;16;5;41;11;3.40;3;2;1;28;0;5794111;111;0
11;19;78;16;5;42;74;3.80;2;1;1;40;0;5794274;139;0
11;19;78;16;5;42;48;3.20;3;2;1;29;0;5794248;93;5793622
11;19;78;16;5;43;9;3.20;1;1;1;42;0;5794309;121;5793622
11;19;78;16;5;44;43;3.80;2;1;1;42;0;5794443;134;5793622
11;19;78;16;5;44;0;3.00;4;2;1;37;0;5794400;351;0
11;19;78;16;5;44;4;3.00;3;2;1;30;0;5794404;116;5793622
11;19;78;16;5;45;86;3.00;4;2;1;38;0;5794586;156;5793622
11;19;78;16;5;45;76;3.60;2;1;1;37;0;5794576;100;5793622
11;19;78;16;5;46;4;5.40;1;1;1;37;0;5794604;267;0
11;19;78;16;5;46;35;3.80;3;2;1;29;0;5794635;195;5793622
11;19;78;16;5;47;5;3.60;2;1;1;38;0;5794705;93;5794103
11;19;78;16;5;47;29;3.60;4;2;1;40;0;5794729;114;5794103
11;19;78;16;5;47;61;3.80;1;1;1;39;0;5794761;104;5794103
11;19;78;16;5;48;92;3.80;2;1;1;37;0;5794892;152;5794103
11;19;78;16;5;48;86;3.40;3;2;1;27;0;5794886;203;0
11;19;78;16;5;49;76;2.80;4;2;1;38;0;5794976;214;0
11;19;78;16;5;49;91;3.60;1;1;1;37;0;5794991;194;0
11;19;78;16;5;51;77;3.40;4;2;1;38;0;5795177;174;0
11;19;78;16;5;51;85;3.60;1;1;1;37;0;5795185;158;0
11;19;78;16;5;53;30;3.40;2;1;1;40;0;5795330;401;0
11;19;78;16;5;53;18;3.60;4;2;1;36;0;5795318;108;0
11;19;78;16;5;55;0;4.00;4;2;1;37;0;5795500;146;0
11;19;78;16;5;55;59;4.80;1;1;1;36;0;5795559;338;0
11;19;78;16;5;56;66;3.40;4;2;1;39;0;5795666;127;5794976
11;19;78;16;5;57;40;4.00;1;1;1;37;0;5795740;133;5794976
11;19;78;16;5;58;93;3.40;4;2;1;36;0;5795893;195;5794976
11;19;78;16;6;1;90;3.60;4;2;1;42;0;5796190;263;0
11;19;78;16;6;6;32;4.00;3;2;1;51;0;5796632;1700;0
11;19;78;16;6;7;23;3.60;3;2;1;49;0;5796723;62;0
11;19;78;16;6;8;29;3.80;4;2;1;43;0;5796829;608;0
11;19;78;16;6;8;60;3.60;3;2;1;47;0;5796860;110;0
11;19;78;16;6;10;89;3.80;3;2;1;46;0;5797089;201;0
11;19;78;16;6;12;43;3.60;4;2;1;53;0;5797243;382;0
11;19;78;16;6;12;83;4.00;3;2;1;50;0;5797283;164;0
11;19;78;16;6;15;18;4.00;3;2;1;60;0;5797518;206;0
11;19;78;16;6;17;50;12.20;4;2;3;49;0;5797750;482;0
11;19;78;16;6;19;90;3.40;3;2;1;53;0;5797990;448;0
11;19;78;16;6;20;27;3.40;4;2;1;46;0;5798027;187;0
11;19;78;16;6;20;78;3.80;3;2;1;49;0;5798078;64;0
11;19;78;16;6;21;61;4.00;4;2;1;47;0;5798161;107;0
11;19;78;16;6;21;61;3.60;3;2;1;49;0;5798161;55;0
11;19;78;16;6;23;66;3.20;4;2;1;47;0;5798366;174;0
11;19;78;16;6;24;13;3.40;3;2;1;41;0;5798413;225;0
11;19;78;16;6;25;33;3.40;4;2;1;48;0;5798533;142;5797750
11;19;78;16;6;25;71;3.20;3;2;1;41;0;5798571;128;5797750
11;19;78;16;6;27;21;3.60;1;1;1;61;0;5798721;2942;0
11;19;78;16;6;28;12;3.00;3;2;1;45;0;5798812;212;0
11;19;78;16;6;28;17;4.60;4;2;1;48;0;5798817;258;0
11;19;78;16;6;29;33;3.00;4;2;1;47;0;5798933;81;0
11;19;78;16;6;29;42;3.40;3;2;1;41;0;5798942;106;0
11;19;78;16;6;31;2;3.80;4;2;1;42;0;5799102;146;0
11;19;78;16;6;32;32;4.00;4;2;1;39;0;5799232;97;0
11;19;78;16;6;32;42;3.60;3;2;1;42;0;5799242;270;0
11;19;78;16;6;33;83;3.20;3;2;1;41;0;5799383;110;0
11;19;78;16;6;34;82;3.00;4;2;1;40;0;5799482;213;0
11;19;78;16;6;35;71;3.20;3;2;1;39;0;5799571;159;0
11;19;78;16;6;36;44;3.40;4;2;1;41;0;5799644;135;0
11;19;78;16;6;37;79;3.40;3;2;1;35;0;5799779;178;0
11;19;78;16;6;38;25;4.60;4;2;1;38;0;5799825;151;0
11;19;78;16;6;39;10;3.80;2;1;1;56;0;5799910;4549;0
11;19;78;16;6;39;60;3.60;4;2;1;38;0;5799960;91;0
11;19;78;16;6;39;82;3.60;3;2;1;35;0;5799982;168;5799242
11;19;78;16;6;40;23;3.80;2;1;1;57;0;5800023;88;5799242
11;19;78;16;6;41;74;3.00;1;1;1;50;0;5800174;1431;0
11;19;78;16;6;41;87;3.40;3;2;1;35;0;5800187;167;5799242
11;19;78;16;6;42;12;3.20;4;2;1;33;0;5800212;217;0
11;19;78;16;6;42;60;3.20;2;1;1;58;0;5800260;213;0
11;19;78;16;6;43;2;3.60;3;2;1;33;0;5800302;80;5799242
11;19;78;16;6;44;0;2.80;2;1;1;60;0;5800400;120;5799242
11;19;78;16;6;44;15;3.40;1;1;1;45;0;5800415;219;0
11;19;78;16;6;44;10;3.80;4;2;1;31;0;5800410;163;0
11;19;78;16;6;44;34;3.60;3;2;1;25;0;5800434;92;5799242
11;19;78;16;6;45;66;3.60;1;1;1;48;0;5800566;123;5799242
11;19;78;16;6;45;77;3.40;4;2;1;31;0;5800577;122;5799242
11;19;78;16;6;47;1;3.80;2;1;1;56;0;5800701;284;0
11;19;78;16;6;47;44;4.60;1;1;1;50;0;5800744;151;0
11;19;78;16;6;47;32;4.60;3;2;1;25;0;5800732;246;0
11;19;78;16;6;48;41;3.60;2;1;1;54;0;5800841;115;0
11;19;78;16;6;48;51;3.60;1;1;1;55;0;5800851;73;0
11;19;78;16;6;48;31;3.80;4;2;1;29;0;5800831;214;0
11;19;78;16;6;49;39;4.00;2;1;1;54;0;5800939;74;0
11;19;78;16;6;50;19;3.60;1;1;1;51;0;5801019;144;5800415
11;19;78;16;6;50;39;3.00;4;2;1;29;0;5801039;160;5800415
11;19;78;16;6;51;2;3.80;2;1;1;59;0;5801102;136;5800415
11;19;78;16;6;50;38;6.80;3;1;1;28;0;5801038;7745;0
11;19;78;16;6;52;21;3.60;1;1;1;53;0;5801221;176;5800415
11;19;78;16;6;52;73;3.20;2;1;1;53;0;5801273;147;5800701
11;19;78;16;6;53;72;3.40;1;1;1;52;0;5801372;126;5800415
11;19;78;16;6;53;2;3.80;4;2;1;26;0;5801302;225;0
11;19;78;16;6;54;80;3.60;2;1;1;58;0;5801480;185;5800701
11;19;78;16;6;54;81;5.60;1;1;1;50;0;5801481;85;5800415
11;19;78;16;6;54;88;3.20;4;2;1;25;0;5801488;133;5800415
11;19;78;16;6;54;60;3.80;3;2;1;17;0;5801460;661;0
11;19;78;16;6;56;6;3.80;1;1;1;52;0;5801606;84;5800415
11;19;78;16;6;58;41;3.60;2;1;1;54;0;5801841;338;0
11;19;78;16;6;59;4;3.20;4;2;1;23;0;5801904;369;0
11;19;78;16;7;0;24;3.60;2;1;1;57;0;5802024;159;0
11;19;78;16;7;0;62;4.20;1;1;1;53;0;5802062;429;0
11;19;78;16;7;0;15;11.60;3;1;3;32;0;5802015;889;0
11;19;78;16;7;1;86;3.60;2;1;1;56;0;5802186;139;0
11;19;78;16;7;2;3;3.40;1;1;1;52;0;5802203;112;0
11;19;78;16;7;1;57;3.40;4;2;1;20;0;5802157;202;0
11;19;78;16;7;3;39;3.80;2;1;1;54;0;5802339;129;0
11;19;78;16;7;3;76;3.60;1;1;1;52;0;5802376;149;0
11;19;78;16;7;4;60;3.80;2;1;1;54;0;5802460;95;5801841
11;19;78;16;7;2;68;9.00;3;1;1;23;0;5802268;122;5801841
11;19;78;16;7;5;57;3.80;1;1;1;52;0;5802557;156;5801841
11;19;78;16;7;5;91;4.60;2;1;1;53;0;5802591;105;5801841
11;19;78;16;7;6;65;3.60;1;1;1;51;0;5802665;81;5802062
11;19;78;16;7;7;26;3.40;2;1;1;52;0;5802726;103;5801841
11;19;78;16;7;7;70;3.80;1;1;1;51;0;5802770;79;5802062
11;19;78;16;7;9;27;3.60;1;1;1;49;0;5802927;130;5802062
11;19;78;16;7;9;52;3.60;2;1;1;50;0;5802952;202;0
11;19;78;16;7;8;95;7.40;3;1;1;16;0;5802895;486;0
11;19;78;16;7;11;54;3.00;2;1;1;51;0;5803154;176;0
11;19;78;16;7;11;52;5.60;1;1;1;48;0;5803152;198;5802062
11;19;78;16;7;12;84;3.80;2;1;1;49;0;5803284;108;5802062
11;19;78;16;7;13;42;5.80;1;1;1;51;0;5803342;148;5802062
11;19;78;16;7;14;28;3.40;3;2;1;16;0;5803428;1887;0
11;19;78;16;7;16;69;3.80;1;1;1;47;0;5803669;286;0
11;19;78;16;7;15;75;5.20;2;1;1;46;0;5803575;263;0
11;19;78;16;7;16;76;3.00;1;1;1;45;0;5803676;-1;0
11;19;78;16;7;17;28;4.00;2;1;1;48;0;5803728;112;0
11;19;78;16;7;17;20;3.00;4;2;1;35;0;5803720;1501;0
11;19;78;16;7;17;87;3.80;3;2;1;19;0;5803787;282;0
11;19;78;16;7;19;36;4.00;1;1;1;44;0;5803936;236;0
11;19;78;16;7;20;1;4.80;2;1;1;49;0;5804001;243;0
11;19;78;16;7;20;8;3.60;4;2;1;38;0;5804008;257;0
11;19;78;16;7;20;58;4.40;1;1;1;44;0;5804058;89;0
11;19;78;16;7;21;83;3.40;2;1;1;47;0;5804183;146;0
11;19;78;16;7;22;56;3.80;1;1;1;46;0;5804256;162;0
11;19;78;16;7;22;95;3.20;3;2;1;35;0;5804295;436;0
11;19;78;16;7;24;20;3.40;1;1;1;46;0;5804420;134;0
11;19;78;16;7;24;58;4.00;2;1;1;50;0;5804458;248;0
11;19;78;16;7;25;45;3.60;1;1;1;47;0;5804545;98;5803936
11;19;78;16;7;26;73;3.40;4;2;1;43;0;5804673;630;0
11;19;78;16;7;26;91;3.80;2;1;1;46;0;5804691;204;0
11;19;78;16;7;26;86;10.80;1;1;2;46;0;5804686;113;5803936
11;19;78;16;7;27;92;3.60;4;2;1;43;0;5804792;90;5803936
11;19;78;16;7;28;0;3.00;3;2;1;42;0;5804800;472;0
11;19;78;16;7;28;76;3.20;2;1;1;45;0;5804876;155;0
11;19;78;16;7;29;37;3.60;3;2;1;42;0;5804937;111;0
11;19;78;16;7;30;3;3.60;4;2;1;47;0;5805003;180;0
11;19;78;16;7;30;56;3.80;3;2;1;41;0;5805056;88;0
11;19;78;16;7;30;85;4.00;2;1;1;48;0;5805085;183;0
11;19;78;16;7;32;24;4.00;2;1;1;49;0;5805224;109;0
11;19;78;16;7;32;64;3.40;4;2;1;50;0;5805264;233;0
11;19;78;16;7;33;7;3.20;3;2;1;38;0;5805307;217;0
11;19;78;16;7;33;45;3.80;2;1;1;43;0;5805345;91;5804691
11;19;78;16;7;35;25;3.60;3;2;1;38;0;5805525;187;5804691
11;19;78;16;7;37;66;10.20;4;2;7;41;0;5805766;477;0
11;19;78;16;7;38;72;3.60;1;1;1;58;0;5805872;1101;0
11;19;78;16;7;39;93;3.60;1;1;1;54;0;5805993;98;0
11;19;78;16;7;39;94;3.40;4;2;1;42;0;5805994;138;0
11;19;78;16;7;42;60;3.60;3;2;1;48;0;5806260;700;0
11;19;78;16;7;44;31;2.20;1;1;1;56;0;5806431;414;0
11;19;78;16;7;44;70;3.20;4;2;1;50;0;5806470;446;0
11;19;78;16;7;45;44;3.60;2;1;1;53;0;5806544;1167;0
11;19;78;16;7;46;59;4.00;4;2;1;48;0;5806659;165;0
11;19;78;16;7;47;32;4.00;3;2;1;58;0;5806732;445;0
11;19;78;16;7;48;39;2.80;3;2;0;51;1;5806839;82;0
11;19;78;16;7;49;92;3.40;4;2;1;50;0;5806992;303;0
11;19;78;16;7;51;52;3.20;4;2;1;46;0;5807152;135;0
11;19;78;16;7;52;21;3.60;3;2;1;53;0;5807221;464;0
11;19;78;16;7;55;6;3.60;3;2;1;55;0;5807506;260;0
11;19;78;16;7;55;47;3.00;4;2;1;45;0;5807547;369;0
11;19;78;16;7;56;22;3.60;3;2;1;54;0;5807622;92;0
11;19;78;16;7;57;91;3.60;3;2;1;51;0;5807791;145;0
11;19;78;16;7;59;53;3.60;3;2;1;49;0;5807953;136;0
11;19;78;16;8;0;80;3.00;4;2;1;48;0;5808080;509;0
11;19;78;16;8;1;9;3.40;3;2;1;49;0;5808109;129;5807506
11;19;78;16;8;1;98;3.60;3;2;1;48;0;5808198;64;5807506
11;19;78;16;8;1;99;3.40;4;2;1;47;0;5808199;96;5807506
11;19;78;16;8;3;52;3.20;4;2;1;49;0;5808352;126;5807506
11;19;78;16;8;4;98;4.60;3;2;1;45;0;5808498;273;0
11;19;78;16;8;6;7;4.60;3;2;1;43;0;5808607;72;0
11;19;78;16;8;7;34;3.80;3;2;1;46;0;5808734;88;0
11;19;78;16;8;7;37;8.60;4;2;2;47;0;5808737;361;0
11;19;78;16;8;9;19;4.00;3;2;1;44;0;5808919;155;0
11;19;78;16;8;10;3;3.60;4;2;1;44;0;5809003;200;0
11;19;78;16;8;10;31;3.80;3;2;1;38;0;5809031;79;5808498
11;19;78;16;8;11;97;3.00;4;2;1;41;0;5809197;164;5808498
11;19;78;16;8;11;77;3.40;3;2;1;35;0;5809177;110;5808498
11;19;78;16;8;13;28;3.40;4;2;1;40;0;5809328;104;5808498
11;19;78;16;8;14;15;3.60;3;2;1;37;0;5809415;203;0
11;19;78;16;8;14;74;3.80;4;2;1;38;0;5809474;115;0
11;19;78;16;8;15;78;3.00;3;2;1;40;0;5809578;127;0
11;19;78;16;8;16;99;3.00;4;2;1;37;0;5809699;189;5809003
11;19;78;16;8;17;61;4.00;3;2;1;38;0;5809761;156;5809003
11;19;78;16;8;18;94;3.20;4;2;1;35;0;5809894;165;5809003
11;19;78;16;8;19;45;3.60;3;2;1;34;0;5809945;146;5809003
11;19;78;16;8;20;99;3.80;4;2;1;30;0;5810099;172;5809003
11;19;78;16;8;21;37;3.20;3;2;1;32;0;5810137;153;5809415
11;19;78;16;8;22;94;12.60;4;2;2;33;0;5810294;149;5809003
11;19;78;16;8;24;10;4.20;3;2;1;30;0;5810410;237;0
11;19;78;16;8;25;24;3.60;4;2;1;29;0;5810524;92;5809003
11;19;78;16;8;26;24;3.60;3;2;1;29;0;5810624;163;5809003
11;19;78;16;8;27;17;4.80;4;2;1;28;0;5810717;148;5809003
11;19;78;16;8;27;62;4.40;3;2;1;27;0;5810762;93;5809003
11;19;78;16;8;29;24;3.80;4;2;1;25;0;5810924;145;5809003
11;19;78;16;8;30;69;3.60;1;1;1;53;0;5811069;4623;0
11;19;78;16;8;32;92;3.40;2;1;1;51;0;5811292;4723;0
11;19;78;16;8;33;17;4.40;4;2;1;27;0;5811317;338;0
11;19;78;16;8;37;42;3.60;4;2;1;25;0;5811742;366;0
11;19;78;16;8;39;19;3.80;1;1;1;57;0;5811919;825;0
11;19;78;16;8;38;95;3.20;4;2;1;24;0;5811895;101;0
11;19;78;16;8;40;61;3.80;2;1;1;53;0;5812061;745;0
11;19;78;16;8;41;69;3.40;2;1;1;54;0;5812169;82;0
11;19;78;16;8;41;92;5.00;1;1;1;57;0;5812192;249;0
11;19;78;16;8;46;90;3.60;1;1;1;57;0;5812690;466;0
11;19;78;16;8;47;89;3.80;2;1;1;58;0;5812789;597;0
11;19;78;16;8;48;65;3.80;1;1;1;58;0;5812865;152;0
11;19;78;16;8;48;50;3.60;3;2;1;36;0;5812850;2029;0
11;19;78;16;8;49;17;3.20;4;2;1;37;0;5812917;974;0
11;19;78;16;8;49;82;3.20;1;1;1;57;0;5812982;93;0
11;19;78;16;8;51;50;4.00;2;1;1;58;0;5813150;337;0
11;19;78;16;8;52;78;3.60;2;1;1;56;0;5813278;103;0
11;19;78;16;8;54;4;3.80;2;1;1;54;0;5813404;102;0
11;19;78;16;8;54;73;2.80;1;1;1;53;0;5813473;470;0
11;19;78;16;8;55;95;3.60;4;2;1;46;0;5813595;646;0
11;19;78;16;8;56;50;3.60;2;1;1;51;0;5813650;220;0
11;19;78;16;8;56;79;3.40;1;1;1;55;0;5813679;186;0
11;19;78;16;8;56;61;3.80;3;2;1;33;0;5813661;775;0
11;19;78;16;8;58;20;3.80;1;1;1;55;0;5813820;118;0
11;19;78;16;8;59;48;3.40;1;1;1;55;0;5813948;103;0
11;19;78;16;8;59;14;13.60;2;1;4;49;0;5813914;238;0
11;19;78;16;8;59;82;3.60;3;2;1;22;0;5813982;279;0
11;19;78;16;9;1;55;3.00;4;2;1;48;0;5814155;531;0
11;19;78;16;9;1;79;5.40;2;1;2;51;0;5814179;165;0
11;19;78;16;9;3;3;3.60;1;1;1;52;0;5814303;332;0
11;19;78;16;9;3;62;4.00;4;2;1;48;0;5814362;184;0
11;19;78;16;9;4;10;3.60;2;1;1;50;0;5814410;192;0
11;19;78;16;9;4;23;3.60;1;1;1;52;0;5814423;95;0
11;19;78;16;9;6;26;4.60;2;1;1;49;0;5814626;190;0
11;19;78;16;9;6;55;4.00;1;1;1;50;0;5814655;207;0
11;19;78;16;9;7;45;3.00;2;1;1;48;0;5814745;85;5813914
11;19;78;16;9;7;97;3.60;1;1;1;48;0;5814797;113;5813914
11;19;78;16;9;7;83;4.40;4;2;1;42;0;5814783;391;0
11;19;78;16;9;9;26;3.60;2;1;1;46;0;5814926;158;5813914
11;19;78;16;9;9;61;3.20;4;2;1;41;0;5814961;140;5813914
11;19;78;16;9;9;72;3.80;1;1;1;47;0;5814972;148;5813914
11;19;78;16;9;10;74;3.60;2;1;1;44;0;5815074;119;5813914
11;19;78;16;9;10;96;13.00;1;1;7;49;0;5815096;94;5813914
11;19;78;16;9;12;86;14.40;1;1;4;46;0;5815286;94;5814655
11;19;78;16;9;13;81;3.80;2;1;1;53;0;5815381;277;0
11;19;78;16;9;13;9;3.20;3;2;1;24;0;5815309;1268;0
11;19;78;16;9;15;12;3.80;4;2;1;46;0;5815512;522;0
11;19;78;16;9;15;22;4.00;2;1;1;52;0;5815522;115;0
11;19;78;16;9;15;65;3.20;1;1;1;47;0;5815565;166;5814655
11;19;78;16;9;16;45;4.00;2;1;1;51;0;5815645;95;5814655
11;19;78;16;9;17;4;3.00;1;1;1;48;0;5815704;114;5814655
11;19;78;16;9;17;22;3.00;3;2;1;43;0;5815722;365;0
11;19;78;16;9;17;44;3.40;2;1;1;51;0;5815744;70;0
11;19;78;16;9;18;64;3.80;1;1;1;48;0;5815864;137;5814655
11;19;78;16;9;18;62;3.40;3;2;1;42;0;5815862;114;5814655
11;19;78;16;9;19;50;4.00;2;1;1;48;0;5815950;182;5815381
11;19;78;16;9;19;89;3.40;3;2;1;39;0;5815989;97;5815381
11;19;78;16;9;20;70;3.60;4;2;1;61;0;5816070;528;0
11;19;78;16;9;22;17;5.20;2;1;1;46;0;5816217;237;0
11;19;78;16;9;23;26;3.60;1;1;1;43;0;5816326;433;0
11;19;78;16;9;24;18;3.80;2;1;1;46;0;5816418;160;0
11;19;78;16;9;24;97;3.80;1;1;1;42;0;5816497;140;0
11;19;78;16;9;25;91;3.20;4;2;1;59;0;5816591;499;0
11;19;78;16;9;26;28;5.40;2;1;1;47;0;5816628;180;0
11;19;78;16;9;29;46;4.20;2;1;1;52;0;5816946;276;0
11;19;78;16;9;31;74;3.40;3;2;1;61;0;5817174;1153;0
11;19;78;16;9;32;23;3.60;4;2;1;58;0;5817223;612;0
11;19;78;16;9;32;41;12.80;1;1;7;47;0;5817241;711;0
11;19;78;16;9;34;13;3.00;4;2;1;51;0;5817413;167;0
11;19;78;16;9;34;62;3.00;1;1;1;46;0;5817462;122;0
11;19;78;16;9;35;10;3.40;2;1;1;55;0;5817510;534;0
11;19;78;16;9;35;34;3.20;4;2;1;52;0;5817534;99;0
11;19;78;16;9;36;2;3.60;3;2;1;65;0;5817602;407;0
11;19;78;16;9;36;2;3.60;1;1;1;53;0;5817602;116;0
11;19;78;16;9;37;25;4.00;3;2;1;57;0;5817725;103;0
11;19;78;16;9;37;64;3.40;4;2;1;53;0;5817764;207;0
11;19;78;16;9;37;78;3.40;2;1;1;48;0;5817778;245;0
11;19;78;16;9;38;23;3.40;3;2;1;55;0;5817823;72;0
11;19;78;16;9;39;35;3.20;3;2;1;53;0;5817935;89;0
11;19;78;16;9;39;62;3.80;2;1;1;57;0;5817962;158;0
11;19;78;16;9;39;46;6.00;1;1;1;49;0;5817946;319;0
11;19;78;16;9;40;13;3.60;4;2;1;54;0;5818013;225;0
11;19;78;16;9;40;58;3.80;3;2;1;51;0;5818058;101;5817602
11;19;78;16;9;41;77;3.40;1;1;1;48;0;5818177;186;5817602
11;19;78;16;9;42;60;3.40;4;2;1;52;0;5818260;223;0
11;19;78;16;9;42;22;12.80;3;2;7;49;0;5818222;137;5817602
11;19;78;16;9;44;67;4.00;3;2;1;53;0;5818467;150;5817602
11;19;78;16;9;45;0;3.20;4;2;1;50;0;5818500;216;0
11;19;78;16;9;46;14;3.60;3;2;1;52;0;5818614;119;5817602
11;19;78;16;9;46;21;3.40;4;2;1;50;0;5818621;97;5817602
11;19;78;16;9;47;57;3.60;4;2;1;48;0;5818757;111;5817602
11;19;78;16;9;47;86;5.00;3;2;1;53;0;5818786;147;5817602
11;19;78;16;9;48;56;3.60;4;2;1;49;0;5818856;72;5817602
11;19;78;16;9;49;93;3.80;3;2;1;52;0;5818993;173;5817602
11;19;78;16;9;49;99;3.20;4;2;1;49;0;5818999;116;5818500
11;19;78;16;9;51;11;3.60;4;2;1;49;0;5819111;88;5818500
11;19;78;16;9;51;63;4.20;3;2;1;51;0;5819163;143;5817602
11;19;78;16;9;52;63;4.40;3;2;1;51;0;5819263;70;5817602
11;19;78;16;9;52;94;10.60;4;2;2;52;0;5819294;156;5818500
11;19;78;16;9;53;53;3.00;3;2;1;53;0;5819353;58;5817602
11;19;78;16;9;56;67;3.60;3;2;1;62;0;5819667;293;0
11;19;78;16;9;56;21;16.00;4;2;4;54;0;5819621;253;0
11;19;78;16;9;58;94;3.60;4;2;1;54;0;5819894;166;0
11;19;78;16;10;0;39;3.60;3;2;1;57;0;5820039;351;0
11;19;78;16;10;0;89;3.60;4;2;1;52;0;5820089;171;0
11;19;78;16;10;2;38;4.00;3;2;1;53;0;5820238;176;0
11;19;78;16;10;3;52;3.80;3;2;1;51;0;5820352;86;0
11;19;78;16;10;4;65;3.20;3;2;1;48;0;5820465;86;0
11;19;78;16;10;4;90;3.60;4;2;1;54;0;5820490;376;0
11;19;78;16;10;5;65;3.40;3;2;1;46;0;5820565;76;5820039
11;19;78;16;10;7;16;3.60;3;2;1;46;0;5820716;124;5820039
11;19;78;16;10;7;61;4.00;1;1;1;52;0;5820761;2558;0
11;19;78;16;10;7;88;3.60;4;2;1;51;0;5820788;274;0
11;19;78;16;10;9;8;4.20;3;2;1;42;0;5820908;163;5820039
11;19;78;16;10;9;22;3.60;4;2;1;49;0;5820922;108;5820039
11;19;78;16;10;10;42;3.20;1;1;1;58;0;5821042;253;0
11;19;78;16;10;10;24;3.60;3;2;1;42;0;5821024;80;5820039
11;19;78;16;10;11;39;5.00;4;2;1;43;0;5821139;190;5820039
11;19;78;16;10;13;82;3.60;4;2;1;43;0;5821382;201;0
11;19;78;16;10;15;12;3.60;3;2;1;36;0;5821512;457;0
11;19;78;16;10;20;96;3.40;1;1;1;53;0;5822096;1034;0
11;19;78;16;10;23;48;4.60;1;1;1;56;0;5822348;228;0
11;19;78;16;10;27;29;3.80;3;2;1;50;0;5822729;1181;0
11;19;78;16;10;30;2;3.40;4;2;1;44;0;5823002;1589;0
11;19;78;16;10;34;32;3.40;4;2;1;44;0;5823432;402;0
11;19;78;16;10;35;60;3.60;3;2;1;46;0;5823560;803;0
11;19;78;16;10;35;81;3.40;1;1;1;59;0;5823581;1203;0
11;19;78;16;10;37;94;4.00;1;1;1;60;0;5823794;192;0
11;19;78;16;10;38;1;4.00;4;2;1;51;0;5823801;341;0
11;19;78;16;10;39;7;3.60;1;1;1;52;0;5823907;89;0
11;19;78;16;10;39;82;3.80;2;1;1;61;0;5823982;5996;0
11;19;78;16;10;39;78;3.60;4;2;1;46;0;5823978;148;0
11;19;78;16;10;40;16;3.20;1;1;1;52;0;5824016;84;0
11;19;78;16;10;41;85;3.80;1;1;1;57;0;5824185;146;5823581
11;19;78;16;10;43;46;3.80;4;2;1;48;0;5824346;339;0
11;19;78;16;10;44;88;3.80;1;1;1;53;0;5824488;279;0
11;19;78;16;10;45;25;7.20;2;1;1;56;0;5824525;520;0
11;19;78;16;10;46;34;3.80;1;1;1;52;0;5824634;120;0
11;19;78;16;10;47;40;3.40;2;1;1;55;0;5824740;168;0
11;19;78;16;10;47;92;3.80;1;1;1;52;0;5824792;131;0
11;19;78;16;10;49;76;3.40;4;2;1;49;0;5824976;601;0
11;19;78;16;10;49;86;3.60;2;1;1;53;0;5824986;223;0
11;19;78;16;10;50;37;4.00;1;1;1;51;0;5825037;218;0
11;19;78;16;10;51;13;3.60;2;1;1;52;0;5825113;102;0
11;19;78;16;10;51;28;3.60;1;1;1;52;0;5825128;62;0
11;19;78;16;10;51;38;3.00;4;2;1;48;0;5825138;137;0
11;19;78;16;10;52;39;3.40;2;1;1;50;0;5825239;101;0
11;19;78;16;10;52;95;3.40;1;1;1;54;0;5825295;142;0
11;19;78;16;10;54;70;3.60;1;1;1;50;0;5825470;152;0
11;19;78;16;10;55;42;3.60;2;1;1;49;0;5825542;278;0
11;19;78;16;10;55;78;3.40;4;2;1;47;0;5825578;417;0
11;19;78;16;10;55;85;3.60;1;1;1;48;0;5825585;89;5825037
11;19;78;16;10;56;62;3.60;2;1;1;50;0;5825662;93;5825037
11;19;78;16;10;57;14;3.80;1;1;1;48;0;5825714;102;5825037
11;19;78;16;10;57;71;3.60;3;2;1;56;0;5825771;2182;0
11;19;78;16;10;57;95;3.40;2;1;1;50;0;5825795;107;0
11;19;78;16;10;58;99;4.00;1;1;1;51;0;5825899;156;5825037
11;19;78;16;10;59;60;3.00;4;2;1;54;0;5825960;355;0
11;19;78;16;11;0;20;3.60;1;1;1;49;0;5826020;92;5825037
11;19;78;16;11;1;18;3.40;4;2;1;58;0;5826118;138;5825037
11;19;78;16;11;1;72;3.40;1;1;1;47;0;5826172;125;5825037
11;19;78;16;11;2;74;3.20;3;2;1;63;0;5826274;479;0
11;19;78;16;11;2;72;3.00;2;1;1;46;0;5826272;452;0
11;19;78;16;11;3;16;3.40;1;1;1;43;0;5826316;117;5825037
11;19;78;16;11;4;16;3.80;2;1;1;46;0;5826416;120;5825037
11;19;78;16;11;4;37;3.40;1;1;1;42;0;5826437;92;5825037
11;19;78;16;11;5;5;4.00;4;2;1;57;0;5826505;365;0
11;19;78;16;11;5;70;3.40;2;1;1;44;0;5826570;124;0
11;19;78;16;11;5;69;4.40;1;1;1;46;0;5826569;102;5825037
11;19;78;16;11;6;94;3.60;2;1;1;40;0;5826694;96;5825037
11;19;78;16;11;7;63;3.80;4;2;1;62;0;5826763;232;0
11;19;78;16;11;8;47;3.00;2;1;1;36;0;5826847;120;5826272
11;19;78;16;11;9;74;3.60;3;2;1;60;0;5826974;681;0
11;19;78;16;11;9;92;4.40;1;1;1;43;0;5826992;388;0
11;19;78;16;11;10;4;4.00;2;1;1;35;0;5827004;127;5826272
11;19;78;16;11;10;58;3.60;4;2;1;61;0;5827058;272;0
11;19;78;16;11;10;69;6.00;3;2;1;61;0;5827069;73;0
11;19;78;16;11;11;2;6.40;1;1;1;42;0;5827102;73;0
11;19;78;16;11;11;89;3.60;2;1;1;41;0;5827189;143;5826272
11;19;78;16;11;13;37;3.60;3;2;1;61;0;5827337;232;0
11;19;78;16;11;13;27;3.80;1;1;1;41;0;5827327;170;0
11;19;78;16;11;14;40;3.40;2;1;1;45;0;5827440;219;0
11;19;78;16;11;15;53;4.40;3;2;1;64;0;5827553;194;0
11;19;78;16;11;15;52;6.00;4;2;1;59;0;5827552;472;0
11;19;78;16;11;15;92;3.60;2;1;1;47;0;5827592;124;0
11;19;78;16;11;16;81;3.20;1;1;1;44;0;5827681;320;0
11;19;78;16;11;16;97;4.00;3;2;1;61;0;5827697;119;0
11;19;78;16;11;18;72;3.60;2;1;1;48;0;5827872;252;0
11;19;78;16;11;18;80;3.00;1;1;1;47;0;5827880;172;0
11;19;78;16;11;20;30;3.40;1;1;1;46;0;5828030;127;0
11;19;78;16;11;21;46;3.40;1;1;1;45;0;5828146;89;0
11;19;78;16;11;22;92;3.80;2;1;1;52;0;5828292;393;0
11;19;78;16;11;23;50;3.60;1;1;1;43;0;5828350;176;5827681
11;19;78;16;11;24;72;3.20;1;1;1;42;0;5828472;91;5827681
11;19;78;16;11;25;10;3.40;2;1;1;49;0;5828510;191;5827681
11;19;78;16;11;25;54;3.80;3;2;1;61;0;5828554;833;0
11;19;78;16;11;26;98;3.20;3;2;1;62;0;5828698;121;0
11;19;78;16;11;27;5;3.40;1;1;1;47;0;5828705;205;0
11;19;78;16;11;26;41;11.20;4;2;2;45;0;5828641;1052;0
11;19;78;16;11;28;14;3.60;3;2;1;57;0;5828814;97;0
11;19;78;16;11;28;8;3.60;4;2;1;47;0;5828808;77;0
11;19;78;16;11;29;11;3.60;3;2;1;56;0;5828911;74;0
11;19;78;16;11;29;79;3.60;4;2;1;45;0;5828979;143;0
11;19;78;16;11;31;12;4.00;3;2;1;53;0;5829112;177;5828554
11;19;78;16;11;31;24;3.40;4;2;1;46;0;5829124;116;5828554
11;19;78;16;11;33;4;3.80;3;2;1;52;0;5829304;164;5828554
11;19;78;16;11;33;24;3.40;4;2;1;48;0;5829324;173;5828641
11;19;78;16;11;34;48;3.80;3;2;1;55;0;5829448;117;5828554
11;19;78;16;11;34;54;3.60;4;2;1;48;0;5829454;104;5828641
11;19;78;16;11;36;3;3.40;3;2;1;54;0;5829603;130;5828554
11;19;78;16;11;36;53;3.60;4;2;1;47;0;5829653;172;5828641
11;19;78;16;11;37;69;3.40;4;2;1;46;0;5829769;88;5828641
11;19;78;16;11;38;84;3.80;3;2;1;54;0;5829884;258;0
11;19;78;16;11;39;0;3.60;4;2;1;49;0;5829900;104;5828641
11;19;78;16;11;40;35;3.80;3;2;1;57;0;5830035;125;5828641
11;19;78;16;11;40;66;2.80;4;2;1;48;0;5830066;139;5828641
11;19;78;16;11;43;96;9.40;4;2;2;51;0;5830396;309;0
11;19;78;16;11;45;0;3.20;3;2;1;61;0;5830500;441;0
11;19;78;16;11;45;95;3.80;3;2;1;61;0;5830595;76;0
11;19;78;16;11;46;70;3.00;4;2;1;50;0;5830670;207;0
11;19;78;16;11;47;21;4.80;3;2;1;60;0;5830721;103;0
11;19;78;16;11;48;12;3.20;1;1;1;59;0;5830812;2080;0
11;19;78;16;11;48;34;3.60;3;2;1;60;0;5830834;84;0
11;19;78;16;11;48;6;7.80;4;2;2;48;0;5830806;114;0
11;19;78;16;11;50;36;3.80;3;2;1;59;0;5831036;180;5830500
11;19;78;16;11;51;10;4.40;4;2;1;47;0;5831110;245;0
11;19;78;16;11;52;25;3.80;3;2;1;58;0;5831225;165;5830500
11;19;78;16;11;52;74;3.60;4;2;1;48;0;5831274;130;5830500
11;19;78;16;11;53;38;4.20;3;2;1;55;0;5831338;89;5830500
11;19;78;16;11;54;48;3.80;4;2;1;46;0;5831448;147;5830500
11;19;78;16;11;56;63;3.80;4;2;1;46;0;5831663;185;5830500
11;19;78;16;11;58;23;3.60;4;2;1;49;0;5831823;130;5831110
11;19;78;16;12;0;1;4.00;1;1;1;51;0;5832001;1169;0
11;19;78;16;12;13;95;3.80;4;2;1;55;0;5833395;1545;0
11;19;78;16;12;15;40;3.60;4;2;1;59;0;5833540;120;0
11;19;78;16;12;20;60;3.20;4;2;1;64;0;5834060;498;0
11;19;78;16;12;20;72;3.80;3;2;1;55;0;5834072;2706;0
11;19;78;16;12;23;17;3.80;4;2;1;56;0;5834317;239;0
11;19;78;16;12;23;51;6.00;3;2;1;54;0;5834351;254;0
11;19;78;16;12;25;68;3.60;3;2;1;54;0;5834568;177;0
11;19;78;16;12;27;13;3.20;3;2;1;58;0;5834713;121;0
11;19;78;16;12;27;51;3.20;4;2;1;54;0;5834751;409;0
11;19;78;16;12;27;33;11.20;1;1;3;48;0;5834733;2703;0
11;19;78;16;12;28;89;5.20;2;1;1;60;0;5834889;6354;0
11;19;78;16;12;29;19;3.00;3;2;1;58;0;5834919;186;0
11;19;78;16;12;30;61;3.80;3;2;1;60;0;5835061;123;5834351
11;19;78;16;12;31;53;3.80;1;1;1;55;0;5835153;336;0
11;19;78;16;12;32;78;3.00;2;1;1;55;0;5835278;357;0
11;19;78;16;12;34;33;3.40;2;1;1;51;0;5835433;135;0
11;19;78;16;12;35;44;3.60;1;1;1;53;0;5835544;366;0
11;19;78;16;12;35;41;3.20;2;1;1;48;0;5835541;84;0
11;19;78;16;12;36;1;3.60;4;2;1;53;0;5835601;828;0
11;19;78;16;12;36;42;3.80;2;1;1;46;0;5835642;77;0
11;19;78;16;12;36;59;3.60;1;1;1;50;0;5835659;90;0
11;19;78;16;12;37;41;3.40;2;1;1;46;0;5835741;69;5835278
11;19;78;16;12;38;40;3.40;4;2;1;39;0;5835840;214;0
11;19;78;16;12;38;72;3.80;1;1;1;50;0;5835872;187;0
11;19;78;16;12;38;91;4.00;2;1;1;50;0;5835891;123;5835278
11;19;78;16;12;39;72;3.40;1;1;1;51;0;5835972;72;5835278
11;19;78;16;12;40;97;3.60;2;1;1;52;0;5836097;177;5835278
11;19;78;16;12;41;33;3.80;1;1;1;52;0;5836133;137;5835544
11;19;78;16;12;41;61;3.20;4;2;1;43;0;5836161;289;0
11;19;78;16;12;42;73;5.00;1;1;1;52;0;5836273;113;5835544
11;19;78;16;12;43;35;3.60;3;2;1;52;0;5836335;1251;0
11;19;78;16;12;43;76;3.80;4;2;1;46;0;5836376;188;0
11;19;78;16;12;44;67;4.00;3;2;1;53;0;5836467;107;0
11;19;78;16;12;44;79;3.60;2;1;1;50;0;5836479;357;0
11;19;78;16;12;45;83;3.80;1;1;1;52;0;5836583;275;0
11;19;78;16;12;45;83;3.60;4;2;1;47;0;5836583;177;0
11;19;78;16;12;46;21;3.80;2;1;1;54;0;5836621;116;0
11;19;78;16;12;46;33;4.20;3;2;1;54;0;5836633;138;0
11;19;78;16;12;47;7;3.00;4;2;1;44;0;5836707;96;0
11;19;78;16;12;47;96;3.60;3;2;1;55;0;5836796;135;0
11;19;78;16;12;48;93;2.80;2;1;1;52;0;5836893;246;0
11;19;78;16;12;49;93;3.80;4;2;1;54;0;5836993;261;0
11;19;78;16;12;50;25;4.00;2;1;1;51;0;5837025;112;0
11;19;78;16;12;51;14;3.40;3;2;1;62;0;5837114;294;0
11;19;78;16;12;51;16;3.60;4;2;1;57;0;5837116;97;0
11;19;78;16;12;52;28;5.40;2;1;1;44;0;5837228;174;0
11;19;78;16;12;52;69;3.60;1;1;1;52;0;5837269;659;0
11;19;78;16;12;53;29;3.80;4;2;1;61;0;5837329;190;0
11;19;78;16;12;53;50;3.60;3;2;1;57;0;5837350;216;0
11;19;78;16;12;54;9;3.60;1;1;1;50;0;5837409;115;0
11;19;78;16;12;54;90;3.40;3;2;1;60;0;5837490;117;0
11;19;78;16;12;55;39;3.40;2;1;1;48;0;5837539;266;0
11;19;78;16;12;55;71;3.40;1;1;1;49;0;5837571;136;0
11;19;78;16;12;56;32;3.20;3;2;1;60;0;5837632;121;0
11;19;78;16;12;56;7;14.20;4;2;4;56;0;5837607;255;0
11;19;78;16;12;57;57;3.40;3;2;1;58;0;5837757;105;0
11;19;78;16;12;58;34;3.20;2;1;1;49;0;5837834;269;0
11;19;78;16;12;58;28;3.80;1;1;1;47;0;5837828;232;0
11;19;78;16;12;58;81;4.00;4;2;1;56;0;5837881;182;0
11;19;78;16;12;59;8;4.00;3;2;1;61;0;5837908;129;5837350
11;19;78;16;13;0;21;3.60;2;1;1;48;0;5838021;163;5837350
11;19;78;16;13;0;23;3.40;1;1;1;42;0;5838023;165;5837350
11;19;78;16;13;0;58;3.60;3;2;1;60;0;5838058;126;5837350
11;19;78;16;13;0;72;3.20;4;2;1;56;0;5838072;165;5837350
11;19;78;16;13;1;31;3.60;1;1;1;42;0;5838131;78;5837350
11;19;78;16;13;1;64;3.60;2;1;1;48;0;5838164;116;5837350
11;19;78;16;13;2;18;3.40;3;2;1;60;0;5838218;138;5837350
11;19;78;16;13;2;41;3.00;4;2;1;57;0;5838241;148;5837350
11;19;78;16;13;3;64;3.40;3;2;1;59;0;5838364;125;5837350
11;19;78;16;13;3;51;4.00;2;1;1;45;0;5838351;160;5837350
11;19;78;16;13;3;91;3.60;1;1;1;45;0;5838391;229;0
11;19;78;16;13;4;56;3.60;2;1;1;44;0;5838456;73;5837834
11;19;78;16;13;5;22;3.60;3;2;1;58;0;5838522;137;5837350
11;19;78;16;13;5;43;3.60;4;2;1;56;0;5838543;283;0
11;19;78;16;13;5;74;3.60;2;1;1;45;0;5838574;88;5837834
11;19;78;16;13;6;36;3.60;1;1;1;43;0;5838636;216;0
11;19;78;16;13;7;11;3.20;2;1;1;44;0;5838711;108;5837834
11;19;78;16;13;7;70;3.60;3;2;1;58;0;5838770;225;0
11;19;78;16;13;8;37;3.60;1;1;1;43;0;5838837;170;0
11;19;78;16;13;8;77;3.20;3;2;1;59;0;5838877;84;0
11;19;78;16;13;8;80;3.40;2;1;1;44;0;5838880;142;5837834
11;19;78;16;13;10;6;3.00;1;1;1;43;0;5839006;138;5837834
11;19;78;16;13;10;13;4.40;2;1;1;43;0;5839013;105;5837834
11;19;78;16;13;10;54;3.60;3;2;1;60;0;5839054;157;5837834
11;19;78;16;13;11;23;3.80;1;1;1;44;0;5839123;91;5837834
11;19;78;16;13;12;44;3.80;4;2;1;54;0;5839244;677;0
11;19;78;16;13;12;32;3.60;1;1;1;42;0;5839232;77;5838636
11;19;78;16;13;12;80;3.80;3;2;1;59;0;5839280;204;0
11;19;78;16;13;13;24;3.20;2;1;1;46;0;5839324;274;0
11;19;78;16;13;13;27;3.60;1;1;1;40;0;5839327;64;5838636
11;19;78;16;13;14;34;3.80;3;2;1;59;0;5839434;130;5838636
11;19;78;16;13;14;40;3.80;4;2;1;50;0;5839440;170;5838636
11;19;78;16;13;14;23;3.80;1;1;1;38;0;5839423;63;5838636
11;19;78;16;13;15;66;3.80;4;2;1;50;0;5839566;98;5838636
11;19;78;16;13;16;15;3.40;3;2;1;57;0;5839615;157;5838636
11;19;78;16;13;16;59;3.40;1;1;1;38;0;5839659;200;0
11;19;78;16;13;16;74;4.40;4;2;1;52;0;5839674;80;0
11;19;78;16;13;17;39;3.80;3;2;1;56;0;5839739;102;0
11;19;78;16;13;18;3;3.20;1;1;1;37;0;5839803;111;0
11;19;78;16;13;18;26;3.80;4;2;1;52;0;5839826;121;5839244
11;19;78;16;13;19;19;3.80;1;1;1;36;0;5839919;84;5839244
11;19;78;16;13;19;68;5.20;4;2;1;53;0;5839968;115;5839244
11;19;78;16;13;20;5;3.80;3;2;1;58;0;5840005;241;0
11;19;78;16;13;20;60;3.60;2;1;1;49;0;5840060;710;0
11;19;78;16;13;21;15;3.40;4;2;1;51;0;5840115;111;5839244
11;19;78;16;13;20;89;3.80;1;1;1;37;0;5840089;132;5839244
11;19;78;16;13;21;60;3.60;3;2;1;57;0;5840160;131;5839244
11;19;78;16;13;22;30;3.40;1;1;1;37;0;5840230;104;5839659
11;19;78;16;13;23;27;3.60;4;2;1;49;0;5840327;188;5839244
11;19;78;16;13;23;33;4.00;3;2;1;58;0;5840333;150;5839244
11;19;78;16;13;24;10;3.80;1;1;1;38;0;5840410;146;5839659
11;19;78;16;13;25;4;5.00;4;2;1;53;0;5840504;150;5839244
11;19;78;16;13;26;8;3.60;1;1;1;38;0;5840608;162;5839659
11;19;78;16;13;26;70;3.60;3;2;1;61;0;5840670;312;0
11;19;78;16;13;26;99;3.40;4;2;1;49;0;5840699;161;5839244
11;19;78;16;13;28;7;4.00;3;2;1;55;0;5840807;115;5839244
11;19;78;16;13;27;83;3.60;1;1;1;38;0;5840783;140;5839659
11;19;78;16;13;29;29;3.60;1;1;1;38;0;5840929;111;5839659
11;19;78;16;13;30;0;3.40;2;1;1;47;0;5841000;913;0
11;19;78;16;13;29;82;3.60;3;2;1;52;0;5840982;148;0
11;19;78;16;13;29;84;3.60;4;2;1;43;0;5840984;260;0
11;19;78;16;13;31;66;3.80;2;1;1;45;0;5841166;139;0
11;19;78;16;13;31;43;3.60;3;2;1;48;0;5841143;136;0
11;19;78;16;13;31;47;4.00;4;2;1;44;0;5841147;132;0
11;19;78;16;13;32;94;3.40;3;2;1;49;0;5841294;124;5840670
11;19;78;16;13;33;39;3.60;4;2;1;41;0;5841339;159;5840670
11;19;78;16;13;34;8;4.00;3;2;1;50;0;5841408;89;5840670
11;19;78;16;13;36;9;3.60;3;2;1;52;0;5841609;172;5840670
11;19;78;16;13;36;86;2.80;4;2;1;44;0;5841686;315;0
11;19;78;16;13;38;28;3.60;4;2;1;42;0;5841828;119;0
11;19;78;16;13;42;64;3.60;4;2;1;51;0;5842264;405;0
11;19;78;16;13;43;72;3.20;1;1;1;52;0;5842372;1408;0
11;19;78;16;13;50;63;3.20;2;1;1;67;0;5843063;1866;0
11;19;78;16;13;51;34;3.00;4;2;1;53;0;5843134;844;0
11;19;78;16;13;57;26;3.60;4;2;1;51;0;5843726;571;0
11;19;78;16;14;0;38;3.40;3;2;1;55;0;5844038;2404;0
11;19;78;16;14;1;66;3.60;3;2;1;57;0;5844166;105;0
11;19;78;16;14;2;43;4.20;4;2;1;48;0;5844243;491;0
11;19;78;16;14;4;58;3.60;3;2;1;63;0;5844458;269;0
11;19;78;16;14;4;95;3.60;4;2;1;49;0;5844495;220;0
11;19;78;16;14;6;72;3.80;3;2;1;59;0;5844672;193;0
11;19;78;16;14;6;77;9.20;4;2;6;51;0;5844677;155;0
11;19;78;16;14;9;54;3.80;4;2;1;51;0;5844954;212;0
11;19;78;16;14;15;51;3.60;4;2;1;62;0;5845551;570;0
11;19;78;16;14;18;13;3.80;3;2;1;63;0;5845813;1117;0
11;19;78;16;14;19;65;3.60;1;1;1;54;0;5845965;3570;0
11;19;78;16;14;21;13;3.20;1;1;1;53;0;5846113;124;0
11;19;78;16;14;22;6;3.80;4;2;1;68;0;5846206;634;0
11;19;78;16;14;22;9;3.00;3;2;0;72;1;5846209;374;0
11;19;78;16;14;22;47;3.20;1;1;1;52;0;5846247;112;0
11;19;78;16;14;25;33;3.80;2;1;1;59;0;5846533;3452;0
11;19;78;16;14;26;35;3.40;1;1;1;57;0;5846635;365;0
11;19;78;16;14;28;89;4.40;3;2;1;60;0;5846889;1054;0
11;19;78;16;14;29;54;3.80;4;2;1;56;0;5846954;727;0
11;19;78;16;14;29;65;3.80;3;2;1;61;0;5846965;49;0
11;19;78;16;14;31;11;3.60;2;1;1;62;0;5847111;554;0
11;19;78;16;14;31;74;3.00;3;2;1;58;0;5847174;186;0
11;19;78;16;14;31;59;4.60;4;2;1;56;0;5847159;180;0
11;19;78;16;14;33;19;3.60;4;2;1;53;0;5847319;130;0
11;19;78;16;14;34;0;3.40;2;1;1;58;0;5847400;268;0
11;19;78;16;14;34;27;3.20;3;2;1;60;0;5847427;234;0
11;19;78;16;14;34;78;3.00;1;1;1;53;0;5847478;821;0
11;19;78;16;14;35;62;4.00;2;1;1;56;0;5847562;140;0
11;19;78;16;14;36;51;6.20;1;1;1;51;0;5847651;152;0
11;19;78;16;14;36;91;3.00;4;2;1;57;0;5847691;347;0
11;19;78;16;14;37;85;3.00;2;1;1;53;0;5847785;197;0
11;19;78;16;14;38;29;3.20;1;1;1;51;0;5847829;134;0
11;19;78;16;14;38;67;3.00;3;2;1;54;0;5847867;420;0
11;19;78;16;14;38;92;3.60;2;1;1;52;0;5847892;86;0
11;19;78;16;14;39;78;4.80;1;1;1;49;0;5847978;126;0
11;19;78;16;14;40;50;3.40;3;2;1;52;0;5848050;163;0
11;19;78;16;14;41;67;3.60;2;1;1;54;0;5848167;250;0
11;19;78;16;14;42;13;4.60;1;1;1;49;0;5848213;199;5847478
11;19;78;16;14;43;16;3.80;2;1;1;56;0;5848316;125;5847478
11;19;78;16;14;43;31;3.60;1;1;1;49;0;5848331;84;5847478
11;19;78;16;14;44;25;5.20;3;2;1;55;0;5848425;351;0
11;19;78;16;14;45;4;3.60;2;1;1;56;0;5848504;163;0
11;19;78;16;14;46;6;3.80;3;2;1;56;0;5848606;146;0
11;19;78;16;14;46;52;4.00;2;1;1;54;0;5848652;124;0
11;19;78;16;14;46;66;4.40;4;2;1;53;0;5848666;956;0
11;19;78;16;14;47;46;3.40;3;2;1;53;0;5848746;115;0
11;19;78;16;14;48;25;3.80;1;1;1;51;0;5848825;467;0
11;19;78;16;14;48;43;3.20;3;2;1;51;0;5848843;73;0
11;19;78;16;14;48;42;3.40;2;1;1;55;0;5848842;163;5848167
11;19;78;16;14;48;90;3.80;4;2;1;52;0;5848890;194;5848167
11;19;78;16;14;49;20;4.00;1;1;1;49;0;5848920;68;5848167
11;19;78;16;14;49;58;3.60;3;2;1;50;0;5848958;92;5848425
11;19;78;16;14;51;8;3.40;2;1;1;55;0;5849108;243;0
11;19;78;16;14;51;20;3.80;1;1;1;49;0;5849120;170;0
11;19;78;16;14;52;27;3.80;2;1;1;53;0;5849227;96;0
11;19;78;16;14;53;53;3.60;1;1;1;49;0;5849353;205;0
11;19;78;16;14;53;67;3.60;3;2;1;51;0;5849367;383;0
11;19;78;16;14;54;19;3.40;4;2;1;47;0;5849419;502;0
11;19;78;16;14;54;57;3.60;1;1;1;52;0;5849457;77;0
11;19;78;16;14;54;66;3.80;3;2;1;47;0;5849466;73;0
11;19;78;16;14;55;32;3.80;2;1;1;55;0;5849532;279;0
11;19;78;16;14;55;53;3.40;1;1;1;50;0;5849553;71;0
11;19;78;16;14;56;28;3.40;1;1;1;49;0;5849628;50;0
11;19;78;16;14;56;35;4.00;4;2;1;45;0;5849635;189;0
11;19;78;16;14;57;78;3.20;4;2;1;45;0;5849778;111;0
11;19;78;16;14;57;87;3.60;3;2;1;51;0;5849787;291;0
11;19;78;16;14;58;24;3.60;1;1;1;47;0;5849824;171;5849353
11;19;78;16;14;59;27;4.00;3;2;1;51;0;5849927;114;5849353
11;19;78;16;14;59;79;3.40;1;1;1;47;0;5849979;127;5849353
11;19;78;16;14;59;77;3.80;4;2;1;45;0;5849977;173;5849353
11;19;78;16;15;0;71;3.40;2;1;1;54;0;5850071;514;0
11;19;78;16;15;0;89;3.80;3;2;1;53;0;5850089;133;0
11;19;78;16;15;1;5;3.40;4;2;1;46;0;5850105;97;5849419
11;19;78;16;15;2;11;3.80;3;2;1;55;0;5850211;96;5849419
11;19;78;16;15;2;18;3.40;1;1;1;45;0;5850218;212;0
11;19;78;16;15;3;6;3.20;2;1;1;51;0;5850306;212;0
11;19;78;16;15;3;81;3.80;3;2;1;56;0;5850381;145;5849787
11;19;78;16;15;4;9;3.60;1;1;1;42;0;5850409;163;5849787
11;19;78;16;15;5;83;3.20;2;1;1;52;0;5850583;254;0
11;19;78;16;15;5;97;3.60;3;2;1;59;0;5850597;191;5849787
11;19;78;16;15;6;94;11.60;4;2;3;49;0;5850694;562;0
11;19;78;16;15;7;78;4.00;2;1;1;51;0;5850778;172;0
11;19;78;16;15;8;36;3.40;1;1;1;55;0;5850836;396;0
11;19;78;16;15;9;22;3.60;3;2;1;53;0;5850922;303;0
11;19;78;16;15;9;39;3.60;4;2;1;48;0;5850939;159;0
11;19;78;16;15;9;60;3.80;2;1;1;53;0;5850960;153;0
11;19;78;16;15;11;72;3.20;4;2;1;46;0;5851172;206;0
11;19;78;16;15;11;48;4.00;2;1;1;55;0;5851148;162;0
11;19;78;16;15;12;1;4.00;3;2;1;57;0;5851201;254;0
11;19;78;16;15;10;98;12.60;1;1;3;47;0;5851098;239;0
11;19;78;16;15;12;55;3.40;2;1;1;56;0;5851255;80;5850583
11;19;78;16;15;12;64;3.80;1;1;1;47;0;5851264;69;5850583
11;19;78;16;15;12;81;3.60;4;2;1;46;0;5851281;83;5850583
11;19;78;16;15;14;15;3.40;1;1;1;48;0;5851415;121;5850583
11;19;78;16;15;14;51;4.00;2;1;1;56;0;5851451;174;5850583
11;19;78;16;15;14;63;5.00;3;2;1;56;0;5851463;236;0
11;19;78;16;15;15;24;4.00;4;2;1;46;0;5851524;214;0
11;19;78;16;15;15;42;3.40;1;1;1;45;0;5851542;101;0
11;19;78;16;15;16;71;3.40;1;1;1;45;0;5851671;101;5851098
11;19;78;16;15;18;13;3.40;4;2;1;48;0;5851813;257;0
11;19;78;16;15;18;65;3.60;2;1;1;55;0;5851865;388;0
11;19;78;16;15;18;70;3.20;1;1;1;43;0;5851870;171;5851098
11;19;78;16;15;20;25;3.40;4;2;1;48;0;5852025;186;5851098
11;19;78;16;15;20;34;3.60;2;1;1;57;0;5852034;145;5851098
11;19;78;16;15;21;9;3.00;2;1;1;57;0;5852109;52;5851098
11;19;78;16;15;22;50;3.40;4;2;1;47;0;5852250;199;5851098
11;19;78;16;15;22;31;12.60;1;1;3;42;0;5852231;334;0
11;19;78;16;15;23;88;3.60;2;1;1;49;0;5852388;260;0
11;19;78;16;15;24;36;3.60;4;2;1;47;0;5852436;159;0
11;19;78;16;15;24;41;3.40;1;1;1;41;0;5852441;102;0
11;19;78;16;15;25;73;3.20;4;2;1;46;0;5852573;109;5851813
11;19;78;16;15;26;25;3.20;2;1;1;49;0;5852625;210;0
11;19;78;16;15;26;57;3.60;1;1;1;40;0;5852657;186;0
11;19;78;16;15;27;96;3.00;1;1;1;40;0;5852796;106;0
11;19;78;16;15;28;46;3.40;3;2;1;62;0;5852846;1350;0
11;19;78;16;15;28;32;3.60;4;2;1;42;0;5852832;233;0
11;19;78;16;15;28;88;3.20;1;1;1;39;0;5852888;65;5852231
11;19;78;16;15;30;9;3.80;1;1;1;37;0;5853009;91;5852231
11;19;78;16;15;30;47;3.80;4;2;1;47;0;5853047;184;5852231
11;19;78;16;15;30;82;5.80;3;2;1;60;0;5853082;216;0
11;19;78;16;15;31;45;4.40;1;1;1;39;0;5853145;99;5852231
11;19;78;16;15;33;4;3.80;4;2;1;45;0;5853304;227;0
11;19;78;16;15;33;32;4.20;1;1;1;39;0;5853332;146;5852231
11;19;78;16;15;34;36;3.20;4;2;1;41;0;5853436;101;5852231
11;19;78;16;15;36;18;3.80;4;2;1;40;0;5853618;153;5852231
11;19;78;16;15;36;32;3.20;1;1;1;40;0;5853632;261;0
11;19;78;16;15;38;3;3.20;4;2;1;45;0;5853803;150;0
11;19;78;16;15;39;80;3.20;1;1;1;38;0;5853980;319;0
11;19;78;16;15;40;66;4.00;3;2;1;60;0;5854066;949;0
11;19;78;16;15;41;15;3.20;4;2;1;46;0;5854115;286;0
11;19;78;16;15;41;44;3.40;1;1;1;39;0;5854144;133;0
11;19;78;16;15;44;42;3.60;1;1;1;43;0;5854442;266;0
11;19;78;16;15;44;82;3.60;4;2;1;49;0;5854482;341;0
11;19;78;16;15;45;58;3.20;4;2;1;50;0;5854558;49;0
11;19;78;16;15;45;71;3.80;3;2;1;52;0;5854571;481;0
11;19;78;16;15;46;66;3.20;4;2;1;50;0;5854666;84;0
11;19;78;16;15;47;10;4.80;3;2;1;52;0;5854710;112;0
11;19;78;16;15;48;57;3.80;3;2;1;53;0;5854857;113;0
11;19;78;16;15;50;45;3.60;3;2;1;55;0;5855045;162;0
11;19;78;16;15;51;40;3.80;3;2;1;54;0;5855140;71;5854571
11;19;78;16;15;52;44;3.40;4;2;1;52;0;5855244;554;0
11;19;78;16;15;53;86;3.60;3;2;1;55;0;5855386;220;0
11;19;78;16;15;54;17;3.80;4;2;1;53;0;5855417;149;0
11;19;78;16;15;56;74;3.00;4;2;1;51;0;5855674;231;0
11;19;78;16;16;0;35;4.00;3;2;1;60;0;5856035;625;0
11;19;78;16;16;9;26;4.60;3;2;1;64;0;5856926;867;0
11;19;78;16;16;11;34;3.80;1;1;1;52;0;5857134;2661;0
11;19;78;16;16;11;83;3.40;3;2;1;57;0;5857183;231;0
11;19;78;16;16;11;80;3.20;4;2;1;51;0;5857180;1484;0
11;19;78;16;16;12;53;5.20;1;1;1;50;0;5857253;92;0
11;19;78;16;16;13;47;3.80;1;1;1;50;0;5857347;56;0
11;19;78;16;16;14;74;3.80;1;1;1;51;0;5857474;99;0
11;19;78;16;16;14;95;3.40;2;1;1;57;0;5857495;4846;0
11;19;78;16;16;15;73;4.00;1;1;1;51;0;5857573;72;5857134
11;19;78;16;16;16;42;3.60;2;1;1;51;0;5857642;125;5857134
11;19;78;16;16;16;92;3.40;3;2;1;53;0;5857692;487;0
11;19;78;16;16;17;62;3.60;1;1;1;57;0;5857762;160;5857134
11;19;78;16;16;18;7;3.80;2;1;1;53;0;5857807;139;5857134
11;19;78;16;16;18;49;3.80;3;2;1;51;0;5857849;133;5857134
11;19;78;16;16;19;46;3.60;2;1;1;54;0;5857946;113;5857134
11;19;78;16;16;19;69;3.80;1;1;1;54;0;5857969;184;5857134
11;19;78;16;16;19;83;3.40;3;2;1;48;0;5857983;107;5857134
11;19;78;16;16;20;12;3.00;4;2;1;49;0;5858012;809;0
11;19;78;16;16;20;82;3.60;1;1;1;55;0;5858082;87;5857134
11;19;78;16;16;21;30;3.20;4;2;1;48;0;5858130;95;5857134
11;19;78;16;16;21;86;3.40;3;2;1;46;0;5858186;177;5857134
11;19;78;16;16;23;19;4.20;1;1;1;57;0;5858319;213;0
11;19;78;16;16;22;84;3.40;4;2;1;48;0;5858284;130;0
11;19;78;16;16;22;84;3.40;3;2;1;44;0;5858284;71;5857692
11;19;78;16;16;23;95;3.40;3;2;1;45;0;5858395;83;5857692
11;19;78;16;16;25;6;4.80;4;2;1;45;0;5858506;196;5857692
11;19;78;16;16;25;75;3.60;3;2;1;44;0;5858575;152;5857692
11;19;78;16;16;26;6;3.60;2;1;1;52;0;5858606;636;0
11;19;78;16;16;27;3;3.60;3;2;1;43;0;5858703;98;5857692
11;19;78;16;16;27;66;3.80;4;2;1;45;0;5858766;221;0
11;19;78;16;16;27;84;3.00;2;1;1;50;0;5858784;153;0
11;19;78;16;16;28;81;3.60;3;2;1;44;0;5858881;147;5857692
11;19;78;16;16;28;45;3.60;1;1;1;18;0;5858845;499;0
11;19;78;16;16;29;23;3.20;2;1;1;48;0;5858923;117;0
11;19;78;16;16;29;67;3.60;4;2;1;39;0;5858967;170;0
11;19;78;16;16;29;96;3.60;3;2;1;44;0;5858996;85;5857692
11;19;78;16;16;30;46;3.60;1;1;1;48;0;5859046;129;5857692
11;19;78;16;16;31;49;3.80;1;1;1;50;0;5859149;76;5857692
11;19;78;16;16;31;51;3.40;4;2;1;43;0;5859151;150;5857692
11;19;78;16;16;31;97;3.40;3;2;1;44;0;5859197;171;5857692
11;19;78;16;16;32;59;3.60;2;1;1;57;0;5859259;312;0
11;19;78;16;16;32;41;6.20;4;2;1;44;0;5859241;61;0
11;19;78;16;16;33;5;3.60;3;2;1;43;0;5859305;80;5857692
11;19;78;16;16;33;4;3.80;1;1;1;45;0;5859304;127;5857692
11;19;78;16;16;33;79;7.00;2;1;1;55;0;5859379;97;5857692
11;19;78;16;16;34;8;3.40;4;2;1;42;0;5859408;116;5858766
11;19;78;16;16;34;14;3.80;1;1;1;46;0;5859414;79;5858845
11;19;78;16;16;35;65;3.40;2;1;1;57;0;5859565;140;5858845
11;19;78;16;16;35;90;3.20;1;1;1;46;0;5859590;146;5858845
11;19;78;16;16;35;98;5.80;4;2;1;47;0;5859598;160;5858766
11;19;78;16;16;37;19;3.80;2;1;1;52;0;5859719;132;5858766
11;19;78;16;16;37;33;3.40;4;2;1;47;0;5859733;90;5858766
11;19;78;16;16;37;52;3.60;1;1;1;43;0;5859752;136;5858845
11;19;78;16;16;38;21;12.40;3;2;7;55;0;5859821;485;0
11;19;78;16;16;38;82;3.40;2;1;1;45;0;5859882;136;5859259
11;19;78;16;16;39;91;3.40;4;2;1;47;0;5859991;231;0
11;19;78;16;16;40;65;3.80;2;1;1;44;0;5860065;155;5859259
11;19;78;16;16;41;1;3.80;1;1;1;45;0;5860101;318;0
11;19;78;16;16;41;13;3.00;4;2;1;46;0;5860113;95;0
11;19;78;16;16;41;55;3.20;3;2;1;51;0;5860155;252;0
11;19;78;16;16;42;26;3.00;4;2;1;44;0;5860226;89;0
11;19;78;16;16;42;35;3.20;2;1;1;40;0;5860235;138;5859259
11;19;78;16;16;42;63;4.60;1;1;1;45;0;5860263;131;5859259
11;19;78;16;16;43;37;3.80;3;2;1;54;0;5860337;159;5859259
11;19;78;16;16;43;41;4.20;2;1;1;39;0;5860341;77;5859259
11;19;78;16;16;43;61;3.40;4;2;1;42;0;5860361;110;5859259
11;19;78;16;16;45;50;3.20;4;2;1;43;0;5860550;159;5859991
11;19;78;16;16;45;21;3.40;2;1;1;33;0;5860521;141;5859259
11;19;78;16;16;45;55;4.40;1;1;1;41;0;5860555;255;0
11;19;78;16;16;45;85;3.40;3;2;1;57;0;5860585;222;0
11;19;78;16;16;46;88;3.60;4;2;1;45;0;5860688;111;5859991
11;19;78;16;16;47;16;3.80;2;1;1;38;0;5860716;157;5859259
11;19;78;16;16;48;25;4.20;4;2;1;48;0;5860825;108;5859991
11;19;78;16;16;48;43;3.60;3;2;1;54;0;5860843;236;0
11;19;78;16;16;48;55;3.80;1;1;1;43;0;5860855;261;0
11;19;78;16;16;49;36;4.00;2;1;1;39;0;5860936;184;5859259
11;19;78;16;16;49;74;3.20;4;2;1;49;0;5860974;117;5859991
11;19;78;16;16;50;98;3.20;3;2;1;53;0;5861098;231;0
11;19;78;16;16;51;50;3.60;1;1;1;39;0;5861150;263;0
11;19;78;16;16;52;34;3.80;4;2;1;49;0;5861234;236;0
11;19;78;16;16;52;64;3.20;3;2;1;53;0;5861264;144;0
11;19;78;16;16;53;28;3.60;1;1;1;38;0;5861328;144;0
11;19;78;16;16;54;72;2.80;1;1;1;37;0;5861472;109;0
11;19;78;16;16;55;84;4.00;2;1;1;53;0;5861584;611;0
11;19;78;16;16;56;25;3.60;1;1;1;39;0;5861625;125;0
11;19;78;16;16;58;61;3.60;1;1;1;38;0;5861861;202;0
11;19;78;16;17;0;93;3.80;1;1;1;33;0;5862093;197;0
11;19;78;16;17;3;59;3.80;1;1;1;38;0;5862359;224;0
11;19;78;16;17;6;33;3.40;1;1;1;39;0;5862633;238;0
11;19;78;16;17;7;58;3.00;2;1;1;51;0;5862758;1146;0
11;19;78;16;17;9;1;3.60;1;1;1;48;0;5862901;236;0
11;19;78;16;17;10;6;3.40;4;2;1;60;0;5863006;1744;0
11;19;78;16;17;12;96;3.60;3;2;1;64;0;5863296;2010;0
11;19;78;16;17;16;78;3.60;4;2;1;51;0;5863678;651;0
11;19;78;16;17;16;99;3.60;3;2;1;58;0;5863699;382;0
11;19;78;16;17;18;60;4.00;3;2;1;58;0;5863860;138;0
11;19;78;16;17;19;33;3.80;4;2;1;53;0;5863933;229;0
11;19;78;16;17;21;31;4.80;4;2;1;52;0;5864131;172;0
11;19;78;16;17;22;60;3.00;3;2;1;55;0;5864260;375;0
11;19;78;16;17;22;78;3.80;4;2;1;54;0;5864278;113;0
11;19;78;16;17;24;8;3.60;3;2;1;53;0;5864408;128;0
11;19;78;16;17;24;80;3.40;2;1;1;56;0;5864480;1700;0
11;19;78;16;17;25;50;3.60;3;2;1;63;0;5864550;117;0
11;19;78;16;17;25;92;3.40;4;2;1;59;0;5864592;288;0
11;19;78;16;17;28;7;4.40;4;2;1;55;0;5864807;194;0
11;19;78;16;17;34;2;3.20;4;2;1;53;0;5865402;566;0
11;19;78;16;17;35;73;3.40;4;2;1;51;0;5865573;149;0
11;19;78;16;17;36;50;3.40;1;1;1;50;0;5865650;2722;0
11;19;78;16;17;37;7;3.60;4;2;1;50;0;5865707;110;0
11;19;78;16;17;43;75;3.20;4;2;1;59;0;5866375;642;0
11;19;78;16;17;47;69;3.40;2;1;1;57;0;5866769;2267;0
11;19;78;16;17;47;83;6.40;4;2;1;53;0;5866783;388;0
11;19;78;16;17;48;51;3.60;1;1;1;54;0;5866851;1176;0
11;19;78;16;17;49;6;3.40;2;1;1;57;0;5866906;115;0
11;19;78;16;17;49;43;3.60;3;2;1;61;0;5866943;2372;0
11;19;78;16;17;50;78;3.80;3;2;1;62;0;5867078;113;0
11;19;78;16;17;50;72;3.60;1;1;1;53;0;5867072;197;0
11;19;78;16;17;50;76;4.60;2;1;1;59;0;5867076;148;0
11;19;78;16;17;51;17;4.60;4;2;1;58;0;5867117;290;0
11;19;78;16;17;52;17;3.60;2;1;1;58;0;5867217;112;0
11;19;78;16;17;52;62;8.00;3;2;2;60;0;5867262;161;0
11;19;78;16;17;53;45;3.60;2;1;1;57;0;5867345;105;5866769
11;19;78;16;17;53;54;3.20;1;1;1;54;0;5867354;257;0
11;19;78;16;17;53;85;3.20;4;2;1;50;0;5867385;239;0
11;19;78;16;17;55;8;4.20;2;1;1;57;0;5867508;140;5866769
11;19;78;16;17;55;69;3.40;4;2;1;51;0;5867569;160;5866769
11;19;78;16;17;56;10;3.00;3;2;1;62;0;5867610;300;0
11;19;78;16;17;56;89;4.40;3;2;1;62;0;5867689;61;0
11;19;78;16;17;56;89;3.40;4;2;1;50;0;5867689;96;0
11;19;78;16;17;57;88;3.20;1;1;1;58;0;5867788;412;0
11;19;78;16;17;58;11;3.80;2;1;1;56;0;5867811;276;0
11;19;78;16;17;58;13;3.80;3;2;1;57;0;5867813;98;0
11;19;78;16;17;59;50;3.80;2;1;1;53;0;5867950;114;0
11;19;78;16;17;59;65;3.00;1;1;1;53;0;5867965;157;0
11;19;78;16;17;59;81;3.80;4;2;1;53;0;5867981;267;0
11;19;78;16;18;0;66;3.60;3;2;1;65;0;5868066;229;0
11;19;78;16;18;0;41;13.60;1;1;4;53;0;5868041;55;0
11;19;78;16;18;1;24;3.60;4;2;1;55;0;5868124;117;0
11;19;78;16;18;1;67;3.80;2;1;1;60;0;5868167;191;0
11;19;78;16;18;1;84;3.60;1;1;1;49;0;5868184;50;0
11;19;78;16;18;2;70;3.60;3;2;1;59;0;5868270;184;0
11;19;78;16;18;2;94;2.80;4;2;1;56;0;5868294;146;0
11;19;78;16;18;4;5;3.40;3;2;1;60;0;5868405;113;0
11;19;78;16;18;4;97;3.60;4;2;1;56;0;5868497;185;0
11;19;78;16;18;5;81;3.60;3;2;1;60;0;5868581;155;0
11;19;78;16;18;6;37;3.20;2;1;1;58;0;5868637;447;0
11;19;78;16;18;6;31;3.80;1;1;1;48;0;5868631;420;0
11;19;78;16;18;6;31;3.80;4;2;1;56;0;5868631;110;5867981
11;19;78;16;18;7;4;3.60;1;1;1;48;0;5868704;44;5867981
11;19;78;16;18;7;60;3.60;2;1;1;55;0;5868760;103;5867981
11;19;78;16;18;8;12;3.60;4;2;1;59;0;5868812;156;5867981
11;19;78;16;18;8;59;3.20;3;2;1;60;0;5868859;256;0
11;19;78;16;18;9;16;4.00;1;1;1;55;0;5868916;185;0
11;19;78;16;18;9;35;3.20;4;2;1;57;0;5868935;101;5867981
11;19;78;16;18;10;33;3.40;3;2;1;55;0;5869033;154;5867981
11;19;78;16;18;10;60;3.00;1;1;1;53;0;5869060;117;5867981
11;19;78;16;18;10;63;3.20;4;2;1;53;0;5869063;107;5867981
11;19;78;16;18;11;36;3.60;2;1;1;59;0;5869136;352;0
11;19;78;16;18;12;9;4.60;3;2;1;59;0;5869209;153;0
11;19;78;16;18;12;15;3.40;4;2;1;54;0;5869215;130;5867981
11;19;78;16;18;13;13;4.00;4;2;1;56;0;5869313;75;5867981
11;19;78;16;18;13;13;3.80;1;1;1;53;0;5869313;232;0
11;19;78;16;18;13;42;3.80;2;1;1;58;0;5869342;184;0
11;19;78;16;18;13;80;2.80;3;2;1;61;0;5869380;142;0
11;19;78;16;18;14;62;4.60;1;1;1;53;0;5869462;123;0
11;19;78;16;18;15;21;3.60;3;2;1;60;0;5869521;124;5868859
11;19;78;16;18;15;14;3.40;4;2;1;56;0;5869514;175;5867981
11;19;78;16;18;15;96;3.40;2;1;1;54;0;5869596;230;0
11;19;78;16;18;16;33;3.40;1;1;1;53;0;5869633;139;0
11;19;78;16;18;16;60;4.00;3;2;1;62;0;5869660;117;5868859
11;19;78;16;18;17;62;3.60;4;2;1;54;0;5869762;226;0
11;19;78;16;18;18;59;3.40;1;1;1;50;0;5869859;202;0
11;19;78;16;18;18;93;4.80;4;2;1;55;0;5869893;107;0
11;19;78;16;18;19;73;4.40;2;1;1;52;0;5869973;354;0
11;19;78;16;18;19;87;3.20;1;1;1;53;0;5869987;103;0
11;19;78;16;18;20;13;3.80;3;2;1;61;0;5870013;329;0
11;19;78;16;18;21;38;3.60;4;2;1;50;0;5870138;213;0
11;19;78;16;18;21;96;14.60;1;1;4;56;0;5870196;187;0
11;19;78;16;18;23;1;3.20;4;2;1;49;0;5870301;137;0
11;19;78;16;18;23;22;4.40;3;2;1;57;0;5870322;286;0
11;19;78;16;18;25;9;3.40;1;1;1;52;0;5870509;219;0
11;19;78;16;18;25;5;4.60;2;1;1;58;0;5870505;501;0
11;19;78;16;18;25;43;3.80;4;2;1;51;0;5870543;218;0
11;19;78;16;18;25;76;3.20;3;2;1;61;0;5870576;226;0
11;19;78;16;18;27;18;3.40;4;2;1;50;0;5870718;148;0
11;19;78;16;18;27;17;4.60;2;1;1;57;0;5870717;183;0
11;19;78;16;18;27;32;3.80;3;2;1;58;0;5870732;137;0
11;19;78;16;18;27;68;3.40;1;1;1;52;0;5870768;235;0
11;19;78;16;18;28;47;3.80;4;2;1;49;0;5870847;104;0
11;19;78;16;18;28;80;3.60;2;1;1;55;0;5870880;133;0
11;19;78;16;18;29;51;3.40;1;1;1;53;0;5870951;159;0
11;19;78;16;18;29;29;8.60;3;2;6;58;0;5870929;173;0
11;19;78;16;18;30;16;3.80;2;1;1;54;0;5871016;112;0
11;19;78;16;18;31;26;3.20;1;1;1;49;0;5871126;151;0
11;19;78;16;18;31;52;3.60;3;2;1;58;0;5871152;169;0
11;19;78;16;18;32;1;3.60;2;1;1;52;0;5871201;159;5870505
11;19;78;16;18;32;10;3.40;4;2;1;55;0;5871210;335;0
11;19;78;16;18;33;43;3.80;2;1;1;55;0;5871343;117;5870505
11;19;78;16;18;33;39;4.00;4;2;1;53;0;5871339;106;5870505
11;19;78;16;18;33;70;4.00;1;1;1;47;0;5871370;220;0
11;19;78;16;18;34;88;3.20;1;1;1;47;0;5871488;87;0
11;19;78;16;18;35;7;3.20;4;2;1;51;0;5871507;140;0
11;19;78;16;18;36;23;3.60;1;1;1;47;0;5871623;110;0
11;19;78;16;18;37;31;3.60;2;1;1;55;0;5871731;363;0
11;19;78;16;18;38;52;3.20;1;1;1;45;0;5871852;201;0
11;19;78;16;18;40;3;3.80;1;1;1;46;0;5872003;125;0
11;19;78;16;18;41;72;3.80;1;1;1;45;0;5872172;139;0
11;19;78;16;18;42;7;3.20;2;1;1;56;0;5872207;452;0
11;19;78;16;18;43;43;3.60;2;1;1;55;0;5872343;115;0
11;19;78;16;18;43;89;3.80;1;1;1;43;0;5872389;186;0
11;19;78;16;18;44;84;3.60;2;1;1;50;0;5872484;117;0
11;19;78;16;18;45;47;3.60;1;1;1;44;0;5872547;126;5871852
11;19;78;16;18;45;97;3.80;2;1;1;46;0;5872597;87;5871852
11;19;78;16;18;47;3;3.80;2;1;1;46;0;5872703;76;5872207
11;19;78;16;18;47;81;3.40;1;1;1;41;0;5872781;204;0
11;19;78;16;18;48;47;3.40;2;1;1;50;0;5872847;114;5872207
11;19;78;16;18;49;42;4.60;1;1;1;42;0;5872942;131;5872207
11;19;78;16;18;49;83;3.40;3;2;1;57;0;5872983;1808;0
11;19;78;16;18;50;62;3.40;1;1;1;43;0;5873062;80;0
11;19;78;16;18;51;70;3.60;2;1;1;51;0;5873170;298;0
11;19;78;16;18;52;61;3.00;4;2;1;52;0;5873261;1731;0
11;19;78;16;18;53;4;3.00;1;1;1;44;0;5873304;213;0
11;19;78;16;18;54;41;3.40;1;1;1;40;0;5873441;112;0
11;19;78;16;18;58;76;3.60;4;2;1;64;0;5873876;594;0
11;19;78;16;18;59;25;3.60;3;2;1;57;0;5873925;920;0
11;19;78;16;19;3;96;3.80;3;2;1;63;0;5874396;448;0
11;19;78;16;19;4;85;3.20;1;1;1;54;0;5874485;1013;0
11;19;78;16;19;6;51;3.60;4;2;1;56;0;5874651;754;0
11;19;78;16;19;6;77;3.60;3;2;1;60;0;5874677;259;0
11;19;78;16;19;8;92;3.20;3;2;1;59;0;5874892;193;0
11;19;78;16;19;10;83;3.60;4;2;1;57;0;5875083;408;0
11;19;78;16;19;12;26;3.60;4;2;1;65;0;5875226;120;0
11;19;78;16;19;12;68;3.60;3;2;1;57;0;5875268;356;0
11;19;78;16;19;13;60;3.80;4;2;1;60;0;5875360;114;0
11;19;78;16;19;13;67;4.00;3;2;1;55;0;5875367;76;0
11;19;78;16;19;24;58;3.80;4;2;1;62;0;5876458;1075;0
11;19;78;16;19;26;63;4.00;1;1;1;56;0;5876663;2156;0
11;19;78;16;19;27;24;5.20;3;2;1;61;0;5876724;1330;0
11;19;78;16;19;27;80;3.40;2;1;1;55;0;5876780;3584;0
11;19;78;16;19;28;28;4.00;1;1;1;56;0;5876828;139;0
11;19;78;16;19;28;64;5.20;2;1;1;56;0;5876864;61;0
11;19;78;16;19;29;97;3.60;1;1;1;58;0;5876997;143;0
11;19;78;16;19;30;88;3.40;4;2;1;61;0;5877088;607;0
11;19;78;16;19;32;8;3.20;4;2;1;58;0;5877208;99;0
11;19;78;16;19;32;46;3.80;2;1;1;57;0;5877246;348;0
11;19;78;16;19;32;65;3.40;1;1;1;58;0;5877265;245;0
11;19;78;16;19;33;37;3.60;3;2;1;66;0;5877337;582;0
11;19;78;16;19;33;73;3.80;2;1;1;57;0;5877373;103;0
11;19;78;16;19;34;80;3.40;4;2;1;58;0;5877480;252;0
11;19;78;16;19;35;40;3.20;1;1;1;56;0;5877540;253;0
11;19;78;16;19;35;67;3.60;4;2;1;58;0;5877567;65;0
11;19;78;16;19;35;75;6.20;3;2;1;61;0;5877575;218;0
11;19;78;16;19;36;75;3.20;2;1;1;55;0;5877675;278;0
11;19;78;16;19;36;68;3.40;4;2;1;58;0;5877668;78;0
11;19;78;16;19;37;29;3.60;1;1;1;57;0;5877729;168;0
11;19;78;16;19;37;52;4.20;3;2;1;59;0;5877752;140;0
11;19;78;16;19;37;90;3.80;2;1;1;54;0;5877790;94;0
11;19;78;16;19;39;0;3.60;4;2;1;53;0;5877900;210;0
11;19;78;16;19;39;71;3.40;3;2;1;58;0;5877971;193;0
11;19;78;16;19;40;69;3.80;1;1;1;54;0;5878069;317;0
11;19;78;16;19;41;56;3.40;1;1;1;55;0;5878156;61;0
11;19;78;16;19;42;1;4.20;2;1;1;59;0;5878201;385;0
11;19;78;16;19;42;1;8.80;4;2;2;55;0;5878201;276;0
11;19;78;16;19;44;15;3.60;3;2;1;59;0;5878415;422;0
11;19;78;16;19;44;98;3.60;2;1;1;56;0;5878498;271;0
11;19;78;16;19;45;69;3.80;3;2;1;60;0;5878569;132;0
11;19;78;16;19;47;31;4.00;3;2;1;61;0;5878731;139;0
11;19;78;16;19;47;55;3.60;2;1;1;55;0;5878755;233;0
11;19;78;16;19;48;39;3.00;3;2;1;58;0;5878839;84;0
11;19;78;16;19;48;67;3.60;1;1;1;47;0;5878867;688;0
11;19;78;16;19;50;8;3.60;3;2;1;58;0;5879008;150;5878415
11;19;78;16;19;51;50;9.40;3;2;6;57;0;5879150;119;5878415
11;19;78;16;19;52;0;3.20;4;2;1;46;0;5879200;941;0
11;19;78;16;19;53;30;3.60;4;2;1;47;0;5879330;104;0
11;19;78;16;19;53;88;3.80;3;2;1;57;0;5879388;178;5878415
11;19;78;16;19;54;43;3.80;1;1;1;59;0;5879443;548;0
11;19;78;16;19;54;62;3.60;2;1;1;54;0;5879462;683;0
11;19;78;16;19;54;82;3.60;4;2;1;47;0;5879482;124;0
11;19;78;16;19;55;97;3.00;3;2;1;54;0;5879597;185;5878415
11;19;78;16;19;56;11;3.80;2;1;1;56;0;5879611;125;5878415
11;19;78;16;19;56;76;3.60;4;2;1;48;0;5879676;166;5878415
11;19;78;16;19;58;10;3.00;3;2;1;56;0;5879810;193;5878415
11;19;78;16;19;58;61;3.60;1;1;1;59;0;5879861;394;0
11;19;78;16;19;59;56;3.40;3;2;1;57;0;5879956;126;5878415
11;19;78;16;19;59;85;5.20;4;2;1;50;0;5879985;282;0
11;19;78;16;20;0;88;3.20;3;2;1;60;0;5880088;110;5878415
11;19;78;16;20;1;56;4.60;4;2;1;49;0;5880156;133;5878415
11;19;78;16;20;2;44;3.60;1;1;1;55;0;5880244;361;0
11;19;78;16;20;3;1;4.20;3;2;1;60;0;5880301;193;5878415
11;19;78;16;20;3;47;4.40;4;2;1;50;0;5880347;157;5878415
11;19;78;16;20;3;90;3.80;1;1;1;54;0;5880390;122;5878415
11;19;78;16;20;5;46;3.80;3;2;1;57;0;5880546;219;0
11;19;78;16;20;5;51;3.80;4;2;1;51;0;5880551;172;0
11;19;78;16;20;7;11;4.40;4;2;1;48;0;5880711;133;5879985
11;19;78;16;20;7;61;4.00;3;2;1;58;0;5880761;191;5879985
11;19;78;16;20;9;47;3.60;3;2;1;54;0;5880947;161;5879985
11;19;78;16;20;10;17;9.20;4;2;2;53;0;5881017;273;0
11;19;78;16;20;10;82;3.60;1;1;1;54;0;5881082;666;0
11;19;78;16;20;10;99;3.20;3;2;1;52;0;5881099;128;0
11;19;78;16;20;12;43;4.00;3;2;1;53;0;5881243;121;5880546
11;19;78;16;20;12;71;3.60;4;2;1;52;0;5881271;191;5880546
11;19;78;16;20;13;44;3.60;3;2;1;55;0;5881344;73;5880546
11;19;78;16;20;14;21;9.40;4;2;2;49;0;5881421;125;5880546
11;19;78;16;20;15;76;4.00;3;2;1;54;0;5881576;208;0
11;19;78;16;20;15;93;3.00;2;1;1;51;0;5881593;1957;0
11;19;78;16;20;16;37;3.60;4;2;1;48;0;5881637;146;0
11;19;78;16;20;17;56;3.60;2;1;1;52;0;5881756;141;0
11;19;78;16;20;18;63;3.20;4;2;1;47;0;5881863;199;5881017
11;19;78;16;20;18;92;3.60;2;1;1;53;0;5881892;111;5881017
11;19;78;16;20;22;47;3.60;4;2;1;59;0;5882247;359;0
11;19;78;16;20;24;42;3.20;1;1;1;52;0;5882442;1336;0
11;19;78;16;20;25;0;3.00;2;1;1;58;0;5882500;583;0
11;19;78;16;20;25;67;3.40;1;1;1;52;0;5882567;102;0
11;19;78;16;20;26;55;4.20;1;1;1;51;0;5882655;64;0
11;19;78;16;20;34;87;3.40;4;2;1;54;0;5883487;1218;0
11;19;78;16;20;36;1;2.80;4;2;1;54;0;5883601;91;0
11;19;78;16;20;37;45;3.40;3;2;1;61;0;5883745;2142;0
11;19;78;16;20;39;92;4.60;4;2;1;56;0;5883992;372;0
11;19;78;16;20;40;15;4.20;3;2;1;61;0;5884015;249;0
11;19;78;16;20;40;98;4.20;4;2;1;60;0;5884098;76;0
11;19;78;16;20;43;99;3.60;4;2;1;52;0;5884399;275;0
11;19;78;16;20;54;4;3.40;1;1;1;58;0;5885404;2719;0
11;19;78;16;20;55;9;3.80;4;2;1;62;0;5885509;1085;0
11;19;78;16;21;0;26;3.60;1;1;1;57;0;5886026;600;0
11;19;78;16;21;4;21;3.80;4;2;1;64;0;5886421;889;0
11;19;78;16;21;5;65;3.40;1;1;1;58;0;5886565;516;0
11;19;78;16;21;6;25;3.80;3;2;1;69;0;5886625;2585;0
11;19;78;16;21;6;66;3.40;1;1;1;55;0;5886666;79;0
11;19;78;16;21;8;67;3.00;4;2;1;56;0;5886867;424;0
11;19;78;16;21;9;82;3.60;2;1;1;54;0;5886982;4463;0
11;19;78;16;21;10;98;3.40;2;1;1;52;0;5887098;92;0
11;19;78;16;21;11;90;3.20;3;2;1;65;0;5887190;545;0
11;19;78;16;21;11;98;3.60;1;1;1;52;0;5887198;509;0
11;19;78;16;21;12;43;3.80;4;2;1;52;0;5887243;356;0
11;19;78;16;21;12;94;3.60;1;1;1;55;0;5887294;71;0
11;19;78;16;21;12;90;3.60;2;1;1;50;0;5887290;168;0
11;19;78;16;21;13;83;4.40;4;2;1;54;0;5887383;113;0
11;19;78;16;21;13;93;3.80;3;2;1;55;0;5887393;185;0
11;19;78;16;21;14;4;3.60;2;1;1;51;0;5887404;88;0
11;19;78;16;21;15;37;3.60;1;1;1;51;0;5887537;219;0
11;19;78;16;21;16;92;3.40;2;1;1;50;0;5887692;262;0
11;19;78;16;21;17;10;3.80;4;2;1;57;0;5887710;297;0
11;19;78;16;21;17;36;5.00;3;2;1;54;0;5887736;318;0
11;19;78;16;21;17;84;3.80;2;1;1;49;0;5887784;67;0
11;19;78;16;21;18;46;3.20;4;2;1;57;0;5887846;112;0
11;19;78;16;21;18;93;3.40;3;2;1;54;0;5887893;123;0
11;19;78;16;21;19;87;3.20;4;2;1;61;0;5887987;120;0
11;19;78;16;21;19;97;3.20;1;1;1;48;0;5887997;434;0
11;19;78;16;21;19;99;4.00;2;1;1;52;0;5887999;187;0
11;19;78;16;21;20;47;3.80;3;2;1;57;0;5888047;131;0
11;19;78;16;21;21;30;3.60;1;1;1;47;0;5888130;109;0
11;19;78;16;21;21;0;8.60;2;1;2;49;0;5888100;73;0
11;19;78;16;21;22;41;6.40;3;2;1;56;0;5888241;170;0
11;19;78;16;21;22;61;3.80;1;1;1;49;0;5888261;103;0
11;19;78;16;21;22;85;2.80;2;1;1;48;0;5888285;121;5887692
11;19;78;16;21;23;88;3.80;3;2;1;57;0;5888388;105;5887736
11;19;78;16;21;24;7;3.80;2;1;1;47;0;5888407;101;5887692
11;19;78;16;21;24;24;3.40;1;1;1;47;0;5888424;135;5887692
11;19;78;16;21;25;23;3.60;3;2;1;56;0;5888523;111;5887736
11;19;78;16;21;25;40;5.00;1;1;1;46;0;5888540;89;5887997
11;19;78;16;21;26;4;3.60;4;2;1;64;0;5888604;598;0
11;19;78;16;21;27;27;3.80;1;1;1;53;0;5888727;147;5887997
11;19;78;16;21;27;65;3.40;3;2;1;60;0;5888765;218;0
11;19;78;16;21;28;74;3.40;2;1;1;57;0;5888874;437;0
11;19;78;16;21;28;87;3.60;3;2;1;58;0;5888887;101;0
11;19;78;16;21;29;37;3.80;1;1;1;53;0;5888937;184;5887997
11;19;78;16;21;30;66;3.60;3;2;1;57;0;5889066;156;5887997
11;19;78;16;21;31;52;3.80;4;2;1;59;0;5889152;527;0
11;19;78;16;21;31;90;4.00;3;2;1;60;0;5889190;101;0
11;19;78;16;21;32;6;3.20;2;1;1;55;0;5889206;310;0
11;19;78;16;21;32;42;4.20;4;2;1;59;0;5889242;66;0
11;19;78;16;21;34;12;3.00;3;2;1;62;0;5889412;198;5888765
11;19;78;16;21;34;71;3.40;4;2;1;57;0;5889471;203;0
11;19;78;16;21;35;87;4.40;3;2;1;61;0;5889587;157;5888765
11;19;78;16;21;36;39;4.60;4;2;1;53;0;5889639;146;5888765
11;19;78;16;21;37;9;3.20;3;2;1;59;0;5889709;96;5888765
11;19;78;16;21;37;11;3.00;1;1;1;50;0;5889711;748;0
11;19;78;16;21;37;91;3.40;4;2;1;53;0;5889791;120;0
11;19;78;16;21;38;15;3.20;1;1;1;49;0;5889815;82;0
11;19;78;16;21;38;83;3.80;3;2;1;68;0;5889883;154;5888765
11;19;78;16;21;39;13;3.00;4;2;1;54;0;5889913;98;5888765
11;19;78;16;21;40;8;4.00;1;1;1;47;0;5890008;169;5888765
11;19;78;16;21;40;17;3.60;4;2;1;54;0;5890017;84;5889471
11;19;78;16;21;40;52;4.40;2;1;1;58;0;5890052;825;0
11;19;78;16;21;40;97;3.80;3;2;1;64;0;5890097;193;5888765
11;19;78;16;21;41;28;3.60;1;1;1;49;0;5890128;89;5888765
11;19;78;16;21;41;59;3.20;2;1;1;57;0;5890159;79;5888765
11;19;78;16;21;41;50;4.20;4;2;1;56;0;5890150;109;5889471
11;19;78;16;21;42;45;3.40;3;2;1;61;0;5890245;126;5888765
11;19;78;16;21;42;57;4.00;1;1;1;51;0;5890257;102;5889711
11;19;78;16;21;43;44;3.60;4;2;1;53;0;5890344;167;5889471
11;19;78;16;21;43;89;3.40;2;1;1;53;0;5890389;209;0
11;19;78;16;21;44;10;3.20;3;2;1;56;0;5890410;144;5888765
11;19;78;16;21;44;38;3.40;1;1;1;54;0;5890438;152;5889711
11;19;78;16;21;45;24;3.80;2;1;1;53;0;5890524;111;5889711
11;19;78;16;21;45;36;3.00;4;2;1;54;0;5890536;167;5889471
11;19;78;16;21;46;63;3.20;4;2;1;52;0;5890663;107;5889471
11;19;78;16;21;47;56;3.40;1;1;1;58;0;5890756;295;0
11;19;78;16;21;48;9;4.00;4;2;1;45;0;5890809;123;5889471
11;19;78;16;21;49;71;3.20;1;1;1;55;0;5890971;193;5889471
11;19;78;16;21;49;85;3.20;2;1;1;57;0;5890985;435;0
11;19;78;16;21;51;15;3.00;3;2;1;52;0;5891115;684;0
11;19;78;16;21;51;76;9.80;4;2;2;54;0;5891176;335;0
11;19;78;16;21;52;7;3.20;3;2;1;53;0;5891207;71;0
11;19;78;16;21;54;38;3.20;3;2;1;52;0;5891438;209;0
11;19;78;16;21;54;80;3.40;1;1;1;54;0;5891480;488;0
11;19;78;16;21;55;90;4.20;3;2;1;53;0;5891590;129;0
11;19;78;16;21;56;39;3.60;1;1;1;54;0;5891639;136;0
11;19;78;16;21;57;7;4.00;2;1;1;56;0;5891707;701;0
11;19;78;16;21;57;83;3.60;1;1;1;53;0;5891783;120;0
11;19;78;16;21;56;95;14.20;4;2;4;46;0;5891695;453;0
11;19;78;16;21;57;99;3.60;3;2;1;54;0;5891799;180;0
11;19;78;16;21;58;25;5.00;2;1;1;54;0;5891825;92;0
11;19;78;16;21;59;84;3.60;3;2;1;61;0;5891984;161;0
11;19;78;16;21;59;30;15.20;4;2;4;46;0;5891930;123;0
11;19;78;16;22;1;25;3.80;2;1;1;58;0;5892125;266;0
11;19;78;16;22;2;90;3.60;4;2;1;46;0;5892290;241;0
11;19;78;16;22;3;56;3.00;3;2;1;60;0;5892356;350;0
11;19;78;16;22;5;20;3.60;3;2;1;58;0;5892520;146;0
11;19;78;16;22;5;64;3.20;4;2;1;53;0;5892564;245;0
11;19;78;16;22;13;23;3.60;1;1;1;59;0;5893323;1515;0
11;19;78;16;22;13;57;1.80;2;1;0;55;1;5893357;1208;0
11;19;78;16;22;15;94;3.80;1;1;1;55;0;5893594;249;0
11;19;78;16;22;17;82;3.80;4;2;1;56;0;5893782;1196;0
11;19;78;16;22;20;15;3.20;3;2;1;62;0;5894015;1472;0
11;19;78;16;22;21;43;3.40;3;2;1;56;0;5894143;109;0
11;19;78;16;22;22;16;3.60;4;2;1;53;0;5894216;409;0
11;19;78;16;22;23;98;3.20;4;2;1;53;0;5894398;157;0
11;19;78;16;22;30;52;3.60;3;2;1;48;0;5895052;887;0
11;19;78;16;22;35;38;3.80;4;2;1;59;0;5895538;1118;0
11;19;78;16;22;42;24;3.20;3;2;1;59;0;5896224;1145;0
11;19;78;16;22;45;70;3.60;3;2;1;61;0;5896570;326;0
11;19;78;16;22;50;57;3.20;4;2;1;59;0;5897057;1495;0
11;19;78;16;22;50;70;3.60;3;2;1;59;0;5897070;478;0
11;19;78;16;22;51;80;3.40;3;2;1;59;0;5897180;88;0
11;19;78;16;22;52;3;6.60;2;1;1;58;0;5897203;5054;0
11;19;78;16;22;52;21;3.20;4;2;1;57;0;5897221;144;0
11;19;78;16;22;53;66;3.60;3;2;1;60;0;5897366;165;0
11;19;78;16;22;54;61;3.60;3;2;1;60;0;5897461;73;0
11;19;78;16;22;55;0;3.40;4;2;1;47;0;5897500;258;0
11;19;78;16;22;56;3;4.20;2;1;1;55;0;5897603;359;0
11;19;78;16;22;56;6;3.40;4;2;1;46;0;5897606;79;0
11;19;78;16;22;56;45;3.40;3;2;1;57;0;5897645;162;5897070
11;19;78;16;22;56;96;3.60;1;1;1;51;0;5897696;4077;0
11;19;78;16;22;57;36;3.60;4;2;1;44;0;5897736;103;0
11;19;78;16;22;58;20;3.00;3;2;1;57;0;5897820;153;5897070
11;19;78;16;22;59;56;3.00;4;2;1;50;0;5897956;190;5897070
11;19;78;16;22;59;81;3.40;3;2;1;57;0;5897981;142;5897070
11;19;78;16;23;1;6;3.80;3;2;1;57;0;5898106;103;5897070
11;19;78;16;23;1;85;3.40;4;2;1;52;0;5898185;207;0
11;19;78;16;23;2;92;3.20;3;2;1;57;0;5898292;162;5897070
11;19;78;16;23;4;9;3.60;4;2;1;52;0;5898409;200;0
11;19;78;16;23;5;33;3.60;4;2;1;48;0;5898533;99;0
11;19;78;16;23;6;28;3.00;4;2;1;48;0;5898628;68;0
11;19;78;16;23;6;65;3.00;3;2;1;53;0;5898665;352;0
11;19;78;16;23;7;71;5.00;4;2;1;48;0;5898771;120;0
11;19;78;16;23;8;55;3.60;2;1;1;58;0;5898855;1224;0
11;19;78;16;23;8;77;3.40;3;2;1;50;0;5898877;191;0
11;19;78;16;23;9;11;3.80;4;2;1;45;0;5898911;102;5898409
11;19;78;16;23;10;9;3.40;3;2;1;52;0;5899009;107;5898409
11;19;78;16;23;10;83;4.40;4;2;1;45;0;5899083;141;5898409
11;19;78;16;23;11;24;3.60;1;1;1;57;0;5899124;1402;0
11;19;78;16;23;11;28;3.40;3;2;1;55;0;5899128;95;0
11;19;78;16;23;12;12;3.20;2;1;1;56;0;5899212;334;0
11;19;78;16;23;12;13;4.00;4;2;1;46;0;5899213;94;5898409
11;19;78;16;23;12;73;5.20;1;1;1;54;0;5899273;126;5898409
11;19;78;16;23;13;80;3.80;2;1;1;56;0;5899380;147;5898409
11;19;78;16;23;13;89;3.20;4;2;1;44;0;5899389;144;5898409
11;19;78;16;23;14;13;3.80;3;2;1;56;0;5899413;262;0
11;19;78;16;23;14;28;4.00;1;1;1;55;0;5899428;120;0
11;19;78;16;23;14;64;3.60;2;1;1;53;0;5899464;59;0
11;19;78;16;23;15;49;3.20;1;1;1;54;0;5899549;94;0
11;19;78;16;23;15;92;3.80;3;2;1;55;0;5899592;154;0
11;19;78;16;23;16;4;3.60;2;1;1;53;0;5899604;115;0
11;19;78;16;23;16;89;3.40;1;1;1;54;0;5899689;118;5899124
11;19;78;16;23;17;21;3.60;2;1;1;55;0;5899721;92;5899212
11;19;78;16;23;17;13;4.80;4;2;1;44;0;5899713;297;0
11;19;78;16;23;17;40;3.80;3;2;1;53;0;5899740;123;0
11;19;78;16;23;18;87;3.80;2;1;1;54;0;5899887;142;5899212
11;19;78;16;23;19;13;4.00;3;2;1;51;0;5899913;147;5899212
11;19;78;16;23;20;33;3.20;1;1;1;51;0;5900033;321;0
11;19;78;16;23;20;59;3.80;3;2;1;51;0;5900059;117;5899413
11;19;78;16;23;19;64;16.40;4;2;4;44;0;5899964;211;0
11;19;78;16;23;21;43;3.80;1;1;1;49;0;5900143;87;0
11;19;78;16;23;21;56;3.80;3;2;1;52;0;5900156;70;5899413
11;19;78;16;23;21;80;4.40;4;2;1;45;0;5900180;81;5899413
11;19;78;16;23;23;4;3.20;3;2;1;51;0;5900304;121;5899413
11;19;78;16;23;23;47;4.00;4;2;1;45;0;5900347;131;5899413
11;19;78;16;23;24;3;3.80;3;2;1;51;0;5900403;76;5899413
11;19;78;16;23;24;9;3.60;1;1;1;52;0;5900409;238;0
11;19;78;16;23;24;37;3.40;2;1;1;49;0;5900437;524;0
11;19;78;16;23;25;60;3.20;2;1;1;49;0;5900560;98;0
11;19;78;16;23;25;48;4.20;3;2;1;49;0;5900548;118;5899413
11;19;78;16;23;26;12;3.00;4;2;1;43;0;5900612;233;0
11;19;78;16;23;26;59;3.80;2;1;1;47;0;5900659;75;0
11;19;78;16;23;27;39;3.40;1;1;1;53;0;5900739;305;0
11;19;78;16;23;27;58;3.40;3;2;1;47;0;5900758;179;5899413
11;19;78;16;23;27;58;3.80;4;2;1;42;0;5900758;120;5899413
11;19;78;16;23;28;39;3.40;1;1;1;53;0;5900839;76;5899413
11;19;78;16;23;29;15;5.00;2;1;1;52;0;5900915;226;0
11;19;78;16;23;29;59;3.00;3;2;1;46;0;5900959;174;5899413
11;19;78;16;23;30;8;3.40;4;2;1;42;0;5901008;217;0
11;19;78;16;23;30;70;3.60;3;2;1;47;0;5901070;87;5899413
11;19;78;16;23;30;90;4.00;2;1;1;53;0;5901090;140;5899413
11;19;78;16;23;31;81;3.60;4;2;1;44;0;5901181;143;5899413
11;19;78;16;23;32;26;3.80;3;2;1;51;0;5901226;128;5899413
11;19;78;16;23;32;42;3.60;2;1;1;51;0;5901242;124;5899413
11;19;78;16;23;32;22;11.20;1;1;3;51;0;5901222;359;0
11;19;78;16;23;34;58;3.20;1;1;1;49;0;5901458;156;0
11;19;78;16;23;35;63;3.80;4;2;1;46;0;5901563;352;0
11;19;78;16;23;36;15;4.00;1;1;1;48;0;5901615;133;0
11;19;78;16;23;36;62;3.80;3;2;1;51;0;5901662;409;0
11;19;78;16;23;37;82;3.40;1;1;1;49;0;5901782;137;0
11;19;78;16;23;38;17;3.80;2;1;1;49;0;5901817;549;0
11;19;78;16;23;38;15;4.20;4;2;1;44;0;5901815;222;0
11;19;78;16;23;39;42;4.00;2;1;1;46;0;5901942;97;0
11;19;78;16;23;39;83;3.40;3;2;1;53;0;5901983;294;0
11;19;78;16;23;40;27;3.20;1;1;1;45;0;5902027;220;0
11;19;78;16;23;40;93;3.80;2;1;1;45;0;5902093;119;0
11;19;78;16;23;41;29;5.20;4;2;1;49;0;5902129;279;0
11;19;78;16;23;42;56;3.40;1;1;1;44;0;5902256;203;0
11;19;78;16;23;42;86;3.40;2;1;1;49;0;5902286;162;0
11;19;78;16;23;44;10;3.80;2;1;1;50;0;5902410;99;5901817
11;19;78;16;23;44;3;3.40;1;1;1;42;0;5902403;119;5901817
11;19;78;16;23;45;30;3.20;1;1;1;41;0;5902530;97;5901817
11;19;78;16;23;47;7;3.60;2;1;1;45;0;5902707;269;0
11;19;78;16;23;47;34;3.40;1;1;1;39;0;5902734;175;0
11;19;78;16;23;49;8;3.60;1;1;1;36;0;5902908;142;5902256
11;19;78;16;23;49;76;3.00;2;1;1;44;0;5902976;240;0
11;19;78;16;23;50;52;3.00;1;1;1;36;0;5903052;108;5902256
11;19;78;16;23;51;56;3.60;4;2;1;58;0;5903156;988;0
11;19;78;16;23;52;46;3.40;1;1;1;36;0;5903246;164;5902256
11;19;78;16;23;53;96;3.80;1;1;1;37;0;5903396;116;5902256
11;19;78;16;23;54;83;3.60;3;2;1;70;0;5903483;1476;0
11;19;78;16;23;55;99;3.40;2;1;1;52;0;5903599;598;0
11;19;78;16;23;55;81;3.60;1;1;1;37;0;5903581;148;5902256
11;19;78;16;23;57;21;3.60;2;1;1;47;0;5903721;98;5902256
11;19;78;16;23;57;82;3.60;4;2;1;53;0;5903782;603;0
11;19;78;16;23;58;23;4.00;1;1;1;35;0;5903823;206;0
11;19;78;16;23;59;20;3.60;2;1;1;48;0;5903920;171;0
11;19;78;16;24;0;38;3.60;3;2;1;63;0;5904038;536;0
11;19;78;16;24;0;24;3.80;1;1;1;35;0;5904024;159;0
11;19;78;16;24;1;41;4.00;2;1;1;49;0;5904141;194;0
11;19;78;16;24;2;11;3.60;4;2;1;55;0;5904211;404;0
11;19;78;16;24;2;50;3.60;2;1;1;50;0;5904250;79;5903599
11;19;78;16;24;2;42;3.00;1;1;1;35;0;5904242;178;5903599
11;19;78;16;24;4;8;4.20;2;1;1;46;0;5904408;132;5903599
11;19;78;16;24;4;24;3.60;1;1;1;37;0;5904424;151;5903599
11;19;78;16;24;4;90;3.60;4;2;1;53;0;5904490;255;0
11;19;78;16;24;6;6;4.00;1;1;1;37;0;5904606;146;5903823
11;19;78;16;24;7;19;3.20;4;2;1;53;0;5904719;204;0
11;19;78;16;24;7;47;4.60;3;2;1;54;0;5904747;688;0
11;19;78;16;24;8;14;3.20;1;1;1;36;0;5904814;169;5903823
11;19;78;16;24;10;76;3.80;1;1;1;39;0;5905076;230;0
11;19;78;16;24;12;32;3.00;1;1;1;39;0;5905232;120;0
11;19;78;16;24;14;52;3.20;2;1;1;45;0;5905452;1011;0
11;19;78;16;24;14;87;3.20;1;1;1;41;0;5905487;227;0
11;19;78;16;24;16;28;3.80;1;1;1;41;0;5905628;112;0
11;19;78;16;24;16;40;3.80;2;1;1;44;0;5905640;162;0
11;19;78;16;24;18;75;3.80;1;1;1;46;0;5905875;213;0
11;19;78;16;24;19;34;3.80;4;2;1;51;0;5905934;1193;0
11;19;78;16;24;20;72;3.20;3;2;1;60;0;5906072;1294;0
11;19;78;16;24;21;85;3.80;3;2;1;59;0;5906185;93;0
11;19;78;16;24;23;49;3.20;4;2;1;51;0;5906349;388;0
11;19;78;16;24;28;8;3.60;3;2;1;60;0;5906808;599;0
11;19;78;16;24;30;64;3.40;3;2;1;55;0;5907064;234;0
11;19;78;16;24;35;41;3.60;4;2;1;55;0;5907541;1169;0
11;19;78;16;24;35;59;3.80;3;2;1;64;0;5907559;472;0
11;19;78;16;24;37;52;3.40;3;2;1;60;0;5907752;171;0
11;19;78;16;24;38;8;3.60;4;2;1;55;0;5907808;243;0
11;19;78;16;24;39;66;3.60;3;2;1;58;0;5907966;193;0
11;19;78;16;24;41;86;3.60;3;2;1;54;0;5908186;197;0
11;19;78;16;24;42;6;11.40;4;2;3;43;0;5908206;374;0
11;19;78;16;24;43;75;3.60;4;2;1;43;0;5908375;73;0
11;19;78;16;24;44;3;3.20;3;2;1;57;0;5908403;193;5907559
11;19;78;16;24;45;4;4.60;3;2;1;54;0;5908504;80;5907559
11;19;78;16;24;46;88;3.80;3;2;1;54;0;5908688;153;5907559
11;19;78;16;24;46;83;3.40;4;2;1;43;0;5908683;277;0
11;19;78;16;24;49;39;3.20;4;2;1;42;0;5908939;227;0
11;19;78;16;24;49;0;3.60;3;2;1;18;0;5908900;186;5907559
11;19;78;16;24;50;36;3.40;4;2;1;42;0;5909036;69;5907559
11;19;78;16;24;51;39;3.80;3;2;1;44;0;5909139;167;5907559
11;19;78;16;24;51;71;3.40;4;2;1;41;0;5909171;105;5907559
11;19;78;16;24;53;40;4.20;4;2;1;42;0;5909340;139;5907559
11;19;78;16;24;54;10;4.00;1;1;1;58;0;5909410;3505;0
11;19;78;16;24;54;48;4.00;3;2;1;43;0;5909448;277;0
11;19;78;16;24;55;22;3.60;4;2;1;40;0;5909522;146;5908939
11;19;78;16;24;56;8;4.00;1;1;1;55;0;5909608;173;5908939
11;19;78;16;24;56;93;3.60;3;2;1;43;0;5909693;211;0
11;19;78;16;24;58;38;3.20;4;2;1;39;0;5909838;283;0
11;19;78;16;24;58;92;3.60;3;2;1;44;0;5909892;168;0
11;19;78;16;24;59;77;3.20;4;2;1;37;0;5909977;109;0
11;19;78;16;25;0;72;3.20;3;2;1;44;0;5910072;150;0
11;19;78;16;25;2;0;3.80;4;2;1;37;0;5910200;191;0
11;19;78;16;25;3;7;3.60;3;2;1;44;0;5910307;208;0
11;19;78;16;25;3;23;3.80;1;1;1;58;0;5910323;688;0
11;19;78;16;25;4;90;3.80;4;2;1;39;0;5910490;253;0
11;19;78;16;25;5;93;3.40;3;2;1;44;0;5910593;256;0
11;19;78;16;25;6;22;3.60;1;1;1;53;0;5910622;275;0
11;19;78;16;25;6;68;3.60;2;1;1;56;0;5910668;4996;0
11;19;78;16;25;6;97;3.00;4;2;1;37;0;5910697;171;0
11;19;78;16;25;7;52;3.80;3;2;1;41;0;5910752;131;0
11;19;78;16;25;7;72;3.80;2;1;1;57;0;5910772;80;0
11;19;78;16;25;7;97;3.60;1;1;1;53;0;5910797;150;0
11;19;78;16;25;9;53;3.60;2;1;1;55;0;5910953;157;0
11;19;78;16;25;9;82;3.60;3;2;1;39;0;5910982;196;0
11;19;78;16;25;10;10;4.00;1;1;1;55;0;5911010;188;0
11;19;78;16;25;10;2;3.60;4;2;1;36;0;5911002;275;0
11;19;78;16;25;11;10;4.00;2;1;1;54;0;5911110;133;0
11;19;78;16;25;11;43;4.40;3;2;1;42;0;5911143;127;0
11;19;78;16;25;13;3;3.60;1;1;1;53;0;5911303;266;0
11;19;78;16;25;12;96;3.60;3;2;1;42;0;5911296;115;5910593
11;19;78;16;25;13;15;4.60;4;2;1;34;0;5911315;277;0
11;19;78;16;25;13;70;4.00;2;1;1;56;0;5911370;233;0
11;19;78;16;25;14;25;3.80;1;1;1;52;0;5911425;97;0
11;19;78;16;25;14;94;5.20;2;1;1;53;0;5911494;98;0
11;19;78;16;25;15;25;2.80;1;1;1;53;0;5911525;73;0
11;19;78;16;25;14;67;3.40;3;2;1;42;0;5911467;140;5910593
11;19;78;16;25;14;62;2.80;4;2;1;31;0;5911462;98;5910593
11;19;78;16;25;15;83;2.80;4;2;1;30;0;5911583;88;5910593
11;19;78;16;25;16;81;3.80;2;1;1;55;0;5911681;151;5910593
11;19;78;16;25;17;17;3.60;1;1;1;51;0;5911717;172;5910593
11;19;78;16;25;17;32;3.60;3;2;1;39;0;5911732;235;0
11;19;78;16;25;17;33;3.20;4;2;1;30;0;5911733;116;0
11;19;78;16;25;18;18;3.80;1;1;1;53;0;5911818;75;5911303
11;19;78;16;25;18;48;4.00;3;2;1;33;0;5911848;82;5911303
11;19;78;16;25;19;60;3.40;1;1;1;51;0;5911960;116;5911303
11;19;78;16;25;20;1;4.00;2;1;1;54;0;5912001;295;0
11;19;78;16;25;20;5;3.40;3;2;1;32;0;5912005;113;0
11;19;78;16;25;21;6;3.60;4;2;1;36;0;5912106;334;0
11;19;78;16;25;22;15;3.60;1;1;1;51;0;5912215;231;0
11;19;78;16;25;24;1;4.00;2;1;1;57;0;5912401;373;0
11;19;78;16;25;24;49;3.40;1;1;1;52;0;5912449;208;0
11;19;78;16;25;25;24;3.80;4;2;1;48;0;5912524;382;0
11;19;78;16;25;26;9;3.80;2;1;1;53;0;5912609;182;0
11;19;78;16;25;27;36;3.80;1;1;1;51;0;5912736;263;0
11;19;78;16;25;27;72;3.80;2;1;1;51;0;5912772;137;0
11;19;78;16;25;28;67;3.80;1;1;1;51;0;5912867;104;0
11;19;78;16;25;29;5;4.00;2;1;1;51;0;5912905;106;0
11;19;78;16;25;30;68;3.60;4;2;1;46;0;5913068;515;0
11;19;78;16;25;31;4;3.40;1;1;1;49;0;5913104;210;0
11;19;78;16;25;31;2;4.80;2;1;1;52;0;5913102;168;5912401
11;19;78;16;25;33;25;3.80;1;1;1;50;0;5913325;196;5912401
11;19;78;16;25;34;41;4.00;2;1;1;55;0;5913441;305;0
11;19;78;16;25;34;74;3.60;3;2;1;52;0;5913474;1430;0
11;19;78;16;25;35;6;3.20;1;1;1;50;0;5913506;153;0
11;19;78;16;25;35;4;3.60;4;2;1;45;0;5913504;407;0
11;19;78;16;25;36;88;3.00;1;1;1;50;0;5913688;158;0
11;19;78;16;25;38;55;3.40;1;1;1;49;0;5913855;145;5913104
11;19;78;16;25;38;77;3.20;2;1;1;54;0;5913877;409;0
11;19;78;16;25;38;91;3.80;4;2;1;53;0;5913891;358;0
11;19;78;16;25;39;47;3.00;1;1;1;49;0;5913947;67;5913104
11;19;78;16;25;40;66;3.80;2;1;1;54;0;5914066;167;5913104
11;19;78;16;25;41;16;3.60;3;2;1;71;0;5914116;617;0
11;19;78;16;25;41;21;3.80;1;1;1;50;0;5914121;151;5913104
11;19;78;16;25;41;68;5.00;2;1;1;53;0;5914168;76;5913104
11;19;78;16;25;42;13;3.80;4;2;1;56;0;5914213;296;0
11;19;78;16;25;42;85;3.60;1;1;1;49;0;5914285;136;5913104
11;19;78;16;25;43;75;3.40;3;2;1;58;0;5914375;240;0
11;19;78;16;25;44;27;3.60;1;1;1;47;0;5914427;115;5913104
11;19;78;16;25;45;37;3.80;2;1;1;58;0;5914537;335;0
11;19;78;16;25;45;63;3.60;4;2;1;52;0;5914563;325;0
11;19;78;16;25;45;74;3.80;1;1;1;51;0;5914574;119;5913104
11;19;78;16;25;48;50;3.00;4;2;1;50;0;5914850;262;0
11;19;78;16;25;48;96;3.60;3;2;1;59;0;5914896;499;0
11;19;78;16;25;49;5;3.40;2;1;1;58;0;5914905;344;0
11;19;78;16;25;50;65;4.00;1;1;1;57;0;5915065;464;0
11;19;78;16;25;51;55;4.20;2;1;1;54;0;5915155;228;0
11;19;78;16;25;51;49;3.60;4;2;1;49;0;5915149;277;0
11;19;78;16;25;51;55;12.60;3;2;7;57;0;5915155;237;0
11;19;78;16;25;52;75;3.60;1;1;1;59;0;5915275;184;0
11;19;78;16;25;52;96;3.40;2;1;1;55;0;5915296;113;0
11;19;78;16;25;53;34;3.40;4;2;1;48;0;5915334;158;0
11;19;78;16;25;53;51;3.60;3;2;1;53;0;5915351;116;0
11;19;78;16;25;54;71;3.80;1;1;1;59;0;5915471;174;0
11;19;78;16;25;54;85;3.20;3;2;1;54;0;5915485;109;0
11;19;78;16;25;55;52;4.20;2;1;1;49;0;5915552;233;0
11;19;78;16;25;55;90;3.60;1;1;1;54;0;5915590;95;0
11;19;78;16;25;58;46;3.80;1;1;1;55;0;5915846;232;0
11;19;78;16;25;58;61;5.20;4;2;1;60;0;5915861;501;0
11;19;78;16;25;59;88;3.60;1;1;1;56;0;5915988;117;0
11;19;78;16;26;1;10;3.60;2;1;1;52;0;5916110;527;0
11;19;78;16;26;3;80;4.20;2;1;1;52;0;5916380;245;0
11;19;78;16;26;6;51;3.20;1;1;1;44;0;5916651;639;0
11;19;78;16;26;7;43;3.60;4;2;1;64;0;5916743;850;0
11;19;78;16;26;8;65;3.60;1;1;1;47;0;5916865;187;0
11;19;78;16;26;10;38;3.20;3;2;1;60;0;5917038;1531;0
11;19;78;16;26;11;30;3.60;4;2;1;55;0;5917130;366;0
11;19;78;16;26;12;70;3.40;3;2;1;62;0;5917270;212;0
11;19;78;16;26;14;44;3.60;4;2;1;54;0;5917444;290;0
11;19;78;16;26;14;75;3.20;3;2;1;60;0;5917475;185;0
11;19;78;16;26;15;20;3.80;4;2;1;57;0;5917520;52;0
11;19;78;16;26;16;73;3.60;3;2;1;52;0;5917673;178;0
11;19;78;16;26;16;76;4.00;4;2;1;57;0;5917676;132;0
11;19;78;16;26;18;77;4.00;4;2;1;56;0;5917877;175;0
11;19;78;16;26;18;73;3.40;3;2;1;52;0;5917873;175;0
11;19;78;16;26;19;28;3.60;1;1;1;55;0;5917928;1035;0
11;19;78;16;26;19;95;3.60;3;2;1;55;0;5917995;98;5917270
11;19;78;16;26;21;3;3.20;4;2;1;53;0;5918103;200;0
11;19;78;16;26;22;6;3.40;3;2;1;54;0;5918206;187;5917270
11;19;78;16;26;22;76;3.00;4;2;1;53;0;5918276;151;5917270
11;19;78;16;26;25;31;3.40;4;2;1;51;0;5918531;234;0
11;19;78;16;26;25;50;3.40;3;2;1;51;0;5918550;321;0
11;19;78;16;26;26;61;3.40;4;2;1;52;0;5918661;106;0
11;19;78;16;26;27;59;4.00;3;2;1;50;0;5918759;185;0
11;19;78;16;26;29;1;3.80;3;2;1;54;0;5918901;113;0
11;19;78;16;26;30;30;3.40;3;2;1;52;0;5919030;103;0
11;19;78;16;26;30;77;3.60;4;2;1;61;0;5919077;392;0
11;19;78;16;26;32;37;3.60;4;2;1;55;0;5919237;138;0
11;19;78;16;26;33;85;3.80;3;2;1;58;0;5919385;331;0
11;19;78;16;26;35;4;3.00;4;2;1;51;0;5919504;243;0
11;19;78;16;26;36;68;4.60;4;2;1;55;0;5919668;142;0
11;19;78;16;26;37;4;3.00;3;2;1;58;0;5919704;295;0
11;19;78;16;26;38;82;3.60;4;2;1;57;0;5919882;183;0
11;19;78;16;26;40;29;5.00;3;2;1;57;0;5920029;306;0
11;19;78;16;26;41;22;3.00;2;1;1;54;0;5920122;3712;0
11;19;78;16;26;41;19;3.80;4;2;1;53;0;5920119;214;0
11;19;78;16;26;41;56;3.80;3;2;1;56;0;5920156;95;0
11;19;78;16;26;41;77;3.80;1;1;1;60;0;5920177;2225;0
11;19;78;16;26;43;55;3.60;1;1;1;60;0;5920355;155;0
11;19;78;16;26;43;43;3.00;3;2;1;50;0;5920343;162;0
11;19;78;16;26;43;42;4.00;4;2;1;53;0;5920342;197;0
11;19;78;16;26;44;51;3.80;3;2;1;46;0;5920451;86;0
11;19;78;16;26;45;22;4.20;2;1;1;80;0;5920522;380;0
11;19;78;16;26;45;66;3.40;3;2;1;46;0;5920566;85;5920029
11;19;78;16;26;47;6;3.80;3;2;1;44;0;5920706;113;5920029
11;19;78;16;26;48;31;3.80;3;2;1;41;0;5920831;93;5920029
11;19;78;16;26;49;10;3.60;4;2;1;53;0;5920910;540;0
11;19;78;16;26;50;44;4.00;1;1;1;60;0;5921044;667;0
11;19;78;16;26;50;86;4.40;4;2;1;45;0;5921086;151;0
11;19;78;16;26;52;76;3.80;4;2;1;44;0;5921276;154;0
11;19;78;16;26;54;53;3.20;3;2;1;54;0;5921453;588;0
11;19;78;16;26;55;4;3.40;2;1;1;59;0;5921504;963;0
11;19;78;16;26;54;78;6.20;1;1;1;49;0;5921478;410;0
11;19;78;16;26;56;82;3.60;1;1;1;49;0;5921682;158;0
11;19;78;16;26;56;92;3.00;3;2;1;46;0;5921692;217;0
11;19;78;16;26;57;33;3.60;2;1;1;56;0;5921733;208;0
11;19;78;16;26;57;88;3.60;1;1;1;49;0;5921788;79;0
11;19;78;16;26;57;20;12.20;4;2;2;40;0;5921720;412;0
11;19;78;16;26;58;50;3.60;3;2;1;43;0;5921850;134;0
11;19;78;16;27;0;10;3.40;2;1;1;54;0;5922010;253;0
11;19;78;16;27;0;50;5.40;1;1;1;53;0;5922050;235;0
11;19;78;16;27;0;22;5.00;3;2;1;46;0;5922022;141;0
11;19;78;16;26;59;84;8.00;4;2;2;40;0;5921984;154;0
11;19;78;16;27;1;46;3.80;4;2;1;41;0;5922146;90;0
11;19;78;16;27;1;97;3.60;2;1;1;52;0;5922197;164;0
11;19;78;16;27;2;42;3.80;3;2;1;47;0;5922242;180;0
11;19;78;16;27;3;4;4.00;1;1;1;53;0;5922304;217;0
11;19;78;16;27;3;44;9.40;2;1;2;53;0;5922344;122;0
11;19;78;16;27;4;54;3.40;1;1;1;59;0;5922454;122;0
11;19;78;16;27;4;94;3.40;4;2;1;39;0;5922494;314;0
11;19;78;16;27;6;41;3.60;4;2;1;46;0;5922641;115;0
11;19;78;16;27;6;69;3.40;3;2;1;49;0;5922669;397;0
11;19;78;16;27;6;77;3.80;1;1;1;45;0;5922677;202;0
11;19;78;16;27;8;43;3.60;1;1;1;44;0;5922843;135;0
11;19;78;16;27;9;13;3.80;2;1;1;60;0;5922913;505;0
11;19;78;16;27;9;42;3.60;1;1;1;41;0;5922942;69;0
11;19;78;16;27;10;81;3.40;4;2;1;49;0;5923081;411;0
11;19;78;16;27;10;82;3.40;1;1;1;43;0;5923082;108;0
11;19;78;16;27;12;14;4.00;1;1;1;44;0;5923214;103;5922677
11;19;78;16;27;12;53;4.60;2;1;1;59;0;5923253;317;0
11;19;78;16;27;14;40;3.00;2;1;1;53;0;5923440;158;0
11;19;78;16;27;15;98;3.00;2;1;1;53;0;5923598;137;0
11;19;78;16;27;16;27;3.00;3;2;1;58;0;5923627;933;0
11;19;78;16;27;17;5;3.60;1;1;1;42;0;5923705;458;0
11;19;78;16;27;18;23;3.40;4;2;1;54;0;5923823;717;0
11;19;78;16;27;18;92;3.00;2;1;1;51;0;5923892;273;0
11;19;78;16;27;19;40;3.00;1;1;1;41;0;5923940;204;0
11;19;78;16;27;19;68;3.60;3;2;1;59;0;5923968;322;0
11;19;78;16;27;20;79;3.20;1;1;1;41;0;5924079;112;0
11;19;78;16;27;21;99;3.80;1;1;1;40;0;5924199;91;0
11;19;78;16;27;22;30;3.00;2;1;1;49;0;5924230;316;0
11;19;78;16;27;23;18;3.40;3;2;1;53;0;5924318;328;0
11;19;78;16;27;23;82;3.40;2;1;1;47;0;5924382;129;0
11;19;78;16;27;24;40;3.20;1;1;1;40;0;5924440;206;0
11;19;78;16;27;24;94;3.20;4;2;1;51;0;5924494;648;0
11;19;78;16;27;24;92;5.00;3;2;1;53;0;5924492;150;0
11;19;78;16;27;25;37;3.60;1;1;1;40;0;5924537;68;0
11;19;78;16;27;26;8;4.20;2;1;1;49;0;5924608;199;0
11;19;78;16;27;26;81;3.40;3;2;1;55;0;5924681;155;0
11;19;78;16;27;27;21;3.80;2;1;1;48;0;5924721;82;0
11;19;78;16;27;28;2;3.80;1;1;1;42;0;5924802;232;0
11;19;78;16;27;28;71;4.60;3;2;1;57;0;5924871;167;0
11;19;78;16;27;28;93;3.20;4;2;1;57;0;5924893;376;0
11;19;78;16;27;29;11;4.40;2;1;1;47;0;5924911;161;5924230
11;19;78;16;27;30;94;4.00;1;1;1;39;0;5925094;259;0
11;19;78;16;27;32;33;3.40;2;1;1;42;0;5925233;288;0
11;19;78;16;27;32;13;6.20;1;1;1;37;0;5925213;82;0
11;19;78;16;27;32;82;3.60;3;2;1;64;0;5925282;381;0
11;19;78;16;27;32;78;19.40;4;2;5;60;0;5925278;364;0
11;19;78;16;27;34;34;3.60;1;1;1;39;0;5925434;160;0
11;19;78;16;27;35;97;4.00;1;1;1;39;0;5925597;129;0
11;19;78;16;27;36;38;3.80;3;2;1;67;0;5925638;335;0
11;19;78;16;27;37;27;3.20;1;1;1;38;0;5925727;93;5925094
11;19;78;16;27;37;60;3.80;4;2;1;58;0;5925760;365;0
11;19;78;16;27;39;19;3.80;1;1;1;38;0;5925919;161;5925094
11;19;78;16;27;39;48;3.60;2;1;1;53;0;5925948;685;0
11;19;78;16;27;41;15;3.40;4;2;1;58;0;5926115;331;0
11;19;78;16;27;41;17;3.20;2;1;1;52;0;5926117;144;0
11;19;78;16;27;41;82;3.00;1;1;1;41;0;5926182;227;0
11;19;78;16;27;42;80;4.00;2;1;1;56;0;5926280;140;0
11;19;78;16;27;42;94;3.40;1;1;1;39;0;5926294;85;0
11;19;78;16;27;44;58;3.20;4;2;1;60;0;5926458;321;0
11;19;78;16;27;44;34;4.60;1;1;1;41;0;5926434;108;0
11;19;78;16;27;45;51;3.60;1;1;1;39;0;5926551;76;0
11;19;78;16;27;47;17;3.80;3;2;1;64;0;5926717;1058;0
11;19;78;16;27;47;24;3.80;1;1;1;40;0;5926724;139;5926182
11;19;78;16;27;48;11;3.60;3;2;1;61;0;5926811;72;5926182
11;19;78;16;27;48;54;3.60;1;1;1;37;0;5926854;95;5926182
11;19;78;16;27;49;25;3.40;4;2;1;59;0;5926925;447;0
11;19;78;16;27;50;33;3.80;1;1;1;42;0;5927033;143;5926182
11;19;78;16;27;50;94;4.40;2;1;1;53;0;5927094;788;0
11;19;78;16;27;51;1;6.20;4;2;1;58;0;5927101;155;0
11;19;78;16;27;52;59;4.40;4;2;1;59;0;5927259;119;0
11;19;78;16;27;53;69;3.60;3;2;1;55;0;5927369;536;0
11;19;78;16;27;54;47;3.60;4;2;1;57;0;5927447;161;0
11;19;78;16;27;55;53;3.00;3;2;1;56;0;5927553;160;0
11;19;78;16;27;56;41;4.60;3;2;1;55;0;5927641;68;0
11;19;78;16;27;58;13;4.20;3;2;1;53;0;5927813;141;0
11;19;78;16;27;59;55;3.60;3;2;1;50;0;5927955;113;5927369
11;19;78;16;28;0;63;4.00;4;2;1;50;0;5928063;593;0
11;19;78;16;28;0;69;4.40;3;2;1;50;0;5928069;88;5927369
11;19;78;16;28;2;2;3.80;3;2;1;51;0;5928202;101;5927369
11;19;78;16;28;3;69;3.80;3;2;1;51;0;5928369;140;5927369
11;19;78;16;28;5;0;3.60;4;2;1;51;0;5928500;408;0
11;19;78;16;28;5;90;3.80;3;2;1;50;0;5928590;194;5927369
11;19;78;16;28;6;18;3.20;4;2;1;50;0;5928618;92;5927369
11;19;78;16;28;5;51;14.40;1;1;4;47;0;5928551;1485;0
11;19;78;16;28;7;39;3.20;3;2;1;52;0;5928739;121;5927369
11;19;78;16;28;7;78;3.40;4;2;1;47;0;5928778;136;5927369
11;19;78;16;28;9;42;3.80;3;2;1;53;0;5928942;180;5927369
11;19;78;16;28;9;39;3.80;4;2;1;47;0;5928939;134;5927369
11;19;78;16;28;10;48;3.40;3;2;1;55;0;5929048;80;5927369
11;19;78;16;28;10;64;3.60;4;2;1;49;0;5929064;95;5928500
11;19;78;16;28;12;9;3.20;3;2;1;52;0;5929209;138;5927369
11;19;78;16;28;12;38;3.60;4;2;1;45;0;5929238;147;5928500
11;19;78;16;28;14;13;3.60;3;2;1;51;0;5929413;181;5927369
11;19;78;16;28;14;20;3.40;4;2;1;47;0;5929420;153;5928500
11;19;78;16;28;15;16;3.60;3;2;1;50;0;5929516;77;5927369
11;19;78;16;28;17;24;3.60;3;2;1;46;0;5929724;182;5927369
11;19;78;16;28;17;53;3.60;4;2;1;50;0;5929753;306;0
11;19;78;16;28;18;64;3.00;3;2;1;44;0;5929864;111;5927369
11;19;78;16;28;20;40;3.60;3;2;1;47;0;5930040;151;5927369
11;19;78;16;28;21;62;3.40;3;2;1;45;0;5930162;94;5927369
11;19;78;16;28;21;53;3.60;4;2;1;45;0;5930153;374;0
11;19;78;16;28;23;17;3.60;3;2;1;47;0;5930317;127;5927369
11;19;78;16;28;23;28;3.40;4;2;1;42;0;5930328;146;5927369
11;19;78;16;28;24;9;3.00;3;2;1;46;0;5930409;64;5927369
11;19;78;16;28;24;63;3.20;4;2;1;45;0;5930463;105;5927369
11;19;78;16;28;25;91;3.60;3;2;1;44;0;5930591;158;5927369
11;19;78;16;28;27;1;3.60;4;2;1;47;0;5930701;212;0
11;19;78;16;28;27;28;3.20;3;2;1;45;0;5930728;107;5927369
11;19;78;16;28;27;93;3.20;4;2;1;50;0;5930793;64;5927369
11;19;78;16;28;31;14;3.60;3;2;1;44;0;5931114;360;0
11;19;78;16;28;31;48;5.40;4;2;1;49;0;5931148;331;0
11;19;78;16;28;33;15;3.20;1;1;1;55;0;5931315;2653;0
11;19;78;16;28;33;13;3.20;4;2;1;48;0;5931313;125;0
11;19;78;16;28;34;27;2.80;3;2;1;42;0;5931427;283;0
11;19;78;16;28;34;62;3.40;1;1;1;55;0;5931462;126;0
11;19;78;16;28;35;50;4.00;4;2;1;45;0;5931550;213;0
11;19;78;16;28;35;73;4.00;2;1;1;59;0;5931573;4449;0
11;19;78;16;28;36;83;3.80;3;2;1;46;0;5931683;232;0
11;19;78;16;28;37;53;3.60;2;1;1;56;0;5931753;155;0
11;19;78;16;28;38;45;3.60;4;2;1;42;0;5931845;263;0
11;19;78;16;28;39;29;4.00;1;1;1;57;0;5931929;444;0
11;19;78;16;28;39;41;3.40;3;2;1;43;0;5931941;228;0
11;19;78;16;28;39;47;3.80;2;1;1;54;0;5931947;170;0
11;19;78;16;28;40;38;3.80;1;1;1;56;0;5932038;83;0
11;19;78;16;28;40;48;3.60;2;1;1;54;0;5932048;75;0
11;19;78;16;28;41;23;3.40;4;2;1;40;0;5932123;247;0
11;19;78;16;28;41;64;3.80;1;1;1;59;0;5932164;101;0
11;19;78;16;28;43;13;3.60;3;2;1;46;0;5932313;343;0
11;19;78;16;28;43;53;3.60;2;1;1;60;0;5932353;281;0
11;19;78;16;28;43;56;4.20;1;1;1;54;0;5932356;168;0
11;19;78;16;28;44;96;3.20;1;1;1;53;0;5932496;112;5931929
11;19;78;16;28;46;55;3.40;1;1;1;54;0;5932655;137;5931929
11;19;78;16;28;48;10;3.80;2;1;1;60;0;5932810;435;0
11;19;78;16;28;49;4;3.80;1;1;1;54;0;5932904;226;0
11;19;78;16;28;49;78;3.60;2;1;1;55;0;5932978;145;0
11;19;78;16;28;51;23;3.40;4;2;1;53;0;5933123;969;0
11;19;78;16;28;51;27;3.20;1;1;1;48;0;5933127;197;0
11;19;78;16;28;52;59;3.80;1;1;1;48;0;5933259;108;0
11;19;78;16;28;52;83;3.60;2;1;1;56;0;5933283;281;0
11;19;78;16;28;53;14;3.40;3;2;1;59;0;5933314;972;0
11;19;78;16;28;53;69;4.40;1;1;1;47;0;5933369;81;0
11;19;78;16;28;54;64;3.80;2;1;1;55;0;5933464;157;0
11;19;78;16;28;55;4;3.60;1;1;1;46;0;5933504;101;5932904
11;19;78;16;28;56;62;3.00;1;1;1;46;0;5933662;129;5932904
11;19;78;16;28;58;73;3.60;2;1;1;49;0;5933873;384;0
11;19;78;16;28;59;13;3.80;1;1;1;51;0;5933913;227;0
11;19;78;16;29;0;2;5.00;1;1;1;48;0;5934002;62;0
11;19;78;16;29;2;4;3.60;4;2;1;63;0;5934204;1057;0
11;19;78;16;29;1;90;3.20;1;1;1;46;0;5934190;150;0
11;19;78;16;29;3;12;3.40;2;1;1;62;0;5934312;412;0
11;19;78;16;29;3;65;3.80;1;1;1;47;0;5934365;149;0
11;19;78;16;29;4;55;3.40;2;1;1;57;0;5934455;123;0
11;19;78;16;29;4;75;4.80;4;2;1;54;0;5934475;250;0
11;19;78;16;29;6;14;3.60;2;1;1;59;0;5934614;137;0
11;19;78;16;29;6;71;3.80;3;2;1;58;0;5934671;1336;0
11;19;78;16;29;8;20;2.80;2;1;1;55;0;5934820;184;0
11;19;78;16;29;7;33;12.60;1;1;3;45;0;5934733;338;0
11;19;78;16;29;10;79;3.60;1;1;1;46;0;5935079;245;0
11;19;78;16;29;11;21;3.60;2;1;1;53;0;5935121;282;0
11;19;78;16;29;12;53;3.80;1;1;1;43;0;5935253;145;0
11;19;78;16;29;13;35;3.60;2;1;1;57;0;5935335;189;0
11;19;78;16;29;15;50;3.40;4;2;1;56;0;5935550;1043;0
11;19;78;16;29;16;35;6.60;2;1;1;50;0;5935635;277;0
11;19;78;16;29;16;80;3.60;1;1;1;39;0;5935680;395;0
11;19;78;16;29;18;23;3.60;1;1;1;41;0;5935823;109;0
11;19;78;16;29;18;72;4.60;2;1;1;47;0;5935872;189;0
11;19;78;16;29;19;18;3.20;4;2;1;57;0;5935918;346;0
11;19;78;16;29;19;92;3.40;1;1;1;41;0;5935992;137;0
11;19;78;16;29;20;79;3.40;2;1;1;46;0;5936079;171;0
11;19;78;16;29;21;50;3.00;1;1;1;40;0;5936150;128;0
11;19;78;16;29;22;26;3.40;2;1;1;46;0;5936226;120;0
11;19;78;16;29;23;3;4.20;4;2;1;54;0;5936303;364;0
11;19;78;16;29;23;35;3.40;2;1;1;45;0;5936335;82;5935635
11;19;78;16;29;24;69;3.80;2;1;1;45;0;5936469;106;5935635
11;19;78;16;29;26;10;4.00;1;1;1;52;0;5936610;433;0
11;19;78;16;29;26;55;3.60;2;1;1;43;0;5936655;155;5935635
11;19;78;16;29;27;71;3.60;4;2;1;63;0;5936771;440;0
11;19;78;16;29;28;20;3.00;2;1;1;43;0;5936820;134;5935635
11;19;78;16;29;29;20;3.60;3;2;1;62;0;5936920;2225;0
11;19;78;16;29;29;90;3.40;4;2;1;58;0;5936990;198;0
11;19;78;16;29;31;93;3.40;4;2;1;57;0;5937193;181;0
11;19;78;16;29;32;24;3.40;3;2;1;56;0;5937224;283;0
11;19;78;16;29;32;12;3.60;2;1;1;47;0;5937212;366;0
11;19;78;16;29;31;99;12.60;1;1;3;44;0;5937199;561;0
11;19;78;16;29;33;16;3.60;3;2;1;57;0;5937316;70;0
11;19;78;16;29;34;19;3.80;1;1;1;43;0;5937419;116;0
11;19;78;16;29;35;29;3.60;4;2;1;58;0;5937529;314;0
11;19;78;16;29;36;40;3.80;3;2;1;58;0;5937640;301;0
11;19;78;16;29;37;18;3.00;4;2;1;56;0;5937718;166;0
11;19;78;16;29;37;3;3.60;1;1;1;41;0;5937703;252;0
11;19;78;16;29;38;35;3.60;3;2;1;57;0;5937835;171;0
11;19;78;16;29;38;90;3.40;1;1;1;39;0;5937890;155;0
11;19;78;16;29;40;18;4.40;3;2;1;64;0;5938018;160;0
11;19;78;16;29;40;48;3.60;1;1;1;39;0;5938048;126;0
11;19;78;16;29;41;32;3.60;4;2;1;62;0;5938132;394;0
11;19;78;16;29;42;18;3.80;3;2;1;62;0;5938218;175;0
11;19;78;16;29;42;30;3.20;4;2;1;60;0;5938230;77;0
11;19;78;16;29;44;46;3.60;3;2;1;61;0;5938446;205;0
11;19;78;16;29;46;37;3.20;3;2;1;61;0;5938637;169;0
11;19;78;16;29;47;65;3.00;3;2;1;62;0;5938765;109;0
11;19;78;16;29;48;52;3.80;4;2;1;55;0;5938852;602;0
11;19;78;16;29;49;34;3.80;2;1;1;52;0;5938934;1694;0
11;19;78;16;29;50;40;3.60;4;2;1;54;0;5939040;163;0
11;19;78;16;29;51;5;3.20;3;2;1;56;0;5939105;322;0
11;19;78;16;29;52;76;3.60;3;2;1;58;0;5939276;150;0
11;19;78;16;29;53;88;3.20;4;2;1;53;0;5939388;324;0
11;19;78;16;29;53;97;3.40;3;2;1;58;0;5939397;98;0
11;19;78;16;29;54;77;3.60;4;2;1;54;0;5939477;67;0
11;19;78;16;29;56;38;3.60;4;2;1;53;0;5939638;137;0
11;19;78;16;29;57;33;3.60;3;2;1;62;0;5939733;314;0
11;19;78;16;29;58;40;3.20;4;2;1;57;0;5939840;177;0
11;19;78;16;29;58;87;4.00;3;2;1;59;0;5939887;133;0
11;19;78;16;29;59;71;6.40;4;2;1;54;0;5939971;110;5939388
11;19;78;16;30;0;79;3.00;3;2;1;60;0;5940079;167;5939388
11;19;78;16;30;1;32;4.00;4;2;1;56;0;5940132;118;5939388
11;19;78;16;30;1;86;3.80;3;2;1;58;0;5940186;89;5939388
11;19;78;16;30;2;80;3.60;3;2;1;54;0;5940280;70;5939733
11;19;78;16;30;2;92;3.00;4;2;1;54;0;5940292;134;5939388
11;19;78;16;30;3;89;3.00;3;2;1;52;0;5940389;85;5939733
11;19;78;16;30;4;84;4.40;4;2;1;54;0;5940484;172;5939388
11;19;78;16;30;4;99;3.60;3;2;1;53;0;5940499;89;5939733
11;19;78;16;30;5;10;3.40;1;1;1;59;0;5940510;2428;0
11;19;78;16;30;6;15;3.80;1;1;1;58;0;5940615;84;0
11;19;78;16;30;6;80;3.40;4;2;1;54;0;5940680;166;5939388
11;19;78;16;30;7;22;3.40;1;1;1;54;0;5940722;83;5939388
11;19;78;16;30;8;50;3.40;4;2;1;53;0;5940850;147;5939388
11;19;78;16;30;9;30;3.60;1;1;1;55;0;5940930;185;5939388
11;19;78;16;30;10;61;3.80;4;2;1;52;0;5941061;187;5939388
11;19;78;16;30;11;19;3.80;3;2;1;63;0;5941119;595;0
11;19;78;16;30;11;15;4.00;1;1;1;52;0;5941115;161;5940510
11;19;78;16;30;12;79;3.40;1;1;1;52;0;5941279;136;5940510
11;19;78;16;30;13;63;4.40;2;1;1;51;0;5941363;2402;0
11;19;78;16;30;13;86;3.60;4;2;1;46;0;5941386;298;0
11;19;78;16;30;14;25;3.40;3;2;1;58;0;5941425;284;0
11;19;78;16;30;14;99;3.80;1;1;1;53;0;5941499;196;5940510
11;19;78;16;30;15;19;3.00;4;2;1;45;0;5941519;104;5940510
11;19;78;16;30;15;97;3.40;3;2;1;59;0;5941597;150;5940510
11;19;78;16;30;16;34;3.80;4;2;1;47;0;5941634;91;5940510
11;19;78;16;30;16;7;3.40;2;1;1;52;0;5941607;212;0
11;19;78;16;30;16;11;3.60;1;1;1;51;0;5941611;86;5940510
11;19;78;16;30;17;51;3.40;2;1;1;50;0;5941751;120;5940510
11;19;78;16;30;17;98;3.20;4;2;1;47;0;5941798;134;5940510
11;19;78;16;30;18;0;12.40;1;1;3;54;0;5941800;163;5940510
11;19;78;16;30;18;70;3.60;2;1;1;49;0;5941870;94;5940510
11;19;78;16;30;20;28;3.60;2;1;1;49;0;5942028;131;5940510
11;19;78;16;30;22;76;3.40;2;1;1;51;0;5942276;221;0
11;19;78;16;30;24;4;3.20;1;1;1;60;0;5942404;521;0
11;19;78;16;30;24;5;3.40;4;2;1;68;0;5942405;582;0
11;19;78;16;30;24;15;3.60;2;1;1;50;0;5942415;115;0
11;19;78;16;30;25;23;3.80;2;1;1;51;0;5942523;82;0
11;19;78;16;30;25;54;3.60;1;1;1;53;0;5942554;130;0
11;19;78;16;30;25;69;3.40;3;2;1;64;0;5942569;951;0
11;19;78;16;30;28;97;3.80;1;1;1;53;0;5942897;318;0
11;19;78;16;30;29;56;2.80;2;1;1;50;0;5942956;406;0
11;19;78;16;30;29;90;5.00;1;1;1;50;0;5942990;67;0
11;19;78;16;30;30;22;3.60;4;2;1;63;0;5943022;599;0
11;19;78;16;30;31;25;3.60;2;1;1;49;0;5943125;148;0
11;19;78;16;30;31;42;4.40;1;1;1;50;0;5943142;116;0
11;19;78;16;30;32;79;3.60;2;1;1;49;0;5943279;127;0
11;19;78;16;30;33;79;5.40;1;1;1;50;0;5943379;205;0
11;19;78;16;30;34;33;3.40;2;1;1;46;0;5943433;127;0
11;19;78;16;30;34;88;3.80;1;1;1;51;0;5943488;70;0
11;19;78;16;30;35;73;3.80;2;1;1;45;0;5943573;113;5942956
11;19;78;16;30;36;71;3.20;1;1;1;50;0;5943671;156;5942956
11;19;78;16;30;36;85;3.60;4;2;1;61;0;5943685;642;0
11;19;78;16;30;37;72;3.40;2;1;1;50;0;5943772;168;5942956
11;19;78;16;30;37;66;3.60;1;1;1;49;0;5943766;71;5942956
11;19;78;16;30;38;97;3.20;4;2;1;60;0;5943897;190;5942956
11;19;78;16;30;39;44;3.00;1;1;1;43;0;5943944;151;5943379
11;19;78;16;30;41;3;3.00;4;2;1;60;0;5944103;186;5943379
11;19;78;16;30;41;39;3.60;2;1;1;52;0;5944139;342;0
11;19;78;16;30;41;35;3.60;1;1;1;44;0;5944135;165;5943379
11;19;78;16;30;42;82;3.40;3;2;1;62;0;5944282;1693;0
11;19;78;16;30;42;88;4.00;4;2;1;59;0;5944288;167;0
11;19;78;16;30;43;31;3.40;1;1;1;43;0;5944331;166;5943379
11;19;78;16;30;44;29;3.60;3;2;1;62;0;5944429;127;5943379
11;19;78;16;30;45;28;3.40;4;2;1;57;0;5944528;215;0
11;19;78;16;30;45;70;3.60;2;1;1;53;0;5944570;406;0
11;19;78;16;30;45;58;3.40;1;1;1;43;0;5944558;198;5943379
11;19;78;16;30;46;92;3.20;4;2;1;57;0;5944692;142;5943379
11;19;78;16;30;47;36;3.40;2;1;1;51;0;5944736;141;5943379
11;19;78;16;30;47;87;4.20;1;1;1;42;0;5944787;200;0
11;19;78;16;30;48;57;3.80;2;1;1;49;0;5944857;97;0
11;19;78;16;30;48;91;3.80;4;2;1;53;0;5944891;178;0
11;19;78;16;30;49;37;3.80;1;1;1;41;0;5944937;114;0
11;19;78;16;30;49;55;3.40;2;1;1;45;0;5944955;70;0
11;19;78;16;30;51;25;3.60;2;1;1;44;0;5945125;142;5944570
11;19;78;16;30;51;57;3.20;1;1;1;40;0;5945157;186;5944570
11;19;78;16;30;54;51;3.60;2;1;1;58;0;5945451;296;0
11;19;78;16;30;56;52;4.40;1;1;1;43;0;5945652;466;0
11;19;78;16;30;58;11;4.40;1;1;1;40;0;5945811;122;0
11;19;78;16;31;0;61;3.80;1;1;1;41;0;5946061;210;0
11;19;78;16;31;0;93;3.20;4;2;1;60;0;5946093;1176;0
11;19;78;16;31;2;16;3.80;2;1;1;55;0;5946216;742;0
11;19;78;16;31;2;77;3.60;1;1;1;40;0;5946277;182;0
11;19;78;16;31;4;18;3.00;4;2;1;53;0;5946418;305;0
11;19;78;16;31;4;39;3.80;1;1;1;41;0;5946439;129;0
11;19;78;16;31;6;92;3.80;1;1;1;38;0;5946692;219;0
11;19;78;16;31;7;56;3.80;3;2;1;64;0;5946756;2306;0
11;19;78;16;31;8;62;3.60;1;1;1;36;0;5946862;134;0
11;19;78;16;31;10;59;3.80;1;1;1;34;0;5947059;161;0
11;19;78;16;31;12;16;3.80;1;1;1;33;0;5947216;116;0
11;19;78;16;31;13;13;3.60;4;2;1;57;0;5947313;874;0
11;19;78;16;31;14;15;3.60;4;2;1;55;0;5947415;79;0
11;19;78;16;31;15;85;3.60;3;2;1;64;0;5947585;807;0
11;19;78;16;31;16;80;3.60;4;2;1;62;0;5947680;241;0
11;19;78;16;31;18;30;3.20;3;2;1;60;0;5947830;224;0
11;19;78;16;31;20;23;4.00;3;2;1;63;0;5948023;173;0
11;19;78;16;31;20;66;3.20;4;2;1;60;0;5948066;365;0
11;19;78;16;31;22;39;3.80;4;2;1;54;0;5948239;153;0
11;19;78;16;31;23;11;3.20;3;2;1;59;0;5948311;265;0
11;19;78;16;31;24;1;3.00;1;1;1;53;0;5948401;1143;0
11;19;78;16;31;24;98;3.80;1;1;1;62;0;5948498;76;0
11;19;78;16;31;25;88;3.20;4;2;1;56;0;5948588;323;0
11;19;78;16;31;26;66;3.60;3;2;1;56;0;5948666;335;0
11;19;78;16;31;27;80;3.40;4;2;1;52;0;5948780;171;0
11;19;78;16;31;28;3;3.60;3;2;1;55;0;5948803;113;0
11;19;78;16;31;29;48;3.00;3;2;1;54;0;5948948;121;0
11;19;78;16;31;30;89;3.80;1;1;1;61;0;5949089;568;0
11;19;78;16;31;31;0;3.60;3;2;1;57;0;5949100;132;0
11;19;78;16;31;32;41;4.20;3;2;1;55;0;5949241;118;5948666
11;19;78;16;31;33;59;3.60;3;2;1;55;0;5949359;90;5948666
11;19;78;16;31;33;72;14.20;4;2;4;57;0;5949372;568;0
11;19;78;16;31;36;45;4.00;4;2;1;53;0;5949645;183;0
11;19;78;16;31;37;58;3.20;1;1;1;56;0;5949758;646;0
11;19;78;16;31;38;17;3.80;3;2;1;55;0;5949817;434;0
11;19;78;16;31;39;68;3.60;3;2;1;58;0;5949968;126;0
11;19;78;16;31;40;74;3.80;3;2;1;58;0;5950074;83;0
11;19;78;16;31;40;0;12.60;4;2;3;46;0;5950000;327;0
11;19;78;16;31;41;85;4.60;3;2;1;56;0;5950185;87;0
11;19;78;16;31;42;41;3.20;4;2;1;46;0;5950241;142;0
11;19;78;16;31;43;53;3.40;3;2;1;53;0;5950353;138;5949817
11;19;78;16;31;43;63;3.40;4;2;1;45;0;5950363;96;5949817
11;19;78;16;31;44;77;3.40;1;1;1;61;0;5950477;698;0
11;19;78;16;31;45;27;3.40;3;2;1;50;0;5950527;150;5949817
11;19;78;16;31;46;98;3.60;3;2;1;51;0;5950698;146;5949817
11;19;78;16;31;47;51;3.60;4;2;1;41;0;5950751;360;0
11;19;78;16;31;48;69;3.80;3;2;1;51;0;5950869;145;5949817
11;19;78;16;31;49;16;3.60;1;1;1;59;0;5950916;418;0
11;19;78;16;31;48;96;4.60;4;2;1;40;0;5950896;113;0
11;19;78;16;31;50;18;4.00;3;2;1;50;0;5951018;122;5949817
11;19;78;16;31;51;75;5.00;3;2;1;52;0;5951175;128;5949817
11;19;78;16;31;53;3;3.40;3;2;1;53;0;5951303;93;5949817
11;19;78;16;31;51;52;24.80;4;2;5;44;0;5951152;214;0
11;19;78;16;31;54;75;3.80;4;2;1;44;0;5951475;120;0
11;19;78;16;31;55;40;3.80;3;2;1;54;0;5951540;213;0
11;19;78;16;31;56;73;3.60;1;1;1;62;0;5951673;735;0
11;19;78;16;31;56;61;5.00;4;2;1;43;0;5951661;154;0
11;19;78;16;31;57;10;4.20;3;2;1;54;0;5951710;144;0
11;19;78;16;31;59;41;3.60;2;1;1;64;0;5951941;5700;0
11;19;78;16;31;59;82;4.40;4;2;1;45;0;5951982;279;0
11;19;78;16;32;0;63;4.00;3;2;1;52;0;5952063;325;0
11;19;78;16;32;0;79;4.60;2;1;1;62;0;5952079;117;0
11;19;78;16;32;1;6;3.20;1;1;1;59;0;5952106;412;0
11;19;78;16;32;1;53;3.80;4;2;1;45;0;5952153;135;0
11;19;78;16;32;2;19;3.60;3;2;1;50;0;5952219;128;0
11;19;78;16;32;2;66;3.80;2;1;1;62;0;5952266;160;0
11;19;78;16;32;3;28;3.60;4;2;1;45;0;5952328;144;0
11;19;78;16;32;3;70;3.40;3;2;1;51;0;5952370;125;0
11;19;78;16;32;3;3;14.80;1;1;4;56;0;5952303;177;0
11;19;78;16;32;3;91;3.40;2;1;1;57;0;5952391;102;0
11;19;78;16;32;4;77;4.00;2;1;1;59;0;5952477;64;5951941
11;19;78;16;32;6;60;3.80;3;2;1;52;0;5952660;266;0
11;19;78;16;32;9;16;3.60;3;2;1;51;0;5952916;229;0
11;19;78;16;32;9;23;3.60;1;1;1;52;0;5952923;524;0
11;19;78;16;32;9;32;3.80;2;1;1;52;0;5952932;430;0
11;19;78;16;32;10;23;3.40;2;1;1;52;0;5953023;64;0
11;19;78;16;32;10;33;3.20;4;2;1;47;0;5953033;676;0
11;19;78;16;32;11;25;3.60;1;1;1;57;0;5953125;177;0
11;19;78;16;32;12;71;3.60;1;1;1;47;0;5953271;123;0
11;19;78;16;32;13;14;3.60;2;1;1;54;0;5953314;267;0
11;19;78;16;32;14;5;4.80;1;1;1;47;0;5953405;106;0
11;19;78;16;32;14;40;3.80;4;2;1;46;0;5953440;382;0
11;19;78;16;32;15;4;3.80;1;1;1;47;0;5953504;62;5952923
11;19;78;16;32;16;12;3.00;2;1;1;53;0;5953612;274;0
11;19;78;16;32;16;20;3.20;1;1;1;46;0;5953620;86;5952923
11;19;78;16;32;17;13;3.60;4;2;1;51;0;5953713;243;0
11;19;78;16;32;17;76;3.60;2;1;1;53;0;5953776;143;0
11;19;78;16;32;18;61;4.00;1;1;1;49;0;5953861;215;0
11;19;78;16;32;19;24;4.40;2;1;1;53;0;5953924;123;0
11;19;78;16;32;20;46;4.00;2;1;1;51;0;5954046;92;0
11;19;78;16;32;20;52;3.40;1;1;1;49;0;5954052;161;0
11;19;78;16;32;21;56;3.40;4;2;1;54;0;5954156;417;0
11;19;78;16;32;22;28;3.40;3;2;1;59;0;5954228;1286;0
11;19;78;16;32;21;68;2.80;2;1;1;18;0;5954168;93;5953612
11;19;78;16;32;23;61;3.60;2;1;1;46;0;5954361;137;5953612
11;19;78;16;32;23;70;3.40;1;1;1;51;0;5954370;293;0
11;19;78;16;32;24;92;3.40;2;1;1;45;0;5954492;102;5953612
11;19;78;16;32;26;11;3.80;4;2;1;49;0;5954611;432;0
11;19;78;16;32;27;14;3.80;1;1;1;57;0;5954714;320;0
11;19;78;16;32;27;24;3.40;2;1;1;48;0;5954724;204;0
11;19;78;16;32;28;55;3.40;4;2;1;47;0;5954855;216;0
11;19;78;16;32;29;14;4.20;1;1;1;49;0;5954914;176;0
11;19;78;16;32;30;10;3.60;4;2;1;46;0;5955010;128;0
11;19;78;16;32;30;52;3.80;1;1;1;48;0;5955052;107;0
11;19;78;16;32;31;3;4.00;2;1;1;61;0;5955103;353;0
11;19;78;16;32;31;69;3.60;1;1;1;48;0;5955169;88;0
11;19;78;16;32;32;86;3.80;2;1;1;59;0;5955286;159;0
11;19;78;16;32;32;94;3.60;4;2;1;46;0;5955294;255;0
11;19;78;16;32;33;37;3.60;1;1;1;45;0;5955337;141;5954714
11;19;78;16;32;34;27;3.80;2;1;1;56;0;5955427;117;5954714
11;19;78;16;32;36;31;3.60;2;1;1;53;0;5955631;179;5954714
11;19;78;16;32;37;41;3.60;2;1;1;56;0;5955741;85;5955103
11;19;78;16;32;38;29;6.00;1;1;1;52;0;5955829;463;0
11;19;78;16;32;39;26;3.60;2;1;1;55;0;5955926;161;5955103
11;19;78;16;32;39;33;3.60;4;2;1;56;0;5955933;610;0
11;19;78;16;32;41;79;3.40;2;1;1;61;0;5956179;229;0
11;19;78;16;32;40;90;20.80;1;1;5;50;0;5956090;219;0
11;19;78;16;32;43;14;3.20;1;1;1;52;0;5956314;74;0
11;19;78;16;32;45;49;3.60;1;1;1;49;0;5956549;212;0
11;19;78;16;32;46;86;3.80;4;2;1;63;0;5956686;729;0
11;19;78;16;32;47;64;4.00;1;1;1;48;0;5956764;188;0
11;19;78;16;32;48;98;3.80;3;2;1;61;0;5956898;2649;0
11;19;78;16;32;49;57;3.60;1;1;1;41;0;5956957;163;0
11;19;78;16;32;50;58;3.80;3;2;1;57;0;5957058;137;0
11;19;78;16;32;52;9;3.40;4;2;1;57;0;5957209;501;0
11;19;78;16;32;53;14;4.00;1;1;1;51;0;5957314;325;0
11;19;78;16;32;54;21;3.40;1;1;1;50;0;5957421;78;0
11;19;78;16;32;54;48;2.80;4;2;1;57;0;5957448;217;0
11;19;78;16;32;56;8;3.60;3;2;1;61;0;5957608;526;0
11;19;78;16;32;56;21;3.80;1;1;1;49;0;5957621;175;0
11;19;78;16;32;56;36;4.60;2;1;1;52;0;5957636;1436;0
11;19;78;16;32;57;82;3.00;1;1;1;52;0;5957782;133;0
11;19;78;16;32;58;62;4.00;2;1;1;56;0;5957862;194;0
11;19;78;16;33;0;45;3.40;3;2;1;54;0;5958045;415;0
11;19;78;16;33;1;25;3.40;4;2;1;58;0;5958125;659;0
11;19;78;16;33;1;81;3.80;3;2;1;55;0;5958181;113;0
11;19;78;16;33;2;48;3.60;4;2;1;60;0;5958248;101;0
11;19;78;16;33;5;28;3.20;3;2;1;58;0;5958528;322;0
11;19;78;16;33;6;58;3.40;4;2;1;60;0;5958658;388;0
11;19;78;16;33;9;25;3.00;4;2;1;55;0;5958925;246;0
11;19;78;16;33;9;70;9.60;3;2;2;60;0;5958970;422;0
11;19;78;16;33;10;48;3.60;4;2;1;56;0;5959048;103;0
11;19;78;16;33;11;46;3.60;3;2;1;58;0;5959146;118;0
11;19;78;16;33;13;58;3.40;4;2;1;55;0;5959358;286;0
11;19;78;16;33;14;7;3.40;3;2;1;58;0;5959407;238;0
11;19;78;16;33;14;96;3.80;3;2;1;60;0;5959496;67;0
11;19;78;16;33;15;29;3.20;4;2;1;52;0;5959529;148;0
11;19;78;16;33;16;45;4.00;3;2;1;62;0;5959645;126;0
11;19;78;16;33;18;48;3.60;3;2;1;62;0;5959848;179;0
11;19;78;16;33;20;35;3.00;4;2;1;50;0;5960035;483;0
11;19;78;16;33;23;7;3.80;3;2;1;59;0;5960307;438;0
11;19;78;16;33;22;83;9.80;4;2;2;45;0;5960283;226;0
11;19;78;16;33;25;0;3.40;3;2;1;61;0;5960500;169;0
11;19;78;16;33;25;3;3.40;4;2;1;47;0;5960503;141;0
11;19;78;16;33;26;25;4.60;4;2;1;45;0;5960625;95;0
11;19;78;16;33;27;16;4.40;3;2;1;59;0;5960716;195;0
11;19;78;16;33;27;51;3.40;4;2;1;46;0;5960751;89;0
11;19;78;16;33;29;54;3.40;3;2;1;59;0;5960954;211;0
11;19;78;16;33;29;77;11.40;4;2;3;40;0;5960977;199;5960283
11;19;78;16;33;30;93;3.60;3;2;1;59;0;5961093;118;5960283
11;19;78;16;33;32;54;3.40;4;2;1;40;0;5961254;174;5960283
11;19;78;16;33;32;93;3.40;3;2;1;57;0;5961293;178;5960283
11;19;78;16;33;34;13;4.00;4;2;1;48;0;5961413;128;5960283
11;19;78;16;33;36;41;4.20;4;2;1;43;0;5961641;198;5960283
11;19;78;16;33;37;37;3.40;3;2;1;43;0;5961737;422;0
11;19;78;16;33;38;0;3.80;4;2;1;44;0;5961800;123;5960283
11;19;78;16;33;39;46;3.80;3;2;1;47;0;5961946;180;5960283
11;19;78;16;33;40;82;3.80;3;2;1;47;0;5962082;106;5960283
11;19;78;16;33;41;2;4.20;4;2;1;45;0;5962102;270;0
11;19;78;16;33;42;8;3.00;3;2;1;47;0;5962208;96;0
11;19;78;16;33;42;71;3.40;4;2;1;44;0;5962271;135;0
11;19;78;16;33;44;21;3.40;3;2;1;51;0;5962421;190;5961737
11;19;78;16;33;44;90;3.60;4;2;1;44;0;5962490;191;5961737
11;19;78;16;33;45;43;11.40;1;1;3;54;0;5962543;4740;0
11;19;78;16;33;46;89;3.40;3;2;1;51;0;5962689;244;0
11;19;78;16;33;47;48;3.80;1;1;1;52;0;5962748;129;0
11;19;78;16;33;47;47;3.80;4;2;1;45;0;5962747;227;0
11;19;78;16;33;49;93;3.60;4;2;1;41;0;5962993;215;0
11;19;78;16;33;56;44;3.60;2;1;1;58;0;5963644;5756;0
11;19;78;16;33;56;95;4.20;4;2;1;70;0;5963695;670;0
11;19;78;16;33;56;90;3.60;1;1;1;58;0;5963690;915;0
11;19;78;16;33;58;54;3.60;1;1;1;56;0;5963854;141;0
11;19;78;16;33;58;80;3.60;2;1;1;55;0;5963880;213;0
11;19;78;16;33;59;85;3.40;3;2;1;59;0;5963985;1272;0
11;19;78;16;33;59;95;3.80;4;2;1;55;0;5963995;278;0
11;19;78;16;34;1;14;5.80;1;1;1;55;0;5964114;236;0
11;19;78;16;34;2;1;3.60;2;1;1;54;0;5964201;297;0
11;19;78;16;34;2;97;3.60;1;1;1;53;0;5964297;145;0
11;19;78;16;34;3;8;4.60;2;1;1;58;0;5964308;83;0
11;19;78;16;34;3;64;3.00;4;2;1;52;0;5964364;344;0
11;19;78;16;34;4;59;3.40;3;2;1;66;0;5964459;453;0
11;19;78;16;34;4;91;3.20;1;1;1;48;0;5964491;169;0
11;19;78;16;34;5;25;4.00;2;1;1;56;0;5964525;188;0
11;19;78;16;34;6;33;3.40;1;1;1;51;0;5964633;118;0
11;19;78;16;34;7;26;3.60;4;2;1;55;0;5964726;341;0
11;19;78;16;34;7;24;3.60;2;1;1;56;0;5964724;173;0
11;19;78;16;34;7;23;3.80;1;1;1;51;0;5964723;66;5964114
11;19;78;16;34;8;71;3.60;2;1;1;57;0;5964871;123;5964201
11;19;78;16;34;9;27;4.60;1;1;1;50;0;5964927;177;5964114
11;19;78;16;34;9;77;3.80;4;2;1;56;0;5964977;227;0
11;19;78;16;34;10;69;3.60;2;1;1;55;0;5965069;175;5964201
11;19;78;16;34;10;91;3.40;1;1;1;50;0;5965091;130;5964114
11;19;78;16;34;12;13;3.60;4;2;1;50;0;5965213;211;0
11;19;78;16;34;12;78;4.00;2;1;1;50;0;5965278;185;5964201
11;19;78;16;34;13;52;3.20;4;2;1;51;0;5965352;113;5964201
11;19;78;16;34;13;85;3.60;2;1;1;49;0;5965385;78;5964201
11;19;78;16;34;14;8;3.40;3;2;1;58;0;5965408;930;0
11;19;78;16;34;15;3;4.40;1;1;1;49;0;5965503;387;0
11;19;78;16;34;15;21;3.80;2;1;1;47;0;5965521;109;5964201
11;19;78;16;34;16;53;3.40;1;1;1;48;0;5965653;117;5964201
11;19;78;16;34;16;96;3.60;4;2;1;57;0;5965696;321;0
11;19;78;16;34;17;54;3.60;2;1;1;47;0;5965754;203;0
11;19;78;16;34;19;0;3.60;4;2;1;57;0;5965900;181;0
11;19;78;16;34;19;19;3.00;1;1;1;47;0;5965919;240;0
11;19;78;16;34;19;39;3.60;2;1;1;47;0;5965939;157;0
11;19;78;16;34;20;92;3.80;1;1;1;44;0;5966092;150;0
11;19;78;16;34;21;66;3.40;2;1;1;48;0;5966166;199;0
11;19;78;16;34;21;90;3.80;4;2;1;71;0;5966190;267;0
11;19;78;16;34;22;6;3.60;1;1;1;44;0;5966206;82;0
11;19;78;16;34;23;0;3.20;2;1;1;49;0;5966300;108;0
11;19;78;16;34;24;2;4.00;2;1;1;46;0;5966402;78;5965754
11;19;78;16;34;24;81;3.40;1;1;1;44;0;5966481;245;0
11;19;78;16;34;25;21;4.20;4;2;1;69;0;5966521;311;0
11;19;78;16;34;25;78;3.40;2;1;1;47;0;5966578;144;5965754
11;19;78;16;34;26;49;5.60;1;1;1;44;0;5966649;140;5965754
11;19;78;16;34;27;93;3.60;2;1;1;47;0;5966793;188;5965754
11;19;78;16;34;28;57;3.60;3;2;1;63;0;5966857;1427;0
11;19;78;16;34;28;59;3.80;1;1;1;43;0;5966859;164;0
11;19;78;16;34;29;40;3.40;2;1;1;46;0;5966940;119;5965754
11;19;78;16;34;30;54;3.60;3;2;1;57;0;5967054;176;5965754
11;19;78;16;34;30;74;3.00;1;1;1;43;0;5967074;183;5965754
11;19;78;16;34;30;83;3.60;4;2;1;56;0;5967083;540;0
11;19;78;16;34;30;91;4.00;2;1;1;43;0;5967091;124;5965754
11;19;78;16;34;31;66;3.60;1;1;1;42;0;5967166;66;5966481
11;19;78;16;34;32;15;3.60;3;2;1;56;0;5967215;138;5966481
11;19;78;16;34;32;98;3.60;2;1;1;45;0;5967298;173;5965754
11;19;78;16;34;33;36;3.60;3;2;1;56;0;5967336;97;5965754
11;19;78;16;34;33;26;3.40;1;1;1;42;0;5967326;129;5966481
11;19;78;16;34;33;77;3.60;4;2;1;57;0;5967377;270;0
11;19;78;16;34;34;81;4.00;4;2;1;56;0;5967481;81;0
11;19;78;16;34;34;79;4.00;2;1;1;46;0;5967479;152;5965754
11;19;78;16;34;34;72;4.00;1;1;1;39;0;5967472;116;5966481
11;19;78;16;34;35;30;3.60;3;2;1;65;0;5967530;170;5966857
11;19;78;16;34;36;31;3.80;3;2;1;62;0;5967631;81;5966857
11;19;78;16;34;36;28;3.20;1;1;1;39;0;5967628;119;5966481
11;19;78;16;34;37;43;3.80;2;1;1;44;0;5967743;232;0
11;19;78;16;34;37;77;3.00;4;2;1;57;0;5967777;270;0
11;19;78;16;34;37;89;3.40;3;2;1;59;0;5967789;135;5966857
11;19;78;16;34;38;63;3.80;1;1;1;38;0;5967863;205;0
11;19;78;16;34;39;47;3.80;2;1;1;38;0;5967947;172;0
11;19;78;16;34;40;65;5.20;4;2;1;60;0;5968065;269;0
11;19;78;16;34;41;20;3.40;1;1;1;38;0;5968120;221;0
11;19;78;16;34;41;17;3.60;2;1;1;36;0;5968117;134;0
11;19;78;16;34;43;3;3.60;2;1;1;38;0;5968303;150;0
11;19;78;16;34;43;58;5.00;1;1;1;40;0;5968358;205;0
11;19;78;16;34;44;9;3.40;3;2;1;65;0;5968409;599;0
11;19;78;16;34;43;91;12.20;4;2;2;60;0;5968391;294;0
11;19;78;16;34;45;44;3.60;3;2;1;58;0;5968544;116;0
11;19;78;16;34;45;24;5.40;2;1;1;38;0;5968524;186;5967743
11;19;78;16;34;45;66;3.60;1;1;1;41;0;5968566;163;5967743
11;19;78;16;34;46;67;3.80;3;2;1;55;0;5968667;100;5967743
11;19;78;16;34;47;31;3.20;2;1;1;36;0;5968731;155;5967743
11;19;78;16;34;47;98;3.80;3;2;1;56;0;5968798;106;5967743
11;19;78;16;34;48;11;3.20;4;2;1;57;0;5968811;346;0
11;19;78;16;34;47;36;3.80;1;1;1;14;0;5968736;138;0
11;19;78;16;34;49;44;3.80;4;2;1;56;0;5968944;112;0
11;19;78;16;34;49;63;3.60;3;2;1;56;0;5968963;140;5968409
11;19;78;16;34;49;85;3.80;1;1;1;36;0;5968985;151;5968409
11;19;78;16;34;51;45;3.60;3;2;1;59;0;5969145;158;5968409
11;19;78;16;34;51;21;3.40;1;1;1;37;0;5969121;98;5968358
11;19;78;16;34;52;4;3.40;4;2;1;57;0;5969204;235;0
11;19;78;16;34;53;5;3.80;3;2;1;54;0;5969305;138;5968409
11;19;78;16;34;53;85;3.60;2;1;1;49;0;5969385;622;0
11;19;78;16;34;54;40;3.40;4;2;1;55;0;5969440;214;0
11;19;78;16;34;54;45;3.80;1;1;1;55;0;5969445;290;0
11;19;78;16;34;55;70;3.60;4;2;1;54;0;5969570;107;0
11;19;78;16;34;57;71;4.00;4;2;1;53;0;5969771;177;0
11;19;78;16;34;58;12;3.40;3;2;1;65;0;5969812;481;0
11;19;78;16;34;58;84;3.80;3;2;1;54;0;5969884;53;0
11;19;78;16;35;0;78;3.00;4;2;1;54;0;5970078;279;0
11;19;78;16;35;1;1;3.60;3;2;1;57;0;5970101;191;0
11;19;78;16;35;1;85;3.00;3;2;1;57;0;5970185;61;0
11;19;78;16;35;2;80;4.00;4;2;1;53;0;5970280;182;0
11;19;78;16;35;3;7;3.80;3;2;1;58;0;5970307;103;5969812
11;19;78;16;35;4;50;3.80;2;1;1;57;0;5970450;1038;0
11;19;78;16;35;5;58;3.60;3;2;1;57;0;5970558;227;0
11;19;78;16;35;6;7;3.20;4;2;1;58;0;5970607;299;0
11;19;78;16;35;8;48;3.80;3;2;1;57;0;5970848;267;0
11;19;78;16;35;8;85;2.60;4;2;1;49;0;5970885;258;0
11;19;78;16;35;8;90;6.00;1;1;1;56;0;5970890;1420;0
11;19;78;16;35;10;31;4.40;4;2;1;50;0;5971031;126;0
11;19;78;16;35;11;15;3.00;3;2;1;55;0;5971115;243;0
11;19;78;16;35;11;52;3.40;4;2;1;49;0;5971152;89;0
11;19;78;16;35;12;81;3.20;4;2;1;47;0;5971281;104;0
11;19;78;16;35;13;45;5.20;3;2;1;55;0;5971345;210;0
11;19;78;16;35;14;20;3.60;4;2;1;50;0;5971420;114;5970885
11;19;78;16;35;18;0;3.40;1;1;1;63;0;5971800;871;0
11;19;78;16;35;18;99;3.20;4;2;1;45;0;5971899;453;0
11;19;78;16;35;20;38;4.00;4;2;1;48;0;5972038;113;0
11;19;78;16;35;22;52;3.60;4;2;1;57;0;5972252;184;0
11;19;78;16;35;27;92;3.20;4;2;1;50;0;5972792;517;0
11;19;78;16;35;28;18;4.60;1;1;1;57;0;5972818;998;0
11;19;78;16;35;34;52;3.60;4;2;1;61;0;5973452;636;0
11;19;78;16;35;38;57;4.40;3;2;1;62;0;5973857;2477;0
11;19;78;16;35;39;35;3.40;3;2;1;59;0;5973935;52;0
11;19;78;16;35;39;66;3.80;4;2;1;57;0;5973966;492;0
11;19;78;16;35;39;83;3.20;2;1;1;55;0;5973983;3509;0
11;19;78;16;35;41;15;4.00;1;1;1;61;0;5974115;1267;0
11;19;78;16;35;41;79;3.80;4;2;1;52;0;5974179;189;0
11;19;78;16;35;42;69;4.40;1;1;1;60;0;5974269;130;0
11;19;78;16;35;43;17;3.60;3;2;1;54;0;5974317;361;0
11;19;78;16;35;43;31;3.40;2;1;1;55;0;5974331;327;0
11;19;78;16;35;43;97;3.80;4;2;1;55;0;5974397;191;0
11;19;78;16;35;44;87;3.20;3;2;1;53;0;5974487;146;0
11;19;78;16;35;45;43;3.80;4;2;1;57;0;5974543;121;0
11;19;78;16;35;46;18;3.60;2;1;1;61;0;5974618;264;0
11;19;78;16;35;46;75;3.80;1;1;1;59;0;5974675;379;0
11;19;78;16;35;47;27;3.20;4;2;1;54;0;5974727;160;5973966
11;19;78;16;35;48;78;4.00;1;1;1;59;0;5974878;179;5973966
11;19;78;16;35;49;29;3.40;2;1;1;57;0;5974929;289;0
11;19;78;16;35;50;28;3.80;1;1;1;59;0;5975028;125;0
11;19;78;16;35;52;80;4.60;1;1;1;56;0;5975280;228;0
11;19;78;16;35;53;16;3.60;2;1;1;57;0;5975316;365;0
11;19;78;16;35;54;75;3.80;1;1;1;55;0;5975475;165;0
11;19;78;16;35;56;21;4.60;2;1;1;53;0;5975621;282;0
11;19;78;16;35;56;42;4.00;1;1;1;53;0;5975642;142;0
11;19;78;16;35;57;80;3.80;4;2;1;60;0;5975780;1031;0
11;19;78;16;35;58;0;3.40;2;1;1;54;0;5975800;147;0
11;19;78;16;35;58;45;3.60;1;1;1;52;0;5975845;175;0
11;19;78;16;35;59;47;3.80;1;1;1;53;0;5975947;77;5975280
11;19;78;16;35;59;77;3.60;4;2;1;56;0;5975977;174;5975280
11;19;78;16;36;1;79;4.20;2;1;1;53;0;5976179;356;0
11;19;78;16;36;2;56;3.40;2;1;1;54;0;5976256;48;0
11;19;78;16;36;3;5;3.40;4;2;1;59;0;5976305;304;0
11;19;78;16;36;3;17;3.60;1;1;1;50;0;5976317;344;0
11;19;78;16;36;3;76;3.40;3;2;1;69;0;5976376;1867;0
11;19;78;16;36;3;91;3.80;2;1;1;53;0;5976391;112;0
11;19;78;16;36;5;4;3.60;1;1;1;51;0;5976504;161;0
11;19;78;16;36;6;36;3.40;3;2;1;66;0;5976636;242;0
11;19;78;16;36;6;99;3.40;1;1;1;50;0;5976699;169;0
11;19;78;16;36;7;91;6.80;1;1;1;50;0;5976791;67;0
11;19;78;16;36;7;98;13.20;2;1;4;45;0;5976798;381;0
11;19;78;16;36;9;73;3.20;1;1;1;47;0;5976973;133;5976317
11;19;78;16;36;10;10;3.00;3;2;1;63;0;5977010;355;0
11;19;78;16;36;10;13;3.20;2;1;1;47;0;5977013;109;0
11;19;78;16;36;11;7;3.20;4;2;1;63;0;5977107;781;0
11;19;78;16;36;11;53;3.20;2;1;1;48;0;5977153;115;0
11;19;78;16;36;11;89;4.00;3;2;1;62;0;5977189;161;0
11;19;78;16;36;12;26;4.00;4;2;1;58;0;5977226;100;0
11;19;78;16;36;12;89;3.40;3;2;1;65;0;5977289;76;0
11;19;78;16;36;13;43;4.80;1;1;1;47;0;5977343;345;0
11;19;78;16;36;14;55;3.60;3;2;1;63;0;5977455;147;0
11;19;78;16;36;14;66;3.00;1;1;1;44;0;5977466;86;0
11;19;78;16;36;14;68;6.40;4;2;2;61;0;5977468;217;0
11;19;78;16;36;15;57;3.60;2;1;1;48;0;5977557;380;0
11;19;78;16;36;16;8;3.40;1;1;1;44;0;5977608;117;0
11;19;78;16;36;17;17;4.00;2;1;1;44;0;5977717;133;0
11;19;78;16;36;18;8;3.80;4;2;1;60;0;5977808;302;0
11;19;78;16;36;18;34;3.20;1;1;1;44;0;5977834;198;0
11;19;78;16;36;18;73;3.40;2;1;1;41;0;5977873;123;0
11;19;78;16;36;19;1;3.40;3;2;1;60;0;5977901;425;0
11;19;78;16;36;19;61;3.80;1;1;1;42;0;5977961;100;5977343
11;19;78;16;36;20;11;3.60;4;2;1;58;0;5978011;180;5977343
11;19;78;16;36;21;24;3.60;1;1;1;45;0;5978124;130;5977343
11;19;78;16;36;21;85;4.60;3;2;1;58;0;5978185;263;0
11;19;78;16;36;22;10;3.80;2;1;1;56;0;5978210;307;0
11;19;78;16;36;22;38;3.40;1;1;1;41;0;5978238;85;5977343
11;19;78;16;36;22;78;3.40;4;2;1;58;0;5978278;244;0
11;19;78;16;36;23;69;4.60;1;1;1;40;0;5978369;101;5977343
11;19;78;16;36;24;49;3.40;4;2;1;56;0;5978449;149;5977343
11;19;78;16;36;24;77;3.60;2;1;1;51;0;5978477;242;0
11;19;78;16;36;25;52;4.00;1;1;1;39;0;5978552;141;5977343
11;19;78;16;36;26;44;3.00;3;2;1;56;0;5978644;430;0
11;19;78;16;36;27;3;3.40;2;1;1;51;0;5978703;200;0
11;19;78;16;36;27;57;3.60;4;2;1;55;0;5978757;286;0
11;19;78;16;36;27;94;3.40;3;2;1;57;0;5978794;130;0
11;19;78;16;36;27;68;4.00;1;1;1;37;0;5978768;179;5977343
11;19;78;16;36;28;83;3.80;4;2;1;55;0;5978883;102;5977343
11;19;78;16;36;28;92;3.60;1;1;1;39;0;5978892;85;5977343
11;19;78;16;36;29;28;3.80;3;2;1;53;0;5978928;112;5977343
11;19;78;16;36;30;46;3.60;4;2;1;53;0;5979046;138;5977343
11;19;78;16;36;30;85;3.80;3;2;1;54;0;5979085;131;5977343
11;19;78;16;36;30;89;3.40;2;1;1;46;0;5979089;362;0
11;19;78;16;36;31;72;3.80;1;1;1;35;0;5979172;246;0
11;19;78;16;36;32;8;3.60;2;1;1;45;0;5979208;92;0
11;19;78;16;36;32;74;3.60;3;2;1;53;0;5979274;163;5978644
11;19;78;16;36;32;88;3.60;1;1;1;34;0;5979288;76;5978644
11;19;78;16;36;33;41;3.40;2;1;1;46;0;5979341;104;5978644
11;19;78;16;36;33;82;3.80;4;2;1;57;0;5979382;311;0
11;19;78;16;36;35;13;3.40;2;1;1;46;0;5979513;145;0
11;19;78;16;36;34;78;3.60;1;1;1;33;0;5979478;151;0
11;19;78;16;36;35;29;4.00;3;2;1;55;0;5979529;230;0
11;19;78;16;36;36;21;3.40;4;2;1;54;0;5979621;215;0
11;19;78;16;36;36;5;3.80;1;1;1;32;0;5979605;87;0
11;19;78;16;36;37;3;3.40;3;2;1;52;0;5979703;147;0
11;19;78;16;36;38;12;3.80;3;2;1;52;0;5979812;85;0
11;19;78;16;36;38;33;3.20;4;2;1;54;0;5979833;189;0
11;19;78;16;36;38;24;3.80;1;1;1;33;0;5979824;176;5979172
11;19;78;16;36;39;50;4.00;4;2;1;53;0;5979950;95;5979172
11;19;78;16;36;39;61;3.40;3;2;1;53;0;5979961;122;5979172
11;19;78;16;36;39;82;3.80;2;1;1;46;0;5979982;442;0
11;19;78;16;36;40;51;3.40;3;2;1;54;0;5980051;66;5979529
11;19;78;16;36;40;70;3.60;1;1;1;33;0;5980070;204;0
11;19;78;16;36;41;17;3.60;4;2;1;53;0;5980117;139;0
11;19;78;16;36;41;95;3.80;2;1;1;48;0;5980195;183;0
11;19;78;16;36;42;11;3.80;3;2;1;55;0;5980211;137;5979529
11;19;78;16;36;43;9;3.60;3;2;1;54;0;5980309;73;5979529
11;19;78;16;36;43;21;3.40;2;1;1;47;0;5980321;97;5979529
11;19;78;16;36;43;69;4.00;4;2;1;51;0;5980369;227;0
11;19;78;16;36;45;16;3.60;3;2;1;54;0;5980516;183;5979529
11;19;78;16;36;45;5;3.20;1;1;1;33;0;5980505;395;0
11;19;78;16;36;45;54;3.60;4;2;1;51;0;5980554;156;0
11;19;78;16;36;46;84;4.00;4;2;1;50;0;5980684;104;0
11;19;78;16;36;47;3;3.60;3;2;1;56;0;5980703;163;5979529
11;19;78;16;36;47;13;4.00;1;1;1;31;0;5980713;173;5979529
11;19;78;16;36;48;36;3.80;4;2;1;50;0;5980836;123;5979529
11;19;78;16;36;49;7;3.20;1;1;1;33;0;5980907;147;5979529
11;19;78;16;36;49;82;3.80;3;2;1;57;0;5980982;255;0
11;19;78;16;36;50;96;3.20;1;1;1;34;0;5981096;154;0
11;19;78;16;36;51;71;10.20;4;2;2;50;0;5981171;307;0
11;19;78;16;36;52;59;3.40;3;2;1;57;0;5981259;253;0
11;19;78;16;36;52;22;14.20;1;1;4;35;0;5981222;92;5980505
11;19;78;16;36;54;59;3.60;4;2;1;52;0;5981459;214;0
11;19;78;16;36;55;83;9.20;4;2;2;48;0;5981583;99;0
11;19;78;16;36;59;50;3.60;4;2;1;46;0;5981950;298;0
11;19;78;16;37;6;48;3.40;3;2;1;61;0;5982648;1367;0
11;19;78;16;37;15;21;3.40;4;2;1;39;0;5983521;1542;0
11;19;78;16;37;15;67;3.20;3;2;1;60;0;5983567;898;0
11;19;78;16;37;18;39;3.60;4;2;1;53;0;5983839;286;0
11;19;78;16;37;18;51;4.60;3;2;1;57;0;5983851;264;0
11;19;78;16;37;20;60;4.00;3;2;1;57;0;5984060;179;0
11;19;78;16;37;21;54;3.60;4;2;1;56;0;5984154;290;0
11;19;78;16;37;21;77;3.80;3;2;1;57;0;5984177;91;0
11;19;78;16;37;24;63;3.60;1;1;1;60;0;5984463;3094;0
11;19;78;16;37;26;51;3.40;4;2;1;56;0;5984651;473;0
11;19;78;16;37;27;77;3.60;3;2;1;62;0;5984777;576;0
11;19;78;16;37;27;94;4.80;2;1;1;56;0;5984794;4446;0
11;19;78;16;37;28;47;9.40;4;2;2;56;0;5984847;174;0
11;19;78;16;37;29;39;3.00;2;1;1;57;0;5984939;114;0
11;19;78;16;37;29;51;3.40;1;1;1;57;0;5984951;466;0
11;19;78;16;37;30;57;3.60;4;2;1;58;0;5985057;149;0
11;19;78;16;37;31;19;3.80;1;1;1;56;0;5985119;146;0
11;19;78;16;37;31;34;3.80;2;1;1;57;0;5985134;176;0
11;19;78;16;37;32;9;12.20;4;2;3;56;0;5985209;129;0
11;19;78;16;37;32;75;3.60;2;1;1;56;0;5985275;117;0
11;19;78;16;37;33;85;3.60;2;1;1;56;0;5985385;86;5984794
11;19;78;16;37;34;66;3.20;1;1;1;56;0;5985466;322;0
11;19;78;16;37;35;20;3.40;2;1;1;56;0;5985520;111;5984794
11;19;78;16;37;35;84;3.80;1;1;1;54;0;5985584;97;5984794
11;19;78;16;37;37;38;3.40;1;1;1;53;0;5985738;128;5984794
11;19;78;16;37;39;50;3.20;1;1;1;54;0;5985950;188;5984794
11;19;78;16;37;39;56;3.80;2;1;1;57;0;5985956;414;0
11;19;78;16;37;40;90;3.00;1;1;1;52;0;5986090;118;5985466
11;19;78;16;37;41;20;3.60;2;1;1;55;0;5986120;140;5985466
11;19;78;16;37;42;45;3.60;1;1;1;53;0;5986245;134;5985466
11;19;78;16;37;43;27;3.60;1;1;1;51;0;5986327;57;5985466
11;19;78;16;37;44;53;3.00;2;1;1;56;0;5986453;309;0
11;19;78;16;37;45;14;3.80;1;1;1;49;0;5986514;161;5985466
11;19;78;16;37;45;61;5.00;2;1;1;55;0;5986561;88;5985466
11;19;78;16;37;46;19;3.40;4;2;1;68;0;5986619;1331;0
11;19;78;16;37;46;65;3.40;1;1;1;46;0;5986665;123;5985466
11;19;78;16;37;48;5;3.60;1;1;1;47;0;5986805;113;5985466
11;19;78;16;37;48;51;3.60;2;1;1;50;0;5986851;257;0
11;19;78;16;37;49;22;4.60;4;2;1;61;0;5986922;285;0
11;19;78;16;37;49;65;3.60;1;1;1;47;0;5986965;132;5985466
11;19;78;16;37;49;79;4.60;3;2;1;59;0;5986979;2181;0
11;19;78;16;37;49;83;4.00;2;1;1;53;0;5986983;106;0
11;19;78;16;37;50;75;3.80;3;2;1;59;0;5987075;67;0
11;19;78;16;37;51;61;3.60;1;1;1;51;0;5987161;168;5985466
11;19;78;16;37;51;82;3.60;2;1;1;54;0;5987182;171;5985466
11;19;78;16;37;52;32;3.60;3;2;1;65;0;5987232;133;5985466
11;19;78;16;37;52;29;3.80;4;2;1;61;0;5987229;279;0
11;19;78;16;37;53;35;3.20;1;1;1;49;0;5987335;148;5985466
11;19;78;16;37;54;13;3.60;3;2;1;62;0;5987413;161;5985466
11;19;78;16;37;54;62;3.40;2;1;1;52;0;5987462;256;0
11;19;78;16;37;55;35;3.60;1;1;1;45;0;5987535;176;5985466
11;19;78;16;37;55;60;4.20;3;2;1;63;0;5987560;126;5986979
11;19;78;16;37;56;0;3.60;2;1;1;51;0;5987600;114;5986979
11;19;78;16;37;56;42;3.80;1;1;1;45;0;5987642;78;5985466
11;19;78;16;37;57;20;3.60;4;2;1;60;0;5987720;468;0
11;19;78;16;37;57;29;4.00;2;1;1;50;0;5987729;103;0
11;19;78;16;37;58;7;3.80;3;2;1;66;0;5987807;223;0
11;19;78;16;37;59;64;3.60;2;1;1;50;0;5987964;206;0
11;19;78;16;38;0;60;3.60;3;2;1;64;0;5988060;232;0
11;19;78;16;38;1;59;3.20;4;2;1;55;0;5988159;417;0
11;19;78;16;38;1;94;3.20;1;1;1;52;0;5988194;521;0
11;19;78;16;38;2;80;3.40;3;2;1;62;0;5988280;199;0
11;19;78;16;38;3;0;3.80;4;2;1;54;0;5988300;120;0
11;19;78;16;38;4;13;3.60;4;2;1;53;0;5988413;87;0
11;19;78;16;38;4;29;3.00;1;1;1;41;0;5988429;212;0
11;19;78;16;38;4;94;3.20;3;2;1;58;0;5988494;194;0
11;19;78;16;38;5;59;3.80;1;1;1;40;0;5988559;103;0
11;19;78;16;38;5;74;7.40;4;2;2;55;0;5988574;136;0
11;19;78;16;38;6;18;3.40;3;2;1;58;0;5988618;104;0
11;19;78;16;38;7;40;3.60;3;2;1;60;0;5988740;100;5988060
11;19;78;16;38;7;46;3.40;4;2;1;54;0;5988746;123;5988159
11;19;78;16;38;7;73;3.60;1;1;1;40;0;5988773;179;5988159
11;19;78;16;38;9;8;3.80;1;1;1;40;0;5988908;102;5988159
11;19;78;16;38;9;70;3.20;4;2;1;55;0;5988970;201;0
11;19;78;16;38;10;2;3.60;3;2;1;62;0;5989002;240;0
11;19;78;16;38;11;24;3.40;1;1;1;39;0;5989124;181;5988429
11;19;78;16;38;12;40;3.80;3;2;1;63;0;5989240;217;0
11;19;78;16;38;12;43;3.60;2;1;1;44;0;5989243;1253;0
11;19;78;16;38;12;30;3.80;1;1;1;37;0;5989230;74;5988429
11;19;78;16;38;12;96;3.80;4;2;1;54;0;5989296;305;0
11;19;78;16;38;13;72;3.60;2;1;1;42;0;5989372;99;0
11;19;78;16;38;14;16;3.60;3;2;1;62;0;5989416;154;0
11;19;78;16;38;13;85;3.60;1;1;1;36;0;5989385;118;5988429
11;19;78;16;38;15;9;3.80;4;2;1;54;0;5989509;187;5988429
11;19;78;16;38;15;67;3.20;3;2;1;60;0;5989567;130;5988429
11;19;78;16;38;15;89;3.60;2;1;1;41;0;5989589;186;5988429
11;19;78;16;38;16;50;3.80;1;1;1;35;0;5989650;229;0
11;19;78;16;38;17;20;3.80;4;2;1;53;0;5989720;185;0
11;19;78;16;38;17;56;3.40;2;1;1;41;0;5989756;135;0
11;19;78;16;38;18;55;3.80;4;2;1;52;0;5989855;109;0
11;19;78;16;38;18;39;3.80;1;1;1;31;0;5989839;149;0
11;19;78;16;38;19;27;4.20;3;2;1;59;0;5989927;340;0
11;19;78;16;38;20;0;3.80;4;2;1;51;0;5990000;118;5989296
11;19;78;16;38;20;40;3.40;1;1;1;31;0;5990040;156;5989296
11;19;78;16;38;21;16;4.00;3;2;1;57;0;5990116;163;5989296
11;19;78;16;38;22;12;3.80;3;2;1;55;0;5990212;70;5989296
11;19;78;16;38;21;90;3.60;1;1;1;29;0;5990190;110;5989296
11;19;78;16;38;21;97;9.60;4;2;2;51;0;5990197;170;5989296
11;19;78;16;38;23;52;3.80;4;2;1;53;0;5990352;87;5989296
11;19;78;16;38;23;74;3.60;3;2;1;56;0;5990374;137;5989296
11;19;78;16;38;24;41;3.60;2;1;1;51;0;5990441;655;0
11;19;78;16;38;24;18;3.60;1;1;1;34;0;5990418;183;5989650
11;19;78;16;38;25;59;3.00;3;2;1;57;0;5990559;161;5989927
11;19;78;16;38;25;33;5.00;4;2;1;50;0;5990533;155;5989296
11;19;78;16;38;25;98;3.80;2;1;1;48;0;5990598;131;5989296
11;19;78;16;38;25;80;3.60;1;1;1;33;0;5990580;123;5989650
11;19;78;16;38;26;73;3.60;4;2;1;52;0;5990673;104;5989296
11;19;78;16;38;27;27;4.40;3;2;1;53;0;5990727;149;5989927
11;19;78;16;38;28;20;3.20;2;1;1;47;0;5990820;193;5989927
11;19;78;16;38;27;83;3.80;1;1;1;31;0;5990783;163;5989650
11;19;78;16;38;28;67;3.60;3;2;1;52;0;5990867;110;5989927
11;19;78;16;38;29;41;4.00;2;1;1;45;0;5990941;96;5989927
11;19;78;16;38;30;9;3.40;4;2;1;50;0;5991009;311;0
11;19;78;16;38;30;27;3.40;3;2;1;50;0;5991027;135;5989927
11;19;78;16;38;31;52;3.20;4;2;1;50;0;5991152;118;5989927
11;19;78;16;38;31;93;3.60;3;2;1;51;0;5991193;141;5989927
11;19;78;16;38;32;85;3.20;4;2;1;50;0;5991285;109;5989927
11;19;78;16;38;33;2;4.00;3;2;1;52;0;5991302;83;5989927
11;19;78;16;38;33;2;3.80;1;1;1;41;0;5991302;474;0
11;19;78;16;38;34;43;3.40;4;2;1;52;0;5991443;134;0
11;19;78;16;38;36;60;3.00;3;2;1;55;0;5991660;330;0
11;19;78;16;38;36;72;4.40;4;2;1;52;0;5991672;205;0
11;19;78;16;38;41;21;3.60;4;2;1;63;0;5992121;418;0
11;19;78;16;38;48;31;3.80;4;2;1;60;0;5992831;689;0
11;19;78;16;38;51;81;3.20;4;2;1;55;0;5993181;327;0
11;19;78;16;38;52;31;4.20;3;2;1;71;0;5993231;1551;0
11;19;78;16;38;54;46;3.40;3;2;1;63;0;5993446;193;0
11;19;78;16;38;55;49;3.40;1;1;1;55;0;5993549;2213;0
11;19;78;16;38;55;52;3.00;4;2;1;50;0;5993552;350;0
11;19;78;16;38;57;48;3.60;3;2;1;60;0;5993748;282;0
11;19;78;16;38;57;84;4.00;4;2;1;57;0;5993784;210;0
11;19;78;16;38;58;39;3.60;3;2;1;60;0;5993839;69;0
11;19;78;16;39;0;12;3.60;3;2;1;54;0;5994012;151;0
11;19;78;16;39;0;6;4.00;1;1;1;57;0;5994006;434;0
11;19;78;16;39;0;63;3.80;4;2;1;57;0;5994063;253;0
11;19;78;16;39;3;50;3.40;4;2;1;59;0;5994350;263;0
11;19;78;16;39;5;35;3.60;4;2;1;66;0;5994535;164;0
11;19;78;16;39;5;91;3.40;3;2;1;58;0;5994591;555;0
11;19;78;16;39;6;24;3.80;1;1;1;59;0;5994624;592;0
11;19;78;16;39;7;81;3.40;1;1;1;58;0;5994781;133;0
11;19;78;16;39;7;95;4.00;3;2;1;56;0;5994795;182;0
11;19;78;16;39;9;31;3.60;2;1;1;62;0;5994931;3958;0
11;19;78;16;39;10;2;3.00;1;1;1;54;0;5995002;199;0
11;19;78;16;39;10;58;3.80;4;2;1;52;0;5995058;503;0
11;19;78;16;39;10;90;3.60;2;1;1;60;0;5995090;138;0
11;19;78;16;39;11;72;3.20;1;1;1;53;0;5995172;150;0
11;19;78;16;39;14;78;3.20;2;1;1;59;0;5995478;366;0
11;19;78;16;39;15;39;3.60;1;1;1;56;0;5995539;345;0
11;19;78;16;39;16;44;3.40;2;1;1;55;0;5995644;146;0
11;19;78;16;39;16;51;3.20;4;2;1;59;0;5995651;566;0
11;19;78;16;39;17;91;3.80;2;1;1;55;0;5995791;124;0
11;19;78;16;39;18;0;3.80;4;2;1;55;0;5995800;129;0
11;19;78;16;39;18;16;3.80;1;1;1;55;0;5995816;253;0
11;19;78;16;39;18;95;3.80;2;1;1;53;0;5995895;79;0
11;19;78;16;39;19;22;3.80;1;1;1;54;0;5995922;81;0
11;19;78;16;39;20;52;3.20;1;1;1;50;0;5996052;104;0
11;19;78;16;39;21;80;3.60;1;1;1;52;0;5996180;104;0
11;19;78;16;39;22;81;3.60;1;1;1;51;0;5996281;76;5995816
11;19;78;16;39;23;70;3.40;2;1;1;63;0;5996370;449;0
11;19;78;16;39;24;59;3.40;1;1;1;47;0;5996459;152;5995816
11;19;78;16;39;26;14;3.60;1;1;1;48;0;5996614;128;5995816
11;19;78;16;39;28;87;7.00;2;1;2;60;0;5996887;497;0
11;19;78;16;39;29;35;3.40;4;2;1;60;0;5996935;1110;0
11;19;78;16;39;29;23;4.60;1;1;1;50;0;5996923;282;0
11;19;78;16;39;30;78;4.20;1;1;1;50;0;5997078;121;0
11;19;78;16;39;31;39;3.80;4;2;1;60;0;5997139;183;0
11;19;78;16;39;31;51;3.80;3;2;1;65;0;5997151;2330;0
11;19;78;16;39;32;62;3.60;2;1;1;53;0;5997262;333;0
11;19;78;16;39;32;95;3.60;1;1;1;48;0;5997295;186;0
11;19;78;16;39;33;24;3.60;4;2;1;63;0;5997324;162;0
11;19;78;16;39;33;31;3.40;3;2;1;60;0;5997331;158;0
11;19;78;16;39;34;26;3.40;3;2;1;60;0;5997426;74;0
11;19;78;16;39;34;25;3.80;1;1;1;47;0;5997425;103;0
11;19;78;16;39;35;8;3.40;3;2;1;60;0;5997508;61;0
11;19;78;16;39;35;81;3.40;1;1;1;45;0;5997581;126;5996923
11;19;78;16;39;36;46;3.40;2;1;1;53;0;5997646;359;0
11;19;78;16;39;36;98;3.60;3;2;1;59;0;5997698;169;5997151
11;19;78;16;39;37;14;3.00;4;2;1;56;0;5997714;369;0
11;19;78;16;39;37;36;3.80;1;1;1;48;0;5997736;127;5996923
11;19;78;16;39;38;9;3.80;3;2;1;59;0;5997809;89;5997151
11;19;78;16;39;38;17;3.00;2;1;1;54;0;5997817;147;5997151
11;19;78;16;39;39;73;3.60;2;1;1;53;0;5997973;136;5997151
11;19;78;16;39;39;85;3.60;3;2;1;62;0;5997985;152;5997151
11;19;78;16;39;39;90;3.60;1;1;1;42;0;5997990;225;0
11;19;78;16;39;40;73;4.40;3;2;1;62;0;5998073;67;5997151
11;19;78;16;39;42;6;3.60;2;1;1;54;0;5998206;208;0
11;19;78;16;39;43;12;3.20;3;2;1;55;0;5998312;213;0
11;19;78;16;39;43;30;3.60;1;1;1;44;0;5998330;309;0
11;19;78;16;39;43;56;3.40;4;2;1;47;0;5998356;622;0
11;19;78;16;39;43;94;3.60;2;1;1;51;0;5998394;164;0
11;19;78;16;39;44;32;3.60;3;2;1;54;0;5998432;99;0
11;19;78;16;39;44;85;4.40;2;1;1;49;0;5998485;65;0
11;19;78;16;39;46;0;3.60;3;2;1;52;0;5998600;144;0
11;19;78;16;39;47;21;3.80;2;1;1;54;0;5998721;203;0
11;19;78;16;39;47;88;3.60;1;1;1;38;0;5998788;428;0
11;19;78;16;39;48;94;3.00;3;2;1;52;0;5998894;269;0
11;19;78;16;39;49;38;4.00;4;2;1;58;0;5998938;555;0
11;19;78;16;39;50;1;3.80;3;2;1;50;0;5999001;86;0
11;19;78;16;39;50;36;3.40;1;1;1;36;0;5999036;213;0
11;19;78;16;39;52;4;3.60;3;2;1;53;0;5999204;175;0
11;19;78;16;39;52;22;3.00;1;1;1;38;0;5999222;152;0
11;19;78;16;39;53;45;3.20;3;2;1;50;0;5999345;116;0
11;19;78;16;39;54;70;4.00;3;2;1;51;0;5999470;101;5998894
11;19;78;16;39;54;77;3.60;1;1;1;36;0;5999477;226;0
11;19;78;16;39;56;12;3.80;3;2;1;50;0;5999612;113;5998894
11;19;78;16;39;56;64;3.00;4;2;1;51;0;5999664;701;0
11;19;78;16;39;57;27;3.60;1;1;1;35;0;5999727;214;0
11;19;78;16;39;57;65;4.40;4;2;1;47;0;5999765;79;0
11;19;78;16;39;58;67;3.40;3;2;1;53;0;5999867;227;0
11;19;78;16;39;58;66;3.40;4;2;1;45;0;5999866;67;0
11;19;78;16;39;59;8;3.80;2;1;1;50;0;5999908;1161;0
11;19;78;16;39;59;57;3.40;3;2;1;54;0;5999957;66;0
11;19;78;16;39;59;49;3.60;1;1;1;39;0;5999949;184;0
11;19;78;16;40;0;56;3.60;3;2;1;54;0;6000056;76;0
11;19;78;16;40;0;69;3.40;4;2;1;53;0;6000069;175;0
11;19;78;16;40;1;86;3.60;1;1;1;41;0;6000186;203;0
11;19;78;16;40;2;7;3.40;3;2;1;54;0;6000207;127;0
11;19;78;16;40;3;3;3.60;4;2;1;49;0;6000303;210;0
11;19;78;16;40;3;3;3.60;1;1;1;40;0;6000303;85;0
11;19;78;16;40;3;53;3.40;3;2;1;55;0;6000353;123;5999867
11;19;78;16;40;4;36;3.20;3;2;1;55;0;6000436;60;5999867
11;19;78;16;40;4;96;3.20;1;1;1;43;0;6000496;160;5999867
11;19;78;16;40;6;18;3.60;4;2;1;54;0;6000618;288;0
11;19;78;16;40;7;35;4.40;3;2;1;54;0;6000735;278;0
11;19;78;16;40;8;44;3.40;1;1;1;43;0;6000844;321;0
11;19;78;16;40;9;31;4.00;3;2;1;52;0;6000931;166;0
11;19;78;16;40;10;17;3.00;4;2;1;48;0;6001017;375;0
11;19;78;16;40;11;14;3.40;3;2;1;52;0;6001114;155;0
11;19;78;16;40;10;69;4.00;1;1;1;38;0;6001069;196;0
11;19;78;16;40;11;46;3.40;4;2;1;51;0;6001146;106;0
11;19;78;16;40;12;46;3.20;1;1;1;42;0;6001246;139;0
11;19;78;16;40;12;89;4.00;3;2;1;56;0;6001289;151;0
11;19;78;16;40;14;7;3.60;3;2;1;57;0;6001407;92;6000735
11;19;78;16;40;14;69;3.60;2;1;1;54;0;6001469;1533;0
11;19;78;16;40;14;31;29.80;4;2;5;49;0;6001431;261;0
11;19;78;16;40;16;48;4.20;3;2;1;57;0;6001648;218;0
11;19;78;16;40;18;52;3.60;4;2;1;49;0;6001852;202;0
11;19;78;16;40;20;10;4.40;3;2;1;54;0;6002010;335;0
11;19;78;16;40;20;31;3.20;4;2;1;51;0;6002031;152;0
11;19;78;16;40;21;63;3.20;3;2;1;55;0;6002163;123;0
11;19;78;16;40;23;5;3.00;4;2;1;54;0;6002305;251;0
11;19;78;16;40;23;18;4.00;3;2;1;55;0;6002318;134;0
11;19;78;16;40;24;70;3.60;3;2;1;55;0;6002470;125;0
11;19;78;16;40;32;53;3.60;3;2;1;63;0;6003253;759;0
11;19;78;16;40;32;97;3.80;4;2;1;71;0;6003297;972;0
11;19;78;16;40;34;48;3.00;4;2;1;55;0;6003448;131;0
11;19;78;16;40;35;62;3.40;4;2;1;58;0;6003562;94;0
11;19;78;16;40;41;37;3.60;4;2;1;59;0;6004137;553;0
11;19;78;16;40;42;29;3.20;3;2;1;58;0;6004229;955;0
11;19;78;16;40;42;90;3.40;4;2;1;57;0;6004290;131;0
11;19;78;16;40;46;12;3.60;4;2;1;49;0;6004612;300;0
11;19;78;16;40;47;30;3.20;4;2;1;50;0;6004730;91;0
11;19;78;16;40;50;81;3.40;4;2;1;50;0;6005081;327;0
11;19;78;16;40;51;69;3.60;2;1;1;54;0;6005169;3676;0
11;19;78;16;40;52;10;3.60;4;2;1;50;0;6005210;104;0
11;19;78;16;40;52;56;3.20;3;2;1;63;0;6005256;1007;0
11;19;78;16;40;56;60;3.80;4;2;1;60;0;6005660;424;0
11;19;78;16;40;58;41;4.00;2;1;1;56;0;6005841;648;0
11;19;78;16;40;59;8;3.40;1;1;1;63;0;6005908;4634;0
11;19;78;16;40;59;70;3.80;1;1;1;59;0;6005970;42;0
11;19;78;16;41;0;57;3.80;1;1;1;62;0;6006057;63;0
11;19;78;16;41;0;88;3.80;2;1;1;61;0;6006088;221;0
11;19;78;16;41;4;93;3.40;2;1;1;58;0;6006493;382;0
11;19;78;16;41;5;48;3.80;4;2;1;58;0;6006548;865;0
11;19;78;16;41;5;74;4.00;3;2;1;70;0;6006574;1299;0
11;19;78;16;41;6;1;3.80;2;1;1;56;0;6006601;86;0
11;19;78;16;41;6;40;3.80;1;1;1;59;0;6006640;560;0
11;19;78;16;41;7;55;3.40;3;2;1;69;0;6006755;160;0
11;19;78;16;41;7;41;4.40;2;1;1;57;0;6006741;115;0
11;19;78;16;41;8;18;3.80;4;2;1;58;0;6006818;246;0
11;19;78;16;41;8;45;3.60;1;1;1;54;0;6006845;181;0
11;19;78;16;41;9;94;3.60;1;1;1;54;0;6006994;125;0
11;19;78;16;41;10;5;3.80;3;2;1;64;0;6007005;232;0
11;19;78;16;41;11;9;3.60;1;1;1;53;0;6007109;91;0
11;19;78;16;41;11;99;3.60;1;1;1;52;0;6007199;65;6006640
11;19;78;16;41;13;23;3.60;4;2;1;58;0;6007323;481;0
11;19;78;16;41;13;17;3.80;1;1;1;53;0;6007317;93;6006640
11;19;78;16;41;14;49;4.00;1;1;1;53;0;6007449;106;6006640
11;19;78;16;41;14;65;4.00;2;1;1;47;0;6007465;696;0
11;19;78;16;41;15;9;3.60;3;2;1;60;0;6007509;482;0
11;19;78;16;41;16;27;3.80;4;2;1;65;0;6007627;281;0
11;19;78;16;41;16;14;3.80;2;1;1;45;0;6007614;118;0
11;19;78;16;41;17;77;3.40;2;1;1;45;0;6007777;132;0
11;19;78;16;41;18;19;3.40;1;1;1;52;0;6007819;342;0
11;19;78;16;41;18;21;3.80;3;2;1;63;0;6007821;290;0
11;19;78;16;41;18;89;3.80;2;1;1;45;0;6007889;84;0
11;19;78;16;41;19;68;4.00;1;1;1;49;0;6007968;125;0
11;19;78;16;41;21;0;3.80;3;2;1;64;0;6008100;257;0
11;19;78;16;41;21;27;3.60;2;1;1;50;0;6008127;207;0
11;19;78;16;41;21;69;4.00;1;1;1;50;0;6008169;171;0
11;19;78;16;41;23;9;3.40;4;2;1;58;0;6008309;660;0
11;19;78;16;41;23;6;3.40;2;1;1;52;0;6008306;153;0
11;19;78;16;41;23;83;3.60;1;1;1;49;0;6008383;185;0
11;19;78;16;41;24;38;4.00;2;1;1;50;0;6008438;108;0
11;19;78;16;41;24;87;3.80;1;1;1;50;0;6008487;77;6007819
11;19;78;16;41;25;26;3.00;3;2;1;56;0;6008526;404;0
11;19;78;16;41;26;40;3.40;3;2;1;56;0;6008640;94;0
11;19;78;16;41;26;58;3.20;2;1;1;52;0;6008658;191;0
11;19;78;16;41;27;81;3.40;3;2;1;60;0;6008781;119;0
11;19;78;16;41;27;70;3.80;2;1;1;50;0;6008770;89;6008127
11;19;78;16;41;27;80;12.40;4;2;3;54;0;6008780;449;0
11;19;78;16;41;27;71;15.00;1;1;3;57;0;6008771;256;0
11;19;78;16;41;29;69;3.60;3;2;1;57;0;6008969;167;0
11;19;78;16;41;30;21;3.40;4;2;1;51;0;6009021;158;0
11;19;78;16;41;30;59;4.40;2;1;1;51;0;6009059;261;0
11;19;78;16;41;31;89;3.80;2;1;1;48;0;6009189;98;0
11;19;78;16;41;32;50;3.40;1;1;1;51;0;6009250;384;0
11;19;78;16;41;32;99;3.80;4;2;1;49;0;6009299;254;0
11;19;78;16;41;33;5;3.60;2;1;1;44;0;6009305;87;0
11;19;78;16;41;33;55;4.00;1;1;1;54;0;6009355;81;0
11;19;78;16;41;33;95;3.60;3;2;1;51;0;6009395;403;0
11;19;78;16;41;34;40;3.20;4;2;1;49;0;6009440;113;0
11;19;78;16;41;34;49;3.80;1;1;1;47;0;6009449;67;0
11;19;78;16;41;35;57;3.40;3;2;1;50;0;6009557;136;0
11;19;78;16;41;35;81;2.60;4;2;1;49;0;6009581;117;0
11;19;78;16;41;36;81;3.60;3;2;1;50;0;6009681;99;0
11;19;78;16;41;37;20;3.00;4;2;1;49;0;6009720;119;0
11;19;78;16;41;37;26;4.60;1;1;1;46;0;6009726;247;0
11;19;78;16;41;39;14;3.80;3;2;1;50;0;6009914;207;0
11;19;78;16;41;39;13;3.60;1;1;1;46;0;6009913;151;0
11;19;78;16;41;39;63;3.80;4;2;1;60;0;6009963;220;0
11;19;78;16;41;40;32;4.00;3;2;1;48;0;6010032;90;0
11;19;78;16;41;40;48;3.80;1;1;1;49;0;6010048;106;0
11;19;78;16;41;41;46;3.20;2;1;1;47;0;6010146;811;0
11;19;78;16;41;41;98;4.40;4;2;1;62;0;6010198;212;0
11;19;78;16;41;42;13;3.40;1;1;1;50;0;6010213;137;0
11;19;78;16;41;43;6;3.40;2;1;1;46;0;6010306;135;0
11;19;78;16;41;43;39;3.80;3;2;1;58;0;6010339;277;0
11;19;78;16;41;44;47;3.80;2;1;1;47;0;6010447;114;0
11;19;78;16;41;44;92;3.60;3;2;1;58;0;6010492;129;0
11;19;78;16;41;45;35;3.80;1;1;1;47;0;6010535;297;0
11;19;78;16;41;44;97;12.60;4;2;3;47;0;6010497;273;0
11;19;78;16;41;46;5;3.60;2;1;1;41;0;6010605;128;0
11;19;78;16;41;46;46;3.80;1;1;1;48;0;6010646;81;0
11;19;78;16;41;46;80;3.40;4;2;1;48;0;6010680;86;0
11;19;78;16;41;47;32;3.60;2;1;1;45;0;6010732;95;6010146
11;19;78;16;41;48;27;3.80;4;2;1;47;0;6010827;121;6010146
11;19;78;16;41;48;47;4.20;3;2;1;57;0;6010847;332;0
11;19;78;16;41;48;48;3.80;1;1;1;47;0;6010848;173;0
11;19;78;16;41;48;79;3.80;2;1;1;44;0;6010879;118;6010146
11;19;78;16;41;49;78;3.60;3;2;1;55;0;6010978;104;6010146
11;19;78;16;41;49;83;3.80;4;2;1;46;0;6010983;126;6010146
11;19;78;16;41;50;15;4.00;1;1;1;49;0;6011015;137;6010146
11;19;78;16;41;52;2;3.80;1;1;1;44;0;6011202;157;6010535
11;19;78;16;41;52;14;4.00;4;2;1;48;0;6011214;201;0
11;19;78;16;41;52;89;3.60;3;2;1;50;0;6011289;287;0
11;19;78;16;41;53;96;3.80;1;1;1;45;0;6011396;162;6010535
11;19;78;16;41;54;7;3.60;3;2;1;50;0;6011407;92;6010535
11;19;78;16;41;55;31;3.80;3;2;1;53;0;6011531;98;6010535
11;19;78;16;41;55;35;3.20;1;1;1;46;0;6011535;108;6010535
11;19;78;16;41;55;56;3.80;4;2;1;48;0;6011556;312;0
11;19;78;16;41;56;83;3.80;3;2;1;53;0;6011683;126;0
11;19;78;16;41;57;44;3.80;4;2;1;49;0;6011744;159;0
11;19;78;16;41;58;61;4.20;1;1;1;51;0;6011861;300;0
11;19;78;16;42;0;43;3.60;3;2;1;51;0;6012043;334;0
11;19;78;16;42;6;50;3.60;4;2;1;50;0;6012650;878;0
11;19;78;16;42;7;24;3.20;3;2;1;58;0;6012724;655;0
11;19;78;16;42;9;4;3.80;3;2;1;60;0;6012904;160;0
11;19;78;16;42;10;50;3.60;3;2;1;62;0;6013050;123;0
11;19;78;16;42;12;40;3.80;1;1;1;53;0;6013240;1349;0
11;19;78;16;42;18;26;3.80;2;1;1;52;0;6013826;2915;0
11;19;78;16;42;20;61;3.80;3;2;1;65;0;6014061;990;0
11;19;78;16;42;21;65;3.60;4;2;1;56;0;6014165;1489;0
11;19;78;16;42;21;89;3.60;2;1;1;52;0;6014189;336;0
11;19;78;16;42;23;14;3.80;4;2;1;57;0;6014314;125;0
11;19;78;16;42;24;78;3.20;4;2;1;55;0;6014478;140;0
11;19;78;16;42;25;10;4.00;3;2;1;56;0;6014510;427;0
11;19;78;16;42;26;55;3.00;4;2;1;53;0;6014655;156;0
11;19;78;16;42;27;28;3.40;3;2;1;57;0;6014728;192;0
11;19;78;16;42;28;82;3.80;3;2;1;57;0;6014882;132;0
11;19;78;16;42;30;84;3.60;4;2;1;53;0;6015084;408;0
11;19;78;16;42;30;98;3.80;4;2;1;53;0;6015098;-1;0
11;19;78;16;42;32;27;3.40;1;1;1;59;0;6015227;1961;0
11;19;78;16;42;32;26;3.20;4;2;1;56;0;6015226;102;0
11;19;78;16;42;33;38;3.60;4;2;1;57;0;6015338;91;0
11;19;78;16;42;40;42;4.00;1;1;1;61;0;6016042;794;0
11;19;78;16;42;41;23;3.60;2;1;1;55;0;6016123;1909;0
11;19;78;16;42;41;43;3.40;3;2;1;59;0;6016143;1237;0
11;19;78;16;42;42;68;4.20;1;1;1;60;0;6016268;202;0
11;19;78;16;42;45;52;3.40;1;1;1;57;0;6016552;258;0
11;19;78;16;42;45;81;3.60;2;1;1;56;0;6016581;434;0
11;19;78;16;42;45;92;3.60;3;2;1;66;0;6016592;428;0
11;19;78;16;42;48;68;3.60;2;1;1;56;0;6016868;263;0
11;19;78;16;42;51;71;3.80;1;1;1;49;0;6017171;597;0
11;19;78;16;42;52;79;5.60;2;1;1;57;0;6017279;387;0
11;19;78;16;42;53;12;3.80;1;1;1;47;0;6017312;113;0
11;19;78;16;42;53;4;14.20;4;2;3;60;0;6017304;1943;0
11;19;78;16;42;54;87;3.60;2;1;1;57;0;6017487;172;0
11;19;78;16;42;54;91;3.60;1;1;1;46;0;6017491;149;0
11;19;78;16;42;56;12;3.80;3;2;1;55;0;6017612;1000;0
11;19;78;16;42;56;51;3.60;4;2;1;59;0;6017651;261;0
11;19;78;16;42;56;58;3.40;2;1;1;56;0;6017658;148;0
11;19;78;16;42;56;87;3.20;1;1;1;46;0;6017687;167;0
11;19;78;16;42;56;90;3.60;3;2;1;54;0;6017690;53;0
11;19;78;16;42;58;21;3.00;3;2;1;54;0;6017821;107;0
11;19;78;16;42;58;17;3.80;1;1;1;46;0;6017817;104;6017171
11;19;78;16;42;58;34;3.40;4;2;1;55;0;6017834;161;6017171
11;19;78;16;42;59;0;3.60;2;1;1;55;0;6017900;220;0
11;19;78;16;42;59;27;3.20;3;2;1;56;0;6017927;86;0
11;19;78;16;42;59;21;4.20;1;1;1;47;0;6017921;74;6017171
11;19;78;16;43;0;10;4.00;4;2;1;59;0;6018010;153;6017171
11;19;78;16;43;0;32;3.40;3;2;1;57;0;6018032;84;6017612
11;19;78;16;43;0;36;3.40;2;1;1;52;0;6018036;112;6017612
11;19;78;16;43;0;83;3.80;1;1;1;46;0;6018083;129;6017171
11;19;78;16;43;1;24;3.80;3;2;1;55;0;6018124;70;6017612
11;19;78;16;43;2;44;3.60;2;1;1;48;0;6018244;184;6017612
11;19;78;16;43;2;48;3.40;1;1;1;43;0;6018248;135;6017171
11;19;78;16;43;2;92;4.00;3;2;1;55;0;6018292;143;6017612
11;19;78;16;43;4;11;3.60;3;2;1;57;0;6018411;92;6017612
11;19;78;16;43;4;11;3.60;1;1;1;42;0;6018411;134;6017171
11;19;78;16;43;5;53;2.80;2;1;1;48;0;6018553;282;0
11;19;78;16;43;6;17;3.80;3;2;1;59;0;6018617;183;6017612
11;19;78;16;43;6;49;3.40;1;1;1;43;0;6018649;207;0
11;19;78;16;43;6;96;3.60;2;1;1;47;0;6018696;122;0
11;19;78;16;43;8;7;3.40;4;2;1;54;0;6018807;772;0
11;19;78;16;43;8;14;3.60;2;1;1;45;0;6018814;90;0
11;19;78;16;43;8;23;4.20;3;2;1;61;0;6018823;182;6017612
11;19;78;16;43;8;96;3.60;1;1;1;41;0;6018896;218;0
11;19;78;16;43;9;59;4.00;2;1;1;46;0;6018959;116;0
11;19;78;16;43;10;2;3.40;4;2;1;56;0;6019002;172;0
11;19;78;16;43;10;47;3.60;1;1;1;42;0;6019047;119;0
11;19;78;16;43;11;16;3.20;4;2;1;54;0;6019116;92;0
11;19;78;16;43;11;80;8.60;2;1;6;45;0;6019180;189;6018553
11;19;78;16;43;12;21;3.20;1;1;1;43;0;6019221;143;6018553
11;19;78;16;43;12;42;3.60;4;2;1;55;0;6019242;104;6018553
11;19;78;16;43;13;19;3.60;2;1;1;43;0;6019319;70;6018553
11;19;78;16;43;14;18;3.60;1;1;1;43;0;6019418;170;6018553
11;19;78;16;43;14;55;3.60;4;2;1;54;0;6019455;189;6018807
11;19;78;16;43;14;62;3.40;2;1;1;44;0;6019462;112;6018553
11;19;78;16;43;15;21;5.20;3;2;1;56;0;6019521;673;0
11;19;78;16;43;16;14;3.80;4;2;1;53;0;6019614;135;6018807
11;19;78;16;43;16;7;3.40;1;1;1;43;0;6019607;158;6018896
11;19;78;16;43;16;14;3.00;2;1;1;43;0;6019614;124;6018553
11;19;78;16;43;16;79;3.60;3;2;1;53;0;6019679;124;6018553
11;19;78;16;43;17;14;3.40;2;1;1;44;0;6019714;74;6018553
11;19;78;16;43;17;84;4.00;4;2;1;50;0;6019784;144;6018807
11;19;78;16;43;18;60;3.40;1;1;1;42;0;6019860;224;0
11;19;78;16;43;19;20;4.00;4;2;1;49;0;6019920;107;6018807
11;19;78;16;43;19;28;3.80;2;1;1;43;0;6019928;186;6018553
11;19;78;16;43;20;26;3.60;3;2;1;60;0;6020026;322;0
11;19;78;16;43;20;84;3.80;1;1;1;41;0;6020084;194;0
11;19;78;16;43;21;2;3.60;4;2;1;49;0;6020102;152;6018807
11;19;78;16;43;20;91;3.40;2;1;1;41;0;6020091;131;6018553
11;19;78;16;43;21;99;4.00;3;2;1;60;0;6020199;151;6018553
11;19;78;16;43;22;37;4.00;1;1;1;38;0;6020237;119;6018553
11;19;78;16;43;22;70;3.60;2;1;1;40;0;6020270;149;6018553
11;19;78;16;43;22;83;3.80;4;2;1;51;0;6020283;154;6018807
11;19;78;16;43;24;2;3.60;3;2;1;60;0;6020402;179;6018807
11;19;78;16;43;24;46;3.80;1;1;1;40;0;6020446;171;6018807
11;19;78;16;43;24;95;3.80;4;2;1;54;0;6020495;185;6018807
11;19;78;16;43;25;16;3.00;2;1;1;43;0;6020516;213;0
11;19;78;16;43;25;91;3.60;1;1;1;37;0;6020591;110;6019860
11;19;78;16;43;27;57;3.80;3;2;1;59;0;6020757;333;0
11;19;78;16;43;27;28;3.40;1;1;1;33;0;6020728;101;6019860
11;19;78;16;43;28;50;4.20;4;2;1;53;0;6020850;329;0
11;19;78;16;43;30;82;3.60;3;2;1;67;0;6021082;301;0
11;19;78;16;43;31;92;3.60;4;2;1;73;0;6021192;313;0
11;19;78;16;43;33;76;3.80;3;2;1;59;0;6021376;274;0
11;19;78;16;43;34;70;3.20;1;1;1;53;0;6021470;704;0
11;19;78;16;43;34;87;4.00;2;1;1;56;0;6021487;945;0
11;19;78;16;43;35;84;4.60;3;2;1;63;0;6021584;184;0
11;19;78;16;43;35;18;11.20;4;2;3;43;0;6021518;308;0
11;19;78;16;43;36;29;3.20;2;1;1;54;0;6021629;116;0
11;19;78;16;43;37;17;3.20;4;2;1;43;0;6021717;105;0
11;19;78;16;43;37;45;3.80;3;2;1;58;0;6021745;134;0
11;19;78;16;43;39;12;4.20;3;2;1;56;0;6021912;143;0
11;19;78;16;43;39;72;3.40;4;2;1;45;0;6021972;228;0
11;19;78;16;43;40;64;3.40;3;2;1;52;0;6022064;125;6021376
11;19;78;16;43;41;33;11.40;1;1;3;49;0;6022133;641;0
11;19;78;16;43;42;64;3.80;4;2;1;43;0;6022264;264;0
11;19;78;16;43;43;15;3.20;3;2;1;53;0;6022315;227;0
11;19;78;16;43;44;75;8.80;4;2;2;43;0;6022475;179;0
11;19;78;16;43;45;68;3.60;1;1;1;47;0;6022568;351;0
11;19;78;16;43;46;79;3.60;2;1;1;58;0;6022679;1028;0
11;19;78;16;43;47;76;3.20;4;2;1;42;0;6022776;227;0
11;19;78;16;43;52;67;3.60;4;2;1;37;0;6023267;463;0
11;19;78;16;43;55;32;4.60;4;2;1;39;0;6023532;229;0
11;19;78;16;43;58;47;4.40;4;2;1;38;0;6023847;272;0
11;19;78;16;44;0;49;4.00;4;2;1;38;0;6024049;160;0
11;19;78;16;44;0;83;3.20;1;1;1;55;0;6024083;1487;0
11;19;78;16;44;1;91;3.80;2;1;1;61;0;6024191;1489;0
11;19;78;16;44;3;2;3.60;4;2;1;32;0;6024302;215;0
11;19;78;16;44;6;3;3.60;4;2;1;28;0;6024603;260;0
11;19;78;16;44;8;30;3.60;4;2;1;28;0;6024830;180;0
11;19;78;16;44;15;34;3.60;2;1;1;49;0;6025534;1320;0
11;19;78;16;44;22;83;2.80;4;2;1;35;0;6026283;1406;0
11;19;78;16;44;23;49;4.00;3;2;1;64;0;6026349;4012;0
11;19;78;16;44;24;60;3.80;1;1;1;60;0;6026460;2356;0
11;19;78;16;44;24;87;3.60;3;2;1;58;0;6026487;115;0
11;19;78;16;44;25;75;3.80;3;2;1;57;0;6026575;65;0
11;19;78;16;44;28;6;4.00;2;1;1;62;0;6026806;1245;0
11;19;78;16;44;29;0;3.20;4;2;1;48;0;6026900;588;0
11;19;78;16;44;29;46;3.20;3;2;1;66;0;6026946;347;0
11;19;78;16;44;31;75;4.00;4;2;1;51;0;6027175;251;0
11;19;78;16;44;33;28;3.40;3;2;1;58;0;6027328;364;0
11;19;78;16;44;34;5;3.20;4;2;1;48;0;6027405;201;0
11;19;78;16;44;36;2;3.80;3;2;1;58;0;6027602;252;0
11;19;78;16;44;37;64;3.60;3;2;1;59;0;6027764;138;0
11;19;78;16;44;38;72;3.20;4;2;1;54;0;6027872;443;0
11;19;78;16;44;39;20;3.80;3;2;1;55;0;6027920;134;0
11;19;78;16;44;40;15;3.40;1;1;1;54;0;6028015;1532;0
11;19;78;16;44;42;3;3.60;4;2;1;54;0;6028203;309;0
11;19;78;16;44;42;93;3.40;3;2;1;62;0;6028293;348;0
11;19;78;16;44;43;49;3.00;1;1;1;51;0;6028349;311;0
11;19;78;16;44;44;15;3.40;4;2;1;54;0;6028415;188;0
11;19;78;16;44;44;28;4.60;1;1;1;51;0;6028428;57;0
11;19;78;16;44;45;57;3.60;3;2;1;55;0;6028557;244;0
11;19;78;16;44;45;68;5.80;1;1;1;50;0;6028568;107;0
11;19;78;16;44;45;91;4.00;4;2;1;54;0;6028591;153;0
11;19;78;16;44;46;85;3.40;2;1;1;53;0;6028685;1855;0
11;19;78;16;44;47;18;3.80;3;2;1;56;0;6028718;137;0
11;19;78;16;44;48;0;4.00;2;1;1;54;0;6028800;91;0
11;19;78;16;44;48;21;3.40;4;2;1;55;0;6028821;203;0
11;19;78;16;44;48;36;3.80;3;2;1;55;0;6028836;93;0
11;19;78;16;44;49;27;3.20;2;1;1;56;0;6028927;100;0
11;19;78;16;44;49;98;3.60;4;2;1;53;0;6028998;154;0
11;19;78;16;44;50;12;3.60;3;2;1;54;0;6029012;151;0
11;19;78;16;44;50;76;3.60;1;1;1;52;0;6029076;466;0
11;19;78;16;44;51;92;3.40;2;1;1;56;0;6029192;244;0
11;19;78;16;44;52;29;3.00;3;2;1;58;0;6029229;193;6028557
11;19;78;16;44;52;67;3.60;1;1;1;51;0;6029267;166;6028557
11;19;78;16;44;53;57;3.40;3;2;1;57;0;6029357;109;6028557
11;19;78;16;44;53;75;3.00;4;2;1;51;0;6029375;352;0
11;19;78;16;44;53;72;3.00;1;1;1;50;0;6029372;79;0
11;19;78;16;44;54;34;3.00;2;1;1;54;0;6029434;220;0
11;19;78;16;44;54;52;3.20;3;2;1;57;0;6029452;73;6028557
11;19;78;16;44;54;91;3.40;4;2;1;51;0;6029491;94;6028557
11;19;78;16;44;55;48;3.60;2;1;1;52;0;6029548;94;6028557
11;19;78;16;44;55;87;3.40;1;1;1;55;0;6029587;193;6028557
11;19;78;16;44;56;40;2.80;3;2;1;57;0;6029640;167;6028557
11;19;78;16;44;57;30;3.40;4;2;1;53;0;6029730;215;0
11;19;78;16;44;57;27;4.00;2;1;1;54;0;6029727;154;0
11;19;78;16;44;57;49;3.80;3;2;1;57;0;6029749;91;6028557
11;19;78;16;44;58;79;3.60;4;2;1;51;0;6029879;125;6028557
11;19;78;16;44;59;1;5.20;3;2;1;60;0;6029901;128;6028557
11;19;78;16;44;59;64;3.60;2;1;1;53;0;6029964;210;0
11;19;78;16;44;58;45;20.20;1;1;5;42;0;6029845;235;0
11;19;78;16;45;0;22;3.40;4;2;1;50;0;6030022;117;0
11;19;78;16;45;0;35;10.60;3;2;2;58;0;6030035;102;6028557
11;19;78;16;45;1;51;3.60;1;1;1;42;0;6030151;132;6028557
11;19;78;16;45;1;54;5.00;4;2;1;52;0;6030154;107;6028557
11;19;78;16;45;1;68;5.40;2;1;1;52;0;6030168;179;6028557
11;19;78;16;45;1;99;3.20;3;2;1;57;0;6030199;98;6028557
11;19;78;16;45;2;60;3.40;1;1;1;42;0;6030260;78;6028557
11;19;78;16;45;3;6;5.00;4;2;1;48;0;6030306;117;6029730
11;19;78;16;45;3;33;3.80;2;1;1;52;0;6030333;127;6029730
11;19;78;16;45;3;80;3.60;1;1;1;44;0;6030380;90;6029730
11;19;78;16;45;3;90;3.80;3;2;1;57;0;6030390;170;6028557
11;19;78;16;45;4;65;4.00;2;1;1;50;0;6030465;105;6028557
11;19;78;16;45;5;40;3.80;4;2;1;50;0;6030540;196;6029730
11;19;78;16;45;5;46;3.20;3;2;1;55;0;6030546;132;6028557
11;19;78;16;45;5;45;3.20;1;1;1;44;0;6030545;135;6029845
11;19;78;16;45;7;2;3.40;3;2;1;56;0;6030702;135;6028557
11;19;78;16;45;7;27;3.60;2;1;1;48;0;6030727;233;0
11;19;78;16;45;7;29;3.40;4;2;1;51;0;6030729;161;6029730
11;19;78;16;45;8;69;3.80;4;2;1;51;0;6030869;116;6029730
11;19;78;16;45;8;56;3.60;1;1;1;39;0;6030856;284;0
11;19;78;16;45;8;82;3.00;2;1;1;47;0;6030882;128;0
11;19;78;16;45;10;6;3.60;4;2;1;52;0;6031006;110;6029730
11;19;78;16;45;10;5;3.60;1;1;1;40;0;6031005;115;6029730
11;19;78;16;45;10;65;3.60;2;1;1;46;0;6031065;160;6029730
11;19;78;16;45;10;86;3.80;3;2;1;54;0;6031086;362;0
11;19;78;16;45;11;54;3.80;1;1;1;42;0;6031154;116;0
11;19;78;16;45;12;11;3.00;4;2;1;52;0;6031211;180;6029730
11;19;78;16;45;12;68;3.20;2;1;1;46;0;6031268;174;6029730
11;19;78;16;45;12;71;3.40;3;2;1;54;0;6031271;159;6029730
11;19;78;16;45;13;3;3.40;1;1;1;42;0;6031303;116;6029730
11;19;78;16;45;13;55;3.40;4;2;1;53;0;6031355;123;6029730
11;19;78;16;45;14;33;3.40;2;1;1;44;0;6031433;139;6030727
11;19;78;16;45;15;5;3.60;3;2;1;53;0;6031505;211;0
11;19;78;16;45;15;23;3.60;1;1;1;40;0;6031523;190;6030856
11;19;78;16;45;15;47;3.60;2;1;1;44;0;6031547;86;6030727
11;19;78;16;45;17;21;3.20;2;1;1;44;0;6031721;144;6030727
11;19;78;16;45;17;66;4.60;4;2;1;55;0;6031766;387;0
11;19;78;16;45;18;45;2.00;1;1;0;44;1;6031845;289;0
11;19;78;16;45;19;94;3.60;1;1;1;46;0;6031994;438;0
11;19;78;16;45;20;4;8.80;2;1;2;39;0;6032004;256;0
11;19;78;16;45;20;99;3.80;1;1;1;46;0;6032099;76;0
11;19;78;16;45;21;82;3.40;2;1;1;40;0;6032182;96;0
11;19;78;16;45;22;16;3.40;4;2;1;57;0;6032216;419;0
11;19;78;16;45;22;33;4.00;1;1;1;47;0;6032233;104;0
11;19;78;16;45;24;9;3.60;2;1;1;40;0;6032409;196;0
11;19;78;16;45;25;0;3.20;1;1;1;45;0;6032500;236;0
11;19;78;16;45;25;53;3.60;2;1;1;40;0;6032553;111;0
11;19;78;16;45;26;3;3.20;4;2;1;57;0;6032603;365;0
11;19;78;16;45;26;72;3.80;1;1;1;48;0;6032672;146;0
11;19;78;16;45;29;1;3.60;2;1;1;40;0;6032901;315;0
11;19;78;16;45;30;38;3.40;1;1;1;41;0;6033038;337;0
11;19;78;16;45;31;94;3.20;1;1;1;41;0;6033194;126;0
11;19;78;16;45;33;67;4.20;3;2;1;54;0;6033367;1837;0
11;19;78;16;45;34;13;3.20;1;1;1;40;0;6033413;190;0
11;19;78;16;45;34;47;3.20;2;1;1;35;0;6033447;513;0
11;19;78;16;45;35;76;3.20;2;1;1;33;0;6033576;96;0
11;19;78;16;45;36;45;3.60;3;2;1;57;0;6033645;250;0
11;19;78;16;45;36;66;3.20;1;1;1;38;0;6033666;224;0
11;19;78;16;45;37;73;3.80;2;1;1;32;0;6033773;162;0
11;19;78;16;45;38;59;3.80;3;2;1;60;0;6033859;191;0
11;19;78;16;45;38;55;3.20;1;1;1;38;0;6033855;158;0
11;19;78;16;45;39;47;3.20;2;1;1;33;0;6033947;131;0
11;19;78;16;45;39;78;3.60;3;2;1;59;0;6033978;96;0
11;19;78;16;45;40;78;3.60;2;1;1;31;0;6034078;96;6033447
11;19;78;16;45;41;42;3.80;1;1;1;36;0;6034142;256;0
11;19;78;16;45;42;36;3.60;3;2;1;62;0;6034236;236;0
11;19;78;16;45;42;48;3.60;2;1;1;30;0;6034248;128;6033447
11;19;78;16;45;43;73;3.60;3;2;1;62;0;6034373;116;6033447
11;19;78;16;45;43;59;3.60;1;1;1;36;0;6034359;179;6033447
11;19;78;16;45;44;20;3.40;2;1;1;32;0;6034420;128;6033447
11;19;78;16;45;44;90;4.00;1;1;1;37;0;6034490;95;6033447
11;19;78;16;45;45;98;4.40;2;1;1;35;0;6034598;139;6033447
11;19;78;16;45;47;5;3.60;1;1;1;38;0;6034705;176;6033447
11;19;78;16;45;48;64;3.60;1;1;1;42;0;6034864;124;6034142
11;19;78;16;45;50;13;3.60;1;1;1;43;0;6035013;118;6034142
11;19;78;16;45;52;28;3.60;1;1;1;37;0;6035228;184;6034142
11;19;78;16;45;52;60;3.40;4;2;1;52;0;6035260;2636;0
11;19;78;16;45;54;23;3.60;4;2;1;53;0;6035423;139;0
11;19;78;16;45;54;54;3.60;1;1;1;35;0;6035454;190;6034142
11;19;78;16;45;55;26;3.80;2;1;1;53;0;6035526;882;0
11;19;78;16;45;55;71;3.60;1;1;1;34;0;6035571;79;6034142
11;19;78;16;45;57;43;3.60;3;2;1;61;0;6035743;1349;0
11;19;78;16;45;57;67;14.20;4;2;4;53;0;6035767;319;0
11;19;78;16;45;58;75;5.60;1;1;1;34;0;6035875;265;0
11;19;78;16;46;0;0;3.40;4;2;1;51;0;6036000;136;0
11;19;78;16;46;0;13;3.60;2;1;1;43;0;6036013;461;0
11;19;78;16;46;0;64;3.40;1;1;1;36;0;6036064;129;0
11;19;78;16;46;2;16;4.00;2;1;1;41;0;6036216;172;0
11;19;78;16;46;3;64;3.80;1;1;1;37;0;6036364;266;0
11;19;78;16;46;3;42;12.60;4;2;3;49;0;6036342;318;0
11;19;78;16;46;4;22;3.80;2;1;1;41;0;6036422;170;0
11;19;78;16;46;6;19;3.60;2;1;1;40;0;6036619;163;0
11;19;78;16;46;7;23;3.40;3;2;1;70;0;6036723;958;0
11;19;78;16;46;7;4;3.60;1;1;1;32;0;6036704;303;0
11;19;78;16;46;7;80;7.80;4;2;6;49;0;6036780;345;0
11;19;78;16;46;9;64;3.40;1;1;1;30;0;6036964;219;0
11;19;78;16;46;10;54;3.20;3;2;1;63;0;6037054;313;0
11;19;78;16;46;10;63;3.20;4;2;1;49;0;6037063;225;0
11;19;78;16;46;12;44;3.20;3;2;1;57;0;6037244;171;0
11;19;78;16;46;12;27;3.80;1;1;1;30;0;6037227;222;0
11;19;78;16;46;13;88;3.80;3;2;1;58;0;6037388;123;0
11;19;78;16;46;15;43;4.80;3;2;1;57;0;6037543;131;0
11;19;78;16;46;18;0;3.40;3;2;1;67;0;6037800;226;0
11;19;78;16;46;18;14;3.60;4;2;1;53;0;6037814;727;0
11;19;78;16;46;18;41;3.60;1;1;1;45;0;6037841;568;0
11;19;78;16;46;19;61;3.40;4;2;1;52;0;6037961;122;0
11;19;78;16;46;20;80;3.60;4;2;1;53;0;6038080;95;0
11;19;78;16;46;21;20;3.60;3;2;1;62;0;6038120;301;0
11;19;78;16;46;22;32;3.40;4;2;1;53;0;6038232;127;0
11;19;78;16;46;22;52;3.60;3;2;1;60;0;6038252;111;0
11;19;78;16;46;24;11;3.20;3;2;1;59;0;6038411;137;0
11;19;78;16;46;24;60;3.40;4;2;1;52;0;6038460;204;0
11;19;78;16;46;25;86;3.20;4;2;1;52;0;6038586;102;0
11;19;78;16;46;26;33;3.80;3;2;1;54;0;6038633;202;0
11;19;78;16;46;27;26;3.60;4;2;1;47;0;6038726;117;0
11;19;78;16;46;27;73;3.60;3;2;1;53;0;6038773;114;0
11;19;78;16;46;29;17;3.40;4;2;1;48;0;6038917;163;0
11;19;78;16;46;30;7;3.20;3;2;1;55;0;6039007;209;0
11;19;78;16;46;30;95;3.00;4;2;1;48;0;6039095;152;6038460
11;19;78;16;46;31;18;3.60;3;2;1;56;0;6039118;90;6038460
11;19;78;16;46;32;32;3.80;3;2;1;56;0;6039232;90;6038460
11;19;78;16;46;32;52;3.80;4;2;1;47;0;6039252;134;6038460
11;19;78;16;46;33;75;3.20;3;2;1;53;0;6039375;118;6038460
11;19;78;16;46;33;93;3.80;4;2;1;47;0;6039393;111;6038460
11;19;78;16;46;34;94;4.40;3;2;1;56;0;6039494;97;6039007
11;19;78;16;46;35;87;3.80;3;2;1;54;0;6039587;64;6039007
11;19;78;16;46;35;94;3.60;4;2;1;46;0;6039594;171;6038460
11;19;78;16;46;37;23;3.20;3;2;1;55;0;6039723;110;6039007
11;19;78;16;46;37;91;3.60;1;1;1;61;0;6039791;1921;0
11;19;78;16;46;38;49;3.80;3;2;1;54;0;6039849;105;6039007
11;19;78;16;46;39;46;3.60;4;2;1;48;0;6039946;323;0
11;19;78;16;46;39;65;3.80;1;1;1;61;0;6039965;152;0
11;19;78;16;46;40;81;3.40;4;2;1;48;0;6040081;108;0
11;19;78;16;46;42;20;3.80;4;2;1;49;0;6040220;113;0
11;19;78;16;46;42;29;3.60;3;2;1;59;0;6040229;354;0
11;19;78;16;46;43;25;3.40;1;1;1;59;0;6040325;337;0
11;19;78;16;46;43;66;3.00;2;1;1;58;0;6040366;3714;0
11;19;78;16;46;44;10;3.40;3;2;1;57;0;6040410;159;0
11;19;78;16;46;44;13;3.40;4;2;1;48;0;6040413;165;0
11;19;78;16;46;44;80;4.00;2;1;1;58;0;6040480;95;0
11;19;78;16;46;45;63;6.40;4;2;1;47;0;6040563;124;6039946
11;19;78;16;46;46;4;3.60;3;2;1;55;0;6040604;172;6039946
11;19;78;16;46;46;85;3.20;4;2;1;47;0;6040685;72;6039946
11;19;78;16;46;46;99;3.60;3;2;1;55;0;6040699;71;6039946
11;19;78;16;46;46;90;4.80;1;1;1;55;0;6040690;344;0
11;19;78;16;46;47;39;3.80;2;1;1;55;0;6040739;234;0
11;19;78;16;46;48;78;3.20;3;2;1;58;0;6040878;155;6040229
11;19;78;16;46;49;0;4.00;1;1;1;55;0;6040900;178;6040229
11;19;78;16;46;49;33;3.60;4;2;1;46;0;6040933;223;0
11;19;78;16;46;49;48;3.40;2;1;1;55;0;6040948;184;0
11;19;78;16;46;50;41;3.80;1;1;1;54;0;6041041;114;0
11;19;78;16;46;51;81;3.20;2;1;1;56;0;6041181;210;0
11;19;78;16;46;51;71;3.40;1;1;1;50;0;6041171;104;0
11;19;78;16;46;52;63;6.40;4;2;1;47;0;6041263;301;0
11;19;78;16;46;53;35;3.20;1;1;1;48;0;6041335;139;6040690
11;19;78;16;46;53;11;9.20;2;1;2;61;0;6041311;109;6040690
11;19;78;16;46;54;26;3.80;4;2;1;49;0;6041426;113;6040690
11;19;78;16;46;55;4;3.80;1;1;1;48;0;6041504;145;6040690
11;19;78;16;46;56;37;3.60;2;1;1;58;0;6041637;271;0
11;19;78;16;46;56;32;3.80;1;1;1;51;0;6041632;99;6040690
11;19;78;16;46;57;74;3.60;3;2;1;54;0;6041774;876;0
11;19;78;16;46;58;15;3.60;2;1;1;58;0;6041815;155;0
11;19;78;16;46;59;25;3.60;4;2;1;41;0;6041925;471;0
11;19;78;16;47;0;19;3.60;2;1;1;57;0;6042019;181;0
11;19;78;16;47;0;78;3.20;1;1;1;51;0;6042078;419;0
11;19;78;16;47;1;7;4.20;2;1;1;53;0;6042107;65;0
11;19;78;16;47;1;96;3.60;1;1;1;48;0;6042196;95;0
11;19;78;16;47;2;46;3.80;2;1;1;54;0;6042246;110;6041637
11;19;78;16;47;3;83;4.60;4;2;1;45;0;6042383;426;0
11;19;78;16;47;4;18;3.80;1;1;1;49;0;6042418;195;0
11;19;78;16;47;4;65;3.80;2;1;1;52;0;6042465;193;6041637
11;19;78;16;47;7;49;3.80;2;1;1;52;0;6042749;257;0
11;19;78;16;47;8;78;3.80;2;1;1;52;0;6042878;102;0
11;19;78;16;47;13;1;3.80;2;1;1;52;0;6043301;396;0
11;19;78;16;47;16;44;3.40;2;1;1;70;0;6043644;316;0
11;19;78;16;47;17;36;3.60;4;2;1;61;0;6043736;1316;0
11;19;78;16;47;19;78;3.40;3;2;1;57;0;6043978;2180;0
11;19;78;16;47;19;96;4.00;2;1;1;54;0;6043996;334;0
11;19;78;16;47;21;59;3.40;4;2;1;56;0;6044159;401;0
11;19;78;16;47;23;58;3.80;3;2;1;66;0;6044358;358;0
11;19;78;16;47;23;22;12.60;1;1;3;51;0;6044322;1876;0
11;19;78;16;47;25;0;3.60;3;2;1;63;0;6044500;121;0
11;19;78;16;47;23;92;20.20;4;2;5;56;0;6044392;211;0
11;19;78;16;47;25;80;3.40;1;1;1;51;0;6044580;169;0
11;19;78;16;47;26;58;3.80;2;1;1;54;0;6044658;635;0
11;19;78;16;47;27;28;3.40;3;2;1;60;0;6044728;207;0
11;19;78;16;47;28;2;5.20;2;1;1;53;0;6044802;118;0
11;19;78;16;47;28;79;3.80;1;1;1;48;0;6044879;275;0
11;19;78;16;47;31;76;5.00;4;2;1;55;0;6045176;654;0
11;19;78;16;47;34;0;3.20;4;2;1;53;0;6045400;191;0
11;19;78;16;47;34;81;3.60;1;1;1;50;0;6045481;573;0
11;19;78;16;47;34;86;3.80;2;1;1;54;0;6045486;648;0
11;19;78;16;47;35;58;7.20;4;2;1;53;0;6045558;136;0
11;19;78;16;47;35;83;3.80;1;1;1;49;0;6045583;76;0
11;19;78;16;47;37;33;3.40;2;1;1;62;0;6045733;221;0
11;19;78;16;47;37;81;3.20;1;1;1;50;0;6045781;170;0
11;19;78;16;47;37;69;3.60;4;2;1;54;0;6045769;162;0
11;19;78;16;47;39;29;3.60;1;1;1;50;0;6045929;124;0
11;19;78;16;47;41;38;3.80;1;1;1;54;0;6046138;183;6045481
11;19;78;16;47;47;96;5.00;4;2;1;62;0;6046796;1003;0
11;19;78;16;47;49;82;3.60;4;2;1;61;0;6046982;156;0
11;19;78;16;47;50;17;4.20;3;2;1;62;0;6047017;2268;0
11;19;78;16;47;51;14;4.00;2;1;1;61;0;6047114;1361;0
11;19;78;16;47;52;2;4.80;3;2;1;61;0;6047202;160;0
11;19;78;16;47;52;18;3.80;4;2;1;57;0;6047218;214;0
11;19;78;16;47;53;63;3.00;3;2;1;61;0;6047363;132;0
11;19;78;16;47;55;34;4.00;3;2;1;62;0;6047534;153;0
11;19;78;16;47;55;54;3.80;4;2;1;60;0;6047554;312;0
11;19;78;16;47;57;36;3.80;4;2;1;56;0;6047736;159;0
11;19;78;16;47;57;65;3.80;3;2;1;58;0;6047765;207;0
11;19;78;16;47;56;99;12.60;1;1;3;53;0;6047699;1535;0
11;19;78;16;47;58;63;3.80;4;2;1;56;0;6047863;102;0
11;19;78;16;47;59;89;3.00;2;1;1;53;0;6047989;851;0
11;19;78;16;48;1;32;3.40;3;2;1;61;0;6048132;343;0
11;19;78;16;48;2;84;3.40;3;2;1;58;0;6048284;131;0
11;19;78;16;48;3;22;3.80;4;2;1;54;0;6048322;434;0
11;19;78;16;48;4;21;3.60;4;2;1;54;0;6048421;73;0
11;19;78;16;48;4;50;3.40;3;2;1;59;0;6048450;144;0
11;19;78;16;48;6;2;3.80;3;2;1;62;0;6048602;131;0
11;19;78;16;48;5;44;14.60;1;1;4;45;0;6048544;759;0
11;19;78;16;48;7;95;3.80;3;2;1;57;0;6048795;170;6048132
11;19;78;16;48;8;10;3.00;4;2;1;55;0;6048810;365;0
11;19;78;16;48;9;35;3.60;3;2;1;58;0;6048935;116;6048132
11;19;78;16;48;10;31;3.80;4;2;1;59;0;6049031;201;0
11;19;78;16;48;10;84;3.60;3;2;1;58;0;6049084;126;6048132
11;19;78;16;48;12;1;3.40;3;2;1;57;0;6049201;94;6048132
11;19;78;16;48;12;54;3.60;4;2;1;55;0;6049254;199;6048132
11;19;78;16;48;13;32;3.00;3;2;1;58;0;6049332;109;6048132
11;19;78;16;48;13;93;3.60;4;2;1;56;0;6049393;115;6048132
11;19;78;16;48;14;19;4.00;3;2;1;56;0;6049419;68;6048132
11;19;78;16;48;16;14;3.60;4;2;1;53;0;6049614;197;6048132
11;19;78;16;48;18;16;3.60;3;2;1;62;0;6049816;371;0
11;19;78;16;48;18;54;3.00;4;2;1;55;0;6049854;215;0
11;19;78;16;48;18;67;3.80;2;1;1;58;0;6049867;1857;0
11;19;78;16;48;19;52;4.60;1;1;1;58;0;6049952;1291;0
11;19;78;16;48;19;99;5.60;4;2;1;55;0;6049999;125;0
11;19;78;16;48;20;81;3.20;3;2;1;59;0;6050081;244;0
11;19;78;16;48;21;99;3.00;3;2;1;62;0;6050199;98;0
11;19;78;16;48;23;87;8.40;4;2;2;53;0;6050387;351;0
11;19;78;16;48;24;90;3.40;3;2;1;58;0;6050490;273;0
11;19;78;16;48;25;90;3.80;4;2;1;52;0;6050590;145;0
11;19;78;16;48;26;24;3.20;3;2;1;58;0;6050624;112;0
11;19;78;16;48;28;30;3.60;1;1;1;62;0;6050830;849;0
11;19;78;16;48;28;96;3.20;4;2;1;55;0;6050896;279;0
11;19;78;16;48;30;88;4.60;3;2;1;57;0;6051088;444;0
11;19;78;16;48;31;6;3.60;4;2;1;54;0;6051106;189;0
11;19;78;16;48;32;8;4.80;3;2;1;57;0;6051208;90;0
11;19;78;16;48;32;70;3.60;4;2;1;54;0;6051270;140;0
11;19;78;16;48;34;83;3.20;4;2;1;55;0;6051483;189;0
11;19;78;16;48;36;80;3.60;4;2;1;50;0;6051680;176;6050896
11;19;78;16;48;39;27;3.60;1;1;1;57;0;6051927;1076;0
11;19;78;16;48;39;40;3.60;2;1;1;56;0;6051940;2049;0
11;19;78;16;48;40;15;4.00;1;1;1;57;0;6052015;65;0
11;19;78;16;48;40;44;3.60;2;1;1;54;0;6052044;80;0
11;19;78;16;48;41;65;3.40;2;1;1;54;0;6052165;97;0
11;19;78;16;48;42;21;3.00;4;2;1;53;0;6052221;515;0
11;19;78;16;48;42;27;3.60;1;1;1;56;0;6052227;186;0
11;19;78;16;48;42;87;3.80;2;1;1;55;0;6052287;99;0
11;19;78;16;48;43;0;3.00;1;1;1;56;0;6052300;49;0
11;19;78;16;48;44;48;3.40;1;1;1;52;0;6052448;128;6051927
11;19;78;16;48;44;52;3.80;4;2;1;57;0;6052452;210;0
11;19;78;16;48;45;28;3.80;2;1;1;55;0;6052528;216;0
11;19;78;16;48;45;74;4.00;1;1;1;52;0;6052574;102;6051927
11;19;78;16;48;46;53;3.40;2;1;1;55;0;6052653;100;6051927
11;19;78;16;48;46;91;3.40;1;1;1;52;0;6052691;89;6051927
11;19;78;16;48;47;80;3.20;4;2;1;61;0;6052780;304;0
11;19;78;16;48;47;90;3.80;2;1;1;53;0;6052790;114;0
11;19;78;16;48;49;13;3.20;2;1;1;55;0;6052913;97;0
11;19;78;16;48;50;71;3.80;2;1;1;57;0;6053071;137;6052528
11;19;78;16;48;52;27;3.20;1;1;1;52;0;6053227;512;0
11;19;78;16;48;52;41;3.60;2;1;1;57;0;6053241;146;6052528
11;19;78;16;48;54;30;3.40;1;1;1;53;0;6053430;180;6052528
11;19;78;16;48;54;55;3.20;2;1;1;55;0;6053455;191;6052528
11;19;78;16;48;56;47;4.40;1;1;1;54;0;6053647;193;6052528
11;19;78;16;48;57;31;3.60;2;1;1;54;0;6053731;255;0
11;19;78;16;48;58;21;3.60;1;1;1;52;0;6053821;144;0
11;19;78;16;48;59;6;3.80;2;1;1;52;0;6053906;151;0
11;19;78;16;48;59;68;3.60;1;1;1;52;0;6053968;122;6053227
11;19;78;16;49;0;6;3.80;4;2;1;55;0;6054006;1207;0
11;19;78;16;49;1;14;3.60;2;1;1;53;0;6054114;181;0
11;19;78;16;49;2;27;3.40;2;1;1;53;0;6054227;88;0
11;19;78;16;49;3;7;3.80;1;1;1;48;0;6054307;314;0
11;19;78;16;49;3;94;3.60;2;1;1;53;0;6054394;143;6053731
11;19;78;16;49;4;58;4.40;4;2;1;55;0;6054458;427;0
11;19;78;16;49;5;4;3.40;3;2;1;59;0;6054504;3265;0
11;19;78;16;49;4;91;3.80;1;1;1;48;0;6054491;155;0
11;19;78;16;49;5;70;4.00;2;1;1;54;0;6054570;151;6053731
11;19;78;16;49;6;98;3.60;1;1;1;46;0;6054698;178;6053731
11;19;78;16;49;7;21;3.20;4;2;1;58;0;6054721;234;0
11;19;78;16;49;7;36;3.40;3;2;1;63;0;6054736;211;0
11;19;78;16;49;8;25;3.60;1;1;1;44;0;6054825;98;0
11;19;78;16;49;9;95;3.60;1;1;1;42;0;6054995;140;6054307
11;19;78;16;49;10;14;3.40;4;2;1;55;0;6055014;273;0
11;19;78;16;49;11;38;3.40;1;1;1;43;0;6055138;112;6054307
11;19;78;16;49;11;57;3.60;2;1;1;51;0;6055157;560;0
11;19;78;16;49;12;60;3.60;2;1;1;49;0;6055260;77;0
11;19;78;16;49;13;75;3.60;2;1;1;49;0;6055375;88;0
11;19;78;16;49;14;58;3.20;1;1;1;43;0;6055458;291;0
11;19;78;16;49;15;61;3.60;2;1;1;45;0;6055561;159;0
11;19;78;16;49;15;73;3.20;1;1;1;42;0;6055573;88;0
11;19;78;16;49;17;82;3.40;1;1;1;43;0;6055782;181;0
11;19;78;16;49;18;4;4.00;2;1;1;47;0;6055804;214;0
11;19;78;16;49;19;25;4.40;2;1;1;46;0;6055925;90;0
11;19;78;16;49;20;81;3.40;2;1;1;44;0;6056081;121;0
11;19;78;16;49;21;36;3.80;1;1;1;57;0;6056136;325;0
11;19;78;16;49;25;17;3.00;1;1;1;51;0;6056517;357;0
11;19;78;16;49;26;10;4.00;3;2;1;68;0;6056610;1854;0
11;19;78;16;49;26;66;3.80;1;1;1;46;0;6056666;127;0
11;19;78;16;49;27;87;2.40;4;2;1;64;0;6056787;1750;0
11;19;78;16;49;27;96;3.60;2;1;1;52;0;6056796;687;0
11;19;78;16;49;28;62;3.40;1;1;1;50;0;6056862;166;0
11;19;78;16;49;29;95;3.60;4;2;1;61;0;6056995;194;0
11;19;78;16;49;31;57;5.60;1;1;1;55;0;6057157;270;0
11;19;78;16;49;31;87;4.00;4;2;1;58;0;6057187;170;0
11;19;78;16;49;33;29;3.40;4;2;1;58;0;6057329;117;0
11;19;78;16;49;34;29;3.60;1;1;1;57;0;6057429;235;0
11;19;78;16;49;35;35;3.20;4;2;1;59;0;6057535;184;6056787
11;19;78;16;49;35;19;5.60;1;1;1;56;0;6057519;67;6056787
11;19;78;16;49;37;46;5.00;2;1;1;50;0;6057746;925;0
11;19;78;16;49;38;2;3.00;4;2;1;61;0;6057802;247;0
11;19;78;16;49;39;33;4.00;4;2;1;57;0;6057933;113;0
11;19;78;16;49;41;19;10.20;3;2;2;55;0;6058119;1487;0
11;19;78;16;49;42;78;3.60;3;2;1;55;0;6058278;92;0
11;19;78;16;49;43;13;3.80;4;2;1;58;0;6058313;354;0
11;19;78;16;49;43;96;3.60;3;2;1;55;0;6058396;94;0
11;19;78;16;49;44;60;3.40;4;2;1;55;0;6058460;123;0
11;19;78;16;49;45;35;3.60;3;2;1;55;0;6058535;115;0
11;19;78;16;49;45;87;3.40;4;2;1;55;0;6058587;104;0
11;19;78;16;49;47;13;4.80;4;2;1;53;0;6058713;103;0
11;19;78;16;49;47;25;3.60;3;2;1;54;0;6058725;166;6058119
11;19;78;16;49;48;50;3.40;3;2;1;54;0;6058850;101;6058119
11;19;78;16;49;48;98;3.20;4;2;1;56;0;6058898;152;6058313
11;19;78;16;49;49;64;3.60;1;1;1;57;0;6058964;1409;0
11;19;78;16;49;49;90;3.60;3;2;1;57;0;6058990;117;6058119
11;19;78;16;49;50;24;3.60;4;2;1;53;0;6059024;105;6058313
11;19;78;16;49;52;23;3.60;3;2;1;54;0;6059223;210;0
11;19;78;16;49;53;38;3.20;2;1;1;56;0;6059338;1556;0
11;19;78;16;49;53;89;3.20;3;2;1;54;0;6059389;142;0
11;19;78;16;49;55;7;2.80;4;2;1;60;0;6059507;458;0
11;19;78;16;49;55;83;3.60;3;2;1;53;0;6059583;172;0
11;19;78;16;49;56;94;4.00;3;2;1;52;0;6059694;86;0
11;19;78;16;49;57;8;4.00;4;2;1;57;0;6059708;184;0
11;19;78;16;49;58;89;3.20;3;2;1;52;0;6059889;167;6059223
11;19;78;16;50;0;49;3.60;3;2;1;53;0;6060049;137;6059223
11;19;78;16;50;0;57;4.80;4;2;1;57;0;6060057;323;0
11;19;78;16;50;1;48;3.60;3;2;1;55;0;6060148;74;6059223
11;19;78;16;50;2;32;3.60;4;2;1;54;0;6060232;144;6059223
11;19;78;16;50;3;31;4.20;3;2;1;53;0;6060331;159;6059223
11;19;78;16;50;4;35;3.80;4;2;1;58;0;6060435;179;6059223
11;19;78;16;50;6;13;3.20;3;2;1;54;0;6060613;253;0
11;19;78;16;50;19;21;3.60;1;1;1;57;0;6061921;2934;0
11;19;78;16;50;20;82;3.60;4;2;1;59;0;6062082;1623;0
11;19;78;16;50;25;50;3.80;1;1;1;57;0;6062550;606;0
11;19;78;16;50;26;0;3.60;3;2;1;63;0;6062600;1965;0
11;19;78;16;50;28;34;3.60;4;2;1;54;0;6062834;730;0
11;19;78;16;50;28;50;4.80;1;1;1;57;0;6062850;276;0
11;19;78;16;50;30;7;3.60;4;2;1;55;0;6063007;149;0
11;19;78;16;50;32;17;3.80;2;1;1;49;0;6063217;3858;0
11;19;78;16;50;33;6;3.60;1;1;1;56;0;6063306;425;0
11;19;78;16;50;33;25;3.80;2;1;1;50;0;6063325;80;0
11;19;78;16;50;34;39;3.40;1;1;1;56;0;6063439;109;0
11;19;78;16;50;34;35;3.80;2;1;1;47;0;6063435;82;0
11;19;78;16;50;35;50;3.40;2;1;1;49;0;6063550;85;0
11;19;78;16;50;35;91;3.60;1;1;1;56;0;6063591;130;0
11;19;78;16;50;36;91;3.80;4;2;1;63;0;6063691;660;0
11;19;78;16;50;36;97;5.20;2;1;1;54;0;6063697;122;6063217
11;19;78;16;50;38;1;3.60;2;1;1;56;0;6063801;69;6063217
11;19;78;16;50;39;7;3.60;2;1;1;52;0;6063907;82;6063217
11;19;78;16;50;39;60;4.00;1;1;1;52;0;6063960;345;0
11;19;78;16;50;39;65;4.80;3;2;1;59;0;6063965;1344;0
11;19;78;16;50;39;79;3.60;4;2;1;59;0;6063979;266;0
11;19;78;16;50;41;13;3.60;2;1;1;51;0;6064113;181;6063217
11;19;78;16;50;41;22;4.80;4;2;1;57;0;6064122;121;6063217
11;19;78;16;50;42;31;3.80;2;1;1;52;0;6064231;92;6063217
11;19;78;16;50;42;30;13.60;1;1;4;46;0;6064230;242;0
11;19;78;16;50;43;28;3.60;4;2;1;56;0;6064328;175;0
11;19;78;16;50;43;94;3.60;2;1;1;50;0;6064394;136;6063217
11;19;78;16;50;44;91;3.80;1;1;1;47;0;6064491;154;6063217
11;19;78;16;50;46;20;4.20;4;2;1;58;0;6064620;268;0
11;19;78;16;50;46;19;3.40;2;1;1;47;0;6064619;199;6063217
11;19;78;16;50;46;27;3.80;1;1;1;45;0;6064627;106;6063217
11;19;78;16;50;47;12;3.60;3;2;1;59;0;6064712;717;0
11;19;78;16;50;47;53;3.80;2;1;1;46;0;6064753;107;6063217
11;19;78;16;50;47;85;3.80;4;2;1;56;0;6064785;138;6063217
11;19;78;16;50;48;56;3.60;3;2;1;58;0;6064856;122;6063217
11;19;78;16;50;48;79;11.00;1;1;7;41;0;6064879;221;0
11;19;78;16;50;50;94;3.80;1;1;1;41;0;6065094;118;0
11;19;78;16;50;52;11;3.20;2;1;1;50;0;6065211;428;0
11;19;78;16;50;53;79;3.20;2;1;1;50;0;6065379;144;0
11;19;78;16;50;53;64;4.00;1;1;1;41;0;6065364;236;0
11;19;78;16;50;55;20;3.80;2;1;1;48;0;6065520;117;0
11;19;78;16;50;55;31;3.80;1;1;1;41;0;6065531;131;0
11;19;78;16;50;57;4;3.60;2;1;1;45;0;6065704;155;0
11;19;78;16;50;57;25;3.60;1;1;1;43;0;6065725;160;0
11;19;78;16;50;58;13;3.80;3;2;1;58;0;6065813;934;0
11;19;78;16;50;59;58;3.20;4;2;1;60;0;6065958;1148;0
11;19;78;16;50;58;99;13.00;1;1;7;41;0;6065899;143;0
11;19;78;16;51;1;31;4.20;3;2;1;57;0;6066131;294;0
11;19;78;16;51;1;26;3.60;2;1;1;45;0;6066126;393;0
11;19;78;16;51;1;22;3.60;1;1;1;41;0;6066122;108;6065364
11;19;78;16;51;2;38;4.60;1;1;1;40;0;6066238;84;6065364
11;19;78;16;51;2;76;3.40;2;1;1;44;0;6066276;121;6065364
11;19;78;16;51;3;18;3.20;4;2;1;57;0;6066318;340;0
11;19;78;16;51;3;34;12.60;1;1;7;39;0;6066334;54;6065364
11;19;78;16;51;4;48;3.20;4;2;1;57;0;6066448;109;6065364
11;19;78;16;51;6;3;3.60;2;1;1;53;0;6066603;299;0
11;19;78;16;51;6;81;3.80;4;2;1;61;0;6066681;212;0
11;19;78;16;51;6;71;3.80;1;1;1;37;0;6066671;220;0
11;19;78;16;51;7;55;4.00;3;2;1;56;0;6066755;597;0
11;19;78;16;51;7;98;3.20;1;1;1;35;0;6066798;90;0
11;19;78;16;51;8;81;3.40;3;2;1;59;0;6066881;100;0
11;19;78;16;51;8;77;3.60;2;1;1;48;0;6066877;249;0
11;19;78;16;51;9;62;3.60;1;1;1;32;0;6066962;131;0
11;19;78;16;51;11;16;3.40;2;1;1;45;0;6067116;212;0
11;19;78;16;51;11;54;3.80;1;1;1;34;0;6067154;151;0
11;19;78;16;51;12;16;3.60;3;2;1;55;0;6067216;314;0
11;19;78;16;51;12;50;3.40;2;1;1;45;0;6067250;106;0
11;19;78;16;51;13;38;3.60;1;1;1;35;0;6067338;143;6066671
11;19;78;16;51;13;77;8.20;2;1;2;43;0;6067377;99;6066671
11;19;78;16;51;14;97;3.60;4;2;1;57;0;6067497;793;0
11;19;78;16;51;15;92;3.40;3;2;1;58;0;6067592;352;0
11;19;78;16;51;16;36;3.20;1;1;1;45;0;6067636;260;0
11;19;78;16;51;17;30;3.60;4;2;1;54;0;6067730;210;0
11;19;78;16;51;17;77;3.60;3;2;1;57;0;6067777;163;0
11;19;78;16;51;17;64;3.80;2;1;1;41;0;6067764;318;0
11;19;78;16;51;18;29;4.60;1;1;1;47;0;6067829;167;0
11;19;78;16;51;19;14;3.60;3;2;1;56;0;6067914;114;0
11;19;78;16;51;21;18;4.00;1;1;1;49;0;6068118;253;0
11;19;78;16;51;21;37;2.80;3;2;1;63;0;6068137;199;0
11;19;78;16;51;21;56;11.20;4;2;3;50;0;6068156;402;0
11;19;78;16;51;22;62;3.20;3;2;1;61;0;6068262;109;6067592
11;19;78;16;51;23;76;3.60;4;2;1;51;0;6068376;139;6067592
11;19;78;16;51;24;36;3.60;3;2;1;57;0;6068436;155;6067592
11;19;78;16;51;25;89;3.40;4;2;1;49;0;6068589;187;6067592
11;19;78;16;51;26;4;3.60;3;2;1;52;0;6068604;145;6067592
11;19;78;16;51;28;1;3.60;3;2;1;53;0;6068801;172;6067592
11;19;78;16;51;28;9;3.40;1;1;1;44;0;6068809;661;0
11;19;78;16;51;29;11;2.80;3;2;1;54;0;6068911;85;6067592
11;19;78;16;51;29;24;3.60;4;2;1;48;0;6068924;310;0
11;19;78;16;51;30;52;3.40;3;2;1;53;0;6069052;122;6067592
11;19;78;16;51;31;2;3.20;4;2;1;46;0;6069102;151;6067592
11;19;78;16;51;32;95;3.40;4;2;1;49;0;6069295;167;6067592
11;19;78;16;51;34;31;3.20;3;2;1;54;0;6069431;355;0
11;19;78;16;51;34;83;3.80;4;2;1;48;0;6069483;163;0
11;19;78;16;51;35;70;3.80;3;2;1;55;0;6069570;117;0
11;19;78;16;51;36;3;3.60;2;1;1;56;0;6069603;1805;0
11;19;78;16;51;36;57;3.00;4;2;1;48;0;6069657;145;6068924
11;19;78;16;51;36;88;3.60;3;2;1;55;0;6069688;93;6068924
11;19;78;16;51;38;12;3.20;4;2;1;48;0;6069812;132;6068924
11;19;78;16;51;38;46;3.00;3;2;1;52;0;6069846;134;6068924
11;19;78;16;51;39;65;3.60;4;2;1;50;0;6069965;129;6068924
11;19;78;16;51;40;79;3.80;3;2;1;54;0;6070079;212;0
11;19;78;16;51;41;65;3.20;4;2;1;52;0;6070165;174;6068924
11;19;78;16;51;42;6;3.80;3;2;1;54;0;6070206;101;6068924
11;19;78;16;51;43;53;3.60;4;2;1;56;0;6070353;165;6068924
11;19;78;16;51;44;90;3.40;3;2;1;62;0;6070490;258;0
11;19;78;16;51;46;1;5.00;4;2;1;46;0;6070601;224;0
11;19;78;16;51;47;23;4.60;4;2;1;45;0;6070723;82;0
11;19;78;16;51;47;84;3.20;2;1;1;57;0;6070784;1157;0
11;19;78;16;51;48;3;3.00;3;2;1;57;0;6070803;293;0
11;19;78;16;51;49;18;3.40;4;2;1;47;0;6070918;158;0
11;19;78;16;51;49;36;3.40;3;2;1;57;0;6070936;114;0
11;19;78;16;51;51;27;3.20;4;2;1;46;0;6071127;182;0
11;19;78;16;51;52;14;3.60;3;2;1;57;0;6071214;256;0
11;19;78;16;51;52;48;3.40;4;2;1;47;0;6071248;95;6070601
11;19;78;16;51;53;18;6.80;3;2;2;54;0;6071318;81;6070601
11;19;78;16;51;54;68;3.40;3;2;1;50;0;6071468;104;6070601
11;19;78;16;51;55;57;3.20;3;2;1;50;0;6071557;64;6070601
11;19;78;16;51;56;61;3.80;4;2;1;48;0;6071661;386;0
11;19;78;16;51;58;8;3.20;3;2;1;49;0;6071808;227;0
11;19;78;16;51;58;39;3.60;4;2;1;46;0;6071839;149;0
11;19;78;16;51;59;35;3.20;3;2;1;51;0;6071935;103;0
11;19;78;16;52;2;91;4.80;3;2;1;56;0;6072291;333;0
11;19;78;16;52;4;6;3.40;2;1;1;60;0;6072406;1601;0
11;19;78;16;52;11;75;3.60;3;2;1;57;0;6073175;853;0
11;19;78;16;52;13;8;4.20;3;2;1;58;0;6073308;110;0
11;19;78;16;52;13;64;3.80;4;2;1;66;0;6073364;1496;0
11;19;78;16;52;14;21;4.00;1;1;1;62;0;6073421;4584;0
11;19;78;16;52;16;2;3.00;1;1;1;64;0;6073602;157;0
11;19;78;16;52;17;69;3.20;4;2;1;54;0;6073769;384;0
11;19;78;16;52;17;95;4.00;1;1;1;60;0;6073795;176;0
11;19;78;16;52;18;93;3.60;4;2;1;60;0;6073893;102;0
11;19;78;16;52;19;39;4.00;1;1;1;60;0;6073939;120;0
11;19;78;16;52;21;88;2.60;1;2;1;45;0;6074188;1889294;0
11;19;78;16;52;22;31;3.60;3;2;1;66;0;6074231;896;0
11;19;78;16;52;22;63;3.60;4;2;1;62;0;6074263;348;0
11;19;78;16;52;22;71;4.80;2;1;1;52;0;6074271;1844;0
11;19;78;16;52;24;84;3.80;2;1;1;57;0;6074484;179;0
11;19;78;16;52;25;8;3.60;1;1;1;52;0;6074508;545;0
11;19;78;16;52;26;0;3.60;2;1;1;55;0;6074600;92;0
11;19;78;16;52;26;40;3.60;1;1;1;52;0;6074640;107;0
11;19;78;16;52;26;68;3.20;4;2;1;58;0;6074668;384;0
11;19;78;16;52;27;83;3.40;4;2;1;55;0;6074783;95;0
11;19;78;16;52;27;88;4.00;2;1;1;57;0;6074788;164;0
11;19;78;16;52;28;1;3.60;1;1;1;52;0;6074801;136;0
11;19;78;16;52;29;56;3.60;3;2;1;63;0;6074956;705;0
11;19;78;16;52;30;1;3.60;2;1;1;59;0;6075001;187;6074271
11;19;78;16;52;29;97;3.80;4;2;1;53;0;6074997;191;6074271
11;19;78;16;52;30;29;3.60;1;1;1;58;0;6075029;203;0
11;19;78;16;52;31;67;3.40;2;1;1;59;0;6075167;144;6074271
11;19;78;16;52;32;23;3.40;1;1;1;59;0;6075223;171;6074271
11;19;78;16;52;33;2;3.40;4;2;1;58;0;6075302;279;0
11;19;78;16;52;33;30;3.80;2;1;1;56;0;6075330;142;6074271
11;19;78;16;52;34;32;3.60;1;1;1;54;0;6075432;188;6074271
11;19;78;16;52;34;76;3.20;2;1;1;56;0;6075476;121;6074271
11;19;78;16;52;35;36;3.80;4;2;1;56;0;6075536;212;0
11;19;78;16;52;35;65;3.20;2;1;1;53;0;6075565;68;6074271
11;19;78;16;52;35;57;3.60;1;1;1;53;0;6075557;101;6074271
11;19;78;16;52;36;85;3.80;2;1;1;50;0;6075685;98;6074271
11;19;78;16;52;36;96;3.80;1;1;1;52;0;6075696;114;6075029
11;19;78;16;52;38;99;3.40;3;2;1;63;0;6075899;922;0
11;19;78;16;52;39;74;4.00;1;1;1;51;0;6075974;251;0
11;19;78;16;52;40;48;3.20;4;2;1;58;0;6076048;487;0
11;19;78;16;52;42;2;3.60;1;1;1;46;0;6076202;199;0
11;19;78;16;52;42;36;3.40;4;2;1;60;0;6076236;168;0
11;19;78;16;52;43;17;3.60;1;1;1;45;0;6076317;86;0
11;19;78;16;52;44;23;3.60;3;2;1;64;0;6076423;504;0
11;19;78;16;52;44;26;3.80;2;1;1;56;0;6076426;713;0
11;19;78;16;52;45;19;3.60;4;2;1;55;0;6076519;262;0
11;19;78;16;52;45;84;3.00;1;1;1;44;0;6076584;238;0
11;19;78;16;52;46;98;3.80;2;1;1;53;0;6076698;247;0
11;19;78;16;52;47;76;3.60;3;2;1;65;0;6076776;332;0
11;19;78;16;52;47;62;3.40;1;1;1;42;0;6076762;153;0
11;19;78;16;52;48;15;3.60;2;1;1;50;0;6076815;91;0
11;19;78;16;52;49;23;3.20;1;1;1;45;0;6076923;131;0
11;19;78;16;52;50;21;3.40;2;1;1;50;0;6077021;180;0
11;19;78;16;52;50;40;3.80;1;1;1;44;0;6077040;91;0
11;19;78;16;52;50;72;14.20;4;2;4;55;0;6077072;529;0
11;19;78;16;52;51;99;3.80;1;1;1;44;0;6077199;127;6076584
11;19;78;16;52;52;43;3.00;2;1;1;49;0;6077243;197;6076584
11;19;78;16;52;54;22;3.60;1;1;1;43;0;6077422;191;6076584
11;19;78;16;52;55;59;3.40;4;2;1;54;0;6077559;394;0
11;19;78;16;52;56;38;3.20;3;2;1;54;0;6077638;842;0
11;19;78;16;52;57;2;3.60;4;2;1;53;0;6077702;120;0
11;19;78;16;52;58;26;4.20;1;1;1;52;0;6077826;373;0
11;19;78;16;52;58;36;3.20;3;2;1;56;0;6077836;176;0
11;19;78;16;52;59;14;3.60;4;2;1;58;0;6077914;187;0
11;19;78;16;52;59;39;3.40;3;2;1;57;0;6077939;82;0
11;19;78;16;53;0;46;3.80;4;2;1;54;0;6078046;109;0
11;19;78;16;53;1;65;3.40;3;2;1;55;0;6078165;204;0
11;19;78;16;53;3;55;3.40;3;2;1;55;0;6078355;167;0
11;19;78;16;53;5;24;3.40;3;2;1;61;0;6078524;146;0
11;19;78;16;53;5;46;3.00;1;1;1;48;0;6078546;690;0
11;19;78;16;53;6;87;3.80;3;2;1;57;0;6078687;142;0
11;19;78;16;53;6;73;4.80;1;1;1;46;0;6078673;104;0
11;19;78;16;53;6;85;6.60;4;2;1;53;0;6078685;613;0
11;19;78;16;53;7;25;3.00;2;1;1;55;0;6078725;1459;0
11;19;78;16;53;8;26;3.60;1;1;1;45;0;6078826;115;0
11;19;78;16;53;8;95;3.40;3;2;1;56;0;6078895;184;6078165
11;19;78;16;53;9;74;3.40;2;1;1;55;0;6078974;229;0
11;19;78;16;53;9;91;3.60;4;2;1;53;0;6078991;261;0
11;19;78;16;53;10;54;3.40;3;2;1;56;0;6079054;137;6078165
11;19;78;16;53;10;53;3.60;1;1;1;46;0;6079053;198;6078165
11;19;78;16;53;11;63;3.60;2;1;1;59;0;6079163;166;6078165
11;19;78;16;53;11;87;3.20;3;2;1;56;0;6079187;111;6078165
11;19;78;16;53;12;14;4.80;1;1;1;44;0;6079214;132;6078546
11;19;78;16;53;13;57;3.40;3;2;1;58;0;6079357;149;6078165
11;19;78;16;53;14;69;2.80;4;2;1;52;0;6079469;453;0
11;19;78;16;53;15;26;3.80;3;2;1;57;0;6079526;147;6078165
11;19;78;16;53;15;76;3.40;1;1;1;51;0;6079576;322;0
11;19;78;16;53;16;57;3.80;4;2;1;52;0;6079657;168;0
11;19;78;16;53;16;96;3.20;1;1;1;49;0;6079696;96;0
11;19;78;16;53;17;9;3.40;3;2;1;54;0;6079709;159;6078165
11;19;78;16;53;18;6;3.20;1;1;1;49;0;6079806;86;6078165
11;19;78;16;53;18;31;3.80;4;2;1;53;0;6079831;147;6078165
11;19;78;16;53;20;53;3.60;4;2;1;50;0;6080053;196;6078165
11;19;78;16;53;20;84;3.40;3;2;1;59;0;6080084;352;0
11;19;78;16;53;22;25;4.40;3;2;1;57;0;6080225;120;0
11;19;78;16;53;22;54;6.00;4;2;1;49;0;6080254;175;6079469
11;19;78;16;53;24;5;3.80;4;2;1;49;0;6080405;106;6079469
11;19;78;16;53;25;41;3.60;4;2;1;50;0;6080541;108;6079469
11;19;78;16;53;25;89;3.20;3;2;1;58;0;6080589;336;0
11;19;78;16;53;26;67;3.20;4;2;1;47;0;6080667;100;6079469
11;19;78;16;53;27;82;10.60;3;2;2;56;0;6080782;173;6079469
11;19;78;16;53;28;51;3.40;4;2;1;49;0;6080851;159;6079469
11;19;78;16;53;30;12;3.40;3;2;1;55;0;6081012;161;6079469
11;19;78;16;53;31;27;3.40;4;2;1;50;0;6081127;251;0
11;19;78;16;53;32;35;3.20;3;2;1;54;0;6081235;200;0
11;19;78;16;53;32;68;3.40;4;2;1;50;0;6081268;116;0
11;19;78;16;53;38;87;4.00;1;1;1;53;0;6081887;2057;0
11;19;78;16;53;42;74;3.20;4;2;1;57;0;6082274;981;0
11;19;78;16;53;43;57;3.40;1;1;1;64;0;6082357;442;0
11;19;78;16;53;43;84;3.20;3;2;1;62;0;6082384;1127;0
11;19;78;16;53;44;61;3.60;2;1;1;58;0;6082461;3276;0
11;19;78;16;53;44;77;3.40;1;1;1;60;0;6082477;100;0
11;19;78;16;53;48;11;3.60;1;1;1;55;0;6082811;313;0
11;19;78;16;53;50;28;3.60;1;1;1;52;0;6083028;193;0
11;19;78;16;53;52;76;3.60;2;1;1;53;0;6083276;792;0
11;19;78;16;53;53;17;5.20;4;2;1;56;0;6083317;1022;0
11;19;78;16;53;53;68;3.80;2;1;1;55;0;6083368;67;0
11;19;78;16;53;54;14;3.60;1;1;1;53;0;6083414;361;0
11;19;78;16;53;54;93;3.20;2;1;1;51;0;6083493;100;0
11;19;78;16;53;55;26;4.40;4;2;1;54;0;6083526;175;0
11;19;78;16;53;56;17;3.40;2;1;1;50;0;6083617;101;0
11;19;78;16;53;56;75;3.40;1;1;1;56;0;6083675;236;0
11;19;78;16;53;56;76;3.60;4;2;1;57;0;6083676;120;0
11;19;78;16;53;56;77;3.60;3;2;1;52;0;6083677;1274;0
11;19;78;16;53;58;19;3.60;2;1;1;54;0;6083819;177;6083276
11;19;78;16;53;58;71;3.80;1;1;1;56;0;6083871;174;6083276
11;19;78;16;53;59;83;4.00;1;1;1;61;0;6083983;87;6083276
11;19;78;16;54;0;32;3.40;2;1;1;58;0;6084032;189;6083276
11;19;78;16;54;1;21;3.80;3;2;1;60;0;6084121;419;0
11;19;78;16;54;3;12;3.40;2;1;1;58;0;6084312;258;0
11;19;78;16;54;3;13;3.80;3;2;1;59;0;6084313;169;0
11;19;78;16;54;4;97;3.60;4;2;1;50;0;6084497;798;0
11;19;78;16;54;5;26;3.80;2;1;1;57;0;6084526;192;0
11;19;78;16;54;6;30;5.40;1;1;1;48;0;6084630;623;0
11;19;78;16;54;6;64;3.40;4;2;1;52;0;6084664;141;0
11;19;78;16;54;7;2;3.80;2;1;1;58;0;6084702;152;0
11;19;78;16;54;8;29;3.20;1;1;1;46;0;6084829;158;0
11;19;78;16;54;8;91;3.40;2;1;1;53;0;6084891;165;0
11;19;78;16;54;9;60;3.60;1;1;1;46;0;6084960;105;0
11;19;78;16;54;9;85;3.40;2;1;1;53;0;6084985;70;6084312
11;19;78;16;54;9;98;3.60;3;2;1;68;0;6084998;661;0
11;19;78;16;54;11;35;3.40;4;2;1;56;0;6085135;447;0
11;19;78;16;54;11;7;3.20;2;1;1;53;0;6085107;98;6084312
11;19;78;16;54;11;1;3.40;1;1;1;46;0;6085101;112;6084312
11;19;78;16;54;12;57;3.80;1;1;1;46;0;6085257;129;6084630
11;19;78;16;54;13;11;3.40;2;1;1;47;0;6085311;182;6084312
11;19;78;16;54;14;3;3.60;1;1;1;49;0;6085403;116;6084630
11;19;78;16;54;15;0;3.80;4;2;1;55;0;6085500;343;0
11;19;78;16;54;15;13;3.80;1;1;1;47;0;6085513;83;6084630
11;19;78;16;54;16;58;5.00;3;2;1;53;0;6085658;640;0
11;19;78;16;54;17;41;3.40;1;1;1;56;0;6085741;198;6084630
11;19;78;16;54;17;84;3.60;3;2;1;52;0;6085784;92;6084630
11;19;78;16;54;18;63;12.80;1;1;3;47;0;6085863;100;6084630
11;19;78;16;54;20;58;3.20;1;1;1;48;0;6086058;96;6084630
11;19;78;16;54;21;28;6.80;2;1;1;52;0;6086128;790;0
11;19;78;16;54;23;25;4.20;1;1;1;48;0;6086325;243;0
11;19;78;16;54;24;0;4.40;2;1;1;48;0;6086400;224;0
11;19;78;16;54;25;31;3.60;2;1;1;50;0;6086531;98;0
11;19;78;16;54;25;67;3.80;1;1;1;40;0;6086567;210;0
11;19;78;16;54;26;87;3.00;1;1;1;40;0;6086687;85;0
11;19;78;16;54;27;69;3.60;2;1;1;56;0;6086769;212;0
11;19;78;16;54;28;94;4.20;2;1;1;57;0;6086894;101;0
11;19;78;16;54;28;75;3.40;1;1;1;38;0;6086875;161;0
11;19;78;16;54;28;98;3.80;4;2;1;59;0;6086898;1373;0
11;19;78;16;54;29;56;3.20;3;2;1;70;0;6086956;1147;0
11;19;78;16;54;30;35;3.60;4;2;1;57;0;6087035;113;0
11;19;78;16;54;30;68;3.80;3;2;1;66;0;6087068;95;0
11;19;78;16;54;31;2;3.60;1;1;1;35;0;6087102;194;0
11;19;78;16;54;31;60;3.80;2;1;1;58;0;6087160;239;0
11;19;78;16;54;31;99;3.80;3;2;1;61;0;6087199;110;0
11;19;78;16;54;33;40;3.00;4;2;1;59;0;6087340;282;0
11;19;78;16;54;32;88;4.00;1;1;1;31;0;6087288;148;6086567
11;19;78;16;54;34;34;3.80;4;2;1;58;0;6087434;75;6086567
11;19;78;16;54;34;41;3.80;3;2;1;60;0;6087441;219;0
11;19;78;16;54;34;55;3.80;1;1;1;30;0;6087455;120;6086567
11;19;78;16;54;35;98;3.60;4;2;1;59;0;6087598;140;6086567
11;19;78;16;54;35;97;3.60;1;1;1;29;0;6087597;96;6086567
11;19;78;16;54;37;4;2.80;4;2;1;59;0;6087704;84;6086567
11;19;78;16;54;38;17;3.60;3;2;1;61;0;6087817;353;0
11;19;78;16;54;38;1;3.80;1;1;1;30;0;6087801;159;6086567
11;19;78;16;54;38;61;3.80;2;1;1;51;0;6087861;677;0
11;19;78;16;54;39;56;3.00;4;2;1;56;0;6087956;234;0
11;19;78;16;54;39;70;3.60;3;2;1;60;0;6087970;131;0
11;19;78;16;54;39;32;3.60;1;1;1;30;0;6087932;85;6086567
11;19;78;16;54;39;86;4.00;2;1;1;50;0;6087986;98;6086567
11;19;78;16;54;41;13;3.60;2;1;1;52;0;6088113;98;6086567
11;19;78;16;54;41;48;4.20;4;2;1;56;0;6088148;172;6086567
11;19;78;16;54;41;14;3.40;1;1;1;32;0;6088114;138;6086567
11;19;78;16;54;42;4;3.40;3;2;1;56;0;6088204;212;0
11;19;78;16;54;44;15;3.20;4;2;1;55;0;6088415;240;0
11;19;78;16;54;44;41;3.60;1;1;1;35;0;6088441;288;0
11;19;78;16;54;45;15;3.20;3;2;1;57;0;6088515;289;0
11;19;78;16;54;45;43;3.60;2;1;1;49;0;6088543;405;0
11;19;78;16;54;45;47;3.80;4;2;1;56;0;6088547;111;0
11;19;78;16;54;46;3;3.60;1;1;1;34;0;6088603;124;0
11;19;78;16;54;47;30;3.60;3;2;1;61;0;6088730;194;0
11;19;78;16;54;47;78;3.60;4;2;1;56;0;6088778;206;0
11;19;78;16;54;49;21;10.20;1;1;2;33;0;6088921;279;0
11;19;78;16;54;50;60;3.40;4;2;1;58;0;6089060;258;0
11;19;78;16;54;51;26;3.80;3;2;1;57;0;6089126;374;0
11;19;78;16;54;51;47;3.60;1;1;1;32;0;6089147;114;0
11;19;78;16;54;52;42;3.00;3;2;1;56;0;6089242;92;0
11;19;78;16;54;53;23;3.80;4;2;1;56;0;6089323;241;0
11;19;78;16;54;53;30;3.40;3;2;1;57;0;6089330;68;0
11;19;78;16;54;52;96;3.40;1;1;1;32;0;6089296;108;0
11;19;78;16;54;54;62;3.60;1;1;1;31;0;6089462;127;0
11;19;78;16;54;55;56;5.20;3;2;1;57;0;6089556;204;0
11;19;78;16;54;56;17;3.60;4;2;1;57;0;6089617;269;0
11;19;78;16;54;56;67;4.00;3;2;1;57;0;6089667;78;0
11;19;78;16;54;58;9;3.60;3;2;1;55;0;6089809;116;0
11;19;78;16;54;59;27;3.60;3;2;1;56;0;6089927;94;0
11;19;78;16;54;58;96;11.00;4;2;2;54;0;6089896;256;0
11;19;78;16;55;0;41;3.60;4;2;1;55;0;6090041;71;0
11;19;78;16;55;1;33;3.60;3;2;1;56;0;6090133;182;6089556
11;19;78;16;55;1;93;3.40;4;2;1;55;0;6090193;128;6089556
11;19;78;16;55;2;88;3.60;3;2;1;57;0;6090288;131;6089556
11;19;78;16;55;3;60;3.40;4;2;1;53;0;6090360;144;6089556
11;19;78;16;55;3;93;4.20;3;2;1;55;0;6090393;82;6089556
11;19;78;16;55;5;9;4.20;3;2;1;55;0;6090509;88;6089556
11;19;78;16;55;5;56;3.60;4;2;1;53;0;6090556;172;6089896
11;19;78;16;55;7;3;3.80;3;2;1;52;0;6090703;166;6089556
11;19;78;16;55;7;1;3.60;4;2;1;50;0;6090701;120;6089896
11;19;78;16;55;9;53;3.40;4;2;1;45;0;6090953;226;0
11;19;78;16;55;12;7;3.40;1;1;1;50;0;6091207;1703;0
11;19;78;16;55;19;36;3.40;3;2;1;61;0;6091936;1206;0
11;19;78;16;55;22;83;3.40;3;2;1;61;0;6092283;326;0
11;19;78;16;55;23;23;3.80;2;1;1;58;0;6092323;3753;0
11;19;78;16;55;24;22;2.80;1;1;1;58;0;6092422;1190;0
11;19;78;16;55;26;45;3.60;4;2;1;54;0;6092645;1664;0
11;19;78;16;55;31;44;3.40;2;1;1;59;0;6093144;797;0
11;19;78;16;55;31;66;11.40;1;1;3;52;0;6093166;726;0
11;19;78;16;55;35;37;3.40;1;1;1;56;0;6093537;292;0
11;19;78;16;55;36;56;3.80;2;1;1;60;0;6093656;491;0
11;19;78;16;55;36;76;3.80;1;1;1;59;0;6093676;117;0
11;19;78;16;55;37;40;3.60;4;2;1;58;0;6093740;1071;0
11;19;78;16;55;38;26;3.80;3;2;1;62;0;6093826;1522;0
11;19;78;16;55;39;67;3.40;4;2;1;57;0;6093967;204;0
11;19;78;16;55;39;61;4.40;2;1;1;60;0;6093961;282;0
11;19;78;16;55;40;31;3.80;1;1;1;55;0;6094031;331;0
11;19;78;16;55;41;46;3.20;4;2;1;59;0;6094146;157;0
11;19;78;16;55;42;23;3.60;3;2;1;70;0;6094223;374;0
11;19;78;16;55;43;59;3.00;2;1;1;59;0;6094359;371;0
11;19;78;16;55;43;74;3.60;1;1;1;54;0;6094374;318;0
11;19;78;16;55;44;47;3.40;4;2;1;59;0;6094447;281;0
11;19;78;16;55;45;79;3.80;2;1;1;56;0;6094579;201;0
11;19;78;16;55;46;32;4.40;1;1;1;56;0;6094632;234;0
11;19;78;16;55;46;80;3.60;4;2;1;58;0;6094680;212;0
11;19;78;16;55;48;66;3.60;2;1;1;53;0;6094866;262;0
11;19;78;16;55;48;92;3.40;1;1;1;56;0;6094892;231;0
11;19;78;16;55;49;77;4.20;4;2;1;56;0;6094977;274;0
11;19;78;16;55;50;99;3.80;2;1;1;55;0;6095099;208;0
11;19;78;16;55;52;49;4.20;1;1;1;51;0;6095249;335;0
11;19;78;16;55;52;87;3.60;2;1;1;55;0;6095287;163;0
11;19;78;16;55;54;41;3.40;1;1;1;50;0;6095441;162;0
11;19;78;16;55;55;18;3.20;2;1;1;57;0;6095518;207;0
11;19;78;16;55;55;17;3.80;1;1;1;48;0;6095517;51;0
11;19;78;16;55;56;50;3.20;2;1;1;54;0;6095650;111;0
11;19;78;16;55;57;10;5.00;1;1;1;52;0;6095710;164;0
11;19;78;16;55;58;36;3.80;1;1;1;52;0;6095836;91;6095249
11;19;78;16;56;0;82;3.40;1;1;1;49;0;6096082;219;0
11;19;78;16;56;0;98;3.20;2;1;1;51;0;6096098;426;0
11;19;78;16;56;1;81;3.00;1;1;1;49;0;6096181;74;0
11;19;78;16;56;3;25;4.00;2;1;1;49;0;6096325;204;0
11;19;78;16;56;3;99;9.40;4;2;2;60;0;6096399;1395;0
11;19;78;16;56;4;59;3.00;1;1;1;49;0;6096459;255;0
11;19;78;16;56;4;65;3.80;2;1;1;49;0;6096465;110;0
11;19;78;16;56;6;14;3.40;2;1;1;56;0;6096614;121;0
11;19;78;16;56;6;52;3.20;1;1;1;49;0;6096652;170;0
11;19;78;16;56;7;55;3.80;2;1;1;56;0;6096755;119;0
11;19;78;16;56;8;24;3.20;1;1;1;50;0;6096824;148;0
11;19;78;16;56;10;14;3.80;2;1;1;54;0;6097014;234;0
11;19;78;16;56;10;51;3.60;4;2;1;57;0;6097051;595;0
11;19;78;16;56;10;70;3.60;3;2;1;59;0;6097070;2828;0
11;19;78;16;56;10;79;3.80;1;1;1;47;0;6097079;231;0
11;19;78;16;56;12;29;3.80;4;2;1;58;0;6097229;155;0
11;19;78;16;56;12;52;3.40;2;1;1;50;0;6097252;212;0
11;19;78;16;56;12;74;3.40;1;1;1;46;0;6097274;165;0
11;19;78;16;56;13;98;3.80;2;1;1;51;0;6097398;121;0
11;19;78;16;56;14;1;3.60;1;1;1;45;0;6097401;100;0
11;19;78;16;56;14;59;3.80;3;2;1;57;0;6097459;367;0
11;19;78;16;56;15;14;3.40;2;1;1;49;0;6097514;89;0
11;19;78;16;56;15;87;3.80;3;2;1;58;0;6097587;104;0
11;19;78;16;56;16;3;3.40;4;2;1;56;0;6097603;350;0
11;19;78;16;56;15;92;3.60;1;1;1;43;0;6097592;162;0
11;19;78;16;56;16;84;3.60;2;1;1;50;0;6097684;145;0
11;19;78;16;56;17;48;3.40;4;2;1;56;0;6097748;123;0
11;19;78;16;56;17;55;14.40;1;1;3;42;0;6097755;132;6097079
11;19;78;16;56;18;74;3.80;3;2;1;57;0;6097874;263;0
11;19;78;16;56;19;40;3.00;4;2;1;55;0;6097940;170;0
11;19;78;16;56;19;88;4.40;1;1;1;42;0;6097988;109;6097079
11;19;78;16;56;20;22;3.60;3;2;1;58;0;6098022;124;6097079
11;19;78;16;56;21;16;4.00;4;2;1;55;0;6098116;156;6097079
11;19;78;16;56;21;94;3.60;3;2;1;58;0;6098194;149;6097079
11;19;78;16;56;22;46;3.80;1;1;1;42;0;6098246;220;0
11;19;78;16;56;23;22;3.60;3;2;1;58;0;6098322;105;0
11;19;78;16;56;23;51;3.60;4;2;1;58;0;6098351;208;0
11;19;78;16;56;23;95;3.60;1;1;1;40;0;6098395;116;0
11;19;78;16;56;24;56;3.60;3;2;1;60;0;6098456;111;6097874
11;19;78;16;56;25;63;3.80;2;1;1;58;0;6098563;853;0
11;19;78;16;56;25;91;3.60;3;2;1;60;0;6098591;113;6097874
11;19;78;16;56;25;78;3.20;1;1;1;39;0;6098578;150;6097874
11;19;78;16;56;27;33;3.40;3;2;1;61;0;6098733;120;6097874
11;19;78;16;56;27;29;4.00;1;1;1;40;0;6098729;121;6097874
11;19;78;16;56;28;38;3.60;2;1;1;60;0;6098838;251;0
11;19;78;16;56;28;33;3.60;4;2;1;56;0;6098833;459;0
11;19;78;16;56;28;40;3.20;1;1;1;41;0;6098840;75;6098246
11;19;78;16;56;29;15;3.60;3;2;1;59;0;6098915;161;6097874
11;19;78;16;56;29;60;3.20;1;1;1;39;0;6098960;91;6098246
11;19;78;16;56;29;83;4.00;2;1;1;57;0;6098983;123;6098246
11;19;78;16;56;29;84;3.80;4;2;1;54;0;6098984;127;6098246
11;19;78;16;56;30;72;3.60;3;2;1;57;0;6099072;135;6097874
11;19;78;16;56;31;8;5.40;1;1;1;41;0;6099108;118;6098246
11;19;78;16;56;32;8;3.40;4;2;1;53;0;6099208;198;6098246
11;19;78;16;56;32;37;3.60;2;1;1;56;0;6099237;228;0
11;19;78;16;56;32;56;3.80;3;2;1;57;0;6099256;161;6097874
11;19;78;16;56;32;64;8.20;1;1;2;38;0;6099264;108;6098246
11;19;78;16;56;33;71;3.00;4;2;1;55;0;6099371;139;6098246
11;19;78;16;56;34;13;3.00;3;2;1;56;0;6099413;133;6097874
11;19;78;16;56;35;23;3.60;4;2;1;55;0;6099523;132;6098833
11;19;78;16;56;35;34;3.80;1;1;1;40;0;6099534;192;6098246
11;19;78;16;56;36;61;4.60;3;2;1;55;0;6099661;228;0
11;19;78;16;56;36;77;3.80;4;2;1;53;0;6099677;130;6098833
11;19;78;16;56;37;43;3.40;1;1;1;42;0;6099743;174;6098246
11;19;78;16;56;38;38;4.80;3;2;1;55;0;6099838;146;6098246
11;19;78;16;56;39;4;10.20;4;2;2;53;0;6099904;201;0
11;19;78;16;56;40;11;3.60;3;2;1;54;0;6100011;141;0
11;19;78;16;56;41;57;3.80;2;1;1;59;0;6100157;896;0
11;19;78;16;56;40;86;19.80;4;2;4;53;0;6100086;112;0
11;19;78;16;56;42;33;3.40;3;2;1;56;0;6100233;198;0
11;19;78;16;56;43;52;5.20;3;2;1;57;0;6100352;97;6099661
11;19;78;16;56;44;56;3.20;4;2;1;52;0;6100456;235;0
11;19;78;16;56;44;95;3.60;3;2;1;57;0;6100495;110;6099661
11;19;78;16;56;47;24;3.60;4;2;1;52;0;6100724;245;0
11;19;78;16;56;48;25;3.60;4;2;1;54;0;6100825;76;0
11;19;78;16;56;51;34;3.40;3;2;1;58;0;6101134;616;0
11;19;78;16;56;51;48;7.20;4;2;2;49;0;6101148;299;0
11;19;78;16;56;53;85;5.00;4;2;1;51;0;6101385;184;0
11;19;78;16;56;57;10;3.60;4;2;1;49;0;6101710;289;0
11;19;78;16;57;5;15;3.40;4;2;1;57;0;6102515;778;0
11;19;78;16;57;9;54;3.60;4;2;1;53;0;6102954;417;0
11;19;78;16;57;11;48;3.80;1;1;1;63;0;6103148;3375;0
11;19;78;16;57;13;92;3.80;1;1;1;61;0;6103392;222;0
11;19;78;16;57;14;29;3.80;4;2;1;60;0;6103429;450;0
11;19;78;16;57;15;59;3.60;1;1;1;60;0;6103559;144;0
11;19;78;16;57;18;77;3.60;3;2;1;58;0;6103877;2721;0
11;19;78;16;57;18;90;5.40;4;2;1;52;0;6103890;438;0
11;19;78;16;57;19;22;3.40;2;1;1;57;0;6103922;3741;0
11;19;78;16;57;19;95;3.60;1;1;1;51;0;6103995;414;0
11;19;78;16;57;21;48;3.60;2;1;1;58;0;6104148;204;0
11;19;78;16;57;21;60;3.20;1;1;1;52;0;6104160;139;0
11;19;78;16;57;21;82;3.60;3;2;1;60;0;6104182;282;0
11;19;78;16;57;22;57;3.60;4;2;1;53;0;6104257;329;0
11;19;78;16;57;22;71;3.40;3;2;1;57;0;6104271;67;0
11;19;78;16;57;22;80;3.60;1;1;1;52;0;6104280;97;0
11;19;78;16;57;23;21;4.00;2;1;1;55;0;6104321;150;0
11;19;78;16;57;23;72;3.20;4;2;1;53;0;6104372;90;0
11;19;78;16;57;23;82;3.40;3;2;1;55;0;6104382;89;0
11;19;78;16;57;24;4;3.80;1;1;1;50;0;6104404;99;0
11;19;78;16;57;25;14;3.40;2;1;1;55;0;6104514;166;0
11;19;78;16;57;25;5;4.00;3;2;1;54;0;6104505;100;0
11;19;78;16;57;25;60;3.20;1;1;1;49;0;6104560;128;6103995
11;19;78;16;57;26;21;3.80;4;2;1;55;0;6104621;227;0
11;19;78;16;57;26;30;4.20;1;1;1;50;0;6104630;46;6103995
11;19;78;16;57;27;7;3.20;1;1;1;51;0;6104707;46;6103995
11;19;78;16;57;27;69;4.00;2;1;1;58;0;6104769;232;0
11;19;78;16;57;28;4;4.00;4;2;1;53;0;6104804;158;0
11;19;78;16;57;28;81;5.20;1;1;1;51;0;6104881;151;6103995
11;19;78;16;57;29;38;3.60;2;1;1;57;0;6104938;144;6103995
11;19;78;16;57;30;86;3.60;2;1;1;55;0;6105086;125;6103995
11;19;78;16;57;31;97;3.40;1;1;1;51;0;6105197;279;0
11;19;78;16;57;32;96;5.00;1;1;1;51;0;6105296;75;0
11;19;78;16;57;34;50;3.60;3;2;1;64;0;6105450;918;0
11;19;78;16;57;34;86;3.60;1;1;1;54;0;6105486;154;0
11;19;78;16;57;35;76;4.60;2;1;1;56;0;6105576;466;0
11;19;78;16;57;35;61;6.00;1;1;1;52;0;6105561;51;0
11;19;78;16;57;38;5;3.60;4;2;1;60;0;6105805;973;0
11;19;78;16;57;38;62;3.40;1;1;1;53;0;6105862;259;0
11;19;78;16;57;39;94;3.20;2;1;1;54;0;6105994;388;0
11;19;78;16;57;40;23;3.60;1;1;1;56;0;6106023;137;0
11;19;78;16;57;42;34;3.00;1;1;1;50;0;6106234;187;0
11;19;78;16;57;43;18;3.20;2;1;1;53;0;6106318;302;0
11;19;78;16;57;43;64;3.60;1;1;1;46;0;6106364;108;0
11;19;78;16;57;45;4;4.40;2;1;1;49;0;6106504;164;0
11;19;78;16;57;45;80;3.40;4;2;1;57;0;6106580;753;0
11;19;78;16;57;45;88;3.60;1;1;1;48;0;6106588;195;6105862
11;19;78;16;57;46;4;3.40;2;1;1;49;0;6106604;67;6105862
11;19;78;16;57;46;92;3.60;2;1;1;48;0;6106692;63;6105862
11;19;78;16;57;47;42;3.60;1;1;1;47;0;6106742;127;6105862
11;19;78;16;57;47;73;3.60;3;2;1;69;0;6106773;1302;0
11;19;78;16;57;48;37;3.20;4;2;1;61;0;6106837;235;0
11;19;78;16;57;49;75;3.60;3;2;1;61;0;6106975;183;0
11;19;78;16;57;50;39;3.80;1;1;1;44;0;6107039;269;0
11;19;78;16;57;50;64;3.60;4;2;1;67;0;6107064;208;0
11;19;78;16;57;51;84;3.60;4;2;1;61;0;6107184;100;0
11;19;78;16;57;51;59;3.40;2;1;1;50;0;6107159;440;0
11;19;78;16;57;51;53;3.60;1;1;1;44;0;6107153;82;0
11;19;78;16;57;53;32;3.40;1;1;1;41;0;6107332;149;0
11;19;78;16;57;53;46;3.60;2;1;1;49;0;6107346;162;0
11;19;78;16;57;54;53;3.40;3;2;1;60;0;6107453;456;0
11;19;78;16;57;54;73;4.00;1;1;1;41;0;6107473;111;0
11;19;78;16;57;56;12;3.60;1;1;1;41;0;6107612;103;6107039
11;19;78;16;57;56;70;4.00;3;2;1;58;0;6107670;196;6107039
11;19;78;16;57;56;35;12.20;4;2;3;55;0;6107635;429;0
11;19;78;16;57;58;18;3.60;3;2;1;59;0;6107818;123;0
11;19;78;16;57;59;39;4.00;3;2;1;64;0;6107939;99;0
11;19;78;16;57;59;67;3.40;4;2;1;54;0;6107967;252;0
11;19;78;16;58;0;69;3.60;3;2;1;63;0;6108069;107;6107453
11;19;78;16;58;2;7;3.00;4;2;1;55;0;6108207;217;0
11;19;78;16;58;2;70;3.80;3;2;1;58;0;6108270;180;6107453
11;19;78;16;58;3;64;3.60;4;2;1;51;0;6108364;137;6107453
11;19;78;16;58;5;1;3.80;2;1;1;62;0;6108501;1128;0
11;19;78;16;58;5;29;3.60;4;2;1;54;0;6108529;139;0
11;19;78;16;58;5;80;3.40;3;2;1;60;0;6108580;286;0
11;19;78;16;58;6;62;4.00;2;1;1;61;0;6108662;138;0
11;19;78;16;58;6;60;3.80;4;2;1;54;0;6108660;107;0
11;19;78;16;58;7;87;3.60;3;2;1;67;0;6108787;186;0
11;19;78;16;58;8;0;3.60;4;2;1;53;0;6108800;114;6108207
11;19;78;16;58;7;76;4.00;1;1;1;58;0;6108776;1132;0
11;19;78;16;58;9;55;3.80;3;2;1;61;0;6108955;148;0
11;19;78;16;58;9;82;3.40;4;2;1;52;0;6108982;157;6108207
11;19;78;16;58;9;92;3.40;1;1;1;55;0;6108992;191;6108207
11;19;78;16;58;10;9;3.60;2;1;1;63;0;6109009;323;0
11;19;78;16;58;10;90;3.60;3;2;1;61;0;6109090;112;0
11;19;78;16;58;11;13;3.00;4;2;1;53;0;6109113;107;6108207
11;19;78;16;58;12;8;3.20;4;2;1;53;0;6109208;74;6108207
11;19;78;16;58;14;10;3.80;4;2;1;50;0;6109410;180;6108207
11;19;78;16;58;15;41;4.20;4;2;1;50;0;6109541;103;6108207
11;19;78;16;58;15;91;3.60;3;2;1;56;0;6109591;479;0
11;19;78;16;58;18;5;3.60;4;2;1;51;0;6109805;233;0
11;19;78;16;58;19;91;3.00;4;2;1;49;0;6109991;160;0
11;19;78;16;58;20;15;4.60;3;2;1;56;0;6110015;400;0
11;19;78;16;58;21;79;3.20;3;2;1;55;0;6110179;134;0
11;19;78;16;58;21;82;3.60;4;2;1;48;0;6110182;168;0
11;19;78;16;58;22;86;3.60;4;2;1;49;0;6110286;77;0
11;19;78;16;58;24;21;3.40;3;2;1;50;0;6110421;221;0
11;19;78;16;58;24;28;3.40;4;2;1;47;0;6110428;115;6109805
11;19;78;16;58;25;97;3.60;4;2;1;48;0;6110597;142;6109805
11;19;78;16;58;26;96;2.80;4;2;1;50;0;6110696;72;6109805
11;19;78;16;58;26;95;3.40;3;2;1;52;0;6110695;249;0
11;19;78;16;58;28;41;3.60;3;2;1;52;0;6110841;122;0
11;19;78;16;58;29;49;3.80;3;2;1;50;0;6110949;83;0
11;19;78;16;58;31;31;3.60;3;2;1;52;0;6111131;154;0
11;19;78;16;58;31;82;5.00;4;2;1;50;0;6111182;465;0
11;19;78;16;58;32;56;3.40;3;2;1;52;0;6111256;100;6110695
11;19;78;16;58;34;58;3.40;4;2;1;46;0;6111458;240;0
11;19;78;16;58;35;46;3.60;3;2;1;57;0;6111546;266;0
11;19;78;16;58;36;56;3.40;4;2;1;48;0;6111656;171;0
11;19;78;16;58;39;25;3.00;3;2;1;68;0;6111925;356;0
11;19;78;16;58;39;86;3.40;4;2;1;50;0;6111986;304;0
11;19;78;16;58;41;54;3.40;4;2;1;52;0;6112154;143;0
11;19;78;16;58;44;9;3.60;4;2;1;53;0;6112409;231;0
11;19;78;16;58;48;44;3.60;1;1;1;60;0;6112844;3829;0
11;19;78;16;58;50;59;4.60;2;1;1;60;0;6113059;4029;0
11;19;78;16;58;51;91;3.60;2;1;1;56;0;6113191;104;0
11;19;78;16;58;53;18;3.60;1;1;1;56;0;6113318;452;0
11;19;78;16;58;53;65;3.60;2;1;1;58;0;6113365;150;0
11;19;78;16;58;54;82;3.60;2;1;1;55;0;6113482;94;0
11;19;78;16;58;55;75;3.60;4;2;1;64;0;6113575;1141;0
11;19;78;16;58;55;59;13.80;1;1;4;54;0;6113559;217;0
11;19;78;16;58;56;72;3.00;2;1;1;56;0;6113672;166;6113059
11;19;78;16;58;57;67;3.60;2;1;1;55;0;6113767;75;6113059
11;19;78;16;58;57;89;3.80;1;1;1;54;0;6113789;138;6113059
11;19;78;16;58;58;91;3.40;2;1;1;56;0;6113891;100;6113059
11;19;78;16;58;59;81;4.00;1;1;1;46;0;6113981;166;6113059
11;19;78;16;58;59;95;3.60;2;1;1;55;0;6113995;82;6113059
11;19;78;16;59;0;73;4.00;4;2;1;60;0;6114073;477;0
11;19;78;16;59;1;64;3.40;3;2;1;59;0;6114164;2223;0
11;19;78;16;59;3;8;3.60;4;2;1;65;0;6114308;211;0
11;19;78;16;59;3;23;4.60;3;2;1;56;0;6114323;138;0
11;19;78;16;59;3;44;4.00;1;1;1;49;0;6114344;331;0
11;19;78;16;59;4;64;3.80;4;2;1;59;0;6114464;136;0
11;19;78;16;59;4;76;3.60;1;1;1;49;0;6114476;102;0
11;19;78;16;59;7;12;3.60;1;1;1;55;0;6114712;209;0
11;19;78;16;59;8;96;4.60;1;1;1;51;0;6114896;160;0
11;19;78;16;59;10;70;3.60;2;1;1;56;0;6115070;1051;0
11;19;78;16;59;10;92;5.00;1;1;1;51;0;6115092;163;0
11;19;78;16;59;12;98;3.20;1;1;1;45;0;6115298;170;0
11;19;78;16;59;15;54;3.60;2;1;1;53;0;6115554;460;0
11;19;78;16;59;15;73;4.20;1;1;1;49;0;6115573;249;0
11;19;78;16;59;16;35;3.20;4;2;1;58;0;6115635;1147;0
11;19;78;16;59;17;15;3.20;1;1;1;48;0;6115715;111;0
11;19;78;16;59;18;84;3.80;1;1;1;47;0;6115884;145;0
11;19;78;16;59;20;73;3.40;1;1;1;48;0;6116073;159;0
11;19;78;16;59;22;52;3.40;2;1;1;56;0;6116252;673;0
11;19;78;16;59;24;22;3.80;1;1;1;56;0;6116422;323;0
11;19;78;16;59;27;99;4.40;4;2;1;75;0;6116799;1144;0
11;19;78;16;59;28;16;3.60;3;2;1;63;0;6116816;2463;0
11;19;78;16;59;31;77;3.20;3;2;1;62;0;6117177;340;0
11;19;78;16;59;32;41;4.00;4;2;1;57;0;6117241;420;0
11;19;78;16;59;32;92;3.20;1;1;1;61;0;6117292;845;0
11;19;78;16;59;33;51;3.80;3;2;1;58;0;6117351;155;0
11;19;78;16;59;34;75;3.60;1;1;1;63;0;6117475;164;0
11;19;78;16;59;34;88;3.60;4;2;1;57;0;6117488;221;0
11;19;78;16;59;36;61;4.00;1;1;1;67;0;6117661;165;0
11;19;78;16;59;36;62;4.00;3;2;1;63;0;6117662;287;0
11;19;78;16;59;38;60;3.40;1;1;1;61;0;6117860;177;0
11;19;78;16;59;38;93;4.00;2;1;1;48;0;6117893;1619;0
11;19;78;16;59;39;23;3.00;4;2;1;57;0;6117923;412;0
11;19;78;16;59;39;89;3.40;1;1;1;58;0;6117989;108;6117292
11;19;78;16;59;40;11;3.60;3;2;1;59;0;6118011;326;0
11;19;78;16;59;40;22;3.20;2;1;1;46;0;6118022;99;0
11;19;78;16;59;41;35;4.00;4;2;1;57;0;6118135;193;0
11;19;78;16;59;41;29;3.60;2;1;1;45;0;6118129;81;0
11;19;78;16;59;42;23;3.60;3;2;1;64;0;6118223;190;0
11;19;78;16;59;42;35;3.40;2;1;1;43;0;6118235;77;0
11;19;78;16;59;43;30;3.80;2;1;1;45;0;6118330;66;6117893
11;19;78;16;59;43;63;3.20;4;2;1;60;0;6118363;202;0
11;19;78;16;59;43;63;4.20;3;2;1;64;0;6118363;119;0
11;19;78;16;59;44;2;3.00;1;1;1;52;0;6118402;391;0
11;19;78;16;59;44;47;3.00;4;2;1;60;0;6118447;64;0
11;19;78;16;59;44;47;3.00;2;1;1;44;0;6118447;86;6117893
11;19;78;16;59;44;93;3.00;3;2;1;63;0;6118493;106;6117893
11;19;78;16;59;45;44;3.80;1;1;1;50;0;6118544;121;6117893
11;19;78;16;59;45;67;3.20;2;1;1;44;0;6118567;95;6117893
11;19;78;16;59;46;78;3.60;3;2;1;58;0;6118678;167;6118011
11;19;78;16;59;47;32;3.80;2;1;1;48;0;6118732;138;6117893
11;19;78;16;59;47;94;3.40;4;2;1;55;0;6118794;329;0
11;19;78;16;59;48;22;3.20;3;2;1;60;0;6118822;121;6118011
11;19;78;16;59;49;75;3.40;3;2;1;60;0;6118975;133;6118011
11;19;78;16;59;49;75;5.40;1;1;1;50;0;6118975;403;0
11;19;78;16;59;50;65;3.60;2;1;1;49;0;6119065;304;0
11;19;78;16;59;50;95;3.60;1;1;1;49;0;6119095;81;0
11;19;78;16;59;51;4;3.80;3;2;1;60;0;6119104;108;6118011
11;19;78;16;59;51;22;3.40;4;2;1;52;0;6119122;305;0
11;19;78;16;59;52;1;3.20;1;1;1;48;0;6119201;79;0
11;19;78;16;59;52;61;4.00;4;2;1;51;0;6119261;115;0
11;19;78;16;59;54;11;3.60;4;2;1;51;0;6119411;121;0
11;19;78;16;59;54;64;3.60;3;2;1;62;0;6119464;337;0
11;19;78;16;59;55;97;3.60;4;2;1;50;0;6119597;160;0
11;19;78;16;59;56;12;3.60;3;2;1;57;0;6119612;127;0
11;19;78;16;59;58;24;3.60;3;2;1;58;0;6119824;189;0
11;19;78;16;59;58;92;3.20;4;2;1;51;0;6119892;269;0
11;19;78;17;0;0;76;3.80;3;2;1;59;0;6120076;229;0
11;19;78;17;0;0;76;3.80;4;2;1;50;0;6120076;161;0
11;19;78;17;0;2;61;3.20;4;2;1;49;0;6120261;157;0
11;19;78;17;0;3;79;3.40;4;2;1;49;0;6120379;94;0
11;19;78;17;0;4;7;4.00;3;2;1;62;0;6120407;307;0
11;19;78;17;0;5;75;3.40;4;2;1;46;0;6120575;171;6119892
11;19;78;17;0;20;33;3.40;3;2;1;59;0;6122033;1602;0
11;19;78;17;0;30;27;3.60;1;1;1;59;0;6123027;3802;0
11;19;78;17;0;30;83;3.60;2;1;1;57;0;6123083;3991;0
11;19;78;17;0;31;5;3.20;4;2;1;58;0;6123105;2503;0
11;19;78;17;0;35;33;4.60;2;1;1;55;0;6123533;427;0
11;19;78;17;0;36;80;3.60;1;1;1;52;0;6123680;631;0
11;19;78;17;0;41;77;3.60;3;2;1;60;0;6124177;2123;0
11;19;78;17;0;43;20;3.40;1;1;1;57;0;6124320;615;0
11;19;78;17;0;43;30;3.60;3;2;1;65;0;6124330;131;0
11;19;78;17;0;43;31;3.80;4;2;1;57;0;6124331;1206;0
11;19;78;17;0;44;91;3.40;3;2;1;62;0;6124491;141;0
11;19;78;17;0;44;67;10.40;2;1;2;63;0;6124467;903;0
11;19;78;17;0;45;4;3.80;4;2;1;58;0;6124504;149;0
11;19;78;17;0;45;25;3.80;1;1;1;55;0;6124525;183;0
11;19;78;17;0;45;89;7.60;4;2;2;58;0;6124589;61;0
11;19;78;17;0;46;79;3.20;1;1;1;52;0;6124679;129;0
11;19;78;17;0;47;76;3.20;4;2;1;59;0;6124776;139;0
11;19;78;17;0;49;12;4.00;2;1;1;57;0;6124912;385;0
11;19;78;17;0;50;12;4.00;1;1;1;52;0;6125012;310;0
11;19;78;17;0;51;52;4.40;2;1;1;55;0;6125152;214;0
11;19;78;17;0;53;51;4.00;2;1;1;57;0;6125351;170;0
11;19;78;17;0;53;79;3.20;4;2;1;64;0;6125379;583;0
11;19;78;17;0;54;74;3.60;1;1;1;54;0;6125474;434;0
11;19;78;17;0;55;46;3.00;2;1;1;54;0;6125546;169;0
11;19;78;17;0;56;54;3.60;2;1;1;53;0;6125654;88;0
11;19;78;17;0;56;60;3.80;1;1;1;51;0;6125660;162;0
11;19;78;17;0;57;88;3.40;1;1;1;50;0;6125788;101;0
11;19;78;17;0;58;66;3.80;1;1;1;49;0;6125866;53;0
11;19;78;17;1;0;11;3.60;2;1;1;55;0;6126011;332;0
11;19;78;17;1;0;35;3.80;1;1;1;48;0;6126035;141;6125474
11;19;78;17;1;1;63;3.60;2;1;1;54;0;6126163;128;6125474
11;19;78;17;1;1;97;3.60;1;1;1;49;0;6126197;133;6125474
11;19;78;17;1;2;98;3.40;2;1;1;50;0;6126298;111;6125474
11;19;78;17;1;3;12;3.20;1;1;1;47;0;6126312;88;6125474
11;19;78;17;1;3;44;3.40;4;2;1;57;0;6126344;947;0
11;19;78;17;1;3;84;3.40;3;2;1;70;0;6126384;1873;0
11;19;78;17;1;4;0;6.40;1;1;1;46;0;6126400;63;6125474
11;19;78;17;1;4;45;3.20;2;1;1;51;0;6126445;122;6125474
11;19;78;17;1;5;56;3.80;3;2;1;67;0;6126556;154;6125474
11;19;78;17;1;6;15;3.80;1;1;1;48;0;6126615;164;6125474
11;19;78;17;1;6;60;2.80;4;2;1;65;0;6126660;294;0
11;19;78;17;1;8;13;3.20;3;2;1;63;0;6126813;236;0
11;19;78;17;1;9;11;3.80;1;1;1;54;0;6126911;267;0
11;19;78;17;1;9;54;3.80;3;2;1;62;0;6126954;122;0
11;19;78;17;1;9;84;3.60;4;2;1;66;0;6126984;308;0
11;19;78;17;1;11;25;3.40;2;1;1;60;0;6127125;657;0
11;19;78;17;1;11;50;5.40;4;2;1;63;0;6127150;146;0
11;19;78;17;1;12;66;3.20;3;2;1;58;0;6127266;289;0
11;19;78;17;1;13;19;3.60;4;2;1;61;0;6127319;138;0
11;19;78;17;1;13;30;3.40;2;1;1;59;0;6127330;184;0
11;19;78;17;1;14;11;3.60;3;2;1;57;0;6127411;125;0
11;19;78;17;1;13;39;12.20;1;1;3;48;0;6127339;402;0
11;19;78;17;1;15;30;3.80;3;2;1;58;0;6127530;96;0
11;19;78;17;1;16;48;3.60;4;2;1;59;0;6127648;307;0
11;19;78;17;1;16;56;3.60;2;1;1;53;0;6127656;305;0
11;19;78;17;1;16;63;3.80;3;2;1;60;0;6127663;109;0
11;19;78;17;1;17;72;3.40;4;2;1;58;0;6127772;102;0
11;19;78;17;1;18;27;3.60;3;2;1;59;0;6127827;141;6127266
11;19;78;17;1;19;23;3.40;1;1;1;50;0;6127923;492;0
11;19;78;17;1;19;39;3.60;3;2;1;61;0;6127939;90;6127266
11;19;78;17;1;19;40;3.60;4;2;1;57;0;6127940;146;6127266
11;19;78;17;1;20;93;3.80;1;1;1;47;0;6128093;145;6127266
11;19;78;17;1;22;53;3.80;4;2;1;59;0;6128253;290;0
11;19;78;17;1;22;43;4.80;1;1;1;46;0;6128243;120;0
11;19;78;17;1;23;15;5.00;3;2;1;64;0;6128315;354;0
11;19;78;17;1;24;33;3.00;4;2;1;59;0;6128433;156;0
11;19;78;17;1;24;38;4.60;1;1;1;45;0;6128438;157;0
11;19;78;17;1;26;20;3.60;4;2;1;58;0;6128620;168;0
11;19;78;17;1;26;39;3.80;3;2;1;62;0;6128639;295;0
11;19;78;17;1;27;84;3.80;4;2;1;57;0;6128784;141;0
11;19;78;17;1;28;82;3.40;3;2;1;65;0;6128882;220;0
11;19;78;17;1;29;43;3.60;2;1;1;59;0;6128943;1262;0
11;19;78;17;1;29;68;3.60;4;2;1;57;0;6128968;160;6128253
11;19;78;17;1;30;57;3.80;1;1;1;56;0;6129057;582;0
11;19;78;17;1;30;89;3.60;4;2;1;57;0;6129089;98;6128253
11;19;78;17;1;31;12;3.20;3;2;1;71;0;6129112;211;0
11;19;78;17;1;31;59;3.60;1;1;1;50;0;6129159;77;0
11;19;78;17;1;32;17;3.60;3;2;1;64;0;6129217;88;0
11;19;78;17;1;32;64;3.40;4;2;1;58;0;6129264;152;6128253
11;19;78;17;1;32;74;5.20;1;1;1;49;0;6129274;89;6128253
11;19;78;17;1;32;88;3.20;2;1;1;56;0;6129288;323;0
11;19;78;17;1;33;53;3.20;3;2;1;59;0;6129353;115;0
11;19;78;17;1;34;21;3.80;4;2;1;59;0;6129421;135;6128253
11;19;78;17;1;35;5;3.60;3;2;1;61;0;6129505;132;6128253
11;19;78;17;1;35;37;3.00;1;1;1;51;0;6129537;224;0
11;19;78;17;1;36;19;3.20;4;2;1;62;0;6129619;174;6128253
11;19;78;17;1;36;89;3.60;1;1;1;50;0;6129689;130;6128253
11;19;78;17;1;37;14;3.80;2;1;1;55;0;6129714;405;0
11;19;78;17;1;38;0;3.40;2;1;1;53;0;6129800;61;0
11;19;78;17;1;38;45;3.40;4;2;1;53;0;6129845;207;0
11;19;78;17;1;39;10;3.20;3;2;1;61;0;6129910;383;0
11;19;78;17;1;39;27;3.40;1;1;1;50;0;6129927;212;0
11;19;78;17;1;40;55;3.60;4;2;1;51;0;6130055;186;0
11;19;78;17;1;42;17;4.40;4;2;1;50;0;6130217;136;0
11;19;78;17;1;42;96;3.40;3;2;1;62;0;6130296;367;0
11;19;78;17;1;44;2;3.40;4;2;1;55;0;6130402;153;0
11;19;78;17;1;46;8;3.80;4;2;1;54;0;6130608;183;6129845
11;19;78;17;1;46;37;3.20;3;2;1;52;0;6130637;321;0
11;19;78;17;1;47;75;3.60;4;2;1;53;0;6130775;141;6129845
11;19;78;17;1;47;86;5.00;3;2;1;53;0;6130786;126;6129845
11;19;78;17;1;49;67;3.40;3;2;1;54;0;6130967;147;6129845
11;19;78;17;1;49;68;3.40;4;2;1;50;0;6130968;168;6129845
11;19;78;17;1;52;65;3.60;4;2;1;53;0;6131265;272;0
11;19;78;17;1;55;1;3.60;4;2;1;50;0;6131501;211;0
11;19;78;17;2;2;60;3.60;3;2;1;56;0;6132260;1270;0
11;19;78;17;2;5;15;4.00;4;2;1;56;0;6132515;988;0
11;19;78;17;2;6;24;3.80;2;1;1;56;0;6132624;2800;0
11;19;78;17;2;8;75;3.40;4;2;1;53;0;6132875;334;0
11;19;78;17;2;11;15;3.60;2;1;1;59;0;6133115;466;0
11;19;78;17;2;12;8;3.60;1;1;1;55;0;6133208;3256;0
11;19;78;17;2;12;33;3.40;2;1;1;56;0;6133233;96;0
11;19;78;17;2;13;16;3.80;1;1;1;56;0;6133316;84;0
11;19;78;17;2;16;74;3.80;2;1;1;55;0;6133674;419;0
11;19;78;17;2;17;48;3.40;1;1;1;56;0;6133748;407;0
11;19;78;17;2;18;12;3.20;2;1;1;55;0;6133812;113;0
11;19;78;17;2;18;89;3.20;4;2;1;58;0;6133889;990;0
11;19;78;17;2;19;32;4.00;2;1;1;54;0;6133932;99;0
11;19;78;17;2;19;65;3.40;1;1;1;55;0;6133965;195;0
11;19;78;17;2;20;83;3.40;1;1;1;55;0;6134083;95;0
11;19;78;17;2;22;2;4.60;1;1;1;55;0;6134202;96;0
11;19;78;17;2;22;89;3.40;3;2;1;57;0;6134289;2005;0
11;19;78;17;2;23;94;4.40;1;1;1;53;0;6134394;161;6133748
11;19;78;17;2;24;51;3.40;3;2;1;55;0;6134451;140;6133748
11;19;78;17;2;25;38;3.40;2;1;1;56;0;6134538;579;0
11;19;78;17;2;25;56;4.00;1;1;1;56;0;6134556;132;6133748
11;19;78;17;2;25;75;3.80;3;2;1;57;0;6134575;101;6133748
11;19;78;17;2;26;71;3.80;2;1;1;54;0;6134671;111;6133748
11;19;78;17;2;27;93;3.80;3;2;1;58;0;6134793;194;6133748
11;19;78;17;2;28;60;3.60;1;1;1;55;0;6134860;278;0
11;19;78;17;2;29;28;3.20;3;2;1;61;0;6134928;111;6134289
11;19;78;17;2;29;81;4.40;4;2;1;50;0;6134981;1072;0
11;19;78;17;2;30;23;3.60;3;2;1;59;0;6135023;76;6134289
11;19;78;17;2;30;54;3.40;1;1;1;57;0;6135054;170;6134289
11;19;78;17;2;31;95;4.00;1;1;1;56;0;6135195;119;6134289
11;19;78;17;2;32;4;4.00;4;2;1;48;0;6135204;191;6134289
11;19;78;17;2;32;93;3.80;4;2;1;47;0;6135293;59;6134289
11;19;78;17;2;33;43;3.40;2;1;1;59;0;6135343;646;0
11;19;78;17;2;33;59;3.60;1;1;1;53;0;6135359;138;0
11;19;78;17;2;34;42;3.40;3;2;1;61;0;6135442;397;0
11;19;78;17;2;35;22;3.40;4;2;1;51;0;6135522;199;0
11;19;78;17;2;36;90;3.20;4;2;1;51;0;6135690;144;6134981
11;19;78;17;2;37;68;3.40;4;2;1;51;0;6135768;55;6134981
11;19;78;17;2;37;72;3.20;1;1;1;54;0;6135772;388;0
11;19;78;17;2;39;62;3.20;1;1;1;53;0;6135962;168;0
11;19;78;17;2;41;28;3.00;1;1;1;49;0;6136128;144;0
11;19;78;17;2;42;72;3.60;1;1;1;46;0;6136272;121;0
11;19;78;17;2;44;28;3.80;1;1;1;44;0;6136428;127;6135772
11;19;78;17;2;45;46;3.20;1;1;1;43;0;6136546;86;6135772
11;19;78;17;2;46;3;3.80;4;2;1;63;0;6136603;811;0
11;19;78;17;2;46;48;4.40;1;1;1;43;0;6136648;75;6135772
11;19;78;17;2;47;10;3.40;2;1;1;57;0;6136710;1346;0
11;19;78;17;2;47;67;3.40;3;2;1;62;0;6136767;1304;0
11;19;78;17;2;48;2;2.80;1;1;1;41;0;6136802;117;6135772
11;19;78;17;2;49;9;3.60;1;1;1;41;0;6136909;82;6135772
11;19;78;17;2;50;15;3.80;1;1;1;41;0;6137015;74;6135772
11;19;78;17;2;50;71;3.60;4;2;1;60;0;6137071;446;0
11;19;78;17;2;50;84;3.00;3;2;1;61;0;6137084;297;0
11;19;78;17;2;51;87;3.80;1;1;1;40;0;6137187;138;6135772
11;19;78;17;2;53;8;3.60;1;1;1;41;0;6137308;86;6135772
11;19;78;17;2;53;40;3.20;3;2;1;57;0;6137340;238;0
11;19;78;17;2;54;32;3.60;4;2;1;57;0;6137432;339;0
11;19;78;17;2;54;3;4.20;1;1;1;40;0;6137403;63;6135772
11;19;78;17;2;54;59;3.60;3;2;1;58;0;6137459;98;6135772
11;19;78;17;2;55;88;3.80;1;1;1;40;0;6137588;147;6135772
11;19;78;17;2;56;28;3.40;4;2;1;58;0;6137628;173;6135772
11;19;78;17;2;56;32;4.00;3;2;1;52;0;6137632;150;6135772
11;19;78;17;2;57;55;3.80;1;1;1;50;0;6137755;132;6135772
11;19;78;17;2;59;78;3.40;3;2;1;53;0;6137978;318;0
11;19;78;17;3;1;81;3.40;3;2;1;62;0;6138181;179;0
11;19;78;17;3;1;75;5.20;1;1;1;47;0;6138175;392;0
11;19;78;17;3;2;16;3.60;2;1;1;53;0;6138216;1484;0
11;19;78;17;3;3;41;3.40;3;2;1;65;0;6138341;140;0
11;19;78;17;3;3;36;3.40;1;1;1;47;0;6138336;121;0
11;19;78;17;3;4;74;5.00;3;2;1;67;0;6138474;114;0
11;19;78;17;3;6;9;3.20;2;1;1;57;0;6138609;368;0
11;19;78;17;3;6;16;3.80;3;2;1;68;0;6138616;115;6137978
11;19;78;17;3;7;53;3.60;3;2;1;60;0;6138753;116;6137978
11;19;78;17;3;7;90;3.60;1;1;1;53;0;6138790;427;0
11;19;78;17;3;8;69;3.20;4;2;1;66;0;6138869;1219;0
11;19;78;17;3;13;26;3.20;4;2;1;57;0;6139326;439;0
11;19;78;17;3;13;36;3.40;3;2;1;62;0;6139336;561;0
11;19;78;17;3;13;79;4.00;1;1;1;59;0;6139379;564;0
11;19;78;17;3;16;13;3.20;4;2;1;55;0;6139613;266;0
11;19;78;17;3;17;2;3.80;4;2;1;55;0;6139702;68;0
11;19;78;17;3;17;39;4.40;3;2;1;62;0;6139739;383;0
11;19;78;17;3;19;13;3.20;3;2;1;62;0;6139913;148;0
11;19;78;17;3;19;39;3.60;4;2;1;49;0;6139939;212;0
11;19;78;17;3;20;95;3.40;4;2;1;50;0;6140095;129;0
11;19;78;17;3;21;5;3.80;3;2;1;60;0;6140105;173;0
11;19;78;17;3;22;44;3.60;4;2;1;50;0;6140244;124;0
11;19;78;17;3;22;60;3.60;3;2;1;60;0;6140260;132;0
11;19;78;17;3;24;12;3.40;4;2;1;50;0;6140412;142;0
11;19;78;17;3;24;52;4.20;3;2;1;61;0;6140452;170;6139739
11;19;78;17;3;25;79;3.40;4;2;1;51;0;6140579;142;6139939
11;19;78;17;3;26;56;3.80;3;2;1;61;0;6140656;179;6139739
11;19;78;17;3;29;7;4.00;3;2;1;61;0;6140907;228;0
11;19;78;17;3;31;76;3.80;1;1;1;58;0;6141176;1772;0
11;19;78;17;3;32;23;11.20;4;2;2;46;0;6141223;620;0
11;19;78;17;3;33;35;3.40;3;2;1;56;0;6141335;404;0
11;19;78;17;3;34;26;3.40;4;2;1;46;0;6141426;115;0
11;19;78;17;3;36;21;3.80;4;2;1;50;0;6141621;168;0
11;19;78;17;3;38;3;3.20;4;2;1;50;0;6141803;154;0
11;19;78;17;3;41;85;3.80;4;2;1;50;0;6142185;358;0
11;19;78;17;3;47;99;3.00;4;2;1;57;0;6142799;586;0
11;19;78;17;3;49;58;3.80;4;2;1;54;0;6142958;140;0
11;19;78;17;3;49;74;3.80;3;2;1;58;0;6142974;1617;0
11;19;78;17;3;52;81;4.00;4;2;1;59;0;6143281;297;0
11;19;78;17;3;54;7;11.40;1;1;3;61;0;6143407;2207;0
11;19;78;17;4;0;21;3.20;3;2;1;59;0;6144021;1023;0
11;19;78;17;4;2;37;3.20;2;1;1;56;0;6144237;5607;0
11;19;78;17;4;2;87;3.40;3;2;1;59;0;6144287;246;0
11;19;78;17;4;4;0;3.80;2;1;1;58;0;6144400;142;0
11;19;78;17;4;4;67;3.60;1;1;1;57;0;6144467;992;0
11;19;78;17;4;5;50;3.60;2;1;1;57;0;6144550;126;0
11;19;78;17;4;6;54;3.60;4;2;1;54;0;6144654;1348;0
11;19;78;17;4;7;30;4.20;1;1;1;53;0;6144730;240;0
11;19;78;17;4;7;58;3.20;2;1;1;56;0;6144758;185;0
11;19;78;17;4;9;49;3.60;3;2;1;58;0;6144949;641;0
11;19;78;17;4;9;67;3.80;1;1;1;52;0;6144967;208;0
11;19;78;17;4;9;99;4.80;4;2;1;56;0;6144999;321;0
11;19;78;17;4;10;12;4.80;2;1;1;53;0;6145012;233;0
11;19;78;17;4;10;22;4.00;3;2;1;57;0;6145022;50;0
11;19;78;17;4;11;12;3.20;1;1;1;49;0;6145112;118;0
11;19;78;17;4;11;44;3.80;3;2;1;61;0;6145144;96;0
11;19;78;17;4;11;44;3.40;2;1;1;54;0;6145144;99;0
11;19;78;17;4;13;15;3.60;3;2;1;59;0;6145315;148;0
11;19;78;17;4;13;59;3.60;2;1;1;57;0;6145359;192;0
11;19;78;17;4;13;75;3.60;1;1;1;47;0;6145375;239;0
11;19;78;17;4;13;86;3.60;4;2;1;52;0;6145386;356;0
11;19;78;17;4;14;64;3.60;1;1;1;46;0;6145464;61;0
11;19;78;17;4;15;13;3.80;2;1;1;56;0;6145513;131;0
11;19;78;17;4;15;78;3.80;4;2;1;49;0;6145578;167;0
11;19;78;17;4;15;93;4.00;2;1;1;57;0;6145593;55;6145012
11;19;78;17;4;16;31;3.20;1;1;1;48;0;6145631;138;6145012
11;19;78;17;4;17;33;3.40;3;2;1;66;0;6145733;396;0
11;19;78;17;4;17;27;4.60;1;1;1;50;0;6145727;72;0
11;19;78;17;4;17;73;3.60;4;2;1;49;0;6145773;167;0
11;19;78;17;4;18;16;3.60;1;1;1;49;0;6145816;55;6145375
11;19;78;17;4;19;39;3.80;1;1;1;46;0;6145939;96;6145375
11;19;78;17;4;19;88;3.60;4;2;1;52;0;6145988;188;6145375
11;19;78;17;4;20;73;3.20;2;1;1;53;0;6146073;454;0
11;19;78;17;4;20;66;3.20;1;1;1;46;0;6146066;97;6145375
11;19;78;17;4;21;99;3.80;4;2;1;59;0;6146199;186;6145386
11;19;78;17;4;22;8;3.80;1;1;1;45;0;6146208;116;6145375
11;19;78;17;4;22;90;3.00;2;1;1;53;0;6146290;195;6145375
11;19;78;17;4;25;69;3.80;1;1;1;41;0;6146569;330;0
11;19;78;17;4;26;76;3.40;1;1;1;39;0;6146676;73;0
11;19;78;17;4;28;24;3.60;2;1;1;50;0;6146824;513;0
11;19;78;17;4;28;60;3.20;1;1;1;39;0;6146860;152;0
11;19;78;17;4;28;84;5.40;4;2;1;60;0;6146884;661;0
11;19;78;17;4;29;12;3.40;2;1;1;49;0;6146912;62;0
11;19;78;17;4;29;41;3.60;1;1;1;35;0;6146941;51;0
11;19;78;17;4;30;67;4.20;1;1;1;35;0;6147067;88;6146569
11;19;78;17;4;32;48;3.60;4;2;1;59;0;6147248;331;0
11;19;78;17;4;33;76;3.80;1;1;1;46;0;6147376;265;0
11;19;78;17;4;34;34;4.00;3;2;1;63;0;6147434;1682;0
11;19;78;17;4;34;89;3.40;4;2;1;60;0;6147489;219;0
11;19;78;17;4;35;64;3.20;3;2;1;63;0;6147564;107;0
11;19;78;17;4;36;45;3.60;4;2;1;57;0;6147645;135;0
11;19;78;17;4;36;42;4.00;2;1;1;52;0;6147642;705;0
11;19;78;17;4;36;65;4.00;3;2;1;60;0;6147665;82;0
11;19;78;17;4;37;5;3.60;1;1;1;49;0;6147705;299;0
11;19;78;17;4;38;11;3.60;3;2;1;58;0;6147811;122;0
11;19;78;17;4;38;24;3.40;4;2;1;57;0;6147824;156;0
11;19;78;17;4;39;43;3.40;2;1;1;53;0;6147943;273;0
11;19;78;17;4;39;54;3.40;3;2;1;58;0;6147954;120;6147434
11;19;78;17;4;40;81;3.20;3;2;1;58;0;6148081;105;6147434
11;19;78;17;4;40;79;3.60;1;1;1;51;0;6148079;347;0
11;19;78;17;4;42;18;3.00;3;2;1;59;0;6148218;117;6147434
11;19;78;17;4;42;17;4.00;1;1;1;53;0;6148217;112;6147434
11;19;78;17;4;42;37;3.20;4;2;1;56;0;6148237;391;0
11;19;78;17;4;43;32;3.60;1;1;1;49;0;6148332;87;0
11;19;78;17;4;43;41;3.80;3;2;1;59;0;6148341;104;6147434
11;19;78;17;4;44;2;3.20;4;2;1;55;0;6148402;144;6147434
11;19;78;17;4;44;42;3.20;3;2;1;58;0;6148442;77;6147434
11;19;78;17;4;45;18;3.80;2;1;1;61;0;6148518;551;0
11;19;78;17;4;45;22;3.60;1;1;1;46;0;6148522;163;0
11;19;78;17;4;45;79;3.40;4;2;1;56;0;6148579;156;0
11;19;78;17;4;46;13;3.40;1;1;1;45;0;6148613;62;6148079
11;19;78;17;4;47;13;3.20;3;2;1;64;0;6148713;251;0
11;19;78;17;4;47;19;3.80;1;1;1;43;0;6148719;78;6148079
11;19;78;17;4;48;12;3.60;4;2;1;53;0;6148812;211;0
11;19;78;17;4;48;88;3.60;3;2;1;60;0;6148888;157;0
11;19;78;17;4;49;98;3.60;4;2;1;53;0;6148998;161;0
11;19;78;17;4;50;73;3.20;3;2;1;60;0;6149073;163;0
11;19;78;17;4;51;30;3.40;1;1;1;49;0;6149130;379;0
11;19;78;17;4;51;43;3.20;2;1;1;58;0;6149143;602;0
11;19;78;17;4;51;75;3.80;3;2;1;59;0;6149175;82;0
11;19;78;17;4;51;75;3.60;4;2;1;52;0;6149175;152;0
11;19;78;17;4;52;91;3.60;2;1;1;55;0;6149291;128;0
11;19;78;17;4;53;19;3.80;3;2;1;60;0;6149319;120;6148713
11;19;78;17;4;53;16;4.20;4;2;1;52;0;6149316;116;6148713
11;19;78;17;4;54;27;4.60;4;2;1;51;0;6149427;81;6148812
11;19;78;17;4;57;1;3.60;4;2;1;56;0;6149701;241;0
11;19;78;17;4;59;12;4.60;3;2;1;60;0;6149912;570;0
11;19;78;17;5;0;28;3.60;4;2;1;54;0;6150028;303;0
11;19;78;17;5;0;36;3.80;3;2;1;58;0;6150036;96;0
11;19;78;17;5;1;57;4.00;4;2;1;54;0;6150157;105;0
11;19;78;17;5;3;19;3.40;3;2;1;57;0;6150319;259;0
11;19;78;17;5;3;57;3.80;4;2;1;53;0;6150357;173;0
11;19;78;17;5;4;29;3.60;1;1;1;59;0;6150429;1274;0
11;19;78;17;5;4;88;3.40;4;2;1;51;0;6150488;105;0
11;19;78;17;5;7;99;3.20;4;2;1;51;0;6150799;287;0
11;19;78;17;5;9;57;3.60;4;2;1;47;0;6150957;135;0
11;19;78;17;5;11;51;3.80;4;2;1;46;0;6151151;166;0
11;19;78;17;5;15;19;3.60;4;2;1;45;0;6151519;338;0
11;19;78;17;5;18;68;4.40;1;1;1;61;0;6151868;1417;0
11;19;78;17;5;18;65;3.80;4;2;1;44;0;6151865;317;0
11;19;78;17;5;19;6;4.00;2;1;1;56;0;6151906;2591;0
11;19;78;17;5;21;34;3.60;2;1;1;60;0;6152134;202;0
11;19;78;17;5;22;43;3.80;2;1;1;58;0;6152243;87;0
11;19;78;17;5;22;86;4.80;1;1;1;57;0;6152286;392;0
11;19;78;17;5;24;98;4.60;2;1;1;59;0;6152498;231;0
11;19;78;17;5;26;63;3.40;2;1;1;54;0;6152663;136;0
11;19;78;17;5;27;87;2.80;1;1;1;57;0;6152787;470;0
11;19;78;17;5;29;79;3.80;4;2;1;57;0;6152979;1082;0
11;19;78;17;5;30;13;3.60;1;1;1;55;0;6153013;208;0
11;19;78;17;5;31;46;3.60;2;1;1;55;0;6153146;460;0
11;19;78;17;5;31;66;3.00;3;2;1;62;0;6153166;2825;0
11;19;78;17;5;32;44;4.40;1;1;1;55;0;6153244;207;0
11;19;78;17;5;34;44;3.40;2;1;1;60;0;6153444;274;0
11;19;78;17;5;34;88;3.80;3;2;1;65;0;6153488;304;0
11;19;78;17;5;34;84;3.80;1;1;1;55;0;6153484;211;0
11;19;78;17;5;37;53;3.40;2;1;1;56;0;6153753;288;0
11;19;78;17;5;38;10;3.60;4;2;1;60;0;6153810;807;0
11;19;78;17;5;38;32;3.40;2;1;1;57;0;6153832;57;0
11;19;78;17;5;41;53;4.00;2;1;1;57;0;6154153;299;0
11;19;78;17;5;42;42;3.40;1;1;1;61;0;6154242;733;0
11;19;78;17;5;43;41;3.40;4;2;1;58;0;6154341;509;0
11;19;78;17;5;43;62;3.00;3;2;1;59;0;6154362;852;0
11;19;78;17;5;44;30;3.60;2;1;1;60;0;6154430;251;0
11;19;78;17;5;45;5;3.80;1;1;1;56;0;6154505;242;0
11;19;78;17;5;45;16;3.80;4;2;1;57;0;6154516;153;0
11;19;78;17;5;45;58;3.80;3;2;1;57;0;6154558;177;0
11;19;78;17;5;46;46;3.60;3;2;1;53;0;6154646;64;0
11;19;78;17;5;46;85;3.40;4;2;1;57;0;6154685;145;0
11;19;78;17;5;48;28;3.60;3;2;1;55;0;6154828;157;0
11;19;78;17;5;48;54;3.60;4;2;1;60;0;6154854;147;0
11;19;78;17;5;49;47;3.80;1;1;1;56;0;6154947;417;0
11;19;78;17;5;49;64;3.60;3;2;1;55;0;6154964;112;6154362
11;19;78;17;5;49;78;3.80;2;1;1;62;0;6154978;526;0
11;19;78;17;5;50;72;3.40;1;1;1;56;0;6155072;100;0
11;19;78;17;5;52;13;3.20;4;2;1;53;0;6155213;337;0
11;19;78;17;5;53;6;3.60;4;2;1;55;0;6155306;71;0
11;19;78;17;5;57;53;5.20;1;1;1;61;0;6155753;659;0
11;19;78;17;6;6;45;4.00;1;1;1;56;0;6156645;861;0
11;19;78;17;6;7;91;3.80;1;1;1;54;0;6156791;120;0
11;19;78;17;6;9;65;3.40;1;1;1;61;0;6156965;148;0
11;19;78;17;6;10;28;4.00;4;2;1;51;0;6157028;1698;0
11;19;78;17;6;11;37;3.40;2;1;1;58;0;6157137;2136;0
11;19;78;17;6;11;50;14.40;4;2;3;55;0;6157150;93;0
11;19;78;17;6;12;13;4.60;1;1;1;58;0;6157213;227;0
11;19;78;17;6;14;23;3.00;3;2;1;58;0;6157423;2435;0
11;19;78;17;6;14;99;3.20;3;2;1;57;0;6157499;57;0
11;19;78;17;6;16;38;3.20;3;2;1;56;0;6157638;118;0
11;19;78;17;6;17;36;4.00;1;1;1;56;0;6157736;494;0
11;19;78;17;6;18;47;3.40;3;2;1;57;0;6157847;188;0
11;19;78;17;6;19;19;4.00;2;1;1;59;0;6157919;760;0
11;19;78;17;6;19;37;3.60;3;2;1;59;0;6157937;68;6157423
11;19;78;17;6;19;69;3.60;1;1;1;56;0;6157969;207;0
11;19;78;17;6;20;23;3.80;4;2;1;58;0;6158023;778;0
11;19;78;17;6;20;93;3.20;3;2;1;58;0;6158093;134;6157423
11;19;78;17;6;21;77;3.20;1;1;1;58;0;6158177;184;6157423
11;19;78;17;6;22;0;3.80;3;2;1;58;0;6158200;87;6157423
11;19;78;17;6;23;11;3.60;4;2;1;54;0;6158311;264;0
11;19;78;17;6;23;14;3.60;2;1;1;54;0;6158314;370;0
11;19;78;17;6;23;42;3.60;3;2;1;61;0;6158342;118;6157423
11;19;78;17;6;24;52;3.00;4;2;1;54;0;6158452;117;6157423
11;19;78;17;6;26;4;3.60;4;2;1;55;0;6158604;132;6157423
11;19;78;17;6;26;4;4.60;3;2;1;57;0;6158604;240;0
11;19;78;17;6;27;60;3.00;4;2;1;55;0;6158760;132;0
11;19;78;17;6;28;22;3.40;3;2;1;61;0;6158822;188;0
11;19;78;17;6;29;11;3.60;4;2;1;52;0;6158911;131;6158311
11;19;78;17;6;30;21;3.80;3;2;1;58;0;6159021;178;6158311
11;19;78;17;6;30;98;3.80;4;2;1;52;0;6159098;162;6158311
11;19;78;17;6;31;69;3.60;3;2;1;59;0;6159169;124;6158311
11;19;78;17;6;32;85;3.60;4;2;1;51;0;6159285;160;6158311
11;19;78;17;6;33;45;3.00;3;2;1;55;0;6159345;154;6158604
11;19;78;17;6;35;85;3.60;4;2;1;50;0;6159585;274;0
11;19;78;17;6;36;98;3.80;4;2;1;47;0;6159698;87;0
11;19;78;17;6;37;95;3.60;3;2;1;55;0;6159795;430;0
11;19;78;17;6;39;36;4.00;3;2;1;54;0;6159936;117;0
11;19;78;17;6;40;52;3.00;3;2;1;57;0;6160052;89;0
11;19;78;17;6;41;11;12.60;4;2;3;46;0;6160111;383;0
11;19;78;17;6;44;14;3.60;4;2;1;48;0;6160414;204;0
11;19;78;17;6;46;20;3.60;4;2;1;48;0;6160620;179;0
11;19;78;17;6;47;16;3.40;3;2;1;44;0;6160716;645;0
11;19;78;17;6;48;43;3.80;4;2;1;42;0;6160843;196;0
11;19;78;17;6;48;65;3.40;3;2;1;48;0;6160865;121;0
11;19;78;17;6;51;8;3.40;4;2;1;43;0;6161108;232;0
11;19;78;17;6;51;64;3.80;3;2;1;48;0;6161164;273;0
11;19;78;17;6;53;22;3.60;3;2;1;47;0;6161322;129;0
11;19;78;17;6;54;2;3.80;4;2;1;41;0;6161402;265;0
11;19;78;17;6;54;23;3.20;3;2;1;48;0;6161423;73;0
11;19;78;17;6;55;56;3.80;1;1;1;56;0;6161556;3359;0
11;19;78;17;6;55;85;3.60;3;2;1;48;0;6161585;138;0
11;19;78;17;6;55;71;4.60;4;2;1;40;0;6161571;135;0
11;19;78;17;6;57;19;3.60;3;2;1;47;0;6161719;107;6161164
11;19;78;17;6;57;87;3.60;4;2;1;39;0;6161787;174;6161164
11;19;78;17;6;59;23;3.80;2;1;1;60;0;6161923;3585;0
11;19;78;17;6;59;27;3.00;4;2;1;38;0;6161927;106;0
11;19;78;17;7;0;49;3.80;4;2;1;40;0;6162049;93;6161402
11;19;78;17;7;1;48;3.20;2;1;1;56;0;6162148;202;0
11;19;78;17;7;2;42;3.80;3;2;1;59;0;6162242;495;0
11;19;78;17;7;3;6;4.20;4;2;1;42;0;6162306;222;0
11;19;78;17;7;3;53;3.80;1;1;1;60;0;6162353;772;0
11;19;78;17;7;4;6;3.60;3;2;1;59;0;6162406;140;0
11;19;78;17;7;5;56;3.40;4;2;1;39;0;6162556;214;0
11;19;78;17;7;6;26;3.60;1;1;1;56;0;6162626;250;0
11;19;78;17;7;6;3;13.20;2;1;7;54;0;6162603;434;0
11;19;78;17;7;7;49;3.80;1;1;1;56;0;6162749;99;0
11;19;78;17;7;7;41;3.80;4;2;1;39;0;6162741;153;0
11;19;78;17;7;7;73;3.80;2;1;1;53;0;6162773;82;0
11;19;78;17;7;9;92;5.00;2;1;1;55;0;6162992;193;0
11;19;78;17;7;9;98;1.80;1;1;0;56;1;6162998;224;0
11;19;78;17;7;11;87;3.40;1;1;1;59;0;6163187;413;0
11;19;78;17;7;13;8;3.20;2;1;1;55;0;6163308;283;0
11;19;78;17;7;13;22;3.80;1;1;1;55;0;6163322;114;0
11;19;78;17;7;13;85;4.00;4;2;1;45;0;6163385;608;0
11;19;78;17;7;14;24;3.40;2;1;1;55;0;6163424;95;0
11;19;78;17;7;14;65;4.00;1;1;1;53;0;6163465;118;0
11;19;78;17;7;15;49;3.20;2;1;1;53;0;6163549;102;0
11;19;78;17;7;16;53;3.80;1;1;1;51;0;6163653;160;0
11;19;78;17;7;17;75;3.80;2;1;1;55;0;6163775;204;0
11;19;78;17;7;18;29;3.40;1;1;1;50;0;6163829;149;6163187
11;19;78;17;7;18;22;3.80;3;2;1;59;0;6163822;1394;0
11;19;78;17;7;19;6;3.80;2;1;1;52;0;6163906;106;0
11;19;78;17;7;20;10;3.20;1;1;1;48;0;6164010;156;6163187
11;19;78;17;7;20;17;3.80;3;2;1;59;0;6164017;171;6163187
11;19;78;17;7;21;96;3.60;2;1;1;55;0;6164196;263;0
11;19;78;17;7;22;34;3.20;4;2;1;59;0;6164234;817;0
11;19;78;17;7;23;68;3.40;1;1;1;47;0;6164368;334;0
11;19;78;17;7;24;63;4.00;2;1;1;49;0;6164463;243;0
11;19;78;17;7;24;89;3.80;4;2;1;57;0;6164489;235;0
11;19;78;17;7;26;26;4.60;1;1;1;48;0;6164626;231;0
11;19;78;17;7;27;70;3.60;4;2;1;56;0;6164770;257;0
11;19;78;17;7;28;26;3.20;1;1;1;48;0;6164826;165;0
11;19;78;17;7;28;85;3.80;4;2;1;54;0;6164885;91;0
11;19;78;17;7;29;45;4.60;3;2;1;59;0;6164945;904;0
11;19;78;17;7;30;6;3.20;1;1;1;48;0;6165006;156;0
11;19;78;17;7;30;23;4.40;4;2;1;63;0;6165023;112;0
11;19;78;17;7;31;41;3.60;1;1;1;51;0;6165141;111;0
11;19;78;17;7;33;8;3.40;3;2;1;57;0;6165308;334;0
11;19;78;17;7;34;18;4.00;3;2;1;59;0;6165418;88;0
11;19;78;17;7;34;77;3.80;1;1;1;69;0;6165477;310;0
11;19;78;17;7;35;24;3.00;2;1;1;60;0;6165524;1031;0
11;19;78;17;7;35;45;3.80;3;2;1;60;0;6165545;102;0
11;19;78;17;7;36;73;10.60;1;1;2;61;0;6165673;176;0
11;19;78;17;7;39;83;4.00;1;1;1;57;0;6165983;247;0
11;19;78;17;7;41;11;3.40;4;2;1;61;0;6166111;1062;0
11;19;78;17;7;41;91;3.40;4;2;1;55;0;6166191;59;0
11;19;78;17;7;42;5;3.80;1;1;1;59;0;6166205;196;0
11;19;78;17;7;43;32;4.00;3;2;1;66;0;6166332;764;0
11;19;78;17;7;43;69;3.40;4;2;1;53;0;6166369;155;0
11;19;78;17;7;45;70;3.60;3;2;1;62;0;6166570;216;0
11;19;78;17;7;47;40;3.40;1;1;1;58;0;6166740;511;0
11;19;78;17;7;49;36;3.00;4;2;1;58;0;6166936;543;0
11;19;78;17;7;50;68;3.80;2;1;1;59;0;6167068;1526;0
11;19;78;17;7;51;47;3.00;1;1;1;54;0;6167147;385;0
11;19;78;17;7;51;58;3.40;2;1;1;60;0;6167158;66;0
11;19;78;17;7;53;3;4.20;3;2;1;64;0;6167303;712;0
11;19;78;17;7;52;93;3.60;1;1;1;54;0;6167293;126;0
11;19;78;17;7;54;30;3.80;2;1;1;57;0;6167430;251;0
11;19;78;17;7;54;52;3.40;3;2;1;62;0;6167452;125;0
11;19;78;17;7;54;58;5.20;1;1;1;56;0;6167458;141;0
11;19;78;17;7;55;97;3.60;4;2;1;68;0;6167597;642;0
11;19;78;17;7;56;88;4.00;3;2;1;70;0;6167688;216;0
11;19;78;17;7;57;57;11.80;1;1;3;53;0;6167757;265;0
11;19;78;17;7;58;39;3.60;2;1;1;58;0;6167839;385;0
11;19;78;17;7;58;11;12.60;4;2;3;53;0;6167811;194;0
11;19;78;17;8;0;6;3.00;1;1;1;51;0;6168006;168;0
11;19;78;17;8;1;2;3.40;4;2;1;51;0;6168102;205;0
11;19;78;17;8;1;38;3.20;3;2;1;59;0;6168138;429;0
11;19;78;17;8;1;17;3.60;1;1;1;48;0;6168117;89;0
11;19;78;17;8;2;11;3.60;4;2;1;49;0;6168211;85;0
11;19;78;17;8;2;76;7.20;1;1;2;51;0;6168276;132;0
11;19;78;17;8;3;52;3.00;4;2;1;50;0;6168352;114;0
11;19;78;17;8;3;84;3.60;3;2;1;59;0;6168384;226;0
11;19;78;17;8;5;3;3.60;3;2;1;59;0;6168503;97;0
11;19;78;17;8;5;58;3.40;4;2;1;51;0;6168558;184;0
11;19;78;17;8;7;57;3.40;4;2;1;49;0;6168757;175;6168102
11;19;78;17;8;8;9;3.40;3;2;1;58;0;6168809;284;0
11;19;78;17;8;9;73;4.40;4;2;1;49;0;6168973;191;6168102
11;19;78;17;8;9;89;3.60;3;2;1;53;0;6168989;158;6168102
11;19;78;17;8;11;23;4.00;3;2;1;52;0;6169123;109;6168102
11;19;78;17;8;11;97;3.60;4;2;1;50;0;6169197;191;6168102
11;19;78;17;8;12;84;3.40;3;2;1;50;0;6169284;133;6168102
11;19;78;17;8;13;73;3.80;1;1;1;54;0;6169373;1046;0
11;19;78;17;8;13;73;3.80;3;2;1;49;0;6169373;64;6168809
11;19;78;17;8;14;12;4.60;4;2;1;47;0;6169412;189;6168102
11;19;78;17;8;14;83;3.40;3;2;1;51;0;6169483;82;6168809
11;19;78;17;8;15;60;3.80;4;2;1;46;0;6169560;112;6168102
11;19;78;17;8;16;10;3.60;3;2;1;52;0;6169610;103;6168809
11;19;78;17;8;16;66;3.80;4;2;1;50;0;6169666;76;6168102
11;19;78;17;8;17;47;3.60;3;2;1;51;0;6169747;112;6168809
11;19;78;17;8;18;71;3.80;4;2;1;48;0;6169871;177;6168102
11;19;78;17;8;19;46;3.60;1;1;1;56;0;6169946;547;0
11;19;78;17;8;19;50;3.40;3;2;1;47;0;6169950;177;6168809
11;19;78;17;8;20;44;3.60;3;2;1;46;0;6170044;67;6168809
11;19;78;17;8;22;52;3.20;3;2;1;48;0;6170252;179;6168809
11;19;78;17;8;26;99;3.20;4;2;1;50;0;6170699;799;0
11;19;78;17;8;35;1;5.00;1;1;1;59;0;6171501;1531;0
11;19;78;17;8;36;0;3.60;2;1;1;55;0;6171600;3738;0
11;19;78;17;8;36;25;3.40;3;2;1;69;0;6171625;1349;0
11;19;78;17;8;37;87;3.60;4;2;1;61;0;6171787;1064;0
11;19;78;17;8;41;2;3.80;3;2;1;55;0;6172102;459;0
11;19;78;17;8;41;93;3.80;1;1;1;57;0;6172193;661;0
11;19;78;17;8;48;41;4.60;1;1;1;60;0;6172841;624;0
11;19;78;17;8;48;97;3.60;4;2;1;60;0;6172897;1088;0
11;19;78;17;8;50;72;3.40;4;2;1;59;0;6173072;153;0
11;19;78;17;8;53;23;3.20;2;1;1;62;0;6173323;1699;0
11;19;78;17;8;53;28;3.60;1;1;1;58;0;6173328;459;0
11;19;78;17;8;54;29;3.40;3;2;1;56;0;6173429;1302;0
11;19;78;17;8;55;9;3.20;4;2;1;56;0;6173509;416;0
11;19;78;17;8;55;14;3.40;1;1;1;64;0;6173514;163;0
11;19;78;17;8;56;60;3.80;1;1;1;55;0;6173660;126;0
11;19;78;17;8;57;18;4.20;3;2;1;61;0;6173718;267;0
11;19;78;17;8;57;38;4.60;2;1;1;67;0;6173738;396;0
11;19;78;17;8;58;89;4.20;1;1;1;60;0;6173889;204;0
11;19;78;17;9;0;24;3.40;2;1;1;58;0;6174024;261;0
11;19;78;17;9;0;42;3.60;1;1;1;57;0;6174042;127;0
11;19;78;17;9;1;48;4.00;2;1;1;60;0;6174148;102;0
11;19;78;17;9;1;91;3.20;1;1;1;53;0;6174191;126;0
11;19;78;17;9;2;85;3.60;2;1;1;62;0;6174285;113;0
11;19;78;17;9;3;14;3.80;1;1;1;54;0;6174314;101;0
11;19;78;17;9;4;22;3.40;3;2;1;57;0;6174422;679;0
11;19;78;17;9;4;61;3.80;1;1;1;54;0;6174461;121;6173889
11;19;78;17;9;4;68;3.80;4;2;1;50;0;6174468;938;0
11;19;78;17;9;5;35;4.00;2;1;1;57;0;6174535;229;0
11;19;78;17;9;5;69;3.80;1;1;1;56;0;6174569;82;6173889
11;19;78;17;9;6;24;5.00;2;1;1;56;0;6174624;63;6173889
11;19;78;17;9;7;55;3.80;1;1;1;55;0;6174755;161;6173889
11;19;78;17;9;8;12;3.60;2;1;1;53;0;6174812;155;6173889
11;19;78;17;9;10;90;3.40;2;1;1;58;0;6175090;253;0
11;19;78;17;9;11;55;3.20;1;1;1;53;0;6175155;375;0
11;19;78;17;9;13;0;3.00;1;1;1;57;0;6175300;123;0
11;19;78;17;9;14;89;3.80;4;2;1;62;0;6175489;993;0
11;19;78;17;9;15;82;4.00;1;1;1;48;0;6175582;263;0
11;19;78;17;9;17;80;3.40;1;1;1;48;0;6175780;168;0
11;19;78;17;9;19;38;3.20;1;1;1;48;0;6175938;132;0
11;19;78;17;9;19;56;3.40;2;1;1;53;0;6175956;844;0
11;19;78;17;9;20;91;4.00;4;2;1;61;0;6176091;579;0
11;19;78;17;9;21;86;4.00;2;1;1;54;0;6176186;206;0
11;19;78;17;9;22;46;3.20;1;1;1;59;0;6176246;284;0
11;19;78;17;9;23;69;3.80;1;1;1;50;0;6176369;103;0
11;19;78;17;9;24;87;5.40;1;1;1;49;0;6176487;90;0
11;19;78;17;9;25;88;3.60;2;1;1;56;0;6176588;375;0
11;19;78;17;9;26;46;3.20;1;1;1;49;0;6176646;119;0
11;19;78;17;9;27;0;3.00;3;2;1;71;0;6176700;2256;0
11;19;78;17;9;27;54;3.60;4;2;1;64;0;6176754;639;0
11;19;78;17;9;27;80;3.40;1;1;1;49;0;6176780;110;6176246
11;19;78;17;9;27;98;3.60;2;1;1;58;0;6176798;186;6176246
11;19;78;17;9;31;79;3.80;4;2;1;62;0;6177179;404;0
11;19;78;17;9;31;84;3.60;2;1;1;58;0;6177184;363;0
11;19;78;17;9;32;17;4.00;1;1;1;54;0;6177217;412;0
11;19;78;17;9;32;51;4.40;3;2;1;68;0;6177251;535;0
11;19;78;17;9;33;14;3.60;4;2;1;63;0;6177314;112;0
11;19;78;17;9;33;58;4.00;3;2;1;70;0;6177358;83;0
11;19;78;17;9;33;83;3.20;1;1;1;56;0;6177383;139;0
11;19;78;17;9;35;2;3.60;3;2;1;64;0;6177502;123;0
11;19;78;17;9;37;65;3.80;3;2;1;64;0;6177765;242;0
11;19;78;17;9;38;26;3.80;4;2;1;59;0;6177826;491;0
11;19;78;17;9;39;32;3.80;4;2;1;57;0;6177932;82;0
11;19;78;17;9;40;9;3.80;2;1;1;57;0;6178009;802;0
11;19;78;17;9;40;36;3.00;3;2;1;59;0;6178036;249;0
11;19;78;17;9;40;78;3.80;1;1;1;52;0;6178078;674;0
11;19;78;17;9;41;16;3.60;3;2;1;65;0;6178116;61;0
11;19;78;17;9;41;77;3.80;1;1;1;51;0;6178177;72;0
11;19;78;17;9;42;3;7.80;4;2;2;61;0;6178203;247;0
11;19;78;17;9;42;35;3.20;2;1;1;57;0;6178235;202;0
11;19;78;17;9;43;48;3.00;1;1;1;49;0;6178348;144;0
11;19;78;17;9;43;69;3.80;2;1;1;56;0;6178369;113;0
11;19;78;17;9;44;14;3.80;3;2;1;67;0;6178414;278;0
11;19;78;17;9;44;54;4.00;4;2;1;56;0;6178454;204;0
11;19;78;17;9;44;69;3.60;2;1;1;55;0;6178469;75;0
11;19;78;17;9;44;98;4.00;3;2;1;61;0;6178498;63;0
11;19;78;17;9;45;1;3.80;1;1;1;50;0;6178501;130;0
11;19;78;17;9;45;77;3.40;4;2;1;52;0;6178577;97;0
11;19;78;17;9;46;38;3.80;1;1;1;51;0;6178638;109;6178078
11;19;78;17;9;46;84;3.20;3;2;1;61;0;6178684;162;6178078
11;19;78;17;9;46;80;3.80;4;2;1;54;0;6178680;79;6178078
11;19;78;17;9;48;11;3.60;3;2;1;61;0;6178811;108;6178078
11;19;78;17;9;48;73;3.40;4;2;1;56;0;6178873;167;6178078
11;19;78;17;9;50;7;3.20;4;2;1;56;0;6179007;112;6178454
11;19;78;17;9;51;46;3.80;4;2;1;55;0;6179146;118;6178454
11;19;78;17;9;51;72;3.40;3;2;1;57;0;6179172;339;0
11;19;78;17;9;53;26;3.60;3;2;1;56;0;6179326;132;0
11;19;78;17;9;54;27;3.00;4;2;1;58;0;6179427;256;0
11;19;78;17;9;54;64;3.60;3;2;1;57;0;6179464;114;0
11;19;78;17;9;56;36;3.60;1;1;1;49;0;6179636;971;0
11;19;78;17;9;56;44;4.00;3;2;1;58;0;6179644;157;0
11;19;78;17;9;57;74;3.40;3;2;1;57;0;6179774;105;6179172
11;19;78;17;9;58;28;3.60;4;2;1;53;0;6179828;382;0
11;19;78;17;9;59;57;3.80;3;2;1;53;0;6179957;161;6179172
11;19;78;17;9;59;74;3.60;4;2;1;51;0;6179974;121;6179172
11;19;78;17;10;0;83;3.20;1;1;1;46;0;6180083;420;0
11;19;78;17;10;2;40;3.80;3;2;1;53;0;6180240;257;0
11;19;78;17;10;2;56;3.40;4;2;1;54;0;6180256;256;0
11;19;78;17;10;3;72;3.60;3;2;1;50;0;6180372;106;0
11;19;78;17;10;3;78;3.80;4;2;1;52;0;6180378;99;0
11;19;78;17;10;4;80;3.00;3;2;1;50;0;6180480;82;0
11;19;78;17;10;5;85;3.40;3;2;1;52;0;6180585;83;0
11;19;78;17;10;7;10;3.40;3;2;1;53;0;6180710;101;6180240
11;19;78;17;10;8;76;3.40;3;2;1;54;0;6180876;142;6180240
11;19;78;17;10;9;69;4.00;1;1;1;57;0;6180969;860;0
11;19;78;17;10;10;25;2.20;4;2;1;54;0;6181025;620;0
11;19;78;17;10;10;35;3.40;3;2;1;53;0;6181035;136;6180240
11;19;78;17;10;12;38;3.20;3;2;1;58;0;6181238;179;6180240
11;19;78;17;10;14;13;3.20;4;2;1;51;0;6181413;373;0
11;19;78;17;10;14;42;3.60;3;2;1;52;0;6181442;184;6180240
11;19;78;17;10;16;97;5.20;4;2;1;50;0;6181697;261;0
11;19;78;17;10;21;97;3.60;4;2;1;58;0;6182197;462;0
11;19;78;17;10;26;90;3.20;4;2;1;57;0;6182690;470;0
11;19;78;17;10;32;54;3.60;4;2;1;58;0;6183254;543;0
11;19;78;17;10;37;17;4.00;3;2;1;62;0;6183717;2250;0
11;19;78;17;10;37;24;3.40;4;2;1;60;0;6183724;447;0
11;19;78;17;10;37;86;3.80;2;1;1;58;0;6183786;5293;0
11;19;78;17;10;38;90;3.60;1;1;1;54;0;6183890;2895;0
11;19;78;17;10;39;78;3.60;1;1;1;53;0;6183978;64;0
11;19;78;17;10;40;39;3.80;3;2;1;61;0;6184039;298;0
11;19;78;17;10;40;41;4.40;2;1;1;62;0;6184041;231;0
11;19;78;17;10;41;19;3.80;4;2;1;59;0;6184119;374;0
11;19;78;17;10;41;81;3.40;3;2;1;71;0;6184181;119;0
11;19;78;17;10;42;72;4.00;1;1;1;57;0;6184272;269;0
11;19;78;17;10;43;79;3.40;2;1;1;65;0;6184379;312;0
11;19;78;17;10;43;80;3.60;3;2;1;57;0;6184380;181;0
11;19;78;17;10;44;77;4.60;2;1;1;65;0;6184477;79;0
11;19;78;17;10;44;83;3.60;4;2;1;56;0;6184483;340;0
11;19;78;17;10;45;50;3.40;1;1;1;64;0;6184550;252;0
11;19;78;17;10;46;57;3.80;2;1;1;64;0;6184657;154;0
11;19;78;17;10;47;29;3.60;4;2;1;56;0;6184729;222;0
11;19;78;17;10;49;1;4.00;4;2;1;54;0;6184901;148;0
11;19;78;17;10;50;21;3.40;2;1;1;62;0;6185021;342;0
11;19;78;17;10;50;98;3.00;1;1;1;49;0;6185098;528;0
11;19;78;17;10;51;53;3.40;2;1;1;56;0;6185153;112;0
11;19;78;17;10;51;96;3.80;1;1;1;49;0;6185196;75;0
11;19;78;17;10;55;11;3.40;2;1;1;59;0;6185511;336;0
11;19;78;17;10;56;9;3.60;1;1;1;54;0;6185609;385;0
11;19;78;17;10;57;60;3.80;2;1;1;57;0;6185760;228;0
11;19;78;17;10;59;44;3.80;1;1;1;54;0;6185944;311;0
11;19;78;17;11;0;70;4.60;1;1;1;54;0;6186070;100;0
11;19;78;17;11;1;34;3.40;2;1;1;60;0;6186134;350;0
11;19;78;17;11;2;2;3.80;2;1;1;59;0;6186202;47;0
11;19;78;17;11;2;0;3.40;1;1;1;52;0;6186200;99;0
11;19;78;17;11;2;90;3.40;1;1;1;52;0;6186290;66;0
11;19;78;17;11;4;93;4.80;2;1;1;59;0;6186493;267;0
11;19;78;17;11;5;19;3.20;1;1;1;54;0;6186519;205;0
11;19;78;17;11;6;42;3.60;3;2;1;68;0;6186642;2239;0
11;19;78;17;11;6;61;3.80;1;1;1;52;0;6186661;120;0
11;19;78;17;11;7;29;4.00;4;2;1;68;0;6186729;1801;0
11;19;78;17;11;8;50;3.40;3;2;1;67;0;6186850;188;0
11;19;78;17;11;8;74;3.20;2;1;1;61;0;6186874;351;0
11;19;78;17;11;9;4;3.40;4;2;1;63;0;6186904;153;0
11;19;78;17;11;10;14;3.80;1;1;1;48;0;6187014;326;0
11;19;78;17;11;10;76;4.20;2;1;1;58;0;6187076;183;0
11;19;78;17;11;11;23;3.40;1;1;1;48;0;6187123;80;0
11;19;78;17;11;11;65;3.60;3;2;1;68;0;6187165;296;0
11;19;78;17;11;12;8;3.40;4;2;1;61;0;6187208;284;0
11;19;78;17;11;12;32;3.40;2;1;1;56;0;6187232;129;0
11;19;78;17;11;12;62;3.60;1;1;1;47;0;6187262;113;0
11;19;78;17;11;12;78;3.60;3;2;1;67;0;6187278;93;0
11;19;78;17;11;13;42;3.60;2;1;1;57;0;6187342;88;0
11;19;78;17;11;13;60;3.60;1;1;1;45;0;6187360;70;0
11;19;78;17;11;13;94;3.60;3;2;1;64;0;6187394;96;0
11;19;78;17;11;15;12;3.60;4;2;1;59;0;6187512;283;0
11;19;78;17;11;15;20;3.40;1;1;1;43;0;6187520;131;6187014
11;19;78;17;11;15;73;3.40;2;1;1;57;0;6187573;208;0
11;19;78;17;11;16;43;3.60;1;1;1;43;0;6187643;94;6187014
11;19;78;17;11;17;21;3.60;4;2;1;60;0;6187721;187;6187014
11;19;78;17;11;17;30;3.40;3;2;1;56;0;6187730;315;0
11;19;78;17;11;17;59;3.80;2;1;1;53;0;6187759;164;0
11;19;78;17;11;17;84;3.80;1;1;1;44;0;6187784;110;6187014
11;19;78;17;11;18;10;3.00;3;2;1;57;0;6187810;58;6187014
11;19;78;17;11;18;95;3.60;3;2;1;57;0;6187895;66;6187014
11;19;78;17;11;19;50;3.60;4;2;1;64;0;6187950;207;0
11;19;78;17;11;19;73;3.20;2;1;1;59;0;6187973;188;0
11;19;78;17;11;19;92;4.60;3;2;1;57;0;6187992;74;0
11;19;78;17;11;19;72;3.00;1;1;1;44;0;6187972;156;6187014
11;19;78;17;11;20;94;3.60;1;1;1;43;0;6188094;97;6187014
11;19;78;17;11;21;34;4.80;2;1;1;60;0;6188134;141;6187014
11;19;78;17;11;22;23;3.40;1;1;1;43;0;6188223;98;6187014
11;19;78;17;11;23;13;3.60;4;2;1;62;0;6188313;342;0
11;19;78;17;11;23;21;3.20;3;2;1;61;0;6188321;299;0
11;19;78;17;11;23;39;4.00;1;1;1;47;0;6188339;87;6187014
11;19;78;17;11;24;70;3.80;3;2;1;60;0;6188470;130;6187014
11;19;78;17;11;25;8;3.80;4;2;1;59;0;6188508;174;6187014
11;19;78;17;11;25;76;3.60;1;1;1;53;0;6188576;206;0
11;19;78;17;11;26;20;3.80;3;2;1;63;0;6188620;127;0
11;19;78;17;11;27;64;3.60;3;2;1;60;0;6188764;122;0
11;19;78;17;11;28;3;3.40;4;2;1;55;0;6188803;271;0
11;19;78;17;11;29;26;3.60;3;2;1;58;0;6188926;140;6188321
11;19;78;17;11;29;53;3.80;4;2;1;58;0;6188953;127;6188321
11;19;78;17;11;29;90;14.40;1;1;4;44;0;6188990;389;0
11;19;78;17;11;31;59;8.60;3;2;6;56;0;6189159;210;0
11;19;78;17;11;31;72;3.60;2;1;1;59;0;6189172;1009;0
11;19;78;17;11;31;73;3.20;1;1;1;44;0;6189173;65;0
11;19;78;17;11;32;33;3.80;4;2;1;57;0;6189233;256;0
11;19;78;17;11;33;13;3.80;1;1;1;46;0;6189313;113;0
11;19;78;17;11;33;79;4.40;3;2;1;59;0;6189379;164;0
11;19;78;17;11;34;30;4.00;1;1;1;47;0;6189430;87;0
11;19;78;17;11;34;97;3.20;4;2;1;58;0;6189497;240;0
11;19;78;17;11;37;2;5.60;1;1;1;47;0;6189702;241;0
11;19;78;17;11;37;68;3.80;4;2;1;54;0;6189768;251;0
11;19;78;17;11;38;28;3.80;3;2;1;62;0;6189828;422;0
11;19;78;17;11;38;88;3.00;4;2;1;57;0;6189888;94;0
11;19;78;17;11;39;68;3.20;1;1;1;46;0;6189968;223;0
11;19;78;17;11;40;34;3.40;2;1;1;55;0;6190034;840;0
11;19;78;17;11;40;68;3.40;1;1;1;49;0;6190068;74;0
11;19;78;17;11;40;95;4.40;3;2;1;54;0;6190095;244;0
11;19;78;17;11;42;6;3.80;3;2;1;53;0;6190206;81;0
11;19;78;17;11;42;23;3.40;2;1;1;51;0;6190223;166;0
11;19;78;17;11;42;30;3.80;4;2;1;57;0;6190230;323;0
11;19;78;17;11;43;11;3.20;3;2;1;53;0;6190311;79;0
11;19;78;17;11;43;54;3.20;1;1;1;49;0;6190354;261;0
11;19;78;17;11;44;30;3.20;3;2;1;53;0;6190430;97;0
11;19;78;17;11;44;68;3.20;4;2;1;51;0;6190468;214;0
11;19;78;17;11;45;47;3.80;3;2;1;52;0;6190547;95;6190095
11;19;78;17;11;45;42;3.60;1;1;1;45;0;6190542;164;6190095
11;19;78;17;11;46;22;3.60;4;2;1;50;0;6190622;131;6190095
11;19;78;17;11;46;77;3.80;3;2;1;52;0;6190677;103;6190095
11;19;78;17;11;47;16;3.40;1;1;1;43;0;6190716;145;6190095
11;19;78;17;11;47;91;3.40;4;2;1;49;0;6190791;143;6190095
11;19;78;17;11;48;80;3.40;1;1;1;41;0;6190880;135;6190095
11;19;78;17;11;49;2;3.60;3;2;1;54;0;6190902;198;6190095
11;19;78;17;11;50;16;3.80;4;2;1;52;0;6191016;200;0
11;19;78;17;11;50;2;3.60;1;1;1;38;0;6191002;92;6190354
11;19;78;17;11;52;2;5.00;1;1;1;37;0;6191202;165;6190354
11;19;78;17;11;52;55;3.60;4;2;1;52;0;6191255;212;0
11;19;78;17;11;53;20;3.80;3;2;1;55;0;6191320;394;0
11;19;78;17;11;55;83;3.60;3;2;1;54;0;6191583;238;0
11;19;78;17;12;7;57;3.60;3;2;1;60;0;6192757;1150;0
11;19;78;17;12;8;13;8.20;4;2;6;55;0;6192813;1533;0
11;19;78;17;12;10;56;3.80;3;2;1;62;0;6193056;277;0
11;19;78;17;12;10;82;3.60;4;2;1;59;0;6193082;215;0
11;19;78;17;12;13;30;4.60;3;2;1;58;0;6193330;251;0
11;19;78;17;12;17;96;4.00;3;2;1;62;0;6193796;437;0
11;19;78;17;12;19;72;3.80;3;2;1;74;0;6193972;152;0
11;19;78;17;12;20;4;3.40;4;2;1;64;0;6194004;900;0
11;19;78;17;12;20;48;3.40;2;1;1;64;0;6194048;3801;0
11;19;78;17;12;20;75;3.80;1;1;1;60;0;6194075;2824;0
11;19;78;17;12;22;33;3.20;2;1;1;61;0;6194233;165;0
11;19;78;17;12;25;65;3.60;1;1;1;59;0;6194565;467;0
11;19;78;17;12;25;70;3.60;3;2;1;66;0;6194570;579;0
11;19;78;17;12;25;49;5.20;2;1;1;56;0;6194549;297;0
11;19;78;17;12;26;48;3.60;1;1;1;57;0;6194648;61;0
11;19;78;17;12;27;20;3.60;2;1;1;60;0;6194720;137;0
11;19;78;17;12;27;84;3.80;1;1;1;59;0;6194784;113;0
11;19;78;17;12;28;15;3.60;4;2;1;51;0;6194815;791;0
11;19;78;17;12;29;20;3.80;1;1;1;58;0;6194920;112;0
11;19;78;17;12;29;59;3.60;2;1;1;56;0;6194959;217;0
11;19;78;17;12;29;52;3.80;4;2;1;48;0;6194952;111;0
11;19;78;17;12;30;75;3.40;2;1;1;58;0;6195075;92;0
11;19;78;17;12;30;76;3.00;1;1;1;56;0;6195076;132;6194565
11;19;78;17;12;31;17;3.80;4;2;1;55;0;6195117;136;6194565
11;19;78;17;12;32;88;3.60;1;1;1;56;0;6195288;192;6194565
11;19;78;17;12;33;20;3.80;2;1;1;57;0;6195320;223;0
11;19;78;17;12;34;88;3.40;1;1;1;53;0;6195488;176;6194565
11;19;78;17;12;36;26;3.40;4;2;1;70;0;6195626;484;0
11;19;78;17;12;36;37;3.80;1;1;1;54;0;6195637;125;6194565
11;19;78;17;12;36;75;4.60;3;2;1;68;0;6195675;1085;0
11;19;78;17;12;37;84;3.20;2;1;1;52;0;6195784;440;0
11;19;78;17;12;37;80;4.00;1;1;1;53;0;6195780;117;6194565
11;19;78;17;12;40;51;3.60;1;1;1;52;0;6196051;243;0
11;19;78;17;12;41;33;4.00;4;2;1;58;0;6196133;489;0
11;19;78;17;12;41;99;3.40;3;2;1;61;0;6196199;499;0
11;19;78;17;12;41;98;3.80;1;1;1;52;0;6196198;122;0
11;19;78;17;12;42;45;3.00;2;1;1;55;0;6196245;438;0
11;19;78;17;12;43;69;3.40;2;1;1;53;0;6196369;104;0
11;19;78;17;12;44;35;4.40;4;2;1;58;0;6196435;277;0
11;19;78;17;12;44;85;3.40;2;1;1;52;0;6196485;92;0
11;19;78;17;12;45;18;3.80;3;2;1;72;0;6196518;298;0
11;19;78;17;12;45;28;3.60;4;2;1;60;0;6196528;65;0
11;19;78;17;12;45;59;3.60;1;1;1;48;0;6196559;334;0
11;19;78;17;12;45;89;3.20;2;1;1;51;0;6196589;80;0
11;19;78;17;12;46;49;3.80;3;2;1;64;0;6196649;112;0
11;19;78;17;12;48;22;4.00;1;1;1;45;0;6196822;236;0
11;19;78;17;12;48;52;4.00;2;1;1;56;0;6196852;240;0
11;19;78;17;12;49;66;3.40;1;1;1;44;0;6196966;112;0
11;19;78;17;12;50;71;4.20;4;2;1;61;0;6197071;521;0
11;19;78;17;12;52;36;3.00;2;1;1;53;0;6197236;358;0
11;19;78;17;12;51;36;14.40;1;1;4;44;0;6197136;142;0
11;19;78;17;12;53;47;3.40;2;1;1;53;0;6197347;90;0
11;19;78;17;12;53;73;3.40;1;1;1;43;0;6197373;119;0
11;19;78;17;12;54;0;3.80;3;2;1;67;0;6197400;729;0
11;19;78;17;12;54;84;3.60;2;1;1;54;0;6197484;113;0
11;19;78;17;12;54;83;3.60;1;1;1;43;0;6197483;81;6196822
11;19;78;17;12;55;64;3.20;3;2;1;65;0;6197564;143;6196822
11;19;78;17;12;55;95;3.40;1;1;1;44;0;6197595;81;6196822
11;19;78;17;12;56;59;3.80;2;1;1;54;0;6197659;151;6196822
11;19;78;17;12;56;91;4.00;1;1;1;45;0;6197691;68;6196822
11;19;78;17;12;57;42;3.40;3;2;1;62;0;6197742;160;6196822
11;19;78;17;12;58;73;3.40;3;2;1;63;0;6197873;111;6196822
11;19;78;17;12;58;83;3.60;1;1;1;43;0;6197883;160;6196822
11;19;78;17;13;0;30;4.00;3;2;1;61;0;6198030;137;6197400
11;19;78;17;13;0;51;4.20;2;1;1;52;0;6198051;366;0
11;19;78;17;13;0;61;3.80;4;2;1;58;0;6198061;965;0
11;19;78;17;13;0;74;3.60;1;1;1;40;0;6198074;160;6196822
11;19;78;17;13;1;91;3.80;3;2;1;61;0;6198191;137;6197400
11;19;78;17;13;1;92;3.60;2;1;1;52;0;6198192;111;6197400
11;19;78;17;13;1;79;3.80;1;1;1;38;0;6198179;72;6196822
11;19;78;17;13;2;66;3.60;4;2;1;56;0;6198266;181;6196822
11;19;78;17;13;3;63;4.00;2;1;1;50;0;6198363;146;6196822
11;19;78;17;13;3;91;3.60;4;2;1;56;0;6198391;101;6196822
11;19;78;17;13;3;79;3.60;1;1;1;39;0;6198379;164;6196822
11;19;78;17;13;4;30;3.20;3;2;1;65;0;6198430;216;0
11;19;78;17;13;4;96;3.80;1;1;1;38;0;6198496;83;6196822
11;19;78;17;13;5;24;3.60;3;2;1;61;0;6198524;76;6196822
11;19;78;17;13;5;35;5.20;4;2;1;56;0;6198535;120;6196822
11;19;78;17;13;5;65;3.80;2;1;1;48;0;6198565;173;6196822
11;19;78;17;13;6;66;3.60;4;2;1;54;0;6198666;97;6198061
11;19;78;17;13;6;72;3.60;3;2;1;58;0;6198672;126;6198061
11;19;78;17;13;6;70;3.20;1;1;1;42;0;6198670;138;6196822
11;19;78;17;13;7;22;3.60;2;1;1;49;0;6198722;128;6198051
11;19;78;17;13;8;12;3.20;3;2;1;55;0;6198812;117;6198051
11;19;78;17;13;8;22;3.40;1;1;1;42;0;6198822;124;6196822
11;19;78;17;13;8;82;3.40;4;2;1;55;0;6198882;192;6198061
11;19;78;17;13;9;11;4.00;1;1;1;43;0;6198911;59;6196822
11;19;78;17;13;10;5;4.40;2;1;1;50;0;6199005;256;0
11;19;78;17;13;10;24;3.60;4;2;1;54;0;6199024;119;6198061
11;19;78;17;13;11;49;3.40;3;2;1;58;0;6199149;316;0
11;19;78;17;13;12;60;3.20;4;2;1;53;0;6199260;212;0
11;19;78;17;13;13;62;4.20;3;2;1;57;0;6199362;191;0
11;19;78;17;13;13;79;4.00;1;1;1;40;0;6199379;434;0
11;19;78;17;13;14;8;3.00;4;2;1;50;0;6199408;126;0
11;19;78;17;13;14;89;3.60;3;2;1;58;0;6199489;100;0
11;19;78;17;13;15;28;3.40;1;1;1;38;0;6199528;113;0
11;19;78;17;13;15;70;3.80;2;1;1;52;0;6199570;533;0
11;19;78;17;13;15;76;3.40;4;2;1;47;0;6199576;146;0
11;19;78;17;13;16;57;3.60;1;1;1;35;0;6199657;96;0
11;19;78;17;13;18;17;3.80;2;1;1;54;0;6199817;220;0
11;19;78;17;13;17;98;4.80;3;2;1;64;0;6199798;286;0
11;19;78;17;13;17;99;3.40;4;2;1;49;0;6199799;196;0
11;19;78;17;13;18;15;8.80;1;1;2;33;0;6199815;120;0
11;19;78;17;13;19;41;5.00;3;2;1;64;0;6199941;116;0
11;19;78;17;13;20;7;3.80;2;1;1;49;0;6200007;164;0
11;19;78;17;13;20;59;3.00;1;1;1;32;0;6200059;148;6199379
11;19;78;17;13;21;47;3.40;2;1;1;47;0;6200147;112;6199379
11;19;78;17;13;21;18;14.40;4;2;4;50;0;6200118;294;0
11;19;78;17;13;22;69;3.60;3;2;1;61;0;6200269;299;0
11;19;78;17;13;22;41;3.20;1;1;1;33;0;6200241;148;6199379
11;19;78;17;13;24;57;3.80;4;2;1;52;0;6200457;235;0
11;19;78;17;13;24;31;3.40;1;1;1;33;0;6200431;155;6199379
11;19;78;17;13;26;32;3.80;4;2;1;48;0;6200632;148;6199379
11;19;78;17;13;25;83;3.80;1;1;1;31;0;6200583;114;6199379
11;19;78;17;13;28;7;3.20;4;2;1;48;0;6200807;146;6199379
11;19;78;17;13;28;87;3.60;3;2;1;58;0;6200887;596;0
11;19;78;17;13;30;39;3.60;3;2;1;54;0;6201039;129;0
11;19;78;17;13;35;86;4.40;4;2;1;61;0;6201586;755;0
11;19;78;17;13;37;23;3.40;1;1;1;55;0;6201723;1095;0
11;19;78;17;13;49;26;3.80;1;1;1;58;0;6202926;1180;0
11;19;78;17;13;50;71;3.60;4;2;1;56;0;6203071;1459;0
11;19;78;17;13;52;87;3.60;4;2;1;57;0;6203287;192;0
11;19;78;17;13;53;84;3.20;3;2;1;59;0;6203384;2321;0
11;19;78;17;13;56;76;3.60;4;2;1;63;0;6203676;366;0
11;19;78;17;13;57;97;3.60;4;2;1;54;0;6203797;100;0
11;19;78;17;14;0;98;3.60;1;1;1;53;0;6204098;1148;0
11;19;78;17;14;3;48;3.60;4;2;1;61;0;6204348;527;0
11;19;78;17;14;4;44;3.80;3;2;1;63;0;6204444;1040;0
11;19;78;17;14;4;56;3.60;4;2;1;55;0;6204456;86;0
11;19;78;17;14;7;59;3.40;4;2;1;55;0;6204759;279;0
11;19;78;17;14;8;73;3.00;4;2;1;60;0;6204873;91;0
11;19;78;17;14;10;37;3.60;4;2;1;59;0;6205037;146;0
11;19;78;17;14;10;29;6.20;1;1;1;54;0;6205029;906;0
11;19;78;17;14;11;83;3.20;4;2;1;57;0;6205183;124;0
11;19;78;17;14;16;20;3.60;4;2;1;60;0;6205620;416;0
11;19;78;17;14;19;92;3.60;4;2;1;60;0;6205992;350;0
11;19;78;17;14;21;15;3.60;2;1;1;63;0;6206115;5941;0
11;19;78;17;14;23;0;3.80;2;1;1;60;0;6206300;164;0
11;19;78;17;14;24;31;3.60;2;1;1;59;0;6206431;108;0
11;19;78;17;14;24;80;11.20;1;1;3;46;0;6206480;1409;0
11;19;78;17;14;26;68;3.60;1;1;1;46;0;6206668;100;0
11;19;78;17;14;26;97;3.60;2;1;1;55;0;6206697;244;0
11;19;78;17;14;27;65;4.00;1;1;1;46;0;6206765;68;0
11;19;78;17;14;27;82;3.80;2;1;1;54;0;6206782;61;0
11;19;78;17;14;28;88;3.80;1;1;1;50;0;6206888;91;0
11;19;78;17;14;29;6;3.80;2;1;1;54;0;6206906;98;0
11;19;78;17;14;30;29;3.60;3;2;1;67;0;6207029;2563;0
11;19;78;17;14;30;65;4.40;4;2;1;66;0;6207065;1051;0
11;19;78;17;14;30;63;3.80;2;1;1;52;0;6207063;131;0
11;19;78;17;14;31;79;3.20;4;2;1;64;0;6207179;90;0
11;19;78;17;14;31;98;3.40;3;2;1;60;0;6207198;149;0
11;19;78;17;14;31;98;3.60;1;1;1;53;0;6207198;282;0
11;19;78;17;14;32;29;3.20;2;1;1;53;0;6207229;139;6206697
11;19;78;17;14;33;62;3.40;4;2;1;61;0;6207362;165;6206697
11;19;78;17;14;33;67;5.00;1;1;1;53;0;6207367;144;6206697
11;19;78;17;14;33;91;3.40;3;2;1;59;0;6207391;172;6206697
11;19;78;17;14;33;95;3.40;2;1;1;54;0;6207395;144;6206697
11;19;78;17;14;34;90;3.80;1;1;1;53;0;6207490;89;6206697
11;19;78;17;14;35;31;3.40;3;2;1;59;0;6207531;119;6206697
11;19;78;17;14;36;10;3.80;4;2;1;55;0;6207610;227;0
11;19;78;17;14;36;30;3.40;2;1;1;57;0;6207630;212;0
11;19;78;17;14;36;98;3.60;3;2;1;58;0;6207698;146;6207029
11;19;78;17;14;38;28;3.20;3;2;1;59;0;6207828;107;6207029
11;19;78;17;14;38;83;3.60;4;2;1;53;0;6207883;248;0
11;19;78;17;14;39;45;3.60;3;2;1;58;0;6207945;97;6207029
11;19;78;17;14;40;74;3.20;4;2;1;55;0;6208074;166;6207029
11;19;78;17;14;41;3;3.80;3;2;1;58;0;6208103;135;6207029
11;19;78;17;14;41;89;3.60;2;1;1;60;0;6208189;537;0
11;19;78;17;14;43;29;3.80;3;2;1;58;0;6208329;202;0
11;19;78;17;14;43;41;3.20;4;2;1;60;0;6208341;246;0
11;19;78;17;14;43;19;15.40;2;1;4;56;0;6208319;108;0
11;19;78;17;14;44;44;3.40;3;2;1;59;0;6208444;91;0
11;19;78;17;14;45;23;4.00;1;1;1;53;0;6208523;1007;0
11;19;78;17;14;46;26;3.60;4;2;1;59;0;6208626;265;0
11;19;78;17;14;46;52;3.60;1;1;1;51;0;6208652;101;0
11;19;78;17;14;47;3;4.00;3;2;1;62;0;6208703;238;0
11;19;78;17;14;47;16;3.80;2;1;1;54;0;6208716;298;0
11;19;78;17;14;47;81;3.80;1;1;1;48;0;6208781;103;0
11;19;78;17;14;48;72;3.80;2;1;1;54;0;6208872;130;0
11;19;78;17;14;48;83;3.60;1;1;1;50;0;6208883;73;0
11;19;78;17;14;49;69;3.80;2;1;1;53;0;6208969;71;0
11;19;78;17;14;49;99;3.20;1;1;1;49;0;6208999;90;6208523
11;19;78;17;14;50;82;3.60;1;1;1;48;0;6209082;59;6208523
11;19;78;17;14;50;93;5.20;4;2;1;51;0;6209093;445;0
11;19;78;17;14;51;11;3.60;3;2;1;57;0;6209111;384;0
11;19;78;17;14;51;2;5.20;2;1;1;56;0;6209102;107;0
11;19;78;17;14;52;21;3.80;4;2;1;52;0;6209221;91;0
11;19;78;17;14;52;28;3.60;1;1;1;47;0;6209228;119;6208523
11;19;78;17;14;53;33;3.60;3;2;1;56;0;6209333;199;6208523
11;19;78;17;14;53;91;3.00;1;1;1;45;0;6209391;135;6208523
11;19;78;17;14;54;10;3.20;4;2;1;52;0;6209410;162;6208523
11;19;78;17;14;54;81;4.60;1;1;1;48;0;6209481;66;6208523
11;19;78;17;14;55;12;3.60;3;2;1;56;0;6209512;155;6208523
11;19;78;17;14;55;78;4.00;4;2;1;48;0;6209578;145;6208523
11;19;78;17;14;56;20;3.40;1;1;1;47;0;6209620;104;6208523
11;19;78;17;14;56;43;3.60;2;1;1;57;0;6209643;507;0
11;19;78;17;14;57;47;3.00;4;2;1;47;0;6209747;139;6209093
11;19;78;17;14;57;62;4.00;3;2;1;61;0;6209762;226;0
11;19;78;17;14;57;69;4.00;2;1;1;57;0;6209769;103;0
11;19;78;17;14;58;65;3.40;1;1;1;56;0;6209865;218;0
11;19;78;17;14;59;72;3.60;4;2;1;47;0;6209972;202;0
11;19;78;17;15;0;0;3.80;1;1;1;57;0;6210000;113;0
11;19;78;17;15;0;65;3.80;3;2;1;58;0;6210065;279;0
11;19;78;17;15;1;24;3.40;1;1;1;55;0;6210124;100;0
11;19;78;17;15;1;20;3.60;4;2;1;49;0;6210120;120;0
11;19;78;17;15;2;41;3.40;3;2;1;57;0;6210241;152;0
11;19;78;17;15;3;12;3.00;4;2;1;50;0;6210312;165;0
11;19;78;17;15;3;18;3.80;2;1;1;62;0;6210318;523;0
11;19;78;17;15;3;56;3.40;3;2;1;57;0;6210356;93;0
11;19;78;17;15;2;96;12.80;1;1;3;47;0;6210296;149;0
11;19;78;17;15;4;35;4.60;4;2;1;50;0;6210435;101;0
11;19;78;17;15;5;67;3.20;1;1;1;47;0;6210567;172;6209865
11;19;78;17;15;5;86;3.80;4;2;1;50;0;6210586;117;6209972
11;19;78;17;15;6;64;3.60;3;2;1;55;0;6210664;286;0
11;19;78;17;15;7;75;5.00;4;2;1;51;0;6210775;161;6209972
11;19;78;17;15;7;62;6.00;1;1;1;46;0;6210762;170;6209865
11;19;78;17;15;9;28;3.40;1;1;1;44;0;6210928;119;6209865
11;19;78;17;15;9;94;4.00;2;1;1;57;0;6210994;653;0
11;19;78;17;15;11;87;3.20;1;1;1;47;0;6211187;231;0
11;19;78;17;15;13;51;3.60;2;1;1;57;0;6211351;331;0
11;19;78;17;15;13;54;3.80;1;1;1;46;0;6211354;142;0
11;19;78;17;15;15;15;5.60;1;1;1;45;0;6211515;131;0
11;19;78;17;15;16;23;3.60;1;1;1;46;0;6211623;63;0
11;19;78;17;15;18;28;11.40;1;1;7;39;0;6211828;176;6211187
11;19;78;17;15;20;36;3.80;1;1;1;36;0;6212036;102;6211187
11;19;78;17;15;21;77;3.40;2;1;1;64;0;6212177;803;0
11;19;78;17;15;22;36;3.60;1;1;1;41;0;6212236;162;6211187
11;19;78;17;15;23;42;3.80;3;2;1;71;0;6212342;1654;0
11;19;78;17;15;23;82;4.20;4;2;1;62;0;6212382;1571;0
11;19;78;17;15;24;12;3.20;1;1;1;42;0;6212412;144;6211187
11;19;78;17;15;25;92;3.60;4;2;1;62;0;6212592;185;6211187
11;19;78;17;15;26;19;3.00;1;1;1;41;0;6212619;179;6211187
11;19;78;17;15;28;72;5.20;1;1;1;35;0;6212872;226;0
11;19;78;17;15;30;30;3.40;4;2;1;61;0;6213030;417;0
11;19;78;17;15;30;35;3.40;2;1;1;48;0;6213035;838;0
11;19;78;17;15;30;18;3.60;1;1;1;35;0;6213018;92;0
11;19;78;17;15;31;8;3.20;3;2;1;69;0;6213108;746;0
11;19;78;17;15;31;69;3.80;1;1;1;35;0;6213169;113;0
11;19;78;17;15;32;98;4.00;4;2;1;66;0;6213298;247;0
11;19;78;17;15;38;4;3.80;4;2;1;61;0;6213804;484;0
11;19;78;17;15;42;40;3.20;4;2;1;55;0;6214240;413;0
11;19;78;17;15;43;96;4.20;3;2;1;57;0;6214396;1271;0
11;19;78;17;15;43;98;3.00;4;2;0;59;1;6214398;137;0
11;19;78;17;15;47;23;3.60;4;2;1;60;0;6214723;462;0
11;19;78;17;15;49;25;3.80;3;2;1;64;0;6214925;502;0
11;19;78;17;15;49;32;3.20;4;2;1;54;0;6214932;187;0
11;19;78;17;15;51;15;3.80;3;2;1;54;0;6215115;168;0
11;19;78;17;15;52;69;2.80;4;2;1;54;0;6215269;315;0
11;19;78;17;16;2;95;3.60;1;1;1;60;0;6216295;3086;0
11;19;78;17;16;5;4;3.80;4;2;1;64;0;6216504;1216;0
11;19;78;17;16;8;70;3.60;1;1;1;57;0;6216870;553;0
11;19;78;17;16;9;31;3.40;2;1;1;63;0;6216931;3870;0
11;19;78;17;16;10;33;3.60;1;1;1;57;0;6217033;140;0
11;19;78;17;16;10;34;3.80;2;1;1;59;0;6217034;83;0
11;19;78;17;16;11;39;3.60;1;1;1;58;0;6217139;83;0
11;19;78;17;16;12;31;3.00;4;2;1;57;0;6217231;705;0
11;19;78;17;16;12;38;3.60;3;2;1;59;0;6217238;2097;0
11;19;78;17;16;13;70;3.40;4;2;1;57;0;6217370;120;0
11;19;78;17;16;13;80;3.80;3;2;1;59;0;6217380;120;0
11;19;78;17;16;14;9;3.80;2;1;1;54;0;6217409;351;0
11;19;78;17;16;15;58;3.60;3;2;1;61;0;6217558;154;0
11;19;78;17;16;16;65;3.40;2;1;1;60;0;6217665;230;0
11;19;78;17;16;16;70;3.80;3;2;1;63;0;6217670;90;0
11;19;78;17;16;17;2;3.60;1;1;1;49;0;6217702;540;0
11;19;78;17;16;18;35;4.20;2;1;1;57;0;6217835;149;0
11;19;78;17;16;18;37;3.00;1;1;1;49;0;6217837;108;0
11;19;78;17;16;18;89;3.60;3;2;1;60;0;6217889;197;6217238
11;19;78;17;16;19;63;3.60;1;1;1;52;0;6217963;103;6217238
11;19;78;17;16;20;67;3.40;2;1;1;58;0;6218067;205;0
11;19;78;17;16;21;5;3.00;3;2;1;58;0;6218105;194;6217238
11;19;78;17;16;21;35;4.00;1;1;1;51;0;6218135;147;6217238
11;19;78;17;16;22;26;3.60;3;2;1;59;0;6218226;102;6217238
11;19;78;17;16;22;83;3.20;2;1;1;55;0;6218283;194;6217238
11;19;78;17;16;23;16;3.80;4;2;1;60;0;6218316;924;0
11;19;78;17;16;23;23;3.40;1;1;1;56;0;6218323;159;6217702
11;19;78;17;16;24;38;3.40;4;2;1;63;0;6218438;99;6217702
11;19;78;17;16;24;85;3.60;1;1;1;56;0;6218485;140;6217702
11;19;78;17;16;24;87;3.60;2;1;1;53;0;6218487;183;6217702
11;19;78;17;16;25;84;3.20;3;2;1;64;0;6218584;336;0
11;19;78;17;16;26;78;3.20;4;2;1;60;0;6218678;220;0
11;19;78;17;16;26;79;3.80;2;1;1;51;0;6218679;167;0
11;19;78;17;16;27;23;4.40;1;1;1;51;0;6218723;214;0
11;19;78;17;16;27;82;3.40;3;2;1;61;0;6218782;180;0
11;19;78;17;16;28;1;4.00;4;2;1;58;0;6218801;103;0
11;19;78;17;16;28;0;3.80;2;1;1;50;0;6218800;94;6218067
11;19;78;17;16;28;77;4.60;1;1;1;51;0;6218877;122;6218067
11;19;78;17;16;29;31;3.60;2;1;1;51;0;6218931;103;6218067
11;19;78;17;16;29;85;3.40;4;2;1;57;0;6218985;159;6218067
11;19;78;17;16;30;17;3.80;1;1;1;52;0;6219017;107;6218067
11;19;78;17;16;30;72;4.60;2;1;1;49;0;6219072;115;6218067
11;19;78;17;16;31;15;3.40;3;2;1;59;0;6219115;312;0
11;19;78;17;16;31;96;3.80;1;1;1;50;0;6219196;152;0
11;19;78;17;16;32;27;3.40;4;2;1;56;0;6219227;220;0
11;19;78;17;16;32;41;3.20;2;1;1;48;0;6219241;135;6218067
11;19;78;17;16;32;98;3.20;1;1;1;50;0;6219298;74;6218723
11;19;78;17;16;33;36;3.40;3;2;1;59;0;6219336;200;0
11;19;78;17;16;33;76;4.00;4;2;1;58;0;6219376;127;0
11;19;78;17;16;34;34;3.80;3;2;1;59;0;6219434;77;0
11;19;78;17;16;35;17;3.20;4;2;1;54;0;6219517;116;0
11;19;78;17;16;35;19;4.80;1;1;1;55;0;6219519;197;6218723
11;19;78;17;16;35;47;2.80;3;2;1;60;0;6219547;89;6218723
11;19;78;17;16;36;75;3.60;3;2;1;62;0;6219675;111;6218723
11;19;78;17;16;36;79;3.20;4;2;1;52;0;6219679;140;6218723
11;19;78;17;16;38;18;3.40;2;1;1;58;0;6219818;553;0
11;19;78;17;16;38;54;3.20;4;2;1;54;0;6219854;152;6219227
11;19;78;17;16;38;84;3.00;3;2;1;63;0;6219884;188;6219336
11;19;78;17;16;38;82;3.60;1;1;1;47;0;6219882;331;0
11;19;78;17;16;40;51;3.40;2;1;1;56;0;6220051;211;0
11;19;78;17;16;40;70;3.60;4;2;1;57;0;6220070;194;6219227
11;19;78;17;16;40;84;3.80;3;2;1;62;0;6220084;182;6219336
11;19;78;17;16;40;80;3.40;1;1;1;49;0;6220080;170;6219336
11;19;78;17;16;42;1;3.60;4;2;1;58;0;6220201;108;6219227
11;19;78;17;16;42;20;3.80;2;1;1;55;0;6220220;147;6219227
11;19;78;17;16;42;99;3.20;3;2;1;59;0;6220299;192;6219336
11;19;78;17;16;44;1;3.20;4;2;1;53;0;6220401;177;6219227
11;19;78;17;16;44;63;3.60;3;2;1;59;0;6220463;144;6219336
11;19;78;17;16;46;18;4.60;3;2;1;59;0;6220618;133;6219336
11;19;78;17;16;47;67;4.60;3;2;1;59;0;6220767;120;6219336
11;19;78;17;16;47;76;4.40;1;1;1;55;0;6220776;671;0
11;19;78;17;16;50;40;3.60;3;2;1;51;0;6221040;244;0
11;19;78;17;16;49;78;11.20;4;2;3;46;0;6220978;555;0
11;19;78;17;16;50;55;3.80;1;1;1;54;0;6221055;250;0
11;19;78;17;16;52;47;3.20;4;2;1;47;0;6221247;181;0
11;19;78;17;16;53;22;3.80;3;2;1;54;0;6221322;256;0
11;19;78;17;16;54;12;3.60;4;2;1;43;0;6221412;140;0
11;19;78;17;16;54;44;3.60;3;2;1;53;0;6221444;96;0
11;19;78;17;16;55;97;3.60;4;2;1;43;0;6221597;154;0
11;19;78;17;16;56;45;4.20;1;1;1;56;0;6221645;564;0
11;19;78;17;16;56;73;5.60;3;2;1;52;0;6221673;204;0
11;19;78;17;16;58;3;4.00;1;1;1;56;0;6221803;131;0
11;19;78;17;16;58;32;3.60;2;1;1;60;0;6221832;1587;0
11;19;78;17;16;58;88;3.40;1;1;1;59;0;6221888;59;0
11;19;78;17;16;58;94;7.40;4;2;2;45;0;6221894;266;0
11;19;78;17;16;59;80;3.40;3;2;1;52;0;6221980;268;0
11;19;78;17;17;2;40;4.00;3;2;1;53;0;6222240;236;0
11;19;78;17;17;2;55;3.60;4;2;1;43;0;6222255;301;0
11;19;78;17;17;3;75;3.60;1;1;1;56;0;6222375;466;0
11;19;78;17;17;5;20;3.20;4;2;1;45;0;6222520;234;0
11;19;78;17;17;8;55;3.00;4;2;1;46;0;6222855;309;0
11;19;78;17;17;11;27;3.40;4;2;1;43;0;6223127;248;0
11;19;78;17;17;12;68;3.20;4;2;1;41;0;6223268;112;0
11;19;78;17;17;14;58;3.40;3;2;1;53;0;6223458;1190;0
11;19;78;17;17;17;32;3.60;4;2;1;52;0;6223732;435;0
11;19;78;17;17;20;89;3.80;3;2;1;62;0;6224089;607;0
11;19;78;17;17;21;68;3.60;4;2;1;51;0;6224168;411;0
11;19;78;17;17;23;53;3.60;3;2;1;60;0;6224353;241;0
11;19;78;17;17;26;87;3.80;4;2;1;63;0;6224687;493;0
11;19;78;17;17;29;29;3.60;3;2;1;60;0;6224929;554;0
11;19;78;17;17;30;65;3.80;3;2;1;57;0;6225065;114;0
11;19;78;17;17;31;28;3.60;4;2;1;47;0;6225128;419;0
11;19;78;17;17;34;68;3.40;3;2;1;59;0;6225468;379;0
11;19;78;17;17;34;99;3.40;4;2;1;49;0;6225499;343;0
11;19;78;17;17;38;74;11.80;4;2;2;52;0;6225874;350;0
11;19;78;17;17;40;68;3.60;1;1;1;57;0;6226068;3669;0
11;19;78;17;17;41;25;3.80;4;2;1;51;0;6226125;169;0
11;19;78;17;17;48;22;3.40;4;2;1;55;0;6226822;670;0
11;19;78;17;17;50;28;3.00;4;2;1;59;0;6227028;183;0
11;19;78;17;17;51;43;3.40;1;1;1;60;0;6227143;1052;0
11;19;78;17;17;51;99;3.80;2;1;1;60;0;6227199;5345;0
11;19;78;17;17;52;25;4.00;4;2;1;66;0;6227225;178;0
11;19;78;17;17;53;26;3.60;1;1;1;59;0;6227326;162;0
11;19;78;17;17;53;95;3.40;4;2;1;66;0;6227395;148;0
11;19;78;17;17;53;95;3.60;3;2;1;57;0;6227395;1906;0
11;19;78;17;17;54;46;4.20;1;1;1;58;0;6227446;98;0
11;19;78;17;17;54;69;3.60;3;2;1;62;0;6227469;51;0
11;19;78;17;17;55;24;4.00;2;1;1;55;0;6227524;302;0
11;19;78;17;17;55;97;3.20;2;1;1;56;0;6227597;46;0
11;19;78;17;17;56;59;3.00;1;1;1;57;0;6227659;186;0
11;19;78;17;17;56;97;3.80;4;2;1;65;0;6227697;283;0
11;19;78;17;17;57;52;8.40;1;1;6;55;0;6227752;74;6227143
11;19;78;17;17;59;3;3.20;4;2;1;56;0;6227903;184;6227143
11;19;78;17;17;58;99;4.00;1;1;1;55;0;6227899;92;6227143
11;19;78;17;17;59;95;3.80;1;1;1;51;0;6227995;69;6227143
11;19;78;17;18;0;16;3.40;2;1;1;58;0;6228016;398;0
11;19;78;17;18;0;70;5.20;4;2;1;58;0;6228070;146;0
11;19;78;17;18;2;48;3.20;2;1;1;56;0;6228248;210;0
11;19;78;17;18;2;70;3.00;4;2;1;59;0;6228270;167;0
11;19;78;17;18;3;0;3.60;1;1;1;56;0;6228300;278;0
11;19;78;17;18;3;70;3.80;2;1;1;54;0;6228370;101;0
11;19;78;17;18;4;21;3.20;3;2;1;61;0;6228421;931;0
11;19;78;17;18;4;48;4.60;2;1;1;53;0;6228448;52;0
11;19;78;17;18;4;84;3.40;1;1;1;55;0;6228484;160;0
11;19;78;17;18;5;63;3.80;4;2;1;52;0;6228563;274;0
11;19;78;17;18;5;96;3.80;1;1;1;56;0;6228596;89;0
11;19;78;17;18;6;70;3.20;2;1;1;56;0;6228670;190;0
11;19;78;17;18;6;83;3.60;3;2;1;63;0;6228683;243;0
11;19;78;17;18;6;82;3.80;4;2;1;52;0;6228682;92;0
11;19;78;17;18;7;78;3.40;1;1;1;53;0;6228778;157;0
11;19;78;17;18;8;12;3.60;3;2;1;62;0;6228812;108;0
11;19;78;17;18;9;28;3.80;4;2;1;54;0;6228928;219;0
11;19;78;17;18;10;13;3.20;3;2;1;60;0;6229013;180;0
11;19;78;17;18;9;55;13.40;1;1;4;51;0;6228955;153;6228300
11;19;78;17;18;10;87;4.20;4;2;1;53;0;6229087;133;6228300
11;19;78;17;18;11;33;3.40;2;1;1;59;0;6229133;442;0
11;19;78;17;18;11;68;3.60;4;2;1;53;0;6229168;52;0
11;19;78;17;18;12;4;3.80;3;2;1;62;0;6229204;171;0
11;19;78;17;18;13;23;3.40;4;2;1;53;0;6229323;130;0
11;19;78;17;18;13;50;4.00;3;2;1;62;0;6229350;123;6228683
11;19;78;17;18;14;98;3.40;1;1;1;54;0;6229498;448;0
11;19;78;17;18;15;0;3.80;4;2;1;53;0;6229500;153;6228928
11;19;78;17;18;15;24;3.20;3;2;1;59;0;6229524;150;6228683
11;19;78;17;18;16;36;3.60;4;2;1;53;0;6229636;110;6228928
11;19;78;17;18;16;45;3.40;1;1;1;52;0;6229645;124;6228928
11;19;78;17;18;16;61;3.60;3;2;1;59;0;6229661;117;6228683
11;19;78;17;18;17;71;3.60;1;1;1;52;0;6229771;102;6228683
11;19;78;17;18;18;24;3.80;3;2;1;60;0;6229824;141;6228683
11;19;78;17;18;18;39;3.00;4;2;1;48;0;6229839;178;6228928
11;19;78;17;18;19;36;3.40;1;1;1;55;0;6229936;140;6228928
11;19;78;17;18;20;61;4.00;3;2;1;59;0;6230061;214;0
11;19;78;17;18;21;75;3.40;2;1;1;61;0;6230175;1021;0
11;19;78;17;18;21;87;3.40;1;1;1;54;0;6230187;228;0
11;19;78;17;18;21;47;12.20;4;2;3;54;0;6230147;285;0
11;19;78;17;18;22;14;3.60;3;2;1;60;0;6230214;128;0
11;19;78;17;18;23;43;3.60;4;2;1;56;0;6230343;114;0
11;19;78;17;18;23;62;3.40;3;2;1;59;0;6230362;126;0
11;19;78;17;18;24;24;3.20;1;1;1;51;0;6230424;214;0
11;19;78;17;18;24;80;4.00;4;2;1;58;0;6230480;113;0
11;19;78;17;18;25;42;3.60;3;2;1;55;0;6230542;159;0
11;19;78;17;18;26;70;3.80;2;1;1;57;0;6230670;474;0
11;19;78;17;18;26;63;3.80;1;1;1;50;0;6230663;216;0
11;19;78;17;18;27;2;3.60;3;2;1;57;0;6230702;136;6230061
11;19;78;17;18;27;49;3.00;4;2;1;50;0;6230749;244;0
11;19;78;17;18;27;62;3.60;2;1;1;57;0;6230762;68;0
11;19;78;17;18;27;98;3.40;1;1;1;49;0;6230798;107;0
11;19;78;17;18;28;69;3.80;3;2;1;62;0;6230869;144;6230061
11;19;78;17;18;28;56;3.80;4;2;1;50;0;6230856;85;6230061
11;19;78;17;18;29;36;3.60;1;1;1;49;0;6230936;113;6230061
11;19;78;17;18;30;48;3.60;3;2;1;59;0;6231048;156;6230061
11;19;78;17;18;30;77;4.40;1;1;1;50;0;6231077;114;6230061
11;19;78;17;18;31;2;3.20;4;2;1;51;0;6231102;218;0
11;19;78;17;18;32;14;4.00;1;1;1;50;0;6231214;105;6230663
11;19;78;17;18;32;50;3.40;4;2;1;49;0;6231250;125;6230663
11;19;78;17;18;32;84;3.00;2;1;1;53;0;6231284;499;0
11;19;78;17;18;33;78;3.80;4;2;1;48;0;6231378;103;0
11;19;78;17;18;34;69;3.60;2;1;1;59;0;6231469;164;0
11;19;78;17;18;35;25;3.00;4;2;1;47;0;6231525;118;0
11;19;78;17;18;36;57;3.60;2;1;1;59;0;6231657;166;0
11;19;78;17;18;37;71;3.60;1;1;1;48;0;6231771;528;0
11;19;78;17;18;38;2;3.60;4;2;1;50;0;6231802;254;0
11;19;78;17;18;39;39;3.00;2;1;1;59;0;6231939;260;0
11;19;78;17;18;41;53;3.60;2;1;1;59;0;6232153;195;0
11;19;78;17;18;43;17;6.20;1;1;1;49;0;6232317;519;0
11;19;78;17;18;45;56;3.80;1;1;1;53;0;6232556;193;0
11;19;78;17;18;47;96;3.20;1;1;1;57;0;6232796;214;0
11;19;78;17;18;50;16;3.60;4;2;1;54;0;6233016;1188;0
11;19;78;17;18;52;46;3.20;3;2;1;65;0;6233246;2176;0
11;19;78;17;18;52;45;3.80;4;2;1;52;0;6233245;205;0
11;19;78;17;18;54;20;3.40;4;2;1;49;0;6233420;148;0
11;19;78;17;18;57;11;3.60;1;1;1;57;0;6233711;894;0
11;19;78;17;18;59;17;3.80;4;2;1;60;0;6233917;472;0
11;19;78;17;19;0;52;3.80;4;2;1;56;0;6234052;112;0
11;19;78;17;19;1;84;3.80;4;2;1;55;0;6234184;107;0
11;19;78;17;19;3;29;3.80;3;2;1;73;0;6234329;1065;0
11;19;78;17;19;4;32;2.80;3;2;1;58;0;6234432;84;0
11;19;78;17;19;7;80;3.60;4;2;1;55;0;6234780;571;0
11;19;78;17;19;9;13;6.00;3;2;1;60;0;6234913;463;0
11;19;78;17;19;11;41;3.60;3;2;1;54;0;6235141;192;0
11;19;78;17;19;12;27;3.40;4;2;1;51;0;6235227;423;0
11;19;78;17;19;15;16;3.80;4;2;1;53;0;6235516;265;0
11;19;78;17;19;19;35;4.60;4;2;1;52;0;6235935;393;0
11;19;78;17;19;25;7;3.60;4;2;1;61;0;6236507;540;0
11;19;78;17;19;25;41;3.60;3;2;1;52;0;6236541;1376;0
11;19;78;17;19;26;22;3.20;4;2;1;58;0;6236622;93;0
11;19;78;17;19;26;97;3.80;3;2;1;56;0;6236697;131;0
11;19;78;17;19;27;7;4.00;2;1;1;56;0;6236707;4532;0
11;19;78;17;19;29;60;3.20;4;2;1;56;0;6236960;318;0
11;19;78;17;19;29;68;3.40;3;2;1;57;0;6236968;246;0
11;19;78;17;19;30;74;3.60;1;1;1;54;0;6237074;3340;0
11;19;78;17;19;31;41;3.60;3;2;1;61;0;6237141;151;0
11;19;78;17;19;32;38;3.40;4;2;1;54;0;6237238;257;0
11;19;78;17;19;33;79;3.20;3;2;1;60;0;6237379;216;0
11;19;78;17;19;34;30;3.60;4;2;1;52;0;6237430;169;0
11;19;78;17;19;36;43;4.60;4;2;1;50;0;6237643;188;0
11;19;78;17;19;38;30;3.40;2;1;1;61;0;6237830;1097;0
11;19;78;17;19;38;93;3.00;4;2;1;49;0;6237893;216;0
11;19;78;17;19;39;24;4.00;2;1;1;59;0;6237924;73;0
11;19;78;17;19;39;89;3.20;3;2;1;55;0;6237989;590;0
11;19;78;17;19;40;66;3.60;4;2;1;47;0;6238066;150;0
11;19;78;17;19;41;3;3.80;2;1;1;57;0;6238103;154;0
11;19;78;17;19;41;30;3.80;3;2;1;51;0;6238130;120;0
11;19;78;17;19;42;21;3.60;3;2;1;49;0;6238221;64;0
11;19;78;17;19;43;4;3.60;3;2;1;50;0;6238304;56;0
11;19;78;17;19;43;22;4.00;2;1;1;54;0;6238322;195;0
11;19;78;17;19;43;93;3.40;4;2;1;51;0;6238393;299;0
11;19;78;17;19;44;43;4.00;3;2;1;51;0;6238443;113;6237989
11;19;78;17;19;44;84;3.80;1;1;1;51;0;6238484;1386;0
11;19;78;17;19;45;41;4.80;4;2;1;53;0;6238541;124;0
11;19;78;17;19;46;51;3.00;2;1;1;54;0;6238651;302;0
11;19;78;17;19;46;38;3.60;4;2;1;51;0;6238638;64;0
11;19;78;17;19;47;55;3.80;3;2;1;56;0;6238755;283;0
11;19;78;17;19;48;35;3.80;1;1;1;51;0;6238835;324;0
11;19;78;17;19;48;41;3.80;2;1;1;50;0;6238841;170;0
11;19;78;17;19;47;71;21.00;4;2;5;54;0;6238771;107;0
11;19;78;17;19;49;36;3.20;2;1;1;50;0;6238936;67;0
11;19;78;17;19;49;67;3.00;1;1;1;51;0;6238967;105;0
11;19;78;17;19;51;19;3.60;2;1;1;52;0;6239119;159;0
11;19;78;17;19;51;30;3.80;1;1;1;51;0;6239130;141;0
11;19;78;17;19;51;39;3.80;3;2;1;58;0;6239139;359;0
11;19;78;17;19;51;83;3.00;4;2;1;55;0;6239183;272;0
11;19;78;17;19;52;36;3.40;1;1;1;53;0;6239236;79;0
11;19;78;17;19;52;35;4.00;2;1;1;51;0;6239235;91;6238651
11;19;78;17;19;52;86;3.40;3;2;1;56;0;6239286;123;6238651
11;19;78;17;19;54;39;3.80;3;2;1;53;0;6239439;131;6238651
11;19;78;17;19;55;14;3.20;4;2;1;53;0;6239514;311;0
11;19;78;17;19;55;16;3.60;2;1;1;54;0;6239516;252;0
11;19;78;17;19;55;72;3.80;1;1;1;59;0;6239572;312;0
11;19;78;17;19;56;16;3.20;2;1;1;54;0;6239616;76;0
11;19;78;17;19;56;49;3.40;1;1;1;57;0;6239649;53;0
11;19;78;17;19;56;98;3.60;4;2;1;53;0;6239698;162;0
11;19;78;17;19;57;60;3.40;2;1;1;54;0;6239760;122;0
11;19;78;17;19;57;58;4.20;3;2;1;57;0;6239758;293;0
11;19;78;17;19;57;70;8.20;1;1;2;54;0;6239770;99;0
11;19;78;17;19;59;11;3.20;4;2;1;51;0;6239911;188;0
11;19;78;17;19;59;7;3.00;2;1;1;55;0;6239907;124;0
11;19;78;17;19;59;25;3.60;3;2;1;59;0;6239925;140;0
11;19;78;17;20;1;36;3.80;2;1;1;56;0;6240136;209;0
11;19;78;17;20;1;29;4.00;4;2;1;52;0;6240129;195;0
11;19;78;17;20;1;62;3.60;1;1;1;51;0;6240162;337;0
11;19;78;17;20;1;62;3.40;3;2;1;58;0;6240162;215;0
11;19;78;17;20;2;47;3.40;1;1;1;51;0;6240247;59;0
11;19;78;17;20;3;19;3.40;4;2;1;52;0;6240319;162;6239514
11;19;78;17;20;3;91;2.80;1;1;1;52;0;6240391;120;6239514
11;19;78;17;20;3;98;3.20;2;1;1;50;0;6240398;237;0
11;19;78;17;20;4;36;3.60;3;2;1;58;0;6240436;252;0
11;19;78;17;20;4;90;4.20;1;1;1;53;0;6240490;79;0
11;19;78;17;20;5;22;3.00;4;2;1;52;0;6240522;179;6239514
11;19;78;17;20;5;57;3.60;2;1;1;50;0;6240557;135;6239514
11;19;78;17;20;5;92;3.60;3;2;1;58;0;6240592;133;6239514
11;19;78;17;20;6;35;3.40;1;1;1;53;0;6240635;116;6240162
11;19;78;17;20;7;28;3.60;2;1;1;46;0;6240728;145;6240162
11;19;78;17;20;7;18;3.40;3;2;1;57;0;6240718;103;6240162
11;19;78;17;20;7;39;3.80;1;1;1;55;0;6240739;80;6240162
11;19;78;17;20;7;13;3.40;4;2;1;49;0;6240713;170;6239514
11;19;78;17;20;8;29;3.80;1;1;1;51;0;6240829;65;6240162
11;19;78;17;20;8;80;3.80;4;2;1;47;0;6240880;142;6239514
11;19;78;17;20;8;90;3.60;3;2;1;55;0;6240890;150;6239514
11;19;78;17;20;9;65;3.80;1;1;1;50;0;6240965;109;6240162
11;19;78;17;20;10;58;4.00;4;2;1;48;0;6241058;148;6239514
11;19;78;17;20;10;58;3.40;2;1;1;48;0;6241058;301;0
11;19;78;17;20;10;61;3.80;1;1;1;49;0;6241061;68;6240162
11;19;78;17;20;11;20;3.60;3;2;1;57;0;6241120;206;0
11;19;78;17;20;12;42;6.20;1;1;2;44;0;6241242;153;6240162
11;19;78;17;20;13;38;3.40;4;2;1;47;0;6241338;250;0
11;19;78;17;20;14;69;3.60;1;1;1;45;0;6241469;176;6240162
11;19;78;17;20;14;86;3.60;2;1;1;56;0;6241486;402;0
11;19;78;17;20;16;6;3.40;1;1;1;46;0;6241606;108;6240162
11;19;78;17;20;16;27;3.60;2;1;1;58;0;6241627;117;6240162
11;19;78;17;20;17;82;3.80;1;1;1;46;0;6241782;149;6240162
11;19;78;17;20;19;1;3.40;1;1;1;44;0;6241901;89;6240162
11;19;78;17;20;19;47;3.60;2;1;1;49;0;6241947;297;0
11;19;78;17;20;22;43;3.20;2;1;1;48;0;6242243;269;0
11;19;78;17;20;22;62;3.80;1;1;1;51;0;6242262;333;0
11;19;78;17;20;23;66;4.40;1;1;1;53;0;6242366;77;0
11;19;78;17;20;26;92;3.80;1;1;1;52;0;6242692;296;0
11;19;78;17;20;27;75;3.40;4;2;1;65;0;6242775;1410;0
11;19;78;17;20;28;9;3.40;2;1;1;56;0;6242809;542;0
11;19;78;17;20;29;55;3.60;1;1;1;57;0;6242955;236;0
11;19;78;17;20;30;53;3.80;3;2;1;61;0;6243053;1910;0
11;19;78;17;20;30;74;3.20;2;1;1;58;0;6243074;243;0
11;19;78;17;20;31;10;4.00;1;1;1;60;0;6243110;132;0
11;19;78;17;20;33;3;3.80;2;1;1;59;0;6243303;209;0
11;19;78;17;20;35;39;3.80;3;2;1;58;0;6243539;463;0
11;19;78;17;20;37;82;3.60;1;1;1;60;0;6243782;648;0
11;19;78;17;20;37;82;1.40;2;1;0;61;1;6243782;455;0
11;19;78;17;20;39;48;3.20;4;2;1;64;0;6243948;1154;0
11;19;78;17;20;41;58;3.40;3;2;1;54;0;6244158;595;0
11;19;78;17;20;42;74;4.00;3;2;1;55;0;6244274;93;0
11;19;78;17;20;43;41;3.60;4;2;1;55;0;6244341;375;0
11;19;78;17;20;45;81;3.40;3;2;1;61;0;6244581;280;0
11;19;78;17;20;47;99;3.60;3;2;1;61;0;6244799;197;0
11;19;78;17;20;49;31;3.40;4;2;1;58;0;6244931;566;0
11;19;78;17;20;50;37;3.80;3;2;1;62;0;6245037;216;0
11;19;78;17;20;53;87;4.80;4;2;1;54;0;6245387;434;0
11;19;78;17;20;56;18;3.80;3;2;1;61;0;6245618;558;0
11;19;78;17;21;0;76;2.80;4;2;1;53;0;6246076;657;0
11;19;78;17;21;1;98;3.00;1;1;1;61;0;6246198;2394;0
11;19;78;17;21;2;55;3.60;4;2;1;54;0;6246255;159;0
11;19;78;17;21;5;93;3.80;4;2;1;60;0;6246593;314;0
11;19;78;17;21;8;88;3.80;3;2;1;62;0;6246888;1247;0
11;19;78;17;21;8;98;3.60;4;2;1;58;0;6246898;282;0
11;19;78;17;21;10;9;3.60;3;2;1;62;0;6247009;98;0
11;19;78;17;21;11;46;3.40;1;1;1;53;0;6247146;930;0
11;19;78;17;21;12;79;3.20;3;2;1;57;0;6247279;249;0
11;19;78;17;21;12;91;3.40;4;2;1;53;0;6247291;370;0
11;19;78;17;21;15;30;3.80;4;2;1;56;0;6247530;215;0
11;19;78;17;21;16;21;4.20;3;2;1;66;0;6247621;321;0
11;19;78;17;21;16;82;3.40;4;2;1;57;0;6247682;127;0
11;19;78;17;21;18;10;3.20;3;2;1;61;0;6247810;166;0
11;19;78;17;21;19;31;3.80;3;2;1;58;0;6247931;102;0
11;19;78;17;21;20;62;3.00;4;2;1;55;0;6248062;358;0
11;19;78;17;21;21;56;3.80;3;2;1;62;0;6248156;201;0
11;19;78;17;21;21;70;3.80;1;1;1;58;0;6248170;1000;0
11;19;78;17;21;22;38;3.40;4;2;1;55;0;6248238;156;0
11;19;78;17;21;23;19;3.60;3;2;1;62;0;6248319;140;0
11;19;78;17;21;24;65;3.60;4;2;1;52;0;6248465;204;0
11;19;78;17;21;25;10;3.60;3;2;1;62;0;6248510;170;0
11;19;78;17;21;25;64;4.00;4;2;1;51;0;6248564;74;0
11;19;78;17;21;26;47;3.60;4;2;1;49;0;6248647;54;0
11;19;78;17;21;27;38;3.20;3;2;1;58;0;6248738;207;0
11;19;78;17;21;27;81;3.20;1;1;1;51;0;6248781;587;0
11;19;78;17;21;28;68;3.40;4;2;1;51;0;6248868;194;0
11;19;78;17;21;29;17;3.60;3;2;1;57;0;6248917;159;0
11;19;78;17;21;30;39;3.20;4;2;1;52;0;6249039;147;6248465
11;19;78;17;21;31;54;3.60;4;2;1;52;0;6249154;92;6248465
11;19;78;17;21;32;91;3.60;2;1;1;55;0;6249291;5964;0
11;19;78;17;21;32;90;3.60;3;2;1;52;0;6249290;350;0
11;19;78;17;21;33;69;3.40;3;2;1;51;0;6249369;54;0
11;19;78;17;21;33;88;3.20;4;2;1;53;0;6249388;209;0
11;19;78;17;21;34;66;3.80;2;1;1;57;0;6249466;151;0
11;19;78;17;21;34;75;3.60;1;1;1;55;0;6249475;671;0
11;19;78;17;21;35;1;3.80;4;2;1;53;0;6249501;91;0
11;19;78;17;21;35;89;3.00;3;2;1;54;0;6249589;196;0
11;19;78;17;21;36;12;3.80;4;2;1;53;0;6249612;85;0
11;19;78;17;21;36;39;3.60;1;1;1;52;0;6249639;140;0
11;19;78;17;21;38;37;3.60;1;1;1;52;0;6249837;173;0
11;19;78;17;21;38;53;3.60;2;1;1;53;0;6249853;363;0
11;19;78;17;21;39;60;3.40;1;1;1;55;0;6249960;98;0
11;19;78;17;21;39;84;3.60;4;2;1;62;0;6249984;346;0
11;19;78;17;21;40;73;3.00;3;2;1;53;0;6250073;464;0
11;19;78;17;21;40;92;3.80;1;1;1;49;0;6250092;109;6249475
11;19;78;17;21;41;97;3.20;2;1;1;61;0;6250197;319;0
11;19;78;17;21;42;6;3.00;1;1;1;50;0;6250206;86;6249475
11;19;78;17;21;43;82;7.80;4;2;2;54;0;6250382;377;0
11;19;78;17;21;44;30;3.60;1;1;1;54;0;6250430;202;0
11;19;78;17;21;45;34;2.80;2;1;1;50;0;6250534;318;0
11;19;78;17;21;46;64;4.20;2;1;1;57;0;6250664;109;0
11;19;78;17;21;46;96;3.40;1;1;1;50;0;6250696;242;0
11;19;78;17;21;48;45;3.60;2;1;1;55;0;6250845;154;0
11;19;78;17;21;48;88;4.60;1;1;1;51;0;6250888;167;0
11;19;78;17;21;50;9;3.80;1;1;1;51;0;6251009;88;0
11;19;78;17;21;51;79;3.20;1;1;1;49;0;6251179;143;0
11;19;78;17;21;51;92;3.40;2;1;1;53;0;6251192;323;0
11;19;78;17;21;53;67;3.40;1;1;1;49;0;6251367;164;6250696
11;19;78;17;21;54;39;3.80;2;1;1;53;0;6251439;223;0
11;19;78;17;21;55;41;3.60;1;1;1;47;0;6251541;149;6250696
11;19;78;17;21;56;9;3.20;2;1;1;60;0;6251609;144;6250696
11;19;78;17;21;57;90;3.40;1;1;1;44;0;6251790;221;0
11;19;78;17;21;59;7;3.80;1;1;1;42;0;6251907;89;0
11;19;78;17;22;0;8;3.00;1;1;1;42;0;6252008;68;0
11;19;78;17;22;1;33;3.60;1;1;1;43;0;6252133;99;0
11;19;78;17;22;1;80;3.60;2;1;1;49;0;6252180;551;0
11;19;78;17;22;2;0;3.80;4;2;1;58;0;6252200;1766;0
11;19;78;17;22;3;27;3.60;2;1;1;45;0;6252327;120;0
11;19;78;17;22;4;49;3.80;2;1;1;44;0;6252449;93;0
11;19;78;17;22;4;90;3.40;1;1;1;43;0;6252490;326;0
11;19;78;17;22;5;64;3.40;2;1;1;43;0;6252564;83;0
11;19;78;17;22;6;0;3.00;4;2;1;56;0;6252600;376;0
11;19;78;17;22;7;14;3.80;1;1;1;43;0;6252714;195;0
11;19;78;17;22;7;86;3.40;2;1;1;47;0;6252786;193;6252180
11;19;78;17;22;8;61;3.80;1;1;1;42;0;6252861;115;6252180
11;19;78;17;22;8;88;3.60;2;1;1;50;0;6252888;75;6252180
11;19;78;17;22;9;95;3.60;2;1;1;48;0;6252995;81;6252180
11;19;78;17;22;10;88;3.60;1;1;1;40;0;6253088;194;6252180
11;19;78;17;22;13;83;4.40;2;1;1;54;0;6253383;361;0
11;19;78;17;22;13;72;4.00;1;1;1;36;0;6253372;251;0
11;19;78;17;22;15;26;3.60;2;1;1;55;0;6253526;113;0
11;19;78;17;22;15;72;3.60;1;1;1;38;0;6253572;160;0
11;19;78;17;22;16;94;4.80;2;1;1;55;0;6253694;144;0
11;19;78;17;22;17;39;3.60;1;1;1;37;0;6253739;132;0
11;19;78;17;22;18;79;3.60;1;1;1;35;0;6253879;104;0
11;19;78;17;22;20;44;3.80;4;2;1;63;0;6254044;1424;0
11;19;78;17;22;20;72;3.60;2;1;1;47;0;6254072;346;0
11;19;78;17;22;21;25;3.60;3;2;1;56;0;6254125;4031;0
11;19;78;17;22;21;24;3.60;1;1;1;34;0;6254124;207;0
11;19;78;17;22;22;33;3.00;1;1;1;31;0;6254233;70;0
11;19;78;17;22;22;69;3.60;2;1;1;45;0;6254269;169;0
11;19;78;17;22;23;12;3.20;4;2;1;58;0;6254312;246;0
11;19;78;17;22;24;12;3.60;3;2;1;59;0;6254412;263;0
11;19;78;17;22;24;0;4.20;1;1;1;32;0;6254400;132;0
11;19;78;17;22;24;69;3.60;2;1;1;45;0;6254469;171;0
11;19;78;17;22;25;93;3.60;3;2;1;58;0;6254593;159;0
11;19;78;17;22;25;68;4.40;1;1;1;34;0;6254568;120;0
11;19;78;17;22;26;17;3.40;2;1;1;42;0;6254617;119;0
11;19;78;17;22;28;40;3.40;4;2;1;60;0;6254840;508;0
11;19;78;17;22;28;71;3.40;2;1;1;41;0;6254871;224;0
11;19;78;17;22;28;45;3.40;1;1;1;32;0;6254845;230;0
11;19;78;17;22;30;41;3.60;1;1;1;34;0;6255041;157;0
11;19;78;17;22;31;48;3.20;2;1;1;41;0;6255148;247;0
11;19;78;17;22;31;91;3.60;1;1;1;35;0;6255191;111;0
11;19;78;17;22;32;32;3.80;2;1;1;41;0;6255232;55;0
11;19;78;17;22;33;0;3.00;1;1;1;34;0;6255300;71;0
11;19;78;17;22;33;81;3.60;2;1;1;40;0;6255381;115;0
11;19;78;17;22;34;23;3.80;1;1;1;36;0;6255423;91;6254845
11;19;78;17;22;35;31;3.40;2;1;1;36;0;6255531;117;6254845
11;19;78;17;22;36;74;3.60;1;1;1;36;0;6255674;213;0
11;19;78;17;22;36;76;3.20;2;1;1;37;0;6255676;111;6255148
11;19;78;17;22;38;10;4.60;2;1;1;38;0;6255810;102;6255148
11;19;78;17;22;38;82;3.40;4;2;1;60;0;6255882;1021;0
11;19;78;17;22;40;4;3.60;4;2;1;59;0;6256004;101;0
11;19;78;17;22;40;58;3.60;1;1;1;50;0;6256058;348;0
11;19;78;17;22;52;69;3.20;3;2;1;61;0;6257269;2653;0
11;19;78;17;22;54;34;3.40;3;2;1;68;0;6257434;146;0
11;19;78;17;22;53;92;12.20;4;2;3;48;0;6257392;1366;0
11;19;78;17;22;56;86;3.60;3;2;1;63;0;6257686;234;0
11;19;78;17;22;57;33;14.20;4;2;3;52;0;6257733;249;0
11;19;78;17;23;0;75;3.60;3;2;1;59;0;6258075;368;0
11;19;78;17;23;0;86;3.40;4;2;1;50;0;6258086;254;0
11;19;78;17;23;1;97;3.80;3;2;1;59;0;6258197;100;0
11;19;78;17;23;2;59;3.60;4;2;1;49;0;6258259;148;0
11;19;78;17;23;3;0;3.80;3;2;1;57;0;6258300;79;0
11;19;78;17;23;4;35;3.00;3;2;1;58;0;6258435;111;0
11;19;78;17;23;4;59;3.40;4;2;1;52;0;6258459;173;0
11;19;78;17;23;5;49;3.80;4;2;1;53;0;6258549;66;0
11;19;78;17;23;5;86;3.80;3;2;1;62;0;6258586;132;6258075
11;19;78;17;23;7;6;3.20;4;2;1;52;0;6258706;131;6258086
11;19;78;17;23;7;85;3.40;3;2;1;58;0;6258785;176;6258075
11;19;78;17;23;7;97;3.60;4;2;1;52;0;6258797;68;6258086
11;19;78;17;23;9;7;6.20;3;2;1;56;0;6258907;100;6258075
11;19;78;17;23;10;8;3.00;3;2;1;57;0;6259008;61;6258075
11;19;78;17;23;10;12;3.60;4;2;1;56;0;6259012;190;6258086
11;19;78;17;23;12;14;4.40;4;2;1;53;0;6259214;178;6258086
11;19;78;17;23;12;48;3.20;3;2;1;58;0;6259248;221;0
11;19;78;17;23;13;21;4.60;4;2;1;54;0;6259321;77;6258086
11;19;78;17;23;15;37;3.60;4;2;1;53;0;6259537;185;6258086
11;19;78;17;23;17;19;3.80;3;2;1;58;0;6259719;451;0
11;19;78;17;23;19;46;3.40;3;2;1;62;0;6259946;203;0
11;19;78;17;23;18;18;24.80;4;2;5;57;0;6259818;256;0
11;19;78;17;23;20;95;3.40;4;2;1;54;0;6260095;120;0
11;19;78;17;23;21;53;3.40;3;2;1;59;0;6260153;187;0
11;19;78;17;23;21;88;3.80;2;1;1;56;0;6260188;4334;0
11;19;78;17;23;22;8;11.40;1;1;3;52;0;6260208;4124;0
11;19;78;17;23;23;27;3.60;3;2;1;60;0;6260327;153;0
11;19;78;17;23;23;72;3.40;4;2;1;55;0;6260372;254;0
11;19;78;17;23;25;30;3.20;2;1;1;59;0;6260530;317;0
11;19;78;17;23;25;90;3.80;3;2;1;58;0;6260590;241;0
11;19;78;17;23;25;88;3.80;4;2;1;57;0;6260588;193;0
11;19;78;17;23;26;44;3.40;1;1;1;52;0;6260644;357;0
11;19;78;17;23;27;38;3.40;4;2;1;56;0;6260738;126;0
11;19;78;17;23;28;19;3.60;3;2;1;58;0;6260819;205;0
11;19;78;17;23;29;48;3.20;3;2;1;57;0;6260948;106;0
11;19;78;17;23;30;14;4.20;4;2;1;54;0;6261014;254;0
11;19;78;17;23;30;49;4.40;3;2;1;58;0;6261049;80;0
11;19;78;17;23;31;83;4.40;4;2;1;54;0;6261183;141;0
11;19;78;17;23;33;12;3.60;2;1;1;55;0;6261312;762;0
11;19;78;17;23;36;6;3.80;1;1;1;54;0;6261606;938;0
11;19;78;17;23;37;52;3.40;2;1;1;58;0;6261752;416;0
11;19;78;17;23;38;16;4.00;1;1;1;56;0;6261816;184;0
11;19;78;17;23;38;70;3.80;2;1;1;58;0;6261870;96;0
11;19;78;17;23;39;56;3.40;1;1;1;53;0;6261956;114;0
11;19;78;17;23;39;56;4.20;2;1;1;58;0;6261956;62;0
11;19;78;17;23;40;73;3.80;1;1;1;54;0;6262073;93;0
11;19;78;17;23;41;74;3.00;4;2;1;64;0;6262174;961;0
11;19;78;17;23;41;89;3.40;1;1;1;55;0;6262189;90;6261606
11;19;78;17;23;43;39;3.80;2;1;1;58;0;6262339;356;0
11;19;78;17;23;44;93;3.80;1;1;1;51;0;6262493;281;0
11;19;78;17;23;45;8;3.60;2;1;1;57;0;6262508;145;0
11;19;78;17;23;46;58;3.20;1;1;1;50;0;6262658;138;0
11;19;78;17;23;47;82;3.80;1;1;1;50;0;6262782;100;0
11;19;78;17;23;48;8;3.60;2;1;1;58;0;6262808;277;0
11;19;78;17;23;50;14;4.60;2;1;1;56;0;6263014;183;0
11;19;78;17;23;52;11;3.20;2;1;1;55;0;6263211;167;0
11;19;78;17;23;51;98;13.00;1;1;3;47;0;6263198;388;0
11;19;78;17;23;53;8;3.60;2;1;1;55;0;6263308;76;0
11;19;78;17;23;54;59;3.20;2;1;1;57;0;6263459;127;6262808
11;19;78;17;23;53;89;16.80;1;1;4;47;0;6263389;91;6262808
11;19;78;17;23;56;45;4.00;2;1;1;58;0;6263645;165;6262808
11;19;78;17;23;56;47;3.40;1;1;1;46;0;6263647;129;6262808
11;19;78;17;23;57;96;3.20;2;1;1;55;0;6263796;126;6262808
11;19;78;17;23;58;13;3.60;1;1;1;44;0;6263813;139;6262808
11;19;78;17;23;59;4;3.20;1;1;1;46;0;6263904;61;6263198
11;19;78;17;23;59;35;3.80;2;1;1;52;0;6263935;118;6262808
11;19;78;17;24;0;70;3.20;4;2;1;61;0;6264070;1879;0
11;19;78;17;24;0;51;3.20;2;1;1;49;0;6264051;89;6262808
11;19;78;17;24;0;49;3.80;1;1;1;45;0;6264049;119;6263198
11;19;78;17;24;1;88;3.80;4;2;1;60;0;6264188;99;6263198
11;19;78;17;24;1;89;3.20;1;1;1;47;0;6264189;109;6263198
11;19;78;17;24;2;68;3.60;3;2;1;61;0;6264268;3191;0
11;19;78;17;24;2;71;4.80;1;1;1;42;0;6264271;57;6263198
11;19;78;17;24;3;57;3.60;2;1;1;53;0;6264357;282;0
11;19;78;17;24;3;70;3.80;3;2;1;61;0;6264370;80;0
11;19;78;17;24;4;13;3.40;1;1;1;43;0;6264413;100;6263198
11;19;78;17;24;5;60;3.00;2;1;1;49;0;6264560;178;6263198
11;19;78;17;24;5;69;3.40;1;1;1;41;0;6264569;127;6263198
11;19;78;17;24;6;16;3.80;3;2;1;61;0;6264616;223;0
11;19;78;17;24;6;15;3.80;4;2;1;58;0;6264615;404;0
11;19;78;17;24;7;59;4.00;1;1;1;45;0;6264759;160;6263198
11;19;78;17;24;7;79;3.60;2;1;1;48;0;6264779;196;6263198
11;19;78;17;24;8;17;3.40;3;2;1;56;0;6264817;178;6263198
11;19;78;17;24;8;79;3.60;1;1;1;45;0;6264879;88;6263198
11;19;78;17;24;9;58;3.80;3;2;1;58;0;6264958;119;6263198
11;19;78;17;24;10;24;3.80;2;1;1;48;0;6265024;218;0
11;19;78;17;24;10;23;3.60;1;1;1;44;0;6265023;115;6263198
11;19;78;17;24;11;28;3.60;2;1;1;49;0;6265128;75;6263198
11;19;78;17;24;12;11;3.80;4;2;1;55;0;6265211;572;0
11;19;78;17;24;12;35;3.40;3;2;1;51;0;6265235;253;0
11;19;78;17;24;13;68;3.60;3;2;1;53;0;6265368;109;0
11;19;78;17;24;14;49;3.60;4;2;1;53;0;6265449;213;0
11;19;78;17;24;15;31;3.80;1;1;1;46;0;6265531;478;0
11;19;78;17;24;15;54;3.80;2;1;1;61;0;6265554;399;0
11;19;78;17;24;16;55;3.60;1;1;1;44;0;6265655;94;0
11;19;78;17;24;16;88;3.00;3;2;1;62;0;6265688;295;0
11;19;78;17;24;16;40;11.60;4;2;2;53;0;6265640;166;0
11;19;78;17;24;18;65;3.80;2;1;1;52;0;6265865;288;0
11;19;78;17;24;19;44;4.00;4;2;1;54;0;6265944;225;0
11;19;78;17;24;20;67;3.60;1;1;1;54;0;6266067;382;0
11;19;78;17;24;20;68;4.00;2;1;1;52;0;6266068;176;0
11;19;78;17;24;21;60;3.60;1;1;1;52;0;6266160;69;0
11;19;78;17;24;23;49;3.80;2;1;1;57;0;6266349;253;0
11;19;78;17;24;24;0;4.60;1;1;1;49;0;6266400;215;0
11;19;78;17;24;24;50;3.60;2;1;1;53;0;6266450;77;0
11;19;78;17;24;25;63;10.40;1;1;2;46;0;6266563;129;0
11;19;78;17;24;28;63;3.00;1;1;1;44;0;6266863;218;0
11;19;78;17;24;28;75;3.80;4;2;1;60;0;6266875;904;0
11;19;78;17;24;29;15;3.60;2;1;1;56;0;6266915;440;0
11;19;78;17;24;30;23;3.60;2;1;1;54;0;6267023;84;0
11;19;78;17;24;30;42;3.60;1;1;1;44;0;6267042;154;0
11;19;78;17;24;31;73;3.20;1;1;1;43;0;6267173;101;0
11;19;78;17;24;31;99;3.60;4;2;1;64;0;6267199;301;0
11;19;78;17;24;32;9;3.40;3;2;1;65;0;6267209;1503;0
11;19;78;17;24;32;22;3.40;2;1;1;51;0;6267222;175;0
11;19;78;17;24;33;49;3.80;3;2;1;60;0;6267349;121;0
11;19;78;17;24;33;75;3.00;1;1;1;43;0;6267375;175;0
11;19;78;17;24;35;50;3.80;3;2;1;59;0;6267550;178;0
11;19;78;17;24;35;56;3.60;4;2;1;55;0;6267556;336;0
11;19;78;17;24;36;52;3.60;3;2;1;61;0;6267652;78;0
11;19;78;17;24;37;35;3.40;4;2;1;55;0;6267735;155;0
11;19;78;17;24;37;87;3.80;3;2;1;61;0;6267787;113;6267209
11;19;78;17;24;37;76;3.80;1;1;1;50;0;6267776;375;0
11;19;78;17;24;38;75;3.00;4;2;1;53;0;6267875;117;0
11;19;78;17;24;41;6;3.60;3;2;1;58;0;6268106;296;0
11;19;78;17;24;42;69;3.60;4;2;1;58;0;6268269;373;0
11;19;78;17;24;44;8;3.60;3;2;1;58;0;6268408;279;0
11;19;78;17;24;45;28;3.80;3;2;1;52;0;6268528;97;0
11;19;78;17;24;46;43;3.40;4;2;1;57;0;6268643;351;0
11;19;78;17;24;49;18;3.20;3;2;1;60;0;6268918;363;0
11;19;78;17;24;49;22;3.60;4;2;1;57;0;6268922;257;0
11;19;78;17;24;50;67;3.40;4;2;1;55;0;6269067;122;0
11;19;78;17;24;51;12;3.80;3;2;1;59;0;6269112;174;0
11;19;78;17;24;53;14;3.60;3;2;1;60;0;6269314;178;0
11;19;78;17;24;53;33;3.80;4;2;1;57;0;6269333;243;0
11;19;78;17;24;54;75;3.60;3;2;1;60;0;6269475;139;0
11;19;78;17;24;54;77;4.60;4;2;1;54;0;6269477;120;0
11;19;78;17;24;56;61;3.60;4;2;1;55;0;6269661;153;0
11;19;78;17;24;59;0;3.60;4;2;1;52;0;6269900;215;0
11;19;78;17;24;59;89;3.80;3;2;1;59;0;6269989;492;0
11;19;78;17;25;0;55;2.80;4;2;1;53;0;6270055;130;0
11;19;78;17;25;2;43;3.60;4;2;1;55;0;6270243;168;0
11;19;78;17;25;6;75;3.60;4;2;1;52;0;6270675;408;0
11;19;78;17;25;14;35;3.80;1;1;1;61;0;6271435;3631;0
11;19;78;17;25;15;70;4.40;4;2;1;59;0;6271570;870;0
11;19;78;17;25;16;71;3.60;1;1;1;57;0;6271671;213;0
11;19;78;17;25;17;76;3.60;4;2;1;59;0;6271776;179;0
11;19;78;17;25;25;51;3.00;2;1;1;62;0;6272551;5305;0
11;19;78;17;25;27;2;3.80;2;1;1;57;0;6272702;133;0
11;19;78;17;25;28;7;3.60;2;1;1;60;0;6272807;81;0
11;19;78;17;25;28;53;3.20;1;1;1;56;0;6272853;1159;0
11;19;78;17;25;29;2;3.60;3;2;1;60;0;6272902;2889;0
11;19;78;17;25;30;74;3.80;2;1;1;54;0;6273074;245;0
11;19;78;17;25;31;33;3.40;1;1;1;54;0;6273133;259;0
11;19;78;17;25;32;16;3.20;2;1;1;53;0;6273216;116;0
11;19;78;17;25;32;25;3.20;3;2;1;57;0;6273225;301;0
11;19;78;17;25;32;70;3.40;1;1;1;54;0;6273270;114;0
11;19;78;17;25;34;1;3.20;1;1;1;54;0;6273401;108;0
11;19;78;17;25;34;52;3.20;2;1;1;53;0;6273452;214;0
11;19;78;17;25;35;33;4.80;2;1;1;53;0;6273533;59;0
11;19;78;17;25;35;55;3.60;1;1;1;54;0;6273555;132;0
11;19;78;17;25;35;78;3.00;4;2;1;57;0;6273578;1780;0
11;19;78;17;25;36;25;3.40;3;2;1;65;0;6273625;379;0
11;19;78;17;25;36;77;3.60;1;1;1;54;0;6273677;98;6273133
11;19;78;17;25;37;57;3.60;1;1;1;55;0;6273757;56;6273133
11;19;78;17;25;37;91;3.60;2;1;1;51;0;6273791;225;0
11;19;78;17;25;38;61;3.00;4;2;1;52;0;6273861;264;0
11;19;78;17;25;38;79;4.00;1;1;1;54;0;6273879;98;6273133
11;19;78;17;25;39;60;3.20;4;2;1;51;0;6273960;78;6273133
11;19;78;17;25;39;64;3.80;3;2;1;57;0;6273964;320;0
11;19;78;17;25;40;61;3.80;3;2;1;57;0;6274061;73;0
11;19;78;17;25;42;16;3.80;2;1;1;52;0;6274216;399;0
11;19;78;17;25;42;88;3.60;4;2;1;62;0;6274288;305;0
11;19;78;17;25;43;6;3.40;1;1;1;52;0;6274306;400;0
11;19;78;17;25;44;63;4.00;1;1;1;51;0;6274463;133;0
11;19;78;17;25;45;62;3.60;2;1;1;54;0;6274562;319;0
11;19;78;17;25;46;30;4.00;1;1;1;49;0;6274630;138;0
11;19;78;17;25;47;17;3.20;1;1;1;51;0;6274717;57;0
11;19;78;17;25;49;68;4.00;2;1;1;55;0;6274968;382;0
11;19;78;17;25;49;74;3.20;1;1;1;47;0;6274974;234;0
11;19;78;17;25;51;49;3.60;1;1;1;47;0;6275149;150;0
11;19;78;17;25;52;23;3.40;2;1;1;52;0;6275223;228;0
11;19;78;17;25;52;94;3.40;1;1;1;46;0;6275294;117;0
11;19;78;17;25;54;32;3.60;1;1;1;46;0;6275432;111;0
11;19;78;17;25;54;99;3.60;2;1;1;49;0;6275499;252;0
11;19;78;17;25;56;20;3.60;2;1;1;46;0;6275620;94;0
11;19;78;17;25;57;35;3.80;1;1;1;47;0;6275735;274;0
11;19;78;17;25;57;61;3.60;2;1;1;44;0;6275761;112;0
11;19;78;17;25;58;85;3.80;1;1;1;44;0;6275885;120;0
11;19;78;17;25;58;94;3.20;2;1;1;47;0;6275894;103;0
11;19;78;17;26;0;12;3.60;2;1;1;47;0;6276012;93;6275499
11;19;78;17;26;0;10;3.60;1;1;1;41;0;6276010;93;6275499
11;19;78;17;26;1;40;3.60;1;1;1;38;0;6276140;98;6275499
11;19;78;17;26;1;80;4.20;2;1;1;49;0;6276180;140;6275499
11;19;78;17;26;2;95;3.80;4;2;1;64;0;6276295;1986;0
11;19;78;17;26;3;2;5.00;1;1;1;36;0;6276302;127;6275735
11;19;78;17;26;3;53;3.60;2;1;1;50;0;6276353;142;6275499
11;19;78;17;26;4;42;3.40;1;1;1;36;0;6276442;90;6275735
11;19;78;17;26;4;74;3.80;2;1;1;49;0;6276474;95;6275499
11;19;78;17;26;6;48;3.40;2;1;1;46;0;6276648;146;6275499
11;19;78;17;26;6;10;4.60;1;1;1;37;0;6276610;134;6275735
11;19;78;17;26;7;4;3.80;4;2;1;59;0;6276704;387;0
11;19;78;17;26;7;92;3.60;3;2;1;64;0;6276792;2707;0
11;19;78;17;26;8;64;3.40;2;1;1;42;0;6276864;189;6275499
11;19;78;17;26;9;54;3.60;2;1;1;41;0;6276954;60;6275499
11;19;78;17;26;10;76;3.40;2;1;1;41;0;6277076;90;6275499
11;19;78;17;26;11;11;3.20;4;2;1;62;0;6277111;383;0
11;19;78;17;26;12;84;3.20;4;2;1;63;0;6277284;154;0
11;19;78;17;26;12;54;3.80;2;1;1;37;0;6277254;148;6275499
11;19;78;17;26;12;82;3.40;1;1;1;43;0;6277282;627;0
11;19;78;17;26;14;49;3.40;2;1;1;40;0;6277449;158;6275499
11;19;78;17;26;14;94;3.40;3;2;1;59;0;6277494;681;0
11;19;78;17;26;15;6;3.40;1;1;1;41;0;6277506;195;0
11;19;78;17;26;15;39;4.40;4;2;1;59;0;6277539;236;0
11;19;78;17;26;16;14;4.60;3;2;1;58;0;6277614;99;0
11;19;78;17;26;15;53;2.80;2;1;1;14;0;6277553;73;6275499
11;19;78;17;26;17;60;4.00;3;2;1;57;0;6277760;117;6275499
11;19;78;17;26;17;53;3.60;1;1;1;44;0;6277753;217;0
11;19;78;17;26;17;72;3.80;2;1;1;34;0;6277772;147;6275499
11;19;78;17;26;18;57;3.60;3;2;1;58;0;6277857;71;6275499
11;19;78;17;26;18;92;3.40;1;1;1;39;0;6277892;109;6275499
11;19;78;17;26;19;74;3.60;4;2;1;56;0;6277974;408;0
11;19;78;17;26;19;74;3.60;2;1;1;36;0;6277974;161;6275499
11;19;78;17;26;20;51;3.60;3;2;1;57;0;6278051;171;6277494
11;19;78;17;26;21;32;4.00;2;1;1;36;0;6278132;122;6275499
11;19;78;17;26;22;22;3.80;4;2;1;54;0;6278222;224;0
11;19;78;17;26;22;68;3.80;3;2;1;53;0;6278268;194;6277494
11;19;78;17;26;23;67;3.40;4;2;1;56;0;6278367;119;6277494
11;19;78;17;26;23;51;3.40;2;1;1;37;0;6278351;179;6275499
11;19;78;17;26;23;57;4.20;1;1;1;42;0;6278357;433;0
11;19;78;17;26;24;0;3.80;3;2;1;53;0;6278400;106;6277494
11;19;78;17;26;25;30;4.20;3;2;1;53;0;6278530;104;6277494
11;19;78;17;26;26;3;3.60;4;2;1;58;0;6278603;214;0
11;19;78;17;26;26;38;3.00;1;1;1;45;0;6278638;245;0
11;19;78;17;26;26;94;3.60;3;2;1;54;0;6278694;135;6277494
11;19;78;17;26;27;37;3.80;2;1;1;48;0;6278737;352;0
11;19;78;17;26;27;46;3.20;1;1;1;44;0;6278746;84;0
11;19;78;17;26;28;1;3.20;4;2;1;56;0;6278801;175;0
11;19;78;17;26;28;49;3.60;3;2;1;54;0;6278849;131;6277494
11;19;78;17;26;29;56;3.80;3;2;1;55;0;6278956;83;6277494
11;19;78;17;26;29;89;3.80;4;2;1;53;0;6278989;167;6277494
11;19;78;17;26;29;68;3.80;1;1;1;39;0;6278968;195;6277494
11;19;78;17;26;31;73;3.60;4;2;1;52;0;6279173;158;6277494
11;19;78;17;26;31;94;3.80;3;2;1;53;0;6279194;213;0
11;19;78;17;26;31;94;3.80;1;1;1;39;0;6279194;190;0
11;19;78;17;26;33;26;3.40;3;2;1;50;0;6279326;106;0
11;19;78;17;26;33;34;3.60;4;2;1;51;0;6279334;136;6278603
11;19;78;17;26;34;56;4.00;3;2;1;51;0;6279456;105;6278603
11;19;78;17;26;35;90;3.60;3;2;1;50;0;6279590;105;6278603
11;19;78;17;26;35;34;14.40;1;1;3;44;0;6279534;304;0
11;19;78;17;26;36;28;8.80;4;2;2;50;0;6279628;268;0
11;19;78;17;26;37;64;4.20;3;2;1;52;0;6279764;148;6279194
11;19;78;17;26;38;37;2.80;4;2;1;49;0;6279837;145;6279194
11;19;78;17;26;39;0;3.40;3;2;1;54;0;6279900;106;6279194
11;19;78;17;26;39;74;3.80;4;2;1;48;0;6279974;116;6279194
11;19;78;17;26;39;88;3.60;2;1;1;61;0;6279988;1222;0
11;19;78;17;26;40;53;3.80;3;2;1;55;0;6280053;130;6279194
11;19;78;17;26;40;75;5.00;1;1;1;48;0;6280075;423;0
11;19;78;17;26;41;11;3.60;4;2;1;48;0;6280111;108;0
11;19;78;17;26;41;78;3.40;2;1;1;59;0;6280178;168;0
11;19;78;17;26;41;97;3.00;3;2;1;57;0;6280197;119;6279194
11;19;78;17;26;42;42;3.80;1;1;1;47;0;6280242;129;6279194
11;19;78;17;26;42;55;3.60;2;1;1;59;0;6280255;56;6279194
11;19;78;17;26;42;74;3.80;4;2;1;48;0;6280274;136;6279628
11;19;78;17;26;43;7;3.40;3;2;1;53;0;6280307;91;6279194
11;19;78;17;26;44;11;3.00;2;1;1;60;0;6280411;134;6279194
11;19;78;17;26;44;9;4.60;3;2;1;52;0;6280409;78;6279194
11;19;78;17;26;44;30;3.40;4;2;1;47;0;6280430;127;6279628
11;19;78;17;26;43;46;12.20;1;1;3;49;0;6280346;74;6279628
11;19;78;17;26;45;70;3.40;4;2;1;45;0;6280570;113;6279628
11;19;78;17;26;45;99;3.80;2;1;1;56;0;6280599;170;6279988
11;19;78;17;26;46;90;3.60;3;2;1;51;0;6280690;249;0
11;19;78;17;26;47;45;3.60;4;2;1;48;0;6280745;147;6279628
11;19;78;17;26;48;28;3.40;2;1;1;61;0;6280828;204;0
11;19;78;17;26;49;4;5.60;1;1;1;55;0;6280904;468;0
11;19;78;17;26;49;68;3.40;4;2;1;49;0;6280968;196;6279628
11;19;78;17;26;50;36;3.60;2;1;1;55;0;6281036;187;6279628
11;19;78;17;26;51;28;3.40;1;1;1;55;0;6281128;187;6279628
11;19;78;17;26;51;23;4.00;4;2;1;54;0;6281123;130;6279628
11;19;78;17;26;52;30;3.40;3;2;1;52;0;6281230;514;0
11;19;78;17;26;53;4;3.60;1;1;1;55;0;6281304;153;0
11;19;78;17;26;53;46;3.80;2;1;1;51;0;6281346;286;0
11;19;78;17;26;54;46;3.40;3;2;1;48;0;6281446;192;0
11;19;78;17;26;54;89;3.80;1;1;1;54;0;6281489;161;0
11;19;78;17;26;56;33;3.80;2;1;1;55;0;6281633;260;0
11;19;78;17;26;57;23;3.40;3;2;1;47;0;6281723;251;0
11;19;78;17;27;8;45;3.20;3;2;1;60;0;6282845;1095;0
11;19;78;17;27;9;13;4.60;4;2;1;57;0;6282913;1763;0
11;19;78;17;27;11;82;3.80;3;2;1;58;0;6283182;317;0
11;19;78;17;27;19;57;3.80;3;2;1;67;0;6283957;751;0
11;19;78;17;27;19;98;4.00;4;2;1;58;0;6283998;1055;0
11;19;78;17;27;20;99;4.80;3;2;1;62;0;6284099;121;0
11;19;78;17;27;22;28;3.60;4;2;1;59;0;6284228;205;0
11;19;78;17;27;24;63;3.40;4;2;1;57;0;6284463;213;0
11;19;78;17;27;27;10;3.60;1;1;1;63;0;6284710;3195;0
11;19;78;17;27;27;24;3.80;4;2;1;53;0;6284724;239;0
11;19;78;17;27;28;71;3.60;4;2;1;52;0;6284871;121;0
11;19;78;17;27;29;49;3.80;3;2;1;61;0;6284949;822;0
11;19;78;17;27;30;4;4.40;4;2;1;53;0;6285004;108;0
11;19;78;17;27;32;2;3.40;4;2;1;52;0;6285202;168;0
11;19;78;17;27;32;49;3.60;2;1;1;55;0;6285249;3591;0
11;19;78;17;27;32;72;3.60;3;2;1;62;0;6285272;300;0
11;19;78;17;27;35;31;3.80;2;1;1;57;0;6285531;258;0
11;19;78;17;27;37;39;3.80;2;1;1;56;0;6285739;184;0
11;19;78;17;27;39;25;3.80;1;1;1;60;0;6285925;1194;0
11;19;78;17;27;40;69;3.20;1;1;1;54;0;6286069;121;0
11;19;78;17;27;40;99;4.00;2;1;1;64;0;6286099;335;0
11;19;78;17;27;42;34;3.40;1;1;1;50;0;6286234;143;0
11;19;78;17;27;43;41;3.80;2;1;1;61;0;6286341;219;0
11;19;78;17;27;43;35;3.40;1;1;1;49;0;6286335;76;0
11;19;78;17;27;45;40;3.60;1;1;1;51;0;6286540;180;6285925
11;19;78;17;27;45;63;3.80;2;1;1;57;0;6286563;199;6285925
11;19;78;17;27;46;56;3.40;3;2;1;67;0;6286656;1363;0
11;19;78;17;27;46;68;3.40;1;1;1;49;0;6286668;102;6285925
11;19;78;17;27;46;92;4.80;2;1;1;59;0;6286692;105;6285925
11;19;78;17;27;47;99;4.00;3;2;1;62;0;6286799;124;6285925
11;19;78;17;27;48;23;3.60;1;1;1;52;0;6286823;130;6285925
11;19;78;17;27;49;2;4.00;4;2;1;62;0;6286902;1676;0
11;19;78;17;27;49;21;3.60;1;1;1;51;0;6286921;73;6285925
11;19;78;17;27;49;61;3.80;2;1;1;55;0;6286961;239;0
11;19;78;17;27;50;3;3.60;3;2;1;62;0;6287003;180;0
11;19;78;17;27;50;14;3.80;1;1;1;54;0;6287014;67;6285925
11;19;78;17;27;51;50;2.80;4;2;1;61;0;6287150;224;0
11;19;78;17;27;51;45;4.60;1;1;1;53;0;6287145;105;6285925
11;19;78;17;27;51;88;3.20;2;1;1;56;0;6287188;202;0
11;19;78;17;27;52;67;4.20;1;1;1;53;0;6287267;90;6285925
11;19;78;17;27;53;3;4.20;2;1;1;57;0;6287303;94;6285925
11;19;78;17;27;53;31;3.60;3;2;1;62;0;6287331;307;0
11;19;78;17;27;53;75;4.00;4;2;1;60;0;6287375;208;0
11;19;78;17;27;55;71;3.60;1;1;1;52;0;6287571;275;0
11;19;78;17;27;56;16;4.00;2;1;1;56;0;6287616;286;0
11;19;78;17;27;57;25;3.40;2;1;1;58;0;6287725;83;0
11;19;78;17;27;57;73;3.40;3;2;1;67;0;6287773;421;0
11;19;78;17;27;57;94;3.60;1;1;1;51;0;6287794;198;0
11;19;78;17;27;59;14;3.40;3;2;1;62;0;6287914;122;0
11;19;78;17;27;59;40;3.40;2;1;1;54;0;6287940;193;0
11;19;78;17;28;0;59;3.80;3;2;1;59;0;6288059;125;0
11;19;78;17;28;1;11;3.40;1;1;1;56;0;6288111;291;0
11;19;78;17;28;1;3;9.60;4;2;2;57;0;6288103;704;0
11;19;78;17;28;2;26;3.40;1;1;1;55;0;6288226;93;0
11;19;78;17;28;2;47;3.60;3;2;1;56;0;6288247;164;0
11;19;78;17;28;2;67;3.80;2;1;1;52;0;6288267;304;0
11;19;78;17;28;2;85;3.80;4;2;1;57;0;6288285;121;0
11;19;78;17;28;3;51;3.60;3;2;1;54;0;6288351;80;6287773
11;19;78;17;28;4;57;3.60;2;1;1;51;0;6288457;163;6287773
11;19;78;17;28;4;92;3.40;1;1;1;54;0;6288492;243;0
11;19;78;17;28;5;15;3.40;3;2;1;57;0;6288515;140;6287773
11;19;78;17;28;5;48;3.40;4;2;1;60;0;6288548;239;0
11;19;78;17;28;5;65;4.20;2;1;1;52;0;6288565;82;0
11;19;78;17;28;6;70;3.80;1;1;1;53;0;6288670;155;0
11;19;78;17;28;7;39;4.20;3;2;1;59;0;6288739;202;0
11;19;78;17;28;7;56;4.00;1;1;1;51;0;6288756;60;0
11;19;78;17;28;8;74;3.20;2;1;1;54;0;6288874;279;0
11;19;78;17;28;8;77;3.60;4;2;1;57;0;6288877;308;0
11;19;78;17;28;10;24;3.80;1;1;1;49;0;6289024;239;0
11;19;78;17;28;11;6;3.60;4;2;1;54;0;6289106;206;0
11;19;78;17;28;11;96;3.60;1;1;1;49;0;6289196;144;0
11;19;78;17;28;12;20;4.60;2;1;1;57;0;6289220;324;0
11;19;78;17;28;12;91;3.20;4;2;1;56;0;6289291;161;0
11;19;78;17;28;13;15;3.60;2;1;1;56;0;6289315;65;0
11;19;78;17;28;13;41;5.20;1;1;1;50;0;6289341;118;0
11;19;78;17;28;13;64;3.80;3;2;1;64;0;6289364;599;0
11;19;78;17;28;14;31;3.80;2;1;1;54;0;6289431;92;0
11;19;78;17;28;14;76;3.20;4;2;1;56;0;6289476;164;0
11;19;78;17;28;14;87;5.20;1;1;1;48;0;6289487;108;0
11;19;78;17;28;15;34;4.00;3;2;1;61;0;6289534;148;0
11;19;78;17;28;16;96;5.40;1;1;1;50;0;6289696;170;6289024
11;19;78;17;28;17;78;3.60;3;2;1;57;0;6289778;220;0
11;19;78;17;28;18;41;3.00;4;2;1;53;0;6289841;344;0
11;19;78;17;28;19;42;4.00;1;1;1;49;0;6289942;207;0
11;19;78;17;28;20;71;3.60;2;1;1;60;0;6290071;614;0
11;19;78;17;28;20;71;4.00;1;1;1;47;0;6290071;99;0
11;19;78;17;28;20;81;5.80;3;2;1;56;0;6290081;280;0
11;19;78;17;28;21;17;3.60;4;2;1;56;0;6290117;255;0
11;19;78;17;28;22;11;3.40;3;2;1;56;0;6290211;92;0
11;19;78;17;28;22;67;3.40;1;1;1;53;0;6290267;165;0
11;19;78;17;28;22;74;3.60;4;2;1;55;0;6290274;133;0
11;19;78;17;28;23;95;3.80;2;1;1;52;0;6290395;302;0
11;19;78;17;28;24;35;3.40;4;2;1;54;0;6290435;137;0
11;19;78;17;28;24;64;4.40;3;2;1;58;0;6290464;231;0
11;19;78;17;28;24;97;3.40;2;1;1;54;0;6290497;75;0
11;19;78;17;28;26;51;3.00;3;2;1;55;0;6290651;159;0
11;19;78;17;28;26;56;3.20;2;1;1;49;0;6290656;136;0
11;19;78;17;28;27;50;3.20;3;2;1;57;0;6290750;79;0
11;19;78;17;28;28;9;3.40;2;1;1;49;0;6290809;129;0
11;19;78;17;28;29;32;3.80;1;1;1;59;0;6290932;641;0
11;19;78;17;28;30;12;3.60;3;2;1;54;0;6291012;241;0
11;19;78;17;28;31;14;3.20;1;1;1;55;0;6291114;158;0
11;19;78;17;28;33;22;3.00;1;1;1;55;0;6291322;187;0
11;19;78;17;28;44;99;3.60;3;2;1;59;0;6292499;1463;0
11;19;78;17;28;46;17;3.60;1;1;1;56;0;6292617;1275;0
11;19;78;17;28;46;66;3.60;4;2;1;61;0;6292666;2208;0
11;19;78;17;28;50;17;3.60;3;2;1;59;0;6293017;496;0
11;19;78;17;28;53;67;3.80;3;2;1;59;0;6293367;328;0
11;19;78;17;28;56;78;4.60;3;2;1;69;0;6293678;287;0
11;19;78;17;28;57;73;3.00;4;2;1;47;0;6293773;1085;0
11;19;78;17;28;59;60;6.40;1;1;1;52;0;6293960;1319;0
11;19;78;17;28;59;84;4.00;4;2;1;49;0;6293984;188;0
11;19;78;17;29;1;59;4.40;3;2;1;58;0;6294159;457;0
11;19;78;17;29;2;21;3.60;4;2;1;57;0;6294221;207;0
11;19;78;17;29;3;9;3.80;3;2;1;59;0;6294309;122;0
11;19;78;17;29;4;38;4.40;3;2;1;54;0;6294438;105;0
11;19;78;17;29;5;69;3.60;4;2;1;54;0;6294569;325;0
11;19;78;17;29;7;71;3.20;4;2;1;52;0;6294771;178;0
11;19;78;17;29;8;92;4.00;4;2;1;50;0;6294892;98;0
11;19;78;17;29;11;74;3.40;1;1;1;61;0;6295174;1169;0
11;19;78;17;29;12;79;3.40;4;2;1;52;0;6295279;358;0
11;19;78;17;29;16;56;3.40;4;2;1;56;0;6295656;353;0
11;19;78;17;29;18;6;3.40;1;1;1;58;0;6295806;611;0
11;19;78;17;29;20;54;3.40;2;1;1;57;0;6296054;5220;0
11;19;78;17;29;20;61;3.60;1;1;1;54;0;6296061;233;0
11;19;78;17;29;22;62;4.40;1;1;1;54;0;6296262;177;0
11;19;78;17;29;23;65;3.80;1;1;1;52;0;6296365;73;0
11;19;78;17;29;24;24;5.00;2;1;1;57;0;6296424;348;0
11;19;78;17;29;25;8;3.40;1;1;1;53;0;6296508;116;0
11;19;78;17;29;26;68;3.60;3;2;1;61;0;6296668;2200;0
11;19;78;17;29;26;68;6.60;2;1;1;53;0;6296668;212;0
11;19;78;17;29;27;69;3.20;2;1;1;54;0;6296769;56;0
11;19;78;17;29;27;62;3.20;1;1;1;50;0;6296762;230;0
11;19;78;17;29;28;55;3.20;1;1;1;52;0;6296855;69;0
11;19;78;17;29;28;68;3.60;4;2;1;62;0;6296868;1190;0
11;19;78;17;29;29;11;3.80;2;1;1;54;0;6296911;120;0
11;19;78;17;29;30;3;3.60;4;2;1;65;0;6297003;114;0
11;19;78;17;29;30;32;4.00;1;1;1;53;0;6297032;154;0
11;19;78;17;29;31;49;3.80;1;1;1;56;0;6297149;89;0
11;19;78;17;29;33;67;3.40;4;2;1;58;0;6297367;344;0
11;19;78;17;29;34;56;3.80;2;1;1;61;0;6297456;519;0
11;19;78;17;29;35;37;3.80;4;2;1;60;0;6297537;148;0
11;19;78;17;29;36;54;4.00;2;1;1;58;0;6297654;175;0
11;19;78;17;29;36;91;3.60;4;2;1;61;0;6297691;131;0
11;19;78;17;29;37;11;3.20;3;2;1;59;0;6297711;1021;0
11;19;78;17;29;37;64;3.80;1;1;1;59;0;6297764;590;0
11;19;78;17;29;37;76;3.40;4;2;1;59;0;6297776;63;0
11;19;78;17;29;38;55;3.00;3;2;1;64;0;6297855;124;0
11;19;78;17;29;39;7;3.60;4;2;1;60;0;6297907;110;6297367
11;19;78;17;29;39;44;3.80;1;1;1;60;0;6297944;156;6297367
11;19;78;17;29;39;81;3.40;3;2;1;60;0;6297981;109;6297367
11;19;78;17;29;41;41;3.20;3;2;1;56;0;6298141;139;6297367
11;19;78;17;29;42;50;3.80;2;1;1;56;0;6298250;571;0
11;19;78;17;29;42;99;3.80;4;2;1;56;0;6298299;370;0
11;19;78;17;29;43;66;3.00;1;1;1;53;0;6298366;399;0
11;19;78;17;29;42;88;3.00;3;2;1;18;0;6298288;126;6297711
11;19;78;17;29;44;19;4.40;4;2;1;57;0;6298419;95;6297711
11;19;78;17;29;45;90;3.80;4;2;1;56;0;6298590;143;6297711
11;19;78;17;29;47;40;3.80;2;1;1;56;0;6298740;465;0
11;19;78;17;29;48;34;3.80;3;2;1;57;0;6298834;486;0
11;19;78;17;29;48;81;3.20;4;2;1;55;0;6298881;266;0
11;19;78;17;29;48;97;3.60;2;1;1;59;0;6298897;132;0
11;19;78;17;29;48;95;3.60;1;1;1;53;0;6298895;508;0
11;19;78;17;29;49;67;3.80;3;2;1;59;0;6298967;109;0
11;19;78;17;29;50;22;4.40;4;2;1;61;0;6299022;120;0
11;19;78;17;29;51;4;3.40;1;1;1;55;0;6299104;184;0
11;19;78;17;29;51;37;3.80;2;1;1;60;0;6299137;218;0
11;19;78;17;29;51;44;3.80;3;2;1;58;0;6299144;153;0
11;19;78;17;29;52;35;6.20;4;2;1;51;0;6299235;187;0
11;19;78;17;29;52;75;3.40;3;2;1;57;0;6299275;107;0
11;19;78;17;29;53;61;3.00;4;2;1;50;0;6299361;82;0
11;19;78;17;29;53;98;3.40;3;2;1;57;0;6299398;101;6298834
11;19;78;17;29;54;47;3.60;4;2;1;49;0;6299447;64;6298881
11;19;78;17;29;55;49;6.40;3;2;1;61;0;6299549;129;6298834
11;19;78;17;29;55;81;3.80;4;2;1;47;0;6299581;107;6298881
11;19;78;17;29;56;80;4.60;3;2;1;59;0;6299680;93;6298834
11;19;78;17;29;57;43;3.60;4;2;1;50;0;6299743;132;6298881
11;19;78;17;29;57;84;3.20;3;2;1;59;0;6299784;75;6298834
11;19;78;17;29;59;4;2.80;3;2;1;56;0;6299904;100;6298834
11;19;78;17;29;59;72;3.60;4;2;1;51;0;6299972;203;0
11;19;78;17;30;0;23;3.60;3;2;1;55;0;6300023;101;6298834
11;19;78;17;30;0;34;3.20;2;1;1;71;0;6300034;874;0
11;19;78;17;30;1;13;3.80;1;1;1;57;0;6300113;986;0
11;19;78;17;30;1;66;3.60;4;2;1;56;0;6300166;168;0
11;19;78;17;30;1;90;3.40;3;2;1;56;0;6300190;143;6298834
11;19;78;17;30;2;22;3.80;2;1;1;61;0;6300222;171;6298834
11;19;78;17;30;2;24;4.00;1;1;1;54;0;6300224;87;6298834
11;19;78;17;30;2;92;3.60;3;2;1;55;0;6300292;80;6298834
11;19;78;17;30;4;91;3.40;4;2;1;54;0;6300491;301;0
11;19;78;17;30;5;59;4.00;2;1;1;56;0;6300559;314;0
11;19;78;17;30;5;72;3.40;3;2;1;56;0;6300572;256;0
11;19;78;17;30;6;25;10.00;4;2;2;54;0;6300625;111;0
11;19;78;17;30;6;68;4.20;3;2;1;56;0;6300668;74;0
11;19;78;17;30;8;73;3.60;1;1;1;54;0;6300873;622;0
11;19;78;17;30;8;90;3.00;4;2;1;51;0;6300890;198;0
11;19;78;17;30;9;42;4.20;2;1;1;53;0;6300942;357;0
11;19;78;17;30;10;9;3.60;1;1;1;54;0;6301009;112;0
11;19;78;17;30;10;3;4.40;4;2;1;51;0;6301003;91;0
11;19;78;17;30;11;75;3.60;2;1;1;52;0;6301175;204;0
11;19;78;17;30;13;1;3.60;1;1;1;55;0;6301301;268;0
11;19;78;17;30;14;34;3.40;4;2;1;66;0;6301434;399;0
11;19;78;17;30;14;57;4.00;1;1;1;55;0;6301457;132;0
11;19;78;17;30;15;79;3.80;1;1;1;53;0;6301579;95;0
11;19;78;17;30;16;94;5.20;1;1;1;51;0;6301694;89;0
11;19;78;17;30;22;98;3.20;3;2;1;61;0;6302298;1603;0
11;19;78;17;30;25;26;3.80;4;2;1;56;0;6302526;1073;0
11;19;78;17;30;25;79;3.80;3;2;1;61;0;6302579;262;0
11;19;78;17;30;31;52;3.60;3;2;1;52;0;6303152;550;0
11;19;78;17;30;35;50;3.00;4;2;1;61;0;6303550;999;0
11;19;78;17;30;40;26;3.20;4;2;1;61;0;6304026;458;0
11;19;78;17;30;42;21;4.20;3;2;1;61;0;6304221;1044;0
11;19;78;17;30;45;94;3.00;4;2;1;51;0;6304594;549;0
11;19;78;17;30;46;53;3.20;1;1;1;58;0;6304653;2922;0
11;19;78;17;30;49;5;3.80;4;2;1;61;0;6304905;289;0
11;19;78;17;30;52;32;3.40;4;2;1;56;0;6305232;304;0
11;19;78;17;30;56;5;3.60;2;1;1;59;0;6305605;4405;0
11;19;78;17;31;1;36;3.80;4;2;1;67;0;6306136;882;0
11;19;78;17;31;3;15;3.40;2;1;1;52;0;6306315;688;0
11;19;78;17;31;2;43;13.20;1;1;4;50;0;6306243;1570;0
11;19;78;17;31;4;17;3.00;2;1;1;53;0;6306417;78;0
11;19;78;17;31;5;54;4.00;3;2;1;63;0;6306554;2308;0
11;19;78;17;31;5;66;3.60;4;2;1;66;0;6306566;409;0
11;19;78;17;31;6;82;3.00;2;1;1;56;0;6306682;244;0
11;19;78;17;31;7;11;3.80;3;2;1;66;0;6306711;134;0
11;19;78;17;31;7;30;3.80;4;2;1;63;0;6306730;144;0
11;19;78;17;31;7;61;6.40;1;1;1;49;0;6306761;422;0
11;19;78;17;31;9;65;3.20;2;1;1;55;0;6306965;263;0
11;19;78;17;31;10;88;3.80;1;1;1;52;0;6307088;279;0
11;19;78;17;31;11;6;3.40;4;2;1;63;0;6307106;354;0
11;19;78;17;31;11;31;5.20;3;2;1;65;0;6307131;399;0
11;19;78;17;31;11;67;3.60;2;1;1;55;0;6307167;181;0
11;19;78;17;31;13;31;3.00;4;2;1;57;0;6307331;205;0
11;19;78;17;31;13;82;3.80;3;2;1;70;0;6307382;222;0
11;19;78;17;31;14;55;3.60;1;1;1;55;0;6307455;340;0
11;19;78;17;31;14;84;3.00;4;2;1;56;0;6307484;134;0
11;19;78;17;31;15;83;3.80;1;1;1;57;0;6307583;104;0
11;19;78;17;31;15;91;4.80;4;2;1;53;0;6307591;87;0
11;19;78;17;31;16;64;5.20;2;1;1;57;0;6307664;473;0
11;19;78;17;31;19;78;3.20;4;2;1;55;0;6307978;354;0
11;19;78;17;31;20;86;3.80;1;1;1;55;0;6308086;479;0
11;19;78;17;31;21;18;3.80;2;1;1;56;0;6308118;421;0
11;19;78;17;31;21;37;3.80;4;2;1;56;0;6308137;138;0
11;19;78;17;31;22;23;3.60;3;2;1;57;0;6308223;821;0
11;19;78;17;31;23;58;3.40;4;2;1;53;0;6308358;196;0
11;19;78;17;31;24;10;4.80;3;2;1;56;0;6308410;164;0
11;19;78;17;31;24;76;3.20;4;2;1;52;0;6308476;94;0
11;19;78;17;31;25;59;3.60;3;2;1;54;0;6308559;118;0
11;19;78;17;31;25;90;3.60;4;2;1;48;0;6308590;91;6307978
11;19;78;17;31;26;84;3.40;4;2;1;45;0;6308684;67;6307978
11;19;78;17;31;27;9;3.60;1;1;1;51;0;6308709;598;0
11;19;78;17;31;27;38;3.60;3;2;1;55;0;6308738;155;0
11;19;78;17;31;28;2;3.80;1;1;1;49;0;6308802;67;0
11;19;78;17;31;28;38;4.80;2;1;1;51;0;6308838;695;0
11;19;78;17;31;28;42;3.40;3;2;1;56;0;6308842;80;6308223
11;19;78;17;31;28;37;3.60;4;2;1;46;0;6308837;125;6307978
11;19;78;17;31;29;25;3.60;1;1;1;46;0;6308925;95;6307978
11;19;78;17;31;29;97;3.20;3;2;1;56;0;6308997;133;6308223
11;19;78;17;31;29;93;3.40;4;2;1;48;0;6308993;127;6307978
11;19;78;17;31;30;77;3.60;2;1;1;48;0;6309077;205;0
11;19;78;17;31;31;10;3.20;1;1;1;49;0;6309110;156;0
11;19;78;17;31;31;81;3.20;3;2;1;54;0;6309181;163;6308223
11;19;78;17;31;32;5;4.20;4;2;1;53;0;6309205;186;6307978
11;19;78;17;31;32;39;3.80;1;1;1;50;0;6309239;105;6308709
11;19;78;17;31;33;86;3.40;3;2;1;53;0;6309386;183;6308223
11;19;78;17;31;34;3;3.00;4;2;1;54;0;6309403;169;6307978
11;19;78;17;31;34;8;3.60;2;1;1;46;0;6309408;304;0
11;19;78;17;31;34;63;3.60;1;1;1;53;0;6309463;196;6308709
11;19;78;17;31;35;41;12.80;3;2;7;54;0;6309541;131;6308223
11;19;78;17;31;36;4;3.80;4;2;1;57;0;6309604;181;6307978
11;19;78;17;31;36;45;3.80;1;1;1;51;0;6309645;157;6308709
11;19;78;17;31;37;60;3.20;3;2;1;56;0;6309760;133;6308223
11;19;78;17;31;37;67;3.60;1;1;1;52;0;6309767;95;6308709
11;19;78;17;31;37;64;3.20;2;1;1;46;0;6309764;327;0
11;19;78;17;31;38;20;3.00;4;2;1;57;0;6309820;192;6307978
11;19;78;17;31;38;73;3.60;2;1;1;46;0;6309873;83;6307978
11;19;78;17;31;39;63;4.40;2;1;1;46;0;6309963;61;6307978
11;19;78;17;31;39;92;3.60;4;2;1;55;0;6309992;153;6307978
11;19;78;17;31;40;43;3.00;3;2;1;58;0;6310043;262;0
11;19;78;17;31;40;66;5.20;1;1;1;46;0;6310066;274;0
11;19;78;17;31;41;81;3.60;2;1;1;46;0;6310181;183;0
11;19;78;17;31;42;8;3.80;3;2;1;56;0;6310208;146;0
11;19;78;17;31;42;97;3.20;4;2;1;50;0;6310297;281;0
11;19;78;17;31;42;92;3.40;2;1;1;45;0;6310292;82;6309764
11;19;78;17;31;42;41;11.80;1;1;3;50;0;6310241;134;6309764
11;19;78;17;31;44;10;3.60;2;1;1;42;0;6310410;90;6309764
11;19;78;17;31;44;29;3.60;4;2;1;50;0;6310429;108;6309764
11;19;78;17;31;44;48;3.60;3;2;1;56;0;6310448;215;0
11;19;78;17;31;44;90;3.80;1;1;1;50;0;6310490;164;0
11;19;78;17;31;45;9;3.80;2;1;1;41;0;6310509;68;6309764
11;19;78;17;31;45;23;3.40;4;2;1;47;0;6310523;68;6309764
11;19;78;17;31;45;67;4.40;3;2;1;57;0;6310567;95;6309764
11;19;78;17;31;46;11;4.00;2;1;1;40;0;6310611;68;6309764
11;19;78;17;31;47;21;3.80;3;2;1;57;0;6310721;126;6309764
11;19;78;17;31;47;60;5.00;2;1;1;39;0;6310760;113;6309764
11;19;78;17;31;48;2;3.80;1;1;1;46;0;6310802;284;0
11;19;78;17;31;49;37;3.40;2;1;1;40;0;6310937;130;6309764
11;19;78;17;31;50;31;3.80;1;1;1;41;0;6311031;199;6309764
11;19;78;17;31;52;25;3.00;2;1;1;43;0;6311225;257;0
11;19;78;17;31;53;71;3.80;1;1;1;39;0;6311371;306;0
11;19;78;17;31;53;94;3.40;2;1;1;45;0;6311394;143;0
11;19;78;17;31;55;47;3.60;1;1;1;39;0;6311547;140;0
11;19;78;17;31;55;75;5.00;2;1;1;41;0;6311575;153;0
11;19;78;17;31;56;68;3.60;1;1;1;41;0;6311668;87;0
11;19;78;17;31;56;75;4.00;2;1;1;38;0;6311675;56;0
11;19;78;17;31;58;2;4.60;4;2;1;69;0;6311802;1252;0
11;19;78;17;31;58;47;3.40;2;1;1;41;0;6311847;134;6311225
11;19;78;17;31;59;44;3.40;1;1;1;38;0;6311944;244;0
11;19;78;17;32;0;29;3.20;2;1;1;40;0;6312029;152;6311225
11;19;78;17;32;1;13;3.60;1;1;1;40;0;6312113;136;6311225
11;19;78;17;32;1;59;3.60;3;2;1;62;0;6312159;1414;0
11;19;78;17;32;1;60;3.20;2;1;1;40;0;6312160;102;6311225
11;19;78;17;32;3;67;3.80;2;1;1;44;0;6312367;178;6311225
11;19;78;17;32;3;54;6.80;1;1;2;39;0;6312354;208;0
11;19;78;17;32;4;95;3.60;3;2;1;58;0;6312495;315;0
11;19;78;17;32;5;5;3.60;2;1;1;46;0;6312505;106;6311225
11;19;78;17;32;5;21;3.00;1;1;1;38;0;6312521;104;6311225
11;19;78;17;32;6;70;4.40;1;1;1;38;0;6312670;120;6311225
11;19;78;17;32;8;87;3.60;4;2;1;57;0;6312887;1061;0
11;19;78;17;32;9;7;3.40;1;1;1;38;0;6312907;195;0
11;19;78;17;32;10;99;3.40;1;1;1;39;0;6313099;159;6312354
11;19;78;17;32;12;80;3.20;1;1;1;41;0;6313280;149;6312354
11;19;78;17;32;18;18;3.20;4;2;1;62;0;6313818;908;0
11;19;78;17;32;20;22;4.20;3;2;1;66;0;6314022;1504;0
11;19;78;17;32;20;51;3.80;4;2;1;58;0;6314051;214;0
11;19;78;17;32;21;79;3.60;3;2;1;62;0;6314179;134;0
11;19;78;17;32;21;85;3.60;4;2;1;56;0;6314185;110;0
11;19;78;17;32;31;99;3.80;2;1;1;55;0;6315199;2665;0
11;19;78;17;32;33;33;4.80;3;2;1;53;0;6315333;1133;0
11;19;78;17;32;38;37;4.60;4;2;1;53;0;6315837;1628;0
11;19;78;17;32;52;8;3.80;3;2;1;57;0;6317208;1842;0
11;19;78;17;32;52;38;11.20;4;2;2;56;0;6317238;1369;0
11;19;78;17;32;53;42;3.60;3;2;1;59;0;6317342;110;0
11;19;78;17;32;54;92;3.20;3;2;1;57;0;6317492;128;0
11;19;78;17;32;55;76;3.80;3;2;1;58;0;6317576;63;0
11;19;78;17;32;56;85;3.40;4;2;1;57;0;6317685;375;0
11;19;78;17;32;57;5;3.60;2;1;1;55;0;6317705;2481;0
11;19;78;17;32;57;97;3.80;3;2;1;59;0;6317797;197;6317208
11;19;78;17;32;59;49;11.40;1;1;3;45;0;6317949;4640;0
11;19;78;17;33;0;42;14.20;4;2;4;55;0;6318042;335;0
11;19;78;17;33;2;35;3.40;3;2;1;58;0;6318235;414;0
11;19;78;17;33;2;45;3.20;2;1;1;59;0;6318245;516;0
11;19;78;17;33;2;82;3.80;1;1;1;50;0;6318282;241;0
11;19;78;17;33;2;87;3.40;4;2;1;56;0;6318287;152;0
11;19;78;17;33;3;43;4.00;2;1;1;60;0;6318343;78;0
11;19;78;17;33;3;93;4.00;3;2;1;57;0;6318393;136;0
11;19;78;17;33;5;78;3.60;3;2;1;50;0;6318578;159;0
11;19;78;17;33;5;92;3.60;1;1;1;52;0;6318592;282;0
11;19;78;17;33;6;6;3.40;4;2;1;53;0;6318606;297;0
11;19;78;17;33;7;27;3.20;1;1;1;53;0;6318727;110;0
11;19;78;17;33;7;37;4.20;3;2;1;50;0;6318737;133;0
11;19;78;17;33;7;89;3.80;2;1;1;55;0;6318789;422;0
11;19;78;17;33;8;21;3.80;4;2;1;51;0;6318821;191;0
11;19;78;17;33;8;34;3.40;3;2;1;50;0;6318834;66;6318235
11;19;78;17;33;8;31;3.80;1;1;1;51;0;6318831;82;6318235
11;19;78;17;33;9;5;3.40;2;1;1;56;0;6318905;91;6318235
11;19;78;17;33;9;79;3.20;1;1;1;50;0;6318979;121;6318235
11;19;78;17;33;10;23;3.40;3;2;1;51;0;6319023;164;6318235
11;19;78;17;33;11;62;3.40;4;2;1;53;0;6319162;314;0
11;19;78;17;33;11;85;3.20;2;1;1;57;0;6319185;258;0
11;19;78;17;33;12;20;3.80;3;2;1;54;0;6319220;173;6318235
11;19;78;17;33;12;33;3.60;1;1;1;50;0;6319233;230;0
11;19;78;17;33;12;87;3.80;2;1;1;56;0;6319287;81;0
11;19;78;17;33;13;52;3.80;4;2;1;51;0;6319352;166;0
11;19;78;17;33;14;46;3.20;1;1;1;48;0;6319446;187;0
11;19;78;17;33;14;76;3.80;4;2;1;49;0;6319476;97;0
11;19;78;17;33;15;56;3.60;3;2;1;55;0;6319556;310;0
11;19;78;17;33;15;61;3.80;2;1;1;56;0;6319561;249;0
11;19;78;17;33;15;92;4.60;1;1;1;44;0;6319592;122;0
11;19;78;17;33;16;92;4.00;2;1;1;53;0;6319692;106;0
11;19;78;17;33;17;57;3.60;1;1;1;47;0;6319757;127;0
11;19;78;17;33;17;80;4.00;2;1;1;54;0;6319780;60;0
11;19;78;17;33;17;54;9.00;4;2;6;49;0;6319754;250;0
11;19;78;17;33;18;73;3.60;3;2;1;53;0;6319873;293;0
11;19;78;17;33;18;98;3.60;2;1;1;51;0;6319898;91;0
11;19;78;17;33;19;21;3.20;4;2;1;49;0;6319921;100;0
11;19;78;17;33;19;98;3.20;3;2;1;55;0;6319998;100;0
11;19;78;17;33;20;19;6.80;1;1;1;46;0;6320019;234;0
11;19;78;17;33;21;43;3.60;4;2;1;50;0;6320143;198;0
11;19;78;17;33;21;76;3.60;3;2;1;54;0;6320176;157;0
11;19;78;17;33;23;18;3.40;4;2;1;49;0;6320318;149;0
11;19;78;17;33;23;42;3.80;3;2;1;51;0;6320342;142;0
11;19;78;17;33;24;27;3.80;1;1;1;45;0;6320427;354;0
11;19;78;17;33;24;48;3.20;2;1;1;56;0;6320448;524;0
11;19;78;17;33;24;69;3.60;4;2;1;49;0;6320469;126;6319754
11;19;78;17;33;25;51;3.60;3;2;1;53;0;6320551;182;6319873
11;19;78;17;33;25;83;3.80;1;1;1;44;0;6320583;125;6319873
11;19;78;17;33;26;14;3.20;4;2;1;51;0;6320614;118;6319754
11;19;78;17;33;26;40;3.00;3;2;1;52;0;6320640;64;6319873
11;19;78;17;33;27;55;3.20;2;1;1;54;0;6320755;286;0
11;19;78;17;33;27;96;3.00;1;1;1;44;0;6320796;181;0
11;19;78;17;33;28;48;3.60;4;2;1;53;0;6320848;211;0
11;19;78;17;33;28;71;3.80;3;2;1;59;0;6320871;210;0
11;19;78;17;33;29;40;3.40;2;1;1;52;0;6320940;163;0
11;19;78;17;33;29;40;3.00;1;1;1;46;0;6320940;119;0
11;19;78;17;33;29;99;3.60;4;2;1;53;0;6320999;126;0
11;19;78;17;33;30;5;1.80;3;2;0;54;1;6321005;110;0
11;19;78;17;33;30;79;3.40;2;1;1;49;0;6321079;115;0
11;19;78;17;33;30;74;3.60;1;1;1;45;0;6321074;110;6320427
11;19;78;17;33;31;65;3.80;1;1;1;45;0;6321165;62;6320427
11;19;78;17;33;32;2;4.40;4;2;1;51;0;6321202;178;6320427
11;19;78;17;33;32;51;3.20;2;1;1;49;0;6321251;147;6320427
11;19;78;17;33;33;36;3.00;1;1;1;42;0;6321336;140;6320427
11;19;78;17;33;33;74;3.40;4;2;1;52;0;6321374;140;6320427
11;19;78;17;33;33;80;3.60;2;1;1;48;0;6321380;105;6320755
11;19;78;17;33;35;11;3.20;1;1;1;40;0;6321511;149;6320427
11;19;78;17;33;35;24;3.60;3;2;1;54;0;6321524;629;0
11;19;78;17;33;35;83;3.40;2;1;1;48;0;6321583;176;6320755
11;19;78;17;33;36;70;3.40;1;1;1;41;0;6321670;130;6320427
11;19;78;17;33;37;30;4.40;2;1;1;49;0;6321730;121;6320755
11;19;78;17;33;37;83;4.00;3;2;1;64;0;6321783;235;0
11;19;78;17;33;38;12;3.40;1;1;1;40;0;6321812;112;6320427
11;19;78;17;33;39;24;3.20;2;1;1;50;0;6321924;161;6320755
11;19;78;17;33;39;77;3.40;1;1;1;42;0;6321977;134;6320427
11;19;78;17;33;41;38;3.60;1;1;1;43;0;6322138;131;6320427
11;19;78;17;33;43;7;5.60;1;1;1;43;0;6322307;138;6320427
11;19;78;17;33;44;33;3.80;2;1;1;60;0;6322433;485;0
11;19;78;17;33;44;19;3.60;1;1;1;45;0;6322419;65;6320427
11;19;78;17;33;45;53;3.80;2;1;1;56;0;6322553;97;6320427
11;19;78;17;33;47;13;5.20;1;1;1;48;0;6322713;265;0
11;19;78;17;33;47;78;3.20;2;1;1;54;0;6322778;200;0
11;19;78;17;33;48;51;5.00;1;1;1;47;0;6322851;99;0
11;19;78;17;33;48;97;3.80;2;1;1;52;0;6322897;97;0
11;19;78;17;33;49;70;3.00;4;2;1;51;0;6322970;1572;0
11;19;78;17;33;49;69;3.00;1;1;1;46;0;6322969;79;0
11;19;78;17;33;50;27;3.60;2;1;1;53;0;6323027;103;0
11;19;78;17;33;50;93;3.40;1;1;1;47;0;6323093;100;0
11;19;78;17;33;51;52;3.40;2;1;1;55;0;6323152;100;0
11;19;78;17;33;51;97;3.40;1;1;1;47;0;6323197;77;6322713
11;19;78;17;33;53;38;4.00;4;2;1;57;0;6323338;346;0
11;19;78;17;33;54;24;3.20;1;1;1;49;0;6323424;200;0
11;19;78;17;33;55;44;3.80;1;1;1;47;0;6323544;96;0
11;19;78;17;33;56;76;3.80;2;1;1;58;0;6323676;501;0
11;19;78;17;33;56;92;3.40;1;1;1;45;0;6323692;118;0
11;19;78;17;33;58;11;3.60;1;1;1;43;0;6323811;91;0
11;19;78;17;33;58;69;3.60;2;1;1;56;0;6323869;169;0
11;19;78;17;33;59;32;4.20;3;2;1;57;0;6323932;2126;0
11;19;78;17;33;59;54;3.40;1;1;1;44;0;6323954;112;6323424
11;19;78;17;34;0;77;3.40;2;1;1;50;0;6324077;184;6323424
11;19;78;17;34;4;89;3.60;3;2;1;60;0;6324489;530;0
11;19;78;17;34;6;22;3.20;3;2;1;59;0;6324622;111;0
11;19;78;17;34;6;96;3.60;4;2;1;66;0;6324696;1332;0
11;19;78;17;34;8;93;3.60;4;2;1;49;0;6324893;177;0
11;19;78;17;34;9;94;3.20;3;2;1;59;0;6324994;352;0
11;19;78;17;34;10;94;3.80;4;2;1;51;0;6325094;174;0
11;19;78;17;34;12;53;3.60;4;2;1;53;0;6325253;132;0
11;19;78;17;34;14;37;3.80;4;2;1;54;0;6325437;159;6324696
11;19;78;17;34;15;26;3.40;3;2;1;60;0;6325526;512;0
11;19;78;17;34;16;4;4.00;4;2;1;61;0;6325604;141;6324696
11;19;78;17;34;23;78;3.60;4;2;1;64;0;6326378;750;0
11;19;78;17;34;26;88;3.40;4;2;1;55;0;6326688;289;0
11;19;78;17;34;28;27;3.00;4;2;1;55;0;6326827;116;0
11;19;78;17;34;28;67;3.20;3;2;1;66;0;6326867;1320;0
11;19;78;17;34;29;78;3.20;4;2;1;55;0;6326978;131;0
11;19;78;17;34;30;56;4.00;3;2;1;62;0;6327056;171;0
11;19;78;17;34;31;75;3.40;3;2;1;55;0;6327175;95;0
11;19;78;17;34;32;54;3.80;4;2;1;65;0;6327254;255;0
11;19;78;17;34;33;90;3.60;2;1;1;55;0;6327390;3288;0
11;19;78;17;34;34;43;2.80;4;2;1;62;0;6327443;167;0
11;19;78;17;34;35;11;3.40;1;1;1;53;0;6327511;3529;0
11;19;78;17;34;35;69;4.00;2;1;1;53;0;6327569;155;0
11;19;78;17;34;36;58;3.80;3;2;1;60;0;6327658;460;0
11;19;78;17;34;37;13;3.60;4;2;1;59;0;6327713;253;0
11;19;78;17;34;37;58;3.40;1;1;1;52;0;6327758;223;0
11;19;78;17;34;37;92;3.40;3;2;1;59;0;6327792;111;0
11;19;78;17;34;39;4;3.60;4;2;1;59;0;6327904;169;0
11;19;78;17;34;39;27;5.80;3;2;1;64;0;6327927;114;0
11;19;78;17;34;39;50;3.80;1;1;1;56;0;6327950;168;0
11;19;78;17;34;40;88;3.60;3;2;1;62;0;6328088;128;0
11;19;78;17;34;40;89;3.40;4;2;1;54;0;6328089;163;0
11;19;78;17;34;41;52;3.80;2;1;1;58;0;6328152;555;0
11;19;78;17;34;42;2;3.40;4;2;1;56;0;6328202;90;0
11;19;78;17;34;42;9;3.60;3;2;1;63;0;6328209;100;6327658
11;19;78;17;34;42;47;3.60;1;1;1;54;0;6328247;272;0
11;19;78;17;34;43;35;3.80;1;1;1;53;0;6328335;64;0
11;19;78;17;34;43;65;6.20;2;1;6;60;0;6328365;189;0
11;19;78;17;34;43;89;3.20;4;2;1;55;0;6328389;165;6327713
11;19;78;17;34;44;92;3.80;1;1;1;49;0;6328492;131;6327713
11;19;78;17;34;45;54;3.20;4;2;1;54;0;6328554;144;6327713
11;19;78;17;34;45;69;3.80;3;2;1;61;0;6328569;339;0
11;19;78;17;34;46;67;3.20;2;1;1;55;0;6328667;264;0
11;19;78;17;34;46;78;3.40;4;2;1;55;0;6328678;102;6327713
11;19;78;17;34;46;96;3.60;1;1;1;49;0;6328696;176;6327713
11;19;78;17;34;48;25;3.80;4;2;1;56;0;6328825;124;6327713
11;19;78;17;34;48;63;3.60;1;1;1;50;0;6328863;140;6328247
11;19;78;17;34;48;78;6.80;3;2;1;58;0;6328878;286;0
11;19;78;17;34;49;97;3.20;4;2;1;58;0;6328997;147;6327713
11;19;78;17;34;49;99;4.00;1;1;1;53;0;6328999;110;6328247
11;19;78;17;34;50;38;3.80;3;2;1;60;0;6329038;117;6328247
11;19;78;17;34;51;90;3.20;3;2;1;59;0;6329190;129;6328247
11;19;78;17;34;53;4;3.60;3;2;1;56;0;6329304;94;6328247
11;19;78;17;34;53;23;3.60;4;2;1;53;0;6329323;306;0
11;19;78;17;34;53;62;3.60;2;1;1;59;0;6329362;674;0
11;19;78;17;34;54;31;3.60;4;2;1;55;0;6329431;83;0
11;19;78;17;34;54;40;3.60;3;2;1;59;0;6329440;112;6328878
11;19;78;17;34;56;98;3.40;4;2;1;53;0;6329698;243;0
11;19;78;17;34;57;41;3.40;1;1;1;55;0;6329741;714;0
11;19;78;17;34;57;50;3.40;3;2;1;61;0;6329750;288;0
11;19;78;17;34;57;99;3.60;2;1;1;56;0;6329799;415;0
11;19;78;17;34;58;78;3.40;4;2;1;55;0;6329878;156;0
11;19;78;17;34;58;91;4.20;2;1;1;56;0;6329891;68;0
11;19;78;17;34;59;47;3.60;1;1;1;50;0;6329947;183;0
11;19;78;17;34;59;41;8.40;3;2;6;57;0;6329941;170;0
11;19;78;17;35;0;83;4.00;3;2;1;58;0;6330083;88;0
11;19;78;17;35;1;12;3.40;1;1;1;50;0;6330112;139;0
11;19;78;17;35;1;69;4.60;2;1;1;57;0;6330169;251;0
11;19;78;17;35;1;71;4.40;4;2;1;56;0;6330171;270;0
11;19;78;17;35;2;9;3.40;3;2;1;57;0;6330209;101;0
11;19;78;17;35;2;5;5.20;1;1;1;51;0;6330205;68;0
11;19;78;17;35;2;56;3.40;2;1;1;57;0;6330256;57;0
11;19;78;17;35;3;37;3.20;3;2;1;54;0;6330337;106;6329750
11;19;78;17;35;4;2;3.80;1;1;1;47;0;6330402;160;6329741
11;19;78;17;35;4;93;3.40;3;2;1;52;0;6330493;134;6329750
11;19;78;17;35;5;97;3.40;4;2;1;49;0;6330597;397;0
11;19;78;17;35;6;43;3.20;2;1;1;57;0;6330643;365;0
11;19;78;17;35;6;33;4.00;3;2;1;50;0;6330633;116;6329750
11;19;78;17;35;7;62;3.60;3;2;1;51;0;6330762;100;6329750
11;19;78;17;35;8;33;3.40;4;2;1;49;0;6330833;211;0
11;19;78;17;35;10;56;4.40;2;1;1;57;0;6331056;392;0
11;19;78;17;35;10;13;14.80;1;1;4;58;0;6331013;581;0
11;19;78;17;35;11;61;3.80;3;2;1;53;0;6331161;373;0
11;19;78;17;35;13;16;3.60;3;2;1;51;0;6331316;129;0
11;19;78;17;35;13;52;3.80;2;1;1;51;0;6331352;268;0
11;19;78;17;35;14;46;3.60;1;1;1;47;0;6331446;341;0
11;19;78;17;35;14;93;3.00;4;2;1;56;0;6331493;635;0
11;19;78;17;35;15;40;3.60;1;1;1;44;0;6331540;66;0
11;19;78;17;35;16;47;3.40;1;1;1;44;0;6331647;77;0
11;19;78;17;35;18;29;3.60;1;1;1;44;0;6331829;154;0
11;19;78;17;35;19;9;3.80;2;1;1;55;0;6331909;530;0
11;19;78;17;35;19;85;3.60;1;1;1;45;0;6331985;126;6331446
11;19;78;17;35;21;20;4.40;1;1;1;47;0;6332120;106;6331446
11;19;78;17;35;22;63;3.80;1;1;1;46;0;6332263;109;6331446
11;19;78;17;35;24;13;16.80;1;1;4;47;0;6332413;120;6331446
11;19;78;17;35;26;37;4.00;2;1;1;59;0;6332637;703;0
11;19;78;17;35;27;38;3.80;2;1;1;58;0;6332738;76;0
11;19;78;17;35;27;48;3.40;1;1;1;48;0;6332748;206;0
11;19;78;17;35;28;24;3.80;2;1;1;57;0;6332824;62;0
11;19;78;17;35;28;33;3.60;3;2;1;54;0;6332833;1491;0
11;19;78;17;35;29;25;3.20;1;1;1;49;0;6332925;151;0
11;19;78;17;35;30;40;3.00;4;2;1;62;0;6333040;1527;0
11;19;78;17;35;33;49;3.20;4;2;1;57;0;6333349;291;0
11;19;78;17;35;34;14;3.60;2;1;1;59;0;6333414;566;0
11;19;78;17;35;36;19;3.80;4;2;1;61;0;6333619;249;0
11;19;78;17;35;38;1;3.40;3;2;1;60;0;6333801;944;0
11;19;78;17;35;42;2;3.60;4;2;1;55;0;6334202;560;0
11;19;78;17;35;43;44;3.40;3;2;1;57;0;6334344;522;0
11;19;78;17;35;43;84;3.60;4;2;1;53;0;6334384;158;0
11;19;78;17;35;46;19;3.60;3;2;1;57;0;6334619;253;0
11;19;78;17;35;47;30;3.60;3;2;1;55;0;6334730;88;0
11;19;78;17;35;48;14;3.80;3;2;1;57;0;6334814;60;0
11;19;78;17;35;48;33;3.00;4;2;1;58;0;6334833;424;0
11;19;78;17;35;49;61;3.40;3;2;1;57;0;6334961;123;0
11;19;78;17;35;50;54;3.40;4;2;1;55;0;6335054;202;0
11;19;78;17;35;54;91;4.20;1;1;1;52;0;6335491;2542;0
11;19;78;17;36;5;3;3.80;4;2;1;64;0;6336503;1426;0
11;19;78;17;36;5;20;3.20;1;1;1;59;0;6336520;999;0
11;19;78;17;36;6;99;5.20;3;2;1;68;0;6336699;1716;0
11;19;78;17;36;8;93;3.60;4;2;1;57;0;6336893;368;0
11;19;78;17;36;11;84;3.80;4;2;1;61;0;6337184;268;0
11;19;78;17;36;12;0;4.00;3;2;1;63;0;6337200;473;0
11;19;78;17;36;13;88;3.60;2;1;1;55;0;6337388;3952;0
11;19;78;17;36;15;62;3.80;2;1;1;54;0;6337562;150;0
11;19;78;17;36;15;70;4.60;3;2;1;58;0;6337570;347;0
11;19;78;17;36;16;87;4.40;3;2;1;60;0;6337687;88;0
11;19;78;17;36;17;10;3.80;1;1;1;61;0;6337710;1170;0
11;19;78;17;36;19;9;4.00;3;2;1;62;0;6337909;195;0
11;19;78;17;36;19;24;12.80;4;2;3;54;0;6337924;717;0
11;19;78;17;36;22;8;3.40;4;2;1;56;0;6338208;198;0
11;19;78;17;36;22;10;4.00;3;2;1;62;0;6338210;277;0
11;19;78;17;36;24;32;3.40;4;2;1;55;0;6338432;202;0
11;19;78;17;36;24;47;3.40;3;2;1;57;0;6338447;213;0
11;19;78;17;36;25;30;3.20;3;2;1;57;0;6338530;61;0
11;19;78;17;36;26;6;3.20;4;2;1;54;0;6338606;151;0
11;19;78;17;36;26;88;5.00;2;1;1;54;0;6338688;1100;0
11;19;78;17;36;27;66;3.00;3;2;1;59;0;6338766;215;0
11;19;78;17;36;28;51;4.40;2;1;1;55;0;6338851;129;0
11;19;78;17;36;28;44;3.80;4;2;1;53;0;6338844;216;0
11;19;78;17;36;29;29;3.80;3;2;1;56;0;6338929;144;0
11;19;78;17;36;29;87;3.20;1;1;1;55;0;6338987;1254;0
11;19;78;17;36;30;5;3.60;4;2;1;53;0;6339005;135;0
11;19;78;17;36;30;69;3.60;3;2;1;57;0;6339069;115;0
11;19;78;17;36;30;61;5.80;1;1;1;53;0;6339061;53;0
11;19;78;17;36;31;9;3.80;4;2;1;53;0;6339109;79;0
11;19;78;17;36;31;21;3.20;2;1;1;55;0;6339121;241;0
11;19;78;17;36;32;31;3.60;3;2;1;56;0;6339231;139;0
11;19;78;17;36;33;9;3.60;1;1;1;50;0;6339309;208;0
11;19;78;17;36;32;97;10.00;4;2;2;51;0;6339297;162;0
11;19;78;17;36;33;49;3.40;2;1;1;55;0;6339349;207;0
11;19;78;17;36;34;0;3.20;3;2;1;62;0;6339400;145;6338766
11;19;78;17;36;34;21;3.40;1;1;1;50;0;6339421;86;6338766
11;19;78;17;36;34;30;3.80;2;1;1;54;0;6339430;58;6338766
11;19;78;17;36;35;47;3.60;2;1;1;53;0;6339547;91;6338766
11;19;78;17;36;35;62;3.60;3;2;1;55;0;6339562;143;6338766
11;19;78;17;36;35;88;3.40;4;2;1;48;0;6339588;220;0
11;19;78;17;36;36;81;3.20;1;1;1;50;0;6339681;235;0
11;19;78;17;36;37;17;3.20;2;1;1;54;0;6339717;145;0
11;19;78;17;36;37;24;3.60;3;2;1;51;0;6339724;138;6338766
11;19;78;17;36;37;44;3.80;4;2;1;48;0;6339744;130;6338766
11;19;78;17;36;38;18;3.80;1;1;1;48;0;6339818;113;6338766
11;19;78;17;36;39;14;3.40;3;2;1;51;0;6339914;164;6338766
11;19;78;17;36;39;51;3.80;1;1;1;46;0;6339951;104;6338766
11;19;78;17;36;40;7;4.80;2;1;1;53;0;6340007;268;0
11;19;78;17;36;40;63;3.80;3;2;1;53;0;6340063;125;6338766
11;19;78;17;36;40;80;3.40;4;2;1;53;0;6340080;307;0
11;19;78;17;36;40;85;3.60;1;1;1;46;0;6340085;104;0
11;19;78;17;36;42;35;3.80;3;2;1;53;0;6340235;146;6338766
11;19;78;17;36;42;44;3.20;2;1;1;55;0;6340244;204;0
11;19;78;17;36;42;55;4.40;4;2;1;48;0;6340255;151;0
11;19;78;17;36;43;26;3.60;1;1;1;57;0;6340326;212;0
11;19;78;17;36;43;79;3.60;4;2;1;48;0;6340379;91;0
11;19;78;17;36;44;52;3.40;2;1;1;60;0;6340452;187;0
11;19;78;17;36;45;38;8.20;1;1;6;48;0;6340538;189;0
11;19;78;17;36;45;82;3.20;2;1;1;57;0;6340582;109;0
11;19;78;17;36;47;10;3.40;1;1;1;47;0;6340710;110;0
11;19;78;17;36;48;35;3.20;1;1;1;46;0;6340835;98;0
11;19;78;17;36;49;56;3.60;2;1;1;53;0;6340956;353;0
11;19;78;17;36;50;40;3.20;1;1;1;45;0;6341040;179;6340326
11;19;78;17;36;51;52;3.80;1;1;1;44;0;6341152;86;6340326
11;19;78;17;36;51;60;4.00;2;1;1;52;0;6341160;179;6340326
11;19;78;17;36;52;57;3.20;1;1;1;44;0;6341257;73;6340326
11;19;78;17;36;54;1;3.60;1;1;1;42;0;6341401;117;6340326
11;19;78;17;36;55;79;3.60;2;1;1;46;0;6341579;391;0
11;19;78;17;36;55;84;3.60;1;1;1;42;0;6341584;152;6340326
11;19;78;17;36;56;81;4.40;1;1;1;41;0;6341681;66;6340326
11;19;78;17;36;57;28;3.00;2;1;1;45;0;6341728;120;6340326
11;19;78;17;36;57;74;3.60;4;2;1;58;0;6341774;1368;0
11;19;78;17;36;58;39;3.40;2;1;1;43;0;6341839;87;0
11;19;78;17;36;58;63;4.00;1;1;1;40;0;6341863;143;6340326
11;19;78;17;37;0;22;4.00;2;1;1;44;0;6342022;154;6340326
11;19;78;17;37;1;21;3.40;1;1;1;43;0;6342121;222;0
11;19;78;17;37;1;39;3.00;2;1;1;43;0;6342139;84;6341579
11;19;78;17;37;2;98;3.40;2;1;1;43;0;6342298;133;6341579
11;19;78;17;37;4;21;3.60;1;1;1;39;0;6342421;271;0
11;19;78;17;37;4;38;3.60;2;1;1;43;0;6342438;111;6341579
11;19;78;17;37;6;21;3.80;2;1;1;44;0;6342621;152;6341579
11;19;78;17;37;6;97;3.80;1;1;1;34;0;6342697;242;0
11;19;78;17;37;8;18;3.80;2;1;1;46;0;6342818;165;6341579
11;19;78;17;37;8;11;3.20;1;1;1;34;0;6342811;73;6341579
11;19;78;17;37;9;64;4.20;2;1;1;46;0;6342964;116;6341579
11;19;78;17;37;10;27;4.20;1;1;1;43;0;6343027;182;6341579
11;19;78;17;37;11;23;3.60;2;1;1;45;0;6343123;126;6341579
11;19;78;17;37;11;77;3.60;4;2;1;45;0;6343177;1380;0
11;19;78;17;37;13;54;3.60;3;2;1;64;0;6343354;3093;0
11;19;78;17;37;14;85;3.60;1;1;1;51;0;6343485;422;0
11;19;78;17;37;14;79;3.20;2;1;1;41;0;6343479;327;0
11;19;78;17;37;16;79;3.20;1;1;1;47;0;6343679;168;0
11;19;78;17;37;17;62;3.60;4;2;1;61;0;6343762;556;0
11;19;78;17;37;17;77;4.60;1;1;1;49;0;6343777;73;0
11;19;78;17;37;18;88;6.40;4;2;1;57;0;6343888;104;0
11;19;78;17;37;19;48;4.20;1;1;1;47;0;6343948;137;0
11;19;78;17;37;20;87;3.40;1;1;1;48;0;6344087;106;6343485
11;19;78;17;37;21;23;4.80;3;2;1;59;0;6344123;748;0
11;19;78;17;37;24;12;4.00;1;1;1;50;0;6344412;299;0
11;19;78;17;37;25;1;3.60;4;2;1;62;0;6344501;572;0
11;19;78;17;37;25;65;3.00;2;1;1;45;0;6344565;1057;0
11;19;78;17;37;25;97;3.60;3;2;1;63;0;6344597;444;0
11;19;78;17;37;26;82;3.80;1;1;1;48;0;6344682;241;0
11;19;78;17;37;27;1;3.80;4;2;1;53;0;6344701;179;0
11;19;78;17;37;27;61;3.60;3;2;1;62;0;6344761;143;0
11;19;78;17;37;32;32;3.40;3;2;1;60;0;6345232;450;0
11;19;78;17;37;34;11;3.60;3;2;1;60;0;6345411;158;0
11;19;78;17;37;34;98;3.60;4;2;1;45;0;6345498;771;0
11;19;78;17;37;37;18;3.60;4;2;1;46;0;6345718;191;0
11;19;78;17;37;45;25;3.40;1;1;1;57;0;6346525;1814;0
11;19;78;17;37;48;70;4.00;4;2;1;60;0;6346870;1123;0
11;19;78;17;37;49;8;3.60;3;2;1;62;0;6346908;1475;0
11;19;78;17;37;52;8;4.00;3;2;1;59;0;6347208;279;0
11;19;78;17;37;52;14;3.80;4;2;1;62;0;6347214;320;0
11;19;78;17;37;54;10;3.60;4;2;1;60;0;6347410;173;0
11;19;78;17;37;55;68;3.60;4;2;1;57;0;6347568;136;0
11;19;78;17;37;56;79;3.20;3;2;1;58;0;6347679;446;0
11;19;78;17;37;56;93;3.20;4;2;1;58;0;6347693;102;0
11;19;78;17;37;59;6;3.60;3;2;1;59;0;6347906;207;0
11;19;78;17;37;59;48;3.40;4;2;1;55;0;6347948;235;0
11;19;78;17;38;0;97;3.40;3;2;1;57;0;6348097;169;0
11;19;78;17;38;2;52;5.20;3;2;1;56;0;6348252;133;0
11;19;78;17;38;2;54;2.60;4;2;0;57;1;6348254;283;0
11;19;78;17;38;3;69;3.60;4;2;1;57;0;6348369;398;0
11;19;78;17;38;4;17;3.40;3;2;1;56;0;6348417;131;0
11;19;78;17;38;4;18;3.60;2;1;1;57;0;6348418;3829;0
11;19;78;17;38;6;44;3.80;3;2;1;62;0;6348644;205;0
11;19;78;17;38;6;37;3.60;4;2;1;56;0;6348637;245;0
11;19;78;17;38;7;94;3.20;4;2;1;57;0;6348794;133;0
11;19;78;17;38;8;44;3.80;3;2;1;59;0;6348844;177;0
11;19;78;17;38;9;77;3.40;3;2;1;56;0;6348977;109;0
11;19;78;17;38;10;30;3.40;4;2;1;55;0;6349030;215;0
11;19;78;17;38;11;45;3.60;3;2;1;58;0;6349145;146;0
11;19;78;17;38;12;47;4.00;4;2;1;52;0;6349247;194;0
11;19;78;17;38;14;1;3.80;3;2;1;58;0;6349401;233;0
11;19;78;17;38;14;2;10.20;4;2;2;52;0;6349402;127;0
11;19;78;17;38;15;37;3.20;1;1;1;61;0;6349537;2990;0
11;19;78;17;38;15;42;3.60;3;2;1;56;0;6349542;117;0
11;19;78;17;38;16;12;3.60;4;2;1;52;0;6349612;139;0
11;19;78;17;38;16;75;3.40;2;1;1;56;0;6349675;1234;0
11;19;78;17;38;17;70;3.60;1;1;1;58;0;6349770;214;0
11;19;78;17;38;17;99;3.60;2;1;1;53;0;6349799;102;0
11;19;78;17;38;17;73;6.40;4;2;1;48;0;6349773;136;6349030
11;19;78;17;38;18;92;3.60;2;1;1;54;0;6349892;68;6349030
11;19;78;17;38;19;9;3.80;1;1;1;56;0;6349909;116;6349030
11;19;78;17;38;19;32;5.20;4;2;1;48;0;6349932;111;6349030
11;19;78;17;38;19;60;3.60;3;2;1;55;0;6349960;394;0
11;19;78;17;38;20;77;3.80;1;1;1;52;0;6350077;143;0
11;19;78;17;38;20;91;3.80;2;1;1;59;0;6350091;175;0
11;19;78;17;38;22;35;4.00;4;2;1;50;0;6350235;264;0
11;19;78;17;38;22;42;3.80;3;2;1;55;0;6350242;258;0
11;19;78;17;38;22;65;3.60;1;1;1;53;0;6350265;161;0
11;19;78;17;38;23;60;3.80;1;1;1;51;0;6350360;70;6349770
11;19;78;17;38;23;88;4.40;2;1;1;57;0;6350388;273;0
11;19;78;17;38;24;17;3.60;3;2;1;54;0;6350417;150;0
11;19;78;17;38;24;42;3.40;4;2;1;50;0;6350442;178;0
11;19;78;17;38;26;12;3.60;2;1;1;58;0;6350612;196;0
11;19;78;17;38;26;25;3.20;3;2;1;56;0;6350625;184;0
11;19;78;17;38;26;23;3.60;4;2;1;48;0;6350623;156;0
11;19;78;17;38;26;97;3.00;1;1;1;55;0;6350697;310;0
11;19;78;17;38;27;64;2.80;3;2;1;56;0;6350764;118;0
11;19;78;17;38;27;60;3.80;2;1;1;58;0;6350760;125;0
11;19;78;17;38;28;37;4.60;4;2;1;49;0;6350837;187;0
11;19;78;17;38;29;15;3.60;2;1;1;56;0;6350915;131;0
11;19;78;17;38;29;61;4.00;3;2;1;57;0;6350961;179;6350242
11;19;78;17;38;30;0;3.20;4;2;1;50;0;6351000;129;6350235
11;19;78;17;38;29;45;20.60;1;1;5;60;0;6350945;228;0
11;19;78;17;38;30;84;3.60;3;2;1;57;0;6351084;97;6350242
11;19;78;17;38;31;35;3.60;4;2;1;53;0;6351135;111;6350235
11;19;78;17;38;32;20;3.20;3;2;1;55;0;6351220;113;6350242
11;19;78;17;38;33;7;3.80;1;1;1;59;0;6351307;238;0
11;19;78;17;38;33;46;3.60;4;2;1;55;0;6351346;186;6350235
11;19;78;17;38;34;20;3.40;2;1;1;54;0;6351420;481;0
11;19;78;17;38;34;96;3.80;2;1;1;55;0;6351496;53;0
11;19;78;17;38;34;92;4.20;3;2;1;53;0;6351492;251;0
11;19;78;17;38;35;37;4.80;1;1;1;55;0;6351537;206;0
11;19;78;17;38;36;32;3.80;3;2;1;53;0;6351632;111;0
11;19;78;17;38;36;67;3.20;2;1;1;55;0;6351667;146;0
11;19;78;17;38;36;91;3.40;1;1;1;55;0;6351691;122;0
11;19;78;17;38;38;71;3.40;1;1;1;54;0;6351871;157;0
11;19;78;17;38;39;86;3.80;1;1;1;52;0;6351986;92;0
11;19;78;17;38;40;15;3.60;2;1;1;55;0;6352015;327;0
11;19;78;17;38;42;7;3.60;1;1;1;55;0;6352207;194;6351537
11;19;78;17;38;44;40;3.40;1;1;1;54;0;6352440;209;0
11;19;78;17;38;44;90;3.60;4;2;1;56;0;6352490;1120;0
11;19;78;17;38;45;38;3.60;3;2;1;62;0;6352538;880;0
11;19;78;17;38;46;11;3.60;1;1;1;53;0;6352611;148;0
11;19;78;17;38;46;73;3.40;2;1;1;53;0;6352673;634;0
11;19;78;17;38;48;37;3.20;2;1;1;55;0;6352837;140;0
11;19;78;17;38;49;11;3.20;1;1;1;50;0;6352911;275;0
11;19;78;17;38;50;31;3.80;2;1;1;56;0;6353031;173;0
11;19;78;17;38;50;41;3.80;1;1;1;48;0;6353041;106;0
11;19;78;17;38;51;38;3.20;1;1;1;47;0;6353138;68;0
11;19;78;17;38;52;90;3.00;4;2;1;58;0;6353290;776;0
11;19;78;17;38;53;14;3.80;1;1;1;46;0;6353314;151;0
11;19;78;17;38;54;50;3.00;1;1;1;44;0;6353450;106;6352911
11;19;78;17;38;55;16;3.60;2;1;1;58;0;6353516;460;0
11;19;78;17;38;55;33;3.60;1;1;1;43;0;6353533;58;6352911
11;19;78;17;38;56;80;3.60;1;1;1;46;0;6353680;116;6352911
11;19;78;17;38;57;53;3.80;2;1;1;59;0;6353753;214;0
11;19;78;17;38;58;86;3.80;2;1;1;52;0;6353886;109;0
11;19;78;17;39;0;44;4.40;2;1;1;54;0;6354044;131;0
11;19;78;17;39;1;36;4.20;1;1;1;51;0;6354136;427;0
11;19;78;17;39;1;51;3.40;4;2;1;59;0;6354151;842;0
11;19;78;17;39;2;48;3.00;3;2;1;64;0;6354248;1689;0
11;19;78;17;39;3;41;3.80;4;2;1;54;0;6354341;169;0
11;19;78;17;39;3;86;4.00;1;1;1;49;0;6354386;220;0
11;19;78;17;39;4;38;3.20;4;2;1;57;0;6354438;71;0
11;19;78;17;39;5;43;3.80;1;1;1;49;0;6354543;127;0
11;19;78;17;39;7;27;3.40;1;1;1;50;0;6354727;156;0
11;19;78;17;39;7;96;3.60;2;1;1;58;0;6354796;722;0
11;19;78;17;39;8;97;3.80;1;1;1;52;0;6354897;145;0
11;19;78;17;39;10;64;3.00;4;2;1;63;0;6355064;605;0
11;19;78;17;39;27;5;4.00;4;2;1;56;0;6356705;1623;0
11;19;78;17;39;28;76;3.80;3;2;1;62;0;6356876;2611;0
11;19;78;17;39;29;83;3.80;4;2;1;60;0;6356983;252;0
11;19;78;17;39;31;59;4.60;4;2;1;60;0;6357159;153;0
11;19;78;17;39;32;37;3.60;3;2;1;57;0;6357237;338;0
11;19;78;17;39;33;58;3.20;4;2;1;58;0;6357358;171;0
11;19;78;17;39;34;37;3.60;3;2;1;58;0;6357437;177;0
11;19;78;17;39;36;4;3.00;3;2;1;60;0;6357604;144;0
11;19;78;17;39;36;45;3.20;2;1;1;52;0;6357645;2826;0
11;19;78;17;39;36;49;3.20;4;2;1;60;0;6357649;271;0
11;19;78;17;39;38;20;3.80;2;1;1;53;0;6357820;152;0
11;19;78;17;39;39;0;3.60;3;2;1;54;0;6357900;278;0
11;19;78;17;39;39;77;3.80;4;2;1;56;0;6357977;308;0
11;19;78;17;39;40;87;3.60;1;1;1;54;0;6358087;3163;0
11;19;78;17;39;41;4;3.40;3;2;1;52;0;6358104;180;0
11;19;78;17;39;41;37;3.80;4;2;1;55;0;6358137;135;0
11;19;78;17;39;42;8;3.40;3;2;1;53;0;6358208;80;0
11;19;78;17;39;43;24;3.80;3;2;1;57;0;6358324;92;0
11;19;78;17;39;44;70;3.40;4;2;1;52;0;6358470;308;0
11;19;78;17;39;46;53;3.80;4;2;1;51;0;6358653;159;0
11;19;78;17;39;46;67;4.00;3;2;1;55;0;6358667;319;0
11;19;78;17;39;47;61;3.20;4;2;1;51;0;6358761;81;0
11;19;78;17;39;48;13;4.00;3;2;1;54;0;6358813;119;0
11;19;78;17;39;48;59;3.40;4;2;1;50;0;6358859;75;0
11;19;78;17;39;50;19;3.60;3;2;1;54;0;6359019;179;0
11;19;78;17;39;51;22;5.80;4;2;1;54;0;6359122;238;0
11;19;78;17;39;52;50;4.00;3;2;1;54;0;6359250;207;0
11;19;78;17;39;53;41;3.20;4;2;1;52;0;6359341;180;0
11;19;78;17;39;53;93;4.00;3;2;1;53;0;6359393;116;0
11;19;78;17;39;55;53;3.20;3;2;1;53;0;6359553;132;0
11;19;78;17;39;55;82;3.80;2;1;1;55;0;6359582;1736;0
11;19;78;17;39;56;38;3.00;4;2;1;53;0;6359638;274;0
11;19;78;17;39;58;10;4.00;3;2;1;54;0;6359810;235;0
11;19;78;17;39;58;61;3.40;4;2;1;53;0;6359861;202;0
11;19;78;17;39;59;26;3.60;3;2;1;56;0;6359926;89;0
11;19;78;17;39;59;84;3.20;4;2;1;53;0;6359984;99;0
11;19;78;17;40;0;45;3.40;3;2;1;55;0;6360045;95;0
11;19;78;17;40;1;76;3.40;3;2;1;54;0;6360176;108;0
11;19;78;17;40;4;29;4.00;4;2;1;54;0;6360429;423;0
11;19;78;17;40;4;30;4.40;3;2;1;52;0;6360430;231;0
11;19;78;17;40;6;68;3.00;3;2;1;50;0;6360668;207;0
11;19;78;17;40;7;60;3.60;2;1;1;56;0;6360760;1153;0
11;19;78;17;40;8;14;3.60;3;2;1;50;0;6360814;124;0
11;19;78;17;40;9;6;3.60;1;1;1;59;0;6360906;2795;0
11;19;78;17;40;9;11;12.00;2;1;7;55;0;6360911;127;0
11;19;78;17;40;10;41;3.40;3;2;1;51;0;6361041;201;0
11;19;78;17;40;11;22;3.40;2;1;1;59;0;6361122;132;0
11;19;78;17;40;11;76;3.80;1;1;1;61;0;6361176;248;0
11;19;78;17;40;13;47;3.80;2;1;1;63;0;6361347;204;0
11;19;78;17;40;14;46;13.00;1;1;3;51;0;6361446;247;0
11;19;78;17;40;15;35;3.80;2;1;1;59;0;6361535;166;0
11;19;78;17;40;16;80;3.80;2;1;1;60;0;6361680;121;0
11;19;78;17;40;16;94;3.20;1;1;1;53;0;6361694;156;0
11;19;78;17;40;18;15;3.80;2;1;1;61;0;6361815;112;0
11;19;78;17;40;18;71;4.00;1;1;1;54;0;6361871;155;0
11;19;78;17;40;20;4;3.60;1;1;1;53;0;6362004;106;0
11;19;78;17;40;21;15;3.80;2;1;1;55;0;6362115;277;0
11;19;78;17;40;22;28;3.40;2;1;1;53;0;6362228;88;0
11;19;78;17;40;23;5;3.80;1;1;1;59;0;6362305;276;0
11;19;78;17;40;23;66;4.00;2;1;1;51;0;6362366;114;0
11;19;78;17;40;25;47;3.60;3;2;1;70;0;6362547;1482;0
11;19;78;17;40;25;47;3.20;1;1;1;53;0;6362547;218;0
11;19;78;17;40;27;94;4.60;1;1;1;49;0;6362794;225;0
11;19;78;17;40;28;48;4.00;2;1;1;52;0;6362848;453;0
11;19;78;17;40;28;80;5.00;4;2;1;63;0;6362880;2424;0
11;19;78;17;40;30;48;3.20;4;2;1;61;0;6363048;139;0
11;19;78;17;40;30;53;3.60;1;1;1;49;0;6363053;225;0
11;19;78;17;40;31;37;3.80;1;1;1;46;0;6363137;57;0
11;19;78;17;40;31;48;3.80;3;2;1;58;0;6363148;582;0
11;19;78;17;40;34;43;3.60;1;1;1;39;0;6363443;276;0
11;19;78;17;40;35;15;4.00;2;1;1;57;0;6363515;639;0
11;19;78;17;40;35;69;4.00;4;2;1;60;0;6363569;502;0
11;19;78;17;40;35;78;3.20;1;1;1;39;0;6363578;101;0
11;19;78;17;40;37;20;3.80;1;1;1;39;0;6363720;112;0
11;19;78;17;40;37;39;3.40;2;1;1;55;0;6363739;198;0
11;19;78;17;40;37;78;3.60;4;2;1;62;0;6363778;185;0
11;19;78;17;40;38;60;3.40;2;1;1;56;0;6363860;98;0
11;19;78;17;40;38;61;3.60;1;1;1;38;0;6363861;105;0
11;19;78;17;40;40;49;3.80;4;2;1;62;0;6364049;250;0
11;19;78;17;40;40;51;3.60;1;1;1;37;0;6364051;155;6363443
11;19;78;17;40;40;97;3.40;2;1;1;54;0;6364097;215;0
11;19;78;17;40;42;20;3.40;1;1;1;37;0;6364220;133;6363443
11;19;78;17;40;42;85;3.20;2;1;1;52;0;6364285;165;6363443
11;19;78;17;40;43;53;3.60;3;2;1;59;0;6364353;1181;0
11;19;78;17;40;43;77;3.20;1;1;1;37;0;6364377;123;6363443
11;19;78;17;40;44;15;3.60;4;2;1;55;0;6364415;343;0
11;19;78;17;40;44;39;3.60;2;1;1;52;0;6364439;131;0
11;19;78;17;40;44;91;3.80;3;2;1;60;0;6364491;116;0
11;19;78;17;40;44;93;3.40;1;1;1;38;0;6364493;84;6363443
11;19;78;17;40;46;72;3.20;4;2;1;59;0;6364672;233;0
11;19;78;17;40;46;71;3.20;1;1;1;39;0;6364671;145;6363443
11;19;78;17;40;47;39;3.40;2;1;1;52;0;6364739;275;0
11;19;78;17;40;48;19;3.60;4;2;1;60;0;6364819;127;0
11;19;78;17;40;48;85;4.00;1;1;1;39;0;6364885;184;6363443
11;19;78;17;40;49;35;3.60;2;1;1;51;0;6364935;172;6363443
11;19;78;17;40;50;43;4.00;1;1;1;40;0;6365043;121;6363443
11;19;78;17;40;51;86;4.00;2;1;1;49;0;6365186;225;0
11;19;78;17;40;51;90;4.20;4;2;1;55;0;6365190;349;0
11;19;78;17;40;52;13;3.80;1;1;1;42;0;6365213;134;6363443
11;19;78;17;40;54;8;3.60;3;2;1;54;0;6365408;894;0
11;19;78;17;40;53;77;3.80;2;1;1;51;0;6365377;161;0
11;19;78;17;40;53;68;3.60;1;1;1;42;0;6365368;122;6363443
11;19;78;17;40;55;23;3.40;3;2;1;54;0;6365523;91;6363443
11;19;78;17;40;55;24;4.00;2;1;1;50;0;6365524;120;6363443
11;19;78;17;40;56;48;3.80;1;1;1;44;0;6365648;249;0
11;19;78;17;40;57;36;3.40;2;1;1;49;0;6365736;183;0
11;19;78;17;40;58;86;3.40;1;1;1;42;0;6365886;206;0
11;19;78;17;41;0;57;3.40;1;1;1;46;0;6366057;141;0
11;19;78;17;41;4;91;4.00;2;1;1;61;0;6366491;730;0
11;19;78;17;41;5;35;3.60;4;2;1;68;0;6366535;1317;0
11;19;78;17;41;7;45;3.80;3;2;1;65;0;6366745;1199;0
11;19;78;17;41;9;85;3.40;4;2;1;57;0;6366985;430;0
11;19;78;17;41;11;24;4.00;3;2;1;59;0;6367124;357;0
11;19;78;17;41;13;77;3.80;4;2;1;62;0;6367377;370;0
11;19;78;17;41;14;99;3.80;3;2;1;61;0;6367499;350;0
11;19;78;17;41;16;81;3.80;3;2;1;58;0;6367681;159;0
11;19;78;17;41;17;44;3.80;1;1;1;50;0;6367744;1660;0
11;19;78;17;41;17;60;3.60;4;2;1;54;0;6367760;360;0
11;19;78;17;41;18;12;3.60;3;2;1;59;0;6367812;107;0
11;19;78;17;41;18;85;3.20;4;2;1;55;0;6367885;101;0
11;19;78;17;41;19;98;3.60;4;2;1;56;0;6367998;92;0
11;19;78;17;41;20;47;3.60;3;2;1;62;0;6368047;213;0
11;19;78;17;41;21;60;3.80;4;2;1;56;0;6368160;138;0
11;19;78;17;41;23;38;3.20;3;2;1;60;0;6368338;270;0
11;19;78;17;41;23;21;4.80;4;2;1;50;0;6368321;136;6367760
11;19;78;17;41;24;51;3.60;4;2;1;53;0;6368451;95;6367760
11;19;78;17;41;24;59;3.40;1;1;1;54;0;6368459;687;0
11;19;78;17;41;25;36;3.80;3;2;1;62;0;6368536;178;0
11;19;78;17;41;27;0;3.40;3;2;1;60;0;6368700;141;0
11;19;78;17;41;27;28;3.20;4;2;1;55;0;6368728;252;0
11;19;78;17;41;28;75;3.40;4;2;1;54;0;6368875;126;0
11;19;78;17;41;29;26;3.20;3;2;1;60;0;6368926;205;0
11;19;78;17;41;30;68;3.00;4;2;1;53;0;6369068;170;0
11;19;78;17;41;31;15;3.40;3;2;1;59;0;6369115;169;0
11;19;78;17;41;31;94;3.00;4;2;1;57;0;6369194;105;0
11;19;78;17;41;33;3;3.80;4;2;1;55;0;6369303;90;6368728
11;19;78;17;41;34;9;3.40;3;2;1;62;0;6369409;273;0
11;19;78;17;41;34;57;3.00;4;2;1;54;0;6369457;129;6368728
11;19;78;17;41;35;56;3.40;3;2;1;61;0;6369556;127;6368728
11;19;78;17;41;37;86;3.80;3;2;1;58;0;6369786;209;0
11;19;78;17;41;41;86;3.80;4;2;1;59;0;6370186;709;0
11;19;78;17;41;41;88;3.80;3;2;1;54;0;6370188;378;0
11;19;78;17;41;43;39;3.60;3;2;1;57;0;6370339;125;0
11;19;78;17;41;43;67;3.80;4;2;1;58;0;6370367;157;0
11;19;78;17;41;44;86;3.80;4;2;1;55;0;6370486;95;0
11;19;78;17;41;47;11;2.80;1;1;1;56;0;6370711;2229;0
11;19;78;17;41;47;22;3.60;4;2;1;54;0;6370722;211;0
11;19;78;17;41;48;77;3.40;1;1;1;57;0;6370877;148;0
11;19;78;17;41;53;54;3.40;1;1;1;57;0;6371354;455;0
11;19;78;17;41;53;74;3.80;2;1;1;58;0;6371374;4859;0
11;19;78;17;42;2;51;3.40;3;2;1;62;0;6372251;1889;0
11;19;78;17;42;5;29;3.40;2;1;1;55;0;6372529;1131;0
11;19;78;17;42;5;74;3.40;4;2;1;59;0;6372574;1828;0
11;19;78;17;42;5;90;3.60;1;1;1;56;0;6372590;1214;0
11;19;78;17;42;7;57;3.80;1;1;1;58;0;6372757;143;0
11;19;78;17;42;8;45;3.40;4;2;1;58;0;6372845;250;0
11;19;78;17;42;9;94;7.20;2;1;1;55;0;6372994;442;0
11;19;78;17;42;11;20;3.80;2;1;1;54;0;6373120;78;0
11;19;78;17;42;11;36;3.80;3;2;1;59;0;6373136;865;0
11;19;78;17;42;11;98;3.20;1;1;1;60;0;6373198;417;0
11;19;78;17;42;12;61;4.00;2;1;1;55;0;6373261;115;0
11;19;78;17;42;12;78;3.80;1;1;1;58;0;6373278;60;0
11;19;78;17;42;14;15;3.80;2;1;1;53;0;6373415;127;0
11;19;78;17;42;14;77;3.40;1;1;1;52;0;6373477;175;0
11;19;78;17;42;15;11;3.00;2;1;1;54;0;6373511;70;6372994
11;19;78;17;42;15;74;3.60;1;1;1;52;0;6373574;73;6372994
11;19;78;17;42;16;45;3.60;1;1;1;50;0;6373645;46;6373198
11;19;78;17;42;17;29;3.60;3;2;1;67;0;6373729;569;0
11;19;78;17;42;17;28;3.60;2;1;1;57;0;6373728;197;6372994
11;19;78;17;42;18;30;3.60;1;1;1;47;0;6373830;159;6373198
11;19;78;17;42;18;94;3.40;3;2;1;61;0;6373894;145;6373198
11;19;78;17;42;19;49;4.00;1;1;1;48;0;6373949;91;6373198
11;19;78;17;42;19;69;3.40;2;1;1;55;0;6373969;218;0
11;19;78;17;42;19;85;4.60;3;2;1;59;0;6373985;70;0
11;19;78;17;42;20;44;4.00;1;1;1;47;0;6374044;65;6373198
11;19;78;17;42;21;89;3.20;4;2;1;58;0;6374189;1322;0
11;19;78;17;42;22;32;4.00;1;1;1;47;0;6374232;157;6373198
11;19;78;17;42;23;68;3.20;4;2;1;61;0;6374368;159;6373198
11;19;78;17;42;24;27;3.20;1;1;1;45;0;6374427;164;6373198
11;19;78;17;42;25;38;3.60;4;2;1;63;0;6374538;151;6373198
11;19;78;17;42;26;61;3.40;1;1;1;44;0;6374661;208;0
11;19;78;17;42;27;1;3.80;4;2;1;58;0;6374701;142;0
11;19;78;17;42;27;68;4.40;2;1;1;53;0;6374768;776;0
11;19;78;17;42;28;4;12.00;1;1;7;44;0;6374804;115;0
11;19;78;17;42;28;90;3.60;2;1;1;53;0;6374890;92;0
11;19;78;17;42;29;63;3.80;3;2;1;58;0;6374963;949;0
11;19;78;17;42;29;89;3.40;2;1;1;53;0;6374989;74;0
11;19;78;17;42;30;9;3.60;1;1;1;45;0;6375009;106;0
11;19;78;17;42;31;0;3.80;4;2;1;52;0;6375100;375;0
11;19;78;17;42;31;28;3.60;3;2;1;61;0;6375128;141;0
11;19;78;17;42;31;62;13.40;2;1;4;49;0;6375162;149;0
11;19;78;17;42;32;54;3.60;3;2;1;54;0;6375254;104;0
11;19;78;17;42;33;59;3.40;2;1;1;47;0;6375359;98;6374768
11;19;78;17;42;34;47;3.80;1;1;1;44;0;6375447;409;0
11;19;78;17;42;34;84;3.40;2;1;1;48;0;6375484;98;6374768
11;19;78;17;42;34;77;14.40;4;2;4;56;0;6375477;350;0
11;19;78;17;42;36;67;3.80;2;1;1;46;0;6375667;157;6374768
11;19;78;17;42;38;8;3.60;1;1;1;45;0;6375808;329;0
11;19;78;17;42;38;21;3.80;2;1;1;45;0;6375821;124;6374768
11;19;78;17;42;39;11;3.20;2;1;1;44;0;6375911;59;6374768
11;19;78;17;42;39;67;3.80;1;1;1;45;0;6375967;130;6374768
11;19;78;17;42;40;54;3.80;3;2;1;61;0;6376054;776;0
11;19;78;17;42;40;49;3.40;2;1;1;42;0;6376049;111;6374768
11;19;78;17;42;41;8;3.40;1;1;1;44;0;6376108;110;6374768
11;19;78;17;42;42;37;3.40;1;1;1;45;0;6376237;101;6374768
11;19;78;17;42;42;75;3.60;2;1;1;45;0;6376275;196;6374768
11;19;78;17;42;43;86;3.60;1;1;1;41;0;6376386;121;6375808
11;19;78;17;42;44;51;3.40;2;1;1;46;0;6376451;147;6374768
11;19;78;17;42;45;71;3.00;2;1;1;43;0;6376571;93;6374768
11;19;78;17;42;47;15;3.00;2;1;1;44;0;6376715;118;6374768
11;19;78;17;42;47;88;3.80;1;1;1;44;0;6376788;370;0
11;19;78;17;42;49;21;3.60;2;1;1;45;0;6376921;181;6374768
11;19;78;17;42;49;45;3.40;1;1;1;44;0;6376945;125;6374768
11;19;78;17;42;51;47;3.40;3;2;1;57;0;6377147;1070;0
11;19;78;17;42;51;44;3.60;1;1;1;44;0;6377144;171;0
11;19;78;17;42;51;68;3.40;2;1;1;45;0;6377168;218;0
11;19;78;17;42;53;5;3.60;2;1;1;45;0;6377305;109;0
11;19;78;17;42;53;17;3.20;1;1;1;44;0;6377317;143;0
11;19;78;17;42;54;42;5.60;1;1;1;43;0;6377442;98;6376788
11;19;78;17;42;56;6;3.60;1;1;1;43;0;6377606;117;6376788
11;19;78;17;42;58;36;3.60;3;2;1;54;0;6377836;667;0
11;19;78;17;42;59;46;3.80;3;2;1;55;0;6377946;86;0
11;19;78;17;42;59;69;3.40;4;2;1;63;0;6377969;2399;0
11;19;78;17;43;1;54;3.40;4;2;1;59;0;6378154;165;0
11;19;78;17;43;2;4;3.60;3;2;1;62;0;6378204;233;0
11;19;78;17;43;1;92;3.60;1;1;1;37;0;6378192;555;0
11;19;78;17;43;2;20;3.20;2;1;1;49;0;6378220;886;0
11;19;78;17;43;3;4;3.80;4;2;1;59;0;6378304;129;0
11;19;78;17;43;3;66;3.60;3;2;1;61;0;6378366;141;0
11;19;78;17;43;3;64;3.40;2;1;1;46;0;6378364;120;0
11;19;78;17;43;3;55;3.40;1;1;1;37;0;6378355;127;0
11;19;78;17;43;4;68;3.20;3;2;1;61;0;6378468;80;0
11;19;78;17;43;4;80;3.60;4;2;1;58;0;6378480;152;0
11;19;78;17;43;5;18;3.40;2;1;1;47;0;6378518;127;0
11;19;78;17;43;5;81;3.40;1;1;1;36;0;6378581;192;0
11;19;78;17;43;6;36;3.00;4;2;1;55;0;6378636;133;6377969
11;19;78;17;43;6;73;3.80;3;2;1;61;0;6378673;186;6377969
11;19;78;17;43;7;22;3.60;4;2;1;56;0;6378722;66;6377969
11;19;78;17;43;7;47;3.20;1;1;1;36;0;6378747;132;6377969
11;19;78;17;43;8;5;3.80;3;2;1;61;0;6378805;109;6378204
11;19;78;17;43;8;91;3.60;1;1;1;36;0;6378891;112;6378192
11;19;78;17;43;10;24;4.00;3;2;1;57;0;6379024;196;6378204
11;19;78;17;43;10;28;3.60;1;1;1;36;0;6379028;101;6378192
11;19;78;17;43;10;12;11.20;4;2;3;55;0;6379012;266;0
11;19;78;17;43;11;82;3.60;3;2;1;55;0;6379182;132;6378204
11;19;78;17;43;11;94;4.20;1;1;1;36;0;6379194;130;6378192
11;19;78;17;43;12;67;3.40;4;2;1;53;0;6379267;181;6378192
11;19;78;17;43;13;88;3.40;3;2;1;55;0;6379388;182;6378204
11;19;78;17;43;15;29;3.80;3;2;1;55;0;6379529;118;6378204
11;19;78;17;43;16;54;3.60;3;2;1;56;0;6379654;100;6378204
11;19;78;17;43;17;40;3.00;3;2;1;57;0;6379740;62;6378204
11;19;78;17;43;17;21;14.20;4;2;3;56;0;6379721;430;0
11;19;78;17;43;18;70;3.80;3;2;1;57;0;6379870;111;6378204
11;19;78;17;43;19;50;5.00;4;2;1;53;0;6379950;137;6378204
11;19;78;17;43;19;90;4.40;3;2;1;58;0;6379990;96;6378204
11;19;78;17;43;23;87;4.60;4;2;1;51;0;6380387;403;0
11;19;78;17;43;24;56;4.00;3;2;1;55;0;6380456;438;0
11;19;78;17;43;25;78;3.80;4;2;1;51;0;6380578;158;0
11;19;78;17;43;26;37;3.20;3;2;1;55;0;6380637;154;0
11;19;78;17;43;27;70;3.40;4;2;1;52;0;6380770;165;0
11;19;78;17;43;28;30;5.20;3;2;1;59;0;6380830;172;0
11;19;78;17;43;29;5;3.40;4;2;1;49;0;6380905;111;0
11;19;78;17;43;31;31;3.60;3;2;1;54;0;6381131;269;0
11;19;78;17;43;31;48;3.60;4;2;1;43;0;6381148;218;0
11;19;78;17;43;32;59;3.60;3;2;1;55;0;6381259;104;0
11;19;78;17;43;33;17;3.60;4;2;1;42;0;6381317;138;0
11;19;78;17;43;33;92;4.00;1;1;1;55;0;6381392;2156;0
11;19;78;17;43;34;82;3.80;4;2;1;44;0;6381482;134;0
11;19;78;17;43;35;67;3.60;3;2;1;53;0;6381567;284;0
11;19;78;17;43;36;38;3.60;4;2;1;43;0;6381638;124;0
11;19;78;17;43;38;11;3.20;4;2;1;44;0;6381811;142;6381148
11;19;78;17;43;38;35;3.60;3;2;1;57;0;6381835;243;0
11;19;78;17;43;40;36;3.20;4;2;1;42;0;6382036;198;6381148
11;19;78;17;43;41;55;3.80;2;1;1;56;0;6382155;3610;0
11;19;78;17;43;42;10;3.60;4;2;1;42;0;6382210;146;6381148
11;19;78;17;43;43;17;4.00;3;2;1;66;0;6382317;459;0
11;19;78;17;43;45;28;3.20;1;1;1;58;0;6382528;1109;0
11;19;78;17;43;46;59;3.40;3;2;1;62;0;6382659;320;0
11;19;78;17;43;47;31;3.20;2;1;1;57;0;6382731;551;0
11;19;78;17;43;47;42;3.80;1;1;1;59;0;6382742;194;0
11;19;78;17;43;48;50;3.60;2;1;1;60;0;6382850;98;0
11;19;78;17;43;48;56;3.80;3;2;1;55;0;6382856;177;0
11;19;78;17;43;50;5;3.60;3;2;1;53;0;6383005;124;0
11;19;78;17;43;51;1;3.80;4;2;1;55;0;6383101;860;0
11;19;78;17;43;51;4;4.00;1;1;1;59;0;6383104;338;0
11;19;78;17;43;51;14;3.40;2;1;1;57;0;6383114;242;0
11;19;78;17;43;52;73;4.40;2;1;1;55;0;6383273;137;0
11;19;78;17;43;53;60;3.60;1;1;1;54;0;6383360;231;0
11;19;78;17;43;54;26;3.40;2;1;1;54;0;6383426;124;0
11;19;78;17;43;55;39;3.00;2;1;1;53;0;6383539;90;0
11;19;78;17;43;55;88;3.20;1;1;1;56;0;6383588;204;0
11;19;78;17;43;56;76;3.20;1;1;1;56;0;6383676;67;0
11;19;78;17;43;56;97;3.00;2;1;1;55;0;6383697;137;6383114
11;19;78;17;43;57;68;3.60;2;1;1;54;0;6383768;51;6383114
11;19;78;17;43;58;87;3.40;2;1;1;53;0;6383887;95;6383114
11;19;78;17;44;0;67;3.60;1;1;1;56;0;6384067;370;0
11;19;78;17;44;2;20;3.40;4;2;1;59;0;6384220;1094;0
11;19;78;17;44;2;28;3.60;3;2;1;59;0;6384228;1198;0
11;19;78;17;44;2;59;3.80;1;1;1;55;0;6384259;168;0
11;19;78;17;44;3;55;3.40;3;2;1;57;0;6384355;105;0
11;19;78;17;44;3;68;5.00;4;2;1;56;0;6384368;127;0
11;19;78;17;44;3;86;3.80;1;1;1;53;0;6384386;102;0
11;19;78;17;44;5;0;3.60;2;1;1;51;0;6384500;589;0
11;19;78;17;44;5;47;3.60;4;2;1;57;0;6384547;146;0
11;19;78;17;44;5;61;3.40;1;1;1;51;0;6384561;149;0
11;19;78;17;44;6;39;3.40;2;1;1;51;0;6384639;113;0
11;19;78;17;44;7;49;3.60;1;1;1;50;0;6384749;164;6384067
11;19;78;17;44;7;76;3.40;4;2;1;57;0;6384776;206;0
11;19;78;17;44;7;84;3.60;2;1;1;55;0;6384784;121;0
11;19;78;17;44;8;28;4.00;1;1;1;49;0;6384828;53;6384067
11;19;78;17;44;9;14;3.60;2;1;1;53;0;6384914;106;6384067
11;19;78;17;44;10;15;3.20;1;1;1;51;0;6385015;157;6384067
11;19;78;17;44;10;58;3.60;2;1;1;51;0;6385058;119;6384500
11;19;78;17;44;10;43;11.60;4;2;3;56;0;6385043;245;0
11;19;78;17;44;11;21;3.80;1;1;1;51;0;6385121;83;6384067
11;19;78;17;44;11;80;3.40;2;1;1;52;0;6385180;96;6384500
11;19;78;17;44;13;17;3.80;1;1;1;52;0;6385317;169;6384067
11;19;78;17;44;14;17;4.00;2;1;1;53;0;6385417;213;0
11;19;78;17;44;15;2;3.60;1;1;1;53;0;6385502;158;6384067
11;19;78;17;44;16;83;3.40;3;2;1;63;0;6385683;1306;0
11;19;78;17;44;17;40;4.20;2;1;1;52;0;6385740;295;0
11;19;78;17;44;17;59;3.60;1;1;1;51;0;6385759;232;0
11;19;78;17;44;18;88;3.40;1;1;1;49;0;6385888;103;0
11;19;78;17;44;19;1;3.20;4;2;1;56;0;6385901;783;0
11;19;78;17;44;18;94;4.80;2;1;1;52;0;6385894;124;0
11;19;78;17;44;19;98;3.20;3;2;1;59;0;6385998;295;0
11;19;78;17;44;20;33;4.00;2;1;1;49;0;6386033;105;0
11;19;78;17;44;20;33;3.40;1;1;1;46;0;6386033;120;0
11;19;78;17;44;21;45;3.60;3;2;1;57;0;6386145;127;0
11;19;78;17;44;21;49;3.60;1;1;1;45;0;6386149;89;0
11;19;78;17;44;22;0;3.00;2;1;1;48;0;6386200;137;0
11;19;78;17;44;23;13;3.20;2;1;1;46;0;6386313;90;6385740
11;19;78;17;44;23;21;3.60;1;1;1;46;0;6386321;143;6385759
11;19;78;17;44;23;90;3.60;3;2;1;71;0;6386390;222;0
11;19;78;17;44;24;51;3.60;4;2;1;57;0;6386451;529;0
11;19;78;17;44;25;88;3.80;3;2;1;66;0;6386588;179;0
11;19;78;17;44;26;26;3.40;4;2;1;60;0;6386626;152;0
11;19;78;17;44;26;71;3.80;1;1;1;43;0;6386671;321;0
11;19;78;17;44;27;74;4.00;3;2;1;64;0;6386774;165;0
11;19;78;17;44;28;84;3.80;1;1;1;45;0;6386884;181;0
11;19;78;17;44;30;20;3.80;2;1;1;56;0;6387020;681;0
11;19;78;17;44;30;63;4.00;3;2;1;60;0;6387063;266;0
11;19;78;17;44;31;31;4.00;1;1;1;44;0;6387131;216;0
11;19;78;17;44;33;12;3.40;4;2;1;61;0;6387312;665;0
11;19;78;17;44;33;48;3.60;3;2;1;62;0;6387348;261;0
11;19;78;17;44;34;80;3.60;3;2;1;58;0;6387480;111;0
11;19;78;17;44;35;46;3.40;4;2;1;55;0;6387546;213;0
11;19;78;17;44;35;94;3.60;1;1;1;49;0;6387594;430;0
11;19;78;17;44;37;0;3.40;4;2;1;53;0;6387700;131;0
11;19;78;17;44;38;5;3.00;2;1;1;59;0;6387805;760;0
11;19;78;17;44;38;49;3.60;3;2;1;70;0;6387849;346;0
11;19;78;17;44;38;89;3.80;4;2;1;56;0;6387889;165;0
11;19;78;17;44;39;71;3.60;1;1;1;49;0;6387971;350;0
11;19;78;17;44;39;87;3.60;3;2;1;63;0;6387987;119;0
11;19;78;17;44;40;65;3.80;1;1;1;47;0;6388065;67;0
11;19;78;17;44;40;96;3.60;4;2;1;57;0;6388096;182;0
11;19;78;17;44;40;98;5.00;2;1;1;56;0;6388098;274;0
11;19;78;17;44;42;11;3.20;4;2;1;53;0;6388211;92;6387546
11;19;78;17;44;43;14;4.00;3;2;1;61;0;6388314;306;0
11;19;78;17;44;43;40;3.60;4;2;1;51;0;6388340;107;6387546
11;19;78;17;44;43;41;3.80;1;1;1;49;0;6388341;246;0
11;19;78;17;44;44;60;3.20;4;2;1;51;0;6388460;94;6387546
11;19;78;17;44;45;61;4.00;4;2;1;51;0;6388561;78;6387546
11;19;78;17;44;46;42;3.60;3;2;1;60;0;6388642;304;0
11;19;78;17;44;46;89;3.00;2;1;1;53;0;6388689;558;0
11;19;78;17;44;48;57;3.40;3;2;1;57;0;6388857;193;0
11;19;78;17;44;49;68;3.60;4;2;1;57;0;6388968;378;0
11;19;78;17;44;49;93;14.40;1;1;4;57;0;6388993;624;0
11;19;78;17;44;51;41;3.40;4;2;1;58;0;6389141;150;0
11;19;78;17;44;52;33;3.40;4;2;1;59;0;6389233;70;0
11;19;78;17;44;54;63;3.60;3;2;1;61;0;6389463;584;0
11;19;78;17;44;55;85;3.80;3;2;1;60;0;6389585;100;0
11;19;78;17;44;56;31;4.40;4;2;1;57;0;6389631;377;0
11;19;78;17;44;57;6;4.40;3;2;1;59;0;6389706;98;0
11;19;78;17;44;58;46;3.60;4;2;1;55;0;6389846;187;0
11;19;78;17;44;58;55;3.80;3;2;1;58;0;6389855;122;0
11;19;78;17;45;0;75;3.00;1;1;1;55;0;6390075;991;0
11;19;78;17;45;1;12;3.20;4;2;1;55;0;6390112;242;0
11;19;78;17;45;2;97;3.80;3;2;1;57;0;6390297;418;0
11;19;78;17;45;3;16;3.60;4;2;1;54;0;6390316;183;0
11;19;78;17;45;6;1;3.40;4;2;1;52;0;6390601;261;0
11;19;78;17;45;7;29;3.80;4;2;1;52;0;6390729;104;0
11;19;78;17;45;8;66;3.60;4;2;1;52;0;6390866;110;0
11;19;78;17;45;10;85;3.40;4;2;1;50;0;6391085;194;0
11;19;78;17;45;13;19;3.00;4;2;1;50;0;6391319;209;0
11;19;78;17;45;16;48;4.00;3;2;1;65;0;6391648;1327;0
11;19;78;17;45;17;12;3.80;1;1;1;57;0;6391712;1617;0
11;19;78;17;45;26;30;3.60;4;2;1;55;0;6392630;1289;0
11;19;78;17;45;27;75;3.40;4;2;1;57;0;6392775;121;0
11;19;78;17;45;33;63;3.80;3;2;1;54;0;6393363;1692;0
11;19;78;17;45;35;9;3.60;4;2;1;62;0;6393509;712;0
11;19;78;17;45;35;21;3.40;1;1;1;55;0;6393521;1785;0
11;19;78;17;45;36;10;3.60;3;2;1;54;0;6393610;221;0
11;19;78;17;45;38;17;3.60;4;2;1;59;0;6393817;287;0
11;19;78;17;45;40;22;3.60;4;2;1;59;0;6394022;183;0
11;19;78;17;45;40;38;3.20;3;2;1;62;0;6394038;404;0
11;19;78;17;45;43;2;3.40;3;2;1;58;0;6394302;245;0
11;19;78;17;45;43;38;11.20;1;1;3;49;0;6394338;794;0
11;19;78;17;45;45;52;3.40;1;1;1;47;0;6394552;131;0
11;19;78;17;45;49;78;3.60;4;2;1;57;0;6394978;934;0
11;19;78;17;45;51;77;3.60;2;1;1;56;0;6395177;6467;0
11;19;78;17;45;53;26;3.60;2;1;1;59;0;6395326;125;0
11;19;78;17;45;54;81;3.40;2;1;1;58;0;6395481;133;0
11;19;78;17;45;56;91;3.80;2;1;1;58;0;6395691;188;0
11;19;78;17;45;57;80;3.40;2;1;1;59;0;6395780;65;6395177
11;19;78;17;45;58;92;3.80;2;1;1;58;0;6395892;91;6395177
11;19;78;17;45;59;10;3.20;4;2;1;60;0;6395910;909;0
11;19;78;17;46;0;70;3.40;4;2;1;58;0;6396070;140;0
11;19;78;17;46;0;76;3.80;2;1;1;53;0;6396076;160;6395177
11;19;78;17;46;2;38;4.20;2;1;1;56;0;6396238;136;6395177
11;19;78;17;46;5;11;3.40;2;1;1;57;0;6396511;246;0
11;19;78;17;46;5;60;3.80;4;2;1;69;0;6396560;468;0
11;19;78;17;46;5;51;6.40;1;1;2;37;0;6396551;1972;0
11;19;78;17;46;5;99;3.80;2;1;1;56;0;6396599;66;0
11;19;78;17;46;7;7;3.60;2;1;1;55;0;6396707;83;0
11;19;78;17;46;7;19;6.40;1;1;1;37;0;6396719;105;0
11;19;78;17;46;8;61;4.00;2;1;1;55;0;6396861;130;0
11;19;78;17;46;9;56;3.60;1;1;1;38;0;6396956;174;0
11;19;78;17;46;11;10;3.20;1;1;1;37;0;6397110;119;0
11;19;78;17;46;11;77;3.60;2;1;1;50;0;6397177;289;0
11;19;78;17;46;12;88;3.60;1;1;1;37;0;6397288;146;6396551
11;19;78;17;46;13;85;4.00;2;1;1;49;0;6397385;182;6396551
11;19;78;17;46;14;60;3.60;1;1;1;37;0;6397460;136;6396551
11;19;78;17;46;15;27;3.40;4;2;1;58;0;6397527;947;0
11;19;78;17;46;15;27;4.00;2;1;1;49;0;6397527;112;0
11;19;78;17;46;16;50;5.00;2;1;1;46;0;6397650;93;0
11;19;78;17;46;16;87;3.20;4;2;1;58;0;6397687;138;0
11;19;78;17;46;16;58;3.40;1;1;1;38;0;6397658;162;6396551
11;19;78;17;46;18;4;3.80;3;2;1;56;0;6397804;3480;0
11;19;78;17;46;18;10;3.60;2;1;1;46;0;6397810;120;6397177
11;19;78;17;46;18;76;3.60;4;2;1;57;0;6397876;169;6397177
11;19;78;17;46;18;62;3.60;1;1;1;40;0;6397862;171;6396551
11;19;78;17;46;19;32;3.60;3;2;1;57;0;6397932;103;6396551
11;19;78;17;46;19;81;3.00;4;2;1;57;0;6397981;82;6396551
11;19;78;17;46;19;83;4.20;2;1;1;43;0;6397983;144;6397177
11;19;78;17;46;20;62;5.20;3;2;1;57;0;6398062;107;6397177
11;19;78;17;46;20;96;4.80;2;1;1;40;0;6398096;77;6397177
11;19;78;17;46;21;7;3.60;1;1;1;36;0;6398107;212;0
11;19;78;17;46;21;98;4.40;4;2;1;56;0;6398198;198;6397527
11;19;78;17;46;22;31;3.60;1;1;1;36;0;6398231;88;6397527
11;19;78;17;46;22;56;3.80;2;1;1;39;0;6398256;116;6397177
11;19;78;17;46;23;73;3.60;3;2;1;57;0;6398373;278;0
11;19;78;17;46;23;64;3.80;2;1;1;36;0;6398364;72;6397177
11;19;78;17;46;24;1;3.60;4;2;1;56;0;6398401;174;6397527
11;19;78;17;46;25;14;3.20;3;2;1;55;0;6398514;118;6397527
11;19;78;17;46;23;84;12.60;1;1;3;34;0;6398384;117;6397527
11;19;78;17;46;24;96;3.40;2;1;1;37;0;6398496;94;6397177
11;19;78;17;46;25;42;3.80;4;2;1;54;0;6398542;117;6397527
11;19;78;17;46;26;54;3.40;4;2;1;54;0;6398654;86;6397527
11;19;78;17;46;26;51;4.60;3;2;1;56;0;6398651;116;6397527
11;19;78;17;46;26;58;4.60;2;1;1;39;0;6398658;128;6397177
11;19;78;17;46;26;79;3.20;1;1;1;32;0;6398679;161;6397177
11;19;78;17;46;27;67;3.60;4;2;1;58;0;6398767;90;6397527
11;19;78;17;46;27;57;3.60;2;1;1;39;0;6398757;56;6397177
11;19;78;17;46;27;85;3.60;3;2;1;58;0;6398785;104;6397177
11;19;78;17;46;28;97;4.40;3;2;1;58;0;6398897;89;6398373
11;19;78;17;46;28;67;3.40;1;1;1;33;0;6398867;152;6398107
11;19;78;17;46;28;96;3.20;2;1;1;41;0;6398896;105;6397177
11;19;78;17;46;29;44;3.80;4;2;1;59;0;6398944;154;6397527
11;19;78;17;46;30;22;3.60;2;1;1;38;0;6399022;97;6397177
11;19;78;17;46;30;73;3.60;3;2;1;59;0;6399073;148;6398373
11;19;78;17;46;30;40;3.80;1;1;1;31;0;6399040;135;6398107
11;19;78;17;46;31;64;3.80;4;2;1;57;0;6399164;196;6397527
11;19;78;17;46;32;15;3.60;2;1;1;37;0;6399215;158;6397177
11;19;78;17;46;32;92;3.80;4;2;1;57;0;6399292;104;6397527
11;19;78;17;46;33;11;3.60;3;2;1;59;0;6399311;216;0
11;19;78;17;46;32;72;3.60;1;1;1;29;0;6399272;187;6398107
11;19;78;17;46;33;69;4.60;2;1;1;38;0;6399369;118;6397177
11;19;78;17;46;34;15;4.40;4;2;1;55;0;6399415;99;6397527
11;19;78;17;46;34;28;4.00;3;2;1;59;0;6399428;95;6397527
11;19;78;17;46;34;79;3.60;1;1;1;27;0;6399479;162;6398107
11;19;78;17;46;35;56;3.40;3;2;1;56;0;6399556;103;6398107
11;19;78;17;46;36;14;3.40;1;1;1;26;0;6399614;87;6398107
11;19;78;17;46;37;18;3.80;4;2;1;57;0;6399718;274;0
11;19;78;17;46;37;19;3.40;3;2;1;55;0;6399719;141;0
11;19;78;17;46;39;2;3.60;3;2;1;51;0;6399902;160;6399311
11;19;78;17;46;38;48;3.40;1;1;1;27;0;6399848;186;6398107
11;19;78;17;46;39;29;3.40;4;2;1;55;0;6399929;187;6398107
11;19;78;17;46;40;53;4.00;4;2;1;52;0;6400053;101;6398107
11;19;78;17;46;41;62;3.60;3;2;1;52;0;6400162;234;0
11;19;78;17;46;41;35;3.40;1;1;1;31;0;6400135;241;0
11;19;78;17;46;42;39;3.20;4;2;1;49;0;6400239;158;0
11;19;78;17;46;42;55;4.00;2;1;1;46;0;6400255;842;0
11;19;78;17;46;43;19;3.60;1;1;1;30;0;6400319;144;0
11;19;78;17;46;43;81;3.00;3;2;1;51;0;6400381;194;0
11;19;78;17;46;44;30;3.40;2;1;1;49;0;6400430;143;0
11;19;78;17;46;45;64;3.60;3;2;1;47;0;6400564;161;0
11;19;78;17;46;45;94;6.60;4;2;2;48;0;6400594;331;0
11;19;78;17;46;46;61;4.20;3;2;1;46;0;6400661;69;0
11;19;78;17;46;46;96;3.20;1;1;1;34;0;6400696;333;0
11;19;78;17;46;47;50;3.40;4;2;1;47;0;6400750;106;0
11;19;78;17;46;47;62;3.80;3;2;1;46;0;6400762;68;6400162
11;19;78;17;46;47;99;3.60;2;1;1;33;0;6400799;344;0
11;19;78;17;46;48;87;4.00;1;1;1;35;0;6400887;157;0
11;19;78;17;46;49;24;3.60;4;2;1;48;0;6400924;147;0
11;19;78;17;46;49;30;3.80;3;2;1;47;0;6400930;138;6400162
11;19;78;17;46;50;66;4.00;2;1;1;35;0;6401066;227;0
11;19;78;17;46;51;31;3.80;4;2;1;48;0;6401131;180;0
11;19;78;17;46;51;73;4.20;1;1;1;35;0;6401173;244;0
11;19;78;17;46;52;76;3.80;3;2;1;50;0;6401276;316;0
11;19;78;17;46;54;33;3.60;4;2;1;45;0;6401433;273;0
11;19;78;17;46;55;6;3.40;1;1;1;35;0;6401506;289;0
11;19;78;17;46;56;13;3.40;4;2;1;42;0;6401613;151;0
11;19;78;17;46;57;58;3.60;2;1;1;43;0;6401758;650;0
11;19;78;17;46;58;20;3.40;1;1;1;37;0;6401820;279;0
11;19;78;17;46;59;27;3.60;2;1;1;49;0;6401927;138;0
11;19;78;17;46;59;72;3.80;1;1;1;37;0;6401972;118;0
11;19;78;17;47;1;74;3.40;1;1;1;40;0;6402174;165;0
11;19;78;17;47;4;48;3.60;1;1;1;39;0;6402448;243;0
11;19;78;17;47;6;52;3.40;2;1;1;44;0;6402652;698;0
11;19;78;17;47;7;16;3.60;1;1;1;40;0;6402716;234;0
11;19;78;17;47;7;64;3.40;4;2;1;54;0;6402764;1121;0
11;19;78;17;47;8;65;3.60;4;2;1;54;0;6402865;78;0
11;19;78;17;47;9;60;3.80;1;1;1;43;0;6402960;211;0
11;19;78;17;47;12;65;3.60;3;2;1;58;0;6403265;1961;0
11;19;78;17;47;18;13;3.60;3;2;1;61;0;6403813;525;0
11;19;78;17;47;20;31;3.20;3;2;1;56;0;6404031;196;0
11;19;78;17;47;20;47;3.80;1;1;1;57;0;6404047;1055;0
11;19;78;17;47;22;55;3.60;3;2;1;52;0;6404255;203;0
11;19;78;17;47;24;52;3.60;3;2;1;50;0;6404452;172;0
11;19;78;17;47;25;5;3.40;4;2;1;46;0;6404505;1616;0
11;19;78;17;47;25;96;3.20;3;2;1;51;0;6404596;118;0
11;19;78;17;47;27;3;3.40;3;2;1;53;0;6404703;84;0
11;19;78;17;47;26;95;3.60;4;2;1;45;0;6404695;163;0
11;19;78;17;47;28;74;3.20;4;2;1;43;0;6404874;150;0
11;19;78;17;47;30;26;4.20;4;2;1;43;0;6405026;125;0
11;19;78;17;47;31;61;3.80;4;2;1;42;0;6405161;99;6404505
11;19;78;17;47;33;57;3.60;4;2;1;42;0;6405357;163;6404505
11;19;78;17;47;34;73;4.60;3;2;1;59;0;6405473;746;0
11;19;78;17;47;35;63;4.60;1;1;1;57;0;6405563;1492;0
11;19;78;17;47;36;5;3.60;4;2;1;40;0;6405605;217;0
11;19;78;17;47;39;8;3.80;1;1;1;60;0;6405908;315;0
11;19;78;17;47;41;3;2.80;4;2;1;59;0;6406103;465;0
11;19;78;17;47;41;71;3.40;1;1;1;52;0;6406171;240;0
11;19;78;17;47;42;11;4.40;4;2;1;59;0;6406211;90;0
11;19;78;17;47;43;76;3.60;1;1;1;53;0;6406376;181;0
11;19;78;17;47;45;46;4.00;1;1;1;60;0;6406546;145;0
11;19;78;17;47;46;9;3.80;2;1;1;62;0;6406609;3929;0
11;19;78;17;47;49;13;4.20;3;2;1;64;0;6406913;1411;0
11;19;78;17;47;49;26;3.80;4;2;1;50;0;6406926;688;0
11;19;78;17;47;50;28;4.00;2;1;1;59;0;6407028;396;0
11;19;78;17;47;50;78;3.60;3;2;1;60;0;6407078;141;0
11;19;78;17;47;51;27;3.60;1;1;1;56;0;6407127;557;0
11;19;78;17;47;53;13;3.80;3;2;1;57;0;6407313;213;0
11;19;78;17;47;53;22;4.00;1;1;1;52;0;6407322;171;0
11;19;78;17;47;54;39;3.60;4;2;1;52;0;6407439;485;0
11;19;78;17;47;54;88;3.60;2;1;1;54;0;6407488;435;0
11;19;78;17;47;55;67;3.00;4;2;1;51;0;6407567;103;0
11;19;78;17;47;55;89;4.00;1;1;1;54;0;6407589;239;0
11;19;78;17;47;57;6;3.80;4;2;1;50;0;6407706;117;0
11;19;78;17;47;57;52;3.80;1;1;1;51;0;6407752;136;0
11;19;78;17;47;57;92;3.80;2;1;1;58;0;6407792;280;0
11;19;78;17;47;58;70;3.80;4;2;1;47;0;6407870;136;0
11;19;78;17;47;59;18;4.00;2;1;1;57;0;6407918;102;0
11;19;78;17;47;59;38;3.20;1;1;1;52;0;6407938;159;0
11;19;78;17;47;59;79;4.00;3;2;1;59;0;6407979;642;0
11;19;78;17;48;0;8;4.00;1;1;1;51;0;6408008;47;0
11;19;78;17;48;1;10;3.40;3;2;1;56;0;6408110;106;0
11;19;78;17;48;1;12;3.80;1;1;1;51;0;6408112;75;6407589
11;19;78;17;48;1;24;4.40;4;2;1;47;0;6408124;224;0
11;19;78;17;48;1;38;3.60;2;1;1;54;0;6408138;194;0
11;19;78;17;48;2;9;3.60;3;2;1;53;0;6408209;77;0
11;19;78;17;48;2;67;3.40;1;1;1;52;0;6408267;128;6407589
11;19;78;17;48;4;15;3.40;2;1;1;55;0;6408415;253;0
11;19;78;17;48;4;4;3.40;1;1;1;51;0;6408404;113;6407589
11;19;78;17;48;4;26;3.60;3;2;1;52;0;6408426;192;6407589
11;19;78;17;48;3;81;14.00;4;2;4;49;0;6408381;223;0
11;19;78;17;48;5;28;3.60;3;2;1;49;0;6408528;77;6407979
11;19;78;17;48;5;45;3.60;2;1;1;52;0;6408545;107;6407979
11;19;78;17;48;5;99;3.40;1;1;1;50;0;6408599;171;6407589
11;19;78;17;48;6;61;4.20;2;1;1;49;0;6408661;91;6407589
11;19;78;17;48;6;89;3.80;3;2;1;50;0;6408689;134;6407979
11;19;78;17;48;7;36;3.80;4;2;1;48;0;6408736;252;0
11;19;78;17;48;7;45;3.80;1;1;1;51;0;6408745;121;6407589
11;19;78;17;48;7;87;3.80;2;1;1;49;0;6408787;95;6407589
11;19;78;17;48;8;6;3.80;3;2;1;50;0;6408806;89;6407979
11;19;78;17;48;8;85;3.40;4;2;1;48;0;6408885;120;6407979
11;19;78;17;48;9;15;3.60;2;1;1;52;0;6408915;100;6408415
11;19;78;17;48;9;26;3.60;3;2;1;47;0;6408926;92;6407979
11;19;78;17;48;9;71;3.60;1;1;1;50;0;6408971;199;6407589
11;19;78;17;48;10;6;4.00;4;2;1;46;0;6409006;95;6407589
11;19;78;17;48;10;64;3.80;3;2;1;50;0;6409064;110;6407979
11;19;78;17;48;10;87;3.60;2;1;1;51;0;6409087;147;6408415
11;19;78;17;48;11;10;4.40;4;2;1;49;0;6409110;72;6408415
11;19;78;17;48;12;8;3.00;2;1;1;51;0;6409208;95;6408415
11;19;78;17;48;12;16;3.80;1;1;1;50;0;6409216;219;0
11;19;78;17;48;13;41;3.80;2;1;1;51;0;6409341;111;6408415
11;19;78;17;48;14;7;3.60;1;1;1;50;0;6409407;163;6408415
11;19;78;17;48;14;46;3.60;2;1;1;51;0;6409446;78;6408415
11;19;78;17;48;15;65;3.60;4;2;1;50;0;6409565;422;0
11;19;78;17;48;16;35;3.40;2;1;1;47;0;6409635;163;6408415
11;19;78;17;48;16;87;3.60;1;1;1;47;0;6409687;254;0
11;19;78;17;48;17;16;3.60;3;2;1;63;0;6409716;624;0
11;19;78;17;48;17;70;3.80;4;2;1;51;0;6409770;179;0
11;19;78;17;48;17;80;3.20;2;1;1;49;0;6409780;118;6408415
11;19;78;17;48;18;62;3.80;2;1;1;49;0;6409862;58;6408415
11;19;78;17;48;18;84;4.00;3;2;1;61;0;6409884;147;6408415
11;19;78;17;48;19;55;4.20;4;2;1;53;0;6409955;158;6408415
11;19;78;17;48;20;43;3.20;3;2;1;59;0;6410043;135;6408415
11;19;78;17;48;20;80;3.80;4;2;1;49;0;6410080;96;6408415
11;19;78;17;48;20;74;5.40;1;1;1;51;0;6410074;359;0
11;19;78;17;48;21;92;3.60;1;1;1;50;0;6410192;79;0
11;19;78;17;48;22;66;3.80;2;1;1;55;0;6410266;376;0
11;19;78;17;48;22;60;4.00;4;2;1;51;0;6410260;152;6409565
11;19;78;17;48;23;31;4.00;1;1;1;51;0;6410331;113;6409565
11;19;78;17;48;24;37;3.40;1;1;1;48;0;6410437;77;6409565
11;19;78;17;48;26;35;3.60;1;1;1;49;0;6410635;172;6410074
11;19;78;17;48;26;74;3.80;2;1;1;54;0;6410674;383;0
11;19;78;17;48;28;17;3.40;2;1;1;56;0;6410817;117;0
11;19;78;17;48;28;48;3.00;1;1;1;46;0;6410848;186;6410074
11;19;78;17;48;29;23;3.00;2;1;1;55;0;6410923;84;6410074
11;19;78;17;48;29;83;3.60;1;1;1;44;0;6410983;111;6410074
11;19;78;17;48;31;27;3.60;2;1;1;54;0;6411127;184;6410074
11;19;78;17;48;32;41;7.20;1;1;1;45;0;6411241;228;0
11;19;78;17;48;34;15;3.40;1;1;1;49;0;6411415;116;0
11;19;78;17;48;35;29;3.80;1;1;1;45;0;6411529;89;0
11;19;78;17;48;36;82;3.80;1;1;1;41;0;6411682;122;0
11;19;78;17;48;38;31;4.00;1;1;1;42;0;6411831;115;6411241
11;19;78;17;48;39;71;3.40;1;1;1;41;0;6411971;105;6411241
11;19;78;17;48;40;80;3.80;2;1;1;56;0;6412080;929;0
11;19;78;17;48;41;58;3.20;1;1;1;39;0;6412158;157;6411241
11;19;78;17;48;42;27;3.80;2;1;1;57;0;6412227;122;6411241
11;19;78;17;48;42;93;4.00;4;2;1;61;0;6412293;2004;0
11;19;78;17;48;42;83;3.80;1;1;1;37;0;6412283;95;6411241
11;19;78;17;48;43;55;3.60;3;2;1;65;0;6412355;2292;0
11;19;78;17;48;44;46;3.60;1;1;1;37;0;6412446;126;6411241
11;19;78;17;48;45;73;3.80;1;1;1;40;0;6412573;91;6411241
11;19;78;17;48;46;15;3.60;4;2;1;64;0;6412615;298;0
11;19;78;17;48;47;40;3.80;2;1;1;58;0;6412740;489;0
11;19;78;17;48;47;24;3.40;1;1;1;39;0;6412724;116;6411241
11;19;78;17;48;49;22;3.60;1;1;1;39;0;6412922;166;6411241
11;19;78;17;48;51;47;3.60;1;1;1;41;0;6413147;191;6411241
11;19;78;17;48;53;34;4.00;1;1;1;40;0;6413334;155;6411241
11;19;78;17;48;56;42;4.00;4;2;1;60;0;6413642;1006;0
11;19;78;17;48;56;75;3.60;1;1;1;54;0;6413675;305;0
11;19;78;17;48;57;88;3.80;4;2;1;60;0;6413788;122;0
11;19;78;17;49;4;10;3.40;4;2;1;58;0;6414410;599;0
11;19;78;17;49;6;57;3.60;4;2;1;55;0;6414657;225;0
11;19;78;17;49;8;99;3.40;4;2;1;54;0;6414899;218;0
11;19;78;17;49;10;28;3.40;4;2;1;53;0;6415028;106;0
11;19;78;17;49;14;97;3.60;4;2;1;59;0;6415497;445;0
11;19;78;17;49;18;45;3.60;4;2;1;57;0;6415845;326;0
11;19;78;17;49;28;34;3.20;4;2;1;66;0;6416834;966;0
11;19;78;17;49;31;29;3.20;3;2;1;68;0;6417129;4754;0
11;19;78;17;49;32;93;3.80;3;2;1;65;0;6417293;147;0
11;19;78;17;49;33;43;3.40;4;2;1;56;0;6417343;491;0
11;19;78;17;49;34;6;4.00;3;2;1;56;0;6417406;91;0
11;19;78;17;49;35;6;3.80;3;2;1;54;0;6417506;74;0
11;19;78;17;49;38;41;3.20;3;2;1;59;0;6417841;309;0
11;19;78;17;49;40;6;3.60;3;2;1;58;0;6418006;145;0
11;19;78;17;49;41;31;3.60;3;2;1;57;0;6418131;102;0
11;19;78;17;49;41;25;3.40;4;2;1;51;0;6418125;760;0
11;19;78;17;49;42;8;4.40;4;2;1;50;0;6418208;59;0
11;19;78;17;49;42;38;4.00;3;2;1;60;0;6418238;84;0
11;19;78;17;49;44;39;3.20;4;2;1;50;0;6418439;199;0
11;19;78;17;49;44;57;3.60;3;2;1;61;0;6418457;195;6417841
11;19;78;17;49;45;23;3.20;2;1;1;57;0;6418523;5759;0
11;19;78;17;49;45;49;3.20;4;2;1;49;0;6418549;86;0
11;19;78;17;49;45;74;3.00;3;2;1;61;0;6418574;95;6417841
11;19;78;17;49;46;62;3.60;4;2;1;48;0;6418662;89;6418125
11;19;78;17;49;47;25;2.80;2;1;1;56;0;6418725;181;6418125
11;19;78;17;49;47;65;3.80;1;1;1;55;0;6418765;5066;0
11;19;78;17;49;48;57;7.20;4;2;1;49;0;6418857;168;6418125
11;19;78;17;49;49;10;3.60;3;2;1;57;0;6418910;318;0
11;19;78;17;49;50;45;3.80;3;2;1;58;0;6419045;112;0
11;19;78;17;49;50;49;4.00;2;1;1;54;0;6419049;306;0
11;19;78;17;49;50;65;3.60;4;2;1;48;0;6419065;155;6418125
11;19;78;17;49;50;79;3.60;1;1;1;49;0;6419079;289;0
11;19;78;17;49;51;92;3.40;2;1;1;54;0;6419192;116;0
11;19;78;17;49;52;7;3.80;1;1;1;51;0;6419207;101;0
11;19;78;17;49;52;40;3.20;4;2;1;47;0;6419240;148;6418125
11;19;78;17;49;53;36;3.80;2;1;1;53;0;6419336;121;6418125
11;19;78;17;49;54;8;3.80;4;2;1;46;0;6419408;143;6418125
11;19;78;17;49;54;31;3.60;2;1;1;51;0;6419431;69;6418125
11;19;78;17;49;55;31;4.00;2;1;1;48;0;6419531;74;6419049
11;19;78;17;49;55;44;3.60;4;2;1;46;0;6419544;106;6418125
11;19;78;17;49;55;90;3.60;1;1;1;54;0;6419590;356;0
11;19;78;17;49;56;25;3.00;3;2;1;55;0;6419625;556;0
11;19;78;17;49;57;76;3.40;2;1;1;51;0;6419776;215;0
11;19;78;17;49;57;66;3.80;4;2;1;46;0;6419766;193;6418125
11;19;78;17;49;57;92;3.80;3;2;1;55;0;6419792;147;6418125
11;19;78;17;49;58;34;3.60;1;1;1;47;0;6419834;220;0
11;19;78;17;49;58;62;3.60;4;2;1;46;0;6419862;66;6418125
11;19;78;17;49;58;83;3.40;2;1;1;49;0;6419883;83;6418125
11;19;78;17;49;59;23;3.20;3;2;1;58;0;6419923;106;6418125
11;19;78;17;49;59;79;3.60;4;2;1;46;0;6419979;88;6418125
11;19;78;17;49;59;68;3.60;2;1;1;47;0;6419968;60;6418125
11;19;78;17;49;59;67;2.20;1;1;0;46;1;6419967;105;6418125
11;19;78;17;50;1;13;3.40;4;2;1;46;0;6420113;105;6418125
11;19;78;17;50;1;30;3.20;3;2;1;53;0;6420130;187;6418125
11;19;78;17;50;1;74;3.60;1;1;1;47;0;6420174;312;0
11;19;78;17;50;1;96;4.00;2;1;1;54;0;6420196;200;0
11;19;78;17;50;2;71;3.40;3;2;1;52;0;6420271;119;6419625
11;19;78;17;50;3;19;3.80;1;1;1;46;0;6420319;117;6419625
11;19;78;17;50;3;19;3.60;4;2;1;42;0;6420319;179;6418125
11;19;78;17;50;3;60;3.80;2;1;1;53;0;6420360;137;6418125
11;19;78;17;50;4;48;3.60;1;1;1;45;0;6420448;99;6418125
11;19;78;17;50;4;77;3.40;3;2;1;51;0;6420477;182;6419625
11;19;78;17;50;4;96;3.80;4;2;1;43;0;6420496;146;6418125
11;19;78;17;50;6;8;3.60;1;1;1;46;0;6420608;131;6418125
11;19;78;17;50;6;76;3.00;4;2;1;45;0;6420676;148;6418125
11;19;78;17;50;8;39;3.40;1;1;1;44;0;6420839;202;0
11;19;78;17;50;8;76;3.20;2;1;1;51;0;6420876;490;0
11;19;78;17;50;9;73;3.60;1;1;1;44;0;6420973;106;0
11;19;78;17;50;10;87;5.00;1;1;1;43;0;6421087;84;0
11;19;78;17;50;11;10;3.60;2;1;1;54;0;6421110;211;0
11;19;78;17;50;12;21;3.60;1;1;1;42;0;6421221;92;0
11;19;78;17;50;13;72;3.80;2;1;1;48;0;6421372;238;0
11;19;78;17;50;14;14;3.20;1;1;1;44;0;6421414;162;6420839
11;19;78;17;50;17;35;3.00;1;1;1;44;0;6421735;294;0
11;19;78;17;50;18;39;3.60;1;1;1;44;0;6421839;79;0
11;19;78;17;50;20;43;4.80;2;1;1;47;0;6422043;642;0
11;19;78;17;50;22;68;3.60;1;1;1;49;0;6422268;399;0
11;19;78;17;50;23;13;4.20;2;1;1;50;0;6422313;233;0
11;19;78;17;50;24;36;3.60;2;1;1;50;0;6422436;92;0
11;19;78;17;50;24;99;3.20;1;1;1;47;0;6422499;204;0
11;19;78;17;50;26;3;3.60;2;1;1;54;0;6422603;141;0
11;19;78;17;50;26;74;4.20;1;1;1;45;0;6422674;150;0
11;19;78;17;50;28;22;3.60;2;1;1;50;0;6422822;195;0
11;19;78;17;50;28;50;3.60;1;1;1;47;0;6422850;142;0
11;19;78;17;50;29;47;3.40;4;2;1;60;0;6422947;2247;0
11;19;78;17;50;30;17;3.80;2;1;1;56;0;6423017;169;6422313
11;19;78;17;50;30;40;12.20;1;1;3;51;0;6423040;162;6422313
11;19;78;17;50;31;49;3.60;2;1;1;56;0;6423149;107;6422313
11;19;78;17;50;32;44;3.60;1;1;1;51;0;6423244;117;6422499
11;19;78;17;50;34;1;3.80;2;1;1;62;0;6423401;228;0
11;19;78;17;50;34;37;3.60;3;2;1;61;0;6423437;2936;0
11;19;78;17;50;34;53;3.00;4;2;1;57;0;6423453;485;0
11;19;78;17;50;35;40;3.60;1;1;1;48;0;6423540;270;0
11;19;78;17;50;36;32;3.60;2;1;1;58;0;6423632;208;0
11;19;78;17;50;37;65;3.60;1;1;1;46;0;6423765;198;0
11;19;78;17;50;37;84;6.00;4;2;1;56;0;6423784;312;0
11;19;78;17;50;39;61;3.20;2;1;1;56;0;6423961;306;0
11;19;78;17;50;39;62;4.00;4;2;1;53;0;6423962;139;0
11;19;78;17;50;39;76;3.40;1;1;1;45;0;6423976;182;0
11;19;78;17;50;39;88;3.80;3;2;1;58;0;6423988;529;0
11;19;78;17;50;41;35;3.40;3;2;1;57;0;6424135;123;0
11;19;78;17;50;41;43;3.40;1;1;1;45;0;6424143;139;0
11;19;78;17;50;42;42;3.40;1;1;1;45;0;6424242;71;6423540
11;19;78;17;50;43;32;4.00;2;1;1;53;0;6424332;350;0
11;19;78;17;50;44;25;3.60;1;1;1;46;0;6424425;155;6423540
11;19;78;17;50;45;68;3.60;1;1;1;46;0;6424568;114;6423540
11;19;78;17;50;46;70;11.60;4;2;3;55;0;6424670;680;0
11;19;78;17;50;49;2;3.40;3;2;1;69;0;6424902;745;0
11;19;78;17;50;49;11;14.60;1;1;4;55;0;6424911;314;0
11;19;78;17;50;52;61;5.00;1;1;1;53;0;6425261;254;0
11;19;78;17;50;54;87;3.20;3;2;1;57;0;6425487;567;0
11;19;78;17;50;58;26;3.60;4;2;1;62;0;6425826;1080;0
11;19;78;17;50;59;81;3.20;1;1;1;59;0;6425981;686;0
11;19;78;17;51;0;98;3.80;4;2;1;65;0;6426098;251;0
11;19;78;17;51;7;2;3.60;3;2;1;64;0;6426702;1194;0
11;19;78;17;51;11;1;3.20;4;2;1;56;0;6427101;981;0
11;19;78;17;51;11;88;4.40;3;2;1;61;0;6427188;465;0
11;19;78;17;51;12;68;3.80;4;2;1;56;0;6427268;146;0
11;19;78;17;51;14;51;3.80;2;1;1;54;0;6427451;3091;0
11;19;78;17;51;15;14;3.80;4;2;1;58;0;6427514;221;0
11;19;78;17;51;16;23;4.00;3;2;1;61;0;6427623;409;0
11;19;78;17;51;16;29;3.40;4;2;1;56;0;6427629;91;0
11;19;78;17;51;17;40;3.80;3;2;1;60;0;6427740;93;0
11;19;78;17;51;17;66;3.40;2;1;1;60;0;6427766;289;0
11;19;78;17;51;18;73;4.00;1;1;1;58;0;6427873;1872;0
11;19;78;17;51;19;35;3.60;3;2;1;58;0;6427935;172;0
11;19;78;17;51;20;8;3.00;4;2;1;60;0;6428008;357;0
11;19;78;17;51;22;4;3.40;4;2;1;56;0;6428204;178;0
11;19;78;17;51;22;60;3.60;1;1;1;64;0;6428260;362;0
11;19;78;17;51;23;36;4.40;2;1;1;60;0;6428336;549;0
11;19;78;17;51;24;54;4.00;2;1;1;58;0;6428454;91;0
11;19;78;17;51;24;65;4.20;4;2;1;56;0;6428465;239;0
11;19;78;17;51;25;41;10.40;3;2;2;64;0;6428541;583;0
11;19;78;17;51;26;10;3.20;4;2;1;58;0;6428610;118;0
11;19;78;17;51;25;92;13.00;1;1;7;60;0;6428592;311;0
11;19;78;17;51;26;86;4.00;3;2;1;62;0;6428686;86;0
11;19;78;17;51;27;25;3.60;4;2;1;54;0;6428725;95;0
11;19;78;17;51;27;77;3.80;3;2;1;61;0;6428777;67;0
11;19;78;17;51;28;19;3.40;2;1;1;59;0;6428819;340;0
11;19;78;17;51;28;79;3.20;4;2;1;58;0;6428879;130;0
11;19;78;17;51;29;43;3.80;3;2;1;58;0;6428943;143;0
11;19;78;17;51;29;56;3.00;2;1;1;61;0;6428956;116;0
11;19;78;17;51;30;28;5.40;1;1;1;62;0;6429028;358;0
11;19;78;17;51;31;15;3.60;4;2;1;58;0;6429115;216;0
11;19;78;17;51;31;48;3.40;3;2;1;59;0;6429148;181;6428541
11;19;78;17;51;31;82;3.80;2;1;1;58;0;6429182;208;0
11;19;78;17;51;33;65;3.40;3;2;1;58;0;6429365;196;6428541
11;19;78;17;51;34;17;3.80;1;1;1;61;0;6429417;357;0
11;19;78;17;51;34;63;3.80;2;1;1;58;0;6429463;257;0
11;19;78;17;51;35;49;3.60;4;2;1;58;0;6429549;411;0
11;19;78;17;51;36;62;4.00;1;1;1;53;0;6429662;222;0
11;19;78;17;51;36;90;3.20;3;2;1;59;0;6429690;303;0
11;19;78;17;51;37;71;3.60;4;2;1;60;0;6429771;199;0
11;19;78;17;51;37;75;3.60;2;1;1;56;0;6429775;288;0
11;19;78;17;51;38;6;3.20;3;2;1;60;0;6429806;96;0
11;19;78;17;51;38;59;3.60;1;1;1;54;0;6429859;169;0
11;19;78;17;51;39;22;3.60;2;1;1;54;0;6429922;123;0
11;19;78;17;51;39;69;3.80;1;1;1;53;0;6429969;86;0
11;19;78;17;51;39;80;3.60;3;2;1;58;0;6429980;154;0
11;19;78;17;51;40;34;3.80;2;1;1;56;0;6430034;88;0
11;19;78;17;51;40;91;4.00;3;2;1;61;0;6430091;88;0
11;19;78;17;51;41;86;3.80;1;1;1;52;0;6430186;191;0
11;19;78;17;51;42;38;4.00;3;2;1;61;0;6430238;123;6429690
11;19;78;17;51;42;82;4.60;4;2;1;55;0;6430282;489;0
11;19;78;17;51;43;21;4.60;1;1;1;52;0;6430321;108;6429662
11;19;78;17;51;44;51;3.20;3;2;1;56;0;6430451;189;6429690
11;19;78;17;51;44;60;3.60;1;1;1;50;0;6430460;107;6429662
11;19;78;17;51;44;73;3.60;2;1;1;51;0;6430473;414;0
11;19;78;17;51;45;94;3.40;1;1;1;51;0;6430594;108;6429662
11;19;78;17;51;46;22;3.60;2;1;1;49;0;6430622;123;6429662
11;19;78;17;51;46;34;3.40;3;2;1;54;0;6430634;162;6429690
11;19;78;17;51;47;40;3.60;2;1;1;49;0;6430740;91;6429690
11;19;78;17;51;47;77;4.00;1;1;1;50;0;6430777;159;6429662
11;19;78;17;51;49;85;4.00;1;1;1;48;0;6430985;179;6429662
11;19;78;17;51;50;39;3.40;2;1;1;50;0;6431039;272;0
11;19;78;17;51;51;63;3.60;2;1;1;49;0;6431163;99;0
11;19;78;17;51;53;97;3.00;1;1;1;50;0;6431397;382;0
11;19;78;17;51;54;45;3.40;2;1;1;43;0;6431445;255;0
11;19;78;17;51;57;1;3.60;1;1;1;53;0;6431701;282;0
11;19;78;17;51;59;57;3.60;2;1;1;56;0;6431957;483;0
11;19;78;17;51;59;92;3.80;4;2;1;59;0;6431992;1679;0
11;19;78;17;52;0;89;3.60;1;1;1;60;0;6432089;363;0
11;19;78;17;52;0;84;4.00;2;1;1;54;0;6432084;103;0
11;19;78;17;52;1;33;3.80;3;2;1;78;0;6432133;1476;0
11;19;78;17;52;2;49;3.80;1;1;1;57;0;6432249;138;0
11;19;78;17;52;3;8;3.80;4;2;1;60;0;6432308;292;0
11;19;78;17;52;4;87;3.40;1;1;1;56;0;6432487;214;0
11;19;78;17;52;6;56;4.20;1;1;1;56;0;6432656;147;0
11;19;78;17;52;10;27;4.00;2;1;1;61;0;6433027;916;0
11;19;78;17;52;10;37;3.80;1;1;1;55;0;6433037;354;0
11;19;78;17;52;13;27;3.60;1;1;1;53;0;6433327;265;0
11;19;78;17;52;14;34;3.40;2;1;1;58;0;6433434;383;0
11;19;78;17;52;14;55;4.00;1;1;1;52;0;6433455;103;0
11;19;78;17;52;15;1;5.00;4;2;1;68;0;6433501;1170;0
11;19;78;17;52;16;81;4.00;2;1;1;58;0;6433681;225;0
11;19;78;17;52;18;4;3.80;3;2;1;63;0;6433804;1653;0
11;19;78;17;52;19;51;3.60;3;2;1;65;0;6433951;125;0
11;19;78;17;52;19;95;3.60;2;1;1;63;0;6433995;289;0
11;19;78;17;52;20;78;3.20;1;1;1;55;0;6434078;595;0
11;19;78;17;52;21;26;3.80;3;2;1;61;0;6434126;155;0
11;19;78;17;52;22;71;3.80;4;2;1;58;0;6434271;743;0
11;19;78;17;52;24;69;3.40;4;2;1;57;0;6434469;174;0
11;19;78;17;52;27;2;3.60;4;2;1;58;0;6434702;211;0
11;19;78;17;52;30;96;3.40;4;2;1;53;0;6435096;371;0
11;19;78;17;52;32;33;3.60;4;2;1;53;0;6435233;113;0
11;19;78;17;52;34;86;3.60;4;2;1;55;0;6435486;228;0
11;19;78;17;52;36;22;5.20;4;2;1;52;0;6435622;112;0
11;19;78;17;52;39;80;3.60;1;1;1;55;0;6435980;1881;0
11;19;78;17;52;44;38;3.80;4;2;1;51;0;6436438;780;0
11;19;78;17;52;45;19;3.60;3;2;1;68;0;6436519;2370;0
11;19;78;17;52;45;25;3.20;4;2;1;51;0;6436525;60;0
11;19;78;17;52;47;66;3.80;4;2;1;54;0;6436766;218;0
11;19;78;17;52;47;91;3.00;3;2;1;62;0;6436791;252;0
11;19;78;17;52;49;4;3.60;3;2;1;63;0;6436904;95;0
11;19;78;17;52;51;84;3.60;4;2;1;65;0;6437184;392;0
11;19;78;17;52;52;60;3.60;3;2;1;92;0;6437260;335;0
11;19;78;17;52;53;92;3.40;4;2;1;60;0;6437392;188;0
11;19;78;17;52;55;39;3.00;3;2;1;61;0;6437539;264;0
11;19;78;17;52;57;58;3.40;4;2;1;55;0;6437758;345;0
11;19;78;17;52;58;96;4.20;3;2;1;55;0;6437896;339;0
11;19;78;17;52;59;12;3.80;1;1;1;55;0;6437912;1908;0
11;19;78;17;53;0;24;3.80;3;2;1;52;0;6438024;100;0
11;19;78;17;53;0;95;14.20;4;2;4;57;0;6438095;314;0
11;19;78;17;53;3;1;4.60;4;2;1;51;0;6438301;116;0
11;19;78;17;53;3;20;3.40;3;2;1;53;0;6438320;269;0
11;19;78;17;53;4;55;3.00;3;2;1;52;0;6438455;111;0
11;19;78;17;53;5;66;4.40;3;2;1;52;0;6438566;90;0
11;19;78;17;53;5;85;3.60;4;2;1;53;0;6438585;251;0
11;19;78;17;53;7;37;3.80;3;2;1;52;0;6438737;140;0
11;19;78;17;53;7;58;3.20;4;2;1;53;0;6438758;148;0
11;19;78;17;53;8;29;3.60;2;1;1;58;0;6438829;4813;0
11;19;78;17;53;8;95;3.60;3;2;1;53;0;6438895;131;6438320
11;19;78;17;53;11;36;3.60;3;2;1;55;0;6439136;216;0
11;19;78;17;53;12;17;3.20;2;1;1;56;0;6439217;365;0
11;19;78;17;53;12;7;8.20;4;2;2;53;0;6439207;427;0
11;19;78;17;53;13;23;3.40;3;2;1;53;0;6439323;163;0
11;19;78;17;53;13;61;3.40;4;2;1;53;0;6439361;98;0
11;19;78;17;53;14;95;3.60;3;2;1;55;0;6439495;148;0
11;19;78;17;53;15;21;3.60;4;2;1;54;0;6439521;136;0
11;19;78;17;53;16;16;3.20;3;2;1;57;0;6439616;97;0
11;19;78;17;53;16;61;3.20;4;2;1;54;0;6439661;116;0
11;19;78;17;53;18;86;3.20;3;2;1;51;0;6439886;249;0
11;19;78;17;53;20;67;3.80;2;1;1;62;0;6440067;829;0
11;19;78;17;53;22;26;3.60;1;1;1;61;0;6440226;2289;0
11;19;78;17;53;25;1;3.40;1;1;1;65;0;6440501;253;0
11;19;78;17;53;26;20;3.60;2;1;1;54;0;6440620;530;0
11;19;78;17;53;27;9;3.80;1;1;1;59;0;6440709;189;0
11;19;78;17;53;27;16;3.60;2;1;1;55;0;6440716;72;0
11;19;78;17;53;28;51;3.80;2;1;1;55;0;6440851;111;0
11;19;78;17;53;30;91;4.20;1;1;1;57;0;6441091;358;0
11;19;78;17;53;31;39;3.80;2;1;1;55;0;6441139;263;0
11;19;78;17;53;32;57;3.20;1;1;1;57;0;6441257;139;0
11;19;78;17;53;32;55;3.60;2;1;1;54;0;6441255;91;0
11;19;78;17;53;33;50;4.00;1;1;1;55;0;6441350;72;0
11;19;78;17;53;34;56;3.00;2;1;1;60;0;6441456;177;0
11;19;78;17;53;34;83;3.00;1;1;1;53;0;6441483;106;0
11;19;78;17;53;35;72;3.60;2;1;1;63;0;6441572;98;0
11;19;78;17;53;36;41;3.60;1;1;1;52;0;6441641;137;6441091
11;19;78;17;53;37;12;3.60;2;1;1;60;0;6441712;119;6441139
11;19;78;17;53;38;13;3.60;2;1;1;60;0;6441813;79;6441139
11;19;78;17;53;38;10;5.00;1;1;1;50;0;6441810;144;6441091
11;19;78;17;53;42;76;3.60;3;2;1;69;0;6442276;2367;0
11;19;78;17;53;43;5;12.60;1;1;3;44;0;6442305;459;0
11;19;78;17;53;44;16;4.00;2;1;1;58;0;6442416;581;0
11;19;78;17;53;44;21;4.00;4;2;1;54;0;6442421;2738;0
11;19;78;17;53;45;46;3.60;2;1;1;58;0;6442546;105;0
11;19;78;17;53;45;70;4.20;3;2;1;58;0;6442570;275;0
11;19;78;17;53;46;21;3.40;1;1;1;45;0;6442621;212;0
11;19;78;17;53;46;90;3.60;3;2;1;62;0;6442690;93;0
11;19;78;17;53;47;50;4.40;2;1;1;56;0;6442750;181;0
11;19;78;17;53;47;91;3.60;1;1;1;44;0;6442791;142;0
11;19;78;17;53;49;5;3.60;1;1;1;44;0;6442905;84;0
11;19;78;17;53;51;1;3.40;1;1;1;44;0;6443101;166;0
11;19;78;17;53;51;79;3.80;4;2;1;59;0;6443179;731;0
11;19;78;17;53;52;87;3.20;1;1;1;43;0;6443287;158;6442621
11;19;78;17;53;53;61;3.80;3;2;1;74;0;6443361;650;0
11;19;78;17;53;54;31;3.40;4;2;1;65;0;6443431;228;0
11;19;78;17;53;54;65;3.60;1;1;1;42;0;6443465;151;6442621
11;19;78;17;53;55;41;3.60;2;1;1;54;0;6443541;762;0
11;19;78;17;53;55;94;3.80;1;1;1;43;0;6443594;98;6442621
11;19;78;17;53;56;77;3.80;4;2;1;65;0;6443677;227;0
11;19;78;17;53;56;81;3.60;1;1;1;43;0;6443681;55;6442621
11;19;78;17;53;57;88;3.40;2;1;1;59;0;6443788;223;0
11;19;78;17;53;58;79;3.40;1;1;1;44;0;6443879;167;6442621
11;19;78;17;54;1;51;6.40;1;1;1;47;0;6444151;244;0
11;19;78;17;54;1;82;3.60;3;2;1;57;0;6444182;802;0
11;19;78;17;54;2;92;4.20;3;2;1;59;0;6444292;87;0
11;19;78;17;54;3;8;3.40;4;2;1;58;0;6444308;609;0
11;19;78;17;54;4;31;4.20;2;1;1;55;0;6444431;622;0
11;19;78;17;54;4;49;3.40;3;2;1;55;0;6444449;131;0
11;19;78;17;54;4;46;3.00;1;1;1;44;0;6444446;245;0
11;19;78;17;54;4;70;3.20;4;2;1;53;0;6444470;140;0
11;19;78;17;54;5;5;3.60;2;1;1;56;0;6444505;46;0
11;19;78;17;54;5;80;3.80;3;2;1;56;0;6444580;108;0
11;19;78;17;54;6;7;3.80;4;2;1;51;0;6444607;115;0
11;19;78;17;54;6;46;3.20;1;1;1;51;0;6444646;175;0
11;19;78;17;54;8;86;5.20;1;1;1;56;0;6444886;217;0
11;19;78;17;54;9;50;3.20;2;1;1;54;0;6444950;421;0
11;19;78;17;54;11;91;3.60;1;1;1;56;0;6445191;271;0
11;19;78;17;54;14;65;3.80;1;1;1;56;0;6445465;250;0
11;19;78;17;54;15;23;4.60;2;1;1;64;0;6445523;551;0
11;19;78;17;54;17;31;5.40;1;1;1;56;0;6445731;241;0
11;19;78;17;54;18;89;3.60;1;1;1;56;0;6445889;123;0
11;19;78;17;54;20;11;3.80;1;1;1;53;0;6446011;98;0
11;19;78;17;54;21;99;4.00;1;1;1;49;0;6446199;162;0
11;19;78;17;54;24;91;3.20;1;1;1;49;0;6446491;262;0
11;19;78;17;54;26;17;3.40;1;1;1;49;0;6446617;102;0
11;19;78;17;54;27;32;3.80;4;2;1;58;0;6446732;2098;0
11;19;78;17;54;29;76;3.60;4;2;1;58;0;6446976;220;0
11;19;78;17;54;31;37;3.80;3;2;1;62;0;6447137;2532;0
11;19;78;17;54;35;7;3.60;4;2;1;59;0;6447507;508;0
11;19;78;17;54;35;99;3.60;3;2;1;67;0;6447599;439;0
11;19;78;17;54;37;35;4.00;3;2;1;66;0;6447735;116;0
11;19;78;17;54;38;39;3.00;3;2;1;63;0;6447839;82;0
11;19;78;17;54;37;82;11.40;4;2;3;51;0;6447782;253;0
11;19;78;17;54;39;65;4.00;4;2;1;50;0;6447965;102;0
11;19;78;17;54;39;93;4.60;3;2;1;62;0;6447993;136;0
11;19;78;17;54;41;27;4.00;3;2;1;58;0;6448127;107;6447599
11;19;78;17;54;42;12;3.80;4;2;1;48;0;6448212;218;0
11;19;78;17;54;43;27;3.80;3;2;1;62;0;6448327;175;6447599
11;19;78;17;54;43;31;3.00;4;2;1;49;0;6448331;90;6447599
11;19;78;17;54;45;95;6.40;4;2;1;45;0;6448595;241;0
11;19;78;17;54;47;15;3.40;3;2;1;63;0;6448715;365;0
11;19;78;17;54;47;75;3.60;4;2;1;45;0;6448775;128;0
11;19;78;17;54;48;46;4.60;3;2;1;60;0;6448846;111;0
11;19;78;17;54;51;47;3.80;3;2;1;58;0;6449147;273;0
11;19;78;17;54;51;52;12.60;4;2;3;48;0;6449152;348;0
11;19;78;17;54;53;12;4.00;3;2;1;58;0;6449312;141;0
11;19;78;17;54;53;91;3.00;4;2;1;48;0;6449391;144;0
11;19;78;17;54;53;85;6.60;1;1;1;60;0;6449385;2743;0
11;19;78;17;54;55;18;4.00;3;2;1;54;0;6449518;181;0
11;19;78;17;54;55;95;3.80;4;2;1;48;0;6449595;181;0
11;19;78;17;54;57;58;3.20;3;2;1;53;0;6449758;213;0
11;19;78;17;54;57;76;3.80;1;1;1;58;0;6449776;351;0
11;19;78;17;54;57;85;4.00;4;2;1;47;0;6449785;161;0
11;19;78;17;54;58;80;3.40;3;2;1;54;0;6449880;100;0
11;19;78;17;54;59;55;3.00;4;2;1;47;0;6449955;139;6449152
11;19;78;17;55;0;65;3.40;4;2;1;47;0;6450065;87;6449152
11;19;78;17;55;1;19;3.20;3;2;1;53;0;6450119;216;0
11;19;78;17;55;2;19;3.80;4;2;1;47;0;6450219;127;6449152
11;19;78;17;55;2;31;3.20;1;1;1;57;0;6450231;431;0
11;19;78;17;55;3;21;3.20;3;2;1;53;0;6450321;180;0
11;19;78;17;55;3;89;3.40;4;2;1;47;0;6450389;140;6449152
11;19;78;17;55;4;34;4.20;3;2;1;53;0;6450434;91;6449152
11;19;78;17;55;4;65;3.40;1;1;1;59;0;6450465;213;0
11;19;78;17;55;7;71;5.00;4;2;1;47;0;6450771;355;0
11;19;78;17;55;8;61;3.60;3;2;1;64;0;6450861;398;0
11;19;78;17;55;9;18;3.20;4;2;1;47;0;6450918;108;0
11;19;78;17;55;9;64;3.80;2;1;1;67;0;6450964;5415;0
11;19;78;17;55;11;61;3.20;4;2;1;47;0;6451161;218;0
11;19;78;17;55;11;77;3.60;1;1;1;56;0;6451177;691;0
11;19;78;17;55;11;72;3.80;2;1;1;53;0;6451172;187;0
11;19;78;17;55;13;35;3.60;2;1;1;55;0;6451335;137;0
11;19;78;17;55;14;21;3.40;2;1;1;52;0;6451421;62;0
11;19;78;17;55;15;20;3.20;1;1;1;57;0;6451520;319;0
11;19;78;17;55;17;24;3.60;4;2;1;60;0;6451724;538;0
11;19;78;17;55;19;11;5.20;1;1;1;56;0;6451911;370;0
11;19;78;17;55;19;66;3.00;2;1;1;53;0;6451966;521;0
11;19;78;17;55;22;18;3.00;1;1;1;52;0;6452218;273;0
11;19;78;17;55;23;10;3.40;2;1;1;52;0;6452310;323;0
11;19;78;17;55;24;22;3.60;1;1;1;52;0;6452422;183;0
11;19;78;17;55;24;69;3.80;2;1;1;57;0;6452469;135;0
11;19;78;17;55;25;53;4.00;1;1;1;51;0;6452553;106;0
11;19;78;17;55;26;36;3.60;2;1;1;59;0;6452636;143;0
11;19;78;17;55;27;45;4.00;1;1;1;51;0;6452745;163;0
11;19;78;17;55;28;12;3.00;2;1;1;60;0;6452812;154;0
11;19;78;17;55;28;45;3.80;1;1;1;52;0;6452845;71;6452218
11;19;78;17;55;29;65;3.60;4;2;1;58;0;6452965;1219;0
11;19;78;17;55;30;27;3.40;3;2;1;53;0;6453027;2145;0
11;19;78;17;55;31;69;3.60;1;1;1;50;0;6453169;297;0
11;19;78;17;55;32;88;4.00;2;1;1;51;0;6453288;458;0
11;19;78;17;55;33;22;3.60;1;1;1;49;0;6453322;127;0
11;19;78;17;55;34;79;3.80;1;1;1;49;0;6453479;130;0
11;19;78;17;55;35;81;3.60;2;1;1;52;0;6453581;264;0
11;19;78;17;55;36;10;3.80;1;1;1;49;0;6453610;103;0
11;19;78;17;55;36;36;3.40;3;2;1;59;0;6453636;585;0
11;19;78;17;55;37;29;3.60;1;1;1;49;0;6453729;91;6453169
11;19;78;17;55;37;61;3.20;2;1;1;58;0;6453761;155;6453169
11;19;78;17;55;38;20;3.40;4;2;1;58;0;6453820;832;0
11;19;78;17;55;38;40;3.80;3;2;1;62;0;6453840;183;0
11;19;78;17;55;39;36;3.40;2;1;1;52;0;6453936;155;0
11;19;78;17;55;40;1;3.40;1;1;1;52;0;6454001;245;0
11;19;78;17;55;40;16;3.60;4;2;1;61;0;6454016;174;0
11;19;78;17;55;40;90;3.40;2;1;1;49;0;6454090;130;0
11;19;78;17;55;41;59;3.00;3;2;1;58;0;6454159;296;0
11;19;78;17;55;41;81;3.80;4;2;1;63;0;6454181;143;0
11;19;78;17;55;42;19;3.60;1;1;1;56;0;6454219;194;0
11;19;78;17;55;42;53;3.60;2;1;1;47;0;6454253;138;6453581
11;19;78;17;55;44;49;3.60;1;1;1;55;0;6454449;206;0
11;19;78;17;55;46;14;4.00;1;1;1;54;0;6454614;141;0
11;19;78;17;55;46;40;3.60;3;2;1;64;0;6454640;462;0
11;19;78;17;55;48;80;3.80;3;2;1;56;0;6454880;219;0
11;19;78;17;55;49;7;3.80;4;2;1;55;0;6454907;704;0
11;19;78;17;55;51;6;3.20;4;2;1;50;0;6455106;174;0
11;19;78;17;55;51;97;3.40;1;1;1;54;0;6455197;556;0
11;19;78;17;55;53;60;3.60;4;2;1;49;0;6455360;230;0
11;19;78;17;55;54;55;3.00;1;1;1;57;0;6455455;235;0
11;19;78;17;55;56;55;3.40;1;1;1;52;0;6455655;181;0
11;19;78;17;55;58;47;3.00;2;1;1;59;0;6455847;1566;0
11;19;78;17;55;58;70;3.80;1;1;1;48;0;6455870;191;0
11;19;78;17;56;0;16;3.00;1;1;1;47;0;6456016;117;0
11;19;78;17;56;1;25;3.20;2;1;1;62;0;6456125;259;0
11;19;78;17;56;1;66;4.60;1;1;1;48;0;6456166;127;6455455
11;19;78;17;56;3;78;3.60;2;1;1;57;0;6456378;234;0
11;19;78;17;56;4;8;3.20;1;1;1;47;0;6456408;207;0
11;19;78;17;56;5;55;3.40;4;2;1;68;0;6456555;1168;0
11;19;78;17;56;5;54;3.40;2;1;1;54;0;6456554;153;0
11;19;78;17;56;5;60;3.20;1;1;1;53;0;6456560;127;0
11;19;78;17;56;6;79;3.40;3;2;1;65;0;6456679;1774;0
11;19;78;17;56;7;11;2.40;4;2;1;63;0;6456711;138;0
11;19;78;17;56;7;59;4.20;1;1;1;52;0;6456759;177;0
11;19;78;17;56;8;38;3.60;2;1;1;52;0;6456838;261;0
11;19;78;17;56;10;78;3.60;1;1;1;51;0;6457078;289;0
11;19;78;17;56;11;50;3.20;4;2;1;58;0;6457150;425;0
11;19;78;17;56;12;69;3.40;1;1;1;52;0;6457269;165;0
11;19;78;17;56;12;80;3.80;4;2;1;57;0;6457280;110;0
11;19;78;17;56;13;73;3.80;2;1;1;58;0;6457373;510;0
11;19;78;17;56;14;8;3.40;4;2;1;66;0;6457408;104;0
11;19;78;17;56;14;9;3.60;3;2;1;54;0;6457409;711;0
11;19;78;17;56;16;91;3.20;3;2;1;53;0;6457691;258;0
11;19;78;17;56;17;84;3.40;4;2;1;54;0;6457784;357;0
11;19;78;17;56;18;75;3.40;3;2;1;57;0;6457875;162;0
11;19;78;17;56;18;62;4.00;4;2;1;52;0;6457862;55;0
11;19;78;17;56;20;32;3.40;4;2;1;52;0;6458032;142;0
11;19;78;17;56;21;47;3.40;3;2;1;57;0;6458147;250;0
11;19;78;17;56;21;55;7.20;4;2;1;52;0;6458155;99;0
11;19;78;17;56;22;67;3.40;3;2;1;57;0;6458267;98;0
11;19;78;17;56;23;3;9.60;4;2;6;53;0;6458303;98;6457784
11;19;78;17;56;23;67;3.60;3;2;1;55;0;6458367;78;6457784
11;19;78;17;56;24;74;3.60;4;2;1;52;0;6458474;105;6457784
11;19;78;17;56;25;8;4.60;3;2;1;58;0;6458508;117;6457784
11;19;78;17;56;26;18;4.00;4;2;1;52;0;6458618;119;6457784
11;19;78;17;56;27;58;3.60;3;2;1;51;0;6458758;221;0
11;19;78;17;56;30;2;3.60;4;2;1;53;0;6459002;356;0
11;19;78;17;56;30;25;3.60;3;2;1;51;0;6459025;241;0
11;19;78;17;56;31;54;4.00;4;2;1;53;0;6459154;127;0
11;19;78;17;56;31;70;3.60;3;2;1;53;0;6459170;119;0
11;19;78;17;56;32;79;3.60;4;2;1;54;0;6459279;97;0
11;19;78;17;56;34;14;3.80;4;2;1;57;0;6459414;111;0
11;19;78;17;56;34;89;3.80;3;2;1;58;0;6459489;294;0
11;19;78;17;56;36;9;4.40;4;2;1;60;0;6459609;171;6459002
11;19;78;17;56;38;36;3.80;3;2;1;57;0;6459836;323;0
11;19;78;17;56;40;2;3.80;3;2;1;55;0;6460002;142;0
11;19;78;17;56;40;52;3.40;1;1;1;55;0;6460052;2759;0
11;19;78;17;56;42;22;3.60;3;2;1;55;0;6460222;195;0
11;19;78;17;56;44;32;3.60;3;2;1;55;0;6460432;186;0
11;19;78;17;56;57;42;3.40;1;1;1;61;0;6461742;1667;0
11;19;78;17;56;57;96;3.60;2;1;1;59;0;6461796;4399;0
11;19;78;17;57;0;91;3.60;1;1;1;60;0;6462091;328;0
11;19;78;17;57;2;22;3.60;3;2;1;65;0;6462222;1766;0
11;19;78;17;57;3;35;3.40;1;1;1;57;0;6462335;222;0
11;19;78;17;57;3;89;3.20;3;2;1;61;0;6462389;147;0
11;19;78;17;57;4;23;3.60;2;1;1;53;0;6462423;605;0
11;19;78;17;57;5;70;3.40;4;2;1;56;0;6462570;2934;0
11;19;78;17;57;5;71;5.60;1;1;1;53;0;6462571;214;0
11;19;78;17;57;7;70;3.20;2;1;1;56;0;6462770;322;0
11;19;78;17;57;7;81;4.00;1;1;1;53;0;6462781;171;0
11;19;78;17;57;9;65;3.20;2;1;1;52;0;6462965;174;0
11;19;78;17;57;10;62;3.80;2;1;1;54;0;6463062;74;0
11;19;78;17;57;11;11;3.00;1;1;1;51;0;6463111;302;0
11;19;78;17;57;12;6;3.60;1;1;1;52;0;6463206;73;0
11;19;78;17;57;13;43;3.20;4;2;1;66;0;6463343;751;0
11;19;78;17;57;13;93;4.00;2;1;1;54;0;6463393;305;0
11;19;78;17;57;13;96;4.60;1;1;1;47;0;6463396;165;0
11;19;78;17;57;14;73;3.80;2;1;1;54;0;6463473;53;0
11;19;78;17;57;17;51;4.40;2;1;1;55;0;6463751;252;0
11;19;78;17;57;18;3;3.80;1;1;1;47;0;6463803;371;0
11;19;78;17;57;19;33;3.40;2;1;1;56;0;6463933;153;0
11;19;78;17;57;19;78;3.60;3;2;1;58;0;6463978;1570;0
11;19;78;17;57;20;35;3.80;2;1;1;55;0;6464035;80;0
11;19;78;17;57;20;67;3.20;1;1;1;47;0;6464067;234;0
11;19;78;17;57;21;94;3.20;3;2;1;61;0;6464194;193;0
11;19;78;17;57;21;89;3.40;1;1;1;46;0;6464189;97;0
11;19;78;17;57;22;24;3.40;2;1;1;54;0;6464224;164;0
11;19;78;17;57;23;40;3.40;1;1;1;46;0;6464340;124;0
11;19;78;17;57;24;71;5.00;4;2;1;54;0;6464471;1110;0
11;19;78;17;57;24;96;3.80;1;1;1;47;0;6464496;129;0
11;19;78;17;57;25;46;3.60;2;1;1;50;0;6464546;299;0
11;19;78;17;57;25;85;3.00;3;2;1;57;0;6464585;372;0
11;19;78;17;57;25;85;3.60;4;2;1;53;0;6464585;80;0
11;19;78;17;57;26;92;4.00;1;1;1;49;0;6464692;166;6464067
11;19;78;17;57;27;53;3.80;4;2;1;55;0;6464753;143;6464067
11;19;78;17;57;27;73;3.80;3;2;1;54;0;6464773;169;6464067
11;19;78;17;57;28;74;3.40;1;1;1;45;0;6464874;152;6464067
11;19;78;17;57;30;38;3.40;1;1;1;46;0;6465038;136;6464067
11;19;78;17;57;31;53;3.60;4;2;1;53;0;6465153;375;0
11;19;78;17;57;31;62;3.60;1;1;1;44;0;6465162;97;6464067
11;19;78;17;57;33;7;3.40;1;1;1;44;0;6465307;115;6464067
11;19;78;17;57;33;37;3.40;3;2;1;64;0;6465337;538;0
11;19;78;17;57;34;24;4.00;2;1;1;50;0;6465424;852;0
11;19;78;17;57;35;2;3.40;1;1;1;40;0;6465502;167;6464067
11;19;78;17;57;35;67;3.60;2;1;1;51;0;6465567;114;6464067
11;19;78;17;57;36;15;3.20;3;2;1;64;0;6465615;258;0
11;19;78;17;57;36;61;3.80;2;1;1;49;0;6465661;68;0
11;19;78;17;57;37;15;2.80;4;2;1;60;0;6465715;537;0
11;19;78;17;57;37;49;3.00;1;1;1;41;0;6465749;216;0
11;19;78;17;57;38;56;3.60;2;1;1;49;0;6465856;167;0
11;19;78;17;57;40;14;3.60;1;1;1;44;0;6466014;238;0
11;19;78;17;57;40;79;3.80;2;1;1;50;0;6466079;196;6465424
11;19;78;17;57;41;1;3.40;1;1;1;42;0;6466101;57;6465424
11;19;78;17;57;42;97;3.80;1;1;1;43;0;6466297;166;6465424
11;19;78;17;57;44;75;3.60;2;1;1;45;0;6466475;368;0
11;19;78;17;57;44;62;3.60;1;1;1;39;0;6466462;133;0
11;19;78;17;57;45;95;4.00;1;1;1;41;0;6466595;99;6466014
11;19;78;17;57;47;28;3.60;2;1;1;42;0;6466728;224;0
11;19;78;17;57;48;43;3.80;3;2;1;68;0;6466843;1210;0
11;19;78;17;57;48;5;8.20;1;1;2;39;0;6466805;174;6466014
11;19;78;17;57;49;17;3.60;4;2;1;62;0;6466917;1185;0
11;19;78;17;57;49;43;3.80;1;1;1;39;0;6466943;62;6466014
11;19;78;17;57;50;37;3.40;4;2;1;59;0;6467037;99;6466014
11;19;78;17;57;50;64;3.40;1;1;1;36;0;6467064;85;6466014
11;19;78;17;57;50;96;3.40;2;1;1;46;0;6467096;337;0
11;19;78;17;57;51;98;2.80;3;2;1;63;0;6467198;334;0
11;19;78;17;57;51;74;3.60;1;1;1;35;0;6467174;76;6466014
11;19;78;17;57;52;24;3.60;4;2;1;64;0;6467224;166;6466014
11;19;78;17;57;53;20;3.40;3;2;1;59;0;6467320;106;6466014
11;19;78;17;57;53;63;3.60;1;1;1;37;0;6467363;151;6466014
11;19;78;17;57;54;52;3.60;4;2;1;58;0;6467452;207;0
11;19;78;17;57;55;51;3.60;1;1;1;36;0;6467551;152;6466014
11;19;78;17;57;57;8;3.20;4;2;1;56;0;6467708;233;0
11;19;78;17;57;56;84;3.20;1;1;1;35;0;6467684;97;6466014
11;19;78;17;57;57;96;4.40;3;2;1;63;0;6467796;455;0
11;19;78;17;57;59;17;3.60;4;2;1;56;0;6467917;188;0
11;19;78;17;57;58;93;3.60;1;1;1;38;0;6467893;176;6466014
11;19;78;17;58;0;54;3.20;4;2;1;55;0;6468054;113;6466014
11;19;78;17;58;0;38;3.00;1;1;1;42;0;6468038;110;6466014
11;19;78;17;58;0;70;3.80;2;1;1;59;0;6468070;947;0
11;19;78;17;58;1;29;4.60;3;2;1;59;0;6468129;307;0
11;19;78;17;58;1;98;4.80;1;1;1;40;0;6468198;134;6466014
11;19;78;17;58;2;34;3.60;4;2;1;52;0;6468234;159;6466014
11;19;78;17;58;3;69;3.80;1;1;1;38;0;6468369;127;6466014
11;19;78;17;58;4;93;4.80;4;2;1;53;0;6468493;234;0
11;19;78;17;58;4;73;4.40;1;1;1;36;0;6468473;68;6466014
11;19;78;17;58;5;41;3.60;3;2;1;59;0;6468541;383;0
11;19;78;17;58;6;56;3.60;1;1;1;35;0;6468656;139;6466014
11;19;78;17;58;7;20;3.40;3;2;1;61;0;6468720;157;6466014
11;19;78;17;58;7;22;3.20;2;1;1;50;0;6468722;628;0
11;19;78;17;58;7;47;8.80;4;2;2;58;0;6468747;221;0
11;19;78;17;58;7;86;3.60;1;1;1;35;0;6468786;92;6466014
11;19;78;17;58;8;48;4.00;2;1;1;49;0;6468848;102;6466014
11;19;78;17;58;8;75;4.60;3;2;1;61;0;6468875;134;6466014
11;19;78;17;58;9;71;3.60;4;2;1;59;0;6468971;169;6466014
11;19;78;17;58;10;9;7.80;3;2;1;60;0;6469009;106;6466014
11;19;78;17;58;10;74;3.80;1;1;1;36;0;6469074;250;0
11;19;78;17;58;11;68;3.60;4;2;1;57;0;6469168;175;0
11;19;78;17;58;12;7;4.00;3;2;1;60;0;6469207;151;6468541
11;19;78;17;58;12;31;3.80;1;1;1;37;0;6469231;119;6468541
11;19;78;17;58;13;36;3.80;4;2;1;58;0;6469336;145;6468541
11;19;78;17;58;14;54;3.60;3;2;1;60;0;6469454;223;0
11;19;78;17;58;14;90;3.00;4;2;1;58;0;6469490;130;6468747
11;19;78;17;58;18;70;3.60;4;2;1;52;0;6469870;361;0
11;19;78;17;58;21;29;3.80;4;2;1;47;0;6470129;234;0
11;19;78;17;58;21;55;3.80;3;2;1;54;0;6470155;679;0
11;19;78;17;58;21;55;12.60;1;1;3;51;0;6470155;887;0
11;19;78;17;58;22;70;3.00;4;2;1;48;0;6470270;111;0
11;19;78;17;58;38;60;3.00;4;2;1;56;0;6471860;1567;0
11;19;78;17;58;40;76;3.60;3;2;1;65;0;6472076;1895;0
11;19;78;17;58;42;79;3.60;4;2;1;57;0;6472279;399;0
11;19;78;17;58;47;84;3.80;4;2;1;56;0;6472784;482;0
11;19;78;17;58;53;75;3.20;4;2;1;66;0;6473375;566;0
11;19;78;17;58;54;15;3.80;1;1;1;60;0;6473415;3171;0
11;19;78;17;58;56;80;3.60;1;1;1;56;0;6473680;242;0
11;19;78;17;58;57;9;3.20;3;2;1;71;0;6473709;1613;0
11;19;78;17;58;58;63;2.80;4;2;1;54;0;6473863;470;0
11;19;78;17;59;0;40;3.00;4;2;1;55;0;6474040;158;0
11;19;78;17;59;1;39;3.80;3;2;1;60;0;6474139;413;0
11;19;78;17;59;3;3;3.60;4;2;1;58;0;6474303;243;0
11;19;78;17;59;4;30;3.40;3;2;1;74;0;6474430;268;0
11;19;78;17;59;4;39;3.40;2;1;1;53;0;6474439;5561;0
11;19;78;17;59;4;52;3.80;1;1;1;56;0;6474452;748;0
11;19;78;17;59;4;55;3.60;4;2;1;57;0;6474455;129;0
11;19;78;17;59;5;95;2.80;1;1;1;59;0;6474595;118;0
11;19;78;17;59;5;93;3.60;4;2;1;58;0;6474593;115;0
11;19;78;17;59;8;17;3.00;4;2;1;55;0;6474817;201;0
11;19;78;17;59;8;27;3.40;3;2;1;61;0;6474827;380;0
11;19;78;17;59;9;2;3.80;1;1;1;54;0;6474902;289;0
11;19;78;17;59;9;15;3.80;2;1;1;55;0;6474915;452;0
11;19;78;17;59;10;11;3.40;4;2;1;53;0;6475011;174;0
11;19;78;17;59;11;54;3.80;1;1;1;55;0;6475154;226;0
11;19;78;17;59;10;60;3.60;2;1;1;54;0;6475060;120;0
11;19;78;17;59;11;77;3.60;1;1;1;55;0;6475177;-1;0
11;19;78;17;59;12;50;3.00;4;2;1;58;0;6475250;215;0
11;19;78;17;59;14;67;3.80;4;2;1;55;0;6475467;198;0
11;19;78;17;59;17;91;3.80;1;1;1;48;0;6475791;590;0
11;19;78;17;59;18;97;3.80;1;1;1;48;0;6475897;77;0
11;19;78;17;59;19;51;9.40;2;1;2;52;0;6475951;867;0
11;19;78;17;59;20;49;3.60;1;1;1;48;0;6476049;123;0
11;19;78;17;59;20;47;4.80;3;2;1;54;0;6476047;1199;0
11;19;78;17;59;21;33;4.40;2;1;1;50;0;6476133;116;0
11;19;78;17;59;21;64;3.80;1;1;1;50;0;6476164;88;0
11;19;78;17;59;22;60;4.00;1;1;1;51;0;6476260;68;6475791
11;19;78;17;59;24;37;3.80;1;1;1;45;0;6476437;148;6475791
11;19;78;17;59;25;33;3.40;2;1;1;47;0;6476533;368;0
11;19;78;17;59;25;59;3.60;1;1;1;44;0;6476559;91;6475791
11;19;78;17;59;25;75;3.80;4;2;1;61;0;6476575;1083;0
11;19;78;17;59;26;52;3.80;2;1;1;47;0;6476652;92;0
11;19;78;17;59;26;92;4.00;1;1;1;42;0;6476692;103;6475791
11;19;78;17;59;28;5;3.40;2;1;1;45;0;6476805;123;6475791
11;19;78;17;59;28;52;3.80;3;2;1;61;0;6476852;773;0
11;19;78;17;59;28;44;3.80;1;1;1;38;0;6476844;117;6475791
11;19;78;17;59;29;7;3.40;2;1;1;44;0;6476907;74;6475791
11;19;78;17;59;29;60;3.40;4;2;1;60;0;6476960;362;0
11;19;78;17;59;29;69;3.60;3;2;1;61;0;6476969;94;0
11;19;78;17;59;30;90;3.80;3;2;1;64;0;6477090;99;0
11;19;78;17;59;30;73;3.80;2;1;1;42;0;6477073;138;6476533
11;19;78;17;59;30;90;3.80;1;1;1;40;0;6477090;210;0
11;19;78;17;59;31;85;3.60;2;1;1;40;0;6477185;79;6476533
11;19;78;17;59;32;15;4.80;1;1;1;41;0;6477215;90;6476533
11;19;78;17;59;32;70;3.80;4;2;1;57;0;6477270;289;0
11;19;78;17;59;33;15;3.80;3;2;1;62;0;6477315;203;0
11;19;78;17;59;33;83;3.40;1;1;1;41;0;6477383;125;0
11;19;78;17;59;34;2;3.40;2;1;1;42;0;6477402;184;6476533
11;19;78;17;59;34;60;3.40;4;2;1;55;0;6477460;166;6476533
11;19;78;17;59;35;24;3.60;2;1;1;41;0;6477524;92;6476533
11;19;78;17;59;36;14;3.60;2;1;1;41;0;6477614;58;6476533
11;19;78;17;59;36;36;3.40;1;1;1;43;0;6477636;223;0
11;19;78;17;59;36;46;3.40;3;2;1;62;0;6477646;308;0
11;19;78;17;59;36;42;3.40;4;2;1;52;0;6477642;159;0
11;19;78;17;59;37;20;4.00;1;1;1;42;0;6477720;55;0
11;19;78;17;59;37;66;3.60;3;2;1;64;0;6477766;100;0
11;19;78;17;59;37;45;3.60;2;1;1;41;0;6477745;99;6476533
11;19;78;17;59;38;3;3.00;4;2;1;53;0;6477803;137;6476533
11;19;78;17;59;38;27;4.00;1;1;1;42;0;6477827;72;6476533
11;19;78;17;59;39;28;3.40;4;2;1;53;0;6477928;104;6477270
11;19;78;17;59;39;6;5.00;2;1;1;40;0;6477906;129;6476533
11;19;78;17;59;40;73;3.80;4;2;1;54;0;6478073;121;6477270
11;19;78;17;59;40;71;4.00;2;1;1;41;0;6478071;120;6476533
11;19;78;17;59;40;97;4.00;3;2;1;62;0;6478097;310;0
11;19;78;17;59;41;29;3.80;1;1;1;40;0;6478129;267;0
11;19;78;17;59;42;69;3.80;3;2;1;66;0;6478269;148;0
11;19;78;17;59;42;89;3.40;1;1;1;38;0;6478289;125;0
11;19;78;17;59;43;53;3.80;4;2;1;54;0;6478353;254;0
11;19;78;17;59;42;79;2.40;2;2;1;14;0;6478279;819708;0
11;19;78;17;59;44;42;3.80;4;2;1;54;0;6478442;63;0
11;19;78;17;59;44;43;3.00;1;1;1;38;0;6478443;121;0
11;19;78;17;59;45;48;3.80;1;1;1;39;0;6478548;76;0
11;19;78;17;59;45;73;4.60;2;1;1;40;0;6478573;466;0
11;19;78;17;59;46;51;3.80;4;2;1;54;0;6478651;183;0
11;19;78;17;59;46;93;3.20;2;1;1;40;0;6478693;78;0
11;19;78;17;59;47;10;4.00;1;1;1;40;0;6478710;126;6478129
11;19;78;17;59;48;15;3.80;4;2;1;54;0;6478815;138;6478129
11;19;78;17;59;48;79;3.60;3;2;1;53;0;6478879;589;0
11;19;78;17;59;49;1;3.20;2;1;1;39;0;6478901;179;0
11;19;78;17;59;49;83;3.80;3;2;1;53;0;6478983;79;0
11;19;78;17;59;49;99;5.60;1;1;1;42;0;6478999;253;0
11;19;78;17;59;50;81;3.60;3;2;1;52;0;6479081;72;0
11;19;78;17;59;50;80;3.80;2;1;1;39;0;6479080;149;0
11;19;78;17;59;51;35;4.00;4;2;1;53;0;6479135;294;0
11;19;78;17;59;52;62;3.40;3;2;1;49;0;6479262;156;0
11;19;78;17;59;52;75;3.60;4;2;1;52;0;6479275;112;0
11;19;78;17;59;53;8;3.80;2;1;1;42;0;6479308;192;6478573
11;19;78;17;59;53;4;5.00;1;1;1;42;0;6479304;257;0
11;19;78;17;59;53;76;3.40;3;2;1;50;0;6479376;89;6478879
11;19;78;17;59;53;97;3.80;4;2;1;51;0;6479397;97;6478879
11;19;78;17;59;54;88;3.80;1;1;1;42;0;6479488;141;6478879
11;19;78;17;59;55;19;3.60;3;2;1;52;0;6479519;118;6478879
11;19;78;17;59;55;41;3.00;2;1;1;40;0;6479541;200;0
11;19;78;17;59;57;29;3.20;4;2;1;53;0;6479729;305;0
11;19;78;17;59;57;8;3.80;1;1;1;41;0;6479708;187;0
11;19;78;17;59;57;91;3.80;3;2;1;57;0;6479791;247;0
11;19;78;17;59;58;74;3.40;4;2;1;53;0;6479874;123;0
11;19;78;17;59;58;55;3.60;2;1;1;38;0;6479855;287;0
11;19;78;17;59;58;89;3.00;1;1;1;39;0;6479889;147;0
11;19;78;17;59;59;44;4.20;3;2;1;57;0;6479944;129;0
11;19;78;18;0;0;13;2.80;4;2;1;54;0;6480013;115;0
11;19;78;18;0;0;29;3.60;1;1;1;39;0;6480029;112;6479304
11;19;78;18;0;0;45;3.40;2;1;1;33;0;6480045;155;6479304
11;19;78;18;0;1;73;3.80;3;2;1;55;0;6480173;202;0
11;19;78;18;0;1;88;3.80;1;1;1;38;0;6480188;125;6479304
11;19;78;18;0;2;31;3.80;4;2;1;56;0;6480231;199;6479304
11;19;78;18;0;2;23;3.80;2;1;1;31;0;6480223;140;6479304
11;19;78;18;0;3;35;3.40;3;2;1;54;0;6480335;137;6479304
11;19;78;18;0;3;29;3.80;1;1;1;37;0;6480329;105;6479304
11;19;78;18;0;4;2;3.40;4;2;1;54;0;6480402;146;6479729
11;19;78;18;0;4;64;3.20;3;2;1;55;0;6480464;106;6479729
11;19;78;18;0;4;10;4.00;2;1;1;30;0;6480410;142;6479729
11;19;78;18;0;5;40;3.60;1;1;1;36;0;6480540;174;6479304
11;19;78;18;0;5;71;3.80;3;2;1;55;0;6480571;86;6479304
11;19;78;18;0;6;92;3.20;4;2;1;50;0;6480692;267;0
11;19;78;18;0;8;0;3.00;3;2;1;54;0;6480800;204;0
11;19;78;18;0;7;96;3.00;2;1;1;33;0;6480796;338;0
11;19;78;18;0;8;50;3.80;1;1;1;32;0;6480850;274;0
11;19;78;18;0;10;96;3.40;1;1;1;30;0;6481096;203;0
11;19;78;18;0;15;8;3.60;1;1;1;43;0;6481508;371;0
11;19;78;18;0;23;53;3.20;4;2;1;57;0;6482353;1637;0
11;19;78;18;0;29;48;3.60;1;1;1;56;0;6482948;1409;0
11;19;78;18;0;31;53;3.20;4;2;1;53;0;6483153;779;0
11;19;78;18;0;34;10;3.20;3;2;1;61;0;6483410;2590;0
11;19;78;18;0;35;15;3.80;4;2;1;57;0;6483515;340;0
11;19;78;18;0;37;83;3.40;4;2;1;60;0;6483783;244;0
11;19;78;18;0;38;35;3.40;3;2;1;61;0;6483835;406;0
11;19;78;18;0;41;49;3.00;3;2;1;58;0;6484149;293;0
11;19;78;18;0;43;8;3.80;4;2;1;63;0;6484308;504;0
11;19;78;18;0;45;26;3.20;4;2;1;60;0;6484526;196;0
11;19;78;18;0;48;37;3.00;3;2;1;57;0;6484837;669;0
11;19;78;18;0;48;31;3.80;2;1;1;53;0;6484831;4002;0
11;19;78;18;0;49;69;3.60;3;2;1;58;0;6484969;113;0
11;19;78;18;0;50;7;4.00;2;1;1;59;0;6485007;150;0
11;19;78;18;0;51;81;3.20;4;2;1;54;0;6485181;635;0
11;19;78;18;0;52;22;3.80;2;1;1;58;0;6485222;190;0
11;19;78;18;0;52;97;4.00;1;1;1;54;0;6485297;2325;0
11;19;78;18;0;55;96;3.60;2;1;1;60;0;6485596;350;0
11;19;78;18;0;57;33;12.40;3;2;3;56;0;6485733;741;0
11;19;78;18;0;58;27;4.20;2;1;1;59;0;6485827;209;0
11;19;78;18;0;59;82;4.40;4;2;1;51;0;6485982;779;0
11;19;78;18;1;0;17;3.60;1;1;1;53;0;6486017;693;0
11;19;78;18;1;1;57;3.00;4;2;1;48;0;6486157;143;0
11;19;78;18;1;1;96;3.80;2;1;1;57;0;6486196;343;0
11;19;78;18;1;1;92;3.80;1;1;1;52;0;6486192;150;0
11;19;78;18;1;3;17;3.60;2;1;1;56;0;6486317;97;0
11;19;78;18;1;3;46;3.60;1;1;1;50;0;6486346;127;0
11;19;78;18;1;4;23;3.20;2;1;1;52;0;6486423;82;0
11;19;78;18;1;5;6;3.60;1;1;1;49;0;6486506;134;0
11;19;78;18;1;5;97;3.20;2;1;1;53;0;6486597;151;0
11;19;78;18;1;6;67;3.80;2;1;1;54;0;6486667;48;6486196
11;19;78;18;1;7;20;3.60;1;1;1;53;0;6486720;187;6486017
11;19;78;18;1;8;40;3.80;4;2;1;60;0;6486840;660;0
11;19;78;18;1;8;92;3.40;3;2;1;59;0;6486892;1079;0
11;19;78;18;1;8;89;4.20;2;1;1;53;0;6486889;196;6486196
11;19;78;18;1;9;10;3.40;1;1;1;51;0;6486910;165;6486017
11;19;78;18;1;11;51;4.00;3;2;1;62;0;6487151;238;0
11;19;78;18;1;11;59;6.00;1;1;1;50;0;6487159;225;0
11;19;78;18;1;11;93;3.20;2;1;1;51;0;6487193;275;0
11;19;78;18;1;12;43;3.80;3;2;1;61;0;6487243;68;0
11;19;78;18;1;13;86;4.60;2;1;1;57;0;6487386;170;0
11;19;78;18;1;13;87;3.80;1;1;1;46;0;6487387;184;0
11;19;78;18;1;14;72;4.00;4;2;1;71;0;6487472;609;0
11;19;78;18;1;14;74;3.60;3;2;1;57;0;6487474;208;0
11;19;78;18;1;15;29;3.60;1;1;1;45;0;6487529;112;0
11;19;78;18;1;15;66;3.40;3;2;1;56;0;6487566;69;0
11;19;78;18;1;16;68;3.20;2;1;1;54;0;6487668;252;0
11;19;78;18;1;16;77;3.40;1;1;1;46;0;6487677;119;0
11;19;78;18;1;17;69;3.00;2;1;1;52;0;6487769;79;0
11;19;78;18;1;17;96;4.00;1;1;1;44;0;6487796;92;6487159
11;19;78;18;1;18;7;4.20;4;2;1;71;0;6487807;314;0
11;19;78;18;1;19;18;3.40;2;1;1;52;0;6487918;128;0
11;19;78;18;1;19;52;3.80;3;2;1;68;0;6487952;364;0
11;19;78;18;1;19;82;3.40;1;1;1;45;0;6487982;153;6487159
11;19;78;18;1;20;60;4.40;3;2;1;64;0;6488060;87;6487159
11;19;78;18;1;20;86;3.20;1;1;1;42;0;6488086;76;6487159
11;19;78;18;1;20;93;14.00;4;2;4;47;0;6488093;264;0
11;19;78;18;1;21;88;3.60;2;1;1;58;0;6488188;246;0
11;19;78;18;1;22;32;3.40;1;1;1;43;0;6488232;118;6487159
11;19;78;18;1;22;48;3.80;3;2;1;61;0;6488248;163;6487159
11;19;78;18;1;23;47;3.40;3;2;1;58;0;6488347;76;6487159
11;19;78;18;1;24;33;3.40;2;1;1;58;0;6488433;222;0
11;19;78;18;1;24;30;3.40;1;1;1;44;0;6488430;169;6487159
11;19;78;18;1;25;7;3.40;3;2;1;56;0;6488507;138;6487952
11;19;78;18;1;25;58;3.60;4;2;1;51;0;6488558;357;0
11;19;78;18;1;25;59;3.60;1;1;1;46;0;6488559;101;6487159
11;19;78;18;1;26;19;3.60;3;2;1;57;0;6488619;90;6487952
11;19;78;18;1;27;19;3.60;1;1;1;43;0;6488719;131;6487159
11;19;78;18;1;28;3;4.40;3;2;1;55;0;6488803;161;6487952
11;19;78;18;1;28;25;3.40;2;1;1;59;0;6488825;370;0
11;19;78;18;1;28;92;3.40;4;2;1;57;0;6488892;308;0
11;19;78;18;1;29;91;3.80;3;2;1;59;0;6488991;159;6487952
11;19;78;18;1;30;58;3.60;4;2;1;57;0;6489058;144;6487952
11;19;78;18;1;30;86;4.40;1;1;1;50;0;6489086;336;0
11;19;78;18;1;31;36;3.60;3;2;1;59;0;6489136;121;6487952
11;19;78;18;1;31;64;3.60;4;2;1;58;0;6489164;83;6487952
11;19;78;18;1;33;8;4.80;4;2;1;57;0;6489308;121;6487952
11;19;78;18;1;33;59;3.40;3;2;1;61;0;6489359;201;0
11;19;78;18;1;33;59;3.40;1;1;1;60;0;6489359;241;0
11;19;78;18;1;34;64;4.40;3;2;1;65;0;6489464;84;0
11;19;78;18;1;35;77;3.80;2;1;1;59;0;6489577;731;0
11;19;78;18;1;35;95;4.40;4;2;1;51;0;6489595;256;0
11;19;78;18;1;37;49;3.60;3;2;1;58;0;6489749;260;0
11;19;78;18;1;38;28;3.40;4;2;1;49;0;6489828;201;0
11;19;78;18;1;39;6;3.60;3;2;1;57;0;6489906;134;0
11;19;78;18;1;39;55;4.00;4;2;1;53;0;6489955;102;0
11;19;78;18;1;40;54;3.60;3;2;1;59;0;6490054;125;0
11;19;78;18;1;41;1;3.00;1;1;1;56;0;6490101;721;0
11;19;78;18;1;41;40;3.60;4;2;1;48;0;6490140;157;0
11;19;78;18;1;41;94;3.60;3;2;1;57;0;6490194;118;0
11;19;78;18;1;42;50;3.60;1;1;1;56;0;6490250;129;0
11;19;78;18;1;43;58;4.00;4;2;1;48;0;6490358;191;0
11;19;78;18;1;44;93;3.40;3;2;1;52;0;6490493;276;0
11;19;78;18;1;44;99;4.20;2;1;1;57;0;6490499;898;0
11;19;78;18;1;45;50;3.20;4;2;1;49;0;6490550;162;6489828
11;19;78;18;1;46;34;3.60;1;1;1;53;0;6490634;360;0
11;19;78;18;1;47;8;3.40;4;2;1;48;0;6490708;134;6489828
11;19;78;18;1;47;79;4.00;1;1;1;50;0;6490779;120;6489828
11;19;78;18;1;48;84;3.80;4;2;1;47;0;6490884;150;6489828
11;19;78;18;1;49;87;3.20;3;2;1;52;0;6490987;470;0
11;19;78;18;1;50;91;3.60;4;2;1;46;0;6491091;177;6489828
11;19;78;18;1;51;60;4.20;1;1;1;60;0;6491160;352;0
11;19;78;18;1;52;49;3.60;2;1;1;59;0;6491249;723;0
11;19;78;18;1;53;25;3.60;1;1;1;54;0;6491325;139;0
11;19;78;18;1;53;33;3.60;2;1;1;55;0;6491333;62;0
11;19;78;18;1;55;39;3.60;2;1;1;53;0;6491539;182;0
11;19;78;18;1;57;32;3.60;4;2;1;54;0;6491732;612;0
11;19;78;18;1;58;84;3.40;4;2;1;57;0;6491884;128;0
11;19;78;18;2;13;85;5.00;1;1;1;56;0;6493385;2036;0
11;19;78;18;2;15;58;3.20;4;2;1;63;0;6493558;1652;0
11;19;78;18;2;17;14;3.40;4;2;1;60;0;6493714;137;0
11;19;78;18;2;17;41;3.80;2;1;1;58;0;6493741;2177;0
11;19;78;18;2;18;44;5.00;3;2;1;54;0;6493844;2834;0
11;19;78;18;2;19;94;3.40;4;2;1;57;0;6493994;259;0
11;19;78;18;2;20;12;3.80;3;2;1;55;0;6494012;134;0
11;19;78;18;2;21;39;3.60;3;2;1;54;0;6494139;102;0
11;19;78;18;2;21;54;4.60;4;2;1;60;0;6494154;138;0
11;19;78;18;2;23;67;3.60;4;2;1;57;0;6494367;185;0
11;19;78;18;2;25;91;3.60;4;2;1;56;0;6494591;201;0
11;19;78;18;2;27;72;3.20;4;2;1;54;0;6494772;157;0
11;19;78;18;2;29;20;3.80;4;2;1;50;0;6494920;126;0
11;19;78;18;2;31;58;3.60;4;2;1;50;0;6495158;210;0
11;19;78;18;2;33;19;3.80;4;2;1;50;0;6495319;135;0
11;19;78;18;2;36;39;3.40;2;1;1;54;0;6495639;1874;0
11;19;78;18;2;39;47;4.00;1;1;1;59;0;6495947;2529;0
11;19;78;18;2;40;69;3.80;4;2;1;63;0;6496069;722;0
11;19;78;18;2;42;2;3.00;3;2;1;54;0;6496202;2039;0
11;19;78;18;2;42;72;3.40;2;1;1;52;0;6496272;610;0
11;19;78;18;2;43;66;2.80;4;2;1;61;0;6496366;275;0
11;19;78;18;2;45;40;3.80;4;2;1;61;0;6496540;157;0
11;19;78;18;2;45;63;3.80;1;1;1;55;0;6496563;591;0
11;19;78;18;2;47;24;3.60;1;1;1;53;0;6496724;136;0
11;19;78;18;2;47;67;3.40;4;2;1;59;0;6496767;204;0
11;19;78;18;2;47;82;4.00;3;2;1;64;0;6496782;560;0
11;19;78;18;2;48;56;3.60;1;1;1;54;0;6496856;107;0
11;19;78;18;2;49;12;7.00;2;1;2;56;0;6496912;616;0
11;19;78;18;2;49;65;3.80;4;2;1;63;0;6496965;177;0
11;19;78;18;2;51;12;5.20;2;1;1;56;0;6497112;155;0
11;19;78;18;2;51;81;3.20;4;2;1;62;0;6497181;194;0
11;19;78;18;2;52;13;3.80;1;1;1;56;0;6497213;333;0
11;19;78;18;2;52;44;3.20;2;1;1;56;0;6497244;98;0
11;19;78;18;2;52;86;3.80;3;2;1;62;0;6497286;481;0
11;19;78;18;2;53;11;3.40;1;1;1;55;0;6497311;73;0
11;19;78;18;2;53;53;3.60;2;1;1;53;0;6497353;88;0
11;19;78;18;2;54;29;4.40;1;1;1;54;0;6497429;95;0
11;19;78;18;2;54;69;3.00;4;2;1;59;0;6497469;269;0
11;19;78;18;2;54;96;3.40;3;2;1;63;0;6497496;187;0
11;19;78;18;2;55;25;4.00;2;1;1;52;0;6497525;147;6496912
11;19;78;18;2;55;38;3.40;1;1;1;55;0;6497538;79;6496912
11;19;78;18;2;56;53;3.20;3;2;1;62;0;6497653;137;6496912
11;19;78;18;2;56;65;3.40;1;1;1;53;0;6497665;104;6497213
11;19;78;18;2;56;64;10.80;2;1;7;51;0;6497664;111;6496912
11;19;78;18;2;57;68;4.20;3;2;1;63;0;6497768;96;6496912
11;19;78;18;2;58;29;3.80;4;2;1;58;0;6497829;341;0
11;19;78;18;2;58;39;5.20;2;1;2;49;0;6497839;98;6496912
11;19;78;18;2;59;69;3.20;1;1;1;52;0;6497969;280;0
11;19;78;18;3;0;18;3.40;2;1;1;54;0;6498018;140;6496912
11;19;78;18;3;0;91;3.20;1;1;1;51;0;6498091;99;6496912
11;19;78;18;3;1;40;3.80;3;2;1;57;0;6498140;348;0
11;19;78;18;3;2;44;3.40;4;2;1;53;0;6498244;391;0
11;19;78;18;3;2;46;3.40;1;1;1;49;0;6498246;132;0
11;19;78;18;3;2;93;3.60;2;1;1;55;0;6498293;252;0
11;19;78;18;3;3;56;3.40;3;2;1;58;0;6498356;192;0
11;19;78;18;3;3;89;3.20;1;1;1;50;0;6498389;118;0
11;19;78;18;3;5;16;3.40;4;2;1;52;0;6498516;248;0
11;19;78;18;3;5;72;3.40;1;1;1;49;0;6498572;159;6497969
11;19;78;18;3;6;42;3.00;1;1;1;49;0;6498642;45;6497969
11;19;78;18;3;6;70;3.80;4;2;1;53;0;6498670;130;6497969
11;19;78;18;3;6;81;3.40;2;1;1;55;0;6498681;364;0
11;19;78;18;3;8;8;3.40;4;2;1;53;0;6498808;112;0
11;19;78;18;3;8;33;3.80;2;1;1;55;0;6498833;129;0
11;19;78;18;3;8;45;3.20;3;2;1;56;0;6498845;467;0
11;19;78;18;3;8;43;3.40;1;1;1;49;0;6498843;178;6497969
11;19;78;18;3;9;57;3.80;4;2;1;55;0;6498957;125;6497969
11;19;78;18;3;9;88;3.40;1;1;1;47;0;6498988;120;6497969
11;19;78;18;3;10;40;3.40;3;2;1;56;0;6499040;174;6497969
11;19;78;18;3;11;30;3.60;4;2;1;55;0;6499130;148;6498516
11;19;78;18;3;11;32;3.60;1;1;1;44;0;6499132;117;6497969
11;19;78;18;3;11;43;3.80;3;2;1;55;0;6499143;81;6497969
11;19;78;18;3;12;46;3.40;2;1;1;52;0;6499246;388;0
11;19;78;18;3;12;47;4.20;3;2;1;55;0;6499247;79;0
11;19;78;18;3;12;86;3.80;1;1;1;44;0;6499286;124;6497969
11;19;78;18;3;13;26;3.60;4;2;1;59;0;6499326;172;6498516
11;19;78;18;3;13;66;3.60;3;2;1;56;0;6499366;91;6498845
11;19;78;18;3;14;45;3.40;2;1;1;50;0;6499445;175;6498845
11;19;78;18;3;14;70;3.80;3;2;1;58;0;6499470;80;6498845
11;19;78;18;3;14;76;3.80;4;2;1;58;0;6499476;128;6498516
11;19;78;18;3;14;66;3.40;1;1;1;43;0;6499466;148;6497969
11;19;78;18;3;15;87;4.60;2;1;1;48;0;6499587;117;6497969
11;19;78;18;3;16;35;3.80;3;2;1;59;0;6499635;141;6498845
11;19;78;18;3;16;21;3.20;1;1;1;41;0;6499621;126;6497969
11;19;78;18;3;16;69;3.80;4;2;1;57;0;6499669;169;6498516
11;19;78;18;3;17;11;8.60;1;1;2;41;0;6499711;61;6497969
11;19;78;18;3;18;37;3.80;3;2;1;61;0;6499837;178;6498845
11;19;78;18;3;18;56;3.80;2;1;1;52;0;6499856;234;0
11;19;78;18;3;20;22;3.60;1;1;1;50;0;6500022;235;0
11;19;78;18;3;20;47;3.80;4;2;1;58;0;6500047;354;0
11;19;78;18;3;21;92;3.80;3;2;1;60;0;6500192;332;0
11;19;78;18;3;22;40;3.40;4;2;1;57;0;6500240;169;0
11;19;78;18;3;23;53;3.60;2;1;1;50;0;6500353;470;0
11;19;78;18;3;23;64;3.60;1;1;1;45;0;6500364;316;0
11;19;78;18;3;24;60;3.60;4;2;1;57;0;6500460;198;0
11;19;78;18;3;24;73;3.60;3;2;1;57;0;6500473;258;0
11;19;78;18;3;25;6;3.20;1;1;1;45;0;6500506;113;0
11;19;78;18;3;26;33;3.60;2;1;1;53;0;6500633;254;0
11;19;78;18;3;26;69;3.40;4;2;1;52;0;6500669;186;0
11;19;78;18;3;26;25;3.60;1;1;1;45;0;6500625;93;0
11;19;78;18;3;27;2;3.80;3;2;1;57;0;6500702;206;0
11;19;78;18;3;27;48;3.80;2;1;1;50;0;6500748;90;0
11;19;78;18;3;27;54;3.40;1;1;1;45;0;6500754;100;0
11;19;78;18;3;28;9;2.80;4;2;1;51;0;6500809;116;6500047
11;19;78;18;3;28;41;4.00;3;2;1;54;0;6500841;115;6500047
11;19;78;18;3;29;19;3.40;3;2;1;55;0;6500919;51;6500047
11;19;78;18;3;29;37;3.80;4;2;1;53;0;6500937;108;6500047
11;19;78;18;3;30;94;3.80;1;1;1;52;0;6501094;312;0
11;19;78;18;3;31;15;3.40;3;2;1;58;0;6501115;173;0
11;19;78;18;3;32;92;3.60;3;2;1;58;0;6501292;155;6500702
11;19;78;18;3;35;26;3.20;2;1;1;55;0;6501526;750;0
11;19;78;18;3;35;65;3.20;3;2;1;58;0;6501565;250;0
11;19;78;18;3;35;46;14.80;1;1;4;58;0;6501546;425;0
11;19;78;18;3;38;8;3.20;1;1;1;54;0;6501808;170;0
11;19;78;18;3;39;97;3.60;1;1;1;55;0;6501997;167;0
11;19;78;18;3;41;11;3.40;2;1;1;60;0;6502111;564;0
11;19;78;18;3;42;27;4.00;1;1;1;56;0;6502227;206;0
11;19;78;18;3;43;48;3.20;4;2;1;54;0;6502348;1385;0
11;19;78;18;3;43;91;3.60;1;1;1;53;0;6502391;138;0
11;19;78;18;3;46;29;6.00;2;1;1;57;0;6502629;497;0
11;19;78;18;3;47;7;3.60;4;2;1;58;0;6502707;337;0
11;19;78;18;3;50;54;3.80;1;1;1;56;0;6503054;638;0
11;19;78;18;3;52;9;3.80;2;1;1;55;0;6503209;542;0
11;19;78;18;4;4;88;3.00;4;2;1;57;0;6504488;1758;0
11;19;78;18;4;5;25;3.40;3;2;1;60;0;6504525;2940;0
11;19;78;18;4;7;85;3.40;1;1;1;49;0;6504785;1706;0
11;19;78;18;4;9;71;3.60;4;2;1;59;0;6504971;464;0
11;19;78;18;4;10;27;3.80;3;2;1;49;0;6505027;481;0
11;19;78;18;4;12;0;3.20;3;2;1;47;0;6505200;145;0
11;19;78;18;4;26;76;3.80;4;2;1;65;0;6506676;1683;0
11;19;78;18;4;29;57;3.40;3;2;1;67;0;6506957;1732;0
11;19;78;18;4;29;67;3.20;4;2;1;57;0;6506967;269;0
11;19;78;18;4;30;97;3.80;3;2;1;64;0;6507097;121;0
11;19;78;18;4;32;44;3.60;3;2;1;66;0;6507244;125;0
11;19;78;18;4;34;34;3.00;3;2;1;64;0;6507434;170;0
11;19;78;18;4;34;33;11.40;4;2;3;55;0;6507433;445;0
11;19;78;18;4;36;33;3.40;3;2;1;62;0;6507633;182;6506957
11;19;78;18;4;38;3;3.40;3;2;1;61;0;6507803;150;6506957
11;19;78;18;4;41;32;3.80;3;2;1;65;0;6508132;308;0
11;19;78;18;4;43;7;12.60;4;2;3;54;0;6508307;799;0
11;19;78;18;4;45;8;6.20;3;2;1;60;0;6508508;354;0
11;19;78;18;4;46;8;3.60;2;1;1;55;0;6508608;5374;0
11;19;78;18;4;47;0;3.20;4;2;1;53;0;6508700;309;0
11;19;78;18;4;46;47;11.20;1;1;3;56;0;6508647;3837;0
11;19;78;18;4;47;29;3.80;3;2;1;60;0;6508729;183;0
11;19;78;18;4;48;48;4.20;3;2;1;60;0;6508848;96;0
11;19;78;18;4;48;61;3.80;2;1;1;55;0;6508861;229;0
11;19;78;18;4;48;82;3.80;1;1;1;56;0;6508882;163;0
11;19;78;18;4;49;15;3.00;4;2;1;52;0;6508915;193;0
11;19;78;18;4;49;81;3.40;3;2;1;61;0;6508981;107;0
11;19;78;18;4;50;50;4.80;4;2;1;54;0;6509050;114;0
11;19;78;18;4;50;95;11.40;1;1;3;56;0;6509095;188;0
11;19;78;18;4;51;71;3.60;3;2;1;59;0;6509171;169;6508508
11;19;78;18;4;51;71;3.20;4;2;1;55;0;6509171;89;6508508
11;19;78;18;4;52;69;4.00;2;1;1;60;0;6509269;383;0
11;19;78;18;4;53;97;4.40;3;2;1;54;0;6509397;204;0
11;19;78;18;4;55;33;3.60;4;2;1;50;0;6509533;341;0
11;19;78;18;4;55;37;4.00;3;2;1;53;0;6509537;110;0
11;19;78;18;4;56;62;3.40;1;1;1;60;0;6509662;493;0
11;19;78;18;4;56;87;3.40;3;2;1;51;0;6509687;122;0
11;19;78;18;4;57;62;4.00;2;1;1;57;0;6509762;469;0
11;19;78;18;4;57;33;20.60;4;2;4;49;0;6509733;174;0
11;19;78;18;4;58;83;11.80;2;1;7;58;0;6509883;95;0
11;19;78;18;4;59;83;3.60;1;1;1;52;0;6509983;300;0
11;19;78;18;5;0;21;3.80;3;2;1;57;0;6510021;310;0
11;19;78;18;4;58;82;2.00;2;1;1;10;0;6509882;-1;0
11;19;78;18;5;0;84;3.80;4;2;1;47;0;6510084;199;0
11;19;78;18;5;1;66;3.40;1;1;1;54;0;6510166;158;0
11;19;78;18;5;2;61;3.80;4;2;1;48;0;6510261;147;0
11;19;78;18;5;3;30;3.60;3;2;1;58;0;6510330;285;0
11;19;78;18;5;3;40;3.60;1;1;1;53;0;6510340;151;0
11;19;78;18;5;3;80;3.40;2;1;1;58;0;6510380;426;0
11;19;78;18;5;3;87;5.40;4;2;1;49;0;6510387;97;6509533
11;19;78;18;5;4;86;4.00;1;1;1;53;0;6510486;121;6509533
11;19;78;18;5;5;11;3.80;4;2;1;48;0;6510511;84;6509533
11;19;78;18;5;6;30;3.20;3;2;1;54;0;6510630;277;0
11;19;78;18;5;7;10;4.80;4;2;1;49;0;6510710;170;6509533
11;19;78;18;5;7;20;3.60;1;1;1;50;0;6510720;206;0
11;19;78;18;5;8;38;3.80;3;2;1;57;0;6510838;186;0
11;19;78;18;5;8;44;4.00;2;1;1;55;0;6510844;442;0
11;19;78;18;5;8;84;3.40;4;2;1;48;0;6510884;138;6509533
11;19;78;18;5;8;89;3.40;1;1;1;51;0;6510889;143;6509533
11;19;78;18;5;9;69;3.20;2;1;1;55;0;6510969;98;6509533
11;19;78;18;5;10;63;3.60;4;2;1;50;0;6511063;153;6509533
11;19;78;18;5;10;89;3.60;2;1;1;53;0;6511089;99;6509533
11;19;78;18;5;12;17;3.80;1;1;1;55;0;6511217;304;0
11;19;78;18;5;12;72;4.00;2;1;1;49;0;6511272;158;0
11;19;78;18;5;14;8;3.60;2;1;1;50;0;6511408;106;6510844
11;19;78;18;5;14;40;3.20;1;1;1;53;0;6511440;198;6510844
11;19;78;18;5;15;0;4.20;2;1;1;48;0;6511500;66;6510844
11;19;78;18;5;15;68;3.60;1;1;1;51;0;6511568;106;6510844
11;19;78;18;5;16;97;3.20;1;1;1;50;0;6511697;103;6510844
11;19;78;18;5;17;94;3.60;1;1;1;46;0;6511794;73;6511217
11;19;78;18;5;18;11;4.00;2;1;1;56;0;6511811;279;0
11;19;78;18;5;19;67;3.20;1;1;1;45;0;6511967;144;6511217
11;19;78;18;5;21;34;4.40;4;2;1;58;0;6512134;1045;0
11;19;78;18;5;21;26;3.80;1;1;1;42;0;6512126;133;6511217
11;19;78;18;5;21;76;3.40;2;1;1;53;0;6512176;339;0
11;19;78;18;5;23;2;3.60;1;1;1;42;0;6512302;143;6511217
11;19;78;18;5;23;30;3.80;2;1;1;49;0;6512330;130;6511217
11;19;78;18;5;23;94;3.20;3;2;1;59;0;6512394;1532;0
11;19;78;18;5;24;89;3.80;2;1;1;47;0;6512489;131;0
11;19;78;18;5;26;27;3.60;1;1;1;41;0;6512627;294;0
11;19;78;18;5;27;33;3.40;2;1;1;44;0;6512733;214;0
11;19;78;18;5;27;73;3.60;3;2;1;66;0;6512773;359;0
11;19;78;18;5;27;78;3.20;4;2;1;56;0;6512778;616;0
11;19;78;18;5;28;19;3.80;1;1;1;41;0;6512819;160;0
11;19;78;18;5;28;35;3.40;2;1;1;44;0;6512835;74;0
11;19;78;18;5;29;47;3.60;1;1;1;40;0;6512947;94;0
11;19;78;18;5;30;50;3.60;2;1;1;46;0;6513050;187;0
11;19;78;18;5;30;58;3.80;1;1;1;41;0;6513058;78;0
11;19;78;18;5;31;11;3.60;4;2;1;57;0;6513111;312;0
11;19;78;18;5;32;25;3.60;2;1;1;43;0;6513225;146;0
11;19;78;18;5;32;94;3.60;1;1;1;39;0;6513294;202;0
11;19;78;18;5;34;79;3.80;1;1;1;38;0;6513479;151;0
11;19;78;18;5;37;5;3.60;1;1;1;36;0;6513705;190;0
11;19;78;18;5;37;51;3.60;2;1;1;41;0;6513751;495;0
11;19;78;18;5;38;57;3.20;2;1;1;39;0;6513857;74;0
11;19;78;18;5;38;76;3.80;1;1;1;38;0;6513876;135;0
11;19;78;18;5;39;96;3.60;3;2;1;54;0;6513996;1203;0
11;19;78;18;5;40;14;3.40;2;1;1;38;0;6514014;127;0
11;19;78;18;5;40;63;3.60;1;1;1;36;0;6514063;151;6513294
11;19;78;18;5;41;49;3.00;2;1;1;37;0;6514149;102;6513294
11;19;78;18;5;41;96;4.60;1;1;1;32;0;6514196;97;6513294
11;19;78;18;5;42;68;4.40;2;1;1;35;0;6514268;89;6513751
11;19;78;18;5;43;75;3.60;1;1;1;32;0;6514375;127;6513294
11;19;78;18;5;44;14;3.60;2;1;1;36;0;6514414;100;6513751
11;19;78;18;5;45;54;3.80;1;1;1;31;0;6514554;138;6513294
11;19;78;18;5;46;99;4.00;2;1;1;32;0;6514699;249;0
11;19;78;18;5;48;55;3.40;2;1;1;32;0;6514855;111;0
11;19;78;18;5;50;67;4.00;1;1;1;31;0;6515067;468;0
11;19;78;18;5;51;44;3.80;2;1;1;36;0;6515144;250;0
11;19;78;18;5;52;31;3.60;1;1;1;31;0;6515231;117;0
11;19;78;18;5;54;95;4.00;1;1;1;35;0;6515495;222;0
11;19;78;18;5;55;27;4.00;2;1;1;41;0;6515527;345;0
11;19;78;18;5;57;75;3.60;3;2;1;63;0;6515775;1755;0
11;19;78;18;5;57;41;3.60;2;1;1;40;0;6515741;178;0
11;19;78;18;5;57;32;3.80;1;1;1;36;0;6515732;195;0
11;19;78;18;5;58;79;3.20;4;2;1;56;0;6515879;2745;0
11;19;78;18;5;58;86;3.20;2;1;1;39;0;6515886;112;0
11;19;78;18;5;59;61;4.00;1;1;1;38;0;6515961;191;0
11;19;78;18;6;0;18;4.20;2;1;1;40;0;6516018;102;0
11;19;78;18;6;0;64;3.80;4;2;1;57;0;6516064;164;0
11;19;78;18;6;1;75;3.60;1;1;1;43;0;6516175;176;0
11;19;78;18;6;2;28;3.60;4;2;1;57;0;6516228;140;0
11;19;78;18;6;7;13;4.00;4;2;1;67;0;6516713;462;0
11;19;78;18;6;8;70;3.80;4;2;1;62;0;6516870;135;0
11;19;78;18;6;10;34;3.60;4;2;1;60;0;6517034;141;0
11;19;78;18;6;10;60;3.60;3;2;1;66;0;6517060;1264;0
11;19;78;18;6;12;27;3.60;4;2;1;62;0;6517227;171;0
11;19;78;18;6;14;43;3.20;3;2;1;70;0;6517443;363;0
11;19;78;18;6;14;91;3.40;4;2;1;59;0;6517491;243;0
11;19;78;18;6;15;55;3.80;3;2;1;65;0;6517555;95;0
11;19;78;18;6;15;96;3.60;4;2;1;57;0;6517596;84;0
11;19;78;18;6;16;69;3.60;3;2;1;62;0;6517669;92;0
11;19;78;18;6;16;88;7.40;4;2;2;57;0;6517688;69;0
11;19;78;18;6;18;99;3.60;3;2;1;61;0;6517899;209;0
11;19;78;18;6;19;75;4.60;4;2;1;54;0;6517975;240;0
11;19;78;18;6;20;58;3.80;3;2;1;58;0;6518058;137;0
11;19;78;18;6;22;92;3.20;4;2;1;56;0;6518292;286;0
11;19;78;18;6;24;15;3.40;3;2;1;57;0;6518415;333;0
11;19;78;18;6;24;73;4.00;4;2;1;57;0;6518473;160;0
11;19;78;18;6;25;34;3.60;3;2;1;54;0;6518534;97;0
11;19;78;18;6;26;7;3.80;4;2;1;54;0;6518607;108;0
11;19;78;18;6;26;55;3.80;3;2;1;53;0;6518655;97;0
11;19;78;18;6;28;79;3.80;3;2;1;52;0;6518879;198;0
11;19;78;18;6;29;69;3.20;3;2;1;51;0;6518969;63;6518415
11;19;78;18;6;32;31;3.80;4;2;1;59;0;6519231;598;0
11;19;78;18;6;33;8;3.60;2;1;1;59;0;6519308;3252;0
11;19;78;18;6;34;21;3.60;3;2;1;62;0;6519421;429;0
11;19;78;18;6;35;31;3.20;3;2;1;62;0;6519531;89;0
11;19;78;18;6;36;25;13.80;4;2;4;56;0;6519625;370;0
11;19;78;18;6;39;70;3.00;4;2;1;56;0;6519970;256;0
11;19;78;18;6;40;9;3.40;2;1;1;50;0;6520009;679;0
11;19;78;18;6;41;49;3.00;4;2;1;56;0;6520149;159;0
11;19;78;18;6;42;44;5.20;3;2;1;58;0;6520244;694;0
11;19;78;18;6;43;1;3.80;4;2;1;55;0;6520301;132;0
11;19;78;18;6;43;71;3.80;2;1;1;55;0;6520371;337;0
11;19;78;18;6;44;78;3.60;3;2;1;61;0;6520478;201;0
11;19;78;18;6;44;92;3.20;4;2;1;54;0;6520492;166;0
11;19;78;18;6;45;28;3.60;1;1;1;62;0;6520528;4322;0
11;19;78;18;6;47;58;3.80;4;2;1;51;0;6520758;244;0
11;19;78;18;6;48;41;3.60;3;2;1;56;0;6520841;341;0
11;19;78;18;6;50;86;4.00;1;1;1;57;0;6521086;537;0
11;19;78;18;6;53;44;3.60;1;1;1;59;0;6521344;232;0
11;19;78;18;6;55;26;3.40;1;1;1;58;0;6521526;160;0
11;19;78;18;6;56;20;3.60;2;1;1;55;0;6521620;1224;0
11;19;78;18;6;57;34;3.20;2;1;1;55;0;6521734;90;0
11;19;78;18;6;58;39;3.60;1;1;1;55;0;6521839;291;0
11;19;78;18;6;58;47;3.80;2;1;1;55;0;6521847;92;0
11;19;78;18;7;0;84;3.20;1;1;1;54;0;6522084;221;0
11;19;78;18;7;2;8;3.40;2;1;1;60;0;6522208;336;0
11;19;78;18;7;2;71;3.20;1;1;1;54;0;6522271;165;0
11;19;78;18;7;4;98;3.80;2;1;1;60;0;6522498;269;0
11;19;78;18;7;5;38;3.40;1;1;1;51;0;6522538;245;0
11;19;78;18;7;5;94;3.80;4;2;1;61;0;6522594;1809;0
11;19;78;18;7;7;5;3.60;1;1;1;50;0;6522705;143;0
11;19;78;18;7;7;42;3.60;2;1;1;55;0;6522742;221;0
11;19;78;18;7;8;8;3.20;1;1;1;50;0;6522808;77;0
11;19;78;18;7;8;94;3.20;4;2;1;50;0;6522894;277;0
11;19;78;18;7;9;6;3.40;1;1;1;50;0;6522906;74;0
11;19;78;18;7;10;7;3.80;1;1;1;50;0;6523007;76;6522538
11;19;78;18;7;10;97;3.60;2;1;1;59;0;6523097;331;0
11;19;78;18;7;12;23;3.60;1;1;1;50;0;6523223;188;6522538
11;19;78;18;7;13;65;3.40;2;1;1;54;0;6523365;246;0
11;19;78;18;7;13;97;3.60;1;1;1;48;0;6523397;148;6522538
11;19;78;18;7;15;6;3.60;2;1;1;55;0;6523506;118;6522538
11;19;78;18;7;15;41;3.60;1;1;1;52;0;6523541;117;6522538
11;19;78;18;7;17;60;6.20;3;2;1;64;0;6523760;2895;0
11;19;78;18;7;17;94;3.20;2;1;1;50;0;6523794;264;0
11;19;78;18;7;18;60;3.80;1;1;1;52;0;6523860;294;0
11;19;78;18;7;19;12;3.60;4;2;1;60;0;6523912;994;0
11;19;78;18;7;19;13;3.60;2;1;1;49;0;6523913;95;0
11;19;78;18;7;19;83;3.80;1;1;1;51;0;6523983;96;0
11;19;78;18;7;20;10;4.00;4;2;1;58;0;6524010;76;0
11;19;78;18;7;20;21;3.20;2;1;1;48;0;6524021;81;0
11;19;78;18;7;21;3;3.60;3;2;1;64;0;6524103;308;0
11;19;78;18;7;21;59;3.60;2;1;1;47;0;6524159;114;0
11;19;78;18;7;21;86;3.80;1;1;1;50;0;6524186;176;0
11;19;78;18;7;23;21;3.20;3;2;1;59;0;6524321;197;0
11;19;78;18;7;24;49;3.20;1;1;1;51;0;6524449;235;0
11;19;78;18;7;25;17;3.40;4;2;1;53;0;6524517;482;0
11;19;78;18;7;26;27;4.60;1;1;1;53;0;6524627;155;0
11;19;78;18;7;27;76;3.60;1;1;1;52;0;6524776;117;0
11;19;78;18;7;28;56;3.00;4;2;1;55;0;6524856;315;0
11;19;78;18;7;29;42;3.60;2;1;1;48;0;6524942;755;0
11;19;78;18;7;30;0;3.20;1;1;1;50;0;6525000;199;0
11;19;78;18;7;30;83;3.60;3;2;1;58;0;6525083;742;0
11;19;78;18;7;31;3;3.60;2;1;1;48;0;6525103;134;0
11;19;78;18;7;31;73;3.40;4;2;1;55;0;6525173;297;0
11;19;78;18;7;32;43;4.80;3;2;1;61;0;6525243;137;0
11;19;78;18;7;32;18;4.60;1;1;1;50;0;6525218;194;6524449
11;19;78;18;7;32;20;3.60;2;1;1;46;0;6525220;90;6524449
11;19;78;18;7;33;31;3.60;2;1;1;45;0;6525331;82;6524449
11;19;78;18;7;34;39;3.60;1;1;1;49;0;6525439;187;6524449
11;19;78;18;7;35;10;3.00;3;2;1;57;0;6525510;238;0
11;19;78;18;7;36;46;3.20;4;2;1;53;0;6525646;450;0
11;19;78;18;7;37;58;3.60;1;1;1;59;0;6525758;292;0
11;19;78;18;7;38;73;3.60;1;1;1;56;0;6525873;93;0
11;19;78;18;7;40;23;3.60;1;1;1;57;0;6526023;126;0
11;19;78;18;7;43;93;6.40;2;1;1;53;0;6526393;1033;0
11;19;78;18;7;44;20;4.40;4;2;1;61;0;6526420;752;0
11;19;78;18;7;43;88;12.40;1;1;3;45;0;6526388;342;0
11;19;78;18;7;46;11;3.40;4;2;1;59;0;6526611;165;0
11;19;78;18;7;47;47;3.20;1;1;1;47;0;6526747;259;0
11;19;78;18;7;47;86;3.60;2;1;1;55;0;6526786;349;0
11;19;78;18;7;48;79;3.60;1;1;1;48;0;6526879;107;0
11;19;78;18;7;49;9;3.60;3;2;1;60;0;6526909;1380;0
11;19;78;18;7;49;28;3.60;2;1;1;49;0;6526928;118;0
11;19;78;18;7;50;59;4.00;4;2;1;59;0;6527059;427;0
11;19;78;18;7;50;50;4.00;1;1;1;49;0;6527050;144;0
11;19;78;18;7;50;65;3.80;2;1;1;51;0;6527065;110;0
11;19;78;18;7;51;21;3.60;3;2;1;61;0;6527121;190;0
11;19;78;18;7;52;64;4.00;1;1;1;47;0;6527264;184;0
11;19;78;18;7;53;57;3.40;4;2;1;57;0;6527357;273;0
11;19;78;18;7;54;29;3.20;3;2;1;60;0;6527429;286;0
11;19;78;18;7;54;19;3.80;1;1;1;47;0;6527419;124;6526747
11;19;78;18;7;56;3;3.60;3;2;1;64;0;6527603;154;6526747
11;19;78;18;7;56;96;5.40;3;2;1;65;0;6527696;72;6526747
11;19;78;18;7;57;57;3.40;4;2;1;57;0;6527757;378;0
11;19;78;18;7;59;43;3.80;1;1;1;56;0;6527943;494;0
11;19;78;18;7;59;75;3.60;3;2;1;61;0;6527975;249;0
11;19;78;18;8;0;32;3.60;4;2;1;53;0;6528032;253;0
11;19;78;18;8;1;80;3.60;2;1;1;59;0;6528180;1088;0
11;19;78;18;8;1;92;3.40;4;2;1;54;0;6528192;135;0
11;19;78;18;8;4;6;3.80;3;2;1;61;0;6528406;409;0
11;19;78;18;8;4;42;3.60;4;2;1;53;0;6528442;227;0
11;19;78;18;8;5;84;3.40;4;2;1;52;0;6528584;117;0
11;19;78;18;8;6;27;3.80;3;2;1;61;0;6528627;198;0
11;19;78;18;8;7;18;3.80;4;2;1;50;0;6528718;110;0
11;19;78;18;8;8;71;3.60;4;2;1;53;0;6528871;125;0
11;19;78;18;8;8;86;3.40;3;2;1;59;0;6528886;236;0
11;19;78;18;8;10;81;4.00;4;2;1;53;0;6529081;185;6528442
11;19;78;18;8;11;68;3.60;3;2;1;59;0;6529168;261;0
11;19;78;18;8;12;39;3.60;4;2;1;52;0;6529239;130;6528442
11;19;78;18;8;13;14;4.00;3;2;1;60;0;6529314;124;6528442
11;19;78;18;8;14;28;3.40;4;2;1;55;0;6529428;164;6528442
11;19;78;18;8;15;29;3.80;3;2;1;60;0;6529529;191;6528442
11;19;78;18;8;16;55;3.80;4;2;1;56;0;6529655;204;0
11;19;78;18;8;16;71;3.60;3;2;1;60;0;6529671;119;0
11;19;78;18;8;17;77;3.60;3;2;1;58;0;6529777;84;6529168
11;19;78;18;8;17;95;3.60;4;2;1;56;0;6529795;115;6529168
11;19;78;18;8;19;0;3.60;3;2;1;57;0;6529900;100;6529168
11;19;78;18;8;19;38;3.80;4;2;1;59;0;6529938;119;6529168
11;19;78;18;8;20;5;3.80;3;2;1;58;0;6530005;82;6529168
11;19;78;18;8;21;31;3.80;1;1;1;56;0;6530131;2163;0
11;19;78;18;8;22;11;3.80;3;2;1;62;0;6530211;182;6529168
11;19;78;18;8;23;11;3.20;4;2;1;52;0;6530311;349;0
11;19;78;18;8;23;45;3.60;3;2;1;60;0;6530345;111;6529168
11;19;78;18;8;23;76;3.60;2;1;1;57;0;6530376;2174;0
11;19;78;18;8;24;85;3.40;3;2;1;59;0;6530485;118;6529168
11;19;78;18;8;25;47;3.40;4;2;1;51;0;6530547;213;0
11;19;78;18;8;25;69;3.00;3;2;1;54;0;6530569;63;6529168
11;19;78;18;8;26;35;3.80;1;1;1;56;0;6530635;479;0
11;19;78;18;8;26;44;3.40;3;2;1;52;0;6530644;55;6529168
11;19;78;18;8;26;93;4.40;4;2;1;50;0;6530693;122;6529168
11;19;78;18;8;27;51;3.80;3;2;1;54;0;6530751;83;6529168
11;19;78;18;8;28;31;3.60;4;2;1;54;0;6530831;106;6529168
11;19;78;18;8;28;74;3.40;2;1;1;52;0;6530874;475;0
11;19;78;18;8;28;94;4.00;3;2;1;63;0;6530894;117;6529168
11;19;78;18;8;29;77;3.40;1;1;1;57;0;6530977;317;0
11;19;78;18;8;31;2;4.00;4;2;1;53;0;6531102;247;0
11;19;78;18;8;31;50;3.40;1;1;1;59;0;6531150;151;0
11;19;78;18;8;32;36;3.60;2;1;1;58;0;6531236;338;0
11;19;78;18;8;33;13;3.60;1;1;1;58;0;6531313;142;0
11;19;78;18;8;33;51;4.00;2;1;1;61;0;6531351;92;0
11;19;78;18;8;36;55;4.60;1;1;1;54;0;6531655;319;0
11;19;78;18;8;37;83;3.80;2;1;1;59;0;6531783;408;0
11;19;78;18;8;37;99;3.60;1;1;1;53;0;6531799;113;0
11;19;78;18;8;38;59;3.80;4;2;1;59;0;6531859;729;0
11;19;78;18;8;39;96;3.60;1;1;1;53;0;6531996;172;0
11;19;78;18;8;40;89;3.40;3;2;1;60;0;6532089;1172;0
11;19;78;18;8;41;0;3.80;1;1;1;53;0;6532100;79;0
11;19;78;18;8;41;67;3.40;2;1;1;56;0;6532167;360;0
11;19;78;18;8;41;87;3.60;1;1;1;51;0;6532187;61;6531655
11;19;78;18;8;43;29;3.40;2;1;1;56;0;6532329;140;6531655
11;19;78;18;8;43;58;3.80;1;1;1;52;0;6532358;145;6531655
11;19;78;18;8;44;22;3.80;4;2;1;57;0;6532422;539;0
11;19;78;18;8;44;87;3.60;3;2;1;53;0;6532487;377;0
11;19;78;18;8;46;23;3.40;2;1;1;61;0;6532623;272;0
11;19;78;18;8;46;55;3.20;1;1;1;52;0;6532655;270;0
11;19;78;18;8;47;5;3.80;4;2;1;58;0;6532705;259;0
11;19;78;18;8;48;73;3.40;1;1;1;50;0;6532873;195;0
11;19;78;18;8;50;13;3.40;1;1;1;53;0;6533013;115;0
11;19;78;18;8;50;31;3.40;3;2;1;64;0;6533031;519;0
11;19;78;18;8;52;2;3.60;2;1;1;56;0;6533202;558;0
11;19;78;18;8;53;17;3.60;1;1;1;56;0;6533317;280;0
11;19;78;18;8;53;13;1.40;2;1;0;54;1;6533313;87;0
11;19;78;18;8;54;95;4.40;2;1;1;59;0;6533495;269;0
11;19;78;18;8;54;99;3.40;1;1;1;47;0;6533499;158;0
11;19;78;18;8;55;95;3.60;2;1;1;58;0;6533595;73;0
11;19;78;18;8;56;69;3.40;1;1;1;50;0;6533669;143;0
11;19;78;18;8;57;77;4.00;1;1;1;50;0;6533777;83;0
11;19;78;18;8;58;41;5.60;2;1;1;58;0;6533841;223;0
11;19;78;18;9;1;72;3.60;1;1;1;51;0;6534172;366;0
11;19;78;18;9;3;91;3.40;4;2;1;53;0;6534391;1662;0
11;19;78;18;9;3;90;3.60;1;1;1;48;0;6534390;192;0
11;19;78;18;9;4;76;4.00;1;1;1;47;0;6534476;59;0
11;19;78;18;9;5;49;3.20;4;2;1;55;0;6534549;134;0
11;19;78;18;9;5;79;4.00;3;2;1;59;0;6534579;1528;0
11;19;78;18;9;6;10;3.20;1;1;1;46;0;6534610;103;0
11;19;78;18;9;6;95;3.60;2;1;1;57;0;6534695;819;0
11;19;78;18;9;8;24;3.00;4;2;1;57;0;6534824;254;0
11;19;78;18;9;9;82;3.80;1;1;1;50;0;6534982;346;0
11;19;78;18;9;11;49;3.80;2;1;1;62;0;6535149;431;0
11;19;78;18;9;13;66;3.20;4;2;1;51;0;6535366;523;0
11;19;78;18;9;19;50;3.40;1;1;1;55;0;6535950;940;0
11;19;78;18;9;19;63;3.80;2;1;1;64;0;6535963;791;0
11;19;78;18;9;21;74;3.40;4;2;1;69;0;6536174;785;0
11;19;78;18;9;22;47;4.00;1;1;1;56;0;6536247;274;0
11;19;78;18;9;26;72;3.40;3;2;1;69;0;6536672;2068;0
11;19;78;18;9;28;19;4.00;3;2;1;64;0;6536819;129;0
11;19;78;18;9;28;96;4.00;4;2;1;57;0;6536896;704;0
11;19;78;18;9;31;35;3.20;4;2;1;60;0;6537135;213;0
11;19;78;18;9;33;6;3.80;3;2;1;59;0;6537306;464;0
11;19;78;18;9;33;30;3.20;4;2;1;59;0;6537330;175;0
11;19;78;18;9;34;33;3.00;3;2;1;60;0;6537433;103;0
11;19;78;18;9;35;80;3.80;4;2;1;53;0;6537580;230;0
11;19;78;18;9;36;56;3.60;3;2;1;58;0;6537656;205;0
11;19;78;18;9;36;75;3.20;4;2;1;52;0;6537675;69;0
11;19;78;18;9;37;67;3.60;4;2;1;53;0;6537767;69;0
11;19;78;18;9;39;34;3.60;4;2;1;55;0;6537934;142;0
11;19;78;18;9;39;79;4.00;3;2;1;58;0;6537979;300;0
11;19;78;18;9;40;84;3.80;4;2;1;56;0;6538084;126;6537580
11;19;78;18;9;41;4;3.40;3;2;1;54;0;6538104;100;6537580
11;19;78;18;9;42;10;4.00;3;2;1;54;0;6538210;83;6537580
11;19;78;18;9;45;20;5.20;3;2;1;56;0;6538520;283;0
11;19;78;18;9;45;68;3.80;4;2;1;58;0;6538568;459;0
11;19;78;18;9;46;24;3.20;3;2;1;59;0;6538624;70;0
11;19;78;18;9;46;38;3.60;1;1;1;63;0;6538638;2365;0
11;19;78;18;9;46;58;3.60;4;2;1;57;0;6538658;66;0
11;19;78;18;9;47;31;3.40;4;2;1;57;0;6538731;50;0
11;19;78;18;9;48;48;3.80;3;2;1;60;0;6538848;204;0
11;19;78;18;9;49;11;3.40;4;2;1;53;0;6538911;158;0
11;19;78;18;9;50;26;3.20;3;2;1;62;0;6539026;155;0
11;19;78;18;9;50;74;3.80;4;2;1;54;0;6539074;139;6538568
11;19;78;18;9;52;29;3.40;4;2;1;55;0;6539229;129;6538568
11;19;78;18;9;52;55;3.20;3;2;1;60;0;6539255;210;0
11;19;78;18;9;54;3;3.60;3;2;1;62;0;6539403;128;0
11;19;78;18;9;54;41;3.60;4;2;1;56;0;6539441;189;6538568
11;19;78;18;9;55;83;3.40;3;2;1;63;0;6539583;159;6538568
11;19;78;18;9;56;57;3.60;4;2;1;55;0;6539657;192;6538568
11;19;78;18;9;58;0;3.20;4;2;1;53;0;6539800;119;6538568
11;19;78;18;9;58;68;4.00;3;2;1;55;0;6539868;265;0
11;19;78;18;9;59;79;3.60;4;2;1;54;0;6539979;157;6538568
11;19;78;18;10;0;77;3.60;3;2;1;57;0;6540077;182;6538568
11;19;78;18;10;1;86;3.20;3;2;1;59;0;6540186;86;6538568
11;19;78;18;10;3;16;3.80;4;2;1;54;0;6540316;313;0
11;19;78;18;10;4;85;3.80;3;2;1;54;0;6540485;279;0
11;19;78;18;10;5;27;3.80;4;2;1;54;0;6540527;185;0
11;19;78;18;10;5;55;3.00;2;1;1;59;0;6540555;4570;0
11;19;78;18;10;8;20;4.00;1;1;1;57;0;6540820;2161;0
11;19;78;18;10;8;70;3.40;3;2;1;56;0;6540870;359;0
11;19;78;18;10;8;94;3.20;4;2;1;54;0;6540894;341;0
11;19;78;18;10;10;54;3.00;3;2;1;55;0;6541054;162;0
11;19;78;18;10;11;84;3.20;4;2;1;57;0;6541184;268;0
11;19;78;18;10;12;16;3.60;3;2;1;56;0;6541216;142;0
11;19;78;18;10;13;1;3.80;4;2;1;57;0;6541301;96;0
11;19;78;18;10;13;36;3.80;1;1;1;59;0;6541336;490;0
11;19;78;18;10;15;87;3.20;2;1;1;60;0;6541587;1013;0
11;19;78;18;10;17;60;3.60;1;1;1;58;0;6541760;400;0
11;19;78;18;10;19;78;3.60;2;1;1;54;0;6541978;371;0
11;19;78;18;10;21;34;3.60;2;1;1;54;0;6542134;132;0
11;19;78;18;10;22;30;4.40;2;1;1;53;0;6542230;72;0
11;19;78;18;10;23;57;3.60;1;1;1;51;0;6542357;574;0
11;19;78;18;10;24;57;3.80;2;1;1;56;0;6542457;197;0
11;19;78;18;10;25;39;3.80;4;2;1;62;0;6542539;1214;0
11;19;78;18;10;25;81;3.00;1;1;1;48;0;6542581;198;0
11;19;78;18;10;27;0;3.20;2;1;1;59;0;6542700;218;0
11;19;78;18;10;26;91;3.60;3;2;1;68;0;6542691;1451;0
11;19;78;18;10;27;87;3.60;1;1;1;50;0;6542787;183;0
11;19;78;18;10;28;23;3.80;2;1;1;56;0;6542823;103;0
11;19;78;18;10;29;9;3.40;1;1;1;50;0;6542909;96;0
11;19;78;18;10;29;15;3.40;3;2;1;60;0;6542915;204;0
11;19;78;18;10;29;65;3.20;2;1;1;54;0;6542965;117;0
11;19;78;18;10;31;87;3.60;2;1;1;52;0;6543187;200;0
11;19;78;18;10;33;15;3.40;4;2;1;59;0;6543315;753;0
11;19;78;18;10;33;91;3.20;2;1;1;54;0;6543391;179;0
11;19;78;18;10;35;4;3.20;1;1;1;53;0;6543504;570;0
11;19;78;18;10;36;26;3.60;1;1;1;52;0;6543626;100;0
11;19;78;18;10;37;77;4.00;1;1;1;50;0;6543777;126;0
11;19;78;18;10;38;85;4.40;1;1;1;51;0;6543885;79;0
11;19;78;18;10;39;74;3.60;4;2;1;59;0;6543974;638;0
11;19;78;18;10;40;20;4.00;2;1;1;49;0;6544020;607;0
11;19;78;18;10;40;65;3.40;3;2;1;59;0;6544065;1129;0
11;19;78;18;10;41;41;6.00;1;1;1;50;0;6544141;224;0
11;19;78;18;10;42;88;3.80;3;2;1;58;0;6544288;202;0
11;19;78;18;10;43;20;3.40;2;1;1;52;0;6544320;270;0
11;19;78;18;10;44;17;4.80;1;1;1;49;0;6544417;232;0
11;19;78;18;10;45;15;3.60;1;1;1;48;0;6544515;62;0
11;19;78;18;10;45;81;2.80;3;2;1;59;0;6544581;269;0
11;19;78;18;10;45;77;3.60;2;1;1;56;0;6544577;233;0
11;19;78;18;10;46;94;3.80;1;1;1;46;0;6544694;152;0
11;19;78;18;10;47;42;3.40;3;2;1;62;0;6544742;143;0
11;19;78;18;10;47;56;4.00;2;1;1;56;0;6544756;155;0
11;19;78;18;10;49;19;3.80;2;1;1;54;0;6544919;137;0
11;19;78;18;10;49;21;3.60;1;1;1;46;0;6544921;197;0
11;19;78;18;10;51;44;3.80;2;1;1;52;0;6545144;199;0
11;19;78;18;10;52;51;4.80;1;1;1;46;0;6545251;301;0
11;19;78;18;10;53;98;5.20;4;2;1;55;0;6545398;1402;0
11;19;78;18;10;54;20;3.40;1;1;1;44;0;6545420;131;0
11;19;78;18;10;55;84;3.80;2;1;1;53;0;6545584;413;0
11;19;78;18;10;56;3;3.20;1;1;1;42;0;6545603;155;0
11;19;78;18;10;56;52;3.40;3;2;1;61;0;6545652;890;0
11;19;78;18;10;57;11;3.60;2;1;1;53;0;6545711;101;0
11;19;78;18;10;57;69;3.00;4;2;1;59;0;6545769;336;0
11;19;78;18;10;59;52;3.40;1;1;1;41;0;6545952;321;0
11;19;78;18;11;0;11;3.40;4;2;1;58;0;6546011;223;0
11;19;78;18;11;1;27;3.60;2;1;1;53;0;6546127;391;0
11;19;78;18;11;1;41;4.00;1;1;1;43;0;6546141;159;0
11;19;78;18;11;2;48;3.60;2;1;1;51;0;6546248;96;0
11;19;78;18;11;2;92;4.00;4;2;1;64;0;6546292;259;0
11;19;78;18;11;3;22;4.00;1;1;1;49;0;6546322;147;0
11;19;78;18;11;4;45;4.00;1;1;1;51;0;6546445;93;0
11;19;78;18;11;5;67;3.40;2;1;1;53;0;6546567;293;0
11;19;78;18;11;5;69;4.00;1;1;1;52;0;6546569;95;6545952
11;19;78;18;11;7;43;4.40;3;2;1;63;0;6546743;1070;0
11;19;78;18;11;7;53;3.40;4;2;1;57;0;6546753;438;0
11;19;78;18;11;8;10;3.80;1;1;1;55;0;6546810;213;0
11;19;78;18;11;8;85;3.60;3;2;1;60;0;6546885;116;0
11;19;78;18;11;9;32;3.60;1;1;1;51;0;6546932;97;0
11;19;78;18;11;9;54;3.60;4;2;1;57;0;6546954;179;0
11;19;78;18;11;10;38;3.40;3;2;1;59;0;6547038;131;0
11;19;78;18;11;10;91;3.20;4;2;1;57;0;6547091;114;0
11;19;78;18;11;11;38;3.40;3;2;1;59;0;6547138;79;0
11;19;78;18;11;12;8;3.40;4;2;1;62;0;6547208;96;0
11;19;78;18;11;13;75;3.60;3;2;1;62;0;6547375;216;0
11;19;78;18;11;14;74;3.00;3;2;1;60;0;6547474;78;0
11;19;78;18;11;17;14;3.40;4;2;1;54;0;6547714;486;0
11;19;78;18;11;18;55;3.80;4;2;1;52;0;6547855;118;0
11;19;78;18;11;18;71;4.00;3;2;1;64;0;6547871;379;0
11;19;78;18;11;19;99;4.00;3;2;1;64;0;6547999;105;0
11;19;78;18;11;20;3;3.60;1;1;1;53;0;6548003;1045;0
11;19;78;18;11;21;19;3.40;4;2;1;51;0;6548119;237;0
11;19;78;18;11;22;52;3.60;4;2;1;50;0;6548252;109;0
11;19;78;18;11;24;64;3.40;4;2;1;55;0;6548464;186;0
11;19;78;18;11;25;83;3.60;3;2;1;58;0;6548583;561;0
11;19;78;18;11;26;7;3.40;1;1;1;56;0;6548607;579;0
11;19;78;18;11;26;75;5.00;3;2;1;60;0;6548675;69;0
11;19;78;18;11;28;3;3.60;3;2;1;61;0;6548803;98;0
11;19;78;18;11;30;66;3.40;3;2;1;58;0;6549066;241;0
11;19;78;18;11;32;20;3.40;3;2;1;58;0;6549220;132;0
11;19;78;18;11;33;80;3.80;4;2;1;53;0;6549380;893;0
11;19;78;18;11;34;83;4.60;3;2;1;59;0;6549483;241;0
11;19;78;18;11;35;19;3.40;4;2;1;51;0;6549519;113;0
11;19;78;18;11;36;43;3.80;4;2;1;48;0;6549643;100;0
11;19;78;18;11;36;82;3.20;3;2;1;60;0;6549682;170;0
11;19;78;18;11;37;81;3.40;4;2;1;47;0;6549781;109;0
11;19;78;18;11;38;55;3.20;3;2;1;58;0;6549855;153;0
11;19;78;18;11;39;69;3.60;4;2;1;47;0;6549969;161;6549380
11;19;78;18;11;40;10;3.80;3;2;1;59;0;6550010;135;6549380
11;19;78;18;11;41;11;3.60;4;2;1;47;0;6550111;114;6549380
11;19;78;18;11;42;43;3.40;4;2;1;49;0;6550243;104;6549380
11;19;78;18;11;43;42;3.60;3;2;1;67;0;6550342;308;0
11;19;78;18;11;43;85;3.20;4;2;1;49;0;6550385;117;6549380
11;19;78;18;11;46;88;4.00;3;2;1;66;0;6550688;326;0
11;19;78;18;11;49;69;3.60;3;2;1;59;0;6550969;259;0
11;19;78;18;11;49;32;14.20;4;2;4;56;0;6550932;523;0
11;19;78;18;11;51;27;3.20;3;2;1;57;0;6551127;136;0
11;19;78;18;11;52;26;3.20;4;2;1;47;0;6551226;202;0
11;19;78;18;11;53;64;3.00;4;2;1;48;0;6551364;113;0
11;19;78;18;11;54;98;3.80;4;2;1;50;0;6551498;111;0
11;19;78;18;11;55;36;3.40;3;2;1;56;0;6551536;388;0
11;19;78;18;11;55;92;3.20;1;1;1;59;0;6551592;2963;0
11;19;78;18;11;56;94;3.80;2;1;1;60;0;6551694;5103;0
11;19;78;18;11;59;67;3.80;1;1;1;58;0;6551967;355;0
11;19;78;18;11;59;75;3.60;2;1;1;57;0;6551975;258;0
11;19;78;18;12;1;98;4.00;2;1;1;59;0;6552198;200;0
11;19;78;18;12;3;28;4.00;1;1;1;58;0;6552328;337;0
11;19;78;18;12;3;77;3.40;2;1;1;56;0;6552377;154;0
11;19;78;18;12;4;16;4.20;1;1;1;57;0;6552416;63;0
11;19;78;18;12;5;8;4.00;1;1;1;55;0;6552508;65;0
11;19;78;18;12;6;8;3.20;2;1;1;57;0;6552608;209;0
11;19;78;18;12;6;27;3.40;1;1;1;52;0;6552627;92;0
11;19;78;18;12;7;41;3.80;2;1;1;55;0;6552741;112;0
11;19;78;18;12;9;30;3.80;2;1;1;54;0;6552930;164;0
11;19;78;18;12;11;11;3.40;3;2;1;62;0;6553111;1553;0
11;19;78;18;12;10;90;3.80;2;1;1;55;0;6553090;134;0
11;19;78;18;12;10;93;3.20;1;1;1;53;0;6553093;442;0
11;19;78;18;12;11;70;3.60;4;2;1;53;0;6553170;1644;0
11;19;78;18;12;12;42;5.00;1;1;1;51;0;6553242;127;0
11;19;78;18;12;12;74;3.40;2;1;1;55;0;6553274;159;6552608
11;19;78;18;12;13;61;3.40;4;2;1;54;0;6553361;166;6552608
11;19;78;18;12;14;65;12.40;1;1;3;55;0;6553465;187;6552608
11;19;78;18;12;15;44;3.40;4;2;1;57;0;6553544;160;6552608
11;19;78;18;12;15;69;3.60;2;1;1;55;0;6553569;272;0
11;19;78;18;12;16;6;3.60;3;2;1;56;0;6553606;475;0
11;19;78;18;12;17;11;3.20;1;1;1;54;0;6553711;164;0
11;19;78;18;12;17;39;3.80;4;2;1;66;0;6553739;173;0
11;19;78;18;12;18;78;3.00;4;2;1;59;0;6553878;118;6553170
11;19;78;18;12;19;49;3.20;2;1;1;60;0;6553949;356;0
11;19;78;18;12;20;7;4.40;1;1;1;50;0;6554007;274;0
11;19;78;18;12;20;26;3.60;3;2;1;61;0;6554026;396;0
11;19;78;18;12;22;60;3.60;4;2;1;60;0;6554260;363;0
11;19;78;18;12;22;81;4.40;1;1;1;48;0;6554281;242;0
11;19;78;18;12;23;27;3.60;3;2;1;60;0;6554327;279;0
11;19;78;18;12;24;35;4.80;2;1;1;54;0;6554435;466;0
11;19;78;18;12;25;6;3.00;3;2;1;60;0;6554506;157;0
11;19;78;18;12;25;38;3.40;4;2;1;59;0;6554538;256;0
11;19;78;18;12;25;58;3.60;2;1;1;52;0;6554558;91;0
11;19;78;18;12;26;68;3.60;1;1;1;47;0;6554668;354;0
11;19;78;18;12;27;40;3.40;3;2;1;64;0;6554740;216;0
11;19;78;18;12;28;12;4.00;1;1;1;45;0;6554812;116;0
11;19;78;18;12;29;38;3.80;3;2;1;62;0;6554938;178;0
11;19;78;18;12;29;44;3.20;1;1;1;42;0;6554944;100;0
11;19;78;18;12;29;73;3.40;2;1;1;50;0;6554973;390;0
11;19;78;18;12;30;17;3.00;4;2;1;56;0;6555017;458;0
11;19;78;18;12;30;70;3.40;1;1;1;45;0;6555070;98;0
11;19;78;18;12;31;20;3.00;2;1;1;49;0;6555120;122;0
11;19;78;18;12;31;96;3.60;1;1;1;45;0;6555196;98;6554668
11;19;78;18;12;32;89;5.20;2;1;1;50;0;6555289;146;6554668
11;19;78;18;12;33;19;3.80;4;2;1;59;0;6555319;282;0
11;19;78;18;12;34;42;3.40;3;2;1;55;0;6555442;481;0
11;19;78;18;12;37;30;3.60;1;1;1;51;0;6555730;505;0
11;19;78;18;12;39;11;3.40;1;1;1;54;0;6555911;155;0
11;19;78;18;12;40;51;3.20;4;2;1;59;0;6556051;708;0
11;19;78;18;12;40;79;3.80;3;2;1;54;0;6556079;614;0
11;19;78;18;12;41;26;3.40;1;1;1;50;0;6556126;192;0
11;19;78;18;12;42;39;3.00;2;1;1;57;0;6556239;912;0
11;19;78;18;12;43;24;3.60;4;2;1;58;0;6556324;253;0
11;19;78;18;12;43;66;3.40;3;2;1;61;0;6556366;261;0
11;19;78;18;12;43;95;3.80;2;1;1;57;0;6556395;137;0
11;19;78;18;12;45;82;3.40;3;2;1;62;0;6556582;195;0
11;19;78;18;12;46;72;3.60;4;2;1;64;0;6556672;325;0
11;19;78;18;12;47;14;3.40;3;2;1;64;0;6556714;112;0
11;19;78;18;12;50;59;3.80;1;1;1;51;0;6557059;908;0
11;19;78;18;12;52;15;3.40;1;1;1;50;0;6557215;129;0
11;19;78;18;12;53;45;4.40;2;1;1;55;0;6557345;926;0
11;19;78;18;12;54;86;4.60;3;2;1;60;0;6557486;752;0
11;19;78;18;12;55;94;3.80;2;1;1;58;0;6557594;220;0
11;19;78;18;12;56;62;4.00;2;1;1;58;0;6557662;44;0
11;19;78;18;12;57;3;15.20;1;1;4;59;0;6557703;463;0
11;19;78;18;12;58;32;3.60;2;1;1;62;0;6557832;145;0
11;19;78;18;13;0;48;4.60;3;2;1;66;0;6558048;534;0
11;19;78;18;13;2;11;3.60;3;2;1;61;0;6558211;137;0
11;19;78;18;13;1;96;3.80;1;1;1;52;0;6558196;400;0
11;19;78;18;13;2;42;4.40;4;2;1;53;0;6558242;1549;0
11;19;78;18;13;3;71;3.80;3;2;1;58;0;6558371;138;0
11;19;78;18;13;4;19;3.80;4;2;1;50;0;6558419;147;0
11;19;78;18;13;4;99;3.40;3;2;1;58;0;6558499;104;0
11;19;78;18;13;6;23;3.60;3;2;1;57;0;6558623;102;6558048
11;19;78;18;13;6;98;3.40;4;2;1;51;0;6558698;251;0
11;19;78;18;13;7;97;4.40;3;2;1;57;0;6558797;151;6558048
11;19;78;18;13;9;58;3.00;4;2;1;48;0;6558958;236;0
11;19;78;18;13;10;9;3.20;1;1;1;58;0;6559009;786;0
11;19;78;18;13;11;39;3.20;1;1;1;52;0;6559139;110;0
11;19;78;18;13;11;87;3.60;4;2;1;46;0;6559187;206;0
11;19;78;18;13;13;20;3.40;4;2;1;47;0;6559320;104;0
11;19;78;18;13;14;87;3.60;4;2;1;51;0;6559487;140;0
11;19;78;18;13;15;38;3.60;3;2;1;55;0;6559538;713;0
11;19;78;18;13;16;56;3.20;3;2;1;58;0;6559656;94;0
11;19;78;18;13;16;49;3.40;4;2;1;55;0;6559649;136;0
11;19;78;18;13;18;14;3.80;3;2;1;57;0;6559814;138;0
11;19;78;18;13;19;20;3.60;3;2;1;57;0;6559920;82;0
11;19;78;18;13;20;86;3.40;3;2;1;59;0;6560086;143;6559538
11;19;78;18;13;23;71;3.00;3;2;1;57;0;6560371;264;0
11;19;78;18;13;38;96;4.20;2;1;1;55;0;6561896;4043;0
11;19;78;18;13;44;28;3.60;4;2;1;60;0;6562428;2756;0
11;19;78;18;13;45;25;4.00;2;1;1;62;0;6562525;601;0
11;19;78;18;13;46;11;3.80;3;2;1;69;0;6562611;2221;0
11;19;78;18;13;46;73;3.60;4;2;1;62;0;6562673;223;0
11;19;78;18;13;47;80;5.00;2;1;1;56;0;6562780;231;0
11;19;78;18;13;49;54;3.60;2;1;1;55;0;6562954;141;0
11;19;78;18;13;49;65;3.60;4;2;1;60;0;6562965;271;0
11;19;78;18;13;49;70;3.80;1;1;1;46;0;6562970;3808;0
11;19;78;18;13;50;82;3.40;1;1;1;46;0;6563082;82;0
11;19;78;18;13;51;52;3.60;2;1;1;56;0;6563152;174;0
11;19;78;18;13;52;63;3.20;1;1;1;45;0;6563263;154;0
11;19;78;18;13;54;63;3.40;2;1;1;54;0;6563463;287;0
11;19;78;18;13;54;81;3.40;1;1;1;44;0;6563481;192;0
11;19;78;18;13;55;32;3.80;4;2;1;63;0;6563532;545;0
11;19;78;18;13;55;77;3.80;2;1;1;53;0;6563577;91;0
11;19;78;18;13;56;49;3.40;1;1;1;44;0;6563649;140;6562970
11;19;78;18;13;57;28;3.00;2;1;1;52;0;6563728;125;6562970
11;19;78;18;13;58;23;3.40;1;1;1;45;0;6563823;146;6562970
11;19;78;18;13;59;16;3.40;1;1;1;45;0;6563916;65;6562970
11;19;78;18;14;0;36;3.40;1;1;1;43;0;6564036;92;6562970
11;19;78;18;14;0;96;3.60;2;1;1;55;0;6564096;347;0
11;19;78;18;14;2;11;3.60;2;1;1;52;0;6564211;91;0
11;19;78;18;14;2;39;3.80;1;1;1;43;0;6564239;174;6562970
11;19;78;18;14;3;67;4.20;2;1;1;54;0;6564367;131;6562970
11;19;78;18;14;4;96;2.80;2;1;1;52;0;6564496;101;6562970
11;19;78;18;14;5;13;4.00;1;1;1;40;0;6564513;242;0
11;19;78;18;14;6;49;3.80;3;2;1;58;0;6564649;2018;0
11;19;78;18;14;6;88;5.20;2;1;1;52;0;6564688;172;6564096
11;19;78;18;14;6;71;3.80;1;1;1;36;0;6564671;122;6564096
11;19;78;18;14;7;95;4.00;3;2;1;60;0;6564795;122;6564096
11;19;78;18;14;8;81;3.80;1;1;1;40;0;6564881;172;6564096
11;19;78;18;14;9;23;4.00;2;1;1;53;0;6564923;199;6564096
11;19;78;18;14;9;76;3.40;4;2;1;50;0;6564976;1422;0
11;19;78;18;14;10;78;3.80;3;2;1;61;0;6565078;259;0
11;19;78;18;14;11;17;3.00;2;1;1;51;0;6565117;166;6564096
11;19;78;18;14;12;34;3.00;3;2;1;58;0;6565234;133;6564096
11;19;78;18;14;12;17;3.20;1;1;1;40;0;6565217;301;0
11;19;78;18;14;12;63;4.00;2;1;1;48;0;6565263;124;6564096
11;19;78;18;14;13;85;3.40;4;2;1;51;0;6565385;384;0
11;19;78;18;14;14;61;3.80;3;2;1;56;0;6565461;208;0
11;19;78;18;14;14;88;4.00;2;1;1;49;0;6565488;195;6564096
11;19;78;18;14;15;82;4.00;3;2;1;54;0;6565582;96;6564096
11;19;78;18;14;15;84;3.80;4;2;1;52;0;6565584;175;6564096
11;19;78;18;14;16;72;3.20;4;2;1;51;0;6565672;61;6564096
11;19;78;18;14;16;37;6.40;1;1;1;45;0;6565637;391;0
11;19;78;18;14;18;29;3.80;2;1;1;58;0;6565829;311;0
11;19;78;18;14;19;20;12.60;4;2;3;50;0;6565920;225;0
11;19;78;18;14;20;64;3.40;1;1;1;48;0;6566064;375;0
11;19;78;18;14;21;60;3.60;4;2;1;53;0;6566160;149;0
11;19;78;18;14;22;50;3.80;1;1;1;48;0;6566250;160;0
11;19;78;18;14;22;86;3.80;2;1;1;56;0;6566286;433;0
11;19;78;18;14;25;9;3.80;4;2;1;56;0;6566509;324;0
11;19;78;18;14;25;58;3.60;3;2;1;63;0;6566558;949;0
11;19;78;18;14;26;16;3.60;2;1;1;52;0;6566616;305;0
11;19;78;18;14;26;41;3.60;4;2;1;55;0;6566641;107;0
11;19;78;18;14;27;71;3.80;3;2;1;66;0;6566771;192;0
11;19;78;18;14;28;98;3.80;1;1;1;63;0;6566898;619;0
11;19;78;18;14;29;62;4.80;3;2;1;64;0;6566962;170;0
11;19;78;18;14;30;15;3.60;4;2;1;58;0;6567015;350;0
11;19;78;18;14;31;9;3.60;4;2;1;66;0;6567109;71;0
11;19;78;18;14;32;85;3.60;3;2;1;63;0;6567285;296;0
11;19;78;18;14;33;4;3.80;4;2;1;64;0;6567304;175;0
11;19;78;18;14;34;35;3.60;3;2;1;62;0;6567435;129;0
11;19;78;18;14;36;49;3.60;3;2;1;61;0;6567649;193;0
11;19;78;18;14;36;76;3.80;1;1;1;52;0;6567676;756;0
11;19;78;18;14;37;67;3.80;2;1;1;57;0;6567767;1126;0
11;19;78;18;14;37;99;3.20;1;1;1;52;0;6567799;96;0
11;19;78;18;14;38;23;3.60;3;2;1;61;0;6567823;152;0
11;19;78;18;14;39;52;3.80;1;1;1;57;0;6567952;130;0
11;19;78;18;14;41;36;3.60;4;2;1;49;0;6568136;810;0
11;19;78;18;14;41;40;4.00;1;1;1;59;0;6568140;164;0
11;19;78;18;14;42;90;3.80;3;2;1;59;0;6568290;445;0
11;19;78;18;14;43;7;5.00;4;2;1;50;0;6568307;144;0
11;19;78;18;14;43;98;3.60;4;2;1;54;0;6568398;55;0
11;19;78;18;14;44;93;3.80;1;1;1;55;0;6568493;328;0
11;19;78;18;14;46;13;3.40;3;2;1;61;0;6568613;299;0
11;19;78;18;14;47;14;3.40;3;2;1;59;0;6568714;80;0
11;19;78;18;14;48;26;3.60;4;2;1;51;0;6568826;404;0
11;19;78;18;14;48;72;3.80;3;2;1;58;0;6568872;137;0
11;19;78;18;14;49;30;3.60;1;1;1;59;0;6568930;412;0
11;19;78;18;14;49;75;3.60;4;2;1;54;0;6568975;123;0
11;19;78;18;14;50;94;3.80;3;2;1;58;0;6569094;198;0
11;19;78;18;14;52;55;3.80;4;2;1;54;0;6569255;256;0
11;19;78;18;14;54;34;3.80;4;2;1;54;0;6569434;153;0
11;19;78;18;14;54;98;3.20;3;2;1;59;0;6569498;380;0
11;19;78;18;14;56;43;3.60;4;2;1;54;0;6569643;183;0
11;19;78;18;14;56;90;3.60;3;2;1;62;0;6569690;172;0
11;19;78;18;14;59;47;4.80;3;2;1;56;0;6569947;236;0
11;19;78;18;15;1;47;3.60;4;2;1;55;0;6570147;480;0
11;19;78;18;15;4;0;3.40;3;2;1;54;0;6570400;422;0
11;19;78;18;15;5;86;4.20;3;2;1;59;0;6570586;163;0
11;19;78;18;15;7;22;3.80;4;2;1;54;0;6570722;551;0
11;19;78;18;15;7;62;3.40;3;2;1;61;0;6570762;150;0
11;19;78;18;15;8;71;3.00;3;2;1;57;0;6570871;88;0
11;19;78;18;15;13;73;3.40;1;1;1;60;0;6571373;2421;0
11;19;78;18;15;14;14;3.80;3;2;1;62;0;6571414;524;0
11;19;78;18;15;19;10;3.60;2;1;1;59;0;6571910;4119;0
11;19;78;18;15;19;94;4.60;1;1;1;63;0;6571994;600;0
11;19;78;18;15;20;76;3.20;4;2;1;62;0;6572076;1328;0
11;19;78;18;15;22;31;3.60;1;1;1;60;0;6572231;210;0
11;19;78;18;15;23;20;3.60;2;1;1;62;0;6572320;388;0
11;19;78;18;15;25;18;4.00;2;1;1;58;0;6572518;177;0
11;19;78;18;15;27;1;3.40;4;2;1;57;0;6572701;606;0
11;19;78;18;15;27;43;3.40;2;1;1;56;0;6572743;200;0
11;19;78;18;15;28;82;3.00;1;1;1;54;0;6572882;629;0
11;19;78;18;15;28;95;3.60;2;1;1;59;0;6572895;130;0
11;19;78;18;15;31;6;4.00;1;1;1;54;0;6573106;204;0
11;19;78;18;15;31;11;3.60;2;1;1;58;0;6573111;194;0
11;19;78;18;15;32;41;3.40;3;2;1;65;0;6573241;1804;0
11;19;78;18;15;32;53;3.40;1;1;1;54;0;6573253;120;0
11;19;78;18;15;33;57;3.20;1;1;1;52;0;6573357;81;0
11;19;78;18;15;38;16;3.60;4;2;1;62;0;6573816;1093;0
11;19;78;18;15;40;11;3.20;4;2;1;61;0;6574011;174;0
11;19;78;18;15;40;14;3.00;1;1;1;46;0;6574014;634;0
11;19;78;18;15;39;83;11.60;2;1;7;44;0;6573983;849;0
11;19;78;18;15;41;27;4.20;1;1;1;45;0;6574127;89;0
11;19;78;18;15;41;33;3.40;2;1;1;43;0;6574133;55;0
11;19;78;18;15;41;93;3.80;3;2;1;57;0;6574193;933;0
11;19;78;18;15;42;9;3.60;4;2;1;59;0;6574209;179;0
11;19;78;18;15;43;7;3.80;2;1;1;44;0;6574307;145;0
11;19;78;18;15;44;3;3.40;3;2;1;57;0;6574403;186;0
11;19;78;18;15;44;33;3.80;4;2;1;57;0;6574433;202;0
11;19;78;18;15;44;72;3.00;1;1;1;43;0;6574472;311;0
11;19;78;18;15;44;73;3.20;2;1;1;46;0;6574473;134;0
11;19;78;18;15;46;8;3.00;1;1;1;42;0;6574608;110;0
11;19;78;18;15;46;42;3.60;2;1;1;44;0;6574642;143;6573983
11;19;78;18;15;46;67;3.00;4;2;1;56;0;6574667;210;0
11;19;78;18;15;47;46;3.60;1;1;1;44;0;6574746;112;0
11;19;78;18;15;49;68;3.60;4;2;1;52;0;6574968;281;0
11;19;78;18;15;49;64;7.00;1;1;1;39;0;6574964;188;0
11;19;78;18;15;50;98;3.60;2;1;1;42;0;6575098;426;0
11;19;78;18;15;51;20;3.80;1;1;1;37;0;6575120;91;6574472
11;19;78;18;15;52;47;3.00;4;2;1;54;0;6575247;254;0
11;19;78;18;15;52;47;3.80;1;1;1;38;0;6575247;90;6574472
11;19;78;18;15;53;66;3.40;1;1;1;34;0;6575366;83;6574472
11;19;78;18;15;53;82;3.80;2;1;1;36;0;6575382;253;0
11;19;78;18;15;55;35;3.80;2;1;1;35;0;6575535;115;0
11;19;78;18;15;55;83;3.80;1;1;1;41;0;6575583;181;6574472
11;19;78;18;15;57;43;4.00;1;1;1;41;0;6575743;126;6574472
11;19;78;18;15;59;59;5.80;2;1;1;44;0;6575959;384;0
11;19;78;18;16;0;80;3.60;4;2;1;57;0;6576080;813;0
11;19;78;18;16;1;41;4.40;2;1;1;43;0;6576141;134;0
11;19;78;18;16;1;89;4.00;1;1;1;46;0;6576189;410;0
11;19;78;18;16;2;69;3.40;4;2;1;57;0;6576269;166;0
11;19;78;18;16;3;41;3.40;1;1;1;43;0;6576341;120;0
11;19;78;18;16;4;55;3.40;2;1;1;47;0;6576455;277;0
11;19;78;18;16;5;34;3.60;4;2;1;58;0;6576534;243;0
11;19;78;18;16;5;47;3.80;1;1;1;49;0;6576547;177;0
11;19;78;18;16;6;9;3.60;2;1;1;47;0;6576609;127;0
11;19;78;18;16;7;23;3.00;1;1;1;46;0;6576723;148;0
11;19;78;18;16;9;30;3.40;3;2;1;64;0;6576930;2505;0
11;19;78;18;16;9;84;3.60;4;2;1;52;0;6576984;427;0
11;19;78;18;16;12;18;3.80;4;2;1;53;0;6577218;209;0
11;19;78;18;16;13;10;5.20;3;2;1;63;0;6577310;360;0
11;19;78;18;16;14;88;3.40;2;1;1;60;0;6577488;851;0
11;19;78;18;16;16;18;3.40;1;1;1;62;0;6577618;871;0
11;19;78;18;16;18;10;3.60;1;1;1;62;0;6577810;172;0
11;19;78;18;16;18;29;3.80;2;1;1;56;0;6577829;320;0
11;19;78;18;16;19;44;3.60;2;1;1;55;0;6577944;90;0
11;19;78;18;16;19;35;11.20;4;2;2;51;0;6577935;691;0
11;19;78;18;16;21;69;3.20;3;2;1;57;0;6578169;829;0
11;19;78;18;16;22;10;3.80;4;2;1;50;0;6578210;195;0
11;19;78;18;16;23;45;3.00;4;2;1;50;0;6578345;107;0
11;19;78;18;16;24;95;3.80;3;2;1;54;0;6578495;305;0
11;19;78;18;16;25;60;3.20;4;2;1;51;0;6578560;193;0
11;19;78;18;16;26;9;3.60;3;2;1;54;0;6578609;88;0
11;19;78;18;16;27;47;4.40;1;1;1;57;0;6578747;916;0
11;19;78;18;16;27;64;3.60;4;2;1;51;0;6578764;181;6577935
11;19;78;18;16;27;92;3.60;3;2;1;55;0;6578792;159;6577935
11;19;78;18;16;29;9;4.40;3;2;1;53;0;6578909;93;6577935
11;19;78;18;16;29;51;3.40;4;2;1;50;0;6578951;161;6577935
11;19;78;18;16;30;79;4.00;4;2;1;49;0;6579079;103;6577935
11;19;78;18;16;31;54;3.60;3;2;1;51;0;6579154;215;0
11;19;78;18;16;32;49;4.00;4;2;1;49;0;6579249;140;6577935
11;19;78;18;16;32;79;3.60;3;2;1;52;0;6579279;99;6577935
11;19;78;18;16;33;93;3.80;3;2;1;51;0;6579393;89;6577935
11;19;78;18;16;34;7;7.80;4;2;6;49;0;6579407;128;6577935
11;19;78;18;16;35;42;3.20;3;2;1;55;0;6579542;122;6577935
11;19;78;18;16;35;72;3.40;4;2;1;50;0;6579572;107;6577935
11;19;78;18;16;36;33;2.80;3;2;1;55;0;6579633;70;6579154
11;19;78;18;16;37;75;3.60;4;2;1;53;0;6579775;178;6577935
11;19;78;18;16;40;31;4.40;3;2;1;55;0;6580031;379;0
11;19;78;18;16;41;14;3.80;4;2;1;52;0;6580114;314;0
11;19;78;18;16;41;69;3.60;3;2;1;54;0;6580169;109;0
11;19;78;18;16;43;45;3.40;3;2;1;52;0;6580345;152;0
11;19;78;18;16;44;32;3.80;4;2;1;52;0;6580432;291;0
11;19;78;18;16;45;14;3.60;3;2;1;49;0;6580514;145;0
11;19;78;18;16;46;53;4.00;3;2;1;51;0;6580653;112;6580031
11;19;78;18;16;48;46;3.40;3;2;1;51;0;6580846;164;6580031
11;19;78;18;16;50;67;3.80;3;2;1;45;0;6581067;197;6580031
11;19;78;18;16;53;1;3.80;4;2;1;59;0;6581301;842;0
11;19;78;18;16;53;8;3.20;3;2;1;47;0;6581308;210;0
11;19;78;18;16;53;54;3.80;2;1;1;55;0;6581354;3386;0
11;19;78;18;16;53;93;3.60;4;2;1;53;0;6581393;68;0
11;19;78;18;16;55;43;3.60;1;1;1;57;0;6581543;2768;0
11;19;78;18;16;55;75;3.80;2;1;1;59;0;6581575;196;0
11;19;78;18;16;56;30;3.60;1;1;1;56;0;6581630;64;0
11;19;78;18;16;57;48;3.60;4;2;1;57;0;6581748;330;0
11;19;78;18;16;58;15;3.80;1;1;1;54;0;6581815;161;0
11;19;78;18;16;58;34;3.20;2;1;1;59;0;6581834;235;0
11;19;78;18;16;59;64;3.60;1;1;1;52;0;6581964;123;0
11;19;78;18;16;59;82;3.60;2;1;1;56;0;6581982;128;0
11;19;78;18;17;0;96;3.40;3;2;1;59;0;6582096;763;0
11;19;78;18;17;2;53;3.00;4;2;1;54;0;6582253;482;0
11;19;78;18;17;3;85;3.40;2;1;1;52;0;6582385;379;0
11;19;78;18;17;5;14;3.60;3;2;1;56;0;6582514;397;0
11;19;78;18;17;4;80;11.40;1;1;3;52;0;6582480;491;0
11;19;78;18;17;5;97;3.60;4;2;1;64;0;6582597;324;0
11;19;78;18;17;6;80;3.60;2;1;1;55;0;6582680;271;0
11;19;78;18;17;6;91;3.40;1;1;1;52;0;6582691;132;0
11;19;78;18;17;7;12;4.00;3;2;1;67;0;6582712;174;0
11;19;78;18;17;7;29;4.00;4;2;1;50;0;6582729;111;0
11;19;78;18;17;8;76;3.60;3;2;1;64;0;6582876;142;0
11;19;78;18;17;8;99;3.60;4;2;1;51;0;6582899;141;0
11;19;78;18;17;9;85;3.20;1;1;1;50;0;6582985;270;0
11;19;78;18;17;10;32;3.40;2;1;1;55;0;6583032;328;0
11;19;78;18;17;10;40;3.40;4;2;1;51;0;6583040;115;0
11;19;78;18;17;12;65;3.40;2;1;1;54;0;6583265;210;0
11;19;78;18;17;12;75;3.00;4;2;1;54;0;6583275;211;0
11;19;78;18;17;13;23;3.60;3;2;1;65;0;6583323;426;0
11;19;78;18;17;13;91;3.60;2;1;1;57;0;6583391;103;0
11;19;78;18;17;13;94;2.00;1;1;0;57;1;6583394;385;0
11;19;78;18;17;15;18;3.60;1;1;1;47;0;6583518;509;0
11;19;78;18;17;15;42;4.00;2;1;1;59;0;6583542;128;0
11;19;78;18;17;16;14;4.60;1;1;1;46;0;6583614;68;0
11;19;78;18;17;17;21;4.00;1;1;1;46;0;6583721;71;0
11;19;78;18;17;18;4;3.60;2;1;1;54;0;6583804;237;0
11;19;78;18;17;18;47;2.80;1;1;1;46;0;6583847;94;0
11;19;78;18;17;19;98;3.20;1;1;1;46;0;6583998;129;6583518
11;19;78;18;17;22;26;3.80;2;1;1;56;0;6584226;398;0
11;19;78;18;17;22;19;3.60;1;1;1;44;0;6584219;195;6583518
11;19;78;18;17;23;46;4.60;4;2;1;56;0;6584346;1051;0
11;19;78;18;17;26;61;3.60;3;2;1;59;0;6584661;1318;0
11;19;78;18;17;27;76;3.60;2;1;1;60;0;6584776;525;0
11;19;78;18;17;27;90;3.40;3;2;1;62;0;6584790;107;0
11;19;78;18;17;27;90;3.40;4;2;1;60;0;6584790;414;0
11;19;78;18;17;28;45;3.60;1;1;1;49;0;6584845;596;0
11;19;78;18;17;30;52;3.00;4;2;1;60;0;6585052;241;0
11;19;78;18;17;31;33;3.60;1;1;1;48;0;6585133;261;0
11;19;78;18;17;31;50;3.40;2;1;1;57;0;6585150;352;0
11;19;78;18;17;31;62;3.60;3;2;1;60;0;6585162;352;0
11;19;78;18;17;32;47;3.60;2;1;1;56;0;6585247;75;0
11;19;78;18;17;32;53;3.40;3;2;1;61;0;6585253;69;0
11;19;78;18;17;32;80;3.80;1;1;1;53;0;6585280;120;0
11;19;78;18;17;33;15;3.00;4;2;1;56;0;6585315;245;0
11;19;78;18;17;33;47;3.60;2;1;1;53;0;6585347;76;0
11;19;78;18;17;34;50;5.00;1;1;1;56;0;6585450;144;0
11;19;78;18;17;35;25;3.60;4;2;1;58;0;6585525;190;0
11;19;78;18;17;35;77;3.40;1;1;1;55;0;6585577;94;0
11;19;78;18;17;36;63;3.40;4;2;1;60;0;6585663;115;0
11;19;78;18;17;36;82;3.80;1;1;1;54;0;6585682;82;6585133
11;19;78;18;17;37;67;3.60;4;2;1;61;0;6585767;83;6585133
11;19;78;18;17;37;79;3.60;3;2;1;64;0;6585779;505;0
11;19;78;18;17;38;89;3.60;3;2;1;59;0;6585889;89;0
11;19;78;18;17;39;67;3.40;4;2;1;59;0;6585967;178;6585315
11;19;78;18;17;40;35;3.60;1;1;1;53;0;6586035;327;0
11;19;78;18;17;40;43;3.20;3;2;1;62;0;6586043;132;0
11;19;78;18;17;41;65;3.60;2;1;1;57;0;6586165;793;0
11;19;78;18;17;41;73;3.80;3;2;1;60;0;6586173;111;0
11;19;78;18;17;41;98;3.80;4;2;1;57;0;6586198;210;0
11;19;78;18;17;42;60;3.80;1;1;1;54;0;6586260;200;0
11;19;78;18;17;42;73;4.00;3;2;1;61;0;6586273;77;6585779
11;19;78;18;17;43;34;3.60;4;2;1;59;0;6586334;112;6585779
11;19;78;18;17;44;28;3.40;2;1;1;56;0;6586428;240;0
11;19;78;18;17;45;8;3.20;1;1;1;51;0;6586508;222;0
11;19;78;18;17;46;6;3.00;3;2;1;60;0;6586606;309;0
11;19;78;18;17;46;6;3.80;4;2;1;57;0;6586606;250;0
11;19;78;18;17;46;72;3.40;1;1;1;55;0;6586672;141;0
11;19;78;18;17;47;4;4.60;3;2;1;60;0;6586704;80;0
11;19;78;18;17;48;65;3.60;3;2;1;60;0;6586865;133;0
11;19;78;18;17;50;32;3.60;3;2;1;57;0;6587032;145;0
11;19;78;18;17;50;29;4.40;4;2;1;56;0;6587029;399;0
11;19;78;18;17;51;18;3.80;1;1;1;52;0;6587118;423;0
11;19;78;18;17;52;83;3.80;4;2;1;55;0;6587283;225;0
11;19;78;18;17;53;24;4.80;3;2;1;56;0;6587324;269;0
11;19;78;18;17;55;7;3.60;3;2;1;56;0;6587507;152;0
11;19;78;18;17;55;43;3.80;4;2;1;54;0;6587543;235;0
11;19;78;18;17;57;28;3.80;3;2;1;58;0;6587728;197;0
11;19;78;18;17;57;62;4.60;4;2;1;55;0;6587762;193;0
11;19;78;18;17;58;13;3.00;1;1;1;48;0;6587813;668;0
11;19;78;18;17;58;94;3.00;3;2;1;51;0;6587894;142;0
11;19;78;18;17;59;3;3.80;4;2;1;55;0;6587903;110;0
11;19;78;18;17;59;89;4.00;3;2;1;52;0;6587989;73;6587324
11;19;78;18;18;0;51;3.40;4;2;1;55;0;6588051;123;6587324
11;19;78;18;18;1;42;4.80;1;1;1;54;0;6588142;306;0
11;19;78;18;18;1;75;3.60;3;2;1;54;0;6588175;158;6587324
11;19;78;18;18;3;25;4.00;3;2;1;54;0;6588325;126;6587324
11;19;78;18;18;3;47;3.40;4;2;1;49;0;6588347;273;0
11;19;78;18;18;4;70;3.80;4;2;1;50;0;6588470;98;0
11;19;78;18;18;7;99;3.60;4;2;1;50;0;6588799;301;0
11;19;78;18;18;8;30;3.40;3;2;1;61;0;6588830;478;0
11;19;78;18;18;17;45;3.20;2;1;1;58;0;6589745;3295;0
11;19;78;18;18;29;7;4.60;4;2;1;56;0;6590907;2082;0
11;19;78;18;18;34;13;3.00;4;2;1;54;0;6591413;476;0
11;19;78;18;18;41;91;3.60;3;2;1;57;0;6592191;3340;0
11;19;78;18;18;43;24;4.00;4;2;1;57;0;6592324;891;0
11;19;78;18;18;43;93;4.00;2;1;1;62;0;6592393;2628;0
11;19;78;18;18;44;0;3.80;3;2;1;59;0;6592400;186;0
11;19;78;18;18;44;96;4.00;3;2;1;59;0;6592496;72;0
11;19;78;18;18;46;0;3.80;2;1;1;62;0;6592600;183;0
11;19;78;18;18;45;67;11.40;1;1;3;54;0;6592567;4393;0
11;19;78;18;18;48;94;3.40;4;2;1;54;0;6592894;544;0
11;19;78;18;18;51;71;3.40;1;1;1;54;0;6593171;528;0
11;19;78;18;18;52;47;12.20;3;2;3;65;0;6593247;726;0
11;19;78;18;18;53;38;5.20;4;2;1;53;0;6593338;421;0
11;19;78;18;18;53;78;3.80;2;1;1;60;0;6593378;755;0
11;19;78;18;18;55;64;3.00;4;2;1;56;0;6593564;190;0
11;19;78;18;18;57;9;3.20;1;1;1;59;0;6593709;515;0
11;19;78;18;18;57;73;3.20;2;1;1;59;0;6593773;372;0
11;19;78;18;18;58;39;3.40;4;2;1;56;0;6593839;255;0
11;19;78;18;19;0;51;3.60;1;1;1;57;0;6594051;322;0
11;19;78;18;19;1;47;4.60;2;1;1;54;0;6594147;354;0
11;19;78;18;19;2;91;3.80;1;1;1;56;0;6594291;217;0
11;19;78;18;19;2;91;3.80;2;1;1;54;0;6594291;113;0
11;19;78;18;19;4;22;4.40;2;1;1;57;0;6594422;105;0
11;19;78;18;19;5;25;3.20;1;1;1;53;0;6594525;209;0
11;19;78;18;19;6;85;3.40;2;1;1;56;0;6594685;235;0
11;19;78;18;19;7;3;3.20;1;1;1;50;0;6594703;156;0
11;19;78;18;19;7;55;3.80;4;2;1;56;0;6594755;894;0
11;19;78;18;19;8;18;3.80;1;1;1;47;0;6594818;91;0
11;19;78;18;19;8;89;3.20;3;2;1;61;0;6594889;1574;0
11;19;78;18;19;9;96;3.60;1;1;1;48;0;6594996;148;0
11;19;78;18;19;10;41;3.80;2;1;1;53;0;6595041;334;0
11;19;78;18;19;10;69;3.60;3;2;1;68;0;6595069;161;0
11;19;78;18;19;10;67;3.60;4;2;1;59;0;6595067;287;0
11;19;78;18;19;11;40;3.00;1;1;0;50;1;6595140;117;6594525
11;19;78;18;19;11;59;3.20;2;1;1;48;0;6595159;92;6594525
11;19;78;18;19;12;4;3.60;4;2;1;54;0;6595204;115;6594525
11;19;78;18;19;12;26;4.00;3;2;1;58;0;6595226;137;6594525
11;19;78;18;19;13;13;4.40;4;2;1;54;0;6595313;85;6594525
11;19;78;18;19;13;48;3.60;1;1;1;53;0;6595348;325;0
11;19;78;18;19;13;54;3.80;2;1;1;46;0;6595354;171;0
11;19;78;18;19;14;47;3.00;3;2;1;61;0;6595447;196;0
11;19;78;18;19;14;50;3.40;4;2;1;57;0;6595450;107;0
11;19;78;18;19;15;75;3.20;4;2;1;58;0;6595575;103;6595067
11;19;78;18;19;15;67;3.60;2;1;1;46;0;6595567;183;6595067
11;19;78;18;19;15;81;3.80;1;1;1;50;0;6595581;208;0
11;19;78;18;19;16;75;3.80;3;2;1;61;0;6595675;210;0
11;19;78;18;19;16;93;3.60;4;2;1;56;0;6595693;98;6595067
11;19;78;18;19;17;37;4.00;1;1;1;53;0;6595737;128;6595067
11;19;78;18;19;17;66;3.80;2;1;1;46;0;6595766;170;6595041
11;19;78;18;19;18;15;3.80;3;2;1;60;0;6595815;117;6595041
11;19;78;18;19;18;48;3.60;1;1;1;51;0;6595848;83;6595041
11;19;78;18;19;19;23;3.60;2;1;1;49;0;6595923;127;6595041
11;19;78;18;19;19;42;3.60;3;2;1;60;0;6595942;104;6595041
11;19;78;18;19;19;88;3.40;1;1;1;47;0;6595988;114;6595041
11;19;78;18;19;20;74;4.60;2;1;1;50;0;6596074;124;6595041
11;19;78;18;19;21;6;3.40;1;1;1;47;0;6596106;91;6595581
11;19;78;18;19;22;2;3.60;3;2;1;58;0;6596202;238;0
11;19;78;18;19;22;13;3.60;1;1;1;47;0;6596213;80;6595581
11;19;78;18;19;22;26;10.40;4;2;2;57;0;6596226;509;0
11;19;78;18;19;22;62;3.60;2;1;1;50;0;6596262;154;6595041
11;19;78;18;19;23;29;3.60;3;2;1;58;0;6596329;104;6595041
11;19;78;18;19;23;62;3.20;1;1;1;49;0;6596362;121;6595581
11;19;78;18;19;24;57;3.60;3;2;1;57;0;6596457;105;6595581
11;19;78;18;19;24;60;4.00;4;2;1;54;0;6596460;168;6595581
11;19;78;18;19;24;84;3.20;2;1;1;51;0;6596484;196;6595041
11;19;78;18;19;25;61;3.20;1;1;1;46;0;6596561;175;6595581
11;19;78;18;19;26;7;3.40;3;2;1;57;0;6596607;127;6595581
11;19;78;18;19;26;16;3.60;2;1;1;44;0;6596616;109;6595041
11;19;78;18;19;26;61;4.00;1;1;1;46;0;6596661;74;6595581
11;19;78;18;19;27;71;3.80;1;1;1;45;0;6596771;78;6595581
11;19;78;18;19;28;0;3.80;3;2;1;57;0;6596800;171;6596202
11;19;78;18;19;28;73;3.80;4;2;1;57;0;6596873;386;0
11;19;78;18;19;29;9;4.60;2;1;1;49;0;6596909;263;0
11;19;78;18;19;29;92;3.80;3;2;1;57;0;6596992;168;6596202
11;19;78;18;19;29;60;3.40;1;1;1;13;0;6596960;158;6595581
11;19;78;18;19;31;8;4.40;4;2;1;56;0;6597108;211;0
11;19;78;18;19;31;18;3.40;3;2;1;57;0;6597118;102;6596202
11;19;78;18;19;31;24;3.60;2;1;1;47;0;6597124;181;6596202
11;19;78;18;19;32;24;4.00;3;2;1;55;0;6597224;84;6596202
11;19;78;18;19;33;15;3.60;1;1;1;44;0;6597315;260;0
11;19;78;18;19;33;33;3.80;3;2;1;54;0;6597333;82;6596202
11;19;78;18;19;33;43;12.20;4;2;3;54;0;6597343;206;0
11;19;78;18;19;35;24;3.80;3;2;1;58;0;6597524;165;6596202
11;19;78;18;19;35;45;3.60;4;2;1;54;0;6597545;120;6596202
11;19;78;18;19;35;45;2.80;1;1;1;42;0;6597545;200;0
11;19;78;18;19;36;43;3.40;3;2;1;58;0;6597643;95;6596202
11;19;78;18;19;36;28;4.40;2;1;1;42;0;6597628;476;0
11;19;78;18;19;37;77;3.80;3;2;1;60;0;6597777;112;6596202
11;19;78;18;19;38;8;3.60;1;1;1;43;0;6597808;239;0
11;19;78;18;19;38;20;3.60;2;1;1;41;0;6597820;154;0
11;19;78;18;19;39;72;4.00;3;2;1;56;0;6597972;172;6596202
11;19;78;18;19;39;97;3.40;1;1;1;35;0;6597997;158;6596202
11;19;78;18;19;40;32;3.40;4;2;1;50;0;6598032;463;0
11;19;78;18;19;40;37;3.00;2;1;1;45;0;6598037;185;0
11;19;78;18;19;41;53;4.40;2;1;1;43;0;6598153;92;0
11;19;78;18;19;41;29;4.20;1;1;1;33;0;6598129;97;0
11;19;78;18;19;43;9;3.60;4;2;1;50;0;6598309;252;0
11;19;78;18;19;43;19;5.00;3;2;1;59;0;6598319;321;0
11;19;78;18;19;43;54;3.60;1;1;1;34;0;6598354;179;0
11;19;78;18;19;44;91;3.80;1;1;1;33;0;6598491;98;6597808
11;19;78;18;19;45;76;3.60;4;2;1;50;0;6598576;241;0
11;19;78;18;19;47;46;3.20;3;2;1;54;0;6598746;396;0
11;19;78;18;19;47;42;3.20;2;1;1;54;0;6598742;552;0
11;19;78;18;19;48;56;3.80;3;2;1;55;0;6598856;88;0
11;19;78;18;19;48;58;3.60;4;2;1;51;0;6598858;256;0
11;19;78;18;19;49;89;3.00;4;2;1;50;0;6598989;105;0
11;19;78;18;19;49;73;8.40;3;2;2;52;0;6598973;92;0
11;19;78;18;19;51;38;3.60;4;2;1;49;0;6599138;127;0
11;19;78;18;19;53;90;3.80;4;2;1;53;0;6599390;225;0
11;19;78;18;19;54;47;3.60;3;2;1;53;0;6599447;415;0
11;19;78;18;20;7;25;3.80;4;2;1;52;0;6600725;1309;0
11;19;78;18;20;9;17;3.40;3;2;1;53;0;6600917;1445;0
11;19;78;18;20;9;34;3.60;4;2;1;50;0;6600934;182;0
11;19;78;18;20;11;42;4.20;3;2;1;55;0;6601142;201;0
11;19;78;18;20;13;19;7.20;4;2;1;55;0;6601319;359;0
11;19;78;18;20;24;2;3.40;3;2;1;55;0;6602402;1232;0
11;19;78;18;20;26;64;3.40;4;2;1;59;0;6602664;1297;0
11;19;78;18;20;27;70;3.80;4;2;1;60;0;6602770;85;0
11;19;78;18;20;30;40;15.40;4;2;4;54;0;6603040;247;0
11;19;78;18;20;32;21;3.60;3;2;1;61;0;6603221;796;0
11;19;78;18;20;36;29;4.00;1;1;1;55;0;6603629;5096;0
11;19;78;18;20;36;72;3.40;4;2;1;50;0;6603672;529;0
11;19;78;18;20;39;7;3.60;2;1;1;54;0;6603907;5143;0
11;19;78;18;20;39;49;3.60;1;1;1;54;0;6603949;293;0
11;19;78;18;20;41;28;3.60;4;2;1;52;0;6604128;431;0
11;19;78;18;20;44;97;6.40;3;2;1;68;0;6604497;1254;0
11;19;78;18;20;45;69;3.80;1;1;1;61;0;6604569;596;0
11;19;78;18;20;46;94;5.20;4;2;1;64;0;6604694;541;0
11;19;78;18;20;47;63;3.60;3;2;1;70;0;6604763;232;0
11;19;78;18;20;47;64;3.20;2;1;1;58;0;6604764;833;0
11;19;78;18;20;47;61;4.80;1;1;1;63;0;6604761;169;0
11;19;78;18;20;48;49;3.80;4;2;1;61;0;6604849;125;0
11;19;78;18;20;49;59;3.40;4;2;1;60;0;6604959;87;0
11;19;78;18;20;49;69;3.20;3;2;1;65;0;6604969;187;0
11;19;78;18;20;50;77;4.20;1;1;1;57;0;6605077;288;0
11;19;78;18;20;51;56;4.00;4;2;1;60;0;6605156;176;0
11;19;78;18;20;52;9;3.60;2;1;1;59;0;6605209;425;0
11;19;78;18;20;52;80;3.60;1;1;1;50;0;6605280;176;0
11;19;78;18;20;53;41;3.60;2;1;1;60;0;6605341;110;0
11;19;78;18;20;54;20;3.60;3;2;1;62;0;6605420;433;0
11;19;78;18;20;54;44;3.60;1;1;1;51;0;6605444;138;0
11;19;78;18;20;55;9;3.80;4;2;1;55;0;6605509;329;0
11;19;78;18;20;56;15;3.80;3;2;1;61;0;6605615;174;0
11;19;78;18;20;56;38;3.20;1;1;1;52;0;6605638;168;0
11;19;78;18;20;56;76;3.20;4;2;1;54;0;6605676;142;0
11;19;78;18;20;57;18;2.80;3;2;1;62;0;6605718;80;0
11;19;78;18;20;57;87;3.60;1;1;1;53;0;6605787;126;6605077
11;19;78;18;20;59;1;3.60;1;1;1;53;0;6605901;89;6605077
11;19;78;18;20;59;39;3.40;4;2;1;56;0;6605939;241;0
11;19;78;18;21;0;1;3.60;3;2;1;68;0;6606001;266;0
11;19;78;18;21;0;11;4.20;2;1;1;59;0;6606011;648;0
11;19;78;18;21;0;96;4.00;4;2;1;56;0;6606096;135;0
11;19;78;18;21;1;52;3.80;2;1;1;58;0;6606152;115;0
11;19;78;18;21;1;74;3.80;3;2;1;58;0;6606174;153;0
11;19;78;18;21;2;30;3.60;1;1;1;56;0;6606230;304;0
11;19;78;18;21;2;66;3.80;3;2;1;58;0;6606266;68;0
11;19;78;18;21;2;90;3.60;4;2;1;54;0;6606290;168;0
11;19;78;18;21;3;28;3.80;2;1;1;56;0;6606328;152;0
11;19;78;18;21;4;10;3.80;1;1;1;54;0;6606410;156;0
11;19;78;18;21;5;67;3.20;2;1;1;56;0;6606567;214;0
11;19;78;18;21;6;23;3.20;4;2;1;57;0;6606623;309;0
11;19;78;18;21;6;33;3.40;1;1;1;54;0;6606633;197;0
11;19;78;18;21;6;72;3.40;3;2;1;58;0;6606672;382;0
11;19;78;18;21;6;74;3.40;2;1;1;56;0;6606674;86;0
11;19;78;18;21;7;61;3.20;3;2;1;57;0;6606761;67;0
11;19;78;18;21;7;72;3.60;1;1;1;49;0;6606772;116;0
11;19;78;18;21;8;71;3.60;4;2;1;60;0;6606871;227;0
11;19;78;18;21;9;62;4.00;2;1;1;57;0;6606962;266;0
11;19;78;18;21;11;22;3.60;4;2;1;55;0;6607122;229;0
11;19;78;18;21;13;15;4.00;4;2;1;54;0;6607315;169;0
11;19;78;18;21;13;39;3.40;3;2;1;57;0;6607339;557;0
11;19;78;18;21;14;47;3.40;1;1;1;45;0;6607447;648;0
11;19;78;18;21;14;62;3.20;4;2;1;54;0;6607462;120;0
11;19;78;18;21;15;8;4.00;3;2;1;56;0;6607508;147;0
11;19;78;18;21;16;59;3.20;2;1;1;56;0;6607659;671;0
11;19;78;18;21;16;44;5.20;3;2;1;56;0;6607644;110;0
11;19;78;18;21;16;72;3.60;1;1;1;45;0;6607672;197;0
11;19;78;18;21;17;2;3.20;4;2;1;54;0;6607702;218;0
11;19;78;18;21;17;76;3.60;2;1;1;55;0;6607776;96;0
11;19;78;18;21;18;11;3.20;3;2;1;54;0;6607811;133;0
11;19;78;18;21;18;24;3.20;1;1;1;43;0;6607824;123;0
11;19;78;18;21;19;94;3.40;3;2;1;57;0;6607994;161;6607339
11;19;78;18;21;20;39;3.00;1;1;1;41;0;6608039;188;6607339
11;19;78;18;21;21;31;3.60;4;2;1;53;0;6608131;407;0
11;19;78;18;21;21;56;3.60;2;1;1;48;0;6608156;356;0
11;19;78;18;21;22;12;3.80;1;1;1;40;0;6608212;146;6607447
11;19;78;18;21;23;78;3.20;4;2;1;55;0;6608378;222;0
11;19;78;18;21;23;80;4.00;2;1;1;48;0;6608380;197;0
11;19;78;18;21;24;11;3.60;1;1;1;38;0;6608411;164;6607447
11;19;78;18;21;24;62;3.20;2;1;1;49;0;6608462;52;6607447
11;19;78;18;21;25;59;3.60;4;2;1;53;0;6608559;160;6607447
11;19;78;18;21;26;1;3.40;2;1;1;50;0;6608601;115;6607447
11;19;78;18;21;29;6;3.40;3;2;1;56;0;6608906;890;0
11;19;78;18;21;29;35;3.60;4;2;1;47;0;6608935;351;0
11;19;78;18;21;28;56;12.60;1;1;3;41;0;6608856;410;0
11;19;78;18;21;30;15;4.20;2;1;1;57;0;6609015;389;0
11;19;78;18;21;30;91;4.60;4;2;1;46;0;6609091;128;0
11;19;78;18;21;31;8;3.00;1;1;1;42;0;6609108;141;0
11;19;78;18;21;32;36;3.40;3;2;1;52;0;6609236;308;0
11;19;78;18;21;32;34;3.60;1;1;1;40;0;6609234;100;0
11;19;78;18;21;33;21;3.00;4;2;1;46;0;6609321;194;0
11;19;78;18;21;33;46;5.20;3;2;1;50;0;6609346;86;0
11;19;78;18;21;34;51;3.80;1;1;1;38;0;6609451;184;0
11;19;78;18;21;36;13;3.60;1;1;1;39;0;6609613;126;6608856
11;19;78;18;21;38;45;3.80;1;1;1;44;0;6609845;198;6608856
11;19;78;18;21;38;63;3.80;2;1;1;59;0;6609863;821;0
11;19;78;18;21;39;94;4.00;2;1;1;59;0;6609994;107;0
11;19;78;18;21;40;45;3.40;1;1;1;45;0;6610045;168;6608856
11;19;78;18;21;40;63;3.60;2;1;1;57;0;6610063;44;6608856
11;19;78;18;21;41;96;3.20;2;1;1;55;0;6610196;110;6608856
11;19;78;18;21;42;91;4.00;1;1;1;49;0;6610291;218;0
11;19;78;18;21;51;41;3.60;1;1;1;49;0;6611141;820;0
11;19;78;18;21;54;25;3.60;1;1;1;49;0;6611425;257;0
11;19;78;18;21;55;10;3.60;4;2;1;57;0;6611510;2165;0
11;19;78;18;21;56;6;3.60;3;2;1;59;0;6611606;2222;0
11;19;78;18;21;56;7;3.80;1;1;1;47;0;6611607;155;0
11;19;78;18;21;57;5;3.20;4;2;1;56;0;6611705;172;0
11;19;78;18;21;57;27;4.20;3;2;1;59;0;6611727;99;0
11;19;78;18;21;59;69;3.60;3;2;1;69;0;6611969;216;0
11;19;78;18;21;59;69;3.60;1;1;1;43;0;6611969;332;0
11;19;78;18;22;0;26;3.40;4;2;1;59;0;6612026;300;0
11;19;78;18;22;1;96;3.80;4;2;1;62;0;6612196;149;0
11;19;78;18;22;4;93;3.80;4;2;1;57;0;6612493;274;0
11;19;78;18;22;6;10;3.40;1;1;1;57;0;6612610;610;0
11;19;78;18;22;7;59;3.60;3;2;1;61;0;6612759;771;0
11;19;78;18;22;8;38;3.00;4;2;1;59;0;6612838;321;0
11;19;78;18;22;9;31;3.40;3;2;1;58;0;6612931;150;0
11;19;78;18;22;10;61;3.60;3;2;1;56;0;6613061;108;0
11;19;78;18;22;13;58;3.80;4;2;1;58;0;6613358;501;0
11;19;78;18;22;16;61;3.20;4;2;1;57;0;6613661;279;0
11;19;78;18;22;18;36;3.60;2;1;1;50;0;6613836;3619;0
11;19;78;18;22;18;61;3.40;4;2;1;59;0;6613861;179;0
11;19;78;18;22;20;42;3.60;4;2;1;59;0;6614042;160;0
11;19;78;18;22;25;74;3.80;4;2;1;55;0;6614574;510;0
11;19;78;18;22;30;20;3.20;3;2;1;58;0;6615020;1935;0
11;19;78;18;22;30;48;4.00;1;1;1;65;0;6615048;2416;0
11;19;78;18;22;31;11;3.60;3;2;1;56;0;6615111;71;0
11;19;78;18;22;32;41;3.60;3;2;1;54;0;6615241;106;0
11;19;78;18;22;34;23;3.80;3;2;1;58;0;6615423;158;0
11;19;78;18;22;34;51;3.20;4;2;1;59;0;6615451;852;0
11;19;78;18;22;35;54;3.40;3;2;1;59;0;6615554;107;6615020
11;19;78;18;22;36;40;3.40;4;2;1;59;0;6615640;169;6615020
11;19;78;18;22;37;20;3.80;3;2;1;60;0;6615720;145;6615020
11;19;78;18;22;38;21;3.40;3;2;1;62;0;6615821;78;6615020
11;19;78;18;22;38;98;3.80;4;2;1;56;0;6615898;237;0
11;19;78;18;22;39;27;3.60;3;2;1;62;0;6615927;86;6615020
11;19;78;18;22;39;73;3.20;2;1;1;62;0;6615973;2111;0
11;19;78;18;22;40;63;3.60;1;1;1;57;0;6616063;992;0
11;19;78;18;22;41;60;3.20;3;2;1;66;0;6616160;212;0
11;19;78;18;22;41;67;4.20;1;1;1;56;0;6616167;81;0
11;19;78;18;22;42;42;3.80;4;2;1;52;0;6616242;319;0
11;19;78;18;22;43;58;3.40;2;1;1;56;0;6616358;366;0
11;19;78;18;22;44;2;3.20;3;2;1;60;0;6616402;224;0
11;19;78;18;22;44;20;3.20;4;2;1;52;0;6616420;151;0
11;19;78;18;22;44;27;3.60;1;1;1;59;0;6616427;233;0
11;19;78;18;22;45;40;4.00;2;1;1;56;0;6616540;160;0
11;19;78;18;22;46;2;3.40;1;1;1;64;0;6616602;153;0
11;19;78;18;22;46;97;3.40;4;2;1;48;0;6616697;254;0
11;19;78;18;22;47;88;4.00;3;2;1;61;0;6616788;366;0
11;19;78;18;22;48;38;3.80;4;2;1;47;0;6616838;115;0
11;19;78;18;22;50;23;2.80;3;2;1;59;0;6617023;211;0
11;19;78;18;22;51;6;3.40;2;1;1;56;0;6617106;540;0
11;19;78;18;22;52;64;3.80;2;1;1;55;0;6617264;136;0
11;19;78;18;22;53;6;3.80;1;1;1;58;0;6617306;684;0
11;19;78;18;22;54;13;3.80;3;2;1;59;0;6617413;372;0
11;19;78;18;22;54;84;3.00;4;2;1;46;0;6617484;616;0
11;19;78;18;22;54;64;12.00;2;1;2;55;0;6617464;175;0
11;19;78;18;22;55;33;3.00;1;1;1;54;0;6617533;203;0
11;19;78;18;22;56;9;4.60;4;2;1;46;0;6617609;101;0
11;19;78;18;22;56;32;3.40;3;2;1;62;0;6617632;195;0
11;19;78;18;22;57;8;6.40;2;1;1;57;0;6617708;165;0
11;19;78;18;22;57;31;3.60;3;2;1;58;0;6617731;79;0
11;19;78;18;22;57;54;3.40;1;1;1;50;0;6617754;201;0
11;19;78;18;22;57;46;3.60;4;2;1;43;0;6617746;101;0
11;19;78;18;22;58;14;3.80;2;1;1;57;0;6617814;65;6617106
11;19;78;18;22;58;33;3.60;3;2;1;55;0;6617833;79;6617106
11;19;78;18;22;59;28;3.20;1;1;1;48;0;6617928;149;6617106
11;19;78;18;22;59;42;3.40;3;2;1;56;0;6617942;85;6617413
11;19;78;18;22;59;70;14.20;4;2;4;46;0;6617970;193;6617413
11;19;78;18;23;0;90;3.40;2;1;1;57;0;6618090;252;0
11;19;78;18;23;1;65;3.60;3;2;1;59;0;6618165;201;0
11;19;78;18;23;2;70;3.80;3;2;1;58;0;6618270;83;0
11;19;78;18;23;2;72;8.80;4;2;6;47;0;6618272;190;6617484
11;19;78;18;23;4;1;3.40;2;1;1;55;0;6618401;289;0
11;19;78;18;23;4;44;3.60;3;2;1;53;0;6618444;150;0
11;19;78;18;23;5;99;3.80;3;2;1;52;0;6618599;130;0
11;19;78;18;23;6;46;4.40;4;2;1;50;0;6618646;306;0
11;19;78;18;23;7;78;3.80;3;2;1;55;0;6618778;152;6618165
11;19;78;18;23;9;19;3.40;1;1;1;49;0;6618919;967;0
11;19;78;18;23;9;59;3.40;4;2;1;48;0;6618959;281;0
11;19;78;18;23;10;19;3.80;3;2;1;56;0;6619019;216;0
11;19;78;18;23;11;68;3.60;4;2;1;46;0;6619168;183;0
11;19;78;18;23;12;2;4.60;1;1;1;52;0;6619202;258;0
11;19;78;18;23;12;41;3.40;2;1;1;45;0;6619241;817;0
11;19;78;18;23;12;70;3.60;3;2;1;59;0;6619270;226;0
11;19;78;18;23;13;38;3.20;4;2;1;48;0;6619338;141;0
11;19;78;18;23;13;88;3.60;2;1;1;41;0;6619388;119;0
11;19;78;18;23;14;32;3.40;1;1;1;47;0;6619432;198;0
11;19;78;18;23;14;95;3.20;2;1;1;41;0;6619495;75;0
11;19;78;18;23;15;88;3.80;1;1;1;43;0;6619588;129;0
11;19;78;18;23;16;81;3.80;1;1;1;40;0;6619681;61;0
11;19;78;18;23;17;29;3.80;4;2;1;52;0;6619729;367;0
11;19;78;18;23;20;25;3.00;4;2;1;61;0;6620025;269;0
11;19;78;18;23;19;34;14.60;1;1;4;39;0;6619934;218;0
11;19;78;18;23;22;73;3.40;1;1;1;42;0;6620273;204;0
11;19;78;18;23;23;49;3.60;4;2;1;66;0;6620349;306;0
11;19;78;18;23;23;93;3.20;1;1;1;41;0;6620393;90;0
11;19;78;18;23;25;0;3.80;2;1;1;63;0;6620500;976;0
11;19;78;18;23;25;75;3.80;1;1;1;39;0;6620575;153;0
11;19;78;18;23;26;28;3.60;2;1;1;51;0;6620628;106;0
11;19;78;18;23;27;81;3.00;2;1;1;53;0;6620781;127;0
11;19;78;18;23;29;75;3.20;1;1;1;47;0;6620975;364;0
11;19;78;18;23;30;30;3.40;4;2;1;62;0;6621030;661;0
11;19;78;18;23;30;48;4.20;2;1;1;51;0;6621048;246;0
11;19;78;18;23;31;44;3.80;1;1;1;46;0;6621144;144;0
11;19;78;18;23;32;13;3.80;3;2;1;64;0;6621213;1921;0
11;19;78;18;23;33;44;3.40;4;2;1;58;0;6621344;294;0
11;19;78;18;23;34;33;3.20;1;1;1;53;0;6621433;259;0
11;19;78;18;23;34;29;3.80;2;1;1;57;0;6621429;351;0
11;19;78;18;23;37;72;3.60;3;2;1;64;0;6621772;537;0
11;19;78;18;23;39;15;3.60;3;2;1;63;0;6621915;122;0
11;19;78;18;23;44;11;3.40;4;2;1;61;0;6622411;1045;0
11;19;78;18;23;45;28;3.80;4;2;1;60;0;6622528;96;0
11;19;78;18;23;45;58;3.20;3;2;1;63;0;6622558;622;0
11;19;78;18;23;45;82;3.20;2;1;1;57;0;6622582;1129;0
11;19;78;18;23;46;4;3.60;1;1;1;49;0;6622604;1149;0
11;19;78;18;23;46;80;3.40;3;2;1;57;0;6622680;103;0
11;19;78;18;23;47;68;3.40;2;1;1;56;0;6622768;165;0
11;19;78;18;23;48;71;3.60;4;2;1;59;0;6622871;320;0
11;19;78;18;23;49;67;3.60;3;2;1;57;0;6622967;265;0
11;19;78;18;23;50;75;4.00;3;2;1;58;0;6623075;85;0
11;19;78;18;23;51;28;4.20;4;2;1;61;0;6623128;235;0
11;19;78;18;23;52;49;3.20;3;2;1;56;0;6623249;149;0
11;19;78;18;23;57;86;4.40;4;2;1;64;0;6623786;633;0
11;19;78;18;24;10;79;14.00;4;2;4;58;0;6625079;1268;0
11;19;78;18;24;12;38;3.40;3;2;1;60;0;6625238;1968;0
11;19;78;18;24;13;34;2.80;3;2;1;59;0;6625334;75;0
11;19;78;18;24;14;68;3.00;4;2;1;55;0;6625468;302;0
11;19;78;18;24;15;44;3.60;3;2;1;55;0;6625544;192;0
11;19;78;18;24;16;49;3.40;4;2;1;56;0;6625649;161;0
11;19;78;18;24;17;42;3.40;3;2;1;56;0;6625742;174;0
11;19;78;18;24;18;43;3.40;4;2;1;55;0;6625843;172;0
11;19;78;18;24;20;6;3.60;3;2;1;56;0;6626006;242;0
11;19;78;18;24;20;16;4.20;4;2;1;56;0;6626016;150;0
11;19;78;18;24;20;45;3.00;2;1;1;55;0;6626045;3255;0
11;19;78;18;24;20;79;3.40;1;1;1;53;0;6626079;3448;0
11;19;78;18;24;21;24;3.60;3;2;1;55;0;6626124;94;0
11;19;78;18;24;21;50;3.60;4;2;1;54;0;6626150;107;6625468
11;19;78;18;24;21;48;6.20;2;1;1;56;0;6626148;83;6625468
11;19;78;18;24;22;56;3.80;3;2;1;55;0;6626256;108;6625468
11;19;78;18;24;23;49;3.20;4;2;1;53;0;6626349;175;6625468
11;19;78;18;24;23;79;3.60;2;1;1;54;0;6626379;191;6625468
11;19;78;18;24;24;17;3.40;3;2;1;55;0;6626417;136;6625468
11;19;78;18;24;24;38;4.20;1;1;1;54;0;6626438;335;0
11;19;78;18;24;25;37;3.80;3;2;1;55;0;6626537;97;6626006
11;19;78;18;24;25;31;5.40;4;2;1;53;0;6626531;160;6625468
11;19;78;18;24;25;86;3.40;1;1;1;54;0;6626586;120;6625468
11;19;78;18;24;26;27;4.00;3;2;1;58;0;6626627;65;6626006
11;19;78;18;24;26;41;3.60;4;2;1;54;0;6626641;73;6625468
11;19;78;18;24;27;44;3.40;3;2;1;57;0;6626744;92;6626006
11;19;78;18;24;27;60;3.20;1;1;1;52;0;6626760;151;6626006
11;19;78;18;24;28;52;6.20;4;2;1;54;0;6626852;187;6625468
11;19;78;18;24;28;79;4.00;1;1;1;51;0;6626879;96;6625468
11;19;78;18;24;29;6;3.40;3;2;1;57;0;6626906;140;6626006
11;19;78;18;24;29;74;3.40;4;2;1;52;0;6626974;80;6625468
11;19;78;18;24;30;38;14.20;1;1;4;56;0;6627038;130;6626438
11;19;78;18;24;31;85;3.60;2;1;1;64;0;6627185;782;0
11;19;78;18;24;32;55;3.60;2;1;1;52;0;6627255;49;0
11;19;78;18;24;32;76;3.00;3;2;1;61;0;6627276;348;0
11;19;78;18;24;33;2;3.80;4;2;1;57;0;6627302;304;0
11;19;78;18;24;33;43;3.40;1;1;1;59;0;6627343;213;0
11;19;78;18;24;33;81;3.80;3;2;1;56;0;6627381;87;0
11;19;78;18;24;34;1;3.40;2;1;1;52;0;6627401;121;0
11;19;78;18;24;35;54;5.20;3;2;1;51;0;6627554;148;0
11;19;78;18;24;36;65;3.60;1;1;1;56;0;6627665;301;0
11;19;78;18;24;37;12;3.20;4;2;1;51;0;6627712;386;0
11;19;78;18;24;38;33;3.60;2;1;1;57;0;6627833;408;0
11;19;78;18;24;38;85;3.60;1;1;1;59;0;6627885;196;0
11;19;78;18;24;39;32;3.60;2;1;1;56;0;6627932;76;0
11;19;78;18;24;39;93;3.40;1;1;1;57;0;6627993;86;0
11;19;78;18;24;40;63;3.00;3;2;1;55;0;6628063;472;0
11;19;78;18;24;41;71;3.60;1;1;1;57;0;6628171;156;0
11;19;78;18;24;42;32;3.60;3;2;1;54;0;6628232;149;0
11;19;78;18;24;42;99;3.80;2;1;1;57;0;6628299;343;0
11;19;78;18;24;43;8;3.40;1;1;1;54;0;6628308;114;6627665
11;19;78;18;24;43;68;4.00;4;2;1;61;0;6628368;633;0
11;19;78;18;24;43;78;3.40;3;2;1;53;0;6628378;122;0
11;19;78;18;24;46;80;3.60;1;1;1;52;0;6628680;349;0
11;19;78;18;24;47;22;4.60;2;1;1;60;0;6628722;399;0
11;19;78;18;24;48;39;4.00;1;1;1;53;0;6628839;134;0
11;19;78;18;24;49;65;3.20;1;1;1;53;0;6628965;98;0
11;19;78;18;24;49;93;3.40;4;2;1;63;0;6628993;601;0
11;19;78;18;24;50;60;3.60;3;2;1;66;0;6629060;658;0
11;19;78;18;24;51;84;4.00;2;1;1;62;0;6629184;434;0
11;19;78;18;24;51;91;3.60;1;1;1;52;0;6629191;204;0
11;19;78;18;24;54;55;3.40;1;1;1;44;0;6629455;239;0
11;19;78;18;24;54;89;3.60;2;1;1;62;0;6629489;281;0
11;19;78;18;24;56;2;3.20;2;1;1;52;0;6629602;92;0
11;19;78;18;24;56;18;3.80;4;2;1;63;0;6629618;605;0
11;19;78;18;24;57;81;3.20;4;2;1;59;0;6629781;141;0
11;19;78;18;24;58;5;3.60;1;1;1;52;0;6629805;322;0
11;19;78;18;24;59;22;3.80;2;1;1;59;0;6629922;297;0
11;19;78;18;25;6;98;3.40;1;1;1;59;0;6630698;868;0
11;19;78;18;25;7;41;3.60;2;1;1;61;0;6630741;795;0
11;19;78;18;25;8;87;3.60;1;1;1;61;0;6630887;168;0
11;19;78;18;25;14;96;11.40;1;1;3;56;0;6631496;587;0
11;19;78;18;25;16;81;3.20;4;2;1;58;0;6631681;1880;0
11;19;78;18;25;17;87;3.60;3;2;1;59;0;6631787;2707;0
11;19;78;18;25;19;13;3.40;3;2;1;58;0;6631913;104;0
11;19;78;18;25;20;77;3.20;3;2;1;59;0;6632077;142;0
11;19;78;18;25;21;2;3.40;4;2;1;62;0;6632102;401;0
11;19;78;18;25;21;95;3.80;4;2;1;62;0;6632195;73;0
11;19;78;18;25;23;4;3.80;3;2;1;64;0;6632304;207;0
11;19;78;18;25;24;20;3.40;3;2;1;61;0;6632420;94;0
11;19;78;18;25;24;22;3.20;4;2;1;54;0;6632422;204;0
11;19;78;18;25;26;30;3.80;3;2;1;62;0;6632630;189;0
11;19;78;18;25;26;44;3.80;4;2;1;58;0;6632644;200;0
11;19;78;18;25;28;67;3.00;2;1;1;58;0;6632867;2104;0
11;19;78;18;25;29;93;3.60;4;2;1;60;0;6632993;325;0
11;19;78;18;25;35;89;3.40;4;2;1;61;0;6633589;574;0
11;19;78;18;25;54;47;4.00;3;2;1;60;0;6635447;2794;0
11;19;78;18;25;55;50;3.60;3;2;1;57;0;6635550;79;0
11;19;78;18;25;55;94;12.20;4;2;2;53;0;6635594;1984;0
11;19;78;18;25;56;61;3.80;3;2;1;58;0;6635661;88;0
11;19;78;18;25;57;38;3.40;4;2;1;54;0;6635738;61;0
11;19;78;18;25;57;49;3.80;3;2;1;58;0;6635749;64;0
11;19;78;18;25;59;36;3.40;3;2;1;57;0;6635936;163;6635447
11;19;78;18;25;59;54;3.60;4;2;1;56;0;6635954;193;6635447
11;19;78;18;25;59;79;3.80;1;1;1;58;0;6635979;4409;0
11;19;78;18;25;59;86;3.60;2;1;1;56;0;6635986;3100;0
11;19;78;18;26;0;35;3.40;3;2;1;58;0;6636035;77;6635447
11;19;78;18;26;1;24;3.20;4;2;1;55;0;6636124;146;6635447
11;19;78;18;26;1;67;3.80;3;2;1;55;0;6636167;110;6635447
11;19;78;18;26;2;61;3.80;3;2;1;56;0;6636261;69;6635447
11;19;78;18;26;4;13;3.80;4;2;1;54;0;6636413;268;0
11;19;78;18;26;4;24;3.40;3;2;1;57;0;6636424;138;6635447
11;19;78;18;26;4;30;4.00;1;1;1;56;0;6636430;427;0
11;19;78;18;26;5;4;3.00;4;2;1;55;0;6636504;65;0
11;19;78;18;26;6;89;3.40;4;2;1;57;0;6636689;165;0
11;19;78;18;26;7;1;3.40;1;1;1;55;0;6636701;245;0
11;19;78;18;26;8;8;3.80;3;2;1;60;0;6636808;362;0
11;19;78;18;26;9;7;3.20;4;2;1;55;0;6636907;196;0
11;19;78;18;26;11;39;4.00;3;2;1;57;0;6637139;308;0
11;19;78;18;26;12;13;3.80;4;2;1;52;0;6637213;285;0
11;19;78;18;26;12;93;3.80;3;2;1;54;0;6637293;128;0
11;19;78;18;26;13;40;3.20;4;2;1;54;0;6637340;100;0
11;19;78;18;26;14;17;3.80;3;2;1;53;0;6637417;98;0
11;19;78;18;26;14;55;3.40;4;2;1;54;0;6637455;93;0
11;19;78;18;26;15;66;4.20;3;2;1;52;0;6637566;123;0
11;19;78;18;26;17;5;3.20;3;2;1;50;0;6637705;109;6637139
11;19;78;18;26;17;32;3.80;1;1;1;57;0;6637732;1008;0
11;19;78;18;26;17;38;3.60;4;2;1;54;0;6637738;260;0
11;19;78;18;26;18;27;3.80;3;2;1;50;0;6637827;98;6637139
11;19;78;18;26;18;56;3.60;1;1;1;55;0;6637856;100;6637139
11;19;78;18;26;18;65;4.80;2;1;1;51;0;6637865;1855;0
11;19;78;18;26;19;6;3.40;4;2;1;54;0;6637906;144;0
11;19;78;18;26;19;93;3.80;3;2;1;50;0;6637993;138;6637139
11;19;78;18;26;19;97;3.60;2;1;1;49;0;6637997;98;6637139
11;19;78;18;26;20;60;3.00;4;2;1;50;0;6638060;131;6637139
11;19;78;18;26;20;75;3.60;1;1;1;54;0;6638075;195;6637139
11;19;78;18;26;20;90;4.00;2;1;1;49;0;6638090;66;6637139
11;19;78;18;26;21;6;3.60;3;2;1;50;0;6638106;85;6637139
11;19;78;18;26;22;0;3.80;1;1;1;55;0;6638200;101;6637139
11;19;78;18;26;21;97;3.80;3;2;1;48;0;6638197;65;6637139
11;19;78;18;26;22;33;3.60;2;1;1;49;0;6638233;113;6637139
11;19;78;18;26;22;53;4.00;4;2;1;49;0;6638253;171;6637139
11;19;78;18;26;23;32;3.80;1;1;1;51;0;6638332;107;6637732
11;19;78;18;26;24;36;3.80;4;2;1;50;0;6638436;153;6637738
11;19;78;18;26;24;70;3.20;1;1;1;51;0;6638470;111;6637732
11;19;78;18;26;25;13;3.80;2;1;1;55;0;6638513;253;0
11;19;78;18;26;26;51;5.40;1;1;1;49;0;6638651;158;6637732
11;19;78;18;26;27;5;3.80;4;2;1;51;0;6638705;241;0
11;19;78;18;26;27;53;4.60;2;1;1;53;0;6638753;215;0
11;19;78;18;26;28;2;3.60;1;1;1;50;0;6638802;111;6637732
11;19;78;18;26;28;55;3.80;3;2;1;58;0;6638855;629;0
11;19;78;18;26;29;18;2.80;2;1;1;51;0;6638918;133;0
11;19;78;18;26;29;73;3.80;4;2;1;55;0;6638973;241;0
11;19;78;18;26;30;18;3.40;1;1;1;46;0;6639018;190;6637732
11;19;78;18;26;31;61;3.40;1;1;1;45;0;6639161;116;6637732
11;19;78;18;26;32;40;3.40;2;1;1;47;0;6639240;302;0
11;19;78;18;26;32;62;3.80;3;2;1;57;0;6639262;383;0
11;19;78;18;26;33;38;3.60;2;1;1;53;0;6639338;71;0
11;19;78;18;26;33;83;3.80;1;1;1;43;0;6639383;194;6637732
11;19;78;18;26;34;45;3.80;2;1;1;51;0;6639445;82;6637732
11;19;78;18;26;35;12;3.40;1;1;1;42;0;6639512;97;6637732
11;19;78;18;26;35;78;3.20;2;1;1;54;0;6639578;106;6637732
11;19;78;18;26;36;36;3.20;1;1;1;40;0;6639636;94;6637732
11;19;78;18;26;36;90;4.00;2;1;1;53;0;6639690;90;6639240
11;19;78;18;26;37;86;3.40;2;1;1;51;0;6639786;68;6639240
11;19;78;18;26;37;81;3.20;1;1;1;39;0;6639781;116;6637732
11;19;78;18;26;39;33;3.40;1;1;1;41;0;6639933;122;6637732
11;19;78;18;26;40;3;3.20;2;1;1;51;0;6640003;193;6639240
11;19;78;18;26;41;4;3.60;1;1;1;41;0;6640104;141;6637732
11;19;78;18;26;41;65;4.00;2;1;1;46;0;6640165;139;6639240
11;19;78;18;26;42;73;3.60;2;1;1;43;0;6640273;76;6639240
11;19;78;18;26;42;97;3.60;1;1;1;42;0;6640297;161;6637732
11;19;78;18;26;44;44;3.00;2;1;1;43;0;6640444;140;6639240
11;19;78;18;26;44;64;3.20;1;1;1;38;0;6640464;136;6637732
11;19;78;18;26;46;14;3.80;4;2;1;59;0;6640614;1616;0
11;19;78;18;26;46;2;3.80;1;1;1;37;0;6640602;107;6637732
11;19;78;18;26;46;70;5.00;2;1;1;55;0;6640670;200;0
11;19;78;18;26;47;6;3.20;1;1;1;38;0;6640706;67;6637732
11;19;78;18;26;47;67;3.60;4;2;1;64;0;6640767;129;6637732
11;19;78;18;26;48;74;3.80;1;1;1;37;0;6640874;137;6637732
11;19;78;18;26;50;13;3.20;1;1;1;37;0;6641013;102;6637732
11;19;78;18;26;51;43;3.80;2;1;1;52;0;6641143;440;0
11;19;78;18;26;51;65;3.60;1;1;1;36;0;6641165;120;6637732
11;19;78;18;26;53;81;3.80;1;1;1;34;0;6641381;180;6637732
11;19;78;18;26;54;78;3.80;4;2;1;57;0;6641478;690;0
11;19;78;18;26;55;54;3.20;1;1;1;32;0;6641554;132;6637732
11;19;78;18;26;56;85;3.80;1;1;1;34;0;6641685;95;6637732
11;19;78;18;26;58;6;3.40;4;2;1;61;0;6641806;304;0
11;19;78;18;26;58;80;4.00;2;1;1;49;0;6641880;710;0
11;19;78;18;26;58;89;3.40;1;1;1;35;0;6641889;163;6637732
11;19;78;18;27;2;14;3.40;4;2;1;61;0;6642214;387;0
11;19;78;18;27;2;25;3.40;1;1;1;49;0;6642225;301;0
11;19;78;18;27;5;82;4.00;3;2;1;58;0;6642582;3296;0
11;19;78;18;27;6;86;3.40;4;2;1;60;0;6642686;451;0
11;19;78;18;27;7;47;3.40;3;2;1;66;0;6642747;140;0
11;19;78;18;27;9;60;3.80;4;2;1;51;0;6642960;253;0
11;19;78;18;27;11;42;3.40;4;2;1;49;0;6643142;155;0
11;19;78;18;27;12;60;3.00;4;2;1;50;0;6643260;93;0
11;19;78;18;27;13;59;3.00;4;2;1;50;0;6643359;77;0
11;19;78;18;27;16;26;3.20;4;2;1;53;0;6643626;245;0
11;19;78;18;27;17;60;3.40;4;2;1;51;0;6643760;112;0
11;19;78;18;27;28;63;3.60;3;2;1;58;0;6644863;2097;0
11;19;78;18;27;29;79;4.00;4;2;1;62;0;6644979;1195;0
11;19;78;18;27;30;69;3.80;3;2;1;58;0;6645069;183;0
11;19;78;18;27;31;64;3.60;3;2;1;57;0;6645164;71;0
11;19;78;18;27;32;2;4.00;2;1;1;57;0;6645202;3292;0
11;19;78;18;27;33;19;3.60;3;2;1;57;0;6645319;132;0
11;19;78;18;27;34;56;3.60;3;2;1;57;0;6645456;114;6644863
11;19;78;18;27;35;98;3.60;2;1;1;51;0;6645598;370;0
11;19;78;18;27;36;21;3.20;4;2;1;58;0;6645621;618;0
11;19;78;18;27;37;65;3.60;3;2;1;68;0;6645765;286;0
11;19;78;18;27;39;46;3.40;3;2;1;61;0;6645946;161;0
11;19;78;18;27;40;86;3.40;3;2;1;57;0;6646086;119;0
11;19;78;18;27;41;50;3.80;4;2;1;53;0;6646150;509;0
11;19;78;18;27;42;29;3.20;3;2;1;55;0;6646229;121;0
11;19;78;18;27;43;61;3.00;4;2;1;56;0;6646361;185;0
11;19;78;18;27;43;66;3.60;3;2;1;58;0;6646366;116;6645765
11;19;78;18;27;45;10;3.40;3;2;1;58;0;6646510;121;6645765
11;19;78;18;27;45;64;3.40;4;2;1;55;0;6646564;183;6645765
11;19;78;18;27;47;43;3.80;2;1;1;58;0;6646743;1119;0
11;19;78;18;27;47;61;2.80;3;2;1;59;0;6646761;229;0
11;19;78;18;27;48;2;6.40;1;1;1;54;0;6646802;4552;0
11;19;78;18;27;48;35;6.20;4;2;1;57;0;6646835;248;0
11;19;78;18;27;49;7;3.20;3;2;1;58;0;6646907;128;0
11;19;78;18;27;49;41;3.40;2;1;1;58;0;6646941;174;0
11;19;78;18;27;49;82;3.00;4;2;1;54;0;6646982;107;0
11;19;78;18;27;51;0;3.40;4;2;1;53;0;6647100;98;0
11;19;78;18;27;51;11;4.60;3;2;1;60;0;6647111;184;0
11;19;78;18;27;51;29;3.40;2;1;1;58;0;6647129;166;0
11;19;78;18;27;52;23;3.60;1;1;1;55;0;6647223;378;0
11;19;78;18;27;53;5;3.40;4;2;1;52;0;6647305;181;0
11;19;78;18;27;53;11;4.00;1;1;1;53;0;6647311;64;0
11;19;78;18;27;54;4;3.40;2;1;1;57;0;6647404;253;0
11;19;78;18;27;54;98;3.80;4;2;1;55;0;6647498;169;6646835
11;19;78;18;27;55;32;3.80;2;1;1;57;0;6647532;106;6646835
11;19;78;18;27;56;57;3.40;2;1;1;56;0;6647657;101;6646835
11;19;78;18;27;56;48;3.60;1;1;1;50;0;6647648;309;0
11;19;78;18;27;57;20;4.40;3;2;1;56;0;6647720;581;0
11;19;78;18;27;57;43;3.80;4;2;1;52;0;6647743;220;0
11;19;78;18;27;57;64;3.80;2;1;1;54;0;6647764;85;0
11;19;78;18;27;59;87;4.00;1;1;1;49;0;6647987;313;0
11;19;78;18;28;1;5;3.80;2;1;1;52;0;6648105;315;0
11;19;78;18;28;1;21;4.00;1;1;1;49;0;6648121;104;0
11;19;78;18;28;3;74;3.60;1;1;1;49;0;6648374;223;0
11;19;78;18;28;5;30;3.60;1;1;1;47;0;6648530;129;0
11;19;78;18;28;6;42;3.00;1;1;1;44;0;6648642;84;0
11;19;78;18;28;6;58;3.60;2;1;1;55;0;6648658;526;0
11;19;78;18;28;8;12;3.60;2;1;1;53;0;6648812;130;0
11;19;78;18;28;7;32;24.60;1;1;5;46;0;6648732;65;0
11;19;78;18;28;9;82;7.40;1;1;6;45;0;6648982;57;6648374
11;19;78;18;28;11;20;3.40;1;1;1;44;0;6649120;78;6648374
11;19;78;18;28;12;59;3.40;1;1;1;43;0;6649259;111;6648374
11;19;78;18;28;15;58;3.40;1;1;1;46;0;6649558;270;0
11;19;78;18;28;19;54;4.60;4;2;1;75;0;6649954;2184;0
11;19;78;18;28;22;41;3.40;4;2;1;61;0;6650241;264;0
11;19;78;18;28;24;55;3.60;4;2;1;56;0;6650455;193;0
11;19;78;18;28;27;6;3.60;4;2;1;60;0;6650706;227;0
11;19;78;18;28;27;76;3.80;3;2;1;71;0;6650776;3027;0
11;19;78;18;28;31;34;3.40;1;1;1;57;0;6651134;1549;0
11;19;78;18;28;35;17;3.40;1;1;1;52;0;6651517;361;0
11;19;78;18;28;35;29;3.60;2;1;1;61;0;6651529;2692;0
11;19;78;18;28;42;16;3.40;4;2;1;62;0;6652216;1488;0
11;19;78;18;28;43;32;3.40;2;1;1;52;0;6652332;781;0
11;19;78;18;28;43;68;3.60;1;1;1;59;0;6652368;827;0
11;19;78;18;28;44;18;3.40;4;2;1;60;0;6652418;182;0
11;19;78;18;28;47;15;3.60;1;1;1;55;0;6652715;325;0
11;19;78;18;28;47;70;3.80;2;1;1;56;0;6652770;414;0
11;19;78;18;28;49;23;5.00;4;2;1;53;0;6652923;484;0
11;19;78;18;28;51;42;3.60;4;2;1;47;0;6653142;185;0
11;19;78;18;28;57;16;12.80;1;1;3;48;0;6653716;977;0
11;19;78;18;28;59;47;3.40;4;2;1;57;0;6653947;777;0
11;19;78;18;29;2;16;3.80;4;2;1;60;0;6654216;247;0
11;19;78;18;29;9;22;3.40;4;2;1;57;0;6654922;683;0
11;19;78;18;29;11;48;3.60;4;2;1;59;0;6655148;204;0
11;19;78;18;29;12;75;3.20;4;2;1;61;0;6655275;105;0
11;19;78;18;29;13;25;3.40;3;2;1;60;0;6655325;4529;0
11;19;78;18;29;14;25;3.00;3;2;1;61;0;6655425;79;0
11;19;78;18;29;16;92;3.00;3;2;1;57;0;6655692;249;0
11;19;78;18;29;17;39;4.00;1;1;1;62;0;6655739;1927;0
11;19;78;18;29;17;43;4.40;4;2;1;57;0;6655743;449;0
11;19;78;18;29;18;8;3.20;3;2;1;57;0;6655808;97;0
11;19;78;18;29;18;88;3.60;3;2;1;57;0;6655888;59;0
11;19;78;18;29;21;72;3.40;3;2;1;58;0;6656172;261;0
11;19;78;18;29;22;84;3.20;3;2;1;58;0;6656284;90;0
11;19;78;18;29;22;82;3.80;4;2;1;53;0;6656282;511;0
11;19;78;18;29;23;83;3.80;4;2;1;57;0;6656383;75;0
11;19;78;18;29;24;77;3.80;4;2;1;55;0;6656477;70;0
11;19;78;18;29;25;11;3.60;3;2;1;61;0;6656511;207;0
11;19;78;18;29;26;3;3.20;4;2;1;57;0;6656603;101;0
11;19;78;18;29;28;43;3.80;3;2;1;58;0;6656843;310;0
11;19;78;18;29;28;1;11.20;4;2;3;52;0;6656801;177;6656282
11;19;78;18;29;29;82;3.60;3;2;1;57;0;6656982;115;6656282
11;19;78;18;29;30;80;3.60;4;2;1;54;0;6657080;201;0
11;19;78;18;29;31;34;3.40;1;1;1;60;0;6657134;1371;0
11;19;78;18;29;31;51;4.00;3;2;1;55;0;6657151;146;0
11;19;78;18;29;32;17;3.60;4;2;1;51;0;6657217;113;0
11;19;78;18;29;32;83;3.80;3;2;1;58;0;6657283;105;0
11;19;78;18;29;33;64;3.80;4;2;1;49;0;6657364;121;0
11;19;78;18;29;35;34;6.80;4;2;2;47;0;6657534;142;0
11;19;78;18;29;36;72;3.60;4;2;1;47;0;6657672;85;6657080
11;19;78;18;29;38;47;3.60;4;2;1;46;0;6657847;147;6657080
11;19;78;18;29;39;67;3.60;3;2;1;65;0;6657967;660;0
11;19;78;18;29;40;28;4.00;2;1;1;60;0;6658028;5233;0
11;19;78;18;29;40;44;3.20;4;2;1;41;0;6658044;168;6657080
11;19;78;18;29;41;70;4.00;2;1;1;59;0;6658170;118;6657080
11;19;78;18;29;41;77;3.80;1;1;1;56;0;6658177;1022;0
11;19;78;18;29;41;59;3.60;3;2;1;58;0;6658159;172;0
11;19;78;18;29;41;58;3.20;4;2;1;38;0;6658158;85;6657080
11;19;78;18;29;42;85;3.40;2;1;1;59;0;6658285;90;6657080
11;19;78;18;29;43;13;3.20;3;2;1;58;0;6658313;131;6657080
11;19;78;18;29;43;38;4.40;1;1;1;56;0;6658338;136;6657080
11;19;78;18;29;44;3;4.60;3;2;1;57;0;6658403;70;6657080
11;19;78;18;29;45;8;3.80;1;1;1;56;0;6658508;141;6657080
11;19;78;18;29;45;50;3.60;4;2;1;43;0;6658550;361;0
11;19;78;18;29;46;34;3.20;2;1;1;57;0;6658634;328;0
11;19;78;18;29;46;79;3.80;1;1;1;55;0;6658679;146;0
11;19;78;18;29;46;81;3.00;4;2;1;43;0;6658681;100;0
11;19;78;18;29;48;21;3.60;1;1;1;55;0;6658821;117;6658177
11;19;78;18;29;50;8;3.80;1;1;1;53;0;6659008;163;6658177
11;19;78;18;29;51;72;3.80;1;1;1;55;0;6659172;138;6658177
11;19;78;18;29;52;27;3.40;2;1;1;61;0;6659227;572;0
11;19;78;18;29;52;93;4.40;1;1;1;54;0;6659293;96;6658177
11;19;78;18;29;53;96;3.80;2;1;1;58;0;6659396;148;6658177
11;19;78;18;29;54;73;3.20;1;1;1;54;0;6659473;150;6658177
11;19;78;18;29;55;37;3.60;2;1;1;56;0;6659537;117;6658177
11;19;78;18;29;56;81;4.00;2;1;1;60;0;6659681;120;6658177
11;19;78;18;29;56;78;3.80;1;1;1;50;0;6659678;183;6658177
11;19;78;18;29;57;61;3.60;1;1;1;50;0;6659761;55;6658177
11;19;78;18;29;58;41;4.20;2;1;1;57;0;6659841;136;6659227
11;19;78;18;29;59;50;3.60;1;1;1;56;0;6659950;163;6658177
11;19;78;18;30;0;83;3.40;2;1;1;57;0;6660083;215;0
11;19;78;18;30;1;38;3.40;4;2;1;61;0;6660138;1431;0
11;19;78;18;30;2;41;3.20;1;1;1;55;0;6660241;267;0
11;19;78;18;30;2;73;3.00;2;1;1;57;0;6660273;168;0
11;19;78;18;30;4;10;3.20;1;1;1;53;0;6660410;148;0
11;19;78;18;30;5;21;3.40;1;1;1;54;0;6660521;89;0
11;19;78;18;30;6;14;4.00;2;1;1;52;0;6660614;322;0
11;19;78;18;30;7;11;4.00;1;1;1;52;0;6660711;167;0
11;19;78;18;30;8;24;4.20;1;1;1;50;0;6660824;85;6660241
11;19;78;18;30;9;79;3.20;1;1;1;48;0;6660979;124;6660241
11;19;78;18;30;10;64;4.00;2;1;1;58;0;6661064;422;0
11;19;78;18;30;10;58;3.40;1;1;1;46;0;6661058;55;6660241
11;19;78;18;30;11;69;3.40;1;1;1;46;0;6661169;84;6660241
11;19;78;18;30;12;60;3.80;2;1;1;51;0;6661260;171;6660241
11;19;78;18;30;13;63;3.80;1;1;1;43;0;6661363;167;6660241
11;19;78;18;30;15;9;3.60;1;1;1;44;0;6661509;114;6660241
11;19;78;18;30;15;79;3.20;2;1;1;50;0;6661579;292;0
11;19;78;18;30;17;97;3.20;2;1;1;58;0;6661797;194;0
11;19;78;18;30;18;37;3.40;1;1;1;44;0;6661837;298;0
11;19;78;18;30;21;20;4.40;1;1;1;55;0;6662120;255;0
11;19;78;18;30;22;82;3.60;3;2;1;70;0;6662282;3849;0
11;19;78;18;30;23;53;3.60;4;2;1;64;0;6662353;2194;0
11;19;78;18;30;26;68;3.20;3;2;1;61;0;6662668;367;0
11;19;78;18;30;30;51;3.60;1;1;1;56;0;6663051;902;0
11;19;78;18;30;31;31;3.40;4;2;1;52;0;6663131;757;0
11;19;78;18;30;33;8;3.60;4;2;1;51;0;6663308;153;0
11;19;78;18;30;34;49;3.20;4;2;1;52;0;6663449;115;0
11;19;78;18;30;35;52;3.60;1;1;1;54;0;6663552;477;0
11;19;78;18;30;36;41;3.40;4;2;1;51;0;6663641;169;0
11;19;78;18;30;41;56;3.80;3;2;1;59;0;6664156;1469;0
11;19;78;18;30;41;44;5.20;2;1;1;61;0;6664144;2327;0
11;19;78;18;30;46;44;3.40;3;2;1;60;0;6664644;464;0
11;19;78;18;30;46;80;3.40;4;2;1;52;0;6664680;1015;0
11;19;78;18;30;48;86;4.00;3;2;1;57;0;6664886;221;0
11;19;78;18;30;50;6;3.40;4;2;1;50;0;6665006;302;0
11;19;78;18;30;55;59;3.40;4;2;1;53;0;6665559;528;0
11;19;78;18;30;55;80;3.80;3;2;1;62;0;6665580;668;0
11;19;78;18;30;56;85;3.80;4;2;1;55;0;6665685;102;0
11;19;78;18;30;59;41;3.40;4;2;1;52;0;6665941;231;0
11;19;78;18;30;59;69;3.60;3;2;1;56;0;6665969;366;0
11;19;78;18;31;0;99;3.60;3;2;1;58;0;6666099;106;0
11;19;78;18;31;1;45;3.40;4;2;1;54;0;6666145;180;0
11;19;78;18;31;2;66;3.80;3;2;1;56;0;6666266;144;0
11;19;78;18;31;2;95;3.60;4;2;1;54;0;6666295;127;0
11;19;78;18;31;4;87;3.60;3;2;1;57;0;6666487;196;0
11;19;78;18;31;5;19;4.00;4;2;1;53;0;6666519;200;0
11;19;78;18;31;7;35;2.80;4;2;1;54;0;6666735;188;0
11;19;78;18;31;8;96;3.80;3;2;1;66;0;6666896;386;0
11;19;78;18;31;9;5;3.20;4;2;1;55;0;6666905;151;0
11;19;78;18;31;10;45;3.60;4;2;1;56;0;6667045;119;0
11;19;78;18;31;11;12;3.20;3;2;1;59;0;6667112;195;0
11;19;78;18;31;11;19;4.00;1;1;1;54;0;6667119;3543;0
11;19;78;18;31;12;97;3.40;2;1;1;56;0;6667297;3122;0
11;19;78;18;31;13;35;3.60;4;2;1;51;0;6667335;266;0
11;19;78;18;31;14;60;3.20;3;2;1;57;0;6667460;328;0
11;19;78;18;31;15;12;3.60;4;2;1;53;0;6667512;151;0
11;19;78;18;31;16;86;3.60;4;2;1;53;0;6667686;149;0
11;19;78;18;31;20;56;3.20;2;1;1;56;0;6668056;737;0
11;19;78;18;31;25;44;3.00;1;1;1;59;0;6668544;1398;0
11;19;78;18;31;36;7;3.40;4;2;1;58;0;6669607;1896;0
11;19;78;18;31;36;16;11.20;1;1;3;56;0;6669616;1053;0
11;19;78;18;31;38;54;3.80;2;1;1;59;0;6669854;1777;0
11;19;78;18;31;39;34;3.20;4;2;1;69;0;6669934;305;0
11;19;78;18;31;41;31;2.80;2;1;1;61;0;6670131;253;0
11;19;78;18;31;43;64;3.80;4;2;1;54;0;6670364;413;0
11;19;78;18;31;44;38;3.40;1;1;1;56;0;6670438;750;0
11;19;78;18;31;44;63;3.60;2;1;1;58;0;6670463;315;0
11;19;78;18;31;44;99;3.40;4;2;1;53;0;6670499;109;0
11;19;78;18;31;47;34;3.00;2;1;1;56;0;6670734;248;0
11;19;78;18;31;48;15;3.40;2;1;1;55;0;6670815;61;0
11;19;78;18;31;48;70;3.60;1;1;1;56;0;6670870;410;0
11;19;78;18;31;49;49;3.40;2;1;1;56;0;6670949;111;0
11;19;78;18;31;50;32;4.00;1;1;1;54;0;6671032;138;0
11;19;78;18;31;51;99;3.80;4;2;1;57;0;6671199;676;0
11;19;78;18;31;51;93;3.00;1;1;1;52;0;6671193;134;0
11;19;78;18;31;53;1;3.80;2;1;1;59;0;6671301;330;0
11;19;78;18;31;53;36;3.40;1;1;1;53;0;6671336;122;0
11;19;78;18;31;54;18;3.80;2;1;1;58;0;6671418;93;0
11;19;78;18;31;54;87;3.20;1;1;1;51;0;6671487;127;6670870
11;19;78;18;31;56;65;3.40;2;1;1;60;0;6671665;223;0
11;19;78;18;31;56;70;3.60;1;1;1;50;0;6671670;160;6670870
11;19;78;18;31;58;53;3.80;1;1;1;47;0;6671853;157;6670870
11;19;78;18;31;59;2;3.60;4;2;1;62;0;6671902;679;0
11;19;78;18;32;0;52;3.40;4;2;1;58;0;6672052;129;0
11;19;78;18;32;0;10;10.40;1;1;2;47;0;6672010;127;6670870
11;19;78;18;32;1;92;4.20;1;1;1;47;0;6672192;102;6670870
11;19;78;18;32;2;67;3.80;3;2;1;61;0;6672267;4786;0
11;19;78;18;32;2;97;3.60;1;1;1;48;0;6672297;72;6670870
11;19;78;18;32;5;55;3.40;3;2;1;61;0;6672555;265;0
11;19;78;18;32;5;89;4.80;1;1;1;50;0;6672589;265;0
11;19;78;18;32;7;62;3.60;1;1;1;49;0;6672762;138;0
11;19;78;18;32;7;91;3.60;4;2;1;49;0;6672791;717;0
11;19;78;18;32;8;21;3.60;2;1;1;49;0;6672821;1135;0
11;19;78;18;32;8;74;3.60;3;2;1;61;0;6672874;298;0
11;19;78;18;32;8;52;6.20;1;1;1;48;0;6672852;63;0
11;19;78;18;32;9;72;3.20;4;2;1;48;0;6672972;154;0
11;19;78;18;32;10;61;3.40;3;2;1;55;0;6673061;165;0
11;19;78;18;32;10;66;4.00;2;1;1;52;0;6673066;218;0
11;19;78;18;32;11;79;3.40;4;2;1;54;0;6673179;183;0
11;19;78;18;32;12;99;3.60;4;2;1;56;0;6673299;97;0
11;19;78;18;32;13;98;4.00;1;1;1;55;0;6673398;499;0
11;19;78;18;32;15;71;3.80;1;1;1;55;0;6673571;146;0
11;19;78;18;32;17;18;3.40;2;1;1;17;0;6673718;624;0
11;19;78;18;32;18;72;3.80;4;2;1;59;0;6673872;549;0
11;19;78;18;32;19;74;3.80;2;1;1;50;0;6673974;184;0
11;19;78;18;32;21;28;3.40;4;2;1;55;0;6674128;232;0
11;19;78;18;32;21;60;4.00;2;1;1;52;0;6674160;158;0
11;19;78;18;32;22;66;3.40;2;1;1;48;0;6674266;78;0
11;19;78;18;32;28;89;3.80;3;2;1;62;0;6674889;1805;0
11;19;78;18;32;29;50;3.40;4;2;1;61;0;6674950;799;0
11;19;78;18;32;30;65;3.20;1;1;1;54;0;6675065;1469;0
11;19;78;18;32;31;66;3.80;3;2;1;62;0;6675166;254;0
11;19;78;18;32;32;64;3.80;3;2;1;62;0;6675264;75;0
11;19;78;18;32;32;74;3.60;4;2;1;58;0;6675274;303;0
11;19;78;18;32;33;28;3.60;2;1;1;57;0;6675328;1036;0
11;19;78;18;32;33;55;4.00;3;2;1;59;0;6675355;68;0
11;19;78;18;32;35;7;3.40;3;2;1;61;0;6675507;127;0
11;19;78;18;32;37;26;3.40;4;2;1;56;0;6675726;429;0
11;19;78;18;32;39;43;3.60;3;2;1;65;0;6675943;415;0
11;19;78;18;32;39;57;3.60;4;2;1;56;0;6675957;209;0
11;19;78;18;32;40;69;3.00;4;2;1;62;0;6676069;88;0
11;19;78;18;32;41;62;4.00;4;2;1;59;0;6676162;75;0
11;19;78;18;32;42;47;3.80;3;2;1;64;0;6676247;284;0
11;19;78;18;32;44;19;4.00;4;2;1;56;0;6676419;232;0
11;19;78;18;32;46;23;3.60;3;2;1;63;0;6676623;354;0
11;19;78;18;32;46;50;3.40;4;2;1;56;0;6676650;205;0
11;19;78;18;32;47;91;3.80;4;2;1;55;0;6676791;119;0
11;19;78;18;32;49;52;3.80;4;2;1;54;0;6676952;136;0
11;19;78;18;32;50;97;3.20;4;2;1;54;0;6677097;119;0
11;19;78;18;32;51;9;3.40;3;2;1;61;0;6677109;465;0
11;19;78;18;32;52;48;3.40;4;2;1;54;0;6677248;129;6676650
11;19;78;18;32;52;72;3.60;3;2;1;60;0;6677272;142;6676650
11;19;78;18;32;53;65;3.20;3;2;1;59;0;6677365;71;6676650
11;19;78;18;32;53;97;4.00;4;2;1;55;0;6677397;126;6676650
11;19;78;18;32;54;85;3.60;3;2;1;57;0;6677485;100;6676650
11;19;78;18;32;56;47;4.40;4;2;1;51;0;6677647;223;0
11;19;78;18;32;58;70;4.60;3;2;1;58;0;6677870;362;0
11;19;78;18;32;59;34;4.40;4;2;1;45;0;6677934;255;0
11;19;78;18;33;0;25;3.60;3;2;1;58;0;6678025;126;0
11;19;78;18;33;2;92;8.60;4;2;6;57;0;6678292;322;0
11;19;78;18;33;18;29;3.80;1;1;1;59;0;6679829;4742;0
11;19;78;18;33;19;35;3.40;1;1;1;58;0;6679935;82;0
11;19;78;18;33;20;23;3.00;2;1;1;57;0;6680023;4672;0
11;19;78;18;33;21;1;4.40;1;1;1;57;0;6680101;144;0
11;19;78;18;33;21;43;3.80;2;1;1;60;0;6680143;101;0
11;19;78;18;33;22;65;3.80;2;1;1;60;0;6680265;99;0
11;19;78;18;33;23;9;3.80;1;1;1;59;0;6680309;180;0
11;19;78;18;33;23;82;3.80;2;1;1;60;0;6680382;94;0
11;19;78;18;33;24;80;4.00;1;1;1;60;0;6680480;147;6679829
11;19;78;18;33;26;12;3.40;2;1;1;58;0;6680612;207;0
11;19;78;18;33;26;42;4.20;1;1;1;59;0;6680642;138;6679829
11;19;78;18;33;27;38;3.20;2;1;1;57;0;6680738;104;6679829
11;19;78;18;33;27;73;3.40;3;2;1;56;0;6680773;2725;0
11;19;78;18;33;28;4;3.60;1;1;1;57;0;6680804;136;6679829
11;19;78;18;33;28;53;3.80;4;2;1;62;0;6680853;2506;0
11;19;78;18;33;28;71;3.40;2;1;1;56;0;6680871;112;0
11;19;78;18;33;29;36;3.80;1;1;1;54;0;6680936;109;6679829
11;19;78;18;33;31;77;3.80;1;1;1;56;0;6681177;215;0
11;19;78;18;33;32;3;3.60;4;2;1;63;0;6681203;327;0
11;19;78;18;33;32;96;3.00;1;1;1;55;0;6681296;94;0
11;19;78;18;33;33;8;3.60;2;1;1;60;0;6681308;415;0
11;19;78;18;33;34;48;4.20;1;1;1;54;0;6681448;132;0
11;19;78;18;33;37;21;3.60;2;1;1;60;0;6681721;391;0
11;19;78;18;33;38;40;3.80;1;1;1;53;0;6681840;364;0
11;19;78;18;33;40;10;3.60;1;1;1;54;0;6682010;144;0
11;19;78;18;33;40;71;3.80;2;1;1;58;0;6682071;328;0
11;19;78;18;33;40;77;4.20;3;2;1;64;0;6682077;1282;0
11;19;78;18;33;40;73;3.60;4;2;1;54;0;6682073;849;0
11;19;78;18;33;42;46;3.80;1;1;1;51;0;6682246;212;0
11;19;78;18;33;42;89;3.20;4;2;1;55;0;6682289;192;0
11;19;78;18;33;43;17;3.60;2;1;1;60;0;6682317;222;0
11;19;78;18;33;43;82;3.20;3;2;1;59;0;6682382;281;0
11;19;78;18;33;44;4;4.00;1;1;1;49;0;6682404;131;0
11;19;78;18;33;45;31;3.40;4;2;1;58;0;6682531;221;0
11;19;78;18;33;46;53;3.20;2;1;1;58;0;6682653;314;0
11;19;78;18;33;46;58;5.60;1;1;2;51;0;6682658;224;0
11;19;78;18;33;47;77;4.00;4;2;1;52;0;6682777;224;0
11;19;78;18;33;49;19;3.60;4;2;1;53;0;6682919;114;0
11;19;78;18;33;50;36;3.40;2;1;1;54;0;6683036;363;0
11;19;78;18;33;50;73;3.80;1;1;1;59;0;6683073;375;0
11;19;78;18;33;52;68;3.80;1;1;1;55;0;6683268;171;0
11;19;78;18;33;54;3;3.40;1;1;1;57;0;6683403;110;0
11;19;78;18;33;55;7;10.00;4;2;2;58;0;6683507;563;0
11;19;78;18;33;55;52;3.60;2;1;1;54;0;6683552;493;0
11;19;78;18;33;56;50;3.40;2;1;1;50;0;6683650;74;0
11;19;78;18;33;59;65;3.00;1;1;1;52;0;6683965;540;0
11;19;78;18;34;0;8;3.60;4;2;1;59;0;6684008;438;0
11;19;78;18;34;1;95;3.40;1;1;1;51;0;6684195;209;0
11;19;78;18;34;2;23;3.40;4;2;1;55;0;6684223;193;0
11;19;78;18;34;4;45;3.40;1;1;1;47;0;6684445;226;0
11;19;78;18;34;4;36;4.20;2;1;1;47;0;6684436;761;0
11;19;78;18;34;5;70;3.80;1;1;1;44;0;6684570;98;0
11;19;78;18;34;5;82;3.40;2;1;1;43;0;6684582;113;0
11;19;78;18;34;6;73;4.00;1;1;1;45;0;6684673;71;0
11;19;78;18;34;7;59;3.80;2;1;1;49;0;6684759;148;0
11;19;78;18;34;8;4;3.60;4;2;1;64;0;6684804;558;0
11;19;78;18;34;8;75;3.60;3;2;1;62;0;6684875;2473;0
11;19;78;18;34;8;93;3.40;1;1;1;45;0;6684893;188;0
11;19;78;18;34;10;7;4.00;4;2;1;59;0;6685007;182;0
11;19;78;18;34;10;16;3.80;3;2;1;61;0;6685016;120;0
11;19;78;18;34;10;68;3.20;1;1;1;45;0;6685068;147;6684445
11;19;78;18;34;11;87;3.60;4;2;1;65;0;6685187;155;6684445
11;19;78;18;34;12;26;3.60;3;2;1;60;0;6685226;187;6684445
11;19;78;18;34;13;48;3.40;2;1;1;57;0;6685348;561;0
11;19;78;18;34;14;27;3.60;3;2;1;58;0;6685427;179;0
11;19;78;18;34;14;98;3.20;4;2;1;61;0;6685498;291;0
11;19;78;18;34;17;73;6.60;4;2;1;61;0;6685773;256;0
11;19;78;18;34;18;29;3.40;3;2;1;60;0;6685829;379;0
11;19;78;18;34;20;94;3.80;3;2;1;62;0;6686094;244;0
11;19;78;18;34;21;30;3.00;4;2;1;54;0;6686130;318;0
11;19;78;18;34;22;47;3.80;4;2;1;54;0;6686247;97;0
11;19;78;18;34;23;30;4.00;3;2;1;60;0;6686330;213;0
11;19;78;18;34;24;93;3.60;3;2;1;59;0;6686493;139;0
11;19;78;18;34;24;85;9.20;4;2;2;51;0;6686485;212;0
11;19;78;18;34;25;92;3.80;3;2;1;59;0;6686592;77;0
11;19;78;18;34;26;72;3.20;4;2;1;51;0;6686672;122;0
11;19;78;18;34;27;44;3.40;3;2;1;61;0;6686744;128;0
11;19;78;18;34;27;61;3.20;4;2;1;53;0;6686761;66;0
11;19;78;18;34;28;54;3.40;4;2;1;53;0;6686854;71;0
11;19;78;18;34;28;69;3.40;3;2;1;59;0;6686869;104;6686330
11;19;78;18;34;29;47;4.20;2;1;1;60;0;6686947;1577;0
11;19;78;18;34;29;54;3.20;3;2;1;61;0;6686954;64;6686330
11;19;78;18;34;29;44;3.20;4;2;1;53;0;6686944;66;6686485
11;19;78;18;34;31;30;3.80;3;2;1;62;0;6687130;157;6686330
11;19;78;18;34;32;17;14.40;4;2;3;57;0;6687217;251;0
11;19;78;18;34;33;15;3.20;3;2;1;63;0;6687315;162;6686330
11;19;78;18;34;35;79;4.80;3;2;1;56;0;6687579;245;0
11;19;78;18;34;36;23;3.60;4;2;1;57;0;6687623;315;0
11;19;78;18;34;37;33;3.20;3;2;1;61;0;6687733;123;0
11;19;78;18;34;37;49;3.60;4;2;1;55;0;6687749;103;0
11;19;78;18;34;38;58;7.20;3;2;1;57;0;6687858;106;0
11;19;78;18;34;40;31;3.60;4;2;1;54;0;6688031;258;0
11;19;78;18;34;41;89;4.00;4;2;1;52;0;6688189;134;0
11;19;78;18;34;43;11;3.80;3;2;1;53;0;6688311;407;0
11;19;78;18;34;44;19;4.00;3;2;1;53;0;6688419;82;0
11;19;78;18;34;45;35;3.20;4;2;1;51;0;6688535;318;0
11;19;78;18;34;46;23;4.00;3;2;1;55;0;6688623;176;0
11;19;78;18;34;55;69;3.20;2;1;1;55;0;6689569;2596;0
11;19;78;18;34;56;79;3.60;4;2;1;56;0;6689679;1121;0
11;19;78;18;34;57;46;3.60;2;1;1;54;0;6689746;156;0
11;19;78;18;34;58;51;3.40;1;1;1;52;0;6689851;4757;0
11;19;78;18;34;59;40;3.40;1;1;1;52;0;6689940;65;0
11;19;78;18;34;59;73;13.00;2;1;2;56;0;6689973;203;0
11;19;78;18;35;0;94;3.60;1;1;1;51;0;6690094;130;0
11;19;78;18;35;2;47;3.20;2;1;1;58;0;6690247;190;0
11;19;78;18;35;3;63;3.80;2;1;1;58;0;6690363;96;0
11;19;78;18;35;4;92;4.60;1;1;1;50;0;6690492;372;0
11;19;78;18;35;7;47;3.60;1;1;1;48;0;6690747;221;0
11;19;78;18;35;8;37;3.60;3;2;1;68;0;6690837;2187;0
11;19;78;18;35;8;67;3.80;2;1;1;55;0;6690867;480;0
11;19;78;18;35;10;26;3.20;4;2;1;58;0;6691026;1323;0
11;19;78;18;35;10;45;3.60;1;1;1;47;0;6691045;271;0
11;19;78;18;35;11;32;3.20;2;1;1;51;0;6691132;240;0
11;19;78;18;35;11;40;3.40;3;2;1;68;0;6691140;283;0
11;19;78;18;35;11;94;3.40;1;1;1;48;0;6691194;121;0
11;19;78;18;35;12;81;3.80;3;2;1;68;0;6691281;123;0
11;19;78;18;35;13;17;3.80;2;1;1;49;0;6691317;162;0
11;19;78;18;35;13;40;4.00;1;1;1;47;0;6691340;120;0
11;19;78;18;35;14;92;3.40;4;2;1;58;0;6691492;446;0
11;19;78;18;35;14;90;3.60;1;1;1;46;0;6691490;119;0
11;19;78;18;35;15;34;3.80;2;1;1;45;0;6691534;189;0
11;19;78;18;35;16;0;3.80;1;1;1;45;0;6691600;81;6691045
11;19;78;18;35;16;34;4.60;2;1;1;43;0;6691634;69;6691045
11;19;78;18;35;17;35;3.60;1;1;1;44;0;6691735;104;6691045
11;19;78;18;35;18;3;3.60;2;1;1;42;0;6691803;130;6691132
11;19;78;18;35;19;7;3.60;4;2;1;56;0;6691907;393;0
11;19;78;18;35;19;43;3.80;2;1;1;40;0;6691943;109;6691132
11;19;78;18;35;19;73;3.40;1;1;1;43;0;6691973;208;0
11;19;78;18;35;20;69;3.80;3;2;1;62;0;6692069;767;0
11;19;78;18;35;21;53;4.20;1;1;1;43;0;6692153;151;0
11;19;78;18;35;22;45;3.80;2;1;1;45;0;6692245;267;0
11;19;78;18;35;22;69;3.40;4;2;1;57;0;6692269;338;0
11;19;78;18;35;23;92;3.60;2;1;1;42;0;6692392;116;0
11;19;78;18;35;24;37;4.00;1;1;1;41;0;6692437;248;0
11;19;78;18;35;25;15;3.60;4;2;1;57;0;6692515;224;0
11;19;78;18;35;25;78;3.40;2;1;1;42;0;6692578;155;0
11;19;78;18;35;25;91;3.60;1;1;1;40;0;6692591;118;0
11;19;78;18;35;27;95;3.80;2;1;1;47;0;6692795;187;0
11;19;78;18;35;28;17;5.60;1;1;1;44;0;6692817;193;0
11;19;78;18;35;29;73;3.20;1;1;1;46;0;6692973;110;0
11;19;78;18;35;32;21;3.80;1;1;1;42;0;6693221;222;0
11;19;78;18;35;32;62;3.60;2;1;1;55;0;6693262;437;0
11;19;78;18;35;35;20;3.40;2;1;1;51;0;6693520;234;0
11;19;78;18;35;35;61;3.40;1;1;1;43;0;6693561;307;0
11;19;78;18;35;37;9;3.80;1;1;1;48;0;6693709;119;0
11;19;78;18;35;39;57;3.80;2;1;1;54;0;6693957;413;0
11;19;78;18;35;42;46;3.80;4;2;1;68;0;6694246;1708;0
11;19;78;18;35;45;85;3.40;4;2;1;77;0;6694585;318;0
11;19;78;18;35;46;85;3.80;1;1;1;47;0;6694685;947;0
11;19;78;18;35;47;15;3.60;4;2;1;63;0;6694715;114;0
11;19;78;18;35;48;35;3.20;1;1;1;48;0;6694835;120;0
11;19;78;18;35;49;52;3.40;3;2;1;57;0;6694952;2860;0
11;19;78;18;35;50;9;3.80;1;1;1;48;0;6695009;150;0
11;19;78;18;35;50;68;3.80;4;2;1;63;0;6695068;332;0
11;19;78;18;35;51;16;3.40;3;2;1;58;0;6695116;142;0
11;19;78;18;35;55;67;3.80;3;2;1;57;0;6695567;429;0
11;19;78;18;35;56;26;3.60;4;2;1;57;0;6695626;536;0
11;19;78;18;35;57;38;3.40;3;2;1;59;0;6695738;147;0
11;19;78;18;35;57;79;3.80;4;2;1;59;0;6695779;130;0
11;19;78;18;35;58;96;3.60;3;2;1;55;0;6695896;137;0
11;19;78;18;36;0;9;3.60;4;2;1;56;0;6696009;206;0
11;19;78;18;36;2;56;3.60;4;2;1;59;0;6696256;223;0
11;19;78;18;36;3;19;3.60;3;2;1;61;0;6696319;399;0
11;19;78;18;36;4;59;3.20;4;2;1;65;0;6696459;181;0
11;19;78;18;36;7;44;3.20;4;2;1;60;0;6696744;267;0
11;19;78;18;36;7;42;3.20;3;2;1;53;0;6696742;401;0
11;19;78;18;36;8;73;3.60;3;2;1;51;0;6696873;109;0
11;19;78;18;36;9;77;3.60;4;2;1;59;0;6696977;213;0
11;19;78;18;36;10;21;3.80;3;2;1;50;0;6697021;122;0
11;19;78;18;36;12;3;4.00;3;2;1;50;0;6697203;154;0
11;19;78;18;36;13;5;3.60;4;2;1;57;0;6697305;306;0
11;19;78;18;36;13;29;3.60;3;2;1;49;0;6697329;97;6696742
11;19;78;18;36;14;38;3.40;3;2;1;50;0;6697438;82;6696742
11;19;78;18;36;15;36;3.60;3;2;1;50;0;6697536;73;6696742
11;19;78;18;36;16;61;3.80;4;2;1;52;0;6697661;333;0
11;19;78;18;36;16;84;3.20;3;2;1;50;0;6697684;122;6696742
11;19;78;18;36;18;36;3.60;3;2;1;48;0;6697836;128;6696742
11;19;78;18;36;18;87;3.40;4;2;1;54;0;6697887;199;6696742
11;19;78;18;36;19;31;3.80;2;1;1;56;0;6697931;3948;0
11;19;78;18;36;20;5;4.00;3;2;1;50;0;6698005;142;6696742
11;19;78;18;36;21;27;4.00;3;2;1;50;0;6698127;93;6696742
11;19;78;18;36;21;87;4.00;4;2;1;51;0;6698187;277;0
11;19;78;18;36;22;67;4.00;3;2;1;48;0;6698267;111;6696742
11;19;78;18;36;23;30;4.40;4;2;1;50;0;6698330;114;6696742
11;19;78;18;36;25;72;4.60;4;2;1;50;0;6698572;210;0
11;19;78;18;36;31;14;3.60;1;1;1;52;0;6699114;4076;0
11;19;78;18;36;33;48;4.00;2;1;1;66;0;6699348;1392;0
11;19;78;18;36;34;33;3.40;1;1;1;59;0;6699433;294;0
11;19;78;18;36;36;47;3.80;2;1;1;59;0;6699647;277;0
11;19;78;18;36;37;34;4.20;3;2;1;60;0;6699734;1437;0
11;19;78;18;36;37;63;3.20;2;1;1;56;0;6699763;92;0
11;19;78;18;36;37;69;3.60;1;1;1;53;0;6699769;315;0
11;19;78;18;36;41;17;3.20;1;1;1;53;0;6700117;323;0
11;19;78;18;36;41;97;3.80;2;1;1;58;0;6700197;413;0
11;19;78;18;36;42;94;4.40;1;1;1;45;0;6700294;155;0
11;19;78;18;36;44;39;3.60;2;1;1;50;0;6700439;218;0
11;19;78;18;36;44;59;3.40;1;1;1;46;0;6700459;129;0
11;19;78;18;36;44;78;3.80;4;2;1;60;0;6700478;1872;0
11;19;78;18;36;46;42;3.60;2;1;1;51;0;6700642;177;0
11;19;78;18;36;48;79;3.80;1;1;1;46;0;6700879;393;0
11;19;78;18;36;49;96;3.20;1;1;1;44;0;6700996;87;0
11;19;78;18;36;52;6;3.60;2;1;1;54;0;6701206;538;0
11;19;78;18;36;51;36;13.00;1;1;3;44;0;6701136;113;0
11;19;78;18;36;53;72;3.80;2;1;1;54;0;6701372;142;0
11;19;78;18;36;53;86;3.00;1;1;1;44;0;6701386;143;0
11;19;78;18;36;54;91;3.80;2;1;1;49;0;6701491;93;0
11;19;78;18;36;55;51;8.60;1;1;2;46;0;6701551;140;6700879
11;19;78;18;36;56;9;3.00;2;1;1;49;0;6701609;90;6700879
11;19;78;18;36;57;15;3.80;3;2;1;63;0;6701715;1955;0
11;19;78;18;36;57;74;3.80;1;1;1;46;0;6701774;155;6700879
11;19;78;18;36;58;93;3.60;4;2;1;61;0;6701893;1392;0
11;19;78;18;37;0;77;3.40;1;1;1;44;0;6702077;273;0
11;19;78;18;37;1;40;3.00;4;2;1;63;0;6702140;225;0
11;19;78;18;37;2;12;3.40;1;1;1;43;0;6702212;107;0
11;19;78;18;37;2;66;3.80;3;2;1;62;0;6702266;529;0
11;19;78;18;37;4;12;3.40;4;2;1;62;0;6702412;254;0
11;19;78;18;37;4;12;3.20;1;1;1;41;0;6702412;171;0
11;19;78;18;37;5;88;4.80;1;1;1;47;0;6702588;147;0
11;19;78;18;37;6;60;3.00;4;2;1;66;0;6702660;228;0
11;19;78;18;37;7;92;3.20;1;1;1;50;0;6702792;167;6702077
11;19;78;18;37;9;77;4.20;4;2;1;62;0;6702977;300;0
11;19;78;18;37;9;90;3.80;2;1;1;55;0;6702990;1358;0
11;19;78;18;37;10;51;3.60;3;2;1;53;0;6703051;762;0
11;19;78;18;37;10;62;3.40;1;1;1;50;0;6703062;246;0
11;19;78;18;37;10;84;3.80;2;1;1;54;0;6703084;69;0
11;19;78;18;37;12;12;3.40;4;2;1;57;0;6703212;210;0
11;19;78;18;37;12;17;3.80;3;2;1;60;0;6703217;141;0
11;19;78;18;37;13;33;3.80;3;2;1;61;0;6703333;93;0
11;19;78;18;37;13;74;3.20;2;1;1;50;0;6703374;264;0
11;19;78;18;37;15;4;3.40;3;2;1;62;0;6703504;148;0
11;19;78;18;37;15;20;3.40;1;1;1;51;0;6703520;433;0
11;19;78;18;37;16;57;3.20;1;1;1;48;0;6703657;113;0
11;19;78;18;37;16;99;3.80;2;1;1;57;0;6703699;301;0
11;19;78;18;37;17;75;3.60;4;2;1;56;0;6703775;541;0
11;19;78;18;37;20;7;3.40;2;1;1;65;0;6704007;284;0
11;19;78;18;37;21;46;3.60;1;1;1;62;0;6704146;465;0
11;19;78;18;37;24;58;14.40;1;1;3;52;0;6704458;291;0
11;19;78;18;37;26;48;3.60;4;2;1;62;0;6704648;849;0
11;19;78;18;37;27;39;3.20;1;1;1;49;0;6704739;181;0
11;19;78;18;37;29;4;3.00;4;2;1;57;0;6704904;235;0
11;19;78;18;37;29;16;3.80;3;2;1;64;0;6704916;1392;0
11;19;78;18;37;30;40;3.60;4;2;1;60;0;6705040;117;0
11;19;78;18;37;31;98;3.80;3;2;1;60;0;6705198;260;0
11;19;78;18;37;33;14;3.20;4;2;1;63;0;6705314;252;0
11;19;78;18;37;34;40;3.40;3;2;1;64;0;6705440;219;0
11;19;78;18;37;34;91;3.40;4;2;1;58;0;6705491;158;0
11;19;78;18;37;35;91;3.80;3;2;1;64;0;6705591;131;0
11;19;78;18;37;37;14;3.60;4;2;1;56;0;6705714;201;0
11;19;78;18;37;38;28;3.40;1;1;1;57;0;6705828;1065;0
11;19;78;18;37;38;81;3.40;3;2;1;62;0;6705881;268;0
11;19;78;18;37;41;63;3.60;4;2;1;55;0;6706163;425;0
11;19;78;18;37;42;30;3.80;3;2;1;57;0;6706230;329;0
11;19;78;18;37;43;35;4.00;3;2;1;57;0;6706335;81;0
11;19;78;18;37;43;41;3.20;4;2;1;56;0;6706341;154;0
11;19;78;18;37;44;29;4.60;3;2;1;56;0;6706429;68;0
11;19;78;18;37;45;2;3.20;4;2;1;55;0;6706502;140;0
11;19;78;18;37;47;84;3.80;1;1;1;58;0;6706784;934;0
11;19;78;18;37;47;99;3.60;3;2;1;57;0;6706799;340;0
11;19;78;18;37;49;11;3.80;3;2;1;57;0;6706911;89;0
11;19;78;18;37;49;23;3.60;4;2;1;51;0;6706923;400;0
11;19;78;18;37;50;70;4.00;3;2;1;57;0;6707070;135;0
11;19;78;18;37;51;36;6.60;4;2;1;52;0;6707136;187;0
11;19;78;18;37;52;52;4.60;3;2;1;59;0;6707252;156;0
11;19;78;18;37;52;80;4.40;4;2;1;52;0;6707280;98;0
11;19;78;18;37;53;40;3.60;2;1;1;58;0;6707340;3314;0
11;19;78;18;37;54;19;3.20;3;2;1;59;0;6707419;138;6706799
11;19;78;18;37;55;19;3.40;4;2;1;50;0;6707519;208;0
11;19;78;18;37;56;55;3.60;4;2;1;48;0;6707655;111;0
11;19;78;18;37;57;29;3.80;3;2;1;57;0;6707729;290;0
11;19;78;18;37;57;64;3.80;4;2;1;48;0;6707764;82;0
11;19;78;18;37;58;7;3.20;2;1;1;58;0;6707807;444;0
11;19;78;18;37;58;84;4.00;1;1;1;60;0;6707884;1076;0
11;19;78;18;37;59;44;3.40;4;2;1;47;0;6707944;151;0
11;19;78;18;38;0;44;3.20;4;2;1;48;0;6708044;73;6707519
11;19;78;18;38;0;79;3.80;2;1;1;58;0;6708079;252;0
11;19;78;18;38;2;26;3.60;4;2;1;47;0;6708226;158;6707519
11;19;78;18;38;2;67;3.60;2;1;1;57;0;6708267;164;6707519
11;19;78;18;38;2;68;4.00;1;1;1;55;0;6708268;360;0
11;19;78;18;38;3;47;3.80;4;2;1;46;0;6708347;93;6707519
11;19;78;18;38;3;86;4.00;2;1;1;55;0;6708386;96;6707519
11;19;78;18;38;3;85;5.80;1;1;1;55;0;6708385;90;6707519
11;19;78;18;38;4;59;3.60;3;2;1;51;0;6708459;706;0
11;19;78;18;38;5;95;3.40;1;1;1;57;0;6708595;172;0
11;19;78;18;38;6;19;3.60;3;2;1;51;0;6708619;134;0
11;19;78;18;38;7;53;3.40;2;1;1;54;0;6708753;340;0
11;19;78;18;38;8;10;3.40;3;2;1;51;0;6708810;165;0
11;19;78;18;38;8;32;3.20;1;1;1;53;0;6708832;215;0
11;19;78;18;38;8;49;3.20;2;1;1;53;0;6708849;73;0
11;19;78;18;38;9;12;3.80;4;2;1;49;0;6708912;535;0
11;19;78;18;38;11;21;4.20;4;2;1;52;0;6709121;181;0
11;19;78;18;38;13;6;4.00;4;2;1;53;0;6709306;155;0
11;19;78;18;38;15;26;4.20;2;1;1;56;0;6709526;655;0
11;19;78;18;38;16;62;4.00;2;1;1;54;0;6709662;109;0
11;19;78;18;38;16;62;4.20;1;1;1;48;0;6709662;808;0
11;19;78;18;38;17;69;3.80;1;1;1;47;0;6709769;75;0
11;19;78;18;38;17;97;3.60;2;1;1;54;0;6709797;108;0
11;19;78;18;38;19;53;4.40;2;1;1;63;0;6709953;132;0
11;19;78;18;38;19;80;3.00;1;1;1;46;0;6709980;181;0
11;19;78;18;38;20;74;3.80;2;1;1;52;0;6710074;95;6709526
11;19;78;18;38;22;6;3.40;1;1;1;51;0;6710206;202;0
11;19;78;18;38;24;2;4.20;2;1;1;56;0;6710402;301;0
11;19;78;18;38;24;11;4.20;1;1;1;49;0;6710411;181;0
11;19;78;18;38;25;2;3.20;2;1;1;51;0;6710502;73;0
11;19;78;18;38;26;79;3.60;1;1;1;46;0;6710679;237;0
11;19;78;18;38;27;92;3.80;4;2;1;58;0;6710792;1458;0
11;19;78;18;38;29;29;3.40;1;1;1;48;0;6710929;221;0
11;19;78;18;38;30;74;3.80;4;2;1;56;0;6711074;258;0
11;19;78;18;38;31;69;3.60;1;1;1;45;0;6711169;214;0
11;19;78;18;38;33;51;3.80;2;1;1;60;0;6711351;826;0
11;19;78;18;38;33;59;3.60;1;1;1;44;0;6711359;161;0
11;19;78;18;38;34;26;3.40;3;2;1;58;0;6711426;2592;0
11;19;78;18;38;35;37;3.20;3;2;1;57;0;6711537;89;0
11;19;78;18;38;35;77;3.80;1;1;1;46;0;6711577;188;0
11;19;78;18;38;36;97;3.60;4;2;1;51;0;6711697;598;0
11;19;78;18;38;37;88;3.80;2;1;1;55;0;6711788;414;0
11;19;78;18;38;39;40;3.40;1;1;1;57;0;6711940;333;0
11;19;78;18;38;41;38;3.40;3;2;1;63;0;6712138;580;0
11;19;78;18;38;42;52;4.00;1;1;1;56;0;6712252;290;0
11;19;78;18;38;43;64;3.80;1;1;1;56;0;6712364;86;0
11;19;78;18;38;44;71;3.00;4;2;1;59;0;6712471;748;0
11;19;78;18;38;45;92;3.80;4;2;1;64;0;6712592;102;0
11;19;78;18;38;46;30;3.20;1;1;1;56;0;6712630;241;0
11;19;78;18;38;47;37;3.60;3;2;1;56;0;6712737;579;0
11;19;78;18;38;47;76;3.60;4;2;1;57;0;6712776;162;0
11;19;78;18;38;48;96;3.60;3;2;1;58;0;6712896;135;0
11;19;78;18;38;50;13;3.60;4;2;1;56;0;6713013;214;0
11;19;78;18;38;51;31;3.60;3;2;1;60;0;6713131;212;0
11;19;78;18;38;52;9;3.60;4;2;1;59;0;6713209;172;0
11;19;78;18;38;53;51;3.60;1;1;1;52;0;6713351;700;0
11;19;78;18;38;53;95;3.60;4;2;1;57;0;6713395;164;0
11;19;78;18;39;2;28;3.60;3;2;1;62;0;6714228;1075;0
11;19;78;18;39;2;85;3.80;1;1;1;60;0;6714285;909;0
11;19;78;18;39;3;88;4.20;2;1;1;59;0;6714388;2575;0
11;19;78;18;39;5;43;3.80;4;2;1;58;0;6714543;1125;0
11;19;78;18;39;6;75;3.60;4;2;1;58;0;6714675;108;0
11;19;78;18;39;7;21;3.80;3;2;1;64;0;6714721;472;0
11;19;78;18;39;9;26;3.60;4;2;1;60;0;6714926;228;0
11;19;78;18;39;12;93;3.80;4;2;1;60;0;6715293;345;0
11;19;78;18;39;15;0;3.40;3;2;1;54;0;6715500;757;0
11;19;78;18;39;15;88;3.80;2;1;1;60;0;6715588;1174;0
11;19;78;18;39;16;55;3.80;3;2;1;55;0;6715655;132;0
11;19;78;18;39;17;70;3.80;3;2;1;55;0;6715770;90;0
11;19;78;18;39;18;43;4.60;3;2;1;56;0;6715843;48;0
11;19;78;18;39;18;90;4.40;4;2;1;55;0;6715890;574;0
11;19;78;18;39;19;81;3.40;3;2;1;57;0;6715981;108;6715500
11;19;78;18;39;20;5;3.40;4;2;1;54;0;6716005;86;6715500
11;19;78;18;39;22;5;3.20;3;2;1;60;0;6716205;202;0
11;19;78;18;39;22;92;3.40;4;2;1;56;0;6716292;264;0
11;19;78;18;39;23;30;3.40;2;1;1;57;0;6716330;719;0
11;19;78;18;39;23;39;3.40;3;2;1;60;0;6716339;114;0
11;19;78;18;39;24;66;3.40;4;2;1;59;0;6716466;152;0
11;19;78;18;39;24;68;3.60;3;2;1;57;0;6716468;108;0
11;19;78;18;39;25;4;3.60;2;1;1;57;0;6716504;152;0
11;19;78;18;39;26;79;4.00;1;1;1;60;0;6716679;2371;0
11;19;78;18;39;26;64;9.60;4;2;2;55;0;6716664;177;0
11;19;78;18;39;29;47;3.60;3;2;1;60;0;6716947;456;0
11;19;78;18;39;29;77;3.00;4;2;1;54;0;6716977;250;0
11;19;78;18;39;31;43;3.40;1;1;1;60;0;6717143;440;0
11;19;78;18;39;31;58;4.00;3;2;1;60;0;6717158;189;0
11;19;78;18;39;32;78;3.60;4;2;1;56;0;6717278;281;0
11;19;78;18;39;33;10;4.00;2;1;1;60;0;6717310;783;0
11;19;78;18;39;33;76;4.20;1;1;1;57;0;6717376;212;0
11;19;78;18;39;34;32;3.20;4;2;1;55;0;6717432;130;0
11;19;78;18;39;34;56;3.60;3;2;1;60;0;6717456;274;0
11;19;78;18;39;34;75;3.40;2;1;1;57;0;6717475;141;0
11;19;78;18;39;35;72;3.80;3;2;1;60;0;6717572;94;0
11;19;78;18;39;36;41;3.60;4;2;1;56;0;6717641;188;0
11;19;78;18;39;37;7;3.80;1;1;1;58;0;6717707;304;0
11;19;78;18;39;37;29;4.20;3;2;1;59;0;6717729;134;0
11;19;78;18;39;37;63;3.20;2;1;1;61;0;6717763;266;0
11;19;78;18;39;38;7;3.80;4;2;1;51;0;6717807;142;0
11;19;78;18;39;39;43;3.80;1;1;1;54;0;6717943;212;0
11;19;78;18;39;40;5;3.60;2;1;1;59;0;6718005;223;0
11;19;78;18;39;40;29;3.40;1;1;1;54;0;6718029;60;0
11;19;78;18;39;40;49;3.40;4;2;1;48;0;6718049;215;0
11;19;78;18;39;41;53;3.20;4;2;1;51;0;6718153;78;0
11;19;78;18;39;42;0;4.00;1;1;1;52;0;6718200;148;0
11;19;78;18;39;43;23;4.00;4;2;1;50;0;6718323;147;0
11;19;78;18;39;45;92;3.40;1;1;1;51;0;6718592;364;0
11;19;78;18;39;47;18;4.60;1;1;1;51;0;6718718;102;0
11;19;78;18;39;48;36;3.00;1;1;1;51;0;6718836;85;0
11;19;78;18;39;49;73;3.20;2;1;1;55;0;6718973;946;0
11;19;78;18;39;50;18;3.60;1;1;1;54;0;6719018;160;0
11;19;78;18;39;54;0;5.60;1;1;1;49;0;6719400;358;0
11;19;78;18;39;56;66;3.60;1;1;1;47;0;6719666;224;0
11;19;78;18;39;56;77;3.80;2;1;1;58;0;6719677;683;0
11;19;78;18;39;57;71;3.60;2;1;1;56;0;6719771;70;0
11;19;78;18;39;58;23;3.40;1;1;1;49;0;6719823;129;0
11;19;78;18;39;59;89;3.40;4;2;1;60;0;6719989;1637;0
11;19;78;18;40;0;30;3.40;2;1;1;51;0;6720030;235;0
11;19;78;18;40;0;74;3.60;3;2;1;64;0;6720074;2319;0
11;19;78;18;40;2;97;4.60;2;1;1;55;0;6720297;243;0
11;19;78;18;40;3;57;3.80;1;1;1;50;0;6720357;509;0
11;19;78;18;40;4;70;3.40;1;1;1;50;0;6720470;85;0
11;19;78;18;40;6;16;3.60;1;1;1;52;0;6720616;121;0
11;19;78;18;40;6;98;3.60;2;1;1;54;0;6720698;370;0
11;19;78;18;40;9;20;3.60;2;1;1;53;0;6720920;198;0
11;19;78;18;40;12;47;3.80;2;1;1;59;0;6721247;302;0
11;19;78;18;40;12;63;3.60;4;2;1;58;0;6721263;1253;0
11;19;78;18;40;12;88;3.80;3;2;1;59;0;6721288;1193;0
11;19;78;18;40;13;64;3.80;3;2;1;58;0;6721364;52;0
11;19;78;18;40;15;7;3.60;2;1;1;59;0;6721507;236;0
11;19;78;18;40;15;24;3.80;1;1;1;53;0;6721524;883;0
11;19;78;18;40;16;12;3.60;2;1;1;59;0;6721612;83;0
11;19;78;18;40;17;64;3.60;1;1;1;54;0;6721764;214;0
11;19;78;18;40;19;4;3.00;3;2;1;63;0;6721904;516;0
11;19;78;18;40;20;52;3.80;2;1;1;68;0;6722052;418;0
11;19;78;18;40;22;47;4.20;4;2;1;57;0;6722247;961;0
11;19;78;18;40;23;1;4.80;3;2;1;58;0;6722301;379;0
11;19;78;18;40;23;96;4.00;2;1;1;59;0;6722396;323;0
11;19;78;18;40;24;43;3.60;1;1;1;46;0;6722443;655;0
11;19;78;18;40;24;78;3.20;3;2;1;58;0;6722478;147;0
11;19;78;18;40;25;74;3.80;1;1;1;45;0;6722574;102;0
11;19;78;18;40;26;17;3.60;4;2;1;57;0;6722617;343;0
11;19;78;18;40;26;76;3.60;3;2;1;61;0;6722676;178;0
11;19;78;18;40;27;70;2.60;4;2;0;55;1;6722770;130;0
11;19;78;18;40;27;82;3.60;1;1;1;48;0;6722782;177;0
11;19;78;18;40;28;96;3.40;1;1;1;47;0;6722896;87;0
11;19;78;18;40;29;37;5.20;2;1;1;53;0;6722937;516;0
11;19;78;18;40;30;82;3.40;4;2;1;53;0;6723082;442;0
11;19;78;18;40;35;46;3.40;4;2;1;51;0;6723546;440;0
11;19;78;18;40;39;93;3.40;4;2;1;52;0;6723993;423;0
11;19;78;18;40;42;12;3.40;4;2;1;48;0;6724212;195;0
11;19;78;18;40;44;38;3.80;4;2;1;49;0;6724438;200;0
11;19;78;18;40;46;9;3.40;4;2;1;53;0;6724609;143;0
11;19;78;18;40;48;67;3.40;4;2;1;55;0;6724867;234;0
11;19;78;18;40;49;31;3.40;3;2;1;51;0;6724931;2233;0
11;19;78;18;40;49;63;3.20;4;2;1;56;0;6724963;73;0
11;19;78;18;40;50;91;3.20;3;2;1;52;0;6725091;136;0
11;19;78;18;40;51;73;3.20;3;2;1;54;0;6725173;59;0
11;19;78;18;40;52;85;3.60;3;2;1;54;0;6725285;90;0
11;19;78;18;40;56;62;12.60;4;2;3;53;0;6725662;678;0
11;19;78;18;40;57;80;3.60;3;2;1;54;0;6725780;471;0
11;19;78;18;40;58;84;3.60;3;2;1;53;0;6725884;80;0
11;19;78;18;40;59;77;3.00;4;2;1;51;0;6725977;229;0
11;19;78;18;41;0;17;3.80;3;2;1;52;0;6726017;108;0
11;19;78;18;41;1;36;4.60;3;2;1;56;0;6726136;92;0
11;19;78;18;41;3;21;3.60;4;2;1;54;0;6726321;322;0
11;19;78;18;41;4;17;3.20;4;2;1;52;0;6726417;72;0
11;19;78;18;41;4;44;3.60;3;2;1;54;0;6726444;278;0
11;19;78;18;41;5;99;3.80;3;2;1;53;0;6726599;131;0
11;19;78;18;41;7;56;3.40;4;2;1;48;0;6726756;316;0
11;19;78;18;41;7;69;3.60;3;2;1;53;0;6726769;144;0
11;19;78;18;41;9;95;3.00;4;2;1;45;0;6726995;213;0
11;19;78;18;41;11;20;3.60;3;2;1;49;0;6727120;326;0
11;19;78;18;41;11;81;4.60;4;2;1;46;0;6727181;162;0
11;19;78;18;41;12;61;3.40;3;2;1;50;0;6727261;114;0
11;19;78;18;41;13;36;3.60;4;2;1;46;0;6727336;119;0
11;19;78;18;41;14;30;3.80;3;2;1;44;0;6727430;144;0
11;19;78;18;41;15;41;3.40;4;2;1;46;0;6727541;176;0
11;19;78;18;41;15;34;3.00;3;2;1;44;0;6727534;72;0
11;19;78;18;41;16;47;3.80;1;1;1;59;0;6727647;4724;0
11;19;78;18;41;16;28;4.00;3;2;1;45;0;6727628;69;6727120
11;19;78;18;41;16;82;3.20;4;2;1;45;0;6727682;114;6726995
11;19;78;18;41;17;89;4.20;1;1;1;58;0;6727789;118;6726995
11;19;78;18;41;18;37;3.40;3;2;1;49;0;6727837;177;6727120
11;19;78;18;41;18;66;3.60;4;2;1;42;0;6727866;158;6726995
11;19;78;18;41;19;82;3.60;3;2;1;50;0;6727982;120;6727120
11;19;78;18;41;21;20;3.60;4;2;1;51;0;6728120;223;0
11;19;78;18;41;21;22;3.00;2;1;1;53;0;6728122;5149;0
11;19;78;18;41;22;24;3.60;2;1;1;53;0;6728224;81;0
11;19;78;18;41;22;47;3.60;1;1;1;60;0;6728247;431;0
11;19;78;18;41;23;53;3.20;2;1;1;53;0;6728353;104;0
11;19;78;18;41;24;27;3.40;1;1;1;59;0;6728427;158;0
11;19;78;18;41;24;71;3.80;2;1;1;54;0;6728471;96;0
11;19;78;18;41;25;36;3.60;1;1;1;59;0;6728536;88;0
11;19;78;18;41;27;53;4.20;2;1;1;53;0;6728753;256;0
11;19;78;18;41;27;48;8.00;1;1;1;59;0;6728748;190;0
11;19;78;18;41;29;37;3.80;1;1;1;59;0;6728937;140;6728247
11;19;78;18;41;29;30;4.60;2;1;1;49;0;6728930;148;6728247
11;19;78;18;41;31;20;3.60;1;1;1;56;0;6729120;159;6728247
11;19;78;18;41;32;99;3.60;2;1;1;55;0;6729299;335;0
11;19;78;18;41;33;14;3.60;1;1;1;54;0;6729314;170;6728247
11;19;78;18;41;33;25;3.00;4;2;1;62;0;6729325;1179;0
11;19;78;18;41;34;13;4.00;1;1;1;54;0;6729413;75;6728247
11;19;78;18;41;34;93;3.60;2;1;1;54;0;6729493;170;6728247
11;19;78;18;41;36;16;3.40;4;2;1;64;0;6729616;273;0
11;19;78;18;41;36;11;3.80;2;1;1;53;0;6729611;94;0
11;19;78;18;41;37;30;3.60;1;1;1;54;0;6729730;290;0
11;19;78;18;41;38;17;3.40;2;1;1;52;0;6729817;180;0
11;19;78;18;41;39;9;4.40;1;1;1;52;0;6729909;155;0
11;19;78;18;41;39;29;3.20;2;1;1;52;0;6729929;88;6729299
11;19;78;18;41;40;18;3.80;1;1;1;52;0;6730018;78;6729299
11;19;78;18;41;41;43;3.20;2;1;1;52;0;6730143;191;6729299
11;19;78;18;41;41;80;3.60;1;1;1;51;0;6730180;135;6729299
11;19;78;18;41;43;12;4.00;1;1;1;50;0;6730312;106;6729730
11;19;78;18;41;45;5;3.80;4;2;1;59;0;6730505;869;0
11;19;78;18;41;45;10;3.80;2;1;1;54;0;6730510;344;0
11;19;78;18;41;45;54;3.20;1;1;1;49;0;6730554;213;0
11;19;78;18;41;46;33;3.40;2;1;1;51;0;6730633;97;0
11;19;78;18;41;46;84;3.00;1;1;1;47;0;6730684;106;0
11;19;78;18;41;49;3;3.60;1;1;1;45;0;6730903;196;0
11;19;78;18;41;49;30;4.00;4;2;1;69;0;6730930;401;0
11;19;78;18;41;50;37;3.60;1;1;1;47;0;6731037;105;0
11;19;78;18;41;51;16;3.40;2;1;1;54;0;6731116;459;0
11;19;78;18;41;51;71;3.60;1;1;1;47;0;6731171;106;6730554
11;19;78;18;41;54;43;3.40;4;2;1;63;0;6731443;492;0
11;19;78;18;41;54;55;3.80;1;1;1;47;0;6731455;256;0
11;19;78;18;41;56;34;3.20;1;1;1;52;0;6731634;149;0
11;19;78;18;41;56;56;3.40;2;1;1;58;0;6731656;517;0
11;19;78;18;41;57;39;3.80;1;1;1;59;0;6731739;82;0
11;19;78;18;41;59;14;3.80;3;2;1;57;0;6731914;3906;0
11;19;78;18;41;59;59;3.00;4;2;1;61;0;6731959;496;0
11;19;78;18;42;0;12;3.60;3;2;1;57;0;6732012;74;0
11;19;78;18;42;1;37;3.60;3;2;1;57;0;6732137;102;0
11;19;78;18;42;3;79;3.40;1;1;1;54;0;6732379;616;0
11;19;78;18;42;4;28;3.80;4;2;1;54;0;6732428;451;0
11;19;78;18;42;4;89;3.20;2;1;1;56;0;6732489;811;0
11;19;78;18;42;6;47;3.00;4;2;1;56;0;6732647;193;0
11;19;78;18;42;7;38;3.00;1;1;1;53;0;6732738;336;0
11;19;78;18;42;8;32;3.60;3;2;1;60;0;6732832;672;0
11;19;78;18;42;8;27;3.80;1;1;1;51;0;6732827;68;0
11;19;78;18;42;8;51;3.40;4;2;1;55;0;6732851;184;0
11;19;78;18;42;11;63;3.40;1;1;1;60;0;6733163;309;0
11;19;78;18;42;15;61;4.60;1;1;1;54;0;6733561;377;0
11;19;78;18;42;20;72;3.20;4;2;1;56;0;6734072;1198;0
11;19;78;18;42;22;48;3.20;1;1;1;56;0;6734248;656;0
11;19;78;18;42;24;85;4.00;4;2;1;58;0;6734485;392;0
11;19;78;18;42;29;96;3.40;4;2;1;54;0;6734996;486;0
11;19;78;18;42;31;54;3.60;4;2;1;57;0;6735154;135;0
11;19;78;18;42;31;96;3.20;3;2;1;66;0;6735196;2342;0
11;19;78;18;42;34;4;3.80;3;2;1;58;0;6735404;190;0
11;19;78;18;42;34;80;3.60;4;2;1;61;0;6735480;303;0
11;19;78;18;42;35;92;3.40;3;2;1;60;0;6735592;164;0
11;19;78;18;42;37;8;3.60;4;2;1;60;0;6735708;206;0
11;19;78;18;42;38;60;3.80;3;2;1;59;0;6735860;247;0
11;19;78;18;42;39;89;3.00;3;2;1;58;0;6735989;105;0
11;19;78;18;42;39;86;3.00;4;2;1;55;0;6735986;256;0
11;19;78;18;42;42;13;3.60;4;2;1;59;0;6736213;207;0
11;19;78;18;42;43;28;4.00;4;2;1;65;0;6736328;93;0
11;19;78;18;42;43;83;3.20;3;2;1;60;0;6736383;375;0
11;19;78;18;42;44;36;3.80;2;1;1;60;0;6736436;3926;0
11;19;78;18;42;44;54;3.00;4;2;1;59;0;6736454;103;0
11;19;78;18;42;44;59;3.80;3;2;1;62;0;6736459;56;0
11;19;78;18;42;46;42;3.60;4;2;1;61;0;6736642;169;0
11;19;78;18;42;46;40;3.80;2;1;1;58;0;6736640;181;0
11;19;78;18;42;46;83;3.60;3;2;1;59;0;6736683;201;0
11;19;78;18;42;48;75;3.60;3;2;1;57;0;6736875;170;0
11;19;78;18;42;49;46;3.40;4;2;1;54;0;6736946;282;0
11;19;78;18;42;49;75;4.40;3;2;1;58;0;6736975;77;0
11;19;78;18;42;49;85;3.60;2;1;1;58;0;6736985;321;0
11;19;78;18;42;50;98;3.20;1;1;1;61;0;6737098;2829;0
11;19;78;18;42;51;68;3.00;4;2;1;53;0;6737168;199;0
11;19;78;18;42;52;63;4.40;3;2;1;61;0;6737263;260;0
11;19;78;18;42;52;93;3.60;2;1;1;57;0;6737293;285;0
11;19;78;18;42;54;91;3.40;1;1;1;54;0;6737491;374;0
11;19;78;18;42;55;5;3.00;2;1;1;55;0;6737505;189;0
11;19;78;18;42;55;40;3.60;4;2;1;51;0;6737540;351;0
11;19;78;18;42;56;28;3.80;2;1;1;54;0;6737628;103;0
11;19;78;18;42;56;82;3.80;1;1;1;53;0;6737682;168;0
11;19;78;18;42;57;64;3.40;2;1;1;52;0;6737764;110;0
11;19;78;18;42;57;41;6.80;4;2;1;51;0;6737741;175;0
11;19;78;18;42;58;69;3.00;2;1;1;51;0;6737869;81;6737293
11;19;78;18;42;59;25;3.40;4;2;1;52;0;6737925;136;6737293
11;19;78;18;42;59;47;3.80;3;2;1;56;0;6737947;658;0
11;19;78;18;42;59;78;3.00;1;1;1;51;0;6737978;270;0
11;19;78;18;43;0;26;3.20;2;1;1;52;0;6738026;135;6737293
11;19;78;18;43;1;28;3.80;1;1;1;52;0;6738128;128;6737293
11;19;78;18;43;1;63;3.80;2;1;1;52;0;6738163;114;6737293
11;19;78;18;43;4;84;3.80;2;1;1;56;0;6738484;294;0
11;19;78;18;43;6;67;3.80;2;1;1;55;0;6738667;158;0
11;19;78;18;43;6;87;3.40;1;1;1;49;0;6738687;532;0
11;19;78;18;43;7;76;3.40;1;1;1;48;0;6738776;64;0
11;19;78;18;43;10;20;3.60;1;1;1;50;0;6739020;218;0
11;19;78;18;43;11;87;3.00;2;1;1;55;0;6739187;495;0
11;19;78;18;43;12;30;3.80;4;2;1;57;0;6739230;1281;0
11;19;78;18;43;12;22;2.20;1;2;1;12;0;6739222;665013;0
11;19;78;18;43;14;37;2.40;1;2;1;33;0;6739437;149;0
11;19;78;18;43;15;11;3.80;2;1;1;61;0;6739511;304;0
11;19;78;18;43;17;23;3.40;1;1;1;47;0;6739723;677;0
11;19;78;18;43;17;39;3.00;2;1;1;55;0;6739739;205;0
11;19;78;18;43;18;45;4.00;1;1;1;48;0;6739845;95;0
11;19;78;18;43;20;15;3.20;1;1;1;51;0;6740015;140;0
11;19;78;18;43;21;50;3.80;4;2;1;65;0;6740150;896;0
11;19;78;18;43;21;70;4.20;1;1;1;49;0;6740170;132;0
11;19;78;18;43;23;73;3.80;1;1;1;48;0;6740373;172;6739723
11;19;78;18;43;27;11;11.60;1;1;3;48;0;6740711;309;0
11;19;78;18;43;29;14;3.20;1;1;1;47;0;6740914;116;0
11;19;78;18;43;29;80;3.80;4;2;1;66;0;6740980;808;0
11;19;78;18;43;30;51;3.80;1;1;1;47;0;6741051;112;0
11;19;78;18;43;33;96;3.20;3;2;1;58;0;6741396;3424;0
11;19;78;18;43;34;20;4.40;1;1;1;51;0;6741420;339;0
11;19;78;18;43;35;93;3.40;3;2;1;53;0;6741593;177;0
11;19;78;18;43;37;55;3.80;3;2;1;55;0;6741755;138;0
11;19;78;18;43;38;33;3.60;3;2;1;52;0;6741833;53;0
11;19;78;18;43;38;63;3.60;1;1;1;57;0;6741863;411;0
11;19;78;18;43;39;7;4.00;2;1;1;52;0;6741907;2148;0
11;19;78;18;43;40;23;3.20;4;2;1;54;0;6742023;1022;0
11;19;78;18;43;42;1;3.40;4;2;1;53;0;6742201;156;0
11;19;78;18;43;42;60;3.60;1;1;1;51;0;6742260;374;0
11;19;78;18;43;43;71;3.60;4;2;1;54;0;6742371;146;0
11;19;78;18;43;44;71;3.80;2;1;1;56;0;6742471;536;0
11;19;78;18;43;44;92;3.60;1;1;1;50;0;6742492;206;0
11;19;78;18;43;45;15;4.40;3;2;1;63;0;6742515;657;0
11;19;78;18;43;46;26;3.20;1;1;1;51;0;6742626;108;0
11;19;78;18;43;47;54;3.80;1;1;1;51;0;6742754;105;0
11;19;78;18;43;47;87;3.60;4;2;1;50;0;6742787;392;0
11;19;78;18;43;49;44;3.60;3;2;1;57;0;6742944;403;0
11;19;78;18;43;49;67;3.60;4;2;1;49;0;6742967;154;0
11;19;78;18;43;51;0;7.60;4;2;2;52;0;6743100;106;0
11;19;78;18;43;51;96;3.60;1;1;1;58;0;6743196;415;0
11;19;78;18;43;53;79;3.60;3;2;1;67;0;6743379;412;0
11;19;78;18;43;57;79;3.40;4;2;1;56;0;6743779;626;0
11;19;78;18;43;58;83;3.00;4;2;1;61;0;6743883;82;0
11;19;78;18;44;1;40;3.60;4;2;1;59;0;6744140;239;0
11;19;78;18;44;4;27;4.00;3;2;1;59;0;6744427;1028;0
11;19;78;18;44;6;0;3.80;3;2;1;65;0;6744600;148;0
11;19;78;18;44;6;32;3.80;4;2;1;62;0;6744632;470;0
11;19;78;18;44;6;55;3.60;2;1;1;55;0;6744655;2159;0
11;19;78;18;44;8;58;3.40;3;2;1;63;0;6744858;236;0
11;19;78;18;44;10;33;3.80;3;2;1;63;0;6745033;155;0
11;19;78;18;44;11;74;3.40;4;2;1;59;0;6745174;519;0
11;19;78;18;44;14;62;3.40;4;2;1;54;0;6745462;267;0
11;19;78;18;44;16;14;3.60;3;2;1;57;0;6745614;559;0
11;19;78;18;44;16;40;3.20;1;1;1;61;0;6745640;2421;0
11;19;78;18;44;17;6;3.40;4;2;1;53;0;6745706;221;0
11;19;78;18;44;17;43;3.40;3;2;1;57;0;6745743;106;0
11;19;78;18;44;19;66;3.80;3;2;1;60;0;6745966;201;0
11;19;78;18;44;21;48;3.00;4;2;1;54;0;6746148;418;0
11;19;78;18;44;22;10;3.60;3;2;1;59;0;6746210;221;0
11;19;78;18;44;23;43;3.80;4;2;1;54;0;6746343;175;0
11;19;78;18;44;24;77;3.40;3;2;1;59;0;6746477;245;0
11;19;78;18;44;24;94;3.60;2;1;1;53;0;6746494;1815;0
11;19;78;18;44;25;71;3.40;4;2;1;53;0;6746571;202;0
11;19;78;18;44;26;28;6.80;3;2;1;60;0;6746628;130;0
11;19;78;18;44;28;2;3.60;3;2;1;62;0;6746802;133;0
11;19;78;18;44;30;18;4.00;2;1;1;57;0;6747018;499;0
11;19;78;18;44;30;26;3.60;3;2;1;59;0;6747026;203;0
11;19;78;18;44;31;72;3.40;3;2;1;59;0;6747172;124;0
11;19;78;18;44;34;11;3.40;2;1;1;51;0;6747411;367;0
11;19;78;18;44;34;15;11.20;4;2;3;55;0;6747415;820;0
11;19;78;18;44;35;28;3.40;2;1;1;51;0;6747528;93;0
11;19;78;18;44;35;41;3.80;1;1;1;53;0;6747541;1882;0
11;19;78;18;44;35;55;3.80;3;2;1;63;0;6747555;362;0
11;19;78;18;44;36;99;4.00;1;1;1;54;0;6747699;132;0
11;19;78;18;44;37;4;3.80;2;1;1;51;0;6747704;152;0
11;19;78;18;44;37;38;3.60;3;2;1;58;0;6747738;161;0
11;19;78;18;44;38;42;3.60;3;2;1;60;0;6747842;81;0
11;19;78;18;44;39;37;4.00;4;2;1;52;0;6747937;448;0
11;19;78;18;44;40;6;3.40;2;1;1;48;0;6748006;275;0
11;19;78;18;44;40;15;4.00;1;1;1;51;0;6748015;289;0
11;19;78;18;44;40;27;3.80;3;2;1;58;0;6748027;163;0
11;19;78;18;44;41;1;3.20;2;1;1;50;0;6748101;69;0
11;19;78;18;44;41;16;3.60;4;2;1;53;0;6748116;151;0
11;19;78;18;44;41;78;3.80;1;1;1;49;0;6748178;134;0
11;19;78;18;44;42;37;4.00;3;2;1;53;0;6748237;186;6747555
11;19;78;18;44;42;27;5.00;2;1;1;47;0;6748227;102;6747555
11;19;78;18;44;42;93;4.00;4;2;1;55;0;6748293;152;6747555
11;19;78;18;44;43;46;4.40;3;2;1;54;0;6748346;81;6747555
11;19;78;18;44;43;95;3.60;4;2;1;57;0;6748395;75;6747555
11;19;78;18;44;44;54;3.80;3;2;1;57;0;6748454;78;6747555
11;19;78;18;44;44;52;3.60;2;1;1;47;0;6748452;186;6747555
11;19;78;18;44;45;3;3.40;1;1;1;48;0;6748503;297;0
11;19;78;18;44;46;41;3.60;2;1;1;51;0;6748641;161;6748006
11;19;78;18;44;46;72;3.60;1;1;1;46;0;6748672;143;6748006
11;19;78;18;44;46;89;3.60;4;2;1;54;0;6748689;271;0
11;19;78;18;44;46;95;3.60;3;2;1;53;0;6748695;217;0
11;19;78;18;44;47;48;3.20;2;1;1;49;0;6748748;81;6748006
11;19;78;18;44;48;52;3.80;3;2;1;56;0;6748852;132;6748006
11;19;78;18;44;48;90;3.80;2;1;1;46;0;6748890;118;6748006
11;19;78;18;44;49;1;3.40;1;1;1;48;0;6748901;200;0
11;19;78;18;44;49;42;3.40;4;2;1;52;0;6748942;229;0
11;19;78;18;44;51;5;4.00;3;2;1;51;0;6749105;228;0
11;19;78;18;44;51;33;3.00;2;1;1;46;0;6749133;213;0
11;19;78;18;44;52;26;3.00;1;1;1;48;0;6749226;299;0
11;19;78;18;44;52;66;3.60;2;1;1;46;0;6749266;109;0
11;19;78;18;44;53;91;3.40;3;2;1;53;0;6749391;257;0
11;19;78;18;44;54;38;3.80;4;2;1;49;0;6749438;472;0
11;19;78;18;44;54;33;3.40;2;1;1;47;0;6749433;138;0
11;19;78;18;44;55;63;3.60;1;1;1;48;0;6749563;314;0
11;19;78;18;44;56;13;3.20;2;1;1;49;0;6749613;153;0
11;19;78;18;44;56;44;3.40;4;2;1;50;0;6749644;178;0
11;19;78;18;44;57;59;4.00;1;1;1;48;0;6749759;169;0
11;19;78;18;44;58;82;3.60;1;1;1;49;0;6749882;93;0
11;19;78;18;45;0;87;3.80;1;1;1;45;0;6750087;178;0
11;19;78;18;45;1;56;3.20;2;1;1;48;0;6750156;519;0
11;19;78;18;45;2;52;3.80;1;1;1;44;0;6750252;134;6749563
11;19;78;18;45;3;77;3.80;2;1;1;48;0;6750377;197;6749563
11;19;78;18;45;4;75;3.80;1;1;1;44;0;6750475;191;6749563
11;19;78;18;45;5;15;4.00;2;1;1;45;0;6750515;109;6749563
11;19;78;18;45;6;21;3.80;2;1;1;46;0;6750621;74;6749563
11;19;78;18;45;6;43;3.60;1;1;1;41;0;6750643;136;6749563
11;19;78;18;45;7;3;3.80;3;2;1;65;0;6750703;1288;0
11;19;78;18;45;8;8;3.60;2;1;1;48;0;6750808;157;6750156
11;19;78;18;45;8;35;3.60;1;1;1;40;0;6750835;160;6749563
11;19;78;18;45;9;90;3.80;4;2;1;52;0;6750990;1321;0
11;19;78;18;45;9;96;3.20;1;1;1;37;0;6750996;128;6749563
11;19;78;18;45;11;30;3.80;2;1;1;53;0;6751130;295;0
11;19;78;18;45;12;30;3.60;4;2;1;52;0;6751230;213;0
11;19;78;18;45;11;11;16.80;1;1;4;36;0;6751111;83;6749563
11;19;78;18;45;15;19;3.80;1;1;1;36;0;6751519;240;0
11;19;78;18;45;16;63;3.40;1;1;1;35;0;6751663;106;0
11;19;78;18;45;17;76;3.80;2;1;1;55;0;6751776;620;0
11;19;78;18;45;17;87;9.00;4;2;2;56;0;6751787;532;0
11;19;78;18;45;19;8;3.80;1;1;1;38;0;6751908;210;0
11;19;78;18;45;19;90;3.60;2;1;1;53;0;6751990;189;0
11;19;78;18;45;21;0;3.40;1;1;1;38;0;6752100;156;0
11;19;78;18;45;22;3;4.40;2;1;1;49;0;6752203;188;0
11;19;78;18;45;22;94;3.60;1;1;1;39;0;6752294;161;0
11;19;78;18;45;23;69;3.80;4;2;1;60;0;6752369;524;0
11;19;78;18;45;24;77;3.40;1;1;1;37;0;6752477;149;0
11;19;78;18;45;26;82;3.20;4;2;1;63;0;6752682;290;0
11;19;78;18;45;26;56;3.60;1;1;1;35;0;6752656;145;6751908
11;19;78;18;45;28;75;12.20;1;1;3;36;0;6752875;181;6751908
11;19;78;18;45;30;48;3.60;2;1;1;44;0;6753048;812;0
11;19;78;18;45;33;19;3.20;3;2;1;57;0;6753319;2594;0
11;19;78;18;45;33;51;3.60;4;2;1;50;0;6753351;650;0
11;19;78;18;45;33;50;3.60;1;1;1;38;0;6753350;353;0
11;19;78;18;45;34;81;3.80;3;2;1;49;0;6753481;141;0
11;19;78;18;45;36;14;3.80;3;2;1;48;0;6753614;105;0
11;19;78;18;45;36;52;3.40;4;2;1;46;0;6753652;275;0
11;19;78;18;45;44;89;3.40;1;1;1;58;0;6754489;1104;0
11;19;78;18;45;45;93;3.60;4;2;1;52;0;6754593;914;0
11;19;78;18;45;51;51;3.60;4;2;1;63;0;6755151;533;0
11;19;78;18;45;52;66;3.60;3;2;1;61;0;6755266;1623;0
11;19;78;18;45;52;89;3.80;4;2;1;59;0;6755289;117;0
11;19;78;18;45;54;17;3.80;4;2;1;60;0;6755417;104;0
11;19;78;18;45;54;20;2.60;3;2;0;61;1;6755420;132;0
11;19;78;18;45;56;89;4.40;3;2;1;66;0;6755689;401;0
11;19;78;18;45;57;90;3.80;4;2;1;62;0;6755790;350;0
11;19;78;18;45;59;69;3.40;3;2;1;57;0;6755969;256;0
11;19;78;18;46;3;75;3.40;3;2;1;58;0;6756375;384;0
11;19;78;18;46;5;21;4.20;3;2;1;61;0;6756521;124;0
11;19;78;18;46;5;90;12.60;4;2;3;50;0;6756590;777;0
11;19;78;18;46;8;22;4.00;3;2;1;61;0;6756822;276;0
11;19;78;18;46;8;54;3.20;4;2;1;50;0;6756854;173;0
11;19;78;18;46;9;85;3.60;1;1;1;59;0;6756985;2474;0
11;19;78;18;46;10;12;3.40;4;2;1;48;0;6757012;134;0
11;19;78;18;46;11;55;3.80;4;2;1;49;0;6757155;117;0
11;19;78;18;46;12;17;3.60;3;2;1;53;0;6757217;371;0
11;19;78;18;46;12;42;3.80;1;1;1;59;0;6757242;235;0
11;19;78;18;46;13;49;3.80;4;2;1;47;0;6757349;166;6756590
11;19;78;18;46;13;87;3.20;3;2;1;54;0;6757387;145;6756590
11;19;78;18;46;15;22;3.80;4;2;1;49;0;6757522;143;6756590
11;19;78;18;46;16;6;3.60;2;1;1;56;0;6757606;4528;0
11;19;78;18;46;16;65;3.80;3;2;1;52;0;6757665;256;0
11;19;78;18;46;17;7;3.60;2;1;1;57;0;6757707;77;0
11;19;78;18;46;18;3;3.00;4;2;1;45;0;6757803;253;0
11;19;78;18;46;17;98;9.00;1;1;6;54;0;6757798;532;0
11;19;78;18;46;18;36;3.80;2;1;1;59;0;6757836;106;0
11;19;78;18;46;18;61;3.80;3;2;1;53;0;6757861;169;0
11;19;78;18;46;19;65;3.20;4;2;1;43;0;6757965;138;0
11;19;78;18;46;19;82;3.60;3;2;1;53;0;6757982;95;0
11;19;78;18;46;21;20;3.80;3;2;1;54;0;6758120;113;0
11;19;78;18;46;21;28;3.20;2;1;1;53;0;6758128;268;0
11;19;78;18;46;21;46;3.40;4;2;1;46;0;6758146;154;0
11;19;78;18;46;23;47;3.00;4;2;1;46;0;6758347;174;0
11;19;78;18;46;23;56;3.40;1;1;1;52;0;6758356;498;0
11;19;78;18;46;23;76;3.40;3;2;1;52;0;6758376;230;0
11;19;78;18;46;24;18;3.60;2;1;1;54;0;6758418;268;0
11;19;78;18;46;24;61;3.80;1;1;1;51;0;6758461;81;0
11;19;78;18;46;25;54;3.40;1;1;1;51;0;6758554;66;0
11;19;78;18;46;26;48;3.80;2;1;1;57;0;6758648;206;0
11;19;78;18;46;26;64;4.40;4;2;1;43;0;6758664;293;0
11;19;78;18;46;27;8;3.60;3;2;1;56;0;6758708;308;0
11;19;78;18;46;27;74;4.20;1;1;1;50;0;6758774;196;0
11;19;78;18;46;27;94;3.80;4;2;1;41;0;6758794;93;0
11;19;78;18;46;28;35;3.60;2;1;1;58;0;6758835;163;0
11;19;78;18;46;29;76;3.20;2;1;1;57;0;6758976;118;0
11;19;78;18;46;29;84;3.20;1;1;1;53;0;6758984;179;6758356
11;19;78;18;46;30;76;3.00;3;2;1;58;0;6759076;344;0
11;19;78;18;46;31;54;3.40;2;1;1;58;0;6759154;157;0
11;19;78;18;46;31;50;3.20;1;1;1;54;0;6759150;144;6758356
11;19;78;18;46;31;82;3.20;4;2;1;39;0;6759182;354;0
11;19;78;18;46;33;17;3.80;2;1;1;57;0;6759317;141;6758648
11;19;78;18;46;34;69;3.60;2;1;1;54;0;6759469;128;6758648
11;19;78;18;46;34;54;3.80;4;2;1;39;0;6759454;242;0
11;19;78;18;46;35;15;3.80;1;1;1;49;0;6759515;343;0
11;19;78;18;46;36;47;3.60;4;2;1;40;0;6759647;157;0
11;19;78;18;46;37;7;3.60;2;1;1;55;0;6759707;214;0
11;19;78;18;46;37;10;2.20;1;1;0;55;1;6759710;167;0
11;19;78;18;46;38;52;3.00;1;1;1;47;0;6759852;309;0
11;19;78;18;46;39;42;4.00;4;2;1;41;0;6759942;262;0
11;19;78;18;46;39;89;9.20;1;1;2;44;0;6759989;114;0
11;19;78;18;46;41;61;3.80;1;1;1;44;0;6760161;96;0
11;19;78;18;46;43;2;3.60;2;1;1;59;0;6760302;571;0
11;19;78;18;46;43;19;3.00;1;1;1;42;0;6760319;126;0
11;19;78;18;46;44;31;3.20;1;1;1;43;0;6760431;86;6759852
11;19;78;18;46;45;8;3.20;2;1;1;59;0;6760508;184;6759852
11;19;78;18;46;45;54;4.60;1;1;1;44;0;6760554;96;6759852
11;19;78;18;46;47;18;3.20;1;1;1;45;0;6760718;126;6759852
11;19;78;18;46;47;72;3.80;4;2;1;56;0;6760772;794;0
11;19;78;18;46;48;84;3.00;1;1;1;42;0;6760884;140;6759852
11;19;78;18;46;50;30;4.60;4;2;1;54;0;6761030;233;0
11;19;78;18;46;51;0;3.80;3;2;1;60;0;6761100;2005;0
11;19;78;18;46;51;71;3.20;2;1;1;56;0;6761171;643;0
11;19;78;18;46;51;84;3.60;1;1;1;46;0;6761184;274;0
11;19;78;18;46;54;34;3.60;2;1;1;51;0;6761434;242;0
11;19;78;18;46;55;51;3.80;4;2;1;57;0;6761551;490;0
11;19;78;18;46;56;31;3.60;2;1;1;47;0;6761631;171;0
11;19;78;18;46;58;0;3.40;3;2;1;63;0;6761800;677;0
11;19;78;18;46;57;97;3.40;4;2;1;56;0;6761797;222;0
11;19;78;18;46;58;51;4.40;2;1;1;47;0;6761851;192;0
11;19;78;18;46;59;99;3.80;1;1;1;59;0;6761999;786;0
11;19;78;18;47;2;38;3.80;3;2;1;61;0;6762238;418;0
11;19;78;18;47;2;40;3.80;2;1;1;56;0;6762240;355;0
11;19;78;18;47;4;78;3.40;4;2;1;54;0;6762478;659;0
11;19;78;18;47;5;5;5.00;1;1;1;57;0;6762505;482;0
11;19;78;18;47;5;76;3.80;3;2;1;57;0;6762576;315;0
11;19;78;18;47;6;63;3.60;1;1;1;57;0;6762663;126;0
11;19;78;18;47;7;72;3.00;4;2;1;55;0;6762772;271;0
11;19;78;18;47;9;43;3.20;1;1;1;58;0;6762943;257;0
11;19;78;18;47;13;43;4.60;1;1;1;55;0;6763343;380;0
11;19;78;18;47;14;78;3.20;1;1;1;57;0;6763478;104;0
11;19;78;18;47;15;87;3.00;3;2;1;64;0;6763587;987;0
11;19;78;18;47;17;94;4.00;4;2;1;60;0;6763794;1002;0
11;19;78;18;47;19;18;4.20;2;1;1;62;0;6763918;1653;0
11;19;78;18;47;19;89;3.40;1;1;1;57;0;6763989;490;0
11;19;78;18;47;20;88;3.60;4;2;1;60;0;6764088;270;0
11;19;78;18;47;23;6;3.60;2;1;1;56;0;6764306;363;0
11;19;78;18;47;24;68;3.60;3;2;1;54;0;6764468;864;0
11;19;78;18;47;25;22;4.00;1;1;1;60;0;6764522;511;0
11;19;78;18;47;28;32;3.80;4;2;1;53;0;6764832;722;0
11;19;78;18;47;29;19;3.40;3;2;1;61;0;6764919;427;0
11;19;78;18;47;34;23;3.60;1;1;1;57;0;6765423;877;0
11;19;78;18;47;35;33;3.60;3;2;1;54;0;6765533;593;0
11;19;78;18;47;36;8;3.60;3;2;1;53;0;6765608;51;0
11;19;78;18;47;35;47;14.20;4;2;4;51;0;6765547;689;0
11;19;78;18;47;37;91;3.80;3;2;1;57;0;6765791;158;0
11;19;78;18;47;38;17;3.60;4;2;1;52;0;6765817;169;0
11;19;78;18;47;38;89;3.60;3;2;1;59;0;6765889;74;0
11;19;78;18;47;40;28;3.60;4;2;1;50;0;6766028;186;0
11;19;78;18;47;40;42;3.60;3;2;1;56;0;6766042;131;6765533
11;19;78;18;47;41;45;3.60;3;2;1;55;0;6766145;79;6765533
11;19;78;18;47;42;0;3.40;4;2;1;50;0;6766200;146;6765533
11;19;78;18;47;43;14;4.00;4;2;1;51;0;6766314;89;6765547
11;19;78;18;47;43;65;13.00;1;1;3;58;0;6766365;919;0
11;19;78;18;47;44;27;3.60;4;2;1;52;0;6766427;84;6765547
11;19;78;18;47;44;62;4.00;3;2;1;51;0;6766462;293;0
11;19;78;18;47;46;34;3.60;4;2;1;49;0;6766634;182;6765547
11;19;78;18;47;47;3;3.80;3;2;1;53;0;6766703;212;0
11;19;78;18;47;47;43;3.40;4;2;1;49;0;6766743;82;6765547
11;19;78;18;47;47;91;3.60;3;2;1;54;0;6766791;62;6765547
11;19;78;18;47;48;78;3.80;4;2;1;48;0;6766878;110;6765547
11;19;78;18;47;50;17;3.60;3;2;1;53;0;6767017;202;0
11;19;78;18;47;50;11;3.40;4;2;1;47;0;6767011;104;6765547
11;19;78;18;47;51;95;3.60;3;2;1;52;0;6767195;153;6765547
11;19;78;18;47;53;70;3.60;4;2;1;49;0;6767370;332;0
11;19;78;18;47;55;92;3.40;4;2;1;53;0;6767592;195;0
11;19;78;18;47;57;81;4.00;4;2;1;53;0;6767781;165;0
11;19;78;18;47;58;66;3.00;1;1;1;57;0;6767866;1420;0
11;19;78;18;47;59;43;3.80;4;2;1;52;0;6767943;134;0
11;19;78;18;48;0;28;4.00;1;1;1;56;0;6768028;143;0
11;19;78;18;48;6;68;3.60;1;1;1;59;0;6768668;614;0
11;19;78;18;48;10;53;3.40;1;1;1;57;0;6769053;363;0
11;19;78;18;48;18;64;3.80;2;1;1;60;0;6769864;5534;0
11;19;78;18;48;20;77;3.60;1;1;1;52;0;6770077;1002;0
11;19;78;18;48;21;59;3.80;4;2;1;61;0;6770159;2189;0
11;19;78;18;48;23;82;3.40;4;2;1;63;0;6770382;200;0
11;19;78;18;48;28;97;3.60;3;2;1;55;0;6770897;3677;0
11;19;78;18;48;28;73;11.20;1;1;3;52;0;6770873;771;0
11;19;78;18;48;31;57;3.60;3;2;1;64;0;6771157;236;0
11;19;78;18;48;32;83;3.80;4;2;1;59;0;6771283;881;0
11;19;78;18;48;33;74;4.00;2;1;1;50;0;6771374;1487;0
11;19;78;18;48;35;43;4.00;2;1;1;51;0;6771543;140;0
11;19;78;18;48;39;49;3.40;3;2;1;60;0;6771949;771;0
11;19;78;18;48;41;1;3.40;4;2;1;58;0;6772101;794;0
11;19;78;18;48;42;55;4.00;2;1;1;63;0;6772255;683;0
11;19;78;18;48;44;47;3.40;1;1;1;55;0;6772447;1496;0
11;19;78;18;48;45;50;3.60;2;1;1;57;0;6772550;272;0
11;19;78;18;48;47;26;3.60;2;1;1;53;0;6772726;153;0
11;19;78;18;48;48;34;3.60;1;1;1;54;0;6772834;364;0
11;19;78;18;48;48;45;3.60;2;1;1;55;0;6772845;94;0
11;19;78;18;48;49;84;4.00;1;1;1;58;0;6772984;126;0
11;19;78;18;48;50;15;3.60;4;2;1;60;0;6773015;892;0
11;19;78;18;48;50;82;3.20;3;2;1;53;0;6773082;1112;0
11;19;78;18;48;51;57;3.80;2;1;1;55;0;6773157;288;0
11;19;78;18;48;52;13;3.20;3;2;1;52;0;6773213;109;0
11;19;78;18;48;53;22;3.60;2;1;1;52;0;6773322;140;0
11;19;78;18;48;53;86;3.20;1;1;1;55;0;6773386;377;0
11;19;78;18;48;54;21;4.00;4;2;1;49;0;6773421;384;0
11;19;78;18;48;54;31;3.80;3;2;1;56;0;6773431;195;0
11;19;78;18;48;54;43;3.80;2;1;1;50;0;6773443;96;0
11;19;78;18;48;54;75;3.60;1;1;1;57;0;6773475;68;0
11;19;78;18;48;55;68;3.60;3;2;1;57;0;6773568;112;0
11;19;78;18;48;57;65;4.80;2;1;1;55;0;6773765;294;0
11;19;78;18;48;58;17;3.40;1;1;1;53;0;6773817;319;0
11;19;78;18;48;59;15;12.40;2;1;2;53;0;6773915;118;0
11;19;78;18;48;59;69;3.00;4;2;1;49;0;6773969;518;0
11;19;78;18;48;59;94;3.80;1;1;1;47;0;6773994;153;0
11;19;78;18;49;1;20;3.20;1;1;1;47;0;6774120;96;0
11;19;78;18;49;1;33;3.60;4;2;1;50;0;6774133;141;0
11;19;78;18;49;1;41;3.80;3;2;1;55;0;6774141;550;0
11;19;78;18;49;1;43;3.40;2;1;1;54;0;6774143;143;0
11;19;78;18;49;2;38;4.00;3;2;1;55;0;6774238;72;0
11;19;78;18;49;2;54;3.80;4;2;1;51;0;6774254;95;0
11;19;78;18;49;2;98;3.40;1;1;1;47;0;6774298;153;0
11;19;78;18;49;3;78;3.40;2;1;1;54;0;6774378;212;0
11;19;78;18;49;4;44;3.00;4;2;1;50;0;6774444;163;0
11;19;78;18;49;4;66;3.40;3;2;1;64;0;6774466;201;0
11;19;78;18;49;4;78;3.80;2;1;1;54;0;6774478;77;0
11;19;78;18;49;4;74;3.80;1;1;1;47;0;6774474;149;6773817
11;19;78;18;49;6;64;4.00;2;1;1;51;0;6774664;160;6773817
11;19;78;18;49;6;91;3.20;4;2;1;56;0;6774691;225;0
11;19;78;18;49;7;84;3.60;2;1;1;50;0;6774784;91;0
11;19;78;18;49;8;75;3.40;4;2;1;57;0;6774875;163;0
11;19;78;18;49;8;84;4.00;1;1;1;56;0;6774884;380;0
11;19;78;18;49;9;41;3.20;3;2;1;68;0;6774941;455;0
11;19;78;18;49;10;13;3.80;4;2;1;59;0;6775013;116;0
11;19;78;18;49;10;18;4.20;1;1;1;49;0;6775018;108;0
11;19;78;18;49;11;15;3.60;2;1;1;50;0;6775115;305;0
11;19;78;18;49;11;51;3.60;1;1;1;49;0;6775151;102;0
11;19;78;18;49;12;50;3.60;4;2;1;61;0;6775250;213;0
11;19;78;18;49;12;33;4.20;2;1;1;47;0;6775233;92;0
11;19;78;18;49;13;88;3.60;4;2;1;67;0;6775388;116;0
11;19;78;18;49;13;88;4.60;1;1;1;48;0;6775388;210;0
11;19;78;18;49;14;65;3.20;2;1;1;49;0;6775465;199;0
11;19;78;18;49;15;13;3.80;3;2;1;66;0;6775513;555;0
11;19;78;18;49;15;31;3.60;1;1;1;49;0;6775531;108;0
11;19;78;18;49;16;20;4.00;3;2;1;64;0;6775620;86;0
11;19;78;18;49;16;41;3.40;2;1;1;52;0;6775641;152;0
11;19;78;18;49;16;70;3.20;1;1;1;46;0;6775670;112;0
11;19;78;18;49;17;86;3.60;2;1;1;51;0;6775786;121;6775115
11;19;78;18;49;17;97;3.60;1;1;1;47;0;6775797;101;6775115
11;19;78;18;49;18;74;4.00;3;2;1;59;0;6775874;231;0
11;19;78;18;49;19;86;4.00;1;1;1;45;0;6775986;161;6775388
11;19;78;18;49;20;23;4.00;3;2;1;61;0;6776023;124;6775388
11;19;78;18;49;20;25;3.40;4;2;1;55;0;6776025;617;0
11;19;78;18;49;20;62;3.80;2;1;1;49;0;6776062;250;0
11;19;78;18;49;21;63;3.40;3;2;1;61;0;6776163;116;0
11;19;78;18;49;21;89;4.80;1;1;1;45;0;6776189;171;6775388
11;19;78;18;49;22;16;3.20;4;2;1;54;0;6776216;168;6775388
11;19;78;18;49;22;24;3.60;2;1;1;50;0;6776224;134;6775388
11;19;78;18;49;23;91;3.80;4;2;1;55;0;6776391;153;6775388
11;19;78;18;49;23;89;3.60;1;1;1;47;0;6776389;161;6775388
11;19;78;18;49;24;16;3.60;2;1;1;46;0;6776416;166;6775388
11;19;78;18;49;24;60;4.60;3;2;1;60;0;6776460;276;0
11;19;78;18;49;25;47;3.60;4;2;1;57;0;6776547;131;0
11;19;78;18;49;26;4;4.00;1;1;1;47;0;6776604;187;6775388
11;19;78;18;49;26;55;3.60;2;1;1;45;0;6776655;210;0
11;19;78;18;49;26;83;3.60;3;2;1;58;0;6776683;195;0
11;19;78;18;49;27;60;3.60;1;1;1;48;0;6776760;125;6775388
11;19;78;18;49;28;47;3.60;3;2;1;58;0;6776847;141;6775388
11;19;78;18;49;29;6;3.80;4;2;1;57;0;6776906;336;0
11;19;78;18;49;29;65;3.60;1;1;1;47;0;6776965;178;6775388
11;19;78;18;49;29;82;3.60;3;2;1;57;0;6776982;112;6775388
11;19;78;18;49;31;1;3.20;4;2;1;56;0;6777101;171;6775388
11;19;78;18;49;32;91;3.00;4;2;1;53;0;6777291;169;6775388
11;19;78;18;49;33;44;3.80;3;2;1;62;0;6777344;339;0
11;19;78;18;49;34;86;3.80;4;2;1;51;0;6777486;174;0
11;19;78;18;49;35;65;3.80;3;2;1;62;0;6777565;198;0
11;19;78;18;49;35;61;5.00;1;1;1;45;0;6777561;568;0
11;19;78;18;49;36;9;4.00;2;1;1;56;0;6777609;925;0
11;19;78;18;49;36;88;3.20;3;2;1;63;0;6777688;100;0
11;19;78;18;49;37;23;3.20;1;1;1;44;0;6777723;122;0
11;19;78;18;49;38;67;3.40;1;1;1;47;0;6777867;117;0
11;19;78;18;49;39;49;3.80;3;2;1;61;0;6777949;242;0
11;19;78;18;49;41;14;3.60;4;2;1;52;0;6778114;601;0
11;19;78;18;49;41;59;4.40;3;2;1;56;0;6778159;187;0
11;19;78;18;49;43;61;3.60;3;2;1;55;0;6778361;173;0
11;19;78;18;49;44;1;3.40;2;1;1;52;0;6778401;766;0
11;19;78;18;49;44;23;3.60;1;1;1;51;0;6778423;529;0
11;19;78;18;49;44;77;3.80;4;2;1;58;0;6778477;338;0
11;19;78;18;49;46;13;3.80;3;2;1;52;0;6778613;228;0
11;19;78;18;49;47;45;3.40;4;2;1;55;0;6778745;244;0
11;19;78;18;49;47;52;3.60;1;1;1;52;0;6778752;303;0
11;19;78;18;49;50;0;3.40;2;1;1;56;0;6779000;575;0
11;19;78;18;49;50;72;3.60;4;2;1;57;0;6779072;304;0
11;19;78;18;49;51;53;3.80;1;1;1;59;0;6779153;376;0
11;19;78;18;49;55;75;3.80;1;1;1;55;0;6779575;398;0
11;19;78;18;49;59;2;3.40;1;1;1;56;0;6779902;302;0
11;19;78;18;50;6;3;3.40;3;2;1;58;0;6780603;1963;0
11;19;78;18;50;7;59;3.60;3;2;1;55;0;6780759;134;0
11;19;78;18;50;10;88;3.40;4;2;1;64;0;6781088;1993;0
11;19;78;18;50;10;96;3.80;2;1;1;51;0;6781096;2074;0
11;19;78;18;50;14;51;4.00;1;1;1;57;0;6781451;1527;0
11;19;78;18;50;14;96;3.80;3;2;1;63;0;6781496;713;0
11;19;78;18;50;15;7;3.60;4;2;1;55;0;6781507;399;0
11;19;78;18;50;17;66;3.80;1;1;1;56;0;6781766;289;0
11;19;78;18;50;21;74;3.80;1;1;1;53;0;6782174;383;0
11;19;78;18;50;25;80;3.20;2;1;1;52;0;6782580;1457;0
11;19;78;18;50;26;96;3.60;4;2;1;60;0;6782696;1165;0
11;19;78;18;50;27;51;3.60;2;1;1;53;0;6782751;148;0
11;19;78;18;50;27;59;3.40;1;1;1;58;0;6782759;559;0
11;19;78;18;50;27;78;3.40;4;2;1;54;0;6782778;60;0
11;19;78;18;50;28;49;3.80;2;1;1;51;0;6782849;73;0
11;19;78;18;50;28;60;3.80;1;1;1;56;0;6782860;79;0
11;19;78;18;50;28;84;3.60;3;2;1;56;0;6782884;1366;0
11;19;78;18;50;28;91;3.60;4;2;1;53;0;6782891;90;0
11;19;78;18;50;29;76;3.40;3;2;1;52;0;6782976;68;0
11;19;78;18;50;30;6;14.40;2;1;4;50;0;6783006;130;0
11;19;78;18;50;30;93;3.60;3;2;1;55;0;6783093;93;0
11;19;78;18;50;31;4;3.20;1;1;1;51;0;6783104;219;0
11;19;78;18;50;30;99;4.80;4;2;1;54;0;6783099;183;0
11;19;78;18;50;31;75;3.80;1;1;1;49;0;6783175;48;0
11;19;78;18;50;32;5;4.60;2;1;1;56;0;6783205;95;6782580
11;19;78;18;50;33;9;3.20;4;2;1;54;0;6783309;178;6782696
11;19;78;18;50;33;52;3.40;3;2;1;61;0;6783352;235;0
11;19;78;18;50;33;58;3.60;1;1;1;55;0;6783358;155;0
11;19;78;18;50;35;39;3.40;1;1;1;48;0;6783539;157;0
11;19;78;18;50;36;55;3.40;1;1;1;47;0;6783655;90;6783104
11;19;78;18;50;38;30;3.60;1;1;1;44;0;6783830;148;6783104
11;19;78;18;50;40;37;3.60;3;2;1;72;0;6784037;664;0
11;19;78;18;50;40;59;3.20;1;1;1;49;0;6784059;199;6783104
11;19;78;18;50;42;7;3.60;1;1;1;47;0;6784207;124;6783104
11;19;78;18;50;42;55;4.60;2;1;1;54;0;6784255;1020;0
11;19;78;18;50;43;95;3.60;2;1;1;51;0;6784395;109;0
11;19;78;18;50;44;28;3.80;4;2;1;61;0;6784428;1097;0
11;19;78;18;50;44;47;3.60;1;1;1;47;0;6784447;212;0
11;19;78;18;50;45;39;4.00;2;1;1;52;0;6784539;118;0
11;19;78;18;50;45;87;3.80;1;1;1;46;0;6784587;112;0
11;19;78;18;50;47;78;3.80;1;1;1;45;0;6784778;161;0
11;19;78;18;50;49;72;3.60;1;1;1;43;0;6784972;163;0
11;19;78;18;50;50;0;4.00;3;2;1;65;0;6785000;945;0
11;19;78;18;50;50;4;3.60;2;1;1;55;0;6785004;437;0
11;19;78;18;50;50;69;4.00;4;2;1;61;0;6785069;618;0
11;19;78;18;50;50;68;3.40;1;1;1;41;0;6785068;65;6784447
11;19;78;18;50;51;48;3.60;2;1;1;51;0;6785148;120;6784447
11;19;78;18;50;51;88;3.40;1;1;1;39;0;6785188;90;6784447
11;19;78;18;50;52;74;3.20;3;2;1;63;0;6785274;251;0
11;19;78;18;50;52;75;3.00;4;2;1;61;0;6785275;182;0
11;19;78;18;50;54;2;3.60;3;2;1;62;0;6785402;109;0
11;19;78;18;50;55;34;3.60;2;1;1;60;0;6785534;360;0
11;19;78;18;50;55;71;3.80;4;2;1;54;0;6785571;278;0
11;19;78;18;50;57;23;3.80;1;1;1;56;0;6785723;503;0
11;19;78;18;50;57;81;3.80;3;2;1;53;0;6785781;358;0
11;19;78;18;50;58;47;3.40;4;2;1;53;0;6785847;250;0
11;19;78;18;50;59;34;3.40;3;2;1;54;0;6785934;127;0
11;19;78;18;50;59;61;3.60;4;2;1;55;0;6785961;90;0
11;19;78;18;50;59;73;3.40;1;1;1;54;0;6785973;225;0
11;19;78;18;51;0;36;3.00;3;2;1;57;0;6786036;79;0
11;19;78;18;51;1;31;3.40;3;2;1;56;0;6786131;76;0
11;19;78;18;51;2;17;3.00;4;2;1;58;0;6786217;232;0
11;19;78;18;51;2;68;3.20;3;2;1;56;0;6786268;115;6785781
11;19;78;18;51;3;75;3.80;3;2;1;55;0;6786375;86;6785781
11;19;78;18;51;3;91;3.60;4;2;1;57;0;6786391;155;6785781
11;19;78;18;51;5;23;3.80;1;1;1;57;0;6786523;527;0
11;19;78;18;51;5;44;3.80;4;2;1;53;0;6786544;130;0
11;19;78;18;51;6;64;3.60;2;1;1;59;0;6786664;1108;0
11;19;78;18;51;7;47;3.20;3;2;1;60;0;6786747;347;0
11;19;78;18;51;7;41;3.60;4;2;1;53;0;6786741;171;0
11;19;78;18;51;7;56;5.40;1;1;1;48;0;6786756;209;0
11;19;78;18;51;8;54;3.80;4;2;1;57;0;6786854;88;6786217
11;19;78;18;51;9;5;4.00;1;1;1;49;0;6786905;108;6786217
11;19;78;18;51;10;22;3.60;3;2;1;59;0;6787022;255;0
11;19;78;18;51;10;44;3.60;1;1;1;49;0;6787044;109;0
11;19;78;18;51;11;23;3.80;2;1;1;59;0;6787123;437;0
11;19;78;18;51;11;70;4.00;3;2;1;59;0;6787170;126;0
11;19;78;18;51;12;81;3.20;4;2;1;54;0;6787281;403;0
11;19;78;18;51;13;93;3.80;4;2;1;52;0;6787393;90;0
11;19;78;18;51;15;92;3.60;4;2;1;55;0;6787592;172;0
11;19;78;18;51;16;39;5.00;3;2;1;59;0;6787639;444;0
11;19;78;18;51;17;48;3.60;4;2;1;58;0;6787748;132;0
11;19;78;18;51;18;6;3.80;1;1;1;58;0;6787806;735;0
11;19;78;18;51;18;37;3.40;3;2;1;55;0;6787837;167;0
11;19;78;18;51;19;32;3.80;3;2;1;52;0;6787932;72;0
11;19;78;18;51;20;43;3.20;4;2;1;60;0;6788043;272;0
11;19;78;18;51;21;33;3.80;3;2;1;52;0;6788133;174;0
11;19;78;18;51;22;61;3.60;4;2;1;59;0;6788261;198;0
11;19;78;18;51;24;17;4.00;3;2;1;55;0;6788417;257;0
11;19;78;18;51;25;19;3.60;3;2;1;53;0;6788519;75;0
11;19;78;18;51;25;32;4.00;4;2;1;57;0;6788532;249;0
11;19;78;18;51;26;37;3.40;1;1;1;59;0;6788637;807;0
11;19;78;18;51;27;16;3.60;4;2;1;54;0;6788716;158;0
11;19;78;18;51;27;70;3.20;1;1;1;58;0;6788770;112;0
11;19;78;18;51;31;66;3.60;3;2;1;54;0;6789166;622;0
11;19;78;18;51;34;89;3.80;2;1;1;59;0;6789489;2342;0
11;19;78;18;51;38;98;3.80;1;1;1;50;0;6789898;1108;0
11;19;78;18;51;39;34;3.40;2;1;1;56;0;6789934;421;0
11;19;78;18;51;42;39;4.60;3;2;1;55;0;6790239;1049;0
11;19;78;18;51;54;77;3.60;4;2;1;65;0;6791477;2737;0
11;19;78;18;51;56;15;4.00;1;1;1;54;0;6791615;1689;0
11;19;78;18;51;57;59;3.40;3;2;1;67;0;6791759;1489;0
11;19;78;18;51;58;5;3.80;1;1;1;62;0;6791805;163;0
11;19;78;18;51;58;60;3.20;4;2;1;58;0;6791860;363;0
11;19;78;18;51;59;27;4.20;1;1;1;60;0;6791927;99;0
11;19;78;18;52;1;74;3.60;1;1;1;60;0;6792174;221;0
11;19;78;18;52;3;17;3.80;2;1;1;54;0;6792317;2361;0
11;19;78;18;52;3;77;4.00;1;1;1;57;0;6792377;181;0
11;19;78;18;52;4;44;3.20;3;2;1;60;0;6792444;666;0
11;19;78;18;52;5;97;3.40;4;2;1;57;0;6792597;717;0
11;19;78;18;52;6;31;3.80;1;1;1;57;0;6792631;228;0
11;19;78;18;52;6;54;4.00;2;1;1;62;0;6792654;311;0
11;19;78;18;52;7;56;3.20;4;2;1;51;0;6792756;137;0
11;19;78;18;52;8;63;3.20;4;2;1;57;0;6792863;84;0
11;19;78;18;52;9;66;3.80;1;1;1;54;0;6792966;311;0
11;19;78;18;52;9;68;3.60;2;1;1;51;0;6792968;290;0
11;19;78;18;52;10;95;4.00;2;1;1;52;0;6793095;101;0
11;19;78;18;52;11;20;3.40;1;1;1;54;0;6793120;128;0
11;19;78;18;52;11;44;4.00;4;2;1;58;0;6793144;260;0
11;19;78;18;52;15;87;3.60;4;2;1;46;0;6793587;418;0
11;19;78;18;52;16;74;3.00;2;1;1;56;0;6793674;551;0
11;19;78;18;52;18;42;3.00;1;1;1;57;0;6793842;699;0
11;19;78;18;52;18;53;4.00;2;1;1;56;0;6793853;159;0
11;19;78;18;52;18;79;3.80;4;2;1;42;0;6793879;263;0
11;19;78;18;52;19;55;3.60;2;1;1;53;0;6793955;76;0
11;19;78;18;52;21;70;3.20;2;1;1;54;0;6794170;190;0
11;19;78;18;52;21;88;4.20;1;1;1;59;0;6794188;327;0
11;19;78;18;52;24;12;3.40;1;1;1;57;0;6794412;198;0
11;19;78;18;52;25;24;3.60;1;1;1;56;0;6794524;90;0
11;19;78;18;52;27;19;4.00;1;1;1;55;0;6794719;171;0
11;19;78;18;52;27;60;3.40;3;2;1;64;0;6794760;2296;0
11;19;78;18;52;27;98;3.80;4;2;1;59;0;6794798;886;0
11;19;78;18;52;29;41;3.60;4;2;1;60;0;6794941;119;0
11;19;78;18;52;30;11;3.60;3;2;1;66;0;6795011;231;0
11;19;78;18;52;30;72;4.00;2;1;1;58;0;6795072;880;0
11;19;78;18;52;32;52;3.40;4;2;1;58;0;6795252;289;0
11;19;78;18;52;34;51;3.80;2;1;1;57;0;6795451;354;0
11;19;78;18;52;34;72;4.00;1;1;1;59;0;6795472;726;0
11;19;78;18;52;36;12;3.20;3;2;1;60;0;6795612;581;0
11;19;78;18;52;36;4;10.80;4;2;7;57;0;6795604;330;0
11;19;78;18;52;38;29;3.00;3;2;1;57;0;6795829;197;0
11;19;78;18;52;39;4;3.80;4;2;1;59;0;6795904;231;0
11;19;78;18;52;39;75;4.00;2;1;1;69;0;6795975;500;0
11;19;78;18;52;40;4;7.80;3;2;6;59;0;6796004;156;0
11;19;78;18;52;39;90;14.60;1;1;3;58;0;6795990;493;0
11;19;78;18;52;40;97;3.80;4;2;1;57;0;6796097;169;0
11;19;78;18;52;41;56;3.40;3;2;1;59;0;6796156;104;0
11;19;78;18;52;42;74;3.60;4;2;1;57;0;6796274;153;0
11;19;78;18;52;43;12;3.40;3;2;1;55;0;6796312;135;6795612
11;19;78;18;52;44;30;3.80;1;1;1;56;0;6796430;349;0
11;19;78;18;52;44;68;3.40;3;2;1;54;0;6796468;133;6795612
11;19;78;18;52;45;27;3.40;4;2;1;53;0;6796527;230;0
11;19;78;18;52;45;37;3.80;2;1;1;55;0;6796537;541;0
11;19;78;18;52;47;38;3.00;1;1;1;57;0;6796738;283;0
11;19;78;18;52;47;44;3.60;3;2;1;56;0;6796744;253;0
11;19;78;18;52;47;76;3.40;4;2;1;52;0;6796776;225;0
11;19;78;18;52;48;74;3.80;2;1;1;59;0;6796874;312;0
11;19;78;18;52;48;99;3.80;4;2;1;51;0;6796899;99;0
11;19;78;18;52;49;8;3.80;3;2;1;58;0;6796908;140;0
11;19;78;18;52;50;6;4.00;4;2;1;51;0;6797006;80;0
11;19;78;18;52;50;61;3.80;2;1;1;57;0;6797061;163;0
11;19;78;18;52;50;92;4.20;4;2;1;51;0;6797092;57;0
11;19;78;18;52;51;40;3.20;1;1;1;59;0;6797140;383;0
11;19;78;18;52;51;93;3.60;3;2;1;58;0;6797193;261;0
11;19;78;18;52;53;28;4.00;2;1;1;56;0;6797328;243;0
11;19;78;18;52;53;30;3.00;4;2;1;52;0;6797330;208;0
11;19;78;18;52;53;76;3.80;3;2;1;55;0;6797376;160;0
11;19;78;18;52;54;72;4.20;1;1;1;55;0;6797472;312;0
11;19;78;18;52;54;66;3.80;3;2;1;55;0;6797466;65;0
11;19;78;18;52;56;24;4.00;1;1;1;54;0;6797624;124;0
11;19;78;18;52;56;57;3.80;4;2;1;53;0;6797657;306;0
11;19;78;18;52;58;23;4.20;4;2;1;52;0;6797823;140;0
11;19;78;18;52;58;83;3.00;3;2;1;54;0;6797883;392;0
11;19;78;18;52;59;83;3.60;3;2;1;54;0;6797983;80;0
11;19;78;18;53;0;52;3.60;4;2;1;53;0;6798052;199;0
11;19;78;18;53;2;36;3.80;3;2;1;62;0;6798236;229;0
11;19;78;18;53;2;62;3.60;4;2;1;51;0;6798262;185;0
11;19;78;18;53;6;22;3.40;3;2;1;52;0;6798622;363;0
11;19;78;18;53;6;46;3.40;4;2;1;54;0;6798646;358;0
11;19;78;18;53;7;58;3.60;3;2;1;54;0;6798758;112;0
11;19;78;18;53;9;26;3.80;3;2;1;53;0;6798926;144;0
11;19;78;18;53;12;47;3.40;3;2;1;51;0;6799247;295;0
11;19;78;18;53;28;35;3.60;4;2;1;58;0;6800835;2166;0
11;19;78;18;53;33;60;3.40;3;2;1;64;0;6801360;2089;0
11;19;78;18;53;34;89;3.80;4;2;1;62;0;6801489;631;0
11;19;78;18;53;40;2;3.60;4;2;1;62;0;6802002;490;0
11;19;78;18;53;42;56;3.40;4;2;1;62;0;6802256;233;0
11;19;78;18;53;43;14;5.00;3;2;1;59;0;6802314;934;0
11;19;78;18;53;48;17;3.60;4;2;1;57;0;6802817;541;0
11;19;78;18;53;49;36;3.20;2;1;1;56;0;6802936;5582;0
11;19;78;18;53;50;43;3.60;2;1;1;56;0;6803043;86;0
11;19;78;18;53;51;53;3.80;1;1;1;54;0;6803153;5502;0
11;19;78;18;53;52;15;4.20;2;1;1;53;0;6803215;148;0
11;19;78;18;53;53;26;3.80;1;1;1;51;0;6803326;147;0
11;19;78;18;53;54;31;3.60;2;1;1;55;0;6803431;187;0
11;19;78;18;53;55;62;3.60;2;1;1;55;0;6803562;107;6802936
11;19;78;18;53;55;97;3.00;4;2;1;55;0;6803597;757;0
11;19;78;18;53;56;70;3.20;1;1;1;50;0;6803670;317;0
11;19;78;18;53;56;95;3.20;2;1;1;55;0;6803695;109;6802936
11;19;78;18;53;57;58;3.80;4;2;1;55;0;6803758;141;6802936
11;19;78;18;53;57;58;4.00;1;1;1;50;0;6803758;64;6802936
11;19;78;18;53;57;88;4.40;3;2;1;62;0;6803788;1443;0
11;19;78;18;53;59;4;3.20;1;1;1;48;0;6803904;117;0
11;19;78;18;53;59;55;3.80;4;2;1;58;0;6803955;172;0
11;19;78;18;54;0;8;3.80;1;1;1;44;0;6804008;80;0
11;19;78;18;54;0;73;4.00;3;2;1;62;0;6804073;259;0
11;19;78;18;54;1;11;3.60;2;1;1;57;0;6804111;395;0
11;19;78;18;54;1;12;3.60;1;1;1;47;0;6804112;72;6803670
11;19;78;18;54;2;56;3.60;1;1;1;48;0;6804256;116;6803670
11;19;78;18;54;3;76;4.20;3;2;1;64;0;6804376;279;0
11;19;78;18;54;4;78;3.60;2;1;1;51;0;6804478;344;0
11;19;78;18;54;5;7;3.80;1;1;1;52;0;6804507;224;0
11;19;78;18;54;5;73;3.80;2;1;1;50;0;6804573;69;0
11;19;78;18;54;6;17;3.60;1;1;1;51;0;6804617;83;0
11;19;78;18;54;6;41;3.80;4;2;1;60;0;6804641;662;0
11;19;78;18;54;7;60;3.60;2;1;1;50;0;6804760;159;0
11;19;78;18;54;9;80;3.60;1;1;1;51;0;6804980;337;0
11;19;78;18;54;10;78;3.80;2;1;1;54;0;6805078;292;0
11;19;78;18;54;11;33;3.20;1;1;1;52;0;6805133;127;0
11;19;78;18;54;11;80;3.40;4;2;1;57;0;6805180;516;0
11;19;78;18;54;12;16;3.60;1;1;1;52;0;6805216;60;0
11;19;78;18;54;12;38;4.20;2;1;1;56;0;6805238;134;0
11;19;78;18;54;13;7;3.80;1;1;1;51;0;6805307;66;0
11;19;78;18;54;14;55;3.80;3;2;1;60;0;6805455;1055;0
11;19;78;18;54;14;60;4.00;1;1;1;53;0;6805460;126;6804980
11;19;78;18;54;16;42;3.60;3;2;1;58;0;6805642;164;6804980
11;19;78;18;54;16;63;3.20;1;1;1;49;0;6805663;175;6804980
11;19;78;18;54;17;26;3.80;2;1;1;49;0;6805726;461;0
11;19;78;18;54;19;27;3.20;1;1;1;52;0;6805927;240;0
11;19;78;18;54;20;50;10.20;4;2;2;55;0;6806050;848;0
11;19;78;18;54;21;41;3.20;2;1;1;51;0;6806141;387;0
11;19;78;18;54;22;4;3.80;4;2;1;53;0;6806204;87;0
11;19;78;18;54;22;55;3.80;3;2;1;56;0;6806255;590;0
11;19;78;18;54;23;36;4.60;3;2;1;54;0;6806336;56;0
11;19;78;18;54;24;28;3.60;4;2;1;54;0;6806428;198;0
11;19;78;18;54;24;39;3.40;1;1;1;60;0;6806439;489;0
11;19;78;18;54;24;57;3.60;3;2;1;53;0;6806457;90;0
11;19;78;18;54;27;33;3.60;1;1;1;57;0;6806733;273;0
11;19;78;18;54;28;44;3.40;3;2;1;55;0;6806844;362;0
11;19;78;18;54;28;68;3.60;2;1;1;55;0;6806868;704;0
11;19;78;18;54;29;39;3.20;3;2;1;55;0;6806939;72;0
11;19;78;18;54;30;6;3.60;1;1;1;64;0;6807006;250;0
11;19;78;18;54;30;27;3.60;2;1;1;55;0;6807027;135;0
11;19;78;18;54;30;63;3.60;4;2;1;53;0;6807063;611;0
11;19;78;18;54;30;84;3.00;3;2;1;53;0;6807084;124;0
11;19;78;18;54;32;18;4.00;4;2;1;52;0;6807218;130;0
11;19;78;18;54;32;57;3.00;3;2;1;55;0;6807257;152;0
11;19;78;18;54;33;58;3.80;3;2;1;53;0;6807358;81;6806844
11;19;78;18;54;33;63;3.80;4;2;1;52;0;6807363;117;6806844
11;19;78;18;54;34;98;3.60;3;2;1;55;0;6807498;114;6806844
11;19;78;18;54;35;30;4.40;4;2;1;52;0;6807530;140;6806844
11;19;78;18;54;37;25;3.20;4;2;1;51;0;6807725;164;6807063
11;19;78;18;54;37;37;3.80;3;2;1;57;0;6807737;215;0
11;19;78;18;54;38;94;4.80;4;2;1;50;0;6807894;146;6807063
11;19;78;18;54;39;50;3.40;1;1;1;55;0;6807950;923;0
11;19;78;18;54;40;35;3.20;4;2;1;48;0;6808035;106;6807063
11;19;78;18;54;40;53;3.20;3;2;1;53;0;6808053;292;0
11;19;78;18;54;41;82;4.00;3;2;1;53;0;6808182;107;0
11;19;78;18;54;41;96;3.60;4;2;1;49;0;6808196;137;6807063
11;19;78;18;54;43;20;4.20;3;2;1;49;0;6808320;110;6807063
11;19;78;18;54;43;62;3.80;2;1;1;54;0;6808362;1311;0
11;19;78;18;54;44;17;3.60;3;2;1;48;0;6808417;66;0
11;19;78;18;54;45;46;3.20;3;2;1;49;0;6808546;102;6808053
11;19;78;18;54;46;1;3.60;4;2;1;52;0;6808601;378;0
11;19;78;18;54;46;46;3.80;3;2;1;51;0;6808646;76;6808053
11;19;78;18;54;47;54;3.80;3;2;1;53;0;6808754;81;6808053
11;19;78;18;54;47;72;3.80;4;2;1;56;0;6808772;146;6808053
11;19;78;18;54;49;78;3.80;4;2;1;51;0;6808978;181;6808053
11;19;78;18;54;52;28;3.40;4;2;1;49;0;6809228;223;0
11;19;78;18;54;59;67;4.00;1;1;1;53;0;6809967;1994;0
11;19;78;18;55;0;36;3.80;4;2;1;64;0;6810036;783;0
11;19;78;18;55;2;31;4.00;4;2;1;66;0;6810231;173;0
11;19;78;18;55;4;92;3.00;3;2;1;61;0;6810492;1712;0
11;19;78;18;55;17;87;3.60;4;2;1;65;0;6811787;1534;0
11;19;78;18;55;20;51;3.60;4;2;1;64;0;6812051;244;0
11;19;78;18;55;22;30;3.80;1;1;1;60;0;6812230;2235;0
11;19;78;18;55;23;97;3.60;3;2;1;54;0;6812397;1887;0
11;19;78;18;55;24;85;4.20;3;2;1;53;0;6812485;64;0
11;19;78;18;55;25;80;3.20;4;2;1;54;0;6812580;508;0
11;19;78;18;55;29;55;3.80;3;2;1;58;0;6812955;441;0
11;19;78;18;55;29;52;3.40;4;2;1;51;0;6812952;350;0
11;19;78;18;55;31;73;3.80;4;2;1;52;0;6813173;197;0
11;19;78;18;55;33;72;3.60;4;2;1;49;0;6813372;172;0
11;19;78;18;55;35;19;3.80;2;1;1;53;0;6813519;5131;0
11;19;78;18;55;36;45;3.60;2;1;1;52;0;6813645;100;0
11;19;78;18;55;36;75;3.40;4;2;1;52;0;6813675;276;0
11;19;78;18;55;41;98;3.60;1;1;1;58;0;6814198;1945;0
11;19;78;18;55;43;53;3.80;3;2;1;77;0;6814353;1374;0
11;19;78;18;55;44;5;3.60;1;1;1;56;0;6814405;184;0
11;19;78;18;55;44;12;3.40;2;1;1;51;0;6814412;742;0
11;19;78;18;55;44;37;4.00;4;2;1;72;0;6814437;738;0
11;19;78;18;55;45;23;3.80;3;2;1;70;0;6814523;152;0
11;19;78;18;55;45;27;4.00;1;1;1;55;0;6814527;98;0
11;19;78;18;55;47;14;3.40;1;1;1;53;0;6814714;160;0
11;19;78;18;55;47;21;3.00;4;2;1;54;0;6814721;264;0
11;19;78;18;55;47;65;3.20;2;1;1;60;0;6814765;329;0
11;19;78;18;55;47;85;3.80;3;2;1;66;0;6814785;242;0
11;19;78;18;55;48;50;3.80;1;1;1;53;0;6814850;112;6814198
11;19;78;18;55;48;74;4.00;2;1;1;59;0;6814874;89;6814198
11;19;78;18;55;49;79;3.80;1;1;1;52;0;6814979;103;6814198
11;19;78;18;55;50;39;3.80;2;1;1;55;0;6815039;140;6814198
11;19;78;18;55;50;66;3.40;1;1;1;51;0;6815066;60;6814198
11;19;78;18;55;51;37;4.00;2;1;1;52;0;6815137;73;6814198
11;19;78;18;55;52;30;3.60;1;1;1;49;0;6815230;140;6814198
11;19;78;18;55;52;71;3.20;3;2;1;56;0;6815271;465;0
11;19;78;18;55;53;58;3.80;3;2;1;57;0;6815358;66;0
11;19;78;18;55;53;78;3.40;1;1;1;48;0;6815378;121;6814198
11;19;78;18;55;54;9;3.80;2;1;1;52;0;6815409;244;0
11;19;78;18;55;54;99;3.60;4;2;1;56;0;6815499;758;0
11;19;78;18;55;55;14;4.20;3;2;1;56;0;6815514;132;0
11;19;78;18;55;55;28;3.60;2;1;1;52;0;6815528;92;0
11;19;78;18;55;56;12;3.60;1;1;1;48;0;6815612;208;0
11;19;78;18;55;56;68;4.00;4;2;1;57;0;6815668;145;0
11;19;78;18;55;56;72;5.40;3;2;1;52;0;6815672;131;0
11;19;78;18;55;57;28;5.20;2;1;1;52;0;6815728;175;0
11;19;78;18;55;57;66;3.40;3;2;1;51;0;6815766;56;6815271
11;19;78;18;55;58;53;5.20;1;1;1;51;0;6815853;214;0
11;19;78;18;55;59;10;3.40;2;1;1;55;0;6815910;146;0
11;19;78;18;55;59;46;3.60;3;2;1;56;0;6815946;156;6815271
11;19;78;18;55;59;91;3.80;1;1;1;49;0;6815991;101;6815271
11;19;78;18;56;0;10;4.00;4;2;1;57;0;6816010;316;0
11;19;78;18;56;1;25;3.40;4;2;1;57;0;6816125;89;0
11;19;78;18;56;1;32;3.80;3;2;1;59;0;6816132;162;6815271
11;19;78;18;56;2;10;3.80;2;1;1;55;0;6816210;277;0
11;19;78;18;56;2;9;3.20;1;1;1;51;0;6816209;190;0
11;19;78;18;56;3;76;3.40;1;1;1;50;0;6816376;144;0
11;19;78;18;56;4;52;4.00;2;1;1;50;0;6816452;217;0
11;19;78;18;56;4;87;9.00;4;2;2;57;0;6816487;340;0
11;19;78;18;56;5;95;3.80;1;1;1;45;0;6816595;194;6815853
11;19;78;18;56;6;95;3.80;2;1;1;53;0;6816695;214;0
11;19;78;18;56;8;16;3.20;1;1;1;45;0;6816816;190;6815853
11;19;78;18;56;8;93;3.40;3;2;1;53;0;6816893;737;0
11;19;78;18;56;9;79;3.40;2;1;1;49;0;6816979;258;0
11;19;78;18;56;9;85;4.20;1;1;1;46;0;6816985;143;6815853
11;19;78;18;56;10;41;12.60;4;2;3;45;0;6817041;497;0
11;19;78;18;56;11;40;3.60;3;2;1;58;0;6817140;223;0
11;19;78;18;56;11;76;3.60;2;1;1;49;0;6817176;172;0
11;19;78;18;56;12;82;3.80;1;1;1;46;0;6817282;264;0
11;19;78;18;56;13;30;3.40;2;1;1;49;0;6817330;127;0
11;19;78;18;56;13;11;3.60;3;2;1;58;0;6817311;148;0
11;19;78;18;56;13;11;4.40;4;2;1;46;0;6817311;169;0
11;19;78;18;56;14;38;3.60;1;1;1;47;0;6817438;126;0
11;19;78;18;56;14;58;4.20;3;2;1;58;0;6817458;124;0
11;19;78;18;56;15;10;3.60;4;2;1;46;0;6817510;164;0
11;19;78;18;56;15;49;3.60;3;2;1;56;0;6817549;64;0
11;19;78;18;56;15;56;3.40;1;1;1;44;0;6817556;90;0
11;19;78;18;56;15;92;4.00;2;1;1;51;0;6817592;237;0
11;19;78;18;56;17;56;3.60;4;2;1;46;0;6817756;217;0
11;19;78;18;56;18;35;3.60;1;1;1;48;0;6817835;251;0
11;19;78;18;56;19;42;3.80;4;2;1;45;0;6817942;157;0
11;19;78;18;56;19;76;3.80;3;2;1;57;0;6817976;403;0
11;19;78;18;56;20;5;3.80;1;1;1;49;0;6818005;143;0
11;19;78;18;56;20;96;3.80;3;2;1;56;0;6818096;96;0
11;19;78;18;56;21;18;4.00;4;2;1;45;0;6818118;145;0
11;19;78;18;56;22;62;3.80;3;2;1;53;0;6818262;141;0
11;19;78;18;56;23;48;3.60;4;2;1;49;0;6818348;198;0
11;19;78;18;56;23;80;3.60;2;1;1;59;0;6818380;759;0
11;19;78;18;56;24;12;3.40;3;2;1;51;0;6818412;124;0
11;19;78;18;56;25;63;4.00;3;2;1;51;0;6818563;127;6817976
11;19;78;18;56;25;77;3.60;1;1;1;52;0;6818577;544;0
11;19;78;18;56;27;9;3.60;3;2;1;51;0;6818709;117;6817976
11;19;78;18;56;27;18;3.60;1;1;1;54;0;6818718;116;6817976
11;19;78;18;56;27;28;3.20;4;2;1;46;0;6818728;353;0
11;19;78;18;56;28;65;3.40;4;2;1;48;0;6818865;111;0
11;19;78;18;56;28;70;3.80;3;2;1;53;0;6818870;135;6817976
11;19;78;18;56;30;48;3.60;4;2;1;49;0;6819048;157;6817976
11;19;78;18;56;32;39;3.80;4;2;1;49;0;6819239;164;6817976
11;19;78;18;56;32;59;3.80;2;1;1;63;0;6819259;857;0
11;19;78;18;56;34;6;3.60;2;1;1;61;0;6819406;125;0
11;19;78;18;56;34;3;3.60;1;1;1;56;0;6819403;661;0
11;19;78;18;56;34;45;3.40;3;2;1;47;0;6819445;549;0
11;19;78;18;56;36;28;3.20;1;1;1;57;0;6819628;201;0
11;19;78;18;56;38;47;4.40;2;1;1;59;0;6819847;419;0
11;19;78;18;56;38;88;3.40;1;1;1;55;0;6819888;239;0
11;19;78;18;56;41;20;3.20;1;1;1;55;0;6820120;209;0
11;19;78;18;56;42;40;3.80;4;2;1;62;0;6820240;973;0
11;19;78;18;56;43;85;5.40;1;1;1;52;0;6820385;244;0
11;19;78;18;56;45;46;3.80;3;2;1;58;0;6820546;1074;0
11;19;78;18;56;51;25;2.80;4;2;1;52;0;6821125;862;0
11;19;78;18;57;4;33;3.80;3;2;1;61;0;6822433;1863;0
11;19;78;18;57;5;54;3.20;4;2;1;52;0;6822554;1409;0
11;19;78;18;57;7;54;3.80;4;2;1;50;0;6822754;177;0
11;19;78;18;57;9;8;3.20;3;2;1;56;0;6822908;452;0
11;19;78;18;57;10;87;3.40;4;2;1;55;0;6823087;305;0
11;19;78;18;57;13;63;3.60;4;2;1;55;0;6823363;253;0
11;19;78;18;57;15;43;3.80;4;2;1;55;0;6823543;156;0
11;19;78;18;57;18;85;3.40;4;2;1;62;0;6823885;317;0
11;19;78;18;57;22;40;4.00;2;1;1;58;0;6824240;4366;0
11;19;78;18;57;23;30;3.80;1;1;1;59;0;6824330;3907;0
11;19;78;18;57;23;70;3.00;3;2;1;42;0;6824370;1441;0
11;19;78;18;57;24;21;3.80;2;1;1;57;0;6824421;156;0
11;19;78;18;57;26;81;3.80;1;1;1;55;0;6824681;327;0
11;19;78;18;57;27;16;4.00;3;2;1;59;0;6824716;320;0
11;19;78;18;57;28;2;3.80;1;1;1;55;0;6824802;96;0
11;19;78;18;57;28;29;5.20;2;1;1;57;0;6824829;384;0
11;19;78;18;57;28;76;3.40;4;2;1;61;0;6824876;971;0
11;19;78;18;57;30;9;3.80;1;1;1;53;0;6825009;182;0
11;19;78;18;57;32;48;3.60;2;1;1;60;0;6825248;386;0
11;19;78;18;57;32;80;3.60;4;2;1;56;0;6825280;383;0
11;19;78;18;57;33;39;3.80;1;1;1;52;0;6825339;304;0
11;19;78;18;57;33;63;3.60;4;2;1;55;0;6825363;59;0
11;19;78;18;57;34;23;3.20;2;1;1;53;0;6825423;153;0
11;19;78;18;57;34;76;3.40;3;2;1;65;0;6825476;735;0
11;19;78;18;57;35;13;3.40;4;2;1;57;0;6825513;126;0
11;19;78;18;57;35;38;3.60;1;1;1;48;0;6825538;172;0
11;19;78;18;57;35;83;4.00;2;1;1;50;0;6825583;138;0
11;19;78;18;57;36;75;3.80;2;1;1;50;0;6825675;63;0
11;19;78;18;57;37;7;3.60;4;2;1;57;0;6825707;172;0
11;19;78;18;57;37;5;3.40;1;1;1;46;0;6825705;140;0
11;19;78;18;57;37;54;4.00;2;1;1;50;0;6825754;51;6825248
11;19;78;18;57;38;81;3.20;1;1;1;47;0;6825881;149;6825248
11;19;78;18;57;38;92;4.60;3;2;1;61;0;6825892;397;0
11;19;78;18;57;39;33;3.60;2;1;1;44;0;6825933;150;6825248
11;19;78;18;57;40;95;3.80;1;1;1;44;0;6826095;189;6825339
11;19;78;18;57;41;26;3.20;4;2;1;60;0;6826126;396;0
11;19;78;18;57;41;83;3.60;3;2;1;64;0;6826183;263;0
11;19;78;18;57;43;78;3.60;1;1;1;45;0;6826378;251;0
11;19;78;18;57;43;82;3.60;1;1;1;45;0;6826382;-1;0
11;19;78;18;57;43;93;4.00;2;1;1;46;0;6826393;430;0
11;19;78;18;57;45;6;3.80;2;1;1;44;0;6826506;81;0
11;19;78;18;57;45;36;3.60;4;2;1;53;0;6826536;390;0
11;19;78;18;57;46;41;5.20;4;2;1;52;0;6826641;80;0
11;19;78;18;57;47;15;3.00;1;1;1;43;0;6826715;304;0
11;19;78;18;57;47;65;3.80;2;1;1;47;0;6826765;227;0
11;19;78;18;57;48;19;3.40;4;2;1;51;0;6826819;142;0
11;19;78;18;57;49;33;4.00;2;1;1;45;0;6826933;138;0
11;19;78;18;57;50;2;3.20;3;2;1;62;0;6827002;798;0
11;19;78;18;57;50;23;3.80;1;1;1;41;0;6827023;282;0
11;19;78;18;57;51;34;3.60;4;2;1;53;0;6827134;291;0
11;19;78;18;57;51;59;3.60;3;2;1;63;0;6827159;138;0
11;19;78;18;57;51;74;3.40;1;1;1;42;0;6827174;117;0
11;19;78;18;57;53;39;3.60;4;2;1;53;0;6827339;180;0
11;19;78;18;57;54;19;3.60;2;1;1;55;0;6827419;454;0
11;19;78;18;57;54;18;3.40;1;1;1;41;0;6827418;214;0
11;19;78;18;57;55;29;3.60;4;2;1;51;0;6827529;165;0
11;19;78;18;57;56;27;3.20;2;1;1;50;0;6827627;184;0
11;19;78;18;57;56;47;3.60;1;1;1;39;0;6827647;199;0
11;19;78;18;57;57;90;4.00;4;2;1;50;0;6827790;235;0
11;19;78;18;57;57;76;3.60;1;1;1;37;0;6827776;95;0
11;19;78;18;57;58;80;4.20;2;1;1;49;0;6827880;229;0
11;19;78;18;57;59;67;3.20;4;2;1;47;0;6827967;148;0
11;19;78;18;58;0;11;4.00;2;1;1;47;0;6828011;100;0
11;19;78;18;58;1;11;3.60;2;1;1;47;0;6828111;69;0
11;19;78;18;58;0;3;17.80;1;1;4;42;0;6828003;191;0
11;19;78;18;58;2;75;3.60;1;1;1;50;0;6828275;119;6827418
11;19;78;18;58;2;99;3.60;2;1;1;49;0;6828299;160;6827418
11;19;78;18;58;4;83;3.40;2;1;1;44;0;6828483;157;6827880
11;19;78;18;58;6;42;4.00;1;1;1;51;0;6828642;341;0
11;19;78;18;58;10;80;3.00;2;1;1;55;0;6829080;569;0
11;19;78;18;58;16;73;3.60;1;1;1;55;0;6829673;1002;0
11;19;78;18;58;16;92;3.80;2;1;1;59;0;6829692;592;0
11;19;78;18;58;18;11;4.60;1;1;1;56;0;6829811;114;0
11;19;78;18;58;20;66;4.00;1;1;1;55;0;6830066;225;0
11;19;78;18;58;21;88;3.40;4;2;1;63;0;6830188;2196;0
11;19;78;18;58;23;56;3.60;1;1;1;53;0;6830356;263;0
11;19;78;18;58;31;33;3.60;3;2;1;64;0;6831133;3953;0
11;19;78;18;58;31;92;3.60;4;2;1;57;0;6831192;984;0
11;19;78;18;58;34;85;3.60;3;2;1;65;0;6831485;331;0
11;19;78;18;58;36;42;3.40;3;2;1;57;0;6831642;137;0
11;19;78;18;58;38;6;3.40;4;2;1;57;0;6831806;591;0
11;19;78;18;58;39;94;3.40;3;2;1;55;0;6831994;330;0
11;19;78;18;58;40;63;3.40;4;2;1;56;0;6832063;235;0
11;19;78;18;58;42;0;3.40;3;2;1;56;0;6832200;183;0
11;19;78;18;58;41;92;4.00;4;2;1;56;0;6832192;107;0
11;19;78;18;58;43;78;3.40;4;2;1;55;0;6832378;160;0
11;19;78;18;58;45;26;3.40;3;2;1;60;0;6832526;304;0
11;19;78;18;58;46;20;4.00;3;2;1;60;0;6832620;73;0
11;19;78;18;58;46;27;3.80;4;2;1;55;0;6832627;226;0
11;19;78;18;58;47;48;3.60;1;1;1;54;0;6832748;2367;0
11;19;78;18;59;7;54;3.80;4;2;1;62;0;6834754;2102;0
11;19;78;18;59;9;97;3.20;3;2;1;62;0;6834997;2353;0
11;19;78;18;59;10;89;3.20;4;2;1;58;0;6835089;312;0
11;19;78;18;59;11;46;3.40;3;2;1;64;0;6835146;130;0
11;19;78;18;59;11;82;3.80;2;1;1;58;0;6835182;5466;0
11;19;78;18;59;13;38;3.20;2;1;1;55;0;6835338;132;0
11;19;78;18;59;13;64;10.40;1;1;2;55;0;6835364;2592;0
11;19;78;18;59;14;64;4.00;2;1;1;56;0;6835464;105;0
11;19;78;18;59;16;37;3.20;3;2;1;61;0;6835637;471;0
11;19;78;18;59;16;50;4.60;1;1;1;53;0;6835650;217;0
11;19;78;18;59;16;83;4.20;2;1;1;54;0;6835683;193;0
11;19;78;18;59;17;5;4.00;3;2;1;60;0;6835705;49;0
11;19;78;18;59;17;68;3.80;2;1;1;52;0;6835768;57;6835182
11;19;78;18;59;18;79;3.60;3;2;1;57;0;6835879;150;6835182
11;19;78;18;59;18;98;12.40;2;1;7;54;0;6835898;103;6835182
11;19;78;18;59;19;69;3.40;4;2;1;54;0;6835969;860;0
11;19;78;18;59;19;99;3.60;3;2;1;57;0;6835999;97;0
11;19;78;18;59;20;30;5.00;1;1;1;52;0;6836030;348;0
11;19;78;18;59;20;55;4.40;2;1;1;58;0;6836055;74;6835182
11;19;78;18;59;21;84;3.40;1;1;1;50;0;6836184;119;6835182
11;19;78;18;59;22;27;3.00;4;2;1;56;0;6836227;235;0
11;19;78;18;59;22;32;3.40;3;2;1;59;0;6836232;210;0
11;19;78;18;59;23;34;3.40;3;2;1;59;0;6836334;81;0
11;19;78;18;59;23;46;3.60;1;1;1;46;0;6836346;137;0
11;19;78;18;59;23;69;3.80;2;1;1;54;0;6836369;286;0
11;19;78;18;59;24;36;10.20;4;2;2;54;0;6836436;189;0
11;19;78;18;59;24;80;3.40;3;2;1;55;0;6836480;125;0
11;19;78;18;59;25;34;3.40;1;1;1;46;0;6836534;159;0
11;19;78;18;59;25;53;3.80;2;1;1;53;0;6836553;158;0
11;19;78;18;59;25;85;3.60;3;2;1;54;0;6836585;82;0
11;19;78;18;59;26;17;3.40;4;2;1;53;0;6836617;113;0
11;19;78;18;59;27;2;3.80;2;1;1;53;0;6836702;123;0
11;19;78;18;59;28;16;3.80;2;1;1;53;0;6836816;88;0
11;19;78;18;59;28;99;3.20;3;2;1;60;0;6836899;290;0
11;19;78;18;59;29;45;8.00;1;1;6;48;0;6836945;384;0
11;19;78;18;59;30;51;4.00;3;2;1;55;0;6837051;132;0
11;19;78;18;59;30;42;11.20;4;2;3;46;0;6837042;401;0
11;19;78;18;59;31;73;3.80;3;2;1;55;0;6837173;95;0
11;19;78;18;59;32;9;3.80;1;1;1;48;0;6837209;204;0
11;19;78;18;59;33;53;3.60;4;2;1;47;0;6837353;223;0
11;19;78;18;59;34;23;3.60;3;2;1;58;0;6837423;225;0
11;19;78;18;59;34;92;3.60;1;1;1;45;0;6837492;254;0
11;19;78;18;59;35;19;3.80;4;2;1;44;0;6837519;138;0
11;19;78;18;59;36;95;3.60;3;2;1;58;0;6837695;249;0
11;19;78;18;59;37;50;3.80;4;2;1;48;0;6837750;199;0
11;19;78;18;59;38;43;4.20;2;1;1;57;0;6837843;1001;0
11;19;78;18;59;38;51;3.80;4;2;1;49;0;6837851;72;0
11;19;78;18;59;39;43;3.40;1;1;1;41;0;6837943;422;0
11;19;78;18;59;40;4;3.80;4;2;1;49;0;6838004;125;6837353
11;19;78;18;59;40;85;4.40;3;2;1;56;0;6838085;367;0
11;19;78;18;59;41;58;3.60;2;1;1;60;0;6838158;288;0
11;19;78;18;59;42;62;4.60;4;2;1;53;0;6838262;230;0
11;19;78;18;59;42;90;3.60;2;1;1;60;0;6838290;110;0
11;19;78;18;59;42;44;5.20;1;1;1;38;0;6838244;271;0
11;19;78;18;59;43;88;3.60;3;2;1;58;0;6838388;274;0
11;19;78;18;59;44;61;3.20;4;2;1;51;0;6838461;167;0
11;19;78;18;59;44;34;4.20;1;1;1;39;0;6838434;140;0
11;19;78;18;59;46;19;3.80;1;1;1;38;0;6838619;146;0
11;19;78;18;59;47;25;4.00;2;1;1;54;0;6838725;413;0
11;19;78;18;59;48;8;12.80;1;1;3;39;0;6838808;153;0
11;19;78;18;59;50;42;3.80;1;1;1;40;0;6839042;115;6838244
11;19;78;18;59;50;80;4.00;2;1;1;50;0;6839080;328;0
11;19;78;18;59;53;57;3.40;1;1;1;38;0;6839357;280;0
11;19;78;18;59;54;98;3.60;2;1;1;52;0;6839498;389;0
11;19;78;18;59;55;15;4.00;1;1;1;38;0;6839515;125;0
11;19;78;18;59;56;76;3.60;2;1;1;53;0;6839676;153;0
11;19;78;18;59;56;80;5.40;3;2;1;63;0;6839680;1269;0
11;19;78;18;59;57;10;3.80;1;1;1;36;0;6839710;157;0
11;19;78;19;0;1;36;3.20;2;1;1;50;0;6840136;435;0
11;19;78;19;0;3;37;3.60;1;1;1;50;0;6840337;589;0
11;19;78;19;0;3;93;3.40;4;2;1;59;0;6840393;1909;0
11;19;78;19;0;5;55;3.80;1;1;1;45;0;6840555;192;0
11;19;78;19;0;8;1;3.60;4;2;1;61;0;6840801;387;0
11;19;78;19;0;10;29;3.80;4;2;1;60;0;6841029;206;0
11;19;78;19;0;10;94;4.00;3;2;1;56;0;6841094;1383;0
11;19;78;19;0;17;88;3.00;4;2;1;62;0;6841788;736;0
11;19;78;19;0;17;95;3.80;3;2;1;59;0;6841795;675;0
11;19;78;19;0;19;85;3.40;4;2;1;60;0;6841985;179;0
11;19;78;19;0;20;59;4.00;3;2;1;63;0;6842059;240;0
11;19;78;19;0;28;18;3.00;4;2;1;56;0;6842818;812;0
11;19;78;19;0;31;32;3.60;4;2;1;59;0;6843132;294;0
11;19;78;19;0;35;6;3.40;3;2;1;65;0;6843506;1424;0
11;19;78;19;0;38;30;3.80;1;1;1;59;0;6843830;3244;0
11;19;78;19;0;42;17;3.00;4;2;1;58;0;6844217;1063;0
11;19;78;19;0;46;31;4.00;2;1;1;63;0;6844631;4471;0
11;19;78;19;0;50;38;3.60;4;2;1;58;0;6845038;802;0
11;19;78;19;0;51;64;3.40;2;1;1;58;0;6845164;510;0
11;19;78;19;0;53;19;3.40;2;1;1;57;0;6845319;133;0
11;19;78;19;0;53;38;3.00;1;1;1;57;0;6845338;1484;0
11;19;78;19;0;54;70;3.60;2;1;1;58;0;6845470;129;0
11;19;78;19;0;54;40;12.80;4;2;2;58;0;6845440;379;0
11;19;78;19;0;55;73;3.80;1;1;1;56;0;6845573;216;0
11;19;78;19;0;56;48;3.00;3;2;1;59;0;6845648;2123;0
11;19;78;19;0;56;70;3.80;2;1;1;58;0;6845670;177;0
11;19;78;19;0;57;52;3.80;3;2;1;59;0;6845752;85;0
11;19;78;19;0;58;44;3.00;4;2;1;60;0;6845844;324;0
11;19;78;19;0;58;35;4.40;1;1;1;52;0;6845835;237;0
11;19;78;19;0;59;77;2.80;4;2;1;54;0;6845977;115;0
11;19;78;19;0;59;92;3.40;1;1;1;50;0;6845992;126;0
11;19;78;19;0;59;97;3.80;3;2;1;58;0;6845997;221;0
11;19;78;19;1;1;84;4.00;1;1;1;51;0;6846184;167;0
11;19;78;19;1;2;77;3.20;1;1;1;51;0;6846277;64;0
11;19;78;19;1;2;91;3.20;4;2;1;54;0;6846291;295;0
11;19;78;19;1;3;23;4.20;3;2;1;56;0;6846323;302;0
11;19;78;19;1;4;10;3.80;1;1;1;48;0;6846410;110;6845835
11;19;78;19;1;4;98;3.80;3;2;1;57;0;6846498;148;6845835
11;19;78;19;1;5;17;3.20;4;2;1;51;0;6846517;204;0
11;19;78;19;1;5;50;3.80;2;1;1;53;0;6846550;856;0
11;19;78;19;1;5;49;4.00;1;1;1;49;0;6846549;110;6845835
11;19;78;19;1;6;34;3.60;3;2;1;57;0;6846634;112;6845835
11;19;78;19;1;6;43;3.60;2;1;1;52;0;6846643;67;6845835
11;19;78;19;1;6;41;4.00;4;2;1;52;0;6846641;101;6845835
11;19;78;19;1;7;90;4.40;1;1;1;53;0;6846790;211;0
11;19;78;19;1;8;18;3.80;3;2;1;55;0;6846818;161;0
11;19;78;19;1;8;38;3.80;2;1;1;55;0;6846838;170;0
11;19;78;19;1;9;59;3.80;3;2;1;56;0;6846959;116;6846323
11;19;78;19;1;10;16;3.20;4;2;1;54;0;6847016;347;0
11;19;78;19;1;10;46;3.80;1;1;1;51;0;6847046;226;0
11;19;78;19;1;10;57;3.00;3;2;1;54;0;6847057;73;6846323
11;19;78;19;1;11;87;3.20;2;1;1;58;0;6847187;324;0
11;19;78;19;1;12;50;3.60;1;1;1;50;0;6847250;177;0
11;19;78;19;1;13;16;3.20;4;2;1;49;0;6847316;278;0
11;19;78;19;1;14;89;3.20;4;2;1;50;0;6847489;149;0
11;19;78;19;1;16;77;3.80;1;1;1;49;0;6847677;401;0
11;19;78;19;1;16;72;3.60;4;2;1;50;0;6847672;159;0
11;19;78;19;1;17;13;3.60;2;1;1;54;0;6847713;506;0
11;19;78;19;1;17;80;4.00;4;2;1;51;0;6847780;82;0
11;19;78;19;1;18;1;4.00;1;1;1;46;0;6847801;96;0
11;19;78;19;1;18;80;3.60;2;1;1;50;0;6847880;143;0
11;19;78;19;1;19;84;3.80;2;1;1;53;0;6847984;78;0
11;19;78;19;1;19;76;3.40;1;1;1;42;0;6847976;143;0
11;19;78;19;1;20;65;3.00;1;1;1;40;0;6848065;59;0
11;19;78;19;1;20;63;4.60;4;2;1;61;0;6848063;254;0
11;19;78;19;1;31;53;3.20;2;1;1;53;0;6849153;1143;0
11;19;78;19;1;34;72;4.60;1;1;1;52;0;6849472;1380;0
11;19;78;19;1;42;36;3.20;1;1;1;51;0;6850236;732;0
11;19;78;19;1;44;20;3.60;1;1;1;52;0;6850420;161;0
11;19;78;19;1;49;25;4.00;2;1;1;54;0;6850925;1750;0
11;19;78;19;1;49;54;3.40;1;1;1;54;0;6850954;509;0
11;19;78;19;1;52;87;3.20;3;2;1;64;0;6851287;4210;0
11;19;78;19;1;53;2;3.40;4;2;1;62;0;6851302;3211;0
11;19;78;19;1;56;35;3.80;4;2;1;61;0;6851635;313;0
11;19;78;19;2;0;64;3.60;3;2;1;64;0;6852064;759;0
11;19;78;19;2;4;91;3.60;3;2;1;60;0;6852491;406;0
11;19;78;19;2;7;65;3.80;3;2;1;68;0;6852765;252;0
11;19;78;19;2;9;6;3.20;4;2;1;55;0;6852906;1248;0
11;19;78;19;2;10;68;3.40;4;2;1;57;0;6853068;141;0
11;19;78;19;2;12;30;3.60;4;2;1;57;0;6853230;140;0
11;19;78;19;2;14;10;3.60;4;2;1;57;0;6853410;157;0
11;19;78;19;2;14;70;3.20;1;1;1;54;0;6853470;2493;0
11;19;78;19;2;18;81;3.60;4;2;1;58;0;6853881;448;0
11;19;78;19;2;20;53;3.20;4;2;1;59;0;6854053;149;0
11;19;78;19;2;22;21;3.60;1;1;1;60;0;6854221;729;0
11;19;78;19;2;23;44;3.60;3;2;1;62;0;6854344;1558;0
11;19;78;19;2;25;49;3.40;3;2;1;57;0;6854549;184;0
11;19;78;19;2;25;83;5.40;1;1;1;59;0;6854583;340;0
11;19;78;19;2;25;94;3.40;4;2;1;65;0;6854594;521;0
11;19;78;19;2;26;62;4.00;3;2;1;57;0;6854662;91;0
11;19;78;19;2;28;18;3.80;2;1;1;61;0;6854818;3866;0
11;19;78;19;2;31;73;3.40;1;1;1;56;0;6855173;557;0
11;19;78;19;2;31;88;2.80;4;2;1;61;0;6855188;575;0
11;19;78;19;2;32;29;4.00;2;1;1;60;0;6855229;388;0
11;19;78;19;2;32;96;3.40;1;1;1;57;0;6855296;101;0
11;19;78;19;2;34;12;3.40;3;2;1;59;0;6855412;724;0
11;19;78;19;2;35;21;3.60;1;1;1;56;0;6855521;203;0
11;19;78;19;2;35;21;4.00;3;2;1;58;0;6855521;88;0
11;19;78;19;2;36;70;3.40;1;1;1;57;0;6855670;125;0
11;19;78;19;2;37;93;3.20;3;2;1;61;0;6855793;247;0
11;19;78;19;2;38;39;4.60;2;1;1;54;0;6855839;586;0
11;19;78;19;2;38;52;3.60;4;2;1;54;0;6855852;647;0
11;19;78;19;2;38;83;4.00;1;1;1;54;0;6855883;191;0
11;19;78;19;2;39;45;3.40;2;1;1;54;0;6855945;75;0
11;19;78;19;2;39;53;3.60;4;2;1;53;0;6855953;77;0
11;19;78;19;2;42;27;3.80;3;2;1;65;0;6856227;415;0
11;19;78;19;2;42;35;3.40;2;1;1;51;0;6856235;267;0
11;19;78;19;2;42;82;3.60;1;1;1;51;0;6856282;372;0
11;19;78;19;2;43;50;4.00;4;2;1;56;0;6856350;372;0
11;19;78;19;2;43;96;3.40;2;1;1;54;0;6856396;137;0
11;19;78;19;2;44;24;3.80;3;2;1;61;0;6856424;175;0
11;19;78;19;2;44;47;3.60;1;1;1;57;0;6856447;139;0
11;19;78;19;2;45;72;5.00;1;1;1;51;0;6856572;102;0
11;19;78;19;2;46;78;3.20;1;1;1;50;0;6856678;70;0
11;19;78;19;2;46;40;14.20;4;2;4;56;0;6856640;264;0
11;19;78;19;2;47;30;3.60;2;1;1;54;0;6856730;311;0
11;19;78;19;2;48;72;3.60;4;2;1;56;0;6856872;140;0
11;19;78;19;2;49;54;3.20;2;1;1;56;0;6856954;200;0
11;19;78;19;2;50;48;3.20;3;2;1;61;0;6857048;601;0
11;19;78;19;2;50;59;3.60;1;1;1;51;0;6857059;357;0
11;19;78;19;2;51;14;3.00;4;2;1;52;0;6857114;218;0
11;19;78;19;2;51;66;3.00;3;2;1;62;0;6857166;99;0
11;19;78;19;2;52;33;3.40;4;2;1;56;0;6857233;98;0
11;19;78;19;2;52;73;4.40;1;1;1;48;0;6857273;188;0
11;19;78;19;2;53;66;3.60;2;1;1;54;0;6857366;391;0
11;19;78;19;2;53;54;3.20;4;2;1;54;0;6857354;99;0
11;19;78;19;2;53;63;3.80;3;2;1;62;0;6857363;179;0
11;19;78;19;2;54;48;4.20;3;2;1;60;0;6857448;62;0
11;19;78;19;2;54;88;3.40;2;1;1;55;0;6857488;98;0
11;19;78;19;2;55;34;3.60;4;2;1;55;0;6857534;158;0
11;19;78;19;2;55;38;3.60;1;1;1;46;0;6857538;232;0
11;19;78;19;2;55;89;3.60;3;2;1;60;0;6857589;115;6857048
11;19;78;19;2;56;77;4.20;2;1;1;56;0;6857677;166;6857048
11;19;78;19;2;56;71;3.20;1;1;1;43;0;6857671;104;6857048
11;19;78;19;2;57;83;3.60;3;2;1;53;0;6857783;172;6857048
11;19;78;19;2;58;28;3.40;4;2;1;54;0;6857828;270;0
11;19;78;19;2;58;34;4.00;1;1;1;43;0;6857834;136;0
11;19;78;19;2;58;92;3.20;3;2;1;53;0;6857892;84;6857048
11;19;78;19;2;59;23;4.00;4;2;1;56;0;6857923;72;6857048
11;19;78;19;3;0;28;3.60;3;2;1;55;0;6858028;114;6857048
11;19;78;19;3;0;59;3.80;1;1;1;42;0;6858059;191;6857048
11;19;78;19;3;0;70;4.00;2;1;1;53;0;6858070;366;0
11;19;78;19;3;1;75;3.40;4;2;1;56;0;6858175;226;0
11;19;78;19;3;2;7;3.00;3;2;1;53;0;6858207;155;6857048
11;19;78;19;3;2;62;3.40;1;1;1;44;0;6858262;170;6857538
11;19;78;19;3;3;75;3.60;3;2;1;53;0;6858375;147;6857048
11;19;78;19;3;4;1;3.40;1;1;1;42;0;6858401;111;6857538
11;19;78;19;3;5;8;3.20;3;2;1;53;0;6858508;108;6857048
11;19;78;19;3;5;27;3.60;1;1;1;39;0;6858527;96;6857538
11;19;78;19;3;5;83;3.80;4;2;1;61;0;6858583;386;0
11;19;78;19;3;7;24;3.60;3;2;1;54;0;6858724;194;6857048
11;19;78;19;3;7;84;4.00;1;1;1;47;0;6858784;223;0
11;19;78;19;3;11;16;3.60;1;1;1;50;0;6859116;301;0
11;19;78;19;3;15;6;3.60;1;1;1;55;0;6859506;364;0
11;19;78;19;3;16;95;3.40;1;1;1;53;0;6859695;165;0
11;19;78;19;3;18;98;4.60;2;1;1;54;0;6859898;1800;0
11;19;78;19;3;20;21;3.60;4;2;1;58;0;6860021;1415;0
11;19;78;19;3;22;36;3.60;4;2;1;56;0;6860236;192;0
11;19;78;19;3;22;49;3.60;1;1;1;54;0;6860249;530;0
11;19;78;19;3;23;96;3.40;4;2;1;57;0;6860396;136;0
11;19;78;19;3;25;28;4.00;4;2;1;56;0;6860528;110;0
11;19;78;19;3;25;33;3.80;1;1;1;49;0;6860533;260;0
11;19;78;19;3;28;59;3.60;1;1;1;57;0;6860859;298;0
11;19;78;19;3;34;32;3.00;2;1;1;48;0;6861432;1503;0
11;19;78;19;3;39;76;3.60;3;2;1;58;0;6861976;3228;0
11;19;78;19;3;41;43;3.40;3;2;1;55;0;6862143;144;0
11;19;78;19;3;41;71;3.20;4;2;1;57;0;6862171;1617;0
11;19;78;19;3;43;18;3.80;4;2;1;55;0;6862318;126;0
11;19;78;19;3;45;29;3.60;4;2;1;55;0;6862529;186;0
11;19;78;19;3;48;17;3.00;4;2;1;61;0;6862817;264;0
11;19;78;19;3;48;90;4.00;3;2;1;63;0;6862890;724;0
11;19;78;19;3;50;15;3.20;4;2;1;61;0;6863015;180;0
11;19;78;19;3;52;6;12.60;4;2;3;57;0;6863206;172;0
11;19;78;19;3;54;67;6.00;4;2;1;57;0;6863467;181;0
11;19;78;19;3;56;39;8.20;4;2;2;57;0;6863639;134;6862817
11;19;78;19;3;59;68;5.20;4;2;1;55;0;6863968;277;0
11;19;78;19;4;8;73;4.40;1;1;1;57;0;6864873;3991;0
11;19;78;19;4;11;41;3.40;3;2;1;61;0;6865141;2228;0
11;19;78;19;4;13;62;3.60;4;2;1;60;0;6865362;1359;0
11;19;78;19;4;14;66;3.60;4;2;1;57;0;6865466;82;0
11;19;78;19;4;17;54;3.40;3;2;1;57;0;6865754;592;0
11;19;78;19;4;18;92;3.00;4;2;1;57;0;6865892;403;0
11;19;78;19;4;21;4;3.20;3;2;1;55;0;6866104;328;0
11;19;78;19;4;21;2;11.40;1;1;3;51;0;6866102;1201;0
11;19;78;19;4;21;75;3.40;3;2;1;55;0;6866175;50;0
11;19;78;19;4;22;77;3.80;3;2;1;54;0;6866277;79;0
11;19;78;19;4;23;22;3.40;4;2;1;54;0;6866322;411;0
11;19;78;19;4;24;4;3.40;1;1;1;48;0;6866404;221;0
11;19;78;19;4;25;64;3.20;4;2;1;53;0;6866564;219;0
11;19;78;19;4;26;46;3.60;2;1;1;63;0;6866646;5191;0
11;19;78;19;4;26;51;3.60;1;1;1;47;0;6866651;221;0
11;19;78;19;4;27;27;3.00;4;2;1;54;0;6866727;141;0
11;19;78;19;4;27;29;3.80;3;2;1;57;0;6866729;426;0
11;19;78;19;4;28;5;3.40;1;1;1;52;0;6866805;126;0
11;19;78;19;4;28;69;3.60;4;2;1;53;0;6866869;122;0
11;19;78;19;4;28;76;3.20;3;2;1;51;0;6866876;123;0
11;19;78;19;4;30;9;3.40;2;1;1;55;0;6867009;342;0
11;19;78;19;4;30;52;3.80;4;2;1;59;0;6867052;158;0
11;19;78;19;4;30;76;3.60;1;1;1;55;0;6867076;247;0
11;19;78;19;4;31;31;3.00;3;2;1;52;0;6867131;232;0
11;19;78;19;4;32;11;3.80;4;2;1;57;0;6867211;135;6866564
11;19;78;19;4;33;81;3.40;3;2;1;50;0;6867381;229;0
11;19;78;19;4;34;46;4.40;4;2;1;57;0;6867446;211;0
11;19;78;19;4;35;2;3.40;2;1;1;57;0;6867502;470;0
11;19;78;19;4;35;56;3.60;4;2;1;52;0;6867556;82;0
11;19;78;19;4;36;84;5.00;3;2;1;53;0;6867684;278;0
11;19;78;19;4;37;81;3.60;4;2;1;51;0;6867781;200;0
11;19;78;19;4;38;6;3.60;3;2;1;54;0;6867806;88;0
11;19;78;19;4;39;9;3.00;2;1;1;50;0;6867909;385;0
11;19;78;19;4;39;49;3.60;4;2;1;51;0;6867949;142;0
11;19;78;19;4;40;58;3.60;4;2;1;50;0;6868058;83;0
11;19;78;19;4;40;71;3.00;2;1;1;50;0;6868071;140;0
11;19;78;19;4;41;1;4.60;3;2;1;58;0;6868101;271;0
11;19;78;19;4;41;51;3.00;4;2;1;54;0;6868151;67;0
11;19;78;19;4;41;58;3.60;1;1;1;49;0;6868158;1058;0
11;19;78;19;4;42;67;5.60;3;2;1;59;0;6868267;137;0
11;19;78;19;4;42;91;3.60;4;2;1;53;0;6868291;120;6867781
11;19;78;19;4;43;80;3.60;2;1;1;47;0;6868380;287;0
11;19;78;19;4;44;42;4.20;4;2;1;53;0;6868442;126;6867781
11;19;78;19;4;44;68;4.80;2;1;1;47;0;6868468;60;6867781
11;19;78;19;4;44;86;4.00;1;1;1;45;0;6868486;301;0
11;19;78;19;4;45;3;6.40;3;2;1;52;0;6868503;201;0
11;19;78;19;4;45;81;3.60;2;1;1;42;0;6868581;76;0
11;19;78;19;4;46;32;3.40;1;1;1;44;0;6868632;114;0
11;19;78;19;4;47;16;3.20;3;2;1;53;0;6868716;168;0
11;19;78;19;4;47;33;4.40;2;1;1;44;0;6868733;121;0
11;19;78;19;4;47;80;3.80;1;1;1;45;0;6868780;120;0
11;19;78;19;4;48;22;3.20;3;2;1;52;0;6868822;84;0
11;19;78;19;4;48;33;3.60;2;1;1;46;0;6868833;64;6868380
11;19;78;19;4;48;87;3.40;1;1;1;45;0;6868887;76;6868380
11;19;78;19;4;50;39;3.60;2;1;1;55;0;6869039;177;6868380
11;19;78;19;4;50;56;3.80;1;1;1;46;0;6869056;141;6868486
11;19;78;19;4;51;74;3.80;1;1;1;43;0;6869174;88;6868486
11;19;78;19;4;53;20;3.40;2;1;1;55;0;6869320;257;0
11;19;78;19;4;54;34;3.80;1;1;1;45;0;6869434;228;0
11;19;78;19;4;55;83;3.60;1;1;1;46;0;6869583;118;0
11;19;78;19;4;57;43;2.80;1;1;1;47;0;6869743;131;0
11;19;78;19;4;58;85;3.40;1;1;1;45;0;6869885;120;0
11;19;78;19;5;0;64;3.80;4;2;1;59;0;6870064;1593;0
11;19;78;19;5;0;48;4.80;1;1;1;44;0;6870048;135;6869434
11;19;78;19;5;2;55;3.60;1;1;1;45;0;6870255;167;6869434
11;19;78;19;5;4;17;3.40;1;1;1;45;0;6870417;133;6869434
11;19;78;19;5;5;0;5.00;4;2;1;59;0;6870500;412;0
11;19;78;19;5;5;60;3.60;1;1;1;49;0;6870560;115;6869434
11;19;78;19;5;6;74;4.20;4;2;1;58;0;6870674;143;6869434
11;19;78;19;5;13;65;3.00;1;1;1;61;0;6871365;778;0
11;19;78;19;5;15;28;3.80;1;1;1;58;0;6871528;145;0
11;19;78;19;5;18;69;3.60;1;1;1;56;0;6871869;317;0
11;19;78;19;5;21;97;3.40;2;1;1;54;0;6872197;2854;0
11;19;78;19;5;23;97;3.20;3;2;1;60;0;6872397;3552;0
11;19;78;19;5;24;49;3.60;4;2;1;52;0;6872449;1748;0
11;19;78;19;5;26;20;3.60;3;2;1;57;0;6872620;203;0
11;19;78;19;5;26;49;3.20;4;2;1;52;0;6872649;175;0
11;19;78;19;5;27;29;3.60;3;2;1;57;0;6872729;86;0
11;19;78;19;5;29;19;3.40;4;2;1;56;0;6872919;247;0
11;19;78;19;5;30;64;3.20;3;2;1;72;0;6873064;312;0
11;19;78;19;5;30;58;3.00;4;2;1;56;0;6873058;117;0
11;19;78;19;5;33;26;3.60;3;2;1;59;0;6873326;246;0
11;19;78;19;5;33;95;3.20;2;1;1;51;0;6873395;1175;0
11;19;78;19;5;37;60;3.80;3;2;1;57;0;6873760;412;0
11;19;78;19;5;38;92;4.00;1;1;1;55;0;6873892;1999;0
11;19;78;19;5;44;11;3.40;3;2;1;63;0;6874411;627;0
11;19;78;19;5;47;51;3.40;3;2;1;61;0;6874751;320;0
11;19;78;19;5;49;0;3.20;4;2;1;56;0;6874900;1822;0
11;19;78;19;5;49;84;3.80;3;2;1;63;0;6874984;212;0
11;19;78;19;5;51;19;3.60;3;2;1;63;0;6875119;113;0
11;19;78;19;5;51;91;3.20;1;1;1;59;0;6875191;1272;0
11;19;78;19;5;52;36;3.40;4;2;1;57;0;6875236;315;0
11;19;78;19;5;52;65;3.20;3;2;1;62;0;6875265;125;0
11;19;78;19;5;54;17;3.00;4;2;1;55;0;6875417;159;0
11;19;78;19;5;57;41;3.40;3;2;1;62;0;6875741;457;0
11;19;78;19;5;57;41;14.20;4;2;4;59;0;6875741;304;0
11;19;78;19;5;58;78;3.00;3;2;1;57;0;6875878;117;0
11;19;78;19;5;58;95;3.60;2;1;1;58;0;6875895;2477;0
11;19;78;19;5;59;73;4.00;3;2;1;54;0;6875973;76;0
11;19;78;19;5;59;98;3.60;4;2;1;55;0;6875998;170;0
11;19;78;19;6;1;6;3.00;3;2;1;55;0;6876106;106;0
11;19;78;19;6;1;67;3.80;1;1;1;58;0;6876167;956;0
11;19;78;19;6;2;75;3.60;4;2;1;53;0;6876275;253;0
11;19;78;19;6;3;71;3.60;3;2;1;55;0;6876371;245;0
11;19;78;19;6;3;84;3.20;2;1;1;56;0;6876384;466;0
11;19;78;19;6;4;89;3.80;4;2;1;53;0;6876489;189;0
11;19;78;19;6;5;57;3.60;2;1;1;50;0;6876557;152;0
11;19;78;19;6;5;75;5.40;3;2;1;53;0;6876575;180;0
11;19;78;19;6;6;84;3.60;1;1;1;51;0;6876684;493;0
11;19;78;19;6;6;38;12.00;2;1;7;49;0;6876638;55;0
11;19;78;19;6;7;67;3.40;4;2;1;52;0;6876767;252;0
11;19;78;19;6;8;9;3.60;1;1;1;49;0;6876809;99;0
11;19;78;19;6;8;27;3.20;3;2;1;57;0;6876827;215;0
11;19;78;19;6;9;21;3.60;1;1;1;48;0;6876921;85;0
11;19;78;19;6;9;29;3.40;3;2;1;57;0;6876929;81;0
11;19;78;19;6;9;33;4.20;2;1;1;53;0;6876933;206;0
11;19;78;19;6;9;38;3.40;4;2;1;51;0;6876938;147;0
11;19;78;19;6;11;26;3.20;1;1;1;52;0;6877126;178;0
11;19;78;19;6;11;1;4.20;3;2;1;58;0;6877101;150;0
11;19;78;19;6;10;99;3.40;4;2;1;50;0;6877099;137;0
11;19;78;19;6;11;99;3.80;2;1;1;59;0;6877199;237;0
11;19;78;19;6;12;54;3.60;4;2;1;52;0;6877254;130;0
11;19;78;19;6;12;84;4.20;1;1;1;54;0;6877284;135;6876684
11;19;78;19;6;13;8;3.40;3;2;1;58;0;6877308;180;6876684
11;19;78;19;6;14;3;5.20;4;2;1;53;0;6877403;124;6876767
11;19;78;19;6;14;80;3.60;3;2;1;56;0;6877480;150;6876827
11;19;78;19;6;15;28;4.60;1;1;1;54;0;6877528;216;0
11;19;78;19;6;15;38;3.40;4;2;1;52;0;6877538;99;6876767
11;19;78;19;6;16;26;3.40;2;1;1;56;0;6877626;403;0
11;19;78;19;6;16;79;3.60;1;1;1;52;0;6877679;120;0
11;19;78;19;6;17;30;3.60;3;2;1;73;0;6877730;226;0
11;19;78;19;6;17;55;3.60;2;1;1;55;0;6877755;107;0
11;19;78;19;6;17;87;3.40;4;2;1;55;0;6877787;225;0
11;19;78;19;6;18;83;3.80;1;1;1;50;0;6877883;179;0
11;19;78;19;6;19;70;3.60;4;2;1;55;0;6877970;160;0
11;19;78;19;6;19;98;3.40;1;1;1;51;0;6877998;87;0
11;19;78;19;6;20;9;3.20;3;2;1;58;0;6878009;261;0
11;19;78;19;6;22;1;4.00;4;2;1;54;0;6878201;207;0
11;19;78;19;6;22;15;3.60;3;2;1;56;0;6878215;186;0
11;19;78;19;6;22;46;3.80;1;1;1;50;0;6878246;224;0
11;19;78;19;6;24;15;3.80;3;2;1;51;0;6878415;176;0
11;19;78;19;6;24;69;4.40;2;1;1;52;0;6878469;690;0
11;19;78;19;6;25;34;3.20;1;1;1;49;0;6878534;260;0
11;19;78;19;6;26;6;3.20;3;2;1;51;0;6878606;164;0
11;19;78;19;6;26;42;3.80;1;1;1;48;0;6878642;84;0
11;19;78;19;6;27;33;3.60;3;2;1;51;0;6878733;104;6878009
11;19;78;19;6;27;75;4.00;1;1;1;47;0;6878775;104;6878009
11;19;78;19;6;28;31;3.60;2;1;1;59;0;6878831;331;0
11;19;78;19;6;29;7;3.60;3;2;1;51;0;6878907;148;6878009
11;19;78;19;6;29;2;3.40;1;1;1;44;0;6878902;96;6878009
11;19;78;19;6;30;13;3.80;1;1;1;48;0;6879013;83;6878534
11;19;78;19;6;30;24;3.60;3;2;1;49;0;6879024;91;6878009
11;19;78;19;6;33;18;3.60;1;1;1;48;0;6879318;276;0
11;19;78;19;6;39;12;3.20;3;2;1;62;0;6879912;861;0
11;19;78;19;6;41;14;6.20;1;1;1;55;0;6880114;769;0
11;19;78;19;6;43;62;3.80;1;1;1;55;0;6880362;207;0
11;19;78;19;6;44;10;3.80;2;1;1;57;0;6880410;1557;0
11;19;78;19;6;45;48;3.60;4;2;1;59;0;6880548;2320;0
11;19;78;19;6;46;40;3.60;2;1;1;56;0;6880640;206;0
11;19;78;19;6;45;93;12.80;1;1;7;56;0;6880593;206;0
11;19;78;19;6;47;52;3.60;3;2;1;54;0;6880752;821;0
11;19;78;19;6;47;89;3.40;1;1;1;56;0;6880789;113;0
11;19;78;19;6;48;27;3.80;4;2;1;59;0;6880827;257;0
11;19;78;19;6;49;50;3.80;1;1;1;57;0;6880950;139;0
11;19;78;19;6;53;87;3.60;2;1;1;57;0;6881387;723;0
11;19;78;19;6;54;48;3.40;1;1;1;58;0;6881448;474;0
11;19;78;19;6;55;48;3.40;4;2;1;56;0;6881548;697;0
11;19;78;19;6;57;97;3.80;4;2;1;57;0;6881797;227;0
11;19;78;19;7;1;89;4.00;1;1;1;52;0;6882189;719;0
11;19;78;19;7;1;76;3.00;3;2;1;59;0;6882176;1400;0
11;19;78;19;7;1;71;3.00;4;2;1;52;0;6882171;350;0
11;19;78;19;7;4;7;3.40;3;2;1;60;0;6882407;212;0
11;19;78;19;7;4;67;3.40;1;1;1;54;0;6882467;250;0
11;19;78;19;7;5;3;4.80;4;2;1;54;0;6882503;311;0
11;19;78;19;7;5;87;3.20;4;2;1;55;0;6882587;52;0
11;19;78;19;7;7;61;3.80;4;2;1;57;0;6882761;153;0
11;19;78;19;7;7;65;4.20;3;2;1;59;0;6882765;337;0
11;19;78;19;7;7;68;3.60;2;1;1;50;0;6882768;1358;0
11;19;78;19;7;7;74;4.00;1;1;1;55;0;6882774;284;0
11;19;78;19;7;8;93;5.40;3;2;1;57;0;6882893;102;0
11;19;78;19;7;9;61;3.60;4;2;1;53;0;6882961;176;0
11;19;78;19;7;11;66;3.60;4;2;1;55;0;6883166;180;6882503
11;19;78;19;7;14;42;3.40;4;2;1;58;0;6883442;252;0
11;19;78;19;7;17;18;4.00;2;1;1;61;0;6883718;924;0
11;19;78;19;7;26;15;4.60;2;1;1;53;0;6884615;873;0
11;19;78;19;7;29;78;3.60;3;2;1;59;0;6884978;2050;0
11;19;78;19;7;31;29;3.80;4;2;1;56;0;6885129;1665;0
11;19;78;19;7;32;0;3.60;3;2;1;57;0;6885200;200;0
11;19;78;19;7;32;26;3.60;1;1;1;59;0;6885226;2425;0
11;19;78;19;7;32;35;3.80;4;2;1;55;0;6885235;81;0
11;19;78;19;7;33;15;3.80;3;2;1;57;0;6885315;92;0
11;19;78;19;7;34;32;3.20;4;2;1;62;0;6885432;172;0
11;19;78;19;7;35;69;3.80;4;2;1;57;0;6885569;118;0
11;19;78;19;7;36;19;3.40;3;2;1;62;0;6885619;280;0
11;19;78;19;7;36;41;3.40;4;2;1;58;0;6885641;48;6885129
11;19;78;19;7;35;84;14.40;1;1;4;55;0;6885584;336;0
11;19;78;19;7;37;44;3.80;4;2;1;54;0;6885744;81;6885129
11;19;78;19;7;37;66;4.00;3;2;1;64;0;6885766;127;6885129
11;19;78;19;7;39;48;3.40;4;2;1;56;0;6885948;178;6885129
11;19;78;19;7;39;64;3.40;3;2;1;59;0;6885964;175;6885129
11;19;78;19;7;43;70;3.20;4;2;1;49;0;6886370;400;0
11;19;78;19;7;44;24;4.60;3;2;1;57;0;6886424;439;0
11;19;78;19;7;46;93;3.60;1;1;1;56;0;6886693;1014;0
11;19;78;19;7;47;20;3.20;4;2;1;48;0;6886720;326;0
11;19;78;19;7;48;53;3.60;4;2;1;48;0;6886853;109;0
11;19;78;19;7;48;80;4.20;3;2;1;56;0;6886880;426;0
11;19;78;19;7;50;17;3.80;2;1;1;57;0;6887017;2370;0
11;19;78;19;7;50;56;3.80;3;2;1;57;0;6887056;149;0
11;19;78;19;7;51;2;3.80;4;2;1;49;0;6887102;222;0
11;19;78;19;7;51;9;4.40;2;1;1;55;0;6887109;68;0
11;19;78;19;7;51;80;4.20;1;1;1;58;0;6887180;463;0
11;19;78;19;7;52;32;3.20;3;2;1;58;0;6887232;152;0
11;19;78;19;7;52;81;3.40;4;2;1;46;0;6887281;151;0
11;19;78;19;7;53;36;3.80;3;2;1;57;0;6887336;84;0
11;19;78;19;7;53;51;5.60;1;1;1;55;0;6887351;144;0
11;19;78;19;7;54;6;3.80;4;2;1;46;0;6887406;98;0
11;19;78;19;7;54;31;3.60;3;2;1;56;0;6887431;71;6886880
11;19;78;19;7;54;51;3.80;2;1;1;56;0;6887451;313;0
11;19;78;19;7;54;88;3.40;1;1;1;56;0;6887488;100;0
11;19;78;19;7;55;30;3.20;2;1;1;50;0;6887530;54;0
11;19;78;19;7;56;58;3.60;2;1;1;53;0;6887658;104;0
11;19;78;19;7;56;62;3.60;3;2;1;48;0;6887662;207;0
11;19;78;19;7;57;36;3.60;3;2;1;49;0;6887736;47;0
11;19;78;19;7;57;48;3.80;4;2;1;52;0;6887748;312;0
11;19;78;19;7;57;85;5.00;2;1;1;53;0;6887785;102;0
11;19;78;19;7;59;0;3.80;4;2;1;58;0;6887900;125;0
11;19;78;19;7;58;98;4.40;3;2;1;50;0;6887898;135;0
11;19;78;19;8;0;18;3.80;1;1;1;56;0;6888018;508;0
11;19;78;19;8;1;58;3.60;4;2;1;53;0;6888158;234;0
11;19;78;19;8;1;99;4.40;3;2;1;57;0;6888199;269;0
11;19;78;19;8;2;45;5.40;1;1;1;52;0;6888245;202;0
11;19;78;19;8;3;23;3.80;3;2;1;57;0;6888323;96;0
11;19;78;19;8;3;84;4.60;4;2;1;56;0;6888384;201;0
11;19;78;19;8;4;8;3.20;1;1;1;52;0;6888408;125;0
11;19;78;19;8;5;70;3.80;1;1;1;47;0;6888570;139;0
11;19;78;19;8;6;69;3.60;1;1;1;47;0;6888669;69;0
11;19;78;19;8;7;73;4.00;4;2;1;55;0;6888773;359;0
11;19;78;19;8;8;14;3.00;1;1;1;47;0;6888814;117;6888245
11;19;78;19;8;9;29;3.20;1;1;1;47;0;6888929;92;6888245
11;19;78;19;8;10;93;3.60;2;1;1;56;0;6889093;1274;0
11;19;78;19;8;12;18;4.00;1;1;1;45;0;6889218;264;0
11;19;78;19;8;13;29;3.60;2;1;1;56;0;6889329;212;0
11;19;78;19;8;14;86;3.00;1;1;1;46;0;6889486;236;0
11;19;78;19;8;15;79;3.80;2;1;1;50;0;6889579;226;0
11;19;78;19;8;16;28;6.60;1;1;1;42;0;6889628;118;0
11;19;78;19;8;17;87;4.00;2;1;1;49;0;6889787;180;0
11;19;78;19;8;18;2;3.80;1;1;1;41;0;6889802;117;0
11;19;78;19;8;18;97;3.20;2;1;1;48;0;6889897;80;0
11;19;78;19;8;19;86;3.20;2;1;1;48;0;6889986;65;0
11;19;78;19;8;20;67;3.60;1;1;1;45;0;6890067;231;0
11;19;78;19;8;21;17;3.20;2;1;1;47;0;6890117;107;6889579
11;19;78;19;8;21;63;3.40;3;2;1;62;0;6890163;1816;0
11;19;78;19;8;21;65;3.60;1;1;1;42;0;6890165;69;0
11;19;78;19;8;22;95;4.00;2;1;1;47;0;6890295;153;6889579
11;19;78;19;8;23;92;3.20;2;1;1;48;0;6890392;66;6889579
11;19;78;19;8;24;73;11.20;1;1;7;43;0;6890473;277;0
11;19;78;19;8;26;82;3.40;3;2;1;56;0;6890682;499;0
11;19;78;19;8;26;67;3.80;1;1;1;39;0;6890667;100;0
11;19;78;19;8;27;94;3.60;1;1;1;38;0;6890794;91;0
11;19;78;19;8;29;25;3.40;1;1;1;37;0;6890925;96;0
11;19;78;19;8;31;67;3.60;1;1;1;48;0;6891167;208;0
11;19;78;19;8;33;62;3.80;2;1;1;56;0;6891362;946;0
11;19;78;19;8;34;75;3.60;2;1;1;54;0;6891475;88;0
11;19;78;19;8;34;93;6.20;1;1;1;47;0;6891493;299;0
11;19;78;19;8;37;39;3.60;1;1;1;46;0;6891739;198;0
11;19;78;19;8;39;20;5.60;1;1;1;48;0;6891920;152;0
11;19;78;19;8;39;79;3.80;4;2;1;62;0;6891979;3179;0
11;19;78;19;8;40;18;3.20;3;2;1;61;0;6892018;1314;0
11;19;78;19;8;42;0;3.40;1;1;1;58;0;6892200;238;0
11;19;78;19;8;42;5;3.60;2;1;1;58;0;6892205;706;0
11;19;78;19;8;42;52;3.80;3;2;1;58;0;6892252;215;0
11;19;78;19;8;44;27;3.20;4;2;1;49;0;6892427;425;0
11;19;78;19;8;44;56;3.80;2;1;1;56;0;6892456;228;0
11;19;78;19;8;45;16;3.80;3;2;1;56;0;6892516;240;0
11;19;78;19;8;45;77;4.20;1;1;1;59;0;6892577;355;0
11;19;78;19;8;46;58;3.60;4;2;1;53;0;6892658;207;0
11;19;78;19;8;47;83;3.80;4;2;1;52;0;6892783;100;0
11;19;78;19;8;48;51;3.40;3;2;1;52;0;6892851;310;0
11;19;78;19;8;51;45;3.20;3;2;1;62;0;6893145;270;0
11;19;78;19;8;51;66;4.60;4;2;1;57;0;6893166;356;0
11;19;78;19;8;53;85;3.00;4;2;1;56;0;6893385;189;0
11;19;78;19;8;54;25;3.60;3;2;1;55;0;6893425;261;0
11;19;78;19;8;54;64;12.00;1;1;3;51;0;6893464;861;0
11;19;78;19;8;55;42;3.80;2;1;1;48;0;6893542;1061;0
11;19;78;19;8;57;31;3.40;3;2;1;52;0;6893731;282;0
11;19;78;19;9;0;24;3.60;3;2;1;64;0;6894024;269;0
11;19;78;19;9;0;23;3.60;4;2;1;58;0;6894023;618;0
11;19;78;19;9;1;77;4.00;3;2;1;58;0;6894177;132;0
11;19;78;19;9;5;55;3.60;1;1;1;55;0;6894555;1006;0
11;19;78;19;9;5;92;3.60;4;2;1;65;0;6894592;546;0
11;19;78;19;9;8;59;3.80;2;1;1;55;0;6894859;1288;0
11;19;78;19;9;9;78;3.60;3;2;1;59;0;6894978;776;0
11;19;78;19;9;9;83;3.20;2;1;1;57;0;6894983;99;0
11;19;78;19;9;11;5;3.80;1;1;1;51;0;6895105;526;0
11;19;78;19;9;12;94;4.00;4;2;1;57;0;6895294;682;0
11;19;78;19;9;16;79;3.40;4;2;1;50;0;6895679;359;0
11;19;78;19;9;18;10;4.20;3;2;1;57;0;6895810;810;0
11;19;78;19;9;19;51;3.00;4;2;1;57;0;6895951;247;0
11;19;78;19;9;20;92;3.40;4;2;1;50;0;6896092;122;0
11;19;78;19;9;21;9;4.00;3;2;1;61;0;6896109;272;0
11;19;78;19;9;22;45;4.00;4;2;1;48;0;6896245;128;0
11;19;78;19;9;22;72;4.20;2;1;1;56;0;6896272;1268;0
11;19;78;19;9;22;83;3.40;1;1;1;56;0;6896283;1151;0
11;19;78;19;9;23;86;3.60;4;2;1;50;0;6896386;111;0
11;19;78;19;9;23;96;4.20;1;1;1;59;0;6896396;91;0
11;19;78;19;9;24;5;3.80;2;1;1;58;0;6896405;106;0
11;19;78;19;9;24;63;3.20;3;2;1;60;0;6896463;330;0
11;19;78;19;9;24;99;4.60;2;1;1;59;0;6896499;70;0
11;19;78;19;9;25;33;3.20;4;2;1;50;0;6896533;121;6895951
11;19;78;19;9;26;43;3.20;3;2;1;58;0;6896643;160;6895951
11;19;78;19;9;26;69;3.80;2;1;1;58;0;6896669;141;6895951
11;19;78;19;9;27;13;4.00;4;2;1;51;0;6896713;156;6895951
11;19;78;19;9;27;45;3.60;3;2;1;57;0;6896745;82;6895951
11;19;78;19;9;28;21;3.60;4;2;1;53;0;6896821;79;6895951
11;19;78;19;9;28;46;3.80;2;1;1;58;0;6896846;153;6896272
11;19;78;19;9;28;71;3.40;1;1;1;56;0;6896871;449;0
11;19;78;19;9;29;2;3.80;3;2;1;59;0;6896902;134;0
11;19;78;19;9;29;81;4.00;4;2;1;55;0;6896981;135;6895951
11;19;78;19;9;30;87;3.20;2;1;1;60;0;6897087;217;0
11;19;78;19;9;32;61;3.60;4;2;1;54;0;6897261;253;0
11;19;78;19;9;32;66;3.60;3;2;1;54;0;6897266;340;0
11;19;78;19;9;32;74;3.60;2;1;1;58;0;6897274;167;0
11;19;78;19;9;32;78;3.80;1;1;1;50;0;6897278;385;0
11;19;78;19;9;33;55;4.60;3;2;1;55;0;6897355;65;0
11;19;78;19;9;34;38;3.40;4;2;1;54;0;6897438;153;0
11;19;78;19;9;35;40;3.60;3;2;1;54;0;6897540;154;0
11;19;78;19;9;35;46;10.60;2;1;7;51;0;6897546;249;0
11;19;78;19;9;36;47;4.00;4;2;1;55;0;6897647;186;0
11;19;78;19;9;36;45;3.80;1;1;1;55;0;6897645;339;0
11;19;78;19;9;35;45;2.20;2;2;1;14;0;6897545;419204;0
11;19;78;19;9;37;57;3.80;1;1;1;56;0;6897757;87;0
11;19;78;19;9;37;98;4.60;3;2;1;56;0;6897798;234;0
11;19;78;19;9;39;4;4.00;1;1;1;52;0;6897904;122;0
11;19;78;19;9;39;65;3.60;2;1;1;57;0;6897965;344;0
11;19;78;19;9;41;66;3.00;1;1;1;49;0;6898166;234;0
11;19;78;19;9;42;50;3.60;2;1;1;56;0;6898250;262;0
11;19;78;19;9;43;96;3.20;1;1;1;52;0;6898396;207;0
11;19;78;19;9;44;61;3.80;2;1;1;57;0;6898461;187;0
11;19;78;19;9;46;71;2.80;1;1;1;52;0;6898671;252;0
11;19;78;19;9;47;86;4.00;1;1;1;52;0;6898786;95;0
11;19;78;19;9;48;26;3.40;2;1;1;52;0;6898826;341;0
11;19;78;19;9;49;78;7.80;1;1;6;47;0;6898978;164;0
11;19;78;19;9;51;49;4.20;2;1;1;60;0;6899149;299;0
11;19;78;19;9;53;57;4.00;2;1;1;55;0;6899357;182;0
11;19;78;19;9;58;44;3.60;1;1;1;55;0;6899844;806;0
11;19;78;19;10;0;7;3.60;2;1;1;59;0;6900007;623;0
11;19;78;19;10;0;27;3.40;3;2;1;63;0;6900027;2199;0
11;19;78;19;10;1;25;4.00;2;1;1;58;0;6900125;96;0
11;19;78;19;10;3;31;3.40;1;1;1;57;0;6900331;463;0
11;19;78;19;10;3;75;4.00;2;1;1;58;0;6900375;225;0
11;19;78;19;10;5;43;3.80;2;1;1;57;0;6900543;143;0
11;19;78;19;10;6;40;4.40;1;1;1;55;0;6900640;287;0
11;19;78;19;10;9;10;3.20;1;1;1;53;0;6900910;241;0
11;19;78;19;10;9;73;3.40;2;1;1;59;0;6900973;406;0
11;19;78;19;10;10;67;5.20;1;1;1;55;0;6901067;135;0
11;19;78;19;10;17;7;3.80;4;2;1;64;0;6901707;4033;0
11;19;78;19;10;17;8;3.80;2;1;1;57;0;6901708;714;0
11;19;78;19;10;17;97;3.60;3;2;1;65;0;6901797;1750;0
11;19;78;19;10;20;58;3.00;4;2;1;59;0;6902058;329;0
11;19;78;19;10;22;51;3.60;4;2;1;54;0;6902251;174;0
11;19;78;19;10;23;64;3.60;3;2;1;59;0;6902364;547;0
11;19;78;19;10;24;10;4.00;4;2;1;54;0;6902410;135;0
11;19;78;19;10;25;12;3.40;3;2;1;59;0;6902512;126;0
11;19;78;19;10;26;71;3.40;4;2;1;55;0;6902671;234;0
11;19;78;19;10;28;81;3.40;4;2;1;57;0;6902881;187;0
11;19;78;19;10;31;60;4.00;4;2;1;58;0;6903160;257;0
11;19;78;19;10;33;78;3.60;4;2;1;60;0;6903378;193;0
11;19;78;19;10;35;23;3.60;4;2;1;56;0;6903523;123;0
11;19;78;19;10;38;18;3.20;3;2;1;62;0;6903818;1285;0
11;19;78;19;10;40;69;3.40;4;2;1;60;0;6904069;522;0
11;19;78;19;10;41;46;3.80;2;1;1;54;0;6904146;2414;0
11;19;78;19;10;44;74;3.60;3;2;1;59;0;6904474;637;0
11;19;78;19;10;44;82;3.60;4;2;1;64;0;6904482;392;0
11;19;78;19;10;49;44;3.60;4;2;1;59;0;6904944;441;0
11;19;78;19;10;52;49;3.20;4;2;1;66;0;6905249;283;0
11;19;78;19;10;52;82;3.40;2;1;1;61;0;6905282;1110;0
11;19;78;19;10;52;81;4.00;3;2;1;70;0;6905281;785;0
11;19;78;19;10;54;99;3.80;3;2;1;57;0;6905499;197;0
11;19;78;19;10;55;27;3.00;1;1;1;51;0;6905527;4425;0
11;19;78;19;10;56;89;3.20;4;2;1;59;0;6905689;422;0
11;19;78;19;10;57;69;3.80;3;2;1;64;0;6905769;246;0
11;19;78;19;10;59;38;4.00;3;2;1;62;0;6905938;147;0
11;19;78;19;11;0;20;3.20;4;2;1;52;0;6906020;311;0
11;19;78;19;11;0;84;3.80;3;2;1;63;0;6906084;122;0
11;19;78;19;11;1;53;4.00;4;2;1;54;0;6906153;110;0
11;19;78;19;11;4;90;3.80;3;2;1;63;0;6906490;384;0
11;19;78;19;11;5;71;3.60;4;2;1;52;0;6906571;391;0
11;19;78;19;11;7;2;3.40;4;2;1;53;0;6906702;106;0
11;19;78;19;11;7;47;3.60;3;2;1;62;0;6906747;235;0
11;19;78;19;11;8;75;3.20;2;1;1;57;0;6906875;1572;0
11;19;78;19;11;9;16;4.00;1;1;1;56;0;6906916;1367;0
11;19;78;19;11;9;23;4.40;4;2;1;51;0;6906923;197;0
11;19;78;19;11;10;5;3.60;3;2;1;58;0;6907005;237;0
11;19;78;19;11;10;46;3.60;1;1;1;56;0;6907046;104;0
11;19;78;19;11;11;7;3.60;4;2;1;51;0;6907107;152;0
11;19;78;19;11;12;3;3.20;4;2;1;51;0;6907203;70;6906571
11;19;78;19;11;13;6;3.40;3;2;1;60;0;6907306;278;0
11;19;78;19;11;13;37;3.80;4;2;1;51;0;6907337;111;6906571
11;19;78;19;11;13;94;3.80;3;2;1;57;0;6907394;67;6906571
11;19;78;19;11;15;2;3.20;4;2;1;57;0;6907502;138;6906571
11;19;78;19;11;15;38;4.20;1;1;1;56;0;6907538;468;0
11;19;78;19;11;15;77;3.80;3;2;1;60;0;6907577;159;0
11;19;78;19;11;16;76;3.20;4;2;1;48;0;6907676;153;6906571
11;19;78;19;11;16;87;3.40;1;1;1;54;0;6907687;122;6906571
11;19;78;19;11;17;62;5.20;3;2;1;59;0;6907762;162;6906571
11;19;78;19;11;18;87;3.80;4;2;1;51;0;6907887;187;6906571
11;19;78;19;11;19;26;3.80;3;2;1;57;0;6907926;132;6907306
11;19;78;19;11;20;48;3.80;2;1;1;55;0;6908048;1152;0
11;19;78;19;11;21;46;3.80;1;1;1;48;0;6908146;436;0
11;19;78;19;11;21;92;3.40;4;2;1;52;0;6908192;278;0
11;19;78;19;11;22;37;4.00;2;1;1;49;0;6908237;164;0
11;19;78;19;11;22;72;3.60;3;2;1;54;0;6908272;322;0
11;19;78;19;11;23;0;3.80;1;1;1;48;0;6908300;125;0
11;19;78;19;11;23;88;3.80;1;1;1;47;0;6908388;59;0
11;19;78;19;11;24;24;3.80;2;1;1;57;0;6908424;157;0
11;19;78;19;11;24;19;3.80;3;2;1;53;0;6908419;123;0
11;19;78;19;11;24;37;4.40;4;2;1;53;0;6908437;221;0
11;19;78;19;11;25;55;3.40;1;1;1;43;0;6908555;137;0
11;19;78;19;11;27;15;4.00;1;1;1;50;0;6908715;131;6908146
11;19;78;19;11;27;61;3.60;2;1;1;50;0;6908761;313;0
11;19;78;19;11;29;36;3.40;2;1;1;47;0;6908936;149;0
11;19;78;19;11;29;79;3.20;1;1;1;49;0;6908979;235;0
11;19;78;19;11;30;59;3.40;1;1;1;47;0;6909059;56;0
11;19;78;19;11;30;96;3.40;2;1;1;47;0;6909096;133;0
11;19;78;19;11;31;54;3.80;1;1;1;45;0;6909154;68;0
11;19;78;19;11;33;22;3.40;1;1;1;44;0;6909322;137;0
11;19;78;19;11;34;8;3.80;1;1;1;44;0;6909408;58;6908979
11;19;78;19;11;35;32;4.00;1;1;1;47;0;6909532;92;6908979
11;19;78;19;11;35;39;4.20;2;1;1;52;0;6909539;416;0
11;19;78;19;11;36;43;3.80;1;1;1;46;0;6909643;80;6908979
11;19;78;19;11;37;28;3.80;1;1;1;45;0;6909728;55;6908979
11;19;78;19;11;37;39;3.80;2;1;1;50;0;6909739;170;6908979
11;19;78;19;11;41;68;3.80;2;1;1;54;0;6910168;401;0
11;19;78;19;11;41;94;3.60;4;2;1;68;0;6910194;1727;0
11;19;78;19;11;42;45;3.60;1;1;1;41;0;6910245;486;0
11;19;78;19;11;43;48;4.20;2;1;1;49;0;6910348;154;0
11;19;78;19;11;44;48;3.60;2;1;1;48;0;6910448;69;0
11;19;78;19;11;44;59;3.60;1;1;1;45;0;6910459;182;0
11;19;78;19;11;45;4;3.40;4;2;1;60;0;6910504;290;0
11;19;78;19;11;46;29;3.60;1;1;1;47;0;6910629;141;0
11;19;78;19;11;46;70;3.80;4;2;1;59;0;6910670;145;0
11;19;78;19;11;47;66;4.00;2;1;1;50;0;6910766;291;0
11;19;78;19;11;49;6;3.60;1;1;1;47;0;6910906;249;0
11;19;78;19;11;49;90;5.00;2;1;1;47;0;6910990;195;0
11;19;78;19;11;50;55;6.20;1;1;1;48;0;6911055;121;0
11;19;78;19;11;51;30;3.60;2;1;1;47;0;6911130;101;0
11;19;78;19;11;51;83;3.80;1;1;1;47;0;6911183;81;0
11;19;78;19;11;52;66;3.20;2;1;1;50;0;6911266;108;0
11;19;78;19;11;53;68;3.00;1;1;1;45;0;6911368;155;0
11;19;78;19;11;55;79;3.40;1;1;1;45;0;6911579;187;6910906
11;19;78;19;11;55;79;5.00;2;1;1;47;0;6911579;289;0
11;19;78;19;11;56;71;3.40;4;2;1;58;0;6911671;977;0
11;19;78;19;11;57;49;5.00;2;1;1;48;0;6911749;131;0
11;19;78;19;11;58;27;4.20;3;2;1;56;0;6911827;3382;0
11;19;78;19;11;58;58;3.80;4;2;1;54;0;6911858;165;0
11;19;78;19;11;58;55;3.80;1;1;1;46;0;6911855;248;0
11;19;78;19;11;58;82;3.60;2;1;1;46;0;6911882;95;0
11;19;78;19;12;0;38;3.60;4;2;1;60;0;6912038;154;0
11;19;78;19;12;0;84;3.60;1;1;1;45;0;6912084;199;0
11;19;78;19;12;1;9;5.00;3;2;1;57;0;6912109;255;0
11;19;78;19;12;2;11;3.80;4;2;1;58;0;6912211;151;0
11;19;78;19;12;2;50;3.80;1;1;1;43;0;6912250;137;0
11;19;78;19;12;3;46;4.00;4;2;1;58;0;6912346;111;6911671
11;19;78;19;12;4;3;3.40;3;2;1;59;0;6912403;262;0
11;19;78;19;12;4;13;3.20;1;1;1;43;0;6912413;131;0
11;19;78;19;12;6;99;3.60;2;1;1;48;0;6912699;788;0
11;19;78;19;12;6;87;3.60;1;1;1;40;0;6912687;247;0
11;19;78;19;12;9;1;3.40;2;1;1;53;0;6912901;175;0
11;19;78;19;12;9;81;3.40;1;1;1;42;0;6912981;261;0
11;19;78;19;12;10;78;4.00;1;1;1;41;0;6913078;67;0
11;19;78;19;12;12;92;3.60;1;1;1;47;0;6913292;178;0
11;19;78;19;12;14;86;3.80;1;1;1;50;0;6913486;166;0
11;19;78;19;12;16;96;3.60;4;2;1;61;0;6913696;1325;0
11;19;78;19;12;25;20;3.60;3;2;1;68;0;6914520;2096;0
11;19;78;19;12;26;75;3.40;3;2;1;60;0;6914675;135;0
11;19;78;19;12;28;44;3.80;4;2;1;63;0;6914844;1126;0
11;19;78;19;12;30;83;3.40;3;2;1;61;0;6915083;387;0
11;19;78;19;12;32;1;3.40;3;2;1;63;0;6915201;97;0
11;19;78;19;12;32;40;3.60;4;2;1;60;0;6915240;374;0
11;19;78;19;12;34;61;3.80;4;2;1;62;0;6915461;199;0
11;19;78;19;12;36;2;3.60;4;2;1;58;0;6915602;118;0
11;19;78;19;12;38;29;3.80;3;2;1;55;0;6915829;608;0
11;19;78;19;12;38;44;3.80;2;1;1;57;0;6915844;2919;0
11;19;78;19;12;39;57;3.80;4;2;1;62;0;6915957;332;0
11;19;78;19;12;39;77;3.80;3;2;1;56;0;6915977;123;0
11;19;78;19;12;41;1;3.40;4;2;1;59;0;6916101;121;0
11;19;78;19;12;41;13;3.80;3;2;1;57;0;6916113;111;0
11;19;78;19;12;41;85;3.80;1;1;1;57;0;6916185;2671;0
11;19;78;19;12;42;61;4.00;3;2;1;55;0;6916261;124;0
11;19;78;19;12;43;77;3.40;4;2;1;52;0;6916377;255;0
11;19;78;19;12;43;89;3.80;3;2;1;56;0;6916389;101;6915829
11;19;78;19;12;46;12;3.40;3;2;1;58;0;6916612;198;6915829
11;19;78;19;12;46;21;3.60;4;2;1;52;0;6916621;220;0
11;19;78;19;12;47;35;3.60;3;2;1;57;0;6916735;101;6915829
11;19;78;19;12;48;68;3.20;3;2;1;57;0;6916868;110;6915829
11;19;78;19;12;49;91;3.80;3;2;1;58;0;6916991;102;6915829
11;19;78;19;12;50;57;3.20;4;2;1;54;0;6917057;411;0
11;19;78;19;12;51;91;3.20;4;2;1;54;0;6917191;112;0
11;19;78;19;12;51;96;3.80;3;2;1;57;0;6917196;181;6915829
11;19;78;19;12;52;70;3.80;3;2;1;57;0;6917270;50;6915829
11;19;78;19;12;53;70;3.80;1;1;1;61;0;6917370;1161;0
11;19;78;19;12;54;24;3.00;3;2;1;56;0;6917424;130;6915829
11;19;78;19;12;54;91;3.60;2;1;1;52;0;6917491;1623;0
11;19;78;19;12;55;41;5.00;4;2;1;55;0;6917541;328;0
11;19;78;19;12;56;88;3.60;1;1;1;57;0;6917688;295;0
11;19;78;19;12;56;91;4.20;3;2;1;58;0;6917691;247;0
11;19;78;19;12;56;95;3.60;4;2;1;56;0;6917695;121;0
11;19;78;19;12;58;5;3.80;2;1;1;60;0;6917805;289;0
11;19;78;19;12;58;96;3.80;1;1;1;57;0;6917896;185;0
11;19;78;19;12;59;60;4.00;4;2;1;54;0;6917960;241;0
11;19;78;19;13;0;21;3.60;2;1;1;58;0;6918021;193;0
11;19;78;19;13;0;23;3.40;3;2;1;57;0;6918023;305;0
11;19;78;19;13;0;33;3.80;1;1;1;55;0;6918033;113;0
11;19;78;19;13;1;4;3.60;4;2;1;57;0;6918104;117;0
11;19;78;19;13;1;76;4.40;2;1;1;56;0;6918176;132;0
11;19;78;19;13;2;28;3.80;1;1;1;52;0;6918228;170;0
11;19;78;19;13;3;60;3.60;2;1;1;57;0;6918360;155;0
11;19;78;19;13;4;89;4.40;2;1;1;56;0;6918489;106;6917805
11;19;78;19;13;5;8;3.40;1;1;1;54;0;6918508;253;0
11;19;78;19;13;7;7;3.80;1;1;1;54;0;6918707;176;0
11;19;78;19;13;7;13;3.80;2;1;1;52;0;6918713;195;6917805
11;19;78;19;13;8;87;3.80;2;1;1;52;0;6918887;147;6917805
11;19;78;19;13;9;34;3.80;1;1;1;53;0;6918934;201;0
11;19;78;19;13;10;0;3.60;2;1;1;55;0;6919000;86;6917805
11;19;78;19;13;11;12;3.80;1;1;1;53;0;6919112;152;6917805
11;19;78;19;13;11;89;3.60;3;2;1;60;0;6919189;1144;0
11;19;78;19;13;12;5;3.80;2;1;1;52;0;6919205;181;6917805
11;19;78;19;13;12;48;3.60;1;1;1;52;0;6919248;110;6917805
11;19;78;19;13;13;87;3.80;2;1;1;53;0;6919387;155;6917805
11;19;78;19;13;14;74;5.40;1;1;1;50;0;6919474;201;0
11;19;78;19;13;14;73;3.00;2;1;0;50;1;6919473;60;6917805
11;19;78;19;13;16;15;3.60;1;1;1;51;0;6919615;102;6917805
11;19;78;19;13;17;2;3.20;4;2;1;56;0;6919702;1575;0
11;19;78;19;13;18;12;4.00;2;1;1;53;0;6919812;399;0
11;19;78;19;13;20;11;3.40;1;1;1;52;0;6920011;370;0
11;19;78;19;13;20;43;3.40;3;2;1;60;0;6920043;832;0
11;19;78;19;13;20;96;4.00;2;1;1;55;0;6920096;256;0
11;19;78;19;13;22;7;3.80;3;2;1;57;0;6920207;143;0
11;19;78;19;13;24;70;3.40;2;1;1;61;0;6920470;347;0
11;19;78;19;13;31;23;3.60;2;1;1;55;0;6921123;632;0
11;19;78;19;13;32;28;3.20;1;1;1;49;0;6921228;1193;0
11;19;78;19;13;34;54;4.00;1;1;1;51;0;6921454;202;0
11;19;78;19;13;35;31;3.20;2;1;1;55;0;6921531;384;0
11;19;78;19;13;35;36;4.60;3;2;1;64;0;6921536;1305;0
11;19;78;19;13;37;79;3.60;1;1;1;56;0;6921779;296;0
11;19;78;19;13;39;60;4.00;4;2;1;62;0;6921960;2237;0
11;19;78;19;13;41;56;3.40;2;1;1;51;0;6922156;604;0
11;19;78;19;13;42;72;3.60;4;2;1;61;0;6922272;288;0
11;19;78;19;13;42;98;3.60;2;1;1;50;0;6922298;118;0
11;19;78;19;13;43;57;5.00;3;2;1;57;0;6922357;795;0
11;19;78;19;13;44;80;3.60;3;2;1;55;0;6922480;91;0
11;19;78;19;13;44;80;3.80;2;1;1;54;0;6922480;156;0
11;19;78;19;13;45;16;3.80;4;2;1;57;0;6922516;222;0
11;19;78;19;13;45;39;3.60;1;1;1;53;0;6922539;736;0
11;19;78;19;13;45;84;3.20;3;2;1;55;0;6922584;80;0
11;19;78;19;13;46;45;3.60;1;1;1;52;0;6922645;81;0
11;19;78;19;13;47;56;3.40;3;2;1;53;0;6922756;151;0
11;19;78;19;13;47;88;3.40;1;1;1;53;0;6922788;118;0
11;19;78;19;13;50;80;4.00;3;2;1;62;0;6923080;300;0
11;19;78;19;13;51;95;3.40;1;1;1;50;0;6923195;383;0
11;19;78;19;13;52;60;3.40;2;1;1;56;0;6923260;754;0
11;19;78;19;13;54;35;3.40;4;2;1;58;0;6923435;895;0
11;19;78;19;13;55;22;4.00;3;2;1;62;0;6923522;418;0
11;19;78;19;13;56;38;3.80;2;1;1;56;0;6923638;356;0
11;19;78;19;13;57;27;4.00;2;1;1;56;0;6923727;64;0
11;19;78;19;13;57;30;3.80;1;1;1;52;0;6923730;510;0
11;19;78;19;13;58;40;3.20;4;2;1;62;0;6923840;383;0
11;19;78;19;13;59;9;3.60;1;1;1;50;0;6923909;152;0
11;19;78;19;14;1;15;3.80;2;1;1;60;0;6924115;362;0
11;19;78;19;14;1;18;3.20;1;1;1;47;0;6924118;183;0
11;19;78;19;14;2;31;3.80;4;2;1;64;0;6924231;372;0
11;19;78;19;14;2;29;4.00;3;2;1;57;0;6924229;683;0
11;19;78;19;14;2;68;4.00;2;1;1;57;0;6924268;130;0
11;19;78;19;14;3;46;6.40;1;1;1;46;0;6924346;203;0
11;19;78;19;14;3;68;3.80;3;2;1;60;0;6924368;113;0
11;19;78;19;14;4;6;3.60;1;1;1;45;0;6924406;9;0
11;19;78;19;14;5;73;5.20;4;2;1;70;0;6924573;320;0
11;19;78;19;14;9;44;3.60;1;1;1;55;0;6924944;509;0
11;19;78;19;14;10;66;3.80;4;2;1;57;0;6925066;466;0
11;19;78;19;14;12;74;3.60;2;1;1;56;0;6925274;980;0
11;19;78;19;14;12;97;3.00;3;2;1;56;0;6925297;906;0
11;19;78;19;14;13;84;4.20;4;2;1;60;0;6925384;294;0
11;19;78;19;14;14;2;3.20;3;2;1;59;0;6925402;85;0
11;19;78;19;14;14;56;3.80;2;1;1;53;0;6925456;158;0
11;19;78;19;14;16;4;3.60;3;2;1;60;0;6925604;182;0
11;19;78;19;14;16;32;3.80;4;2;1;57;0;6925632;222;0
11;19;78;19;14;16;54;3.80;2;1;1;48;0;6925654;172;0
11;19;78;19;14;18;1;2.80;4;2;1;58;0;6925801;145;0
11;19;78;19;14;18;21;3.80;3;2;1;62;0;6925821;195;0
11;19;78;19;14;19;33;3.60;4;2;1;57;0;6925933;114;0
11;19;78;19;14;20;57;3.40;3;2;1;55;0;6926057;213;0
11;19;78;19;14;21;88;3.60;3;2;1;52;0;6926188;108;0
11;19;78;19;14;23;25;4.00;4;2;1;56;0;6926325;369;0
11;19;78;19;14;25;45;3.60;3;2;1;61;0;6926545;332;0
11;19;78;19;14;26;35;3.60;4;2;1;53;0;6926635;284;0
11;19;78;19;14;27;31;3.60;2;1;1;55;0;6926731;1048;0
11;19;78;19;14;28;6;3.20;4;2;1;49;0;6926806;146;0
11;19;78;19;14;30;46;3.40;4;2;1;55;0;6927046;216;0
11;19;78;19;14;31;41;4.00;4;2;1;53;0;6927141;72;0
11;19;78;19;14;32;39;8.40;1;1;6;58;0;6927239;2271;0
11;19;78;19;14;33;10;3.20;2;1;1;58;0;6927310;555;0
11;19;78;19;14;34;1;3.80;4;2;1;51;0;6927401;232;0
11;19;78;19;14;34;25;3.80;1;1;1;58;0;6927425;133;0
11;19;78;19;14;34;97;3.60;2;1;1;57;0;6927497;167;0
11;19;78;19;14;36;96;3.60;1;1;1;56;0;6927696;247;0
11;19;78;19;14;38;44;3.60;2;1;1;54;0;6927844;324;0
11;19;78;19;14;40;23;3.20;1;1;1;60;0;6928023;303;0
11;19;78;19;14;41;44;4.00;2;1;1;55;0;6928144;276;0
11;19;78;19;14;44;20;4.00;2;1;1;55;0;6928420;249;0
11;19;78;19;14;45;4;3.40;1;1;1;53;0;6928504;461;0
11;19;78;19;14;45;84;3.80;2;1;1;52;0;6928584;137;0
11;19;78;19;14;48;62;3.60;1;1;1;47;0;6928862;334;0
11;19;78;19;14;51;64;3.60;1;1;1;49;0;6929164;274;0
11;19;78;19;14;53;41;3.60;1;1;1;50;0;6929341;150;0
11;19;78;19;14;53;81;3.60;3;2;1;68;0;6929381;2814;0
11;19;78;19;14;53;97;3.40;4;2;1;61;0;6929397;1969;0
11;19;78;19;14;56;41;3.60;3;2;1;64;0;6929641;240;0
11;19;78;19;14;57;91;3.40;4;2;1;60;0;6929791;373;0
11;19;78;19;15;1;6;3.20;2;1;1;58;0;6930106;1495;0
11;19;78;19;15;3;41;3.60;2;1;1;53;0;6930341;215;0
11;19;78;19;15;4;1;3.00;1;1;1;51;0;6930401;1034;0
11;19;78;19;15;6;93;3.60;4;2;1;67;0;6930693;881;0
11;19;78;19;15;7;2;3.20;1;1;1;54;0;6930702;279;0
11;19;78;19;15;10;66;3.60;2;1;1;51;0;6931066;700;0
11;19;78;19;15;11;54;3.00;1;1;1;56;0;6931154;430;0
11;19;78;19;15;12;54;3.80;2;1;1;58;0;6931254;162;0
11;19;78;19;15;12;89;3.60;4;2;1;61;0;6931289;576;0
11;19;78;19;15;14;99;3.60;2;1;1;59;0;6931499;221;0
11;19;78;19;15;16;64;3.60;4;2;1;61;0;6931664;353;0
11;19;78;19;15;17;71;5.20;2;1;1;56;0;6931771;250;0
11;19;78;19;15;18;54;3.60;3;2;1;62;0;6931854;2192;0
11;19;78;19;15;19;51;4.00;2;1;1;59;0;6931951;146;0
11;19;78;19;15;22;21;3.20;1;1;1;55;0;6932221;1047;0
11;19;78;19;15;23;62;3.40;3;2;1;59;0;6932362;487;0
11;19;78;19;15;23;94;3.20;1;1;1;55;0;6932394;152;0
11;19;78;19;15;26;13;3.80;2;1;1;57;0;6932613;637;0
11;19;78;19;15;28;47;3.60;4;2;1;41;0;6932847;1161;0
11;19;78;19;15;29;87;3.60;3;2;1;53;0;6932987;604;0
11;19;78;19;15;30;11;3.80;4;2;1;41;0;6933011;132;0
11;19;78;19;15;33;33;3.40;4;2;1;44;0;6933333;288;0
11;19;78;19;15;35;66;3.80;4;2;1;40;0;6933566;205;0
11;19;78;19;15;37;52;6.20;4;2;1;40;0;6933752;151;0
11;19;78;19;15;40;79;3.80;1;1;1;57;0;6934079;1664;0
11;19;78;19;15;41;49;4.00;2;1;1;56;0;6934149;1512;0
11;19;78;19;15;45;85;3.00;3;2;1;70;0;6934585;1573;0
11;19;78;19;15;47;50;4.40;4;2;1;70;0;6934750;942;0
11;19;78;19;15;48;51;3.80;3;2;1;60;0;6934851;250;0
11;19;78;19;15;48;65;4.00;4;2;1;66;0;6934865;92;0
11;19;78;19;15;49;81;3.20;3;2;1;62;0;6934981;107;0
11;19;78;19;15;50;81;3.80;3;2;1;60;0;6935081;81;0
11;19;78;19;15;51;95;4.00;4;2;1;60;0;6935195;308;0
11;19;78;19;15;54;1;3.20;1;1;1;61;0;6935401;1298;0
11;19;78;19;15;55;30;3.00;4;2;1;59;0;6935530;311;0
11;19;78;19;15;57;22;3.40;3;2;1;61;0;6935722;618;0
11;19;78;19;15;58;10;3.60;3;2;1;58;0;6935810;67;0
11;19;78;19;15;59;79;3.60;3;2;1;53;0;6935979;146;0
11;19;78;19;16;2;9;3.00;3;2;1;58;0;6936209;205;0
11;19;78;19;16;3;96;3.60;3;2;1;56;0;6936396;168;0
11;19;78;19;16;5;64;4.60;3;2;1;53;0;6936564;144;0
11;19;78;19;16;6;46;3.00;4;2;1;55;0;6936646;1097;0
11;19;78;19;16;6;51;3.80;3;2;1;50;0;6936651;55;0
11;19;78;19;16;7;37;3.60;4;2;1;55;0;6936737;71;0
11;19;78;19;16;8;26;4.20;3;2;1;52;0;6936826;147;6936209
11;19;78;19;16;9;85;4.20;4;2;1;53;0;6936985;224;0
11;19;78;19;16;11;4;3.40;3;2;1;52;0;6937104;248;0
11;19;78;19;16;11;13;4.00;4;2;1;51;0;6937113;99;0
11;19;78;19;16;12;24;3.40;3;2;1;54;0;6937224;96;0
11;19;78;19;16;13;37;3.60;4;2;1;52;0;6937337;195;0
11;19;78;19;16;15;59;3.00;4;2;1;54;0;6937559;197;0
11;19;78;19;16;17;65;3.60;4;2;1;53;0;6937765;186;6936985
11;19;78;19;16;18;3;3.20;1;1;1;57;0;6937803;2383;0
11;19;78;19;16;18;86;3.40;3;2;1;63;0;6937886;639;0
11;19;78;19;16;20;52;3.60;1;1;1;59;0;6938052;228;0
11;19;78;19;16;21;62;3.60;3;2;1;64;0;6938162;256;0
11;19;78;19;16;23;11;4.40;4;2;1;64;0;6938311;521;0
11;19;78;19;16;26;44;3.80;3;2;1;63;0;6938644;461;0
11;19;78;19;16;27;19;3.60;3;2;1;63;0;6938719;53;0
11;19;78;19;16;27;85;12.60;4;2;3;45;0;6938785;449;0
11;19;78;19;16;28;77;3.60;3;2;1;62;0;6938877;137;0
11;19;78;19;16;29;73;3.60;4;2;1;47;0;6938973;87;0
11;19;78;19;16;29;89;11.40;1;1;3;57;0;6938989;915;0
11;19;78;19;16;31;32;3.40;4;2;1;47;0;6939132;131;0
11;19;78;19;16;32;79;3.60;4;2;1;48;0;6939279;120;0
11;19;78;19;16;32;92;3.60;3;2;1;56;0;6939292;394;0
11;19;78;19;16;33;69;3.60;4;2;1;44;0;6939369;63;6938785
11;19;78;19;16;34;5;4.40;1;1;1;59;0;6939405;344;0
11;19;78;19;16;34;73;3.80;3;2;1;59;0;6939473;157;0
11;19;78;19;16;35;10;4.20;1;1;1;61;0;6939510;78;0
11;19;78;19;16;34;68;3.60;4;2;1;44;0;6939468;69;6938785
11;19;78;19;16;35;76;3.60;4;2;1;43;0;6939576;78;6938785
11;19;78;19;16;36;83;3.20;3;2;1;52;0;6939683;186;6938785
11;19;78;19;16;37;11;3.00;4;2;1;47;0;6939711;104;6938785
11;19;78;19;16;37;33;3.80;2;1;1;55;0;6939733;5558;0
11;19;78;19;16;38;95;3.60;3;2;1;53;0;6939895;189;0
11;19;78;19;16;40;3;3.60;2;1;1;56;0;6940003;245;0
11;19;78;19;16;40;0;3.20;4;2;1;48;0;6940000;266;0
11;19;78;19;16;40;17;3.80;1;1;1;52;0;6940017;482;0
11;19;78;19;16;41;79;3.80;2;1;1;57;0;6940179;152;0
11;19;78;19;16;41;91;3.60;1;1;1;50;0;6940191;147;0
11;19;78;19;16;43;3;3.00;1;1;1;51;0;6940303;86;0
11;19;78;19;16;43;76;4.00;2;1;1;61;0;6940376;173;0
11;19;78;19;16;44;43;3.60;1;1;1;48;0;6940443;118;0
11;19;78;19;16;44;47;3.20;4;2;1;49;0;6940447;423;0
11;19;78;19;16;45;46;3.80;1;1;1;47;0;6940546;76;6940017
11;19;78;19;16;46;45;3.80;1;1;1;49;0;6940645;69;6940017
11;19;78;19;16;46;81;3.40;4;2;1;48;0;6940681;210;0
11;19;78;19;16;46;87;3.80;2;1;1;54;0;6940687;287;0
11;19;78;19;16;48;59;3.40;2;1;1;54;0;6940859;146;0
11;19;78;19;16;49;32;3.40;3;2;1;53;0;6940932;1012;0
11;19;78;19;16;49;53;4.20;2;1;1;54;0;6940953;71;0
11;19;78;19;16;50;20;3.60;1;1;1;50;0;6941020;347;0
11;19;78;19;16;50;41;3.00;4;2;1;50;0;6941041;334;0
11;19;78;19;16;51;45;3.60;1;1;1;50;0;6941145;99;0
11;19;78;19;16;53;90;3.60;4;2;1;56;0;6941390;327;0
11;19;78;19;16;54;5;3.20;1;1;1;53;0;6941405;234;0
11;19;78;19;16;54;59;3.80;2;1;1;52;0;6941459;478;0
11;19;78;19;16;55;17;3.60;3;2;1;63;0;6941517;561;0
11;19;78;19;16;56;48;3.60;4;2;1;54;0;6941648;234;0
11;19;78;19;16;56;72;3.60;2;1;1;51;0;6941672;186;0
11;19;78;19;16;57;84;3.60;2;1;1;51;0;6941784;86;0
11;19;78;19;16;58;72;3.40;4;2;1;58;0;6941872;200;0
11;19;78;19;16;59;1;3.80;2;1;1;48;0;6941901;91;0
11;19;78;19;16;59;26;3.60;3;2;1;63;0;6941926;388;0
11;19;78;19;16;59;42;7.80;1;1;1;42;0;6941942;515;0
11;19;78;19;17;0;84;3.40;3;2;1;62;0;6942084;137;0
11;19;78;19;17;1;3;3.20;4;2;1;60;0;6942103;209;0
11;19;78;19;17;0;71;7.60;1;1;1;44;0;6942071;62;0
11;19;78;19;17;2;1;3.60;2;1;1;38;0;6942201;271;0
11;19;78;19;17;3;90;3.60;1;1;1;56;0;6942390;256;0
11;19;78;19;17;4;57;3.20;2;1;1;48;0;6942457;221;0
11;19;78;19;17;5;80;3.40;4;2;1;59;0;6942580;457;0
11;19;78;19;17;6;47;3.80;2;1;1;50;0;6942647;166;0
11;19;78;19;17;8;52;3.20;1;1;1;54;0;6942852;438;0
11;19;78;19;17;9;41;3.60;3;2;1;62;0;6942941;837;0
11;19;78;19;17;10;41;3.80;2;1;1;56;0;6943041;366;0
11;19;78;19;17;13;4;4.00;2;1;1;61;0;6943304;238;0
11;19;78;19;17;13;43;3.40;4;2;1;52;0;6943343;742;0
11;19;78;19;17;14;4;3.80;2;1;1;58;0;6943404;76;0
11;19;78;19;17;15;83;3.40;4;2;1;52;0;6943583;216;0
11;19;78;19;17;18;49;3.00;1;1;1;53;0;6943849;975;0
11;19;78;19;17;18;72;3.60;2;1;1;58;0;6943872;444;0
11;19;78;19;17;20;69;3.60;1;1;1;49;0;6944069;199;0
11;19;78;19;17;20;99;3.80;2;1;1;53;0;6944099;204;0
11;19;78;19;17;21;61;3.40;4;2;1;46;0;6944161;554;0
11;19;78;19;17;24;38;3.20;4;2;1;50;0;6944438;250;0
11;19;78;19;17;28;0;3.20;3;2;1;60;0;6944800;1838;0
11;19;78;19;17;29;38;3.60;4;2;1;61;0;6944938;476;0
11;19;78;19;17;29;60;3.60;3;2;1;58;0;6944960;140;0
11;19;78;19;17;30;66;3.80;4;2;1;58;0;6945066;106;0
11;19;78;19;17;31;60;3.80;3;2;1;64;0;6945160;177;0
11;19;78;19;17;32;85;3.40;4;2;1;55;0;6945285;195;0
11;19;78;19;17;33;16;4.00;3;2;1;59;0;6945316;134;0
11;19;78;19;17;34;42;3.60;3;2;1;58;0;6945442;101;6944800
11;19;78;19;17;35;58;3.60;3;2;1;59;0;6945558;93;6944800
11;19;78;19;17;36;77;3.40;4;2;1;62;0;6945677;369;0
11;19;78;19;17;38;4;3.60;3;2;1;64;0;6945804;224;0
11;19;78;19;17;47;6;3.20;3;2;1;62;0;6946706;881;0
11;19;78;19;17;48;18;3.80;4;2;1;58;0;6946818;1121;0
11;19;78;19;17;48;73;3.20;1;1;1;53;0;6946873;2777;0
11;19;78;19;17;49;53;4.00;4;2;1;56;0;6946953;111;0
11;19;78;19;17;49;77;3.00;3;2;1;65;0;6946977;252;0
11;19;78;19;17;50;49;4.20;4;2;1;53;0;6947049;70;0
11;19;78;19;17;51;52;3.60;3;2;1;64;0;6947152;158;0
11;19;78;19;17;52;62;3.00;4;2;1;52;0;6947262;184;0
11;19;78;19;17;54;1;3.60;1;1;1;50;0;6947401;506;0
11;19;78;19;17;54;50;4.40;4;2;1;53;0;6947450;167;6946818
11;19;78;19;17;54;77;3.20;3;2;1;62;0;6947477;304;0
11;19;78;19;17;56;94;3.60;3;2;1;64;0;6947694;198;0
11;19;78;19;17;56;40;16.60;4;2;4;58;0;6947640;160;6946818
11;19;78;19;17;58;75;4.60;3;2;1;64;0;6947875;160;6946818
11;19;78;19;18;0;94;3.60;4;2;1;56;0;6948094;350;0
11;19;78;19;18;2;7;3.40;4;2;1;57;0;6948207;89;0
11;19;78;19;18;5;86;4.80;3;2;1;58;0;6948586;685;0
11;19;78;19;18;7;18;3.20;3;2;1;57;0;6948718;102;0
11;19;78;19;18;8;48;11.20;4;2;3;48;0;6948848;619;0
11;19;78;19;18;9;60;3.80;3;2;1;57;0;6948960;221;0
11;19;78;19;18;10;79;3.80;4;2;1;48;0;6949079;147;0
11;19;78;19;18;12;36;13.40;1;1;4;62;0;6949236;1809;0
11;19;78;19;18;13;41;3.40;4;2;1;49;0;6949341;233;0
11;19;78;19;18;15;37;3.40;4;2;1;48;0;6949537;171;0
11;19;78;19;18;16;43;3.60;4;2;1;48;0;6949643;80;0
11;19;78;19;18;18;3;3.40;2;1;1;55;0;6949803;5678;0
11;19;78;19;18;18;72;3.60;3;2;1;63;0;6949872;888;0
11;19;78;19;18;18;74;3.80;4;2;1;50;0;6949874;204;0
11;19;78;19;18;19;39;4.60;2;1;1;53;0;6949939;113;0
11;19;78;19;18;20;74;3.60;4;2;1;49;0;6950074;172;0
11;19;78;19;18;21;21;3.20;3;2;1;60;0;6950121;228;0
11;19;78;19;18;21;75;3.40;1;1;1;59;0;6950175;861;0
11;19;78;19;18;22;91;3.00;4;2;1;50;0;6950291;190;0
11;19;78;19;18;25;48;4.00;1;1;1;50;0;6950548;352;0
11;19;78;19;18;29;63;3.60;2;1;1;58;0;6950963;992;0
11;19;78;19;18;29;73;3.40;1;1;1;57;0;6950973;396;0
11;19;78;19;18;31;14;3.40;1;1;1;59;0;6951114;119;0
11;19;78;19;18;32;68;3.60;1;1;1;60;0;6951268;133;0
11;19;78;19;18;33;95;3.80;1;1;1;56;0;6951395;105;0
11;19;78;19;18;35;5;3.60;2;1;1;55;0;6951505;519;0
11;19;78;19;18;36;1;3.60;1;1;1;54;0;6951601;181;6950973
11;19;78;19;18;37;67;3.60;1;1;1;49;0;6951767;142;6950973
11;19;78;19;18;37;99;2.60;2;1;1;53;0;6951799;270;0
11;19;78;19;18;38;85;3.60;3;2;1;59;0;6951885;1744;0
11;19;78;19;18;38;95;3.80;4;2;1;55;0;6951895;1582;0
11;19;78;19;18;40;0;3.80;1;1;1;51;0;6952000;206;0
11;19;78;19;18;40;27;3.40;4;2;1;55;0;6952027;107;0
11;19;78;19;18;40;78;3.80;2;1;1;57;0;6952078;261;0
11;19;78;19;18;41;96;3.00;3;2;1;58;0;6952196;289;0
11;19;78;19;18;42;4;3.80;4;2;1;54;0;6952204;154;0
11;19;78;19;18;42;82;3.60;3;2;1;57;0;6952282;67;0
11;19;78;19;18;42;70;3.80;1;1;1;49;0;6952270;243;0
11;19;78;19;18;42;90;3.20;2;1;1;55;0;6952290;188;0
11;19;78;19;18;43;94;5.40;1;1;1;51;0;6952394;96;0
11;19;78;19;18;44;41;3.40;2;1;1;53;0;6952441;130;0
11;19;78;19;18;44;71;4.20;3;2;1;55;0;6952471;166;0
11;19;78;19;18;45;25;4.00;2;1;1;52;0;6952525;60;0
11;19;78;19;18;45;84;3.60;4;2;1;51;0;6952584;354;0
11;19;78;19;18;45;94;4.00;1;1;1;52;0;6952594;161;0
11;19;78;19;18;47;35;4.20;2;1;1;52;0;6952735;182;6952078
11;19;78;19;18;47;97;3.60;1;1;1;52;0;6952797;175;6952078
11;19;78;19;18;50;14;3.60;1;1;1;50;0;6953014;192;6952270
11;19;78;19;18;50;35;3.60;3;2;1;62;0;6953035;536;0
11;19;78;19;18;50;42;3.20;4;2;1;55;0;6953042;432;0
11;19;78;19;18;51;79;3.60;1;1;1;56;0;6953179;139;6952270
11;19;78;19;18;53;17;4.00;1;1;1;48;0;6953317;114;6952270
11;19;78;19;18;54;55;3.40;1;1;1;47;0;6953455;108;6952270
11;19;78;19;18;55;44;3.00;4;2;1;55;0;6953544;481;0
11;19;78;19;18;55;50;3.40;2;1;1;59;0;6953550;785;0
11;19;78;19;18;56;51;3.40;1;1;1;47;0;6953651;169;6952270
11;19;78;19;18;58;63;3.60;1;1;1;43;0;6953863;185;6952270
11;19;78;19;18;59;24;4.20;2;1;1;56;0;6953924;353;0
11;19;78;19;19;0;6;3.40;1;1;1;43;0;6954006;112;6952270
11;19;78;19;19;1;20;3.40;4;2;1;57;0;6954120;556;0
11;19;78;19;19;1;25;3.40;1;1;1;44;0;6954125;90;6952270
11;19;78;19;19;1;68;3.80;2;1;1;55;0;6954168;217;0
11;19;78;19;19;2;61;3.60;1;1;1;44;0;6954261;108;6952270
11;19;78;19;19;2;93;3.40;2;1;1;54;0;6954293;100;6952270
11;19;78;19;19;3;86;4.80;1;1;1;46;0;6954386;95;6952270
11;19;78;19;19;4;50;3.60;2;1;1;51;0;6954450;134;6952270
11;19;78;19;19;6;53;3.80;3;2;1;62;0;6954653;1597;0
11;19;78;19;19;7;65;3.80;4;2;1;66;0;6954765;623;0
11;19;78;19;19;8;67;4.00;3;2;1;63;0;6954867;191;0
11;19;78;19;19;9;18;11.60;1;1;3;45;0;6954918;494;0
11;19;78;19;19;11;35;3.60;1;1;1;45;0;6955135;124;0
11;19;78;19;19;12;30;3.60;1;1;1;46;0;6955230;66;0
11;19;78;19;19;14;39;3.60;3;2;1;70;0;6955439;549;0
11;19;78;19;19;14;45;3.80;1;1;1;43;0;6955445;186;0
11;19;78;19;19;15;21;3.40;4;2;1;62;0;6955521;735;0
11;19;78;19;19;15;96;3.40;2;1;1;51;0;6955596;1120;0
11;19;78;19;19;16;6;2.80;1;1;1;43;0;6955606;129;6954918
11;19;78;19;19;17;4;3.40;4;2;1;59;0;6955704;163;6954918
11;19;78;19;19;17;17;3.40;2;1;1;51;0;6955717;97;6954918
11;19;78;19;19;17;63;3.60;3;2;1;58;0;6955763;305;0
11;19;78;19;19;17;86;4.00;1;1;1;46;0;6955786;156;6954918
11;19;78;19;19;18;91;4.00;4;2;1;59;0;6955891;166;6954918
11;19;78;19;19;19;0;3.60;1;1;1;44;0;6955900;82;6954918
11;19;78;19;19;20;18;4.00;1;1;1;44;0;6956018;88;6954918
11;19;78;19;19;20;35;3.60;4;2;1;60;0;6956035;119;6954918
11;19;78;19;19;20;55;3.80;3;2;1;57;0;6956055;269;0
11;19;78;19;19;21;26;3.00;1;1;1;45;0;6956126;75;6954918
11;19;78;19;19;22;57;3.80;3;2;1;56;0;6956257;178;6954918
11;19;78;19;19;23;36;3.60;4;2;1;58;0;6956336;279;0
11;19;78;19;19;23;63;3.60;3;2;1;56;0;6956363;81;0
11;19;78;19;19;24;70;3.20;3;2;1;58;0;6956470;83;0
11;19;78;19;19;25;7;3.40;1;1;1;45;0;6956507;357;0
11;19;78;19;19;25;74;3.60;3;2;1;59;0;6956574;84;6956055
11;19;78;19;19;26;0;3.40;4;2;1;58;0;6956600;241;0
11;19;78;19;19;25;98;4.00;2;1;1;57;0;6956598;857;0
11;19;78;19;19;27;51;3.60;3;2;1;57;0;6956751;155;6956055
11;19;78;19;19;29;58;3.20;3;2;1;55;0;6956958;184;6956055
11;19;78;19;19;28;79;12.80;1;1;3;51;0;6956879;344;0
11;19;78;19;19;30;17;3.80;4;2;1;50;0;6957017;395;0
11;19;78;19;19;30;48;3.80;3;2;1;56;0;6957048;69;6956055
11;19;78;19;19;32;61;3.40;1;1;1;53;0;6957261;291;0
11;19;78;19;19;33;41;3.80;2;1;1;54;0;6957341;717;0
11;19;78;19;19;34;10;3.60;3;2;1;58;0;6957410;337;0
11;19;78;19;19;34;48;3.60;1;1;1;51;0;6957448;163;0
11;19;78;19;19;35;15;3.40;3;2;1;57;0;6957515;82;0
11;19;78;19;19;34;56;14.20;4;2;4;53;0;6957456;411;0
11;19;78;19;19;36;29;3.80;1;1;1;51;0;6957629;155;0
11;19;78;19;19;36;32;4.20;2;1;1;53;0;6957632;265;0
11;19;78;19;19;37;87;3.20;3;2;1;55;0;6957787;250;0
11;19;78;19;19;38;64;4.20;4;2;1;55;0;6957864;311;0
11;19;78;19;19;38;88;3.60;2;1;1;53;0;6957888;227;0
11;19;78;19;19;39;59;5.00;1;1;1;52;0;6957959;303;0
11;19;78;19;19;40;31;3.80;4;2;1;53;0;6958031;139;0
11;19;78;19;19;40;85;3.80;3;2;1;57;0;6958085;277;0
11;19;78;19;19;41;62;3.60;1;1;1;51;0;6958162;168;0
11;19;78;19;19;42;0;3.60;3;2;1;55;0;6958200;91;0
11;19;78;19;19;42;86;3.80;4;2;1;52;0;6958286;229;0
11;19;78;19;19;44;40;3.80;3;2;1;55;0;6958440;216;0
11;19;78;19;19;45;26;3.60;1;1;1;47;0;6958526;338;0
11;19;78;19;19;45;69;3.40;4;2;1;51;0;6958569;256;0
11;19;78;19;19;47;92;3.80;4;2;1;46;0;6958792;199;0
11;19;78;19;19;48;33;3.80;2;1;1;55;0;6958833;920;0
11;19;78;19;19;48;23;5.80;3;2;1;50;0;6958823;358;0
11;19;78;19;19;49;68;3.40;4;2;1;46;0;6958968;146;0
11;19;78;19;19;49;84;3.40;2;1;1;57;0;6958984;126;0
11;19;78;19;19;50;87;3.00;3;2;1;52;0;6959087;222;0
11;19;78;19;19;50;26;14.60;1;1;4;57;0;6959026;472;0
11;19;78;19;19;52;19;3.40;3;2;1;50;0;6959219;111;0
11;19;78;19;19;52;95;3.40;4;2;1;54;0;6959295;300;0
11;19;78;19;19;53;52;3.80;3;2;1;50;0;6959352;108;0
11;19;78;19;19;53;83;3.40;1;1;1;49;0;6959383;264;0
11;19;78;19;20;5;63;3.80;1;1;1;50;0;6960563;1155;0
11;19;78;19;20;9;67;3.20;3;2;1;61;0;6960967;1587;0
11;19;78;19;20;9;80;3.60;2;1;1;58;0;6960980;1974;0
11;19;78;19;20;9;99;3.60;1;1;1;58;0;6960999;408;0
11;19;78;19;20;11;76;3.40;3;2;1;55;0;6961176;190;0
11;19;78;19;20;12;37;3.80;2;1;1;60;0;6961237;234;0
11;19;78;19;20;13;60;3.60;1;1;1;60;0;6961360;338;0
11;19;78;19;20;14;10;3.60;4;2;1;58;0;6961410;2092;0
11;19;78;19;20;15;13;3.60;2;1;1;57;0;6961513;253;0
11;19;78;19;20;16;57;4.00;2;1;1;56;0;6961657;121;0
11;19;78;19;20;17;51;3.60;1;1;1;57;0;6961751;369;0
11;19;78;19;20;18;36;4.20;3;2;1;63;0;6961836;637;0
11;19;78;19;20;18;54;3.40;2;1;1;57;0;6961854;171;0
11;19;78;19;20;19;80;4.00;1;1;1;51;0;6961980;206;0
11;19;78;19;20;20;26;3.60;4;2;1;60;0;6962026;593;0
11;19;78;19;20;20;59;3.60;2;1;1;58;0;6962059;183;0
11;19;78;19;20;21;84;3.40;1;1;1;53;0;6962184;175;0
11;19;78;19;20;22;80;3.40;2;1;1;57;0;6962280;198;6961513
11;19;78;19;20;22;93;7.00;4;2;1;59;0;6962293;245;0
11;19;78;19;20;24;5;3.60;1;1;1;51;0;6962405;197;0
11;19;78;19;20;25;29;3.40;3;2;1;61;0;6962529;669;0
11;19;78;19;20;26;41;3.80;3;2;1;59;0;6962641;91;0
11;19;78;19;20;26;73;3.40;1;1;1;51;0;6962673;242;0
11;19;78;19;20;29;10;3.80;1;1;1;54;0;6962910;213;0
11;19;78;19;20;30;38;3.60;1;1;1;54;0;6963038;102;0
11;19;78;19;20;30;53;3.40;4;2;1;56;0;6963053;717;0
11;19;78;19;20;31;77;4.20;1;1;1;57;0;6963177;115;0
11;19;78;19;20;33;6;3.20;4;2;1;57;0;6963306;231;0
11;19;78;19;20;33;64;3.80;1;1;1;59;0;6963364;160;0
11;19;78;19;20;33;61;3.80;2;1;1;48;0;6963361;1059;0
11;19;78;19;20;35;64;3.60;2;1;1;55;0;6963564;174;0
11;19;78;19;20;36;48;4.40;4;2;1;55;0;6963648;321;0
11;19;78;19;20;36;98;3.40;1;1;1;58;0;6963698;310;0
11;19;78;19;20;38;62;3.80;4;2;1;53;0;6963862;185;0
11;19;78;19;20;39;37;3.20;2;1;1;54;0;6963937;349;0
11;19;78;19;20;40;69;3.60;2;1;1;52;0;6964069;110;0
11;19;78;19;20;41;82;3.80;4;2;1;55;0;6964182;294;0
11;19;78;19;20;41;91;3.60;3;2;1;56;0;6964191;1526;0
11;19;78;19;20;42;11;3.60;2;1;1;48;0;6964211;117;0
11;19;78;19;20;42;97;4.00;1;1;1;59;0;6964297;577;0
11;19;78;19;20;44;61;3.20;2;1;1;56;0;6964461;223;0
11;19;78;19;20;45;93;3.20;2;1;1;56;0;6964593;111;0
11;19;78;19;20;48;28;3.80;4;2;1;60;0;6964828;621;0
11;19;78;19;20;48;88;3.20;3;2;1;67;0;6964888;673;0
11;19;78;19;20;50;37;3.60;4;2;1;60;0;6965037;186;0
11;19;78;19;20;50;67;4.00;1;1;1;60;0;6965067;745;0
11;19;78;19;20;52;65;3.60;4;2;1;58;0;6965265;206;0
11;19;78;19;20;53;7;3.20;3;2;1;58;0;6965307;401;0
11;19;78;19;20;53;81;5.20;1;1;1;52;0;6965381;290;0
11;19;78;19;20;54;10;3.80;2;1;1;61;0;6965410;796;0
11;19;78;19;20;55;10;3.60;4;2;1;60;0;6965510;222;0
11;19;78;19;20;55;49;3.20;1;1;1;49;0;6965549;132;0
11;19;78;19;20;56;2;4.00;3;2;1;59;0;6965602;275;0
11;19;78;19;20;57;22;3.00;1;1;1;49;0;6965722;149;0
11;19;78;19;20;57;24;3.60;4;2;1;56;0;6965724;192;0
11;19;78;19;20;57;42;4.80;3;2;1;61;0;6965742;115;0
11;19;78;19;20;59;50;3.60;4;2;1;56;0;6965950;202;0
11;19;78;19;21;0;13;3.40;1;1;1;47;0;6966013;268;0
11;19;78;19;21;1;11;3.60;3;2;1;59;0;6966111;340;0
11;19;78;19;21;1;63;3.20;4;2;1;59;0;6966163;189;0
11;19;78;19;21;2;22;3.80;1;1;1;51;0;6966222;182;0
11;19;78;19;21;2;96;3.80;3;2;1;61;0;6966296;163;0
11;19;78;19;21;3;75;2.80;4;2;1;58;0;6966375;192;0
11;19;78;19;21;5;15;3.20;3;2;1;60;0;6966515;196;0
11;19;78;19;21;6;52;3.40;3;2;1;58;0;6966652;117;0
11;19;78;19;21;7;1;3.80;4;2;1;55;0;6966701;308;0
11;19;78;19;21;8;2;3.60;3;2;1;57;0;6966802;128;6966111
11;19;78;19;21;8;58;3.60;4;2;1;57;0;6966858;132;6966111
11;19;78;19;21;10;24;3.60;3;2;1;57;0;6967024;199;6966111
11;19;78;19;21;10;44;3.80;4;2;1;52;0;6967044;163;6966111
11;19;78;19;21;13;29;3.80;3;2;1;56;0;6967329;282;0
11;19;78;19;21;13;84;3.00;4;2;1;53;0;6967384;313;0
11;19;78;19;21;15;15;3.60;3;2;1;57;0;6967515;161;0
11;19;78;19;21;15;24;3.80;4;2;1;59;0;6967524;119;0
11;19;78;19;21;16;49;3.60;3;2;1;57;0;6967649;111;0
11;19;78;19;21;17;69;3.60;3;2;1;56;0;6967769;97;0
11;19;78;19;21;19;55;3.40;4;2;1;59;0;6967955;407;0
11;19;78;19;21;21;82;4.80;4;2;1;58;0;6968182;206;0
11;19;78;19;21;23;23;3.80;1;1;1;53;0;6968323;2074;0
11;19;78;19;21;25;45;3.60;3;2;1;54;0;6968545;752;0
11;19;78;19;21;26;96;3.20;1;1;1;57;0;6968696;347;0
11;19;78;19;21;27;35;3.20;3;2;1;52;0;6968735;166;0
11;19;78;19;21;33;12;3.80;2;1;1;63;0;6969312;3879;0
11;19;78;19;21;36;6;3.80;2;1;1;63;0;6969606;272;0
11;19;78;19;21;36;32;3.60;1;1;1;63;0;6969632;915;0
11;19;78;19;21;38;0;5.00;2;1;1;60;0;6969800;172;0
11;19;78;19;21;38;6;3.60;1;1;1;60;0;6969806;153;0
11;19;78;19;21;39;1;3.60;2;1;1;57;0;6969901;71;0
11;19;78;19;21;41;26;3.80;1;1;1;64;0;6970126;298;0
11;19;78;19;21;41;44;3.20;2;1;1;52;0;6970144;220;0
11;19;78;19;21;42;64;2.80;4;2;1;56;0;6970264;2052;0
11;19;78;19;21;43;44;3.60;2;1;1;54;0;6970344;177;0
11;19;78;19;21;43;69;3.60;1;1;1;55;0;6970369;221;0
11;19;78;19;21;44;2;3.40;4;2;1;63;0;6970402;120;0
11;19;78;19;21;46;20;3.40;4;2;1;58;0;6970620;198;0
11;19;78;19;21;47;2;3.20;1;1;1;55;0;6970702;309;0
11;19;78;19;21;49;29;9.00;4;2;6;60;0;6970929;287;0
11;19;78;19;21;50;29;4.00;2;1;1;62;0;6971029;661;0
11;19;78;19;21;52;37;3.20;1;1;1;50;0;6971237;514;0
11;19;78;19;21;55;9;3.80;1;1;1;48;0;6971509;248;0
11;19;78;19;21;56;5;3.20;4;2;1;58;0;6971605;622;0
11;19;78;19;21;56;86;3.40;1;1;1;44;0;6971686;148;0
11;19;78;19;21;59;18;4.60;2;1;1;47;0;6971918;865;0
11;19;78;19;22;0;49;3.60;1;1;1;40;0;6972049;335;0
11;19;78;19;22;0;59;3.60;2;1;1;44;0;6972059;105;0
11;19;78;19;22;2;76;3.00;1;1;1;38;0;6972276;194;0
11;19;78;19;22;4;31;3.80;3;2;1;57;0;6972431;3673;0
11;19;78;19;22;4;82;3.00;4;2;1;57;0;6972482;857;0
11;19;78;19;22;5;65;4.00;3;2;1;55;0;6972565;110;0
11;19;78;19;22;6;20;2.80;4;2;1;54;0;6972620;119;0
11;19;78;19;22;6;18;3.60;2;1;1;52;0;6972618;529;0
11;19;78;19;22;7;74;4.00;3;2;1;61;0;6972774;182;0
11;19;78;19;22;8;74;4.00;1;1;1;56;0;6972874;569;0
11;19;78;19;22;10;9;3.40;1;1;1;56;0;6973009;109;0
11;19;78;19;22;15;2;3.40;3;2;1;58;0;6973502;704;0
11;19;78;19;22;15;84;3.80;1;1;1;57;0;6973584;553;0
11;19;78;19;22;17;35;3.00;1;1;1;59;0;6973735;127;0
11;19;78;19;22;17;30;5.00;3;2;1;62;0;6973730;206;0
11;19;78;19;22;18;62;3.80;1;1;1;57;0;6973862;108;0
11;19;78;19;22;20;9;3.80;3;2;1;61;0;6974009;249;0
11;19;78;19;22;20;86;4.00;4;2;1;60;0;6974086;1447;0
11;19;78;19;22;25;98;3.80;4;2;1;62;0;6974598;488;0
11;19;78;19;22;26;14;6.00;3;2;1;68;0;6974614;582;0
11;19;78;19;22;28;36;3.80;3;2;1;64;0;6974836;190;0
11;19;78;19;22;29;23;4.20;2;1;1;66;0;6974923;2280;0
11;19;78;19;22;34;58;3.40;3;2;1;60;0;6975458;600;0
11;19;78;19;22;35;90;4.00;3;2;1;56;0;6975590;111;0
11;19;78;19;22;37;1;3.60;3;2;1;56;0;6975701;85;0
11;19;78;19;22;38;3;4.00;2;1;1;58;0;6975803;857;0
11;19;78;19;22;38;23;3.80;4;2;1;52;0;6975823;1202;0
11;19;78;19;22;38;54;3.60;3;2;1;54;0;6975854;129;0
11;19;78;19;22;40;30;3.40;4;2;1;48;0;6976030;180;0
11;19;78;19;22;41;25;3.80;4;2;1;47;0;6976125;69;0
11;19;78;19;22;42;36;3.80;3;2;1;59;0;6976236;358;0
11;19;78;19;22;43;7;3.60;4;2;1;48;0;6976307;152;0
11;19;78;19;22;43;73;3.80;3;2;1;59;0;6976373;113;0
11;19;78;19;22;44;5;5.00;4;2;1;51;0;6976405;71;6975823
11;19;78;19;22;46;5;3.40;4;2;1;50;0;6976605;164;6975823
11;19;78;19;22;47;32;3.60;3;2;1;57;0;6976732;335;0
11;19;78;19;22;48;85;3.80;3;2;1;59;0;6976885;130;0
11;19;78;19;22;49;15;3.60;4;2;1;55;0;6976915;285;0
11;19;78;19;22;50;95;4.00;3;2;1;59;0;6977095;186;0
11;19;78;19;22;50;94;3.80;4;2;1;55;0;6977094;155;0
11;19;78;19;22;52;85;4.00;4;2;1;54;0;6977285;166;0
11;19;78;19;22;55;23;3.20;3;2;1;54;0;6977523;403;0
11;19;78;19;22;57;33;3.40;4;2;1;50;0;6977733;421;0
11;19;78;19;22;58;99;3.40;4;2;1;53;0;6977899;141;0
11;19;78;19;22;59;69;2.80;3;2;1;51;0;6977969;424;0
11;19;78;19;23;1;52;3.40;4;2;1;51;0;6978152;229;0
11;19;78;19;23;1;67;3.20;3;2;1;52;0;6978167;178;0
11;19;78;19;23;3;13;3.60;3;2;1;52;0;6978313;123;0
11;19;78;19;23;4;14;3.80;4;2;1;50;0;6978414;238;0
11;19;78;19;23;4;63;3.60;3;2;1;52;0;6978463;125;0
11;19;78;19;23;5;62;3.60;4;2;1;51;0;6978562;120;0
11;19;78;19;23;7;67;3.80;4;2;1;49;0;6978767;179;0
11;19;78;19;23;8;99;3.60;4;2;1;48;0;6978899;104;0
11;19;78;19;23;11;10;4.00;1;1;1;54;0;6979110;5224;0
11;19;78;19;23;12;12;3.60;2;1;1;59;0;6979212;3384;0
11;19;78;19;23;12;20;3.80;1;1;1;55;0;6979220;83;0
11;19;78;19;23;13;14;3.20;2;1;1;56;0;6979314;80;0
11;19;78;19;23;15;89;5.40;2;1;1;50;0;6979589;254;0
11;19;78;19;23;17;54;3.20;1;1;1;62;0;6979754;509;0
11;19;78;19;23;17;57;4.60;2;1;1;50;0;6979757;129;0
11;19;78;19;23;18;33;4.00;1;1;1;53;0;6979833;60;0
11;19;78;19;23;29;82;11.80;1;1;7;62;0;6980982;1121;0
11;19;78;19;23;32;95;3.80;4;2;1;57;0;6981295;2369;0
11;19;78;19;23;33;9;3.60;2;1;1;57;0;6981309;1518;0
11;19;78;19;23;35;25;3.40;4;2;1;58;0;6981525;206;0
11;19;78;19;23;36;81;4.20;4;2;1;56;0;6981681;134;0
11;19;78;19;23;38;16;3.60;1;1;1;60;0;6981816;765;0
11;19;78;19;23;40;61;3.60;4;2;1;75;0;6982061;353;0
11;19;78;19;23;42;46;3.60;4;2;1;68;0;6982246;167;0
11;19;78;19;23;44;54;3.60;3;2;1;57;0;6982454;3966;0
11;19;78;19;23;46;15;3.20;1;1;1;55;0;6982615;777;0
11;19;78;19;23;46;53;3.40;3;2;1;57;0;6982653;176;0
11;19;78;19;23;46;60;3.40;2;1;1;58;0;6982660;1328;0
11;19;78;19;23;47;10;3.00;4;2;1;60;0;6982710;444;0
11;19;78;19;23;47;56;3.80;2;1;1;56;0;6982756;74;0
11;19;78;19;23;48;28;3.40;1;1;1;55;0;6982828;192;0
11;19;78;19;23;49;73;3.60;1;1;1;53;0;6982973;122;0
11;19;78;19;23;57;61;3.60;4;2;1;58;0;6983761;1033;0
11;19;78;19;23;58;74;3.80;1;1;1;60;0;6983874;876;0
11;19;78;19;24;0;92;3.60;1;1;1;62;0;6984092;195;0
11;19;78;19;24;1;3;3.60;3;2;1;62;0;6984103;1428;0
11;19;78;19;24;1;30;3.40;4;2;1;57;0;6984130;346;0
11;19;78;19;24;1;95;3.20;1;1;1;62;0;6984195;82;0
11;19;78;19;24;4;27;3.60;3;2;1;59;0;6984427;303;0
11;19;78;19;24;5;1;3.60;2;1;1;57;0;6984501;1720;0
11;19;78;19;24;5;45;3.60;4;2;1;72;0;6984545;393;0
11;19;78;19;24;7;27;6.00;1;1;1;58;0;6984727;513;0
11;19;78;19;24;7;74;3.40;4;2;1;62;0;6984774;211;0
11;19;78;19;24;12;34;3.80;3;2;1;65;0;6985234;785;0
11;19;78;19;24;13;28;3.40;4;2;1;59;0;6985328;534;0
11;19;78;19;24;14;35;3.20;3;2;1;60;0;6985435;179;0
11;19;78;19;24;14;97;3.60;1;1;1;50;0;6985497;732;0
11;19;78;19;24;16;39;4.00;3;2;1;63;0;6985639;184;0
11;19;78;19;24;18;20;3.40;3;2;1;62;0;6985820;158;0
11;19;78;19;24;18;13;11.80;4;2;3;54;0;6985813;464;0
11;19;78;19;24;21;50;3.60;4;2;1;53;0;6986150;258;0
11;19;78;19;24;22;63;3.80;3;2;1;61;0;6986263;423;0
11;19;78;19;24;23;63;4.00;4;2;1;53;0;6986363;188;0
11;19;78;19;24;24;38;3.60;3;2;1;59;0;6986438;152;0
11;19;78;19;24;25;36;3.20;4;2;1;51;0;6986536;145;0
11;19;78;19;24;25;60;3.60;3;2;1;57;0;6986560;100;0
11;19;78;19;24;27;19;3.40;4;2;1;52;0;6986719;160;0
11;19;78;19;24;27;47;3.40;3;2;1;56;0;6986747;164;0
11;19;78;19;24;28;49;3.40;3;2;1;56;0;6986849;80;6986263
11;19;78;19;24;28;81;3.60;4;2;1;51;0;6986881;138;6986150
11;19;78;19;24;30;16;3.40;4;2;1;50;0;6987016;109;6986150
11;19;78;19;24;30;45;3.60;3;2;1;59;0;6987045;174;6986263
11;19;78;19;24;31;53;3.60;4;2;1;50;0;6987153;112;6986150
11;19;78;19;24;31;84;3.60;3;2;1;60;0;6987184;117;6986263
11;19;78;19;24;33;28;3.80;3;2;1;58;0;6987328;122;6986263
11;19;78;19;24;34;19;3.40;4;2;1;49;0;6987419;240;0
11;19;78;19;24;34;41;3.60;3;2;1;57;0;6987441;89;6986263
11;19;78;19;24;36;8;4.00;4;2;1;48;0;6987608;164;6986263
11;19;78;19;24;37;19;3.60;3;2;1;58;0;6987719;255;0
11;19;78;19;24;37;63;8.40;4;2;2;49;0;6987763;125;0
11;19;78;19;24;38;12;3.40;3;2;1;56;0;6987812;70;0
11;19;78;19;24;39;93;3.80;4;2;1;48;0;6987993;168;0
11;19;78;19;24;41;11;3.20;3;2;1;54;0;6988111;277;0
11;19;78;19;24;41;35;4.00;4;2;1;47;0;6988135;113;6987419
11;19;78;19;24;42;56;3.60;4;2;1;50;0;6988256;90;6987419
11;19;78;19;24;54;87;3.80;1;1;1;59;0;6989487;3964;0
11;19;78;19;24;55;7;3.80;4;2;1;67;0;6989507;1225;0
11;19;78;19;24;55;74;3.80;2;1;1;58;0;6989574;5050;0
11;19;78;19;25;1;32;3.60;1;1;1;54;0;6990132;621;0
11;19;78;19;25;3;52;4.60;1;1;1;55;0;6990352;196;0
11;19;78;19;25;5;1;3.00;2;1;1;57;0;6990501;903;0
11;19;78;19;25;9;24;2.80;2;1;1;56;0;6990924;404;0
11;19;78;19;25;9;96;3.80;4;2;1;74;0;6990996;1468;0
11;19;78;19;25;10;21;3.80;2;1;1;56;0;6991021;79;0
11;19;78;19;25;11;51;3.80;3;2;1;59;0;6991151;3018;0
11;19;78;19;25;12;2;3.80;2;1;1;55;0;6991202;156;0
11;19;78;19;25;12;4;3.40;1;1;1;47;0;6991204;821;0
11;19;78;19;25;13;52;3.60;2;1;1;54;0;6991352;125;0
11;19;78;19;25;13;46;3.60;1;1;1;45;0;6991346;115;0
11;19;78;19;25;14;21;3.60;3;2;1;52;0;6991421;246;0
11;19;78;19;25;14;74;3.20;2;1;1;54;0;6991474;98;6990924
11;19;78;19;25;15;18;3.60;1;1;1;46;0;6991518;143;6990924
11;19;78;19;25;16;9;3.60;2;1;1;53;0;6991609;113;6990924
11;19;78;19;25;16;84;3.40;3;2;1;56;0;6991684;238;0
11;19;78;19;25;16;66;5.20;1;1;1;44;0;6991666;119;0
11;19;78;19;25;18;6;3.20;4;2;1;59;0;6991806;791;0
11;19;78;19;25;17;86;3.80;1;1;1;42;0;6991786;77;6991204
11;19;78;19;25;18;68;4.00;2;1;1;58;0;6991868;234;0
11;19;78;19;25;19;22;3.40;1;1;1;43;0;6991922;103;6991204
11;19;78;19;25;20;10;3.80;4;2;1;60;0;6992010;184;6991204
11;19;78;19;25;20;99;3.80;1;1;1;44;0;6992099;148;6991204
11;19;78;19;25;22;29;3.80;1;1;1;44;0;6992229;98;6991204
11;19;78;19;25;23;39;3.20;1;1;1;43;0;6992339;78;6991204
11;19;78;19;25;23;52;3.80;2;1;1;58;0;6992352;459;0
11;19;78;19;25;24;27;9.40;4;2;2;55;0;6992427;394;0
11;19;78;19;25;24;81;3.60;2;1;1;61;0;6992481;105;0
11;19;78;19;25;26;84;3.20;4;2;1;55;0;6992684;195;0
11;19;78;19;25;27;1;3.60;1;1;1;46;0;6992701;335;0
11;19;78;19;25;28;27;3.40;2;1;1;52;0;6992827;324;0
11;19;78;19;25;29;49;3.20;2;1;1;51;0;6992949;98;0
11;19;78;19;25;30;7;3.20;1;1;1;48;0;6993007;277;0
11;19;78;19;25;31;89;2.80;1;1;1;46;0;6993189;158;0
11;19;78;19;25;33;2;3.40;1;1;1;46;0;6993302;91;0
11;19;78;19;25;39;58;3.00;1;1;1;52;0;6993958;629;0
11;19;78;19;25;40;35;4.00;2;1;1;59;0;6994035;1063;0
11;19;78;19;25;40;54;3.80;1;1;1;51;0;6994054;75;0
11;19;78;19;25;43;36;4.00;2;1;1;60;0;6994336;276;0
11;19;78;19;25;43;85;3.60;1;1;1;50;0;6994385;304;0
11;19;78;19;25;44;54;3.80;2;1;1;59;0;6994454;94;0
11;19;78;19;25;45;45;3.80;1;1;1;50;0;6994545;134;0
11;19;78;19;25;45;70;3.40;2;1;1;55;0;6994570;92;0
11;19;78;19;25;47;69;3.20;3;2;1;61;0;6994769;3063;0
11;19;78;19;25;48;5;3.40;4;2;1;57;0;6994805;2100;0
11;19;78;19;25;48;76;3.40;3;2;1;59;0;6994876;88;0
11;19;78;19;25;50;11;3.80;3;2;1;69;0;6995011;114;0
11;19;78;19;25;50;61;3.60;4;2;1;60;0;6995061;234;0
11;19;78;19;25;50;76;3.20;1;1;1;53;0;6995076;503;0
11;19;78;19;25;51;68;3.80;4;2;1;59;0;6995168;85;0
11;19;78;19;25;52;8;3.80;1;1;1;50;0;6995208;110;0
11;19;78;19;25;52;81;3.60;3;2;1;60;0;6995281;250;0
11;19;78;19;25;54;34;3.80;3;2;1;60;0;6995434;131;0
11;19;78;19;25;55;91;3.80;3;2;1;58;0;6995591;134;0
11;19;78;19;25;57;30;3.80;3;2;1;57;0;6995730;115;0
11;19;78;19;25;58;4;3.80;4;2;1;54;0;6995804;612;0
11;19;78;19;25;58;39;4.00;3;2;1;53;0;6995839;85;6995281
11;19;78;19;25;59;23;4.00;4;2;1;54;0;6995923;93;6995281
11;19;78;19;25;59;50;5.00;3;2;1;53;0;6995950;83;6995281
11;19;78;19;26;0;47;3.20;3;2;1;54;0;6996047;63;6995281
11;19;78;19;26;1;21;3.60;4;2;1;54;0;6996121;171;6995281
11;19;78;19;26;1;52;3.40;1;1;1;56;0;6996152;916;0
11;19;78;19;26;3;21;3.80;4;2;1;58;0;6996321;176;0
11;19;78;19;26;3;42;3.80;3;2;1;56;0;6996342;273;0
11;19;78;19;26;5;27;3.80;3;2;1;57;0;6996527;160;0
11;19;78;19;26;6;86;3.20;3;2;1;54;0;6996686;135;0
11;19;78;19;26;7;36;4.40;4;2;1;53;0;6996736;391;0
11;19;78;19;26;8;49;3.60;4;2;1;53;0;6996849;83;0
11;19;78;19;26;9;30;3.20;3;2;1;55;0;6996930;222;0
11;19;78;19;26;10;6;3.80;4;2;1;56;0;6997006;132;0
11;19;78;19;26;10;67;3.40;3;2;1;55;0;6997067;116;0
11;19;78;19;26;11;64;3.80;3;2;1;56;0;6997164;74;0
11;19;78;19;26;12;85;3.20;3;2;1;56;0;6997285;96;0
11;19;78;19;26;14;46;3.60;3;2;1;56;0;6997446;140;6996930
11;19;78;19;26;15;24;3.20;4;2;1;54;0;6997524;493;0
11;19;78;19;26;16;65;3.60;4;2;1;54;0;6997665;119;0
11;19;78;19;26;17;37;3.60;3;2;1;57;0;6997737;267;0
11;19;78;19;26;18;19;5.00;4;2;1;53;0;6997819;130;0
11;19;78;19;26;19;35;3.60;3;2;1;55;0;6997935;175;0
11;19;78;19;26;20;21;3.60;4;2;1;54;0;6998021;168;0
11;19;78;19;26;20;43;3.80;3;2;1;56;0;6998043;84;0
11;19;78;19;26;21;49;3.40;4;2;1;54;0;6998149;104;6997524
11;19;78;19;26;22;68;3.20;3;2;1;57;0;6998268;200;0
11;19;78;19;26;23;48;4.20;4;2;1;56;0;6998348;176;6997524
11;19;78;19;26;23;91;3.60;3;2;1;56;0;6998391;102;6997524
11;19;78;19;26;31;70;3.40;2;1;1;55;0;6999170;4577;0
11;19;78;19;26;37;65;3.80;4;2;1;58;0;6999765;1390;0
11;19;78;19;26;41;19;3.60;1;1;1;58;0;7000119;3945;0
11;19;78;19;26;43;56;3.60;1;1;1;58;0;7000356;214;0
11;19;78;19;26;44;21;5.00;2;1;1;56;0;7000421;1228;0
11;19;78;19;26;44;61;3.20;1;1;1;57;0;7000461;82;0
11;19;78;19;26;45;59;3.80;2;1;1;57;0;7000559;105;0
11;19;78;19;26;46;91;3.60;1;1;1;53;0;7000691;209;0
11;19;78;19;26;47;21;3.20;4;2;1;64;0;7000721;932;0
11;19;78;19;26;47;94;3.40;1;1;1;53;0;7000794;78;0
11;19;78;19;26;48;20;3.80;3;2;1;57;0;7000820;2405;0
11;19;78;19;26;48;15;4.00;2;1;1;56;0;7000815;232;0
11;19;78;19;26;49;19;3.60;4;2;1;58;0;7000919;180;0
11;19;78;19;26;49;21;3.80;1;1;1;50;0;7000921;103;0
11;19;78;19;26;51;39;4.00;1;1;1;51;0;7001139;190;0
11;19;78;19;26;51;60;3.60;3;2;1;57;0;7001160;316;0
11;19;78;19;26;53;68;3.80;1;1;1;55;0;7001368;200;0
11;19;78;19;26;54;47;3.80;2;1;1;48;0;7001447;606;0
11;19;78;19;26;54;64;3.60;1;1;1;52;0;7001464;71;0
11;19;78;19;26;55;62;3.80;4;2;1;57;0;7001562;620;0
11;19;78;19;26;56;41;3.80;3;2;1;57;0;7001641;458;0
11;19;78;19;26;57;51;3.60;3;2;1;57;0;7001751;86;0
11;19;78;19;27;1;28;4.20;4;2;1;65;0;7002128;542;0
11;19;78;19;27;5;79;3.40;4;2;1;51;0;7002579;427;0
11;19;78;19;27;7;85;3.60;2;1;1;54;0;7002785;1309;0
11;19;78;19;27;9;21;3.40;1;1;1;53;0;7002921;1432;0
11;19;78;19;27;9;46;4.80;4;2;1;50;0;7002946;343;0
11;19;78;19;27;11;15;3.60;4;2;1;50;0;7003115;134;0
11;19;78;19;27;14;37;3.80;1;1;1;68;0;7003437;492;0
11;19;78;19;27;16;42;2.60;4;2;1;51;0;7003642;501;0
11;19;78;19;27;18;93;3.60;1;1;1;53;0;7003893;435;0
11;19;78;19;27;26;60;3.20;2;1;1;55;0;7004660;1851;0
11;19;78;19;27;28;52;3.60;2;1;1;52;0;7004852;171;0
11;19;78;19;27;30;23;4.00;4;2;1;59;0;7005023;1362;0
11;19;78;19;27;30;51;3.00;3;2;1;53;0;7005051;3277;0
11;19;78;19;27;30;75;3.40;1;1;1;53;0;7005075;1157;0
11;19;78;19;27;31;83;3.00;2;1;1;56;0;7005183;306;0
11;19;78;19;27;32;7;4.20;1;1;1;52;0;7005207;108;0
11;19;78;19;27;33;7;3.20;2;1;1;55;0;7005307;104;0
11;19;78;19;27;34;14;3.40;3;2;1;56;0;7005414;342;0
11;19;78;19;27;34;9;3.60;1;1;1;52;0;7005409;172;0
11;19;78;19;27;34;63;3.00;2;1;1;53;0;7005463;135;0
11;19;78;19;27;34;67;3.60;4;2;1;53;0;7005467;419;0
11;19;78;19;27;35;67;3.20;1;1;1;53;0;7005567;133;0
11;19;78;19;27;37;38;3.60;4;2;1;52;0;7005738;246;0
11;19;78;19;27;39;59;3.20;4;2;1;52;0;7005959;196;0
11;19;78;19;27;39;92;3.60;1;1;1;56;0;7005992;403;0
11;19;78;19;27;41;44;3.60;4;2;1;54;0;7006144;162;0
11;19;78;19;27;42;71;3.20;4;2;1;55;0;7006271;103;0
11;19;78;19;27;43;91;3.80;4;2;1;56;0;7006391;99;7005738
11;19;78;19;27;44;1;3.60;3;2;1;57;0;7006401;965;0
11;19;78;19;27;44;98;3.60;3;2;1;55;0;7006498;74;0
11;19;78;19;27;46;23;3.60;4;2;1;54;0;7006623;207;0
11;19;78;19;27;47;3;3.20;3;2;1;60;0;7006703;181;0
11;19;78;19;27;47;5;3.80;2;1;1;60;0;7006705;1221;0
11;19;78;19;27;48;25;3.80;4;2;1;56;0;7006825;178;0
11;19;78;19;27;49;15;3.40;3;2;1;60;0;7006915;192;0
11;19;78;19;27;50;6;3.20;4;2;1;56;0;7007006;156;0
11;19;78;19;27;50;91;3.00;3;2;1;59;0;7007091;155;7006401
11;19;78;19;27;52;2;3.20;3;2;1;61;0;7007202;92;7006401
11;19;78;19;27;52;54;3.80;4;2;1;56;0;7007254;227;0
11;19;78;19;27;53;56;3.20;4;2;1;56;0;7007356;77;0
11;19;78;19;27;53;64;3.40;3;2;1;61;0;7007364;143;7006401
11;19;78;19;27;54;85;3.60;3;2;1;60;0;7007485;100;7006401
11;19;78;19;27;55;6;3.60;4;2;1;53;0;7007506;129;7006401
11;19;78;19;27;56;20;3.80;1;1;1;57;0;7007620;1604;0
11;19;78;19;27;56;64;3.80;4;2;1;54;0;7007664;133;0
11;19;78;19;27;59;80;4.20;4;2;1;51;0;7007980;290;0
11;19;78;19;28;0;11;5.40;3;2;1;52;0;7008011;504;0
11;19;78;19;28;1;30;3.60;3;2;1;53;0;7008130;81;0
11;19;78;19;28;1;45;9.60;4;2;2;52;0;7008145;135;0
11;19;78;19;28;3;83;3.40;4;2;1;55;0;7008383;171;0
11;19;78;19;28;5;26;3.60;4;2;1;53;0;7008526;120;0
11;19;78;19;28;6;0;3.60;3;2;1;57;0;7008600;445;0
11;19;78;19;28;7;31;3.40;3;2;1;56;0;7008731;108;0
11;19;78;19;28;7;51;3.60;4;2;1;50;0;7008751;200;0
11;19;78;19;28;8;25;3.60;3;2;1;57;0;7008825;72;0
11;19;78;19;28;8;89;4.80;4;2;1;50;0;7008889;112;0
11;19;78;19;28;9;61;4.00;3;2;1;57;0;7008961;113;0
11;19;78;19;28;19;88;4.00;2;1;1;62;0;7009988;3260;0
11;19;78;19;28;21;24;5.80;1;1;1;54;0;7010124;2480;0
11;19;78;19;28;21;67;4.40;2;1;1;57;0;7010167;155;0
11;19;78;19;28;24;72;3.40;1;1;1;51;0;7010472;309;0
11;19;78;19;28;26;7;3.60;1;1;1;51;0;7010607;111;0
11;19;78;19;28;26;19;3.60;2;1;1;55;0;7010619;424;0
11;19;78;19;28;26;85;3.40;4;2;1;62;0;7010685;1761;0
11;19;78;19;28;27;85;3.20;2;1;1;54;0;7010785;142;0
11;19;78;19;28;28;66;3.60;1;1;1;51;0;7010866;233;0
11;19;78;19;28;29;13;4.00;2;1;1;52;0;7010913;106;0
11;19;78;19;28;30;72;3.60;2;1;1;54;0;7011072;131;0
11;19;78;19;28;31;53;3.60;1;1;1;50;0;7011153;261;0
11;19;78;19;28;31;75;3.60;2;1;1;53;0;7011175;79;7010619
11;19;78;19;28;33;25;3.20;1;1;1;46;0;7011325;146;7010619
11;19;78;19;28;33;47;4.60;2;1;1;49;0;7011347;147;7010619
11;19;78;19;28;34;49;3.40;1;1;1;46;0;7011449;98;7010619
11;19;78;19;28;34;90;3.60;2;1;1;50;0;7011490;109;7010619
11;19;78;19;28;35;95;3.20;1;1;1;47;0;7011595;119;7010619
11;19;78;19;28;36;8;3.40;4;2;1;47;0;7011608;903;0
11;19;78;19;28;36;27;3.80;2;1;1;49;0;7011627;111;7010619
11;19;78;19;28;37;61;3.40;2;1;1;48;0;7011761;106;7010619
11;19;78;19;28;37;85;3.80;1;1;1;45;0;7011785;165;7011153
11;19;78;19;28;38;95;3.40;2;1;1;47;0;7011895;108;7010619
11;19;78;19;28;38;86;3.60;1;1;1;43;0;7011886;70;7011153
11;19;78;19;28;39;74;3.80;3;2;1;60;0;7011974;2987;0
11;19;78;19;28;39;90;3.60;4;2;1;61;0;7011990;355;0
11;19;78;19;28;39;95;3.40;1;1;1;42;0;7011995;78;7011153
11;19;78;19;28;40;78;3.60;1;1;1;43;0;7012078;53;7011153
11;19;78;19;28;41;14;3.80;3;2;1;61;0;7012114;117;7011153
11;19;78;19;28;41;87;3.40;4;2;1;62;0;7012187;175;7011153
11;19;78;19;28;45;47;3.80;4;2;1;66;0;7012547;340;0
11;19;78;19;28;47;30;3.80;3;2;1;57;0;7012730;593;0
11;19;78;19;28;47;62;3.60;4;2;1;61;0;7012762;194;0
11;19;78;19;28;52;46;3.80;2;1;1;58;0;7013246;1324;0
11;19;78;19;28;52;56;3.80;4;2;1;60;0;7013256;472;0
11;19;78;19;28;55;25;3.80;2;1;1;55;0;7013525;255;0
11;19;78;19;28;57;76;2.80;1;1;1;55;0;7013776;1667;0
11;19;78;19;29;0;25;3.80;1;1;1;57;0;7014025;230;0
11;19;78;19;29;7;57;4.00;4;2;1;57;0;7014757;1478;0
11;19;78;19;29;7;81;4.00;2;1;1;58;0;7014781;1231;0
11;19;78;19;29;10;19;3.40;4;2;1;56;0;7015019;236;0
11;19;78;19;29;10;89;3.00;3;2;1;63;0;7015089;2335;0
11;19;78;19;29;10;86;3.00;1;1;1;54;0;7015086;1037;0
11;19;78;19;29;11;62;3.60;4;2;1;56;0;7015162;121;0
11;19;78;19;29;12;65;3.60;4;2;1;57;0;7015265;79;0
11;19;78;19;29;13;31;3.80;3;2;1;63;0;7015331;224;0
11;19;78;19;29;13;46;3.40;1;1;1;58;0;7015346;240;0
11;19;78;19;29;14;34;3.80;4;2;1;60;0;7015434;146;0
11;19;78;19;29;15;52;3.60;4;2;1;63;0;7015552;95;7015019
11;19;78;19;29;16;58;3.20;3;2;1;62;0;7015658;305;0
11;19;78;19;29;17;26;3.80;2;1;1;58;0;7015726;920;0
11;19;78;19;29;17;82;3.80;4;2;1;61;0;7015782;209;0
11;19;78;19;29;19;54;3.60;4;2;1;54;0;7015954;149;0
11;19;78;19;29;21;2;3.40;3;2;1;57;0;7016102;425;0
11;19;78;19;29;21;64;3.40;4;2;1;54;0;7016164;186;0
11;19;78;19;29;23;26;4.00;4;2;1;56;0;7016326;139;0
11;19;78;19;29;23;86;4.00;3;2;1;63;0;7016386;262;0
11;19;78;19;29;25;6;3.60;4;2;1;55;0;7016506;154;7015782
11;19;78;19;29;25;14;3.40;2;1;1;56;0;7016514;764;0
11;19;78;19;29;25;97;3.20;3;2;1;59;0;7016597;188;0
11;19;78;19;29;26;17;3.20;4;2;1;53;0;7016617;87;7015782
11;19;78;19;29;27;24;4.00;4;2;1;54;0;7016724;85;7015782
11;19;78;19;29;27;39;3.80;3;2;1;56;0;7016739;122;7015782
11;19;78;19;29;28;99;3.80;3;2;1;57;0;7016899;135;7015782
11;19;78;19;29;29;59;3.40;4;2;1;50;0;7016959;208;0
11;19;78;19;29;31;18;3.60;3;2;1;55;0;7017118;195;7016386
11;19;78;19;29;31;20;3.60;4;2;1;51;0;7017120;136;7016386
11;19;78;19;29;32;40;3.40;3;2;1;55;0;7017240;98;7016386
11;19;78;19;29;32;81;11.80;1;1;3;59;0;7017281;1913;0
11;19;78;19;29;33;23;3.60;4;2;1;51;0;7017323;177;0
11;19;78;19;29;34;14;3.20;3;2;1;54;0;7017414;151;7016386
11;19;78;19;29;36;36;3.60;4;2;1;55;0;7017636;287;0
11;19;78;19;29;37;4;3.40;3;2;1;55;0;7017704;268;0
11;19;78;19;29;37;6;4.20;1;1;1;53;0;7017706;353;0
11;19;78;19;29;38;23;3.00;4;2;1;56;0;7017823;163;0
11;19;78;19;29;39;71;3.60;3;2;1;58;0;7017971;244;0
11;19;78;19;29;40;65;3.40;4;2;1;54;0;7018065;222;0
11;19;78;19;29;41;44;3.40;3;2;1;58;0;7018144;150;0
11;19;78;19;29;41;25;7.20;1;1;2;54;0;7018125;390;0
11;19;78;19;29;41;94;3.80;4;2;1;56;0;7018194;106;0
11;19;78;19;29;42;65;3.40;3;2;1;58;0;7018265;99;0
11;19;78;19;29;44;44;3.80;3;2;1;54;0;7018444;157;0
11;19;78;19;29;44;74;3.40;4;2;1;53;0;7018474;255;0
11;19;78;19;29;46;24;3.60;3;2;1;53;0;7018624;154;7017971
11;19;78;19;29;49;95;3.60;2;1;1;63;0;7018995;2459;0
11;19;78;19;29;50;8;4.20;1;1;1;60;0;7019008;835;0
11;19;78;19;29;51;14;4.00;2;1;1;61;0;7019114;98;0
11;19;78;19;29;53;17;3.80;1;1;1;60;0;7019317;283;0
11;19;78;19;29;55;68;3.40;2;1;1;57;0;7019568;430;0
11;19;78;19;29;56;44;3.60;1;1;1;58;0;7019644;304;0
11;19;78;19;29;57;6;4.20;2;1;1;57;0;7019706;116;0
11;19;78;19;29;59;41;3.80;1;1;1;60;0;7019941;274;0
11;19;78;19;29;59;73;3.20;4;2;1;60;0;7019973;1475;0
11;19;78;19;29;59;77;3.40;2;1;1;49;0;7019977;244;0
11;19;78;19;30;2;61;4.20;2;1;1;56;0;7020261;259;0
11;19;78;19;30;2;77;4.40;1;1;1;53;0;7020277;313;0
11;19;78;19;30;4;31;3.20;2;1;1;54;0;7020431;143;0
11;19;78;19;30;4;38;3.60;1;1;1;52;0;7020438;131;0
11;19;78;19;30;5;68;3.40;1;1;1;51;0;7020568;105;0
11;19;78;19;30;7;37;3.00;4;2;1;52;0;7020737;744;0
11;19;78;19;30;7;41;3.20;1;1;1;49;0;7020741;149;0
11;19;78;19;30;7;57;3.60;2;1;1;50;0;7020757;304;0
11;19;78;19;30;10;33;3.20;2;1;1;55;0;7021033;250;0
11;19;78;19;30;11;18;3.60;1;1;1;47;0;7021118;353;0
11;19;78;19;30;11;52;3.40;4;2;1;52;0;7021152;394;0
11;19;78;19;30;11;68;3.40;2;1;1;55;0;7021168;114;0
11;19;78;19;30;12;91;3.40;1;1;1;43;0;7021291;145;0
11;19;78;19;30;14;5;3.40;4;2;1;52;0;7021405;229;0
11;19;78;19;30;13;96;3.80;1;1;1;43;0;7021396;76;0
11;19;78;19;30;14;97;3.80;3;2;1;72;0;7021497;2848;0
11;19;78;19;30;14;98;3.60;2;1;1;54;0;7021498;307;0
11;19;78;19;30;15;21;3.00;4;2;1;52;0;7021521;92;0
11;19;78;19;30;17;31;3.60;1;1;1;50;0;7021731;303;0
11;19;78;19;30;19;19;3.80;4;2;1;57;0;7021919;377;0
11;19;78;19;30;20;55;3.60;4;2;1;62;0;7022055;112;0
11;19;78;19;30;25;43;3.60;4;2;1;67;0;7022543;467;0
11;19;78;19;30;27;17;3.80;1;1;1;54;0;7022717;960;0
11;19;78;19;30;28;55;3.20;3;2;1;56;0;7022855;1339;0
11;19;78;19;30;28;49;3.60;4;2;1;50;0;7022849;286;0
11;19;78;19;30;29;59;3.80;3;2;1;57;0;7022959;83;0
11;19;78;19;30;29;52;3.60;4;2;1;49;0;7022952;77;0
11;19;78;19;30;30;84;4.40;1;1;1;53;0;7023084;341;0
11;19;78;19;30;31;51;3.00;4;2;1;52;0;7023151;172;0
11;19;78;19;30;31;63;3.00;3;2;1;58;0;7023163;180;0
11;19;78;19;30;32;3;3.60;1;1;1;53;0;7023203;89;0
11;19;78;19;30;33;82;3.40;1;1;1;55;0;7023382;154;0
11;19;78;19;30;34;38;3.20;4;2;1;50;0;7023438;266;0
11;19;78;19;30;35;43;3.80;2;1;1;60;0;7023543;2021;0
11;19;78;19;30;35;47;3.80;3;2;1;64;0;7023547;365;0
11;19;78;19;30;35;66;3.40;4;2;1;54;0;7023566;104;0
11;19;78;19;30;37;19;3.60;1;1;1;63;0;7023719;314;0
11;19;78;19;30;41;77;3.80;2;1;1;59;0;7024177;611;0
11;19;78;19;30;45;31;4.00;1;1;1;61;0;7024531;791;0
11;19;78;19;30;45;47;3.80;2;1;1;58;0;7024547;346;0
11;19;78;19;30;46;49;4.00;3;2;1;67;0;7024649;1080;0
11;19;78;19;30;48;51;3.60;4;2;1;64;0;7024851;1262;0
11;19;78;19;30;52;43;3.20;3;2;1;60;0;7025243;572;0
11;19;78;19;30;53;46;4.00;4;2;1;59;0;7025346;474;0
11;19;78;19;30;54;78;4.00;3;2;1;59;0;7025478;215;0
11;19;78;19;30;55;98;3.80;4;2;1;55;0;7025598;227;0
11;19;78;19;30;56;76;4.00;1;1;1;56;0;7025676;1121;0
11;19;78;19;30;58;64;3.60;3;2;1;61;0;7025864;361;0
11;19;78;19;31;1;17;4.40;3;2;1;62;0;7026117;231;0
11;19;78;19;31;1;91;3.60;4;2;1;65;0;7026191;568;0
11;19;78;19;31;4;94;3.40;4;2;1;60;0;7026494;283;0
11;19;78;19;31;6;72;4.00;3;2;1;59;0;7026672;529;0
11;19;78;19;31;7;83;3.60;4;2;1;55;0;7026783;268;0
11;19;78;19;31;9;13;4.00;4;2;1;54;0;7026913;106;0
11;19;78;19;31;9;50;3.20;3;2;1;59;0;7026950;253;0
11;19;78;19;31;10;22;3.20;4;2;1;55;0;7027022;82;0
11;19;78;19;31;10;28;3.20;3;2;1;59;0;7027028;58;0
11;19;78;19;31;11;19;3.60;4;2;1;54;0;7027119;76;0
11;19;78;19;31;11;36;5.00;3;2;1;59;0;7027136;88;0
11;19;78;19;31;12;75;3.40;4;2;1;53;0;7027275;132;7026783
11;19;78;19;31;14;15;3.40;3;2;1;53;0;7027415;248;0
11;19;78;19;31;14;27;3.60;4;2;1;54;0;7027427;128;7026783
11;19;78;19;31;15;26;3.60;3;2;1;54;0;7027526;87;7026783
11;19;78;19;31;15;41;3.60;4;2;1;57;0;7027541;90;7026783
11;19;78;19;31;16;85;3.80;3;2;1;55;0;7027685;135;7026783
11;19;78;19;31;17;87;3.80;3;2;1;55;0;7027787;77;7026783
11;19;78;19;31;18;11;3.20;4;2;1;67;0;7027811;247;0
11;19;78;19;31;20;77;4.20;3;2;1;57;0;7028077;265;0
11;19;78;19;31;21;99;3.80;3;2;1;58;0;7028199;95;0
11;19;78;19;31;22;36;3.60;4;2;1;65;0;7028236;407;0
11;19;78;19;31;23;83;5.40;3;2;1;58;0;7028383;160;0
11;19;78;19;31;24;78;3.00;3;2;1;62;0;7028478;61;0
11;19;78;19;31;25;98;3.80;1;1;1;57;0;7028598;2896;0
11;19;78;19;31;27;11;3.20;3;2;1;61;0;7028711;215;0
11;19;78;19;31;28;28;3.40;3;2;1;64;0;7028828;98;0
11;19;78;19;31;27;99;11.20;4;2;3;50;0;7028799;543;0
11;19;78;19;31;29;52;3.60;3;2;1;65;0;7028952;104;0
11;19;78;19;31;30;92;3.20;3;2;1;62;0;7029092;120;0
11;19;78;19;31;30;83;14.20;4;2;4;49;0;7029083;203;0
11;19;78;19;31;32;49;3.80;2;1;1;61;0;7029249;4678;0
11;19;78;19;31;33;30;3.40;3;2;1;58;0;7029330;219;0
11;19;78;19;31;33;57;3.40;1;1;1;64;0;7029357;735;0
11;19;78;19;31;34;93;3.40;3;2;1;53;0;7029493;141;0
11;19;78;19;31;36;17;3.40;4;2;1;53;0;7029617;429;0
11;19;78;19;31;37;13;11.20;1;1;3;49;0;7029713;336;0
11;19;78;19;31;38;62;3.60;4;2;1;51;0;7029862;221;0
11;19;78;19;31;39;72;3.60;1;1;1;50;0;7029972;176;0
11;19;78;19;31;41;25;4.00;4;2;1;63;0;7030125;237;0
11;19;78;19;31;44;14;3.00;4;2;1;59;0;7030414;266;0
11;19;78;19;31;45;34;3.60;3;2;1;63;0;7030534;1017;0
11;19;78;19;31;45;62;3.20;2;1;1;52;0;7030562;1290;0
11;19;78;19;31;46;71;3.20;2;1;1;53;0;7030671;86;0
11;19;78;19;31;48;13;4.00;2;1;1;54;0;7030813;120;0
11;19;78;19;31;49;49;3.60;2;1;1;54;0;7030949;109;0
11;19;78;19;31;50;68;3.80;1;1;1;56;0;7031068;1070;0
11;19;78;19;31;53;60;4.00;2;1;1;57;0;7031360;387;0
11;19;78;19;31;57;82;3.60;4;2;1;63;0;7031782;1349;0
11;19;78;19;31;58;7;3.60;2;1;1;54;0;7031807;421;0
11;19;78;19;31;58;71;3.20;1;1;1;53;0;7031871;778;0
11;19;78;19;31;59;4;3.80;3;2;1;60;0;7031904;1349;0
11;19;78;19;31;59;88;3.60;2;1;1;53;0;7031988;157;0
11;19;78;19;32;0;96;4.00;1;1;1;51;0;7032096;203;0
11;19;78;19;32;3;58;3.40;1;1;1;48;0;7032358;233;0
11;19;78;19;32;3;85;3.20;2;1;1;53;0;7032385;372;0
11;19;78;19;32;5;26;3.80;2;1;1;53;0;7032526;119;0
11;19;78;19;32;5;46;3.80;1;1;1;48;0;7032546;162;0
11;19;78;19;32;5;97;3.60;4;2;1;59;0;7032597;794;0
11;19;78;19;32;7;26;4.00;1;1;1;51;0;7032726;151;0
11;19;78;19;32;7;68;3.60;4;2;1;59;0;7032768;149;0
11;19;78;19;32;8;31;4.00;2;1;1;52;0;7032831;279;0
11;19;78;19;32;8;47;4.20;4;2;1;58;0;7032847;57;0
11;19;78;19;32;9;18;3.20;1;1;1;51;0;7032918;163;0
11;19;78;19;32;9;62;3.40;3;2;1;48;0;7032962;1035;0
11;19;78;19;32;9;87;3.80;4;2;1;57;0;7032987;113;0
11;19;78;19;32;9;99;4.60;2;1;1;52;0;7032999;140;0
11;19;78;19;32;11;51;3.40;3;2;1;47;0;7033151;163;0
11;19;78;19;32;11;82;4.00;1;1;1;54;0;7033182;241;0
11;19;78;19;32;12;37;3.20;2;1;1;54;0;7033237;206;0
11;19;78;19;32;13;57;3.60;1;1;1;54;0;7033357;148;0
11;19;78;19;32;13;64;3.40;2;1;1;54;0;7033364;105;0
11;19;78;19;32;13;67;4.60;3;2;1;53;0;7033367;189;0
11;19;78;19;32;14;59;3.60;4;2;1;54;0;7033459;448;0
11;19;78;19;32;15;82;3.40;1;1;1;51;0;7033582;201;0
11;19;78;19;32;18;55;3.60;1;1;1;51;0;7033855;249;0
11;19;78;19;32;20;56;3.60;1;1;1;47;0;7034056;175;0
11;19;78;19;32;20;82;3.40;2;1;1;59;0;7034082;695;0
11;19;78;19;32;22;25;3.60;2;1;1;59;0;7034225;122;0
11;19;78;19;32;22;50;6.60;1;1;2;46;0;7034250;166;0
11;19;78;19;32;23;98;4.20;4;2;1;66;0;7034398;915;0
11;19;78;19;32;24;33;3.00;1;1;1;44;0;7034433;131;0
11;19;78;19;32;25;40;4.00;3;2;1;60;0;7034540;1141;0
11;19;78;19;32;26;83;4.00;1;1;1;49;0;7034683;225;0
11;19;78;19;32;27;25;3.80;4;2;1;65;0;7034725;304;0
11;19;78;19;32;29;17;3.60;2;1;1;56;0;7034917;670;0
11;19;78;19;32;29;37;3.60;1;1;1;51;0;7034937;224;0
11;19;78;19;32;30;32;3.80;3;2;1;58;0;7035032;468;0
11;19;78;19;32;30;53;3.00;4;2;1;59;0;7035053;306;0
11;19;78;19;32;30;80;4.20;2;1;1;56;0;7035080;139;0
11;19;78;19;32;31;19;3.60;1;1;1;58;0;7035119;156;0
11;19;78;19;32;32;16;3.40;4;2;1;57;0;7035216;144;0
11;19;78;19;32;33;38;4.20;3;2;1;60;0;7035338;282;0
11;19;78;19;32;33;83;3.00;4;2;1;55;0;7035383;145;0
11;19;78;19;32;35;0;3.80;2;1;1;52;0;7035500;393;0
11;19;78;19;32;37;86;3.40;4;2;1;54;0;7035786;383;0
11;19;78;19;32;40;39;3.40;4;2;1;59;0;7036039;230;0
11;19;78;19;32;41;5;4.60;3;2;1;62;0;7036105;741;0
11;19;78;19;32;43;96;3.80;3;2;1;59;0;7036396;264;0
11;19;78;19;32;44;47;3.80;4;2;1;52;0;7036447;387;0
11;19;78;19;32;45;20;3.20;3;2;1;54;0;7036520;100;0
11;19;78;19;32;45;52;3.20;4;2;1;54;0;7036552;78;0
11;19;78;19;32;46;21;3.40;3;2;1;52;0;7036621;79;0
11;19;78;19;32;46;94;5.00;3;2;1;52;0;7036694;49;0
11;19;78;19;32;50;14;4.60;3;2;1;54;0;7037014;285;0
11;19;78;19;32;49;47;14.20;4;2;4;57;0;7036947;373;0
11;19;78;19;32;51;95;3.40;3;2;1;54;0;7037195;150;0
11;19;78;19;32;52;4;3.40;4;2;1;59;0;7037204;167;0
11;19;78;19;32;53;83;4.60;4;2;1;53;0;7037383;158;0
11;19;78;19;32;55;43;3.80;3;2;1;56;0;7037543;325;0
11;19;78;19;32;56;77;4.00;3;2;1;57;0;7037677;109;0
11;19;78;19;32;57;85;3.40;4;2;1;51;0;7037785;370;0
11;19;78;19;32;58;22;9.60;3;2;2;59;0;7037822;119;0
11;19;78;19;32;59;75;3.20;4;2;1;57;0;7037975;166;0
11;19;78;19;33;0;38;3.20;3;2;1;54;0;7038038;157;0
11;19;78;19;33;1;31;3.60;4;2;1;56;0;7038131;135;0
11;19;78;19;33;1;83;3.80;3;2;1;56;0;7038183;123;7037543
11;19;78;19;33;3;4;3.80;3;2;1;56;0;7038304;96;7037543
11;19;78;19;33;3;83;3.80;4;2;1;53;0;7038383;228;0
11;19;78;19;33;4;88;3.40;3;2;1;54;0;7038488;159;7037543
11;19;78;19;33;5;29;3.60;4;2;1;53;0;7038529;120;7037543
11;19;78;19;33;7;25;4.00;4;2;1;53;0;7038725;171;7037543
11;19;78;19;33;7;67;3.40;3;2;1;53;0;7038767;256;0
11;19;78;19;33;9;29;3.20;4;2;1;51;0;7038929;176;0
11;19;78;19;33;11;98;3.60;2;1;1;56;0;7039198;3671;0
11;19;78;19;33;15;6;3.80;4;2;1;50;0;7039506;554;0
11;19;78;19;33;19;85;3.80;4;2;1;62;0;7039985;451;0
11;19;78;19;33;20;10;3.80;2;1;1;57;0;7040010;788;0
11;19;78;19;33;22;21;3.60;4;2;1;61;0;7040221;213;0
11;19;78;19;33;23;45;3.60;1;1;1;58;0;7040345;5203;0
11;19;78;19;33;25;50;3.80;1;1;1;56;0;7040550;182;0
11;19;78;19;33;26;54;3.60;2;1;1;63;0;7040654;620;0
11;19;78;19;33;29;98;3.40;4;2;1;58;0;7040998;755;0
11;19;78;19;33;30;27;4.00;2;1;1;56;0;7041027;352;0
11;19;78;19;33;30;77;3.60;1;1;1;59;0;7041077;502;0
11;19;78;19;33;31;59;3.80;2;1;1;57;0;7041159;106;0
11;19;78;19;33;32;85;3.60;4;2;1;59;0;7041285;265;0
11;19;78;19;33;33;44;3.60;2;1;1;55;0;7041344;161;0
11;19;78;19;33;34;44;3.60;2;1;1;57;0;7041444;76;0
11;19;78;19;33;35;21;4.00;1;1;1;54;0;7041521;422;0
11;19;78;19;33;35;82;3.40;3;2;1;55;0;7041582;2791;0
11;19;78;19;33;36;2;4.00;2;1;1;54;0;7041602;135;7041027
11;19;78;19;33;37;37;3.60;1;1;1;54;0;7041737;189;7041027
11;19;78;19;33;37;70;4.00;2;1;1;55;0;7041770;141;7041027
11;19;78;19;33;38;58;3.80;1;1;1;55;0;7041858;97;7041027
11;19;78;19;33;39;46;5.60;2;1;1;58;0;7041946;149;7041027
11;19;78;19;33;40;88;3.60;3;2;1;64;0;7042088;483;0
11;19;78;19;33;41;68;3.80;1;1;1;55;0;7042168;285;0
11;19;78;19;33;41;89;3.20;3;2;1;67;0;7042189;80;0
11;19;78;19;33;42;10;3.40;4;2;1;60;0;7042210;903;0
11;19;78;19;33;43;29;3.60;2;1;1;57;0;7042329;348;0
11;19;78;19;33;43;44;3.80;1;1;1;52;0;7042344;151;0
11;19;78;19;33;44;31;3.80;3;2;1;61;0;7042431;224;0
11;19;78;19;33;44;58;3.80;1;1;1;51;0;7042458;87;0
11;19;78;19;33;45;35;3.60;3;2;1;61;0;7042535;81;0
11;19;78;19;33;45;47;3.80;2;1;1;50;0;7042547;195;0
11;19;78;19;33;45;87;3.80;4;2;1;58;0;7042587;356;0
11;19;78;19;33;46;32;3.40;1;1;1;53;0;7042632;147;0
11;19;78;19;33;46;81;3.40;2;1;1;53;0;7042681;106;0
11;19;78;19;33;47;88;3.40;1;1;1;50;0;7042788;132;7042168
11;19;78;19;33;48;45;3.80;2;1;1;53;0;7042845;140;7042168
11;19;78;19;33;49;39;3.20;2;1;1;54;0;7042939;68;7042329
11;19;78;19;33;50;74;3.80;2;1;1;58;0;7043074;113;7042329
11;19;78;19;33;51;3;3.60;3;2;1;60;0;7043103;546;0
11;19;78;19;33;51;24;3.40;1;1;1;51;0;7043124;311;0
11;19;78;19;33;52;63;3.80;2;1;1;53;0;7043263;165;7042329
11;19;78;19;33;53;91;3.60;1;1;1;52;0;7043391;243;0
11;19;78;19;33;55;70;3.60;1;1;1;58;0;7043570;154;0
11;19;78;19;33;55;89;3.60;3;2;1;61;0;7043589;464;0
11;19;78;19;33;56;17;3.60;2;1;1;52;0;7043617;328;0
11;19;78;19;33;56;59;3.80;4;2;1;53;0;7043659;1048;0
11;19;78;19;33;57;30;3.80;1;1;1;54;0;7043730;137;0
11;19;78;19;33;59;74;3.40;2;1;1;55;0;7043974;332;0
11;19;78;19;33;59;88;3.60;1;1;1;51;0;7043988;232;0
11;19;78;19;34;1;8;3.60;2;1;1;50;0;7044108;111;0
11;19;78;19;34;2;9;3.60;4;2;1;54;0;7044209;524;0
11;19;78;19;34;2;68;3.20;2;1;1;48;0;7044268;134;0
11;19;78;19;34;2;90;3.80;1;1;1;53;0;7044290;276;0
11;19;78;19;34;3;8;4.00;3;2;1;61;0;7044308;697;0
11;19;78;19;34;3;93;4.00;2;1;1;52;0;7044393;101;0
11;19;78;19;34;6;89;4.20;4;2;1;67;0;7044689;456;0
11;19;78;19;34;7;53;3.60;2;1;1;52;0;7044753;332;0
11;19;78;19;34;8;42;3.60;4;2;1;64;0;7044842;130;0
11;19;78;19;34;9;42;3.80;1;1;1;61;0;7044942;626;0
11;19;78;19;34;13;21;3.20;3;2;1;58;0;7045321;989;0
11;19;78;19;34;14;5;3.60;1;1;1;49;0;7045405;440;0
11;19;78;19;34;15;0;3.40;3;2;1;58;0;7045500;159;0
11;19;78;19;34;15;89;4.00;4;2;1;53;0;7045589;726;0
11;19;78;19;34;16;6;3.80;2;1;1;58;0;7045606;828;0
11;19;78;19;34;17;3;3.40;3;2;1;61;0;7045703;181;0
11;19;78;19;34;17;20;3.60;1;1;1;45;0;7045720;288;0
11;19;78;19;34;18;65;3.60;3;2;1;58;0;7045865;141;0
11;19;78;19;34;18;82;3.80;4;2;1;52;0;7045882;265;0
11;19;78;19;34;18;95;3.40;1;1;1;47;0;7045895;146;0
11;19;78;19;34;19;48;4.20;3;2;1;59;0;7045948;60;7045321
11;19;78;19;34;20;78;3.40;1;1;1;47;0;7046078;156;7045321
11;19;78;19;34;20;84;3.60;4;2;1;53;0;7046084;175;7045321
11;19;78;19;34;21;16;3.40;3;2;1;51;0;7046116;142;7045321
11;19;78;19;34;22;36;3.60;4;2;1;53;0;7046236;127;7045321
11;19;78;19;34;22;64;3.20;3;2;1;50;0;7046264;124;7045321
11;19;78;19;34;23;45;3.20;1;1;1;48;0;7046345;240;0
11;19;78;19;34;24;66;3.60;3;2;1;52;0;7046466;178;7045321
11;19;78;19;34;25;88;3.40;3;2;1;53;0;7046588;97;7045321
11;19;78;19;34;26;51;3.40;4;2;1;57;0;7046651;390;0
11;19;78;19;34;27;18;4.40;3;2;1;59;0;7046718;106;7045321
11;19;78;19;34;28;49;3.80;3;2;1;62;0;7046849;104;7045321
11;19;78;19;34;28;91;12.60;4;2;3;53;0;7046891;218;0
11;19;78;19;34;31;31;3.20;4;2;1;51;0;7047131;154;0
11;19;78;19;34;32;6;3.60;3;2;1;59;0;7047206;334;0
11;19;78;19;34;32;30;3.40;4;2;1;51;0;7047230;76;0
11;19;78;19;34;33;58;3.60;3;2;1;58;0;7047358;130;0
11;19;78;19;34;33;64;4.60;2;1;1;57;0;7047364;1734;0
11;19;78;19;34;34;49;3.20;3;2;1;54;0;7047449;68;0
11;19;78;19;34;34;52;3.00;4;2;1;51;0;7047452;198;0
11;19;78;19;34;36;11;3.00;4;2;1;50;0;7047611;137;7046891
11;19;78;19;34;37;22;3.80;3;2;1;54;0;7047722;251;0
11;19;78;19;34;37;29;3.80;4;2;1;49;0;7047729;96;7046891
11;19;78;19;34;38;50;3.20;3;2;1;54;0;7047850;102;7046891
11;19;78;19;34;39;68;3.60;4;2;1;49;0;7047968;211;0
11;19;78;19;34;40;94;3.40;3;2;1;54;0;7048094;222;0
11;19;78;19;34;41;84;3.20;3;2;1;55;0;7048184;67;0
11;19;78;19;34;41;69;9.80;4;2;2;48;0;7048169;174;0
11;19;78;19;34;43;0;3.60;3;2;1;56;0;7048300;95;0
11;19;78;19;34;43;28;3.60;4;2;1;47;0;7048328;85;0
11;19;78;19;34;44;29;4.00;3;2;1;57;0;7048429;105;0
11;19;78;19;34;44;68;3.40;4;2;1;48;0;7048468;112;0
11;19;78;19;34;46;13;3.80;4;2;1;48;0;7048613;119;7047968
11;19;78;19;34;47;2;3.20;3;2;1;56;0;7048702;247;0
11;19;78;19;34;48;67;4.40;4;2;1;48;0;7048867;225;0
11;19;78;19;34;48;87;3.80;3;2;1;55;0;7048887;164;0
11;19;78;19;34;50;1;3.40;4;2;1;49;0;7049001;101;0
11;19;78;19;34;52;46;4.00;4;2;1;50;0;7049246;220;0
11;19;78;19;34;59;95;3.60;1;1;1;58;0;7049995;3626;0
11;19;78;19;35;6;22;3.60;4;2;1;61;0;7050622;1347;0
11;19;78;19;35;7;79;3.80;1;1;1;58;0;7050779;761;0
11;19;78;19;35;9;58;3.00;4;2;1;62;0;7050958;314;0
11;19;78;19;35;12;61;3.40;4;2;1;61;0;7051261;285;0
11;19;78;19;35;13;2;4.00;1;1;1;59;0;7051302;499;0
11;19;78;19;35;14;65;3.40;1;1;1;60;0;7051465;138;0
11;19;78;19;35;14;78;3.20;3;2;1;63;0;7051478;2566;0
11;19;78;19;35;18;32;3.80;1;1;1;51;0;7051832;346;0
11;19;78;19;35;19;50;3.60;2;1;1;52;0;7051950;4556;0
11;19;78;19;35;20;15;3.00;1;1;1;50;0;7052015;156;0
11;19;78;19;35;20;80;3.60;2;1;1;51;0;7052080;105;0
11;19;78;19;35;21;70;3.60;3;2;1;56;0;7052170;673;0
11;19;78;19;35;21;93;3.60;2;1;1;51;0;7052193;87;0
11;19;78;19;35;22;14;3.40;4;2;1;58;0;7052214;932;0
11;19;78;19;35;22;69;3.60;3;2;1;57;0;7052269;75;0
11;19;78;19;35;23;26;3.80;2;1;1;51;0;7052326;107;0
11;19;78;19;35;23;61;3.60;4;2;1;54;0;7052361;125;0
11;19;78;19;35;23;77;3.60;3;2;1;57;0;7052377;85;0
11;19;78;19;35;24;30;3.80;1;1;1;55;0;7052430;393;0
11;19;78;19;35;24;85;3.40;4;2;1;55;0;7052485;100;0
11;19;78;19;35;25;52;3.40;1;1;1;46;0;7052552;97;0
11;19;78;19;35;25;78;3.60;3;2;1;55;0;7052578;178;0
11;19;78;19;35;26;25;3.80;2;1;1;53;0;7052625;272;0
11;19;78;19;35;26;27;4.80;4;2;1;57;0;7052627;119;0
11;19;78;19;35;27;10;3.60;1;1;1;48;0;7052710;131;0
11;19;78;19;35;28;22;3.80;2;1;1;51;0;7052822;171;0
11;19;78;19;35;28;72;4.40;1;1;1;48;0;7052872;135;0
11;19;78;19;35;29;78;3.60;4;2;1;55;0;7052978;320;0
11;19;78;19;35;29;88;3.60;1;1;1;46;0;7052988;83;7052430
11;19;78;19;35;30;20;4.00;2;1;1;50;0;7053020;171;7052430
11;19;78;19;35;31;57;3.00;2;1;1;54;0;7053157;108;7052430
11;19;78;19;35;31;43;4.00;1;1;1;46;0;7053143;126;7052430
11;19;78;19;35;32;73;3.80;1;1;1;48;0;7053273;98;7052430
11;19;78;19;35;34;26;3.20;1;1;1;49;0;7053426;124;7052430
11;19;78;19;35;34;89;3.60;2;1;1;56;0;7053489;312;0
11;19;78;19;35;35;90;3.80;1;1;1;50;0;7053590;140;7052430
11;19;78;19;35;37;74;3.80;2;1;1;56;0;7053774;261;0
11;19;78;19;35;38;5;3.80;1;1;1;46;0;7053805;187;7052430
11;19;78;19;35;39;88;3.40;1;1;1;46;0;7053988;153;7052430
11;19;78;19;35;43;0;3.20;1;1;1;46;0;7054300;285;0
11;19;78;19;35;45;19;3.20;1;1;1;45;0;7054519;193;0
11;19;78;19;35;51;49;3.40;4;2;1;60;0;7055149;2147;0
11;19;78;19;35;52;61;3.20;3;2;1;65;0;7055261;2659;0
11;19;78;19;35;53;28;3.80;3;2;1;63;0;7055328;49;0
11;19;78;19;35;53;88;3.60;4;2;1;58;0;7055388;218;0
11;19;78;19;35;54;64;3.40;3;2;1;62;0;7055464;114;0
11;19;78;19;35;56;56;5.20;3;2;1;57;0;7055656;172;0
11;19;78;19;35;57;68;4.00;3;2;1;59;0;7055768;79;7055261
11;19;78;19;35;57;87;3.60;4;2;1;53;0;7055787;376;0
11;19;78;19;35;58;83;5.80;1;1;1;60;0;7055883;1338;0
11;19;78;19;35;59;67;3.40;4;2;1;50;0;7055967;155;0
11;19;78;19;36;0;80;3.20;3;2;1;58;0;7056080;287;0
11;19;78;19;36;0;92;4.00;1;1;1;57;0;7056092;174;0
11;19;78;19;36;1;4;3.80;4;2;1;52;0;7056104;112;0
11;19;78;19;36;2;63;4.60;3;2;1;57;0;7056263;163;0
11;19;78;19;36;2;79;3.40;4;2;1;52;0;7056279;148;0
11;19;78;19;36;3;96;3.60;1;1;1;53;0;7056396;278;0
11;19;78;19;36;4;30;5.40;4;2;1;53;0;7056430;127;7055787
11;19;78;19;36;4;80;3.80;3;2;1;59;0;7056480;187;7055787
11;19;78;19;36;6;24;3.20;4;2;1;51;0;7056624;157;7055787
11;19;78;19;36;6;28;3.80;3;2;1;58;0;7056628;124;7055787
11;19;78;19;36;7;43;4.00;1;1;1;58;0;7056743;322;0
11;19;78;19;36;7;96;4.00;3;2;1;58;0;7056796;144;7056080
11;19;78;19;36;9;47;3.80;3;2;1;59;0;7056947;126;7056080
11;19;78;19;36;10;9;3.60;4;2;1;49;0;7057009;362;0
11;19;78;19;36;10;27;3.80;2;1;1;57;0;7057027;3228;0
11;19;78;19;36;11;6;3.60;3;2;1;60;0;7057106;135;7056080
11;19;78;19;36;12;38;3.00;4;2;1;50;0;7057238;202;0
11;19;78;19;36;13;32;3.60;3;2;1;58;0;7057332;204;0
11;19;78;19;36;13;79;3.60;4;2;1;48;0;7057379;119;0
11;19;78;19;36;15;4;5.00;3;2;1;54;0;7057504;149;0
11;19;78;19;36;16;8;3.60;4;2;1;47;0;7057608;202;0
11;19;78;19;36;16;39;3.60;3;2;1;53;0;7057639;101;0
11;19;78;19;36;17;12;3.20;4;2;1;47;0;7057712;76;0
11;19;78;19;36;17;58;3.80;3;2;1;54;0;7057758;94;0
11;19;78;19;36;18;63;4.60;3;2;1;53;0;7057863;79;7057332
11;19;78;19;36;26;47;3.60;3;2;1;64;0;7058647;752;0
11;19;78;19;36;27;64;4.40;3;2;1;53;0;7058764;96;0
11;19;78;19;36;37;15;3.60;1;1;1;44;0;7059715;2947;0
11;19;78;19;36;49;87;3.20;4;2;1;57;0;7060987;3250;0
11;19;78;19;36;51;40;4.00;4;2;1;57;0;7061140;132;0
11;19;78;19;36;52;42;3.60;3;2;1;59;0;7061242;2448;0
11;19;78;19;36;55;21;3.40;4;2;1;55;0;7061521;355;0
11;19;78;19;37;1;75;3.60;2;1;1;52;0;7062175;5124;0
11;19;78;19;37;2;8;3.80;3;2;1;57;0;7062208;944;0
11;19;78;19;37;3;55;4.80;4;2;1;58;0;7062355;811;0
11;19;78;19;37;4;57;3.60;3;2;1;60;0;7062457;225;0
11;19;78;19;37;5;13;3.40;2;1;1;60;0;7062513;313;0
11;19;78;19;37;8;84;3.40;3;2;1;58;0;7062884;405;0
11;19;78;19;37;8;27;16.20;1;1;4;66;0;7062827;3082;0
11;19;78;19;37;13;45;4.20;1;1;1;54;0;7063345;429;0
11;19;78;19;37;14;71;5.20;4;2;1;54;0;7063471;1086;0
11;19;78;19;37;15;66;3.20;1;1;1;56;0;7063566;193;0
11;19;78;19;37;16;17;3.20;2;1;1;54;0;7063617;1083;0
11;19;78;19;37;16;65;3.60;1;1;1;55;0;7063665;78;0
11;19;78;19;37;17;3;3.40;2;1;1;54;0;7063703;64;0
11;19;78;19;37;18;24;3.40;1;1;1;56;0;7063824;135;0
11;19;78;19;37;18;20;3.60;2;1;1;53;0;7063820;94;0
11;19;78;19;37;18;82;3.60;3;2;1;56;0;7063882;976;0
11;19;78;19;37;19;45;3.80;2;1;1;53;0;7063945;100;0
11;19;78;19;37;19;80;3.80;4;2;1;45;0;7063980;474;0
11;19;78;19;37;20;40;3.40;2;1;1;54;0;7064040;69;7063617
11;19;78;19;37;20;98;3.40;1;1;1;54;0;7064098;252;0
11;19;78;19;37;21;15;3.20;3;2;1;56;0;7064115;209;0
11;19;78;19;37;21;75;3.00;2;1;1;57;0;7064175;112;7063617
11;19;78;19;37;21;63;3.60;4;2;1;46;0;7064163;152;7063617
11;19;78;19;37;23;28;3.20;4;2;1;46;0;7064328;136;7063617
11;19;78;19;37;23;83;3.60;1;1;1;54;0;7064383;262;0
11;19;78;19;37;24;67;3.40;4;2;1;47;0;7064467;113;0
11;19;78;19;37;25;64;3.60;1;1;1;50;0;7064564;157;0
11;19;78;19;37;27;23;3.80;2;1;1;52;0;7064723;529;0
11;19;78;19;37;30;2;3.20;4;2;1;63;0;7065002;508;0
11;19;78;19;37;30;28;5.00;2;1;1;53;0;7065028;278;0
11;19;78;19;37;29;87;14.60;1;1;4;50;0;7064987;397;0
11;19;78;19;37;31;96;3.80;2;1;1;49;0;7065196;134;0
11;19;78;19;37;32;15;3.60;1;1;1;49;0;7065215;122;0
11;19;78;19;37;32;47;4.00;4;2;1;56;0;7065247;226;0
11;19;78;19;37;33;35;3.80;3;2;1;57;0;7065335;1199;0
11;19;78;19;37;33;51;8.40;1;1;2;51;0;7065351;109;0
11;19;78;19;37;34;36;3.40;4;2;1;57;0;7065436;163;0
11;19;78;19;37;34;98;3.20;3;2;1;59;0;7065498;139;0
11;19;78;19;37;35;78;3.80;3;2;1;61;0;7065578;60;0
11;19;78;19;37;36;19;3.80;2;1;1;50;0;7065619;395;0
11;19;78;19;37;36;92;3.80;4;2;1;59;0;7065692;234;0
11;19;78;19;37;37;41;3.20;3;2;1;59;0;7065741;140;0
11;19;78;19;37;38;56;4.20;3;2;1;57;0;7065856;95;7065335
11;19;78;19;37;39;29;3.80;1;1;1;59;0;7065929;518;0
11;19;78;19;37;40;20;3.00;4;2;1;56;0;7066020;304;0
11;19;78;19;37;41;6;3.40;3;2;1;59;0;7066106;223;0
11;19;78;19;37;41;45;3.20;4;2;1;55;0;7066145;105;0
11;19;78;19;37;41;86;2.80;3;2;1;57;0;7066186;59;0
11;19;78;19;37;43;23;3.60;3;2;1;55;0;7066323;119;0
11;19;78;19;37;45;25;3.20;3;2;1;58;0;7066525;178;0
11;19;78;19;37;46;36;3.20;4;2;1;56;0;7066636;470;0
11;19;78;19;37;46;77;3.60;1;1;1;59;0;7066677;724;0
11;19;78;19;37;47;60;3.60;4;2;1;55;0;7066760;103;0
11;19;78;19;37;48;32;3.40;3;2;1;56;0;7066832;287;0
11;19;78;19;37;48;50;3.40;4;2;1;54;0;7066850;66;0
11;19;78;19;37;50;11;3.80;1;1;1;58;0;7067011;312;0
11;19;78;19;37;50;30;3.40;3;2;1;53;0;7067030;176;0
11;19;78;19;37;50;93;3.60;4;2;1;57;0;7067093;220;0
11;19;78;19;37;51;91;3.60;3;2;1;56;0;7067191;137;0
11;19;78;19;37;51;87;3.60;2;1;1;54;0;7067187;1540;0
11;19;78;19;37;53;74;3.80;3;2;1;55;0;7067374;159;0
11;19;78;19;37;53;98;3.00;1;1;1;52;0;7067398;363;0
11;19;78;19;37;54;16;4.00;4;2;1;52;0;7067416;300;0
11;19;78;19;37;55;79;3.80;3;2;1;56;0;7067579;180;7066832
11;19;78;19;37;55;74;3.60;4;2;1;51;0;7067574;130;7066832
11;19;78;19;37;56;57;3.80;1;1;1;51;0;7067657;238;0
11;19;78;19;37;57;13;4.00;3;2;1;56;0;7067713;109;7066832
11;19;78;19;37;58;20;3.60;4;2;1;52;0;7067820;220;0
11;19;78;19;37;58;53;3.60;1;1;1;53;0;7067853;169;0
11;19;78;19;38;1;48;3.80;4;2;1;54;0;7068148;303;0
11;19;78;19;38;3;3;3.60;1;1;1;56;0;7068303;425;0
11;19;78;19;38;5;58;3.40;2;1;1;46;0;7068558;1347;0
11;19;78;19;38;6;83;3.80;1;1;1;54;0;7068683;356;0
11;19;78;19;38;11;76;3.40;1;1;1;47;0;7069176;467;0
11;19;78;19;38;18;52;3.80;3;2;1;64;0;7069852;2113;0
11;19;78;19;38;23;82;4.00;3;2;1;68;0;7070382;508;0
11;19;78;19;38;26;49;3.60;4;2;1;63;0;7070649;2475;0
11;19;78;19;38;29;80;3.80;4;2;1;63;0;7070980;310;0
11;19;78;19;38;32;5;4.80;1;1;1;60;0;7071205;2002;0
11;19;78;19;38;32;86;3.60;3;2;1;62;0;7071286;882;0
11;19;78;19;38;38;74;3.00;4;2;1;61;0;7071874;872;0
11;19;78;19;38;39;97;3.60;3;2;1;50;0;7071997;690;0
11;19;78;19;38;42;29;3.40;4;2;1;55;0;7072229;337;0
11;19;78;19;38;42;89;3.60;3;2;1;58;0;7072289;266;0
11;19;78;19;38;43;53;5.40;4;2;1;57;0;7072353;101;0
11;19;78;19;38;43;94;4.00;3;2;1;59;0;7072394;82;0
11;19;78;19;38;46;43;3.40;4;2;1;53;0;7072643;255;0
11;19;78;19;38;48;80;3.20;4;2;1;54;0;7072880;213;0
11;19;78;19;38;49;62;3.60;3;2;1;55;0;7072962;543;0
11;19;78;19;38;50;38;3.40;4;2;1;55;0;7073038;136;0
11;19;78;19;38;50;35;3.60;1;1;1;56;0;7073035;1801;0
11;19;78;19;38;50;99;3.60;2;1;1;57;0;7073099;4514;0
11;19;78;19;38;51;94;3.40;1;1;1;56;0;7073194;135;0
11;19;78;19;38;55;91;3.60;2;1;1;53;0;7073591;469;0
11;19;78;19;38;56;58;3.80;1;1;1;54;0;7073658;442;0
11;19;78;19;38;57;88;10.60;1;1;2;55;0;7073788;104;0
11;19;78;19;38;59;16;3.60;4;2;1;65;0;7073916;855;0
11;19;78;19;39;2;31;4.20;1;1;1;51;0;7074231;373;0
11;19;78;19;39;2;96;5.00;4;2;1;59;0;7074296;360;0
11;19;78;19;39;3;80;3.80;1;1;1;52;0;7074380;119;0
11;19;78;19;39;5;98;3.60;3;2;1;64;0;7074598;1612;0
11;19;78;19;39;6;95;3.60;1;1;1;53;0;7074695;288;0
11;19;78;19;39;8;47;3.40;4;2;1;57;0;7074847;520;0
11;19;78;19;39;8;61;3.40;1;1;1;50;0;7074861;141;0
11;19;78;19;39;9;36;4.20;2;1;1;62;0;7074936;1320;0
11;19;78;19;39;9;67;5.20;1;1;1;49;0;7074967;81;0
11;19;78;19;39;10;30;3.40;2;1;1;62;0;7075030;69;0
11;19;78;19;39;10;28;3.40;4;2;1;57;0;7075028;159;0
11;19;78;19;39;11;97;3.80;1;1;1;51;0;7075197;191;0
11;19;78;19;39;12;94;3.40;4;2;1;56;0;7075294;244;0
11;19;78;19;39;13;36;3.80;3;2;1;60;0;7075336;717;0
11;19;78;19;39;14;29;3.80;4;2;1;57;0;7075429;113;0
11;19;78;19;39;14;53;3.80;1;1;1;52;0;7075453;229;0
11;19;78;19;39;14;85;3.80;3;2;1;60;0;7075485;126;0
11;19;78;19;39;17;0;3.80;3;2;1;59;0;7075700;192;0
11;19;78;19;39;17;54;3.40;4;2;1;57;0;7075754;301;0
11;19;78;19;39;18;66;3.40;2;1;1;61;0;7075866;816;0
11;19;78;19;39;19;18;3.20;3;2;1;57;0;7075918;194;0
11;19;78;19;39;20;28;3.60;4;2;1;56;0;7076028;252;0
11;19;78;19;39;21;71;3.60;1;1;1;64;0;7076171;691;0
11;19;78;19;39;22;11;3.60;2;1;1;59;0;7076211;324;0
11;19;78;19;39;22;67;3.60;4;2;1;55;0;7076267;215;0
11;19;78;19;39;23;4;3.80;3;2;1;55;0;7076304;365;0
11;19;78;19;39;24;71;2.80;2;1;1;56;0;7076471;238;0
11;19;78;19;39;24;62;3.80;3;2;1;57;0;7076462;133;0
11;19;78;19;39;25;2;3.20;1;1;1;57;0;7076502;310;0
11;19;78;19;39;26;45;3.40;3;2;1;54;0;7076645;159;0
11;19;78;19;39;26;71;3.60;1;1;1;61;0;7076671;148;0
11;19;78;19;39;27;59;3.60;4;2;1;53;0;7076759;468;0
11;19;78;19;39;27;96;4.00;3;2;1;56;0;7076796;128;0
11;19;78;19;39;29;68;3.40;3;2;1;55;0;7076968;146;7076304
11;19;78;19;39;29;93;3.60;4;2;1;51;0;7076993;209;0
11;19;78;19;39;30;71;3.60;3;2;1;53;0;7077071;80;7076304
11;19;78;19;39;30;72;7.60;1;1;1;57;0;7077072;379;0
11;19;78;19;39;32;17;3.00;2;1;1;59;0;7077217;728;0
11;19;78;19;39;32;46;3.40;3;2;1;51;0;7077246;150;7076304
11;19;78;19;39;32;84;3.40;4;2;1;55;0;7077284;265;0
11;19;78;19;39;33;92;3.80;3;2;1;52;0;7077392;122;7076304
11;19;78;19;39;34;39;3.00;4;2;1;54;0;7077439;132;7076304
11;19;78;19;39;34;54;4.20;1;1;1;60;0;7077454;334;0
11;19;78;19;39;35;67;3.40;3;2;1;54;0;7077567;148;7076304
11;19;78;19;39;36;9;3.80;2;1;1;57;0;7077609;373;0
11;19;78;19;39;36;97;3.60;3;2;1;47;0;7077697;107;7076304
11;19;78;19;39;37;65;3.80;2;1;1;56;0;7077765;132;7076304
11;19;78;19;39;37;84;3.20;1;1;1;56;0;7077784;304;0
11;19;78;19;39;38;26;3.00;4;2;1;54;0;7077826;367;0
11;19;78;19;39;38;23;4.20;3;2;1;47;0;7077823;98;7076304
11;19;78;19;39;39;40;3.00;3;2;1;48;0;7077940;84;7076304
11;19;78;19;39;39;49;3.60;4;2;1;52;0;7077949;103;7076304
11;19;78;19;39;40;82;4.20;3;2;1;49;0;7078082;119;7076304
11;19;78;19;39;40;95;4.00;4;2;1;49;0;7078095;121;7076304
11;19;78;19;39;41;14;3.60;2;1;1;60;0;7078114;324;0
11;19;78;19;39;42;28;3.60;1;1;1;58;0;7078228;423;0
11;19;78;19;39;42;50;7.60;4;2;6;49;0;7078250;125;0
11;19;78;19;39;44;48;3.20;1;1;1;59;0;7078448;197;0
11;19;78;19;39;46;53;3.40;4;2;1;58;0;7078653;347;0
11;19;78;19;39;52;86;3.40;4;2;1;54;0;7079286;611;0
11;19;78;19;39;58;40;3.60;2;1;1;52;0;7079840;1704;0
11;19;78;19;39;59;57;3.40;4;2;1;57;0;7079957;648;0
11;19;78;19;40;0;28;3.80;3;2;1;66;0;7080028;1915;0
11;19;78;19;40;1;68;3.20;3;2;1;57;0;7080168;119;0
11;19;78;19;40;5;7;3.60;4;2;1;59;0;7080507;528;0
11;19;78;19;40;22;24;3.20;2;1;1;54;0;7082224;2359;0
11;19;78;19;40;22;97;4.00;4;2;1;67;0;7082297;1768;0
11;19;78;19;40;22;75;5.80;1;1;1;55;0;7082275;3807;0
11;19;78;19;40;23;76;3.40;2;1;1;52;0;7082376;130;0
11;19;78;19;40;24;30;5.20;1;1;1;54;0;7082430;117;0
11;19;78;19;40;24;68;4.00;2;1;1;52;0;7082468;68;0
11;19;78;19;40;25;38;3.40;1;1;1;53;0;7082538;73;0
11;19;78;19;40;27;40;3.40;1;1;1;52;0;7082740;178;0
11;19;78;19;40;31;52;3.40;4;2;1;55;0;7083152;833;0
11;19;78;19;40;31;12;12.80;1;1;3;51;0;7083112;348;0
11;19;78;19;40;32;30;3.60;3;2;1;57;0;7083230;3041;0
11;19;78;19;40;32;84;3.40;4;2;1;51;0;7083284;109;0
11;19;78;19;40;33;35;3.40;2;1;1;51;0;7083335;839;0
11;19;78;19;40;34;28;3.60;4;2;1;51;0;7083428;120;0
11;19;78;19;40;35;24;3.40;4;2;1;66;0;7083524;70;0
11;19;78;19;40;35;65;3.60;3;2;1;52;0;7083565;312;0
11;19;78;19;40;36;51;3.40;3;2;1;54;0;7083651;61;0
11;19;78;19;40;37;97;3.60;4;2;1;54;0;7083797;254;0
11;19;78;19;40;38;5;3.40;2;1;1;60;0;7083805;446;0
11;19;78;19;40;38;76;3.60;3;2;1;52;0;7083876;202;0
11;19;78;19;40;39;78;3.00;3;2;1;53;0;7083978;77;0
11;19;78;19;40;40;38;3.60;4;2;1;51;0;7084038;217;0
11;19;78;19;40;43;4;3.40;1;1;1;51;0;7084304;1101;0
11;19;78;19;40;43;10;3.40;4;2;1;54;0;7084310;246;0
11;19;78;19;40;43;74;3.80;3;2;1;57;0;7084374;375;0
11;19;78;19;40;45;56;3.60;2;1;1;57;0;7084556;730;0
11;19;78;19;40;45;63;3.80;1;1;1;46;0;7084563;235;0
11;19;78;19;40;46;33;3.40;4;2;1;53;0;7084633;300;0
11;19;78;19;40;47;1;3.60;3;2;1;66;0;7084701;303;0
11;19;78;19;40;47;36;3.80;1;1;1;48;0;7084736;143;0
11;19;78;19;40;47;57;3.60;2;1;1;56;0;7084757;178;0
11;19;78;19;40;48;98;3.20;2;1;1;53;0;7084898;117;0
11;19;78;19;40;49;24;3.80;4;2;1;62;0;7084924;267;0
11;19;78;19;40;50;43;3.80;3;2;1;61;0;7085043;322;0
11;19;78;19;40;51;23;3.40;3;2;1;58;0;7085123;57;0
11;19;78;19;40;52;43;3.20;2;1;1;53;0;7085243;323;0
11;19;78;19;40;53;78;3.80;4;2;1;62;0;7085378;431;0
11;19;78;19;40;55;83;3.80;1;1;1;59;0;7085583;818;0
11;19;78;19;40;56;7;3.80;4;2;1;58;0;7085607;206;0
11;19;78;19;40;56;68;3.60;3;2;1;62;0;7085668;523;0
11;19;78;19;40;57;49;4.60;4;2;1;59;0;7085749;118;0
11;19;78;19;40;58;2;4.00;3;2;1;59;0;7085802;113;0
11;19;78;19;40;58;88;3.60;1;1;1;56;0;7085888;281;0
11;19;78;19;41;0;40;4.00;1;1;1;54;0;7086040;128;0
11;19;78;19;41;0;42;10.00;4;2;2;55;0;7086042;264;0
11;19;78;19;41;1;81;4.40;1;1;1;51;0;7086181;114;0
11;19;78;19;41;1;99;3.60;3;2;1;62;0;7086199;372;0
11;19;78;19;41;2;58;3.80;4;2;1;57;0;7086258;150;0
11;19;78;19;41;2;93;3.60;1;1;1;50;0;7086293;80;0
11;19;78;19;41;4;8;3.80;3;2;1;60;0;7086408;188;0
11;19;78;19;41;5;18;3.80;2;1;1;58;0;7086518;1253;0
11;19;78;19;41;5;22;3.60;4;2;1;55;0;7086522;240;0
11;19;78;19;41;6;95;3.80;1;1;1;56;0;7086695;376;0
11;19;78;19;41;6;98;3.80;3;2;1;59;0;7086698;267;0
11;19;78;19;41;8;37;3.40;4;2;1;54;0;7086837;291;0
11;19;78;19;41;9;88;3.40;1;1;1;53;0;7086988;268;0
11;19;78;19;41;11;33;3.80;4;2;1;48;0;7087133;273;0
11;19;78;19;41;12;12;3.60;2;1;1;55;0;7087212;670;0
11;19;78;19;41;14;91;4.00;2;1;1;57;0;7087491;255;0
11;19;78;19;41;16;96;4.20;1;1;1;52;0;7087696;684;0
11;19;78;19;41;31;55;3.40;1;1;1;53;0;7089155;1429;0
11;19;78;19;41;41;23;3.80;1;1;1;58;0;7090123;944;0
11;19;78;19;41;41;56;3.40;4;2;1;60;0;7090156;2994;0
11;19;78;19;41;42;29;3.20;3;2;1;60;0;7090229;3507;0
11;19;78;19;41;44;4;3.00;3;2;1;57;0;7090404;155;0
11;19;78;19;41;49;19;4.60;2;1;1;59;0;7090919;3402;0
11;19;78;19;41;53;90;3.60;1;1;1;57;0;7091390;1243;0
11;19;78;19;41;57;60;4.00;1;1;1;55;0;7091760;347;0
11;19;78;19;41;59;37;3.80;3;2;1;73;0;7091937;1514;0
11;19;78;19;42;1;0;3.40;4;2;1;61;0;7092100;1923;0
11;19;78;19;42;3;59;3.40;4;2;1;62;0;7092359;238;0
11;19;78;19;42;4;92;3.60;3;2;1;59;0;7092492;536;0
11;19;78;19;42;5;84;3.40;2;1;1;55;0;7092584;1636;0
11;19;78;19;42;6;7;3.60;4;2;1;59;0;7092607;228;0
11;19;78;19;42;6;24;3.60;3;2;1;61;0;7092624;110;0
11;19;78;19;42;7;25;4.00;1;1;1;55;0;7092725;938;0
11;19;78;19;42;7;70;3.40;4;2;1;57;0;7092770;141;0
11;19;78;19;42;7;72;4.00;3;2;1;58;0;7092772;126;0
11;19;78;19;42;7;98;3.40;2;1;1;53;0;7092798;191;0
11;19;78;19;42;10;54;3.80;1;1;1;53;0;7093054;302;0
11;19;78;19;42;11;62;3.20;2;1;1;53;0;7093162;340;0
11;19;78;19;42;11;64;3.40;4;2;1;53;0;7093164;372;0
11;19;78;19;42;13;5;3.40;2;1;1;52;0;7093305;121;0
11;19;78;19;42;12;85;6.60;1;1;1;53;0;7093285;205;0
11;19;78;19;42;14;70;3.80;4;2;1;62;0;7093470;282;0
11;19;78;19;42;15;5;3.60;2;1;1;52;0;7093505;176;0
11;19;78;19;42;16;7;3.40;2;1;1;52;0;7093607;77;0
11;19;78;19;42;16;42;5.20;1;1;1;55;0;7093642;312;0
11;19;78;19;42;17;76;4.60;2;1;1;49;0;7093776;145;7093162
11;19;78;19;42;18;95;3.20;2;1;1;50;0;7093895;85;7093162
11;19;78;19;42;19;30;5.20;1;1;1;53;0;7093930;253;0
11;19;78;19;42;19;80;3.60;2;1;1;50;0;7093980;61;7093162
11;19;78;19;42;21;18;3.80;1;1;1;52;0;7094118;152;7093162
11;19;78;19;42;21;46;3.20;2;1;1;51;0;7094146;140;7093162
11;19;78;19;42;22;94;3.80;2;1;1;52;0;7094294;125;7093162
11;19;78;19;42;23;22;3.40;1;1;1;53;0;7094322;177;7093162
11;19;78;19;42;28;64;4.20;4;2;1;62;0;7094864;1371;0
11;19;78;19;42;29;12;3.80;2;1;1;51;0;7094912;591;0
11;19;78;19;42;30;25;4.20;3;2;1;65;0;7095025;2228;0
11;19;78;19;42;30;54;3.80;2;1;1;48;0;7095054;115;0
11;19;78;19;42;31;24;3.60;4;2;1;60;0;7095124;235;0
11;19;78;19;42;32;35;3.20;2;1;1;47;0;7095235;152;0
11;19;78;19;42;32;87;3.20;4;2;1;62;0;7095287;141;0
11;19;78;19;42;33;59;3.40;2;1;1;48;0;7095359;99;0
11;19;78;19;42;34;72;3.80;3;2;1;65;0;7095472;423;0
11;19;78;19;42;35;67;3.40;4;2;1;61;0;7095567;261;0
11;19;78;19;42;37;40;4.00;3;2;1;60;0;7095740;246;0
11;19;78;19;42;38;39;4.00;1;1;1;55;0;7095839;1493;0
11;19;78;19;42;38;76;3.40;4;2;1;58;0;7095876;288;0
11;19;78;19;42;39;70;3.80;3;2;1;59;0;7095970;206;0
11;19;78;19;42;40;88;3.80;3;2;1;59;0;7096088;94;0
11;19;78;19;42;42;33;3.40;4;2;1;59;0;7096233;335;0
11;19;78;19;42;43;66;3.60;4;2;1;59;0;7096366;112;0
11;19;78;19;42;43;69;3.80;2;1;1;47;0;7096369;984;0
11;19;78;19;42;45;10;3.20;4;2;1;56;0;7096510;122;0
11;19;78;19;42;45;23;3.80;1;1;1;70;0;7096523;657;0
11;19;78;19;42;48;44;3.60;4;2;1;54;0;7096844;313;0
11;19;78;19;42;49;4;4.20;3;2;1;56;0;7096904;792;0
11;19;78;19;42;50;65;3.80;4;2;1;53;0;7097065;197;0
11;19;78;19;42;50;85;3.40;3;2;1;56;0;7097085;154;0
11;19;78;19;42;51;14;3.20;2;1;1;57;0;7097114;715;0
11;19;78;19;42;52;10;3.80;3;2;1;55;0;7097210;103;0
11;19;78;19;42;53;9;4.20;2;1;1;56;0;7097309;174;0
11;19;78;19;42;53;15;3.60;4;2;1;55;0;7097315;224;0
11;19;78;19;42;54;89;3.20;3;2;1;55;0;7097489;254;0
11;19;78;19;42;54;80;8.00;4;2;6;49;0;7097480;141;0
11;19;78;19;42;57;11;5.80;4;2;1;47;0;7097711;172;0
11;19;78;19;42;58;54;3.80;3;2;1;53;0;7097854;344;0
11;19;78;19;42;58;57;3.80;4;2;1;47;0;7097857;101;0
11;19;78;19;43;0;65;3.80;4;2;1;46;0;7098065;178;7097315
11;19;78;19;43;1;45;3.80;3;2;1;47;0;7098145;265;0
11;19;78;19;43;2;30;3.60;4;2;1;46;0;7098230;135;7097315
11;19;78;19;43;10;18;3.80;1;1;1;56;0;7099018;2475;0
11;19;78;19;43;13;42;3.60;1;1;1;60;0;7099342;299;0
11;19;78;19;43;14;40;3.40;4;2;1;58;0;7099440;1181;0
11;19;78;19;43;14;98;3.60;3;2;1;78;0;7099498;1323;0
11;19;78;19;43;17;1;7.60;4;2;2;66;0;7099701;239;0
11;19;78;19;43;18;18;4.20;1;1;1;57;0;7099818;454;0
11;19;78;19;43;21;19;3.60;4;2;1;66;0;7100119;376;0
11;19;78;19;43;25;45;3.60;1;1;1;65;0;7100545;700;0
11;19;78;19;43;33;76;3.60;4;2;1;65;0;7101376;1237;0
11;19;78;19;43;34;15;3.60;3;2;1;68;0;7101415;1900;0
11;19;78;19;43;34;83;3.00;4;2;1;63;0;7101483;87;0
11;19;78;19;43;37;20;3.80;4;2;1;60;0;7101720;219;0
11;19;78;19;43;38;7;3.60;1;1;1;59;0;7101807;1242;0
11;19;78;19;43;38;43;3.60;3;2;1;66;0;7101843;408;0
11;19;78;19;43;39;44;5.20;4;2;1;56;0;7101944;201;0
11;19;78;19;43;39;80;3.80;3;2;1;66;0;7101980;117;0
11;19;78;19;43;40;42;3.40;2;1;1;57;0;7102042;4706;0
11;19;78;19;43;40;71;3.60;1;1;1;55;0;7102071;242;0
11;19;78;19;43;41;6;3.60;4;2;1;57;0;7102106;128;0
11;19;78;19;43;42;29;3.60;4;2;1;59;0;7102229;100;0
11;19;78;19;43;42;62;4.80;1;1;1;59;0;7102262;167;0
11;19;78;19;43;42;95;3.80;2;1;1;58;0;7102295;231;0
11;19;78;19;43;44;38;3.80;2;1;1;55;0;7102438;119;0
11;19;78;19;43;44;89;4.00;3;2;1;60;0;7102489;488;0
11;19;78;19;43;47;87;3.80;1;1;1;52;0;7102787;495;0
11;19;78;19;43;50;0;3.80;1;1;1;49;0;7103000;186;0
11;19;78;19;43;52;31;4.00;1;1;1;53;0;7103231;203;0
11;19;78;19;43;52;51;4.80;4;2;1;52;0;7103251;1000;0
11;19;78;19;43;54;1;3.80;1;1;1;53;0;7103401;142;0
11;19;78;19;43;54;15;3.60;4;2;1;53;0;7103415;130;0
11;19;78;19;43;55;14;3.60;2;1;1;55;0;7103514;1051;0
11;19;78;19;43;56;22;3.40;4;2;1;53;0;7103622;182;0
11;19;78;19;43;59;76;3.80;3;2;1;61;0;7103976;1463;0
11;19;78;19;44;0;45;3.40;2;1;1;52;0;7104045;507;0
11;19;78;19;44;1;72;3.60;1;1;1;56;0;7104172;745;0
11;19;78;19;44;4;15;3.60;2;1;1;59;0;7104415;346;0
11;19;78;19;44;4;24;3.80;1;1;1;47;0;7104424;228;0
11;19;78;19;44;5;7;3.60;4;2;1;54;0;7104507;861;0
11;19;78;19;44;5;33;4.00;2;1;1;55;0;7104533;96;0
11;19;78;19;44;5;72;3.80;1;1;1;47;0;7104572;118;0
11;19;78;19;44;7;24;3.60;2;1;1;49;0;7104724;164;0
11;19;78;19;44;7;76;3.80;4;2;1;55;0;7104776;245;0
11;19;78;19;44;8;81;3.40;2;1;1;50;0;7104881;130;0
11;19;78;19;44;8;93;3.60;4;2;1;56;0;7104893;92;0
11;19;78;19;44;11;76;3.20;1;1;1;56;0;7105176;574;0
11;19;78;19;44;12;55;4.40;2;1;1;50;0;7105255;349;0
11;19;78;19;44;14;63;3.00;4;2;1;56;0;7105463;546;0
11;19;78;19;44;14;96;3.60;1;1;1;54;0;7105496;299;0
11;19;78;19;44;15;16;3.60;2;1;1;50;0;7105516;229;0
11;19;78;19;44;15;73;3.40;3;2;1;56;0;7105573;1574;0
11;19;78;19;44;16;69;4.00;3;2;1;57;0;7105669;74;0
11;19;78;19;44;18;16;3.20;4;2;1;58;0;7105816;333;0
11;19;78;19;44;18;51;3.20;3;2;1;57;0;7105851;156;0
11;19;78;19;44;19;54;3.80;3;2;1;57;0;7105954;82;0
11;19;78;19;44;20;23;3.60;2;1;1;52;0;7106023;481;0
11;19;78;19;44;20;27;3.80;1;1;1;53;0;7106027;507;0
11;19;78;19;44;20;81;3.40;3;2;1;59;0;7106081;103;7105573
11;19;78;19;44;21;25;3.80;4;2;1;54;0;7106125;289;0
11;19;78;19;44;21;57;3.20;1;1;1;52;0;7106157;104;0
11;19;78;19;44;22;18;4.60;3;2;1;58;0;7106218;116;7105573
11;19;78;19;44;23;23;3.60;4;2;1;57;0;7106323;172;7105573
11;19;78;19;44;23;32;3.60;3;2;1;58;0;7106332;85;7105573
11;19;78;19;44;23;35;3.80;2;1;1;55;0;7106335;287;0
11;19;78;19;44;24;69;3.80;1;1;1;54;0;7106469;289;0
11;19;78;19;44;24;87;3.40;4;2;1;54;0;7106487;141;0
11;19;78;19;44;25;82;3.60;3;2;1;58;0;7106582;227;0
11;19;78;19;44;26;6;3.60;4;2;1;55;0;7106606;96;0
11;19;78;19;44;26;40;3.40;1;1;1;53;0;7106640;145;0
11;19;78;19;44;26;50;3.80;2;1;1;55;0;7106650;290;0
11;19;78;19;44;28;80;4.00;2;1;1;57;0;7106880;205;0
11;19;78;19;44;28;98;3.80;3;2;1;59;0;7106898;293;0
11;19;78;19;44;29;39;3.60;1;1;1;55;0;7106939;275;0
11;19;78;19;44;30;26;3.20;4;2;1;56;0;7107026;396;0
11;19;78;19;44;30;68;3.60;2;1;1;57;0;7107068;162;0
11;19;78;19;44;31;43;3.00;1;1;1;55;0;7107143;180;0
11;19;78;19;44;31;76;4.20;3;2;1;58;0;7107176;254;0
11;19;78;19;44;31;91;4.00;2;1;1;56;0;7107191;100;0
11;19;78;19;44;33;40;3.40;4;2;1;50;0;7107340;293;0
11;19;78;19;44;33;80;3.80;2;1;1;56;0;7107380;163;0
11;19;78;19;44;34;66;3.40;4;2;1;49;0;7107466;101;0
11;19;78;19;44;35;49;4.40;3;2;1;50;0;7107549;346;0
11;19;78;19;44;36;40;3.00;1;1;1;55;0;7107640;477;0
11;19;78;19;44;37;3;3.60;3;2;1;45;0;7107703;122;0
11;19;78;19;44;38;13;3.80;1;1;1;51;0;7107813;153;0
11;19;78;19;44;38;78;4.00;3;2;1;50;0;7107878;146;0
11;19;78;19;44;39;20;3.40;1;1;1;51;0;7107920;80;0
11;19;78;19;44;40;76;4.20;2;1;1;62;0;7108076;671;0
11;19;78;19;44;41;72;3.60;1;1;1;54;0;7108172;228;0
11;19;78;19;44;57;41;3.40;4;2;1;59;0;7109741;2250;0
11;19;78;19;45;1;26;3.60;4;2;1;57;0;7110126;364;0
11;19;78;19;45;3;10;3.80;1;1;1;61;0;7110310;2114;0
11;19;78;19;45;12;96;3.60;1;1;1;48;0;7111296;963;0
11;19;78;19;45;14;53;3.80;1;1;1;50;0;7111453;130;0
11;19;78;19;45;14;97;3.20;4;2;1;57;0;7111497;1348;0
11;19;78;19;45;16;42;3.60;3;2;1;58;0;7111642;3735;0
11;19;78;19;45;18;17;3.60;3;2;1;54;0;7111817;152;0
11;19;78;19;45;19;92;3.60;3;2;1;57;0;7111992;151;0
11;19;78;19;45;20;87;3.20;4;2;1;56;0;7112087;569;0
11;19;78;19;45;22;4;3.80;3;2;1;58;0;7112204;189;0
11;19;78;19;45;24;19;3.60;4;2;1;57;0;7112419;311;0
11;19;78;19;45;24;67;3.40;3;2;1;57;0;7112467;239;0
11;19;78;19;45;25;74;3.40;3;2;1;56;0;7112574;85;0
11;19;78;19;45;26;1;3.60;4;2;1;54;0;7112601;159;0
11;19;78;19;45;26;4;3.80;1;1;1;58;0;7112604;1123;0
11;19;78;19;45;26;59;3.80;3;2;1;57;0;7112659;63;0
11;19;78;19;45;27;40;3.60;2;1;1;58;0;7112740;4639;0
11;19;78;19;45;27;92;3.60;4;2;1;50;0;7112792;167;0
11;19;78;19;45;28;29;3.60;1;1;1;62;0;7112829;201;0
11;19;78;19;45;29;22;3.40;2;1;1;58;0;7112922;159;0
11;19;78;19;45;31;71;3.40;3;2;1;58;0;7113171;488;0
11;19;78;19;45;33;42;4.00;1;1;1;61;0;7113342;492;0
11;19;78;19;45;33;44;3.80;2;1;1;58;0;7113344;400;0
11;19;78;19;45;35;25;3.80;1;1;1;60;0;7113525;159;0
11;19;78;19;45;36;71;3.80;2;1;1;62;0;7113671;303;0
11;19;78;19;45;36;83;3.60;1;1;1;60;0;7113683;135;0
11;19;78;19;45;37;23;3.80;3;2;1;68;0;7113723;530;0
11;19;78;19;45;37;95;3.20;4;2;1;62;0;7113795;977;0
11;19;78;19;45;38;60;3.60;2;1;1;60;0;7113860;166;0
11;19;78;19;45;39;18;4.80;1;1;1;56;0;7113918;213;0
11;19;78;19;45;39;92;11.40;4;2;3;51;0;7113992;178;0
11;19;78;19;45;41;22;3.20;1;1;1;54;0;7114122;173;0
11;19;78;19;45;41;22;5.80;2;1;1;56;0;7114122;240;0
11;19;78;19;45;42;45;4.20;1;1;1;53;0;7114245;101;0
11;19;78;19;45;44;27;3.60;4;2;1;62;0;7114427;354;0
11;19;78;19;45;45;32;3.80;3;2;1;70;0;7114532;788;0
11;19;78;19;45;45;37;3.60;4;2;1;59;0;7114537;89;0
11;19;78;19;45;45;50;14.60;1;1;3;50;0;7114550;276;0
11;19;78;19;45;48;72;3.00;4;2;1;57;0;7114872;313;0
11;19;78;19;45;49;10;3.60;1;1;1;53;0;7114910;254;0
11;19;78;19;45;49;13;3.20;2;1;1;49;0;7114913;753;0
11;19;78;19;45;51;29;3.60;1;1;1;50;0;7115129;194;0
11;19;78;19;45;53;4;3.20;3;2;1;67;0;7115304;752;0
11;19;78;19;45;53;46;11.80;4;2;3;60;0;7115346;455;0
11;19;78;19;45;54;28;3.80;3;2;1;61;0;7115428;106;0
11;19;78;19;45;56;65;4.00;3;2;1;61;0;7115665;214;0
11;19;78;19;45;57;53;3.40;4;2;1;59;0;7115753;336;0
11;19;78;19;45;58;31;3.80;3;2;1;63;0;7115831;142;0
11;19;78;19;45;59;55;3.40;3;2;1;59;0;7115955;102;0
11;19;78;19;46;0;8;3.60;1;1;1;54;0;7116008;853;0
11;19;78;19;46;0;16;4.00;4;2;1;58;0;7116016;242;0
11;19;78;19;46;0;68;3.20;2;1;1;56;0;7116068;1131;0
11;19;78;19;46;0;86;4.00;3;2;1;62;0;7116086;110;0
11;19;78;19;46;1;20;3.40;1;1;1;53;0;7116120;88;0
11;19;78;19;46;2;32;5.20;3;2;1;61;0;7116232;122;7115665
11;19;78;19;46;3;48;4.00;1;1;1;54;0;7116348;204;0
11;19;78;19;46;5;4;4.00;3;2;1;63;0;7116504;241;0
11;19;78;19;46;5;11;3.40;4;2;1;54;0;7116511;470;0
11;19;78;19;46;6;50;3.40;3;2;1;59;0;7116650;123;0
11;19;78;19;46;7;5;3.40;4;2;1;54;0;7116705;171;0
11;19;78;19;46;8;53;3.60;3;2;1;60;0;7116853;182;0
11;19;78;19;46;9;85;3.40;4;2;1;52;0;7116985;257;0
11;19;78;19;46;10;50;3.60;3;2;1;59;0;7117050;175;0
11;19;78;19;46;10;67;3.60;1;1;1;46;0;7117067;692;0
11;19;78;19;46;11;22;3.40;2;1;1;51;0;7117122;1033;0
11;19;78;19;46;11;83;3.80;4;2;1;48;0;7117183;174;0
11;19;78;19;46;12;89;3.20;4;2;1;46;0;7117289;77;0
11;19;78;19;46;15;53;3.40;4;2;1;47;0;7117553;238;0
11;19;78;19;46;16;90;3.00;3;2;1;49;0;7117690;618;0
11;19;78;19;46;16;99;5.00;4;2;1;53;0;7117699;119;0
11;19;78;19;46;17;69;3.80;3;2;1;51;0;7117769;56;0
11;19;78;19;46;18;97;3.40;4;2;1;54;0;7117897;164;0
11;19;78;19;46;19;18;3.60;3;2;1;52;0;7117918;122;0
11;19;78;19;46;20;82;3.80;1;1;1;57;0;7118082;986;0
11;19;78;19;46;21;39;3.60;3;2;1;49;0;7118139;196;0
11;19;78;19;46;22;61;3.80;3;2;1;47;0;7118261;95;7117690
11;19;78;19;46;23;34;2.80;4;2;1;50;0;7118334;414;0
11;19;78;19;46;26;44;3.80;4;2;1;50;0;7118644;289;0
11;19;78;19;46;28;24;3.40;3;2;1;58;0;7118824;533;0
11;19;78;19;46;38;23;3.40;1;1;1;51;0;7119823;1717;0
11;19;78;19;46;38;85;3.80;4;2;1;55;0;7119885;1213;0
11;19;78;19;46;40;52;3.00;4;2;1;54;0;7120052;142;0
11;19;78;19;46;51;94;5.00;1;1;1;53;0;7121194;1347;0
11;19;78;19;46;52;67;4.00;2;1;1;52;0;7121267;4121;0
11;19;78;19;46;55;44;4.00;3;2;1;68;0;7121544;2698;0
11;19;78;19;46;55;66;3.40;4;2;1;57;0;7121566;1494;0
11;19;78;19;46;56;50;3.40;4;2;1;56;0;7121650;62;0
11;19;78;19;46;59;0;3.60;1;1;1;57;0;7121900;672;0
11;19;78;19;46;59;44;4.00;4;2;1;60;0;7121944;272;0
11;19;78;19;47;1;32;3.60;4;2;1;57;0;7122132;164;0
11;19;78;19;47;3;0;3.40;3;2;1;56;0;7122300;734;0
11;19;78;19;47;3;46;4.40;4;2;1;68;0;7122346;191;0
11;19;78;19;47;4;75;3.20;3;2;1;57;0;7122475;153;0
11;19;78;19;47;6;46;14.40;4;2;4;60;0;7122646;276;0
11;19;78;19;47;8;71;3.40;4;2;1;57;0;7122871;138;0
11;19;78;19;47;9;79;3.60;3;2;1;64;0;7122979;483;0
11;19;78;19;47;11;17;3.40;4;2;1;57;0;7123117;224;0
11;19;78;19;47;11;42;3.80;1;1;1;57;0;7123142;1219;0
11;19;78;19;47;14;7;3.80;4;2;1;56;0;7123407;268;0
11;19;78;19;47;16;30;3.40;2;1;1;55;0;7123630;2335;0
11;19;78;19;47;22;24;3.80;2;1;1;59;0;7124224;571;0
11;19;78;19;47;23;72;3.00;2;1;1;57;0;7124372;124;0
11;19;78;19;47;24;60;3.80;2;1;1;57;0;7124460;69;0
11;19;78;19;47;26;31;3.40;1;1;1;55;0;7124631;1465;0
11;19;78;19;47;26;99;3.60;2;1;1;58;0;7124699;215;0
11;19;78;19;47;28;32;4.00;3;2;1;56;0;7124832;1832;0
11;19;78;19;47;28;67;3.20;2;1;1;56;0;7124867;145;0
11;19;78;19;47;29;21;4.00;3;2;1;56;0;7124921;63;0
11;19;78;19;47;29;33;3.80;1;1;1;51;0;7124933;279;0
11;19;78;19;47;30;12;4.40;2;1;1;53;0;7125012;124;0
11;19;78;19;47;30;34;3.40;4;2;1;55;0;7125034;1602;0
11;19;78;19;47;30;53;2.80;3;2;1;56;0;7125053;106;0
11;19;78;19;47;30;84;3.40;1;1;1;52;0;7125084;124;0
11;19;78;19;47;31;77;3.60;4;2;1;54;0;7125177;120;0
11;19;78;19;47;33;9;3.40;4;2;1;53;0;7125309;108;0
11;19;78;19;47;34;36;3.60;2;1;1;54;0;7125436;394;0
11;19;78;19;47;35;40;3.20;2;1;1;51;0;7125540;80;0
11;19;78;19;47;35;77;4.00;3;2;1;54;0;7125577;506;0
11;19;78;19;47;36;59;3.60;4;2;1;56;0;7125659;326;0
11;19;78;19;47;36;82;3.40;2;1;1;53;0;7125682;119;0
11;19;78;19;47;36;89;4.00;3;2;1;54;0;7125689;85;0
11;19;78;19;47;36;99;11.40;1;1;3;54;0;7125699;591;0
11;19;78;19;47;38;23;4.40;2;1;1;54;0;7125823;117;0
11;19;78;19;47;38;59;2.40;4;2;1;56;0;7125859;176;0
11;19;78;19;47;39;49;3.80;3;2;1;57;0;7125949;233;0
11;19;78;19;47;39;54;3.20;2;1;1;54;0;7125954;101;7125436
11;19;78;19;47;39;85;3.40;4;2;1;62;0;7125985;110;7125436
11;19;78;19;47;39;90;3.60;1;1;1;50;0;7125990;215;0
11;19;78;19;47;41;54;3.40;1;1;1;50;0;7126154;138;0
11;19;78;19;47;42;80;4.00;3;2;1;62;0;7126280;307;0
11;19;78;19;47;42;84;4.00;2;1;1;54;0;7126284;308;0
11;19;78;19;47;43;33;3.20;4;2;1;60;0;7126333;328;0
11;19;78;19;47;44;61;3.20;1;1;1;51;0;7126461;282;0
11;19;78;19;47;45;20;3.40;3;2;1;61;0;7126520;216;0
11;19;78;19;47;46;3;3.60;1;1;1;47;0;7126603;119;0
11;19;78;19;47;46;44;3.00;4;2;1;52;0;7126644;291;0
11;19;78;19;47;46;75;5.00;2;1;1;52;0;7126675;364;0
11;19;78;19;47;47;31;4.20;1;1;1;43;0;7126731;100;0
11;19;78;19;47;47;62;3.00;4;2;1;51;0;7126762;97;0
11;19;78;19;47;48;34;3.80;3;2;1;63;0;7126834;293;0
11;19;78;19;47;50;3;3.80;1;1;1;44;0;7127003;236;0
11;19;78;19;47;51;9;3.60;4;2;1;54;0;7127109;325;0
11;19;78;19;47;51;31;3.60;3;2;1;56;0;7127131;275;0
11;19;78;19;47;51;78;3.80;1;1;1;42;0;7127178;143;0
11;19;78;19;47;52;67;3.80;3;2;1;56;0;7127267;112;0
11;19;78;19;47;53;44;3.80;4;2;1;55;0;7127344;211;0
11;19;78;19;47;54;5;3.40;1;1;1;38;0;7127405;194;0
11;19;78;19;47;54;33;3.40;3;2;1;55;0;7127433;141;0
11;19;78;19;47;54;94;3.60;4;2;1;54;0;7127494;125;0
11;19;78;19;47;55;54;3.80;2;1;1;61;0;7127554;844;0
11;19;78;19;47;55;61;3.60;3;2;1;56;0;7127561;105;0
11;19;78;19;47;57;20;4.80;1;1;1;50;0;7127720;282;0
11;19;78;19;47;57;43;3.80;2;1;1;55;0;7127743;166;0
11;19;78;19;47;57;45;3.80;4;2;1;50;0;7127745;227;0
11;19;78;19;47;57;86;3.80;3;2;1;55;0;7127786;201;0
11;19;78;19;47;58;82;3.60;4;2;1;50;0;7127882;109;0
11;19;78;19;47;58;95;5.40;2;1;1;52;0;7127895;127;0
11;19;78;19;47;59;25;3.60;3;2;1;57;0;7127925;114;0
11;19;78;19;47;59;63;3.20;1;1;1;54;0;7127963;208;0
11;19;78;19;47;59;98;3.60;2;1;1;53;0;7127998;65;0
11;19;78;19;48;0;68;3.40;1;1;1;53;0;7128068;83;0
11;19;78;19;48;0;95;3.00;3;2;1;49;0;7128095;147;0
11;19;78;19;48;3;25;3.60;1;1;1;50;0;7128325;233;0
11;19;78;19;48;3;71;3.80;3;2;1;49;0;7128371;253;0
11;19;78;19;48;3;95;3.60;2;1;1;53;0;7128395;372;0
11;19;78;19;48;4;90;3.80;2;1;1;53;0;7128490;70;0
11;19;78;19;48;5;56;4.60;3;2;1;48;0;7128556;157;0
11;19;78;19;48;6;92;3.80;3;2;1;50;0;7128692;101;0
11;19;78;19;48;9;17;3.60;1;1;1;53;0;7128917;566;0
11;19;78;19;48;9;45;3.40;4;2;1;50;0;7128945;1037;0
11;19;78;19;48;10;30;3.80;3;2;1;50;0;7129030;310;0
11;19;78;19;48;10;42;3.60;1;1;1;53;0;7129042;100;0
11;19;78;19;48;11;3;3.80;2;1;1;54;0;7129103;587;0
11;19;78;19;48;12;31;4.20;1;1;1;53;0;7129231;164;0
11;19;78;19;48;14;7;3.40;1;1;1;54;0;7129407;147;0
11;19;78;19;48;15;80;3.60;1;1;1;54;0;7129580;150;7128917
11;19;78;19;48;19;31;3.60;1;1;1;63;0;7129931;327;0
11;19;78;19;48;21;55;4.40;2;1;1;56;0;7130155;1026;0
11;19;78;19;48;24;77;3.40;2;1;1;50;0;7130477;293;0
11;19;78;19;48;28;58;3.80;2;1;1;63;0;7130858;356;0
11;19;78;19;48;29;26;3.60;1;1;1;50;0;7130926;974;0
11;19;78;19;48;30;25;3.40;4;2;1;59;0;7131025;2055;0
11;19;78;19;48;30;89;4.00;3;2;1;57;0;7131089;2031;0
11;19;78;19;48;31;34;3.20;1;1;1;48;0;7131134;182;0
11;19;78;19;48;31;87;3.40;4;2;1;57;0;7131187;141;0
11;19;78;19;48;33;43;3.60;1;1;1;51;0;7131343;185;0
11;19;78;19;48;33;83;3.60;4;2;1;56;0;7131383;174;0
11;19;78;19;48;35;17;3.60;1;1;1;51;0;7131517;148;0
11;19;78;19;48;36;15;3.80;1;1;1;52;0;7131615;72;7130926
11;19;78;19;48;39;81;3.80;2;1;1;58;0;7131981;1101;0
11;19;78;19;48;40;78;4.00;3;2;1;61;0;7132078;963;0
11;19;78;19;48;40;99;3.20;4;2;1;57;0;7132099;692;0
11;19;78;19;48;41;12;3.80;2;1;1;57;0;7132112;107;0
11;19;78;19;48;42;20;3.80;3;2;1;62;0;7132220;118;0
11;19;78;19;48;43;29;3.60;4;2;1;56;0;7132329;209;0
11;19;78;19;48;43;80;3.80;2;1;1;59;0;7132380;244;0
11;19;78;19;48;44;1;3.80;1;1;1;47;0;7132401;759;0
11;19;78;19;48;44;71;3.60;4;2;1;61;0;7132471;118;0
11;19;78;19;48;44;63;3.60;3;2;1;57;0;7132463;220;0
11;19;78;19;48;47;5;3.80;3;2;1;62;0;7132705;219;0
11;19;78;19;48;47;6;4.60;4;2;1;60;0;7132706;213;0
11;19;78;19;48;47;65;3.60;1;1;1;53;0;7132765;334;0
11;19;78;19;48;50;24;3.20;4;2;1;54;0;7133024;290;0
11;19;78;19;48;55;2;3.60;4;2;1;52;0;7133502;456;0
11;19;78;19;48;56;31;4.00;4;2;1;54;0;7133631;104;0
11;19;78;19;49;2;98;3.60;4;2;1;56;0;7134298;640;0
11;19;78;19;49;5;14;3.60;4;2;1;68;0;7134514;192;0
11;19;78;19;49;6;28;3.20;3;2;1;65;0;7134628;1900;0
11;19;78;19;49;9;61;3.60;3;2;1;63;0;7134961;315;0
11;19;78;19;49;10;95;3.40;4;2;1;63;0;7135095;561;0
11;19;78;19;49;13;52;3.60;4;2;1;55;0;7135352;237;0
11;19;78;19;49;14;16;3.40;3;2;1;60;0;7135416;434;0
11;19;78;19;49;15;35;3.80;4;2;1;50;0;7135535;159;0
11;19;78;19;49;16;95;3.40;4;2;1;54;0;7135695;132;0
11;19;78;19;49;18;82;3.80;4;2;1;55;0;7135882;164;0
11;19;78;19;49;20;16;3.80;3;2;1;60;0;7136016;579;0
11;19;78;19;49;22;2;3.80;3;2;1;58;0;7136202;163;0
11;19;78;19;49;22;45;3.60;4;2;1;54;0;7136245;338;0
11;19;78;19;49;23;43;3.60;3;2;1;60;0;7136343;117;0
11;19;78;19;49;24;75;3.80;3;2;1;57;0;7136475;110;0
11;19;78;19;49;25;8;3.40;1;1;1;64;0;7136508;3718;0
11;19;78;19;49;25;28;3.40;4;2;1;55;0;7136528;259;0
11;19;78;19;49;26;74;6.00;3;2;1;55;0;7136674;175;7136016
11;19;78;19;49;28;33;3.40;1;1;1;53;0;7136833;305;0
11;19;78;19;49;28;13;3.20;4;2;1;56;0;7136813;262;0
11;19;78;19;49;28;13;3.20;3;2;1;55;0;7136813;99;7136016
11;19;78;19;49;29;35;3.60;3;2;1;57;0;7136935;101;7136016
11;19;78;19;49;29;70;4.20;2;1;1;56;0;7136970;4566;0
11;19;78;19;49;30;5;4.00;1;1;1;51;0;7137005;148;0
11;19;78;19;49;30;40;3.60;3;2;1;57;0;7137040;82;7136016
11;19;78;19;49;30;90;3.80;1;1;1;52;0;7137090;56;7136016
11;19;78;19;49;31;17;3.40;4;2;1;53;0;7137117;283;0
11;19;78;19;49;32;1;3.00;3;2;1;58;0;7137201;138;7136016
11;19;78;19;49;33;7;3.00;1;1;1;56;0;7137307;190;7136016
11;19;78;19;49;33;24;3.40;4;2;1;51;0;7137324;183;7136016
11;19;78;19;49;33;81;3.80;2;1;1;51;0;7137381;384;0
11;19;78;19;49;34;15;4.80;3;2;1;56;0;7137415;195;7136016
11;19;78;19;49;34;64;3.20;4;2;1;50;0;7137464;116;7136016
11;19;78;19;49;34;70;4.00;1;1;1;55;0;7137470;143;7136833
11;19;78;19;49;35;38;3.20;2;1;1;49;0;7137538;130;7136833
11;19;78;19;49;35;45;3.60;3;2;1;57;0;7137545;99;7136016
11;19;78;19;49;36;7;3.60;4;2;1;49;0;7137607;119;7136016
11;19;78;19;49;36;81;3.60;2;1;1;52;0;7137681;119;7136016
11;19;78;19;49;36;74;9.80;3;2;2;57;0;7137674;106;7136016
11;19;78;19;49;37;37;3.60;4;2;1;49;0;7137737;103;7137117
11;19;78;19;49;38;42;3.80;4;2;1;50;0;7137842;78;7137117
11;19;78;19;49;39;92;4.60;2;1;1;60;0;7137992;286;0
11;19;78;19;49;41;38;3.80;4;2;1;54;0;7138138;268;0
11;19;78;19;49;41;37;4.00;1;1;1;52;0;7138137;640;0
11;19;78;19;49;42;31;3.20;2;1;1;56;0;7138231;211;0
11;19;78;19;49;42;50;3.20;1;1;1;52;0;7138250;85;0
11;19;78;19;49;42;69;3.80;3;2;1;65;0;7138269;533;0
11;19;78;19;49;44;15;3.80;1;1;1;51;0;7138415;142;0
11;19;78;19;49;46;92;3.80;1;1;1;58;0;7138692;250;0
11;19;78;19;49;52;98;3.40;2;1;1;57;0;7139298;1046;0
11;19;78;19;49;53;9;3.60;1;1;1;57;0;7139309;593;0
11;19;78;19;49;55;53;3.60;2;1;1;55;0;7139553;233;0
11;19;78;19;49;55;73;3.80;1;1;1;55;0;7139573;241;0
11;19;78;19;49;56;59;3.40;2;1;1;54;0;7139659;82;0
11;19;78;19;49;57;75;3.00;1;1;1;59;0;7139775;177;0
11;19;78;19;49;59;47;3.40;2;1;1;53;0;7139947;265;0
11;19;78;19;50;0;97;3.20;1;1;1;57;0;7140097;303;0
11;19;78;19;50;2;58;3.60;4;2;1;62;0;7140258;2094;0
11;19;78;19;50;5;80;4.00;3;2;1;69;0;7140580;2289;0
11;19;78;19;50;6;52;3.60;1;1;1;54;0;7140652;534;0
11;19;78;19;50;6;77;3.80;4;2;1;61;0;7140677;398;0
11;19;78;19;50;8;16;3.40;2;1;1;56;0;7140816;845;0
11;19;78;19;50;9;27;3.60;4;2;1;62;0;7140927;227;0
11;19;78;19;50;9;79;3.80;3;2;1;60;0;7140979;378;0
11;19;78;19;50;9;55;22.80;1;1;5;55;0;7140955;279;0
11;19;78;19;50;14;79;3.80;2;1;1;73;0;7141479;641;0
11;19;78;19;50;17;60;3.80;3;2;1;60;0;7141760;758;0
11;19;78;19;50;25;89;3.60;3;2;1;58;0;7142589;806;0
11;19;78;19;50;28;91;3.80;1;1;1;56;0;7142891;1786;0
11;19;78;19;50;31;31;3.60;1;1;1;52;0;7143131;215;0
11;19;78;19;50;31;97;3.40;3;2;1;53;0;7143197;585;0
11;19;78;19;50;32;71;3.20;4;2;1;48;0;7143271;2323;0
11;19;78;19;50;33;57;3.80;1;1;1;62;0;7143357;201;0
11;19;78;19;50;35;50;3.60;4;2;1;55;0;7143550;255;0
11;19;78;19;50;49;24;3.80;4;2;1;60;0;7144924;1350;0
11;19;78;19;50;52;17;3.80;4;2;1;57;0;7145217;270;0
11;19;78;19;50;52;84;3.20;1;1;1;60;0;7145284;1904;0
11;19;78;19;50;53;38;3.40;3;2;1;61;0;7145338;2117;0
11;19;78;19;50;55;0;3.40;3;2;1;61;0;7145500;141;0
11;19;78;19;50;55;6;3.80;1;1;1;58;0;7145506;202;0
11;19;78;19;50;56;49;4.20;3;2;1;60;0;7145649;128;0
11;19;78;19;50;59;30;3.20;4;2;1;52;0;7145930;689;0
11;19;78;19;51;0;6;3.60;3;2;1;61;0;7146006;331;0
11;19;78;19;51;0;78;3.60;4;2;1;52;0;7146078;125;0
11;19;78;19;51;1;61;4.20;3;2;1;64;0;7146161;133;0
11;19;78;19;51;2;14;3.60;4;2;1;50;0;7146214;111;0
11;19;78;19;51;3;41;4.00;3;2;1;62;0;7146341;156;0
11;19;78;19;51;4;7;3.40;4;2;1;51;0;7146407;167;0
11;19;78;19;51;4;58;3.20;3;2;1;59;0;7146458;93;0
11;19;78;19;51;5;50;3.40;3;2;1;53;0;7146550;72;7146006
11;19;78;19;51;6;75;3.40;3;2;1;55;0;7146675;101;7146006
11;19;78;19;51;6;87;3.00;4;2;1;55;0;7146687;256;0
11;19;78;19;51;7;20;3.20;1;1;1;55;0;7146720;1190;0
11;19;78;19;51;8;39;3.80;3;2;1;57;0;7146839;141;7146006
11;19;78;19;51;8;69;3.40;4;2;1;54;0;7146869;162;7146006
11;19;78;19;51;9;54;3.60;3;2;1;55;0;7146954;91;7146006
11;19;78;19;51;10;4;3.40;4;2;1;51;0;7147004;112;7146006
11;19;78;19;51;10;7;4.00;1;1;1;55;0;7147007;266;0
11;19;78;19;51;10;36;5.00;3;2;1;55;0;7147036;58;7146006
11;19;78;19;51;11;27;3.60;1;1;1;57;0;7147127;93;7146006
11;19;78;19;51;11;97;4.00;3;2;1;57;0;7147197;128;7146006
11;19;78;19;51;12;11;3.40;2;1;1;55;0;7147211;5713;0
11;19;78;19;51;12;43;3.60;1;1;1;55;0;7147243;93;0
11;19;78;19;51;14;44;3.20;3;2;1;58;0;7147444;221;0
11;19;78;19;51;14;22;12.60;1;1;3;53;0;7147422;155;0
11;19;78;19;51;16;89;3.80;4;2;1;52;0;7147689;661;0
11;19;78;19;51;17;93;14.80;1;1;4;50;0;7147793;285;0
11;19;78;19;51;21;91;3.60;1;1;1;47;0;7148191;291;0
11;19;78;19;51;22;62;3.40;3;2;1;52;0;7148262;798;0
11;19;78;19;51;26;30;4.40;1;1;1;48;0;7148630;411;0
11;19;78;19;51;28;27;3.60;1;1;1;49;0;7148827;164;0
11;19;78;19;51;29;25;4.20;2;1;1;58;0;7148925;1691;0
11;19;78;19;51;33;36;2.80;4;2;1;62;0;7149336;1620;0
11;19;78;19;51;33;60;4.00;2;1;1;55;0;7149360;408;0
11;19;78;19;51;36;90;3.40;2;1;1;55;0;7149690;303;0
11;19;78;19;51;46;46;3.60;3;2;1;62;0;7150646;2360;0
11;19;78;19;51;49;69;4.40;2;1;1;52;0;7150969;1256;0
11;19;78;19;51;50;13;3.60;1;1;1;55;0;7151013;2159;0
11;19;78;19;51;51;16;3.80;2;1;1;53;0;7151116;116;0
11;19;78;19;51;51;74;4.00;3;2;1;60;0;7151174;507;0
11;19;78;19;51;52;90;3.80;2;1;1;51;0;7151290;148;0
11;19;78;19;51;53;86;3.80;3;2;1;75;0;7151386;188;0
11;19;78;19;51;54;5;3.80;1;1;1;52;0;7151405;368;0
11;19;78;19;51;54;32;4.00;4;2;1;62;0;7151432;2079;0
11;19;78;19;51;55;29;3.40;3;2;1;61;0;7151529;124;0
11;19;78;19;51;55;66;3.60;2;1;1;56;0;7151566;249;0
11;19;78;19;51;56;30;3.60;1;1;1;51;0;7151630;198;0
11;19;78;19;51;59;95;3.60;1;1;1;50;0;7151995;339;0
11;19;78;19;52;1;39;3.60;4;2;1;59;0;7152139;683;0
11;19;78;19;52;1;64;3.60;2;1;1;56;0;7152164;574;0
11;19;78;19;52;2;93;4.00;2;1;1;55;0;7152293;105;0
11;19;78;19;52;4;59;4.80;4;2;1;52;0;7152459;298;0
11;19;78;19;52;4;93;3.20;2;1;1;53;0;7152493;173;0
11;19;78;19;52;4;99;4.00;1;1;1;51;0;7152499;478;0
11;19;78;19;52;6;27;3.80;4;2;1;53;0;7152627;134;0
11;19;78;19;52;10;17;3.40;3;2;1;60;0;7153017;1467;0
11;19;78;19;52;10;79;3.60;4;2;1;56;0;7153079;426;0
11;19;78;19;52;13;46;4.00;4;2;1;56;0;7153346;243;0
11;19;78;19;52;15;14;3.00;4;2;1;56;0;7153514;142;0
11;19;78;19;52;20;75;3.60;4;2;1;60;0;7154075;541;0
11;19;78;19;52;23;93;3.60;3;2;1;61;0;7154393;1355;0
11;19;78;19;52;25;30;4.00;3;2;1;65;0;7154530;115;0
11;19;78;19;52;29;8;3.80;4;2;1;59;0;7154908;811;0
11;19;78;19;52;32;18;3.80;3;2;1;63;0;7155218;665;0
11;19;78;19;52;34;71;3.40;4;2;1;55;0;7155471;539;0
11;19;78;19;52;36;14;3.60;3;2;1;59;0;7155614;374;0
11;19;78;19;52;36;23;3.20;4;2;1;52;0;7155623;129;0
11;19;78;19;52;37;80;3.60;4;2;1;53;0;7155780;134;0
11;19;78;19;52;38;69;3.80;3;2;1;60;0;7155869;233;0
11;19;78;19;52;40;55;3.00;4;2;1;51;0;7156055;250;0
11;19;78;19;52;41;23;3.80;3;2;1;58;0;7156123;231;0
11;19;78;19;52;42;64;3.60;4;2;1;58;0;7156264;187;0
11;19;78;19;52;44;58;3.40;4;2;1;59;0;7156458;171;0
11;19;78;19;52;45;12;3.80;3;2;1;58;0;7156512;365;0
11;19;78;19;52;45;43;3.60;4;2;1;59;0;7156543;64;0
11;19;78;19;52;46;17;4.00;1;1;1;58;0;7156617;4089;0
11;19;78;19;52;46;71;3.60;3;2;1;60;0;7156671;135;0
11;19;78;19;52;47;11;3.60;4;2;1;59;0;7156711;146;7156055
11;19;78;19;52;47;87;3.60;3;2;1;59;0;7156787;94;7156055
11;19;78;19;52;49;77;3.80;3;2;1;59;0;7156977;168;7156055
11;19;78;19;52;51;18;3.60;4;2;1;59;0;7157118;385;0
11;19;78;19;52;51;95;3.20;3;2;1;58;0;7157195;194;7156512
11;19;78;19;52;52;73;3.40;4;2;1;57;0;7157273;133;7156512
11;19;78;19;52;52;82;4.20;2;1;1;55;0;7157282;4767;0
11;19;78;19;52;53;30;4.40;1;1;1;56;0;7157330;688;0
11;19;78;19;52;54;83;3.60;1;1;1;55;0;7157483;124;0
11;19;78;19;52;55;36;3.80;4;2;1;53;0;7157536;241;0
11;19;78;19;52;55;62;3.40;3;2;1;53;0;7157562;347;0
11;19;78;19;52;58;61;3.60;1;1;1;56;0;7157861;354;0
11;19;78;19;53;0;2;3.60;2;1;1;64;0;7158002;692;0
11;19;78;19;53;4;16;3.60;1;1;1;54;0;7158416;531;0
11;19;78;19;53;6;25;3.80;1;1;1;51;0;7158625;185;0
11;19;78;19;53;7;66;3.80;1;1;1;51;0;7158766;114;0
11;19;78;19;53;8;10;3.60;2;1;1;54;0;7158810;787;0
11;19;78;19;53;10;30;3.20;1;1;1;47;0;7159030;237;0
11;19;78;19;53;12;1;3.80;1;1;1;51;0;7159201;146;0
11;19;78;19;53;12;42;3.60;2;1;1;51;0;7159242;408;0
11;19;78;19;53;13;76;2.80;1;1;1;43;0;7159376;148;0
11;19;78;19;53;15;62;3.20;1;1;1;41;0;7159562;162;0
11;19;78;19;53;17;11;4.00;1;1;1;41;0;7159711;120;7159030
11;19;78;19;53;18;66;3.40;1;1;1;40;0;7159866;119;7159030
11;19;78;19;53;18;84;3.80;2;1;1;52;0;7159884;616;0
11;19;78;19;53;19;95;3.80;2;1;1;51;0;7159995;84;0
11;19;78;19;53;20;17;3.60;1;1;1;43;0;7160017;120;7159030
11;19;78;19;53;22;0;3.80;1;1;1;42;0;7160200;152;7159030
11;19;78;19;53;23;14;4.00;1;1;1;39;0;7160314;81;7159030
11;19;78;19;53;30;58;3.40;4;2;1;56;0;7161058;3496;0
11;19;78;19;53;32;13;3.80;4;2;1;58;0;7161213;133;0
11;19;78;19;53;34;47;3.60;4;2;1;61;0;7161447;210;0
11;19;78;19;53;35;52;4.20;3;2;1;63;0;7161552;3966;0
11;19;78;19;53;36;25;3.40;4;2;1;59;0;7161625;156;0
11;19;78;19;53;38;19;3.80;4;2;1;59;0;7161819;173;0
11;19;78;19;53;45;55;3.20;4;2;1;54;0;7162555;712;0
11;19;78;19;53;47;32;3.20;4;2;1;52;0;7162732;155;0
11;19;78;19;53;54;3;3.60;4;2;1;61;0;7163403;648;0
11;19;78;19;54;1;35;3.60;3;2;1;54;0;7164135;2559;0
11;19;78;19;54;5;60;3.60;2;1;1;55;0;7164560;4538;0
11;19;78;19;54;5;72;3.20;4;2;1;64;0;7164572;1147;0
11;19;78;19;54;6;42;3.80;3;2;1;60;0;7164642;483;0
11;19;78;19;54;7;64;3.80;4;2;1;67;0;7164764;174;0
11;19;78;19;54;8;92;3.60;3;2;1;59;0;7164892;227;0
11;19;78;19;54;13;9;2.80;4;2;1;58;0;7165309;524;0
11;19;78;19;54;13;29;3.60;3;2;1;58;0;7165329;415;0
11;19;78;19;54;14;22;3.60;3;2;1;60;0;7165422;70;0
11;19;78;19;54;15;54;3.80;3;2;1;64;0;7165554;110;0
11;19;78;19;54;16;24;3.60;4;2;1;57;0;7165624;297;0
11;19;78;19;54;17;60;3.80;3;2;1;61;0;7165760;184;0
11;19;78;19;54;17;94;3.80;4;2;1;59;0;7165794;147;0
11;19;78;19;54;20;5;3.60;3;2;1;62;0;7166005;222;0
11;19;78;19;54;20;90;4.00;1;1;1;61;0;7166090;5739;0
11;19;78;19;54;20;98;3.40;4;2;1;57;0;7166098;280;0
11;19;78;19;54;21;4;4.00;3;2;1;61;0;7166104;78;0
11;19;78;19;54;22;51;3.00;4;2;1;54;0;7166251;131;0
11;19;78;19;54;23;35;3.80;2;1;1;53;0;7166335;1751;0
11;19;78;19;54;24;26;3.60;3;2;1;57;0;7166426;298;0
11;19;78;19;54;24;56;3.20;4;2;1;57;0;7166456;185;0
11;19;78;19;54;24;82;3.60;2;1;1;54;0;7166482;121;0
11;19;78;19;54;25;83;3.80;1;1;1;64;0;7166583;469;0
11;19;78;19;54;26;55;3.60;3;2;1;60;0;7166655;206;0
11;19;78;19;54;27;64;4.20;4;2;1;57;0;7166764;287;0
11;19;78;19;54;28;11;3.60;3;2;1;55;0;7166811;134;0
11;19;78;19;54;28;10;5.00;2;1;1;55;0;7166810;304;0
11;19;78;19;54;28;19;3.80;1;1;1;54;0;7166819;214;0
11;19;78;19;54;29;39;3.60;4;2;1;56;0;7166939;148;0
11;19;78;19;54;29;97;3.80;2;1;1;61;0;7166997;154;0
11;19;78;19;54;30;5;3.60;1;1;1;54;0;7167005;160;0
11;19;78;19;54;30;48;3.20;4;2;1;53;0;7167048;85;0
11;19;78;19;54;31;8;3.80;3;2;1;57;0;7167108;273;0
11;19;78;19;54;31;37;3.20;1;1;1;55;0;7167137;108;0
11;19;78;19;54;32;55;3.80;4;2;1;55;0;7167255;185;0
11;19;78;19;54;32;75;4.00;1;1;1;54;0;7167275;117;0
11;19;78;19;54;33;69;4.00;3;2;1;57;0;7167369;237;0
11;19;78;19;54;34;13;3.40;4;2;1;54;0;7167413;133;7166764
11;19;78;19;54;34;37;3.60;2;1;1;52;0;7167437;417;0
11;19;78;19;54;34;42;3.80;1;1;1;54;0;7167442;140;7166819
11;19;78;19;54;35;34;3.80;4;2;1;54;0;7167534;98;7166764
11;19;78;19;54;36;37;3.40;4;2;1;54;0;7167637;77;7166764
11;19;78;19;54;36;77;3.60;2;1;1;53;0;7167677;215;0
11;19;78;19;54;37;65;3.60;4;2;1;54;0;7167765;105;7166764
11;19;78;19;54;38;89;3.00;3;2;1;63;0;7167889;494;0
11;19;78;19;54;39;4;4.20;4;2;1;56;0;7167904;115;7166764
11;19;78;19;54;39;50;3.60;2;1;1;54;0;7167950;248;0
11;19;78;19;54;39;80;3.80;1;1;1;60;0;7167980;512;0
11;19;78;19;54;40;45;3.80;3;2;1;61;0;7168045;138;0
11;19;78;19;54;40;21;7.60;2;1;2;55;0;7168021;47;0
11;19;78;19;54;40;83;4.40;4;2;1;54;0;7168083;152;7166764
11;19;78;19;54;41;11;3.40;1;1;1;58;0;7168111;108;7166764
11;19;78;19;54;41;89;3.80;3;2;1;58;0;7168189;121;7166764
11;19;78;19;54;42;50;3.60;1;1;1;56;0;7168250;117;7166764
11;19;78;19;54;43;94;3.40;1;1;1;55;0;7168394;120;7166764
11;19;78;19;54;44;42;4.00;2;1;1;54;0;7168442;371;0
11;19;78;19;54;44;55;3.60;3;2;1;55;0;7168455;242;0
11;19;78;19;54;45;44;3.40;1;1;1;57;0;7168544;127;7167980
11;19;78;19;54;45;36;5.00;4;2;1;53;0;7168536;423;0
11;19;78;19;54;47;61;3.00;4;2;1;55;0;7168761;191;0
11;19;78;19;54;48;50;3.60;3;2;1;57;0;7168850;371;0
11;19;78;19;54;50;21;3.60;4;2;1;50;0;7169021;240;0
11;19;78;19;54;51;36;3.60;1;1;1;57;0;7169136;570;0
11;19;78;19;54;52;17;6.20;4;2;1;49;0;7169217;170;0
11;19;78;19;54;52;81;5.00;1;1;1;54;0;7169281;122;0
11;19;78;19;54;53;80;3.40;4;2;1;49;0;7169380;117;0
11;19;78;19;54;55;29;3.00;4;2;1;50;0;7169529;124;0
11;19;78;19;54;58;5;3.60;4;2;1;53;0;7169805;254;0
11;19;78;19;55;3;48;3.60;1;1;1;56;0;7170348;1033;0
11;19;78;19;55;5;26;4.00;1;1;1;59;0;7170526;154;0
11;19;78;19;55;10;68;3.60;4;2;1;53;0;7171068;1238;0
11;19;78;19;55;16;78;3.60;1;1;1;58;0;7171678;1127;0
11;19;78;19;55;19;66;3.40;3;2;1;52;0;7171966;3093;0
11;19;78;19;55;21;58;3.40;3;2;1;50;0;7172158;168;0
11;19;78;19;55;22;52;3.60;1;1;1;57;0;7172252;551;0
11;19;78;19;55;23;5;3.60;4;2;1;51;0;7172305;1212;0
11;19;78;19;55;23;90;3.20;4;2;1;53;0;7172390;59;0
11;19;78;19;55;24;2;4.00;3;2;1;55;0;7172402;219;0
11;19;78;19;55;25;42;3.80;4;2;1;52;0;7172542;130;0
11;19;78;19;55;29;15;3.20;4;2;1;53;0;7172915;346;0
11;19;78;19;55;31;55;3.80;1;1;1;60;0;7173155;880;0
11;19;78;19;55;32;71;3.80;4;2;1;64;0;7173271;334;0
11;19;78;19;55;33;75;3.80;1;1;1;57;0;7173375;197;0
11;19;78;19;55;38;8;4.00;3;2;1;62;0;7173808;1379;0
11;19;78;19;55;40;3;3.40;4;2;1;61;0;7174003;710;0
11;19;78;19;55;44;76;3.40;4;2;1;60;0;7174476;452;0
11;19;78;19;55;46;27;4.00;1;1;1;66;0;7174627;1228;0
11;19;78;19;55;47;68;3.60;4;2;1;60;0;7174768;271;0
11;19;78;19;55;48;21;3.40;2;1;1;61;0;7174821;6352;0
11;19;78;19;55;50;48;3.20;4;2;1;59;0;7175048;258;0
11;19;78;19;55;50;64;3.60;3;2;1;62;0;7175064;1232;0
11;19;78;19;55;52;81;3.80;3;2;1;62;0;7175281;196;0
11;19;78;19;55;52;95;3.40;4;2;1;58;0;7175295;227;0
11;19;78;19;55;56;67;4.00;2;1;1;52;0;7175667;825;0
11;19;78;19;55;59;1;3.60;3;2;1;59;0;7175901;597;0
11;19;78;19;55;59;96;3.60;4;2;1;60;0;7175996;679;0
11;19;78;19;56;0;54;4.00;2;1;1;51;0;7176054;359;0
11;19;78;19;56;1;77;3.60;3;2;1;64;0;7176177;254;0
11;19;78;19;56;1;72;6.60;1;1;1;54;0;7176172;1523;0
11;19;78;19;56;1;93;4.00;2;1;1;48;0;7176193;110;0
11;19;78;19;56;3;67;3.80;3;2;1;60;0;7176367;169;0
11;19;78;19;56;3;61;3.80;1;1;1;55;0;7176361;145;0
11;19;78;19;56;3;63;3.80;2;1;1;50;0;7176363;140;0
11;19;78;19;56;4;83;4.60;3;2;1;62;0;7176483;93;0
11;19;78;19;56;4;93;3.80;2;1;1;50;0;7176493;102;0
11;19;78;19;56;5;76;3.80;1;1;1;50;0;7176576;190;0
11;19;78;19;56;5;98;4.00;3;2;1;64;0;7176598;88;0
11;19;78;19;56;6;49;3.60;2;1;1;51;0;7176649;128;7176054
11;19;78;19;56;6;68;3.60;4;2;1;51;0;7176668;650;0
11;19;78;19;56;7;45;4.20;1;1;1;48;0;7176745;141;0
11;19;78;19;56;8;49;3.40;4;2;1;49;0;7176849;155;0
11;19;78;19;56;8;84;4.00;1;1;1;49;0;7176884;107;7176172
11;19;78;19;56;9;8;3.40;3;2;1;59;0;7176908;287;0
11;19;78;19;56;9;21;3.80;2;1;1;60;0;7176921;246;0
11;19;78;19;56;9;86;4.00;1;1;1;49;0;7176986;72;7176172
11;19;78;19;56;10;7;3.40;4;2;1;49;0;7177007;133;7176172
11;19;78;19;56;11;34;3.60;2;1;1;54;0;7177134;190;7176172
11;19;78;19;56;11;34;3.20;3;2;1;59;0;7177134;205;0
11;19;78;19;56;11;28;3.40;4;2;1;49;0;7177128;96;0
11;19;78;19;56;12;37;3.00;1;1;1;49;0;7177237;221;0
11;19;78;19;56;12;97;3.60;3;2;1;58;0;7177297;143;0
11;19;78;19;56;12;97;3.40;2;1;1;55;0;7177297;139;0
11;19;78;19;56;12;89;4.40;4;2;1;52;0;7177289;136;7176668
11;19;78;19;56;14;41;6.40;3;2;1;57;0;7177441;121;7176668
11;19;78;19;56;14;43;16.60;4;2;4;56;0;7177443;123;7176668
11;19;78;19;56;15;93;3.60;1;1;1;49;0;7177593;333;0
11;19;78;19;56;16;18;4.00;3;2;1;56;0;7177618;136;0
11;19;78;19;56;16;92;4.00;3;2;1;56;0;7177692;48;7177134
11;19;78;19;56;17;75;3.60;2;1;1;58;0;7177775;455;0
11;19;78;19;56;18;0;3.20;4;2;1;58;0;7177800;250;0
11;19;78;19;56;19;1;3.40;2;1;1;61;0;7177901;103;0
11;19;78;19;56;19;18;4.00;3;2;1;54;0;7177918;200;0
11;19;78;19;56;20;7;3.60;4;2;1;54;0;7178007;187;0
11;19;78;19;56;21;21;4.00;1;1;1;58;0;7178121;501;0
11;19;78;19;56;22;79;3.00;4;2;1;52;0;7178279;248;0
11;19;78;19;56;24;82;3.60;2;1;1;61;0;7178482;560;0
11;19;78;19;56;27;2;4.00;1;1;1;58;0;7178702;556;0
11;19;78;19;56;29;17;3.80;1;1;1;59;0;7178917;190;0
11;19;78;19;56;31;56;3.40;2;1;1;59;0;7179156;652;0
11;19;78;19;56;31;78;3.20;1;1;1;57;0;7179178;237;0
11;19;78;19;56;38;35;3.00;4;2;1;62;0;7179835;1535;0
11;19;78;19;56;43;63;3.60;3;2;1;72;0;7180363;2418;0
11;19;78;19;56;49;78;3.60;1;1;1;57;0;7180978;1779;0
11;19;78;19;56;49;94;3.60;2;1;1;59;0;7180994;1817;0
11;19;78;19;56;58;14;3.80;3;2;1;64;0;7181814;1433;0
11;19;78;19;56;59;4;3.60;1;1;1;54;0;7181904;903;0
11;19;78;19;56;59;97;3.60;4;2;1;54;0;7181997;2144;0
11;19;78;19;57;1;72;3.80;3;2;1;60;0;7182172;336;0
11;19;78;19;57;8;14;3.40;4;2;1;52;0;7182814;793;0
11;19;78;19;57;9;86;3.40;4;2;1;53;0;7182986;148;0
11;19;78;19;57;16;9;3.40;4;2;1;64;0;7183609;599;0
11;19;78;19;57;19;19;3.20;1;1;1;60;0;7183919;1991;0
11;19;78;19;57;19;60;3.40;3;2;1;68;0;7183960;1765;0
11;19;78;19;57;24;35;1.80;4;2;0;63;1;7184435;806;0
11;19;78;19;57;24;54;3.80;3;2;1;54;0;7184454;476;0
11;19;78;19;57;32;63;3.60;3;2;1;63;0;7185263;783;0
11;19;78;19;57;34;21;3.80;3;2;1;62;0;7185421;137;0
11;19;78;19;57;35;57;3.00;4;2;1;58;0;7185557;1928;0
11;19;78;19;57;37;32;3.40;4;2;1;59;0;7185732;156;0
11;19;78;19;57;38;54;4.00;3;2;1;62;0;7185854;410;0
11;19;78;19;57;40;31;3.40;3;2;1;62;0;7186031;153;0
11;19;78;19;57;39;86;11.60;4;2;3;53;0;7185986;233;0
11;19;78;19;57;40;89;4.40;1;1;1;62;0;7186089;2150;0
11;19;78;19;57;41;30;4.00;2;1;1;63;0;7186130;5114;0
11;19;78;19;57;43;10;4.60;3;2;1;60;0;7186310;259;0
11;19;78;19;57;43;11;3.40;4;2;1;51;0;7186311;246;0
11;19;78;19;57;43;60;4.20;1;1;1;54;0;7186360;245;0
11;19;78;19;57;45;28;3.40;3;2;1;59;0;7186528;190;0
11;19;78;19;57;45;42;3.80;2;1;1;58;0;7186542;389;0
11;19;78;19;57;44;74;16.60;4;2;4;53;0;7186474;139;0
11;19;78;19;57;45;62;4.00;1;1;1;51;0;7186562;174;0
11;19;78;19;57;46;34;3.20;3;2;1;59;0;7186634;85;0
11;19;78;19;57;47;16;3.40;2;1;1;60;0;7186716;150;0
11;19;78;19;57;47;81;3.40;3;2;1;60;0;7186781;127;0
11;19;78;19;57;48;28;3.40;4;2;1;54;0;7186828;241;0
11;19;78;19;57;49;41;3.60;3;2;1;57;0;7186941;139;7186310
11;19;78;19;57;50;54;3.60;4;2;1;56;0;7187054;203;0
11;19;78;19;57;51;21;4.20;3;2;1;57;0;7187121;157;7186310
11;19;78;19;57;51;49;3.00;1;1;1;53;0;7187149;558;0
11;19;78;19;57;52;81;3.60;4;2;1;56;0;7187281;203;0
11;19;78;19;57;52;93;3.80;1;1;1;57;0;7187293;123;0
11;19;78;19;57;53;25;3.20;3;2;1;58;0;7187325;177;7186310
11;19;78;19;57;54;26;3.20;3;2;1;58;0;7187426;81;7186310
11;19;78;19;57;54;23;4.00;2;1;1;60;0;7187423;686;0
11;19;78;19;57;55;36;3.60;4;2;1;56;0;7187536;231;0
11;19;78;19;57;55;54;3.60;2;1;1;58;0;7187554;107;0
11;19;78;19;57;56;1;3.40;1;1;1;53;0;7187601;284;0
11;19;78;19;57;57;64;3.60;1;1;1;51;0;7187764;139;0
11;19;78;19;57;58;67;4.40;4;2;1;53;0;7187867;307;0
11;19;78;19;57;58;89;3.40;1;1;1;52;0;7187889;99;0
11;19;78;19;57;59;58;4.60;3;2;1;55;0;7187958;512;0
11;19;78;19;58;0;78;3.40;3;2;1;57;0;7188078;89;0
11;19;78;19;58;1;18;3.40;4;2;1;50;0;7188118;221;0
11;19;78;19;58;1;31;3.80;1;1;1;54;0;7188131;218;0
11;19;78;19;58;2;25;3.40;3;2;1;58;0;7188225;125;0
11;19;78;19;58;2;74;3.20;1;1;1;55;0;7188274;117;0
11;19;78;19;58;3;32;3.20;4;2;1;51;0;7188332;189;0
11;19;78;19;58;3;35;3.80;3;2;1;56;0;7188335;88;0
11;19;78;19;58;4;50;3.80;3;2;1;55;0;7188450;90;7187958
11;19;78;19;58;7;6;3.80;4;2;1;42;0;7188706;351;0
11;19;78;19;58;8;46;3.60;1;1;1;53;0;7188846;551;0
11;19;78;19;58;9;13;4.40;4;2;1;44;0;7188913;174;0
11;19;78;19;58;9;75;4.20;1;1;1;55;0;7188975;104;0
11;19;78;19;58;11;80;3.60;1;1;1;52;0;7189180;177;0
11;19;78;19;58;13;31;3.20;4;2;1;49;0;7189331;382;0
11;19;78;19;58;15;51;4.80;1;1;1;58;0;7189551;346;0
11;19;78;19;58;17;24;4.00;2;1;1;62;0;7189724;2147;0
11;19;78;19;58;17;96;3.00;2;1;1;57;0;7189796;48;0
11;19;78;19;58;20;22;3.60;1;1;1;55;0;7190022;441;0
11;19;78;19;58;20;90;4.20;2;1;1;60;0;7190090;275;0
11;19;78;19;58;25;50;3.60;2;1;1;64;0;7190550;434;0
11;19;78;19;58;26;59;3.80;1;1;1;59;0;7190659;613;0
11;19;78;19;58;31;9;3.40;4;2;1;60;0;7191109;1754;0
11;19;78;19;58;32;76;3.60;3;2;1;57;0;7191276;2801;0
11;19;78;19;58;34;64;3.80;1;1;1;54;0;7191464;781;0
11;19;78;19;58;35;20;3.40;3;2;1;56;0;7191520;221;0
11;19;78;19;58;35;78;3.20;1;1;1;54;0;7191578;88;0
11;19;78;19;58;36;66;3.80;2;1;1;61;0;7191666;1095;0
11;19;78;19;58;37;28;3.80;1;1;1;55;0;7191728;128;0
11;19;78;19;58;37;54;3.40;4;2;1;59;0;7191754;624;0
11;19;78;19;58;43;13;3.60;3;2;1;56;0;7192313;771;0
11;19;78;19;58;43;57;3.40;4;2;1;57;0;7192357;582;0
11;19;78;19;58;47;39;3.40;3;2;1;52;0;7192739;402;0
11;19;78;19;58;49;44;3.80;4;2;1;54;0;7192944;565;0
11;19;78;19;58;52;75;3.60;4;2;1;54;0;7193275;305;0
11;19;78;19;58;54;37;13.40;1;1;3;57;0;7193437;1684;0
11;19;78;19;58;59;44;3.60;1;1;1;57;0;7193944;422;0
11;19;78;19;59;2;47;3.60;4;2;1;51;0;7194247;948;0
11;19;78;19;59;10;2;3.80;3;2;1;69;0;7195002;2239;0
11;19;78;19;59;10;9;3.40;4;2;1;62;0;7195009;736;0
11;19;78;19;59;12;28;3.60;3;2;1;64;0;7195228;206;0
11;19;78;19;59;14;95;3.20;4;2;1;57;0;7195495;466;0
11;19;78;19;59;16;24;3.80;3;2;1;61;0;7195624;375;0
11;19;78;19;59;17;18;3.60;2;1;1;56;0;7195718;4029;0
11;19;78;19;59;17;38;4.00;4;2;1;57;0;7195738;222;0
11;19;78;19;59;19;54;3.60;4;2;1;58;0;7195954;190;0
11;19;78;19;59;21;36;3.40;4;2;1;59;0;7196136;159;0
11;19;78;19;59;22;11;3.80;1;1;1;58;0;7196211;2244;0
11;19;78;19;59;22;5;4.00;3;2;1;55;0;7196205;558;0
11;19;78;19;59;23;47;3.60;3;2;1;57;0;7196347;115;0
11;19;78;19;59;24;33;4.00;1;1;1;58;0;7196433;198;0
11;19;78;19;59;24;45;3.40;3;2;1;56;0;7196445;75;0
11;19;78;19;59;24;91;4.00;4;2;1;53;0;7196491;334;0
11;19;78;19;59;26;0;3.40;2;1;1;53;0;7196600;858;0
11;19;78;19;59;26;56;3.60;4;2;1;53;0;7196656;137;0
11;19;78;19;59;27;69;3.80;3;2;1;56;0;7196769;302;0
11;19;78;19;59;28;29;3.60;4;2;1;53;0;7196829;148;0
11;19;78;19;59;28;55;3.60;1;1;1;50;0;7196855;397;0
11;19;78;19;59;29;53;4.20;3;2;1;52;0;7196953;159;0
11;19;78;19;59;29;63;3.20;1;1;1;48;0;7196963;82;0
11;19;78;19;59;30;52;3.80;2;1;1;50;0;7197052;428;0
11;19;78;19;59;30;82;3.60;3;2;1;53;0;7197082;99;0
11;19;78;19;59;31;11;3.00;4;2;1;55;0;7197111;257;0
11;19;78;19;59;32;80;3.60;3;2;1;54;0;7197280;173;0
11;19;78;19;59;33;15;3.60;2;1;1;50;0;7197315;235;0
11;19;78;19;59;33;70;3.60;3;2;1;51;0;7197370;66;7196769
11;19;78;19;59;34;61;3.40;3;2;1;51;0;7197461;65;7196769
11;19;78;19;59;35;63;3.60;1;1;1;53;0;7197563;576;0
11;19;78;19;59;35;74;3.80;3;2;1;49;0;7197574;89;7196769
11;19;78;19;59;37;38;3.60;3;2;1;50;0;7197738;136;7196769
11;19;78;19;59;57;26;3.40;1;1;1;54;0;7199726;2138;0
11;19;78;20;0;1;30;3.40;1;1;1;55;0;7200130;381;0
11;19;78;20;0;2;6;3.20;2;1;1;53;0;7200206;2865;0
11;19;78;20;0;2;99;3.60;1;1;1;58;0;7200299;146;0
11;19;78;20;0;3;4;3.20;4;2;1;59;0;7200304;3173;0
11;19;78;20;0;3;20;3.60;3;2;1;59;0;7200320;2556;0
11;19;78;20;0;6;87;3.60;2;1;1;51;0;7200687;459;0
11;19;78;20;0;7;21;3.80;4;2;1;59;0;7200721;397;0
11;19;78;20;0;7;79;3.20;2;1;1;51;0;7200779;66;0
11;19;78;20;0;7;80;3.60;1;1;1;53;0;7200780;458;0
11;19;78;20;0;10;66;3.60;1;1;1;48;0;7201066;261;0
11;19;78;20;0;13;4;3.80;1;1;1;49;0;7201304;211;0
11;19;78;20;0;16;7;3.40;1;1;1;49;0;7201607;275;0
11;19;78;20;0;20;23;4.00;3;2;1;60;0;7202023;1681;0
11;19;78;20;0;20;77;3.40;4;2;1;54;0;7202077;1332;0
11;19;78;20;0;22;40;3.40;4;2;1;57;0;7202240;140;0
11;19;78;20;0;31;12;3.60;4;2;1;57;0;7203112;850;0
11;19;78;20;0;40;51;4.00;4;2;1;60;0;7204051;916;0
11;19;78;20;0;43;89;3.60;2;1;1;44;0;7204389;3587;0
11;19;78;20;0;45;74;4.20;1;1;1;60;0;7204574;2942;0
11;19;78;20;0;49;12;4.00;3;2;1;70;0;7204912;2865;0
11;19;78;20;0;50;5;3.80;4;2;1;63;0;7205005;930;0
11;19;78;20;0;50;89;3.60;1;1;1;56;0;7205089;489;0
11;19;78;20;0;53;54;3.80;3;2;1;64;0;7205354;421;0
11;19;78;20;0;57;95;3.80;3;2;1;65;0;7205795;419;0
11;19;78;20;1;0;14;3.40;3;2;1;63;0;7206014;197;0
11;19;78;20;1;2;11;3.60;4;2;1;51;0;7206211;1184;0
11;19;78;20;1;3;52;4.60;3;2;1;60;0;7206352;318;0
11;19;78;20;1;3;69;3.60;4;2;1;49;0;7206369;132;0
11;19;78;20;1;5;34;3.20;4;2;1;53;0;7206534;138;0
11;19;78;20;1;6;58;4.00;3;2;1;55;0;7206658;278;0
11;19;78;20;1;6;68;3.60;4;2;1;51;0;7206668;112;0
11;19;78;20;1;8;9;11.40;1;1;3;61;0;7206809;1696;0
11;19;78;20;1;8;43;4.00;3;2;1;53;0;7206843;158;0
11;19;78;20;1;8;96;3.60;2;1;1;62;0;7206896;2477;0
11;19;78;20;1;9;15;4.20;4;2;1;53;0;7206915;221;0
11;19;78;20;1;9;92;3.60;3;2;1;55;0;7206992;121;0
11;19;78;20;1;10;74;3.80;4;2;1;54;0;7207074;130;0
11;19;78;20;1;10;87;3.60;3;2;1;55;0;7207087;71;0
11;19;78;20;1;11;44;3.40;2;1;1;58;0;7207144;227;0
11;19;78;20;1;12;24;3.60;3;2;1;57;0;7207224;113;7206658
11;19;78;20;1;13;15;3.60;4;2;1;52;0;7207315;215;0
11;19;78;20;1;13;41;3.80;3;2;1;56;0;7207341;94;7206658
11;19;78;20;1;15;10;3.20;3;2;1;56;0;7207510;144;7206658
11;19;78;20;1;15;72;14.20;4;2;2;52;0;7207572;232;0
11;19;78;20;1;17;14;3.80;3;2;1;56;0;7207714;183;7206658
11;19;78;20;1;18;21;3.40;4;2;1;53;0;7207821;150;7206658
11;19;78;20;1;20;2;3.80;2;1;1;63;0;7208002;836;0
11;19;78;20;1;20;2;3.60;3;2;1;57;0;7208002;263;0
11;19;78;20;1;20;11;3.40;4;2;1;52;0;7208011;166;0
11;19;78;20;1;21;43;3.40;2;1;1;58;0;7208143;119;0
11;19;78;20;1;21;71;3.80;4;2;1;50;0;7208171;136;0
11;19;78;20;1;23;29;3.60;4;2;1;51;0;7208329;130;7207572
11;19;78;20;1;23;48;3.60;1;1;1;57;0;7208348;1471;0
11;19;78;20;1;24;60;3.40;1;1;1;56;0;7208460;89;0
11;19;78;20;1;28;40;3.00;4;2;1;43;0;7208840;485;0
11;19;78;20;1;28;49;3.60;1;1;1;48;0;7208849;367;0
11;19;78;20;1;29;24;7.00;2;1;1;49;0;7208924;759;0
11;19;78;20;1;29;65;3.60;1;1;1;47;0;7208965;89;0
11;19;78;20;1;30;74;3.80;1;1;1;47;0;7209074;81;0
11;19;78;20;1;31;70;4.40;2;1;1;48;0;7209170;194;0
11;19;78;20;1;32;38;3.80;1;1;1;47;0;7209238;134;0
11;19;78;20;1;32;90;3.60;2;1;1;48;0;7209290;87;0
11;19;78;20;1;33;41;3.40;1;1;1;45;0;7209341;73;7208849
11;19;78;20;1;34;32;3.80;1;1;1;43;0;7209432;63;7208849
11;19;78;20;1;35;98;8.00;1;1;6;46;0;7209598;134;7208849
11;19;78;20;1;36;60;3.20;2;1;1;46;0;7209660;343;0
11;19;78;20;1;37;51;3.80;1;1;1;46;0;7209751;90;7208849
11;19;78;20;1;39;9;3.80;1;1;1;47;0;7209909;128;7208849
11;19;78;20;1;41;75;3.20;1;1;1;53;0;7210175;236;0
11;19;78;20;1;44;53;3.20;1;1;1;56;0;7210453;256;0
11;19;78;20;1;48;72;3.40;2;1;1;56;0;7210872;1186;0
11;19;78;20;1;50;1;3.80;2;1;1;55;0;7211001;107;0
11;19;78;20;1;50;97;3.40;1;1;1;58;0;7211097;623;0
11;19;78;20;1;51;58;4.00;2;1;1;54;0;7211158;132;0
11;19;78;20;2;4;77;3.80;3;2;1;64;0;7212477;4452;0
11;19;78;20;2;5;36;3.20;4;2;1;57;0;7212536;3670;0
11;19;78;20;2;6;44;3.80;1;1;1;51;0;7212644;1525;0
11;19;78;20;2;9;65;3.60;1;1;1;51;0;7212965;294;0
11;19;78;20;2;10;37;3.20;4;2;1;66;0;7213037;480;0
11;19;78;20;2;12;69;3.40;2;1;1;54;0;7213269;2084;0
11;19;78;20;2;13;5;4.00;1;1;1;49;0;7213305;314;0
11;19;78;20;2;16;87;3.20;3;2;1;68;0;7213687;1188;0
11;19;78;20;2;21;24;3.40;3;2;1;64;0;7214124;420;0
11;19;78;20;2;21;85;3.80;4;2;1;58;0;7214185;1130;0
11;19;78;20;2;25;49;3.40;3;2;1;60;0;7214549;405;0
11;19;78;20;2;26;36;3.40;4;2;1;56;0;7214636;427;0
11;19;78;20;2;28;94;3.00;4;2;1;56;0;7214894;236;0
11;19;78;20;2;29;99;3.20;1;1;1;61;0;7214999;1664;0
11;19;78;20;2;30;28;3.40;3;2;1;60;0;7215028;458;0
11;19;78;20;2;32;95;3.40;3;2;1;59;0;7215295;246;0
11;19;78;20;2;42;33;3.80;4;2;1;63;0;7216233;1319;0
11;19;78;20;2;44;24;4.00;1;1;1;63;0;7216424;1406;0
11;19;78;20;2;46;19;3.60;3;2;1;62;0;7216619;1303;0
11;19;78;20;2;46;48;3.60;4;2;1;53;0;7216648;393;0
11;19;78;20;2;48;17;3.80;1;1;1;59;0;7216817;370;0
11;19;78;20;2;48;97;3.80;2;1;1;61;0;7216897;3605;0
11;19;78;20;2;50;17;3.80;4;2;1;62;0;7217017;344;0
11;19;78;20;2;50;87;3.20;3;2;1;62;0;7217087;447;0
11;19;78;20;2;51;86;3.80;4;2;1;58;0;7217186;146;0
11;19;78;20;2;53;26;3.40;3;2;1;64;0;7217326;220;0
11;19;78;20;2;53;56;3.80;1;1;1;59;0;7217356;515;0
11;19;78;20;2;55;8;3.40;3;2;1;67;0;7217508;162;0
11;19;78;20;2;55;46;3.80;1;1;1;56;0;7217546;166;0
11;19;78;20;2;55;83;3.20;4;2;1;60;0;7217583;373;0
11;19;78;20;2;57;35;3.80;3;2;1;64;0;7217735;208;0
11;19;78;20;2;58;59;3.60;2;1;1;51;0;7217859;939;0
11;19;78;20;2;59;12;3.60;4;2;1;58;0;7217912;309;0
11;19;78;20;3;0;30;3.20;4;2;1;58;0;7218030;95;0
11;19;78;20;3;0;33;3.40;1;1;1;56;0;7218033;462;0
11;19;78;20;3;0;41;3.00;3;2;1;62;0;7218041;284;0
11;19;78;20;3;0;57;3.80;2;1;1;52;0;7218057;172;0
11;19;78;20;3;1;69;3.20;1;1;1;55;0;7218169;114;0
11;19;78;20;3;1;90;4.60;3;2;1;61;0;7218190;131;0
11;19;78;20;3;3;86;3.40;1;1;1;53;0;7218386;196;0
11;19;78;20;3;3;98;4.00;3;2;1;66;0;7218398;180;0
11;19;78;20;3;4;44;3.60;2;1;1;56;0;7218444;360;0
11;19;78;20;3;4;2;11.20;4;2;2;48;0;7218402;352;0
11;19;78;20;3;5;42;3.20;3;2;1;64;0;7218542;122;0
11;19;78;20;3;8;41;3.80;1;1;1;47;0;7218841;431;0
11;19;78;20;3;8;17;3.40;4;2;1;53;0;7218817;331;0
11;19;78;20;3;8;25;4.40;3;2;1;60;0;7218825;265;0
11;19;78;20;3;9;81;3.80;3;2;1;63;0;7218981;129;0
11;19;78;20;3;11;30;3.80;1;1;1;44;0;7219130;259;0
11;19;78;20;3;11;68;3.40;2;1;1;58;0;7219168;700;0
11;19;78;20;3;12;47;3.60;3;2;1;56;0;7219247;244;0
11;19;78;20;3;12;70;4.00;1;1;1;44;0;7219270;108;0
11;19;78;20;3;12;13;14.20;4;2;4;52;0;7219213;372;0
11;19;78;20;3;13;65;4.00;2;1;1;60;0;7219365;175;0
11;19;78;20;3;14;5;3.60;1;1;1;43;0;7219405;102;0
11;19;78;20;3;14;21;3.80;3;2;1;57;0;7219421;150;0
11;19;78;20;3;15;50;3.40;3;2;1;58;0;7219550;105;0
11;19;78;20;3;15;39;3.40;1;1;1;44;0;7219539;103;0
11;19;78;20;3;16;65;3.60;3;2;1;54;0;7219665;93;0
11;19;78;20;3;17;71;3.40;1;1;1;44;0;7219771;204;0
11;19;78;20;3;19;32;3.60;2;1;1;52;0;7219932;543;0
11;19;78;20;3;20;55;3.80;1;1;1;50;0;7220055;256;0
11;19;78;20;3;21;17;3.80;2;1;1;59;0;7220117;160;0
11;19;78;20;3;21;8;12.60;4;2;2;55;0;7220108;796;0
11;19;78;20;3;26;79;3.60;1;1;1;53;0;7220679;596;0
11;19;78;20;3;29;20;4.00;1;1;1;56;0;7220920;216;0
11;19;78;20;3;29;87;3.80;2;1;1;55;0;7220987;846;0
11;19;78;20;3;31;47;3.60;3;2;1;64;0;7221147;1458;0
11;19;78;20;3;32;12;4.00;1;1;1;53;0;7221212;266;0
11;19;78;20;3;34;17;3.20;4;2;1;61;0;7221417;1226;0
11;19;78;20;3;38;80;4.00;2;1;1;60;0;7221880;868;0
11;19;78;20;3;41;39;7.40;1;1;1;55;0;7222139;899;0
11;19;78;20;3;44;13;3.60;1;1;1;55;0;7222413;225;0
11;19;78;20;3;45;10;3.40;3;2;1;64;0;7222510;1342;0
11;19;78;20;3;45;79;3.60;4;2;1;59;0;7222579;1143;0
11;19;78;20;3;46;4;3.40;3;2;1;62;0;7222604;74;0
11;19;78;20;3;47;53;3.80;1;1;1;55;0;7222753;316;0
11;19;78;20;3;49;35;3.40;1;1;1;56;0;7222935;157;0
11;19;78;20;3;49;62;3.80;2;1;1;58;0;7222962;1058;0
11;19;78;20;3;51;67;12.60;4;2;3;58;0;7223167;566;0
11;19;78;20;3;54;53;3.80;3;2;1;58;0;7223453;829;0
11;19;78;20;3;55;13;3.20;4;2;1;53;0;7223513;267;0
11;19;78;20;3;55;99;3.80;3;2;1;58;0;7223599;122;0
11;19;78;20;3;57;70;3.20;3;2;1;57;0;7223770;147;0
11;19;78;20;3;58;80;3.20;3;2;1;57;0;7223880;89;0
11;19;78;20;3;59;97;3.60;4;2;1;49;0;7223997;462;0
11;19;78;20;4;0;16;3.80;3;2;1;60;0;7224016;115;7223453
11;19;78;20;4;3;15;3.60;4;2;1;55;0;7224315;291;0
11;19;78;20;4;7;28;3.60;1;1;1;60;0;7224728;1771;0
11;19;78;20;4;12;31;3.40;1;1;1;58;0;7225231;481;0
11;19;78;20;4;12;34;3.20;4;2;1;60;0;7225234;895;0
11;19;78;20;4;13;68;3.60;4;2;1;57;0;7225368;114;0
11;19;78;20;4;15;78;3.60;3;2;1;62;0;7225578;1539;0
11;19;78;20;4;16;57;3.40;4;2;1;54;0;7225657;266;0
11;19;78;20;4;17;56;3.80;3;2;1;57;0;7225756;157;0
11;19;78;20;4;18;17;3.20;4;2;1;54;0;7225817;137;0
11;19;78;20;4;19;33;3.40;3;2;1;58;0;7225933;153;0
11;19;78;20;4;19;76;3.40;4;2;1;53;0;7225976;137;0
11;19;78;20;4;21;20;3.80;4;2;1;53;0;7226120;120;0
11;19;78;20;4;21;35;3.80;3;2;1;58;0;7226135;180;0
11;19;78;20;4;22;23;4.40;3;2;1;57;0;7226223;64;7225578
11;19;78;20;4;23;33;4.60;4;2;1;55;0;7226333;187;7225657
11;19;78;20;4;25;72;3.80;3;2;1;61;0;7226572;321;0
11;19;78;20;4;25;74;11.00;4;2;2;58;0;7226574;210;0
11;19;78;20;4;29;71;3.20;4;2;1;55;0;7226971;328;0
11;19;78;20;4;31;35;3.00;3;2;1;54;0;7227135;540;0
11;19;78;20;4;31;55;3.80;2;1;1;62;0;7227155;4169;0
11;19;78;20;4;32;16;4.00;4;2;1;60;0;7227216;224;0
11;19;78;20;4;32;32;3.60;3;2;1;52;0;7227232;77;0
11;19;78;20;4;33;31;3.40;4;2;1;56;0;7227331;91;0
11;19;78;20;4;33;92;3.80;1;1;1;52;0;7227392;2139;0
11;19;78;20;4;34;19;3.20;2;1;1;59;0;7227419;241;0
11;19;78;20;4;34;97;3.40;3;2;1;51;0;7227497;240;0
11;19;78;20;4;36;0;3.60;1;1;1;54;0;7227600;181;0
11;19;78;20;4;36;8;4.00;2;1;1;55;0;7227608;169;0
11;19;78;20;4;36;35;3.60;3;2;1;52;0;7227635;114;0
11;19;78;20;4;37;10;3.00;1;1;1;55;0;7227710;86;0
11;19;78;20;4;37;57;3.40;2;1;1;53;0;7227757;122;0
11;19;78;20;4;38;17;3.60;1;1;1;55;0;7227817;87;0
11;19;78;20;4;38;87;3.60;3;2;1;49;0;7227887;227;0
11;19;78;20;4;39;33;4.20;2;1;1;58;0;7227933;152;0
11;19;78;20;4;40;11;3.60;1;1;1;51;0;7228011;170;7227392
11;19;78;20;4;41;9;4.00;2;1;1;56;0;7228109;149;7227419
11;19;78;20;4;43;45;3.60;1;1;1;56;0;7228345;308;0
11;19;78;20;4;45;23;3.80;4;2;1;58;0;7228523;1170;0
11;19;78;20;4;45;99;3.60;1;1;1;55;0;7228599;230;0
11;19;78;20;4;47;55;4.00;4;2;1;57;0;7228755;208;0
11;19;78;20;4;48;11;3.80;2;1;1;57;0;7228811;676;0
11;19;78;20;4;49;35;3.60;2;1;1;57;0;7228935;100;0
11;19;78;20;4;51;7;3.80;1;1;1;62;0;7229107;484;0
11;19;78;20;4;51;23;3.40;4;2;1;62;0;7229123;342;0
11;19;78;20;4;51;59;3.80;2;1;1;55;0;7229159;201;0
11;19;78;20;4;54;56;3.40;1;1;1;60;0;7229456;326;0
11;19;78;20;4;56;21;3.40;1;1;1;59;0;7229621;144;0
11;19;78;20;4;58;10;3.20;4;2;1;61;0;7229810;667;0
11;19;78;20;4;59;20;4.20;3;2;1;58;0;7229920;2006;0
11;19;78;20;5;0;95;3.40;4;2;1;64;0;7230095;266;0
11;19;78;20;5;1;65;3.80;2;1;1;64;0;7230165;981;0
11;19;78;20;5;3;99;3.60;3;2;1;64;0;7230399;452;0
11;19;78;20;5;3;92;4.00;1;1;1;59;0;7230392;750;0
11;19;78;20;5;5;47;3.40;4;2;1;58;0;7230547;432;0
11;19;78;20;5;6;91;3.60;3;2;1;62;0;7230691;271;0
11;19;78;20;5;6;91;3.80;4;2;1;59;0;7230691;122;0
11;19;78;20;5;8;48;3.40;3;2;1;61;0;7230848;136;0
11;19;78;20;5;8;83;3.80;4;2;1;60;0;7230883;168;0
11;19;78;20;5;10;28;3.60;3;2;1;66;0;7231028;159;0
11;19;78;20;5;10;19;5.40;2;1;1;57;0;7231019;832;0
11;19;78;20;5;13;18;3.40;1;1;1;56;0;7231318;901;0
11;19;78;20;5;14;99;3.60;1;1;1;56;0;7231499;159;0
11;19;78;20;5;16;71;3.80;1;1;1;57;0;7231671;148;0
11;19;78;20;5;18;4;3.40;4;2;1;54;0;7231804;898;0
11;19;78;20;5;24;28;3.80;2;1;1;56;0;7232428;1374;0
11;19;78;20;5;24;48;3.00;1;1;1;48;0;7232448;753;0
11;19;78;20;5;27;85;3.80;4;2;1;67;0;7232785;958;0
11;19;78;20;5;30;11;3.60;1;1;1;59;0;7233011;540;0
11;19;78;20;5;33;28;3.60;1;1;1;61;0;7233328;295;0
11;19;78;20;5;35;8;3.80;3;2;1;58;0;7233508;2460;0
11;19;78;20;5;35;19;3.80;4;2;1;56;0;7233519;713;0
11;19;78;20;5;36;4;3.80;2;1;1;59;0;7233604;1151;0
11;19;78;20;5;36;45;3.60;3;2;1;55;0;7233645;113;0
11;19;78;20;5;36;73;3.60;4;2;1;56;0;7233673;129;0
11;19;78;20;5;37;40;5.00;1;1;1;59;0;7233740;390;0
11;19;78;20;5;37;54;3.60;2;1;1;62;0;7233754;126;0
11;19;78;20;5;37;66;3.20;3;2;1;55;0;7233766;97;0
11;19;78;20;5;38;81;15.60;4;2;4;58;0;7233881;184;0
11;19;78;20;5;41;8;3.80;3;2;1;56;0;7234108;321;0
11;19;78;20;5;42;4;3.40;4;2;1;55;0;7234204;226;0
11;19;78;20;5;42;53;4.20;3;2;1;55;0;7234253;120;0
11;19;78;20;5;44;10;3.60;4;2;1;53;0;7234410;183;0
11;19;78;20;5;44;42;3.60;3;2;1;56;0;7234442;161;0
11;19;78;20;5;45;61;3.80;3;2;1;54;0;7234561;95;0
11;19;78;20;5;45;73;3.60;1;1;1;59;0;7234573;802;0
11;19;78;20;5;45;92;3.80;4;2;1;52;0;7234592;157;0
11;19;78;20;5;47;27;3.80;3;2;1;58;0;7234727;140;7234108
11;19;78;20;5;47;50;4.00;4;2;1;50;0;7234750;131;7234108
11;19;78;20;5;47;70;3.60;2;1;1;56;0;7234770;995;0
11;19;78;20;5;50;34;3.80;3;2;1;58;0;7235034;283;0
11;19;78;20;5;50;91;3.40;4;2;1;53;0;7235091;312;0
11;19;78;20;5;51;69;4.00;3;2;1;62;0;7235169;111;0
11;19;78;20;5;52;0;3.60;4;2;1;53;0;7235200;85;0
11;19;78;20;5;53;25;3.40;4;2;1;52;0;7235325;100;0
11;19;78;20;5;54;14;3.40;1;1;1;55;0;7235414;819;0
11;19;78;20;5;54;67;3.80;2;1;1;65;0;7235467;673;0
11;19;78;20;5;55;5;3.40;4;2;1;53;0;7235505;156;0
11;19;78;20;5;55;53;3.60;1;1;1;55;0;7235553;116;0
11;19;78;20;5;56;21;3.60;4;2;1;54;0;7235621;92;7235091
11;19;78;20;5;56;56;3.60;3;2;1;57;0;7235656;463;0
11;19;78;20;5;56;77;3.40;1;1;1;52;0;7235677;100;0
11;19;78;20;5;58;32;4.20;3;2;1;56;0;7235832;153;0
11;19;78;20;5;59;35;3.60;4;2;1;56;0;7235935;290;0
11;19;78;20;6;8;7;3.60;4;2;1;60;0;7236807;848;0
11;19;78;20;6;8;76;3.60;2;1;1;50;0;7236876;1387;0
11;19;78;20;6;13;72;3.80;4;2;1;58;0;7237372;543;0
11;19;78;20;6;15;48;3.60;4;2;1;58;0;7237548;152;0
11;19;78;20;6;21;42;3.60;1;1;1;57;0;7238142;2441;0
11;19;78;20;6;22;78;3.80;1;1;1;55;0;7238278;113;0
11;19;78;20;6;26;43;3.60;3;2;1;68;0;7238643;2784;0
11;19;78;20;6;26;86;3.60;4;2;1;62;0;7238686;1115;0
11;19;78;20;6;27;87;3.20;3;2;1;63;0;7238787;124;0
11;19;78;20;6;28;79;3.40;4;2;1;60;0;7238879;172;0
11;19;78;20;6;30;64;3.80;3;2;1;66;0;7239064;258;0
11;19;78;20;6;31;28;3.40;4;2;1;57;0;7239128;228;0
11;19;78;20;6;32;29;3.00;4;2;1;57;0;7239229;79;0
11;19;78;20;6;34;9;3.80;4;2;1;57;0;7239409;161;0
11;19;78;20;6;34;82;3.60;3;2;1;64;0;7239482;397;0
11;19;78;20;6;38;39;4.00;1;1;1;59;0;7239839;1536;0
11;19;78;20;6;39;34;3.20;3;2;1;52;0;7239934;431;0
11;19;78;20;6;40;8;3.40;2;1;1;61;0;7240008;3106;0
11;19;78;20;6;42;91;3.60;1;1;1;60;0;7240291;427;0
11;19;78;20;6;42;95;4.00;4;2;1;58;0;7240295;862;0
11;19;78;20;6;44;48;3.80;2;1;1;56;0;7240448;419;0
11;19;78;20;6;46;26;3.60;1;1;1;55;0;7240626;313;0
11;19;78;20;6;48;40;4.40;1;1;1;55;0;7240840;190;0
11;19;78;20;6;49;5;3.20;4;2;1;60;0;7240905;585;0
11;19;78;20;6;49;51;3.20;3;2;1;71;0;7240951;994;0
11;19;78;20;6;49;94;3.00;2;1;1;60;0;7240994;521;0
11;19;78;20;6;49;98;3.40;1;1;1;54;0;7240998;129;0
11;19;78;20;6;50;53;4.00;3;2;1;72;0;7241053;85;0
11;19;78;20;6;51;20;3.20;2;1;1;55;0;7241120;108;0
11;19;78;20;6;51;62;3.20;3;2;1;64;0;7241162;89;0
11;19;78;20;6;51;95;4.80;2;1;1;55;0;7241195;54;0
11;19;78;20;6;53;18;4.00;2;1;1;54;0;7241318;91;0
11;19;78;20;6;53;49;3.00;1;1;1;55;0;7241349;328;0
11;19;78;20;6;55;72;3.40;4;2;1;61;0;7241572;647;0
11;19;78;20;6;56;39;4.40;1;1;1;58;0;7241639;270;0
11;19;78;20;6;57;12;3.40;4;2;1;56;0;7241712;119;0
11;19;78;20;6;57;21;3.80;3;2;1;58;0;7241721;541;0
11;19;78;20;6;58;9;3.60;2;1;1;54;0;7241809;464;0
11;19;78;20;6;58;76;3.00;3;2;1;63;0;7241876;131;0
11;19;78;20;6;59;63;3.80;3;2;1;61;0;7241963;69;0
11;19;78;20;7;0;20;3.40;4;2;1;60;0;7242020;286;0
11;19;78;20;7;1;29;3.60;4;2;1;60;0;7242129;88;0
11;19;78;20;7;2;0;4.40;3;2;1;59;0;7242200;214;0
11;19;78;20;7;3;38;4.00;3;2;1;60;0;7242338;111;0
11;19;78;20;7;4;28;3.60;4;2;1;57;0;7242428;277;0
11;19;78;20;7;4;83;3.60;1;1;1;59;0;7242483;816;0
11;19;78;20;7;6;27;3.20;4;2;1;57;0;7242627;176;0
11;19;78;20;7;6;62;4.00;3;2;1;62;0;7242662;300;0
11;19;78;20;7;7;64;3.80;4;2;1;57;0;7242764;116;0
11;19;78;20;7;8;17;4.00;3;2;1;58;0;7242817;131;0
11;19;78;20;7;8;68;3.80;4;2;1;56;0;7242868;80;0
11;19;78;20;7;9;31;3.20;3;2;1;58;0;7242931;89;0
11;19;78;20;7;9;88;3.60;1;1;1;54;0;7242988;483;0
11;19;78;20;7;10;3;3.00;3;2;1;58;0;7243003;52;0
11;19;78;20;7;11;11;3.60;3;2;1;59;0;7243111;89;7242662
11;19;78;20;7;12;3;3.80;2;1;1;53;0;7243203;1370;0
11;19;78;20;7;12;27;4.20;1;1;1;53;0;7243227;215;0
11;19;78;20;7;12;50;3.80;4;2;1;60;0;7243250;357;0
11;19;78;20;7;13;74;3.40;4;2;1;56;0;7243374;101;0
11;19;78;20;7;13;79;3.80;3;2;1;62;0;7243379;246;0
11;19;78;20;7;15;58;4.00;4;2;1;54;0;7243558;162;0
11;19;78;20;7;17;56;3.60;1;1;1;58;0;7243756;500;0
11;19;78;20;7;19;86;3.60;1;1;1;58;0;7243986;207;0
11;19;78;20;7;23;14;5.80;1;1;1;51;0;7244314;305;0
11;19;78;20;7;23;33;3.80;2;1;1;61;0;7244333;1104;0
11;19;78;20;7;24;80;3.60;1;1;1;54;0;7244480;125;0
11;19;78;20;7;25;12;3.40;4;2;1;61;0;7244512;927;0
11;19;78;20;7;27;73;3.40;2;1;1;58;0;7244773;417;0
11;19;78;20;7;29;34;3.60;1;1;1;50;0;7244934;430;0
11;19;78;20;7;31;49;3.40;2;1;1;56;0;7245149;354;0
11;19;78;20;7;32;74;3.60;2;1;1;57;0;7245274;103;0
11;19;78;20;7;32;76;4.00;4;2;1;55;0;7245276;743;0
11;19;78;20;7;34;9;3.20;1;1;1;64;0;7245409;449;0
11;19;78;20;7;38;36;3.60;2;1;1;57;0;7245836;539;0
11;19;78;20;7;38;94;3.20;3;2;1;58;0;7245894;2492;0
11;19;78;20;7;39;20;3.80;1;1;1;53;0;7245920;493;0
11;19;78;20;7;39;19;3.60;4;2;1;47;0;7245919;616;0
11;19;78;20;7;41;9;3.60;3;2;1;59;0;7246109;195;0
11;19;78;20;7;41;67;3.60;4;2;1;49;0;7246167;220;0
11;19;78;20;7;42;57;3.20;3;2;1;56;0;7246257;126;0
11;19;78;20;7;43;54;3.40;3;2;1;56;0;7246354;76;0
11;19;78;20;7;43;61;3.40;4;2;1;48;0;7246361;167;0
11;19;78;20;7;43;86;3.60;2;1;1;53;0;7246386;527;0
11;19;78;20;7;44;70;3.20;3;2;1;57;0;7246470;94;7245894
11;19;78;20;7;45;22;3.80;4;2;1;48;0;7246522;135;7245894
11;19;78;20;7;45;72;3.60;3;2;1;62;0;7246572;81;7245894
11;19;78;20;7;46;84;3.60;4;2;1;48;0;7246684;133;7245894
11;19;78;20;7;47;42;4.20;3;2;1;59;0;7246742;149;7245894
11;19;78;20;7;49;46;4.00;4;2;1;62;0;7246946;235;0
11;19;78;20;7;54;49;4.00;2;1;1;58;0;7247449;1038;0
11;19;78;20;7;54;67;14.40;1;1;3;55;0;7247467;1521;0
11;19;78;20;7;56;46;4.00;2;1;1;54;0;7247646;172;0
11;19;78;20;7;57;89;3.40;4;2;1;64;0;7247789;819;0
11;19;78;20;7;59;72;4.20;4;2;1;51;0;7247972;163;0
11;19;78;20;8;4;37;3.80;2;1;1;51;0;7248437;764;0
11;19;78;20;8;8;81;3.20;4;2;1;64;0;7248881;879;0
11;19;78;20;8;9;45;3.60;3;2;1;61;0;7248945;2177;0
11;19;78;20;8;10;65;3.00;3;2;1;62;0;7249065;98;0
11;19;78;20;8;11;28;3.80;4;2;1;59;0;7249128;229;0
11;19;78;20;8;11;99;4.00;1;1;1;62;0;7249199;1637;0
11;19;78;20;8;12;43;3.80;4;2;1;56;0;7249243;91;0
11;19;78;20;8;15;31;3.80;4;2;1;59;0;7249531;263;0
11;19;78;20;8;16;71;3.60;3;2;1;55;0;7249671;588;0
11;19;78;20;8;18;24;3.60;3;2;1;54;0;7249824;129;0
11;19;78;20;8;18;76;3.60;4;2;1;63;0;7249876;321;0
11;19;78;20;8;19;50;3.40;3;2;1;53;0;7249950;102;0
11;19;78;20;8;20;54;3.80;3;2;1;56;0;7250054;80;0
11;19;78;20;8;20;89;4.00;1;1;1;54;0;7250089;866;0
11;19;78;20;8;20;96;3.00;4;2;1;55;0;7250096;199;0
11;19;78;20;8;22;35;4.00;3;2;1;57;0;7250235;156;7249671
11;19;78;20;8;22;93;3.00;4;2;1;54;0;7250293;177;7249671
11;19;78;20;8;23;54;4.40;3;2;1;58;0;7250354;93;7249671
11;19;78;20;8;24;50;3.80;4;2;1;55;0;7250450;137;7249671
11;19;78;20;8;25;64;3.60;3;2;1;59;0;7250564;182;7249671
11;19;78;20;8;27;0;3.60;4;2;1;55;0;7250700;225;0
11;19;78;20;8;29;24;3.00;3;2;1;56;0;7250924;338;0
11;19;78;20;8;30;66;3.60;3;2;1;58;0;7251066;122;0
11;19;78;20;8;31;9;4.20;2;1;1;54;0;7251109;2645;0
11;19;78;20;8;31;22;3.80;1;1;1;61;0;7251122;1006;0
11;19;78;20;8;31;75;3.60;3;2;1;60;0;7251175;86;0
11;19;78;20;8;32;15;3.40;4;2;1;57;0;7251215;491;0
11;19;78;20;8;34;4;3.60;4;2;1;53;0;7251404;167;0
11;19;78;20;8;34;94;3.20;3;2;1;50;0;7251494;297;0
11;19;78;20;8;35;10;3.80;2;1;1;60;0;7251510;373;0
11;19;78;20;8;35;99;4.00;3;2;1;50;0;7251599;81;0
11;19;78;20;8;36;36;3.60;1;1;1;55;0;7251636;491;0
11;19;78;20;8;36;45;3.80;4;2;1;52;0;7251645;216;0
11;19;78;20;8;39;6;3.80;2;1;1;56;0;7251906;373;0
11;19;78;20;8;39;46;3.20;1;1;1;58;0;7251946;286;0
11;19;78;20;8;40;63;4.80;2;1;1;55;0;7252063;132;0
11;19;78;20;8;41;84;12.80;1;1;3;52;0;7252184;218;0
11;19;78;20;8;42;88;4.20;2;1;1;51;0;7252288;193;0
11;19;78;20;8;43;70;5.00;2;1;1;50;0;7252370;52;0
11;19;78;20;8;45;45;4.00;2;1;1;52;0;7252545;139;7251906
11;19;78;20;8;48;17;3.80;1;1;1;52;0;7252817;544;0
11;19;78;20;8;48;22;5.20;2;1;1;51;0;7252822;249;0
11;19;78;20;8;49;63;3.40;2;1;1;53;0;7252963;104;0
11;19;78;20;8;49;97;3.60;1;1;1;49;0;7252997;153;0
11;19;78;20;8;52;87;3.80;1;1;1;56;0;7253287;263;0
11;19;78;20;8;53;48;4.00;4;2;1;53;0;7253348;1676;0
11;19;78;20;8;53;62;4.00;2;1;1;51;0;7253362;375;0
11;19;78;20;8;54;24;3.80;1;1;1;57;0;7253424;112;0
11;19;78;20;8;54;62;3.80;3;2;1;59;0;7253462;1834;0
11;19;78;20;8;56;37;4.00;4;2;1;56;0;7253637;261;0
11;19;78;20;8;56;70;3.80;1;1;1;52;0;7253670;222;0
11;19;78;20;8;58;46;3.60;1;1;1;52;0;7253846;149;0
11;19;78;20;8;58;76;3.80;2;1;1;56;0;7253876;485;0
11;19;78;20;9;0;79;3.60;2;1;1;55;0;7254079;178;0
11;19;78;20;9;0;80;4.40;1;1;1;50;0;7254080;209;0
11;19;78;20;9;1;80;3.60;1;1;1;48;0;7254180;68;0
11;19;78;20;9;2;20;3.60;4;2;1;58;0;7254220;557;0
11;19;78;20;9;3;56;3.80;3;2;1;71;0;7254356;870;0
11;19;78;20;9;4;83;3.60;3;2;1;63;0;7254483;107;0
11;19;78;20;9;6;22;3.60;3;2;1;57;0;7254622;118;0
11;19;78;20;9;6;22;3.80;1;1;1;49;0;7254622;415;0
11;19;78;20;9;6;84;3.80;4;2;1;65;0;7254684;441;0
11;19;78;20;9;7;50;3.40;1;1;1;48;0;7254750;100;0
11;19;78;20;9;9;77;3.80;3;2;1;59;0;7254977;332;0
11;19;78;20;9;10;11;3.20;4;2;1;55;0;7255011;305;0
11;19;78;20;9;10;2;3.40;1;1;1;44;0;7255002;226;0
11;19;78;20;9;11;72;3.60;4;2;1;56;0;7255172;140;0
11;19;78;20;9;11;97;3.80;2;1;1;55;0;7255197;1094;0
11;19;78;20;9;12;22;3.60;1;1;1;45;0;7255222;192;0
11;19;78;20;9;15;89;3.40;2;1;1;55;0;7255589;367;0
11;19;78;20;9;15;91;3.00;4;2;1;55;0;7255591;395;0
11;19;78;20;9;15;94;3.60;1;1;1;51;0;7255594;343;0
11;19;78;20;9;19;78;3.20;1;1;1;58;0;7255978;358;0
11;19;78;20;9;22;62;3.60;4;2;1;50;0;7256262;651;0
11;19;78;20;9;24;11;3.80;1;1;1;57;0;7256411;413;0
11;19;78;20;9;25;2;3.60;4;2;1;55;0;7256502;214;0
11;19;78;20;9;27;51;3.80;4;2;1;57;0;7256751;225;0
11;19;78;20;9;31;88;3.20;3;2;1;66;0;7257188;2187;0
11;19;78;20;9;36;3;3.20;4;2;1;72;0;7257603;828;0
11;19;78;20;9;37;66;3.80;4;2;1;61;0;7257766;147;0
11;19;78;20;9;38;19;3.80;3;2;1;54;0;7257819;613;0
11;19;78;20;9;40;74;3.40;3;2;1;49;0;7258074;229;0
11;19;78;20;9;40;72;4.00;4;2;1;53;0;7258072;283;0
11;19;78;20;9;41;88;3.60;4;2;1;52;0;7258188;88;0
11;19;78;20;9;42;63;3.40;3;2;1;48;0;7258263;164;0
11;19;78;20;9;43;95;3.60;3;2;1;47;0;7258395;106;0
11;19;78;20;9;45;26;3.60;3;2;1;46;0;7258526;103;0
11;19;78;20;9;45;96;4.00;4;2;1;49;0;7258596;383;0
11;19;78;20;9;47;19;3.60;3;2;1;44;0;7258719;164;7258074
11;19;78;20;9;48;44;3.80;3;2;1;43;0;7258844;95;7258074
11;19;78;20;9;48;90;5.00;4;2;1;47;0;7258890;264;0
11;19;78;20;9;50;40;3.40;3;2;1;45;0;7259040;164;7258074
11;19;78;20;9;50;93;3.60;4;2;1;55;0;7259093;164;7258074
11;19;78;20;9;52;23;3.40;3;2;1;52;0;7259223;155;7258074
11;19;78;20;9;52;19;3.60;4;2;1;47;0;7259219;102;7258074
11;19;78;20;9;53;77;3.60;4;2;1;45;0;7259377;130;7258074
11;19;78;20;9;58;29;5.00;2;1;1;56;0;7259829;4217;0
11;19;78;20;10;1;33;3.60;4;2;1;58;0;7260133;727;0
11;19;78;20;10;5;89;3.40;3;2;1;60;0;7260589;1342;0
11;19;78;20;10;8;63;3.60;4;2;1;53;0;7260863;707;0
11;19;78;20;10;11;51;3.60;1;1;1;56;0;7261151;4716;0
11;19;78;20;10;15;93;3.80;3;2;1;70;0;7261593;983;0
11;19;78;20;10;17;7;3.80;4;2;1;69;0;7261707;819;0
11;19;78;20;10;20;29;3.40;3;2;1;61;0;7262029;416;0
11;19;78;20;10;22;85;3.40;1;1;1;49;0;7262285;1110;0
11;19;78;20;10;23;81;4.00;2;1;1;53;0;7262381;2519;0
11;19;78;20;10;23;95;4.00;3;2;1;65;0;7262395;345;0
11;19;78;20;10;24;27;3.40;4;2;1;60;0;7262427;700;0
11;19;78;20;10;25;61;3.60;4;2;1;52;0;7262561;113;0
11;19;78;20;10;25;81;3.80;3;2;1;61;0;7262581;163;0
11;19;78;20;10;26;85;3.80;4;2;1;62;0;7262685;99;0
11;19;78;20;10;27;60;3.80;3;2;1;59;0;7262760;156;0
11;19;78;20;10;28;20;3.40;1;1;1;43;0;7262820;510;0
11;19;78;20;10;28;59;3.00;2;1;1;50;0;7262859;450;0
11;19;78;20;10;29;7;4.20;4;2;1;57;0;7262907;199;0
11;19;78;20;10;29;43;3.80;3;2;1;58;0;7262943;159;0
11;19;78;20;10;29;79;3.80;2;1;1;50;0;7262979;98;0
11;19;78;20;10;29;76;5.00;1;1;1;45;0;7262976;127;0
11;19;78;20;10;30;90;3.40;4;2;1;56;0;7263090;156;7262427
11;19;78;20;10;30;84;3.60;2;1;1;50;0;7263084;77;7262427
11;19;78;20;10;32;9;4.60;2;1;1;49;0;7263209;99;7262427
11;19;78;20;10;32;74;3.60;1;1;1;48;0;7263274;258;0
11;19;78;20;10;34;12;3.60;1;1;1;50;0;7263412;111;0
11;19;78;20;10;36;12;3.20;3;2;1;66;0;7263612;645;0
11;19;78;20;10;36;7;3.60;1;1;1;50;0;7263607;169;0
11;19;78;20;10;36;37;4.00;2;1;1;59;0;7263637;394;0
11;19;78;20;10;37;92;3.80;2;1;1;55;0;7263792;130;0
11;19;78;20;10;39;51;4.80;1;1;1;56;0;7263951;318;0
11;19;78;20;10;41;11;3.60;4;2;1;55;0;7264111;999;0
11;19;78;20;10;45;90;4.40;1;1;1;55;0;7264590;608;0
11;19;78;20;10;47;56;3.80;4;2;1;58;0;7264756;621;0
11;19;78;20;10;49;53;3.60;1;1;1;53;0;7264953;334;0
11;19;78;20;10;50;64;3.60;4;2;1;55;0;7265064;284;0
11;19;78;20;10;52;6;3.80;1;1;1;55;0;7265206;228;0
11;19;78;20;10;52;22;3.40;4;2;1;52;0;7265222;134;0
11;19;78;20;10;52;96;3.40;4;2;1;51;0;7265296;50;0
11;19;78;20;10;53;42;3.20;3;2;1;50;0;7265342;1712;0
11;19;78;20;10;53;59;3.80;2;1;1;54;0;7265359;1542;0
11;19;78;20;10;54;25;3.80;3;2;1;52;0;7265425;59;0
11;19;78;20;10;54;40;3.60;4;2;1;55;0;7265440;120;0
11;19;78;20;10;56;33;3.40;1;1;1;61;0;7265633;402;0
11;19;78;20;10;56;78;3.60;4;2;1;56;0;7265678;214;0
11;19;78;20;10;56;79;4.60;2;1;1;53;0;7265679;294;0
11;19;78;20;10;57;55;4.00;3;2;1;56;0;7265755;303;0
11;19;78;20;10;59;12;3.60;3;2;1;55;0;7265912;131;0
11;19;78;20;10;59;53;3.80;1;1;1;58;0;7265953;299;0
11;19;78;20;10;59;90;3.20;4;2;1;53;0;7265990;288;0
11;19;78;20;11;0;40;3.40;3;2;1;55;0;7266040;104;0
11;19;78;20;11;1;14;3.60;4;2;1;56;0;7266114;102;0
11;19;78;20;11;2;16;3.20;3;2;1;56;0;7266216;153;0
11;19;78;20;11;2;95;3.20;4;2;1;57;0;7266295;157;0
11;19;78;20;11;3;85;4.40;3;2;1;57;0;7266385;148;7265755
11;19;78;20;11;4;30;3.40;4;2;1;57;0;7266430;114;7265755
11;19;78;20;11;5;93;3.80;4;2;1;54;0;7266593;141;7265990
11;19;78;20;11;6;56;4.20;3;2;1;57;0;7266656;243;0
11;19;78;20;11;7;43;3.00;4;2;1;57;0;7266743;124;7265990
11;19;78;20;11;8;5;4.20;2;1;1;56;0;7266805;1094;0
11;19;78;20;11;8;99;3.40;4;2;1;56;0;7266899;137;7265990
11;19;78;20;11;10;46;3.60;4;2;1;57;0;7267046;125;7265990
11;19;78;20;11;11;25;3.40;3;2;1;53;0;7267125;442;0
11;19;78;20;11;12;53;3.20;3;2;1;52;0;7267253;104;0
11;19;78;20;11;12;73;4.00;4;2;1;55;0;7267273;204;0
11;19;78;20;11;13;3;3.40;1;1;1;52;0;7267303;1326;0
11;19;78;20;11;14;25;3.00;4;2;1;53;0;7267425;125;0
11;19;78;20;11;14;72;4.20;1;1;1;53;0;7267472;145;0
11;19;78;20;11;15;7;5.80;2;1;1;59;0;7267507;675;0
11;19;78;20;11;16;2;3.80;1;1;1;52;0;7267602;101;0
11;19;78;20;11;16;13;3.80;3;2;1;56;0;7267613;337;0
11;19;78;20;11;16;38;3.60;4;2;1;52;0;7267638;192;0
11;19;78;20;11;19;17;3.40;4;2;1;47;0;7267917;254;0
11;19;78;20;11;22;1;3.80;4;2;1;54;0;7268201;257;0
11;19;78;20;11;27;24;3.00;4;2;1;53;0;7268724;497;0
11;19;78;20;11;31;81;3.60;1;1;1;55;0;7269181;1552;0
11;19;78;20;11;33;49;3.60;3;2;1;64;0;7269349;1711;0
11;19;78;20;11;35;3;3.80;1;1;1;54;0;7269503;298;0
11;19;78;20;11;35;74;3.00;4;2;1;46;0;7269574;829;0
11;19;78;20;11;41;26;3.60;4;2;1;61;0;7270126;528;0
11;19;78;20;11;41;35;3.60;1;1;1;59;0;7270135;606;0
11;19;78;20;11;42;90;3.60;4;2;1;64;0;7270290;142;0
11;19;78;20;11;43;33;4.00;2;1;1;56;0;7270333;2790;0
11;19;78;20;11;44;45;4.60;1;1;1;59;0;7270445;288;0
11;19;78;20;11;45;44;4.00;3;2;1;59;0;7270544;1174;0
11;19;78;20;11;46;28;3.80;3;2;1;55;0;7270628;59;0
11;19;78;20;11;47;59;2.80;3;2;1;56;0;7270759;106;0
11;19;78;20;11;48;47;3.40;4;2;1;53;0;7270847;536;0
11;19;78;20;11;50;86;3.80;1;1;1;55;0;7271086;612;0
11;19;78;20;11;51;75;3.60;4;2;1;57;0;7271175;304;0
11;19;78;20;11;55;6;3.80;4;2;1;58;0;7271506;308;0
11;19;78;20;11;58;19;4.60;3;2;1;55;0;7271819;1042;0
11;19;78;20;11;58;40;3.40;4;2;1;56;0;7271840;310;0
11;19;78;20;11;58;92;3.60;2;1;1;56;0;7271892;1533;0
11;19;78;20;12;0;29;3.80;1;1;1;56;0;7272029;918;0
11;19;78;20;12;1;47;3.80;1;1;1;56;0;7272147;93;0
11;19;78;20;12;3;79;3.80;2;1;1;51;0;7272379;463;0
11;19;78;20;12;4;21;3.80;1;1;1;56;0;7272421;249;0
11;19;78;20;12;4;86;4.80;2;1;1;48;0;7272486;80;0
11;19;78;20;12;5;50;3.80;4;2;1;68;0;7272550;688;0
11;19;78;20;12;5;97;4.00;1;1;1;56;0;7272597;151;0
11;19;78;20;12;6;6;3.20;2;1;1;50;0;7272606;84;0
11;19;78;20;12;6;52;3.80;3;2;1;68;0;7272652;802;0
11;19;78;20;12;7;13;4.20;2;1;1;48;0;7272713;83;0
11;19;78;20;12;9;29;3.20;2;1;1;51;0;7272929;184;7272379
11;19;78;20;12;9;98;4.60;3;2;1;64;0;7272998;325;0
11;19;78;20;12;9;99;3.80;4;2;1;57;0;7272999;428;0
11;19;78;20;12;10;31;3.60;2;1;1;51;0;7273031;79;7272379
11;19;78;20;12;10;65;3.40;1;1;1;48;0;7273065;442;0
11;19;78;20;12;11;45;4.60;2;1;1;50;0;7273145;88;7272379
11;19;78;20;12;11;98;3.80;3;2;1;60;0;7273198;174;7272379
11;19;78;20;12;12;17;4.00;1;1;1;50;0;7273217;126;7272379
11;19;78;20;12;12;96;3.80;4;2;1;55;0;7273296;273;0
11;19;78;20;12;13;8;3.60;2;1;1;53;0;7273308;129;7272379
11;19;78;20;12;13;40;3.80;1;1;1;49;0;7273340;94;7272379
11;19;78;20;12;14;26;3.20;4;2;1;54;0;7273426;105;7272379
11;19;78;20;12;14;89;3.40;1;1;1;47;0;7273489;121;7272379
11;19;78;20;12;15;80;3.60;3;2;1;62;0;7273580;359;0
11;19;78;20;12;16;8;3.80;4;2;1;60;0;7273608;160;0
11;19;78;20;12;16;92;3.80;1;1;1;47;0;7273692;176;7273065
11;19;78;20;12;18;6;8.20;1;1;2;46;0;7273806;84;7273065
11;19;78;20;12;19;21;3.60;3;2;1;62;0;7273921;320;0
11;19;78;20;12;20;37;3.40;1;1;1;51;0;7274037;166;7273065
11;19;78;20;12;20;95;3.80;3;2;1;67;0;7274095;153;7273065
11;19;78;20;12;21;4;4.00;4;2;1;51;0;7274104;473;0
11;19;78;20;12;22;25;3.20;1;1;1;49;0;7274225;164;7273065
11;19;78;20;12;22;55;3.60;3;2;1;64;0;7274255;139;7273065
11;19;78;20;12;22;99;3.80;4;2;1;51;0;7274299;166;7273065
11;19;78;20;12;23;76;3.80;3;2;1;61;0;7274376;100;7273065
11;19;78;20;12;23;81;4.80;1;1;1;48;0;7274381;132;7273065
11;19;78;20;12;24;93;3.40;4;2;1;57;0;7274493;167;7273065
11;19;78;20;12;25;81;4.20;4;2;1;58;0;7274581;66;7273065
11;19;78;20;12;26;59;3.80;1;1;1;48;0;7274659;242;0
11;19;78;20;12;26;98;3.60;4;2;1;59;0;7274698;90;7274104
11;19;78;20;12;27;14;3.60;3;2;1;61;0;7274714;315;0
11;19;78;20;12;28;10;3.80;2;1;1;58;0;7274810;1477;0
11;19;78;20;12;28;26;3.20;4;2;1;58;0;7274826;106;7274104
11;19;78;20;12;28;85;4.20;3;2;1;59;0;7274885;149;7274104
11;19;78;20;12;30;13;3.60;4;2;1;57;0;7275013;167;7274104
11;19;78;20;12;30;55;3.60;1;1;1;53;0;7275055;367;0
11;19;78;20;12;30;70;3.60;3;2;1;60;0;7275070;159;0
11;19;78;20;12;31;72;3.40;4;2;1;56;0;7275172;136;7274104
11;19;78;20;12;32;25;3.80;3;2;1;61;0;7275225;133;7274104
11;19;78;20;12;34;17;3.40;3;2;1;60;0;7275417;169;7274714
11;19;78;20;12;35;51;3.60;4;2;1;55;0;7275551;357;0
11;19;78;20;12;36;16;3.40;3;2;1;59;0;7275616;178;7274714
11;19;78;20;12;37;25;3.80;4;2;1;56;0;7275725;150;7274714
11;19;78;20;12;39;2;3.60;4;2;1;53;0;7275902;152;7274714
11;19;78;20;12;43;17;3.40;4;2;1;63;0;7276317;390;0
11;19;78;20;12;45;25;4.00;1;1;1;59;0;7276525;1445;0
11;19;78;20;12;46;9;3.80;4;2;1;60;0;7276609;272;0
11;19;78;20;12;53;40;3.20;2;1;1;57;0;7277340;2506;0
11;19;78;20;12;54;11;3.60;1;1;1;58;0;7277411;861;0
11;19;78;20;12;55;11;4.60;1;1;1;57;0;7277511;77;0
11;19;78;20;12;57;85;4.00;2;1;1;62;0;7277785;424;0
11;19;78;20;12;57;95;3.00;4;2;1;55;0;7277795;1163;0
11;19;78;20;12;58;6;3.80;3;2;1;63;0;7277806;2169;0
11;19;78;20;12;59;98;3.80;4;2;1;53;0;7277998;183;0
11;19;78;20;13;1;57;3.00;4;2;1;54;0;7278157;133;0
11;19;78;20;13;3;7;3.20;3;2;1;58;0;7278307;479;0
11;19;78;20;13;15;88;3.80;1;1;1;53;0;7279588;2047;0
11;19;78;20;13;18;48;4.00;4;2;1;58;0;7279848;1671;0
11;19;78;20;13;22;89;3.60;4;2;1;60;0;7280289;416;0
11;19;78;20;13;23;12;4.20;3;2;1;76;0;7280312;1985;0
11;19;78;20;13;25;3;3.20;3;2;1;69;0;7280503;171;0
11;19;78;20;13;25;88;3.60;4;2;1;56;0;7280588;277;0
11;19;78;20;13;29;1;3.60;4;2;1;61;0;7280901;289;0
11;19;78;20;13;30;64;4.20;1;1;1;58;0;7281064;1450;0
11;19;78;20;13;31;25;3.60;3;2;1;59;0;7281125;605;0
11;19;78;20;13;31;44;3.20;4;2;1;59;0;7281144;221;0
11;19;78;20;13;34;15;3.60;3;2;1;59;0;7281415;268;0
11;19;78;20;13;34;88;3.60;4;2;1;59;0;7281488;324;0
11;19;78;20;13;35;17;3.60;3;2;1;60;0;7281517;80;0
11;19;78;20;13;37;0;3.80;4;2;1;58;0;7281700;190;0
11;19;78;20;13;37;27;3.60;3;2;1;58;0;7281727;188;0
11;19;78;20;13;38;21;3.60;4;2;1;57;0;7281821;97;0
11;19;78;20;13;39;55;3.80;4;2;1;59;0;7281955;111;0
11;19;78;20;13;41;46;5.00;3;2;1;62;0;7282146;396;0
11;19;78;20;13;42;45;3.80;3;2;1;62;0;7282245;69;0
11;19;78;20;13;42;91;3.20;4;2;1;57;0;7282291;312;0
11;19;78;20;13;43;9;3.00;2;1;1;58;0;7282309;4500;0
11;19;78;20;13;44;45;3.20;4;2;1;56;0;7282445;133;0
11;19;78;20;13;44;49;3.60;3;2;1;62;0;7282449;181;0
11;19;78;20;13;45;1;3.60;1;1;1;59;0;7282501;1410;0
11;19;78;20;13;45;77;3.80;2;1;1;59;0;7282577;249;0
11;19;78;20;13;45;91;3.20;3;2;1;59;0;7282591;121;0
11;19;78;20;13;46;57;3.40;2;1;1;56;0;7282657;56;0
11;19;78;20;13;48;40;3.00;4;2;1;54;0;7282840;374;0
11;19;78;20;13;48;42;3.80;1;1;1;54;0;7282842;319;0
11;19;78;20;13;48;66;3.80;3;2;1;58;0;7282866;255;0
11;19;78;20;13;49;18;11.80;2;1;7;55;0;7282918;239;0
11;19;78;20;13;50;7;3.60;3;2;1;57;0;7283007;117;0
11;19;78;20;13;50;59;3.60;2;1;1;48;0;7283059;63;0
11;19;78;20;13;51;52;4.00;1;1;1;53;0;7283152;284;0
11;19;78;20;13;51;67;3.80;4;2;1;57;0;7283167;307;0
11;19;78;20;13;52;86;4.40;1;1;1;49;0;7283286;106;0
11;19;78;20;13;53;76;3.40;4;2;1;54;0;7283376;185;0
11;19;78;20;13;53;82;3.60;2;1;1;53;0;7283382;296;0
11;19;78;20;13;54;30;4.20;3;2;1;57;0;7283430;400;0
11;19;78;20;13;55;38;3.60;2;1;1;51;0;7283538;131;0
11;19;78;20;13;56;14;3.20;3;2;1;51;0;7283614;157;0
11;19;78;20;13;55;94;25.60;1;1;5;49;0;7283594;275;0
11;19;78;20;13;58;42;3.60;1;1;1;50;0;7283842;59;0
11;19;78;20;13;58;58;3.20;3;2;1;50;0;7283858;221;0
11;19;78;20;14;1;49;3.60;1;1;1;47;0;7284149;281;0
11;19;78;20;14;5;72;3.60;4;2;1;53;0;7284572;1173;0
11;19;78;20;14;6;5;3.40;1;1;1;66;0;7284605;428;0
11;19;78;20;14;7;12;3.40;4;2;1;51;0;7284712;115;0
11;19;78;20;14;10;0;3.80;2;1;1;60;0;7285000;1436;0
11;19;78;20;14;11;1;3.40;4;2;1;54;0;7285101;365;0
11;19;78;20;14;13;16;3.80;1;1;1;53;0;7285316;692;0
11;19;78;20;14;16;15;3.40;3;2;1;63;0;7285615;1733;0
11;19;78;20;14;20;20;3.40;1;1;1;56;0;7286020;678;0
11;19;78;20;14;20;15;3.20;2;1;1;55;0;7286015;992;0
11;19;78;20;14;22;54;4.00;1;1;1;56;0;7286254;212;0
11;19;78;20;14;22;63;3.40;4;2;1;55;0;7286263;1139;0
11;19;78;20;14;24;40;4.00;4;2;1;57;0;7286440;154;0
11;19;78;20;14;26;60;3.60;3;2;1;63;0;7286660;1025;0
11;19;78;20;14;28;6;3.80;3;2;1;63;0;7286806;125;0
11;19;78;20;14;28;56;3.60;4;2;1;57;0;7286856;390;0
11;19;78;20;14;28;80;5.00;1;1;1;65;0;7286880;600;0
11;19;78;20;14;29;90;3.60;4;2;1;53;0;7286990;111;0
11;19;78;20;14;31;1;3.80;3;2;1;57;0;7287101;273;0
11;19;78;20;14;31;86;2.80;1;1;1;58;0;7287186;278;0
11;19;78;20;14;38;48;3.20;1;1;1;55;0;7287848;644;0
11;19;78;20;14;38;55;3.40;4;2;1;57;0;7287855;840;0
11;19;78;20;14;41;77;4.00;3;2;1;63;0;7288177;1052;0
11;19;78;20;14;41;82;3.80;4;2;1;53;0;7288182;305;0
11;19;78;20;14;43;37;4.00;2;1;1;56;0;7288337;2301;0
11;19;78;20;14;45;6;3.80;1;1;1;60;0;7288506;637;0
11;19;78;20;14;45;79;3.40;4;2;1;60;0;7288579;371;0
11;19;78;20;14;46;34;4.00;1;1;1;60;0;7288634;105;0
11;19;78;20;14;46;74;4.00;3;2;1;65;0;7288674;474;0
11;19;78;20;14;47;67;4.00;4;2;1;59;0;7288767;167;0
11;19;78;20;14;50;62;4.00;4;2;1;60;0;7289062;270;0
11;19;78;20;14;55;82;3.60;3;2;1;56;0;7289582;885;0
11;19;78;20;14;56;56;11.20;4;2;3;51;0;7289656;570;0
11;19;78;20;14;58;78;3.40;3;2;1;52;0;7289878;272;0
11;19;78;20;14;59;14;3.80;4;2;1;48;0;7289914;178;0
11;19;78;20;14;59;95;3.40;3;2;1;51;0;7289995;93;0
11;19;78;20;15;0;44;3.20;4;2;1;49;0;7290044;101;0
11;19;78;20;15;1;4;3.20;3;2;1;51;0;7290104;85;0
11;19;78;20;15;2;51;3.60;3;2;1;51;0;7290251;124;0
11;19;78;20;15;2;84;3.60;4;2;1;53;0;7290284;216;0
11;19;78;20;15;4;3;3.60;3;2;1;49;0;7290403;126;7289878
11;19;78;20;15;4;85;3.80;1;1;1;53;0;7290485;1827;0
11;19;78;20;15;4;95;3.60;4;2;1;57;0;7290495;186;0
11;19;78;20;15;5;21;3.40;2;1;1;58;0;7290521;2158;0
11;19;78;20;15;5;37;3.80;3;2;1;49;0;7290537;107;7289878
11;19;78;20;15;6;55;3.60;3;2;1;47;0;7290655;90;7289878
11;19;78;20;15;6;91;3.40;4;2;1;61;0;7290691;173;7289878
11;19;78;20;15;8;34;3.80;1;1;1;55;0;7290834;323;0
11;19;78;20;15;9;2;3.60;3;2;1;54;0;7290902;219;0
11;19;78;20;15;10;29;4.80;4;2;1;51;0;7291029;317;0
11;19;78;20;15;10;48;4.00;3;2;1;53;0;7291048;122;0
11;19;78;20;15;12;3;2.80;4;2;1;52;0;7291203;140;0
11;19;78;20;15;12;39;3.60;3;2;1;50;0;7291239;163;0
11;19;78;20;15;13;57;4.00;4;2;1;55;0;7291357;134;0
11;19;78;20;15;13;80;4.60;3;2;1;51;0;7291380;115;0
11;19;78;20;15;15;60;3.20;3;2;1;51;0;7291560;147;7290902
11;19;78;20;15;15;74;3.80;4;2;1;54;0;7291574;190;7290902
11;19;78;20;15;19;46;3.40;3;2;1;52;0;7291946;363;0
11;19;78;20;15;21;29;3.60;1;1;1;59;0;7292129;1270;0
11;19;78;20;15;22;67;3.60;1;1;1;57;0;7292267;116;0
11;19;78;20;15;23;53;3.60;1;1;1;57;0;7292353;63;0
11;19;78;20;15;25;1;3.80;2;1;1;54;0;7292501;1958;0
11;19;78;20;15;25;33;4.60;1;1;1;57;0;7292533;157;0
11;19;78;20;15;27;70;3.20;4;2;1;54;0;7292770;1170;0
11;19;78;20;15;27;82;3.40;1;1;1;56;0;7292782;219;0
11;19;78;20;15;28;2;4.00;2;1;1;59;0;7292802;275;0
11;19;78;20;15;30;75;3.80;1;1;1;51;0;7293075;271;0
11;19;78;20;15;31;0;4.40;2;1;1;54;0;7293100;273;0
11;19;78;20;15;32;24;3.20;2;1;1;53;0;7293224;94;0
11;19;78;20;15;34;63;3.40;1;1;1;53;0;7293463;361;0
11;19;78;20;15;36;94;3.00;1;1;1;52;0;7293694;207;0
11;19;78;20;15;38;36;3.80;2;1;1;52;0;7293836;590;0
11;19;78;20;15;39;12;3.40;2;1;1;52;0;7293912;49;0
11;19;78;20;15;40;13;3.20;1;1;1;53;0;7294013;298;0
11;19;78;20;15;41;27;3.20;2;1;1;52;0;7294127;191;0
11;19;78;20;15;41;91;3.60;4;2;1;63;0;7294191;1399;0
11;19;78;20;15;42;19;3.00;1;1;1;50;0;7294219;184;0
11;19;78;20;15;43;6;3.80;1;1;1;50;0;7294306;65;0
11;19;78;20;15;43;52;3.60;2;1;1;50;0;7294352;202;0
11;19;78;20;15;44;61;3.40;4;2;1;62;0;7294461;249;0
11;19;78;20;15;45;31;3.60;3;2;1;64;0;7294531;2561;0
11;19;78;20;15;46;18;4.00;2;1;1;51;0;7294618;240;0
11;19;78;20;15;46;40;3.20;3;2;1;63;0;7294640;88;0
11;19;78;20;15;47;93;3.60;1;1;1;57;0;7294793;459;0
11;19;78;20;15;48;3;6.20;2;1;1;50;0;7294803;156;0
11;19;78;20;15;48;56;3.40;3;2;1;55;0;7294856;197;0
11;19;78;20;15;49;39;3.80;3;2;1;54;0;7294939;60;0
11;19;78;20;15;49;67;3.60;4;2;1;68;0;7294967;486;0
11;19;78;20;15;49;69;4.20;1;1;1;55;0;7294969;153;0
11;19;78;20;15;50;36;3.40;2;1;1;49;0;7295036;188;0
11;19;78;20;15;51;58;3.80;1;1;1;56;0;7295158;161;0
11;19;78;20;15;51;57;3.00;2;1;1;45;0;7295157;96;0
11;19;78;20;15;53;70;3.60;1;1;1;55;0;7295370;187;0
11;19;78;20;15;54;97;3.60;4;2;1;53;0;7295497;510;0
11;19;78;20;15;55;41;3.20;1;1;1;55;0;7295541;147;7294793
11;19;78;20;15;57;74;3.60;1;1;1;57;0;7295774;212;0
11;19;78;20;15;58;65;3.60;4;2;1;53;0;7295865;343;0
11;19;78;20;16;1;6;3.80;2;1;1;58;0;7296106;925;0
11;19;78;20;16;1;16;3.80;3;2;1;53;0;7296116;1151;0
11;19;78;20;16;2;57;3.40;2;1;1;51;0;7296257;127;0
11;19;78;20;16;4;1;4.40;1;1;1;58;0;7296401;604;0
11;19;78;20;16;5;30;4.20;4;2;1;60;0;7296530;640;0
11;19;78;20;16;5;47;3.20;3;2;1;60;0;7296547;405;0
11;19;78;20;16;6;71;3.60;4;2;1;57;0;7296671;115;0
11;19;78;20;16;6;92;3.40;3;2;1;63;0;7296692;125;0
11;19;78;20;16;8;18;3.80;4;2;1;55;0;7296818;124;0
11;19;78;20;16;8;42;3.80;2;1;1;57;0;7296842;561;0
11;19;78;20;16;8;60;3.20;3;2;1;64;0;7296860;148;0
11;19;78;20;16;12;30;3.60;1;1;1;53;0;7297230;801;0
11;19;78;20;16;13;2;3.80;4;2;1;65;0;7297302;459;0
11;19;78;20;16;14;47;2.80;3;2;1;62;0;7297447;569;0
11;19;78;20;16;14;60;3.60;1;1;1;51;0;7297460;205;0
11;19;78;20;16;17;89;3.80;4;2;1;60;0;7297789;465;0
11;19;78;20;16;20;57;3.40;2;1;1;59;0;7298057;1191;0
11;19;78;20;16;22;41;3.60;2;1;1;58;0;7298241;163;0
11;19;78;20;16;23;1;3.40;4;2;1;62;0;7298301;489;0
11;19;78;20;16;24;42;3.40;3;2;1;69;0;7298442;978;0
11;19;78;20;16;26;9;3.20;4;2;1;65;0;7298609;288;0
11;19;78;20;16;29;3;3.60;4;2;1;60;0;7298903;276;0
11;19;78;20;16;29;59;3.00;3;2;1;59;0;7298959;499;0
11;19;78;20;16;30;63;4.20;4;2;1;56;0;7299063;138;0
11;19;78;20;16;30;73;3.60;3;2;1;54;0;7299073;95;0
11;19;78;20;16;32;49;3.40;4;2;1;54;0;7299249;159;0
11;19;78;20;16;34;28;3.80;3;2;1;57;0;7299428;331;0
11;19;78;20;16;34;42;3.60;4;2;1;52;0;7299442;170;0
11;19;78;20;16;35;5;3.40;1;1;1;58;0;7299505;2019;0
11;19;78;20;16;36;12;3.80;4;2;1;51;0;7299612;145;7298903
11;19;78;20;16;37;41;3.60;1;1;1;55;0;7299741;214;0
11;19;78;20;16;37;54;3.40;3;2;1;57;0;7299754;302;0
11;19;78;20;16;38;94;3.00;4;2;1;51;0;7299894;255;0
11;19;78;20;16;40;2;3.80;4;2;1;57;0;7300002;86;0
11;19;78;20;16;42;43;3.80;4;2;1;51;0;7300243;217;0
11;19;78;20;16;44;23;3.80;4;2;1;50;0;7300423;153;0
11;19;78;20;16;47;50;12.60;4;2;3;44;0;7300750;299;0
11;19;78;20;16;54;62;3.60;1;1;1;56;0;7301462;1697;0
11;19;78;20;16;56;20;3.40;4;2;1;52;0;7301620;766;0
11;19;78;20;16;57;64;3.60;4;2;1;54;0;7301764;120;0
11;19;78;20;16;59;96;3.60;2;1;1;57;0;7301996;3732;0
11;19;78;20;17;5;28;3.80;3;2;1;57;0;7302528;2752;0
11;19;78;20;17;7;11;3.40;4;2;1;57;0;7302711;923;0
11;19;78;20;17;8;2;3.60;3;2;1;58;0;7302802;250;0
11;19;78;20;17;9;53;3.80;4;2;1;55;0;7302953;220;0
11;19;78;20;17;11;14;11.40;1;1;3;60;0;7303114;1628;0
11;19;78;20;17;13;28;3.80;1;1;1;57;0;7303328;145;0
11;19;78;20;17;17;11;3.20;1;1;1;56;0;7303711;359;0
11;19;78;20;17;19;48;3.60;4;2;1;55;0;7303948;970;0
11;19;78;20;17;22;31;3.40;1;1;1;58;0;7304231;499;0
11;19;78;20;17;25;67;4.40;2;1;1;55;0;7304567;2548;0
11;19;78;20;17;27;5;4.00;2;1;1;59;0;7304705;109;0
11;19;78;20;17;27;14;3.80;1;1;1;54;0;7304714;461;0
11;19;78;20;17;28;27;4.00;2;1;1;58;0;7304827;97;0
11;19;78;20;17;28;23;4.00;1;1;1;55;0;7304823;83;0
11;19;78;20;17;29;75;3.80;2;1;1;59;0;7304975;123;0
11;19;78;20;17;30;78;3.40;1;1;1;54;0;7305078;228;0
11;19;78;20;17;30;92;3.80;2;1;1;57;0;7305092;93;7304567
11;19;78;20;17;32;13;5.20;2;1;1;58;0;7305213;97;7304567
11;19;78;20;17;33;24;3.20;2;1;1;51;0;7305324;78;7304567
11;19;78;20;17;33;26;3.40;3;2;1;58;0;7305326;2501;0
11;19;78;20;17;33;96;5.00;4;2;1;56;0;7305396;1424;0
11;19;78;20;17;34;5;3.80;2;1;1;50;0;7305405;58;7304567
11;19;78;20;17;34;63;3.20;1;1;1;51;0;7305463;362;0
11;19;78;20;17;35;8;4.00;2;1;1;49;0;7305508;75;7304567
11;19;78;20;17;36;49;3.60;1;1;1;50;0;7305649;163;7304567
11;19;78;20;17;37;10;3.20;3;2;1;62;0;7305710;362;0
11;19;78;20;17;37;92;3.60;1;1;1;49;0;7305792;117;0
11;19;78;20;17;38;53;3.60;3;2;1;64;0;7305853;124;0
11;19;78;20;17;38;75;3.40;2;1;1;61;0;7305875;337;0
11;19;78;20;17;39;73;3.20;1;1;1;48;0;7305973;154;0
11;19;78;20;17;39;86;3.80;3;2;1;59;0;7305986;112;0
11;19;78;20;17;39;95;3.20;2;1;1;59;0;7305995;99;0
11;19;78;20;17;39;95;14.40;4;2;4;48;0;7305995;566;0
11;19;78;20;17;41;16;3.20;1;1;1;48;0;7306116;119;7305463
11;19;78;20;17;41;31;3.20;3;2;1;58;0;7306131;121;7305463
11;19;78;20;17;42;47;3.60;4;2;1;48;0;7306247;144;7305463
11;19;78;20;17;43;38;3.40;2;1;1;52;0;7306338;323;0
11;19;78;20;17;43;85;3.60;3;2;1;59;0;7306385;234;0
11;19;78;20;17;43;99;3.60;1;1;1;46;0;7306399;259;0
11;19;78;20;17;44;66;3.20;4;2;1;55;0;7306466;192;0
11;19;78;20;17;46;82;4.00;3;2;1;57;0;7306682;275;0
11;19;78;20;17;46;35;11.40;1;1;2;45;0;7306635;207;0
11;19;78;20;17;47;96;3.20;3;2;1;53;0;7306796;88;0
11;19;78;20;17;49;14;3.60;3;2;1;53;0;7306914;96;0
11;19;78;20;17;49;52;3.60;2;1;1;56;0;7306952;590;0
11;19;78;20;17;50;34;3.00;3;2;1;53;0;7307034;95;0
11;19;78;20;17;50;33;3.40;4;2;1;48;0;7307033;546;0
11;19;78;20;17;51;1;3.40;2;1;1;57;0;7307101;125;0
11;19;78;20;17;51;13;3.40;3;2;1;54;0;7307113;58;7306682
11;19;78;20;17;52;5;4.60;4;2;1;49;0;7307205;146;7306682
11;19;78;20;17;52;20;3.80;3;2;1;54;0;7307220;84;7306682
11;19;78;20;17;52;76;3.20;1;1;1;54;0;7307276;549;0
11;19;78;20;17;52;98;3.80;3;2;1;55;0;7307298;52;7306682
11;19;78;20;17;54;52;3.80;3;2;1;56;0;7307452;129;7306682
11;19;78;20;17;55;34;3.80;2;1;1;60;0;7307534;411;0
11;19;78;20;17;55;58;3.20;4;2;1;50;0;7307558;319;0
11;19;78;20;17;56;36;4.40;3;2;1;55;0;7307636;159;7306682
11;19;78;20;17;56;75;4.00;4;2;1;48;0;7307675;93;7306682
11;19;78;20;17;57;95;4.80;4;2;1;49;0;7307795;90;7306682
11;19;78;20;18;4;61;3.80;1;1;1;51;0;7308461;1163;0
11;19;78;20;18;4;99;3.80;4;2;1;62;0;7308499;668;0
11;19;78;20;18;5;67;3.60;2;1;1;61;0;7308567;1010;0
11;19;78;20;18;6;72;3.80;1;1;1;55;0;7308672;184;0
11;19;78;20;18;8;70;3.20;1;1;1;55;0;7308870;173;0
11;19;78;20;18;10;65;4.00;1;1;1;59;0;7309065;174;0
11;19;78;20;18;11;51;4.20;2;1;1;59;0;7309151;562;0
11;19;78;20;18;12;41;3.80;1;1;1;56;0;7309241;151;7308461
11;19;78;20;18;12;94;4.00;2;1;1;54;0;7309294;117;7308461
11;19;78;20;18;14;86;4.00;4;2;1;64;0;7309486;964;0
11;19;78;20;18;16;81;3.60;1;1;1;52;0;7309681;415;0
11;19;78;20;18;18;5;3.40;1;1;1;51;0;7309805;99;0
11;19;78;20;18;19;27;3.80;1;1;1;51;0;7309927;98;0
11;19;78;20;18;20;30;3.60;1;1;1;52;0;7310030;76;0
11;19;78;20;18;20;56;3.20;4;2;1;58;0;7310056;547;0
11;19;78;20;18;23;50;3.60;4;2;1;59;0;7310350;274;0
11;19;78;20;18;25;45;3.80;3;2;1;58;0;7310545;2880;0
11;19;78;20;18;45;33;4.20;2;1;1;60;0;7312533;3212;0
11;19;78;20;18;47;86;3.80;4;2;1;61;0;7312786;2414;0
11;19;78;20;18;50;12;3.60;4;2;1;56;0;7313012;203;0
11;19;78;20;18;51;1;3.60;3;2;1;61;0;7313101;2532;0
11;19;78;20;18;52;6;3.20;4;2;1;57;0;7313206;170;0
11;19;78;20;18;52;39;3.40;3;2;1;58;0;7313239;116;0
11;19;78;20;18;52;50;3.80;2;1;1;53;0;7313250;691;0
11;19;78;20;18;54;18;3.60;4;2;1;55;0;7313418;191;0
11;19;78;20;18;54;38;3.60;3;2;1;56;0;7313438;177;0
11;19;78;20;18;54;76;3.40;1;1;1;53;0;7313476;3421;0
11;19;78;20;18;56;22;3.20;1;1;1;53;0;7313622;122;0
11;19;78;20;18;56;82;3.00;4;2;1;56;0;7313682;240;0
11;19;78;20;18;57;72;3.80;3;2;1;58;0;7313772;310;0
11;19;78;20;18;57;91;3.40;4;2;1;57;0;7313791;89;0
11;19;78;20;18;57;89;4.40;1;1;1;53;0;7313789;145;0
11;19;78;20;18;59;21;3.60;3;2;1;58;0;7313921;125;0
11;19;78;20;19;0;24;3.20;4;2;1;58;0;7314024;211;0
11;19;78;20;19;1;0;4.00;3;2;1;57;0;7314100;156;0
11;19;78;20;19;2;63;3.80;4;2;1;55;0;7314263;219;0
11;19;78;20;19;3;15;4.60;3;2;1;59;0;7314315;189;0
11;19;78;20;19;5;17;3.80;1;1;1;60;0;7314517;698;0
11;19;78;20;19;5;45;3.60;4;2;1;57;0;7314545;257;0
11;19;78;20;19;6;25;3.60;3;2;1;66;0;7314625;281;0
11;19;78;20;19;6;72;3.60;2;1;1;56;0;7314672;1396;0
11;19;78;20;19;7;34;3.40;4;2;1;60;0;7314734;166;0
11;19;78;20;19;7;62;3.20;1;1;1;58;0;7314762;222;0
11;19;78;20;19;8;10;4.40;2;1;1;57;0;7314810;114;0
11;19;78;20;19;8;44;3.60;3;2;1;58;0;7314844;199;0
11;19;78;20;19;9;52;3.80;2;1;1;58;0;7314952;114;0
11;19;78;20;19;9;71;3.60;4;2;1;56;0;7314971;216;0
11;19;78;20;19;10;5;3.60;3;2;1;57;0;7315005;138;0
11;19;78;20;19;10;33;3.60;1;1;1;52;0;7315033;251;0
11;19;78;20;19;10;96;3.80;4;2;1;57;0;7315096;101;0
11;19;78;20;19;12;37;4.20;1;1;1;52;0;7315237;179;0
11;19;78;20;19;13;36;3.60;2;1;1;56;0;7315336;360;0
11;19;78;20;19;14;60;3.40;3;2;1;53;0;7315460;432;0
11;19;78;20;19;15;7;4.00;2;1;1;56;0;7315507;147;0
11;19;78;20;19;15;95;2.80;3;2;1;53;0;7315595;111;0
11;19;78;20;19;16;50;3.80;2;1;1;53;0;7315650;117;0
11;19;78;20;19;16;61;7.40;1;1;2;50;0;7315661;394;0
11;19;78;20;19;17;14;4.00;3;2;1;53;0;7315714;99;0
11;19;78;20;19;17;66;4.00;2;1;1;53;0;7315766;90;0
11;19;78;20;19;18;63;3.60;1;1;1;50;0;7315863;148;0
11;19;78;20;19;18;96;3.80;2;1;1;53;0;7315896;102;7315336
11;19;78;20;19;19;50;3.20;4;2;1;66;0;7315950;830;0
11;19;78;20;19;19;67;4.00;1;1;1;49;0;7315967;78;0
11;19;78;20;19;22;14;3.20;1;1;1;46;0;7316214;217;0
11;19;78;20;19;25;53;3.40;1;1;1;53;0;7316553;313;0
11;19;78;20;19;26;82;5.80;2;1;1;49;0;7316682;760;0
11;19;78;20;19;27;88;3.60;1;1;1;55;0;7316788;211;0
11;19;78;20;19;29;8;3.40;2;1;1;54;0;7316908;183;0
11;19;78;20;19;35;15;3.60;2;1;1;54;0;7317515;584;0
11;19;78;20;19;37;39;3.60;3;2;1;56;0;7317739;1997;0
11;19;78;20;19;38;3;5.20;4;2;1;49;0;7317803;1835;0
11;19;78;20;19;39;61;4.40;4;2;1;48;0;7317961;119;0
11;19;78;20;19;40;99;3.80;3;2;1;56;0;7318099;336;0
11;19;78;20;19;41;16;3.20;1;1;1;54;0;7318116;1304;0
11;19;78;20;19;41;76;4.00;2;1;1;58;0;7318176;637;0
11;19;78;20;19;42;93;3.80;4;2;1;56;0;7318293;299;0
11;19;78;20;19;43;65;3.00;2;1;1;52;0;7318365;164;0
11;19;78;20;19;45;57;3.80;1;1;1;50;0;7318557;419;0
11;19;78;20;19;50;57;6.00;4;2;1;56;0;7319057;739;0
11;19;78;20;19;49;92;13.00;1;1;3;48;0;7318992;407;0
11;19;78;20;19;52;72;3.60;4;2;1;54;0;7319272;176;0
11;19;78;20;19;52;25;14.40;1;1;3;49;0;7319225;135;0
11;19;78;20;19;54;71;3.60;1;1;1;49;0;7319471;140;0
11;19;78;20;19;55;73;3.80;4;2;1;55;0;7319573;277;0
11;19;78;20;19;58;82;3.80;3;2;1;80;0;7319882;1758;0
11;19;78;20;20;0;50;3.00;1;1;1;49;0;7320050;552;0
11;19;78;20;20;1;26;3.20;2;1;1;55;0;7320126;1740;0
11;19;78;20;20;2;97;3.60;1;1;1;48;0;7320297;224;0
11;19;78;20;20;3;34;3.80;2;1;1;55;0;7320334;187;0
11;19;78;20;20;4;35;3.20;1;1;1;49;0;7320435;111;0
11;19;78;20;20;6;12;3.80;2;1;1;54;0;7320612;253;0
11;19;78;20;20;8;1;3.60;4;2;1;57;0;7320801;1203;0
11;19;78;20;20;10;76;3.60;4;2;1;57;0;7321076;252;0
11;19;78;20;20;13;30;3.60;3;2;1;62;0;7321330;1430;0
11;19;78;20;20;13;26;3.40;4;2;1;57;0;7321326;227;0
11;19;78;20;20;15;95;3.40;3;2;1;60;0;7321595;244;0
11;19;78;20;20;17;87;3.60;4;2;1;61;0;7321787;439;0
11;19;78;20;20;18;19;3.20;3;2;1;58;0;7321819;203;0
11;19;78;20;20;21;2;12.60;4;2;3;55;0;7322102;293;0
11;19;78;20;20;24;65;3.80;3;2;1;52;0;7322465;626;0
11;19;78;20;20;24;95;4.60;4;2;1;55;0;7322495;310;0
11;19;78;20;20;25;84;3.80;3;2;1;51;0;7322584;92;0
11;19;78;20;20;26;74;3.40;3;2;1;50;0;7322674;63;0
11;19;78;20;20;29;20;3.60;3;2;1;52;0;7322920;221;0
11;19;78;20;20;29;78;3.60;4;2;1;51;0;7322978;452;0
11;19;78;20;20;30;64;3.80;3;2;1;53;0;7323064;119;0
11;19;78;20;20;31;75;3.60;4;2;1;53;0;7323175;171;0
11;19;78;20;20;32;25;3.40;3;2;1;53;0;7323225;135;0
11;19;78;20;20;33;57;3.20;3;2;1;52;0;7323357;108;0
11;19;78;20;20;35;45;3.20;3;2;1;52;0;7323545;165;7322920
11;19;78;20;20;40;82;3.60;1;1;1;56;0;7324082;3623;0
11;19;78;20;20;42;44;4.20;1;1;1;55;0;7324244;138;0
11;19;78;20;20;47;1;4.40;2;1;1;58;0;7324701;4063;0
11;19;78;20;20;49;29;3.40;3;2;1;51;0;7324929;1361;0
11;19;78;20;20;50;97;3.80;1;1;1;55;0;7325097;825;0
11;19;78;20;20;56;61;7.40;1;1;2;62;0;7325661;539;0
11;19;78;20;20;58;22;2.80;3;2;1;60;0;7325822;869;0
11;19;78;20;20;58;71;3.60;2;1;1;61;0;7325871;1142;0
11;19;78;20;21;1;34;3.20;4;2;1;62;0;7326134;2934;0
11;19;78;20;21;1;56;3.40;1;1;1;55;0;7326156;452;0
11;19;78;20;21;2;77;3.80;1;1;1;54;0;7326277;98;0
11;19;78;20;21;3;76;3.40;2;1;1;57;0;7326376;483;0
11;19;78;20;21;3;63;5.20;4;2;1;62;0;7326363;210;0
11;19;78;20;21;5;92;3.00;2;1;1;54;0;7326592;194;0
11;19;78;20;21;6;41;3.60;4;2;1;62;0;7326641;247;0
11;19;78;20;21;8;38;3.60;3;2;1;55;0;7326838;999;0
11;19;78;20;21;8;43;3.80;2;1;1;55;0;7326843;231;0
11;19;78;20;21;8;56;3.60;4;2;1;56;0;7326856;194;0
11;19;78;20;21;8;64;3.60;1;1;1;46;0;7326864;561;0
11;19;78;20;21;9;23;3.60;2;1;1;53;0;7326923;55;0
11;19;78;20;21;10;6;3.40;1;1;1;48;0;7327006;113;0
11;19;78;20;21;11;8;3.60;1;1;1;50;0;7327108;76;0
11;19;78;20;21;11;59;3.60;2;1;1;55;0;7327159;211;0
11;19;78;20;21;12;21;3.60;3;2;1;56;0;7327221;359;0
11;19;78;20;21;12;49;3.20;4;2;1;57;0;7327249;369;0
11;19;78;20;21;14;12;3.20;2;1;1;52;0;7327412;229;0
11;19;78;20;21;14;70;3.20;4;2;1;56;0;7327470;200;0
11;19;78;20;21;15;59;3.40;2;1;1;51;0;7327559;124;0
11;19;78;20;21;17;48;3.60;1;1;1;61;0;7327748;614;0
11;19;78;20;21;18;43;3.60;1;1;1;59;0;7327843;73;0
11;19;78;20;21;18;77;2.80;2;1;1;48;0;7327877;294;0
11;19;78;20;21;20;87;3.60;1;1;1;57;0;7328087;222;0
11;19;78;20;21;20;89;3.80;2;1;1;48;0;7328089;191;0
11;19;78;20;21;23;15;3.40;1;1;1;53;0;7328315;205;0
11;19;78;20;21;25;14;3.80;4;2;1;62;0;7328514;1023;0
11;19;78;20;21;26;14;4.00;2;1;1;56;0;7328614;496;0
11;19;78;20;21;26;83;3.00;1;1;1;54;0;7328683;344;0
11;19;78;20;21;26;97;3.60;4;2;1;57;0;7328697;160;0
11;19;78;20;21;27;72;3.40;2;1;1;61;0;7328772;132;0
11;19;78;20;21;28;3;3.20;3;2;1;61;0;7328803;1558;0
11;19;78;20;21;28;87;3.80;4;2;1;56;0;7328887;167;0
11;19;78;20;21;29;3;3.60;2;1;1;60;0;7328903;110;0
11;19;78;20;21;29;33;3.80;3;2;1;61;0;7328933;111;0
11;19;78;20;21;30;25;4.00;2;1;1;63;0;7329025;100;0
11;19;78;20;21;32;30;3.60;3;2;1;62;0;7329230;274;0
11;19;78;20;21;34;50;3.80;1;1;1;57;0;7329450;747;0
11;19;78;20;21;34;82;3.00;4;2;1;52;0;7329482;570;0
11;19;78;20;21;35;1;3.60;3;2;1;59;0;7329501;250;0
11;19;78;20;21;35;92;3.60;4;2;1;57;0;7329592;89;0
11;19;78;20;21;36;47;3.80;3;2;1;59;0;7329647;124;0
11;19;78;20;21;38;9;3.80;3;2;1;57;0;7329809;138;0
11;19;78;20;21;38;35;3.60;4;2;1;59;0;7329835;220;0
11;19;78;20;21;39;4;3.60;1;1;1;55;0;7329904;430;0
11;19;78;20;21;40;64;3.80;4;2;1;59;0;7330064;207;0
11;19;78;20;21;41;44;3.60;3;2;1;60;0;7330144;311;0
11;19;78;20;21;42;94;3.60;3;2;1;58;0;7330294;128;0
11;19;78;20;21;44;33;3.60;3;2;1;59;0;7330433;116;0
11;19;78;20;21;44;63;3.40;4;2;1;53;0;7330463;375;0
11;19;78;20;21;45;33;4.00;2;1;1;49;0;7330533;1485;0
11;19;78;20;21;46;12;3.40;2;1;1;51;0;7330612;49;0
11;19;78;20;21;46;85;10.60;4;2;2;57;0;7330685;198;0
11;19;78;20;21;49;89;3.60;1;1;1;60;0;7330989;1061;0
11;19;78;20;21;55;92;3.80;2;1;1;60;0;7331592;956;0
11;19;78;20;22;11;47;3.80;4;2;1;60;0;7333147;2395;0
11;19;78;20;22;11;62;3.60;3;2;1;62;0;7333162;2707;0
11;19;78;20;22;13;20;3.00;3;2;1;58;0;7333320;137;0
11;19;78;20;22;22;9;3.40;3;2;1;52;0;7334209;870;0
11;19;78;20;22;30;65;3.60;3;2;1;64;0;7335065;832;0
11;19;78;20;22;34;75;3.60;3;2;1;59;0;7335475;389;0
11;19;78;20;22;37;93;4.20;1;1;1;52;0;7335793;4782;0
11;19;78;20;22;38;38;4.80;2;1;1;52;0;7335838;4223;0
11;19;78;20;22;39;5;3.60;1;1;1;51;0;7335905;82;0
11;19;78;20;22;40;2;3.80;2;1;1;50;0;7336002;130;0
11;19;78;20;22;41;79;3.40;2;1;1;47;0;7336179;149;0
11;19;78;20;22;43;3;3.60;2;1;1;46;0;7336303;97;0
11;19;78;20;22;43;12;3.80;1;1;1;47;0;7336312;381;0
11;19;78;20;22;45;42;3.80;1;1;1;47;0;7336542;200;0
11;19;78;20;22;46;16;3.60;2;1;1;54;0;7336616;284;0
11;19;78;20;22;47;5;3.40;1;1;1;47;0;7336705;133;0
11;19;78;20;22;48;31;3.80;1;1;1;47;0;7336831;99;0
11;19;78;20;22;48;89;3.80;3;2;1;58;0;7336889;1392;0
11;19;78;20;22;49;11;4.00;2;1;1;53;0;7336911;271;0
11;19;78;20;22;49;54;3.80;1;1;1;48;0;7336954;93;0
11;19;78;20;22;50;41;3.60;3;2;1;60;0;7337041;128;0
11;19;78;20;22;51;33;3.40;3;2;1;58;0;7337133;70;0
11;19;78;20;22;51;73;3.60;1;1;1;49;0;7337173;190;7336542
11;19;78;20;22;52;77;3.60;4;2;1;56;0;7337277;4107;0
11;19;78;20;22;53;25;3.80;3;2;1;56;0;7337325;170;0
11;19;78;20;22;54;47;3.00;1;1;1;48;0;7337447;247;0
11;19;78;20;22;54;99;3.80;2;1;1;52;0;7337499;560;0
11;19;78;20;22;55;37;3.60;1;1;1;48;0;7337537;67;0
11;19;78;20;22;55;46;4.00;4;2;1;56;0;7337546;245;0
11;19;78;20;22;57;25;2.80;1;1;1;47;0;7337725;161;0
11;19;78;20;22;58;0;3.60;2;1;1;52;0;7337800;274;0
11;19;78;20;22;58;26;3.20;4;2;1;56;0;7337826;254;0
11;19;78;20;23;0;14;3.60;2;1;1;54;0;7338014;189;0
11;19;78;20;23;0;7;3.80;1;1;1;46;0;7338007;260;0
11;19;78;20;23;1;6;3.60;3;2;1;53;0;7338106;756;0
11;19;78;20;23;1;69;3.80;1;1;1;47;0;7338169;132;0
11;19;78;20;23;2;27;3.40;3;2;1;53;0;7338227;96;0
11;19;78;20;23;2;32;3.60;4;2;1;53;0;7338232;385;0
11;19;78;20;23;3;0;3.40;1;1;1;49;0;7338300;101;0
11;19;78;20;23;3;43;3.20;4;2;1;51;0;7338343;86;0
11;19;78;20;23;3;86;3.60;3;2;1;57;0;7338386;135;0
11;19;78;20;23;4;77;3.40;3;2;1;55;0;7338477;68;0
11;19;78;20;23;5;15;3.20;4;2;1;52;0;7338515;149;0
11;19;78;20;23;6;50;3.60;4;2;1;54;0;7338650;112;0
11;19;78;20;23;8;1;3.40;4;2;1;51;0;7338801;127;7338232
11;19;78;20;23;9;96;3.00;4;2;1;52;0;7338996;171;7338232
11;19;78;20;23;12;0;3.80;3;2;1;53;0;7339200;700;0
11;19;78;20;23;14;83;3.40;4;2;1;47;0;7339483;466;0
11;19;78;20;23;20;48;3.60;2;1;1;50;0;7340048;2010;0
11;19;78;20;23;20;75;4.00;1;1;1;48;0;7340075;1750;0
11;19;78;20;23;31;40;4.00;2;1;1;58;0;7341140;1066;0
11;19;78;20;23;32;70;3.40;1;1;1;46;0;7341270;1165;0
11;19;78;20;23;33;14;3.40;2;1;1;55;0;7341314;149;0
11;19;78;20;23;33;78;3.60;1;1;1;47;0;7341378;81;0
11;19;78;20;23;34;15;3.20;2;1;1;57;0;7341415;78;0
11;19;78;20;23;37;9;3.40;2;1;1;51;0;7341709;273;0
11;19;78;20;23;37;97;3.80;4;2;1;62;0;7341797;2287;0
11;19;78;20;23;39;58;3.80;4;2;1;68;0;7341958;138;0
11;19;78;20;23;40;66;3.60;1;1;1;46;0;7342066;660;0
11;19;78;20;23;43;2;3.20;3;2;1;63;0;7342302;3076;0
11;19;78;20;23;44;16;5.20;4;2;1;54;0;7342416;437;0
11;19;78;20;23;45;1;3.40;3;2;1;63;0;7342501;180;0
11;19;78;20;23;45;70;3.40;4;2;1;58;0;7342570;119;0
11;19;78;20;23;47;35;3.80;3;2;1;57;0;7342735;214;0
11;19;78;20;23;58;92;3.60;4;2;1;56;0;7343892;1300;0
11;19;78;20;24;4;93;3.80;4;2;1;59;0;7344493;577;0
11;19;78;20;24;5;73;3.40;3;2;1;64;0;7344573;1814;0
11;19;78;20;24;8;83;3.20;4;2;1;57;0;7344883;366;0
11;19;78;20;24;11;49;3.00;3;2;1;62;0;7345149;556;0
11;19;78;20;24;13;4;3.60;4;2;1;57;0;7345304;400;0
11;19;78;20;24;13;57;3.40;3;2;1;59;0;7345357;190;0
11;19;78;20;24;13;97;3.80;2;1;1;57;0;7345397;3664;0
11;19;78;20;24;14;69;3.20;3;2;1;58;0;7345469;91;0
11;19;78;20;24;14;60;4.20;1;1;1;53;0;7345460;3365;0
11;19;78;20;24;15;34;3.40;4;2;1;56;0;7345534;207;0
11;19;78;20;24;16;21;3.80;3;2;1;59;0;7345621;132;0
11;19;78;20;24;17;79;3.40;3;2;1;61;0;7345779;134;7345149
11;19;78;20;24;17;73;5.60;2;1;1;59;0;7345773;352;0
11;19;78;20;24;18;4;3.80;4;2;1;60;0;7345804;248;0
11;19;78;20;24;19;28;4.00;2;1;1;58;0;7345928;120;0
11;19;78;20;24;19;85;3.00;4;2;1;57;0;7345985;158;0
11;19;78;20;24;20;69;3.60;1;1;1;53;0;7346069;580;0
11;19;78;20;24;21;18;3.40;4;2;1;57;0;7346118;114;0
11;19;78;20;24;21;81;3.80;2;1;1;59;0;7346181;228;0
11;19;78;20;24;23;88;3.60;3;2;1;49;0;7346388;588;0
11;19;78;20;24;24;87;3.40;3;2;1;49;0;7346487;72;0
11;19;78;20;24;25;0;3.60;4;2;1;61;0;7346500;360;0
11;19;78;20;24;25;27;3.60;1;1;1;48;0;7346527;433;0
11;19;78;20;24;26;16;3.60;2;1;1;56;0;7346616;411;0
11;19;78;20;24;26;68;3.40;4;2;1;54;0;7346668;146;0
11;19;78;20;24;27;4;4.00;1;1;1;47;0;7346704;150;0
11;19;78;20;24;28;56;3.80;1;1;1;45;0;7346856;121;0
11;19;78;20;24;29;31;3.00;4;2;1;54;0;7346931;240;0
11;19;78;20;24;29;37;4.40;2;1;1;51;0;7346937;297;0
11;19;78;20;24;30;11;3.80;1;1;1;46;0;7347011;124;0
11;19;78;20;24;30;81;3.80;4;2;1;53;0;7347081;130;0
11;19;78;20;24;31;9;3.80;2;1;1;53;0;7347109;140;0
11;19;78;20;24;32;18;3.00;4;2;1;53;0;7347218;111;0
11;19;78;20;24;32;6;3.80;1;1;1;48;0;7347206;165;7346527
11;19;78;20;24;39;36;3.40;1;1;1;50;0;7347936;701;0
11;19;78;20;24;41;8;3.40;1;1;1;52;0;7348108;147;0
11;19;78;20;24;43;47;3.80;1;1;1;49;0;7348347;215;0
11;19;78;20;24;43;61;3.60;2;1;1;59;0;7348361;1226;0
11;19;78;20;24;52;9;3.40;1;1;1;57;0;7349209;834;0
11;19;78;20;24;52;54;3.20;2;1;1;67;0;7349254;871;0
11;19;78;20;24;53;66;3.60;2;1;1;57;0;7349366;94;0
11;19;78;20;24;59;0;3.40;4;2;1;56;0;7349900;2661;0
11;19;78;20;25;0;44;3.20;3;2;1;63;0;7350044;3532;0
11;19;78;20;25;2;45;3.00;3;2;1;65;0;7350245;182;0
11;19;78;20;25;3;18;3.60;4;2;1;58;0;7350318;396;0
11;19;78;20;25;4;62;4.40;4;2;1;58;0;7350462;121;0
11;19;78;20;25;5;18;3.40;2;1;1;53;0;7350518;1129;0
11;19;78;20;25;5;34;4.00;1;1;1;51;0;7350534;1303;0
11;19;78;20;25;9;82;4.00;1;1;1;54;0;7350982;419;0
11;19;78;20;25;12;43;3.60;1;1;1;54;0;7351243;234;0
11;19;78;20;25;12;61;3.40;3;2;1;76;0;7351261;999;0
11;19;78;20;25;12;64;5.20;4;2;1;59;0;7351264;774;0
11;19;78;20;25;15;22;3.00;4;2;1;60;0;7351522;226;0
11;19;78;20;25;17;28;3.60;4;2;1;60;0;7351728;188;0
11;19;78;20;25;25;74;3.80;4;2;1;57;0;7352574;824;0
11;19;78;20;25;26;42;3.80;3;2;1;61;0;7352642;1364;0
11;19;78;20;25;27;39;4.00;4;2;1;58;0;7352739;141;0
11;19;78;20;25;29;96;4.00;4;2;1;57;0;7352996;232;0
11;19;78;20;25;31;24;3.40;3;2;1;55;0;7353124;459;0
11;19;78;20;25;32;77;3.60;3;2;1;59;0;7353277;130;0
11;19;78;20;25;33;10;3.40;4;2;1;56;0;7353310;288;0
11;19;78;20;25;34;35;3.60;3;2;1;62;0;7353435;136;0
11;19;78;20;25;35;98;3.40;4;2;1;57;0;7353598;266;0
11;19;78;20;25;36;41;4.00;3;2;1;63;0;7353641;185;0
11;19;78;20;25;37;43;3.40;4;2;1;57;0;7353743;123;0
11;19;78;20;25;37;73;3.60;3;2;1;61;0;7353773;109;7353124
11;19;78;20;25;38;93;5.00;3;2;1;63;0;7353893;98;7353124
11;19;78;20;25;39;50;3.00;4;2;1;55;0;7353950;185;7353124
11;19;78;20;25;41;6;4.00;4;2;1;55;0;7354106;136;7353124
11;19;78;20;25;48;37;3.20;3;2;1;57;0;7354837;915;0
11;19;78;20;25;48;38;3.60;4;2;1;55;0;7354838;705;0
11;19;78;20;25;49;16;3.80;3;2;1;58;0;7354916;58;0
11;19;78;20;25;52;43;3.40;3;2;1;57;0;7355243;303;0
11;19;78;20;25;54;39;3.60;3;2;1;57;0;7355439;174;0
11;19;78;20;25;54;49;3.20;4;2;1;64;0;7355449;587;0
11;19;78;20;25;56;61;3.80;3;2;1;53;0;7355661;199;0
11;19;78;20;25;58;38;3.80;3;2;1;53;0;7355838;151;0
11;19;78;20;25;59;37;3.80;1;1;1;57;0;7355937;4670;0
11;19;78;20;26;2;48;4.60;1;1;1;54;0;7356248;287;0
11;19;78;20;26;7;39;4.00;4;2;1;60;0;7356739;1272;0
11;19;78;20;26;7;52;3.60;2;1;1;53;0;7356752;6210;0
11;19;78;20;26;8;80;3.40;1;1;1;50;0;7356880;601;0
11;19;78;20;26;8;99;4.40;2;1;1;54;0;7356899;122;0
11;19;78;20;26;10;12;3.80;1;1;1;50;0;7357012;107;0
11;19;78;20;26;10;2;14.40;2;1;4;54;0;7357002;73;0
11;19;78;20;26;11;47;3.80;1;1;1;53;0;7357147;107;0
11;19;78;20;26;13;27;3.60;2;1;1;53;0;7357327;229;0
11;19;78;20;26;14;16;3.60;2;1;1;54;0;7357416;64;0
11;19;78;20;26;16;3;4.20;2;1;1;52;0;7357603;163;0
11;19;78;20;26;17;3;18.60;1;1;4;54;0;7357703;530;0
11;19;78;20;26;20;85;3.80;4;2;1;54;0;7358085;1322;0
11;19;78;20;26;21;58;12.20;1;1;3;53;0;7358158;331;0
11;19;78;20;26;23;68;3.60;1;1;1;52;0;7358368;127;0
11;19;78;20;26;24;61;3.80;3;2;1;62;0;7358461;2597;0
11;19;78;20;26;25;62;3.40;3;2;1;63;0;7358562;78;0
11;19;78;20;26;25;91;3.80;2;1;1;54;0;7358591;958;0
11;19;78;20;26;27;72;3.60;4;2;1;60;0;7358772;661;0
11;19;78;20;26;30;54;3.60;2;1;1;59;0;7359054;437;0
11;19;78;20;26;30;80;3.20;4;2;1;54;0;7359080;286;0
11;19;78;20;26;31;24;4.40;3;2;1;67;0;7359124;542;0
11;19;78;20;26;32;80;3.60;4;2;1;65;0;7359280;178;0
11;19;78;20;26;37;14;3.40;2;1;1;62;0;7359714;638;0
11;19;78;20;26;42;15;3.40;4;2;1;61;0;7360215;915;0
11;19;78;20;26;44;29;3.00;1;1;1;55;0;7360429;2036;0
11;19;78;20;26;46;87;3.20;4;2;1;68;0;7360687;451;0
11;19;78;20;26;48;59;3.60;3;2;1;63;0;7360859;1711;0
11;19;78;20;26;51;57;3.60;1;1;1;54;0;7361157;708;0
11;19;78;20;26;53;46;4.00;4;2;1;64;0;7361346;642;0
11;19;78;20;26;54;45;3.80;3;2;1;67;0;7361445;565;0
11;19;78;20;26;59;89;3.40;3;2;1;55;0;7361989;523;0
11;19;78;20;27;2;36;3.40;4;2;1;61;0;7362236;867;0
11;19;78;20;27;2;37;3.80;3;2;1;51;0;7362237;225;0
11;19;78;20;27;3;42;3.40;3;2;1;51;0;7362342;78;0
11;19;78;20;27;3;57;3.60;4;2;1;60;0;7362357;100;0
11;19;78;20;27;4;97;3.80;3;2;1;54;0;7362497;131;0
11;19;78;20;27;6;24;3.40;3;2;1;58;0;7362624;101;0
11;19;78;20;27;6;76;6.40;4;2;1;56;0;7362676;297;0
11;19;78;20;27;7;76;4.00;3;2;1;59;0;7362776;130;7362237
11;19;78;20;27;8;65;4.00;4;2;1;54;0;7362865;147;7362237
11;19;78;20;27;9;23;4.00;3;2;1;56;0;7362923;122;7362237
11;19;78;20;27;10;1;3.60;4;2;1;52;0;7363001;109;7362237
11;19;78;20;27;11;7;3.40;4;2;1;50;0;7363107;81;7362237
11;19;78;20;27;11;94;4.00;3;2;1;57;0;7363194;245;0
11;19;78;20;27;13;46;3.60;4;2;1;50;0;7363346;214;0
11;19;78;20;27;18;31;3.20;1;1;1;71;0;7363831;2650;0
11;19;78;20;27;22;19;12.40;4;2;3;54;0;7364219;847;0
11;19;78;20;27;25;73;3.60;3;2;1;58;0;7364573;1353;0
11;19;78;20;27;27;95;3.60;4;2;1;58;0;7364795;493;0
11;19;78;20;27;38;76;4.00;4;2;1;66;0;7365876;1058;0
11;19;78;20;27;40;54;6.00;3;2;1;64;0;7366054;1458;0
11;19;78;20;27;43;12;3.60;3;2;1;61;0;7366312;224;0
11;19;78;20;27;44;58;3.40;1;1;1;56;0;7366458;2610;0
11;19;78;20;27;44;98;3.60;2;1;1;52;0;7366498;6764;0
11;19;78;20;27;45;16;4.00;4;2;1;59;0;7366516;618;0
11;19;78;20;27;45;90;3.60;1;1;1;58;0;7366590;110;0
11;19;78;20;27;47;79;3.40;3;2;1;62;0;7366779;445;0
11;19;78;20;27;47;93;3.80;2;1;1;53;0;7366793;270;0
11;19;78;20;27;48;2;3.00;4;2;1;54;0;7366802;261;0
11;19;78;20;27;48;75;4.20;1;1;1;55;0;7366875;262;0
11;19;78;20;27;49;13;3.60;2;1;1;52;0;7366913;94;0
11;19;78;20;27;49;97;3.20;2;1;1;50;0;7366997;59;0
11;19;78;20;27;50;17;3.60;1;1;1;56;0;7367017;114;0
11;19;78;20;27;55;9;3.00;1;1;1;51;0;7367509;468;0
11;19;78;20;27;55;37;3.20;2;1;1;53;0;7367537;516;0
11;19;78;20;27;56;12;3.80;2;1;1;52;0;7367612;53;0
11;19;78;20;27;57;4;3.40;1;1;1;47;0;7367704;173;0
11;19;78;20;28;0;9;4.20;2;1;1;47;0;7368009;370;0
11;19;78;20;28;1;41;4.80;1;1;1;47;0;7368141;410;0
11;19;78;20;28;3;28;3.60;2;1;1;54;0;7368328;286;0
11;19;78;20;28;4;17;3.80;1;1;1;49;0;7368417;239;0
11;19;78;20;28;4;82;3.20;2;1;1;52;0;7368482;130;0
11;19;78;20;28;6;49;3.80;1;1;1;48;0;7368649;204;0
11;19;78;20;28;7;89;3.20;3;2;1;68;0;7368789;1990;0
11;19;78;20;28;10;93;3.40;1;1;1;48;0;7369093;415;0
11;19;78;20;28;11;59;3.20;3;2;1;63;0;7369159;353;0
11;19;78;20;28;13;46;3.60;4;2;1;59;0;7369346;2524;0
11;19;78;20;28;13;71;3.40;3;2;1;62;0;7369371;193;0
11;19;78;20;28;14;39;3.40;1;1;1;51;0;7369439;320;0
11;19;78;20;28;15;29;3.60;4;2;1;57;0;7369529;161;0
11;19;78;20;28;16;71;3.40;3;2;1;61;0;7369671;280;0
11;19;78;20;28;18;30;3.20;4;2;1;55;0;7369830;278;0
11;19;78;20;28;20;13;3.80;1;1;1;59;0;7370013;550;0
11;19;78;20;28;20;52;3.20;3;2;1;56;0;7370052;360;0
11;19;78;20;28;20;68;3.20;4;2;1;55;0;7370068;217;0
11;19;78;20;28;21;63;4.00;1;1;1;64;0;7370163;126;0
11;19;78;20;28;22;21;3.20;3;2;1;58;0;7370221;148;0
11;19;78;20;28;22;44;3.80;4;2;1;55;0;7370244;155;0
11;19;78;20;28;23;28;3.60;4;2;1;54;0;7370328;59;0
11;19;78;20;28;23;93;4.40;3;2;1;58;0;7370393;152;0
11;19;78;20;28;24;41;3.40;4;2;1;52;0;7370441;89;0
11;19;78;20;28;25;58;3.80;3;2;1;57;0;7370558;137;0
11;19;78;20;28;26;41;3.60;4;2;1;57;0;7370641;176;7370068
11;19;78;20;28;28;49;3.00;3;2;1;54;0;7370849;267;0
11;19;78;20;28;29;36;3.60;2;1;1;53;0;7370936;2431;0
11;19;78;20;28;32;39;3.20;4;2;1;64;0;7371239;575;0
11;19;78;20;28;49;64;3.40;4;2;1;58;0;7372964;1707;0
11;19;78;20;28;53;74;4.00;4;2;1;57;0;7373374;388;0
11;19;78;20;28;55;48;3.80;4;2;1;59;0;7373548;148;0
11;19;78;20;29;0;41;3.40;4;2;1;57;0;7374041;469;0
11;19;78;20;29;2;6;4.80;3;2;1;59;0;7374206;3337;0
11;19;78;20;29;3;56;4.00;2;1;1;61;0;7374356;3395;0
11;19;78;20;29;4;20;3.60;1;1;1;57;0;7374420;4234;0
11;19;78;20;29;5;73;3.60;2;1;1;59;0;7374573;193;0
11;19;78;20;29;5;71;3.80;4;2;1;54;0;7374571;508;0
11;19;78;20;29;7;67;3.80;2;1;1;62;0;7374767;172;0
11;19;78;20;29;9;8;4.20;2;1;1;64;0;7374908;118;0
11;19;78;20;29;9;77;3.60;1;1;1;52;0;7374977;534;0
11;19;78;20;29;11;11;3.60;1;1;1;51;0;7375111;109;0
11;19;78;20;29;12;30;3.40;2;1;1;59;0;7375230;298;0
11;19;78;20;29;12;99;3.60;4;2;1;50;0;7375299;702;0
11;19;78;20;29;14;15;4.00;2;1;1;50;0;7375415;164;0
11;19;78;20;29;15;26;3.20;4;2;1;50;0;7375526;201;0
11;19;78;20;29;17;4;3.60;1;1;1;49;0;7375704;567;0
11;19;78;20;29;17;20;3.40;4;2;1;49;0;7375720;170;0
11;19;78;20;29;18;31;3.20;2;1;1;41;0;7375831;387;0
11;19;78;20;29;19;85;3.40;1;1;1;48;0;7375985;254;0
11;19;78;20;29;19;84;3.40;2;1;1;41;0;7375984;124;0
11;19;78;20;29;21;41;3.20;2;1;1;43;0;7376141;127;0
11;19;78;20;29;22;45;3.80;1;1;1;44;0;7376245;234;0
11;19;78;20;29;23;9;3.60;2;1;1;47;0;7376309;141;0
11;19;78;20;29;24;35;3.40;1;1;1;44;0;7376435;158;0
11;19;78;20;29;24;98;3.40;4;2;1;55;0;7376498;753;0
11;19;78;20;29;26;1;3.00;3;2;1;62;0;7376601;2365;0
11;19;78;20;29;26;6;3.80;4;2;1;56;0;7376606;85;0
11;19;78;20;29;27;96;3.60;1;1;1;49;0;7376796;333;0
11;19;78;20;29;28;19;3.80;2;1;1;56;0;7376819;482;0
11;19;78;20;29;29;89;3.60;4;2;1;63;0;7376989;358;0
11;19;78;20;29;30;63;3.80;3;2;1;62;0;7377063;444;0
11;19;78;20;29;31;80;3.80;2;1;1;57;0;7377180;336;0
11;19;78;20;29;32;39;4.20;4;2;1;58;0;7377239;229;0
11;19;78;20;29;33;71;3.60;3;2;1;54;0;7377371;285;0
11;19;78;20;29;34;90;3.20;4;2;1;60;0;7377490;224;0
11;19;78;20;29;36;63;3.60;4;2;1;55;0;7377663;153;0
11;19;78;20;29;38;82;3.60;3;2;1;59;0;7377882;487;0
11;19;78;20;29;39;3;3.60;4;2;1;54;0;7377903;216;0
11;19;78;20;29;41;32;4.00;3;2;1;60;0;7378132;228;0
11;19;78;20;29;44;83;3.60;1;1;1;50;0;7378483;1660;0
11;19;78;20;29;46;48;3.20;3;2;1;57;0;7378648;492;0
11;19;78;20;29;48;51;3.20;1;1;1;56;0;7378851;342;0
11;19;78;20;29;49;91;3.80;1;1;1;56;0;7378991;119;0
11;19;78;20;29;50;45;11.20;4;2;3;55;0;7379045;1118;0
11;19;78;20;29;51;68;3.60;2;1;1;60;0;7379168;1964;0
11;19;78;20;29;54;96;3.40;2;1;1;54;0;7379496;306;0
11;19;78;20;30;15;83;4.40;4;2;1;60;0;7381583;2464;0
11;19;78;20;30;17;41;3.60;3;2;1;62;0;7381741;3072;0
11;19;78;20;30;17;85;3.60;4;2;1;54;0;7381785;175;0
11;19;78;20;30;18;52;4.40;3;2;1;58;0;7381852;90;0
11;19;78;20;30;20;39;3.60;3;2;1;62;0;7382039;159;0
11;19;78;20;30;20;48;3.40;4;2;1;54;0;7382048;239;0
11;19;78;20;30;21;78;3.60;3;2;1;62;0;7382178;118;0
11;19;78;20;30;24;6;3.60;3;2;1;58;0;7382406;207;0
11;19;78;20;30;24;20;3.40;4;2;1;52;0;7382420;349;0
11;19;78;20;30;28;80;3.40;1;1;1;56;0;7382880;3864;0
11;19;78;20;30;29;2;3.60;4;2;1;51;0;7382902;458;0
11;19;78;20;30;30;7;3.40;1;1;1;54;0;7383007;105;0
11;19;78;20;30;30;12;3.40;2;1;1;56;0;7383012;3493;0
11;19;78;20;30;34;26;3.20;2;1;1;56;0;7383426;392;0
11;19;78;20;30;35;43;4.00;1;1;1;62;0;7383543;513;0
11;19;78;20;30;35;86;3.40;3;2;1;61;0;7383586;1157;0
11;19;78;20;30;38;31;3.80;1;1;1;59;0;7383831;264;0
11;19;78;20;30;39;53;3.40;1;1;1;55;0;7383953;98;0
11;19;78;20;30;42;5;3.80;2;1;1;62;0;7384205;758;0
11;19;78;20;30;42;44;3.80;1;1;1;57;0;7384244;268;0
11;19;78;20;30;43;39;3.60;3;2;1;66;0;7384339;732;0
11;19;78;20;30;44;7;3.40;1;1;1;57;0;7384407;139;0
11;19;78;20;30;47;8;3.20;4;2;1;54;0;7384708;1780;0
11;19;78;20;30;50;1;3.40;3;2;1;59;0;7385001;642;0
11;19;78;20;30;50;45;3.20;1;1;1;49;0;7385045;616;0
11;19;78;20;30;50;38;3.80;2;1;1;52;0;7385038;810;0
11;19;78;20;30;51;27;3.60;3;2;1;60;0;7385127;105;0
11;19;78;20;30;52;6;3.40;4;2;1;56;0;7385206;476;0
11;19;78;20;30;52;51;3.40;2;1;1;53;0;7385251;186;0
11;19;78;20;30;52;75;3.20;3;2;1;59;0;7385275;126;0
11;19;78;20;30;53;28;4.00;4;2;1;57;0;7385328;100;0
11;19;78;20;30;53;64;3.60;3;2;1;59;0;7385364;69;0
11;19;78;20;30;54;68;3.20;3;2;1;60;0;7385468;82;7385001
11;19;78;20;30;55;31;4.20;1;1;1;56;0;7385531;462;0
11;19;78;20;30;55;48;3.60;2;1;1;56;0;7385548;273;0
11;19;78;20;30;55;64;3.60;4;2;1;55;0;7385564;210;0
11;19;78;20;30;56;6;3.80;3;2;1;57;0;7385606;118;7385001
11;19;78;20;30;56;61;4.00;2;1;1;55;0;7385661;89;7385001
11;19;78;20;30;57;61;3.80;3;2;1;60;0;7385761;131;7385001
11;19;78;20;30;57;81;3.40;4;2;1;57;0;7385781;193;7385001
11;19;78;20;30;59;49;4.00;3;2;1;60;0;7385949;165;7385001
11;19;78;20;31;0;52;3.40;4;2;1;59;0;7386052;249;0
11;19;78;20;31;0;65;3.20;1;1;1;54;0;7386065;507;0
11;19;78;20;31;0;95;3.20;3;2;1;55;0;7386095;122;7385001
11;19;78;20;31;2;20;3.20;3;2;1;57;0;7386220;104;7385001
11;19;78;20;31;2;48;3.60;4;2;1;56;0;7386248;175;7385001
11;19;78;20;31;3;38;3.20;2;1;1;61;0;7386338;650;0
11;19;78;20;31;4;45;3.60;4;2;1;53;0;7386445;173;0
11;19;78;20;31;5;16;3.80;1;1;1;58;0;7386516;429;0
11;19;78;20;31;6;13;3.80;4;2;1;53;0;7386613;143;0
11;19;78;20;31;6;73;3.80;1;1;1;50;0;7386673;133;0
11;19;78;20;31;7;53;3.60;4;2;1;53;0;7386753;114;7386052
11;19;78;20;31;8;45;3.40;2;1;1;55;0;7386845;488;0
11;19;78;20;31;9;3;3.20;1;1;1;51;0;7386903;202;0
11;19;78;20;31;11;15;11.00;1;1;2;58;0;7387115;189;0
11;19;78;20;31;13;12;5.40;1;1;1;58;0;7387312;128;0
11;19;78;20;31;15;23;5.40;2;1;1;62;0;7387523;655;0
11;19;78;20;31;20;33;3.40;4;2;1;60;0;7388033;1255;0
11;19;78;20;31;26;45;4.40;1;1;1;64;0;7388645;1299;0
11;19;78;20;31;28;0;3.80;1;1;1;60;0;7388800;130;0
11;19;78;20;31;28;61;5.00;2;1;1;60;0;7388861;1306;0
11;19;78;20;31;29;17;3.40;4;2;1;63;0;7388917;863;0
11;19;78;20;31;31;53;4.00;4;2;1;68;0;7389153;216;0
11;19;78;20;31;33;24;3.60;1;1;1;54;0;7389324;501;0
11;19;78;20;31;36;49;3.60;3;2;1;61;0;7389649;3408;0
11;19;78;20;31;38;0;3.80;1;1;1;52;0;7389800;452;0
11;19;78;20;31;39;36;3.60;1;1;1;50;0;7389936;109;0
11;19;78;20;31;40;36;3.80;3;2;1;66;0;7390036;365;0
11;19;78;20;31;40;57;3.60;1;1;1;50;0;7390057;95;0
11;19;78;20;31;41;13;3.80;4;2;1;62;0;7390113;938;0
11;19;78;20;31;41;40;3.80;2;1;1;56;0;7390140;1249;0
11;19;78;20;31;59;5;12.80;1;1;3;38;0;7391905;1822;0
11;19;78;20;32;6;37;3.60;4;2;1;73;0;7392637;2501;0
11;19;78;20;32;7;24;3.80;1;1;1;59;0;7392724;697;0
11;19;78;20;32;7;37;3.40;3;2;1;58;0;7392737;2680;0
11;19;78;20;32;7;76;3.40;4;2;1;68;0;7392776;121;0
11;19;78;20;32;8;79;3.80;3;2;1;59;0;7392879;120;0
11;19;78;20;32;8;77;3.60;2;1;1;57;0;7392877;2712;0
11;19;78;20;32;9;16;3.20;4;2;1;63;0;7392916;122;0
11;19;78;20;32;9;72;3.20;3;2;1;60;0;7392972;69;0
11;19;78;20;32;11;90;3.60;1;1;1;58;0;7393190;442;0
11;19;78;20;32;13;51;5.60;1;1;1;59;0;7393351;138;0
11;19;78;20;32;14;90;3.20;4;2;1;55;0;7393490;555;0
11;19;78;20;32;20;3;3.40;4;2;1;58;0;7394003;492;0
11;19;78;20;32;21;12;3.60;3;2;1;58;0;7394112;1120;0
11;19;78;20;32;22;18;3.60;4;2;1;56;0;7394218;193;0
11;19;78;20;32;23;8;3.60;3;2;1;58;0;7394308;173;0
11;19;78;20;32;23;79;3.60;4;2;1;56;0;7394379;137;0
11;19;78;20;32;24;15;4.00;3;2;1;55;0;7394415;84;0
11;19;78;20;32;25;9;5.20;4;2;1;56;0;7394509;106;0
11;19;78;20;32;25;39;3.20;3;2;1;57;0;7394539;97;0
11;19;78;20;32;25;54;3.80;2;1;1;58;0;7394554;1654;0
11;19;78;20;32;25;93;3.80;1;1;1;52;0;7394593;1207;0
11;19;78;20;32;26;42;3.60;3;2;1;54;0;7394642;82;7394112
11;19;78;20;32;26;60;4.00;4;2;1;63;0;7394660;117;7394003
11;19;78;20;32;28;7;4.20;3;2;1;54;0;7394807;141;7394112
11;19;78;20;32;29;14;3.40;3;2;1;57;0;7394914;79;7394112
11;19;78;20;32;29;81;3.20;4;2;1;58;0;7394981;298;0
11;19;78;20;32;34;26;6.20;1;1;1;50;0;7395426;806;0
11;19;78;20;32;39;60;3.80;2;1;1;56;0;7395960;1382;0
11;19;78;20;32;40;32;3.00;1;1;1;49;0;7396032;561;0
11;19;78;20;32;41;15;4.00;2;1;1;58;0;7396115;130;0
11;19;78;20;32;41;16;2.00;1;1;0;58;1;7396116;61;0
11;19;78;20;32;42;56;3.80;1;1;1;54;0;7396256;201;0
11;19;78;20;32;43;42;16.80;3;2;4;64;0;7396342;1406;0
11;19;78;20;32;45;33;3.60;4;2;1;62;0;7396533;1532;0
11;19;78;20;32;47;2;4.20;1;1;1;55;0;7396702;420;0
11;19;78;20;32;47;86;3.40;4;2;1;50;0;7396786;232;0
11;19;78;20;32;48;90;3.40;1;1;1;54;0;7396890;160;0
11;19;78;20;32;53;83;4.00;1;1;1;54;0;7397383;470;0
11;19;78;20;32;55;26;3.40;1;1;1;55;0;7397526;116;0
11;19;78;20;32;57;37;3.60;4;2;1;63;0;7397737;926;0
11;19;78;20;32;57;99;3.20;1;1;1;53;0;7397799;250;0
11;19;78;20;32;59;5;4.00;3;2;1;57;0;7397905;1468;0
11;19;78;20;33;0;34;3.60;3;2;1;59;0;7398034;103;0
11;19;78;20;33;2;0;3.80;4;2;1;58;0;7398200;442;0
11;19;78;20;33;3;70;3.40;4;2;1;61;0;7398370;146;0
11;19;78;20;33;5;76;3.40;4;2;1;59;0;7398576;185;0
11;19;78;20;33;7;44;3.60;2;1;1;58;0;7398744;2604;0
11;19;78;20;33;10;10;3.60;4;2;1;55;0;7399010;413;0
11;19;78;20;33;25;51;3.60;4;2;1;60;0;7400551;1517;0
11;19;78;20;33;26;36;3.20;3;2;1;62;0;7400636;2580;0
11;19;78;20;33;27;87;3.60;2;1;1;62;0;7400787;2020;0
11;19;78;20;33;29;68;3.00;3;2;1;61;0;7400968;313;0
11;19;78;20;33;31;75;3.60;3;2;1;68;0;7401175;189;0
11;19;78;20;33;32;35;14.20;4;2;3;54;0;7401235;662;0
11;19;78;20;33;33;17;3.80;1;1;1;55;0;7401317;3496;0
11;19;78;20;33;33;8;7.60;3;2;6;62;0;7401308;113;0
11;19;78;20;33;36;50;3.00;3;2;1;58;0;7401650;297;0
11;19;78;20;33;37;53;3.80;4;2;1;50;0;7401753;423;0
11;19;78;20;33;38;75;4.20;3;2;1;64;0;7401875;206;0
11;19;78;20;33;38;74;3.60;4;2;1;49;0;7401874;93;0
11;19;78;20;33;40;34;3.40;4;2;1;51;0;7402034;133;0
11;19;78;20;33;41;45;3.60;1;1;1;57;0;7402145;803;0
11;19;78;20;33;42;26;3.60;2;1;1;56;0;7402226;1418;0
11;19;78;20;33;42;41;3.60;4;2;1;51;0;7402241;183;0
11;19;78;20;33;42;80;3.60;3;2;1;59;0;7402280;381;0
11;19;78;20;33;43;11;3.40;2;1;1;56;0;7402311;61;0
11;19;78;20;33;43;36;3.20;4;2;1;52;0;7402336;69;7401753
11;19;78;20;33;43;62;3.40;1;1;1;54;0;7402362;194;7401753
11;19;78;20;33;44;47;3.60;2;1;1;57;0;7402447;114;7401753
11;19;78;20;33;44;97;3.60;3;2;1;56;0;7402497;195;7401753
11;19;78;20;33;45;71;3.40;4;2;1;54;0;7402571;212;0
11;19;78;20;33;45;85;3.80;2;1;1;53;0;7402585;115;0
11;19;78;20;33;46;46;3.20;3;2;1;54;0;7402646;125;0
11;19;78;20;33;46;80;3.60;2;1;1;53;0;7402680;69;7402226
11;19;78;20;33;47;88;3.80;3;2;1;56;0;7402788;120;7402226
11;19;78;20;33;48;43;3.40;4;2;1;55;0;7402843;249;0
11;19;78;20;33;49;53;4.00;3;2;1;57;0;7402953;140;7402280
11;19;78;20;33;49;82;3.80;1;1;1;55;0;7402982;597;0
11;19;78;20;33;49;75;3.80;4;2;1;54;0;7402975;109;0
11;19;78;20;33;51;15;3.20;1;1;1;54;0;7403115;108;0
11;19;78;20;33;51;14;3.80;3;2;1;53;0;7403114;135;7402280
11;19;78;20;33;52;8;3.20;4;2;1;54;0;7403208;207;0
11;19;78;20;33;52;12;3.00;1;1;1;53;0;7403212;75;0
11;19;78;20;33;53;55;3.20;1;1;1;54;0;7403355;122;0
11;19;78;20;33;53;52;3.20;4;2;1;52;0;7403352;122;0
11;19;78;20;33;55;55;3.60;4;2;1;51;0;7403555;180;0
11;19;78;20;33;57;45;3.20;1;1;1;58;0;7403745;368;0
11;19;78;20;33;57;37;3.40;2;1;1;53;0;7403737;1032;0
11;19;78;20;33;58;40;3.60;2;1;1;52;0;7403840;79;0
11;19;78;20;33;59;95;4.00;1;1;1;55;0;7403995;230;0
11;19;78;20;34;1;42;3.20;1;1;1;55;0;7404142;120;0
11;19;78;20;34;3;54;3.60;1;1;1;55;0;7404354;191;0
11;19;78;20;34;4;78;3.60;2;1;1;55;0;7404478;613;0
11;19;78;20;34;5;21;3.60;3;2;1;58;0;7404521;1381;0
11;19;78;20;34;6;32;3.80;4;2;1;60;0;7404632;1051;0
11;19;78;20;34;8;63;3.00;1;1;1;51;0;7404863;485;0
11;19;78;20;34;14;65;3.00;4;2;1;59;0;7405465;810;0
11;19;78;20;34;16;47;3.40;2;1;1;58;0;7405647;1145;0
11;19;78;20;34;17;14;3.40;4;2;1;60;0;7405714;230;0
11;19;78;20;34;17;90;3.60;2;1;1;55;0;7405790;121;0
11;19;78;20;34;19;17;3.80;3;2;1;74;0;7405917;1373;0
11;19;78;20;34;19;10;5.20;2;1;1;56;0;7405910;96;0
11;19;78;20;34;20;39;3.60;4;2;1;60;0;7406039;304;0
11;19;78;20;34;21;52;3.60;3;2;1;66;0;7406152;216;0
11;19;78;20;34;21;70;3.20;1;1;1;60;0;7406170;1285;0
11;19;78;20;34;22;90;3.80;3;2;1;60;0;7406290;118;0
11;19;78;20;34;23;2;3.80;4;2;1;56;0;7406302;241;0
11;19;78;20;34;24;32;3.60;1;1;1;44;0;7406432;242;0
11;19;78;20;34;24;43;3.80;3;2;1;59;0;7406443;130;0
11;19;78;20;34;25;49;3.20;4;2;1;53;0;7406549;222;0
11;19;78;20;34;27;35;3.20;4;2;1;55;0;7406735;164;0
11;19;78;20;34;33;89;3.40;2;1;1;58;0;7407389;1445;0
11;19;78;20;34;34;29;4.20;1;1;1;59;0;7407429;967;0
11;19;78;20;34;38;93;4.00;4;2;1;75;0;7407893;1137;0
11;19;78;20;34;44;19;3.40;4;2;1;60;0;7408419;506;0
11;19;78;20;34;46;40;4.00;3;2;1;61;0;7408640;2173;0
11;19;78;20;34;46;54;3.80;4;2;1;60;0;7408654;214;0
11;19;78;20;34;49;18;3.60;3;2;1;59;0;7408918;254;0
11;19;78;20;34;50;71;3.20;3;2;1;57;0;7409071;131;0
11;19;78;20;34;51;92;3.60;3;2;1;59;0;7409192;100;0
11;19;78;20;34;52;24;3.40;4;2;1;64;0;7409224;547;0
11;19;78;20;34;53;46;3.20;3;2;1;60;0;7409346;132;0
11;19;78;20;34;54;53;3.60;4;2;1;55;0;7409453;209;0
11;19;78;20;34;55;13;3.80;1;1;1;56;0;7409513;2058;0
11;19;78;20;34;57;58;3.80;4;2;1;54;0;7409758;281;0
11;19;78;20;34;57;94;3.80;3;2;1;55;0;7409794;428;0
11;19;78;20;34;58;8;3.80;2;1;1;56;0;7409808;2397;0
11;19;78;20;34;59;38;3.60;4;2;1;56;0;7409938;154;0
11;19;78;20;35;1;42;3.60;4;2;1;56;0;7410142;180;0
11;19;78;20;35;2;86;3.80;3;2;1;57;0;7410286;467;0
11;19;78;20;35;23;94;5.20;2;1;1;56;0;7412394;2561;0
11;19;78;20;35;25;33;3.60;2;1;1;60;0;7412533;105;0
11;19;78;20;35;26;53;3.60;4;2;1;57;0;7412653;2487;0
11;19;78;20;35;26;73;3.80;1;1;1;57;0;7412673;3135;0
11;19;78;20;35;28;13;3.60;2;1;1;59;0;7412813;258;0
11;19;78;20;35;28;5;3.80;3;2;1;74;0;7412805;2495;0
11;19;78;20;35;28;28;3.20;1;1;1;56;0;7412828;131;0
11;19;78;20;35;27;99;3.80;4;2;1;61;0;7412799;123;0
11;19;78;20;35;29;36;3.60;2;1;1;56;0;7412936;101;0
11;19;78;20;35;30;41;12.80;1;1;3;54;0;7413041;192;0
11;19;78;20;35;32;43;3.20;4;2;1;58;0;7413243;421;0
11;19;78;20;35;32;90;4.00;2;1;1;51;0;7413290;330;0
11;19;78;20;35;34;25;3.40;4;2;1;58;0;7413425;162;0
11;19;78;20;35;34;29;3.80;2;1;1;48;0;7413429;110;0
11;19;78;20;35;35;56;3.60;3;2;1;65;0;7413556;732;0
11;19;78;20;35;36;20;3.40;4;2;1;61;0;7413620;173;0
11;19;78;20;35;36;24;3.40;2;1;1;51;0;7413624;166;0
11;19;78;20;35;37;19;3.20;1;1;1;55;0;7413719;592;0
11;19;78;20;35;38;32;3.60;2;1;1;51;0;7413832;184;0
11;19;78;20;35;38;60;3.40;1;1;1;56;0;7413860;120;0
11;19;78;20;35;39;22;3.20;2;1;1;51;0;7413922;64;7413290
11;19;78;20;35;40;76;3.40;1;1;1;53;0;7414076;194;7413290
11;19;78;20;35;41;96;4.80;2;1;1;49;0;7414196;251;0
11;19;78;20;35;42;43;4.40;1;1;1;51;0;7414243;143;0
11;19;78;20;35;44;96;3.40;1;1;1;50;0;7414496;221;0
11;19;78;20;35;46;87;3.20;1;1;1;50;0;7414687;166;0
11;19;78;20;35;47;86;3.40;2;1;1;57;0;7414786;554;0
11;19;78;20;35;58;82;4.40;4;2;1;59;0;7415882;2241;0
11;19;78;20;36;0;60;4.00;3;2;1;68;0;7416060;2484;0
11;19;78;20;36;1;49;3.80;4;2;1;60;0;7416149;240;0
11;19;78;20;36;3;56;3.40;4;2;1;62;0;7416356;184;0
11;19;78;20;36;4;9;4.00;1;1;1;57;0;7416409;1698;0
11;19;78;20;36;5;96;3.80;4;2;1;64;0;7416596;220;0
11;19;78;20;36;7;38;3.60;1;1;1;58;0;7416738;303;0
11;19;78;20;36;10;1;3.80;2;1;1;59;0;7417001;2193;0
11;19;78;20;36;9;99;4.00;3;2;1;56;0;7416999;917;0
11;19;78;20;36;9;41;12.60;4;2;3;48;0;7416941;323;0
11;19;78;20;36;10;32;3.60;1;1;1;58;0;7417032;271;0
11;19;78;20;36;11;0;4.80;3;2;1;55;0;7417100;75;0
11;19;78;20;36;11;81;3.80;2;1;1;60;0;7417181;156;0
11;19;78;20;36;12;0;3.80;4;2;1;49;0;7417200;164;0
11;19;78;20;36;12;47;3.20;3;2;1;56;0;7417247;115;0
11;19;78;20;36;13;57;3.40;4;2;1;48;0;7417357;129;0
11;19;78;20;36;13;80;3.40;3;2;1;57;0;7417380;112;0
11;19;78;20;36;14;7;3.60;2;1;1;60;0;7417407;203;0
11;19;78;20;36;14;54;3.40;4;2;1;46;0;7417454;71;0
11;19;78;20;36;15;26;4.20;3;2;1;58;0;7417526;124;7416999
11;19;78;20;36;17;2;4.00;3;2;1;54;0;7417702;149;7416999
11;19;78;20;36;17;19;3.40;4;2;1;56;0;7417719;238;0
11;19;78;20;36;19;27;4.20;3;2;1;59;0;7417927;198;7416999
11;19;78;20;36;20;17;3.40;2;1;1;52;0;7418017;588;0
11;19;78;20;36;21;70;3.80;1;1;1;56;0;7418170;1115;0
11;19;78;20;36;22;18;3.40;4;2;1;51;0;7418218;477;0
11;19;78;20;36;22;85;4.40;3;2;1;52;0;7418285;332;0
11;19;78;20;36;23;84;3.80;4;2;1;48;0;7418384;142;0
11;19;78;20;36;24;39;3.80;3;2;1;55;0;7418439;123;0
11;19;78;20;36;24;56;3.40;1;1;1;58;0;7418456;261;0
11;19;78;20;36;26;34;4.00;3;2;1;57;0;7418634;170;0
11;19;78;20;36;26;39;3.80;4;2;1;52;0;7418639;226;0
11;19;78;20;36;28;75;3.80;4;2;1;51;0;7418875;209;0
11;19;78;20;36;34;35;3.20;1;1;1;57;0;7419435;957;0
11;19;78;20;36;41;11;3.60;4;2;1;60;0;7420111;1209;0
11;19;78;20;36;51;22;3.40;4;2;1;61;0;7421122;989;0
11;19;78;20;36;53;86;3.60;4;2;1;56;0;7421386;243;0
11;19;78;20;36;59;68;4.40;4;2;1;57;0;7421968;558;0
11;19;78;20;37;2;17;3.80;3;2;1;64;0;7422217;3557;0
11;19;78;20;37;3;74;3.80;3;2;1;62;0;7422374;135;0
11;19;78;20;37;4;68;3.60;4;2;1;55;0;7422468;472;0
11;19;78;20;37;7;94;3.60;4;2;1;57;0;7422794;302;0
11;19;78;20;37;8;18;4.20;1;1;1;61;0;7422818;3362;0
11;19;78;20;37;8;71;4.60;2;1;1;55;0;7422871;4830;0
11;19;78;20;37;9;81;3.80;1;1;1;59;0;7422981;138;0
11;19;78;20;37;11;5;3.80;2;1;1;56;0;7423105;203;0
11;19;78;20;37;11;31;3.60;1;1;1;59;0;7423131;126;0
11;19;78;20;37;13;10;3.60;1;1;1;62;0;7423310;157;0
11;19;78;20;37;13;3;4.00;4;2;1;54;0;7423303;486;0
11;19;78;20;37;13;49;3.20;2;1;1;56;0;7423349;219;0
11;19;78;20;37;16;35;3.60;4;2;1;56;0;7423635;305;0
11;19;78;20;37;17;17;3.80;1;1;1;50;0;7423717;386;0
11;19;78;20;37;18;72;3.40;1;1;1;53;0;7423872;127;0
11;19;78;20;37;20;17;3.80;2;1;1;53;0;7424017;647;0
11;19;78;20;37;22;35;3.20;1;1;1;51;0;7424235;339;0
11;19;78;20;37;23;33;3.00;2;1;1;53;0;7424333;290;0
11;19;78;20;37;25;14;3.40;2;1;1;53;0;7424514;160;0
11;19;78;20;37;27;24;3.80;4;2;1;62;0;7424724;1065;0
11;19;78;20;37;27;71;11.40;1;1;3;50;0;7424771;513;0
11;19;78;20;37;28;30;3.60;2;1;1;48;0;7424830;292;0
11;19;78;20;37;29;33;3.60;4;2;1;63;0;7424933;186;0
11;19;78;20;37;29;48;3.20;1;1;1;50;0;7424948;94;0
11;19;78;20;37;29;95;3.00;2;1;1;49;0;7424995;138;0
11;19;78;20;37;30;84;3.60;3;2;1;61;0;7425084;2687;0
11;19;78;20;37;30;76;4.20;2;1;1;49;0;7425076;58;0
11;19;78;20;37;31;7;3.00;4;2;1;59;0;7425107;153;0
11;19;78;20;37;32;63;3.80;4;2;1;60;0;7425263;137;0
11;19;78;20;37;35;28;3.40;4;2;1;63;0;7425528;242;0
11;19;78;20;37;35;83;3.80;3;2;1;68;0;7425583;477;0
11;19;78;20;37;38;95;3.20;4;2;1;56;0;7425895;347;0
11;19;78;20;37;41;97;3.80;3;2;1;59;0;7426197;593;0
11;19;78;20;37;42;74;3.20;4;2;1;56;0;7426274;358;0
11;19;78;20;37;44;7;3.60;1;1;1;58;0;7426407;1435;0
11;19;78;20;37;45;97;3.80;2;1;1;59;0;7426597;1490;0
11;19;78;20;37;46;77;3.60;1;1;1;53;0;7426677;247;0
11;19;78;20;37;48;36;3.60;1;1;1;53;0;7426836;134;0
11;19;78;20;37;51;61;3.40;2;1;1;61;0;7427161;540;0
11;19;78;20;37;54;81;3.60;1;1;1;56;0;7427481;620;0
11;19;78;20;37;57;35;3.60;1;1;1;50;0;7427735;230;0
11;19;78;20;37;58;84;4.00;2;1;1;59;0;7427884;702;0
11;19;78;20;37;59;6;3.20;3;2;1;63;0;7427906;1685;0
11;19;78;20;38;0;20;3.60;2;1;1;58;0;7428020;111;0
11;19;78;20;38;1;35;3.80;4;2;1;59;0;7428135;1840;0
11;19;78;20;38;2;37;3.00;2;1;1;49;0;7428237;194;0
11;19;78;20;38;3;46;3.20;1;1;1;58;0;7428346;585;0
11;19;78;20;38;4;75;3.40;1;1;1;58;0;7428475;109;0
11;19;78;20;38;13;87;7.20;1;1;1;58;0;7429387;890;0
11;19;78;20;38;15;39;3.80;2;1;1;65;0;7429539;1279;0
11;19;78;20;38;18;31;5.40;4;2;1;57;0;7429831;1672;0
11;19;78;20;38;18;31;3.80;2;1;1;56;0;7429831;270;0
11;19;78;20;38;18;80;4.20;3;2;1;59;0;7429880;1955;0
11;19;78;20;38;19;69;4.00;4;2;1;58;0;7429969;103;0
11;19;78;20;38;19;89;3.60;1;1;1;59;0;7429989;557;0
11;19;78;20;38;26;71;3.80;1;1;1;56;0;7430671;660;0
11;19;78;20;38;35;85;3.60;1;1;1;53;0;7431585;889;0
11;19;78;20;38;44;19;3.60;3;2;1;60;0;7432419;2513;0
11;19;78;20;38;46;79;3.80;4;2;1;58;0;7432679;2685;0
11;19;78;20;38;48;77;3.40;1;1;1;57;0;7432877;1267;0
11;19;78;20;38;48;94;2.80;3;2;1;57;0;7432894;453;0
11;19;78;20;38;51;23;3.20;3;2;1;56;0;7433123;211;0
11;19;78;20;38;52;6;3.60;4;2;1;56;0;7433206;503;0
11;19;78;20;38;52;96;3.20;3;2;1;62;0;7433296;152;0
11;19;78;20;38;53;48;3.40;4;2;1;57;0;7433348;118;0
11;19;78;20;38;53;71;4.00;1;1;1;63;0;7433371;472;0
11;19;78;20;38;54;93;3.80;3;2;1;59;0;7433493;178;0
11;19;78;20;38;55;62;3.80;4;2;1;54;0;7433562;192;0
11;19;78;20;38;56;9;3.20;3;2;1;60;0;7433609;92;0
11;19;78;20;38;56;96;3.20;4;2;1;54;0;7433696;108;0
11;19;78;20;38;58;77;3.40;4;2;1;53;0;7433877;159;7433206
11;19;78;20;39;0;53;3.60;4;2;1;54;0;7434053;152;7433206
11;19;78;20;39;0;88;3.40;3;2;1;63;0;7434088;459;0
11;19;78;20;39;1;10;3.00;1;1;1;53;0;7434110;716;0
11;19;78;20;39;1;77;3.00;2;1;1;57;0;7434177;4321;0
11;19;78;20;39;1;83;3.60;4;2;1;53;0;7434183;106;7433206
11;19;78;20;39;3;13;3.80;2;1;1;57;0;7434313;117;7433206
11;19;78;20;39;4;19;3.60;4;2;1;54;0;7434419;211;0
11;19;78;20;39;4;28;4.80;1;1;1;56;0;7434428;297;0
11;19;78;20;39;5;4;4.00;2;1;1;58;0;7434504;167;0
11;19;78;20;39;6;14;3.40;4;2;1;54;0;7434614;171;0
11;19;78;20;39;6;19;6.00;2;1;1;55;0;7434619;90;0
11;19;78;20;39;8;67;4.00;2;1;1;59;0;7434867;208;0
11;19;78;20;39;8;75;4.60;1;1;1;58;0;7434875;416;0
11;19;78;20;39;11;15;3.60;4;2;1;60;0;7435115;478;0
11;19;78;20;39;19;64;3.60;2;1;1;58;0;7435964;1072;0
11;19;78;20;39;20;55;5.20;1;1;1;59;0;7436055;1151;0
11;19;78;20;39;23;17;3.40;2;1;1;58;0;7436317;330;0
11;19;78;20;39;24;81;4.20;1;1;1;61;0;7436481;394;0
11;19;78;20;39;26;82;3.80;1;1;1;54;0;7436682;176;0
11;19;78;20;39;26;90;3.20;2;1;1;55;0;7436690;351;0
11;19;78;20;39;27;66;3.80;4;2;1;62;0;7436766;1629;0
11;19;78;20;39;28;27;4.20;1;1;1;59;0;7436827;119;0
11;19;78;20;39;29;92;3.60;2;1;1;63;0;7436992;281;0
11;19;78;20;39;32;40;14.40;1;1;4;49;0;7437240;387;0
11;19;78;20;39;34;10;3.80;3;2;1;53;0;7437410;3302;0
11;19;78;20;39;36;35;3.60;4;2;1;61;0;7437635;846;0
11;19;78;20;39;41;13;3.40;4;2;1;55;0;7438113;456;0
11;19;78;20;39;42;46;3.60;2;1;1;52;0;7438246;1233;0
11;19;78;20;39;43;74;4.60;1;1;1;58;0;7438374;1028;0
11;19;78;20;39;47;87;3.20;2;1;1;57;0;7438787;516;0
11;19;78;20;39;55;64;3.60;2;1;1;58;0;7439564;756;0
11;19;78;20;39;56;35;4.00;1;1;1;55;0;7439635;1232;0
11;19;78;20;39;57;42;3.20;1;1;1;55;0;7439742;80;0
11;19;78;20;39;58;93;3.40;1;1;1;51;0;7439893;130;0
11;19;78;20;40;2;80;3.60;3;2;1;58;0;7440280;2844;0
11;19;78;20;40;3;59;3.20;4;2;1;59;0;7440359;2223;0
11;19;78;20;40;5;73;3.40;3;2;1;64;0;7440573;270;0
11;19;78;20;40;6;71;4.00;4;2;1;58;0;7440671;292;0
11;19;78;20;40;6;86;3.60;3;2;1;59;0;7440686;93;0
11;19;78;20;40;8;22;3.60;3;2;1;60;0;7440822;114;0
11;19;78;20;40;10;18;3.60;4;2;1;60;0;7441018;322;0
11;19;78;20;40;10;98;3.20;3;2;1;63;0;7441098;254;0
11;19;78;20;40;14;1;3.60;4;2;1;59;0;7441401;361;0
11;19;78;20;40;15;35;4.00;4;2;1;59;0;7441535;112;0
11;19;78;20;40;16;16;3.80;3;2;1;75;0;7441616;499;0
11;19;78;20;40;19;80;3.00;4;2;1;54;0;7441980;420;0
11;19;78;20;40;21;7;3.00;4;2;1;56;0;7442107;107;0
11;19;78;20;40;38;69;3.60;3;2;1;60;0;7443869;2234;0
11;19;78;20;40;38;80;3.40;4;2;1;51;0;7443880;1753;0
11;19;78;20;40;41;9;3.80;2;1;1;60;0;7444109;4522;0
11;19;78;20;40;41;81;3.40;4;2;1;54;0;7444181;277;0
11;19;78;20;40;42;44;3.40;2;1;1;60;0;7444244;112;0
11;19;78;20;40;43;27;3.60;2;1;1;59;0;7444327;62;0
11;19;78;20;40;43;87;5.00;1;1;1;56;0;7444387;4470;0
11;19;78;20;40;46;37;3.20;2;1;1;61;0;7444637;288;0
11;19;78;20;40;46;61;3.60;1;1;1;55;0;7444661;241;0
11;19;78;20;40;47;25;3.20;4;2;1;59;0;7444725;521;0
11;19;78;20;40;47;25;3.80;2;1;1;60;0;7444725;69;0
11;19;78;20;40;50;22;3.40;2;1;1;55;0;7445022;274;0
11;19;78;20;40;52;5;3.40;2;1;1;53;0;7445205;160;0
11;19;78;20;40;52;28;3.80;1;1;1;47;0;7445228;543;0
11;19;78;20;40;53;57;3.40;1;1;1;52;0;7445357;99;0
11;19;78;20;40;54;16;3.20;2;1;1;52;0;7445416;187;0
11;19;78;20;40;55;24;3.60;2;1;1;52;0;7445524;85;0
11;19;78;20;40;56;69;3.80;2;1;1;54;0;7445669;120;7445022
11;19;78;20;40;57;52;3.40;3;2;1;62;0;7445752;1861;0
11;19;78;20;40;58;1;6.20;2;1;1;54;0;7445801;106;7445022
11;19;78;20;40;58;65;3.20;4;2;1;54;0;7445865;1120;0
11;19;78;20;40;59;53;3.60;3;2;1;56;0;7445953;181;0
11;19;78;20;41;0;76;3.60;2;1;1;51;0;7446076;233;0
11;19;78;20;41;1;32;3.40;4;2;1;55;0;7446132;245;0
11;19;78;20;41;4;66;3.40;4;2;1;47;0;7446466;311;0
11;19;78;20;41;7;18;3.60;4;2;1;51;0;7446718;225;0
11;19;78;20;41;10;50;3.60;1;1;1;62;0;7447050;1669;0
11;19;78;20;41;10;65;3.20;4;2;1;51;0;7447065;321;0
11;19;78;20;41;10;81;3.60;2;1;1;57;0;7447081;979;0
11;19;78;20;41;11;15;3.60;3;2;1;63;0;7447115;1138;0
11;19;78;20;41;12;79;3.40;4;2;1;52;0;7447279;191;0
11;19;78;20;41;24;45;5.20;1;1;1;51;0;7448445;1374;0
11;19;78;20;41;24;60;3.80;2;1;1;56;0;7448460;1356;0
11;19;78;20;41;24;60;3.80;3;2;1;61;0;7448460;1324;0
11;19;78;20;41;27;95;4.00;4;2;1;59;0;7448795;1492;0
11;19;78;20;41;28;80;3.60;4;2;1;60;0;7448880;60;0
11;19;78;20;41;28;77;4.20;1;1;1;55;0;7448877;395;0
11;19;78;20;41;29;19;3.40;2;1;1;61;0;7448919;434;0
11;19;78;20;41;29;42;3.40;3;2;1;62;0;7448942;459;0
11;19;78;20;41;30;52;3.00;4;2;1;61;0;7449052;150;0
11;19;78;20;41;32;5;3.40;2;1;1;62;0;7449205;265;0
11;19;78;20;41;32;8;3.20;1;1;1;56;0;7449208;303;0
11;19;78;20;41;33;75;3.20;4;2;1;60;0;7449375;305;0
11;19;78;20;41;36;1;3.40;3;2;1;61;0;7449601;639;0
11;19;78;20;41;38;60;3.40;3;2;1;64;0;7449860;238;0
11;19;78;20;41;39;78;4.20;4;2;1;60;0;7449978;583;0
11;19;78;20;41;59;20;3.80;4;2;1;62;0;7451920;1916;0
11;19;78;20;42;0;68;3.40;4;2;1;60;0;7452068;125;0
11;19;78;20;42;3;82;3.60;4;2;1;61;0;7452382;293;0
11;19;78;20;42;6;53;5.60;4;2;1;67;0;7452653;249;0
11;19;78;20;42;10;45;3.60;1;1;1;61;0;7453045;3816;0
11;19;78;20;42;13;45;4.00;2;1;1;61;0;7453345;4120;0
11;19;78;20;42;15;31;3.80;2;1;1;58;0;7453531;162;0
11;19;78;20;42;16;99;3.60;2;1;1;56;0;7453699;144;0
11;19;78;20;42;17;35;3.60;4;2;1;60;0;7453735;1051;0
11;19;78;20;42;18;74;3.80;1;1;1;57;0;7453874;807;0
11;19;78;20;42;19;6;3.80;4;2;1;59;0;7453906;149;0
11;19;78;20;42;21;56;4.40;1;1;1;60;0;7454156;258;0
11;19;78;20;42;23;20;6.00;4;2;1;60;0;7454320;390;0
11;19;78;20;42;26;8;3.60;4;2;1;58;0;7454608;252;0
11;19;78;20;42;27;93;3.80;4;2;1;57;0;7454793;162;0
11;19;78;20;42;28;77;3.60;1;1;1;60;0;7454877;694;0
11;19;78;20;42;29;41;3.80;4;2;1;59;0;7454941;124;0
11;19;78;20;42;33;91;2.80;4;2;1;64;0;7455391;426;0
11;19;78;20;42;38;60;3.20;2;1;1;55;0;7455860;2137;0
11;19;78;20;42;42;50;3.60;3;2;1;68;0;7456250;6370;0
11;19;78;20;42;42;67;3.80;2;1;1;56;0;7456267;386;0
11;19;78;20;42;43;71;2.80;1;1;1;56;0;7456371;1472;0
11;19;78;20;42;45;5;3.80;1;1;1;57;0;7456505;116;0
11;19;78;20;42;47;13;3.60;1;1;1;55;0;7456713;184;0
11;19;78;20;42;48;89;3.80;2;1;1;61;0;7456889;597;0
11;19;78;20;42;50;14;3.80;4;2;1;49;0;7457014;1607;0
11;19;78;20;42;51;25;3.80;1;1;1;55;0;7457125;388;0
11;19;78;20;42;51;98;3.20;4;2;1;52;0;7457198;156;0
11;19;78;20;42;53;82;13.20;3;2;4;56;0;7457382;1112;0
11;19;78;20;42;56;61;2.80;3;2;1;57;0;7457661;194;0
11;19;78;20;42;57;33;3.60;3;2;1;58;0;7457733;54;0
11;19;78;20;42;58;48;3.80;1;1;1;56;0;7457848;698;0
11;19;78;20;43;1;63;3.60;1;1;1;50;0;7458163;290;0
11;19;78;20;43;3;12;3.40;2;1;1;50;0;7458312;1400;0
11;19;78;20;43;3;37;3.20;1;1;1;53;0;7458337;148;0
11;19;78;20;43;3;61;4.40;4;2;1;54;0;7458361;1140;0
11;19;78;20;43;4;9;3.80;1;1;1;51;0;7458409;50;0
11;19;78;20;43;5;34;3.60;3;2;1;53;0;7458534;778;0
11;19;78;20;43;5;30;3.80;4;2;1;54;0;7458530;139;0
11;19;78;20;43;6;18;4.00;1;1;1;50;0;7458618;182;0
11;19;78;20;43;7;4;3.40;4;2;1;56;0;7458704;148;0
11;19;78;20;43;7;53;3.20;2;1;1;55;0;7458753;416;0
11;19;78;20;43;7;85;3.40;1;1;1;53;0;7458785;138;7458163
11;19;78;20;43;8;89;3.00;4;2;1;56;0;7458889;163;7458163
11;19;78;20;43;10;39;3.60;4;2;1;54;0;7459039;130;7458361
11;19;78;20;43;13;29;3.60;4;2;1;50;0;7459329;266;0
11;19;78;20;43;19;23;3.40;2;1;1;54;0;7459923;1149;0
11;19;78;20;43;21;65;3.20;4;2;1;60;0;7460165;810;0
11;19;78;20;43;23;3;5.60;1;1;1;55;0;7460303;1494;0
11;19;78;20;43;27;63;3.60;3;2;1;61;0;7460763;2204;0
11;19;78;20;43;29;27;3.60;3;2;1;68;0;7460927;142;0
11;19;78;20;43;30;34;3.80;3;2;1;64;0;7461034;87;0
11;19;78;20;43;31;23;3.60;4;2;1;63;0;7461123;938;0
11;19;78;20;43;37;9;3.60;4;2;1;55;0;7461709;565;0
11;19;78;20;43;39;40;5.00;4;2;1;61;0;7461940;207;0
11;19;78;20;43;41;89;3.80;4;2;1;61;0;7462189;219;0
11;19;78;20;43;43;83;3.60;2;1;1;57;0;7462383;2437;0
11;19;78;20;43;45;56;3.60;4;2;1;45;0;7462556;344;0
11;19;78;20;43;46;53;3.20;2;1;1;56;0;7462653;247;0
11;19;78;20;43;47;30;3.80;4;2;1;47;0;7462730;145;0
11;19;78;20;43;47;58;3.60;2;1;1;61;0;7462758;84;0
11;19;78;20;43;48;75;3.80;3;2;1;57;0;7462875;1819;0
11;19;78;20;43;49;23;3.80;2;1;1;59;0;7462923;143;0
11;19;78;20;43;49;37;3.40;4;2;1;56;0;7462937;177;0
11;19;78;20;43;52;39;3.00;3;2;1;54;0;7463239;340;0
11;19;78;20;43;52;79;3.40;1;1;1;51;0;7463279;2939;0
11;19;78;20;43;53;88;3.20;2;1;1;51;0;7463388;441;0
11;19;78;20;43;54;76;4.20;1;1;1;49;0;7463476;173;0
11;19;78;20;43;54;93;4.40;2;1;1;50;0;7463493;82;0
11;19;78;20;43;55;70;3.40;1;1;1;50;0;7463570;63;0
11;19;78;20;43;56;32;3.40;2;1;1;48;0;7463632;107;0
11;19;78;20;43;58;38;5.20;2;1;1;49;0;7463838;180;0
11;19;78;20;44;0;68;3.40;2;1;1;52;0;7464068;191;7463388
11;19;78;20;44;4;26;4.00;2;1;1;57;0;7464426;334;0
11;19;78;20;44;7;7;3.60;2;1;1;53;0;7464707;255;0
11;19;78;20;44;8;11;3.80;3;2;1;60;0;7464811;1552;0
11;19;78;20;44;12;44;3.60;4;2;1;56;0;7465244;2285;0
11;19;78;20;44;12;58;3.80;3;2;1;55;0;7465258;424;0
11;19;78;20;44;14;11;3.60;3;2;1;54;0;7465411;128;0
11;19;78;20;44;14;95;4.00;1;1;1;55;0;7465495;1900;0
11;19;78;20;44;15;11;3.40;3;2;1;52;0;7465511;76;0
11;19;78;20;44;15;89;5.00;3;2;1;53;0;7465589;54;0
11;19;78;20;44;15;49;13.60;4;2;4;53;0;7465549;281;0
11;19;78;20;44;16;62;3.60;1;1;1;54;0;7465662;140;0
11;19;78;20;44;17;25;3.60;3;2;1;59;0;7465725;102;7465258
11;19;78;20;44;17;56;3.80;4;2;1;55;0;7465756;114;7465258
11;19;78;20;44;18;70;3.20;3;2;1;60;0;7465870;123;7465258
11;19;78;20;44;20;85;3.20;4;2;1;54;0;7466085;304;0
11;19;78;20;44;22;30;3.60;4;2;1;54;0;7466230;123;0
11;19;78;20;44;22;38;4.60;2;1;1;58;0;7466238;1506;0
11;19;78;20;44;23;61;3.60;3;2;1;65;0;7466361;471;0
11;19;78;20;44;23;63;4.00;4;2;1;54;0;7466363;109;0
11;19;78;20;44;24;3;3.60;2;1;1;58;0;7466403;136;0
11;19;78;20;44;25;39;3.80;1;1;1;54;0;7466539;853;0
11;19;78;20;44;25;61;3.80;4;2;1;56;0;7466561;171;0
11;19;78;20;44;26;52;3.40;1;1;1;55;0;7466652;87;0
11;19;78;20;44;26;65;3.80;3;2;1;63;0;7466665;284;0
11;19;78;20;44;27;17;3.60;4;2;1;56;0;7466717;131;7466085
11;19;78;20;44;27;83;3.80;1;1;1;52;0;7466783;108;7466085
11;19;78;20;44;28;9;3.60;3;2;1;61;0;7466809;122;7466085
11;19;78;20;44;29;98;4.00;1;1;1;54;0;7466998;188;7466085
11;19;78;20;44;30;43;3.60;4;2;1;55;0;7467043;302;0
11;19;78;20;44;43;66;4.60;2;1;1;55;0;7468366;1940;0
11;19;78;20;44;44;98;3.20;3;2;1;63;0;7468498;1667;0
11;19;78;20;44;46;96;3.60;4;2;1;62;0;7468696;1629;0
11;19;78;20;44;58;1;3.60;3;2;1;53;0;7469801;1284;0
11;19;78;20;45;8;54;3.80;2;1;1;59;0;7470854;2457;0
11;19;78;20;45;11;11;3.60;2;1;1;53;0;7471111;233;0
11;19;78;20;45;20;42;3.80;4;2;1;62;0;7472042;3325;0
11;19;78;20;45;20;86;3.80;3;2;1;68;0;7472086;2260;0
11;19;78;20;45;23;19;3.40;4;2;1;68;0;7472319;254;0
11;19;78;20;45;23;46;3.40;2;1;1;45;0;7472346;1210;0
11;19;78;20;45;24;41;3.80;3;2;1;67;0;7472441;334;0
11;19;78;20;45;24;43;3.60;1;1;1;61;0;7472443;5418;0
11;19;78;20;45;27;16;3.20;3;2;1;59;0;7472716;254;0
11;19;78;20;45;27;47;4.00;1;1;1;59;0;7472747;282;0
11;19;78;20;45;28;69;3.60;3;2;1;59;0;7472869;133;0
11;19;78;20;45;29;18;3.60;1;1;1;58;0;7472918;146;0
11;19;78;20;45;30;6;4.00;3;2;1;57;0;7473006;115;0
11;19;78;20;45;30;43;3.00;2;1;1;59;0;7473043;669;0
11;19;78;20;45;31;16;4.00;1;1;1;56;0;7473116;175;0
11;19;78;20;45;31;20;3.60;4;2;1;54;0;7473120;783;0
11;19;78;20;45;32;66;3.00;3;2;1;57;0;7473266;234;0
11;19;78;20;45;33;10;3.80;4;2;1;55;0;7473310;166;0
11;19;78;20;45;35;11;3.20;4;2;1;55;0;7473511;176;0
11;19;78;20;45;35;14;4.40;3;2;1;61;0;7473514;229;0
11;19;78;20;45;36;86;3.60;4;2;1;56;0;7473686;154;0
11;19;78;20;45;38;64;4.00;4;2;1;55;0;7473864;154;7473120
11;19;78;20;45;40;31;3.60;4;2;1;55;0;7474031;140;7473120
11;19;78;20;45;40;88;3.20;3;2;1;56;0;7474088;548;0
11;19;78;20;45;41;41;3.20;4;2;1;57;0;7474141;86;7473120
11;19;78;20;45;42;34;3.80;4;2;1;60;0;7474234;72;7473120
11;19;78;20;45;42;49;3.20;3;2;1;64;0;7474249;140;7473120
11;19;78;20;45;42;98;4.00;1;1;1;61;0;7474298;1156;0
11;19;78;20;45;44;90;3.40;1;1;1;60;0;7474490;168;0
11;19;78;20;45;45;0;3.80;3;2;1;57;0;7474500;233;0
11;19;78;20;45;46;54;3.60;3;2;1;59;0;7474654;130;0
11;19;78;20;45;56;47;4.20;1;1;1;59;0;7475647;1136;0
11;19;78;20;46;1;78;3.60;1;1;1;56;0;7476178;505;0
11;19;78;20;46;4;51;3.60;4;2;1;56;0;7476451;2194;0
11;19;78;20;46;5;2;6.40;3;2;1;64;0;7476502;1826;0
11;19;78;20;46;7;83;3.40;4;2;1;59;0;7476783;308;0
11;19;78;20;46;21;80;3.60;3;2;1;55;0;7478180;1642;0
11;19;78;20;46;22;18;3.00;4;2;1;61;0;7478218;1414;0
11;19;78;20;46;23;76;3.20;4;2;1;58;0;7478376;140;0
11;19;78;20;46;24;16;3.80;3;2;1;55;0;7478416;212;0
11;19;78;20;46;33;31;3.80;3;2;1;64;0;7479331;890;0
11;19;78;20;46;38;39;3.20;4;2;1;54;0;7479839;1443;0
11;19;78;20;46;40;93;3.80;4;2;1;57;0;7480093;232;0
11;19;78;20;46;42;53;3.60;4;2;1;57;0;7480253;136;0
11;19;78;20;46;45;0;3.40;4;2;1;62;0;7480500;224;0
11;19;78;20;46;47;22;3.80;1;1;1;60;0;7480722;4520;0
11;19;78;20;46;47;25;3.20;4;2;1;59;0;7480725;205;0
11;19;78;20;46;48;56;3.80;3;2;1;59;0;7480856;1503;0
11;19;78;20;46;49;32;3.40;3;2;1;59;0;7480932;52;0
11;19;78;20;46;49;58;6.40;4;2;1;55;0;7480958;213;0
11;19;78;20;46;56;50;3.60;3;2;1;65;0;7481650;697;0
11;19;78;20;46;59;15;3.80;3;2;1;62;0;7481915;245;0
11;19;78;20;47;0;66;4.00;3;2;1;57;0;7482066;128;0
11;19;78;20;47;2;23;3.20;3;2;1;59;0;7482223;131;0
11;19;78;20;47;3;51;3.60;3;2;1;57;0;7482351;108;0
11;19;78;20;47;4;90;3.60;3;2;1;59;0;7482490;116;7481915
11;19;78;20;47;6;28;4.00;3;2;1;65;0;7482628;116;7481915
11;19;78;20;47;7;80;3.80;3;2;1;59;0;7482780;129;7481915
11;19;78;20;47;7;1;12.60;4;2;3;45;0;7482701;1701;0
11;19;78;20;47;8;10;3.60;1;1;1;53;0;7482810;2065;0
11;19;78;20;47;8;42;3.60;2;1;1;60;0;7482842;9780;0
11;19;78;20;47;9;5;3.00;3;2;1;59;0;7482905;101;7481915
11;19;78;20;47;8;95;3.80;4;2;1;44;0;7482895;93;7481915
11;19;78;20;47;11;29;3.60;4;2;1;44;0;7483129;202;0
11;19;78;20;47;14;3;3.60;1;1;1;56;0;7483403;568;0
11;19;78;20;47;14;11;3.80;2;1;1;55;0;7483411;547;0
11;19;78;20;47;15;49;4.00;1;1;1;57;0;7483549;122;0
11;19;78;20;47;17;11;3.80;2;1;1;56;0;7483711;275;0
11;19;78;20;47;17;36;3.40;1;1;1;54;0;7483736;161;0
11;19;78;20;47;18;14;3.80;2;1;1;55;0;7483814;78;0
11;19;78;20;47;18;83;3.60;1;1;1;56;0;7483883;124;0
11;19;78;20;47;19;6;3.60;2;1;1;55;0;7483906;67;0
11;19;78;20;47;19;49;3.00;4;2;1;60;0;7483949;790;0
11;19;78;20;47;20;61;3.60;1;1;1;57;0;7484061;154;7483403
11;19;78;20;47;21;0;3.20;2;1;1;55;0;7484100;170;7483403
11;19;78;20;47;22;49;3.40;4;2;1;59;0;7484249;282;0
11;19;78;20;47;23;22;3.60;3;2;1;63;0;7484322;1398;0
11;19;78;20;47;25;8;3.60;1;1;1;52;0;7484508;424;0
11;19;78;20;47;27;7;3.00;1;1;1;51;0;7484707;174;0
11;19;78;20;47;28;65;3.80;1;1;1;48;0;7484865;136;0
11;19;78;20;47;29;90;3.60;1;1;1;48;0;7484990;96;0
11;19;78;20;47;31;39;3.60;1;1;1;48;0;7485139;122;7484508
11;19;78;20;47;33;67;3.20;1;1;1;51;0;7485367;201;0
11;19;78;20;47;34;23;3.60;2;1;1;57;0;7485423;1302;0
11;19;78;20;47;38;23;4.40;3;2;1;66;0;7485823;1480;0
11;19;78;20;47;39;5;3.40;1;1;1;50;0;7485905;515;0
11;19;78;20;47;39;87;3.20;4;2;1;60;0;7485987;1717;0
11;19;78;20;47;41;46;3.80;1;1;1;57;0;7486146;216;0
11;19;78;20;47;42;51;3.80;3;2;1;58;0;7486251;404;0
11;19;78;20;47;44;48;3.20;4;2;1;55;0;7486448;441;0
11;19;78;20;47;44;46;4.20;1;1;1;56;0;7486446;276;0
11;19;78;20;47;45;58;3.00;4;2;1;54;0;7486558;89;0
11;19;78;20;47;51;24;3.20;1;1;1;58;0;7487124;651;0
11;19;78;20;47;52;32;3.40;4;2;1;48;0;7487232;654;0
11;19;78;20;47;52;94;4.00;1;1;1;58;0;7487294;150;0
11;19;78;20;47;54;52;3.60;2;1;1;58;0;7487452;2006;0
11;19;78;20;47;54;86;3.60;3;2;1;58;0;7487486;1211;0
11;19;78;20;48;3;28;3.40;1;1;1;55;0;7488328;1009;0
11;19;78;20;48;5;32;3.40;3;2;1;61;0;7488532;1023;0
11;19;78;20;48;6;26;3.80;1;1;1;47;0;7488626;275;0
11;19;78;20;48;6;98;3.80;3;2;1;61;0;7488698;145;0
11;19;78;20;48;7;71;3.40;4;2;1;68;0;7488771;1513;0
11;19;78;20;48;7;91;3.20;3;2;1;62;0;7488791;70;0
11;19;78;20;48;9;39;3.60;2;1;1;55;0;7488939;1464;0
11;19;78;20;48;9;62;3.80;3;2;1;61;0;7488962;152;0
11;19;78;20;48;10;76;3.60;3;2;1;58;0;7489076;91;7488532
11;19;78;20;48;11;77;3.60;3;2;1;58;0;7489177;78;7488532
11;19;78;20;48;13;16;4.20;4;2;1;58;0;7489316;527;0
11;19;78;20;48;14;39;3.60;4;2;1;56;0;7489439;96;0
11;19;78;20;48;14;70;4.00;3;2;1;63;0;7489470;270;0
11;19;78;20;48;16;36;3.60;3;2;1;58;0;7489636;143;0
11;19;78;20;48;18;54;3.60;3;2;1;56;0;7489854;195;0
11;19;78;20;48;19;96;3.80;4;2;1;60;0;7489996;533;0
11;19;78;20;48;20;49;3.60;3;2;1;60;0;7490049;171;0
11;19;78;20;48;21;51;3.80;3;2;1;58;0;7490151;80;7489470
11;19;78;20;48;23;98;3.00;3;2;1;59;0;7490398;223;0
11;19;78;20;48;25;34;3.00;4;2;1;56;0;7490534;515;0
11;19;78;20;48;26;36;3.20;3;2;1;56;0;7490636;219;0
11;19;78;20;48;27;53;4.00;3;2;1;54;0;7490753;96;0
11;19;78;20;48;27;62;3.40;4;2;1;53;0;7490762;208;0
11;19;78;20;48;28;58;3.40;3;2;1;54;0;7490858;78;0
11;19;78;20;48;30;15;3.40;4;2;1;56;0;7491015;229;0
11;19;78;20;48;43;19;3.80;2;1;1;61;0;7492319;3356;0
11;19;78;20;48;45;48;3.40;2;1;1;58;0;7492548;206;0
11;19;78;20;48;45;94;3.20;1;1;1;60;0;7492594;3938;0
11;19;78;20;48;46;67;3.60;2;1;1;60;0;7492667;97;0
11;19;78;20;48;48;64;3.40;1;1;1;58;0;7492864;250;0
11;19;78;20;48;49;81;3.80;1;1;1;60;0;7492981;95;0
11;19;78;20;48;53;82;3.20;4;2;1;64;0;7493382;2345;0
11;19;78;20;48;54;78;3.60;1;1;1;52;0;7493478;474;0
11;19;78;20;48;55;60;3.40;2;1;1;58;0;7493560;871;0
11;19;78;20;48;57;6;3.40;3;2;1;61;0;7493706;2825;0
11;19;78;20;48;57;76;3.40;4;2;1;59;0;7493776;376;0
11;19;78;20;48;59;20;3.40;3;2;1;58;0;7493920;193;0
11;19;78;20;49;3;8;3.40;4;2;1;60;0;7494308;511;0
11;19;78;20;49;5;83;3.20;4;2;1;58;0;7494583;254;0
11;19;78;20;49;11;1;3.20;4;2;1;52;0;7495101;498;0
11;19;78;20;49;15;31;3.80;2;1;1;56;0;7495531;1949;0
11;19;78;20;49;15;87;3.40;1;1;1;56;0;7495587;2084;0
11;19;78;20;49;20;2;3.80;1;1;1;58;0;7496002;393;0
11;19;78;20;49;22;49;5.20;3;2;1;67;0;7496249;2307;0
11;19;78;20;49;23;10;3.80;1;1;1;53;0;7496310;284;0
11;19;78;20;49;24;72;3.80;3;2;1;66;0;7496472;195;0
11;19;78;20;49;24;61;3.40;4;2;1;52;0;7496461;1337;0
11;19;78;20;49;25;23;4.20;1;1;1;58;0;7496523;187;0
11;19;78;20;49;26;38;3.00;3;2;1;56;0;7496638;145;0
11;19;78;20;49;28;24;3.20;4;2;1;54;0;7496824;339;0
11;19;78;20;49;29;22;3.60;4;2;1;53;0;7496922;76;0
11;19;78;20;49;29;48;3.60;1;1;1;52;0;7496948;398;0
11;19;78;20;49;30;70;3.80;4;2;1;48;0;7497070;123;0
11;19;78;20;49;31;19;3.40;1;1;1;53;0;7497119;146;0
11;19;78;20;49;31;31;3.60;3;2;1;55;0;7497131;473;0
11;19;78;20;49;32;70;3.80;4;2;1;51;0;7497270;171;0
11;19;78;20;49;32;75;4.00;3;2;1;52;0;7497275;120;0
11;19;78;20;49;35;18;3.60;3;2;1;61;0;7497518;215;0
11;19;78;20;49;35;54;3.80;2;1;1;55;0;7497554;1998;0
11;19;78;20;49;36;4;3.60;4;2;1;57;0;7497604;307;0
11;19;78;20;49;36;17;3.20;3;2;1;60;0;7497617;77;0
11;19;78;20;49;38;30;3.60;3;2;1;60;0;7497830;193;0
11;19;78;20;49;40;47;3.40;4;2;1;58;0;7498047;420;0
11;19;78;20;49;41;80;3.40;4;2;1;60;0;7498180;111;0
11;19;78;20;49;42;86;3.60;3;2;1;57;0;7498286;434;0
11;19;78;20;49;43;0;4.00;1;1;1;59;0;7498300;1157;0
11;19;78;20;49;44;4;3.60;3;2;1;55;0;7498404;95;0
11;19;78;20;49;46;13;4.00;1;1;1;59;0;7498613;288;0
11;19;78;20;49;46;51;3.40;3;2;1;57;0;7498651;223;0
11;19;78;20;49;46;78;3.60;4;2;1;59;0;7498678;477;0
11;19;78;20;49;47;86;3.40;3;2;1;54;0;7498786;113;0
11;19;78;20;49;56;35;3.40;2;1;1;63;0;7499635;2056;0
11;19;78;20;49;57;79;4.00;2;1;1;62;0;7499779;124;0
11;19;78;20;49;59;32;3.60;4;2;1;65;0;7499932;1232;0
11;19;78;20;50;1;97;3.40;1;1;1;57;0;7500197;1559;0
11;19;78;20;50;14;61;3.40;3;2;1;61;0;7501461;2652;0
11;19;78;20;50;18;28;3.80;4;2;1;59;0;7501828;1876;0
11;19;78;20;50;21;34;3.60;4;2;1;60;0;7502134;282;0
11;19;78;20;50;24;3;3.60;4;2;1;58;0;7502403;247;0
11;19;78;20;50;25;74;3.40;4;2;1;57;0;7502574;148;0
11;19;78;20;50;36;2;3.80;1;1;1;64;0;7503602;3383;0
11;19;78;20;50;37;69;3.60;3;2;1;60;0;7503769;2287;0
11;19;78;20;50;38;40;4.00;1;1;1;64;0;7503840;216;0
11;19;78;20;50;44;78;3.20;3;2;1;59;0;7504478;687;0
11;19;78;20;50;49;44;3.60;2;1;1;54;0;7504944;5141;0
11;19;78;20;50;50;20;3.20;1;1;1;51;0;7505020;1157;0
11;19;78;20;50;51;85;3.80;2;1;1;55;0;7505185;217;0
11;19;78;20;50;52;77;3.80;1;1;1;51;0;7505277;234;0
11;19;78;20;50;52;87;3.40;3;2;1;55;0;7505287;789;0
11;19;78;20;50;52;99;3.60;4;2;1;57;0;7505299;2703;0
11;19;78;20;50;53;6;3.80;2;1;1;52;0;7505306;96;0
11;19;78;20;50;53;98;4.40;1;1;1;54;0;7505398;94;0
11;19;78;20;50;54;35;3.20;3;2;1;55;0;7505435;125;0
11;19;78;20;50;54;59;3.80;2;1;1;48;0;7505459;126;0
11;19;78;20;50;54;95;4.60;1;1;1;54;0;7505495;67;0
11;19;78;20;50;55;63;3.60;2;1;1;49;0;7505563;75;0
11;19;78;20;50;56;8;3.20;4;2;1;53;0;7505608;286;0
11;19;78;20;50;56;55;3.40;3;2;1;50;0;7505655;199;0
11;19;78;20;50;57;29;3.20;3;2;1;51;0;7505729;49;0
11;19;78;20;50;58;9;3.60;4;2;1;50;0;7505809;179;0
11;19;78;20;50;58;62;3.40;3;2;1;52;0;7505862;110;7505287
11;19;78;20;50;59;39;3.40;2;1;1;51;0;7505939;349;0
11;19;78;20;50;59;50;3.60;3;2;1;52;0;7505950;64;7505287
11;19;78;20;51;0;89;3.20;3;2;1;53;0;7506089;114;7505287
11;19;78;20;50;59;94;20.60;4;2;5;53;0;7505994;159;7505287
11;19;78;20;51;2;57;3.40;4;2;1;53;0;7506257;123;7505287
11;19;78;20;51;2;99;4.20;3;2;1;59;0;7506299;188;7505287
11;19;78;20;51;3;91;3.60;4;2;1;54;0;7506391;110;7505608
11;19;78;20;51;4;31;3.60;3;2;1;59;0;7506431;106;7505287
11;19;78;20;51;5;23;4.60;4;2;1;57;0;7506523;108;7505608
11;19;78;20;51;5;91;4.00;2;1;1;60;0;7506591;628;0
11;19;78;20;51;6;20;4.60;1;1;1;63;0;7506620;1094;0
11;19;78;20;51;7;0;3.40;3;2;1;54;0;7506700;247;0
11;19;78;20;51;7;67;3.80;4;2;1;59;0;7506767;214;0
11;19;78;20;51;9;34;3.40;3;2;1;57;0;7506934;211;0
11;19;78;20;51;12;57;11.20;4;2;3;48;0;7507257;466;0
11;19;78;20;51;14;63;3.40;1;1;1;55;0;7507463;816;0
11;19;78;20;51;15;16;3.20;2;1;1;56;0;7507516;901;0
11;19;78;20;51;15;32;4.60;4;2;1;44;0;7507532;191;0
11;19;78;20;51;16;28;3.40;3;2;1;61;0;7507628;672;0
11;19;78;20;51;22;27;3.60;1;1;1;56;0;7508227;741;0
11;19;78;20;51;26;42;4.20;1;1;1;55;0;7508642;391;0
11;19;78;20;51;28;10;3.80;1;1;1;55;0;7508810;140;0
11;19;78;20;51;34;3;13.00;1;1;3;49;0;7509403;568;0
11;19;78;20;51;35;88;3.20;4;2;1;69;0;7509588;2018;0
11;19;78;20;51;37;36;3.60;1;1;1;56;0;7509736;237;0
11;19;78;20;51;38;60;3.20;2;1;1;64;0;7509860;2323;0
11;19;78;20;51;39;3;3.40;3;2;1;55;0;7509903;2254;0
11;19;78;20;51;42;6;3.20;2;1;1;59;0;7510206;328;0
11;19;78;20;51;44;75;3.40;1;1;1;57;0;7510475;715;0
11;19;78;20;51;45;70;4.00;2;1;1;54;0;7510570;344;0
11;19;78;20;51;47;34;3.60;4;2;1;57;0;7510734;1129;0
11;19;78;20;51;52;75;3.80;3;2;1;63;0;7511275;1349;0
11;19;78;20;51;54;36;3.20;3;2;1;59;0;7511436;139;0
11;19;78;20;52;5;36;3.40;3;2;1;60;0;7512536;1080;0
11;19;78;20;52;6;25;3.80;3;2;1;61;0;7512625;68;0
11;19;78;20;52;7;22;3.80;4;2;1;60;0;7512722;1965;0
11;19;78;20;52;7;56;4.00;3;2;1;62;0;7512756;108;0
11;19;78;20;52;9;9;3.80;3;2;1;61;0;7512909;129;0
11;19;78;20;52;11;68;11.60;4;2;3;55;0;7513168;423;0
11;19;78;20;52;12;55;3.20;3;2;1;62;0;7513255;323;0
11;19;78;20;52;14;31;3.80;4;2;1;54;0;7513431;187;0
11;19;78;20;52;14;52;3.80;3;2;1;58;0;7513452;178;0
11;19;78;20;52;14;46;5.80;1;1;1;58;0;7513446;2949;0
11;19;78;20;52;15;49;3.60;4;2;1;56;0;7513549;92;0
11;19;78;20;52;16;22;3.60;3;2;1;56;0;7513622;146;0
11;19;78;20;52;17;5;4.60;2;1;1;62;0;7513705;3108;0
11;19;78;20;52;17;95;3.80;2;1;1;59;0;7513795;63;0
11;19;78;20;52;18;79;3.80;4;2;1;64;0;7513879;306;0
11;19;78;20;52;19;45;3.40;3;2;1;59;0;7513945;299;0
11;19;78;20;52;20;49;3.40;2;1;1;54;0;7514049;230;0
11;19;78;20;52;22;16;3.60;2;1;1;53;0;7514216;144;0
11;19;78;20;52;22;75;3.00;1;1;1;51;0;7514275;793;0
11;19;78;20;52;23;57;3.80;2;1;1;57;0;7514357;116;0
11;19;78;20;52;24;6;3.60;1;1;1;51;0;7514406;109;0
11;19;78;20;52;25;56;3.80;1;1;1;53;0;7514556;124;0
11;19;78;20;52;26;86;3.80;1;1;1;53;0;7514686;104;0
11;19;78;20;52;27;99;3.60;2;1;1;54;0;7514799;418;0
11;19;78;20;52;32;49;4.00;1;1;1;53;0;7515249;537;0
11;19;78;20;52;33;5;4.00;2;1;1;59;0;7515305;482;0
11;19;78;20;52;35;46;3.60;2;1;1;63;0;7515546;216;0
11;19;78;20;52;38;53;3.80;2;1;1;54;0;7515853;286;0
11;19;78;20;52;39;41;3.80;1;1;1;51;0;7515941;664;0
11;19;78;20;52;41;47;3.60;4;2;1;59;0;7516147;2246;0
11;19;78;20;52;42;43;4.00;2;1;1;62;0;7516243;364;0
11;19;78;20;52;43;71;3.00;4;2;1;57;0;7516371;202;0
11;19;78;20;52;44;18;4.20;1;1;1;62;0;7516418;450;0
11;19;78;20;52;45;61;4.00;1;1;1;62;0;7516561;118;0
11;19;78;20;52;47;53;3.00;3;2;1;60;0;7516753;2787;0
11;19;78;20;52;48;22;3.40;1;1;1;56;0;7516822;237;0
11;19;78;20;52;53;71;3.60;1;1;1;57;0;7517371;527;0
11;19;78;20;52;57;27;3.60;2;1;1;51;0;7517727;1460;0
11;19;78;20;52;58;90;3.60;4;2;1;57;0;7517890;1500;0
11;19;78;20;53;1;44;3.20;2;1;1;59;0;7518144;391;0
11;19;78;20;53;1;87;3.80;4;2;1;63;0;7518187;274;0
11;19;78;20;53;3;66;3.60;2;1;1;58;0;7518366;202;0
11;19;78;20;53;3;71;3.60;1;1;1;49;0;7518371;977;0
11;19;78;20;53;4;54;3.60;3;2;1;50;0;7518454;1683;0
11;19;78;20;53;5;80;3.20;1;1;1;62;0;7518580;182;0
11;19;78;20;53;6;15;9.20;2;2;2;135;0;7518615;621013;0
11;19;78;20;53;6;88;3.40;1;1;1;58;0;7518688;89;0
11;19;78;20;53;6;75;1.80;2;2;1;32;0;7518675;35;0
11;19;78;20;53;7;82;2.80;2;2;1;39;0;7518782;86;0
11;19;78;20;53;8;24;3.80;4;2;1;56;0;7518824;615;0
11;19;78;20;53;8;28;3.60;3;2;1;51;0;7518828;348;0
11;19;78;20;53;8;77;3.60;2;2;1;43;0;7518877;69;0
11;19;78;20;53;9;59;4.00;1;1;1;61;0;7518959;249;0
11;19;78;20;53;22;48;3.60;4;2;1;61;0;7520248;1399;0
11;19;78;20;53;23;75;3.40;3;2;1;63;0;7520375;1521;0
11;19;78;20;53;25;82;3.60;3;2;1;60;0;7520582;187;0
11;19;78;20;53;27;57;3.80;3;2;1;59;0;7520757;153;0
11;19;78;20;53;28;30;3.00;4;2;1;61;0;7520830;560;0
11;19;78;20;53;29;87;3.80;3;2;1;61;0;7520987;206;0
11;19;78;20;53;31;12;3.60;3;2;1;60;0;7521112;102;0
11;19;78;20;53;32;40;3.60;3;2;1;62;0;7521240;106;0
11;19;78;20;53;33;72;3.60;4;2;1;64;0;7521372;524;0
11;19;78;20;53;35;9;6.40;3;2;1;66;0;7521509;248;0
11;19;78;20;53;35;63;3.40;4;2;1;55;0;7521563;170;0
11;19;78;20;53;38;10;3.60;4;2;1;51;0;7521810;224;0
11;19;78;20;53;39;86;3.60;3;2;1;59;0;7521986;442;0
11;19;78;20;53;40;20;3.20;4;2;1;50;0;7522020;184;0
11;19;78;20;53;42;49;3.40;4;2;1;53;0;7522249;205;0
11;19;78;20;53;45;84;3.40;2;1;1;52;0;7522584;4195;0
11;19;78;20;53;50;75;4.00;1;1;1;56;0;7523075;4092;0
11;19;78;20;53;50;77;3.60;2;1;1;57;0;7523077;469;0
11;19;78;20;53;51;64;5.80;3;2;1;66;0;7523164;1156;0
11;19;78;20;53;52;61;3.80;4;2;1;51;0;7523261;988;0
11;19;78;20;53;53;96;3.60;1;1;1;56;0;7523396;295;0
11;19;78;20;53;54;86;3.80;2;1;1;60;0;7523486;386;0
11;19;78;20;53;55;20;3.20;1;1;1;57;0;7523520;100;0
11;19;78;20;53;55;69;3.40;4;2;1;57;0;7523569;281;0
11;19;78;20;53;56;5;4.40;2;1;1;59;0;7523605;96;0
11;19;78;20;53;57;11;3.80;1;1;1;58;0;7523711;170;0
11;19;78;20;53;58;12;3.80;2;1;1;54;0;7523812;180;0
11;19;78;20;53;58;28;3.60;1;1;1;55;0;7523828;93;0
11;19;78;20;54;6;5;11.80;1;1;3;56;0;7524605;753;0
11;19;78;20;54;6;50;14.20;4;2;3;57;0;7524650;1059;0
11;19;78;20;54;10;34;3.60;1;1;1;54;0;7525034;353;0
11;19;78;20;54;12;20;3.40;1;1;1;58;0;7525220;162;0
11;19;78;20;54;12;92;5.80;3;2;1;64;0;7525292;2096;0
11;19;78;20;54;14;24;3.60;4;2;1;58;0;7525424;684;0
11;19;78;20;54;15;24;3.60;1;1;1;56;0;7525524;282;0
11;19;78;20;54;16;66;3.40;3;2;1;59;0;7525666;341;0
11;19;78;20;54;16;72;3.60;4;2;1;58;0;7525672;225;0
11;19;78;20;54;18;10;3.40;1;1;1;55;0;7525810;262;0
11;19;78;20;54;20;33;3.60;4;2;1;54;0;7526033;338;0
11;19;78;20;54;20;98;3.60;2;1;1;54;0;7526098;2260;0
11;19;78;20;54;23;11;3.40;4;2;1;52;0;7526311;254;0
11;19;78;20;54;24;85;3.20;4;2;1;53;0;7526485;150;0
11;19;78;20;54;28;29;4.20;1;1;1;56;0;7526829;996;0
11;19;78;20;54;31;95;3.40;1;1;1;60;0;7527195;339;0
11;19;78;20;54;34;64;3.80;1;1;1;61;0;7527464;248;0
11;19;78;20;54;36;43;3.80;1;1;1;59;0;7527643;156;0
11;19;78;20;54;36;80;3.80;2;1;1;63;0;7527680;1558;0
11;19;78;20;54;37;55;3.20;1;1;1;59;0;7527755;88;0
11;19;78;20;54;45;38;3.80;4;2;1;59;0;7528538;2031;0
11;19;78;20;54;47;36;3.00;4;2;1;58;0;7528736;174;0
11;19;78;20;54;47;45;3.40;3;2;1;62;0;7528745;3058;0
11;19;78;20;54;50;47;3.60;1;1;1;62;0;7529047;1272;0
11;19;78;20;54;50;81;3.00;3;2;1;62;0;7529081;316;0
11;19;78;20;54;53;5;3.20;3;2;1;61;0;7529305;206;0
11;19;78;20;54;54;28;3.00;4;2;1;58;0;7529428;673;0
11;19;78;20;54;55;77;3.40;3;2;1;56;0;7529577;253;0
11;19;78;20;54;57;3;2.80;4;2;1;54;0;7529703;256;0
11;19;78;20;54;57;35;3.80;3;2;1;55;0;7529735;136;0
11;19;78;20;54;58;18;4.80;3;2;1;55;0;7529818;58;0
11;19;78;20;54;59;38;3.60;4;2;1;52;0;7529938;216;0
11;19;78;20;55;0;83;3.40;2;1;1;65;0;7530083;2381;0
11;19;78;20;55;2;0;3.60;4;2;1;57;0;7530200;237;0
11;19;78;20;55;2;41;3.60;3;2;1;56;0;7530241;391;0
11;19;78;20;55;4;40;3.60;4;2;1;59;0;7530440;217;0
11;19;78;20;55;5;70;3.60;4;2;1;55;0;7530570;108;0
11;19;78;20;55;7;91;3.20;4;2;1;54;0;7530791;197;0
11;19;78;20;55;12;64;8.00;4;2;6;48;0;7531264;451;0
11;19;78;20;55;14;61;3.20;4;2;1;49;0;7531461;137;0
11;19;78;20;55;26;91;3.40;4;2;1;63;0;7532691;1206;0
11;19;78;20;55;31;91;3.20;2;1;1;55;0;7533191;3089;0
11;19;78;20;55;33;14;3.00;4;2;1;49;0;7533314;603;0
11;19;78;20;55;34;80;4.20;2;1;1;56;0;7533480;268;0
11;19;78;20;55;35;22;4.80;1;1;1;61;0;7533522;4454;0
11;19;78;20;55;36;25;3.60;2;1;1;57;0;7533625;118;0
11;19;78;20;55;37;2;4.00;3;2;1;63;0;7533702;3437;0
11;19;78;20;55;38;0;4.00;4;2;1;60;0;7533800;463;0
11;19;78;20;55;38;35;3.60;2;1;1;58;0;7533835;187;0
11;19;78;20;55;38;50;3.40;1;1;1;57;0;7533850;299;0
11;19;78;20;55;39;60;3.80;2;1;1;54;0;7533960;102;0
11;19;78;20;55;40;94;3.20;1;1;1;55;0;7534094;222;0
11;19;78;20;55;40;97;6.80;4;2;1;56;0;7534097;273;0
11;19;78;20;55;42;67;4.80;1;1;1;49;0;7534267;152;0
11;19;78;20;55;47;93;4.20;2;1;1;57;0;7534793;807;0
11;19;78;20;55;48;8;3.20;1;1;1;51;0;7534808;505;0
11;19;78;20;55;49;75;3.40;2;1;1;57;0;7534975;155;0
11;19;78;20;56;5;86;3.60;4;2;1;57;0;7536586;2445;0
11;19;78;20;56;6;97;3.60;1;1;1;60;0;7536697;1866;0
11;19;78;20;56;7;39;3.80;4;2;1;57;0;7536739;130;0
11;19;78;20;56;8;63;3.60;2;1;1;53;0;7536863;1866;0
11;19;78;20;56;9;45;3.20;3;2;1;56;0;7536945;3220;0
11;19;78;20;56;10;99;3.40;4;2;1;54;0;7537099;336;0
11;19;78;20;56;11;39;4.00;2;1;1;59;0;7537139;251;0
11;19;78;20;56;12;4;3.60;3;2;1;53;0;7537204;238;0
11;19;78;20;56;12;73;3.20;2;1;1;56;0;7537273;109;0
11;19;78;20;56;13;15;3.60;4;2;1;53;0;7537315;193;0
11;19;78;20;56;14;90;3.60;4;2;1;52;0;7537490;150;0
11;19;78;20;56;16;9;4.60;3;2;1;62;0;7537609;380;0
11;19;78;20;56;16;12;3.80;2;1;1;61;0;7537612;318;0
11;19;78;20;56;16;95;3.80;4;2;1;52;0;7537695;180;0
11;19;78;20;56;20;60;3.40;4;2;1;51;0;7538060;338;0
11;19;78;20;56;21;81;3.40;2;1;1;67;0;7538181;546;0
11;19;78;20;56;21;97;3.60;3;2;1;61;0;7538197;561;0
11;19;78;20;56;22;53;3.00;4;2;1;51;0;7538253;169;0
11;19;78;20;56;22;66;14.60;1;1;4;56;0;7538266;1547;0
11;19;78;20;56;24;71;3.40;4;2;1;49;0;7538471;196;0
11;19;78;20;56;25;14;3.60;2;1;1;58;0;7538514;314;0
11;19;78;20;56;32;60;3.80;1;1;1;61;0;7539260;900;0
11;19;78;20;56;43;22;4.00;2;1;1;56;0;7540322;1785;0
11;19;78;20;56;48;60;3.20;4;2;1;54;0;7540860;2364;0
11;19;78;20;56;51;30;3.00;3;2;1;63;0;7541130;2911;0
11;19;78;20;56;51;61;4.20;4;2;1;50;0;7541161;279;0
11;19;78;20;56;51;93;11.40;1;1;3;57;0;7541193;1910;0
11;19;78;20;56;55;79;3.80;3;2;1;69;0;7541579;431;0
11;19;78;20;56;57;14;3.80;2;1;1;56;0;7541714;1366;0
11;19;78;20;56;57;82;3.20;1;1;1;55;0;7541782;517;0
11;19;78;20;56;59;1;3.80;3;2;1;63;0;7541901;302;0
11;19;78;20;56;59;37;3.60;2;1;1;51;0;7541937;198;0
11;19;78;20;56;59;51;3.40;1;1;1;54;0;7541951;148;0
11;19;78;20;56;58;18;2.40;4;1;1;10;0;7541818;1749504;0
11;19;78;20;57;1;99;3.60;3;2;1;62;0;7542199;276;0
11;19;78;20;57;2;14;3.80;2;1;1;55;0;7542214;251;0
11;19;78;20;57;3;38;3.40;3;2;1;62;0;7542338;118;0
11;19;78;20;57;3;96;3.80;1;1;1;59;0;7542396;422;0
11;19;78;20;57;4;58;3.60;4;2;1;50;0;7542458;1266;0
11;19;78;20;57;5;40;3.20;2;1;1;57;0;7542540;301;0
11;19;78;20;57;5;78;3.20;1;1;1;56;0;7542578;158;0
11;19;78;20;57;5;90;3.60;4;2;1;50;0;7542590;106;0
11;19;78;20;57;6;60;3.40;2;1;1;56;0;7542660;99;0
11;19;78;20;57;7;42;3.20;4;2;1;52;0;7542742;126;0
11;19;78;20;57;8;54;3.60;2;1;1;54;0;7542854;172;0
11;19;78;20;57;8;81;3.60;1;1;1;59;0;7542881;282;0
11;19;78;20;57;8;81;3.00;4;2;1;49;0;7542881;116;0
11;19;78;20;57;9;80;4.00;2;1;1;52;0;7542980;102;0
11;19;78;20;57;11;12;3.40;4;2;1;51;0;7543112;208;0
11;19;78;20;57;11;79;3.60;2;1;1;53;0;7543179;171;7542540
11;19;78;20;57;20;2;3.60;3;2;1;68;0;7544002;1644;0
11;19;78;20;57;24;1;3.60;3;2;1;60;0;7544401;379;0
11;19;78;20;57;25;10;3.80;3;2;1;62;0;7544510;87;0
11;19;78;20;57;26;90;3.40;3;2;1;57;0;7544690;157;0
11;19;78;20;57;27;61;3.80;4;2;1;69;0;7544761;1625;0
11;19;78;20;57;28;50;3.60;3;2;1;64;0;7544850;138;0
11;19;78;20;57;31;43;3.60;4;2;1;66;0;7545143;362;0
11;19;78;20;57;34;96;3.60;3;2;1;61;0;7545496;625;0
11;19;78;20;57;35;49;3.20;4;2;1;57;0;7545549;386;0
11;19;78;20;57;36;94;3.00;4;2;1;57;0;7545694;124;0
11;19;78;20;57;38;76;3.40;4;2;1;57;0;7545876;163;0
11;19;78;20;57;56;92;12.60;4;2;3;50;0;7547692;1794;0
11;19;78;20;58;0;15;3.80;3;2;1;56;0;7548015;2497;0
11;19;78;20;58;1;46;3.60;4;2;1;55;0;7548146;363;0
11;19;78;20;58;3;64;3.20;4;2;1;53;0;7548364;194;0
11;19;78;20;58;7;33;3.20;4;2;1;58;0;7548733;347;0
11;19;78;20;58;11;87;3.80;3;2;1;58;0;7549187;1147;0
11;19;78;20;58;16;7;3.20;4;2;1;58;0;7549607;854;0
11;19;78;20;58;20;78;3.40;3;2;1;53;0;7550078;867;0
11;19;78;20;58;20;91;3.20;4;2;1;52;0;7550091;464;0
11;19;78;20;58;24;60;4.00;2;1;1;60;0;7550460;7256;0
11;19;78;20;58;24;90;3.00;1;1;1;55;0;7550490;7587;0
11;19;78;20;58;25;75;3.40;2;1;1;54;0;7550575;91;0
11;19;78;20;58;26;90;4.00;2;1;1;52;0;7550690;92;0
11;19;78;20;58;28;24;3.40;1;1;1;59;0;7550824;314;0
11;19;78;20;58;28;13;3.20;2;1;1;51;0;7550813;95;0
11;19;78;20;58;29;25;3.80;1;1;1;54;0;7550925;80;0
11;19;78;20;58;30;39;3.80;1;1;1;49;0;7551039;88;0
11;19;78;20;58;31;21;4.20;2;1;1;59;0;7551121;285;0
11;19;78;20;58;31;69;3.80;1;1;1;53;0;7551169;102;0
11;19;78;20;58;33;88;3.60;1;1;1;54;0;7551388;193;7550824
11;19;78;20;58;34;99;3.60;4;2;1;56;0;7551499;1385;0
11;19;78;20;58;35;74;4.00;1;1;1;55;0;7551574;162;7550824
11;19;78;20;58;39;15;3.80;2;1;1;57;0;7551915;768;0
11;19;78;20;58;39;42;8.20;1;1;6;53;0;7551942;341;0
11;19;78;20;58;41;4;3.60;4;2;1;61;0;7552104;581;0
11;19;78;20;58;42;67;3.40;4;2;1;59;0;7552267;141;0
11;19;78;20;58;42;85;3.40;1;1;1;50;0;7552285;287;0
11;19;78;20;58;43;31;3.80;2;1;1;62;0;7552331;392;0
11;19;78;20;58;43;55;3.20;3;2;1;57;0;7552355;2253;0
11;19;78;20;58;43;89;3.20;4;2;1;59;0;7552389;101;0
11;19;78;20;58;47;55;3.60;4;2;1;57;0;7552755;346;0
11;19;78;20;58;47;79;3.60;3;2;1;59;0;7552779;403;0
11;19;78;20;58;48;33;3.40;4;2;1;59;0;7552833;55;0
11;19;78;20;58;50;21;3.60;1;1;1;55;0;7553021;711;0
11;19;78;20;58;51;93;3.60;3;2;1;68;0;7553193;392;0
11;19;78;20;58;52;43;3.60;4;2;1;57;0;7553243;389;0
11;19;78;20;58;52;82;4.00;3;2;1;66;0;7553282;69;0
11;19;78;20;58;53;33;3.40;4;2;1;56;0;7553333;67;0
11;19;78;20;58;58;10;3.80;3;2;1;57;0;7553810;506;0
11;19;78;20;58;59;25;3.00;3;2;1;58;0;7553925;91;0
11;19;78;20;58;59;18;3.60;4;2;1;51;0;7553918;563;0
11;19;78;20;59;0;23;3.00;3;2;1;56;0;7554023;79;0
11;19;78;20;59;0;45;3.60;1;1;1;52;0;7554045;1000;0
11;19;78;20;59;0;64;3.20;4;2;1;49;0;7554064;120;0
11;19;78;20;59;1;66;3.60;4;2;1;47;0;7554166;78;0
11;19;78;20;59;3;7;4.60;4;2;1;47;0;7554307;113;0
11;19;78;20;59;3;36;3.80;3;2;1;53;0;7554336;293;0
11;19;78;20;59;4;80;3.60;3;2;1;53;0;7554480;118;0
11;19;78;20;59;4;87;13.60;4;2;4;50;0;7554487;144;7553918
11;19;78;20;59;6;86;3.20;2;1;1;54;0;7554686;2332;0
11;19;78;20;59;7;13;3.40;4;2;1;49;0;7554713;128;7553918
11;19;78;20;59;7;98;3.80;3;2;1;57;0;7554798;293;0
11;19;78;20;59;8;14;3.20;4;2;1;50;0;7554814;76;7553918
11;19;78;20;59;8;86;3.80;3;2;1;55;0;7554886;64;7553918
11;19;78;20;59;10;13;3.00;3;2;1;52;0;7555013;102;7553918
11;19;78;20;59;11;17;4.00;3;2;1;53;0;7555117;83;7553918
11;19;78;20;59;11;2;26.00;4;2;5;56;0;7555102;264;0
11;19;78;20;59;12;61;3.20;3;2;1;51;0;7555261;116;7554798
11;19;78;20;59;13;52;3.20;4;2;1;51;0;7555352;82;7554798
11;19;78;20;59;16;41;3.60;1;1;1;50;0;7555641;1571;0
11;19;78;20;59;16;16;13.00;2;1;7;53;0;7555616;908;0
11;19;78;20;59;26;41;3.80;4;2;1;59;0;7556641;1266;0
11;19;78;20;59;27;41;3.80;3;2;1;63;0;7556741;1457;0
11;19;78;20;59;36;51;3.80;3;2;1;55;0;7557651;888;0
11;19;78;20;59;38;69;3.60;3;2;1;55;0;7557869;193;0
11;19;78;20;59;43;37;3.60;4;2;1;52;0;7558337;1672;0
11;19;78;20;59;59;42;3.60;1;1;1;52;0;7559942;4275;0
11;19;78;20;59;59;21;3.60;4;2;1;60;0;7559921;1559;0
11;19;78;21;0;1;15;3.40;4;2;1;63;0;7560115;172;0
11;19;78;21;0;3;63;3.40;4;2;1;64;0;7560363;228;0
11;19;78;21;0;6;1;3.60;3;2;1;64;0;7560601;2708;0
11;19;78;21;0;7;20;3.80;2;1;1;58;0;7560720;5015;0
11;19;78;21;0;7;47;4.00;1;1;1;55;0;7560747;780;0
11;19;78;21;0;8;11;3.80;4;2;1;59;0;7560811;428;0
11;19;78;21;0;8;36;3.80;2;1;1;59;0;7560836;92;0
11;19;78;21;0;9;39;3.60;3;2;1;57;0;7560939;317;0
11;19;78;21;0;16;6;3.20;4;2;1;51;0;7561606;771;0
11;19;78;21;0;16;32;4.80;3;2;1;51;0;7561632;670;0
11;19;78;21;0;16;46;3.40;1;1;1;53;0;7561646;872;0
11;19;78;21;0;17;65;3.60;4;2;1;50;0;7561765;136;0
11;19;78;21;0;18;53;11.40;3;2;7;51;0;7561853;187;0
11;19;78;21;0;19;17;3.60;4;2;1;50;0;7561917;126;0
11;19;78;21;0;19;59;3.20;1;1;1;49;0;7561959;289;0
11;19;78;21;0;20;10;3.40;4;2;1;51;0;7562010;67;0
11;19;78;21;0;20;95;3.80;3;2;1;52;0;7562095;161;0
11;19;78;21;0;21;60;3.60;4;2;1;52;0;7562160;126;7561606
11;19;78;21;0;22;5;3.60;2;1;1;63;0;7562205;1345;0
11;19;78;21;0;22;67;3.20;3;2;1;52;0;7562267;145;0
11;19;78;21;0;23;23;3.00;4;2;1;52;0;7562323;138;7561606
11;19;78;21;0;24;92;3.20;3;2;1;52;0;7562492;202;0
11;19;78;21;0;24;69;10.80;1;1;7;49;0;7562469;486;0
11;19;78;21;0;27;4;3.20;2;1;1;55;0;7562704;478;0
11;19;78;21;0;27;23;3.60;3;2;1;52;0;7562723;208;0
11;19;78;21;0;27;79;3.60;1;1;1;49;0;7562779;230;0
11;19;78;21;0;28;64;3.80;3;2;1;53;0;7562864;116;0
11;19;78;21;0;29;69;3.80;1;1;1;51;0;7562969;163;0
11;19;78;21;0;30;3;4.20;3;2;1;50;0;7563003;113;0
11;19;78;21;0;31;53;3.60;3;2;1;52;0;7563153;119;0
11;19;78;21;0;32;22;3.60;1;1;1;51;0;7563222;226;0
11;19;78;21;0;33;18;3.40;3;2;1;52;0;7563318;140;7562723
11;19;78;21;0;35;24;3.80;2;1;1;61;0;7563524;799;0
11;19;78;21;0;36;86;3.80;1;1;1;58;0;7563686;438;0
11;19;78;21;0;41;22;3.80;2;1;1;59;0;7564122;575;0
11;19;78;21;0;41;96;3.60;1;1;1;56;0;7564196;486;0
11;19;78;21;0;44;10;4.00;1;1;1;59;0;7564410;190;0
11;19;78;21;0;49;94;3.80;1;1;1;54;0;7564994;559;0
11;19;78;21;0;51;3;3.00;2;1;1;59;0;7565103;957;0
11;19;78;21;0;51;56;3.60;4;2;1;59;0;7565156;2812;0
11;19;78;21;0;54;0;3.60;4;2;1;60;0;7565400;222;0
11;19;78;21;0;56;14;3.60;3;2;1;60;0;7565614;2272;0
11;19;78;21;1;1;98;3.40;4;2;1;56;0;7566198;776;0
11;19;78;21;1;7;29;4.40;4;2;1;62;0;7566729;509;0
11;19;78;21;1;16;98;2.80;1;1;1;54;0;7567698;2678;0
11;19;78;21;1;28;22;3.00;4;2;1;61;0;7568822;2067;0
11;19;78;21;1;38;97;3.80;4;2;1;79;0;7569897;1057;0
11;19;78;21;1;39;42;3.80;3;2;1;62;0;7569942;4306;0
11;19;78;21;1;45;65;3.60;1;1;1;54;0;7570565;2848;0
11;19;78;21;1;47;9;3.20;3;2;1;61;0;7570709;744;0
11;19;78;21;1;53;29;3.80;4;2;1;60;0;7571329;1414;0
11;19;78;21;1;53;42;4.20;1;1;1;52;0;7571342;753;0
11;19;78;21;1;56;37;3.80;2;1;1;61;0;7571637;6515;0
11;19;78;21;2;1;40;3.00;3;2;1;57;0;7572140;1412;0
11;19;78;21;2;1;66;3.20;2;1;1;58;0;7572166;506;0
11;19;78;21;2;2;90;3.80;2;1;1;60;0;7572290;104;0
11;19;78;21;2;3;23;3.60;4;2;1;55;0;7572323;971;0
11;19;78;21;2;4;82;3.60;3;2;1;65;0;7572482;323;0
11;19;78;21;2;4;87;3.40;4;2;1;56;0;7572487;140;0
11;19;78;21;2;5;7;5.40;1;1;1;54;0;7572507;1135;0
11;19;78;21;2;5;59;3.80;2;1;1;53;0;7572559;246;0
11;19;78;21;2;6;24;3.60;4;2;1;55;0;7572624;115;0
11;19;78;21;2;7;17;3.40;1;1;1;52;0;7572717;174;0
11;19;78;21;2;8;10;3.60;2;1;1;55;0;7572810;225;0
11;19;78;21;2;8;67;3.20;1;1;1;52;0;7572867;126;0
11;19;78;21;2;9;4;3.80;2;1;1;53;0;7572904;70;0
11;19;78;21;2;9;29;3.40;3;2;1;64;0;7572929;427;0
11;19;78;21;2;9;50;3.40;4;2;1;58;0;7572950;302;0
11;19;78;21;2;10;17;3.80;3;2;1;60;0;7573017;68;0
11;19;78;21;2;10;67;3.60;1;1;1;57;0;7573067;177;0
11;19;78;21;2;11;79;3.40;1;1;1;57;0;7573179;89;7572507
11;19;78;21;2;12;20;3.60;4;2;1;54;0;7573220;248;0
11;19;78;21;2;12;64;3.00;2;1;1;49;0;7573264;334;0
11;19;78;21;2;13;66;3.40;3;2;1;65;0;7573366;326;0
11;19;78;21;2;13;77;3.40;2;1;1;49;0;7573377;90;0
11;19;78;21;2;13;97;3.80;4;2;1;60;0;7573397;153;0
11;19;78;21;2;14;78;3.60;1;1;1;51;0;7573478;277;0
11;19;78;21;2;15;13;4.00;2;1;1;49;0;7573513;111;0
11;19;78;21;2;16;27;3.60;1;1;1;51;0;7573627;123;0
11;19;78;21;2;16;75;3.80;2;1;1;48;0;7573675;132;0
11;19;78;21;2;17;58;4.20;2;1;1;48;0;7573758;54;7573264
11;19;78;21;2;17;69;3.60;1;1;1;50;0;7573769;116;7573264
11;19;78;21;2;18;67;3.20;1;1;1;50;0;7573867;72;7573264
11;19;78;21;2;18;82;3.40;2;1;1;49;0;7573882;92;7573264
11;19;78;21;2;19;61;3.80;3;2;1;60;0;7573961;576;0
11;19;78;21;2;20;44;3.80;4;2;1;51;0;7574044;624;0
11;19;78;21;2;20;43;4.20;1;1;1;51;0;7574043;152;7573478
11;19;78;21;2;23;20;3.60;2;1;1;53;0;7574320;413;0
11;19;78;21;2;23;30;3.80;4;2;1;55;0;7574330;259;0
11;19;78;21;2;24;33;3.20;1;1;1;51;0;7574433;360;0
11;19;78;21;2;25;74;3.20;4;2;1;54;0;7574574;219;0
11;19;78;21;2;26;60;3.60;1;1;1;50;0;7574660;204;0
11;19;78;21;2;27;59;3.80;2;1;1;57;0;7574759;414;0
11;19;78;21;2;29;58;3.60;2;1;1;53;0;7574958;175;0
11;19;78;21;2;37;56;3.40;4;2;1;52;0;7575756;1160;0
11;19;78;21;2;41;20;3.80;1;1;1;55;0;7576120;1434;0
11;19;78;21;2;46;48;3.60;3;2;1;55;0;7576648;2664;0
11;19;78;21;2;47;49;3.60;4;2;1;61;0;7576749;969;0
11;19;78;21;2;51;15;3.20;1;1;1;58;0;7577115;970;0
11;19;78;21;2;52;62;3.60;1;1;1;60;0;7577262;127;0
11;19;78;21;2;59;52;3.40;4;2;1;66;0;7577952;1181;0
11;19;78;21;3;7;90;3.20;4;2;1;68;0;7578790;819;0
11;19;78;21;3;10;74;3.80;4;2;1;60;0;7579074;267;0
11;19;78;21;3;13;52;3.20;3;2;1;63;0;7579352;2680;0
11;19;78;21;3;13;39;3.80;1;1;1;42;0;7579339;2055;0
11;19;78;21;3;14;31;3.40;3;2;1;64;0;7579431;60;0
11;19;78;21;3;14;72;3.60;4;2;1;61;0;7579472;375;0
11;19;78;21;3;15;81;3.60;4;2;1;60;0;7579581;87;0
11;19;78;21;3;17;19;3.60;3;2;1;58;0;7579719;268;0
11;19;78;21;3;17;36;3.60;2;1;1;56;0;7579736;4753;0
11;19;78;21;3;18;34;3.20;1;1;1;52;0;7579834;462;0
11;19;78;21;3;18;90;3.20;4;2;1;57;0;7579890;287;0
11;19;78;21;3;20;3;3.20;3;2;1;58;0;7580003;261;0
11;19;78;21;3;20;42;3.80;1;1;1;49;0;7580042;185;0
11;19;78;21;3;20;57;3.60;4;2;1;59;0;7580057;146;0
11;19;78;21;3;21;16;3.40;3;2;1;56;0;7580116;93;0
11;19;78;21;3;21;73;3.40;4;2;1;58;0;7580173;94;0
11;19;78;21;3;21;71;4.60;2;1;1;56;0;7580171;411;0
11;19;78;21;3;23;9;5.00;3;2;1;60;0;7580309;171;0
11;19;78;21;3;27;19;3.60;1;1;1;62;0;7580719;649;0
11;19;78;21;3;28;23;3.00;2;1;1;59;0;7580823;622;0
11;19;78;21;3;32;75;3.60;2;1;1;59;0;7581275;433;0
11;19;78;21;3;38;61;3.80;2;1;1;59;0;7581861;564;0
11;19;78;21;3;39;39;4.00;1;1;1;56;0;7581939;1199;0
11;19;78;21;3;40;38;5.00;2;1;1;59;0;7582038;153;0
11;19;78;21;3;41;28;3.80;1;1;1;58;0;7582128;163;0
11;19;78;21;3;43;54;3.40;1;1;1;60;0;7582354;202;0
11;19;78;21;3;48;5;3.60;2;1;1;57;0;7582805;736;0
11;19;78;21;3;51;12;3.60;1;1;1;58;0;7583112;737;0
11;19;78;21;3;53;16;3.80;1;1;1;56;0;7583316;181;0
11;19;78;21;3;56;35;3.60;4;2;1;54;0;7583635;3440;0
11;19;78;21;3;57;51;3.60;1;1;1;50;0;7583751;410;0
11;19;78;21;3;58;45;3.80;1;1;1;52;0;7583845;68;0
11;19;78;21;3;58;28;6.20;4;2;1;59;0;7583828;169;0
11;19;78;21;4;3;6;3.20;1;1;1;57;0;7584306;434;0
11;19;78;21;4;6;95;4.20;1;1;1;56;0;7584695;368;0
11;19;78;21;4;7;68;3.60;2;1;1;62;0;7584768;1940;0
11;19;78;21;4;9;22;3.80;4;2;1;70;0;7584922;1056;0
11;19;78;21;4;13;98;3.80;2;1;1;61;0;7585398;609;0
11;19;78;21;4;17;56;3.60;4;2;1;59;0;7585756;814;0
11;19;78;21;4;19;46;3.80;4;2;1;60;0;7585946;168;0
11;19;78;21;4;20;24;3.40;3;2;1;65;0;7586024;5685;0
11;19;78;21;4;20;41;3.20;1;1;1;53;0;7586041;1319;0
11;19;78;21;4;22;58;3.20;3;2;1;64;0;7586258;215;0
11;19;78;21;4;24;61;3.40;3;2;1;62;0;7586461;185;0
11;19;78;21;4;26;23;3.20;4;2;1;57;0;7586623;654;0
11;19;78;21;4;28;43;3.80;3;2;1;59;0;7586843;362;0
11;19;78;21;4;32;93;3.80;1;1;1;53;0;7587293;1230;0
11;19;78;21;4;45;25;4.40;4;2;1;61;0;7588525;1881;0
11;19;78;21;4;47;24;3.60;1;1;1;63;0;7588724;1405;0
11;19;78;21;4;47;99;5.20;2;1;1;59;0;7588799;3378;0
11;19;78;21;4;49;92;3.80;2;1;1;58;0;7588992;161;0
11;19;78;21;4;51;43;3.80;2;1;1;53;0;7589143;127;0
11;19;78;21;4;51;96;3.40;1;1;1;57;0;7589196;451;0
11;19;78;21;4;52;93;3.40;1;1;1;56;0;7589293;75;0
11;19;78;21;4;52;99;3.60;2;1;1;54;0;7589299;130;0
11;19;78;21;4;58;8;3.20;1;1;1;62;0;7589808;493;0
11;19;78;21;5;3;68;3.80;1;1;1;49;0;7590368;541;0
11;19;78;21;5;3;85;3.80;3;2;1;77;0;7590385;3518;0
11;19;78;21;5;4;75;3.40;4;2;1;58;0;7590475;1924;0
11;19;78;21;5;4;97;3.80;2;1;1;60;0;7590497;1174;0
11;19;78;21;5;5;71;3.20;1;1;1;52;0;7590571;175;0
11;19;78;21;5;6;41;3.40;2;1;1;56;0;7590641;121;0
11;19;78;21;5;6;64;4.00;4;2;1;59;0;7590664;167;0
11;19;78;21;5;10;59;3.40;2;1;1;62;0;7591059;396;0
11;19;78;21;5;15;9;3.80;1;1;1;56;0;7591509;915;0
11;19;78;21;5;16;64;3.80;1;1;1;61;0;7591664;130;0
11;19;78;21;5;16;77;3.00;3;2;1;53;0;7591677;1274;0
11;19;78;21;5;18;84;14.20;4;2;4;53;0;7591884;1195;0
11;19;78;21;5;26;86;3.80;1;1;1;60;0;7592686;999;0
11;19;78;21;5;31;43;4.60;4;2;1;56;0;7593143;1162;0
11;19;78;21;5;36;26;3.80;3;2;1;64;0;7593626;1928;0
11;19;78;21;5;37;50;3.40;4;2;1;54;0;7593750;577;0
11;19;78;21;5;38;3;4.00;3;2;1;78;0;7593803;155;0
11;19;78;21;5;38;70;3.80;4;2;1;55;0;7593870;97;0
11;19;78;21;5;40;21;3.40;4;2;1;54;0;7594021;126;0
11;19;78;21;5;40;35;3.60;3;2;1;58;0;7594035;213;0
11;19;78;21;5;42;89;6.60;4;2;1;57;0;7594289;245;0
11;19;78;21;5;44;70;4.20;4;2;1;55;0;7594470;139;0
11;19;78;21;5;46;3;3.60;4;2;1;55;0;7594603;105;0
11;19;78;21;5;58;99;3.60;1;1;1;55;0;7595899;3190;0
11;19;78;21;5;59;70;3.60;2;1;1;56;0;7595970;4891;0
11;19;78;21;6;0;25;3.20;1;1;1;56;0;7596025;102;0
11;19;78;21;6;2;92;3.00;4;2;1;70;0;7596292;1665;0
11;19;78;21;6;3;4;3.20;1;1;1;55;0;7596304;258;0
11;19;78;21;6;4;2;3.60;1;1;1;53;0;7596402;77;0
11;19;78;21;6;4;52;3.60;4;2;1;61;0;7596452;144;0
11;19;78;21;6;8;90;3.20;3;2;1;56;0;7596890;2832;0
11;19;78;21;6;14;84;4.00;2;1;1;57;0;7597484;1490;0
11;19;78;21;6;15;96;3.40;3;2;1;55;0;7597596;685;0
11;19;78;21;6;18;38;3.80;1;1;1;57;0;7597838;1411;0
11;19;78;21;6;19;26;3.80;3;2;1;60;0;7597926;307;0
11;19;78;21;6;21;6;3.40;4;2;1;57;0;7598106;1632;0
11;19;78;21;6;23;17;3.60;4;2;1;59;0;7598317;189;0
11;19;78;21;6;25;28;3.80;2;1;1;58;0;7598528;1018;0
11;19;78;21;6;25;85;3.60;4;2;1;56;0;7598585;246;0
11;19;78;21;6;25;87;3.60;1;1;1;53;0;7598587;725;0
11;19;78;21;6;27;91;3.20;4;2;1;53;0;7598791;182;0
11;19;78;21;6;31;82;3.20;2;1;1;55;0;7599182;630;0
11;19;78;21;6;45;35;3.60;4;2;1;57;0;7600535;1722;0
11;19;78;21;6;46;58;4.40;3;2;1;62;0;7600658;2709;0
11;19;78;21;6;48;1;3.80;2;1;1;59;0;7600801;1598;0
11;19;78;21;6;49;28;3.40;3;2;1;58;0;7600928;244;0
11;19;78;21;6;50;84;3.20;3;2;1;58;0;7601084;134;0
11;19;78;21;6;51;56;4.00;4;2;1;61;0;7601156;598;0
11;19;78;21;6;52;37;4.00;3;2;1;65;0;7601237;133;0
11;19;78;21;6;53;32;4.40;3;2;1;64;0;7601332;72;0
11;19;78;21;6;54;22;3.20;4;2;1;57;0;7601422;242;0
11;19;78;21;6;56;74;3.40;4;2;1;53;0;7601674;231;0
11;19;78;21;6;58;5;4.00;4;2;1;53;0;7601805;107;0
11;19;78;21;6;58;31;3.40;3;2;1;59;0;7601831;474;0
11;19;78;21;6;59;27;3.80;3;2;1;61;0;7601927;75;0
11;19;78;21;7;0;59;3.60;4;2;1;54;0;7602059;226;0
11;19;78;21;7;0;67;3.60;3;2;1;59;0;7602067;117;0
11;19;78;21;7;1;85;4.40;4;2;1;54;0;7602185;102;0
11;19;78;21;7;3;2;3.60;3;2;1;57;0;7602302;213;0
11;19;78;21;7;3;53;4.60;2;1;1;59;0;7602353;1528;0
11;19;78;21;7;3;54;3.80;4;2;1;56;0;7602354;139;0
11;19;78;21;7;4;45;3.80;3;2;1;59;0;7602445;120;0
11;19;78;21;7;4;82;3.40;4;2;1;56;0;7602482;103;0
11;19;78;21;7;6;69;3.40;3;2;1;59;0;7602669;200;0
11;19;78;21;7;9;81;4.00;4;2;1;53;0;7602981;477;0
11;19;78;21;7;12;62;3.80;4;2;1;45;0;7603262;253;0
11;19;78;21;7;15;63;12.60;4;2;3;41;0;7603563;270;0
11;19;78;21;7;16;59;3.60;3;2;1;54;0;7603659;969;0
11;19;78;21;7;20;43;3.40;4;2;1;46;0;7604043;369;0
11;19;78;21;7;23;56;3.40;3;2;1;65;0;7604356;673;0
11;19;78;21;7;26;63;3.40;4;2;1;57;0;7604663;593;0
11;19;78;21;7;34;36;3.80;1;1;1;61;0;7605436;6824;0
11;19;78;21;7;34;37;3.00;4;2;1;52;0;7605437;752;0
11;19;78;21;7;36;44;3.80;1;1;1;56;0;7605644;185;0
11;19;78;21;7;38;14;3.80;2;1;1;53;0;7605814;3432;0
11;19;78;21;7;39;13;4.00;4;2;1;53;0;7605913;455;0
11;19;78;21;7;39;29;4.60;2;1;1;59;0;7605929;89;0
11;19;78;21;7;39;63;3.60;3;2;1;59;0;7605963;1588;0
11;19;78;21;7;40;7;3.40;1;1;1;54;0;7606007;338;0
11;19;78;21;7;41;45;3.80;2;1;1;58;0;7606145;187;0
11;19;78;21;7;41;45;3.60;1;1;1;53;0;7606145;115;0
11;19;78;21;7;42;29;3.60;2;1;1;57;0;7606229;60;0
11;19;78;21;7;43;40;3.80;4;2;1;52;0;7606340;399;0
11;19;78;21;7;44;63;11.80;1;1;3;54;0;7606463;293;0
11;19;78;21;7;45;47;3.60;2;1;1;60;0;7606547;295;0
11;19;78;21;7;45;58;3.00;4;2;1;53;0;7606558;191;0
11;19;78;21;7;47;37;3.40;1;1;1;51;0;7606737;195;0
11;19;78;21;7;47;90;3.80;4;2;1;57;0;7606790;211;0
11;19;78;21;7;48;83;3.80;3;2;1;71;0;7606883;898;0
11;19;78;21;7;50;23;4.20;1;1;1;52;0;7607023;262;0
11;19;78;21;7;53;81;3.80;4;2;1;62;0;7607381;567;0
11;19;78;21;7;59;30;3.60;3;2;1;56;0;7607930;1027;0
11;19;78;21;8;1;68;3.40;4;2;1;52;0;7608168;764;0
11;19;78;21;8;3;42;4.00;1;1;1;58;0;7608342;1289;0
11;19;78;21;8;3;75;3.60;4;2;1;51;0;7608375;183;0
11;19;78;21;8;4;85;3.80;2;1;1;60;0;7608485;1916;0
11;19;78;21;8;5;10;3.60;4;2;1;51;0;7608510;109;0
11;19;78;21;8;5;89;3.80;2;1;1;60;0;7608589;81;0
11;19;78;21;8;6;24;3.00;4;2;1;53;0;7608624;88;0
11;19;78;21;8;6;25;3.40;3;2;1;59;0;7608625;671;0
11;19;78;21;8;7;86;3.60;3;2;1;60;0;7608786;140;0
11;19;78;21;8;8;98;3.60;4;2;1;57;0;7608898;253;0
11;19;78;21;8;11;46;3.80;3;2;1;60;0;7609146;338;0
11;19;78;21;8;11;46;3.80;4;2;1;55;0;7609146;225;0
11;19;78;21;8;18;59;3.00;1;1;1;53;0;7609859;1492;0
11;19;78;21;8;23;29;3.20;4;2;1;56;0;7610329;1158;0
11;19;78;21;8;27;23;3.40;2;1;1;57;0;7610723;2111;0
11;19;78;21;8;36;79;3.40;4;2;1;62;0;7611679;1329;0
11;19;78;21;8;37;63;3.60;3;2;1;60;0;7611763;2594;0
11;19;78;21;8;39;46;3.60;4;2;1;56;0;7611946;247;0
11;19;78;21;8;40;33;3.80;2;1;1;59;0;7612033;1288;0
11;19;78;21;8;42;12;3.60;4;2;1;57;0;7612212;242;0
11;19;78;21;8;46;84;3.60;4;2;1;52;0;7612684;449;0
11;19;78;21;8;48;25;3.40;4;2;1;53;0;7612825;116;0
11;19;78;21;8;53;52;5.00;2;1;1;58;0;7613352;1295;0
11;19;78;21;8;53;80;11.20;4;2;2;50;0;7613380;531;0
11;19;78;21;8;55;78;4.20;3;2;1;62;0;7613578;1793;0
11;19;78;21;9;3;52;3.60;3;2;1;65;0;7614352;749;0
11;19;78;21;9;3;92;3.40;4;2;1;67;0;7614392;931;0
11;19;78;21;9;6;4;3.40;4;2;1;60;0;7614604;193;0
11;19;78;21;9;6;73;3.20;3;2;1;61;0;7614673;301;0
11;19;78;21;9;7;71;3.40;4;2;1;55;0;7614771;146;0
11;19;78;21;9;8;24;3.80;3;2;1;63;0;7614824;132;0
11;19;78;21;9;9;22;3.80;1;1;1;62;0;7614922;5042;0
11;19;78;21;9;9;84;3.60;2;1;1;57;0;7614984;1600;0
11;19;78;21;9;9;81;5.20;3;2;1;57;0;7614981;135;0
11;19;78;21;9;10;26;4.20;1;1;1;57;0;7615026;81;0
11;19;78;21;9;10;83;3.60;3;2;1;57;0;7615083;69;0
11;19;78;21;9;10;90;3.00;2;1;1;57;0;7615090;83;0
11;19;78;21;9;11;29;3.40;4;2;1;54;0;7615129;335;0
11;19;78;21;9;19;71;3.60;1;1;1;60;0;7615971;918;0
11;19;78;21;9;27;29;3.80;4;2;1;64;0;7616729;1577;0
11;19;78;21;9;27;87;3.80;1;1;1;52;0;7616787;794;0
11;19;78;21;9;29;68;3.40;2;1;1;61;0;7616968;1859;0
11;19;78;21;9;34;8;3.40;2;1;1;53;0;7617408;419;0
11;19;78;21;9;36;49;3.80;4;2;1;61;0;7617649;898;0
11;19;78;21;9;39;29;3.80;1;1;1;59;0;7617929;1115;0
11;19;78;21;9;45;68;4.00;4;2;1;61;0;7618568;896;0
11;19;78;21;9;48;72;4.00;1;1;1;57;0;7618872;919;0
11;19;78;21;9;59;23;4.00;1;1;1;59;0;7619923;1025;0
11;19;78;21;10;6;28;3.80;1;1;1;61;0;7620628;680;0
11;19;78;21;10;9;54;3.80;4;2;1;64;0;7620954;2362;0
11;19;78;21;10;10;26;3.40;3;2;1;73;0;7621026;5920;0
11;19;78;21;10;10;62;3.40;1;1;1;59;0;7621062;411;0
11;19;78;21;10;11;88;3.80;4;2;1;60;0;7621188;212;0
11;19;78;21;10;12;29;3.40;3;2;1;63;0;7621229;186;0
11;19;78;21;10;13;1;3.60;1;1;1;59;0;7621301;218;0
11;19;78;21;10;14;3;3.20;3;2;1;59;0;7621403;154;0
11;19;78;21;10;16;27;3.20;4;2;1;58;0;7621627;416;0
11;19;78;21;10;19;48;3.20;2;1;1;55;0;7621948;4516;0
11;19;78;21;10;20;81;3.20;4;2;1;57;0;7622081;434;0
11;19;78;21;10;23;51;3.60;4;2;1;59;0;7622351;249;0
11;19;78;21;10;23;71;5.80;2;1;1;64;0;7622371;402;0
11;19;78;21;10;25;37;3.60;4;2;1;56;0;7622537;164;0
11;19;78;21;10;27;37;3.40;4;2;1;54;0;7622737;176;0
11;19;78;21;10;28;77;3.80;4;2;1;54;0;7622877;117;0
11;19;78;21;10;32;57;3.00;2;1;1;50;0;7623257;853;0
11;19;78;21;10;37;25;3.60;4;2;1;59;0;7623725;822;0
11;19;78;21;10;40;82;3.80;1;1;1;56;0;7624082;2759;0
11;19;78;21;10;48;11;3.60;2;1;1;56;0;7624811;1532;0
11;19;78;21;10;55;35;3.40;4;2;1;60;0;7625535;1788;0
11;19;78;21;10;57;90;4.20;2;1;1;62;0;7625790;955;0
11;19;78;21;11;1;46;3.40;1;1;1;56;0;7626146;2039;0
11;19;78;21;11;2;75;4.00;2;1;1;60;0;7626275;460;0
11;19;78;21;11;3;46;3.60;4;2;1;53;0;7626346;790;0
11;19;78;21;11;4;7;3.60;1;1;1;53;0;7626407;239;0
11;19;78;21;11;5;51;3.60;4;2;1;55;0;7626551;180;0
11;19;78;21;11;7;2;3.60;4;2;1;56;0;7626702;127;0
11;19;78;21;11;9;19;3.40;4;2;1;55;0;7626919;193;0
11;19;78;21;11;9;77;5.60;1;1;1;52;0;7626977;545;0
11;19;78;21;11;11;95;3.20;4;2;1;58;0;7627195;253;0
11;19;78;21;11;16;79;3.60;2;1;1;56;0;7627679;1380;0
11;19;78;21;11;16;98;3.80;3;2;1;68;0;7627698;6275;0
11;19;78;21;11;20;51;3.20;4;2;1;64;0;7628051;836;0
11;19;78;21;11;23;81;3.20;3;2;1;71;0;7628381;662;0
11;19;78;21;11;26;10;3.40;1;1;1;60;0;7628610;1594;0
11;19;78;21;11;26;5;3.00;4;2;1;51;0;7628605;536;0
11;19;78;21;11;27;24;4.00;4;2;1;49;0;7628724;97;0
11;19;78;21;11;27;76;3.60;3;2;1;54;0;7628776;378;0
11;19;78;21;11;28;26;5.20;4;2;1;47;0;7628826;72;0
11;19;78;21;11;30;83;3.60;3;2;1;50;0;7629083;283;0
11;19;78;21;11;31;86;3.40;4;2;1;54;0;7629186;320;0
11;19;78;21;11;31;91;3.20;3;2;1;48;0;7629191;82;0
11;19;78;21;11;33;53;3.80;4;2;1;53;0;7629353;144;0
11;19;78;21;11;33;98;4.00;3;2;1;59;0;7629398;183;0
11;19;78;21;11;35;37;3.60;4;2;1;56;0;7629537;158;0
11;19;78;21;11;35;53;3.80;3;2;1;61;0;7629553;130;0
11;19;78;21;11;36;54;3.60;3;2;1;59;0;7629654;78;7629083
11;19;78;21;11;36;76;3.60;4;2;1;54;0;7629676;115;7629083
11;19;78;21;11;38;7;3.40;4;2;1;53;0;7629807;107;7629186
11;19;78;21;11;38;78;4.00;3;2;1;68;0;7629878;202;0
11;19;78;21;11;42;83;11.60;4;2;2;52;0;7630283;452;0
11;19;78;21;11;45;95;3.60;1;1;1;62;0;7630595;1964;0
11;19;78;21;11;46;96;3.40;2;1;1;66;0;7630696;2993;0
11;19;78;21;11;49;47;3.60;2;1;1;62;0;7630947;232;0
11;19;78;21;11;50;35;3.00;4;2;1;58;0;7631035;671;0
11;19;78;21;11;51;80;3.80;4;2;1;58;0;7631180;126;0
11;19;78;21;11;55;8;3.40;1;1;1;55;0;7631508;892;0
11;19;78;21;12;3;25;3.60;1;1;1;57;0;7632325;794;0
11;19;78;21;12;8;0;3.60;4;2;1;64;0;7632800;1596;0
11;19;78;21;12;9;37;3.40;3;2;1;58;0;7632937;3037;0
11;19;78;21;12;12;60;3.40;4;2;1;58;0;7633260;439;0
11;19;78;21;12;17;44;3.40;3;2;1;59;0;7633744;785;0
11;19;78;21;12;17;52;3.40;4;2;1;55;0;7633752;470;0
11;19;78;21;12;19;74;3.00;4;2;1;56;0;7633974;199;0
11;19;78;21;12;20;75;6.00;2;1;1;58;0;7634075;3107;0
11;19;78;21;12;23;5;3.80;4;2;1;52;0;7634305;311;0
11;19;78;21;12;23;67;4.20;2;1;1;60;0;7634367;254;0
11;19;78;21;12;24;37;3.80;1;1;1;61;0;7634437;2089;0
11;19;78;21;12;25;29;4.20;2;1;1;59;0;7634529;136;0
11;19;78;21;12;26;55;3.20;4;2;1;54;0;7634655;323;0
11;19;78;21;12;26;60;3.40;1;1;1;57;0;7634660;200;0
11;19;78;21;12;28;83;3.60;1;1;1;55;0;7634883;201;0
11;19;78;21;12;31;51;4.00;4;2;1;63;0;7635151;474;0
11;19;78;21;12;33;51;4.20;1;1;1;54;0;7635351;444;0
11;19;78;21;12;35;60;3.80;3;2;1;55;0;7635560;1795;0
11;19;78;21;12;35;64;4.00;1;1;1;57;0;7635564;185;0
11;19;78;21;12;38;24;3.20;3;2;1;58;0;7635824;239;0
11;19;78;21;12;39;31;3.40;3;2;1;59;0;7635931;87;0
11;19;78;21;12;40;29;3.20;4;2;1;62;0;7636029;855;0
11;19;78;21;12;41;17;3.60;3;2;1;59;0;7636117;165;0
11;19;78;21;12;44;57;3.60;3;2;1;60;0;7636457;318;0
11;19;78;21;12;47;70;3.40;3;2;1;60;0;7636770;291;0
11;19;78;21;12;48;49;3.40;4;2;1;46;0;7636849;801;0
11;19;78;21;12;49;42;4.00;1;1;1;65;0;7636942;1352;0
11;19;78;21;12;49;64;3.00;4;2;1;45;0;7636964;88;0
11;19;78;21;12;50;3;3.80;3;2;1;59;0;7637003;212;0
11;19;78;21;12;51;25;4.20;4;2;1;46;0;7637125;137;0
11;19;78;21;12;52;39;3.60;2;1;1;66;0;7637239;2684;0
11;19;78;21;12;54;44;3.20;4;2;1;50;0;7637444;286;0
11;19;78;21;12;54;68;3.80;3;2;1;63;0;7637468;441;0
11;19;78;21;13;6;71;3.80;1;1;1;61;0;7638671;1706;0
11;19;78;21;13;16;2;3.20;1;1;1;53;0;7639602;908;0
11;19;78;21;13;16;3;3.60;4;2;1;57;0;7639603;2135;0
11;19;78;21;13;16;94;4.20;2;1;1;54;0;7639694;2435;0
11;19;78;21;13;17;97;4.00;4;2;1;57;0;7639797;171;0
11;19;78;21;13;18;84;3.40;2;1;1;61;0;7639884;162;0
11;19;78;21;13;19;73;3.60;3;2;1;58;0;7639973;2483;0
11;19;78;21;13;19;70;3.80;1;1;1;54;0;7639970;346;0
11;19;78;21;13;22;29;3.00;1;1;1;55;0;7640229;233;0
11;19;78;21;13;22;68;3.80;3;2;1;55;0;7640268;272;0
11;19;78;21;13;37;61;3.00;3;2;1;70;0;7641761;1468;0
11;19;78;21;13;40;42;4.40;4;2;1;59;0;7642042;2219;0
11;19;78;21;13;41;95;3.60;3;2;1;64;0;7642195;418;0
11;19;78;21;13;42;55;3.80;4;2;1;56;0;7642255;186;0
11;19;78;21;13;43;92;3.60;3;2;1;60;0;7642392;176;0
11;19;78;21;13;46;96;3.20;3;2;1;60;0;7642696;282;0
11;19;78;21;13;47;77;3.80;4;2;1;63;0;7642777;497;0
11;19;78;21;13;49;3;3.60;3;2;1;64;0;7642903;187;0
11;19;78;21;13;50;9;3.40;3;2;1;61;0;7643009;85;0
11;19;78;21;13;51;40;2.80;4;2;1;53;0;7643140;341;0
11;19;78;21;13;53;56;3.20;3;2;1;57;0;7643356;326;0
11;19;78;21;13;54;77;3.60;1;1;1;52;0;7643477;3228;0
11;19;78;21;13;54;94;4.00;2;1;1;60;0;7643494;3589;0
11;19;78;21;13;56;0;4.20;1;1;1;51;0;7643600;98;0
11;19;78;21;13;56;31;3.60;2;1;1;58;0;7643631;113;0
11;19;78;21;13;58;40;4.00;1;1;1;56;0;7643840;210;0
11;19;78;21;14;0;99;3.60;4;2;1;51;0;7644099;939;0
11;19;78;21;14;2;27;5.00;4;2;1;51;0;7644227;102;0
11;19;78;21;14;4;79;3.40;4;2;1;48;0;7644479;216;0
11;19;78;21;14;12;10;3.60;2;1;1;54;0;7645210;1556;0
11;19;78;21;14;20;28;3.20;1;1;1;55;0;7646028;2162;0
11;19;78;21;14;21;62;3.40;2;1;1;59;0;7646162;928;0
11;19;78;21;14;24;13;3.20;4;2;1;66;0;7646413;1908;0
11;19;78;21;14;24;70;3.80;1;1;1;52;0;7646470;421;0
11;19;78;21;14;25;74;3.20;3;2;1;62;0;7646574;3197;0
11;19;78;21;14;26;20;3.40;1;1;1;52;0;7646620;123;0
11;19;78;21;14;28;18;3.60;1;1;1;50;0;7646818;174;0
11;19;78;21;14;28;44;3.60;4;2;1;60;0;7646844;413;0
11;19;78;21;14;28;52;4.00;2;1;1;52;0;7646852;669;0
11;19;78;21;14;30;81;4.40;2;1;1;53;0;7647081;201;0
11;19;78;21;14;30;88;3.60;4;2;1;59;0;7647088;222;0
11;19;78;21;14;36;81;3.40;2;1;1;58;0;7647681;570;0
11;19;78;21;14;37;39;3.60;4;2;1;53;0;7647739;629;0
11;19;78;21;14;37;43;3.80;1;1;1;56;0;7647743;899;0
11;19;78;21;14;42;66;3.80;4;2;1;59;0;7648266;502;0
11;19;78;21;14;45;12;3.80;2;1;1;60;0;7648512;809;0
11;19;78;21;14;47;18;3.40;1;1;1;58;0;7648718;950;0
11;19;78;21;14;54;71;3.20;4;2;1;61;0;7649471;1181;0
11;19;78;21;14;56;65;3.60;4;2;1;63;0;7649665;175;0
11;19;78;21;14;58;45;3.60;4;2;1;58;0;7649845;159;0
11;19;78;21;14;59;21;3.60;2;1;1;58;0;7649921;1386;0
11;19;78;21;15;2;67;3.80;3;2;1;58;0;7650267;3674;0
11;19;78;21;15;3;54;3.20;3;2;1;57;0;7650354;63;0
11;19;78;21;15;3;85;3.40;4;2;1;57;0;7650385;517;0
11;19;78;21;15;4;54;3.00;3;2;1;56;0;7650454;79;0
11;19;78;21;15;5;36;3.60;4;2;1;54;0;7650536;129;0
11;19;78;21;15;5;65;3.40;3;2;1;56;0;7650565;91;0
11;19;78;21;15;6;98;3.60;3;2;1;57;0;7650698;111;7650267
11;19;78;21;15;8;11;3.80;3;2;1;62;0;7650811;90;7650267
11;19;78;21;15;9;78;3.40;3;2;1;60;0;7650978;144;7650267
11;19;78;21;15;11;91;3.60;3;2;1;59;0;7651191;192;7650267
11;19;78;21;15;11;98;3.60;4;2;1;50;0;7651198;638;0
11;19;78;21;15;14;63;3.00;4;2;1;52;0;7651463;239;0
11;19;78;21;15;16;34;3.60;1;1;1;52;0;7651634;2894;0
11;19;78;21;15;16;43;3.40;4;2;1;52;0;7651643;159;0
11;19;78;21;15;17;90;3.40;3;2;1;57;0;7651790;577;0
11;19;78;21;15;17;94;3.60;4;2;1;54;0;7651794;127;0
11;19;78;21;15;19;72;3.20;3;2;1;55;0;7651972;160;0
11;19;78;21;15;19;79;3.80;4;2;1;54;0;7651979;161;0
11;19;78;21;15;27;27;3.40;1;1;1;62;0;7652727;1068;0
11;19;78;21;15;37;11;3.60;4;2;1;67;0;7653711;1706;0
11;19;78;21;15;38;68;4.40;4;2;1;65;0;7653868;137;0
11;19;78;21;15;40;80;4.00;4;2;1;64;0;7654080;187;0
11;19;78;21;15;44;72;3.40;3;2;1;54;0;7654472;2479;0
11;19;78;21;15;44;70;5.40;2;1;1;59;0;7654470;4526;0
11;19;78;21;15;44;94;4.00;1;1;1;62;0;7654494;1747;0
11;19;78;21;15;46;60;3.80;3;2;1;57;0;7654660;165;0
11;19;78;21;15;47;18;3.40;4;2;1;57;0;7654718;615;0
11;19;78;21;15;47;19;3.40;1;1;1;57;0;7654719;201;0
11;19;78;21;15;48;24;3.00;3;2;1;56;0;7654824;140;0
11;19;78;21;15;49;44;4.00;2;1;1;57;0;7654944;441;0
11;19;78;21;15;49;64;3.60;1;1;1;57;0;7654964;223;0
11;19;78;21;15;50;44;3.40;2;1;1;55;0;7655044;74;0
11;19;78;21;15;51;0;4.00;1;1;1;55;0;7655100;113;0
11;19;78;21;15;51;70;3.60;2;1;1;53;0;7655170;103;0
11;19;78;21;15;52;32;3.40;1;1;1;52;0;7655232;105;0
11;19;78;21;15;53;3;3.60;4;2;1;55;0;7655303;563;0
11;19;78;21;15;53;26;3.80;2;1;1;52;0;7655326;131;0
11;19;78;21;15;53;79;3.40;1;1;1;52;0;7655379;123;0
11;19;78;21;15;55;84;3.80;4;2;1;60;0;7655584;257;0
11;19;78;21;15;56;27;3.60;1;1;1;50;0;7655627;224;0
11;19;78;21;15;58;78;3.60;1;1;1;51;0;7655878;225;0
11;19;78;21;16;0;60;3.20;1;1;1;54;0;7656060;156;0
11;19;78;21;16;2;38;3.40;3;2;1;64;0;7656238;1394;0
11;19;78;21;16;2;95;3.80;4;2;1;59;0;7656295;688;0
11;19;78;21;16;3;52;3.80;3;2;1;60;0;7656352;94;0
11;19;78;21;16;4;25;3.40;1;1;1;54;0;7656425;343;0
11;19;78;21;16;5;87;3.80;4;2;1;57;0;7656587;268;0
11;19;78;21;16;6;39;3.60;2;1;1;58;0;7656639;1286;0
11;19;78;21;16;8;86;3.80;4;2;1;56;0;7656886;275;0
11;19;78;21;16;10;2;3.60;4;2;1;55;0;7657002;91;0
11;19;78;21;16;10;81;3.40;3;2;1;57;0;7657081;706;0
11;19;78;21;16;11;6;3.40;4;2;1;61;0;7657106;80;0
11;19;78;21;16;11;87;3.80;3;2;1;55;0;7657187;84;0
11;19;78;21;16;13;12;3.80;3;2;1;54;0;7657312;100;0
11;19;78;21;16;14;9;3.80;1;1;1;57;0;7657409;961;0
11;19;78;21;16;14;32;3.60;4;2;1;57;0;7657432;305;0
11;19;78;21;16;15;99;3.20;1;1;1;57;0;7657599;166;0
11;19;78;21;16;21;18;3.40;4;2;1;53;0;7658118;663;0
11;19;78;21;16;22;50;4.20;3;2;1;59;0;7658250;912;0
11;19;78;21;16;35;98;3.40;4;2;1;58;0;7659598;1456;0
11;19;78;21;16;44;41;3.20;3;2;1;60;0;7660441;2165;0
11;19;78;21;16;45;64;3.80;4;2;1;61;0;7660564;944;0
11;19;78;21;16;49;89;3.40;4;2;1;51;0;7660989;402;0
11;19;78;21;16;50;12;3.40;3;2;1;55;0;7661012;551;0
11;19;78;21;16;51;11;3.00;3;2;1;57;0;7661111;76;0
11;19;78;21;16;54;67;3.80;3;2;1;62;0;7661467;337;0
11;19;78;21;16;55;7;3.80;4;2;1;56;0;7661507;494;0
11;19;78;21;16;55;98;3.60;3;2;1;58;0;7661598;108;0
11;19;78;21;17;2;75;3.20;3;2;1;53;0;7662275;654;0
11;19;78;21;17;7;1;3.20;4;2;1;56;0;7662701;1169;0
11;19;78;21;17;7;81;3.80;3;2;1;58;0;7662781;484;0
11;19;78;21;17;9;24;3.20;3;2;1;63;0;7662924;119;0
11;19;78;21;17;11;66;3.80;4;2;1;64;0;7663166;444;0
11;19;78;21;17;14;87;3.80;4;2;1;60;0;7663487;299;0
11;19;78;21;17;14;69;11.20;1;1;3;43;0;7663469;5849;0
11;19;78;21;17;18;46;3.00;4;2;1;59;0;7663846;336;0
11;19;78;21;17;18;92;3.40;3;2;1;67;0;7663892;949;0
11;19;78;21;17;19;56;5.20;2;1;1;57;0;7663956;7294;0
11;19;78;21;17;20;41;3.00;4;2;1;55;0;7664041;176;0
11;19;78;21;17;21;16;3.60;3;2;1;66;0;7664116;205;0
11;19;78;21;17;21;19;4.00;1;1;1;53;0;7664119;556;0
11;19;78;21;17;22;29;3.60;1;1;1;51;0;7664229;82;0
11;19;78;21;17;22;37;3.80;4;2;1;56;0;7664237;176;0
11;19;78;21;17;23;64;3.40;4;2;1;54;0;7664364;102;0
11;19;78;21;17;23;63;3.80;2;1;1;55;0;7664363;374;0
11;19;78;21;17;24;77;3.40;2;1;1;53;0;7664477;89;0
11;19;78;21;17;24;66;6.00;1;1;1;52;0;7664466;211;0
11;19;78;21;17;25;43;3.20;4;2;1;57;0;7664543;156;7663846
11;19;78;21;17;26;25;3.20;2;1;1;51;0;7664625;124;7663846
11;19;78;21;17;26;86;3.40;3;2;1;56;0;7664686;550;0
11;19;78;21;17;27;17;3.60;4;2;1;55;0;7664717;153;7663846
11;19;78;21;17;27;77;3.20;2;1;1;50;0;7664777;129;7663846
11;19;78;21;17;28;3;3.80;3;2;1;56;0;7664803;95;7663846
11;19;78;21;17;28;13;3.80;1;1;1;48;0;7664813;305;0
11;19;78;21;17;28;19;3.80;4;2;1;55;0;7664819;78;7663846
11;19;78;21;17;29;45;4.00;2;1;1;49;0;7664945;144;7664363
11;19;78;21;17;29;85;3.00;4;2;1;57;0;7664985;141;7663846
11;19;78;21;17;30;1;3.80;1;1;1;46;0;7665001;159;7663846
11;19;78;21;17;30;48;3.60;2;1;1;49;0;7665048;73;7664363
11;19;78;21;17;31;33;3.20;1;1;1;47;0;7665133;102;7664363
11;19;78;21;17;31;59;3.80;2;1;1;49;0;7665159;84;7664363
11;19;78;21;17;32;41;3.80;4;2;1;54;0;7665241;237;0
11;19;78;21;17;33;10;3.80;1;1;1;48;0;7665310;152;0
11;19;78;21;17;35;18;3.40;1;1;1;48;0;7665518;179;7664813
11;19;78;21;17;42;27;3.40;1;1;1;60;0;7666227;683;0
11;19;78;21;17;47;27;3.20;1;1;1;61;0;7666727;479;0
11;19;78;21;17;48;35;3.40;1;1;1;58;0;7666835;89;0
11;19;78;21;17;51;0;3.40;1;1;1;54;0;7667100;243;0
11;19;78;21;17;52;31;2.80;2;1;1;54;0;7667231;2044;0
11;19;78;21;18;1;8;4.00;1;1;1;60;0;7668108;985;0
11;19;78;21;18;1;90;3.40;4;2;1;55;0;7668190;2923;0
11;19;78;21;18;3;70;3.60;4;2;1;56;0;7668370;157;0
11;19;78;21;18;4;30;3.60;3;2;1;61;0;7668430;3602;0
11;19;78;21;18;5;0;3.80;1;1;1;58;0;7668500;368;0
11;19;78;21;18;6;45;3.40;4;2;1;57;0;7668645;251;0
11;19;78;21;18;12;6;3.40;2;1;1;56;0;7669206;1956;0
11;19;78;21;18;15;59;3.80;1;1;1;50;0;7669559;1035;0
11;19;78;21;18;15;91;3.60;4;2;1;53;0;7669591;924;0
11;19;78;21;18;21;4;3.80;2;1;1;57;0;7670104;876;0
11;19;78;21;18;21;63;3.80;4;2;1;60;0;7670163;547;0
11;19;78;21;18;21;77;14.60;1;1;4;49;0;7670177;590;0
11;19;78;21;18;24;22;3.60;4;2;1;61;0;7670422;236;0
11;19;78;21;18;25;46;3.20;3;2;1;59;0;7670546;2094;0
11;19;78;21;18;27;63;3.40;4;2;1;64;0;7670763;319;0
11;19;78;21;18;31;54;3.40;3;2;1;61;0;7671154;588;0
11;19;78;21;18;32;56;3.40;3;2;1;58;0;7671256;81;0
11;19;78;21;18;34;69;12.40;4;2;3;40;0;7671469;686;0
11;19;78;21;18;36;80;3.80;4;2;1;40;0;7671680;99;0
11;19;78;21;18;38;3;3.80;4;2;1;44;0;7671803;88;0
11;19;78;21;18;39;51;5.00;3;2;1;60;0;7671951;673;0
11;19;78;21;18;41;43;3.40;4;2;1;48;0;7672143;308;0
11;19;78;21;18;42;45;3.20;4;2;1;48;0;7672245;76;0
11;19;78;21;18;44;5;3.60;4;2;1;51;0;7672405;136;0
11;19;78;21;18;48;72;3.20;4;2;1;57;0;7672872;441;0
11;19;78;21;18;50;4;3.40;1;1;1;55;0;7673004;2719;0
11;19;78;21;18;53;94;3.80;2;1;1;59;0;7673394;3266;0
11;19;78;21;18;54;3;3.00;4;2;1;60;0;7673403;510;0
11;19;78;21;18;57;38;3.80;4;2;1;55;0;7673738;317;0
11;19;78;21;19;0;89;3.60;1;1;1;62;0;7674089;1062;0
11;19;78;21;19;1;67;4.00;2;1;1;51;0;7674167;749;0
11;19;78;21;19;3;26;3.40;2;1;1;54;0;7674326;130;0
11;19;78;21;19;5;63;3.80;3;2;1;66;0;7674563;2582;0
11;19;78;21;19;6;27;3.40;2;1;1;49;0;7674627;278;0
11;19;78;21;19;8;35;3.60;2;1;1;50;0;7674835;183;0
11;19;78;21;19;9;9;3.20;1;1;1;59;0;7674909;799;0
11;19;78;21;19;12;24;3.80;3;2;1;60;0;7675224;640;0
11;19;78;21;19;15;22;3.80;4;2;1;54;0;7675522;1759;0
11;19;78;21;19;16;52;3.20;4;2;1;55;0;7675652;104;0
11;19;78;21;19;18;49;3.80;1;1;1;55;0;7675849;920;0
11;19;78;21;19;22;14;3.60;2;1;1;53;0;7676214;1353;0
11;19;78;21;19;27;92;4.00;1;1;1;62;0;7676792;918;0
11;19;78;21;19;29;53;3.40;2;1;1;52;0;7676953;714;0
11;19;78;21;19;32;20;4.00;3;2;1;68;0;7677220;1973;0
11;19;78;21;19;32;33;3.40;2;1;1;59;0;7677233;256;0
11;19;78;21;19;33;93;3.60;3;2;1;68;0;7677393;151;0
11;19;78;21;19;35;31;3.80;3;2;1;64;0;7677531;118;0
11;19;78;21;19;35;78;13.20;1;1;3;53;0;7677578;762;0
11;19;78;21;19;38;39;8.40;4;2;2;64;0;7677839;2166;0
11;19;78;21;19;40;10;3.20;1;1;1;51;0;7678010;342;0
11;19;78;21;19;40;22;3.60;3;2;1;57;0;7678022;469;0
11;19;78;21;19;40;42;3.60;4;2;1;62;0;7678042;155;0
11;19;78;21;19;41;7;3.80;3;2;1;57;0;7678107;62;0
11;19;78;21;19;42;3;3.60;3;2;1;57;0;7678203;72;0
11;19;78;21;19;43;15;3.40;4;2;1;59;0;7678315;252;0
11;19;78;21;19;43;72;3.20;3;2;1;60;0;7678372;146;0
11;19;78;21;19;45;96;4.00;3;2;1;63;0;7678596;204;0
11;19;78;21;19;46;25;3.60;4;2;1;56;0;7678625;289;0
11;19;78;21;19;47;20;3.40;3;2;1;61;0;7678720;101;0
11;19;78;21;19;47;74;3.80;4;2;1;57;0;7678774;125;0
11;19;78;21;19;49;14;3.60;4;2;1;57;0;7678914;116;0
11;19;78;21;19;50;17;3.40;4;2;1;57;0;7679017;80;0
11;19;78;21;19;55;53;3.60;1;1;1;52;0;7679553;1520;0
11;19;78;21;19;55;71;3.60;2;1;1;59;0;7679571;2317;0
11;19;78;21;19;57;80;3.20;1;1;1;52;0;7679780;202;0
11;19;78;21;20;5;99;3.60;4;2;1;55;0;7680599;1560;0
11;19;78;21;20;7;68;3.80;3;2;1;55;0;7680768;2027;0
11;19;78;21;20;18;77;3.80;4;2;1;59;0;7681877;1254;0
11;19;78;21;20;21;59;3.40;4;2;1;60;0;7682159;258;0
11;19;78;21;20;23;51;3.40;1;1;1;62;0;7682351;2548;0
11;19;78;21;20;26;6;4.00;4;2;1;58;0;7682606;426;0
11;19;78;21;20;33;54;3.60;4;2;1;61;0;7683354;723;0
11;19;78;21;20;35;18;3.80;1;1;1;62;0;7683518;1147;0
11;19;78;21;20;41;20;3.80;3;2;1;69;0;7684120;3327;0
11;19;78;21;20;42;10;3.00;4;2;1;57;0;7684210;834;0
11;19;78;21;20;43;25;3.60;4;2;1;59;0;7684325;96;0
11;19;78;21;20;44;75;4.00;2;1;1;60;0;7684475;4882;0
11;19;78;21;20;46;10;3.80;3;2;1;64;0;7684610;470;0
11;19;78;21;20;46;31;4.00;2;1;1;59;0;7684631;132;0
11;19;78;21;20;46;74;5.20;1;1;1;61;0;7684674;1133;0
11;19;78;21;20;48;27;3.40;4;2;1;51;0;7684827;480;0
11;19;78;21;20;48;60;3.60;2;1;1;59;0;7684860;204;0
11;19;78;21;20;49;12;3.40;1;1;1;58;0;7684912;207;0
11;19;78;21;20;49;80;3.20;4;2;1;49;0;7684980;129;0
11;19;78;21;20;50;67;3.60;4;2;1;48;0;7685067;63;0
11;19;78;21;20;50;93;3.40;1;1;1;55;0;7685093;159;0
11;19;78;21;20;51;33;3.80;3;2;1;62;0;7685133;501;0
11;19;78;21;20;51;42;3.80;2;1;1;55;0;7685142;260;0
11;19;78;21;20;52;76;3.80;1;1;1;57;0;7685276;160;0
11;19;78;21;20;53;44;3.20;3;2;1;59;0;7685344;188;0
11;19;78;21;20;55;2;3.20;4;2;1;58;0;7685502;408;0
11;19;78;21;20;56;9;3.60;3;2;1;59;0;7685609;245;0
11;19;78;21;20;58;38;3.40;4;2;1;55;0;7685838;316;0
11;19;78;21;20;58;51;3.60;3;2;1;54;0;7685851;220;0
11;19;78;21;21;0;90;3.00;4;2;1;56;0;7686090;229;0
11;19;78;21;21;3;27;3.80;1;1;1;60;0;7686327;1027;0
11;19;78;21;21;3;80;3.80;2;1;1;59;0;7686380;1213;0
11;19;78;21;21;13;90;3.40;1;1;1;62;0;7687390;1040;0
11;19;78;21;21;14;71;4.00;2;1;1;59;0;7687471;1067;0
11;19;78;21;21;15;58;4.00;1;1;1;63;0;7687558;148;0
11;19;78;21;21;22;81;3.20;3;2;1;64;0;7688281;2406;0
11;19;78;21;21;25;50;3.40;3;2;1;60;0;7688550;251;0
11;19;78;21;21;26;72;5.00;4;2;1;61;0;7688672;2562;0
11;19;78;21;21;27;97;4.80;4;2;1;56;0;7688797;95;0
11;19;78;21;21;29;54;3.40;3;2;1;64;0;7688954;383;0
11;19;78;21;21;31;26;4.00;1;1;1;58;0;7689126;1545;0
11;19;78;21;21;35;24;3.40;4;2;1;55;0;7689524;696;0
11;19;78;21;21;37;91;3.40;4;2;1;51;0;7689791;244;0
11;19;78;21;21;50;65;12.20;4;2;2;59;0;7691065;1250;0
11;19;78;21;21;54;53;3.40;4;2;1;58;0;7691453;313;0
11;19;78;21;21;54;48;3.60;3;2;1;59;0;7691448;2474;0
11;19;78;21;21;56;4;4.00;3;2;1;59;0;7691604;134;0
11;19;78;21;22;0;37;4.40;2;1;1;56;0;7692037;4541;0
11;19;78;21;22;1;14;3.40;3;2;1;58;0;7692114;485;0
11;19;78;21;22;2;63;3.00;3;2;1;58;0;7692263;127;0
11;19;78;21;22;4;6;4.40;4;2;1;56;0;7692406;931;0
11;19;78;21;22;4;57;3.80;3;2;1;55;0;7692457;175;0
11;19;78;21;22;5;85;3.40;4;2;1;59;0;7692585;150;0
11;19;78;21;22;5;98;3.60;3;2;1;55;0;7692598;116;0
11;19;78;21;22;8;22;3.40;4;2;1;55;0;7692822;216;0
11;19;78;21;22;10;3;3.80;4;2;1;54;0;7693003;158;0
11;19;78;21;22;12;72;3.20;4;2;1;54;0;7693272;243;0
11;19;78;21;22;24;77;3.60;4;2;1;58;0;7694477;1183;0
11;19;78;21;22;25;42;3.00;1;1;1;55;0;7694542;5391;0
11;19;78;21;22;27;69;3.60;1;1;1;60;0;7694769;207;0
11;19;78;21;22;29;7;5.40;2;1;1;57;0;7694907;2841;0
11;19;78;21;22;29;74;3.80;1;1;1;60;0;7694974;183;0
11;19;78;21;22;30;52;3.60;2;1;1;55;0;7695052;110;0
11;19;78;21;22;31;60;3.20;4;2;1;55;0;7695160;660;0
11;19;78;21;22;36;49;3.40;3;2;1;59;0;7695649;3027;0
11;19;78;21;22;37;59;3.40;1;1;1;51;0;7695759;762;0
11;19;78;21;22;38;82;4.00;1;1;1;51;0;7695882;99;0
11;19;78;21;22;40;4;3.00;4;2;1;59;0;7696004;823;0
11;19;78;21;22;39;98;3.60;1;1;1;51;0;7695998;87;0
11;19;78;21;22;48;10;3.80;3;2;1;64;0;7696810;1140;0
11;19;78;21;22;49;58;3.60;1;1;1;56;0;7696958;934;0
11;19;78;21;22;51;15;3.60;1;1;1;54;0;7697115;133;0
11;19;78;21;22;54;51;3.60;1;1;1;51;0;7697451;312;0
11;19;78;21;22;55;25;4.20;4;2;1;59;0;7697525;1502;0
11;19;78;21;23;0;79;3.60;4;2;1;59;0;7698079;528;0
11;19;78;21;23;1;85;3.20;4;2;1;59;0;7698185;84;0
11;19;78;21;23;4;61;5.60;2;1;1;57;0;7698461;3385;0
11;19;78;21;23;6;9;3.20;4;2;1;61;0;7698609;404;0
11;19;78;21;23;7;72;3.60;1;1;1;56;0;7698772;1295;0
11;19;78;21;23;9;85;3.20;3;2;1;59;0;7698985;2153;0
11;19;78;21;23;10;84;3.00;4;2;1;58;0;7699084;456;0
11;19;78;21;23;11;27;4.00;2;1;1;58;0;7699127;630;0
11;19;78;21;23;13;9;3.00;1;1;1;55;0;7699309;513;0
11;19;78;21;23;13;12;3.60;4;2;1;61;0;7699312;209;0
11;19;78;21;23;13;86;3.60;3;2;1;60;0;7699386;381;0
11;19;78;21;23;16;33;3.60;4;2;1;63;0;7699633;299;0
11;19;78;21;23;18;14;4.20;1;1;1;59;0;7699814;485;0
11;19;78;21;23;21;29;3.60;1;1;1;56;0;7700129;289;0
11;19;78;21;23;30;3;3.20;1;1;1;53;0;7701003;850;0
11;19;78;21;23;33;6;4.00;4;2;1;61;0;7701306;1652;0
11;19;78;21;23;35;52;3.60;1;1;1;57;0;7701552;527;0
11;19;78;21;23;44;74;3.60;4;2;1;63;0;7702474;1144;0
11;19;78;21;23;46;6;3.80;3;2;1;79;0;7702606;3198;0
11;19;78;21;23;47;37;3.80;4;2;1;62;0;7702737;242;0
11;19;78;21;23;51;24;3.40;3;2;1;62;0;7703124;500;0
11;19;78;21;23;52;60;3.60;4;2;1;66;0;7703260;500;0
11;19;78;21;24;4;36;4.80;4;2;1;47;0;7704436;1156;0
11;19;78;21;24;6;51;3.60;1;1;1;59;0;7704651;3076;0
11;19;78;21;24;8;61;3.40;1;1;1;60;0;7704861;188;0
11;19;78;21;24;9;92;3.80;2;1;1;60;0;7704992;5840;0
11;19;78;21;24;10;72;3.80;1;1;1;57;0;7705072;190;0
11;19;78;21;24;11;34;3.80;3;2;1;67;0;7705134;1990;0
11;19;78;21;24;11;68;3.40;1;1;1;55;0;7705168;72;0
11;19;78;21;24;12;93;3.80;2;1;1;58;0;7705293;278;0
11;19;78;21;24;14;43;3.60;4;2;1;62;0;7705443;970;0
11;19;78;21;24;15;18;4.00;1;1;1;61;0;7705518;327;0
11;19;78;21;24;21;91;3.00;4;2;1;58;0;7706191;727;0
11;19;78;21;24;23;63;4.60;3;2;1;57;0;7706363;1208;0
11;19;78;21;24;25;60;4.80;4;2;1;51;0;7706560;350;0
11;19;78;21;24;26;22;3.20;3;2;1;57;0;7706622;229;0
11;19;78;21;24;26;66;3.60;1;1;1;53;0;7706666;1124;0
11;19;78;21;24;27;5;4.00;4;2;1;49;0;7706705;111;0
11;19;78;21;24;27;23;3.80;3;2;1;57;0;7706723;80;0
11;19;78;21;24;28;72;3.80;4;2;1;50;0;7706872;137;0
11;19;78;21;24;31;24;3.40;2;1;1;59;0;7707124;1807;0
11;19;78;21;24;33;34;11.80;1;1;3;57;0;7707334;643;0
11;19;78;21;24;40;10;3.00;1;1;1;53;0;7708010;601;0
11;19;78;21;24;41;41;4.00;1;1;1;53;0;7708141;110;0
11;19;78;21;24;42;77;3.80;1;1;1;54;0;7708277;108;0
11;19;78;21;24;50;40;3.40;1;1;1;52;0;7709040;737;0
11;19;78;21;24;52;22;3.60;1;1;1;50;0;7709222;158;0
11;19;78;21;24;55;28;6.60;1;1;1;52;0;7709528;280;0
11;19;78;21;24;58;33;3.40;3;2;1;61;0;7709833;3086;0
11;19;78;21;25;0;72;3.40;3;2;1;59;0;7710072;218;0
11;19;78;21;25;0;85;4.20;4;2;1;53;0;7710085;3185;0
11;19;78;21;25;5;69;3.40;4;2;1;57;0;7710569;455;0
11;19;78;21;25;6;77;3.80;1;1;1;61;0;7710677;1103;0
11;19;78;21;25;8;50;4.00;4;2;1;51;0;7710850;259;0
11;19;78;21;25;10;69;3.40;1;1;1;53;0;7711069;369;0
11;19;78;21;25;10;10;14.40;4;2;4;54;0;7711010;131;0
11;19;78;21;25;22;91;3.20;3;2;1;64;0;7712291;2198;0
11;19;78;21;25;23;28;3.80;4;2;1;64;0;7712328;1222;0
11;19;78;21;25;26;79;3.00;4;2;1;59;0;7712679;329;0
11;19;78;21;25;30;32;3.80;3;2;1;61;0;7713032;723;0
11;19;78;21;25;31;1;3.80;2;1;1;56;0;7713101;5956;0
11;19;78;21;25;32;7;3.20;4;2;1;61;0;7713207;509;0
11;19;78;21;25;33;34;3.80;2;1;1;52;0;7713334;208;0
11;19;78;21;25;33;50;4.40;3;2;1;65;0;7713350;295;0
11;19;78;21;25;34;82;3.80;3;2;1;65;0;7713482;107;0
11;19;78;21;25;35;33;3.60;4;2;1;56;0;7713533;307;0
11;19;78;21;25;37;47;3.60;3;2;1;61;0;7713747;243;0
11;19;78;21;25;37;79;3.40;4;2;1;55;0;7713779;222;0
11;19;78;21;25;39;21;3.60;4;2;1;53;0;7713921;119;0
11;19;78;21;25;39;48;4.00;3;2;1;59;0;7713948;179;0
11;19;78;21;25;40;64;3.60;4;2;1;51;0;7714064;118;0
11;19;78;21;25;42;46;3.80;3;2;1;55;0;7714246;273;0
11;19;78;21;25;48;2;3.40;4;2;1;60;0;7714802;712;0
11;19;78;21;25;50;28;3.80;2;1;1;58;0;7715028;1667;0
11;19;78;21;25;52;13;4.00;1;1;1;57;0;7715213;4120;0
11;19;78;21;25;52;35;3.60;2;1;1;59;0;7715235;183;0
11;19;78;21;25;53;16;10.40;1;1;2;56;0;7715316;77;0
11;19;78;21;25;55;82;3.20;2;1;1;58;0;7715582;325;0
11;19;78;21;25;57;57;3.20;1;1;1;52;0;7715757;374;0
11;19;78;21;25;58;67;4.00;1;1;1;56;0;7715867;87;0
11;19;78;21;25;59;39;4.00;2;1;1;53;0;7715939;337;0
11;19;78;21;26;1;77;4.80;2;1;1;51;0;7716177;210;0
11;19;78;21;26;2;33;4.00;1;1;1;51;0;7716233;340;0
11;19;78;21;26;4;29;3.40;1;1;1;52;0;7716429;167;0
11;19;78;21;26;8;38;3.40;2;1;1;59;0;7716838;627;0
11;19;78;21;26;9;38;3.40;3;2;1;62;0;7716938;2667;0
11;19;78;21;26;9;95;3.80;2;1;1;55;0;7716995;136;0
11;19;78;21;26;11;40;3.80;4;2;1;54;0;7717140;2317;0
11;19;78;21;26;12;44;3.20;1;1;1;57;0;7717244;791;0
11;19;78;21;26;12;95;3.40;4;2;1;57;0;7717295;129;0
11;19;78;21;26;14;93;3.40;3;2;1;70;0;7717493;535;0
11;19;78;21;26;21;16;3.80;4;2;1;65;0;7718116;799;0
11;19;78;21;26;29;73;3.80;4;2;1;61;0;7718973;835;0
11;19;78;21;26;32;70;3.60;4;2;1;57;0;7719270;274;0
11;19;78;21;26;33;15;3.40;3;2;1;60;0;7719315;1804;0
11;19;78;21;26;34;17;3.20;1;1;1;52;0;7719417;2152;0
11;19;78;21;26;34;77;3.60;3;2;1;57;0;7719477;141;0
11;19;78;21;26;35;84;3.60;3;2;1;58;0;7719584;84;0
11;19;78;21;26;36;69;2.80;4;2;1;54;0;7719669;376;0
11;19;78;21;26;37;18;3.60;1;1;1;57;0;7719718;278;0
11;19;78;21;26;37;50;3.80;3;2;1;60;0;7719750;143;0
11;19;78;21;26;38;32;3.40;4;2;1;56;0;7719832;144;0
11;19;78;21;26;39;45;3.80;4;2;1;54;0;7719945;91;0
11;19;78;21;26;40;24;3.60;3;2;1;60;0;7720024;251;0
11;19;78;21;26;41;5;3.60;4;2;1;55;0;7720105;134;0
11;19;78;21;26;42;90;3.60;4;2;1;58;0;7720290;161;7719669
11;19;78;21;26;44;40;3.80;3;2;1;65;0;7720440;394;0
11;19;78;21;26;45;8;3.20;4;2;1;61;0;7720508;195;7719669
11;19;78;21;26;56;2;3.60;4;2;1;64;0;7721602;1075;0
11;19;78;21;27;10;5;3.80;2;1;1;60;0;7723005;5985;0
11;19;78;21;27;10;31;4.00;1;1;1;57;0;7723031;3290;0
11;19;78;21;27;11;82;4.00;3;2;1;62;0;7723182;2720;0
11;19;78;21;27;16;49;3.20;2;1;1;51;0;7723649;621;0
11;19;78;21;27;19;18;3.40;2;1;1;52;0;7723918;246;0
11;19;78;21;27;19;75;3.60;4;2;1;57;0;7723975;2352;0
11;19;78;21;27;20;34;3.40;1;1;1;56;0;7724034;977;0
11;19;78;21;27;23;4;3.60;1;1;1;57;0;7724304;248;0
11;19;78;21;27;25;36;3.40;4;2;1;55;0;7724536;538;0
11;19;78;21;27;26;82;12.80;3;2;3;57;0;7724682;1476;0
11;19;78;21;27;30;76;11.80;4;2;3;45;0;7725076;517;0
11;19;78;21;27;39;51;3.40;1;1;1;55;0;7725951;1624;0
11;19;78;21;27;39;67;3.60;2;1;1;62;0;7725967;2025;0
11;19;78;21;27;41;67;3.40;4;2;1;63;0;7726167;996;0
11;19;78;21;27;44;86;3.40;2;1;1;60;0;7726486;498;0
11;19;78;21;27;45;83;5.20;3;2;1;61;0;7726583;1820;0
11;19;78;21;27;45;43;11.20;1;1;3;49;0;7726543;569;0
11;19;78;21;27;47;21;3.80;4;2;1;60;0;7726721;534;0
11;19;78;21;27;47;83;3.80;3;2;1;62;0;7726783;169;0
11;19;78;21;27;48;17;5.00;1;1;1;62;0;7726817;191;0
11;19;78;21;27;48;86;3.60;3;2;1;61;0;7726886;80;0
11;19;78;21;27;49;94;3.60;4;2;1;56;0;7726994;250;0
11;19;78;21;27;51;18;3.20;3;2;1;59;0;7727118;210;0
11;19;78;21;27;51;31;3.60;4;2;1;55;0;7727131;113;0
11;19;78;21;27;54;6;3.40;4;2;1;57;0;7727406;251;0
11;19;78;21;27;55;50;3.40;4;2;1;57;0;7727550;122;0
11;19;78;21;27;56;30;3.80;3;2;1;59;0;7727630;492;0
11;19;78;21;27;56;88;7.60;1;1;2;61;0;7727688;841;0
11;19;78;21;27;57;33;3.40;2;1;1;50;0;7727733;1226;0
11;19;78;21;27;58;0;3.00;4;2;1;57;0;7727800;228;0
11;19;78;21;28;10;39;3.60;2;1;1;57;0;7729039;1281;0
11;19;78;21;28;12;38;3.60;2;1;1;59;0;7729238;176;0
11;19;78;21;28;15;8;3.60;1;1;1;57;0;7729508;1775;0
11;19;78;21;28;16;82;3.40;4;2;1;53;0;7729682;1863;0
11;19;78;21;28;17;11;3.40;3;2;1;73;0;7729711;2057;0
11;19;78;21;28;18;11;3.40;2;1;1;57;0;7729811;551;0
11;19;78;21;28;19;11;3.40;1;1;1;58;0;7729911;380;0
11;19;78;21;28;20;11;3.80;1;1;1;58;0;7730011;78;0
11;19;78;21;28;20;92;3.60;2;1;1;61;0;7730092;259;0
11;19;78;21;28;22;31;5.20;1;1;1;59;0;7730231;196;0
11;19;78;21;28;24;26;3.40;3;2;1;63;0;7730426;698;0
11;19;78;21;28;24;62;3.20;2;1;1;58;0;7730462;348;0
11;19;78;21;28;26;65;3.20;1;1;1;60;0;7730665;402;0
11;19;78;21;28;27;32;3.80;2;1;1;62;0;7730732;250;0
11;19;78;21;28;51;75;3.60;4;2;1;64;0;7733175;3469;0
11;19;78;21;28;52;91;3.00;4;2;1;61;0;7733291;95;0
11;19;78;21;28;54;62;3.80;3;2;1;65;0;7733462;3016;0
11;19;78;21;28;55;71;3.20;3;2;1;64;0;7733571;87;0
11;19;78;21;28;56;33;3.40;4;2;1;57;0;7733633;324;0
11;19;78;21;28;56;68;3.60;3;2;1;63;0;7733668;79;0
11;19;78;21;28;58;15;4.20;3;2;1;61;0;7733815;126;0
11;19;78;21;28;59;27;3.80;1;1;1;61;0;7733927;3242;0
11;19;78;21;28;59;90;4.20;2;1;1;57;0;7733990;3235;0
11;19;78;21;29;0;23;3.60;4;2;1;63;0;7734023;368;0
11;19;78;21;29;2;22;4.20;3;2;1;60;0;7734222;382;0
11;19;78;21;29;3;62;3.40;3;2;1;63;0;7734362;114;0
11;19;78;21;29;4;36;3.60;4;2;1;56;0;7734436;392;0
11;19;78;21;29;5;60;3.60;3;2;1;69;0;7734560;178;0
11;19;78;21;29;6;12;3.80;4;2;1;56;0;7734612;152;0
11;19;78;21;29;6;88;3.40;3;2;1;63;0;7734688;109;0
11;19;78;21;29;7;82;3.40;4;2;1;56;0;7734782;145;0
11;19;78;21;29;8;15;3.80;3;2;1;64;0;7734815;107;7734222
11;19;78;21;29;8;95;3.60;4;2;1;58;0;7734895;91;7734222
11;19;78;21;29;11;6;3.60;4;2;1;59;0;7735106;188;7734436
11;19;78;21;29;11;52;3.60;1;1;1;74;0;7735152;1202;0
11;19;78;21;29;12;58;3.00;4;2;1;58;0;7735258;130;7734436
11;19;78;21;29;18;32;3.40;1;1;1;55;0;7735832;662;0
11;19;78;21;29;25;53;3.40;3;2;1;64;0;7736553;1716;0
11;19;78;21;29;28;90;3.20;2;1;1;66;0;7736890;2873;0
11;19;78;21;29;30;20;3.60;1;1;1;63;0;7737020;1165;0
11;19;78;21;29;31;13;3.60;4;2;1;54;0;7737113;1836;0
11;19;78;21;29;32;58;3.00;4;2;1;60;0;7737258;121;0
11;19;78;21;29;34;2;3.80;2;1;1;51;0;7737402;494;0
11;19;78;21;29;36;47;4.40;1;1;1;54;0;7737647;606;0
11;19;78;21;29;39;86;3.80;4;2;1;58;0;7737986;710;0
11;19;78;21;29;50;92;3.40;1;1;1;51;0;7739092;1415;0
11;19;78;21;29;53;32;3.40;4;2;1;57;0;7739332;1322;0
11;19;78;21;29;57;66;3.40;1;1;1;59;0;7739766;650;0
11;19;78;21;29;59;38;4.40;1;1;1;57;0;7739938;151;0
11;19;78;21;30;0;72;3.80;2;1;1;56;0;7740072;2643;0
11;19;78;21;30;2;6;4.00;4;2;1;61;0;7740206;852;0
11;19;78;21;30;8;76;3.60;3;2;1;58;0;7740876;4303;0
11;19;78;21;30;14;6;3.20;3;2;1;57;0;7741406;507;0
11;19;78;21;30;13;66;11.20;4;2;3;51;0;7741366;1136;0
11;19;78;21;30;15;92;3.60;4;2;1;54;0;7741592;146;0
11;19;78;21;30;33;40;3.60;3;2;1;57;0;7743340;1913;0
11;19;78;21;30;34;37;3.80;2;1;1;55;0;7743437;3340;0
11;19;78;21;30;39;30;3.40;2;1;1;47;0;7743930;468;0
11;19;78;21;30;42;10;3.80;1;1;1;55;0;7744210;4244;0
11;19;78;21;30;53;69;3.80;2;1;1;59;0;7745369;1412;0
11;19;78;21;30;56;63;3.20;1;1;1;51;0;7745663;1428;0
11;19;78;21;30;56;87;3.40;2;1;1;56;0;7745687;294;0
11;19;78;21;30;58;23;3.60;2;1;1;54;0;7745823;114;0
11;19;78;21;30;58;58;3.20;1;1;1;51;0;7745858;172;0
11;19;78;21;30;59;39;3.60;1;1;1;50;0;7745939;58;0
11;19;78;21;30;59;87;3.60;2;1;1;52;0;7745987;140;0
11;19;78;21;31;0;43;3.60;1;1;1;52;0;7746043;78;0
11;19;78;21;31;7;24;3.40;1;1;1;50;0;7746724;656;0
11;19;78;21;31;8;4;3.60;2;1;1;60;0;7746804;792;0
11;19;78;21;31;9;10;3.40;1;1;1;50;0;7746910;161;0
11;19;78;21;31;9;40;4.00;3;2;1;70;0;7746940;3577;0
11;19;78;21;31;10;4;3.60;4;2;1;56;0;7747004;5388;0
11;19;78;21;31;10;93;4.00;3;2;1;68;0;7747093;132;0
11;19;78;21;31;15;68;3.60;3;2;1;62;0;7747568;453;0
11;19;78;21;31;15;90;3.60;2;1;1;59;0;7747590;764;0
11;19;78;21;31;16;17;3.80;4;2;1;57;0;7747617;589;0
11;19;78;21;31;16;76;4.20;3;2;1;60;0;7747676;87;0
11;19;78;21;31;17;43;3.60;4;2;1;55;0;7747743;102;0
11;19;78;21;31;18;85;3.60;4;2;1;56;0;7747885;118;0
11;19;78;21;31;19;38;3.20;3;2;1;57;0;7747938;236;0
11;19;78;21;31;19;92;3.20;4;2;1;54;0;7747992;83;0
11;19;78;21;31;22;63;3.20;3;2;1;55;0;7748263;304;0
11;19;78;21;31;35;55;12.40;1;1;3;47;0;7749555;2620;0
11;19;78;21;31;37;79;3.80;1;1;1;47;0;7749779;129;0
11;19;78;21;31;39;98;4.20;1;1;1;48;0;7749998;189;0
11;19;78;21;31;41;39;3.60;1;1;1;47;0;7750139;109;0
11;19;78;21;31;44;42;3.20;4;2;1;57;0;7750442;2428;0
11;19;78;21;31;45;66;3.80;1;1;1;47;0;7750566;399;0
11;19;78;21;31;57;89;3.60;4;2;1;55;0;7751789;1326;0
11;19;78;21;32;1;74;3.80;1;1;1;53;0;7752174;1578;0
11;19;78;21;32;2;26;3.60;4;2;1;58;0;7752226;413;0
11;19;78;21;32;6;45;4.00;1;1;1;57;0;7752645;445;0
11;19;78;21;32;11;72;3.40;4;2;1;55;0;7753172;923;0
11;19;78;21;32;20;38;3.60;4;2;1;60;0;7754038;843;0
11;19;78;21;32;20;95;3.60;1;1;1;59;0;7754095;1424;0
11;19;78;21;32;23;4;3.40;2;1;1;56;0;7754304;6692;0
11;19;78;21;32;23;4;3.40;3;2;1;64;0;7754304;6020;0
11;19;78;21;32;24;52;3.60;4;2;1;57;0;7754452;392;0
11;19;78;21;32;24;69;4.00;2;1;1;55;0;7754469;143;0
11;19;78;21;32;25;40;3.40;1;1;1;53;0;7754540;423;0
11;19;78;21;32;25;73;3.40;4;2;1;58;0;7754573;98;0
11;19;78;21;32;26;41;3.20;1;1;1;53;0;7754641;77;0
11;19;78;21;32;28;63;3.80;4;2;1;58;0;7754863;268;0
11;19;78;21;32;30;67;3.40;1;1;1;56;0;7755067;404;0
11;19;78;21;32;31;71;3.80;1;1;1;56;0;7755171;82;0
11;19;78;21;32;37;4;3.60;2;1;1;50;0;7755704;1208;0
11;19;78;21;32;40;33;3.80;1;1;1;60;0;7756033;837;0
11;19;78;21;32;46;3;3.00;2;1;1;52;0;7756603;873;0
11;19;78;21;32;50;32;3.20;4;2;1;59;0;7757032;2145;0
11;19;78;21;32;52;16;3.80;4;2;1;58;0;7757216;164;0
11;19;78;21;32;53;68;3.60;4;2;1;61;0;7757368;128;0
11;19;78;21;33;5;12;3.40;4;2;1;66;0;7758512;1122;0
11;19;78;21;33;29;99;3.60;4;2;1;64;0;7760999;2468;0
11;19;78;21;33;30;42;3.60;3;2;1;68;0;7761042;6718;0
11;19;78;21;33;30;95;3.80;4;2;1;65;0;7761095;75;0
11;19;78;21;33;32;40;3.40;4;2;1;62;0;7761240;123;0
11;19;78;21;33;32;89;3.40;3;2;1;62;0;7761289;227;0
11;19;78;21;33;39;62;3.40;2;1;1;56;0;7761962;5338;0
11;19;78;21;33;40;32;5.00;1;1;1;60;0;7762032;5976;0
11;19;78;21;33;42;46;3.80;4;2;1;60;0;7762246;986;0
11;19;78;21;33;42;62;3.20;2;1;1;50;0;7762262;278;0
11;19;78;21;33;42;72;4.00;1;1;1;58;0;7762272;210;0
11;19;78;21;33;42;82;4.00;3;2;1;67;0;7762282;973;0
11;19;78;21;33;44;8;3.60;2;1;1;49;0;7762408;122;0
11;19;78;21;33;45;55;3.80;1;1;1;53;0;7762555;258;0
11;19;78;21;33;46;27;3.60;3;2;1;64;0;7762627;323;0
11;19;78;21;33;46;72;3.60;4;2;1;48;0;7762672;403;0
11;19;78;21;33;48;13;3.40;4;2;1;48;0;7762813;114;0
11;19;78;21;33;48;89;3.80;3;2;1;57;0;7762889;241;0
11;19;78;21;33;48;89;3.40;1;1;1;57;0;7762889;308;0
11;19;78;21;33;49;42;3.40;4;2;1;47;0;7762942;103;0
11;19;78;21;33;50;73;3.40;4;2;1;48;0;7763073;104;0
11;19;78;21;33;50;79;3.60;1;1;1;54;0;7763079;168;0
11;19;78;21;33;51;50;3.80;3;2;1;58;0;7763150;237;0
11;19;78;21;33;51;90;3.00;4;2;1;47;0;7763190;91;7762672
11;19;78;21;33;52;2;3.60;2;1;1;56;0;7763202;767;0
11;19;78;21;33;51;96;5.40;1;1;1;54;0;7763196;93;0
11;19;78;21;33;54;39;4.00;1;1;1;52;0;7763439;207;0
11;19;78;21;33;59;58;5.20;4;2;1;59;0;7763958;745;0
11;19;78;21;34;4;43;3.60;4;2;1;57;0;7764443;453;0
11;19;78;21;34;8;71;5.20;1;1;1;55;0;7764871;1404;0
11;19;78;21;34;11;24;4.80;4;2;1;66;0;7765124;658;0
11;19;78;21;34;12;69;3.20;1;1;1;61;0;7765269;363;0
11;19;78;21;34;18;95;3.20;4;2;1;54;0;7765895;744;0
11;19;78;21;34;21;60;3.80;3;2;1;64;0;7766160;2986;0
11;19;78;21;34;21;71;3.40;4;2;1;57;0;7766171;254;0
11;19;78;21;34;34;8;3.60;2;1;1;57;0;7767408;4182;0
11;19;78;21;34;38;9;3.60;1;1;1;56;0;7767809;2521;0
11;19;78;21;34;39;61;3.00;1;1;1;55;0;7767961;128;0
11;19;78;21;34;48;14;3.20;4;2;1;59;0;7768814;2621;0
11;19;78;21;34;49;60;3.00;4;2;1;57;0;7768960;126;0
11;19;78;21;34;51;50;3.60;4;2;1;58;0;7769150;171;0
11;19;78;21;34;52;10;3.40;3;2;1;55;0;7769210;3028;0
11;19;78;21;34;52;76;3.40;4;2;1;58;0;7769276;103;0
11;19;78;21;34;53;3;3.20;3;2;1;54;0;7769303;70;0
11;19;78;21;34;54;37;3.80;4;2;1;58;0;7769437;139;7768814
11;19;78;21;34;54;69;3.00;3;2;1;55;0;7769469;144;7768814
11;19;78;21;34;55;98;4.20;3;2;1;56;0;7769598;109;7768814
11;19;78;21;34;55;80;10.80;4;2;7;57;0;7769580;119;7768814
11;19;78;21;35;0;41;3.40;4;2;1;54;0;7770041;392;0
11;19;78;21;35;10;56;3.80;3;2;1;60;0;7771056;1431;0
11;19;78;21;35;33;16;3.80;4;2;1;50;0;7773316;3252;0
11;19;78;21;35;33;0;11.20;1;1;3;46;0;7773300;5319;0
11;19;78;21;35;33;82;3.20;3;2;1;62;0;7773382;2303;0
11;19;78;21;35;35;64;3.20;1;1;1;45;0;7773564;176;0
11;19;78;21;35;35;69;3.80;4;2;1;52;0;7773569;225;0
11;19;78;21;35;37;43;3.80;1;1;1;47;0;7773743;153;0
11;19;78;21;35;38;64;3.60;2;1;1;49;0;7773864;6433;0
11;19;78;21;35;39;46;3.20;1;1;1;46;0;7773946;173;0
11;19;78;21;35;40;61;3.60;2;1;1;49;0;7774061;170;0
11;19;78;21;35;41;88;3.20;2;1;1;56;0;7774188;100;0
11;19;78;21;35;53;12;5.80;1;1;1;51;0;7775312;1340;0
11;19;78;21;35;55;72;3.60;4;2;1;55;0;7775572;1976;0
11;19;78;21;35;57;98;3.00;3;2;1;60;0;7775798;2397;0
11;19;78;21;35;58;16;3.80;4;2;1;54;0;7775816;220;0
11;19;78;21;35;59;13;4.20;2;1;1;60;0;7775913;1704;0
11;19;78;21;35;59;31;3.20;3;2;1;60;0;7775931;115;0
11;19;78;21;36;0;3;3.20;4;2;1;54;0;7776003;161;0
11;19;78;21;36;0;91;3.60;3;2;1;57;0;7776091;140;0
11;19;78;21;36;1;86;3.40;3;2;1;54;0;7776186;72;0
11;19;78;21;36;1;56;12.20;4;2;3;59;0;7776156;131;0
11;19;78;21;36;7;37;3.20;2;1;1;58;0;7776737;798;0
11;19;78;21;36;7;58;5.60;3;2;1;63;0;7776758;549;0
11;19;78;21;36;21;58;4.20;3;2;1;57;0;7778158;1368;0
11;19;78;21;36;34;45;4.00;4;2;1;59;0;7779445;3214;0
11;19;78;21;36;36;55;3.60;3;2;1;62;0;7779655;1470;0
11;19;78;21;36;43;2;3.60;2;1;1;51;0;7780302;3545;0
11;19;78;21;36;51;11;3.60;4;2;1;53;0;7781111;1641;0
11;19;78;21;36;54;67;3.60;3;2;1;70;0;7781467;1791;0
11;19;78;21;37;0;39;3.80;3;2;1;68;0;7782039;553;0
11;19;78;21;37;1;39;3.40;4;2;1;62;0;7782139;1003;0
11;19;78;21;37;3;82;7.60;4;2;6;64;0;7782382;223;0
11;19;78;21;37;4;46;3.80;3;2;1;57;0;7782446;386;0
11;19;78;21;37;6;37;3.60;3;2;1;57;0;7782637;167;0
11;19;78;21;37;7;80;4.40;4;2;1;57;0;7782780;355;0
11;19;78;21;37;8;25;3.00;3;2;1;58;0;7782825;165;0
11;19;78;21;37;10;42;3.60;3;2;1;60;0;7783042;198;0
11;19;78;21;37;10;88;4.00;1;1;1;57;0;7783088;7735;0
11;19;78;21;37;11;6;3.00;4;2;1;56;0;7783106;298;0
11;19;78;21;37;11;39;3.80;2;1;1;57;0;7783139;2811;0
11;19;78;21;37;11;80;4.20;3;2;1;60;0;7783180;116;7782446
11;19;78;21;37;16;76;3.00;4;2;1;56;0;7783676;550;0
11;19;78;21;37;20;74;12.80;1;1;3;49;0;7784074;960;0
11;19;78;21;37;24;14;3.80;2;1;1;50;0;7784414;1251;0
11;19;78;21;37;36;73;3.20;2;1;1;58;0;7785673;1231;0
11;19;78;21;37;47;79;5.60;1;1;1;56;0;7786779;2610;0
11;19;78;21;37;48;68;3.40;4;2;1;57;0;7786868;3172;0
11;19;78;21;37;48;74;3.80;3;2;1;61;0;7786874;3668;0
11;19;78;21;37;51;33;3.20;3;2;1;59;0;7787133;236;0
11;19;78;21;37;53;52;14.40;1;1;4;51;0;7787352;537;0
11;19;78;21;37;54;85;3.80;4;2;1;56;0;7787485;595;0
11;19;78;21;38;3;61;3.00;3;2;1;61;0;7788361;1208;0
11;19;78;21;38;6;73;3.80;1;1;1;56;0;7788673;1219;0
11;19;78;21;38;7;20;3.60;2;1;1;54;0;7788720;3027;0
11;19;78;21;38;11;15;3.20;2;1;1;57;0;7789115;371;0
11;19;78;21;38;12;42;4.40;1;1;1;54;0;7789242;544;0
11;19;78;21;38;12;57;3.60;2;1;1;55;0;7789257;121;0
11;19;78;21;38;14;97;3.40;4;2;1;64;0;7789497;1987;0
11;19;78;21;38;16;63;3.40;4;2;1;64;0;7789663;146;0
11;19;78;21;38;18;13;3.60;3;2;1;65;0;7789813;1434;0
11;19;78;21;38;19;90;3.60;2;1;1;58;0;7789990;709;0
11;19;78;21;38;20;55;3.20;4;2;1;57;0;7790055;372;0
11;19;78;21;38;28;54;3.60;3;2;1;54;0;7790854;1021;0
11;19;78;21;38;41;54;3.20;1;1;1;59;0;7792154;2882;0
11;19;78;21;38;42;65;3.80;2;1;1;57;0;7792265;2252;0
11;19;78;21;38;43;16;3.60;1;1;1;59;0;7792316;142;0
11;19;78;21;38;44;81;3.60;2;1;1;55;0;7792481;192;0
11;19;78;21;38;46;65;3.80;2;1;1;57;0;7792665;160;0
11;19;78;21;38;47;74;3.20;2;1;1;54;0;7792774;85;0
11;19;78;21;38;48;9;4.00;1;1;1;55;0;7792809;471;0
11;19;78;21;38;49;25;3.80;4;2;1;64;0;7792925;2849;0
11;19;78;21;38;52;53;3.60;1;1;1;55;0;7793253;417;0
11;19;78;21;38;54;61;3.20;2;1;1;57;0;7793461;665;0
11;19;78;21;38;59;60;3.60;1;1;1;53;0;7793960;683;0
11;19;78;21;39;1;46;3.40;4;2;1;51;0;7794146;1199;0
11;19;78;21;39;2;62;3.20;3;2;1;76;0;7794262;3384;0
11;19;78;21;39;3;56;3.60;4;2;1;51;0;7794356;186;0
11;19;78;21;39;4;93;3.20;4;2;1;54;0;7794493;111;0
11;19;78;21;39;7;6;6.20;1;1;1;50;0;7794706;721;0
11;19;78;21;39;14;58;3.60;1;1;1;48;0;7795458;707;0
11;19;78;21;39;16;24;3.60;1;1;1;49;0;7795624;139;0
11;19;78;21;39;17;43;4.00;2;1;1;62;0;7795743;2261;0
11;19;78;21;39;19;49;3.40;1;1;1;60;0;7795949;298;0
11;19;78;21;39;23;17;3.60;1;1;1;56;0;7796317;347;0
11;19;78;21;39;24;31;3.80;3;2;1;62;0;7796431;2153;0
11;19;78;21;39;25;27;3.60;4;2;1;61;0;7796527;2012;0
11;19;78;21;39;25;98;3.20;1;1;1;55;0;7796598;257;0
11;19;78;21;39;27;25;3.20;4;2;1;59;0;7796725;176;0
11;19;78;21;39;28;43;3.60;4;2;1;58;0;7796843;98;0
11;19;78;21;39;48;44;3.00;4;2;1;59;0;7798844;1978;0
11;19;78;21;39;51;51;3.80;4;2;1;60;0;7799151;288;0
11;19;78;21;39;54;58;3.40;1;1;1;54;0;7799458;2839;0
11;19;78;21;40;2;48;3.60;2;1;1;52;0;7800248;4481;0
11;19;78;21;40;3;46;3.80;1;1;1;60;0;7800346;865;0
11;19;78;21;40;5;81;3.40;4;2;1;64;0;7800581;1407;0
11;19;78;21;40;12;16;3.60;4;2;1;54;0;7801216;615;0
11;19;78;21;40;15;9;3.20;4;2;1;58;0;7801509;269;0
11;19;78;21;40;20;79;3.20;2;1;1;52;0;7802079;1806;0
11;19;78;21;40;29;64;3.60;4;2;1;59;0;7802964;1435;0
11;19;78;21;40;32;21;3.60;4;2;1;59;0;7803221;235;0
11;19;78;21;40;34;47;3.60;3;2;1;62;0;7803447;6993;0
11;19;78;21;40;36;40;3.60;3;2;1;59;0;7803640;172;0
11;19;78;21;40;36;94;3.80;4;2;1;58;0;7803694;451;0
11;19;78;21;40;38;74;3.00;4;2;1;60;0;7803874;156;0
11;19;78;21;40;38;79;3.40;3;2;1;60;0;7803879;217;0
11;19;78;21;40;40;75;3.60;4;2;1;55;0;7804075;183;0
11;19;78;21;40;40;89;3.60;3;2;1;62;0;7804089;189;0
11;19;78;21;40;41;56;3.60;2;1;1;56;0;7804156;2054;0
11;19;78;21;40;41;58;3.80;1;1;1;57;0;7804158;3789;0
11;19;78;21;40;42;26;3.20;4;2;1;57;0;7804226;127;0
11;19;78;21;40;42;68;3.40;1;1;1;56;0;7804268;86;0
11;19;78;21;40;44;44;3.80;4;2;1;59;0;7804444;197;7803694
11;19;78;21;40;44;80;3.80;1;1;1;58;0;7804480;190;7803694
11;19;78;21;40;46;79;3.80;1;1;1;56;0;7804679;175;7803694
11;19;78;21;40;47;0;3.40;3;2;1;54;0;7804700;590;0
11;19;78;21;40;49;55;3.60;1;1;1;50;0;7804955;251;0
11;19;78;21;40;55;5;3.20;2;1;1;60;0;7805505;1325;0
11;19;78;21;41;6;93;3.40;1;1;1;65;0;7806693;1712;0
11;19;78;21;41;10;31;3.40;2;1;1;61;0;7807031;1506;0
11;19;78;21;41;10;32;3.20;1;1;1;56;0;7807032;320;0
11;19;78;21;41;19;90;4.40;4;2;1;56;0;7807990;3522;0
11;19;78;21;41;27;31;3.60;4;2;1;53;0;7808731;712;0
11;19;78;21;41;29;20;3.60;4;2;1;52;0;7808920;164;0
11;19;78;21;41;29;84;3.80;1;1;1;59;0;7808984;1931;0
11;19;78;21;41;32;62;3.60;4;2;1;55;0;7809262;317;0
11;19;78;21;41;42;68;3.60;3;2;1;69;0;7810268;5545;0
11;19;78;21;41;42;97;3.80;4;2;1;57;0;7810297;1011;0
11;19;78;21;41;45;75;3.60;3;2;1;60;0;7810575;288;0
11;19;78;21;41;49;18;3.00;3;2;1;63;0;7810918;321;0
11;19;78;21;41;50;34;5.20;3;2;1;54;0;7811034;98;0
11;19;78;21;41;53;69;3.80;3;2;1;59;0;7811369;300;0
11;19;78;21;41;53;96;3.60;4;2;1;53;0;7811396;1075;0
11;19;78;21;41;54;75;3.80;3;2;1;56;0;7811475;82;0
11;19;78;21;41;54;88;3.60;1;1;1;48;0;7811488;2480;0
11;19;78;21;41;55;55;3.20;4;2;1;54;0;7811555;134;0
11;19;78;21;41;55;89;3.20;3;2;1;57;0;7811589;89;0
11;19;78;21;41;56;96;3.60;4;2;1;53;0;7811696;119;0
11;19;78;21;41;57;55;3.00;3;2;1;55;0;7811755;145;0
11;19;78;21;41;58;23;3.00;4;2;1;54;0;7811823;102;0
11;19;78;21;41;59;27;6.60;4;2;1;51;0;7811927;84;7811396
11;19;78;21;42;7;5;3.80;1;1;1;64;0;7812705;1190;0
11;19;78;21;42;12;20;3.60;2;1;1;59;0;7813220;6168;0
11;19;78;21;42;18;44;3.80;2;1;1;52;0;7813844;602;0
11;19;78;21;42;27;11;3.80;4;2;1;62;0;7814711;2737;0
11;19;78;21;42;27;41;3.80;1;1;1;60;0;7814741;2014;0
11;19;78;21;42;36;81;4.00;2;1;1;61;0;7815681;1810;0
11;19;78;21;42;37;39;3.80;1;1;1;61;0;7815739;975;0
11;19;78;21;42;41;30;3.00;2;1;1;46;0;7816130;425;0
11;19;78;21;42;47;5;3.80;2;1;1;62;0;7816705;551;0
11;19;78;21;42;49;20;3.60;2;1;1;59;0;7816920;192;0
11;19;78;21;42;51;35;3.60;4;2;1;61;0;7817135;2401;0
11;19;78;21;42;52;69;3.80;4;2;1;59;0;7817269;112;0
11;19;78;21;42;52;75;3.60;3;2;1;59;0;7817275;5500;0
11;19;78;21;42;55;35;3.60;3;2;1;61;0;7817535;238;0
11;19;78;21;42;55;56;4.00;4;2;1;59;0;7817556;263;0
11;19;78;21;42;56;84;3.40;3;2;1;57;0;7817684;127;0
11;19;78;21;42;58;88;3.80;3;2;1;59;0;7817888;182;0
11;19;78;21;43;2;73;3.60;4;2;1;51;0;7818273;692;0
11;19;78;21;43;26;12;3.60;3;2;1;59;0;7820612;2700;0
11;19;78;21;43;28;53;3.40;4;2;1;53;0;7820853;2554;0
11;19;78;21;43;37;36;3.80;4;2;1;62;0;7821736;859;0
11;19;78;21;43;45;33;3.60;1;1;1;56;0;7822533;6771;0
11;19;78;21;43;45;43;3.60;2;1;1;53;0;7822543;5601;0
11;19;78;21;43;47;6;4.40;1;1;1;59;0;7822706;149;0
11;19;78;21;43;48;24;3.20;1;1;1;53;0;7822824;91;0
11;19;78;21;43;51;52;3.80;4;2;1;56;0;7823152;1393;0
11;19;78;21;43;51;57;3.40;3;2;1;55;0;7823157;2523;0
11;19;78;21;43;53;52;4.00;3;2;1;56;0;7823352;172;0
11;19;78;21;44;0;82;4.00;3;2;1;66;0;7824082;704;0
11;19;78;21;44;1;94;3.20;4;2;1;64;0;7824194;1017;0
11;19;78;21;44;2;22;3.40;1;1;1;61;0;7824222;1376;0
11;19;78;21;44;4;2;3.20;4;2;1;61;0;7824402;190;0
11;19;78;21;44;4;37;3.40;1;1;1;59;0;7824437;194;0
11;19;78;21;44;6;46;11.60;4;2;3;58;0;7824646;225;0
11;19;78;21;44;7;85;3.20;1;1;1;57;0;7824785;327;0
11;19;78;21;44;9;80;3.20;3;2;1;61;0;7824980;876;0
11;19;78;21;44;11;74;6.00;4;2;1;58;0;7825174;456;0
11;19;78;21;44;12;31;3.60;3;2;1;60;0;7825231;232;0
11;19;78;21;44;12;74;3.20;1;1;1;57;0;7825274;468;0
11;19;78;21;44;14;42;3.80;4;2;1;58;0;7825442;230;0
11;19;78;21;44;17;65;4.40;4;2;1;55;0;7825765;299;0
11;19;78;21;44;17;94;3.80;2;1;1;58;0;7825794;3226;0
11;19;78;21;44;17;86;5.80;3;2;1;55;0;7825786;533;0
11;19;78;21;44;19;88;3.20;3;2;1;53;0;7825988;164;0
11;19;78;21;44;32;34;5.20;4;2;1;56;0;7827234;1440;0
11;19;78;21;44;42;14;3.40;4;2;1;62;0;7828214;946;0
11;19;78;21;44;44;86;3.40;4;2;1;55;0;7828486;252;0
11;19;78;21;44;53;83;14.20;4;2;4;58;0;7829383;874;0
11;19;78;21;45;4;88;4.60;1;1;1;53;0;7830488;5193;0
11;19;78;21;45;6;56;3.80;1;1;1;55;0;7830656;136;0
11;19;78;21;45;8;45;3.60;4;2;1;68;0;7830845;1373;0
11;19;78;21;45;10;24;3.60;1;1;1;54;0;7831024;343;0
11;19;78;21;45;12;74;3.60;4;2;1;60;0;7831274;409;0
11;19;78;21;45;12;90;3.60;1;1;1;53;0;7831290;242;0
11;19;78;21;45;14;39;3.60;4;2;1;60;0;7831439;143;0
11;19;78;21;45;15;40;3.20;4;2;1;60;0;7831540;79;0
11;19;78;21;45;17;25;3.80;4;2;1;57;0;7831725;165;0
11;19;78;21;45;25;89;4.00;2;1;1;56;0;7832589;6771;0
11;19;78;21;45;41;88;13.80;1;1;4;52;0;7834188;2873;0
11;19;78;21;45;44;59;3.80;1;1;1;52;0;7834459;175;0
11;19;78;21;45;45;91;3.40;4;2;1;56;0;7834591;2842;0
11;19;78;21;45;47;68;3.60;4;2;1;54;0;7834768;155;0
11;19;78;21;45;50;59;3.60;2;1;1;51;0;7835059;2444;0
11;19;78;21;45;51;10;4.00;1;1;1;63;0;7835110;624;0
11;19;78;21;46;1;23;3.60;3;2;1;64;0;7836123;10113;0
11;19;78;21;46;2;83;3.40;4;2;1;62;0;7836283;1491;0
11;19;78;21;46;4;49;3.60;4;2;1;49;0;7836449;146;0
11;19;78;21;46;5;94;3.40;4;2;1;51;0;7836594;118;0
11;19;78;21;46;23;17;3.40;4;2;1;51;0;7838317;1699;0
11;19;78;21;46;25;90;3.80;4;2;1;54;0;7838590;249;0
11;19;78;21;46;28;83;3.60;4;2;1;56;0;7838883;267;0
11;19;78;21;46;29;40;3.80;1;1;1;57;0;7838940;3807;0
11;19;78;21;46;31;24;3.80;1;1;1;55;0;7839124;160;0
11;19;78;21;46;31;34;3.60;2;1;1;55;0;7839134;4049;0
11;19;78;21;46;31;47;3.20;4;2;1;55;0;7839147;240;0
11;19;78;21;46;32;70;3.80;1;1;1;59;0;7839270;121;0
11;19;78;21;46;34;91;3.20;1;1;1;56;0;7839491;197;0
11;19;78;21;46;37;62;3.80;4;2;1;49;0;7839762;594;0
11;19;78;21;46;43;3;3.20;2;1;1;56;0;7840303;1145;0
11;19;78;21;46;43;90;3.80;2;1;1;56;0;7840390;66;0
11;19;78;21;46;45;19;4.20;2;1;1;53;0;7840519;104;0
11;19;78;21;46;51;29;3.20;1;1;1;59;0;7841129;1617;0
11;19;78;21;46;55;93;3.60;2;1;1;61;0;7841593;1045;0
11;19;78;21;47;3;69;3.20;3;2;1;63;0;7842369;6225;0
11;19;78;21;47;9;86;3.80;4;2;1;58;0;7842986;3196;0
11;19;78;21;47;15;72;3.40;4;2;1;54;0;7843572;562;0
11;19;78;21;47;18;33;4.00;4;2;1;55;0;7843833;238;0
11;19;78;21;47;20;59;3.60;4;2;1;52;0;7844059;199;0
11;19;78;21;47;24;49;3.40;4;2;1;59;0;7844449;365;0
11;19;78;21;47;25;81;3.20;4;2;1;60;0;7844581;111;0
11;19;78;21;47;35;29;3.80;2;1;1;54;0;7845529;3914;0
11;19;78;21;47;35;38;3.80;4;2;1;58;0;7845538;937;0
11;19;78;21;47;35;74;4.00;3;2;1;64;0;7845574;3186;0
11;19;78;21;47;37;9;3.80;4;2;1;60;0;7845709;147;0
11;19;78;21;47;39;18;4.80;3;2;1;57;0;7845918;321;0
11;19;78;21;47;39;60;3.80;4;2;1;62;0;7845960;228;0
11;19;78;21;47;41;29;3.80;1;1;1;61;0;7846129;4980;0
11;19;78;21;47;41;35;3.80;3;2;1;54;0;7846135;186;0
11;19;78;21;47;41;69;3.60;2;1;1;60;0;7846169;614;0
11;19;78;21;47;47;29;3.80;2;1;1;53;0;7846729;538;0
11;19;78;21;47;47;33;3.20;4;2;1;52;0;7846733;750;0
11;19;78;21;47;47;37;3.60;3;2;1;53;0;7846737;576;0
11;19;78;21;47;48;3;4.00;1;1;1;59;0;7846803;651;0
11;19;78;21;47;57;80;3.60;4;2;1;63;0;7847780;1024;0
11;19;78;21;48;3;31;3.80;2;1;1;57;0;7848331;1576;0
11;19;78;21;48;9;59;3.20;2;1;1;57;0;7848959;604;0
11;19;78;21;48;15;33;12.60;1;1;3;54;0;7849533;2705;0
11;19;78;21;48;18;60;4.00;2;1;1;59;0;7849860;880;0
11;19;78;21;48;19;99;3.60;3;2;1;51;0;7849999;3237;0
11;19;78;21;48;21;21;3.60;4;2;1;53;0;7850121;2320;0
11;19;78;21;48;23;21;3.80;3;2;1;53;0;7850321;296;0
11;19;78;21;48;23;33;3.80;2;1;1;57;0;7850333;448;0
11;19;78;21;48;26;55;3.80;2;1;1;57;0;7850655;298;0
11;19;78;21;48;33;78;11.20;4;2;3;49;0;7851378;1232;0
11;19;78;21;48;42;89;3.80;4;2;1;62;0;7852289;828;0
11;19;78;21;48;43;3;3.00;3;2;1;71;0;7852303;1956;0
11;19;78;21;48;44;49;3.40;4;2;1;59;0;7852449;137;0
11;19;78;21;48;44;72;3.60;1;1;1;55;0;7852472;2855;0
11;19;78;21;48;45;17;3.80;3;2;1;64;0;7852517;198;0
11;19;78;21;48;45;45;3.60;4;2;1;59;0;7852545;75;0
11;19;78;21;48;46;85;3.60;3;2;1;62;0;7852685;146;0
11;19;78;21;48;47;77;3.60;4;2;1;57;0;7852777;210;0
11;19;78;21;48;48;81;3.40;3;2;1;59;0;7852881;175;0
11;19;78;21;48;49;93;4.80;4;2;1;57;0;7852993;193;0
11;19;78;21;48;53;35;3.40;4;2;1;56;0;7853335;311;0
11;19;78;21;49;0;20;3.80;1;1;1;60;0;7854020;1524;0
11;19;78;21;49;2;36;3.60;2;1;1;57;0;7854236;3557;0
11;19;78;21;49;12;76;3.80;1;1;1;57;0;7855276;1233;0
11;19;78;21;49;21;59;3.60;4;2;1;65;0;7856159;2802;0
11;19;78;21;49;24;93;4.00;4;2;1;59;0;7856493;314;0
11;19;78;21;49;31;76;3.80;4;2;1;60;0;7857176;658;0
11;19;78;21;49;40;64;3.60;1;1;1;61;0;7858064;2764;0
11;19;78;21;49;46;34;3.00;2;1;1;59;0;7858634;4375;0
11;19;78;21;49;52;5;3.40;4;2;1;72;0;7859205;2006;0
11;19;78;21;49;52;71;3.80;1;1;1;60;0;7859271;1185;0
11;19;78;21;49;53;5;3.60;3;2;1;64;0;7859305;6403;0
11;19;78;21;49;56;46;4.00;4;2;1;64;0;7859646;424;0
11;19;78;21;49;56;98;3.80;2;1;1;57;0;7859698;1045;0
11;19;78;21;49;58;22;4.00;4;2;1;68;0;7859822;153;0
11;19;78;21;49;59;34;3.80;3;2;1;64;0;7859934;608;0
11;19;78;21;49;59;52;3.40;2;1;1;51;0;7859952;230;0
11;19;78;21;50;2;35;3.60;4;2;1;59;0;7860235;391;0
11;19;78;21;50;4;50;3.40;4;2;1;60;0;7860450;193;0
11;19;78;21;50;28;34;4.00;2;1;1;57;0;7862834;2858;0
11;19;78;21;50;37;13;3.20;2;1;1;52;0;7863713;853;0
11;19;78;21;50;38;9;3.60;1;1;1;59;0;7863809;4515;0
11;19;78;21;50;40;73;3.40;4;2;1;55;0;7864073;3602;0
11;19;78;21;50;43;59;3.40;1;1;1;47;0;7864359;528;0
11;19;78;21;50;46;89;4.20;2;1;1;57;0;7864689;953;0
11;19;78;21;50;49;20;5.60;1;1;1;54;0;7864920;534;0
11;19;78;21;50;57;51;4.20;4;2;1;60;0;7865751;1655;0
11;19;78;21;51;0;30;3.80;3;2;1;62;0;7866030;6074;0
11;19;78;21;51;0;93;3.80;2;1;1;58;0;7866093;1377;0
11;19;78;21;51;1;84;3.80;3;2;1;62;0;7866184;131;0
11;19;78;21;51;3;26;3.80;4;2;1;59;0;7866326;549;0
11;19;78;21;51;3;59;3.40;3;2;1;61;0;7866359;152;0
11;19;78;21;51;4;75;3.20;3;2;1;59;0;7866475;95;0
11;19;78;21;51;5;55;3.40;4;2;1;60;0;7866555;205;0
11;19;78;21;51;11;65;3.40;4;2;1;62;0;7867165;589;0
11;19;78;21;51;13;17;3.40;1;1;1;49;0;7867317;2359;0
11;19;78;21;51;14;82;3.60;3;2;1;62;0;7867482;987;0
11;19;78;21;51;14;90;12.60;4;2;3;49;0;7867490;305;0
11;19;78;21;51;18;6;4.00;4;2;1;52;0;7867806;223;0
11;19;78;21;51;20;9;3.00;4;2;1;52;0;7868009;175;0
11;19;78;21;51;21;38;3.60;1;1;1;58;0;7868138;796;0
11;19;78;21;51;39;34;3.20;4;2;1;60;0;7869934;1904;0
11;19;78;21;51;41;91;4.00;4;2;1;65;0;7870191;237;0
11;19;78;21;51;43;85;3.40;3;2;1;60;0;7870385;2882;0
11;19;78;21;51;50;16;3.40;4;2;1;55;0;7871016;802;0
11;19;78;21;52;1;39;3.40;4;2;1;51;0;7872139;1100;0
11;19;78;21;52;2;70;3.80;4;2;1;51;0;7872270;107;0
11;19;78;21;52;5;79;3.80;3;2;1;70;0;7872579;2173;0
11;19;78;21;52;6;87;3.80;2;1;1;55;0;7872687;6570;0
11;19;78;21;52;9;29;3.60;3;2;1;66;0;7872929;330;0
11;19;78;21;52;11;35;3.20;4;2;1;72;0;7873135;838;0
11;19;78;21;52;13;25;3.60;2;1;1;60;0;7873325;613;0
11;19;78;21;52;14;36;4.20;3;2;1;68;0;7873436;487;0
11;19;78;21;52;17;31;3.60;4;2;1;60;0;7873731;580;0
11;19;78;21;52;17;56;3.80;3;2;1;58;0;7873756;297;0
11;19;78;21;52;18;23;3.20;4;2;1;60;0;7873823;70;0
11;19;78;21;52;18;92;3.60;3;2;1;58;0;7873892;112;0
11;19;78;21;52;24;82;3.80;1;1;1;59;0;7874482;6321;0
11;19;78;21;52;43;1;4.40;2;1;1;60;0;7876301;2954;0
11;19;78;21;52;48;42;3.60;1;1;1;51;0;7876842;2336;0
11;19;78;21;52;51;27;3.60;1;1;1;59;0;7877127;259;0
11;19;78;21;52;52;33;3.00;4;2;1;65;0;7877233;3390;0
11;19;78;21;52;58;13;3.60;4;2;1;59;0;7877813;563;0
11;19;78;21;53;6;10;3.60;3;2;1;59;0;7878610;4695;0
11;19;78;21;53;6;17;4.20;1;1;1;57;0;7878617;1468;0
11;19;78;21;53;6;69;3.60;4;2;1;50;0;7878669;834;0
11;19;78;21;53;8;14;3.00;1;1;1;60;0;7878814;170;0
11;19;78;21;53;14;59;3.60;1;1;1;61;0;7879459;627;0
11;19;78;21;53;16;4;3.60;1;1;1;59;0;7879604;123;0
11;19;78;21;53;17;69;3.40;4;2;1;71;0;7879769;1074;0
11;19;78;21;53;18;16;3.80;1;1;1;58;0;7879816;190;0
11;19;78;21;53;24;84;3.60;3;2;1;66;0;7880484;1852;0
11;19;78;21;53;25;64;4.00;4;2;1;60;0;7880564;777;0
11;19;78;21;53;28;17;3.20;4;2;1;54;0;7880817;229;0
11;19;78;21;53;31;28;3.80;4;2;1;58;0;7881128;289;0
11;19;78;21;53;31;69;3.40;3;2;1;61;0;7881169;665;0
11;19;78;21;53;32;77;4.40;3;2;1;63;0;7881277;87;0
11;19;78;21;53;33;36;3.80;4;2;1;58;0;7881336;184;0
11;19;78;21;53;34;66;3.00;3;2;1;60;0;7881466;163;0
11;19;78;21;53;34;78;3.80;1;1;1;57;0;7881478;1638;0
11;19;78;21;53;35;67;3.20;4;2;1;54;0;7881567;207;0
11;19;78;21;53;37;80;3.80;4;2;1;55;0;7881780;191;0
11;19;78;21;53;41;16;3.60;4;2;1;56;0;7882116;311;0
11;19;78;21;53;43;36;4.00;1;1;1;56;0;7882336;834;0
11;19;78;21;53;44;67;5.20;1;1;1;59;0;7882467;105;0
11;19;78;21;53;52;30;3.40;1;1;1;58;0;7883230;731;0
11;19;78;21;54;6;58;3.20;4;2;1;58;0;7884658;2518;0
11;19;78;21;54;7;6;3.80;3;2;1;65;0;7884706;3222;0
11;19;78;21;54;6;29;14.40;1;1;4;56;0;7884629;1377;0
11;19;78;21;54;7;58;4.40;2;1;1;57;0;7884758;8430;0
11;19;78;21;54;10;29;4.00;4;2;1;57;0;7885029;351;0
11;19;78;21;54;10;80;3.80;3;2;1;69;0;7885080;352;0
11;19;78;21;54;11;1;3.80;2;1;1;57;0;7885101;315;0
11;19;78;21;54;13;98;12.80;1;1;3;57;0;7885398;676;0
11;19;78;21;54;24;22;3.80;4;2;1;55;0;7886422;1367;0
11;19;78;21;54;24;85;3.60;3;2;1;62;0;7886485;1385;0
11;19;78;21;54;26;47;3.20;4;2;1;51;0;7886647;200;0
11;19;78;21;54;36;16;3.80;4;2;1;64;0;7887616;946;0
11;19;78;21;54;40;68;4.40;4;2;1;60;0;7888068;430;0
11;19;78;21;54;41;29;3.80;3;2;1;57;0;7888129;1623;0
11;19;78;21;54;45;13;3.00;4;2;1;59;0;7888513;418;0
11;19;78;21;55;14;45;3.60;4;2;1;63;0;7891445;2913;0
11;19;78;21;55;19;73;3.60;4;2;1;56;0;7891973;507;0
11;19;78;21;55;21;53;4.00;4;2;1;60;0;7892153;156;0
11;19;78;21;55;21;63;11.40;1;1;3;53;0;7892163;6684;0
11;19;78;21;55;22;56;3.60;2;1;1;59;0;7892256;7131;0
11;19;78;21;55;29;2;3.20;2;1;1;50;0;7892902;624;0
11;19;78;21;55;30;2;3.60;2;1;1;50;0;7893002;76;0
11;19;78;21;55;30;54;4.60;1;1;1;50;0;7893054;813;0
11;19;78;21;55;31;80;3.20;2;1;1;51;0;7893180;152;0
11;19;78;21;55;33;18;3.20;2;1;1;51;0;7893318;115;0
11;19;78;21;55;34;60;3.60;2;1;1;49;0;7893460;119;7892902
11;19;78;21;55;37;3;3.60;1;1;1;50;0;7893703;615;0
11;19;78;21;55;39;42;3.40;4;2;1;71;0;7893942;1765;0
11;19;78;21;55;39;15;4.40;1;1;1;43;0;7893915;186;0
11;19;78;21;55;39;44;4.00;2;1;1;54;0;7893944;457;0
11;19;78;21;55;41;53;4.20;2;1;1;60;0;7894153;182;0
11;19;78;21;55;41;87;3.40;3;2;1;69;0;7894187;6034;0
11;19;78;21;55;42;77;3.40;1;1;1;46;0;7894277;325;0
11;19;78;21;55;44;32;4.00;2;1;1;49;0;7894432;253;0
11;19;78;21;55;45;5;3.60;3;2;1;68;0;7894505;300;0
11;19;78;21;55;46;84;3.40;2;1;1;55;0;7894684;222;0
11;19;78;21;55;47;41;3.60;4;2;1;58;0;7894741;781;0
11;19;78;21;55;50;57;3.60;2;1;1;54;0;7895057;350;0
11;19;78;21;55;50;72;2.80;4;2;1;58;0;7895072;308;0
11;19;78;21;55;50;81;3.20;3;2;1;64;0;7895081;556;0
11;19;78;21;55;52;28;4.00;3;2;1;61;0;7895228;129;0
11;19;78;21;55;53;33;3.60;4;2;1;58;0;7895333;243;0
11;19;78;21;55;55;25;3.80;4;2;1;55;0;7895525;169;0
11;19;78;21;56;6;3;3.00;1;1;1;57;0;7896603;2299;0
11;19;78;21;56;8;4;3.80;1;1;1;59;0;7896804;182;0
11;19;78;21;56;21;87;3.20;1;1;1;54;0;7898187;1359;0
11;19;78;21;56;28;64;3.40;3;2;1;62;0;7898864;3612;0
11;19;78;21;56;29;73;3.40;4;2;1;63;0;7898973;3423;0
11;19;78;21;56;41;97;3.20;1;1;1;58;0;7900197;1988;0
11;19;78;21;56;48;5;3.60;1;1;1;56;0;7900805;588;0
11;19;78;21;56;49;14;3.60;4;2;1;62;0;7900914;1921;0
11;19;78;21;56;48;36;17.00;2;1;4;58;0;7900836;5755;0
11;19;78;21;56;52;95;3.60;3;2;1;60;0;7901295;2411;0
11;19;78;21;56;53;23;3.80;4;2;1;55;0;7901323;388;0
11;19;78;21;56;55;35;3.80;2;1;1;60;0;7901535;593;0
11;19;78;21;56;55;69;3.60;1;1;1;57;0;7901569;740;0
11;19;78;21;56;57;42;3.20;4;2;1;62;0;7901742;394;0
11;19;78;21;56;57;64;3.20;1;1;1;57;0;7901764;172;0
11;19;78;21;57;0;15;3.60;4;2;1;56;0;7902015;254;0
11;19;78;21;57;2;90;3.40;4;2;1;53;0;7902290;251;0
11;19;78;21;57;11;75;3.60;2;1;1;52;0;7903175;1617;0
11;19;78;21;57;12;74;3.00;1;1;1;53;0;7903274;1489;0
11;19;78;21;57;13;26;3.40;4;2;1;65;0;7903326;1012;0
11;19;78;21;57;27;42;3.80;1;1;1;55;0;7904742;1447;0
11;19;78;21;57;27;61;3.80;2;1;1;63;0;7904761;1561;0
11;19;78;21;57;33;85;3.80;4;2;1;61;0;7905385;2040;0
11;19;78;21;57;38;60;4.60;1;1;1;61;0;7905860;1093;0
11;19;78;21;57;42;89;3.80;1;1;1;59;0;7906289;401;0
11;19;78;21;57;52;29;3.40;1;1;1;54;0;7907229;916;0
11;19;78;21;57;52;80;4.00;2;1;1;57;0;7907280;2497;0
11;19;78;21;58;0;27;3.20;4;2;1;58;0;7908027;2619;0
11;19;78;21;58;1;11;4.00;4;2;1;58;0;7908111;64;0
11;19;78;21;58;1;51;4.00;3;2;1;60;0;7908151;6834;0
11;19;78;21;58;1;97;3.60;2;1;1;55;0;7908197;891;0
11;19;78;21;58;2;56;3.60;4;2;1;57;0;7908256;120;0
11;19;78;21;58;2;91;3.80;3;2;1;58;0;7908291;116;0
11;19;78;21;58;4;67;3.00;4;2;1;59;0;7908467;188;0
11;19;78;21;58;5;94;4.00;3;2;1;64;0;7908594;279;0
11;19;78;21;58;8;53;3.80;1;1;1;59;0;7908853;1601;0
11;19;78;21;58;10;58;3.40;1;1;1;59;0;7909058;181;0
11;19;78;21;58;15;67;3.80;1;1;1;55;0;7909567;488;0
11;19;78;21;58;29;25;3.60;4;2;1;59;0;7910925;2439;0
11;19;78;21;58;35;45;3.80;1;1;1;51;0;7911545;1953;0
11;19;78;21;58;36;80;3.80;2;1;1;58;0;7911680;3459;0
11;19;78;21;58;37;20;3.20;1;1;1;52;0;7911720;148;0
11;19;78;21;58;42;16;3.80;4;2;1;66;0;7912216;1269;0
11;19;78;21;58;43;94;3.40;1;1;1;51;0;7912394;651;0
11;19;78;21;58;45;64;3.60;4;2;1;61;0;7912564;327;0
11;19;78;21;58;46;22;3.60;3;2;1;55;0;7912622;4005;0
11;19;78;21;58;46;95;3.40;1;1;1;49;0;7912695;277;0
11;19;78;21;59;2;17;4.60;2;1;1;62;0;7914217;2513;0
11;19;78;21;59;9;87;3.80;3;2;1;64;0;7914987;2341;0
11;19;78;21;59;12;25;3.80;4;2;1;62;0;7915225;2639;0
11;19;78;21;59;15;98;3.60;3;2;1;59;0;7915598;589;0
11;19;78;21;59;16;62;3.80;4;2;1;57;0;7915662;414;0
11;19;78;21;59;18;92;3.80;2;1;1;61;0;7915892;1648;0
11;19;78;21;59;21;7;3.80;4;2;1;58;0;7916107;421;0
11;19;78;21;59;26;72;4.20;1;1;1;48;0;7916672;3952;0
11;19;78;21;59;41;61;3.80;2;1;1;65;0;7918161;2246;0
11;19;78;21;59;42;29;3.80;1;1;1;58;0;7918229;1525;0
11;19;78;21;59;55;23;3.40;2;1;1;56;0;7919523;1340;0
11;19;78;21;59;58;35;3.20;4;2;1;51;0;7919835;3704;0
11;19;78;22;0;1;33;3.80;1;1;1;56;0;7920133;1880;0
11;19;78;22;0;11;17;3.60;2;1;1;56;0;7921117;1572;0
11;19;78;22;0;13;70;3.60;1;1;1;57;0;7921370;1212;0
11;19;78;22;0;14;81;3.80;2;1;1;56;0;7921481;340;0
11;19;78;22;0;18;40;4.00;4;2;1;61;0;7921840;1982;0
11;19;78;22;0;21;50;3.20;3;2;1;55;0;7922150;6530;0
11;19;78;22;0;22;41;4.20;4;2;1;54;0;7922241;377;0
11;19;78;22;0;23;35;4.00;3;2;1;52;0;7922335;164;0
11;19;78;22;0;24;46;3.60;1;1;1;60;0;7922446;1053;0
11;19;78;22;0;24;46;3.80;4;2;1;54;0;7922446;177;0
11;19;78;22;0;27;19;3.60;2;1;1;60;0;7922719;1213;0
11;19;78;22;0;28;31;3.60;3;2;1;58;0;7922831;468;0
11;19;78;22;0;28;9;9.20;4;2;2;61;0;7922809;337;0
11;19;78;22;0;29;30;3.60;3;2;1;57;0;7922930;76;0
11;19;78;22;0;30;73;3.60;1;1;1;59;0;7923073;605;0
11;19;78;22;0;32;82;3.40;4;2;1;54;0;7923282;418;0
11;19;78;22;0;34;39;3.60;4;2;1;53;0;7923439;134;0
11;19;78;22;0;36;59;3.60;4;2;1;54;0;7923659;195;0
11;19;78;22;0;46;47;3.60;1;1;1;50;0;7924647;1552;0
11;19;78;22;0;53;16;3.40;4;2;1;59;0;7925316;1633;0
11;19;78;22;1;1;78;3.00;4;2;1;62;0;7926178;841;0
11;19;78;22;1;4;2;3.60;1;1;1;59;0;7926402;1729;0
11;19;78;22;1;7;93;3.80;2;1;1;58;0;7926793;4052;0
11;19;78;22;1;10;39;3.80;3;2;1;70;0;7927039;4086;0
11;19;78;22;1;12;4;3.60;4;2;1;52;0;7927204;1008;0
11;19;78;22;1;12;48;3.40;1;1;1;49;0;7927248;824;0
11;19;78;22;1;16;1;4.00;1;1;1;54;0;7927601;328;0
11;19;78;22;1;16;77;4.00;2;1;1;59;0;7927677;860;0
11;19;78;22;1;29;26;7.60;4;2;1;62;0;7928926;1697;0
11;19;78;22;1;31;96;3.40;4;2;1;60;0;7929196;225;0
11;19;78;22;1;34;31;3.80;4;2;1;60;0;7929431;214;0
11;19;78;22;1;35;72;3.60;4;2;1;56;0;7929572;118;0
11;19;78;22;1;37;43;3.40;4;2;1;54;0;7929743;147;0
11;19;78;22;1;39;28;3.00;1;1;1;57;0;7929928;2300;0
11;19;78;22;1;41;4;3.00;4;2;1;54;0;7930104;338;0
11;19;78;22;1;41;89;4.40;2;1;1;55;0;7930189;2487;0
11;19;78;22;1;43;57;4.40;1;1;1;56;0;7930357;410;0
11;19;78;22;1;53;86;3.20;1;1;1;52;0;7931386;1000;0
11;19;78;22;1;57;7;3.80;2;1;1;51;0;7931707;1489;0
11;19;78;22;2;4;82;3.60;1;1;1;62;0;7932482;1073;0
11;19;78;22;2;8;46;3.20;1;1;1;58;0;7932846;343;0
11;19;78;22;2;11;20;3.40;1;1;1;53;0;7933120;254;0
11;19;78;22;2;14;26;3.20;2;1;1;65;0;7933426;1692;0
11;19;78;22;2;19;2;4.60;3;2;1;60;0;7933902;6843;0
11;19;78;22;2;19;81;3.60;1;1;1;59;0;7933981;837;0
11;19;78;22;2;21;79;3.20;3;2;1;60;0;7934179;249;0
11;19;78;22;2;24;36;3.40;4;2;1;57;0;7934436;4312;0
11;19;78;22;2;31;24;3.20;4;2;1;61;0;7935124;666;0
11;19;78;22;2;32;13;4.80;2;1;1;57;0;7935213;1769;0
11;19;78;22;2;35;4;3.60;4;2;1;59;0;7935504;361;0
11;19;78;22;2;41;8;3.80;4;2;1;64;0;7936108;582;0
11;19;78;22;2;41;82;3.20;3;2;1;61;0;7936182;1983;0
11;19;78;22;2;42;95;3.80;3;2;1;60;0;7936295;94;0
11;19;78;22;2;46;32;4.00;4;2;1;61;0;7936632;502;0
11;19;78;22;2;50;23;14.00;4;2;2;61;0;7937023;367;0
11;19;78;22;2;53;61;3.40;3;2;1;61;0;7937361;1043;0
11;19;78;22;2;53;78;3.80;2;1;1;62;0;7937378;2134;0
11;19;78;22;2;55;46;3.60;2;1;1;60;0;7937546;145;0
11;19;78;22;2;55;52;3.20;1;1;1;57;0;7937552;3549;0
11;19;78;22;2;57;70;3.80;2;1;1;61;0;7937770;202;0
11;19;78;22;2;58;73;3.60;2;1;1;56;0;7937873;80;0
11;19;78;22;3;0;19;3.20;1;1;1;61;0;7938019;446;0
11;19;78;22;3;2;31;3.20;1;1;1;57;0;7938231;193;0
11;19;78;22;3;3;95;5.00;2;1;1;57;0;7938395;498;0
11;19;78;22;3;5;67;3.80;1;1;1;59;0;7938567;315;0
11;19;78;22;3;10;10;3.40;1;1;1;56;0;7939010;419;0
11;19;78;22;3;12;94;3.40;1;1;1;55;0;7939294;262;0
11;19;78;22;3;17;72;3.60;4;2;1;54;0;7939772;2666;0
11;19;78;22;3;18;38;3.60;2;1;1;65;0;7939838;1411;0
11;19;78;22;3;19;47;4.00;1;1;1;58;0;7939947;630;0
11;19;78;22;3;20;84;3.60;4;2;1;66;0;7940084;288;0
11;19;78;22;3;33;99;3.60;4;2;1;55;0;7941399;1295;0
11;19;78;22;3;55;66;3.80;1;1;1;68;0;7943566;3594;0
11;19;78;22;3;55;83;3.80;4;2;1;56;0;7943583;2160;0
11;19;78;22;4;0;41;3.80;2;1;1;60;0;7944041;4183;0
11;19;78;22;4;9;50;3.00;1;1;1;52;0;7944950;1363;0
11;19;78;22;4;11;31;3.40;2;1;1;54;0;7945131;1067;0
11;19;78;22;4;11;77;3.60;1;1;1;56;0;7945177;206;0
11;19;78;22;4;13;5;3.20;2;1;1;53;0;7945305;151;0
11;19;78;22;4;14;3;3.80;1;1;1;56;0;7945403;202;0
11;19;78;22;4;17;39;3.20;1;1;1;52;0;7945739;311;0
11;19;78;22;4;20;4;3.80;1;1;1;55;0;7946004;242;0
11;19;78;22;4;20;56;4.20;2;1;1;56;0;7946056;729;0
11;19;78;22;4;25;65;3.80;2;1;1;57;0;7946565;482;0
11;19;78;22;4;30;58;3.60;1;1;1;57;0;7947058;1029;0
11;19;78;22;4;38;59;12.80;1;1;3;52;0;7947859;778;0
11;19;78;22;4;41;67;3.00;3;2;1;57;0;7948167;10785;0
11;19;78;22;4;45;48;3.60;2;1;1;56;0;7948548;1959;0
11;19;78;22;4;50;71;3.80;2;1;1;61;0;7949071;499;0
11;19;78;22;4;51;93;3.60;3;2;1;55;0;7949193;1007;0
11;19;78;22;4;53;74;3.20;4;2;1;57;0;7949374;5766;0
11;19;78;22;5;0;44;3.60;3;2;1;62;0;7950044;827;0
11;19;78;22;5;2;11;3.20;4;2;1;60;0;7950211;816;0
11;19;78;22;5;3;90;3.40;3;2;1;59;0;7950390;325;0
11;19;78;22;5;4;80;3.80;4;2;1;59;0;7950480;249;0
11;19;78;22;5;8;64;12.60;4;2;3;50;0;7950864;360;0
11;19;78;22;5;10;72;3.60;3;2;1;61;0;7951072;661;0
11;19;78;22;5;11;33;3.40;4;2;1;54;0;7951133;178;0
11;19;78;22;5;11;56;3.60;3;2;1;60;0;7951156;62;0
11;19;78;22;5;13;27;3.60;3;2;1;55;0;7951327;149;0
11;19;78;22;5;13;36;3.60;4;2;1;51;0;7951336;180;0
11;19;78;22;5;14;76;3.20;4;2;1;48;0;7951476;114;0
11;19;78;22;5;16;31;3.60;1;1;1;54;0;7951631;3683;0
11;19;78;22;5;16;81;3.40;4;2;1;48;0;7951681;181;7950864
11;19;78;22;5;23;26;4.00;2;1;1;61;0;7952326;3232;0
11;19;78;22;5;24;69;3.20;1;1;1;61;0;7952469;814;0
11;19;78;22;5;25;67;3.80;2;1;1;60;0;7952567;217;0
11;19;78;22;5;33;71;3.20;2;1;1;48;0;7953371;781;0
11;19;78;22;5;38;82;3.40;4;2;1;66;0;7953882;2175;0
11;19;78;22;5;39;17;3.80;1;1;1;55;0;7953917;1429;0
11;19;78;22;5;42;77;3.40;3;2;1;62;0;7954277;2926;0
11;19;78;22;5;44;90;3.20;4;2;1;56;0;7954490;589;0
11;19;78;22;5;45;85;3.60;1;1;1;58;0;7954585;643;0
11;19;78;22;5;47;88;3.80;4;2;1;58;0;7954788;277;0
11;19;78;22;5;49;75;3.80;1;1;1;55;0;7954975;367;0
11;19;78;22;5;53;92;3.60;4;2;1;56;0;7955392;580;0
11;19;78;22;6;9;44;3.00;1;1;1;58;0;7956944;1944;0
11;19;78;22;6;11;10;3.80;2;1;1;58;0;7957110;3715;0
11;19;78;22;6;14;86;3.80;1;1;1;48;0;7957486;523;0
11;19;78;22;6;18;30;4.00;2;1;1;54;0;7957830;696;0
11;19;78;22;6;21;7;3.60;2;1;1;55;0;7958107;250;0
11;19;78;22;6;54;65;3.60;4;2;1;57;0;7961465;6049;0
11;19;78;22;6;56;39;3.20;1;1;1;54;0;7961639;4124;0
11;19;78;22;7;1;44;4.00;2;1;1;56;0;7962144;4013;0
11;19;78;22;7;3;58;3.20;3;2;1;66;0;7962358;8061;0
11;19;78;22;7;4;32;3.40;4;2;1;59;0;7962432;944;0
11;19;78;22;7;5;42;3.80;2;1;1;57;0;7962542;372;0
11;19;78;22;7;7;48;3.20;2;1;1;55;0;7962748;182;0
11;19;78;22;7;8;22;3.00;4;2;1;55;0;7962822;369;0
11;19;78;22;7;8;37;3.20;1;1;1;63;0;7962837;1176;0
11;19;78;22;7;9;23;3.20;2;1;1;57;0;7962923;154;0
11;19;78;22;7;10;34;3.40;1;1;1;58;0;7963034;178;0
11;19;78;22;7;16;6;3.80;4;2;1;56;0;7963606;764;0
11;19;78;22;7;20;16;3.60;1;1;1;56;0;7964016;960;0
11;19;78;22;7;22;62;3.80;4;2;1;60;0;7964262;631;0
11;19;78;22;7;23;70;3.60;4;2;1;60;0;7964370;85;0
11;19;78;22;7;23;78;4.00;2;1;1;61;0;7964378;1434;0
11;19;78;22;7;24;98;3.60;3;2;1;64;0;7964498;2122;0
11;19;78;22;7;25;3;3.20;1;1;1;57;0;7964503;463;0
11;19;78;22;7;26;32;3.40;4;2;1;62;0;7964632;240;0
11;19;78;22;7;27;29;3.40;4;2;1;60;0;7964729;77;0
11;19;78;22;7;29;6;3.40;4;2;1;60;0;7964906;156;0
11;19;78;22;7;29;29;3.80;1;1;1;61;0;7964929;405;0
11;19;78;22;7;29;87;5.40;3;2;1;57;0;7964987;468;0
11;19;78;22;7;31;77;3.60;4;2;1;58;0;7965177;250;0
11;19;78;22;7;32;25;3.60;3;2;1;59;0;7965225;203;0
11;19;78;22;7;33;52;3.60;3;2;1;57;0;7965352;105;0
11;19;78;22;7;37;49;9.00;3;2;6;64;0;7965749;374;0
11;19;78;22;7;38;45;4.60;4;2;1;58;0;7965845;645;0
11;19;78;22;7;41;83;3.20;4;2;1;50;0;7966183;309;0
11;19;78;22;7;43;67;3.40;4;2;1;52;0;7966367;160;0
11;19;78;22;7;47;26;3.40;4;2;1;53;0;7966726;335;0
11;19;78;22;7;49;19;2.80;4;2;1;53;0;7966919;169;0
11;19;78;22;7;56;38;3.00;4;2;1;62;0;7967638;699;0
11;19;78;22;8;7;82;3.40;4;2;1;62;0;7968782;1126;0
11;19;78;22;8;10;39;3.20;4;2;1;66;0;7969039;237;0
11;19;78;22;8;12;30;3.40;3;2;1;53;0;7969230;3430;0
11;19;78;22;8;22;3;3.80;4;2;1;57;0;7970203;1146;0
11;19;78;22;8;24;40;3.60;4;2;1;57;0;7970440;213;0
11;19;78;22;8;30;92;3.60;1;1;1;61;0;7971092;6140;0
11;19;78;22;8;32;0;3.80;2;1;1;49;0;7971200;6798;0
11;19;78;22;8;33;0;3.80;1;1;1;61;0;7971300;186;0
11;19;78;22;8;33;8;3.60;2;1;1;49;0;7971308;80;0
11;19;78;22;8;34;62;2.80;4;2;1;58;0;7971462;999;0
11;19;78;22;8;35;87;3.80;2;1;1;53;0;7971587;252;0
11;19;78;22;8;35;96;3.60;3;2;1;60;0;7971596;2342;0
11;19;78;22;8;36;35;4.20;1;1;1;59;0;7971635;312;0
11;19;78;22;8;38;14;3.60;1;1;1;58;0;7971814;153;0
11;19;78;22;8;38;95;3.80;4;2;1;57;0;7971895;415;0
11;19;78;22;8;40;73;3.00;3;2;1;54;0;7972073;455;0
11;19;78;22;8;41;11;3.40;1;1;1;56;0;7972111;274;0
11;19;78;22;8;41;74;6.20;4;2;2;60;0;7972174;255;0
11;19;78;22;8;42;14;3.80;3;2;1;55;0;7972214;121;0
11;19;78;22;8;42;57;3.20;1;1;1;54;0;7972257;124;0
11;19;78;22;8;43;55;4.20;4;2;1;61;0;7972355;143;0
11;19;78;22;8;43;61;3.40;3;2;1;56;0;7972361;122;0
11;19;78;22;8;45;16;3.60;4;2;1;62;0;7972516;136;0
11;19;78;22;8;45;32;3.40;1;1;1;52;0;7972532;253;0
11;19;78;22;8;46;23;3.00;3;2;1;57;0;7972623;240;0
11;19;78;22;8;46;72;3.60;4;2;1;59;0;7972672;135;0
11;19;78;22;8;47;65;3.60;3;2;1;59;0;7972765;123;0
11;19;78;22;8;48;78;3.40;4;2;1;58;0;7972878;184;7972174
11;19;78;22;9;0;84;3.60;4;2;1;59;0;7974084;1184;0
11;19;78;22;9;4;19;4.20;1;1;1;59;0;7974419;1863;0
11;19;78;22;9;12;86;3.60;1;1;1;56;0;7975286;841;0
11;19;78;22;9;13;10;3.80;2;1;1;58;0;7975310;3697;0
11;19;78;22;9;13;66;3.20;4;2;1;68;0;7975366;1260;0
11;19;78;22;9;14;88;3.60;3;2;1;62;0;7975488;2701;0
11;19;78;22;9;20;56;3.60;1;1;1;56;0;7976056;746;0
11;19;78;22;9;20;67;3.80;2;1;1;58;0;7976067;733;0
11;19;78;22;9;21;63;4.00;2;1;1;59;0;7976163;72;0
11;19;78;22;9;26;42;3.40;1;1;1;61;0;7976642;562;0
11;19;78;22;9;27;84;3.60;1;1;1;67;0;7976784;121;0
11;19;78;22;9;42;67;3.60;3;2;1;67;0;7978267;2758;0
11;19;78;22;9;42;87;3.60;4;2;1;61;0;7978287;2904;0
11;19;78;22;9;44;60;4.60;4;2;1;58;0;7978460;151;0
11;19;78;22;9;49;40;2.80;4;2;1;59;0;7978940;451;0
11;19;78;22;9;51;89;3.20;4;2;1;57;0;7979189;231;0
11;19;78;22;9;52;30;2.80;3;2;1;66;0;7979230;943;0
11;19;78;22;10;13;5;3.60;4;2;1;55;0;7981305;2095;0
11;19;78;22;10;15;44;4.00;1;1;1;57;0;7981544;4740;0
11;19;78;22;10;25;22;3.60;1;1;1;62;0;7982522;952;0
11;19;78;22;10;32;84;3.60;2;1;1;55;0;7983284;7096;0
11;19;78;22;10;33;71;3.60;1;1;1;57;0;7983371;828;0
11;19;78;22;10;45;66;11.20;4;2;3;50;0;7984566;3237;0
11;19;78;22;10;49;68;3.40;4;2;1;75;0;7984968;321;0
11;19;78;22;10;49;62;4.00;1;1;1;59;0;7984962;1568;0
11;19;78;22;10;50;2;3.20;3;2;1;75;0;7985002;5756;0
11;19;78;22;10;50;77;5.60;1;1;1;58;0;7985077;90;0
11;19;78;22;10;53;91;3.40;2;1;1;60;0;7985391;2083;0
11;19;78;22;10;54;53;3.80;3;2;1;65;0;7985453;435;0
11;19;78;22;10;56;62;3.60;3;2;1;64;0;7985662;187;0
11;19;78;22;10;57;72;3.60;4;2;1;55;0;7985772;787;0
11;19;78;22;10;59;82;3.80;4;2;1;58;0;7985982;186;0
11;19;78;22;11;1;50;3.20;4;2;1;61;0;7986150;144;0
11;19;78;22;11;2;9;4.20;1;1;1;61;0;7986209;1097;0
11;19;78;22;11;4;62;3.40;4;2;1;61;0;7986462;293;0
11;19;78;22;11;5;66;3.40;3;2;1;57;0;7986566;883;0
11;19;78;22;11;6;64;5.40;3;2;1;57;0;7986664;76;0
11;19;78;22;11;8;13;3.60;4;2;1;59;0;7986813;330;0
11;19;78;22;11;9;84;3.80;4;2;1;57;0;7986984;149;0
11;19;78;22;11;12;87;2.80;4;2;1;53;0;7987287;279;0
11;19;78;22;11;34;58;3.80;2;1;1;59;0;7989458;4046;0
11;19;78;22;11;36;38;3.60;3;2;1;57;0;7989638;2939;0
11;19;78;22;11;36;50;3.20;2;1;1;58;0;7989650;168;0
11;19;78;22;11;36;45;4.20;1;1;1;58;0;7989645;3411;0
11;19;78;22;11;37;71;3.40;4;2;1;58;0;7989771;2464;0
11;19;78;22;11;38;79;3.80;2;1;1;57;0;7989879;209;0
11;19;78;22;11;50;79;3.80;2;1;1;61;0;7991079;1176;0
11;19;78;22;11;51;37;3.60;1;1;1;53;0;7991137;1465;0
11;19;78;22;11;54;25;3.80;4;2;1;57;0;7991425;1632;0
11;19;78;22;11;57;97;4.00;3;2;1;65;0;7991797;2136;0
11;19;78;22;11;58;10;3.60;1;1;1;54;0;7991810;648;0
11;19;78;22;12;1;56;3.60;2;1;1;57;0;7992156;1054;0
11;19;78;22;12;1;82;4.40;4;2;1;62;0;7992182;733;0
11;19;78;22;12;6;48;3.00;4;2;1;53;0;7992648;440;0
11;19;78;22;12;7;21;3.40;3;2;1;63;0;7992721;901;0
11;19;78;22;12;8;53;3.80;4;2;1;54;0;7992853;184;0
11;19;78;22;12;10;99;4.00;4;2;1;57;0;7993099;220;0
11;19;78;22;12;12;95;3.40;4;2;1;56;0;7993295;170;0
11;19;78;22;12;18;31;4.00;1;1;1;59;0;7993831;1997;0
11;19;78;22;12;22;3;3.60;1;1;1;54;0;7994203;347;0
11;19;78;22;12;26;16;3.60;4;2;1;64;0;7994616;1299;0
11;19;78;22;12;30;30;3.80;4;2;1;60;0;7995030;393;0
11;19;78;22;12;31;23;4.00;1;1;1;53;0;7995123;896;0
11;19;78;22;12;35;94;3.40;2;1;1;59;0;7995594;3415;0
11;19;78;22;12;37;99;3.40;1;1;1;55;0;7995799;648;0
11;19;78;22;12;41;76;3.00;4;2;1;64;0;7996176;1123;0
11;19;78;22;12;48;24;3.80;4;2;1;56;0;7996824;631;0
11;19;78;22;12;50;17;3.80;1;1;1;56;0;7997017;1195;0
11;19;78;22;12;50;85;3.40;3;2;1;61;0;7997085;4344;0
11;19;78;22;12;51;75;4.00;4;2;1;56;0;7997175;326;0
11;19;78;22;13;1;9;3.40;1;1;1;61;0;7998109;1067;0
11;19;78;22;13;4;34;3.60;2;1;1;61;0;7998434;2819;0
11;19;78;22;13;4;96;3.40;4;2;1;40;0;7998496;1295;0
11;19;78;22;13;6;8;3.60;2;1;1;60;0;7998608;152;0
11;19;78;22;13;6;72;3.00;1;1;1;58;0;7998672;542;0
11;19;78;22;13;8;19;9.60;1;1;2;57;0;7998819;128;0
11;19;78;22;13;10;42;3.60;3;2;1;59;0;7999042;1936;0
11;19;78;22;13;19;75;3.60;3;2;1;57;0;7999975;911;0
11;19;78;22;13;20;24;3.20;4;2;1;57;0;8000024;1497;0
11;19;78;22;13;21;26;3.20;1;1;1;58;0;8000126;1246;0
11;19;78;22;13;23;29;3.00;4;2;1;52;0;8000329;284;0
11;19;78;22;13;27;37;3.20;1;1;1;57;0;8000737;591;0
11;19;78;22;13;30;17;3.80;1;1;1;56;0;8001017;259;0
11;19;78;22;13;32;20;3.20;1;1;1;56;0;8001220;178;0
11;19;78;22;13;40;76;3.80;4;2;1;62;0;8002076;1726;0
11;19;78;22;13;41;60;3.60;1;1;1;48;0;8002160;919;0
11;19;78;22;13;43;41;3.00;1;1;1;50;0;8002341;154;0
11;19;78;22;13;50;40;3.80;1;1;1;63;0;8003040;677;0
11;19;78;22;13;56;12;3.40;2;1;1;61;0;8003612;4982;0
11;19;78;22;13;58;9;3.60;2;1;1;60;0;8003809;176;0
11;19;78;22;14;0;42;3.40;1;1;1;59;0;8004042;980;0
11;19;78;22;14;6;77;3.40;1;1;1;58;0;8004677;614;0
11;19;78;22;14;8;72;3.00;1;1;1;51;0;8004872;173;0
11;19;78;22;14;16;5;3.80;3;2;1;63;0;8005605;5607;0
11;19;78;22;14;16;95;3.80;4;2;1;65;0;8005695;3596;0
11;19;78;22;14;20;50;3.60;1;1;1;60;0;8006050;1156;0
11;19;78;22;14;21;76;4.40;4;2;1;57;0;8006176;459;0
11;19;78;22;14;24;65;3.80;4;2;1;57;0;8006465;261;0
11;19;78;22;14;25;97;3.20;3;2;1;68;0;8006597;970;0
11;19;78;22;14;28;27;3.60;4;2;1;57;0;8006827;338;0
11;19;78;22;14;31;87;3.80;1;1;1;61;0;8007187;1115;0
11;19;78;22;14;32;80;3.40;2;1;1;62;0;8007280;3449;0
11;19;78;22;14;36;0;4.00;2;1;1;59;0;8007600;300;0
11;19;78;22;14;43;56;3.40;1;1;1;53;0;8008356;1146;0
11;19;78;22;14;51;68;3.60;4;2;1;60;0;8009168;2318;0
11;19;78;22;14;54;7;3.80;4;2;1;56;0;8009407;217;0
11;19;78;22;15;6;3;3.60;3;2;1;66;0;8010603;3989;0
11;19;78;22;15;8;19;3.20;4;2;1;60;0;8010819;1387;0
11;19;78;22;15;12;33;3.20;2;1;1;52;0;8011233;3608;0
11;19;78;22;15;16;67;4.00;2;1;1;57;0;8011667;411;0
11;19;78;22;15;21;36;3.60;4;2;1;53;0;8012136;1297;0
11;19;78;22;15;26;69;3.60;1;1;1;51;0;8012669;4289;0
11;19;78;22;15;30;20;3.00;4;2;1;65;0;8013020;859;0
11;19;78;22;15;30;74;3.20;3;2;1;66;0;8013074;2451;0
11;19;78;22;15;32;70;3.80;3;2;1;64;0;8013270;178;0
11;19;78;22;15;36;33;3.80;4;2;1;59;0;8013633;596;0
11;19;78;22;15;37;57;4.20;1;1;1;49;0;8013757;1062;0
11;19;78;22;15;39;13;3.40;4;2;1;57;0;8013913;256;0
11;19;78;22;15;40;66;3.80;4;2;1;57;0;8014066;131;0
11;19;78;22;16;3;82;3.80;1;1;1;50;0;8016382;2594;0
11;19;78;22;16;19;84;3.60;4;2;1;61;0;8017984;3894;0
11;19;78;22;16;22;73;3.20;4;2;1;62;0;8018273;267;0
11;19;78;22;16;39;24;3.60;2;1;1;58;0;8019924;8231;0
11;19;78;22;16;41;36;3.40;4;2;1;64;0;8020136;1844;0
11;19;78;22;16;42;81;4.00;3;2;1;66;0;8020281;6989;0
11;19;78;22;16;43;23;11.40;1;1;3;53;0;8020323;3913;0
11;19;78;22;16;44;38;3.00;3;2;1;64;0;8020438;135;0
11;19;78;22;16;45;71;3.60;1;1;1;54;0;8020571;170;0
11;19;78;22;16;45;80;3.60;3;2;1;58;0;8020580;125;0
11;19;78;22;16;45;98;9.00;2;1;2;55;0;8020598;651;0
11;19;78;22;16;47;48;3.60;4;2;1;59;0;8020748;592;0
11;19;78;22;16;47;70;3.40;1;1;1;53;0;8020770;175;0
11;19;78;22;16;47;74;3.40;2;1;1;56;0;8020774;117;0
11;19;78;22;16;52;2;3.40;1;1;1;48;0;8021202;408;0
11;19;78;22;16;55;23;5.20;2;1;1;53;0;8021523;727;0
11;19;78;22;16;56;19;3.60;4;2;1;53;0;8021619;849;0
11;19;78;22;17;7;62;3.40;1;1;1;60;0;8022762;1534;0
11;19;78;22;17;9;98;3.60;1;1;1;57;0;8022998;215;0
11;19;78;22;17;11;25;12.60;4;2;3;51;0;8023125;1481;0
11;19;78;22;17;12;30;3.80;3;2;1;62;0;8023230;2627;0
11;19;78;22;17;12;43;3.80;1;1;1;62;0;8023243;222;0
11;19;78;22;17;13;3;3.20;2;1;1;57;0;8023303;1744;0
11;19;78;22;17;17;89;3.60;2;1;1;56;0;8023789;465;0
11;19;78;22;17;28;53;3.80;4;2;1;57;0;8024853;1639;0
11;19;78;22;17;41;87;3.80;4;2;1;57;0;8026187;1310;0
11;19;78;22;17;49;4;3.60;1;1;1;58;0;8026904;3638;0
11;19;78;22;17;53;89;3.40;3;2;1;56;0;8027389;4136;0
11;19;78;22;17;55;18;3.80;1;1;1;61;0;8027518;591;0
11;19;78;22;17;57;47;3.80;3;2;1;60;0;8027747;336;0
11;19;78;22;17;59;18;3.00;4;2;1;58;0;8027918;1707;0
11;19;78;22;18;0;70;3.80;2;1;1;58;0;8028070;4257;0
11;19;78;22;18;1;78;3.60;4;2;1;55;0;8028178;241;0
11;19;78;22;18;9;72;3.80;2;1;1;56;0;8028972;878;0
11;19;78;22;18;11;21;3.60;1;1;1;50;0;8029121;1580;0
11;19;78;22;18;11;32;3.60;2;1;1;55;0;8029132;135;0
11;19;78;22;18;12;56;4.00;2;1;1;56;0;8029256;100;0
11;19;78;22;18;12;62;3.80;1;1;1;49;0;8029262;115;0
11;19;78;22;18;13;54;3.00;1;1;1;48;0;8029354;64;0
11;19;78;22;18;14;28;3.80;2;1;1;53;0;8029428;146;0
11;19;78;22;18;15;94;3.40;2;1;1;55;0;8029594;140;8028972
11;19;78;22;18;17;11;3.40;1;1;1;53;0;8029711;334;0
11;19;78;22;18;17;96;3.60;2;1;1;54;0;8029796;179;8028972
11;19;78;22;18;21;25;3.60;2;1;1;55;0;8030125;305;0
11;19;78;22;18;22;37;3.00;1;1;1;48;0;8030237;502;0
11;19;78;22;18;38;8;3.00;3;2;1;58;0;8031808;4038;0
11;19;78;22;18;39;23;3.20;4;2;1;56;0;8031923;3721;0
11;19;78;22;18;39;23;3.80;1;1;1;55;0;8031923;1663;0
11;19;78;22;18;40;45;3.40;4;2;1;55;0;8032045;101;0
11;19;78;22;18;40;85;3.40;3;2;1;63;0;8032085;258;0
11;19;78;22;19;2;70;3.40;3;2;1;66;0;8034270;2165;0
11;19;78;22;19;3;33;4.00;4;2;1;60;0;8034333;2265;0
11;19;78;22;19;5;15;3.80;4;2;1;59;0;8034515;158;0
11;19;78;22;19;6;65;3.60;4;2;1;60;0;8034665;126;0
11;19;78;22;19;6;63;5.20;3;2;1;57;0;8034663;374;0
11;19;78;22;19;7;71;4.60;3;2;1;52;0;8034771;75;0
11;19;78;22;19;11;27;3.60;3;2;1;58;0;8035127;324;0
11;19;78;22;19;13;11;3.80;3;2;1;57;0;8035311;161;0
11;19;78;22;19;17;34;3.40;3;2;1;55;0;8035734;399;0
11;19;78;22;19;23;87;4.00;1;1;1;57;0;8036387;4439;0
11;19;78;22;19;23;99;3.60;2;1;1;54;0;8036399;6250;0
11;19;78;22;19;26;32;4.00;1;1;1;56;0;8036632;219;0
11;19;78;22;19;28;38;3.00;4;2;1;64;0;8036838;2151;0
11;19;78;22;19;29;27;3.60;2;1;1;52;0;8036927;504;0
11;19;78;22;19;31;66;3.40;2;1;1;54;0;8037166;214;0
11;19;78;22;19;34;22;4.00;1;1;1;52;0;8037422;764;0
11;19;78;22;19;36;66;4.60;2;1;1;62;0;8037666;477;0
11;19;78;22;19;37;94;3.80;2;1;1;55;0;8037794;101;0
11;19;78;22;19;38;74;12.40;1;1;3;53;0;8037874;424;0
11;19;78;22;19;40;46;4.00;2;1;1;58;0;8038046;227;0
11;19;78;22;19;42;45;3.80;2;1;1;56;0;8038245;174;0
11;19;78;22;19;45;75;4.40;3;2;1;64;0;8038575;2818;0
11;19;78;22;19;49;29;3.40;2;1;1;57;0;8038929;659;0
11;19;78;22;19;51;47;3.80;1;1;1;58;0;8039147;1188;0
11;19;78;22;19;54;22;4.40;3;2;1;64;0;8039422;822;0
11;19;78;22;19;54;16;3.00;4;2;1;49;0;8039416;2561;0
11;19;78;22;19;54;90;3.60;1;1;1;55;0;8039490;319;0
11;19;78;22;19;55;8;3.40;4;2;1;52;0;8039508;69;0
11;19;78;22;19;56;59;3.60;4;2;1;50;0;8039659;127;0
11;19;78;22;19;57;75;2.80;4;2;1;48;0;8039775;90;0
11;19;78;22;20;13;41;3.40;2;1;1;60;0;8041341;2390;0
11;19;78;22;20;13;56;3.40;3;2;1;61;0;8041356;1909;0
11;19;78;22;20;15;20;2.80;4;2;1;57;0;8041520;1724;0
11;19;78;22;20;16;81;3.40;4;2;1;59;0;8041681;143;0
11;19;78;22;20;18;55;4.00;4;2;1;60;0;8041855;153;0
11;19;78;22;20;18;68;3.40;3;2;1;58;0;8041868;491;0
11;19;78;22;20;20;61;3.80;2;1;1;56;0;8042061;699;0
11;19;78;22;20;21;66;3.40;1;1;1;44;0;8042166;2652;0
11;19;78;22;20;22;65;3.20;4;2;1;57;0;8042265;386;0
11;19;78;22;20;22;93;3.40;1;1;1;45;0;8042293;99;0
11;19;78;22;20;56;11;4.60;4;2;1;58;0;8045611;3325;0
11;19;78;22;20;58;16;3.80;3;2;1;59;0;8045816;3926;0
11;19;78;22;21;1;12;3.40;4;2;1;54;0;8046112;472;0
11;19;78;22;21;2;19;3.80;2;1;1;56;0;8046219;4133;0
11;19;78;22;21;3;30;3.40;2;1;1;57;0;8046330;86;0
11;19;78;22;21;3;19;11.80;1;1;3;57;0;8046319;3998;0
11;19;78;22;21;4;49;4.00;1;1;1;57;0;8046449;55;0
11;19;78;22;21;5;2;3.20;2;1;1;63;0;8046502;150;0
11;19;78;22;21;6;50;5.40;2;1;1;58;0;8046650;129;0
11;19;78;22;21;8;37;3.80;2;1;1;58;0;8046837;153;8046219
11;19;78;22;21;8;43;3.40;1;1;1;54;0;8046843;368;0
11;19;78;22;21;9;55;3.60;1;1;1;55;0;8046955;89;0
11;19;78;22;21;11;88;3.80;1;1;1;49;0;8047188;209;0
11;19;78;22;21;14;5;3.20;1;1;1;47;0;8047405;189;0
11;19;78;22;21;16;68;3.40;1;1;1;48;0;8047668;238;0
11;19;78;22;21;17;81;4.40;1;1;1;49;0;8047781;87;0
11;19;78;22;21;19;64;3.60;2;1;1;61;0;8047964;1103;0
11;19;78;22;21;22;21;3.60;3;2;1;66;0;8048221;2381;0
11;19;78;22;21;23;34;3.80;4;2;1;66;0;8048334;2199;0
11;19;78;22;21;24;31;3.60;2;1;1;52;0;8048431;445;0
11;19;78;22;21;25;55;3.20;4;2;1;67;0;8048555;200;0
11;19;78;22;21;26;31;5.20;3;2;1;62;0;8048631;390;0
11;19;78;22;21;26;59;3.60;2;1;1;55;0;8048659;203;0
11;19;78;22;21;27;98;3.80;4;2;1;63;0;8048798;225;0
11;19;78;22;21;29;15;5.80;2;1;1;53;0;8048915;232;0
11;19;78;22;21;32;61;3.20;4;2;1;55;0;8049261;441;0
11;19;78;22;21;32;50;3.60;1;1;1;57;0;8049250;1436;0
11;19;78;22;21;35;73;3.80;1;1;1;57;0;8049573;300;0
11;19;78;22;21;45;4;3.40;1;1;1;59;0;8050504;907;0
11;19;78;22;21;50;53;4.00;4;2;1;64;0;8051053;1771;0
11;19;78;22;21;52;48;3.80;3;2;1;60;0;8051248;2586;0
11;19;78;22;21;53;35;3.60;1;1;1;53;0;8051335;810;0
11;19;78;22;21;54;79;3.00;1;1;1;56;0;8051479;119;0
11;19;78;22;22;4;58;3.20;2;1;1;57;0;8052458;3503;0
11;19;78;22;22;5;71;3.60;4;2;1;69;0;8052571;1495;0
11;19;78;22;22;22;43;3.80;1;1;1;54;0;8054243;2744;0
11;19;78;22;22;30;60;3.60;4;2;1;58;0;8055060;2470;0
11;19;78;22;22;31;57;3.80;3;2;1;59;0;8055157;3886;0
11;19;78;22;22;32;30;3.20;4;2;1;58;0;8055230;147;0
11;19;78;22;22;35;78;3.60;4;2;1;57;0;8055578;328;0
11;19;78;22;22;36;43;3.60;3;2;1;60;0;8055643;462;0
11;19;78;22;22;37;23;3.40;4;2;1;58;0;8055723;122;0
11;19;78;22;22;37;71;3.60;3;2;1;58;0;8055771;106;0
11;19;78;22;22;40;64;3.60;4;2;1;55;0;8056064;319;0
11;19;78;22;22;42;33;3.80;4;2;1;54;0;8056233;145;0
11;19;78;22;22;45;20;3.60;1;1;1;60;0;8056520;2251;0
11;19;78;22;22;51;49;5.00;1;1;1;58;0;8057149;607;0
11;19;78;22;22;57;69;3.60;2;1;1;54;0;8057769;5290;0
11;19;78;22;23;8;54;3.60;1;1;1;51;0;8058854;1673;0
11;19;78;22;23;17;11;3.60;4;2;1;45;0;8059711;3452;0
11;19;78;22;23;24;91;3.40;4;2;1;60;0;8060491;751;0
11;19;78;22;23;26;27;3.60;4;2;1;57;0;8060627;115;0
11;19;78;22;23;27;34;3.60;2;1;1;61;0;8060734;2941;0
11;19;78;22;23;29;5;4.00;2;1;1;54;0;8060905;149;0
11;19;78;22;23;30;97;3.60;4;2;1;51;0;8061097;447;0
11;19;78;22;23;42;18;3.80;2;1;1;71;0;8062218;1286;0
11;19;78;22;23;45;95;3.60;4;2;1;59;0;8062595;1472;0
11;19;78;22;23;49;64;3.40;3;2;1;60;0;8062964;7170;0
11;19;78;22;23;51;28;3.40;3;2;1;62;0;8063128;143;0
11;19;78;22;23;52;49;3.20;1;1;1;58;0;8063249;4369;0
11;19;78;22;23;52;85;3.20;4;2;1;57;0;8063285;668;0
11;19;78;22;23;54;89;3.20;4;2;1;53;0;8063489;183;0
11;19;78;22;24;8;64;3.60;1;1;1;49;0;8064864;1595;0
11;19;78;22;24;11;50;3.80;1;1;1;61;0;8065150;259;0
11;19;78;22;24;14;75;5.80;2;1;1;51;0;8065475;3237;0
11;19;78;22;24;26;84;4.00;1;1;1;53;0;8066684;1511;0
11;19;78;22;24;27;51;3.60;4;2;1;61;0;8066751;3240;0
11;19;78;22;24;47;38;3.60;1;1;1;55;0;8068738;2026;0
11;19;78;22;24;47;47;3.00;4;2;1;58;0;8068747;1974;0
11;19;78;22;24;48;74;3.40;2;1;1;54;0;8068874;3358;0
11;19;78;22;24;51;7;3.60;3;2;1;60;0;8069107;5959;0
11;19;78;22;24;52;47;3.60;4;2;1;58;0;8069247;481;0
11;19;78;22;24;52;68;4.00;3;2;1;62;0;8069268;139;0
11;19;78;22;24;53;11;3.80;2;1;1;54;0;8069311;414;0
11;19;78;22;24;55;51;3.60;4;2;1;61;0;8069551;281;0
11;19;78;22;24;55;92;3.60;2;1;1;50;0;8069592;255;0
11;19;78;22;24;58;70;3.60;3;2;1;57;0;8069870;578;0
11;19;78;22;24;59;18;3.80;4;2;1;57;0;8069918;345;0
11;19;78;22;25;1;71;3.60;1;1;1;61;0;8070171;1409;0
11;19;78;22;25;5;28;3.20;1;1;1;60;0;8070528;335;0
11;19;78;22;25;10;13;3.80;2;1;1;53;0;8071013;1395;0
11;19;78;22;25;25;64;3.80;2;1;1;57;0;8072564;1525;0
11;19;78;22;25;26;44;3.40;1;1;1;59;0;8072644;2096;0
11;19;78;22;25;31;99;3.80;3;2;1;66;0;8073199;3306;0
11;19;78;22;25;32;8;3.80;4;2;1;62;0;8073208;3266;0
11;19;78;22;25;33;42;3.20;4;2;1;61;0;8073342;111;0
11;19;78;22;25;33;90;4.00;1;1;1;56;0;8073390;725;0
11;19;78;22;25;34;30;3.40;4;2;1;66;0;8073430;69;0
11;19;78;22;25;44;13;4.00;4;2;1;58;0;8074413;964;0
11;19;78;22;26;0;37;4.20;3;2;1;64;0;8076037;2817;0
11;19;78;22;26;1;52;3.40;3;2;1;63;0;8076152;91;0
11;19;78;22;26;2;32;3.20;4;2;1;62;0;8076232;1794;0
11;19;78;22;26;8;12;3.60;4;2;1;56;0;8076812;561;0
11;19;78;22;26;16;69;4.20;1;1;1;56;0;8077669;4253;0
11;19;78;22;26;16;88;3.80;2;1;1;56;0;8077688;5100;0
11;19;78;22;26;18;13;3.40;1;1;1;56;0;8077813;117;0
11;19;78;22;26;18;51;3.60;2;1;1;56;0;8077851;138;0
11;19;78;22;26;19;89;3.20;2;1;1;56;0;8077989;114;0
11;19;78;22;26;34;5;3.80;2;1;1;62;0;8079405;1395;0
11;19;78;22;26;35;74;3.80;4;2;1;57;0;8079574;2738;0
11;19;78;22;26;48;39;3.40;4;2;1;59;0;8080839;1241;0
11;19;78;22;26;48;90;3.80;3;2;1;63;0;8080890;4718;0
11;19;78;22;26;50;18;3.80;4;2;1;55;0;8081018;158;0
11;19;78;22;27;9;96;4.40;4;2;1;75;0;8082996;1953;0
11;19;78;22;27;11;28;4.40;3;2;1;60;0;8083128;2216;0
11;19;78;22;27;13;73;3.40;4;2;1;59;0;8083373;355;0
11;19;78;22;27;18;9;3.60;4;2;1;57;0;8083809;415;0
11;19;78;22;27;18;88;3.20;1;1;1;58;0;8083888;6053;0
11;19;78;22;27;20;16;3.80;4;2;1;57;0;8084016;184;0
11;19;78;22;27;20;33;3.80;2;1;1;70;0;8084033;4605;0
11;19;78;22;27;21;45;3.40;4;2;1;57;0;8084145;105;0
11;19;78;22;27;23;57;3.80;3;2;1;60;0;8084357;1202;0
11;19;78;22;27;25;97;3.60;2;1;1;55;0;8084597;544;0
11;19;78;22;27;28;66;3.60;2;1;1;53;0;8084866;245;0
11;19;78;22;27;31;32;3.60;2;1;1;57;0;8085132;241;0
11;19;78;22;27;42;46;3.80;1;1;1;51;0;8086246;2338;0
11;19;78;22;27;46;25;3.00;1;1;1;46;0;8086625;352;0
11;19;78;22;27;56;66;4.00;4;2;1;64;0;8087666;3499;0
11;19;78;22;28;0;27;3.60;1;1;1;60;0;8088027;1378;0
11;19;78;22;28;17;6;3.40;2;1;1;61;0;8089706;4551;0
11;19;78;22;28;21;16;3.80;1;1;1;61;0;8090116;2067;0
11;19;78;22;28;22;97;3.80;3;2;1;58;0;8090297;5917;0
11;19;78;22;28;25;75;3.40;2;1;1;59;0;8090575;848;0
11;19;78;22;28;26;53;3.60;3;2;1;57;0;8090653;332;0
11;19;78;22;28;28;16;3.00;3;2;1;62;0;8090816;140;0
11;19;78;22;28;27;62;12.40;4;2;3;53;0;8090762;3073;0
11;19;78;22;28;28;65;3.80;1;1;1;52;0;8090865;726;0
11;19;78;22;28;29;49;3.20;4;2;1;54;0;8090949;102;0
11;19;78;22;28;30;89;3.40;4;2;1;52;0;8091089;118;0
11;19;78;22;28;30;87;3.80;3;2;1;58;0;8091087;253;0
11;19;78;22;28;32;45;3.40;4;2;1;52;0;8091245;132;0
11;19;78;22;28;33;98;4.00;4;2;1;54;0;8091398;129;8090762
11;19;78;22;28;36;87;3.60;4;2;1;55;0;8091687;262;0
11;19;78;22;28;51;7;3.60;2;1;1;61;0;8093107;2511;0
11;19;78;22;28;51;73;3.80;1;1;1;60;0;8093173;2281;0
11;19;78;22;28;52;58;3.80;2;1;1;61;0;8093258;129;0
11;19;78;22;29;7;68;3.40;2;1;1;59;0;8094768;1487;0
11;19;78;22;29;10;33;3.60;1;1;1;60;0;8095033;1837;0
11;19;78;22;29;15;66;3.20;1;1;1;70;0;8095566;511;0
11;19;78;22;29;15;38;11.20;4;2;3;56;0;8095538;3827;0
11;19;78;22;29;20;92;4.00;1;1;1;57;0;8096092;509;0
11;19;78;22;29;20;99;4.00;2;1;1;61;0;8096099;1310;0
11;19;78;22;29;27;82;3.60;3;2;1;69;0;8096782;5671;0
11;19;78;22;29;29;8;3.40;4;2;1;60;0;8096908;1298;0
11;19;78;22;29;29;65;3.60;3;2;1;62;0;8096965;164;0
11;19;78;22;29;29;53;10.80;1;1;7;62;0;8096953;835;0
11;19;78;22;29;30;66;3.80;3;2;1;62;0;8097066;80;0
11;19;78;22;29;32;19;3.60;3;2;1;64;0;8097219;130;0
11;19;78;22;29;32;24;4.00;4;2;1;59;0;8097224;295;0
11;19;78;22;29;36;0;3.60;4;2;1;56;0;8097600;351;0
11;19;78;22;29;39;34;4.20;2;1;1;61;0;8097934;1811;0
11;19;78;22;29;50;46;3.60;1;1;1;57;0;8099046;2030;0
11;19;78;22;29;54;41;3.20;1;1;1;55;0;8099441;372;0
11;19;78;22;30;13;67;3.20;4;2;1;59;0;8101367;3743;0
11;19;78;22;30;16;61;3.40;4;2;1;59;0;8101661;274;0
11;19;78;22;30;27;33;3.80;4;2;1;51;0;8102733;1051;0
11;19;78;22;30;39;51;4.00;4;2;1;58;0;8103951;1191;0
11;19;78;22;30;43;14;3.40;3;2;1;62;0;8104314;7074;0
11;19;78;22;30;44;94;5.60;1;1;1;51;0;8104494;5032;0
11;19;78;22;30;45;45;3.00;4;2;1;53;0;8104545;569;0
11;19;78;22;30;52;84;3.20;1;1;1;55;0;8105284;750;0
11;19;78;22;30;58;86;3.60;1;1;1;49;0;8105886;581;0
11;19;78;22;31;0;30;3.60;1;1;1;49;0;8106030;117;0
11;19;78;22;31;10;60;5.80;1;1;1;59;0;8107060;1003;0
11;19;78;22;31;26;74;3.40;3;2;1;61;0;8108674;4340;0
11;19;78;22;31;28;8;3.60;3;2;1;58;0;8108808;113;0
11;19;78;22;31;33;49;3.20;4;2;1;58;0;8109349;4783;0
11;19;78;22;31;44;84;3.80;4;2;1;58;0;8110484;1115;0
11;19;78;22;31;48;78;3.60;4;2;1;64;0;8110878;370;0
11;19;78;22;31;53;37;3.20;4;2;1;64;0;8111337;438;0
11;19;78;22;31;55;47;3.40;4;2;1;60;0;8111547;192;0
11;19;78;22;31;57;37;3.60;1;1;1;61;0;8111737;4641;0
11;19;78;22;32;0;8;3.20;4;2;1;57;0;8112008;440;0
11;19;78;22;32;0;13;3.20;2;1;1;57;0;8112013;14054;0
11;19;78;22;32;1;40;3.40;1;1;1;53;0;8112140;381;0
11;19;78;22;32;3;8;3.60;2;1;1;60;0;8112308;274;0
11;19;78;22;32;4;31;3.80;1;1;1;52;0;8112431;267;0
11;19;78;22;32;5;55;3.80;1;1;1;57;0;8112555;97;0
11;19;78;22;32;7;5;3.40;2;1;1;60;0;8112705;375;0
11;19;78;22;32;7;28;3.80;1;1;1;58;0;8112728;149;0
11;19;78;22;32;14;97;3.60;1;1;1;56;0;8113497;745;0
11;19;78;22;32;22;27;4.00;4;2;1;60;0;8114227;2198;0
11;19;78;22;33;3;23;3.60;3;2;1;58;0;8118323;9492;0
11;19;78;22;33;3;92;3.80;4;2;1;62;0;8118392;4141;0
11;19;78;22;33;4;89;3.20;3;2;1;59;0;8118489;143;0
11;19;78;22;33;6;3;3.60;3;2;1;59;0;8118603;94;0
11;19;78;22;33;7;58;5.00;4;2;1;57;0;8118758;343;0
11;19;78;22;33;9;67;4.60;4;2;1;58;0;8118967;177;0
11;19;78;22;33;13;39;3.20;3;2;1;53;0;8119339;714;0
11;19;78;22;33;17;86;3.80;3;2;1;53;0;8119786;425;0
11;19;78;22;33;20;68;3.00;2;1;1;54;0;8120068;7342;0
11;19;78;22;33;21;16;3.20;1;1;1;53;0;8120116;6595;0
11;19;78;22;33;27;78;4.00;3;2;1;64;0;8120778;966;0
11;19;78;22;33;27;67;13.20;1;1;7;56;0;8120767;629;0
11;19;78;22;33;29;33;3.40;2;1;1;62;0;8120933;845;0
11;19;78;22;33;34;73;5.00;1;1;1;54;0;8121473;621;0
11;19;78;22;34;5;12;3.60;4;2;1;58;0;8124512;5516;0
11;19;78;22;34;9;48;4.20;4;2;1;64;0;8124948;413;0
11;19;78;22;34;11;57;3.20;3;2;1;63;0;8125157;4356;0
11;19;78;22;34;12;2;4.40;4;2;1;62;0;8125202;230;0
11;19;78;22;34;15;42;20.60;1;1;4;58;0;8125542;4035;0
11;19;78;22;34;16;94;3.40;4;2;1;58;0;8125694;466;0
11;19;78;22;34;21;75;3.40;2;1;1;59;0;8126175;5222;0
11;19;78;22;34;22;3;3.00;1;1;1;55;0;8126203;533;0
11;19;78;22;34;23;23;3.40;1;1;1;58;0;8126323;100;0
11;19;78;22;34;39;59;4.00;2;1;1;62;0;8127959;1763;0
11;19;78;22;34;59;12;3.40;4;2;1;53;0;8129912;4196;0
11;19;78;22;35;11;11;3.60;4;2;1;46;0;8131111;1175;0
11;19;78;22;35;11;29;3.40;3;2;1;51;0;8131129;5953;0
11;19;78;22;35;12;33;3.20;4;2;1;47;0;8131233;93;0
11;19;78;22;35;16;85;3.40;1;1;1;58;0;8131685;5340;0
11;19;78;22;35;19;70;3.40;2;1;1;63;0;8131970;3987;0
11;19;78;22;35;19;77;3.60;3;2;1;62;0;8131977;824;0
11;19;78;22;35;20;54;3.80;4;2;1;63;0;8132054;796;0
11;19;78;22;35;27;98;3.60;3;2;1;58;0;8132798;800;0
11;19;78;22;35;28;2;3.20;4;2;1;56;0;8132802;726;0
11;19;78;22;35;29;33;3.80;3;2;1;57;0;8132933;112;0
11;19;78;22;35;29;94;3.60;1;1;1;54;0;8132994;1287;0
11;19;78;22;35;30;19;3.60;4;2;1;56;0;8133019;196;0
11;19;78;22;35;30;59;3.60;3;2;1;58;0;8133059;102;0
11;19;78;22;35;31;32;4.00;4;2;1;57;0;8133132;89;0
11;19;78;22;35;34;54;3.40;4;2;1;56;0;8133454;296;0
11;19;78;22;35;36;68;3.60;4;2;1;54;0;8133668;192;0
11;19;78;22;35;42;38;3.80;1;1;1;54;0;8134238;1220;0
11;19;78;22;35;50;54;3.60;4;2;1;59;0;8135054;1362;0
11;19;78;22;35;52;13;3.60;1;1;1;60;0;8135213;949;0
11;19;78;22;36;6;71;3.80;4;2;1;56;0;8136671;1595;0
11;19;78;22;36;15;13;3.00;4;2;1;46;0;8137513;817;0
11;19;78;22;36;21;59;3.60;1;1;1;59;0;8138159;2924;0
11;19;78;22;36;22;12;3.20;4;2;1;58;0;8138212;675;0
11;19;78;22;36;29;51;3.60;4;2;1;60;0;8138951;719;0
11;19;78;22;36;30;88;3.80;4;2;1;60;0;8139088;115;0
11;19;78;22;36;33;13;4.20;4;2;1;57;0;8139313;202;0
11;19;78;22;36;36;90;4.00;4;2;1;54;0;8139690;350;0
11;19;78;22;36;38;91;3.00;4;2;1;52;0;8139891;174;0
11;19;78;22;36;39;99;5.00;4;2;1;55;0;8139999;87;0
11;19;78;22;36;58;22;3.60;4;2;1;63;0;8141822;1790;0
11;19;78;22;37;4;89;11.40;1;1;3;45;0;8142489;4308;0
11;19;78;22;37;10;77;3.80;1;1;1;59;0;8143077;496;0
11;19;78;22;37;13;48;3.60;2;1;1;43;0;8143348;11358;0
11;19;78;22;37;15;84;3.60;2;1;1;48;0;8143584;205;0
11;19;78;22;37;16;24;3.20;4;2;1;59;0;8143624;1781;0
11;19;78;22;37;16;55;16.60;1;1;4;63;0;8143655;554;0
11;19;78;22;37;20;4;3.80;4;2;1;57;0;8144004;360;0
11;19;78;22;37;25;33;3.60;4;2;1;58;0;8144533;505;0
11;19;78;22;37;42;75;3.00;4;2;1;59;0;8146275;1719;0
11;19;78;22;37;47;48;3.60;3;2;1;66;0;8146748;13666;0
11;19;78;22;37;50;11;3.40;4;2;1;57;0;8147011;717;0
11;19;78;22;37;57;0;3.60;4;2;1;45;0;8147700;667;0
11;19;78;22;38;11;47;3.80;1;1;1;58;0;8149147;5397;0
11;19;78;22;38;29;24;4.00;2;1;1;72;0;8150924;7313;0
11;19;78;22;38;31;83;11.80;2;1;3;58;0;8151183;239;0
11;19;78;22;38;37;42;3.60;1;1;1;58;0;8151742;2571;0
11;19;78;22;38;49;78;3.60;2;1;1;59;0;8152978;1721;0
11;19;78;22;38;53;10;4.40;4;2;1;60;0;8153310;5581;0
11;19;78;22;38;53;42;3.80;3;2;1;56;0;8153342;6574;0
11;19;78;22;38;54;29;3.60;3;2;1;55;0;8153429;62;0
11;19;78;22;38;54;47;3.40;4;2;1;57;0;8153447;110;0
11;19;78;22;39;0;87;3.60;3;2;1;51;0;8154087;634;0
11;19;78;22;39;12;41;3.80;1;1;1;66;0;8155241;3476;0
11;19;78;22;39;16;29;5.60;1;1;1;63;0;8155629;367;0
11;19;78;22;39;22;60;3.40;4;2;1;60;0;8156260;2791;0
11;19;78;22;39;23;33;3.40;1;1;1;57;0;8156333;672;0
11;19;78;22;39;24;66;3.40;1;1;1;58;0;8156466;111;0
11;19;78;22;39;25;60;3.80;4;2;1;76;0;8156560;279;0
11;19;78;22;39;25;67;3.60;3;2;1;65;0;8156567;2454;0
11;19;78;22;39;35;87;3.40;4;2;1;60;0;8157587;1009;0
11;19;78;22;39;50;70;25.00;1;1;5;59;0;8159070;2582;0
11;19;78;22;39;52;16;3.40;4;2;1;59;0;8159216;1608;0
11;19;78;22;39;57;32;3.40;4;2;1;63;0;8159732;495;0
11;19;78;22;40;1;60;3.40;3;2;1;62;0;8160160;3573;0
11;19;78;22;40;2;67;3.20;4;2;1;64;0;8160267;515;0
11;19;78;22;40;6;94;3.60;3;2;1;56;0;8160694;514;0
11;19;78;22;40;9;9;14.00;4;2;4;51;0;8160909;624;0
11;19;78;22;40;21;42;4.60;1;1;1;59;0;8162142;2919;0
11;19;78;22;40;37;77;3.40;2;1;1;60;0;8163777;10777;0
11;19;78;22;40;39;78;4.00;1;1;1;61;0;8163978;1807;0
11;19;78;22;40;41;23;3.80;4;2;1;50;0;8164123;3115;0
11;19;78;22;41;8;22;4.00;4;2;1;61;0;8166822;2671;0
11;19;78;22;41;21;0;4.00;1;1;1;54;0;8168100;4098;0
11;19;78;22;41;29;64;3.80;1;1;1;56;0;8168964;837;0
11;19;78;22;41;39;30;3.60;4;2;1;67;0;8169930;3084;0
11;19;78;22;41;45;22;5.80;1;1;1;57;0;8170522;1533;0
11;19;78;22;41;46;74;3.60;1;1;1;55;0;8170674;115;0
11;19;78;22;41;51;85;3.40;2;1;1;56;0;8171185;7387;0
11;19;78;22;41;52;45;3.80;4;2;1;61;0;8171245;1295;0
11;19;78;22;41;52;94;3.60;1;1;1;62;0;8171294;596;0
11;19;78;22;41;58;40;3.80;1;1;1;55;0;8171840;525;0
11;19;78;22;41;59;20;3.80;3;2;1;62;0;8171920;11202;0
11;19;78;22;42;6;2;3.60;3;2;1;56;0;8172602;659;0
11;19;78;22;42;19;23;4.00;4;2;1;60;0;8173923;2655;0
11;19;78;22;42;21;0;5.20;4;2;1;60;0;8174100;153;0
11;19;78;22;42;21;41;3.60;1;1;1;58;0;8174141;2276;0
11;19;78;22;42;23;13;6.40;4;2;1;61;0;8174313;181;0
11;19;78;22;42;24;4;3.20;1;1;1;57;0;8174404;240;0
11;19;78;22;42;24;35;3.40;2;1;1;57;0;8174435;3228;0
11;19;78;22;42;42;65;3.80;3;2;1;66;0;8176265;3639;0
11;19;78;22;42;50;71;3.60;1;1;1;58;0;8177071;2646;0
11;19;78;22;42;51;8;4.00;2;1;1;57;0;8177108;2651;0
11;19;78;22;42;54;23;3.40;2;1;1;60;0;8177423;289;0
11;19;78;22;43;2;41;4.00;4;2;1;63;0;8178241;3890;0
11;19;78;22;43;5;76;4.20;4;2;1;63;0;8178576;312;0
11;19;78;22;43;27;90;3.80;2;1;1;57;0;8180790;3346;0
11;19;78;22;43;31;33;3.60;4;2;1;62;0;8181133;2533;0
11;19;78;22;43;31;89;3.80;3;2;1;59;0;8181189;4903;0
11;19;78;22;43;34;9;3.60;4;2;1;58;0;8181409;255;0
11;19;78;22;43;35;1;3.60;3;2;1;62;0;8181501;288;0
11;19;78;22;43;39;89;3.60;3;2;1;60;0;8181989;467;0
11;19;78;22;43;42;1;2.40;4;2;0;61;1;8182201;769;0
11;19;78;22;43;44;53;8.20;3;2;2;59;0;8182453;442;0
11;19;78;22;43;44;19;12.60;4;2;3;47;0;8182419;987;0
11;19;78;22;43;47;40;3.80;4;2;1;46;0;8182740;224;0
11;19;78;22;43;53;31;3.60;1;1;1;59;0;8183331;6237;0
11;19;78;22;43;59;93;3.80;4;2;1;54;0;8183993;1223;0
11;19;78;22;44;0;44;3.80;2;1;1;56;0;8184044;3230;0
11;19;78;22;44;10;24;3.80;1;1;1;56;0;8185024;1671;0
11;19;78;22;44;14;12;5.20;4;2;1;62;0;8185412;1393;0
11;19;78;22;44;32;78;4.00;3;2;1;78;0;8187278;4774;0
11;19;78;22;44;36;39;3.40;4;2;1;59;0;8187639;2196;0
11;19;78;22;44;40;47;3.40;4;2;1;58;0;8188047;387;0
11;19;78;22;44;45;70;3.60;4;2;1;53;0;8188570;501;0
11;19;78;22;44;49;45;3.40;4;2;1;53;0;8188945;350;0
11;19;78;22;44;49;97;3.60;2;1;1;55;0;8188997;4928;0
11;19;78;22;44;51;24;3.80;2;1;1;54;0;8189124;103;0
11;19;78;22;44;54;52;3.60;1;1;1;55;0;8189452;4403;0
11;19;78;22;44;58;80;3.20;1;1;1;56;0;8189880;404;0
11;19;78;22;45;25;10;3.60;1;1;1;52;0;8192510;2609;0
11;19;78;22;45;34;23;3.60;4;2;1;53;0;8193423;4454;0
11;19;78;22;45;47;5;3.60;4;2;1;62;0;8194705;1257;0
11;19;78;22;45;47;55;3.40;3;2;1;64;0;8194755;7458;0
11;19;78;22;45;50;0;3.80;3;2;1;66;0;8195000;225;0
11;19;78;22;45;52;9;3.60;3;2;1;66;0;8195209;188;0
11;19;78;22;45;54;57;3.80;2;1;1;50;0;8195457;6307;0
11;19;78;22;45;55;3;3.60;4;2;1;59;0;8195503;777;0
11;19;78;22;45;55;32;3.60;3;2;1;64;0;8195532;303;0
11;19;78;22;45;57;90;3.40;2;1;1;50;0;8195790;305;0
11;19;78;22;45;59;12;3.40;4;2;1;56;0;8195912;387;0
11;19;78;22;46;14;41;3.60;2;1;1;48;0;8197441;1626;0
11;19;78;22;46;14;66;3.00;1;1;1;49;0;8197466;4931;0
11;19;78;22;46;15;38;2.80;2;1;1;53;0;8197538;70;0
11;19;78;22;46;16;46;3.60;2;1;1;47;0;8197646;88;0
11;19;78;22;46;22;39;3.80;4;2;1;57;0;8198239;2305;0
11;19;78;22;46;40;95;3.80;4;2;1;50;0;8200095;1832;0
11;19;78;22;46;59;87;3.40;3;2;1;57;0;8201987;6434;0
11;19;78;22;47;5;23;4.60;3;2;1;58;0;8202523;514;0
11;19;78;22;47;9;4;3.80;3;2;1;61;0;8202904;352;0
11;19;78;22;47;23;63;11.80;1;1;3;51;0;8204363;6874;0
11;19;78;22;47;41;64;3.60;4;2;1;57;0;8206164;6041;0
11;19;78;22;47;48;28;3.60;2;1;1;57;0;8206828;9154;0
11;19;78;22;47;49;46;3.80;2;1;1;59;0;8206946;95;0
11;19;78;22;47;51;5;3.60;1;1;1;56;0;8207105;2658;0
11;19;78;22;47;54;34;3.20;2;1;1;52;0;8207434;464;0
11;19;78;22;48;3;40;4.80;1;1;1;54;0;8208340;1211;0
11;19;78;22;48;9;84;3.40;4;2;1;60;0;8208984;2797;0
11;19;78;22;48;12;81;3.40;4;2;1;57;0;8209281;276;0
11;19;78;22;48;15;65;3.60;2;1;1;60;0;8209565;2108;0
11;19;78;22;48;17;23;14.20;1;1;4;51;0;8209723;1351;0
11;19;78;22;48;25;70;3.60;1;1;1;58;0;8210570;746;0
11;19;78;22;48;26;93;3.40;2;1;1;56;0;8210693;1106;0
11;19;78;22;48;27;84;3.80;2;1;1;57;0;8210784;69;0
11;19;78;22;48;35;45;13.00;2;1;2;58;0;8211545;737;0
11;19;78;22;48;40;10;3.80;2;1;1;58;0;8212010;384;0
11;19;78;22;48;43;10;4.00;2;1;1;61;0;8212310;276;0
11;19;78;22;48;52;69;3.80;4;2;1;54;0;8213269;3966;0
11;19;78;22;49;6;13;3.60;3;2;1;57;0;8214613;11686;0
11;19;78;22;49;7;59;3.80;4;2;1;53;0;8214759;1464;0
11;19;78;22;49;14;54;3.20;4;2;1;54;0;8215454;669;0
11;19;78;22;49;14;63;3.60;2;1;1;61;0;8215463;3129;0
11;19;78;22;49;18;12;3.60;4;2;1;60;0;8215812;336;0
11;19;78;22;49;19;74;3.60;2;1;1;55;0;8215974;489;0
11;19;78;22;49;20;29;3.40;1;1;1;49;0;8216029;5436;0
11;19;78;22;49;33;6;3.80;1;1;1;61;0;8217306;1252;0
11;19;78;22;49;35;83;3.80;2;1;1;64;0;8217583;1585;0
11;19;78;22;50;6;13;3.60;1;1;1;50;0;8220613;3284;0
11;19;78;22;50;10;20;3.20;1;1;1;45;0;8221020;381;0
11;19;78;22;50;13;90;11.20;4;2;3;53;0;8221390;5556;0
11;19;78;22;50;22;84;5.20;4;2;1;59;0;8222284;817;0
11;19;78;22;50;30;2;3.20;3;2;1;66;0;8223002;8366;0
11;19;78;22;50;30;90;3.80;4;2;1;66;0;8223090;774;0
11;19;78;22;50;33;93;3.20;4;2;1;58;0;8223393;282;0
11;19;78;22;50;34;3;3.20;2;1;1;57;0;8223403;5798;0
11;19;78;22;50;37;71;3.40;1;1;1;60;0;8223771;2725;0
11;19;78;22;50;55;24;3.40;1;1;1;65;0;8225524;1732;0
11;19;78;22;51;4;6;4.20;1;1;1;72;0;8226406;863;0
11;19;78;22;51;23;96;3.40;4;2;1;56;0;8228396;4983;0
11;19;78;22;51;39;1;3.40;4;2;1;63;0;8229901;1483;0
11;19;78;22;51;40;85;3.80;4;2;1;60;0;8230085;164;0
11;19;78;22;52;3;35;3.60;2;1;1;57;0;8232335;8911;0
11;19;78;22;52;16;89;3.40;2;1;1;63;0;8233689;1331;0
11;19;78;22;52;17;14;3.80;1;1;1;43;0;8233714;7287;0
11;19;78;22;52;20;47;3.80;2;1;1;60;0;8234047;338;0
11;19;78;22;52;27;87;4.00;1;1;1;56;0;8234787;1041;0
11;19;78;22;52;49;37;3.80;4;2;1;61;0;8236937;6829;0
11;19;78;22;52;58;91;3.40;4;2;1;57;0;8237891;931;0
11;19;78;22;53;2;74;10.20;2;1;2;52;0;8238274;4204;0
11;19;78;22;53;22;59;3.80;1;1;1;58;0;8240259;5446;0
11;19;78;22;53;24;58;3.40;2;1;1;62;0;8240458;2113;0
11;19;78;22;53;42;14;4.40;1;1;1;54;0;8242214;1931;0
11;19;78;22;54;5;60;3.60;1;1;1;51;0;8244560;2316;0
11;19;78;22;54;23;72;11.40;1;1;3;57;0;8246372;1786;0
11;19;78;22;54;27;59;3.40;2;1;1;56;0;8246759;6281;0
11;19;78;22;54;31;83;3.80;1;1;1;58;0;8247183;739;0
11;19;78;22;54;32;80;3.40;2;1;1;55;0;8247280;499;0
11;19;78;22;54;46;62;3.60;1;1;1;58;0;8248662;1455;0
11;19;78;22;54;47;77;3.80;4;2;1;57;0;8248777;10864;0
11;19;78;22;54;50;89;3.60;2;1;1;61;0;8249089;1786;0
11;19;78;22;54;58;93;3.40;4;2;1;65;0;8249893;1092;0
11;19;78;22;55;10;29;9.60;3;2;2;57;0;8251029;28009;0
11;19;78;22;55;12;20;3.80;4;2;1;58;0;8251220;1308;0
11;19;78;22;55;12;85;3.40;4;2;1;59;0;8251285;41;0
11;19;78;22;55;13;2;3.60;3;2;1;59;0;8251302;212;0
11;19;78;22;55;17;6;3.80;2;1;1;55;0;8251706;2595;0
11;19;78;22;55;19;45;3.80;1;1;1;58;0;8251945;3260;0
11;19;78;22;55;24;88;3.60;2;1;1;57;0;8252488;757;0
11;19;78;22;55;36;64;3.40;1;1;1;58;0;8253664;1695;0
11;19;78;22;55;38;35;3.60;4;2;1;63;0;8253835;2529;0
11;19;78;22;55;51;4;3.80;3;2;1;65;0;8255104;3780;0
11;19;78;22;55;57;56;3.60;2;1;1;59;0;8255756;3245;0
11;19;78;22;55;59;82;3.80;4;2;1;54;0;8255982;2126;0
11;19;78;22;56;17;38;3.40;2;1;1;56;0;8257738;1960;0
11;19;78;22;56;20;63;3.00;4;2;1;62;0;8258063;2055;0
11;19;78;22;56;23;14;4.00;4;2;1;59;0;8258314;233;0
11;19;78;22;56;23;96;3.60;3;2;1;62;0;8258396;3270;0
11;19;78;22;56;27;84;3.00;2;1;1;53;0;8258784;1024;0
11;19;78;22;56;28;98;3.40;1;1;1;55;0;8258898;5212;0
11;19;78;22;56;29;36;3.40;4;2;1;57;0;8258936;597;0
11;19;78;22;56;42;81;10.80;1;1;2;61;0;8260281;1360;0
11;19;78;22;56;59;2;3.40;3;2;1;64;0;8261902;3485;0
11;19;78;22;57;7;81;3.80;2;1;1;63;0;8262781;3976;0
11;19;78;22;57;11;56;3.80;1;1;1;58;0;8263156;2811;0
11;19;78;22;57;39;87;16.20;4;2;2;56;0;8265987;7029;0
11;19;78;22;57;43;26;3.60;1;1;1;59;0;8266326;3146;0
11;19;78;22;57;54;62;3.80;1;1;1;58;0;8267462;1114;0
11;19;78;22;57;55;74;3.80;4;2;1;56;0;8267574;1482;0
11;19;78;22;58;3;49;3.20;1;1;1;53;0;8268349;863;0
11;19;78;22;58;5;4;3.80;4;2;1;54;0;8268504;905;0
11;19;78;22;58;5;93;3.80;1;1;1;55;0;8268593;222;0
11;19;78;22;58;17;11;11.40;4;2;3;58;0;8269711;1181;0
11;19;78;22;58;27;71;3.80;1;1;1;63;0;8270771;2153;0
11;19;78;22;58;30;65;3.80;4;2;1;71;0;8271065;1283;0
11;19;78;22;58;31;35;3.20;2;1;1;55;0;8271135;8332;0
11;19;78;22;58;35;47;3.80;3;2;1;64;0;8271547;9625;0
11;19;78;22;58;36;24;4.40;4;2;1;56;0;8271624;539;0
11;19;78;22;58;41;51;3.80;1;1;1;56;0;8272151;1358;0
11;19;78;22;58;42;77;3.80;3;2;1;58;0;8272277;708;0
11;19;78;22;58;44;94;3.80;4;2;1;55;0;8272494;841;0
11;19;78;22;58;46;10;3.20;2;1;1;61;0;8272610;1454;0
11;19;78;22;59;5;57;3.80;1;1;1;49;0;8274557;2381;0
11;19;78;22;59;14;48;3.80;4;2;1;58;0;8275448;2929;0
11;19;78;22;59;28;43;5.20;4;2;1;57;0;8276843;1371;0
11;19;78;22;59;42;89;5.60;3;2;1;62;0;8278289;5988;0
11;19;78;22;59;46;66;3.80;2;1;1;58;0;8278666;6037;0
11;19;78;22;59;47;23;3.60;4;2;1;62;0;8278723;1847;0
11;19;78;22;59;48;68;3.40;1;1;1;56;0;8278868;4283;0
11;19;78;22;59;50;74;3.60;3;2;1;67;0;8279074;752;0
11;19;78;22;59;51;10;3.20;4;2;1;58;0;8279110;366;0
11;19;78;22;59;53;62;3.60;4;2;1;60;0;8279362;232;0
11;19;78;22;59;55;26;4.00;4;2;1;59;0;8279526;142;0
11;19;78;23;0;3;62;11.60;4;2;3;45;0;8280362;811;0
11;19;78;23;0;5;26;3.40;2;1;1;51;0;8280526;1836;0
11;19;78;23;0;26;52;4.00;2;1;1;48;0;8282652;2102;0
11;19;78;23;0;29;94;3.40;2;1;1;52;0;8282994;312;0
11;19;78;23;0;32;5;3.20;1;1;1;59;0;8283205;4315;0
11;19;78;23;0;35;27;3.00;2;1;1;55;0;8283527;509;0
11;19;78;23;0;38;49;3.60;2;1;1;51;0;8283849;302;0
11;19;78;23;0;39;12;3.60;1;1;1;59;0;8283912;687;0
11;19;78;23;0;54;80;3.20;4;2;1;70;0;8285480;5025;0
11;19;78;23;0;58;67;3.80;3;2;1;65;0;8285867;6773;0
11;19;78;23;1;0;37;3.40;2;1;1;42;0;8286037;2162;0
11;19;78;23;1;2;44;4.00;1;1;1;61;0;8286244;2310;0
11;19;78;23;1;4;98;3.80;3;2;1;55;0;8286498;609;0
11;19;78;23;1;36;44;3.60;1;1;1;57;0;8289644;3376;0
11;19;78;23;2;23;94;4.00;4;2;1;69;0;8294394;8897;0
11;19;78;23;2;25;45;3.60;2;1;1;52;0;8294545;8478;0
11;19;78;23;2;27;22;3.40;3;2;1;59;0;8294722;8199;0
11;19;78;23;2;27;42;3.80;4;2;1;60;0;8294742;327;0
11;19;78;23;2;42;61;4.00;1;1;1;57;0;8296261;6594;0
11;19;78;23;3;2;22;3.40;1;1;1;59;0;8298222;1935;0
11;19;78;23;3;7;29;3.40;4;2;1;57;0;8298729;3964;0
11;19;78;23;3;15;82;3.20;4;2;1;59;0;8299582;831;0
11;19;78;23;3;24;6;3.40;1;1;1;60;0;8300406;2163;0
11;19;78;23;3;42;77;3.80;2;1;1;61;0;8302277;7707;0
11;19;78;23;3;50;10;3.80;4;2;1;62;0;8303010;3408;0
11;19;78;23;3;51;45;3.60;3;2;1;66;0;8303145;8402;0
11;19;78;23;3;53;46;3.60;4;2;1;65;0;8303346;313;0
11;19;78;23;3;55;61;2.60;1;1;0;58;1;8303561;3134;0
11;19;78;23;3;56;88;3.00;4;2;1;65;0;8303688;322;0
11;19;78;23;4;5;19;3.60;4;2;1;58;0;8304519;814;0
11;19;78;23;4;7;5;3.40;2;1;1;57;0;8304705;2405;0
11;19;78;23;4;12;38;20.40;4;2;4;59;0;8305238;696;0
11;19;78;23;4;24;1;11.80;1;1;3;54;0;8306401;5974;0
11;19;78;23;4;24;88;3.40;2;1;1;54;0;8306488;1761;0
11;19;78;23;4;40;68;3.60;3;2;1;66;0;8308068;4903;0
11;19;78;23;4;51;42;3.60;2;1;1;54;0;8309142;2631;0
11;19;78;23;4;52;75;3.20;1;1;1;56;0;8309275;2795;0
11;19;78;23;5;0;50;3.60;4;2;1;43;0;8310050;4687;0
11;19;78;23;5;7;25;3.40;2;1;1;62;0;8310725;1559;0
11;19;78;23;5;9;90;3.60;1;1;1;58;0;8310990;1694;0
11;19;78;23;5;18;79;3.80;1;1;1;59;0;8311879;866;0
11;19;78;23;5;29;40;3.20;3;2;1;69;0;8312940;4852;0
11;19;78;23;5;29;59;3.60;1;1;1;54;0;8312959;1056;0
11;19;78;23;5;35;44;3.20;2;1;1;61;0;8313544;2799;0
11;19;78;23;5;37;68;3.60;4;2;1;57;0;8313768;3687;0
11;19;78;23;5;42;93;3.20;4;2;1;52;0;8314293;502;0
11;19;78;23;5;47;57;3.20;1;1;1;54;0;8314757;1774;0
11;19;78;23;5;47;90;3.80;2;1;1;58;0;8314790;1227;0
11;19;78;23;5;53;77;3.60;2;1;1;56;0;8315377;563;0
11;19;78;23;5;56;91;4.00;1;1;1;60;0;8315691;912;0
11;19;78;23;6;13;21;3.00;4;2;1;55;0;8317321;3005;0
11;19;78;23;6;21;55;3.60;4;2;1;54;0;8318155;814;0
11;19;78;23;6;51;69;4.40;4;2;1;64;0;8321169;2990;0
11;19;78;23;6;53;49;3.40;4;2;1;60;0;8321349;155;0
11;19;78;23;6;57;23;3.60;3;2;1;58;0;8321723;8766;0
11;19;78;23;6;58;59;3.20;4;2;1;57;0;8321859;489;0
11;19;78;23;6;59;57;3.40;3;2;1;57;0;8321957;211;0
11;19;78;23;7;5;15;3.40;2;1;1;59;0;8322515;7114;0
11;19;78;23;7;6;85;3.80;1;1;1;55;0;8322685;6970;0
11;19;78;23;7;20;63;3.40;3;2;1;82;0;8324063;2084;0
11;19;78;23;7;30;51;3.60;3;2;1;65;0;8325051;973;0
11;19;78;23;7;35;60;3.80;4;2;1;57;0;8325560;3680;0
11;19;78;23;7;49;76;3.60;1;1;1;57;0;8326976;4266;0
11;19;78;23;8;11;74;4.40;2;1;1;61;0;8329174;6638;0
11;19;78;23;8;17;72;3.40;2;1;1;51;0;8329772;572;0
11;19;78;23;8;20;81;3.40;4;2;1;55;0;8330081;4497;0
11;19;78;23;8;43;14;3.60;2;1;1;57;0;8332314;2518;0
11;19;78;23;8;49;96;3.80;1;1;1;63;0;8332996;5997;0
11;19;78;23;8;56;77;3.80;4;2;1;59;0;8333677;3573;0
11;19;78;23;9;11;99;3.80;4;2;1;67;0;8335199;1498;0
11;19;78;23;9;17;64;4.00;2;1;1;61;0;8335764;3427;0
11;19;78;23;9;22;5;3.40;2;1;1;76;0;8336205;417;0
11;19;78;23;9;37;84;4.40;1;1;1;58;0;8337784;4766;0
11;19;78;23;9;41;63;4.20;1;1;1;59;0;8338163;351;0
11;19;78;23;9;41;72;3.60;2;1;1;62;0;8338172;1950;0
11;19;78;23;9;45;24;3.80;4;2;1;58;0;8338524;3304;0
11;19;78;23;9;52;16;3.00;4;2;1;59;0;8339216;668;0
11;19;78;23;9;54;54;3.20;4;2;1;65;0;8339454;219;0
11;19;78;23;9;59;18;3.60;2;1;1;51;0;8339918;1725;0
11;19;78;23;10;8;45;3.80;1;1;1;60;0;8340845;2656;0
11;19;78;23;10;21;99;3.40;4;2;1;55;0;8342199;2727;0
11;19;78;23;10;23;35;4.00;1;1;1;59;0;8342335;1467;0
11;19;78;23;10;43;48;3.60;4;2;1;70;0;8344348;2126;0
11;19;78;23;10;44;38;3.60;3;2;1;72;0;8344438;19367;0
11;19;78;23;10;45;53;4.00;4;2;1;67;0;8344553;186;0
11;19;78;23;11;18;70;3.40;2;1;1;60;0;8347870;7926;0
11;19;78;23;11;21;14;3.80;4;2;1;62;0;8348114;3539;0
11;19;78;23;11;26;50;3.20;4;2;1;61;0;8348650;513;0
11;19;78;23;11;48;72;17.00;1;1;4;58;0;8350872;8512;0
11;19;78;23;11;50;86;3.40;4;2;1;72;0;8351086;2417;0
11;19;78;23;11;52;8;3.80;3;2;1;70;0;8351208;6752;0
11;19;78;23;11;53;45;11.40;4;2;3;45;0;8351345;242;0
11;19;78;23;11;54;69;3.80;2;1;1;53;0;8351469;3578;0
11;19;78;23;11;54;96;3.20;1;1;1;55;0;8351496;518;0
11;19;78;23;11;59;72;3.40;1;1;1;53;0;8351972;455;0
11;19;78;23;12;12;26;3.80;1;1;1;60;0;8353226;1230;0
11;19;78;23;12;19;75;4.20;1;1;1;59;0;8353975;726;0
11;19;78;23;12;54;20;3.80;1;1;1;59;0;8357420;3419;0
11;19;78;23;13;2;29;4.00;1;1;1;66;0;8358229;785;0
11;19;78;23;13;17;47;3.60;3;2;1;60;0;8359747;8519;0
11;19;78;23;13;18;93;3.40;4;2;1;63;0;8359893;8456;0
11;19;78;23;13;26;99;3.80;1;1;1;54;0;8360699;2448;0
11;19;78;23;13;31;56;3.40;2;1;1;51;0;8361156;9661;0
11;19;78;23;13;37;19;3.60;3;2;1;57;0;8361719;1950;0
11;19;78;23;13;40;52;3.80;1;1;1;58;0;8362052;1327;0
11;19;78;23;13;56;16;3.60;4;2;1;53;0;8363616;3703;0
11;19;78;23;14;9;3;3.80;1;1;1;47;0;8364903;2827;0
11;19;78;23;14;12;18;3.20;1;1;1;54;0;8365218;285;0
11;19;78;23;14;44;57;4.00;2;1;1;59;0;8368457;7277;0
11;19;78;23;14;45;41;3.40;3;2;1;61;0;8368541;6799;0
11;19;78;23;14;46;15;11.40;1;1;3;47;0;8368615;3375;0
11;19;78;23;14;47;30;3.60;2;1;1;55;0;8368730;248;0
11;19;78;23;14;52;54;4.00;2;1;1;55;0;8369254;500;0
11;19;78;23;14;58;63;3.40;3;2;1;62;0;8369863;1301;0
11;19;78;23;14;58;77;3.40;4;2;1;57;0;8369877;6236;0
11;19;78;23;15;7;93;11.60;4;2;3;48;0;8370793;894;0
11;19;78;23;15;29;58;4.00;1;1;1;61;0;8372958;4255;0
11;19;78;23;15;33;11;3.40;1;1;1;45;0;8373311;329;0
11;19;78;23;15;57;72;3.80;4;2;1;59;0;8375772;4892;0
11;19;78;23;16;2;82;4.40;1;1;1;62;0;8376282;2943;0
11;19;78;23;16;8;67;3.00;3;2;1;55;0;8376867;6984;0
11;19;78;23;16;21;84;3.60;1;1;1;55;0;8378184;1876;0
11;19;78;23;16;23;15;3.60;4;2;1;58;0;8378315;2519;0
11;19;78;23;16;53;63;3.80;1;1;1;51;0;8381363;3155;0
11;19;78;23;16;54;64;12.80;1;1;3;57;0;8381464;74;0
11;19;78;23;16;59;2;3.60;1;1;1;53;0;8381902;357;0
11;19;78;23;17;10;67;3.60;2;1;1;58;0;8383067;13786;0
11;19;78;23;17;11;9;3.20;1;1;1;55;0;8383109;1182;0
11;19;78;23;17;15;52;3.80;3;2;1;58;0;8383552;6665;0
11;19;78;23;17;18;49;3.40;4;2;1;60;0;8383849;5511;0
11;19;78;23;17;18;98;3.00;3;2;1;61;0;8383898;322;0
11;19;78;23;17;21;77;3.20;4;2;1;60;0;8384177;307;0
11;19;78;23;17;27;45;3.60;2;1;1;53;0;8384745;1655;0
11;19;78;23;17;30;71;3.60;2;1;1;59;0;8385071;301;0
11;19;78;23;17;34;15;3.60;2;1;1;56;0;8385415;322;0
11;19;78;23;17;35;31;3.60;1;1;1;53;0;8385531;2401;0
11;19;78;23;17;47;24;3.20;2;1;1;57;0;8386724;1285;0
11;19;78;23;17;57;78;3.40;1;1;1;54;0;8387778;2222;0
11;19;78;23;17;58;28;3.60;2;1;1;59;0;8387828;1083;0
11;19;78;23;18;4;50;3.20;1;1;1;54;0;8388450;649;0
11;19;78;23;18;16;0;3.40;4;2;1;64;0;8389600;5403;0
11;19;78;23;18;16;29;3.00;1;1;1;53;0;8389629;1157;0
11;19;78;23;18;18;94;3.60;4;2;1;58;0;8389894;274;0
11;19;78;23;18;22;50;10.60;4;2;7;63;0;8390250;333;0
11;19;78;23;18;25;81;3.60;4;2;1;63;0;8390581;270;0
11;19;78;23;18;34;37;3.60;1;1;1;57;0;8391437;1787;0
11;19;78;23;18;37;51;3.80;1;1;1;56;0;8391751;291;0
11;19;78;23;18;47;63;3.80;1;1;1;58;0;8392763;987;0
11;19;78;23;19;21;97;2.80;1;1;1;59;0;8396197;3410;0
11;19;78;23;19;23;75;4.00;3;2;1;66;0;8396375;12459;0
11;19;78;23;19;29;37;3.40;4;2;1;57;0;8396937;6335;0
11;19;78;23;19;31;77;3.60;4;2;1;59;0;8397177;218;0
11;19;78;23;19;33;4;3.00;1;1;1;60;0;8397304;1089;0
11;19;78;23;19;34;61;3.80;2;1;1;66;0;8397461;9611;0
11;19;78;23;19;46;82;3.40;2;1;1;58;0;8398682;1200;0
11;19;78;23;19;51;18;3.80;1;1;1;57;0;8399118;1796;0
11;19;78;23;20;8;94;3.80;1;1;1;61;0;8400894;1752;0
11;19;78;23;20;15;78;3.60;1;1;1;56;0;8401578;661;0
11;19;78;23;20;27;40;3.60;1;1;1;58;0;8402740;1138;0
11;19;78;23;20;29;2;3.40;1;1;1;59;0;8402902;139;0
11;19;78;23;20;37;25;3.20;2;1;1;54;0;8403725;5021;0
11;19;78;23;20;50;32;3.60;4;2;1;59;0;8405032;7833;0
11;19;78;23;20;52;10;3.40;4;2;1;62;0;8405210;156;0
11;19;78;23;21;1;78;3.20;2;1;1;58;0;8406178;2431;0
11;19;78;23;21;12;61;4.00;4;2;1;70;0;8407261;2031;0
11;19;78;23;21;21;92;11.00;1;1;2;55;0;8408192;5269;0
11;19;78;23;21;44;16;3.20;1;1;1;55;0;8410416;2152;0
11;19;78;23;21;53;25;3.80;4;2;1;65;0;8411325;4043;0
11;19;78;23;21;56;80;4.20;1;1;1;56;0;8411680;1243;0
11;19;78;23;21;58;31;3.60;1;1;1;55;0;8411831;124;0
11;19;78;23;22;22;70;3.40;2;1;1;59;0;8414270;8072;0
11;19;78;23;22;31;98;3.60;1;1;1;55;0;8415198;3343;0
11;19;78;23;23;11;88;3.60;3;2;1;60;0;8419188;22791;0
11;19;78;23;23;15;76;3.40;1;1;1;52;0;8419576;4354;0
11;19;78;23;23;21;63;3.40;4;2;1;51;0;8420163;8816;0
11;19;78;23;23;55;27;3.00;2;1;1;46;0;8423527;9236;0
11;19;78;23;23;56;49;3.80;1;1;1;55;0;8423649;4049;0
11;19;78;23;24;1;20;3.40;1;1;1;54;0;8424120;446;0
11;19;78;23;24;4;65;3.80;2;1;1;55;0;8424465;914;0
11;19;78;23;24;4;94;3.20;4;2;1;67;0;8424494;4307;0
11;19;78;23;24;18;91;3.60;4;2;1;60;0;8425891;1379;0
11;19;78;23;24;19;38;5.20;3;2;1;68;0;8425938;6728;0
11;19;78;23;24;21;90;3.60;4;2;1;71;0;8426190;277;0
11;19;78;23;24;25;54;3.40;4;2;1;53;0;8426554;345;0
11;19;78;23;24;31;59;3.80;4;2;1;51;0;8427159;581;0
11;19;78;23;24;43;1;3.80;2;1;1;59;0;8428301;3811;0
11;19;78;23;24;45;97;4.20;4;2;1;60;0;8428597;1411;0
11;19;78;23;25;5;64;3.80;1;1;1;54;0;8430564;6421;0
11;19;78;23;25;6;70;3.40;1;1;1;52;0;8430670;80;0
11;19;78;23;25;12;53;3.80;1;1;1;61;0;8431253;559;0
11;19;78;23;25;35;57;3.60;4;2;1;68;0;8433557;4934;0
11;19;78;23;26;2;48;3.80;1;1;1;60;0;8436248;4972;0
11;19;78;23;26;3;59;3.80;2;1;1;59;0;8436359;8034;0
11;19;78;23;26;16;81;3.40;4;2;1;64;0;8437681;4104;0
11;19;78;23;26;24;25;3.00;4;2;1;53;0;8438425;724;0
11;19;78;23;26;26;3;3.80;2;1;1;55;0;8438603;2220;0
11;19;78;23;26;36;14;4.00;2;1;1;59;0;8439614;986;0
11;19;78;23;26;38;11;3.00;2;1;1;60;0;8439811;172;0
11;19;78;23;26;40;65;3.60;1;1;1;57;0;8440065;3794;0
11;19;78;23;26;41;80;6.80;2;1;1;63;0;8440180;351;0
11;19;78;23;27;5;1;3.00;4;2;1;61;0;8442501;4055;0
11;19;78;23;27;6;59;3.40;4;2;1;62;0;8442659;140;0
11;19;78;23;27;7;7;3.20;3;2;1;65;0;8442707;16741;0
11;19;78;23;27;8;91;3.80;4;2;1;60;0;8442891;212;0
11;19;78;23;27;10;96;4.00;1;1;1;59;0;8443096;3008;0
11;19;78;23;27;11;35;4.00;4;2;1;60;0;8443135;221;0
11;19;78;23;27;22;94;3.80;4;2;1;64;0;8444294;1135;0
11;19;78;23;27;26;5;3.60;3;2;1;63;0;8444605;1880;0
11;19;78;23;27;29;5;4.00;3;2;1;59;0;8444905;279;0
11;19;78;23;27;30;25;4.00;4;2;1;57;0;8445025;709;0
11;19;78;23;27;31;77;3.60;4;2;1;57;0;8445177;126;0
11;19;78;23;27;49;28;4.20;1;1;1;55;0;8446928;3807;0
11;19;78;23;27;59;60;3.40;1;1;1;55;0;8447960;1004;0
11;19;78;23;28;19;24;3.40;1;1;1;48;0;8449924;1941;0
11;19;78;23;28;32;42;4.60;1;1;1;63;0;8451242;1292;0
11;19;78;23;28;48;82;3.80;4;2;1;73;0;8452882;7682;0
11;19;78;23;29;5;39;4.20;1;1;1;61;0;8454539;3270;0
11;19;78;23;29;42;26;3.60;3;2;1;75;0;8458226;13296;0
11;19;78;23;29;43;95;4.00;4;2;1;71;0;8458395;5494;0
11;19;78;23;29;45;35;3.40;1;1;1;54;0;8458535;3971;0
11;19;78;23;29;46;37;3.40;2;1;1;54;0;8458637;18418;0
11;19;78;23;29;46;97;3.60;1;1;1;55;0;8458697;139;0
11;19;78;23;29;47;64;3.60;2;1;1;54;0;8458764;104;0
11;19;78;23;29;53;92;3.00;4;2;1;58;0;8459392;976;0
11;19;78;23;29;58;15;3.60;3;2;1;57;0;8459815;1571;0
11;19;78;23;29;57;59;12.60;4;2;3;53;0;8459759;348;0
11;19;78;23;29;59;73;3.80;1;1;1;66;0;8459973;1252;0
11;19;78;23;30;1;50;9.40;4;2;2;56;0;8460150;305;0
11;19;78;23;30;9;82;3.20;1;1;1;55;0;8460982;988;0
11;19;78;23;30;11;49;3.00;3;2;1;61;0;8461149;1311;0
11;19;78;23;30;11;50;3.40;4;2;1;70;0;8461150;939;0
11;19;78;23;30;27;26;4.00;1;1;1;55;0;8462726;1723;0
11;19;78;23;30;44;54;3.40;1;1;1;61;0;8464454;1701;0
11;19;78;23;30;58;38;4.20;3;2;1;64;0;8465838;4671;0
11;19;78;23;31;1;27;3.40;4;2;1;58;0;8466127;4959;0
11;19;78;23;31;1;56;4.00;3;2;1;57;0;8466156;294;0
11;19;78;23;31;2;74;3.80;4;2;1;57;0;8466274;125;0
11;19;78;23;31;5;57;3.00;4;2;1;59;0;8466557;259;0
11;19;78;23;31;9;16;3.20;1;1;1;64;0;8466916;2441;0
11;19;78;23;31;16;0;3.20;2;1;1;57;0;8467600;8812;0
11;19;78;23;31;15;87;4.60;1;1;1;57;0;8467587;653;0
11;19;78;23;31;27;19;3.60;2;1;1;56;0;8468719;1098;0
11;19;78;23;31;28;2;3.40;1;1;1;54;0;8468802;1185;0
11;19;78;23;31;32;11;4.00;4;2;1;62;0;8469211;2635;0
11;19;78;23;31;41;74;3.60;3;2;1;72;0;8470174;3992;0
11;19;78;23;31;51;98;3.60;3;2;1;65;0;8471198;1006;0
11;19;78;23;31;51;68;11.20;4;2;2;48;0;8471168;1933;0
11;19;78;23;32;0;93;4.00;4;2;1;62;0;8472093;841;0
11;19;78;23;32;16;39;3.60;2;1;1;58;0;8473639;4896;0
11;19;78;23;32;22;62;4.00;4;2;1;66;0;8474262;2145;0
11;19;78;23;32;24;9;3.60;4;2;1;59;0;8474409;125;0
11;19;78;23;32;25;21;3.80;3;2;1;62;0;8474521;3303;0
11;19;78;23;32;28;98;3.80;4;2;1;65;0;8474898;467;0
11;19;78;23;32;29;40;3.60;3;2;1;64;0;8474940;396;0
11;19;78;23;32;31;8;3.20;4;2;1;54;0;8475108;188;0
11;19;78;23;32;43;68;3.80;2;1;1;52;0;8476368;2706;0
11;19;78;23;32;47;6;3.80;1;1;1;61;0;8476706;7881;0
11;19;78;23;32;54;67;3.40;1;1;1;60;0;8477467;738;0
11;19;78;23;33;0;76;3.20;1;1;1;56;0;8478076;588;0
11;19;78;23;33;6;63;3.40;4;2;1;61;0;8478663;3533;0
11;19;78;23;33;18;79;3.60;2;1;1;58;0;8479879;3484;0
11;19;78;23;33;19;83;3.20;1;1;1;58;0;8479983;1886;0
11;19;78;23;33;24;51;3.20;1;1;1;59;0;8480451;448;0
11;19;78;23;33;36;30;3.40;4;2;1;64;0;8481630;2946;0
11;19;78;23;33;36;51;3.20;3;2;1;67;0;8481651;6690;0
11;19;78;23;33;47;16;3.00;4;2;1;59;0;8482716;1066;0
11;19;78;23;33;47;23;3.60;3;2;1;64;0;8482723;1054;0
11;19;78;23;33;48;77;3.00;4;2;1;54;0;8482877;142;0
11;19;78;23;33;49;44;4.00;3;2;1;58;0;8482944;200;0
11;19;78;23;34;4;38;3.80;2;1;1;56;0;8484438;4536;0
11;19;78;23;34;6;26;3.40;4;2;1;69;0;8484626;1729;0
11;19;78;23;34;20;8;3.40;1;1;1;57;0;8486008;5537;0
11;19;78;23;34;20;39;3.00;3;2;1;56;0;8486039;3070;0
11;19;78;23;34;29;74;3.60;2;1;1;61;0;8486974;2511;0
11;19;78;23;34;42;68;3.60;1;1;1;54;0;8488268;2238;0
11;19;78;23;34;47;75;3.60;3;2;1;60;0;8488775;2716;0
11;19;78;23;34;52;51;3.60;4;2;1;57;0;8489251;4607;0
11;19;78;23;35;1;24;11.20;1;1;3;47;0;8490124;1832;0
11;19;78;23;35;10;23;3.60;1;1;1;63;0;8491023;813;0
11;19;78;23;35;25;97;3.60;2;1;1;56;0;8492597;5601;0
11;19;78;23;35;29;49;3.80;4;2;1;60;0;8492949;3675;0
11;19;78;23;35;29;73;4.00;1;1;1;57;0;8492973;1929;0
11;19;78;23;35;33;19;3.80;1;1;1;53;0;8493319;320;0
11;19;78;23;35;35;39;3.60;4;2;1;63;0;8493539;567;0
11;19;78;23;35;35;74;3.60;1;1;1;56;0;8493574;229;0
11;19;78;23;36;9;24;4.20;1;1;1;64;0;8496924;3326;0
11;19;78;23;36;13;62;3.60;3;2;1;75;0;8497362;8565;0
11;19;78;23;36;15;32;3.80;4;2;1;70;0;8497532;3972;0
11;19;78;23;36;22;96;4.00;3;2;1;60;0;8498296;916;0
11;19;78;23;36;23;44;4.60;4;2;1;62;0;8498344;792;0
11;19;78;23;36;26;93;3.60;4;2;1;56;0;8498693;322;0
11;19;78;23;36;34;1;3.80;1;1;1;49;0;8499401;2453;0
11;19;78;23;36;41;3;3.40;1;1;1;57;0;8500103;674;0
11;19;78;23;36;49;53;3.60;4;2;1;55;0;8500953;2236;0
11;19;78;23;37;13;75;3.60;1;1;1;58;0;8503375;3250;0
11;19;78;23;37;16;33;3.20;1;1;1;57;0;8503633;235;0
11;19;78;23;37;37;7;3.20;1;1;1;46;0;8505707;2053;0
11;19;78;23;37;41;76;3.00;3;2;1;57;0;8506176;7856;0
11;19;78;23;37;42;7;11.00;4;2;2;58;0;8506207;5230;0
11;19;78;23;37;57;34;3.80;4;2;1;58;0;8507734;1458;0
11;19;78;23;38;31;52;3.40;1;1;1;57;0;8511152;5419;0
11;19;78;23;38;41;74;3.40;4;2;1;59;0;8512174;4416;0
11;19;78;23;38;42;74;3.40;4;2;1;60;0;8512274;79;0
11;19;78;23;38;46;13;3.40;3;2;1;61;0;8512613;6418;0
11;19;78;23;38;46;10;3.40;4;2;1;59;0;8512610;315;0
11;19;78;23;38;47;54;3.60;3;2;1;58;0;8512754;120;0
11;19;78;23;38;49;34;3.80;4;2;1;56;0;8512934;303;0
11;19;78;23;38;50;82;3.60;4;2;1;58;0;8513082;123;0
11;19;78;23;38;52;25;3.60;4;2;1;60;0;8513225;120;0
11;19;78;23;38;55;35;3.20;1;1;1;58;0;8513535;2361;0
11;19;78;23;39;13;25;3.60;1;1;1;57;0;8515325;1770;0
11;19;78;23;39;15;17;3.60;3;2;1;57;0;8515517;2740;0
11;19;78;23;39;18;50;3.60;2;1;1;58;0;8515850;23229;0
11;19;78;23;39;23;23;3.20;4;2;1;60;0;8516323;3076;0
11;19;78;23;39;29;0;3.60;1;1;1;61;0;8516900;1552;0
11;19;78;23;39;34;14;11.80;1;1;3;57;0;8517414;492;0
11;19;78;23;39;45;98;3.80;1;1;1;59;0;8518598;1109;0
11;19;78;23;39;49;58;3.60;2;1;1;58;0;8518958;3085;0
11;19;78;23;39;53;38;4.60;1;1;1;55;0;8519338;716;0
11;19;78;23;40;0;63;13.20;1;1;3;54;0;8520063;694;0
11;19;78;23;40;5;59;3.80;4;2;1;63;0;8520559;4216;0
11;19;78;23;40;5;87;4.20;1;1;1;52;0;8520587;436;0
11;19;78;23;40;9;13;3.60;4;2;1;63;0;8520913;332;0
11;19;78;23;40;11;83;3.60;4;2;1;62;0;8521183;249;0
11;19;78;23;40;12;79;3.40;1;1;1;57;0;8521279;662;0
11;19;78;23;40;13;60;11.40;4;2;3;62;0;8521360;156;0
11;19;78;23;40;16;82;3.80;1;1;1;58;0;8521682;381;0
11;19;78;23;40;31;28;3.80;4;2;1;69;0;8523128;1701;0
11;19;78;23;40;31;74;4.00;1;1;1;57;0;8523174;1468;0
11;19;78;23;40;37;47;3.80;4;2;1;65;0;8523747;599;0
11;19;78;23;40;57;12;3.20;4;2;1;62;0;8525712;1943;0
11;19;78;23;41;13;17;3.60;4;2;1;66;0;8527317;1586;0
11;19;78;23;41;15;38;4.20;2;1;1;63;0;8527538;8557;0
11;19;78;23;41;18;20;3.80;4;2;1;61;0;8527820;483;0
11;19;78;23;41;22;37;4.80;1;1;1;55;0;8528237;5037;0
11;19;78;23;42;0;16;4.00;1;1;1;55;0;8532016;3747;0
11;19;78;23;42;3;5;4.00;2;1;1;57;0;8532305;4743;0
11;19;78;23;42;4;13;3.20;4;2;1;58;0;8532413;4570;0
11;19;78;23;42;5;42;3.60;1;1;1;64;0;8532542;499;0
11;19;78;23;42;23;91;4.00;1;1;1;61;0;8534391;1828;0
11;19;78;23;42;26;22;4.20;2;1;1;61;0;8534622;2291;0
11;19;78;23;42;32;59;3.00;2;1;1;53;0;8535259;612;0
11;19;78;23;42;35;68;3.40;2;1;1;57;0;8535568;288;0
11;19;78;23;42;43;73;3.40;4;2;1;61;0;8536373;3940;0
11;19;78;23;42;45;75;3.40;3;2;1;61;0;8536575;21035;0
11;19;78;23;42;55;78;3.40;3;2;1;60;0;8537578;982;0
11;19;78;23;43;3;7;3.60;4;2;1;59;0;8538307;1913;0
11;19;78;23;43;6;38;3.80;4;2;1;59;0;8538638;309;0
11;19;78;23;43;58;51;6.20;4;2;1;57;0;8543851;5189;0
11;19;78;23;44;2;30;3.80;1;1;1;61;0;8544230;9815;0
11;19;78;23;44;2;92;3.60;3;2;1;59;0;8544292;6693;0
11;19;78;23;44;14;1;2.20;3;2;0;55;1;8545401;1087;0
11;19;78;23;44;37;35;12.80;1;1;3;51;0;8547735;3482;0
11;19;78;23;44;48;28;3.80;2;1;1;51;0;8548828;13238;0
11;19;78;23;45;14;92;4.00;2;1;1;62;0;8551492;2637;0
11;19;78;23;45;15;23;4.00;3;2;1;66;0;8551523;7209;0
11;19;78;23;45;15;72;3.40;4;2;1;64;0;8551572;7681;0
11;19;78;23;45;16;43;4.20;2;1;1;57;0;8551643;127;0
11;19;78;23;45;18;13;3.40;1;1;1;57;0;8551813;3987;0
11;19;78;23;45;35;84;5.40;2;1;1;58;0;8553584;1914;0
11;19;78;23;45;38;99;4.00;1;1;1;55;0;8553899;2064;0
11;19;78;23;45;57;33;4.60;4;2;1;58;0;8555733;4141;0
11;19;78;23;45;59;46;3.40;3;2;1;55;0;8555946;4401;0
11;19;78;23;46;12;36;3.60;2;1;1;58;0;8557236;3618;0
11;19;78;23;46;12;79;4.00;4;2;1;63;0;8557279;1517;0
11;19;78;23;46;13;99;4.00;1;1;1;60;0;8557399;3473;0
11;19;78;23;46;27;2;6.80;1;1;1;58;0;8558702;1279;0
11;19;78;23;46;40;24;3.60;4;2;1;59;0;8560024;2722;0
11;19;78;23;46;41;75;3.80;1;1;1;58;0;8560175;1430;0
11;19;78;23;46;55;8;3.80;4;2;1;47;0;8561508;1462;0
11;19;78;23;47;24;71;3.80;4;2;1;56;0;8564471;2933;0
11;19;78;23;47;44;23;3.80;4;2;1;62;0;8566423;1927;0
11;19;78;23;48;21;19;3.60;4;2;1;55;0;8570119;3673;0
11;19;78;23;48;47;45;3.60;4;2;1;62;0;8572745;2602;0
11;19;78;23;48;51;29;3.40;2;1;1;57;0;8573129;15870;0
11;19;78;23;48;53;43;3.60;1;1;1;58;0;8573343;13144;0
11;19;78;23;48;57;66;3.40;3;2;1;76;0;8573766;17797;0
11;19;78;23;49;0;50;4.20;3;2;1;67;0;8574050;267;0
11;19;78;23;49;2;54;3.80;4;2;1;63;0;8574254;1488;0
11;19;78;23;49;2;94;3.60;2;1;1;55;0;8574294;1143;0
11;19;78;23;49;4;74;3.80;4;2;1;60;0;8574474;198;0
11;19;78;23;49;7;20;7.00;1;1;1;55;0;8574720;1354;0
11;19;78;23;49;14;86;3.00;2;1;1;53;0;8575486;1168;0
11;19;78;23;49;15;27;11.80;1;1;3;51;0;8575527;761;0
11;19;78;23;49;20;82;4.40;3;2;1;55;0;8576082;2009;0
11;19;78;23;49;24;39;3.60;4;2;1;65;0;8576439;1942;0
11;19;78;23;49;39;39;3.80;4;2;1;60;0;8577939;1480;0
11;19;78;23;49;52;67;3.00;1;1;1;57;0;8579267;3656;0
11;19;78;23;50;14;26;3.80;3;2;1;62;0;8581426;5315;0
11;19;78;23;50;15;79;3.20;4;2;1;65;0;8581579;3617;0
11;19;78;23;50;21;53;3.00;1;1;1;60;0;8582153;2867;0
11;19;78;23;50;22;99;3.40;3;2;1;57;0;8582299;850;0
11;19;78;23;50;24;41;3.40;4;2;1;53;0;8582441;844;0
11;19;78;23;50;32;27;4.20;2;1;1;50;0;8583227;7720;0
11;19;78;23;50;49;11;3.80;2;1;1;61;0;8584911;1653;0
11;19;78;23;50;50;26;3.80;1;1;1;58;0;8585026;2855;0
11;19;78;23;51;15;15;11.40;4;2;3;51;0;8587515;5050;0
11;19;78;23;51;19;26;3.80;2;1;1;56;0;8587926;2992;0
11;19;78;23;51;19;85;4.20;3;2;1;66;0;8587985;5664;0
11;19;78;23;51;23;65;4.00;3;2;1;62;0;8588365;357;0
11;19;78;23;51;28;63;3.80;2;1;1;51;0;8588863;912;0
11;19;78;23;51;28;78;3.80;4;2;1;58;0;8588878;1282;0
11;19;78;23;51;29;59;3.20;2;1;1;53;0;8588959;69;0
11;19;78;23;51;30;1;3.60;1;1;1;53;0;8589001;3951;0
11;19;78;23;51;38;7;3.80;4;2;1;63;0;8589807;905;0
11;19;78;23;51;38;93;3.60;2;1;1;57;0;8589893;912;0
11;19;78;23;52;12;45;3.40;2;1;1;56;0;8593245;3329;0
11;19;78;23;52;29;72;12.60;4;2;3;49;0;8594972;5143;0
11;19;78;23;52;39;77;3.80;3;2;1;62;0;8595977;7588;0
11;19;78;23;52;42;43;3.40;3;2;1;61;0;8596243;243;0
11;19;78;23;52;43;68;3.40;4;2;1;60;0;8596368;1303;0
11;19;78;23;52;45;74;3.00;4;2;1;60;0;8596574;185;0
11;19;78;23;52;46;7;3.60;3;2;1;66;0;8596607;343;0
11;19;78;23;53;4;7;4.20;4;2;1;59;0;8598407;1815;0
11;19;78;23;53;4;64;3.60;1;1;1;54;0;8598464;9438;0
11;19;78;23;53;13;19;3.40;4;2;1;56;0;8599319;886;0
11;19;78;23;53;14;93;3.40;1;1;1;60;0;8599493;1005;0
11;19;78;23;53;31;33;6.20;1;1;1;57;0;8601133;1619;0
11;19;78;23;53;32;86;4.40;2;1;1;54;0;8601286;8019;0
11;19;78;23;53;36;40;4.40;1;1;1;50;0;8601640;467;0
11;19;78;23;53;57;45;3.60;4;2;1;63;0;8603745;4404;0
11;19;78;23;54;2;60;3.20;2;1;1;56;0;8604260;2944;0
11;19;78;23;54;8;32;3.80;2;1;1;55;0;8604832;551;0
11;19;78;23;54;13;32;4.20;1;1;1;61;0;8605332;3660;0
11;19;78;23;54;19;65;5.40;2;1;1;61;0;8605965;1108;0
11;19;78;23;54;21;87;3.40;1;1;1;55;0;8606187;830;0
11;19;78;23;54;37;63;3.80;3;2;1;54;0;8607763;11136;0
11;19;78;23;54;38;54;3.80;1;1;1;52;0;8607854;1644;0
11;19;78;23;54;39;69;3.40;4;2;1;53;0;8607969;4203;0
11;19;78;23;54;41;12;3.80;3;2;1;54;0;8608112;323;0
11;19;78;23;54;45;30;11.60;1;1;2;56;0;8608530;649;0
11;19;78;23;55;10;60;3.60;4;2;1;60;0;8611060;3067;0
11;19;78;23;55;15;65;11.80;1;1;2;55;0;8611565;2960;0
11;19;78;23;55;45;47;3.80;2;1;1;57;0;8614547;8550;0
11;19;78;23;55;57;4;4.20;1;1;1;59;0;8615704;4061;0
11;19;78;23;56;0;62;3.40;1;1;1;58;0;8616062;332;0
11;19;78;23;56;1;86;3.60;4;2;1;59;0;8616186;5104;0
11;19;78;23;56;3;25;3.40;2;1;1;56;0;8616325;1754;0
11;19;78;23;56;10;51;3.80;1;1;1;49;0;8617051;967;0
11;19;78;23;56;20;11;3.60;2;1;1;52;0;8618011;1664;0
11;19;78;23;56;25;23;3.80;2;1;1;52;0;8618523;487;0
11;19;78;23;56;25;47;3.60;1;1;1;56;0;8618547;1468;0
11;19;78;23;56;29;70;3.80;4;2;1;69;0;8618970;2762;0
11;19;78;23;56;35;7;3.80;3;2;1;61;0;8619507;11369;0
11;19;78;23;56;35;81;3.40;4;2;1;64;0;8619581;591;0
11;19;78;23;56;36;44;3.40;2;1;1;61;0;8619644;1094;0
11;19;78;23;56;43;29;3.00;3;2;1;58;0;8620329;799;0
11;19;78;23;56;44;11;3.60;3;2;1;57;0;8620411;63;0
11;19;78;23;56;46;52;3.40;4;2;1;54;0;8620652;1051;0
11;19;78;23;57;2;48;3.00;4;2;1;54;0;8622248;1573;0
11;19;78;23;57;8;68;5.00;1;1;1;61;0;8622868;4297;0
11;19;78;23;57;11;23;3.80;1;1;1;58;0;8623123;225;0
11;19;78;23;57;23;74;3.60;4;2;1;66;0;8624374;2106;0
11;19;78;23;57;45;24;3.80;2;1;1;44;0;8626524;6859;0
11;19;78;23;57;45;44;3.60;1;1;1;49;0;8626544;3397;0
11;19;78;23;57;53;73;3.20;4;2;1;65;0;8627373;2979;0
11;19;78;23;57;55;0;3.20;4;2;1;60;0;8627500;109;0
11;19;78;23;57;55;10;3.40;3;2;1;61;0;8627510;7076;0
11;19;78;23;57;56;12;3.40;4;2;1;59;0;8627612;92;0
11;19;78;23;58;7;12;3.60;1;1;1;57;0;8628712;2141;0
11;19;78;23;58;23;13;3.60;2;1;1;53;0;8630313;3757;0
11;19;78;23;58;56;67;3.60;4;2;1;61;0;8633667;6034;0
11;19;78;23;59;19;94;3.60;2;1;1;52;0;8635994;5656;0
11;19;78;23;59;43;26;3.20;3;2;1;48;0;8638326;10795;0
11;19;78;23;59;43;31;1.00;4;2;0;49;1;8638331;4642;0
11;19;78;23;59;54;20;3.80;2;1;1;57;0;8639420;3401;0
11;19;78;23;59;54;83;17.00;1;1;4;61;0;8639483;10748;0
